1.0640640 -0.0285353 -0.0307184 0.0254724 0.0334950 0.0398864 -0.0305090 -0.0315938 0.0430119 -0.0276872 0.0196785 0.0285109 0.0329945 0.0302332 0.0439500 0.0406029 0.0401992 0.0259660 0.0312973 0.0354063 0.0316750 -0.0204630 0.0323408 0.0163715 0.0354150 0.0438942 -0.0588548 -0.0610318 0.0324577 0.0324052 0.0394626 -0.0213382 -0.0205540 0.0277647 -0.1021303 -0.0923405 -0.1002076 -0.0614546 -0.0724458 0.0321093 -0.0209950 -0.0620649 0.0245250 -0.0282952 -0.0694602 0.0316189 -0.0660779 -0.0168959 -0.0306343 -0.0755838 -0.0611885 -0.0297844 -0.0254398 -0.0374643 -0.0606694 0.0259115 0.0377673 0.0296853 0.0452635 -0.0236607 0.0332215 -0.1012643 0.0417121 -0.1016012 0.0159271 -0.0990934 0.0439652 0.0248476 -0.0290818 0.0392941 -0.1059681 -0.0921366 0.0245363 -0.0232827 -0.0663567 -0.0303051 0.0353222 -0.1003833 -0.0558149 -0.1000414 0.0449932 -0.0377735 -0.0268684 0.0166524 0.0448952 0.0403714 0.0330124 0.0239351 0.0267089 0.0267429 0.0274573 0.0284364 -0.0394144 -0.0216986 -0.1015990 -0.0210553 -0.0216550 0.0411121 -0.0955792 0.0268627 0.0316491 0.0326179 0.0299869 0.0231518 0.0301881 0.0427318 0.0215487 0.0382864 0.0203073 0.0473000 0.0201197 0.0277546 0.0309734 0.0371338 0.0343380 0.0352517 0.0273805 0.0272374 0.0139317 0.0235776 0.0470427 0.0453143 0.0244741 0.0420830 0.0329844 0.0188621 0.0387138 0.0494077 0.0256347 -0.0263120 -0.0165604 -0.0961048 -0.0695095 -0.0239287 0.0409808 0.0267010 -0.0272169 0.0339308 0.0325742 0.0161283 -0.1039814 -0.0952898 -0.0997102 -0.0975967 -0.1028251 -0.0309758 0.0340398 -0.0972529 -0.0961805 -0.0730886 -0.0765257 0.0369785 -0.1032686 0.0349676 0.0299524 -0.0196254 0.0371116 -0.0228793 0.0321752 -0.0341687 0.0276383 0.0346885 -0.1015947 -0.0338050 -0.0991861 -0.0959989 0.0340366 0.0316655 0.0369160 0.0302461 0.0314160 0.0309798 0.0244366 -0.0252214 0.0365695 -0.1021308 0.0366071 -0.0951936 -0.1002804 0.0312829 0.0377785 0.0516402 -0.0961610 -0.0176451 -0.0209784 -0.0927914 0.0362306 0.0337263 -0.0926521 0.0304279 -0.0241009 -0.0069028 0.0295775 0.0220262 0.0338422 0.0395973 0.0298189 0.0349796 0.0245097 0.0266310 -0.0203344 0.0379183 0.0278031 0.0283973 0.0352917 0.0235914 0.0350903 0.0256928 -0.0211593 0.0395622 0.0329941 0.0412163 -0.0256485 0.0266329 0.0287597 0.0118732 0.0237715 -0.1052203 0.0273138 0.0220659
-0.0285353 1.1605439 0.1713551 -0.0082105 -0.0134073 -0.0241516 0.1700469 0.1658169 -0.0139586 0.1824811 -0.0132751 -0.0161824 -0.0190672 -0.0197167 -0.0193551 -0.0202354 -0.0255409 -0.0335254 -0.0208047 -0.0110608 -0.0222560 0.1788437 -0.0236263 -0.0278238 -0.0266117 -0.0295276 -0.0794782 -0.0850432 -0.0189109 -0.0244251 -0.0162394 0.1380678 -0.0100527 -0.0293046 -0.1010943 -0.1119398 -0.1118011 -0.0745849 -0.0869166 -0.0349052 0.1688318 -0.0818536 -0.0236660 0.1809945 -0.0773578 -0.0245870 -0.0872654 0.1579274 0.1716656 -0.0760717 -0.0852245 0.1793078 0.1681913 0.1567947 -0.0895313 -0.0147875 -0.0263257 -0.0148931 -0.0131268 0.1792710 -0.0243385 -0.1146123 -0.0138009 -0.1160951 -0.0218379 -0.1167020 -0.0233650 -0.0195280 0.1920489 -0.0200022 -0.1102497 -0.1210776 -0.0129510 0.1636814 -0.0888037 0.1671464 -0.0244856 -0.1136507 -0.0877135 -0.1074618 -0.0251712 0.1835889 0.1584708 0.0283107 -0.0204087 -0.0149395 -0.0135252 -0.0329585 -0.0392272 -0.0186655 -0.0260909 -0.0171557 0.1608345 0.1560508 -0.1113954 0.1714204 0.1811523 -0.0118778 -0.1109647 -0.0508254 -0.0132599 -0.0280926 -0.0146287 -0.0282994 -0.0128654 -0.0201404 -0.0194736 -0.0286069 -0.0373080 -0.0273434 -0.0282207 -0.0352153 -0.0254238 -0.0277261 -0.0146954 -0.0262958 -0.0027132 -0.0322010 -0.0138031 -0.0262070 -0.0122357 -0.0429523 -0.0148141 -0.0335524 -0.0157647 -0.0377279 -0.0248029 -0.0381615 -0.0137015 0.1603898 0.1454657 -0.1155862 -0.0844691 0.1793639 -0.0251998 -0.0253316 0.1611503 -0.0148024 -0.0353808 -0.0333454 -0.1115766 -0.1121464 -0.1122973 -0.1085227 -0.1131372 0.1426865 -0.0121784 -0.1145659 -0.1146348 -0.0764605 -0.0794901 -0.0373665 -0.0998755 -0.0180500 -0.0408660 0.1636736 -0.0126598 0.1650971 -0.0256827 0.1584153 -0.0209529 -0.0311076 -0.1135438 0.1510967 -0.1173014 -0.1050512 -0.0288057 -0.0088488 -0.0227669 -0.0213992 -0.0262593 -0.0270041 -0.0260585 0.1719718 -0.0313450 -0.1124124 -0.0107036 -0.1070751 -0.1119204 -0.0176642 -0.0425325 -0.0136815 -0.1149637 0.1706454 0.1693814 -0.1066376 -0.0093284 -0.0164967 -0.1040373 -0.0248796 0.1849313 0.0042573 -0.0131423 -0.0207455 -0.0191323 -0.0207110 -0.0246969 -0.0358991 -0.0323748 -0.0277004 0.1494566 -0.0298741 -0.0336786 -0.0219582 -0.0258519 -0.0190954 -0.0198424 -0.0273834 0.1596429 -0.0163602 -0.0205180 -0.0217927 0.1640929 -0.0225701 -0.0197152 0.0607190 -0.0120191 -0.1079094 -0.0273520 -0.0185295
-0.0307184 0.1713551 1.1330451 -0.0120538 -0.0337338 -0.0289594 0.1727539 0.1708920 -0.0181819 0.1499823 -0.0240936 -0.0142655 -0.0297943 -0.0233032 -0.0269708 -0.0128827 -0.0305887 -0.0350390 -0.0277199 -0.0198312 -0.0215585 0.1597046 -0.0319751 -0.0190043 -0.0183806 -0.0307096 -0.0680316 -0.0781398 -0.0308407 -0.0281006 -0.0131845 0.1599698 0.0012552 -0.0251417 -0.1211536 -0.1267895 -0.1129554 -0.0701462 -0.0594941 -0.0192363 0.1644841 -0.0798158 -0.0255952 0.1728839 -0.0663230 -0.0257950 -0.0687972 0.1942914 0.1729968 -0.0686577 -0.0694625 0.1418159 0.1743890 0.1534345 -0.0716329 -0.0223571 -0.0309598 -0.0260784 -0.0180968 0.1683426 -0.0213981 -0.1172203 -0.0374297 -0.1149394 -0.0148094 -0.1195703 -0.0325681 -0.0265210 0.1779111 -0.0192376 -0.1134912 -0.1206829 -0.0259990 0.1632876 -0.0712843 0.1514966 -0.0107187 -0.1209726 -0.0722060 -0.1121989 -0.0394361 0.1568811 0.1594135 0.0254764 -0.0215939 -0.0237771 -0.0168644 -0.0198061 -0.0319187 -0.0167938 -0.0032893 -0.0138300 0.1801146 0.1613394 -0.1135932 0.1548290 0.1742479 -0.0129198 -0.1160496 -0.0267217 -0.0225976 -0.0173718 -0.0182929 -0.0259804 -0.0040169 -0.0228220 -0.0210380 -0.0153244 -0.0262257 -0.0238633 -0.0231210 -0.0294790 -0.0122677 -0.0345375 -0.0100390 -0.0152880 -0.0202959 -0.0215530 -0.0150272 -0.0285559 -0.0297983 -0.0212305 -0.0254681 -0.0238373 -0.0257532 -0.0380277 -0.0286238 -0.0325785 -0.0196422 0.1611894 0.1685690 -0.1138860 -0.0724089 0.1813546 -0.0169602 -0.0116473 0.1681241 -0.0118223 -0.0170093 -0.0262445 -0.1222349 -0.1163056 -0.1194567 -0.1096517 -0.1188538 0.1511771 -0.0193849 -0.1160548 -0.1146090 -0.0774387 -0.0664849 -0.0311273 -0.1221058 -0.0153183 -0.0250843 0.1492903 -0.0158864 0.1699970 -0.0317103 0.1581663 -0.0215808 -0.0242192 -0.1097324 0.1682496 -0.1218456 -0.1186678 -0.0208942 -0.0258051 -0.0267922 -0.0371147 -0.0288508 -0.0243915 -0.0251512 0.1545007 -0.0334707 -0.1222249 -0.0285163 -0.1164184 -0.1205182 -0.0012674 -0.0357573 -0.0119084 -0.1090646 0.1704111 0.1741406 -0.1161406 -0.0217252 -0.0176107 -0.1138820 -0.0335798 0.1842643 0.0141629 -0.0133159 -0.0114152 -0.0135316 -0.0046776 -0.0434119 -0.0244592 -0.0245286 -0.0154491 0.1484738 -0.0205280 -0.0313543 -0.0180478 -0.0170431 -0.0385055 -0.0144567 -0.0296586 0.1677824 -0.0232581 -0.0221533 -0.0138406 0.1653632 -0.0255481 -0.0229334 0.0583125 -0.0147760 -0.1204988 -0.0180790 -0.0190179
0.0254724 -0.0082105 -0.0120538 1.0117406 0.0348784 0.0432092 -0.0160287 -0.0179095 0.0307253 -0.0169376 0.0382787 0.0376073 0.0362494 0.0330076 0.0376606 0.0271931 0.0342818 0.0348536 0.0366014 0.0359829 0.0388357 -0.0138385 0.0476253 0.0182596 0.0351715 0.0373171 -0.0786682 -0.0779611 0.0274098 0.0345587 0.0244767 -0.0217856 -0.0335327 0.0333371 -0.0897076 -0.1039260 -0.0952752 -0.0773156 -0.0897278 0.0269336 -0.0284236 -0.0875758 0.0428783 -0.0215257 -0.0808692 0.0328140 -0.0783429 -0.0224916 -0.0168537 -0.0788774 -0.0839333 -0.0124937 -0.0143254 -0.0196006 -0.0927657 0.0369642 0.0329301 0.0404970 0.0484024 -0.0150792 0.0384049 -0.1074843 0.0409904 -0.1005367 0.0224807 -0.0988803 0.0268249 0.0334298 -0.0245639 0.0456149 -0.1030037 -0.0998438 0.0180905 -0.0181293 -0.0888794 -0.0202277 0.0287046 -0.1035464 -0.0886508 -0.0937849 0.0284337 -0.0196697 -0.0163679 0.0106598 0.0405270 0.0295229 0.0378830 0.0438522 0.0316737 0.0368009 0.0239508 0.0354478 -0.0167029 -0.0256858 -0.0998980 -0.0144277 -0.0270479 0.0373181 -0.1025285 0.0292216 0.0344144 0.0360028 0.0349570 0.0297899 0.0383497 0.0466372 0.0376496 0.0196318 0.0371377 0.0311161 0.0331518 0.0286976 0.0352045 0.0352016 0.0393542 0.0319349 0.0392351 0.0352267 0.0324481 0.0193969 0.0386115 0.0341390 0.0261428 0.0183810 0.0372437 0.0365460 0.0378594 0.0310531 0.0346663 -0.0073904 -0.0135046 -0.0979149 -0.0864990 -0.0182097 0.0357848 0.0348873 -0.0145577 0.0322235 0.0231869 0.0464890 -0.1005305 -0.1021279 -0.0944680 -0.1041176 -0.1026936 -0.0239005 0.0273839 -0.0941877 -0.0960877 -0.0971863 -0.0753485 0.0425000 -0.1035188 0.0340087 0.0298096 -0.0165785 0.0346593 -0.0168972 0.0311269 -0.0084157 0.0278540 0.0313660 -0.1024507 -0.0087604 -0.0938590 -0.0989821 0.0417365 0.0392493 0.0382181 0.0387092 0.0262718 0.0444673 0.0289242 -0.0120475 0.0378577 -0.0973081 0.0317373 -0.0905610 -0.0957112 0.0317996 0.0304840 0.0436504 -0.0948052 -0.0217318 -0.0266619 -0.0965854 0.0372168 0.0405367 -0.0994524 0.0191054 -0.0125864 -0.0131598 0.0270880 0.0323702 0.0214569 0.0332881 0.0260708 0.0412476 0.0276097 0.0289202 -0.0058044 0.0338433 0.0360819 0.0298863 0.0232164 0.0270859 0.0351691 0.0301107 -0.0198744 0.0285269 0.0403709 0.0396496 -0.0101867 0.0257401 0.0194479 0.0170366 0.0415431 -0.0984500 0.0200670 0.0306823
0.0334950 -0.0134073 -0.0337338 0.0348784 1.0264221 0.0390926 -0.0278849 -0.0254582 0.0279322 -0.0378813 0.0308502 0.0332067 0.0318982 0.0394407 0.0482625 0.0466121 0.0386172 0.0330590 0.0404759 0.0536729 0.0346555 -0.0339425 0.0285341 0.0435505 0.0379583 0.0465245 -0.0689496 -0.0758235 0.0322349 0.0280455 0.0363254 -0.0285014 -0.0120425 0.0285635 -0.0993566 -0.1053514 -0.1007545 -0.0786826 -0.0708656 0.0479591 -0.0334719 -0.0681103 0.0319241 -0.0346668 -0.0746491 0.0437147 -0.0732141 -0.0284372 -0.0259744 -0.0778556 -0.0743010 -0.0155298 -0.0334599 -0.0263814 -0.0782965 0.0254079 0.0309499 0.0365620 0.0372856 -0.0254969 0.0342617 -0.1044608 0.0391960 -0.1154950 0.0400308 -0.1114457 0.0335424 0.0375089 -0.0408729 0.0434154 -0.1032414 -0.1038358 0.0235431 -0.0305789 -0.0806300 -0.0381299 0.0449017 -0.0995946 -0.0769588 -0.1096016 0.0407881 -0.0290210 -0.0311927 0.0211585 0.0469879 0.0405993 0.0415423 0.0389917 0.0395116 0.0388381 0.0317247 0.0399886 -0.0358644 -0.0311710 -0.1069324 -0.0270470 -0.0236027 0.0286034 -0.1062892 0.0280591 0.0391888 0.0351079 0.0313676 0.0359398 0.0340983 0.0479628 0.0325856 0.0288860 0.0326058 0.0280492 0.0390229 0.0394989 0.0349283 0.0236796 0.0411599 0.0406586 0.0350690 0.0437643 0.0375824 0.0202304 0.0452650 0.0419619 0.0339451 0.0327063 0.0462954 0.0349827 0.0459810 0.0406962 0.0276231 -0.0278784 -0.0271564 -0.0991100 -0.0690844 -0.0301778 0.0373830 0.0328670 -0.0319074 0.0263469 0.0322138 0.0307902 -0.1020972 -0.1026591 -0.1100560 -0.1085969 -0.1061378 -0.0296893 0.0369694 -0.0987135 -0.0984610 -0.0841614 -0.0732213 0.0370948 -0.1060876 0.0298830 0.0404081 -0.0243426 0.0364478 -0.0316562 0.0436445 -0.0184922 0.0275995 0.0472545 -0.0985259 -0.0273411 -0.1006849 -0.1057807 0.0354234 0.0352535 0.0550529 0.0414838 0.0300596 0.0294325 0.0514142 -0.0218178 0.0439043 -0.1100252 0.0376673 -0.1039419 -0.1068644 0.0480807 0.0409053 0.0385114 -0.1013105 -0.0256674 -0.0282602 -0.1044581 0.0429894 0.0466769 -0.1021507 0.0341286 -0.0350113 -0.0016601 0.0369604 0.0393346 0.0314026 0.0213504 0.0445326 0.0424932 0.0346556 0.0261989 -0.0271312 0.0300389 0.0377429 0.0239247 0.0363267 0.0337257 0.0374298 0.0492536 -0.0272019 0.0269786 0.0376011 0.0355437 -0.0307710 0.0340840 0.0252700 0.0039347 0.0362756 -0.1024415 0.0269373 0.0215585
0.0398864 -0.0241516 -0.0289594 0.0432092 0.0390926 1.0555307 -0.0312898 -0.0189450 0.0347976 -0.0338237 0.0246130 0.0481773 0.0277517 0.0454795 0.0246215 0.0308992 0.0335907 0.0316840 0.0452797 0.0288869 0.0329461 -0.0146254 0.0283359 0.0242094 0.0326856 0.0531463 -0.0808962 -0.0697118 0.0268052 0.0286485 0.0395606 -0.0175122 -0.0238229 0.0186429 -0.1103459 -0.1136263 -0.1156072 -0.0729872 -0.0857651 0.0210271 -0.0103571 -0.0700729 0.0240679 -0.0359708 -0.0772608 0.0274834 -0.0831125 -0.0320944 -0.0200508 -0.0677342 -0.0734889 -0.0280302 -0.0082962 -0.0115615 -0.0733025 0.0367919 0.0305315 0.0368254 0.0377610 -0.0185387 0.0354981 -0.1068561 0.0272416 -0.1170694 0.0311092 -0.1122953 0.0475358 0.0465208 -0.0183674 0.0281037 -0.1194893 -0.1109181 0.0318605 -0.0229458 -0.0698420 -0.0228774 0.0312615 -0.1161355 -0.0721337 -0.1122596 0.0300592 -0.0190712 -0.0177956 0.0207388 0.0484614 0.0210558 0.0422660 0.0288767 0.0409625 0.0463414 0.0380002 0.0345274 -0.0255477 -0.0136858 -0.1110540 -0.0130164 -0.0191734 0.0443794 -0.1142471 0.0480856 0.0422370 0.0394941 0.0293885 0.0250975 0.0448426 0.0528778 0.0330286 0.0358939 0.0289679 0.0436560 0.0333316 0.0296523 0.0276593 0.0421163 0.0391060 0.0486237 0.0370317 0.0404291 0.0313097 0.0224093 0.0328622 0.0373663 0.0231412 0.0391029 0.0342323 0.0360336 0.0453759 0.0400768 0.0265693 -0.0138162 -0.0200838 -0.1013912 -0.0718874 -0.0243046 0.0421917 0.0185641 -0.0194830 0.0341268 0.0308163 0.0256257 -0.1154553 -0.1180238 -0.1111280 -0.1040083 -0.1125850 -0.0215073 0.0230253 -0.1091567 -0.1141871 -0.0797808 -0.0841274 0.0558312 -0.1128142 0.0299529 0.0405046 -0.0131555 0.0324549 -0.0192673 0.0419715 -0.0238653 0.0318186 0.0375814 -0.1159372 -0.0169453 -0.1131967 -0.1154149 0.0241968 0.0409080 0.0438141 0.0450063 0.0437571 0.0385530 0.0359744 -0.0214488 0.0403529 -0.1169576 0.0360364 -0.1095322 -0.1080156 0.0341651 0.0385885 0.0429578 -0.1117591 -0.0293497 -0.0345510 -0.1077473 0.0410776 0.0439062 -0.1140428 0.0322531 -0.0255091 0.0007498 0.0276899 0.0389750 0.0162953 0.0379815 0.0393988 0.0496342 0.0402032 0.0263202 -0.0236825 0.0364158 0.0378663 0.0356102 0.0393500 0.0307961 0.0358936 0.0408623 -0.0239031 0.0377189 0.0381034 0.0324670 -0.0164428 0.0383161 0.0296517 0.0084715 0.0429487 -0.1140869 0.0224381 0.0376933
-0.0305090 0.1700469 0.1727539 -0.0160287 -0.0278849 -0.0312898 1.1615517 0.1635877 -0.0295039 0.1669368 -0.0243330 -0.0164085 -0.0233714 -0.0241369 -0.0378424 -0.0190958 -0.0328054 -0.0451978 -0.0347313 -0.0264210 -0.0354196 0.1700433 -0.0206120 -0.0148740 -0.0205407 -0.0286964 -0.0633338 -0.0675350 -0.0312911 -0.0340524 -0.0139174 0.1530771 0.0158987 -0.0245560 -0.1231153 -0.1121538 -0.1113807 -0.0733242 -0.0662549 -0.0152369 0.1571962 -0.0626370 -0.0278476 0.1682245 -0.0666736 -0.0217635 -0.0704238 0.1669926 0.1704549 -0.0694114 -0.0766871 0.1604271 0.1772682 0.1647480 -0.0631123 -0.0299857 -0.0249713 -0.0344617 -0.0172353 0.1706797 -0.0380519 -0.1165727 -0.0261167 -0.1126336 -0.0196368 -0.1204243 -0.0184464 -0.0206532 0.1750333 -0.0272715 -0.1176335 -0.1121457 -0.0115961 0.1661590 -0.0637973 0.1666872 -0.0175819 -0.1112827 -0.0619074 -0.1067124 -0.0390220 0.1947126 0.1745766 0.0333552 -0.0186080 -0.0192625 -0.0236821 -0.0333674 -0.0333082 -0.0123449 -0.0260127 -0.0187053 0.1675757 0.1564593 -0.1127047 0.1768422 0.1836726 -0.0284426 -0.1095786 -0.0305018 -0.0256819 -0.0231609 -0.0234646 -0.0328318 -0.0242886 -0.0313574 -0.0309576 -0.0279431 -0.0319656 -0.0346916 -0.0211709 -0.0315897 -0.0356416 -0.0245622 -0.0196378 -0.0212519 -0.0237143 -0.0277379 -0.0182942 -0.0252200 -0.0269962 -0.0243038 -0.0287958 -0.0230300 -0.0168690 -0.0245750 -0.0315095 -0.0228212 -0.0108813 0.1544670 0.1683718 -0.1143136 -0.0709616 0.1905559 -0.0246680 -0.0190306 0.1854995 -0.0159588 -0.0117069 -0.0357979 -0.1101623 -0.1099650 -0.1086949 -0.1138463 -0.1148270 0.1632307 -0.0255416 -0.1132282 -0.1096501 -0.0691969 -0.0750865 -0.0306213 -0.1089345 -0.0182786 -0.0306426 0.1588557 -0.0247060 0.1747201 -0.0237090 0.1748973 -0.0130127 -0.0174619 -0.1175347 0.1748906 -0.1277149 -0.1175166 -0.0247049 -0.0164105 -0.0325237 -0.0284870 -0.0284255 -0.0115877 -0.0305084 0.1770629 -0.0403113 -0.1226230 -0.0275569 -0.1109665 -0.1134644 -0.0091464 -0.0406192 -0.0191138 -0.1128144 0.2029441 0.1728303 -0.1122465 -0.0172908 -0.0140586 -0.1122155 -0.0246063 0.1785656 0.0146798 -0.0160142 -0.0183530 -0.0185403 -0.0348831 -0.0399608 -0.0293372 -0.0218007 -0.0177318 0.1757017 -0.0268405 -0.0287322 -0.0120827 -0.0219253 -0.0138588 -0.0199083 -0.0226905 0.1650836 -0.0246085 -0.0361501 -0.0259981 0.1724972 -0.0204163 -0.0203436 0.0726496 -0.0207783 -0.1218349 -0.0265511 -0.0314307
-0.0315938 0.1658169 0.1708920 -0.0179095 -0.0254582 -0.0189450 0.1635877 1.1714510 -0.0249933 0.1650947 -0.0231161 -0.0235074 -0.0303890 -0.0287118 -0.0286693 -0.0138645 -0.0198401 -0.0321820 -0.0275878 -0.0254075 -0.0110745 0.1690191 -0.0243453 -0.0167786 -0.0156895 -0.0264832 -0.0620694 -0.0579568 -0.0325324 -0.0332643 -0.0204671 0.1536813 0.0132675 -0.0260353 -0.1151200 -0.1135426 -0.1165438 -0.0636533 -0.0688344 -0.0235974 0.1755133 -0.0710091 -0.0327168 0.1587796 -0.0636622 -0.0061367 -0.0642496 0.1432644 0.1559336 -0.0654511 -0.0797634 0.1567996 0.1685653 0.1687611 -0.0600435 -0.0142758 -0.0226467 -0.0311018 -0.0298748 0.1677282 -0.0307333 -0.1166130 -0.0323309 -0.1076204 -0.0145351 -0.1143401 -0.0338515 -0.0257319 0.1730074 -0.0323930 -0.1205882 -0.1252969 -0.0050607 0.1612251 -0.0653679 0.1849551 -0.0173067 -0.1182109 -0.0732490 -0.1099574 -0.0232214 0.1675947 0.1614414 0.0130600 -0.0258348 -0.0233593 -0.0186579 -0.0278026 -0.0319856 -0.0238460 -0.0095377 -0.0034246 0.1526884 0.1683068 -0.1139380 0.1624728 0.1673152 -0.0234591 -0.1170833 -0.0279168 -0.0252497 -0.0285330 -0.0308620 -0.0135271 -0.0304941 -0.0267984 -0.0192752 -0.0328286 -0.0253780 -0.0357175 -0.0242882 -0.0233926 -0.0285663 -0.0167573 -0.0165938 -0.0222191 -0.0221058 -0.0303224 -0.0218025 -0.0317303 -0.0214257 -0.0173881 -0.0223786 -0.0256090 -0.0120506 -0.0253390 -0.0251007 -0.0269606 -0.0344132 0.1660090 0.1621818 -0.1167060 -0.0794726 0.1897276 -0.0295240 -0.0230764 0.1503180 -0.0222835 -0.0304256 -0.0245961 -0.1154406 -0.1201712 -0.1167955 -0.1198117 -0.1144904 0.1507562 -0.0339218 -0.1182563 -0.1188123 -0.0720886 -0.0593578 -0.0272531 -0.1218821 -0.0094421 -0.0257956 0.1702779 -0.0142208 0.1957826 -0.0256648 0.1686341 -0.0300137 -0.0211472 -0.1135914 0.1819290 -0.1263489 -0.1167753 -0.0289149 -0.0073648 -0.0134383 -0.0255467 -0.0361393 -0.0150623 -0.0318997 0.1646224 -0.0318342 -0.1156687 -0.0333303 -0.1113020 -0.1117904 -0.0233248 -0.0268181 -0.0118526 -0.1160517 0.1782889 0.1614634 -0.1099744 -0.0190097 -0.0188453 -0.1170285 -0.0237039 0.1801360 -0.0020228 -0.0118367 -0.0147129 -0.0279016 -0.0341526 -0.0343744 -0.0337393 -0.0245645 -0.0334979 0.1582112 -0.0196444 -0.0266095 -0.0077316 -0.0198824 -0.0240059 -0.0224325 -0.0358027 0.1553563 -0.0247146 -0.0267037 -0.0306281 0.1714801 -0.0233666 -0.0113781 0.0612444 -0.0153041 -0.1183838 -0.0356580 -0.0154008
0.0430119 -0.0139586 -0.0181819 0.0307253 0.0279322 0.0347976 -0.0295039 -0.0249933 1.0530545 -0.0122339 0.0241545 0.0357567 0.0326461 0.0227554 0.0257034 0.0303287 0.0368514 0.0450427 0.0425618 0.0281163 0.0223818 -0.0155085 0.0354089 0.0308436 0.0160013 0.0337868 -0.0625503 -0.0577586 0.0442862 0.0326961 0.0314411 -0.0184243 -0.0208467 0.0341907 -0.0959634 -0.1004751 -0.1010610 -0.0506171 -0.0571620 0.0319615 -0.0198965 -0.0540886 0.0306385 -0.0119647 -0.0541362 0.0144428 -0.0589714 -0.0281810 -0.0148989 -0.0530027 -0.0538658 -0.0170683 -0.0136212 -0.0101295 -0.0559564 0.0266142 0.0241448 0.0175222 0.0325056 -0.0242478 0.0281241 -0.1036777 0.0409702 -0.1140608 0.0381934 -0.1065277 0.0382370 0.0121461 -0.0213735 0.0406883 -0.1004955 -0.1025415 0.0273310 -0.0163268 -0.0556876 -0.0339308 0.0372484 -0.1056336 -0.0622706 -0.0960319 0.0300349 -0.0208963 -0.0232511 0.0246947 0.0399865 0.0284659 0.0260644 0.0201792 0.0314790 0.0362135 0.0324769 0.0329872 -0.0299174 -0.0211026 -0.1035991 -0.0188920 -0.0288875 0.0422475 -0.1033253 0.0369657 0.0380214 0.0231315 0.0396116 0.0190494 0.0283654 0.0378281 0.0281086 0.0296492 0.0258035 0.0337815 0.0163266 0.0418879 0.0152503 0.0333653 0.0396537 0.0159622 0.0194250 0.0345323 0.0287282 0.0175074 0.0291587 0.0302583 0.0344462 0.0354891 0.0301062 0.0295734 0.0333509 0.0373798 0.0394990 -0.0294721 -0.0246935 -0.1044832 -0.0651423 -0.0255304 0.0354381 0.0298428 -0.0161808 0.0221872 0.0310293 0.0335894 -0.1055066 -0.1041698 -0.1117677 -0.1081703 -0.1045776 -0.0229596 0.0156182 -0.1017716 -0.1008511 -0.0587941 -0.0506959 0.0397158 -0.1058240 0.0377616 0.0409436 -0.0120285 0.0294762 -0.0341173 0.0227331 -0.0279219 0.0261183 0.0385850 -0.1006309 -0.0360511 -0.1012735 -0.1091107 0.0246421 0.0296130 0.0320259 0.0448629 0.0220087 0.0478592 0.0400717 -0.0232656 0.0293196 -0.0984372 0.0178511 -0.1013406 -0.1109851 0.0309136 0.0374741 0.0332792 -0.1047135 -0.0304800 -0.0212211 -0.1001991 0.0349819 0.0369635 -0.0982831 0.0321994 -0.0059215 -0.0206308 0.0381962 0.0402179 0.0418668 0.0287083 0.0374401 0.0332053 0.0323136 0.0156828 -0.0212518 0.0136560 0.0223993 0.0350773 0.0333173 0.0225632 0.0296874 0.0411253 -0.0203998 0.0304637 0.0249115 0.0312223 -0.0217487 0.0315127 0.0329392 0.0026237 0.0213900 -0.1036721 0.0225495 0.0410457
-0.0276872 0.1824811 0.1499823 -0.0169376 -0.0378813 -0.0338237 0.1669368 0.1650947 -0.0122339 1.1720240 -0.0306767 -0.0078531 -0.0320880 -0.0263639 -0.0326105 -0.0256905 -0.0241638 -0.0430029 -0.0257760 -0.0322874 -0.0307475 0.1606842 -0.0318227 -0.0285380 -0.0198476 -0.0343088 -0.0708522 -0.0734380 -0.0317772 -0.0276688 -0.0226562 0.1618186 0.0116303 -0.0199942 -0.1048255 -0.1102317 -0.1009690 -0.0569536 -0.0735055 -0.0283126 0.1529659 -0.0725241 -0.0289945 0.1480716 -0.0692162 -0.0263669 -0.0810062 0.1660511 0.1660423 -0.0667215 -0.0699861 0.1496906 0.1570480 0.1638833 -0.0626452 -0.0134952 -0.0302623 -0.0280354 -0.0089599 0.1657842 -0.0244657 -0.0987650 -0.0266291 -0.1085243 -0.0169916 -0.1067178 -0.0217175 -0.0347930 0.1676699 -0.0337345 -0.0999832 -0.1026466 -0.0105920 0.1599650 -0.0747158 0.1575451 -0.0243181 -0.1039850 -0.0748939 -0.1038261 -0.0304384 0.1768857 0.1641776 0.0077631 -0.0252815 -0.0196350 -0.0238869 -0.0197811 -0.0294012 -0.0266656 -0.0302869 -0.0240270 0.1605296 0.1689538 -0.1067076 0.1626846 0.1736503 -0.0193589 -0.1064806 -0.0250126 -0.0254853 -0.0150958 -0.0285108 -0.0246172 -0.0170689 -0.0362807 -0.0118416 -0.0209721 -0.0272046 -0.0330246 -0.0142028 -0.0434954 -0.0396745 -0.0341455 -0.0061226 -0.0156977 -0.0151134 -0.0154136 -0.0217381 -0.0286938 -0.0226851 -0.0292463 0.0014939 -0.0372004 -0.0177383 -0.0350105 -0.0360497 -0.0167719 -0.0160382 0.1579116 0.1750309 -0.1122515 -0.0834054 0.1817279 -0.0250140 -0.0223071 0.1594197 -0.0216991 -0.0241627 -0.0279573 -0.1100495 -0.1160247 -0.1077243 -0.1039151 -0.1089778 0.1618527 -0.0361663 -0.1064317 -0.1045115 -0.0681823 -0.0672347 -0.0260002 -0.1051907 -0.0129447 -0.0297358 0.1608090 -0.0352841 0.1790808 -0.0304784 0.1594686 -0.0321932 -0.0283386 -0.1102501 0.1643521 -0.1042127 -0.1086298 -0.0288027 -0.0202758 -0.0242516 -0.0278176 -0.0337143 -0.0159414 -0.0201523 0.1639087 -0.0327616 -0.1002891 -0.0215749 -0.1023621 -0.1073657 -0.0172622 -0.0249526 -0.0147041 -0.1050991 0.1853155 0.1640615 -0.1126951 -0.0304628 -0.0180561 -0.1003809 -0.0299210 0.1875917 0.0076511 -0.0125364 -0.0122355 -0.0268362 -0.0294651 -0.0412788 -0.0344162 -0.0370235 -0.0195922 0.1739606 -0.0234863 -0.0377816 -0.0109231 -0.0276317 -0.0164796 -0.0247008 -0.0282471 0.1500444 -0.0366954 -0.0265908 -0.0248842 0.1623885 -0.0227292 -0.0233559 0.0467898 -0.0033172 -0.1039322 -0.0272816 -0.0260660
0.0196785 -0.0132751 -0.0240936 0.0382787 0.0308502 0.0246130 -0.0243330 -0.0231161 0.0241545 -0.0306767 1.0454766 0.0285288 0.0424171 0.0376395 0.0543003 0.0248768 0.0351396 0.0310511 0.0310893 0.0396333 0.0342649 -0.0249791 0.0210150 0.0310285 0.0364024 0.0265125 -0.0723573 -0.0746383 0.0363416 0.0325202 0.0273551 -0.0152671 -0.0228922 0.0308182 -0.0955141 -0.1042998 -0.0918362 -0.0709056 -0.0743809 0.0354441 -0.0262052 -0.0780483 0.0324736 -0.0103354 -0.0717780 0.0389557 -0.0783266 -0.0336030 -0.0213742 -0.0733816 -0.0783983 -0.0147481 -0.0246240 -0.0137663 -0.0711213 0.0387663 0.0182411 0.0371751 0.0357433 -0.0119077 0.0442578 -0.0961644 0.0284344 -0.1047395 0.0249136 -0.0949405 0.0160060 0.0240835 -0.0255501 0.0345874 -0.0952956 -0.0941968 0.0257723 -0.0248589 -0.0769610 -0.0192632 0.0220846 -0.0999966 -0.0733083 -0.0926929 0.0200215 -0.0276313 -0.0259302 0.0106769 0.0396608 0.0319582 0.0412880 0.0340729 0.0329766 0.0419908 0.0276563 0.0390002 -0.0334455 -0.0271265 -0.0871641 -0.0237908 -0.0172321 0.0490238 -0.0927696 0.0251094 0.0407200 0.0292802 0.0359905 0.0280292 0.0375666 0.0424090 0.0346293 0.0330672 0.0384949 0.0313432 0.0329517 0.0290556 0.0305211 0.0260611 0.0300017 0.0289470 0.0414602 0.0301115 0.0220651 0.0202271 0.0279577 0.0400255 0.0403191 0.0488392 0.0332378 0.0426334 0.0452021 0.0256638 0.0473884 -0.0179722 -0.0323739 -0.0955482 -0.0806629 -0.0291135 0.0235224 0.0204688 -0.0314683 0.0279928 0.0196331 0.0391423 -0.0859552 -0.1015857 -0.0945665 -0.0997336 -0.0913199 -0.0150397 0.0327128 -0.0920775 -0.0897792 -0.0763412 -0.0768229 0.0375964 -0.1034542 0.0194106 0.0266363 -0.0184457 0.0334403 -0.0144215 0.0224296 -0.0255376 0.0272156 0.0237216 -0.0964102 -0.0233063 -0.1003106 -0.0967930 0.0398595 0.0304177 0.0241210 0.0303511 0.0369049 0.0365274 0.0380634 -0.0224794 0.0477001 -0.0961054 0.0457278 -0.0949773 -0.0942205 0.0263167 0.0366323 0.0245555 -0.0977341 -0.0280840 -0.0357160 -0.0962043 0.0335920 0.0413918 -0.0980475 0.0265166 -0.0245961 -0.0071292 0.0328865 0.0292615 0.0454199 0.0252935 0.0480425 0.0441856 0.0189464 0.0359692 -0.0342774 0.0379554 0.0366431 0.0189389 0.0270235 0.0265306 0.0266829 0.0408854 -0.0135438 0.0378441 0.0230002 0.0488033 -0.0241720 0.0286589 0.0343186 -0.0000018 0.0254461 -0.0930052 0.0307596 0.0272610
0.0285109 -0.0161824 -0.0142655 0.0376073 0.0332067 0.0481773 -0.0164085 -0.0235074 0.0357567 -0.0078531 0.0285288 1.0307113 0.0327854 0.0324430 0.0331272 0.0370610 0.0317962 0.0401828 0.0461349 0.0454502 0.0441538 -0.0226895 0.0290668 0.0375622 0.0279536 0.0302725 -0.0761679 -0.0698106 0.0275665 0.0323653 0.0404991 -0.0081084 -0.0142503 0.0372512 -0.1105945 -0.1107655 -0.1066061 -0.0742307 -0.0729685 0.0331733 -0.0291178 -0.0665725 0.0357180 -0.0196403 -0.0667136 0.0344034 -0.0760386 -0.0080063 -0.0255713 -0.0647798 -0.0635026 -0.0307984 -0.0279157 -0.0162976 -0.0577652 0.0368759 0.0254341 0.0371677 0.0284036 -0.0270443 0.0363538 -0.1186939 0.0249141 -0.1140073 0.0420984 -0.1058679 0.0376235 0.0360171 -0.0284344 0.0373088 -0.1193927 -0.1159965 0.0329536 -0.0194041 -0.0726052 -0.0236362 0.0308306 -0.1000871 -0.0745560 -0.1066504 0.0252852 -0.0219612 -0.0145048 0.0316906 0.0406810 0.0362738 0.0337895 0.0383742 0.0258431 0.0450721 0.0347642 0.0376358 -0.0207876 -0.0137169 -0.1114409 -0.0068347 -0.0152801 0.0438101 -0.1068533 0.0211803 0.0251970 0.0318452 0.0256327 0.0231100 0.0311883 0.0506630 0.0264861 0.0407035 0.0281770 0.0319143 0.0346779 0.0251122 0.0292459 0.0193630 0.0268400 0.0279613 0.0389032 0.0373609 0.0309682 0.0183666 0.0460682 0.0336985 0.0515441 0.0348325 0.0281777 0.0350238 0.0336631 0.0359606 0.0353515 -0.0242780 -0.0102741 -0.1068483 -0.0555364 -0.0169242 0.0465326 0.0386744 -0.0325274 0.0390695 0.0330907 0.0367665 -0.1035468 -0.1133216 -0.1093362 -0.1068775 -0.1145840 -0.0205432 0.0276281 -0.1135822 -0.1063598 -0.0771227 -0.0636395 0.0309550 -0.1179642 0.0370733 0.0335936 -0.0236780 0.0378833 -0.0370099 0.0373271 -0.0193513 0.0264258 0.0331477 -0.1118404 -0.0093748 -0.1143487 -0.1112859 0.0319775 0.0201186 0.0311336 0.0322716 0.0377689 0.0269013 0.0321944 -0.0186861 0.0501111 -0.1135460 0.0290792 -0.1081758 -0.1098198 0.0326060 0.0416532 0.0401791 -0.1109785 -0.0202611 -0.0136467 -0.1126597 0.0348735 0.0446148 -0.1092614 0.0364084 -0.0272562 -0.0181633 0.0250280 0.0358019 0.0274266 0.0256824 0.0430064 0.0361597 0.0188845 0.0474509 -0.0255592 0.0416492 0.0286365 0.0247958 0.0301894 0.0329308 0.0440440 0.0364436 -0.0234940 0.0402301 0.0326639 0.0320159 -0.0178909 0.0323079 0.0322037 0.0146966 0.0344218 -0.1143323 0.0437004 0.0421660
0.0329945 -0.0190672 -0.0297943 0.0362494 0.0318982 0.0277517 -0.0233714 -0.0303890 0.0326461 -0.0320880 0.0424171 0.0327854 1.0540699 0.0373693 0.0409670 0.0314339 0.0252812 0.0271765 0.0257943 0.0290949 0.0369347 -0.0296713 0.0243244 0.0294595 0.0494097 0.0384630 -0.0785732 -0.0828085 0.0360379 0.0464171 0.0347671 -0.0253814 -0.0299681 0.0307041 -0.0946874 -0.1104264 -0.1034285 -0.0769052 -0.0832977 0.0489883 -0.0229505 -0.0786402 0.0323400 -0.0278890 -0.0759970 0.0402489 -0.0773532 -0.0343473 -0.0140021 -0.0797691 -0.0807351 -0.0218322 -0.0237530 -0.0101748 -0.0830114 0.0279237 0.0354000 0.0316043 0.0381482 -0.0289145 0.0439297 -0.1044594 0.0209041 -0.0963071 0.0419190 -0.0952316 0.0373327 0.0347010 -0.0158446 0.0391576 -0.0966927 -0.0998314 0.0265869 -0.0348053 -0.0786668 -0.0160740 0.0335231 -0.0997008 -0.0779871 -0.1097909 0.0402201 -0.0392884 -0.0280782 0.0255175 0.0433315 0.0274851 0.0294279 0.0350262 0.0392479 0.0462328 0.0526355 0.0439355 -0.0310127 -0.0215482 -0.0998758 -0.0231862 -0.0103377 0.0331482 -0.1040624 0.0376842 0.0476808 0.0289966 0.0311524 0.0318197 0.0427329 0.0347550 0.0138313 0.0227788 0.0332082 0.0233594 0.0343018 0.0478959 0.0301963 0.0434011 0.0181811 0.0170226 0.0322362 0.0497688 0.0179568 0.0215194 0.0355175 0.0202870 0.0398587 0.0319016 0.0366894 0.0299291 0.0424585 0.0276345 0.0295221 -0.0216180 -0.0193696 -0.1070671 -0.0707778 -0.0263548 0.0273896 0.0300028 -0.0256838 0.0365688 0.0441285 0.0356398 -0.0950565 -0.1032144 -0.0951537 -0.1006105 -0.1075714 -0.0185295 0.0430703 -0.0967925 -0.0991365 -0.0835556 -0.0749675 0.0328970 -0.1043915 0.0312053 0.0398828 -0.0280972 0.0392876 -0.0263517 0.0467997 -0.0246669 0.0276033 0.0181281 -0.1032062 -0.0316450 -0.1019414 -0.0953511 0.0365005 0.0447497 0.0447361 0.0384192 0.0379913 0.0444521 0.0204973 -0.0149168 0.0401681 -0.1040905 0.0487902 -0.0965088 -0.0994592 0.0235434 0.0374114 0.0298296 -0.0975203 -0.0303562 -0.0266784 -0.0970030 0.0295845 0.0397677 -0.0987914 0.0354135 -0.0300145 -0.0071638 0.0418609 0.0306208 0.0533183 0.0294947 0.0409005 0.0453531 0.0287988 0.0393401 -0.0274390 0.0323368 0.0308799 0.0377027 0.0267857 0.0360909 0.0460603 0.0331404 -0.0205813 0.0377272 0.0305579 0.0434395 -0.0238088 0.0393569 0.0402631 0.0058548 0.0406034 -0.1046905 0.0262133 0.0339750
0.0302332 -0.0197167 -0.0233032 0.0330076 0.0394407 0.0454795 -0.0241369 -0.0287118 0.0227554 -0.0263639 0.0376395 0.0324430 0.0373693 1.0200980 0.0458487 0.0375476 0.0371497 0.0309016 0.0287941 0.0259221 0.0339876 -0.0217751 0.0238968 0.0377324 0.0120279 0.0328477 -0.0726481 -0.0763950 0.0332579 0.0477396 0.0404989 -0.0263803 -0.0195619 0.0352496 -0.1020302 -0.0974563 -0.1017461 -0.0670787 -0.0660929 0.0248581 -0.0223291 -0.0549173 0.0438803 -0.0176117 -0.0596668 0.0351920 -0.0756545 -0.0262954 -0.0182507 -0.0740135 -0.0644333 -0.0083055 -0.0290851 -0.0225914 -0.0610047 0.0235126 0.0405497 0.0419363 0.0336129 -0.0142557 0.0286043 -0.1072589 0.0373605 -0.1098388 0.0236862 -0.1086003 0.0314474 0.0297592 -0.0235966 0.0337190 -0.1073342 -0.1060477 0.0281691 -0.0248247 -0.0616270 -0.0170467 0.0320240 -0.1059703 -0.0672219 -0.1116512 0.0188295 -0.0202805 -0.0317702 0.0136767 0.0418969 0.0267097 0.0395250 0.0229258 0.0386981 0.0286243 0.0275357 0.0341577 -0.0283630 -0.0195224 -0.1107766 -0.0279229 -0.0236276 0.0341868 -0.1056531 0.0424874 0.0340890 0.0377764 0.0281509 0.0302335 0.0224072 0.0456453 0.0447486 0.0202695 0.0218088 0.0358404 0.0391978 0.0387866 0.0398054 0.0327496 0.0370102 0.0366550 0.0316060 0.0408424 0.0260562 0.0200421 0.0346826 0.0270603 0.0401781 0.0485280 0.0271369 0.0326309 0.0415705 0.0282991 0.0325724 -0.0284684 -0.0228790 -0.1004775 -0.0663548 -0.0215837 0.0332919 0.0292181 -0.0214890 0.0292257 0.0353099 0.0387090 -0.1041551 -0.1011444 -0.1046579 -0.1007555 -0.1064309 -0.0154309 0.0220578 -0.1052395 -0.0993852 -0.0568659 -0.0617965 0.0269575 -0.1055896 0.0406311 0.0388635 -0.0166949 0.0308628 -0.0273040 0.0329576 -0.0166355 0.0415206 0.0367767 -0.0993422 -0.0249522 -0.1065762 -0.1176770 0.0386005 0.0337370 0.0391069 0.0449823 0.0252671 0.0232850 0.0313815 -0.0113006 0.0350530 -0.1152758 0.0386973 -0.1019575 -0.1063250 0.0330652 0.0346462 0.0261915 -0.1104736 -0.0264223 -0.0238326 -0.1074261 0.0414177 0.0404722 -0.0985206 0.0398049 -0.0254662 -0.0017509 0.0326477 0.0378196 0.0333944 0.0399611 0.0336258 0.0484205 0.0391502 0.0357038 -0.0265732 0.0302076 0.0412128 0.0361700 0.0431388 0.0245117 0.0328835 0.0385984 -0.0275497 0.0364412 0.0207947 0.0409689 -0.0230082 0.0313773 0.0337436 0.0033685 0.0354549 -0.1102559 0.0405329 0.0356996
0.0439500 -0.0193551 -0.0269708 0.0376606 0.0482625 0.0246215 -0.0378424 -0.0286693 0.0257034 -0.0326105 0.0543003 0.0331272 0.0409670 0.0458487 1.0903678 0.0392779 0.0407360 0.0261642 0.0366964 0.0549143 0.0447329 -0.0243465 0.0254323 0.0304067 0.0257558 0.0356321 -0.0628701 -0.0586880 0.0184913 0.0373881 0.0182575 -0.0284521 -0.0218546 0.0351414 -0.0981263 -0.0942808 -0.0980171 -0.0614470 -0.0592630 0.0469225 -0.0319417 -0.0700716 0.0359135 -0.0302167 -0.0612390 0.0241616 -0.0606785 -0.0385551 -0.0347351 -0.0538933 -0.0602475 -0.0396678 -0.0411141 -0.0251357 -0.0667084 0.0295287 0.0340903 0.0730894 0.0274841 -0.0255114 0.0221433 -0.0895888 0.0144969 -0.0969699 0.0346687 -0.1029559 0.0225151 0.0293780 -0.0399246 0.0483340 -0.1009240 -0.0999915 0.0326133 -0.0325680 -0.0573065 -0.0270792 0.0268953 -0.1010998 -0.0628003 -0.0954358 0.0379758 -0.0351414 -0.0204575 0.0338230 0.0412590 0.0371439 0.0240017 0.0158867 0.0318791 0.0333218 0.0114435 0.0340679 -0.0250809 -0.0166156 -0.0994853 -0.0058960 -0.0322092 0.0251139 -0.0978406 0.0531217 0.0174763 0.0370443 0.0250039 0.0262948 0.0296751 0.0448227 0.0335007 0.0254940 0.0253892 0.0411031 0.0088162 0.0341150 0.0316543 0.0193493 0.0269730 0.0231422 0.0328612 0.0394193 0.0265809 0.0212225 0.0476582 0.0243489 0.0441061 0.0359425 0.0289468 0.0294733 0.0320570 0.0395745 0.0328074 -0.0333043 -0.0293391 -0.1073772 -0.0640456 -0.0365409 0.0198000 0.0191984 -0.0238701 0.0267372 0.0315925 0.0320753 -0.1039332 -0.1045848 -0.1056730 -0.1023528 -0.1014907 -0.0201072 0.0440789 -0.0999028 -0.0907553 -0.0667011 -0.0693658 0.0344858 -0.0940764 0.0267446 0.0387081 -0.0250190 0.0320845 -0.0398331 0.0332263 -0.0291936 0.0236340 0.0299137 -0.0894989 -0.0432123 -0.0951467 -0.1075344 0.0470583 0.0351183 0.0303238 0.0212551 0.0354104 0.0310005 0.0423643 -0.0319546 0.0363557 -0.1096860 0.0363557 -0.0901636 -0.0977915 0.0335438 0.0343531 0.0368357 -0.1060779 -0.0342428 -0.0387346 -0.1088577 0.0260374 0.0445957 -0.1043762 0.0299572 -0.0307513 -0.0140809 0.0187884 0.0287239 0.0279649 0.0497316 0.0370775 0.0411960 0.0303730 0.0353143 -0.0159865 0.0311379 0.0392998 0.0288412 0.0241255 0.0334693 0.0207402 0.0267103 -0.0263645 0.0333632 0.0213494 0.0433775 -0.0307074 0.0392744 0.0201529 0.0225949 0.0308916 -0.1046670 0.0410980 0.0316652
0.0406029 -0.0202354 -0.0128827 0.0271931 0.0466121 0.0308992 -0.0190958 -0.0138645 0.0303287 -0.0256905 0.0248768 0.0370610 0.0314339 0.0375476 0.0392779 1.0157169 0.0454833 0.0455830 0.0465820 0.0499421 0.0273556 -0.0067139 0.0295181 0.0358856 0.0153539 0.0387247 -0.0635410 -0.0652855 0.0184286 0.0256473 0.0490234 -0.0257715 0.0121096 0.0165264 -0.1171291 -0.1086027 -0.1153769 -0.0691000 -0.0702183 0.0339080 -0.0073024 -0.0635659 0.0225798 -0.0224945 -0.0722024 0.0395010 -0.0606035 -0.0135945 -0.0202565 -0.0715333 -0.0543693 -0.0221356 -0.0239549 -0.0099237 -0.0519764 0.0397513 0.0274959 0.0406730 0.0441025 -0.0181804 0.0365201 -0.1163269 0.0451740 -0.1235665 0.0246770 -0.1204695 0.0289445 0.0364507 -0.0132945 0.0337198 -0.1223414 -0.1230720 0.0220874 -0.0243254 -0.0582752 -0.0135665 0.0335827 -0.1111610 -0.0667084 -0.1099152 0.0315385 -0.0202573 -0.0099735 0.0234895 0.0419359 0.0348424 0.0371777 0.0252133 0.0425229 0.0270071 0.0372387 0.0315080 -0.0257967 -0.0128292 -0.1215105 -0.0242142 -0.0162293 0.0327466 -0.1190687 0.0393720 0.0410075 0.0300578 0.0474606 0.0272165 0.0371756 0.0409062 0.0307925 0.0339386 0.0302137 0.0468414 0.0299816 0.0375229 0.0283253 0.0318850 0.0333981 0.0336676 0.0346399 0.0299281 0.0411978 0.0183399 0.0299340 0.0326730 0.0304677 0.0270397 0.0205827 0.0354752 0.0369184 0.0323311 0.0396437 -0.0187306 -0.0291008 -0.1137038 -0.0737210 -0.0214797 0.0339083 0.0308227 -0.0176679 0.0305495 0.0298667 0.0393151 -0.1131170 -0.1147735 -0.1208476 -0.1189526 -0.1199538 -0.0262658 0.0292111 -0.1130992 -0.1224986 -0.0726920 -0.0705106 0.0272688 -0.1201883 0.0310660 0.0443530 -0.0306515 0.0349434 -0.0169704 0.0402357 -0.0188176 0.0319330 0.0179398 -0.1211559 -0.0236242 -0.1117599 -0.1124182 0.0481244 0.0302823 0.0299853 0.0286460 0.0504814 0.0317474 0.0367355 -0.0225223 0.0382361 -0.1195534 0.0318104 -0.1094193 -0.1144295 0.0531303 0.0327788 0.0373713 -0.1186482 -0.0252168 -0.0301991 -0.1196084 0.0478640 0.0384188 -0.1233961 0.0480325 -0.0200366 -0.0089036 0.0292974 0.0437852 0.0415243 0.0338384 0.0472631 0.0408494 0.0321762 0.0392587 -0.0131495 0.0235007 0.0381910 0.0381203 0.0294261 0.0188939 0.0398116 0.0403355 -0.0313754 0.0421345 0.0387615 0.0297739 -0.0203170 0.0368150 0.0221691 0.0132160 0.0311541 -0.1152176 0.0201317 0.0378669
0.0401992 -0.0255409 -0.0305887 0.0342818 0.0386172 0.0335907 -0.0328054 -0.0198401 0.0368514 -0.0241638 0.0351396 0.0317962 0.0252812 0.0371497 0.0407360 0.0454833 1.1100819 0.0409427 0.0274253 0.0326356 0.0187535 -0.0302788 0.0299004 0.0233662 0.0405678 0.0515338 -0.0752309 -0.0798270 0.0314767 0.0355912 0.0396544 -0.0245322 -0.0323791 0.0463725 -0.0972126 -0.1081141 -0.0982520 -0.0722555 -0.0713497 0.0311299 -0.0248724 -0.0750804 0.0317212 -0.0250183 -0.0620803 0.0385400 -0.0798343 -0.0273759 -0.0254243 -0.0753802 -0.0748534 -0.0135308 -0.0360723 -0.0341021 -0.0694126 0.0236108 0.0243074 0.0262270 0.0151631 -0.0324552 0.0266292 -0.1038546 0.0373197 -0.1025803 0.0328796 -0.1000161 0.0368611 0.0291687 -0.0264343 0.0373918 -0.1138349 -0.0983868 0.0271745 -0.0203239 -0.0658347 -0.0107933 0.0364875 -0.0985858 -0.0796257 -0.1030805 0.0364499 -0.0174616 -0.0229452 0.0110482 0.0418956 0.0367319 0.0314690 0.0387955 0.0375947 0.0268211 0.0329167 0.0265491 -0.0273646 -0.0292269 -0.1044105 -0.0279536 -0.0317158 0.0333977 -0.1044414 0.0327168 0.0302452 0.0338185 0.0282461 0.0209257 0.0302134 0.0416422 0.0308186 0.0385057 0.0321895 0.0324290 0.0237019 0.0408650 0.0414022 0.0293645 0.0335322 0.0419874 0.0334197 0.0403119 0.0350509 0.0219971 0.0417410 0.0250324 0.0407544 0.0460430 0.0401583 0.0296612 0.0474035 0.0597462 0.0370786 -0.0317501 -0.0311821 -0.1120059 -0.0825992 -0.0279067 0.0309939 0.0404662 -0.0269563 0.0130293 0.0382707 0.0426190 -0.0967773 -0.1120180 -0.1029851 -0.1066432 -0.1029496 -0.0265068 0.0245356 -0.0986047 -0.0990978 -0.0775648 -0.0619236 0.0343112 -0.1060154 0.0275745 0.0375582 -0.0290710 0.0201066 -0.0241059 0.0380297 -0.0199802 0.0205723 0.0317528 -0.0972030 -0.0157973 -0.1083696 -0.1045413 0.0503283 0.0251246 0.0249252 0.0394358 0.0338955 0.0391131 0.0411353 -0.0355956 0.0417809 -0.1032471 0.0246004 -0.1044085 -0.1051544 0.0430983 0.0372090 0.0397047 -0.0973767 -0.0189585 -0.0180363 -0.1021341 0.0383526 0.0453206 -0.1096670 0.0299526 -0.0331117 -0.0082738 0.0284977 0.0402527 0.0268231 0.0407493 0.0384868 0.0414322 0.0347739 0.0311882 -0.0279447 0.0243915 0.0335255 0.0323398 0.0393761 0.0216947 0.0326002 0.0448733 -0.0386754 0.0232671 0.0423948 0.0260046 -0.0153304 0.0278922 0.0388207 0.0036219 0.0250961 -0.1094814 0.0409071 0.0262924
