0.0235800 0.0230758 0.9337500 0.0195942
0.0001000 0.9520248 0.0320472 0.0158279
0.0111698 0.9495754 0.0391548 0.0001000
0.0001000 0.0615249 0.9084201 0.0299550
0.0110994 0.0107726 0.9626643 0.0154638
0.0237149 0.0346337 0.9401549 0.0014965
0.0110723 0.9711054 0.0113775 0.0064448
0.0221193 0.9710887 0.0066921 0.0000999
0.0516002 0.0427586 0.9055412 0.0001000
0.0032249 0.9575542 0.0115770 0.0276440
0.0114720 0.0325322 0.9258851 0.0301107
0.0272826 0.0546773 0.9130996 0.0049405
0.0047262 0.0342441 0.9361365 0.0248932
0.0268642 0.0305992 0.9389374 0.0035992
0.0404360 0.0115999 0.9319130 0.0160511
0.0280798 0.0496048 0.9222155 0.0000999
0.0223777 0.0243865 0.9397761 0.0134597
0.0219249 0.0001000 0.9494330 0.0285421
0.0276350 0.0046858 0.9624754 0.0052037
0.0221851 0.0200826 0.9576322 0.0001000
0.0116782 0.0169496 0.9413950 0.0299773
0.0138225 0.9350985 0.0471226 0.0039564
0.0171631 0.0459659 0.9255775 0.0112935
0.0423125 0.0457158 0.9118720 0.0000997
0.0158379 0.0583703 0.9152214 0.0105704
0.0081902 0.0009657 0.9702945 0.0205495
0.9786062 0.0163079 0.0001001 0.0049858
0.9975878 0.0000998 0.0000998 0.0022127
0.0155220 0.0155779 0.9508713 0.0180288
0.0289171 0.0224736 0.9360483 0.0125610
0.0105632 0.0656533 0.9170624 0.0067211
0.0158661 0.9129450 0.0554639 0.0157250
0.4150429 0.2438200 0.3410394 0.0000977
0.0144616 0.0182685 0.9501893 0.0170807
0.0010589 0.0091213 0.0061046 0.9837152
0.0013279 0.0001000 0.0010090 0.9975631
0.0021930 0.0041433 0.0001352 0.9935285
0.9659233 0.0001002 0.0114432 0.0225333
0.9839696 0.0001001 0.0006536 0.0152766
0.0086099 0.0305844 0.9525309 0.0082748
0.0119771 0.9419361 0.0446247 0.0014621
0.9722694 0.0034805 0.0132429 0.0110073
0.0194633 0.0398360 0.9242322 0.0164686
0.0237905 0.9474581 0.0205922 0.0081591
0.9592823 0.0170649 0.0027245 0.0209282
0.0348808 0.0346401 0.9303790 0.0001000
0.9816000 0.0001001 0.0083575 0.0099423
0.0210074 0.9530068 0.0130764 0.0129094
0.0048372 0.9677163 0.0236638 0.0037827
0.9772676 0.0001002 0.0085305 0.0141017
0.9711179 0.0001002 0.0123875 0.0163944
0.0001532 0.9287598 0.0577054 0.0133816
0.0047493 0.9665345 0.0286162 0.0001000
0.0001479 0.9269525 0.0575153 0.0153842
0.9738601 0.0134105 0.0062551 0.0064744
0.0286911 0.0686159 0.8767762 0.0259167
0.0360265 0.0186352 0.9278176 0.0175207
0.0001000 0.0270758 0.9467716 0.0260527
0.0250460 0.0327307 0.9421058 0.0001176
0.0001000 0.9464740 0.0445362 0.0088898
0.0203249 0.0059845 0.9393130 0.0343776
0.0016096 0.0001001 0.0033802 0.9949102
0.0261627 0.0120677 0.9616697 0.0000999
0.0057334 0.0051271 0.0000998 0.9890397
0.0017444 0.0618984 0.9100430 0.0263142
0.0174357 0.0015016 0.0041256 0.9769372
0.0218173 0.0288434 0.9444744 0.0048649
0.0227976 0.0358640 0.9149499 0.0263885
0.0038814 0.9764781 0.0143545 0.0052860
0.0001000 0.0123545 0.9742392 0.0133062
0.0031581 0.0001000 0.0001001 0.9966419
0.0213351 0.0000999 0.0000999 0.9784651
0.0287543 0.1074964 0.8572545 0.0064949
0.0027928 0.9480431 0.0416129 0.0075510
0.9700364 0.0001003 0.0232031 0.0066602
0.0019552 0.9377327 0.0475570 0.0127551
0.0037811 0.0494898 0.9173043 0.0294247
0.0106083 0.0020880 0.0019553 0.9853483
0.9937941 0.0000997 0.0000997 0.0060064
0.0000999 0.0158479 0.0000999 0.9839522
0.0264724 0.0282888 0.9275627 0.0176761
0.0080153 0.9917858 0.0000994 0.0000994
0.0001000 0.9590184 0.0184046 0.0224769
0.0001000 0.2352989 0.7546141 0.0099871
0.0117428 0.0319263 0.9562311 0.0000998
0.0183585 0.0542885 0.9110741 0.0162789
0.0066264 0.0305859 0.9590937 0.0036940
0.0252135 0.0333955 0.9220726 0.0193183
0.0103135 0.0001000 0.9845152 0.0050712
0.0215810 0.0160230 0.9622961 0.0000999
0.0078476 0.0393460 0.9350021 0.0178043
0.0055017 0.0661917 0.9088690 0.0194376
0.0039352 0.9591361 0.0226281 0.0143006
0.0055035 0.9230868 0.0496925 0.0217172
0.0231404 0.0057399 0.0021943 0.9689255
0.0265230 0.9334599 0.0226873 0.0173298
0.0147326 0.9585037 0.0266637 0.0001000
0.0164026 0.0538407 0.9296572 0.0000996
0.0000999 0.0008591 0.0000999 0.9989411
0.0136051 0.0049111 0.9532235 0.0282602
0.0212849 0.0225198 0.9491961 0.0069992
0.0230810 0.0240485 0.9277633 0.0251073
0.0247193 0.0537710 0.9096718 0.0118379
0.0141609 0.0031990 0.9681531 0.0144871
0.0001000 0.0617290 0.9187473 0.0194237
0.0019738 0.0092576 0.9872446 0.0015241
0.0311307 0.0341463 0.9209489 0.0137741
0.0507234 0.0243293 0.9073077 0.0176396
0.0263610 0.0381221 0.9173310 0.0181858
0.0014373 0.0196953 0.9620824 0.0167850
0.0296891 0.0405052 0.9096451 0.0201606
0.0357150 0.0198228 0.9443624 0.0000999
0.0139358 0.0267165 0.9487905 0.0105572
0.0118023 0.0127031 0.9598227 0.0156720
0.0000999 0.0681172 0.9227976 0.0089854
0.0056062 0.0622620 0.9109733 0.0211586
0.0015961 0.0718568 0.9059135 0.0206335
0.0181904 0.0211686 0.9551687 0.0054723
0.0080802 0.0501754 0.9220482 0.0196963
0.0536798 0.0557155 0.7889416 0.1016632
0.0256046 0.0206120 0.9536834 0.0001000
0.0114622 0.0456830 0.9419845 0.0008704
0.0220150 0.0458019 0.9320832 0.0000999
0.0339570 0.0000999 0.9658430 0.0000999
0.0000999 0.0659714 0.9126903 0.0212384
0.0242585 0.0147761 0.9269843 0.0339810
0.0215894 0.0001000 0.9722151 0.0060955
0.0190825 0.0194764 0.9613412 0.0000999
0.0001000 0.0637939 0.9246042 0.0115019
0.0001000 0.9523240 0.0419701 0.0056058
0.0063864 0.9430085 0.0381540 0.0124511
0.0048748 0.0001001 0.0114477 0.9835773
0.9766089 0.0000997 0.0000997 0.0231916
0.0447682 0.9455287 0.0096035 0.0000997
0.0018890 0.0186508 0.9645848 0.0148755
0.0174638 0.0428696 0.9153847 0.0242820
0.0084411 0.9294862 0.0484382 0.0136345
0.0101330 0.0399388 0.9285547 0.0213734
0.0326682 0.0223371 0.9448950 0.0000997
0.0114331 0.0053949 0.9546496 0.0285224
0.0001001 0.0001001 0.0134122 0.9863877
0.0134704 0.0000996 0.0000996 0.9863304
0.0000998 0.0019840 0.0000998 0.9978164
0.0090614 0.0000998 0.0000998 0.9907390
0.0000999 0.0005928 0.0000999 0.9992073
0.0253668 0.9130453 0.0569695 0.0046183
0.0302055 0.0235513 0.9267557 0.0194875
0.0010670 0.0001690 0.0037653 0.9949987
0.0117379 0.0001001 0.0053122 0.9828498
0.9872236 0.0000995 0.0000995 0.0125773
0.9929548 0.0000997 0.0000997 0.0068458
0.0029413 0.0001000 0.9773224 0.0196363
0.0074342 0.0038574 0.0000998 0.9886086
0.0102709 0.0389456 0.9294055 0.0213781
0.0120357 0.0087496 0.9539257 0.0252890
0.0294675 0.9170018 0.0534307 0.0001000
0.0096243 0.0580511 0.9322246 0.0001000
0.0154120 0.9843883 0.0000998 0.0000998
0.0121785 0.0286969 0.9476588 0.0114658
0.0008463 0.9615167 0.0340685 0.0035685
0.0286652 0.0395214 0.9213209 0.0104924
0.0257947 0.0335750 0.9199048 0.0207255
0.0046865 0.0005736 0.0047161 0.9900237
0.0178902 0.9664294 0.0001001 0.0155803
0.0162450 0.0000995 0.0000995 0.9835560
0.0017485 0.0044983 0.0001001 0.9936532
0.0156961 0.0405804 0.9303278 0.0133957
0.0043313 0.0567725 0.9340332 0.0048631
0.0001000 0.0070422 0.9927578 0.0001000
0.0151475 0.0162895 0.9591395 0.0094235
0.0448729 0.0236722 0.9313550 0.0000998
0.0274434 0.0597561 0.9127010 0.0000996
0.0055182 0.0222185 0.9497616 0.0225017
0.0138092 0.9102297 0.0719065 0.0040545
0.0160443 0.0052290 0.9786267 0.0001000
0.0049056 0.0000998 0.0000998 0.9948949
0.0084904 0.0399110 0.9298040 0.0217947
0.0001002 0.0079172 0.0164936 0.9754890
0.0125751 0.0001002 0.0049703 0.9823544
0.0128902 0.0677401 0.9032814 0.0160883
0.0117470 0.0000998 0.9737078 0.0144454
0.0000999 0.0567559 0.9176117 0.0255325
0.0025479 0.0007261 0.0037145 0.9930115
0.0091514 0.9865444 0.0000998 0.0042043
0.0001000 0.9606704 0.0143644 0.0248653
0.0119118 0.0001001 0.0014637 0.9865243
0.0138050 0.0464879 0.9285066 0.0112006
0.0001000 0.0525762 0.9370269 0.0102970
0.0058188 0.0081686 0.0022656 0.9837470
0.0207831 0.0271464 0.9469091 0.0051614
0.0000996 0.9879596 0.0000996 0.0118413
0.1233861 0.2305146 0.5012721 0.1448272
0.0001000 0.0762416 0.9003109 0.0233475
0.0386811 0.0749511 0.8862680 0.0000998
0.0160332 0.0320641 0.9417533 0.0101494
0.0069655 0.0344386 0.9366821 0.0219138
0.0178863 0.0001000 0.9725487 0.0094650
0.0176832 0.0001000 0.9706157 0.0116011
0.0339900 0.0323616 0.9335486 0.0000999
0.0060979 0.0207589 0.9390364 0.0341068
0.0169393 0.9322878 0.0506731 0.0000998
0.0233090 0.0469408 0.9204959 0.0092544
0.0137612 0.0094474 0.9643522 0.0124392
0.0289959 0.0732230 0.8976809 0.0001001
0.0001000 0.0445908 0.9434018 0.0119075
0.0194024 0.0592047 0.8990638 0.0223290
0.0155608 0.0165681 0.9556714 0.0121997
0.0345397 0.0327025 0.9264170 0.0063408
0.0001000 0.8982579 0.0873498 0.0142923
0.0298734 0.0327628 0.9313545 0.0060093
0.0173027 0.0178029 0.9410090 0.0238853
0.0016450 0.0391464 0.9282970 0.0309117
0.0065199 0.9101945 0.0596013 0.0236844
0.0236219 0.0472810 0.9063134 0.0227837
0.0361194 0.0368496 0.9242267 0.0028043
0.0224655 0.4543083 0.5231262 0.0001000
0.0001000 0.0520378 0.9435793 0.0042829
0.0014344 0.0001001 0.0037486 0.9947169
0.0321510 0.0463743 0.9123166 0.0091581
0.0115558 0.0558126 0.9234282 0.0092035
