0.00000000099999999999 0.00168021902033660148 0.51013701521360999003 0.00000000099999999999 0.02285623689557678140 0.14785270499780894804 0.00000000099999999999 0.31019134011460763878 0.00728247975805986717 0.00000000099999999999 
0.00000000099999999989 0.00000000099999999989 0.00000000099999999989 0.51309553129400309324 0.00000000099999999989 0.00000000099999999989 0.00000000099999999989 0.00000000099999999989 0.48690446070599679995 0.00000000099999999989 
0.09585068161322467251 0.00000000099999999992 0.00000000099999999992 0.42418445856958553186 0.00000000099999999992 0.00000000099999999992 0.00000000099999999992 0.00000000099999999992 0.47996485281718981319 0.00000000099999999992 
0.00044673127766124552 0.14234612315202577193 0.38758282438965974137 0.03468696787178288110 0.00298136830078711817 0.31185244880123424993 0.00000000099999999999 0.12010353320684921674 0.00000000099999999999 0.00000000099999999999 
0.00000000099999999999 0.10747240069781011096 0.45040612017408909740 0.00000880751508715336 0.00698238049833629221 0.27265178630956310446 0.00000000099999999999 0.16247850080511425097 0.00000000099999999999 0.00000000099999999999 
0.00000000099999999998 0.00000000099999999998 0.38570604275448339138 0.00000000099999999998 0.00000000099999999998 0.00000000099999999998 0.00000000099999999998 0.58718866642722544746 0.02710528381829093933 0.00000000099999999998 
0.00000000099999999991 0.00000000099999999991 0.00000000099999999991 0.46051508886855091474 0.00000000099999999991 0.00000000099999999991 0.00000000099999999991 0.00000000099999999991 0.53948490313144881192 0.00000000099999999991 
0.00000000099999999975 0.00000000099999999975 0.00000000099999999975 0.99999999100000014352 0.00000000099999999975 0.00000000099999999975 0.00000000099999999975 0.00000000099999999975 0.00000000099999999975 0.00000000099999999975 
0.00000000099999999999 0.19089118250955458556 0.32082157007137740434 0.00000006618678057003 0.00000000099999999999 0.00000000099999999999 0.00000000099999999999 0.46245154335797727940 0.01238350648222984532 0.01345212739208026531 
0.99999999100000014352 0.00000000099999999976 0.00000000099999999976 0.00000000099999999976 0.00000000099999999976 0.00000000099999999976 0.00000000099999999976 0.00000000099999999976 0.00000000099999999976 0.00000000099999999976 
0.00000000099999999999 0.17675543133052709632 0.38585843583593987249 0.01942878336186724605 0.00545910862902523365 0.23114560184562601974 0.00000000099999999999 0.18043909864063586990 0.00000000099999999999 0.00091353735637863859 
0.00000189189174506300 0.13321914960625078073 0.37779013884697154602 0.00000000099999999998 0.00000000099999999998 0.15614406705899949723 0.00000000099999999998 0.29866562447107869449 0.02795974797415264404 0.00621937715080184833 
0.00000000099999999997 0.29430372319718289820 0.05286312994671293897 0.00000000099999999997 0.00000000099999999997 0.48316810023385448059 0.00000000099999999997 0.16966504062224960214 0.00000000099999999997 0.00000000099999999997 
0.00000000099999999998 0.20302153655749732852 0.36406977789296213199 0.00509922416267581755 0.00000000099999999998 0.00000000099999999998 0.00000000099999999998 0.40687408880710063119 0.00000000099999999998 0.02093536757976417750 
0.00000000099999999993 0.00000000099999999993 0.99999999100000003249 0.00000000099999999993 0.00000000099999999993 0.00000000099999999993 0.00000000099999999993 0.00000000099999999993 0.00000000099999999993 0.00000000099999999993 
0.00000000099999999999 0.05312131451026905204 0.40886915751263225305 0.02659808619369917818 0.00000000099999999999 0.10782194451897073040 0.00000000099999999999 0.34161041175418543903 0.03283630060297882541 0.02914278190726456857 
0.00000000099999999991 0.00000000099999999991 0.99999999100000014352 0.00000000099999999991 0.00000000099999999991 0.00000000099999999991 0.00000000099999999991 0.00000000099999999991 0.00000000099999999991 0.00000000099999999991 
0.00000000099999999998 0.17751406800243973994 0.26771876241820169451 0.00000000099999999998 0.00000000099999999998 0.00000000099999999998 0.00000000099999999998 0.55476716257935843046 0.00000000099999999998 0.00000000099999999998 
0.00000000099999999999 0.08261053082115379920 0.32622011204505685367 0.00000000099999999999 0.00915730130469306208 0.05868641144606299986 0.00000000099999999999 0.52332563938303333639 0.00000000099999999999 0.00000000099999999999 
0.00000000099999999996 0.00000000099999999996 0.43793230642980907064 0.00000000099999999996 0.00000000099999999996 0.56206768557019093357 0.00000000099999999996 0.00000000099999999996 0.00000000099999999996 0.00000000099999999996 
0.00000000099999999998 0.00001028189915603917 0.24385563967036030797 0.01935914186237826587 0.00000000099999999998 0.26039657960955558957 0.00000000099999999998 0.47637835195854993930 0.00000000099999999998 0.00000000099999999998 
0.00000000099999999985 0.00000000099999999985 0.00000000099999999985 0.00000000099999999985 0.00000000099999999985 0.00000000099999999985 0.00000000099999999985 0.00000000099999999985 0.99999999099999992147 0.00000000099999999985 
0.00000000099999999998 0.20423616460467808320 0.34493986192025216653 0.00000000099999999998 0.00000000099999999998 0.00000000099999999998 0.00000000099999999998 0.42538695770288431630 0.02543700977218569734 0.00000000099999999998 
0.00000000099999999968 0.99999999100000014352 0.00000000099999999968 0.00000000099999999968 0.00000000099999999968 0.00000000099999999968 0.00000000099999999968 0.00000000099999999968 0.00000000099999999968 0.00000000099999999968 
0.00000000099999999988 0.00000000099999999988 0.00000000099999999988 0.00000000099999999988 0.00000000099999999988 0.99999999100000014352 0.00000000099999999988 0.00000000099999999988 0.00000000099999999988 0.00000000099999999988 
0.00000000099999999997 0.15708266384179436770 0.39899523691272043013 0.00000000099999999997 0.00000000099999999997 0.34815377940498615228 0.00000000099999999997 0.09576831384049902529 0.00000000099999999997 0.00000000099999999997 
0.00000000099999999956 0.00000000099999999956 0.00000000099999999956 0.00000000099999999956 0.99999999100000014352 0.00000000099999999956 0.00000000099999999956 0.00000000099999999956 0.00000000099999999956 0.00000000099999999956 
0.00000000099999999950 0.00000000099999999950 0.00000000099999999950 0.00000000099999999950 0.99999999100000003249 0.00000000099999999950 0.00000000099999999950 0.00000000099999999950 0.00000000099999999950 0.00000000099999999950 
0.00000000099999999981 0.99999999100000014352 0.00000000099999999981 0.00000000099999999981 0.00000000099999999981 0.00000000099999999981 0.00000000099999999981 0.00000000099999999981 0.00000000099999999981 0.00000000099999999981 
0.00000000099999999979 0.99999999100000014352 0.00000000099999999979 0.00000000099999999979 0.00000000099999999979 0.00000000099999999979 0.00000000099999999979 0.00000000099999999979 0.00000000099999999979 0.00000000099999999979 
0.02257153946921541116 0.09340788763226350044 0.26259474462152393448 0.00000000099999999998 0.00000000099999999998 0.33669843073819116785 0.00000000099999999998 0.28472739253880607890 0.00000000099999999998 0.00000000099999999998 
0.99999999100000025454 0.00000000099999999975 0.00000000099999999975 0.00000000099999999975 0.00000000099999999975 0.00000000099999999975 0.00000000099999999975 0.00000000099999999975 0.00000000099999999975 0.00000000099999999975 
0.20263759109485782184 0.44417174256280622657 0.00000000099999999984 0.00000000099999999984 0.35319065934233617732 0.00000000099999999984 0.00000000099999999984 0.00000000099999999984 0.00000000099999999984 0.00000000099999999984 
0.00000000099999999997 0.11076393020806897527 0.40546102698676983467 0.01468572183731806091 0.00000000099999999997 0.11222455353414013957 0.00000000099999999997 0.35686476243370313099 0.00000000099999999997 0.00000000099999999997 
0.00000000099999999955 0.00000000099999999955 0.00000000099999999955 0.00000000099999999955 0.00000000099999999955 0.00000000099999999955 0.99999999099999992147 0.00000000099999999955 0.00000000099999999955 0.00000000099999999955 
0.00000000099999999943 0.00000000099999999943 0.00000000099999999943 0.00000000099999999943 0.00000000099999999943 0.00000000099999999943 0.99999999100000003249 0.00000000099999999943 0.00000000099999999943 0.00000000099999999943 
0.00000000099999999944 0.00000000099999999944 0.00000000099999999944 0.00000000099999999944 0.00000000099999999944 0.00000000099999999944 0.99999999099999992147 0.00000000099999999944 0.00000000099999999944 0.00000000099999999944 
0.00000000099999999956 0.00000000099999999956 0.00000000099999999956 0.00000000099999999956 0.99999999100000003249 0.00000000099999999956 0.00000000099999999956 0.00000000099999999956 0.00000000099999999956 0.00000000099999999956 
0.00000000099999999944 0.00000000099999999944 0.00000000099999999944 0.00000000099999999944 0.00000000099999999944 0.00000000099999999944 0.00000000099999999944 0.00000000099999999944 0.00000000099999999944 0.99999999099999992147 
0.00000000099999999997 0.12738805022957580548 0.18575008992042155165 0.00000000099999999997 0.00000000099999999997 0.36786287517676019565 0.00000000099999999997 0.31899897867324245038 0.00000000099999999997 0.00000000099999999997 
0.99999999100000025454 0.00000000099999999977 0.00000000099999999977 0.00000000099999999977 0.00000000099999999977 0.00000000099999999977 0.00000000099999999977 0.00000000099999999977 0.00000000099999999977 0.00000000099999999977 
0.00000000099999999944 0.00000000099999999944 0.00000000099999999944 0.00000000099999999944 0.00000000099999999944 0.00000000099999999944 0.00000000099999999944 0.00000000099999999944 0.00000000099999999944 0.99999999100000003249 
0.01432183603825318112 0.23900116676643043401 0.74667699019531663662 0.00000000099999999997 0.00000000099999999997 0.00000000099999999997 0.00000000099999999997 0.00000000099999999997 0.00000000099999999997 0.00000000099999999997 
0.00000000099999999973 0.00000000099999999973 0.00000000099999999973 0.99999999100000014352 0.00000000099999999973 0.00000000099999999973 0.00000000099999999973 0.00000000099999999973 0.00000000099999999973 0.00000000099999999973 
0.00000000099999999956 0.00000000099999999956 0.00000000099999999956 0.00000000099999999956 0.99999999100000014352 0.00000000099999999956 0.00000000099999999956 0.00000000099999999956 0.00000000099999999956 0.00000000099999999956 
0.00000000099999999994 0.00000000099999999994 0.99999999100000003249 0.00000000099999999994 0.00000000099999999994 0.00000000099999999994 0.00000000099999999994 0.00000000099999999994 0.00000000099999999994 0.00000000099999999994 
0.00000000099999999953 0.00000000099999999953 0.00000000099999999953 0.00000000099999999953 0.99999999100000014352 0.00000000099999999953 0.00000000099999999953 0.00000000099999999953 0.00000000099999999953 0.00000000099999999953 
0.41154554317396185859 0.00000000099999999990 0.00000000099999999990 0.00000000099999999990 0.00000000099999999990 0.00000000099999999990 0.00000000099999999990 0.00000000099999999990 0.58845444882603792358 0.00000000099999999990 
0.00000000099999999974 0.00000000099999999974 0.00000000099999999974 0.99999999100000014352 0.00000000099999999974 0.00000000099999999974 0.00000000099999999974 0.00000000099999999974 0.00000000099999999974 0.00000000099999999974 
0.00000000099999999949 0.00000000099999999949 0.00000000099999999949 0.00000000099999999949 0.99999999100000003249 0.00000000099999999949 0.00000000099999999949 0.00000000099999999949 0.00000000099999999949 0.00000000099999999949 
0.00000000099999999945 0.00000000099999999945 0.00000000099999999945 0.00000000099999999945 0.00000000099999999945 0.00000000099999999945 0.00000000099999999945 0.00000000099999999945 0.00000000099999999945 0.99999999100000003249 
0.00000000099999999984 0.00000000099999999984 0.00000000099999999984 0.00000000099999999984 0.00000000099999999984 0.00000000099999999984 0.00000000099999999984 0.00000000099999999984 0.99999999099999992147 0.00000000099999999984 
0.00000000099999999984 0.00000000099999999984 0.00000000099999999984 0.00000000099999999984 0.00000000099999999984 0.00000000099999999984 0.00000000099999999984 0.00000000099999999984 0.99999999099999992147 0.00000000099999999984 
0.00000000099999999993 0.00000000099999999993 0.00000000099999999993 0.50366742011720189165 0.00000000099999999993 0.00000000099999999993 0.00000000099999999993 0.00000000099999999993 0.49633257188279822358 0.00000000099999999993 
0.00000000099999999951 0.00000000099999999951 0.00000000099999999951 0.00000000099999999951 0.00000000099999999951 0.00000000099999999951 0.00000000099999999951 0.00000000099999999951 0.00000000099999999951 0.99999999099999992147 
0.00000000099999999999 0.16374123471059656709 0.25567016776802203859 0.05688178359886593427 0.01278372491162942798 0.00000000099999999999 0.00000000099999999999 0.51092308401088604164 0.00000000099999999999 0.00000000099999999999 
0.00000000099999999999 0.00805700959403700054 0.29121788291776395941 0.00000000099999999999 0.02433629137811780391 0.26713051275996857470 0.00000000099999999999 0.40925300826333399495 0.00000000099999999999 0.00000529108677870952 
0.00000145036406416228 0.00000000099999999996 0.44201784268016353074 0.00000006042329461262 0.00000000099999999996 0.55798064053247786731 0.00000000099999999996 0.00000000099999999996 0.00000000099999999996 0.00000000099999999996 
0.00000000153183538876 0.20013247462590974535 0.32665090214064190777 0.01945453816291764157 0.00000000099999999999 0.15728343476104150733 0.00000000099999999999 0.29647864477765395463 0.00000000099999999999 0.00000000099999999999 
0.26209972093078448552 0.00000000099999999990 0.00000000099999999990 0.00000000099999999990 0.00000000099999999990 0.00000000099999999990 0.00000000099999999990 0.00000000099999999990 0.73790027106921529665 0.00000000099999999990 
0.00000000099999999997 0.18879612854934577082 0.00000000099999999997 0.00000000099999999997 0.00000000099999999997 0.47462559110981800137 0.00000000099999999997 0.33657827334083639803 0.00000000099999999997 0.00000000099999999997 
0.00000000099999999951 0.00000000099999999951 0.00000000099999999951 0.00000000099999999951 0.00000000099999999951 0.00000000099999999951 0.99999999100000003249 0.00000000099999999951 0.00000000099999999951 0.00000000099999999951 
0.00000000099999999997 0.00000000099999999997 0.24760133025329464362 0.00823785840095862289 0.00207007800274530262 0.38003718026984378842 0.00000000099999999997 0.36205354807315770493 0.00000000099999999997 0.00000000099999999997 
0.00000000099999999952 0.00000000099999999952 0.00000000099999999952 0.00000000099999999952 0.00000000099999999952 0.00000000099999999952 0.99999999099999992147 0.00000000099999999952 0.00000000099999999952 0.00000000099999999952 
0.00000356515001799330 0.19481148018006780309 0.41101810758142903746 0.02982954113942058727 0.00000000099999999997 0.36433730094906480179 0.00000000099999999997 0.00000000099999999997 0.00000000099999999997 0.00000000099999999997 
0.00000000099999999954 0.00000000099999999954 0.00000000099999999954 0.00000000099999999954 0.00000000099999999954 0.00000000099999999954 0.99999999099999992147 0.00000000099999999954 0.00000000099999999954 0.00000000099999999954 
0.00000000099999999993 0.00000000099999999993 0.00000000099999999993 0.00000000099999999993 0.00000000099999999993 0.00000000099999999993 0.00000000099999999993 0.99999999100000003249 0.00000000099999999993 0.00000000099999999993 
0.00000000099999999987 0.00000000099999999987 0.00000000099999999987 0.00000000099999999987 0.00000000099999999987 0.99999999100000003249 0.00000000099999999987 0.00000000099999999987 0.00000000099999999987 0.00000000099999999987 
0.19630464705230926681 0.00000000099999999991 0.00000000099999999991 0.23324508386665260273 0.00000000099999999991 0.00000000099999999991 0.00000000099999999991 0.00000000099999999991 0.57045026208103810639 0.00000000099999999991 
0.00000000099999999989 0.00000000099999999989 0.99999999100000014352 0.00000000099999999989 0.00000000099999999989 0.00000000099999999989 0.00000000099999999989 0.00000000099999999989 0.00000000099999999989 0.00000000099999999989 
0.00000000099999999953 0.00000000099999999953 0.00000000099999999953 0.00000000099999999953 0.00000000099999999953 0.00000000099999999953 0.99999999099999992147 0.00000000099999999953 0.00000000099999999953 0.00000000099999999953 
0.00000000099999999958 0.00000000099999999958 0.00000000099999999958 0.00000000099999999958 0.00000000099999999958 0.00000000099999999958 0.99999999099999992147 0.00000000099999999958 0.00000000099999999958 0.00000000099999999958 
0.09053366371500469467 0.01003385813268137770 0.37946487131642386847 0.00000000099999999999 0.00963500071043798569 0.29413061132306228540 0.00000000099999999999 0.21620199080238977629 0.00000000099999999999 0.00000000099999999999 
0.00000000099999999990 0.00000000099999999990 0.00000000099999999990 0.50375766288865231335 0.00000000099999999990 0.00000000099999999990 0.00000000099999999990 0.00000000099999999990 0.49624232911134763535 0.00000000099999999990 
0.00000000099999999958 0.00000000099999999958 0.00000000099999999958 0.00000000099999999958 0.99999999100000003249 0.00000000099999999958 0.00000000099999999958 0.00000000099999999958 0.00000000099999999958 0.00000000099999999958 
0.99999999100000014352 0.00000000099999999973 0.00000000099999999973 0.00000000099999999973 0.00000000099999999973 0.00000000099999999973 0.00000000099999999973 0.00000000099999999973 0.00000000099999999973 0.00000000099999999973 
0.01484050787577026118 0.00000000099999999998 0.40577895619423604012 0.02708879162446420352 0.00000000099999999998 0.00000000099999999998 0.00000000099999999998 0.55229173830552935609 0.00000000099999999998 0.00000000099999999998 
0.00000000099999999949 0.00000000099999999949 0.00000000099999999949 0.00000000099999999949 0.00000000099999999949 0.00000000099999999949 0.99999999099999992147 0.00000000099999999949 0.00000000099999999949 0.00000000099999999949 
0.00000000099999999955 0.00000000099999999955 0.00000000099999999955 0.00000000099999999955 0.71896740542237724814 0.00000000099999999955 0.00000000099999999955 0.00000000099999999955 0.00000000099999999955 0.28103258657762275607 
0.00000000099999999960 0.00000000099999999960 0.00000000099999999960 0.00000000099999999960 0.00000000099999999960 0.00000000099999999960 0.99999999099999992147 0.00000000099999999960 0.00000000099999999960 0.00000000099999999960 
0.00000000099999999999 0.10309660706280501796 0.34035991168806234430 0.00000000099999999999 0.00000000099999999999 0.35841027109261047734 0.00000000099999999999 0.17412131716611731203 0.00387993580429691828 0.02013195318610785239 
0.00000000099999999979 0.00000000099999999979 0.00000000099999999979 0.00000000099999999979 0.00000000099999999979 0.00000000099999999979 0.00000000099999999979 0.00000000099999999979 0.99999999100000003249 0.00000000099999999979 
0.44447875083078286496 0.00000000099999999987 0.00000000099999999987 0.00000000099999999987 0.00000000099999999987 0.00000000099999999987 0.00000000099999999987 0.00000000099999999987 0.55552124116921686170 0.00000000099999999987 
0.00000000099999999995 0.00000000099999999995 0.75856410355133130352 0.24143588844866875620 0.00000000099999999995 0.00000000099999999995 0.00000000099999999995 0.00000000099999999995 0.00000000099999999995 0.00000000099999999995 
0.01401136417225508531 0.00000000099999999999 0.44042416194653305483 0.00000067860784141069 0.00000012600692730105 0.20939824643648302649 0.00000000099999999999 0.31864014095421661077 0.00000000099999999999 0.01752527887574361481 
0.00000000099999999996 0.00000000099999999996 0.46997789123283356671 0.00000000099999999996 0.00000000099999999996 0.52686389310745895820 0.00000000099999999996 0.00000000099999999996 0.00315820865970736732 0.00000000099999999996 
0.00000000099999999998 0.13594218090542894983 0.33246977638278263356 0.02465933038822357148 0.00000000099999999998 0.17373499628250083093 0.00000000099999999998 0.33318004016851948679 0.00001367187254455651 0.00000000099999999998 
0.00515355120210391100 0.16969940923285528611 0.29078224087671683540 0.00000000099999999999 0.00000000099999999999 0.26789806684186828756 0.00000000099999999999 0.26646672684645572593 0.00000000099999999999 0.00000000099999999999 
0.00000000099999999996 0.24406002241742091874 0.44287124053100868082 0.00000000099999999996 0.00000000099999999996 0.00000414052370347539 0.00000000099999999996 0.31306459052786694830 0.00000000099999999996 0.00000000099999999996 
0.00000000099999999997 0.05070702019460389398 0.30305442423974016108 0.00941680427454844385 0.00000000099999999997 0.32157202045338628693 0.00000000099999999997 0.31524972583772115087 0.00000000099999999997 0.00000000099999999997 
0.00000000099999999998 0.28829283584919190853 0.16668491282566247347 0.01676504176081393405 0.00000000099999999998 0.00000410521500157580 0.00000000099999999998 0.52825309934933017963 0.00000000099999999998 0.00000000099999999998 
0.00000000099999999997 0.10291091126652519849 0.62017767647865951197 0.05704268711404470588 0.00000000099999999997 0.21986871914077069090 0.00000000099999999997 0.00000000099999999997 0.00000000099999999997 0.00000000099999999997 
0.29685057605603459852 0.00000000099999999990 0.00000000099999999990 0.00000000099999999990 0.00000000099999999990 0.00000000099999999990 0.00000000099999999990 0.00000000099999999990 0.70314941594396518365 0.00000000099999999990 
0.13497613677107506147 0.00000000099999999996 0.00000000099999999996 0.42639761127824354903 0.00000000099999999996 0.00046458886530973737 0.00000000099999999996 0.00000000099999999996 0.43816165708537158086 0.00000000099999999996 
0.00000000099999999972 0.00000000099999999972 0.00000000099999999972 0.00000000099999999972 0.00000000099999999972 0.00000000099999999972 0.99999999100000003249 0.00000000099999999972 0.00000000099999999972 0.00000000099999999972 
0.00000000099999999993 0.00000000099999999993 0.00000000099999999993 0.28371966722635288960 0.00000000099999999993 0.00000000099999999993 0.00000000099999999993 0.00000000099999999993 0.71628032477364689257 0.00000000099999999993 
0.00000000099999999989 0.00000000099999999989 0.00000000099999999989 0.00000000099999999989 0.00000000099999999989 0.00000000099999999989 0.00000000099999999989 0.00000000099999999989 0.99999999100000003249 0.00000000099999999989 
0.00000000099999999999 0.05679712975743520659 0.29348239023921063318 0.03545593313436842808 0.00018892950118740552 0.14090461806246079579 0.00000000099999999999 0.47317099530533757168 0.00000000099999999999 0.00000000099999999999 
0.00000000099999999943 0.00000000099999999943 0.00000000099999999943 0.00000000099999999943 0.00000000099999999943 0.00000000099999999943 0.99999999100000003249 0.00000000099999999943 0.00000000099999999943 0.00000000099999999943 
0.00000000099999999998 0.12322318152859940144 0.39274330497309417609 0.00000000099999999998 0.00280052318170676299 0.00000000099999999998 0.00000000099999999998 0.48123298431659988772 0.00000000099999999998 0.00000000099999999998 
0.00000000099999999994 0.00000000099999999994 0.00000000099999999994 0.00000000099999999994 0.00000000099999999994 0.00000000099999999994 0.00000000099999999994 0.99999999099999992147 0.00000000099999999994 0.00000000099999999994 
0.00000000099999999998 0.00000000636853560722 0.50427724563273801373 0.00000000099999999998 0.00000000099999999998 0.49572274099872670750 0.00000000099999999998 0.00000000099999999998 0.00000000099999999998 0.00000000099999999998 
0.02511707330475534614 0.05208913627124391044 0.22119693252859365384 0.00000000099999999999 0.00000003556257689993 0.30290124445817090404 0.00000000099999999999 0.39869557387465925924 0.00000000099999999999 0.00000000099999999999 
0.00000000099999999996 0.12023994681027354303 0.24615262808885104984 0.00000000099999999996 0.00000000099999999996 0.63360741810087539694 0.00000000099999999996 0.00000000099999999996 0.00000000099999999996 0.00000000099999999996 
0.05343313457089739205 0.26160383603403386532 0.42004704127919889611 0.00000000099999999997 0.00000000099999999997 0.00000000099999999997 0.00000000099999999997 0.26491598211586997458 0.00000000099999999997 0.00000000099999999997 
0.00000000099999999998 0.02712945407962519956 0.59865535048701867815 0.00000000099999999998 0.00000000099999999998 0.20827056654804593228 0.00000000099999999998 0.16348334516540177774 0.00246127871990824403 0.00000000099999999998 
0.00000000099999999998 0.13502766841463137437 0.50541147741128644721 0.00981751107625563994 0.01219081911611861850 0.33755251645382322589 0.00000000099999999998 0.00000000352788476045 0.00000000099999999998 0.00000000099999999998 
0.00000000099999999998 0.00000000099999999998 0.48899515424436984512 0.00000000099999999998 0.00000000099999999998 0.48585971615362721909 0.00000000099999999998 0.00000000099999999998 0.00000000099999999998 0.02514512260200279722 
0.01698675896340615110 0.16001617715692395549 0.23815703879869509763 0.00000000099999999998 0.00000000099999999998 0.17705540992028967473 0.00000000099999999998 0.39492179596339832548 0.00000000099999999998 0.01286281519728694513 
0.00000000099999999995 0.00000000099999999995 0.57012210113608496886 0.00000000099999999995 0.00000000099999999995 0.00000000099999999995 0.00000000099999999995 0.42987789086391503535 0.00000000099999999995 0.00000000099999999995 
0.00000000099999999990 0.00000000099999999990 0.00000000099999999990 0.00000000099999999990 0.00000000099999999990 0.99999999100000014352 0.00000000099999999990 0.00000000099999999990 0.00000000099999999990 0.00000000099999999990 
0.00000000099999999997 0.12594389753081172700 0.39642391260392101371 0.00000000099999999997 0.00634461312929602769 0.00000006445032944451 0.00000000099999999997 0.47128750728564194894 0.00000000099999999997 0.00000000099999999997 
0.00000000099999999995 0.00000000099999999995 0.31613265147541558253 0.00000000099999999995 0.00000000099999999995 0.68386734052458453270 0.00000000099999999995 0.00000000099999999995 0.00000000099999999995 0.00000000099999999995 
0.00000000099999999998 0.10056695319036515479 0.25759091720786403412 0.01147369408308933185 0.00000000099999999998 0.22630205152290830406 0.00000000099999999998 0.40406637899577335649 0.00000000099999999998 0.00000000099999999998 
0.04108382853581213356 0.21787187770493282590 0.26634519105578657872 0.00000000099999999997 0.00000000099999999997 0.31696668771852037905 0.00000000099999999997 0.15773240998494825194 0.00000000099999999997 0.00000000099999999997 
0.00000000099999999998 0.00000000099999999998 0.46457373074126595558 0.00000000099999999998 0.00000000099999999998 0.00000000099999999998 0.00000000099999999998 0.51620350212935894874 0.01475254546389234006 0.00447021566548262781 
0.00000000099999999998 0.22829221760739931701 0.34313339805551479333 0.00000000099999999998 0.00000000099999999998 0.00060638577222995259 0.00000000099999999998 0.38576820652564586256 0.04219978703921010293 0.00000000099999999998 
0.02347284268530462625 0.19862486460575512481 0.31013904542153875044 0.00000000099999999998 0.00000000099999999998 0.27170284968891456057 0.00000000099999999998 0.19606039259848717649 0.00000000099999999998 0.00000000099999999998 
0.00000000099999999992 0.00000000099999999992 0.99999999100000014352 0.00000000099999999992 0.00000000099999999992 0.00000000099999999992 0.00000000099999999992 0.00000000099999999992 0.00000000099999999992 0.00000000099999999992 
0.02309411333540370773 0.17173627696136967158 0.24525860254756115530 0.00000000100000000000 0.00845488213560780834 0.30618660555429022541 0.06583419237877387309 0.17943246970523774042 0.00000285538175572631 0.00000000100000000000 
0.00000000099999999991 0.00000000099999999991 0.99999999100000003249 0.00000000099999999991 0.00000000099999999991 0.00000000099999999991 0.00000000099999999991 0.00000000099999999991 0.00000000099999999991 0.00000000099999999991 
0.02518276882428923877 0.11714340288268623724 0.41682838046999892700 0.00000000099999999996 0.00000000099999999996 0.00000000099999999996 0.00000000099999999996 0.44084544182302576321 0.00000000099999999996 0.00000000099999999996 
0.03039668788472152036 0.21819414995681804537 0.30208602275124796233 0.00000000099999999997 0.00000000099999999997 0.11235577261106093061 0.00000000099999999997 0.33696736179615149887 0.00000000099999999997 0.00000000099999999997 
0.00000000099999999999 0.15740512055710292882 0.35553929534838457638 0.00000000099999999999 0.01424347403989877255 0.15626674996057024480 0.00000000099999999999 0.31654535509404374549 0.00000000099999999999 0.00000000099999999999 
0.00000000099999999981 0.99999999100000014352 0.00000000099999999981 0.00000000099999999981 0.00000000099999999981 0.00000000099999999981 0.00000000099999999981 0.00000000099999999981 0.00000000099999999981 0.00000000099999999981 
0.00000000099999999999 0.27863336625913048827 0.37949207463699280440 0.00000000099999999999 0.00000000099999999999 0.00000000099999999999 0.00000000099999999999 0.34187455210387679427 0.00000000099999999999 0.00000000099999999999 
0.00000000099999999998 0.16389673721041003729 0.31355346689257312942 0.02349662373398224424 0.00602688220025971236 0.24177152879532279317 0.00000000099999999998 0.25125475716745199195 0.00000000099999999998 0.00000000099999999998 
0.00000000099999999996 0.00000000099999999996 0.29937677173528537411 0.00000000099999999996 0.00000000099999999996 0.42188558845719437151 0.00000000099999999996 0.27873763280752017479 0.00000000099999999996 0.00000000099999999996 
0.04276920259258337048 0.08533756520628806019 0.28220707089121682687 0.00000000099999999996 0.00000000099999999996 0.28151620855183862036 0.00000000099999999996 0.30816994775807310392 0.00000000099999999996 0.00000000099999999996 
0.54274353123449614600 0.00000000099999999988 0.00000000099999999988 0.00000000099999999988 0.00000000099999999988 0.00000000099999999988 0.00000000099999999988 0.00000000099999999988 0.45725646076550396923 0.00000000099999999988 
0.00000000099999999987 0.00000000099999999987 0.00000000099999999987 0.00000000099999999987 0.00000000099999999987 0.00000000099999999987 0.00000000099999999987 0.00000000099999999987 0.99999999100000003249 0.00000000099999999987 
0.00000000099999999962 0.00000000099999999962 0.00000000099999999962 0.00000000099999999962 0.00000000099999999962 0.00000000099999999962 0.99999999099999992147 0.00000000099999999962 0.00000000099999999962 0.00000000099999999962 
0.00000000099999999939 0.00000000099999999939 0.00000000099999999939 0.00000000099999999939 0.00000000099999999939 0.00000000099999999939 0.00000000099999999939 0.00000000099999999939 0.00000000099999999939 0.99999999100000003249 
0.20589548359379253317 0.05673831335695184164 0.00000000099999999999 0.33223241350336246702 0.03930841346891322807 0.00000000099999999999 0.00000000099999999999 0.00000000099999999999 0.36582537107697998824 0.00000000099999999999 
0.00000000099999999990 0.00000000099999999990 0.00000000099999999990 0.00000000099999999990 0.00000000099999999990 0.00000000099999999990 0.00000000099999999990 0.99999999100000003249 0.00000000099999999990 0.00000000099999999990 
0.00000000099999999988 0.00000000099999999988 0.00000000099999999988 0.00000000099999999988 0.00000000099999999988 0.99999999100000014352 0.00000000099999999988 0.00000000099999999988 0.00000000099999999988 0.00000000099999999988 
0.00000000099999999987 0.00000000099999999987 0.00000000099999999987 0.00000000099999999987 0.00000000099999999987 0.00000000099999999987 0.00000000099999999987 0.00000000099999999987 0.99999999099999992147 0.00000000099999999987 
0.00000000099999999996 0.26178615490478196470 0.00000000099999999996 0.00000000099999999996 0.00000000099999999996 0.00000000099999999996 0.00000000099999999996 0.73821383709521792849 0.00000000099999999996 0.00000000099999999996 
0.00572619780868849088 0.11755129065068450900 0.23485925741081353779 0.00000000099999999998 0.00892499412303719708 0.37727973509117274098 0.00000000099999999998 0.25565852091560353765 0.00000000099999999998 0.00000000099999999998 
0.00000000099999999996 0.30802785900575085920 0.52237458773344680463 0.00000000099999999996 0.00000000099999999996 0.16959754626080258966 0.00000000099999999996 0.00000000099999999996 0.00000000099999999996 0.00000000099999999996 
0.00000000099999999949 0.00000000099999999949 0.00000000099999999949 0.00000000099999999949 0.00000000099999999949 0.00000000099999999949 0.99999999099999992147 0.00000000099999999949 0.00000000099999999949 0.00000000099999999949 
0.00000000099999999952 0.00000000099999999952 0.00000000099999999952 0.00000000099999999952 0.00000000099999999952 0.00000000099999999952 0.99999999099999992147 0.00000000099999999952 0.00000000099999999952 0.00000000099999999952 
0.00000000099999999944 0.00000000099999999944 0.00000000099999999944 0.00000000099999999944 0.00000000099999999944 0.00000000099999999944 0.99999999100000003249 0.00000000099999999944 0.00000000099999999944 0.00000000099999999944 
0.00000000099999999945 0.00000000099999999945 0.00000000099999999945 0.00000000099999999945 0.00000000099999999945 0.00000000099999999945 0.99999999100000003249 0.00000000099999999945 0.00000000099999999945 0.00000000099999999945 
0.00000000099999999945 0.00000000099999999945 0.00000000099999999945 0.00000000099999999945 0.00000000099999999945 0.00000000099999999945 0.99999999099999992147 0.00000000099999999945 0.00000000099999999945 0.00000000099999999945 
0.00000000099999999988 0.00000000099999999988 0.00000000099999999988 0.00000000099999999988 0.00000000099999999988 0.00000000099999999988 0.00000000099999999988 0.00000000099999999988 0.99999999100000003249 0.00000000099999999988 
0.00000000099999999999 0.10926578397591132918 0.43292466309997745810 0.00073606186274051259 0.00819617825814754515 0.13756481890104269028 0.00000000099999999999 0.30887880009610652055 0.00243369080607385270 0.00000000099999999999 
0.00000000099999999946 0.00000000099999999946 0.00000000099999999946 0.00000000099999999946 0.00000000099999999946 0.00000000099999999946 0.99999999100000003249 0.00000000099999999946 0.00000000099999999946 0.00000000099999999946 
0.00000000099999999954 0.00000000099999999954 0.00000000099999999954 0.00000000099999999954 0.00000000099999999954 0.00000000099999999954 0.99999999099999992147 0.00000000099999999954 0.00000000099999999954 0.00000000099999999954 
0.00000000099999999937 0.00000000099999999937 0.00000000099999999937 0.00000000099999999937 0.00000000099999999937 0.00000000099999999937 0.00000000099999999937 0.00000000099999999937 0.00000000099999999937 0.99999999099999992147 
0.00000000099999999946 0.00000000099999999946 0.00000000099999999946 0.00000000099999999946 0.99999999100000003249 0.00000000099999999946 0.00000000099999999946 0.00000000099999999946 0.00000000099999999946 0.00000000099999999946 
0.00030483188880076431 0.15021309599923682310 0.56331590000305786781 0.00000000099999999997 0.00000000099999999997 0.00000000099999999997 0.00000000099999999997 0.28616616610890455163 0.00000000099999999997 0.00000000099999999997 
0.00000000099999999950 0.00000000099999999950 0.00000000099999999950 0.00000000099999999950 0.00000000099999999950 0.00000000099999999950 0.99999999100000003249 0.00000000099999999950 0.00000000099999999950 0.00000000099999999950 
0.00000000099999999992 0.00000000099999999992 0.00000000099999999992 0.00000000099999999992 0.00000000099999999992 0.00000000099999999992 0.00000000099999999992 0.99999999100000003249 0.00000000099999999992 0.00000000099999999992 
0.00000000099999999991 0.00000000099999999991 0.00000000099999999991 0.00000000099999999991 0.00000000099999999991 0.00000000099999999991 0.00000000099999999991 0.99999999099999992147 0.00000000099999999991 0.00000000099999999991 
0.00000000099999999995 0.00000000099999999995 0.00000000099999999995 0.48246906744313378113 0.00000000099999999995 0.00000000099999999995 0.00000000099999999995 0.00000000099999999995 0.51753092455686600104 0.00000000099999999995 
0.00000000099999999997 0.08536315084601457659 0.16932880520555926296 0.00000000099999999997 0.00000000099999999997 0.14119392137272929189 0.00000000099999999997 0.59290385829241498694 0.01121025928328177670 0.00000000099999999997 
0.00000000099999999973 0.00000000099999999973 0.00000000099999999973 0.99999999100000003249 0.00000000099999999973 0.00000000099999999973 0.00000000099999999973 0.00000000099999999973 0.00000000099999999973 0.00000000099999999973 
0.02647073195110707933 0.14184464831541759855 0.27499224759844320687 0.00000000099999999998 0.00223809858966706474 0.22331014195977305636 0.00000000099999999998 0.33114412758559214067 0.00000000099999999998 0.00000000099999999998 
0.99999999100000014352 0.00000000099999999972 0.00000000099999999972 0.00000000099999999972 0.00000000099999999972 0.00000000099999999972 0.00000000099999999972 0.00000000099999999972 0.00000000099999999972 0.00000000099999999972 
0.00000000099999999995 0.00000000099999999995 0.00000000099999999995 0.00000000099999999995 0.00000000099999999995 0.00000000099999999995 0.00000000099999999995 0.99999999099999992147 0.00000000099999999995 0.00000000099999999995 
0.00000000099999999993 0.00000000099999999993 0.00000000099999999993 0.00000000099999999993 0.00000000099999999993 0.00000000099999999993 0.00000000099999999993 0.99999999099999992147 0.00000000099999999993 0.00000000099999999993 
0.00000000099999999954 0.00000000099999999954 0.00000000099999999954 0.00000000099999999954 0.00000000099999999954 0.00000000099999999954 0.99999999099999992147 0.00000000099999999954 0.00000000099999999954 0.00000000099999999954 
0.49908708082708286291 0.00000000099999999989 0.00000000099999999989 0.00000000099999999989 0.00000000099999999989 0.00000000099999999989 0.00000000099999999989 0.00000000099999999989 0.50091291117291691926 0.00000000099999999989 
0.00000000099999999946 0.00000000099999999946 0.00000000099999999946 0.00000000099999999946 0.00000000099999999946 0.00000000099999999946 0.99999999099999992147 0.00000000099999999946 0.00000000099999999946 0.00000000099999999946 
0.00000000099999999946 0.00000000099999999946 0.00000000099999999946 0.00000000099999999946 0.00000000099999999946 0.00000000099999999946 0.99999999100000003249 0.00000000099999999946 0.00000000099999999946 0.00000000099999999946 
0.00000000099999999993 0.00000000099999999993 0.99999999100000003249 0.00000000099999999993 0.00000000099999999993 0.00000000099999999993 0.00000000099999999993 0.00000000099999999993 0.00000000099999999993 0.00000000099999999993 
0.00000000099999999997 0.13416120758811692082 0.28708760964286189621 0.04325351146458915330 0.00000000099999999997 0.17211238367283870909 0.00000000099999999997 0.36338528263159336484 0.00000000099999999997 0.00000000099999999997 
0.00000000099999999996 0.00030064023590929153 0.43974854412761738010 0.00000000099999999996 0.00000000099999999996 0.28643303273735271075 0.00000000099999999996 0.26301856334926393410 0.01049921454985668773 0.00000000099999999996 
0.00000000099999999999 0.15354752701168181139 0.32607565637189350749 0.01038125770811516163 0.00000000177647538684 0.13393106263891363383 0.00000000099999999999 0.37606449049292056674 0.00000000099999999999 0.00000000099999999999 
0.00000000099999999994 0.00000000099999999994 0.99999999100000014352 0.00000000099999999994 0.00000000099999999994 0.00000000099999999994 0.00000000099999999994 0.00000000099999999994 0.00000000099999999994 0.00000000099999999994 
0.02026240494293396824 0.00000000099999999997 0.49569426869883309594 0.00000000099999999997 0.00000000099999999997 0.48300736539196087449 0.00000000099999999997 0.00000000099999999997 0.00000000099999999997 0.00103595496627201570 
0.00000000099999999997 0.00000000463201414770 0.27894138743945978698 0.00000000099999999997 0.00000000099999999997 0.30211337946771132934 0.00000000099999999997 0.41894522246081478123 0.00000000099999999997 0.00000000099999999997 
