0.00000000099999999999 0.97455793602816498389 0.01195579493630061045 0.00000000099999999999 0.01348626603553456857 0.00000000099999999999 
0.99999999500000003039 0.00000000099999999989 0.00000000099999999989 0.00000000099999999989 0.00000000099999999989 0.00000000099999999989 
0.00000000099999999992 0.00000000099999999992 0.00000000099999999992 0.00000000099999999992 0.99999999500000003039 0.00000000099999999992 
0.00000222642355690217 0.68832687719573160123 0.00098530866093043934 0.00000000099999999999 0.04720796266717226103 0.26347762405260888308 
0.00000000099999999997 0.00000000099999999997 0.00000000099999999997 0.00000000099999999997 0.00000000099999999997 0.99999999500000003039 
0.00000000099999999999 0.65001787674061517475 0.00363482214934052672 0.00000000099999999999 0.03748305175760232449 0.30886424735244200068 
0.31553844660794516663 0.00000000099999999996 0.00000000099999999996 0.00000000099999999996 0.68446154939205472445 0.00000000099999999996 
0.55570031932320063106 0.00000000099999999994 0.00000000099999999994 0.00000000099999999994 0.44429967667679937104 0.00000000099999999994 
0.01903229105751509664 0.55392812947294012282 0.01582409926185337004 0.00000000099999999999 0.00000000099999999999 0.41121547820769133175 
0.99999999500000003039 0.00000000099999999990 0.00000000099999999990 0.00000000099999999990 0.00000000099999999990 0.00000000099999999990 
0.02026638861466228264 0.61848726141756793506 0.01109459669582547707 0.00000000100000000000 0.00000002180909909136 0.35015173046284520098 
0.02833702279242537175 0.71920816737999382351 0.00723547630056849134 0.00000000099999999999 0.00000000122558756058 0.24521933130142495316 
0.00847214078925874470 0.63199972079230515298 0.00559610449539289442 0.00000000100000000000 0.00000000100000000000 0.35393203192304323323 
0.00000003598400307449 0.66151767074336798036 0.01618655097001499635 0.00000000100000000000 0.01366604901434321714 0.30862969228827058510 
0.00795866702258518806 0.70061478154031986421 0.01828023205493801984 0.00467961902708419544 0.00000000100000000000 0.26846669935507261329 
0.06253452915114564303 0.53043057563056317250 0.03031919498542029467 0.00000000099999999999 0.00000000099999999999 0.37671569823287098799 
0.01769184920939871272 0.69970250132485745098 0.00000000099999999999 0.00000000099999999999 0.00000000099999999999 0.28260564646574398706 
0.00000000099999999999 0.53308019783940141512 0.00398102030418226015 0.00456733024524406516 0.00000000099999999999 0.45837144961117215480 
0.01619013934515165995 0.64958061598840455275 0.00736813364632891901 0.00623381117826600408 0.00000000100000000000 0.32062729884184881790 
0.01687955293049916289 0.53855816704011238993 0.00356279651896266019 0.00000000099999999998 0.00000000099999999998 0.44099948151042572819 
0.00000000099999999998 0.99999999500000003039 0.00000000099999999998 0.00000000099999999998 0.00000000099999999998 0.00000000099999999998 
0.57407647205970646631 0.00000000099999999997 0.00000000099999999997 0.00000000099999999997 0.42592352394029359131 0.00000000099999999997 
0.00000000099999999998 0.98174495025756725042 0.00000000099999999998 0.00000000099999999998 0.01825504574243286618 0.00000000099999999998 
0.00000000099999999993 0.00000000099999999993 0.00000000099999999993 0.00000000099999999993 0.00000000099999999993 0.99999999499999991937 
0.00000000099999999998 0.71034146906279216349 0.00000000099999999998 0.00000000099999999998 0.04386339687515609931 0.24579513106205186368 
0.00000000099999999999 0.66918525138172968436 0.00246107050286357727 0.00000000099999999999 0.00000000099999999999 0.32835367511540675123 
0.00000000099999999978 0.00000000099999999978 0.99999999499999991937 0.00000000099999999978 0.00000000099999999978 0.00000000099999999978 
0.00000000099999999975 0.00000000099999999975 0.99999999499999991937 0.00000000099999999975 0.00000000099999999975 0.00000000099999999975 
0.01150868686734870562 0.67424825952425737619 0.00818718629972916070 0.00000000099999999999 0.00000000099999999999 0.30605586530866474293 
0.00000000099999999999 0.71902395770143623377 0.01086976203701578089 0.00000000099999999999 0.00000000099999999999 0.27010627726154812223 
0.00000000099999999997 0.98101472724581983975 0.00000000099999999997 0.00000000099999999997 0.01898526875418019705 0.00000000099999999997 
0.00000000099999999993 0.00000000099999999993 0.00000000099999999993 0.00000000099999999993 0.99999999500000003039 0.00000000099999999993 
0.00000000099999999994 0.00000000099999999994 0.35532324644373824984 0.00000000099999999994 0.22017776087586868328 0.42449898968039295744 
0.01190168684737890475 0.75255211961695189782 0.00000000099999999998 0.00000000099999999998 0.00000000099999999998 0.23554619053566921982 
0.00000000099999999975 0.00000000099999999975 0.00000000099999999975 0.99999999499999991937 0.00000000099999999975 0.00000000099999999975 
0.00000000099999999968 0.00000000099999999968 0.00000000099999999968 0.99999999500000003039 0.00000000099999999968 0.00000000099999999968 
0.00000000099999999968 0.00000000099999999968 0.00000000099999999968 0.99999999500000003039 0.00000000099999999968 0.00000000099999999968 
0.00000000099999999979 0.00000000099999999979 0.99999999500000003039 0.00000000099999999979 0.00000000099999999979 0.00000000099999999979 
0.00000000099999999976 0.00000000099999999976 0.99999999499999991937 0.00000000099999999976 0.00000000099999999976 0.00000000099999999976 
0.01317773534619749373 0.51082265116665614979 0.00000000099999999999 0.00000000099999999999 0.00000000099999999999 0.47599961048714639622 
0.24452857890431345389 0.00000000099999999996 0.00000000099999999996 0.00000000099999999996 0.75547141709568654822 0.00000000099999999996 
0.00000000099999999977 0.00000000099999999977 0.99999999499999991937 0.00000000099999999977 0.00000000099999999977 0.00000000099999999977 
0.00000000099999999999 0.54183903522250942419 0.00856140295477998692 0.00000000099999999999 0.03725135521275945577 0.41234820460995119662 
0.99999999500000003039 0.00000000099999999990 0.00000000099999999990 0.00000000099999999990 0.00000000099999999990 0.00000000099999999990 
0.00000000099999999980 0.00000000099999999980 0.99999999499999991937 0.00000000099999999980 0.00000000099999999980 0.00000000099999999980 
0.00000000099999999999 0.69561167313627114694 0.00519380175935390057 0.00000000099999999999 0.03054210782392031628 0.26865241528045463726 
0.00000000099999999978 0.00000000099999999978 0.99999999499999991937 0.00000000099999999978 0.00000000099999999978 0.00000000099999999978 
0.00000000099999999992 0.00000000099999999992 0.00000000099999999992 0.00000000099999999992 0.99999999500000003039 0.00000000099999999992 
0.00000000099999999990 0.00000000099999999990 0.00000000099999999990 0.00000000099999999990 0.99999999500000003039 0.00000000099999999990 
0.00000000099999999975 0.00000000099999999975 0.99999999500000003039 0.00000000099999999975 0.00000000099999999975 0.00000000099999999975 
0.00000000099999999977 0.00000000099999999977 0.99999999500000003039 0.00000000099999999977 0.00000000099999999977 0.00000000099999999977 
0.99999999500000014141 0.00000000099999999989 0.00000000099999999989 0.00000000099999999989 0.00000000099999999989 0.00000000099999999989 
0.00000000099999999991 0.00000000099999999991 0.00000000099999999991 0.00000000099999999991 0.99999999499999991937 0.00000000099999999991 
0.36795544958349929443 0.00000000099999999997 0.00000000099999999997 0.00000000099999999997 0.63204454641650054114 0.00000000099999999997 
0.00000000099999999981 0.00000000099999999981 0.99999999500000003039 0.00000000099999999981 0.00000000099999999981 0.00000000099999999981 
0.06016084877658517405 0.52564006291846976371 0.01728805585462947145 0.00000000099999999999 0.00000000099999999999 0.39691103045031567165 
0.00000000100000000000 0.74224719311797759946 0.02751165655165071361 0.00000000100000000000 0.00739068348882421754 0.22285046484154744095 
0.03238526361053909591 0.62923394457463011076 0.00000000099999999999 0.00000000099999999999 0.00000000099999999999 0.33838078881483091287 
0.02660004688872576878 0.67666331711317795339 0.00001086216914395359 0.00000000099999999999 0.00000000099999999999 0.29672577182895254477 
0.00000000099999999992 0.00000000099999999992 0.00000000099999999992 0.00000000099999999992 0.99999999499999991937 0.00000000099999999992 
0.00983160165455840285 0.73671052808376080723 0.00443502637936172336 0.00000000100000000000 0.00000000100000000000 0.24902284188231912920 
0.00000000099999999972 0.00000000099999999972 0.00000000099999999972 0.99999999499999991937 0.00000000099999999972 0.00000000099999999972 
0.00000000099999999994 0.00000000099999999994 0.00000000099999999994 0.00000000099999999994 0.00000000099999999994 0.99999999499999991937 
0.00000000099999999973 0.00000000099999999973 0.00000000099999999973 0.99999999500000003039 0.00000000099999999973 0.00000000099999999973 
0.04646719756731902684 0.52015578837725429118 0.00000000099999999999 0.00000000099999999999 0.00000000099999999999 0.43337701105542680846 
0.00000000099999999974 0.00000000099999999974 0.00000000099999999974 0.99999999500000003039 0.00000000099999999974 0.00000000099999999974 
0.02065464342277649815 0.66493377205845027866 0.00141700802456390948 0.00000000099999999999 0.00000000099999999999 0.31299457449420953203 
0.02042845438065359412 0.70745454671440988204 0.00431837381995362011 0.00000000100000000000 0.00000305077393638025 0.26779557331104664186 
0.99999999500000003039 0.00000000099999999989 0.00000000099999999989 0.00000000099999999989 0.00000000099999999989 0.00000000099999999989 
0.00000000099999999998 0.64215417802842145178 0.00000000099999999998 0.00000000099999999998 0.00000000099999999998 0.35784581797157877237 
0.00000000099999999974 0.00000000099999999974 0.00000000099999999974 0.99999999499999991937 0.00000000099999999974 0.00000000099999999974 
0.00000000099999999976 0.00000000099999999976 0.00000000099999999976 0.99999999500000003039 0.00000000099999999976 0.00000000099999999976 
0.04677492062355292218 0.65986056965288675258 0.00894843888291075619 0.00000000099999999999 0.04153745644913376528 0.24287861339151570195 
0.33323798180444608175 0.00000000099999999994 0.00000000099999999994 0.00000000099999999994 0.66676201419555380934 0.00000000099999999994 
0.00000000099999999981 0.00000000099999999981 0.99999999499999991937 0.00000000099999999981 0.00000000099999999981 0.00000000099999999981 
0.99999999500000014141 0.00000000099999999989 0.00000000099999999989 0.00000000099999999989 0.00000000099999999989 0.00000000099999999989 
0.00000000099999999999 0.44798527698647516715 0.00000000099999999999 0.00000000099999999999 0.04619690570090026482 0.50581781431262462512 
0.00000000099999999971 0.00000000099999999971 0.00000000099999999971 0.99999999500000003039 0.00000000099999999971 0.00000000099999999971 
0.00000000099999999973 0.00000000099999999973 0.99999999500000003039 0.00000000099999999973 0.00000000099999999973 0.00000000099999999973 
0.00000000099999999978 0.00000000099999999978 0.00000000099999999978 0.99999999499999991937 0.00000000099999999978 0.00000000099999999978 
0.00141961514599285013 0.64389548581675737360 0.01915809592921637050 0.00155259419010844940 0.00000000100000000000 0.33397420791792498118 
0.48142831739814767600 0.00000000099999999994 0.00000000099999999994 0.00000000099999999994 0.51857167860185227060 0.00000000099999999994 
0.60626125724817647722 0.00000000099999999994 0.00000000099999999994 0.00000000099999999994 0.39373873875182352489 0.00000000099999999994 
0.00000000099999999999 0.43716373655859541714 0.00177250484989963965 0.00000000099999999999 0.24241599348789943935 0.31864776310360543032 
0.00000000099999999999 0.87078801093786639687 0.02119351453903437973 0.00000000099999999999 0.02778684655740268350 0.08023162596569659299 
0.00000000099999999997 0.99999999500000014141 0.00000000099999999997 0.00000000099999999997 0.00000000099999999997 0.00000000099999999997 
0.00000000124711935137 0.62731749918073964611 0.00000000099999999999 0.00000000099999999999 0.02916338489872207299 0.34351911267341905809 
0.00531449100451277402 0.50899047113045203794 0.00000298900275817391 0.00000000099999999999 0.00000000099999999999 0.48569204686227707146 
0.00000000099999999997 0.78218822617624161886 0.00000000099999999997 0.00000000099999999997 0.00000000099999999997 0.21781176982375852202 
0.00000000316051572621 0.50782363690361687070 0.00000000099999999998 0.00000000099999999998 0.01869954041469563608 0.47347681752117187770 
0.00000000099999999999 0.62297267457969018878 0.00509446373449436597 0.00000000099999999999 0.02775222464603542549 0.34418063503978008066 
0.05480586076850916394 0.75621728526859288699 0.00000000099999999999 0.00000000099999999999 0.00000000099999999999 0.18897685096289812412 
0.99999999500000003039 0.00000000099999999990 0.00000000099999999990 0.00000000099999999990 0.00000000099999999990 0.00000000099999999990 
0.57669973956999220910 0.00000000099999999998 0.00000000099999999998 0.00000000099999999998 0.42330025643000773750 0.00000000099999999998 
0.00000000099999999984 0.00000000099999999984 0.00000000099999999984 0.99999999500000003039 0.00000000099999999984 0.00000000099999999984 
0.62829374004604821025 0.00000000099999999997 0.00000000099999999997 0.00000000099999999997 0.37170625595395173635 0.00000000099999999997 
0.31950209406502977361 0.00000000099999999997 0.00000000099999999997 0.00000000099999999997 0.68049790193497006197 0.00000000099999999997 
0.00000000099999999999 0.57544348235049658236 0.00707708303438504480 0.00000000099999999999 0.03311903342100103176 0.38436039919411746357 
0.00000000099999999968 0.00000000099999999968 0.00000000099999999968 0.99999999499999991937 0.00000000099999999968 0.00000000099999999968 
0.00000000099999999999 0.63780280191340632534 0.00485741971622327337 0.00000000099999999999 0.00000000099999999999 0.35733977537037059369 
0.00000000099999999996 0.00000000099999999996 0.00000000099999999996 0.00000000099999999996 0.00000000099999999996 0.99999999500000003039 
0.00000000100000000000 0.67182079566955865690 0.00647961200576723049 0.00000005543542455724 0.00846095385729572422 0.31323858203195387162 
0.00000000099999999999 0.68180030835723837157 0.00253915030214169448 0.00000000099999999999 0.04230875650811218719 0.27335178283250777254 
0.00000000099999999994 0.00000000099999999994 0.00000000099999999994 0.00000000099999999994 0.00000000099999999994 0.99999999500000003039 
0.04733303557818238638 0.75235732937346477822 0.00000000099999999999 0.00000000099999999999 0.00000000099999999999 0.20030963204835280922 
0.00757423997455159391 0.65496991453635278191 0.00551242829887068925 0.00000000099999999999 0.00000000099999999999 0.33194341519022507736 
0.00000000099999999999 0.69415880778128502548 0.00749254377324948956 0.00000000099999999999 0.02279467832625176396 0.27555396811921373246 
0.02212047209892184507 0.59111911450885890051 0.02897763933948297593 0.00389007067970976832 0.00000000100000000000 0.35389270237302650202 
0.01295038700244281575 0.55629588870032498082 0.01279201041609538680 0.00000000099999999999 0.00000000099999999999 0.41796171188113684369 
0.00000000099999999998 0.66806971217938559970 0.00000000099999999998 0.00000000099999999998 0.00000000099999999998 0.33193028382061462445 
0.00000000100000000000 0.56758271466412091311 0.02521221958137588245 0.00060601662734356167 0.03421554275048974136 0.37238350537666992102 
0.00000000099999999995 0.00000000099999999995 0.00000000099999999995 0.00000000099999999995 0.00000000099999999995 0.99999999500000003039 
0.00000000099999999998 0.99999998349161511868 0.00000000099999999998 0.00000000099999999998 0.00000001250838497845 0.00000000099999999998 
0.00405725643381769311 0.67438786348796486703 0.00000000099999999999 0.00000000099999999999 0.00000000099999999999 0.32155487707821739374 
0.01539543562281141947 0.56059853287726579829 0.00000000099999999999 0.00000000099999999999 0.02385965966582070247 0.40014636983410228899 
0.02261757831691051102 0.66552665301183233648 0.00526222113894168810 0.00000000099999999999 0.00000000099999999999 0.30659354553231543683 
0.05160294965675115558 0.63339498930170623492 0.00000000099999999999 0.00000000099999999999 0.00000000099999999999 0.31500205804154252087 
0.00000000332008265808 0.77720174615417969566 0.00000000099999999999 0.00000000099999999999 0.00450199747744481175 0.21829625104829292193 
0.00000000099999999999 0.47747713149309167768 0.00000000099999999999 0.00000000099999999999 0.03315528598380163006 0.48936757952310672160 
0.03830583941690332561 0.54478722136617985239 0.00461958151957398040 0.06708845577920376224 0.00000000100000000000 0.34519890091813898447 
0.01263332342427333013 0.59007943654625749641 0.00000000099999999998 0.00000000099999999998 0.00000000099999999998 0.39728723702946927565 
0.00000000099999999995 0.00000000099999999995 0.00000000099999999995 0.00000000099999999995 0.00000000099999999995 0.99999999500000003039 
0.04170840786755501683 0.60004709559834068511 0.00000000099999999998 0.00000000099999999998 0.00000000099999999998 0.35824449353410448005 
0.00000000099999999997 0.99486117667262508046 0.00513881932737509598 0.00000000099999999997 0.00000000099999999997 0.00000000099999999997 
0.01726494045417573814 0.67326065069611351621 0.00000000099999999998 0.00000000099999999998 0.00002157041128090288 0.30945283643842991239 
0.00008156989597817668 0.56221986572784010683 0.00534997155436602555 0.00311177919541473806 0.00936933034086203341 0.41986748328553902265 
0.00000000208571480245 0.51539603025797220415 0.00570321904817283620 0.00000000099999999999 0.01391760308662983760 0.46498314452151029430 
0.00000000099999999997 0.99999999500000014141 0.00000000099999999997 0.00000000099999999997 0.00000000099999999997 0.00000000099999999997 
0.00000000099999999996 0.96539179999949631394 0.00000000099999999996 0.00000000099999999996 0.03460819600050368816 0.00000000099999999996 
0.45850589469345104376 0.00000000099999999995 0.00000000099999999995 0.00000000099999999995 0.54149410130654884732 0.00000000099999999995 
0.00000000099999999993 0.00000000099999999993 0.00000000099999999993 0.00000000099999999993 0.99999999500000003039 0.00000000099999999993 
0.00000000099999999979 0.00000000099999999979 0.00000000099999999979 0.99999999499999991937 0.00000000099999999979 0.00000000099999999979 
0.00000000099999999974 0.00000000099999999974 0.99999999500000003039 0.00000000099999999974 0.00000000099999999974 0.00000000099999999974 
0.00000000099999999999 0.00000000159678669661 0.04363790855271623692 0.00000000099999999999 0.95636208685049706180 0.00000000099999999999 
0.01389965873241977116 0.53646426704928473761 0.00000000099999999998 0.00000000099999999998 0.00422874978469486504 0.44540732243360064979 
0.03845381947409043377 0.60599481888270645413 0.00085129261095368859 0.00000000100000000000 0.00000000100000000000 0.35470006703224965516 
0.00000000099999999994 0.00000000099999999994 0.00000000099999999994 0.00000000099999999994 0.99999999499999991937 0.00000000099999999994 
0.02472227381160292323 0.66345646930249835282 0.00000000099999999999 0.00000000099999999999 0.00000493391660025282 0.31181632096929856601 
0.00000000099999999998 0.66765353697016927015 0.01109535556643769828 0.00000000099999999998 0.01903846335812156565 0.30221264210527137850 
0.00000000099999999997 0.99999999500000014141 0.00000000099999999997 0.00000000099999999997 0.00000000099999999997 0.00000000099999999997 
0.00000000099999999971 0.00000000099999999971 0.00000000099999999971 0.99999999499999991937 0.00000000099999999971 0.00000000099999999971 
0.00000000099999999973 0.00000000099999999973 0.00000000099999999973 0.99999999499999991937 0.00000000099999999973 0.00000000099999999973 
0.00000000099999999968 0.00000000099999999968 0.00000000099999999968 0.99999999500000003039 0.00000000099999999968 0.00000000099999999968 
0.00000000099999999969 0.00000000099999999969 0.00000000099999999969 0.99999999499999991937 0.00000000099999999969 0.00000000099999999969 
0.00000000099999999970 0.00000000099999999970 0.00000000099999999970 0.99999999500000003039 0.00000000099999999970 0.00000000099999999970 
0.58383694197935764869 0.00000000099999999997 0.00000000099999999997 0.00000000099999999997 0.41616305402064246444 0.00000000099999999997 
0.00000000100000000000 0.58641776694952951754 0.01084728872799618077 0.00000000100000000000 0.01069418921432086986 0.39204075310815333921 
0.00000000099999999970 0.00000000099999999970 0.00000000099999999970 0.99999999499999991937 0.00000000099999999970 0.00000000099999999970 
0.00000000099999999974 0.00000000099999999974 0.00000000099999999974 0.99999999500000003039 0.00000000099999999974 0.00000000099999999974 
0.00000000099999999973 0.00000000099999999973 0.99999999500000003039 0.00000000099999999973 0.00000000099999999973 0.00000000099999999973 
0.00000000099999999973 0.00000000099999999973 0.99999999500000003039 0.00000000099999999973 0.00000000099999999973 0.00000000099999999973 
0.00000000099999999999 0.57938869336600540283 0.00000000099999999999 0.00000000099999999999 0.00146146708244259110 0.41914983655155196862 
0.00000000099999999972 0.00000000099999999972 0.00000000099999999972 0.99999999499999991937 0.00000000099999999972 0.00000000099999999972 
0.00000000099999999999 0.42121678458093669839 0.00000000099999999999 0.00000000099999999999 0.01825349599564245889 0.56052971642342064307 
0.00000000099999999999 0.59674796991151390912 0.00000000099999999999 0.00000000099999999999 0.00000000099999999999 0.40325202608848603747 
0.29413578856769118097 0.01652556616307884058 0.00000000099999999998 0.00000000099999999998 0.68905570759728751451 0.00028293567194247931 
0.01812805409457884931 0.56642149938877328630 0.00000000099999999998 0.00000000099999999998 0.00000000099999999998 0.41545044351664800475 
0.36989148378300384934 0.00000000099999999994 0.00000000099999999994 0.00000000099999999994 0.63010851221699615277 0.00000000099999999994 
0.00000000099999999999 0.48795301331448065474 0.00411968481027561589 0.00000000099999999999 0.02675584906725541820 0.48117145080798828793 
0.00000000099999999990 0.00000000099999999990 0.00000000099999999990 0.00000000099999999990 0.99999999499999991937 0.00000000099999999990 
0.00000000099999999999 0.59566004089395097054 0.01694721562793431377 0.00000000099999999999 0.02904004491386468975 0.35835269656425011719 
0.00000000100000000000 0.52262547391745084457 0.01248364224383109386 0.00000000100000000000 0.00000470856586500790 0.46488617327285308711 
0.00000000099999999974 0.00000000099999999974 0.00000000099999999974 0.99999999500000003039 0.00000000099999999974 0.00000000099999999974 
0.00000000099999999991 0.00000000099999999991 0.00000000099999999991 0.00000000099999999991 0.99999999500000003039 0.00000000099999999991 
0.00000000099999999969 0.00000000099999999969 0.00000000099999999969 0.99999999500000003039 0.00000000099999999969 0.00000000099999999969 
0.00000000099999999969 0.00000000099999999969 0.00000000099999999969 0.99999999499999991937 0.00000000099999999969 0.00000000099999999969 
0.00000000251515902754 0.65105108401126077222 0.00000000099999999999 0.00000000099999999999 0.01789624682972635120 0.33105266464385391112 
0.00000000099999999999 0.55028506072117178149 0.00000000099999999999 0.00000000099999999999 0.03535301187172336379 0.41436192440710495344 
0.01785893427804132946 0.69214524415731837337 0.00000000099999999998 0.00000000099999999998 0.00000000099999999998 0.28999581856464046181 
0.00234772436344821579 0.49534442675770051778 0.00276703572731750629 0.00000000099999999999 0.00013739907820916914 0.49940341307332475340 
0.02714713599673519717 0.58458987892221092597 0.01183989438810756877 0.00000000099999999999 0.00000000099999999999 0.37642308869294649476 
0.00000714528201876550 0.64261122951547333670 0.00635928465107638875 0.00000000099999999999 0.02443520202741077466 0.32658713752402079855 
0.00000000099999999995 0.00000000099999999995 0.00000000099999999995 0.00000000099999999995 0.00000000099999999995 0.99999999499999991937 
0.99999999500000014141 0.00000000099999999993 0.00000000099999999993 0.00000000099999999993 0.00000000099999999993 0.00000000099999999993 
0.00000000099999999998 0.73838689894752496112 0.00000000099999999998 0.00000000099999999998 0.00000000099999999998 0.26161309705247531854 
0.00000000099999999970 0.00000000099999999970 0.00000000099999999970 0.99999999499999991937 0.00000000099999999970 0.00000000099999999970 
0.00000000260479206949 0.99999999339520806441 0.00000000099999999998 0.00000000099999999998 0.00000000099999999998 0.00000000099999999998 
0.00000000099999999990 0.00000000099999999990 0.00000000099999999990 0.99999999499999991937 0.00000000099999999990 0.00000000099999999990 
0.00000000099999999974 0.00000000099999999974 0.00000000099999999974 0.99999999500000003039 0.00000000099999999974 0.00000000099999999974 
0.00000000099999999999 0.65871948099856980630 0.00000000099999999999 0.00000000099999999999 0.03939654427115744928 0.30188397173027275988 
0.00000000099999999999 0.50915345237798448341 0.00728888532171430206 0.00000000099999999999 0.00000000099999999999 0.48355765930030131239 
0.03641918084587377619 0.74890753112144692327 0.00000000099999999999 0.00000000099999999999 0.00000000099999999999 0.21467328503267926743 
0.00000000099999999976 0.00000000099999999976 0.00000000099999999976 0.99999999499999991937 0.00000000099999999976 0.00000000099999999976 
0.55914257965213531865 0.00000000099999999995 0.00000000099999999995 0.00000000099999999995 0.44085741634786473897 0.00000000099999999995 
0.49844542024724886042 0.00000000099999999995 0.00000000099999999995 0.00000000099999999995 0.50155457575275108617 0.00000000099999999995 
0.00000000099999999973 0.00000000099999999973 0.00000000099999999973 0.99999999500000003039 0.00000000099999999973 0.00000000099999999973 
0.00000001131099430464 0.64115622458101972914 0.00725634688560860153 0.00000000099999999999 0.01423225187934622910 0.33735516434303125521 
0.04792712039613489933 0.61590382478957195200 0.01509374364366999725 0.00000000100000000000 0.00000000293063997259 0.32107530723998323197 
0.00000000099999999974 0.00000000099999999974 0.00000000099999999974 0.99999999500000003039 0.00000000099999999974 0.00000000099999999974 
0.00000138695806798721 0.50865073781069547465 0.00688761746731590945 0.00000000099999999999 0.00852146145023450347 0.47593879531368621372 
0.99999999500000014141 0.00000000099999999988 0.00000000099999999988 0.00000000099999999988 0.00000000099999999988 0.00000000099999999988 
0.23889306284222955323 0.54659639434402906844 0.11304515924022012774 0.10146538157352116838 0.00000000100000000000 0.00000000100000000000 
0.03314693090562952776 0.47695657713429767677 0.00000000100000000000 0.00012820081991574874 0.00000000100000000000 0.48976828914015713146 
0.00000000099999999998 0.97088143985492192378 0.00669443979474481417 0.00000000099999999998 0.02242411735033327316 0.00000000099999999998 
0.00565819745347468078 0.67151672778641890993 0.01484081327376624015 0.00000000099999999999 0.00000002722089146766 0.30798423326544882572 
0.00000000099999999999 0.53805850058512205702 0.00970658718671569068 0.00000000099999999999 0.00227548563093684037 0.44995942459722548801 
0.00000000099999999999 0.63995969988305378973 0.00303528131572770171 0.00000000099999999999 0.00000000099999999999 0.35700501580121868361 
0.00000000099999999997 0.00000000099999999997 0.00000000099999999997 0.00000000099999999997 0.00000000099999999997 0.99999999499999991937 
0.00000000099999999999 0.36290967895239856222 0.00799313263981393275 0.00000000099999999999 0.01213695031378098435 0.61696023609400629795 
0.03155686091879544852 0.64459057903916894272 0.00395086790513700121 0.00817944870989389776 0.00000000100000000000 0.31172224242700463659 
0.54485431175671183990 0.00000000099999999996 0.00000000099999999996 0.00000000099999999996 0.45514568424328805119 0.00000000099999999996 
0.00000000099999999998 0.99999815324523233517 0.00000000099999999998 0.00000000099999999998 0.00000184275476767773 0.00000000099999999998 
0.00000000099999999994 0.00000000099999999994 0.00000000099999999994 0.00000000099999999994 0.00000000099999999994 0.99999999499999991937 
0.00000000100000000000 0.61337121601437560869 0.00166359037128413208 0.00000000100000000000 0.05381757901594366039 0.33114761259839653462 
0.03082477660401024971 0.53976916449694700706 0.00000000099999999998 0.00000000099999999998 0.00000000099999999998 0.42940605589904290440 
0.05951660343148661159 0.65238506983656130434 0.00001292040292760465 0.00000000099999999999 0.00000000099999999999 0.28808540432902463024 
0.00000000099999999999 0.57585273616860610524 0.00000000099999999999 0.00000000099999999999 0.00000000099999999999 0.42414725983139395238 
0.00000000099999999996 0.00000000099999999996 0.00000000099999999996 0.00000000099999999996 0.00000000099999999996 0.99999999500000003039 
0.00000000099999999994 0.00000000099999999994 0.00000000099999999994 0.00000000099999999994 0.99999999499999991937 0.00000000099999999994 
0.03015985623644115363 0.76232095512557773720 0.01719755254902325531 0.00000000099999999999 0.00000000099999999999 0.19032163408895796941 
0.01645489985033224412 0.58092334902927889040 0.01019547132090505882 0.00000000099999999999 0.00000000099999999999 0.39242627779948369149 
0.00000000100000000000 0.48232800299862554905 0.00000000100000000000 0.00967438730411119240 0.01463456495780786001 0.49336304273945535970 
0.24148204492134400789 0.00000000099999999997 0.00000000099999999997 0.00000000099999999997 0.75851795107865604972 0.00000000099999999997 
0.03003909257013568854 0.57203233029341160609 0.00000000100000000000 0.01846531572378290117 0.00000008157510921311 0.37946317883756064404 
0.00000000100000000000 0.60510673295485495338 0.00762575468245607190 0.00000000100000000000 0.01767365274706728800 0.36959385761562180139 
0.24107554513885953718 0.28016982175347332484 0.00945168191175703963 0.00000000099999999999 0.24306850001128968430 0.22623445018462057243 
0.00000000099999999995 0.00000000099999999995 0.00000000099999999995 0.00000000099999999995 0.00000000099999999995 0.99999999499999991937 
0.00000000099999999975 0.00000000099999999975 0.00000000099999999975 0.99999999499999991937 0.00000000099999999975 0.00000000099999999975 
0.00000000099999999999 0.65867178456641484185 0.01695886165194411196 0.00000000099999999999 0.02898602598920117443 0.29538332579243986586 
0.00000000099999999999 0.59210309295641272431 0.00393698705889141895 0.00000000099999999999 0.03289843718168217190 0.37106148080301371017 
