0.13407959224223739425 0.00000000099999999998 0.39996295860183594950 0.24913575427118833661 0.01710777842759960560 0.00000000099999999998 0.00000000099999999998 0.00000000099999999998 0.00000000099999999998 0.19971391045713879353 0.00000000099999999998 
0.00000000099999999992 0.00000000099999999992 0.00000000099999999992 0.00000000099999999992 0.00000000099999999992 0.00000000099999999992 0.99999999000000006077 0.00000000099999999992 0.00000000099999999992 0.00000000099999999992 0.00000000099999999992 
0.00000000099999999992 0.00000000099999999992 0.00000000099999999992 0.00000000099999999992 0.00000000099999999992 0.00000000099999999992 0.99999999000000006077 0.00000000099999999992 0.00000000099999999992 0.00000000099999999992 0.00000000099999999992 
0.13902443033590494714 0.33574135612785110938 0.16976586853585351466 0.00000000099999999997 0.00000000099999999997 0.00000000099999999997 0.01978158329146822644 0.00000000099999999997 0.00000000099999999997 0.33568675570892214655 0.00000000099999999997 
0.16064431404638138123 0.29924352911328794269 0.29179928037390406859 0.00000002119246658810 0.00000000099999999998 0.00000000099999999998 0.00000000099999999998 0.00000000099999999998 0.06833199406114913443 0.00000000099999999998 0.17998085621281112445 
0.18757705886363196246 0.00000000099999999996 0.45363763431076953303 0.35878529882559861974 0.00000000099999999996 0.00000000099999999996 0.00000000099999999996 0.00000000099999999996 0.00000000099999999996 0.00000000099999999996 0.00000000099999999996 
0.00000000099999999992 0.00000000099999999992 0.00000000099999999992 0.00000000099999999992 0.00000000099999999992 0.00000000099999999992 0.97151666568768768606 0.00000000099999999992 0.02848332531231227704 0.00000000099999999992 0.00000000099999999992 
0.00000000099999999988 0.00000000099999999988 0.00000000099999999988 0.00000000099999999988 0.00000000099999999988 0.00000000099999999988 0.99999998999999994975 0.00000000099999999988 0.00000000099999999988 0.00000000099999999988 0.00000000099999999988 
0.00000000099999999995 0.49941913932786546892 0.00000000099999999995 0.00000000099999999995 0.00000000099999999995 0.00000000099999999995 0.00000000099999999995 0.00000000099999999995 0.00000000099999999995 0.00000000099999999995 0.50058085167213417499 
0.00000000099999999992 0.00000000099999999992 0.00000000099999999992 0.00000000099999999992 0.00000000099999999992 0.00000000099999999992 0.99999999000000006077 0.00000000099999999992 0.00000000099999999992 0.00000000099999999992 0.00000000099999999992 
0.00000000099999999996 0.00000000099999999996 0.00000000099999999996 0.00000000099999999996 0.00000000099999999996 0.00000000099999999996 0.00000000099999999996 0.00000000099999999996 0.00000000099999999996 0.39630262704077673375 0.60369736395922335426 
0.00000038951058110876 0.20410414713417507349 0.22506831640645783010 0.12202488293230337457 0.00238970726967953611 0.00000000099999999997 0.01319015704495459310 0.00000000099999999997 0.00000000099999999997 0.24602813592483194216 0.18719426077701667444 
0.00000012429288298074 0.22012939152231775219 0.41731459645358964794 0.00000000099999999998 0.00000000099999999998 0.00000000099999999998 0.00000000099999999998 0.00000000099999999998 0.00000368353809815927 0.00000000099999999998 0.36255219819311168550 
0.00000000099999999998 0.00000000099999999998 0.13273429990750959528 0.27307157180566365984 0.00372757312403406696 0.00000000099999999998 0.00000000099999999998 0.00000000099999999998 0.02885803291211188129 0.35763555368738231266 0.20397296356329822076 
0.00000000099999999987 0.00000000099999999987 0.99999999000000017180 0.00000000099999999987 0.00000000099999999987 0.00000000099999999987 0.00000000099999999987 0.00000000099999999987 0.00000000099999999987 0.00000000099999999987 0.00000000099999999987 
0.02343229862696288510 0.17250562606497157891 0.22728211577119972198 0.16065695415619446473 0.02678389224834888671 0.00000000099999999998 0.04496231285156754298 0.00000000099999999998 0.03703952785170647882 0.09893589626509977086 0.20840137416394874381 
0.00000000099999999985 0.99999999000000028282 0.00000000099999999985 0.00000000099999999985 0.00000000099999999985 0.00000000099999999985 0.00000000099999999985 0.00000000099999999985 0.00000000099999999985 0.00000000099999999985 0.00000000099999999985 
0.00000000099999999997 0.00000000099999999997 0.00000000099999999997 0.28381120264197756686 0.00000000099999999997 0.00000000099999999997 0.00000000099999999997 0.00000000099999999997 0.00000000099999999997 0.25803737352132427585 0.45815141583669799497 
0.00000000099999999999 0.21323470936134986120 0.11214177388196323870 0.34387107306350717106 0.00051103217561101403 0.00000000099999999999 0.00000000099999999999 0.00000000099999999999 0.00000000099999999999 0.23016434958161283153 0.10007705693595612961 
0.14891020770949175978 0.29230854673287154366 0.39274394478211888115 0.00004377711632686388 0.00000000099999999995 0.00000000099999999995 0.00000000099999999995 0.00000000099999999995 0.01505911903957479064 0.00000000099999999995 0.15093439961961632734 
0.00000000099999999997 0.14957727207621598908 0.31312758355720943237 0.31406947368620807826 0.00000000099999999997 0.00000000099999999997 0.00000000099999999997 0.00000000099999999997 0.00000000099999999997 0.22322566368036667050 0.00000000099999999997 
0.00000000099999999995 0.00000000099999999995 0.00000000099999999995 0.01426455708949681163 0.00000000099999999995 0.00000000099999999995 0.98573543391050322260 0.00000000099999999995 0.00000000099999999995 0.00000000099999999995 0.00000000099999999995 
0.00000000099999999984 0.00000000099999999984 0.00000000099999999984 0.00000000099999999984 0.00000000099999999984 0.00000000099999999984 0.00000000099999999984 0.00000000099999999984 0.00000000099999999984 0.99999998999999994975 0.00000000099999999984 
0.00000000099999999939 0.00000000099999999939 0.00000000099999999939 0.00000000099999999939 0.00000000099999999939 0.00000000099999999939 0.00000000099999999939 0.00000000099999999939 0.99999998999999994975 0.00000000099999999939 0.00000000099999999939 
0.51092431503531376968 0.48907567596468631832 0.00000000099999999993 0.00000000099999999993 0.00000000099999999993 0.00000000099999999993 0.00000000099999999993 0.00000000099999999993 0.00000000099999999993 0.00000000099999999993 0.00000000099999999993 
0.33688285696325886986 0.25996899979616761023 0.16445467437720451276 0.00000000099999999997 0.00000000099999999997 0.00000000099999999997 0.00000000099999999997 0.00000000099999999997 0.00000000099999999997 0.09678385673847930692 0.14190960612489000869 
0.00000000099999999957 0.00000000099999999957 0.00000000099999999957 0.00000000099999999957 0.99999999000000017180 0.00000000099999999957 0.00000000099999999957 0.00000000099999999957 0.00000000099999999957 0.00000000099999999957 0.00000000099999999957 
0.00000000099999999953 0.00000000099999999953 0.00000000099999999953 0.00000000099999999953 0.99999999000000017180 0.00000000099999999953 0.00000000099999999953 0.00000000099999999953 0.00000000099999999953 0.00000000099999999953 0.00000000099999999953 
0.16751573724050491943 0.18249034129010088812 0.00000000099999999998 0.16396672752159022202 0.00000000099999999998 0.00000000099999999998 0.00000000099999999998 0.00000000099999999998 0.03870849907585534322 0.19918978092050204642 0.24812890895144670833 
0.00000000099999999982 0.00000000099999999982 0.00000000099999999982 0.00000000099999999982 0.00000000099999999982 0.00000000099999999982 0.00000000099999999982 0.00000000099999999982 0.00000000099999999982 0.00000000099999999982 0.99999999000000006077 
0.00000000099999999994 0.49208513139055892749 0.00000000099999999994 0.27727783047322207555 0.00000000099999999994 0.00000000099999999994 0.00000000099999999994 0.00000000099999999994 0.07151189507178241922 0.15912513606443645653 0.00000000099999999994 
0.00000000099999999976 0.00000000099999999976 0.00000000099999999976 0.00000000099999999976 0.00000000099999999976 0.00000000099999999976 0.74074566201164693258 0.00000000099999999976 0.25925432898835293338 0.00000000099999999976 0.00000000099999999976 
0.00000000099999999958 0.00000000099999999958 0.00000000099999999958 0.00000000099999999958 0.34236702192944518108 0.00000000099999999958 0.00000000099999999958 0.00000000099999999958 0.65763296907055479590 0.00000000099999999958 0.00000000099999999958 
0.00000000099999999996 0.09790007476357248661 0.20020318521756227947 0.26012580256554579394 0.00000000099999999996 0.00000000099999999996 0.00000000099999999996 0.00000000099999999996 0.00000000099999999996 0.25495719544322048566 0.18681373601009920726 
0.00000000099999999941 0.00000000099999999941 0.00000000099999999941 0.00000000099999999941 0.00000000099999999941 0.99999999000000006077 0.00000000099999999941 0.00000000099999999941 0.00000000099999999941 0.00000000099999999941 0.00000000099999999941 
0.00000000099999999939 0.00000000099999999939 0.00000000099999999939 0.00000000099999999939 0.00000000099999999939 0.39595732288109047881 0.00000000099999999939 0.60404266811890949818 0.00000000099999999939 0.00000000099999999939 0.00000000099999999939 
0.00000000099999999931 0.00000000099999999931 0.00000000099999999931 0.00000000099999999931 0.00000000099999999931 0.00000000099999999931 0.00000000099999999931 0.99999998999999994975 0.00000000099999999931 0.00000000099999999931 0.00000000099999999931 
0.00000000099999999958 0.00000000099999999958 0.00000000099999999958 0.00000000099999999958 0.99999999000000017180 0.00000000099999999958 0.00000000099999999958 0.00000000099999999958 0.00000000099999999958 0.00000000099999999958 0.00000000099999999958 
0.00000000099999999952 0.00000000099999999952 0.00000000099999999952 0.00000000099999999952 0.99999999000000017180 0.00000000099999999952 0.00000000099999999952 0.00000000099999999952 0.00000000099999999952 0.00000000099999999952 0.00000000099999999952 
0.12568968462692911570 0.37791813535980561811 0.05283678196540744082 0.15915617044173879790 0.00000000099999999997 0.00000000099999999997 0.00000000099999999997 0.00000000099999999997 0.00867100899782142359 0.10733820797837967387 0.16839000662991804314 
0.00000000099999999994 0.00982878961355291257 0.00000000099999999994 0.00000000099999999994 0.00000000099999999994 0.00000000099999999994 0.99017120138644709737 0.00000000099999999994 0.00000000099999999994 0.00000000099999999994 0.00000000099999999994 
0.00000000099999999955 0.00000000099999999955 0.00000000099999999955 0.00000000099999999955 0.99999999000000017180 0.00000000099999999955 0.00000000099999999955 0.00000000099999999955 0.00000000099999999955 0.00000000099999999955 0.00000000099999999955 
0.33452400657483172264 0.00000000099999999997 0.00000000099999999997 0.00000000099999999997 0.00000000099999999997 0.00000000099999999997 0.00000000099999999997 0.00000000099999999997 0.00000000099999999997 0.44672617048763008096 0.21874981493753786754 
0.00000000099999999990 0.00000000099999999990 0.00000000099999999990 0.00000000099999999990 0.00000000099999999990 0.00000000099999999990 0.99999998999999994975 0.00000000099999999990 0.00000000099999999990 0.00000000099999999990 0.00000000099999999990 
0.00000000099999999960 0.00000000099999999960 0.00000000099999999960 0.00000000099999999960 0.99999999000000006077 0.00000000099999999960 0.00000000099999999960 0.00000000099999999960 0.00000000099999999960 0.00000000099999999960 0.00000000099999999960 
0.14132658885869905929 0.00000074554738698140 0.51812218746861260499 0.00000000099999999996 0.00000011621493997964 0.00000000099999999996 0.00000000099999999996 0.00000000099999999996 0.00000000099999999996 0.00000001006103773600 0.34055034684932355971 
0.00000000099999999955 0.00000000099999999955 0.00000000099999999955 0.00000000099999999955 0.99999999000000017180 0.00000000099999999955 0.00000000099999999955 0.00000000099999999955 0.00000000099999999955 0.00000000099999999955 0.00000000099999999955 
0.00000000099999999992 0.00000000099999999992 0.00000000099999999992 0.00000000099999999992 0.00000000099999999992 0.00000000099999999992 0.99999999000000006077 0.00000000099999999992 0.00000000099999999992 0.00000000099999999992 0.00000000099999999992 
0.00000000099999999987 0.00000000099999999987 0.00000000099999999987 0.00000000099999999987 0.00000000099999999987 0.00000000099999999987 0.99999999000000006077 0.00000000099999999987 0.00000000099999999987 0.00000000099999999987 0.00000000099999999987 
0.00000000099999999949 0.00000000099999999949 0.00000000099999999949 0.00000000099999999949 0.99999999000000006077 0.00000000099999999949 0.00000000099999999949 0.00000000099999999949 0.00000000099999999949 0.00000000099999999949 0.00000000099999999949 
0.00000000099999999954 0.00000000099999999954 0.00000000099999999954 0.00000000099999999954 0.99999999000000006077 0.00000000099999999954 0.00000000099999999954 0.00000000099999999954 0.00000000099999999954 0.00000000099999999954 0.00000000099999999954 
0.00000000099999999993 0.00000000099999999993 0.00000000099999999993 0.00000000099999999993 0.00000000099999999993 0.00000000099999999993 0.99999998999999994975 0.00000000099999999993 0.00000000099999999993 0.00000000099999999993 0.00000000099999999993 
0.00092472450248578598 0.00000000099999999993 0.00000000099999999993 0.00000000099999999993 0.00000000099999999993 0.00000000099999999993 0.99907526649751432490 0.00000000099999999993 0.00000000099999999993 0.00000000099999999993 0.00000000099999999993 
0.01949809454623813512 0.00000000099999999993 0.00000000099999999993 0.00000000099999999993 0.00000000099999999993 0.00000000099999999993 0.98050189645376184533 0.00000000099999999993 0.00000000099999999993 0.00000000099999999993 0.00000000099999999993 
0.00000000099999999962 0.00000000099999999962 0.00000000099999999962 0.00000000099999999962 0.99999999000000017180 0.00000000099999999962 0.00000000099999999962 0.00000000099999999962 0.00000000099999999962 0.00000000099999999962 0.00000000099999999962 
0.00000000099999999998 0.00000000099999999998 0.46708467467379688465 0.13163803773539495268 0.00526778054175433032 0.00000000099999999998 0.03288063025154249613 0.00000000099999999998 0.00000000099999999998 0.36312887079751149377 0.00000000099999999998 
0.00000000099999999987 0.00000000099999999987 0.99999999000000006077 0.00000000099999999987 0.00000000099999999987 0.00000000099999999987 0.00000000099999999987 0.00000000099999999987 0.00000000099999999987 0.00000000099999999987 0.00000000099999999987 
0.00000000099999999983 0.00000000099999999983 0.99999999000000006077 0.00000000099999999983 0.00000000099999999983 0.00000000099999999983 0.00000000099999999983 0.00000000099999999983 0.00000000099999999983 0.00000000099999999983 0.00000000099999999983 
0.00000000099999999984 0.00000000099999999984 0.00000000099999999984 0.00000000099999999984 0.00000000099999999984 0.00000000099999999984 0.00000000099999999984 0.00000000099999999984 0.00000000099999999984 0.99999998999999994975 0.00000000099999999984 
0.00000000099999999991 0.00000000099999999991 0.00000000099999999991 0.00000000099999999991 0.00000000099999999991 0.00000000099999999991 0.99999998999999994975 0.00000000099999999991 0.00000000099999999991 0.00000000099999999991 0.00000000099999999991 
0.00000000099999999998 0.00000000099999999998 0.39440124789676467287 0.28984533673065843162 0.00000000099999999998 0.00000000099999999998 0.00000000099999999998 0.00000000099999999998 0.00000000099999999998 0.00000000099999999998 0.31575340737257712176 
0.00000000099999999940 0.00000000099999999940 0.00000000099999999940 0.00000000099999999940 0.00000000099999999940 0.99999999000000006077 0.00000000099999999940 0.00000000099999999940 0.00000000099999999940 0.00000000099999999940 0.00000000099999999940 
0.00000000099999999993 0.00000000099999999993 0.00000000099999999993 0.55483582592756830465 0.00000000099999999993 0.00000000099999999993 0.00000000099999999993 0.00000000099999999993 0.00000000099999999993 0.00000000099999999993 0.44516416507243178335 
0.00000000099999999938 0.00000000099999999938 0.00000000099999999938 0.00000000099999999938 0.00000000099999999938 0.00000000099999999938 0.00000000099999999938 0.99999999000000006077 0.00000000099999999938 0.00000000099999999938 0.00000000099999999938 
0.00060229167965709625 0.33143204668013759306 0.22079203997676322135 0.00000000099999999996 0.00000000099999999996 0.00000000099999999996 0.00000000099999999996 0.00000000099999999996 0.10647698101410366101 0.06818255641665706135 0.27251407923268133882 
0.00000000099999999937 0.00000000099999999937 0.00000000099999999937 0.00000000099999999937 0.00000000099999999937 0.00000000099999999937 0.00000000099999999937 0.99999999000000006077 0.00000000099999999937 0.00000000099999999937 0.00000000099999999937 
0.00000000099999999986 0.00000000099999999986 0.00000000099999999986 0.99999999000000006077 0.00000000099999999986 0.00000000099999999986 0.00000000099999999986 0.00000000099999999986 0.00000000099999999986 0.00000000099999999986 0.00000000099999999986 
0.00000040816261406177 0.20336173444787278286 0.39337656664684206298 0.40326128228081598026 0.00000000099999999997 0.00000000099999999997 0.00000000099999999997 0.00000000099999999997 0.00000000246185514470 0.00000000099999999997 0.00000000099999999997 
0.00000000099999999989 0.00000000099999999989 0.00000000099999999989 0.00000000099999999989 0.00000000099999999989 0.00000000099999999989 0.99999998999999994975 0.00000000099999999989 0.00000000099999999989 0.00000000099999999989 0.00000000099999999989 
0.14847669379944489210 0.01444910852999257804 0.00000000099999999994 0.29355843031879386151 0.00000000099999999994 0.00000000099999999994 0.00000000099999999994 0.00000000099999999994 0.00000000099999999994 0.35082752889085777603 0.19268823246091079660 
0.00000000099999999943 0.00000000099999999943 0.00000000099999999943 0.00000000099999999943 0.00000000099999999943 0.99999999000000006077 0.00000000099999999943 0.00000000099999999943 0.00000000099999999943 0.00000000099999999943 0.00000000099999999943 
0.00000000099999999943 0.00000000099999999943 0.00000000099999999943 0.00000000099999999943 0.00000000099999999943 0.00000000099999999943 0.00000000099999999943 0.99999998999999994975 0.00000000099999999943 0.00000000099999999943 0.00000000099999999943 
0.99999999000000017180 0.00000000099999999985 0.00000000099999999985 0.00000000099999999985 0.00000000099999999985 0.00000000099999999985 0.00000000099999999985 0.00000000099999999985 0.00000000099999999985 0.00000000099999999985 0.00000000099999999985 
0.00000000099999999990 0.00000000099999999990 0.00000000099999999990 0.00000000099999999990 0.00000000099999999990 0.00000000099999999990 0.99999998999999994975 0.00000000099999999990 0.00000000099999999990 0.00000000099999999990 0.00000000099999999990 
0.00000000099999999963 0.00000000099999999963 0.00000000099999999963 0.00000000099999999963 0.99999999000000017180 0.00000000099999999963 0.00000000099999999963 0.00000000099999999963 0.00000000099999999963 0.00000000099999999963 0.00000000099999999963 
0.00000000099999999991 0.00000000099999999991 0.00000000099999999991 0.00000000099999999991 0.00000000099999999991 0.00000000099999999991 0.99999999000000006077 0.00000000099999999991 0.00000000099999999991 0.00000000099999999991 0.00000000099999999991 
0.00000000099999999999 0.32367036839295437733 0.08174021069158471375 0.18887407444936263334 0.00000000099999999999 0.00000000099999999999 0.02689269575291693137 0.00000000099999999999 0.02123419588637757982 0.12060886477002213946 0.23697958605678159927 
0.00000000099999999938 0.00000000099999999938 0.00000000099999999938 0.00000000099999999938 0.00000000099999999938 0.00000000099999999938 0.00000000099999999938 0.99999999000000006077 0.00000000099999999938 0.00000000099999999938 0.00000000099999999938 
0.00000000099999999945 0.00000000099999999945 0.00000000099999999945 0.00000000099999999945 0.99999999000000017180 0.00000000099999999945 0.00000000099999999945 0.00000000099999999945 0.00000000099999999945 0.00000000099999999945 0.00000000099999999945 
0.00000000099999999957 0.00000000099999999957 0.00000000099999999957 0.00000000099999999957 0.00000000099999999957 0.62358375035140800602 0.00000000099999999957 0.37641624064859208199 0.00000000099999999957 0.00000000099999999957 0.00000000099999999957 
0.99999999000000028282 0.00000000099999999981 0.00000000099999999981 0.00000000099999999981 0.00000000099999999981 0.00000000099999999981 0.00000000099999999981 0.00000000099999999981 0.00000000099999999981 0.00000000099999999981 0.00000000099999999981 
0.00000000099999999986 0.00000000099999999986 0.00000000099999999986 0.00000000099999999986 0.00000000099999999986 0.00000000099999999986 0.99999998999999994975 0.00000000099999999986 0.00000000099999999986 0.00000000099999999986 0.00000000099999999986 
0.00000000099999999991 0.00000000099999999991 0.00000000099999999991 0.00000000099999999991 0.00000000099999999991 0.00000000099999999991 0.99999999000000006077 0.00000000099999999991 0.00000000099999999991 0.00000000099999999991 0.00000000099999999991 
0.00000000099999999996 0.01318403758200652025 0.28071259600047065996 0.16310534458997830165 0.00000000099999999996 0.00000000099999999996 0.21593441754075798356 0.00000000099999999996 0.04548700645287136884 0.00000000099999999996 0.28157659283391522909 
0.21833826468298475620 0.01419533136105378783 0.42477744479582651982 0.16327076040586097072 0.01860321265352356951 0.00000000099999999999 0.00000000099999999999 0.00000000099999999999 0.00000000099999999999 0.01713241026273363415 0.14368257183801674826 
0.00000000099999999984 0.00000000099999999984 0.00000000099999999984 0.00000000099999999984 0.00000000099999999984 0.00000000099999999984 0.00000000099999999984 0.00000000099999999984 0.00000000099999999984 0.99999999000000006077 0.00000000099999999984 
0.27333784783415177033 0.00000000099999999996 0.04417942627666973654 0.42680485326044254046 0.00000000099999999996 0.00000000099999999996 0.00000000099999999996 0.00000000099999999996 0.02359776284754010883 0.00007893302638970285 0.23200117175480633458 
0.00000000099999999987 0.99999999000000017180 0.00000000099999999987 0.00000000099999999987 0.00000000099999999987 0.00000000099999999987 0.00000000099999999987 0.00000000099999999987 0.00000000099999999987 0.00000000099999999987 0.00000000099999999987 
0.00000000099999999994 0.00000000099999999994 0.00000000099999999994 0.31413917140252756166 0.00000000099999999994 0.00000000099999999994 0.00000000099999999994 0.00000000099999999994 0.00000000099999999994 0.41013093467426320338 0.27572988592320901713 
0.00000000099999999995 0.16250550752360071183 0.41770258813507105122 0.27305406518160890705 0.00000000099999999995 0.00000000099999999995 0.00000000099999999995 0.00000000099999999995 0.00000000099999999995 0.00000000099999999995 0.14673783215971966665 
0.00000000099999999989 0.00000000099999999989 0.99999999000000017180 0.00000000099999999989 0.00000000099999999989 0.00000000099999999989 0.00000000099999999989 0.00000000099999999989 0.00000000099999999989 0.00000000099999999989 0.00000000099999999989 
0.24729433729860084146 0.26653217977315046827 0.22594325863828029766 0.00000000099999999997 0.00000000099999999997 0.00000000099999999997 0.01714741414361181659 0.00000000099999999997 0.00000000099999999997 0.24308280086289121846 0.00000000428346554885 
0.00000000099999999992 0.00000000099999999992 0.00000000099999999992 0.00000000099999999992 0.00000000099999999992 0.00000000099999999992 0.99999998999999994975 0.00000000099999999992 0.00000000099999999992 0.00000000099999999992 0.00000000099999999992 
0.03036607248838120443 0.00000000099999999996 0.00000000099999999996 0.00000000099999999996 0.00000000099999999996 0.00000000099999999996 0.96963391851161895296 0.00000000099999999996 0.00000000099999999996 0.00000000099999999996 0.00000000099999999996 
0.00000000099999999959 0.00000000099999999959 0.00000000099999999959 0.00000000099999999959 0.00000000099999999959 0.99999999000000017180 0.00000000099999999959 0.00000000099999999959 0.00000000099999999959 0.00000000099999999959 0.00000000099999999959 
0.00000000099999999994 0.00000000099999999994 0.00000000147464938442 0.00000000099999999994 0.00000000099999999994 0.00000000099999999994 0.99999998952535074093 0.00000000099999999994 0.00000000099999999994 0.00000000099999999994 0.00000000099999999994 
0.00000000099999999994 0.00000000099999999994 0.04101672138340191343 0.00000000099999999994 0.00000000099999999994 0.00000000099999999994 0.95898326961659818846 0.00000000099999999994 0.00000000099999999994 0.00000000099999999994 0.00000000099999999994 
0.17887977861557832759 0.14305492882547082845 0.16472050681548441875 0.22809952665390192950 0.00355760565115025452 0.00000000099999999998 0.01292393797915963524 0.00000000099999999998 0.00000000099999999998 0.12422047588314223676 0.14454323657611234388 
0.00000000099999999929 0.00000000099999999929 0.00000000099999999929 0.00000000099999999929 0.00000000099999999929 0.00000000099999999929 0.00000000099999999929 0.99999998999999994975 0.00000000099999999929 0.00000000099999999929 0.00000000099999999929 
0.22454341227697854899 0.00035761030585162328 0.11147289446080047015 0.19600796922913837905 0.00000000099999999998 0.00000000099999999998 0.00000000099999999998 0.00000000099999999998 0.00000000099999999998 0.29291763402554155116 0.17470047470168953430 
0.00000000099999999984 0.99999999000000028282 0.00000000099999999984 0.00000000099999999984 0.00000000099999999984 0.00000000099999999984 0.00000000099999999984 0.00000000099999999984 0.00000000099999999984 0.00000000099999999984 0.00000000099999999984 
0.13296228434757634274 0.10537954482067513062 0.26773488548287788236 0.32122184742167214644 0.00014236729595674648 0.00000000099999999999 0.00000000099999999999 0.00000000099999999999 0.01645922364424315387 0.00036084296508132388 0.15573900102191734485 
0.00000000099999999988 0.99999999000000028282 0.00000000099999999988 0.00000000099999999988 0.00000000099999999988 0.00000000099999999988 0.00000000099999999988 0.00000000099999999988 0.00000000099999999988 0.00000000099999999988 0.00000000099999999988 
0.99999999000000028282 0.00000000099999999981 0.00000000099999999981 0.00000000099999999981 0.00000000099999999981 0.00000000099999999981 0.00000000099999999981 0.00000000099999999981 0.00000000099999999981 0.00000000099999999981 0.00000000099999999981 
0.42334395732255841738 0.00000000099999999995 0.57665603367744178165 0.00000000099999999995 0.00000000099999999995 0.00000000099999999995 0.00000000099999999995 0.00000000099999999995 0.00000000099999999995 0.00000000099999999995 0.00000000099999999995 
0.33753400518561493815 0.07404788967122986898 0.00000188568988013863 0.25004637827027903496 0.00000000099999999998 0.00000000099999999998 0.00000000099999999998 0.00000000099999999998 0.00000000099999999998 0.33836970465454768719 0.00000013152844826244 
0.00000000099999999997 0.00000000099999999997 0.24654011525040317454 0.24319573982726042094 0.00000000099999999997 0.00000000099999999997 0.00000000099999999997 0.00000000099999999997 0.03036691720383776286 0.40948716471991181143 0.07041005699858669808 
0.16982478037346801503 0.26875831078438389143 0.37302675137029356334 0.12647322747153794120 0.02325673692011676064 0.00000000099999999999 0.00357311461437044824 0.00000000099999999999 0.00005324461307207171 0.00000000099999999999 0.03503383085275759562 
0.00115891960988919536 0.45516881893589566932 0.15587707154033356161 0.20725985584103678860 0.00481743493871088311 0.00000000099999999998 0.00000000099999999998 0.00000000099999999998 0.00000000099999999998 0.17571789413413407832 0.00000000099999999998 
0.00000000099999999983 0.00000000099999999983 0.99999999000000017180 0.00000000099999999983 0.00000000099999999983 0.00000000099999999983 0.00000000099999999983 0.00000000099999999983 0.00000000099999999983 0.00000000099999999983 0.00000000099999999983 
0.99999999000000028282 0.00000000099999999983 0.00000000099999999983 0.00000000099999999983 0.00000000099999999983 0.00000000099999999983 0.00000000099999999983 0.00000000099999999983 0.00000000099999999983 0.00000000099999999983 0.00000000099999999983 
0.00000000099999999993 0.59564258443108997199 0.00000000099999999993 0.00000000099999999993 0.00000000099999999993 0.00000000099999999993 0.00000000099999999993 0.00000000099999999993 0.00000000099999999993 0.00000000099999999993 0.40435740656891028255 
0.00000000099999999986 0.00000000099999999986 0.00000000099999999986 0.99999999000000006077 0.00000000099999999986 0.00000000099999999986 0.00000000099999999986 0.00000000099999999986 0.00000000099999999986 0.00000000099999999986 0.00000000099999999986 
0.00000000099999999986 0.00000000099999999986 0.00000000099999999986 0.99999999000000017180 0.00000000099999999986 0.00000000099999999986 0.00000000099999999986 0.00000000099999999986 0.00000000099999999986 0.00000000099999999986 0.00000000099999999986 
0.19804896682518785545 0.00001676050788483847 0.22477226875079292512 0.13920192203101611206 0.00000000099999999997 0.00000000099999999997 0.01493914806503141880 0.00000000099999999997 0.03707244204220690870 0.16367698691230458952 0.22227150186557534384 
0.24050491583157967979 0.09519069510732292017 0.29447300070207527156 0.27619846152042998311 0.00000000099999999998 0.00000000099999999998 0.00000000099999999998 0.00000000099999999998 0.02353000397826218726 0.07010291786033009953 0.00000000099999999998 
0.00000000099999999997 0.00000000099999999997 0.25520578051759551519 0.00000000099999999997 0.00000000099999999997 0.00000000099999999997 0.01419104839569848044 0.00000000099999999997 0.01913722801286161027 0.43295425243976387586 0.27851168463408038090 
0.00000000099999999998 0.08910435400840852060 0.31567956993420087652 0.17988525591380175039 0.00000000099999999998 0.00000000099999999998 0.00000000099999999998 0.00000000099999999998 0.02401161585519915806 0.21795627332626188455 0.17336292596212773964 
0.40615328224011887359 0.00000000099999999992 0.00000000099999999992 0.00000000099999999992 0.00000000099999999992 0.00000000099999999992 0.00000000099999999992 0.00000000099999999992 0.00000000099999999992 0.00000000099999999992 0.59384670875988088135 
0.24904547237622742806 0.24631828769542468693 0.00209379398410075926 0.18995978097831925369 0.00000000100000000000 0.03747015667970392955 0.00000000100000000000 0.03204494182153068416 0.04713598910056331082 0.19593106672370128041 0.00000050864042860058 
0.99999999000000017180 0.00000000099999999982 0.00000000099999999982 0.00000000099999999982 0.00000000099999999982 0.00000000099999999982 0.00000000099999999982 0.00000000099999999982 0.00000000099999999982 0.00000000099999999982 0.00000000099999999982 
0.00000000099999999982 0.00000000099999999982 0.00000000099999999982 0.00000000099999999982 0.00000000099999999982 0.00000000099999999982 0.00000000099999999982 0.00000000099999999982 0.00000000099999999982 0.00000000099999999982 0.99999998999999994975 
0.00000000099999999994 0.00000000099999999994 0.00000000099999999994 0.27056133778872942797 0.00000000099999999994 0.00000000099999999994 0.00299322399138066608 0.00000000099999999994 0.03656464036637995657 0.36213540588603715387 0.32774538596747276875 
0.15550394086882163291 0.00000000099999999997 0.10023891648967911405 0.21573511940136949616 0.01195726845837680186 0.00000000099999999997 0.00000000099999999997 0.00000000099999999997 0.01581846213998729447 0.30157859273740178496 0.19916769590436378401 
0.01431156209019769990 0.23822025568998708711 0.22836716065255635577 0.26424942679634594311 0.00000000099999999997 0.00000000099999999997 0.00000000207693804976 0.00000000099999999997 0.02603074393307822434 0.22882084476089675773 0.00000000099999999997 
0.00000000099999999987 0.00000000099999999987 0.00000000099999999987 0.00000000099999999987 0.00000000099999999987 0.00000000099999999987 0.00000000099999999987 0.00000000099999999987 0.00000000099999999987 0.00000000099999999987 0.99999999000000006077 
0.00000070522929551628 0.37920639477440593046 0.10543217506327187682 0.05301686274523344927 0.00023107959539365455 0.00000000099999999998 0.00013201267574165665 0.00000000099999999998 0.02099838443004942157 0.18009641598253514627 0.26088596750407355707 
0.00000000099999999993 0.50085787066343323559 0.00000000099999999993 0.49914212033656685241 0.00000000099999999993 0.00000000099999999993 0.00000000099999999993 0.00000000099999999993 0.00000000099999999993 0.00000000099999999993 0.00000000099999999993 
0.00000000099999999984 0.99999999000000028282 0.00000000099999999984 0.00000000099999999984 0.00000000099999999984 0.00000000099999999984 0.00000000099999999984 0.00000000099999999984 0.00000000099999999984 0.00000000099999999984 0.00000000099999999984 
0.00000000099999999991 0.00000000099999999991 0.00000000099999999991 0.00000000099999999991 0.00000000099999999991 0.00000000099999999991 0.99999998999999994975 0.00000000099999999991 0.00000000099999999991 0.00000000099999999991 0.00000000099999999991 
0.00000000099999999995 0.00000000099999999995 0.00000000099999999995 0.00000000099999999995 0.00000000099999999995 0.00000000099999999995 0.97247808254784806614 0.00000000099999999995 0.00000000099999999995 0.02752190845215192819 0.00000000099999999995 
0.00000000099999999946 0.00000000099999999946 0.00000000099999999946 0.00000000099999999946 0.00000000099999999946 0.00000000099999999946 0.00000000099999999946 0.99999999000000006077 0.00000000099999999946 0.00000000099999999946 0.00000000099999999946 
0.00000000099999999948 0.00000000099999999948 0.00000000099999999948 0.00000000099999999948 0.99999999000000006077 0.00000000099999999948 0.00000000099999999948 0.00000000099999999948 0.00000000099999999948 0.00000000099999999948 0.00000000099999999948 
0.00000000099999999998 0.00000000099999999998 0.00000000099999999998 0.00000000099999999998 0.03118761312219952425 0.00000000099999999998 0.88053755257258548017 0.00000000099999999998 0.08827482630521515938 0.00000000099999999998 0.00000000099999999998 
0.00000024488275156199 0.00000000099999999995 0.39900010449280998159 0.39365057607480713475 0.00000000099999999995 0.00000000099999999995 0.00000000099999999995 0.00000000099999999995 0.00000000099999999995 0.00000000099999999995 0.20734906754963136621 
0.00000000099999999986 0.99999999000000028282 0.00000000099999999986 0.00000000099999999986 0.00000000099999999986 0.00000000099999999986 0.00000000099999999986 0.00000000099999999986 0.00000000099999999986 0.00000000099999999986 0.00000000099999999986 
0.00000000099999999996 0.00000000099999999996 0.00000000099999999996 0.00000000099999999996 0.00001013268065299149 0.00000000099999999996 0.96914721489043942348 0.00000000099999999996 0.03084264442890775892 0.00000000099999999996 0.00000000099999999996 
0.00000000099999999995 0.00000000099999999995 0.00000000099999999995 0.52357294720944624888 0.00000000099999999995 0.00000000099999999995 0.00000000099999999995 0.00000000099999999995 0.00000000099999999995 0.47642704379055378361 0.00000000099999999995 
0.26572234450086978930 0.32553732081555208921 0.40873703197962574230 0.00000000499098113213 0.00000001361512413314 0.00000000099999999995 0.00000000099999999995 0.00000000099999999995 0.00000327909784726175 0.00000000099999999995 0.00000000099999999995 
0.00000000099999999994 0.34527978259924546611 0.00000000099999999994 0.00000000099999999994 0.00000000099999999994 0.00000000099999999994 0.00000000099999999994 0.00000000099999999994 0.04970713934172526355 0.60501307005902904557 0.00000000099999999994 
0.00000000099999999937 0.00000000099999999937 0.00000000099999999937 0.00000000099999999937 0.00000000099999999937 0.00000000099999999937 0.00000000099999999937 0.99999999000000006077 0.00000000099999999937 0.00000000099999999937 0.00000000099999999937 
0.00000000099999999949 0.00000000099999999949 0.00000000099999999949 0.00000000099999999949 0.00000000099999999949 0.66575615889746797560 0.00000000099999999949 0.33424383210253205689 0.00000000099999999949 0.00000000099999999949 0.00000000099999999949 
0.00000000099999999935 0.00000000099999999935 0.00000000099999999935 0.00000000099999999935 0.00000000099999999935 0.99999999000000006077 0.00000000099999999935 0.00000000099999999935 0.00000000099999999935 0.00000000099999999935 0.00000000099999999935 
0.00000000099999999935 0.00000000099999999935 0.00000000099999999935 0.00000000099999999935 0.00000000099999999935 0.99999999000000006077 0.00000000099999999935 0.00000000099999999935 0.00000000099999999935 0.00000000099999999935 0.00000000099999999935 
0.00000000099999999933 0.00000000099999999933 0.00000000099999999933 0.00000000099999999933 0.00000000099999999933 0.00000000099999999933 0.00000000099999999933 0.99999999000000006077 0.00000000099999999933 0.00000000099999999933 0.00000000099999999933 
0.00000000099999999996 0.00000000099999999996 0.00000000099999999996 0.00000000099999999996 0.00000000099999999996 0.00000000099999999996 0.99999998999999994975 0.00000000099999999996 0.00000000099999999996 0.00000000099999999996 0.00000000099999999996 
0.00000000099999999995 0.00000000099999999995 0.44507444810832036408 0.00000000099999999995 0.00000000099999999995 0.00000000099999999995 0.00000000099999999995 0.00000000099999999995 0.00000000099999999995 0.00000000099999999995 0.55492554289167950188 
0.00000000099999999935 0.00000000099999999935 0.00000000099999999935 0.00000000099999999935 0.00000000099999999935 0.00000000099999999935 0.00000000099999999935 0.99999998999999994975 0.00000000099999999935 0.00000000099999999935 0.00000000099999999935 
0.00000000099999999952 0.00000000099999999952 0.00000000099999999952 0.00000000099999999952 0.00000000099999999952 0.55202488520348103052 0.00000000099999999952 0.44797510579651894647 0.00000000099999999952 0.00000000099999999952 0.00000000099999999952 
0.00000000099999999945 0.00000000099999999945 0.00000000099999999945 0.00000000099999999945 0.99999999000000017180 0.00000000099999999945 0.00000000099999999945 0.00000000099999999945 0.00000000099999999945 0.00000000099999999945 0.00000000099999999945 
0.00000000099999999946 0.00000000099999999946 0.00000000099999999946 0.00000000099999999946 0.99999999000000006077 0.00000000099999999946 0.00000000099999999946 0.00000000099999999946 0.00000000099999999946 0.00000000099999999946 0.00000000099999999946 
0.00000000099999999996 0.02171986445541611646 0.41889373044700728421 0.00000000099999999996 0.00000000099999999996 0.00000000099999999996 0.00000000099999999996 0.00000000099999999996 0.00000000099999999996 0.29076125921622181236 0.26862513888135475248 
0.00000000099999999938 0.00000000099999999938 0.00000000099999999938 0.00000000099999999938 0.00000000099999999938 0.99999999000000006077 0.00000000099999999938 0.00000000099999999938 0.00000000099999999938 0.00000000099999999938 0.00000000099999999938 
0.00000000099999999996 0.53006579900264050309 0.00000006145748635154 0.00000000099999999996 0.00000000099999999996 0.00000000099999999996 0.00000000099999999996 0.00000000099999999996 0.00000000099999999996 0.00000000099999999996 0.46993413153987334541 
0.00000000099999999986 0.00000000099999999986 0.99999999000000017180 0.00000000099999999986 0.00000000099999999986 0.00000000099999999986 0.00000000099999999986 0.00000000099999999986 0.00000000099999999986 0.00000000099999999986 0.00000000099999999986 
0.00000000099999999995 0.00000000099999999995 0.00000000099999999995 0.00000000099999999995 0.00000000099999999995 0.00000000099999999995 0.93738359412707950025 0.00000000099999999995 0.02630305634116646141 0.03631334153175395929 0.00000000099999999995 
0.00000000099999999982 0.00000000099999999982 0.00000000099999999982 0.00000000099999999982 0.00000000099999999982 0.00000000099999999982 0.00000000099999999982 0.00000000099999999982 0.00000000099999999982 0.00000000099999999982 0.99999999000000006077 
