0.02489443896374934212 0.00000000100000000000 0.02094018372366893144 0.00000001853826650994 0.01221764011298779283 0.26656929269224632906 0.67537842496908118139 
0.00000000099999999990 0.00000000099999999990 0.00000000099999999990 0.00000000099999999990 0.99999999400000005867 0.00000000099999999990 0.00000000099999999990 
0.00000000099999999992 0.00000000099999999992 0.00000000099999999992 0.00000000099999999992 0.99999999399999994765 0.00000000099999999992 0.00000000099999999992 
0.00018918735137854828 0.05153570408787181562 0.00468480314864874042 0.00000000099999999999 0.00000000099999999999 0.23008132482112933492 0.71350897859097162090 
0.02930448717196676781 0.00000000099999999999 0.00168911435566554088 0.00000000099999999999 0.00000000099999999999 0.36228278840789146509 0.60672360706447636680 
0.00904597683500720298 0.03605907863783185813 0.00475250008101769580 0.00000000099999999999 0.00000000099999999999 0.29913160422205964384 0.65101083822408356561 
0.00000000099999999991 0.99999999400000016969 0.00000000099999999991 0.00000000099999999991 0.00000000099999999991 0.00000000099999999991 0.00000000099999999991 
0.00000000099999999993 0.36855135151250945080 0.00000000099999999993 0.00000000099999999993 0.63144864348749041305 0.00000000099999999993 0.00000000099999999993 
0.00000000099999999998 0.00000000099999999998 0.02023282812658762017 0.00000000099999999998 0.02075502793142158103 0.00000000099999999998 0.95901213994199085988 
0.00000000099999999995 0.56214857701704779025 0.00000000099999999995 0.00000000099999999995 0.43785141798295224014 0.00000000099999999995 0.00000000099999999995 
0.00326892851941094475 0.00000000099999999999 0.01092123410394322570 0.00000000099999999999 0.02600470640962163765 0.28487725520264656209 0.67492787376437768376 
0.00000000099999999998 0.00000000099999999998 0.00646859155969527286 0.00000000099999999998 0.03037002548510099598 0.32228122627871352845 0.64088015367649009413 
0.03332826600228966374 0.00492109506147893078 0.00331113126417900347 0.00000000100000000000 0.00000000100000000000 0.23761155203978939765 0.72082795363226304097 
0.03361601241887556685 0.01543796389716884168 0.01102334374821321503 0.00000000099999999999 0.00000000099999999999 0.31318309276937389418 0.62673958516636851801 
0.00000000099999999999 0.00000000099999999999 0.01939829636336764390 0.00679309082078379239 0.01508894361245622165 0.22899360912849409111 0.72972605807489820950 
0.03435670243353845799 0.00000000099999999999 0.02710334892930657547 0.00000000099999999999 0.06016988186832324809 0.24673183517049526725 0.63163822959833637594 
0.03118671797985833952 0.00000000099999999999 0.00000000099999999999 0.00000000099999999999 0.00706553947717985902 0.29691034545101757658 0.66483739409194431147 
0.04244828541665102151 0.00000000099999999999 0.00002560464136333395 0.00000002978635298671 0.00000000099999999999 0.27906314117980773881 0.67846293697582493731 
0.06151572787600519815 0.00000000099999999999 0.00000000099999999999 0.00000000099999999999 0.00000019196272594539 0.09352529620344358918 0.84495878095782528394 
0.02493063232199626417 0.00000000099999999998 0.00263580099539589743 0.00000000099999999998 0.01910208000382988824 0.15693218704904832173 0.79639929762972960781 
0.00526138147956366903 0.01461543162439127123 0.00000090057355443030 0.00000000100000000000 0.00000003852551702299 0.27822379083354187301 0.70189845596343181100 
0.00000000099999999991 0.00000000099999999991 0.00000000099999999991 0.00000000099999999991 0.99999999400000005867 0.00000000099999999991 0.00000000099999999991 
0.00001379253851520984 0.04275413787486059825 0.00000000099999999999 0.00000000099999999999 0.00000000099999999999 0.23694641940653499157 0.72028564718008925016 
0.00000000099999999985 0.00000000099999999985 0.00000000099999999985 0.00000000099999999985 0.00000000099999999985 0.99999999400000005867 0.00000000099999999985 
0.04044052550854788236 0.03179226178490583005 0.00000000099999999997 0.00000000099999999997 0.00000000099999999997 0.42679478568270168282 0.50097242402384467574 
0.00000000099999999992 0.00000000099999999992 0.00000000099999999992 0.00000000099999999992 0.00000000099999999992 0.99999999400000005867 0.00000000099999999992 
0.00000000099999999974 0.00000000099999999974 0.99999999400000005867 0.00000000099999999974 0.00000000099999999974 0.00000000099999999974 0.00000000099999999974 
0.00000000099999999970 0.00000000099999999970 0.99999999399999994765 0.00000000099999999970 0.00000000099999999970 0.00000000099999999970 0.00000000099999999970 
0.06918063665473495050 0.00000000099999999999 0.00000004642712335797 0.00000000099999999999 0.00000000099999999999 0.27872954384026321639 0.65208977007787838343 
0.00000000099999999998 0.00000000099999999998 0.01362498868537075081 0.00000000099999999998 0.00000000099999999998 0.24711364556171400153 0.73926136175291523589 
0.09199297238908137053 0.00000000099999999997 0.00000000099999999997 0.00000000099999999997 0.00000000099999999997 0.38716296141330608371 0.52084406219761247847 
0.00000000099999999991 0.00000000099999999991 0.00000000099999999991 0.00000000099999999991 0.99999999399999994765 0.00000000099999999991 0.00000000099999999991 
0.00000000099999999993 0.00000000099999999993 0.35411324132068794368 0.00000000099999999993 0.19371753241919453803 0.45216922226011746488 0.00000000099999999993 
0.00000000099999999999 0.02003487599885554055 0.00000273563524270403 0.00000000099999999999 0.00000000099999999999 0.12638156601514860533 0.85358081935075325042 
0.00000000099999999969 0.00000000099999999969 0.00000000099999999969 0.99999999399999994765 0.00000000099999999969 0.00000000099999999969 0.00000000099999999969 
0.00000000099999999962 0.00000000099999999962 0.00000000099999999962 0.99999999400000005867 0.00000000099999999962 0.00000000099999999962 0.00000000099999999962 
0.00000000099999999962 0.00000000099999999962 0.00000000099999999962 0.99999999400000005867 0.00000000099999999962 0.00000000099999999962 0.00000000099999999962 
0.00000000099999999975 0.00000000099999999975 0.99999999399999994765 0.00000000099999999975 0.00000000099999999975 0.00000000099999999975 0.00000000099999999975 
0.00000000099999999971 0.00000000099999999971 0.99999999400000005867 0.00000000099999999971 0.00000000099999999971 0.00000000099999999971 0.00000000099999999971 
0.04943480892690998302 0.00211062338498469500 0.00000000099999999998 0.00000000099999999998 0.00000031039770173784 0.15762467755605116815 0.79082957773435236248 
0.00000000099999999995 0.68945955638287925726 0.00000000099999999995 0.00000000099999999995 0.31054043861712077312 0.00000000099999999995 0.00000000099999999995 
0.00000000099999999973 0.00000000099999999973 0.99999999400000005867 0.00000000099999999973 0.00000000099999999973 0.00000000099999999973 0.00000000099999999973 
0.00760695413465745963 0.04112391713527871473 0.00660405154381941712 0.00000000099999999999 0.00000000099999999999 0.32218372710114706603 0.62248134808509736349 
0.00000000099999999989 0.00000000099999999989 0.00000000099999999989 0.00000000099999999989 0.99999999399999994765 0.00000000099999999989 0.00000000099999999989 
0.00000000099999999977 0.00000000099999999977 0.99999999400000005867 0.00000000099999999977 0.00000000099999999977 0.00000000099999999977 0.00000000099999999977 
0.00000000099999999998 0.00000000099999999998 0.00837159483575341395 0.00000000099999999998 0.03016994584272605917 0.13979255762525666373 0.82166589869626394105 
0.00000000099999999973 0.00000000099999999973 0.99999999400000005867 0.00000000099999999973 0.00000000099999999973 0.00000000099999999973 0.00000000099999999973 
0.01882702752244887201 0.53209045985673797396 0.00000000099999999995 0.00000000099999999995 0.44908250862081311450 0.00000000099999999995 0.00000000099999999995 
0.00000000099999999987 0.99999999400000005867 0.00000000099999999987 0.00000000099999999987 0.00000000099999999987 0.00000000099999999987 0.00000000099999999987 
0.00000000099999999969 0.00000000099999999969 0.99999999399999994765 0.00000000099999999969 0.00000000099999999969 0.00000000099999999969 0.00000000099999999969 
0.00000000099999999971 0.00000000099999999971 0.99999999399999994765 0.00000000099999999971 0.00000000099999999971 0.00000000099999999971 0.00000000099999999971 
0.00000000099999999995 0.40586421359034474676 0.00000000099999999995 0.00000000099999999995 0.59413578140965517260 0.00000000099999999995 0.00000000099999999995 
0.00000000099999999994 0.63343917812032757286 0.00000000099999999994 0.00000000099999999994 0.36656081687967262406 0.00000000099999999994 0.00000000099999999994 
0.00000000099999999990 0.99999999400000005867 0.00000000099999999990 0.00000000099999999990 0.00000000099999999990 0.00000000099999999990 0.00000000099999999990 
0.00000000099999999977 0.00000000099999999977 0.99999999400000005867 0.00000000099999999977 0.00000000099999999977 0.00000000099999999977 0.00000000099999999977 
0.00000000099999999999 0.05798639272693709851 0.01734230774784702514 0.00000000099999999999 0.00000000099999999999 0.25734535914949058233 0.66732593737572531989 
0.00000000099999999999 0.00682166231511804281 0.02971689983918546912 0.00000000099999999999 0.00000000099999999999 0.29821389248487678580 0.66524754236081962144 
0.01457090651899027589 0.00000000099999999998 0.00000000099999999998 0.00000000099999999998 0.02717799965984486407 0.32557402285454406510 0.63267706796662093183 
0.04173105099406965862 0.02391176825102056536 0.00045623337705579680 0.00000000099999999999 0.00000000099999999999 0.18295234604595045358 0.75094859933190349910 
0.00000000099999999989 0.00000000099999999989 0.00000000099999999989 0.00000000099999999989 0.99999999400000005867 0.00000000099999999989 0.00000000099999999989 
0.02262316263813690664 0.00000000100000000000 0.00276827296681201110 0.00000000100000000000 0.00529177836057493928 0.29803080786456054296 0.67128597616991558805 
0.00000000099999999967 0.00000000099999999967 0.00000000099999999967 0.99999999400000005867 0.00000000099999999967 0.00000000099999999967 0.00000000099999999967 
0.03488221165799838125 0.00000000099999999997 0.00132606320875815328 0.00000000099999999997 0.02317648943694799318 0.00000000099999999997 0.94061523269629554456 
0.00000000099999999968 0.00000000099999999968 0.00000000099999999968 0.99999999399999994765 0.00000000099999999968 0.00000000099999999968 0.00000000099999999968 
0.05141122091552137452 0.04227464214036002338 0.00000000099999999999 0.00000000099999999999 0.00000009319952913335 0.13227508680500102423 0.77403895493958840834 
0.00000000099999999969 0.00000000099999999969 0.00000000099999999969 0.99999999399999994765 0.00000000099999999969 0.00000000099999999969 0.00000000099999999969 
0.10197457258139981662 0.00000000099999999997 0.00000000099999999997 0.00000000099999999997 0.00000000099999999997 0.22800427391972349911 0.67002114949887670026 
0.00000000099999999990 0.00000000099999999990 0.00000000099999999990 0.00000000099999999990 0.00000000099999999990 0.99999999399999994765 0.00000000099999999990 
0.00000000099999999993 0.29528614784113016434 0.00000000099999999993 0.00000000099999999993 0.70471384715886975503 0.00000000099999999993 0.00000000099999999993 
0.04154714845452278649 0.00000000099999999997 0.00000000099999999997 0.00000000099999999997 0.00000000099999999997 0.00000000099999999997 0.95845284654547713288 
0.00000000099999999969 0.00000000099999999969 0.00000000099999999969 0.99999999400000005867 0.00000000099999999969 0.00000000099999999969 0.00000000099999999969 
0.00000000099999999971 0.00000000099999999971 0.00000000099999999971 0.99999999399999994765 0.00000000099999999971 0.00000000099999999971 0.00000000099999999971 
0.00000000099999999999 0.11063689505980142669 0.01271740812147759310 0.00000000099999999999 0.00000000099999999999 0.24408268345857106474 0.63256301036015005756 
0.00000000099999999993 0.38028219603877611021 0.00000000099999999993 0.00000000099999999993 0.61971779896122380915 0.00000000099999999993 0.00000000099999999993 
0.00000000099999999977 0.00000000099999999977 0.99999999400000005867 0.00000000099999999977 0.00000000099999999977 0.00000000099999999977 0.00000000099999999977 
0.00000000099999999989 0.00000000099999999989 0.00000000099999999989 0.00000000099999999989 0.99999999400000005867 0.00000000099999999989 0.00000000099999999989 
0.06463468136429319222 0.01850265220007414613 0.00000000099999999999 0.00000000099999999999 0.01953682090186605047 0.00000000099999999999 0.89732584253376657113 
0.00000000099999999965 0.00000000099999999965 0.00000000099999999965 0.99999999400000005867 0.00000000099999999965 0.00000000099999999965 0.00000000099999999965 
0.00000000099999999968 0.00000000099999999968 0.99999999399999994765 0.00000000099999999968 0.00000000099999999968 0.00000000099999999968 0.00000000099999999968 
0.00000000099999999972 0.00000000099999999972 0.00000000099999999972 0.99999999399999994765 0.00000000099999999972 0.00000000099999999972 0.00000000099999999972 
0.00000037839007706428 0.00000000100000000000 0.02008953421767149805 0.00450110486042627853 0.01935005383654481853 0.22765992322617253918 0.72839900446910788023 
0.00000000099999999987 0.99999999400000016969 0.00000000099999999987 0.00000000099999999987 0.00000000099999999987 0.00000000099999999987 0.00000000099999999987 
0.00000000099999999990 0.00000000099999999990 0.00000000099999999990 0.00000000099999999990 0.99999999399999994765 0.00000000099999999990 0.00000000099999999990 
0.03579022824466771002 0.22157339819621366117 0.00075815624623731034 0.00000000099999999999 0.01405922210684212512 0.14566874703280469072 0.58215024717323438086 
0.00000000099999999999 0.03319663774706951842 0.02500478923904680614 0.00000000099999999999 0.00000000099999999999 0.28633702131770910615 0.65546154869617456740 
0.00000000099999999990 0.00000000099999999990 0.00000000099999999990 0.00000000099999999990 0.00000000099999999990 0.99999999400000005867 0.00000000099999999990 
0.02438430509177531846 0.02717374139400435124 0.00000000099999999999 0.00000000099999999999 0.00000026341079878898 0.26650977548239557224 0.68193191262102592631 
0.00910798411202996296 0.00280534733425217729 0.00046568413600149176 0.00000000100000000000 0.00810927841246564425 0.13919148646329865260 0.84032021854195215749 
0.00000000109806206702 0.00000000099999999998 0.00000000099999999998 0.00000000099999999998 0.00000000099999999998 0.25755981224587032319 0.74244018265606748219 
0.00000000099999999998 0.02475518381804630783 0.00000000100540675477 0.00000000099999999998 0.00000000099999999998 0.22876618462376796526 0.74647862755277893942 
0.00000000099999999999 0.02395646975060338954 0.00734504213741511529 0.00000000099999999999 0.00000000099999999999 0.19920987438388118584 0.76948861072810026407 
0.00000000099999999999 0.00000000099999999999 0.00000000099999999999 0.00000000099999999999 0.05409736253686674157 0.23934957879815685344 0.70655305466497642097 
0.00000000099999999990 0.00000000099999999990 0.00000000099999999990 0.00000000099999999990 0.99999999400000005867 0.00000000099999999990 0.00000000099999999990 
0.00000000099999999997 0.53689725696946311029 0.00000000099999999997 0.00000000099999999997 0.46310273803053703112 0.00000000099999999997 0.00000000099999999997 
0.00000000099999999981 0.00000000099999999981 0.00000000099999999981 0.99999999400000005867 0.00000000099999999981 0.00000000099999999981 0.00000000099999999981 
0.00000000099999999996 0.56779101587178526511 0.00000000099999999996 0.00000000099999999996 0.43220897912821493181 0.00000000099999999996 0.00000000099999999996 
0.00000000099999999997 0.37152369001927482151 0.00000000099999999997 0.00000000099999999997 0.62847630498072504235 0.00000000099999999997 0.00000000099999999997 
0.01436668076538033002 0.01962586291628279009 0.00545646286768034731 0.00000000099999999999 0.01719985145470393634 0.09090966370485424608 0.85244147729109831513 
0.00000000099999999962 0.00000000099999999962 0.00000000099999999962 0.99999999400000005867 0.00000000099999999962 0.00000000099999999962 0.00000000099999999962 
0.00000000099999999999 0.00000000099999999999 0.00970619247398527528 0.00000000099999999999 0.00000000099999999999 0.00000000099999999999 0.99029380252601462153 
0.03594417693092168825 0.00000000099999999999 0.00262836409434534599 0.00000000099999999999 0.02816536016784336460 0.12459535559510684366 0.80866674121178272472 
0.00000000100000000000 0.00000000100000000000 0.00760473624209008232 0.00000000100000000000 0.00575491151838272534 0.40728650901542057250 0.57935384022410663096 
0.02798227213843019340 0.03082625933553965331 0.00272579448196457472 0.00000000099999999999 0.00000000099999999999 0.31883464346997242300 0.61963102857409313451 
0.00000000099999999998 0.00312487110905478732 0.00000000099999999998 0.00000000099999999998 0.00000020029145372201 0.42602465657524485332 0.57085026902424673700 
0.00446015078232402280 0.00000000099999999999 0.00000000099999999999 0.00000000099999999999 0.05849030944968520301 0.32996199383249996684 0.60708754293549083147 
0.00236455251644378380 0.00000000100000000000 0.00599456041250075004 0.00000000100000000000 0.01159820055717268594 0.20013476261384424704 0.77990792190003843665 
0.06464552046564385479 0.00772548921074286618 0.00000000099999999999 0.00000000099999999999 0.00000000099999999999 0.19349523688538344812 0.73413375043822992616 
0.00981400219469228882 0.02325427851723133391 0.02931680927750026505 0.00321398869598126880 0.00000000100000000000 0.30010973171856425434 0.63429118859603061953 
0.02739167234355903424 0.02284877025970998010 0.01239476779813535393 0.00000000099999999999 0.00000000099999999999 0.17440297705072338452 0.76296181054787226561 
0.00000000099999999997 0.00000000099999999997 0.00000000099999999997 0.00000000099999999997 0.00000000099999999997 0.00000000099999999997 0.99999999400000005867 
0.00000000099999999991 0.00000000099999999991 0.00000000099999999991 0.00000000099999999991 0.00000000099999999991 0.99999999399999994765 0.00000000099999999991 
0.02329009992680255645 0.00000000099999999998 0.00622509681226665092 0.00000000099999999998 0.00000000099999999998 0.00000000099999999998 0.97048479926093078607 
0.01393020328313647818 0.00000000099999999999 0.00000000099999999999 0.00000000099999999999 0.01603896511421289486 0.42109434520620081521 0.54893648339644984802 
0.00000000099999999999 0.00000000099999999999 0.00000000099999999999 0.00000000099999999999 0.01373320986233380649 0.18982755315637944715 0.79643923298128671551 
0.00000000099999999998 0.00000000099999999998 0.00000000099999999998 0.00000000099999999998 0.04912889619090034243 0.29787819062551218474 0.65299290918358765534 
0.02238092861507215425 0.00000000099999999999 0.00438012362372862223 0.00000000099999999999 0.02771375847130253325 0.25680485518394979838 0.68872033210594696406 
0.00059356429369319345 0.02816769935976768877 0.00000000099999999999 0.00000000099999999999 0.02085296810641211127 0.32697600176642727110 0.62340976447369966795 
0.04753302115912372283 0.00734787631909968823 0.00000000099999999998 0.00000000099999999998 0.00000000099999999998 0.28627141104257097792 0.65884768847920560653 
0.01738015139371988302 0.03518693115361636731 0.00000070112956206056 0.00000000099999999999 0.00000016834932492759 0.15041922705329660581 0.79701281992048023106 
0.00000000100000000000 0.00000000100000000000 0.00541740921596475019 0.06857080175166740954 0.04621387350736610999 0.33415307194288340620 0.54564484158211834508 
0.03509156790883274230 0.00000000099999999997 0.00000000099999999997 0.00000000099999999997 0.00642575385367407086 0.00000000099999999997 0.95848267423749311522 
0.03915913072442425008 0.02264556600919339149 0.00000000099999999997 0.00000000099999999997 0.00000000099999999997 0.29626845616372943226 0.64192684410265288264 
0.03547599941856193623 0.01491784272862754085 0.00000000099999999997 0.00000000099999999997 0.00000023987923028123 0.39232510893314787026 0.55728080704043247984 
0.01668459975399476380 0.00445635631537193242 0.01601944104273129998 0.00000000099999999999 0.00000009839367826433 0.26801905900421696405 0.69482044449000679442 
0.00000000099999999998 0.02558855947514450391 0.00000000099999999998 0.00000000099999999998 0.00000000099999999998 0.34026886392618216348 0.63414257259867334859 
0.00000000647801242181 0.01864011770760807055 0.00735798275212519448 0.00512911549025887956 0.00000000100000000000 0.23327147906191728066 0.73560129751007807819 
0.02991756087036179582 0.02724054904423478876 0.00193479619008681664 0.00000000099999999999 0.00000000099999999999 0.23259128023212147229 0.70831581166319501630 
0.01916918268142533965 0.00000000099999999999 0.00000000099999999999 0.00000000099999999999 0.00000000099999999999 0.26522313835217892208 0.71560767496639587915 
0.00000000099999999998 0.05168391673360514527 0.00000000099999999998 0.00000000099999999998 0.00000000099999999998 0.10465511290908985353 0.84366096635730503106 
0.00000000099999999995 0.42506033263200454497 0.00000000099999999995 0.00000000099999999995 0.57493966236799542990 0.00000000099999999995 0.00000000099999999995 
0.00000000099999999991 0.99999999400000005867 0.00000000099999999991 0.00000000099999999991 0.00000000099999999991 0.00000000099999999991 0.00000000099999999991 
0.00000000099999999975 0.00000000099999999975 0.00000000099999999975 0.99999999400000005867 0.00000000099999999975 0.00000000099999999975 0.00000000099999999975 
0.00000000099999999968 0.00000000099999999968 0.99999999400000005867 0.00000000099999999968 0.00000000099999999968 0.00000000099999999968 0.00000000099999999968 
0.13530376052303200174 0.43407602676932482977 0.00000000099999999998 0.00000000099999999998 0.43062020870764317060 0.00000000099999999998 0.00000000099999999998 
0.00018011754949223430 0.02691625344067991379 0.00000000099999999998 0.00000000099999999998 0.00000000572746952265 0.00000000099999999998 0.97290362028235832792 
0.05818292935900967744 0.00000000099999999999 0.00000000099999999999 0.00000000099999999999 0.03148462157703387637 0.14234373548790379971 0.76798871057605266888 
0.00000000099999999992 0.99999999400000005867 0.00000000099999999992 0.00000000099999999992 0.00000000099999999992 0.00000000099999999992 0.00000000099999999992 
0.00000000099999999998 0.00000000099999999998 0.00000000099999999998 0.00000000099999999998 0.03337801450000936476 0.24970997677680689675 0.71691200472318372672 
0.00820821980849912453 0.01408738409288038361 0.01277245461331224206 0.00000000099999999998 0.00000000099999999998 0.25999382922931074669 0.70493811025599750764 
0.04198523315500741343 0.00000000099999999998 0.00000000099999999998 0.00000000099999999998 0.00000000099999999998 0.32437116538474514149 0.63364359746024745412 
0.00000000099999999966 0.00000000099999999966 0.00000000099999999966 0.99999999399999994765 0.00000000099999999966 0.00000000099999999966 0.00000000099999999966 
0.00000000099999999968 0.00000000099999999968 0.00000000099999999968 0.99999999400000005867 0.00000000099999999968 0.00000000099999999968 0.00000000099999999968 
0.00000000099999999962 0.00000000099999999962 0.00000000099999999962 0.99999999400000005867 0.00000000099999999962 0.00000000099999999962 0.00000000099999999962 
0.00000000099999999962 0.00000000099999999962 0.00000000099999999962 0.99999999399999994765 0.00000000099999999962 0.00000000099999999962 0.00000000099999999962 
0.00000000099999999964 0.00000000099999999964 0.00000000099999999964 0.99999999400000005867 0.00000000099999999964 0.00000000099999999964 0.00000000099999999964 
0.00001460795565787748 0.34239718028113924619 0.00000000099999999997 0.00000000099999999997 0.65758820776320292545 0.00000000099999999997 0.00000000099999999997 
0.01843866640509485635 0.01270898043084346153 0.01177298291450208992 0.00000000100000000000 0.00000023019187763184 0.15428522108673381474 0.80279391797094812322 
0.00000000099999999963 0.00000000099999999963 0.00000000099999999963 0.99999999400000005867 0.00000000099999999963 0.00000000099999999963 0.00000000099999999963 
0.00000000099999999969 0.00000000099999999969 0.00000000099999999969 0.99999999399999994765 0.00000000099999999969 0.00000000099999999969 0.00000000099999999969 
0.00000000099999999968 0.00000000099999999968 0.99999999400000005867 0.00000000099999999968 0.00000000099999999968 0.00000000099999999968 0.00000000099999999968 
0.00000000099999999967 0.00000000099999999967 0.99999999399999994765 0.00000000099999999967 0.00000000099999999967 0.00000000099999999967 0.00000000099999999967 
0.02894303670426639011 0.00008198422837098005 0.00000000099999999999 0.00000000099999999999 0.00000000099999999999 0.27729179077127930064 0.69368318529608319345 
0.00000000099999999966 0.00000000099999999966 0.00000000099999999966 0.99999999400000005867 0.00000000099999999966 0.00000000099999999966 0.00000000099999999966 
0.01638217109100462490 0.00000000099999999999 0.00000000099999999999 0.00000000099999999999 0.01982461620013314940 0.00000000099999999999 0.96379320870886220352 
0.03069307762296592454 0.00000000099999999999 0.00000000099999999999 0.00000000099999999999 0.00000000099999999999 0.20446668907165158058 0.76484022930538242413 
0.00000000099999999994 0.00000000099999999994 0.00000000099999999994 0.00000000099999999994 0.99999999400000005867 0.00000000099999999994 0.00000000099999999994 
0.02818719047840954894 0.00764789472106000828 0.00000000099999999998 0.00000000099999999998 0.00000234844043947074 0.00000000099999999998 0.96416256336009109607 
0.00000000099999999993 0.39847788059094990665 0.00000000099999999993 0.00000000099999999993 0.60152211440904990170 0.00000000099999999993 0.00000000099999999993 
0.03723885842877142777 0.02955696991228620382 0.00000000099999999998 0.00000000099999999998 0.00000000099999999998 0.35130825817060989946 0.58189591048833244624 
0.00000000099999999993 0.62487929045589940547 0.00000000099999999993 0.00000000099999999993 0.37512070454410073594 0.00000000099999999993 0.00000000099999999993 
0.10472796183926290359 0.00000000099999999998 0.00000000099999999998 0.00000000099999999998 0.00001263981223478968 0.00000000099999999998 0.89525939434850221321 
0.03037322027556743284 0.00201006192735838675 0.01205544638989662805 0.00000000099999999999 0.00000000099999999999 0.22093764395629333919 0.73462362545088422117 
0.00000000099999999969 0.00000000099999999969 0.00000000099999999969 0.99999999400000005867 0.00000000099999999969 0.00000000099999999969 0.00000000099999999969 
0.00000000099999999988 0.99999999400000005867 0.00000000099999999988 0.00000000099999999988 0.00000000099999999988 0.00000000099999999988 0.00000000099999999988 
0.00000000099999999964 0.00000000099999999964 0.00000000099999999964 0.99999999399999994765 0.00000000099999999964 0.00000000099999999964 0.00000000099999999964 
0.00000000099999999962 0.00000000099999999962 0.00000000099999999962 0.99999999400000005867 0.00000000099999999962 0.00000000099999999962 0.00000000099999999962 
0.01344111378269021578 0.02335608192806431713 0.00000000099999999999 0.00000000099999999999 0.00000000099999999999 0.19546237262213653207 0.76774042866710900945 
0.03763578377204052777 0.03336382356298091267 0.00000000099999999998 0.00000000099999999998 0.00000000099999999998 0.24262438851796833128 0.68637600114701013965 
0.00000000099999999997 0.00000000099999999997 0.00000000099999999997 0.00000000099999999997 0.02990541150981436067 0.00000000099999999997 0.97009458349018551360 
0.00000000099999999998 0.01852207381005546369 0.00000010953552839159 0.00000000099999999998 0.00000000099999999998 0.31183601415943035251 0.66964179949498581212 
0.03090118670361560738 0.00000000099999999999 0.00404574963198958953 0.00000000099999999999 0.01503704675788456076 0.39456923922124559345 0.55544677568526479305 
0.05391907057274850784 0.02341607203819385738 0.00000000099999999998 0.00000000099999999998 0.00000000099999999998 0.00000000099999999998 0.92266485338905757096 
0.01955232167882668681 0.00000000099999999999 0.00000000099999999999 0.00000000099999999999 0.00000000099999999999 0.20419398092943208400 0.77625369339174110639 
0.00000000099999999993 0.99999999400000005867 0.00000000099999999993 0.00000000099999999993 0.00000000099999999993 0.00000000099999999993 0.00000000099999999993 
0.04415340990958426665 0.00000000099999999998 0.00000000099999999998 0.00000000099999999998 0.00000000099999999998 0.21826397136226655116 0.73758261472814912185 
0.00000000099999999964 0.00000000099999999964 0.00000000099999999964 0.99999999400000005867 0.00000000099999999964 0.00000000099999999964 0.00000000099999999964 
0.01064736337146332534 0.00846992779587740427 0.00000000114236146679 0.00000000100000000000 0.00000000100000000000 0.32504126563981960985 0.65584144005047828596 
0.00000000099999999988 0.00000000099999999988 0.00000000099999999988 0.99999999399999994765 0.00000000099999999988 0.00000000099999999988 0.00000000099999999988 
0.00000000099999999968 0.00000000099999999968 0.00000000099999999968 0.99999999400000005867 0.00000000099999999968 0.00000000099999999968 0.00000000099999999968 
0.00000000099999999992 0.00000000099999999992 0.00000000099999999992 0.00000000099999999992 0.00000000099999999992 0.99999999399999994765 0.00000000099999999992 
0.00000000099999999997 0.00000000099999999997 0.00451845916365661588 0.00000000099999999997 0.00000000099999999997 0.00000000099999999997 0.99548153583634335639 
0.00000000099999999999 0.00000000099999999999 0.00000000099999999999 0.00000000099999999999 0.03852514488276227028 0.22378336214859259612 0.73769148896864511489 
0.00000000099999999972 0.00000000099999999972 0.00000000099999999972 0.99999999400000005867 0.00000000099999999972 0.00000000099999999972 0.00000000099999999972 
0.00000000099999999990 0.99999999400000016969 0.00000000099999999990 0.00000000099999999990 0.00000000099999999990 0.00000000099999999990 0.00000000099999999990 
0.00000000099999999990 0.00000000099999999990 0.00000000099999999990 0.00000000099999999990 0.99999999399999994765 0.00000000099999999990 0.00000000099999999990 
0.00000000099999999968 0.00000000099999999968 0.00000000099999999968 0.99999999400000005867 0.00000000099999999968 0.00000000099999999968 0.00000000099999999968 
0.00000000099999999998 0.01243267078272223929 0.00007880518965759631 0.00000000099999999998 0.00000000099999999998 0.00000000099999999998 0.98748852002762010915 
0.00000983093542578433 0.05829304611552588861 0.01205880277453870962 0.00000000099999999999 0.00000000099999999999 0.38028613682831047260 0.54935218134619923092 
0.00000000099999999970 0.00000000099999999970 0.00000000099999999970 0.99999999400000005867 0.00000000099999999970 0.00000000099999999970 0.00000000099999999970 
0.02982728553218137041 0.00000000099999999998 0.00000000099999999998 0.00000000099999999998 0.01077397071933745148 0.36493500018522356809 0.59446374056325756996 
0.00000000099999999989 0.00000000099999999989 0.00000000099999999989 0.00000000099999999989 0.99999999399999994765 0.00000000099999999989 0.00000000099999999989 
0.99999999400000016969 0.00000000099999999923 0.00000000099999999923 0.00000000099999999923 0.00000000099999999923 0.00000000099999999923 0.00000000099999999923 
0.02134253062679764695 0.00272427094143818478 0.00000000099999999999 0.00000000099999999999 0.02856400545929821400 0.33007047624014462794 0.61729871473232145185 
0.01472238975192234969 0.05249553500610106005 0.01384574786535343327 0.00000000099999999999 0.00000000099999999999 0.00000000099999999999 0.91893632437662309265 
0.00000000099999999998 0.00000000099999999998 0.02175521786842755587 0.00000000099999999998 0.01125551746292280560 0.00000000099999999998 0.96698926066864965279 
0.00587959235593500055 0.01391135467217645590 0.01261896803911345850 0.00000000099999999999 0.00000000099999999999 0.16704355552145344621 0.80054652741132159566 
0.00549131793660387335 0.00000000099999999998 0.00000000099999999998 0.00000000099999999998 0.00000000099999999998 0.39853624411284516160 0.59597243395055099491 
0.00951071932116892560 0.00000000099999999999 0.00000000099999999999 0.00000000099999999999 0.01719186019972148219 0.24367972732516945955 0.72961769015394017934 
0.02372685168721834145 0.01795885993619275936 0.01201750721993050282 0.00000000099999999999 0.00000000099999999999 0.20016180189726073824 0.74613497725939770255 
0.18357550625863808258 0.00000000099999999995 0.00000000099999999995 0.00000000099999999995 0.00000000099999999995 0.00000000099999999995 0.81642448874136186454 
0.00000000099999999988 0.99999999400000016969 0.00000000099999999988 0.00000000099999999988 0.00000000099999999988 0.00000000099999999988 0.00000000099999999988 
0.03300551855832146303 0.02700678286100039599 0.00333524617915621682 0.00000000099999999998 0.00000000099999999998 0.31196133720400659461 0.62469111319751535749 
0.09105159065625752224 0.00000000099999999996 0.00000000099999999996 0.00000000099999999996 0.00000000099999999996 0.00000000099999999996 0.90894840434374257754 
0.02146993961041572530 0.06205509863435713924 0.00000000099999999999 0.00000000099999999999 0.00000000099999999999 0.23326847001761472078 0.68320648873761247177 
0.02803856415062165250 0.03228148143598839892 0.00000000099999999998 0.00000000099999999998 0.00000000099999999998 0.17882890196262565818 0.76085104945076431626 
0.00097896952400460652 0.00000000100000000000 0.00575526156480232840 0.00209840127286705768 0.04999198834378705547 0.22186061985878546832 0.71931475843575343188 
0.02517984401925418836 0.00000000099999999999 0.00000000099999999999 0.00000000099999999999 0.00000000099999999999 0.25807177614637355489 0.71674837583437223110 
0.05578350599892949180 0.01403628510619879706 0.00000000099999999999 0.00000000099999999999 0.00000000099999999999 0.00000000099999999999 0.93018020489487174274 
0.00000000099999999991 0.99999999400000016969 0.00000000099999999991 0.00000000099999999991 0.00000000099999999991 0.00000000099999999991 0.00000000099999999991 
0.00000000099999999993 0.00000000099999999993 0.00000000099999999993 0.00000000099999999993 0.00000000099999999993 0.99999999399999994765 0.00000000099999999993 
0.00975911554769292276 0.00000000099999999999 0.01117655869200764700 0.00000000099999999999 0.02307346279753189414 0.27830277392398239389 0.67768808703878502531 
0.01070118078636596304 0.00000000100000000000 0.00000000100000000000 0.01150235472591793102 0.01870468456167249244 0.24479928879042106571 0.71429248913562248813 
0.00000000099999999997 0.63539172661682141730 0.00000000099999999997 0.00000000099999999997 0.36460826838317877963 0.00000000099999999997 0.00000000099999999997 
0.00001500634444922631 0.03791046160101698564 0.00000000100000000000 0.02068991568021488064 0.00000000100000000000 0.04911882372770640798 0.89226579064661237783 
0.00000000099999999999 0.02661955215348585368 0.00615850098120633571 0.00000000099999999999 0.00000000099999999999 0.00000000099999999999 0.96722194286530771556 
0.04436221772029493027 0.20426638186876489023 0.00304495403898976010 0.00000000099999999999 0.26999784649754765553 0.16711771322242399695 0.31121088565197879694 
0.00000000099999999996 0.03967102003797617210 0.00000000099999999996 0.00000000099999999996 0.00000000164307556989 0.00000000099999999996 0.96032897431894825857 
0.00000000099999999970 0.00000000099999999970 0.00000000099999999970 0.99999999399999994765 0.00000000099999999970 0.00000000099999999970 0.00000000099999999970 
0.00008139634069750409 0.04425874529317413986 0.01840870593497866484 0.00000000099999999999 0.00000000099999999999 0.00000000099999999999 0.93725114943114973265 
0.03436778260766432114 0.03220031081083668534 0.00000000267730374192 0.00000000099999999999 0.00000000099999999999 0.24215100910563749914 0.69128089279855786664 
