0.04598292726900765626 0.02468620302382563622 0.92884784962586919299 0.00048301908129745754 0.00000000100000000000 
0.00000000099999999992 0.00000000099999999992 0.00000000099999999992 0.00000000099999999992 0.99999999600000000211 
0.99999999600000000211 0.00000000099999999993 0.00000000099999999993 0.00000000099999999993 0.00000000099999999993 
0.06945345716373453604 0.00347128378304379205 0.92707525705322180176 0.00000000099999999999 0.00000000099999999999 
0.00012656910465465629 0.01103933770150599541 0.96627947889232024270 0.00000000100000000000 0.02255461330151894289 
0.06099738656335258746 0.00414028072273222789 0.93486233071391522387 0.00000000099999999999 0.00000000099999999999 
0.62726140985833300778 0.00000000099999999997 0.00000000099999999997 0.00000000099999999997 0.37273858714166707706 
0.44672954038371021079 0.00000000099999999995 0.00000000099999999995 0.00000000099999999995 0.55327045661628970752 
0.00000000099999999999 0.01889202685430254117 0.93964559662771995896 0.00000000099999999999 0.04146237451797747664 
0.30374346505260246820 0.00000000099999999996 0.00000000099999999996 0.00000000099999999996 0.69625653194739733909 
0.00000000099999999999 0.01324082113241848747 0.94241475462342372271 0.00000000099999999999 0.04434442224415795220 
0.05204561634360903993 0.01029386155898950710 0.93765648867560480451 0.00000000099999999999 0.00000403242179681054 
0.00000000099999999999 0.00781554895097616789 0.95804703991334694280 0.00000000099999999999 0.03413740913567685220 
0.00000052287171310797 0.01859740159460878187 0.94214851089239137760 0.00000000100000000000 0.03925356364128668868 
0.00000000100000000000 0.02086032897746577588 0.93805602734905446649 0.00482575754455505899 0.03625788512892465232 
0.06587375295170133649 0.03238019583980053517 0.88439815463194726419 0.00000000099999999999 0.01734789557655096529 
0.03563933760010089269 0.00000000099999999999 0.96435922398443674197 0.00000000099999999999 0.00000143641546228400 
0.00000000100000000000 0.00788730538496446899 0.98717494579014375411 0.00493774682489190545 0.00000000100000000000 
0.00000000100000000000 0.00897810289152809783 0.95368234431583220889 0.00782330397371507925 0.02951624781892457638 
0.00000000099999999998 0.00688748810445625678 0.95948329317102665215 0.00000000099999999998 0.03362921672451700539 
0.02700184711964529610 0.00000000100000000000 0.97159455287495410936 0.00000000100000000000 0.00140359800540054594 
0.99999999600000000211 0.00000000099999999993 0.00000000099999999993 0.00000000099999999993 0.00000000099999999993 
0.05750001355136209052 0.00000000099999999999 0.94249998344863794575 0.00000000099999999999 0.00000000099999999999 
0.09115466097808207213 0.00003835779608665370 0.90880697922583131287 0.00000000099999999998 0.00000000099999999998 
0.06524971511486085674 0.00000000099999999998 0.93475028188513920036 0.00000000099999999998 0.00000000099999999998 
0.00000000099999999999 0.00834195698689579358 0.99165804001310420279 0.00000000099999999999 0.00000000099999999999 
0.00000000099999999983 0.99999999600000011313 0.00000000099999999983 0.00000000099999999983 0.00000000099999999983 
0.00000000099999999980 0.99999999600000000211 0.00000000099999999980 0.00000000099999999980 0.00000000099999999980 
0.00000000100000000000 0.01123464052704894502 0.95595366693488381671 0.00000000100000000000 0.03281169053806726882 
0.00000076561299093833 0.01600210346220403215 0.97731133526074065454 0.00000000099999999999 0.00668579466406438606 
0.00000000099999999999 0.00000000099999999999 0.94169726576570622623 0.00000000099999999999 0.05830273123429378923 
0.99999999600000000211 0.00000000099999999993 0.00000000099999999993 0.00000000099999999993 0.00000000099999999993 
0.26820529635485107489 0.35932858379980475716 0.37246611784534416900 0.00000000099999999997 0.00000000099999999997 
0.00000000099999999999 0.00000054855678086239 0.96024308216690190676 0.00000000099999999999 0.03975636727631721296 
0.00000000099999999980 0.00000000099999999980 0.00000000099999999980 0.99999999599999989108 0.00000000099999999980 
0.00000000099999999975 0.00000000099999999975 0.00000000099999999975 0.99999999600000000211 0.00000000099999999975 
0.00000000099999999975 0.00000000099999999975 0.00000000099999999975 0.99999999599999989108 0.00000000099999999975 
0.00000000099999999984 0.99999999600000000211 0.00000000099999999984 0.00000000099999999984 0.00000000099999999984 
0.00000000099999999982 0.99999999600000000211 0.00000000099999999982 0.00000000099999999982 0.00000000099999999982 
0.00000000099999999999 0.00319767778364945816 0.96327145145156856110 0.00000000099999999999 0.03353086876478213879 
0.40692198431314891005 0.00000000099999999997 0.00000000099999999997 0.00000000099999999997 0.59307801268685100826 
0.00000000099999999982 0.99999999600000000211 0.00000000099999999982 0.00000000099999999982 0.00000000099999999982 
0.05192274783228671697 0.01101614261425327805 0.93661168759427104735 0.00000000099999999999 0.00044942095918888963 
0.00000000099999999992 0.00000000099999999992 0.00000000099999999992 0.00000000099999999992 0.99999999599999989108 
0.00000000099999999985 0.99999999600000011313 0.00000000099999999985 0.00000000099999999985 0.00000000099999999985 
0.04282925888274257548 0.00942132459802500107 0.94774940130031570806 0.00000000099999999999 0.00000001421891663770 
0.00000000099999999982 0.99999999600000000211 0.00000000099999999982 0.00000000099999999982 0.00000000099999999982 
0.99999999600000000211 0.00000000099999999993 0.00000000099999999993 0.00000000099999999993 0.00000000099999999993 
0.67298886621049069934 0.00000000099999999994 0.00000000099999999994 0.00000000099999999994 0.32701113078950927449 
0.00000000099999999980 0.99999999600000000211 0.00000000099999999980 0.00000000099999999980 0.00000000099999999980 
0.00000000099999999982 0.99999999600000000211 0.00000000099999999982 0.00000000099999999982 0.00000000099999999982 
0.00000000099999999992 0.00000000099999999992 0.00000000099999999992 0.00000000099999999992 0.99999999600000000211 
0.99999999600000011313 0.00000000099999999992 0.00000000099999999992 0.00000000099999999992 0.00000000099999999992 
0.42457432485996138283 0.00000000099999999997 0.00000000099999999997 0.00000000099999999997 0.57542567214003847997 
0.00000000099999999985 0.99999999600000000211 0.00000000099999999985 0.00000000099999999985 0.00000000099999999985 
0.00000000100000000000 0.01865230036800195543 0.89895475615585407336 0.00000000100000000000 0.08239294147614399655 
0.01892005629045047030 0.02942538904387306808 0.94457277567441544353 0.00000000100000000000 0.00708177799126096571 
0.00000000099999999999 0.00000000099999999999 0.94813132620424089847 0.00000000099999999999 0.05186867079575901984 
0.00000000099999999999 0.00322996468982901953 0.94883066596985177199 0.00000000099999999999 0.04793936734031917918 
0.56147501916845998782 0.00000000099999999996 0.00000000099999999996 0.00000000099999999996 0.43852497783154009703 
0.00000000100000000000 0.00848703329378333766 0.95938484411328639467 0.00152455791767716988 0.03060356367525312107 
0.00000000099999999978 0.00000000099999999978 0.00000000099999999978 0.99999999599999989108 0.00000000099999999978 
0.00000000099999999998 0.00599731840440572046 0.95876807045265866059 0.00000000099999999998 0.03523460914293557317 
0.00000000099999999979 0.00000000099999999979 0.00000000099999999979 0.99999999599999989108 0.00000000099999999979 
0.06871342511456025870 0.00009222430770530312 0.93118993965241525501 0.00000000100000000000 0.00000440992531916062 
0.00000000099999999980 0.00000000099999999980 0.00000000099999999980 0.99999999600000000211 0.00000000099999999980 
0.00000000099999999999 0.00505861745024981015 0.95122914663030211369 0.00000000099999999999 0.04371223391944823594 
0.04009590598984497101 0.01006781133408386764 0.94981305244343361416 0.00000000100000000000 0.00002322923263750031 
0.00000000099999999991 0.00000000099999999991 0.00000000099999999991 0.00000000099999999991 0.99999999599999989108 
0.01928613648131418529 0.00000000099999999998 0.98071386051868580935 0.00000000099999999998 0.00000000099999999998 
0.00000000099999999979 0.00000000099999999979 0.00000000099999999979 0.99999999599999989108 0.00000000099999999979 
0.00000000099999999982 0.00000000099999999982 0.00000000099999999982 0.99999999599999989108 0.00000000099999999982 
0.02509675608581626513 0.01492542874978369967 0.87380534571896995022 0.00000000099999999999 0.08617246844543002826 
0.66145622701509942942 0.00000000099999999995 0.00000000099999999995 0.00000000099999999995 0.33854376998490054440 
0.00000000099999999985 0.99999999600000000211 0.00000000099999999985 0.00000000099999999985 0.00000000099999999985 
0.37497881512695130368 0.00000000099999999996 0.00000000099999999996 0.00000000099999999996 0.62502118187304878116 
0.06544255397072473723 0.00000000100000000000 0.93273089634038230944 0.00102338449561780874 0.00080316419327529397 
0.00000000099999999977 0.00000000099999999977 0.00000000099999999977 0.99999999600000000211 0.00000000099999999977 
0.00000000099999999979 0.99999999600000000211 0.00000000099999999979 0.00000000099999999979 0.00000000099999999979 
0.00000000099999999983 0.00000000099999999983 0.00000000099999999983 0.99999999599999989108 0.00000000099999999983 
0.02930862864124215983 0.02101584586582606190 0.94628732403306059506 0.00309356323377724552 0.00029463822609391074 
0.44921656499042250665 0.00000000099999999995 0.00000000099999999995 0.00000000099999999995 0.55078343200957746717 
0.47009718959814150718 0.00000000099999999996 0.00000000099999999996 0.00000000099999999996 0.52990280740185824460 
0.25523892356794947167 0.00454526008331217549 0.74021157556693650825 0.00000000099999999999 0.00000423978180192220 
0.03173302085617217549 0.02377568877213994541 0.94449128837168794259 0.00000000099999999999 0.00000000099999999999 
0.00000000099999999999 0.00000000099999999999 0.95429250660003139828 0.00000000099999999999 0.04570749039996863800 
0.04101094744164452549 0.00000000099999999999 0.94696971290867626436 0.00000000099999999999 0.01201933764967919038 
0.00000000099999999999 0.00149476156876279212 0.96806401673430575450 0.00000000099999999999 0.03044121969693139654 
0.00604864458944105472 0.00000000099999999998 0.99395135241055887487 0.00000000099999999998 0.00000000099999999998 
0.00000987108641673344 0.00000016593543359306 0.96238242418535191458 0.00000000099999999999 0.03760753779279778219 
0.04108088464473334811 0.00882649343370216916 0.95009261992156446297 0.00000000099999999999 0.00000000099999999999 
0.00000000099999999999 0.00000000099999999999 0.92456793121460467688 0.00000000099999999999 0.07543206578539528306 
0.00000000099999999992 0.00000000099999999992 0.00000000099999999992 0.00000000099999999992 0.99999999599999989108 
0.00000000099999999995 0.00000000099999999995 0.00000000099999999995 0.00000000099999999995 0.99999999599999989108 
0.00000000099999999988 0.00000000099999999988 0.00000000099999999988 0.99999999599999989108 0.00000000099999999988 
0.32011698683929890041 0.00000000099999999997 0.00000000099999999997 0.00000000099999999997 0.67988301016070096239 
0.65631514921126332673 0.00000000099999999997 0.00000000099999999997 0.00000000099999999997 0.34368484778873664709 
0.02713648429080692953 0.00996261990001085646 0.93828688630917167490 0.00000000099999999999 0.02461400850001060209 
0.00000000099999999975 0.00000000099999999975 0.00000000099999999975 0.99999999600000000211 0.00000000099999999975 
0.00301369554176697182 0.00846339619496033757 0.98115324309700724381 0.00000000100000000000 0.00736966416626555834 
0.00000000099999999999 0.00801608502326656321 0.94835682152970623982 0.00000000099999999999 0.04362709144702721364 
0.03267909794832578319 0.00987795516317255956 0.95697816615228425974 0.00046477973621731006 0.00000000100000000000 
0.06545459090403971114 0.00459149033432713124 0.92995391676163319250 0.00000000099999999999 0.00000000099999999999 
0.03540664687966284946 0.00000000100000000000 0.96450474776921524267 0.00008860335112200347 0.00000000100000000000 
0.00000000100000000000 0.00000000100000000000 0.93143370771957856302 0.00000000100000000000 0.06856628928042150795 
0.00226805562182741957 0.00933934759797212279 0.96338264281379848430 0.00000000100000000000 0.02500995296640192919 
0.05080639973044109164 0.00811178724101730558 0.94108181102854160383 0.00000000099999999999 0.00000000099999999999 
0.00000000100000000000 0.03167341723238200485 0.91769185705079736604 0.00347736880732104053 0.04715735590949963335 
0.00000000099999999999 0.01451937674811349874 0.94606117519319510301 0.00000000099999999999 0.03941944605869144441 
0.00000000099999999998 0.00000000099999999998 0.97117346347811117635 0.00000000099999999998 0.02882653352188878360 
0.05670834716518612789 0.02775830610127769105 0.91453803669760591610 0.00099530903593024575 0.00000000100000000000 
0.01247490483819605617 0.01375821478678538115 0.97376687837501862965 0.00000000099999999999 0.00000000099999999999 
0.00000000100000000000 0.00017076752244879812 0.95366915371657778877 0.00000000100000000000 0.04616007676097359791 
0.00000000099999999999 0.00000542596336745035 0.96564008305190573989 0.00000000099999999999 0.03435448898472688584 
0.06712796672616505589 0.00000000099999999999 0.93287203027383502896 0.00000000099999999999 0.00000000099999999999 
0.04322427738574312339 0.00982436820251673948 0.94695135241174011043 0.00000000099999999999 0.00000000099999999999 
0.00000578853329678395 0.00000000099999999999 0.93083150867539943274 0.00000000099999999999 0.06916270079130390491 
0.00000000099999999999 0.00030663991602002398 0.95608580512584406819 0.00000000099999999999 0.04360755295813606436 
0.05385967032274822930 0.00078164229563569445 0.94535804574939474865 0.00000000099999999999 0.00000064063222146666 
0.05917839176783049743 0.00471044701909741417 0.86775440665514314009 0.06835675355792884822 0.00000000100000000000 
0.00000075056862926527 0.00000000099999999999 0.96832995077913930349 0.00000000099999999999 0.03166929665223157386 
0.05612427449629638077 0.00000000099999999998 0.94387572250370366245 0.00000000099999999998 0.00000000099999999998 
0.00000000099999999998 0.00000000099999999998 0.93892733725121413357 0.00000000099999999998 0.06107265974878578474 
0.02005207285070027476 0.01883879759501865675 0.96110912755428101750 0.00000000099999999999 0.00000000099999999999 
0.00000000099999999998 0.00000000099999999998 0.95179164669610949456 0.00000000099999999998 0.04820835030389048620 
0.03232541118755036941 0.00752184578802954536 0.95595976108513824876 0.00398793099444891188 0.00020505094483293313 
0.03694741367301875717 0.00366934115668798031 0.95938324317029333166 0.00000000099999999999 0.00000000099999999999 
0.01243343678279413070 0.00311136101781470283 0.98445520019939114498 0.00000000099999999999 0.00000000099999999999 
0.00000000099999999998 0.00000000099999999998 0.93430638769456320070 0.00000000099999999998 0.06569360930543682864 
0.44434344114299878514 0.00000000099999999995 0.00000000099999999995 0.00000000099999999995 0.55565655585700113317 
0.99999999600000000211 0.00000000099999999993 0.00000000099999999993 0.00000000099999999993 0.00000000099999999993 
0.00000000099999999983 0.00000000099999999983 0.00000000099999999983 0.99999999599999989108 0.00000000099999999983 
0.00000000099999999979 0.99999999600000000211 0.00000000099999999979 0.00000000099999999979 0.00000000099999999979 
0.65681152021154021181 0.04113486986155816261 0.03599108643109634464 0.00000000100000000000 0.26606252249580519820 
0.03492886084729389384 0.00000000099999999998 0.96093207713267159154 0.00000000099999999998 0.00413906002003462756 
0.00000000100000000000 0.00249606587841153492 0.93254120559540931712 0.00000000100000000000 0.06496272652617914034 
0.99999999600000000211 0.00000000099999999995 0.00000000099999999995 0.00000000099999999995 0.00000000099999999995 
0.05159828378340537008 0.00000000099999999999 0.94840171321659461068 0.00000000099999999999 0.00000000099999999999 
0.04184907993388246178 0.01303721529613004540 0.94511370276998740714 0.00000000099999999998 0.00000000099999999998 
0.00000000099999999999 0.00714556717257029510 0.98084873746829981389 0.00000000099999999999 0.01200569335912982788 
0.00000000099999999977 0.00000000099999999977 0.00000000099999999977 0.99999999599999989108 0.00000000099999999977 
0.00000000099999999979 0.00000000099999999979 0.00000000099999999979 0.99999999599999989108 0.00000000099999999979 
0.00000000099999999975 0.00000000099999999975 0.00000000099999999975 0.99999999599999989108 0.00000000099999999975 
0.00000000099999999975 0.00000000099999999975 0.00000000099999999975 0.99999999600000000211 0.00000000099999999975 
0.00000000099999999976 0.00000000099999999976 0.00000000099999999976 0.99999999599999989108 0.00000000099999999976 
0.42100432301372670008 0.00000000099999999998 0.00000000099999999998 0.00000000099999999998 0.57899567398627316273 
0.03263907649795028815 0.01298175075301235583 0.95437917074903744208 0.00000000100000000000 0.00000000100000000000 
0.00000000099999999976 0.00000000099999999976 0.00000000099999999976 0.99999999599999989108 0.00000000099999999976 
0.00000000099999999979 0.00000000099999999979 0.00000000099999999979 0.99999999599999989108 0.00000000099999999979 
0.00000000099999999979 0.99999999600000011313 0.00000000099999999979 0.00000000099999999979 0.00000000099999999979 
0.00000000099999999979 0.99999999600000011313 0.00000000099999999979 0.00000000099999999979 0.00000000099999999979 
0.02290433871483288364 0.00000000099999999999 0.97709565828516709018 0.00000000099999999999 0.00000000099999999999 
0.00000000099999999978 0.00000000099999999978 0.00000000099999999978 0.99999999600000000211 0.00000000099999999978 
0.05120503908965218232 0.00000000099999999999 0.94879495791034773600 0.00000000099999999999 0.00000000099999999999 
0.01845473118743246738 0.00269069302698414243 0.97885457378558338171 0.00000000099999999999 0.00000000099999999999 
0.99999999600000000211 0.00000000099999999994 0.00000000099999999994 0.00000000099999999994 0.00000000099999999994 
0.03402973769649030034 0.00000000099999999999 0.95892925545161389334 0.00000000099999999999 0.00704100485189577182 
0.41981867493526142665 0.00000000099999999995 0.00000000099999999995 0.00000000099999999995 0.58018132206473860268 
0.00000003038146661589 0.00751597752582550908 0.94110121337460039825 0.00000000099999999999 0.05138277771810745298 
0.99999999600000011313 0.00000000099999999992 0.00000000099999999992 0.00000000099999999992 0.00000000099999999992 
0.05325794173750183352 0.01902973968852992095 0.92771231657396813208 0.00000000099999999999 0.00000000099999999999 
0.00000000100000000000 0.01568459545359785628 0.96296834294794542153 0.00000000100000000000 0.02134705959845662956 
0.00000000099999999979 0.00000000099999999979 0.00000000099999999979 0.99999999600000000211 0.00000000099999999979 
0.99999999600000000211 0.00000000099999999992 0.00000000099999999992 0.00000000099999999992 0.00000000099999999992 
0.00000000099999999976 0.00000000099999999976 0.00000000099999999976 0.99999999599999989108 0.00000000099999999976 
0.00000000099999999976 0.00000000099999999976 0.00000000099999999976 0.99999999599999989108 0.00000000099999999976 
0.00000008304296558607 0.00066518226926211516 0.96153995422634530588 0.00000000100000000000 0.03779477946142687644 
0.05855638409171567971 0.00000000099999999999 0.94144361290828437738 0.00000000099999999999 0.00000000099999999999 
0.00000000099999999998 0.00000000099999999998 0.96365052717380228486 0.00000000099999999998 0.03634946982619777223 
0.00000000099999999999 0.00298285589869129323 0.96749952950848072675 0.00000000099999999999 0.02951761259282784447 
0.00000000099999999999 0.01503298686200743584 0.94806452888408365709 0.00000000099999999999 0.03690248225390913017 
0.04617751522163426880 0.01012297509474997283 0.94369950768361587912 0.00000000099999999998 0.00000000099999999998 
0.00000000099999999999 0.00000000099999999999 0.99085526754153996354 0.00000000099999999999 0.00914472945846014906 
0.00000000099999999994 0.00000000099999999994 0.00000000099999999994 0.00000000099999999994 0.99999999599999989108 
0.00000000099999999999 0.00000000174155912185 0.98147056020487766226 0.00000000099999999999 0.01852943605356328904 
0.00000000099999999976 0.00000000099999999976 0.00000000099999999976 0.99999999600000000211 0.00000000099999999976 
0.00000000099999999999 0.00228587518862267535 0.95688196129623048769 0.00000000099999999999 0.04083216151514672265 
0.00000000099999999992 0.00000000099999999992 0.00000000099999999992 0.99999999599999989108 0.00000000099999999992 
0.00000000099999999979 0.00000000099999999979 0.00000000099999999979 0.99999999599999989108 0.00000000099999999979 
0.06167847891281657419 0.00000000099999999999 0.93832151808718333719 0.00000000099999999999 0.00000000099999999999 
0.00939980333704147457 0.01314573298925273380 0.97745446167370586554 0.00000000099999999999 0.00000000099999999999 
0.00022574008737541389 0.00000000100000000000 0.94835530846097193525 0.00000000100000000000 0.05141894945165274150 
0.00000000099999999981 0.00000000099999999981 0.00000000099999999981 0.99999999599999989108 0.00000000099999999981 
0.40938263423889553749 0.00000000099999999995 0.00000000099999999995 0.00000000099999999995 0.59061736276110443633 
0.68283984773416994685 0.00000000099999999995 0.00000000099999999995 0.00000000099999999995 0.31716014926583013800 
0.00000000099999999979 0.00000000099999999979 0.00000000099999999979 0.99999999599999989108 0.00000000099999999979 
0.00000118098112858703 0.00972714455983003483 0.95277722653792318308 0.00000000100000000000 0.03749444692111827959 
0.00000110074770863206 0.01566155860137288455 0.91961342179112226525 0.00000000100000000000 0.06472391785979625389 
0.00000000099999999980 0.00000000099999999980 0.00000000099999999980 0.99999999599999989108 0.00000000099999999980 
0.04345382210271846873 0.00950165377610302786 0.94704452212117840038 0.00000000099999999998 0.00000000099999999998 
0.00000000099999999991 0.00000000099999999991 0.00000000099999999991 0.00000000099999999991 0.99999999599999989108 
0.25298614429096710765 0.10959864796516699537 0.52998798193991925043 0.10742722480394663320 0.00000000100000000000 
0.00000000100000000000 0.00000000100000000000 0.93351376091438775795 0.00390544804979342216 0.06258078903581880403 
0.00224782150260358603 0.01529492367703696315 0.92304496853376927223 0.00000000099999999999 0.05941228528659031616 
0.00000000099999999999 0.01775880654906835526 0.95418884345310295281 0.00000000099999999999 0.02805234799782885258 
0.00995856365730187799 0.01438229742131869396 0.96118110290288394371 0.00000000099999999999 0.01447803501849543283 
0.00000000099999999999 0.00646995924241258822 0.99353003775758752525 0.00000000099999999999 0.00000000099999999999 
0.02601524455444693962 0.00000000099999999999 0.97381280685637494621 0.00000000099999999999 0.00017194658917817139 
0.03736337646451337591 0.01492346864960533009 0.94771315288588131587 0.00000000099999999999 0.00000000099999999999 
0.00013163972512815627 0.00802150075202228731 0.93304177352984596361 0.00903729661967505281 0.04976778937332859004 
0.00000000099999999992 0.00000000099999999992 0.00000000099999999992 0.00000000099999999992 0.99999999600000000211 
0.05288825566413559581 0.00953295858391385413 0.93757878375195058407 0.00000000099999999999 0.00000000099999999999 
0.01256415208573853810 0.01057197185912821420 0.97686387405513330773 0.00000000099999999999 0.00000000099999999999 
0.07510541703020189030 0.00438366663196502419 0.91964534365667893745 0.00000000100000000000 0.00086557168115410468 
0.00000000099999999998 0.00000000099999999998 0.94849998473046814862 0.00000000099999999998 0.05150001226953197092 
0.00000000100000000000 0.00450170278750855468 0.92607101405207370437 0.00073543080819308561 0.06869185135222465044 
0.02268528594786720781 0.00000494357157693142 0.97730976848055584050 0.00000000099999999999 0.00000000099999999999 
0.04854841024060912308 0.00155869331107371246 0.94989289444831714881 0.00000000099999999999 0.00000000099999999999 
0.00000000099999999994 0.00000000099999999994 0.00000000099999999994 0.00000000099999999994 0.99999999599999989108 
0.00000000099999999999 0.01975316747430859790 0.92812247520384516530 0.00000000099999999999 0.05212435532184634540 
0.00000000099999999999 0.01259798859258342250 0.94481849937811435147 0.00000000099999999999 0.04258351002930229473 
0.04128711890468709372 0.00000000100000000000 0.94763201141960362595 0.01108071412287330720 0.00000015455283587130 
0.60108524281239372744 0.00000000099999999997 0.00000000099999999997 0.00000000099999999997 0.39891475418760635741 
0.00000000100000000000 0.00000000100000000000 0.92905724950860102407 0.01892836727476504208 0.05201438121663378572 
0.03952577325713423767 0.01080272941822999280 0.94967142113270286430 0.00000000100000000000 0.00000007519193302738 
0.23461707520574984209 0.01157282202519777786 0.49202682351744231326 0.00000000099999999999 0.26178327825161001874 
0.00000000099999999998 0.00000000099999999998 0.94296881680135802295 0.00000000099999999998 0.05703118019864190924 
0.00000000099999999981 0.00000000099999999981 0.00000000099999999981 0.99999999600000000211 0.00000000099999999981 
0.05656912291337737320 0.01699436983632647211 0.92643650525029619391 0.00000000099999999999 0.00000000099999999999 
0.04781727031846096099 0.00712001623302484839 0.94488260145485014618 0.00000000100000000000 0.00018011099366414690 
