0.17966589200808377735 0.00000000099999999999 0.30094644341306231450 0.01661692011287002266 0.02525928502251920463 0.00000000099999999999 0.00000000099999999999 0.11089363433162657824 0.11999896249567101880 0.24653189487630733367 0.00008696473985961673 
0.00000000099999999993 0.99999999000000017180 0.00000000099999999993 0.00000000099999999993 0.00000000099999999993 0.00000000099999999993 0.00000000099999999993 0.00000000099999999993 0.00000000099999999993 0.00000000099999999993 0.00000000099999999993 
0.00000000099999999993 0.99999999000000017180 0.00000000099999999993 0.00000000099999999993 0.00000000099999999993 0.00000000099999999993 0.00000000099999999993 0.00000000099999999993 0.00000000099999999993 0.00000000099999999993 0.00000000099999999993 
0.00000000099999999998 0.02532203558134718188 0.00000000194874331771 0.00000000099999999998 0.02001891907421595590 0.00000000099999999998 0.00000000099999999998 0.17775874928907534067 0.31635895962477489363 0.25501611802297530218 0.20552521245886812284 
0.15591268278306943951 0.00000000099999999998 0.30374011045341886561 0.00000000099999999998 0.19614361727854476292 0.10248056295784897796 0.00000000099999999998 0.13092295477807935900 0.00000000211214053000 0.11080006563689812071 0.00000000099999999998 
0.00000000099999999998 0.00740889427144730654 0.32957558631482131162 0.00000000099999999998 0.00000000099999999998 0.00000000099999999998 0.00000000099999999998 0.29397901061550246737 0.00000000099999999998 0.21921487011576812343 0.14982163268246062593 
0.00000000099999999994 0.99999999000000028282 0.00000000099999999994 0.00000000099999999994 0.00000000099999999994 0.00000000099999999994 0.00000000099999999994 0.00000000099999999994 0.00000000099999999994 0.00000000099999999994 0.00000000099999999994 
0.00000000099999999989 0.99999999000000028282 0.00000000099999999989 0.00000000099999999989 0.00000000099999999989 0.00000000099999999989 0.00000000099999999989 0.00000000099999999989 0.00000000099999999989 0.00000000099999999989 0.00000000099999999989 
0.00000000099999999988 0.00000000099999999988 0.00000000099999999988 0.00000000099999999988 0.00000000099999999988 0.00000000099999999988 0.00000000099999999988 0.99999999000000006077 0.00000000099999999988 0.00000000099999999988 0.00000000099999999988 
0.00000000099999999993 0.99999999000000017180 0.00000000099999999993 0.00000000099999999993 0.00000000099999999993 0.00000000099999999993 0.00000000099999999993 0.00000000099999999993 0.00000000099999999993 0.00000000099999999993 0.00000000099999999993 
0.00000000099999999988 0.00000000099999999988 0.00000000099999999988 0.00000000099999999988 0.00000000099999999988 0.00000000099999999988 0.00000000099999999988 0.00000000099999999988 0.00000000099999999988 0.00000000099999999988 0.99999998999999994975 
0.37837114787949466255 0.01547088749210591245 0.20309686943185809027 0.00391024391658104618 0.00000000099999999998 0.00044418676284262208 0.00000000099999999998 0.23325275985826235403 0.00000000154181591842 0.04039726407432397970 0.12505663704271541281 
0.54919807548871379943 0.00000000099999999996 0.45080191551128634408 0.00000000099999999996 0.00000000099999999996 0.00000000099999999996 0.00000000099999999996 0.00000000099999999996 0.00000000099999999996 0.00000000099999999996 0.00000000099999999996 
0.31768132031390194925 0.00000000099999999998 0.00000000099999999998 0.00000000099999999998 0.00000000099999999998 0.02826422661198327302 0.00000000099999999998 0.00000000099999999998 0.20581983223982672215 0.00000000099999999998 0.44823461383428792049 
0.46038946261950702832 0.00000000099999999995 0.00000000099999999995 0.00000000099999999995 0.00000000099999999995 0.00000000099999999995 0.00000000099999999995 0.00000000099999999995 0.00000000099999999995 0.00000000099999999995 0.53961052838049283764 
0.22415211970127441043 0.04542142578318977830 0.04270305679403788024 0.02476720623528223461 0.05845285897602280067 0.05965708586306139871 0.00000000099999999999 0.23549378181360372531 0.05654830597277644283 0.16299418753549890782 0.08980997032525230017 
0.28939755705256475782 0.00000000099999999998 0.09670582362922053310 0.00000000099999999998 0.10682810169564960212 0.00000000099999999998 0.00000000099999999998 0.23932792019938164962 0.00000000099999999998 0.26774059142318334947 0.00000000099999999998 
0.00000000531529441483 0.00000000099999999997 0.00000000099999999997 0.00000000099999999997 0.12378794219512782859 0.00000000099999999997 0.00000000099999999997 0.48756012771862400346 0.17632702846899983573 0.21232489030195375590 0.00000000099999999997 
0.00000000099999999987 0.00000000099999999987 0.00000000099999999987 0.00000000099999999987 0.00000000099999999987 0.00000000099999999987 0.00000000099999999987 0.99999999000000006077 0.00000000099999999987 0.00000000099999999987 0.00000000099999999987 
0.00000000099999999993 0.00000000099999999993 0.60364205082499766686 0.00000000099999999993 0.39635794017500242115 0.00000000099999999993 0.00000000099999999993 0.00000000099999999993 0.00000000099999999993 0.00000000099999999993 0.00000000099999999993 
0.36887279087496099850 0.00000000099999999997 0.44043633136253396154 0.00000000099999999997 0.00000000099999999997 0.00000000099999999997 0.00000000099999999997 0.00002990878995710012 0.19061885775164261192 0.00000000099999999997 0.00004210522090543651 
0.00000000099999999997 0.99887095771395206789 0.00112829694926427503 0.00000000099999999997 0.00000000099999999997 0.00000073434330628400 0.00000000099999999997 0.00000000399347766498 0.00000000099999999997 0.00000000099999999997 0.00000000099999999997 
0.00000000099999999983 0.00000000099999999983 0.00000000099999999983 0.00000000099999999983 0.00000000099999999983 0.00000000099999999983 0.00000000099999999983 0.00000000099999999983 0.99999999000000006077 0.00000000099999999983 0.00000000099999999983 
0.00000000099999999937 0.00000000099999999937 0.00000000099999999937 0.00000000099999999937 0.00000000099999999937 0.99999999000000006077 0.00000000099999999937 0.00000000099999999937 0.00000000099999999937 0.00000000099999999937 0.00000000099999999937 
0.00000000099999999994 0.00000000099999999994 0.64213104448646718403 0.00000000099999999994 0.35786894651353301500 0.00000000099999999994 0.00000000099999999994 0.00000000099999999994 0.00000000099999999994 0.00000000099999999994 0.00000000099999999994 
0.00000000099999999997 0.00000000099999999997 0.13108996551194423974 0.00000000099999999997 0.00000000270395333909 0.00000000099999999997 0.00000000099999999997 0.21645901042020521121 0.26988223796767746299 0.37764869213389196112 0.00492008626232766540 
0.00000000099999999955 0.00000000099999999955 0.00000000099999999955 0.99999999000000006077 0.00000000099999999955 0.00000000099999999955 0.00000000099999999955 0.00000000099999999955 0.00000000099999999955 0.00000000099999999955 0.00000000099999999955 
0.00000000099999999951 0.00000000099999999951 0.00000000099999999951 0.99999999000000006077 0.00000000099999999951 0.00000000099999999951 0.00000000099999999951 0.00000000099999999951 0.00000000099999999951 0.00000000099999999951 0.00000000099999999951 
0.00000000099999999987 0.00000000099999999987 0.00000000099999999987 0.00000000099999999987 0.00000000099999999987 0.00000000099999999987 0.00000000099999999987 0.00000000099999999987 0.99999999000000006077 0.00000000099999999987 0.00000000099999999987 
0.00000000099999999986 0.00000000099999999986 0.00000000099999999986 0.00000000099999999986 0.00000000099999999986 0.00000000099999999986 0.00000000099999999986 0.99999998999999994975 0.00000000099999999986 0.00000000099999999986 0.00000000099999999986 
0.22501671654859520255 0.00000000127945503263 0.40881998310244416217 0.00000000099999999997 0.16349139782945959487 0.03628735722106221639 0.00000000099999999997 0.00000000099999999997 0.16638453901898386800 0.00000000099999999997 0.00000000099999999997 
0.00000000099999999979 0.79335789935932676809 0.00000000099999999979 0.00000000099999999979 0.00000000099999999979 0.20664209164067334767 0.00000000099999999979 0.00000000099999999979 0.00000000099999999979 0.00000000099999999979 0.00000000099999999979 
0.00000000099999999958 0.00000000099999999958 0.00000000099999999958 0.36487639042302272285 0.00000000099999999958 0.63512360057697725413 0.00000000099999999958 0.00000000099999999958 0.00000000099999999958 0.00000000099999999958 0.00000000099999999958 
0.00000000099999999996 0.00000000099999999996 0.36243310046122906298 0.00000000099999999996 0.00000000099999999996 0.00000000099999999996 0.00000000099999999996 0.00425382407944737122 0.25930209720944802365 0.00000000099999999996 0.37401097124987542353 
0.00000000099999999946 0.00000000099999999946 0.00000000099999999946 0.00000000099999999946 0.00000000099999999946 0.00000000099999999946 0.99999998999999994975 0.00000000099999999946 0.00000000099999999946 0.00000000099999999946 0.00000000099999999946 
0.00000000099999999934 0.00000000099999999934 0.00000000099999999934 0.00000000099999999934 0.00000000099999999934 0.00000000099999999934 0.99999999000000006077 0.00000000099999999934 0.00000000099999999934 0.00000000099999999934 0.00000000099999999934 
0.00000000099999999934 0.00000000099999999934 0.00000000099999999934 0.00000000099999999934 0.00000000099999999934 0.00000000099999999934 0.99999999000000006077 0.00000000099999999934 0.00000000099999999934 0.00000000099999999934 0.00000000099999999934 
0.00000000099999999956 0.00000000099999999956 0.00000000099999999956 0.99999999000000017180 0.00000000099999999956 0.00000000099999999956 0.00000000099999999956 0.00000000099999999956 0.00000000099999999956 0.00000000099999999956 0.00000000099999999956 
0.00000000099999999950 0.00000000099999999950 0.00000000099999999950 0.99999999000000017180 0.00000000099999999950 0.00000000099999999950 0.00000000099999999950 0.00000000099999999950 0.00000000099999999950 0.00000000099999999950 0.00000000099999999950 
0.50400042810196954424 0.00000000099999999996 0.00000000099999999996 0.00000000099999999996 0.14695974199156300322 0.00000223863308569927 0.00000000099999999996 0.00000000099999999996 0.34903758427338199555 0.00000000099999999996 0.00000000099999999996 
0.00000000099999999995 0.98913743831565237308 0.01085491016086473186 0.00000000099999999995 0.00000000099999999995 0.00000000099999999995 0.00000000099999999995 0.00000764352348300338 0.00000000099999999995 0.00000000099999999995 0.00000000099999999995 
0.00000000099999999953 0.00000000099999999953 0.00000000099999999953 0.99999999000000006077 0.00000000099999999953 0.00000000099999999953 0.00000000099999999953 0.00000000099999999953 0.00000000099999999953 0.00000000099999999953 0.00000000099999999953 
0.00000000099999999984 0.00000000099999999984 0.00000000099999999984 0.00000000099999999984 0.00000000099999999984 0.00000000099999999984 0.00000000099999999984 0.00000000099999999984 0.99999999000000006077 0.00000000099999999984 0.00000000099999999984 
0.00000000099999999992 0.99999999000000028282 0.00000000099999999992 0.00000000099999999992 0.00000000099999999992 0.00000000099999999992 0.00000000099999999992 0.00000000099999999992 0.00000000099999999992 0.00000000099999999992 0.00000000099999999992 
0.00000000099999999958 0.00000000099999999958 0.00000000099999999958 0.99999999000000017180 0.00000000099999999958 0.00000000099999999958 0.00000000099999999958 0.00000000099999999958 0.00000000099999999958 0.00000000099999999958 0.00000000099999999958 
0.34828849928709354478 0.00000000099999999997 0.00000000099999999997 0.00000000099999999997 0.00000000099999999997 0.00000000099999999997 0.00000000099999999997 0.00000388913367447159 0.40302174008619534584 0.24868586449303647923 0.00000000099999999997 
0.00000000099999999953 0.00000000099999999953 0.00000000099999999953 0.99999999000000017180 0.00000000099999999953 0.00000000099999999953 0.00000000099999999953 0.00000000099999999953 0.00000000099999999953 0.00000000099999999953 0.00000000099999999953 
0.00000000099999999993 0.99999999000000028282 0.00000000099999999993 0.00000000099999999993 0.00000000099999999993 0.00000000099999999993 0.00000000099999999993 0.00000000099999999993 0.00000000099999999993 0.00000000099999999993 0.00000000099999999993 
0.00000000099999999989 0.99999999000000017180 0.00000000099999999989 0.00000000099999999989 0.00000000099999999989 0.00000000099999999989 0.00000000099999999989 0.00000000099999999989 0.00000000099999999989 0.00000000099999999989 0.00000000099999999989 
0.00000000099999999947 0.00000000099999999947 0.00000000099999999947 0.99999999000000006077 0.00000000099999999947 0.00000000099999999947 0.00000000099999999947 0.00000000099999999947 0.00000000099999999947 0.00000000099999999947 0.00000000099999999947 
0.00000000099999999951 0.00000000099999999951 0.00000000099999999951 0.99999999000000006077 0.00000000099999999951 0.00000000099999999951 0.00000000099999999951 0.00000000099999999951 0.00000000099999999951 0.00000000099999999951 0.00000000099999999951 
0.00000000099999999994 0.99999999000000017180 0.00000000099999999994 0.00000000099999999994 0.00000000099999999994 0.00000000099999999994 0.00000000099999999994 0.00000000099999999994 0.00000000099999999994 0.00000000099999999994 0.00000000099999999994 
0.00000000099999999992 0.97155684747264103862 0.02844314352735929571 0.00000000099999999992 0.00000000099999999992 0.00000000099999999992 0.00000000099999999992 0.00000000099999999992 0.00000000099999999992 0.00000000099999999992 0.00000000099999999992 
0.00000000099999999995 0.98114096159101471528 0.00000000099999999995 0.00000000099999999995 0.00000000099999999995 0.00000000099999999995 0.00000000099999999995 0.01885902940898561905 0.00000000099999999995 0.00000000099999999995 0.00000000099999999995 
0.00000000099999999959 0.00000000099999999959 0.00000000099999999959 0.99999999000000017180 0.00000000099999999959 0.00000000099999999959 0.00000000099999999959 0.00000000099999999959 0.00000000099999999959 0.00000000099999999959 0.00000000099999999959 
0.27386394815529135904 0.01862805004608756101 0.03405273035915055979 0.00847979383022565494 0.00000000099999999999 0.08802133894805073966 0.00000000099999999999 0.24295445863198367187 0.27778459062038296512 0.00000000099999999999 0.05621508640882743463 
0.00000000099999999997 0.00000000099999999997 0.51856118141644913511 0.00656222654971519610 0.00000000099999999997 0.00000000099999999997 0.00000000099999999997 0.00000000099999999997 0.47487658403383570249 0.00000000099999999997 0.00000000099999999997 
0.00000000099999999980 0.00000000099999999980 0.00000000099999999980 0.00000000099999999980 0.00000000099999999980 0.00000000099999999980 0.00000000099999999980 0.00000000099999999980 0.00000000099999999980 0.00000000099999999980 0.99999998999999994975 
0.00000000099999999984 0.00000000099999999984 0.00000000099999999984 0.00000000099999999984 0.00000000099999999984 0.00000000099999999984 0.00000000099999999984 0.00000000099999999984 0.99999998999999994975 0.00000000099999999984 0.00000000099999999984 
0.00000000099999999993 0.99999999000000017180 0.00000000099999999993 0.00000000099999999993 0.00000000099999999993 0.00000000099999999993 0.00000000099999999993 0.00000000099999999993 0.00000000099999999993 0.00000000099999999993 0.00000000099999999993 
0.00000000099999999997 0.00000000099999999997 0.56352281972812967581 0.00000000099999999997 0.00000000099999999997 0.00000000099999999997 0.00000000099999999997 0.43647717127187030117 0.00000000099999999997 0.00000000099999999997 0.00000000099999999997 
0.00000000099999999943 0.00000000099999999943 0.00000000099999999943 0.00000000099999999943 0.00000000099999999943 0.00000000099999999943 0.99999998999999994975 0.00000000099999999943 0.00000000099999999943 0.00000000099999999943 0.00000000099999999943 
0.00000000099999999969 0.00000000099999999969 0.00000000099999999969 0.00000000099999999969 0.99999999000000006077 0.00000000099999999969 0.00000000099999999969 0.00000000099999999969 0.00000000099999999969 0.00000000099999999969 0.00000000099999999969 
0.00000000099999999944 0.00000000099999999944 0.00000000099999999944 0.00000000099999999944 0.00000000099999999944 0.00000000099999999944 0.99999999000000006077 0.00000000099999999944 0.00000000099999999944 0.00000000099999999944 0.00000000099999999944 
0.16405911653713789455 0.00561524236821119710 0.10613382438218131598 0.00000000099999999998 0.17329664554312038116 0.09616878888970487038 0.00000000099999999998 0.31410622261502696428 0.01583460498452834639 0.12478555168008904908 0.00000000099999999998 
0.00000000099999999945 0.00000000099999999945 0.00000000099999999945 0.00000000099999999945 0.00000000099999999945 0.00000000099999999945 0.99999999000000006077 0.00000000099999999945 0.00000000099999999945 0.00000000099999999945 0.00000000099999999945 
0.16024878543533269126 0.00000000099999999998 0.00000000099999999998 0.00000000099999999998 0.17296704400987150674 0.00000000307983101119 0.00000000099999999998 0.41520271023227828255 0.00000000099999999998 0.25157442493345083534 0.00000702730923577959 
0.53670493814740038996 0.00000000099999999995 0.00000000099999999995 0.00000000099999999995 0.00000000099999999995 0.00000000099999999995 0.00000000099999999995 0.00000000099999999995 0.00000000099999999995 0.00000000099999999995 0.46329505285259980907 
0.00000000099999999990 0.99999999000000028282 0.00000000099999999990 0.00000000099999999990 0.00000000099999999990 0.00000000099999999990 0.00000000099999999990 0.00000000099999999990 0.00000000099999999990 0.00000000099999999990 0.00000000099999999990 
0.00000000099999999994 0.00000000099999999994 0.00000000099999999994 0.00000000099999999994 0.00000000099999999994 0.00000000099999999994 0.00000000099999999994 0.54189847212838226920 0.00000000099999999994 0.45810151887161759676 0.00000000099999999994 
0.00000000099999999946 0.00000000099999999946 0.00000000099999999946 0.00000000099999999946 0.00000000099999999946 0.00000000099999999946 0.99999999000000006077 0.00000000099999999946 0.00000000099999999946 0.00000000099999999946 0.00000000099999999946 
0.00000000099999999950 0.00000000099999999950 0.00000000099999999950 0.00000000099999999950 0.00000000099999999950 0.00000000099999999950 0.99999999000000006077 0.00000000099999999950 0.00000000099999999950 0.00000000099999999950 0.00000000099999999950 
0.30973883351385983476 0.07330149837093576093 0.19440564097530430021 0.00769270295635914470 0.06645065369499042474 0.00000000099999999998 0.00000000099999999998 0.00000000099999999998 0.13990843328935928525 0.20850223319919139464 0.00000000099999999998 
0.00000000099999999992 0.99999999000000028282 0.00000000099999999992 0.00000000099999999992 0.00000000099999999992 0.00000000099999999992 0.00000000099999999992 0.00000000099999999992 0.00000000099999999992 0.00000000099999999992 0.00000000099999999992 
0.00000000099999999962 0.00000000099999999962 0.00000000099999999962 0.99999999000000017180 0.00000000099999999962 0.00000000099999999962 0.00000000099999999962 0.00000000099999999962 0.00000000099999999962 0.00000000099999999962 0.00000000099999999962 
0.00000000099999999992 0.99999999000000028282 0.00000000099999999992 0.00000000099999999992 0.00000000099999999992 0.00000000099999999992 0.00000000099999999992 0.00000000099999999992 0.00000000099999999992 0.00000000099999999992 0.00000000099999999992 
0.15680950489054196195 0.01790402014874243816 0.00000000099999999998 0.00000000099999999998 0.11962067908824261520 0.00843096525204535020 0.00000000099999999998 0.31856384964441952778 0.00000000099999999998 0.22795422398722209323 0.15071675298878609017 
0.00000000099999999940 0.00000000099999999940 0.00000000099999999940 0.00000000099999999940 0.00000000099999999940 0.00000000099999999940 0.99999998999999994975 0.00000000099999999940 0.00000000099999999940 0.00000000099999999940 0.00000000099999999940 
0.00000000099999999942 0.00000000099999999942 0.00000000099999999942 0.99999999000000006077 0.00000000099999999942 0.00000000099999999942 0.00000000099999999942 0.00000000099999999942 0.00000000099999999942 0.00000000099999999942 0.00000000099999999942 
0.00000000099999999952 0.00000000099999999952 0.00000000099999999952 0.00000000099999999952 0.00000000099999999952 0.00000000099999999952 0.99999999000000006077 0.00000000099999999952 0.00000000099999999952 0.00000000099999999952 0.00000000099999999952 
0.00000000099999999987 0.00000000099999999987 0.99999999000000017180 0.00000000099999999987 0.00000000099999999987 0.00000000099999999987 0.00000000099999999987 0.00000000099999999987 0.00000000099999999987 0.00000000099999999987 0.00000000099999999987 
0.00000000099999999987 0.99999999000000028282 0.00000000099999999987 0.00000000099999999987 0.00000000099999999987 0.00000000099999999987 0.00000000099999999987 0.00000000099999999987 0.00000000099999999987 0.00000000099999999987 0.00000000099999999987 
0.00000000099999999991 0.99999999000000017180 0.00000000099999999991 0.00000000099999999991 0.00000000099999999991 0.00000000099999999991 0.00000000099999999991 0.00000000099999999991 0.00000000099999999991 0.00000000099999999991 0.00000000099999999991 
0.41655961727320600652 0.22015610084228123822 0.00000000099999999998 0.00000000099999999998 0.04180655070049207889 0.06050368539953666913 0.00000000099999999998 0.00000000099999999998 0.21450477737602963169 0.04646926340845438513 0.00000000099999999998 
0.00000000099999999997 0.00000000099999999997 0.99999999000000017180 0.00000000099999999997 0.00000000099999999997 0.00000000099999999997 0.00000000099999999997 0.00000000099999999997 0.00000000099999999997 0.00000000099999999997 0.00000000099999999997 
0.47129999661876409434 0.00000000099999999995 0.00000000099999999995 0.00000000099999999995 0.20644373761237275189 0.00000000099999999995 0.00000000099999999995 0.00000000099999999995 0.32225625776886318574 0.00000000099999999995 0.00000000099999999995 
0.00000000099999999988 0.00000000099999999988 0.99999999000000017180 0.00000000099999999988 0.00000000099999999988 0.00000000099999999988 0.00000000099999999988 0.00000000099999999988 0.00000000099999999988 0.00000000099999999988 0.00000000099999999988 
0.42873350255658193575 0.00000000099999999998 0.24138869557831990620 0.00000000099999999998 0.09498900890179741430 0.04714995741610040342 0.00000000099999999998 0.00000000099999999998 0.18399488854299492213 0.00374394200420552145 0.00000000099999999998 
0.19018166521976245797 0.00000000099999999997 0.11873591780427782127 0.00000000099999999997 0.07333842012108936215 0.02328749098600648576 0.00000000099999999997 0.26457449264944171707 0.20070628933345963096 0.12917571988596246446 0.00000000099999999997 
0.00000000099999999989 0.00000000099999999989 0.99999999000000017180 0.00000000099999999989 0.00000000099999999989 0.00000000099999999989 0.00000000099999999989 0.00000000099999999989 0.00000000099999999989 0.00000000099999999989 0.00000000099999999989 
0.00000032076764993622 0.00000000099999999996 0.67548394135162714846 0.00000000099999999996 0.00000000099999999996 0.00000000099999999996 0.00000000099999999996 0.00000000099999999996 0.32451572988072313608 0.00000000099999999996 0.00000000099999999996 
0.24586179699174859348 0.02882084210218300788 0.18329368594564199313 0.00000000099999999998 0.00000000099999999998 0.00000000099999999998 0.00000000099999999998 0.34706133435126484965 0.19496233460916143065 0.00000000099999999998 0.00000000099999999998 
0.00000000099999999993 0.99999999000000017180 0.00000000099999999993 0.00000000099999999993 0.00000000099999999993 0.00000000099999999993 0.00000000099999999993 0.00000000099999999993 0.00000000099999999993 0.00000000099999999993 0.00000000099999999993 
0.00000000099999999996 0.97014650986408057509 0.00000000099999999996 0.00000000099999999996 0.00000000099999999996 0.00000000099999999996 0.00000000099999999996 0.00000000099999999996 0.00000000099999999996 0.02985348113591960312 0.00000000099999999996 
0.00000000099999999966 0.00000000099999999966 0.00000000099999999966 0.00000000099999999966 0.00000000099999999966 0.00000000099999999966 0.99999998999999994975 0.00000000099999999966 0.00000000099999999966 0.00000000099999999966 0.00000000099999999966 
0.00000000099999999996 0.99999999000000028282 0.00000000099999999996 0.00000000099999999996 0.00000000099999999996 0.00000000099999999996 0.00000000099999999996 0.00000000099999999996 0.00000000099999999996 0.00000000099999999996 0.00000000099999999996 
0.00000000099999999996 0.98020996100111257299 0.01979002999888757747 0.00000000099999999996 0.00000000099999999996 0.00000000099999999996 0.00000000099999999996 0.00000000099999999996 0.00000000099999999996 0.00000000099999999996 0.00000000099999999996 
0.00000000099999999989 0.00000000099999999989 0.00000000099999999989 0.00000000099999999989 0.00000000099999999989 0.00000000099999999989 0.00000000099999999989 0.99999999000000006077 0.00000000099999999989 0.00000000099999999989 0.00000000099999999989 
0.00000000099999999932 0.00000000099999999932 0.00000000099999999932 0.00000000099999999932 0.00000000099999999932 0.00000000099999999932 0.99999998999999994975 0.00000000099999999932 0.00000000099999999932 0.00000000099999999932 0.00000000099999999932 
0.00000000099999999998 0.00000000099999999998 0.21344859775941618651 0.00000000099999999998 0.00000000099999999998 0.00000000099999999998 0.00000000099999999998 0.00000000099999999998 0.27240556208532928917 0.27896242179782065884 0.23518341135743392467 
0.15763704190642918723 0.00000043633815348926 0.22187583268157079486 0.00000000099999999998 0.11937735104989763424 0.00000000099999999998 0.00000000099999999998 0.31990915833462818529 0.00000000099999999998 0.18120017468932070326 0.00000000099999999998 
0.48151051530212363172 0.00000000099999999997 0.00000000099999999997 0.00000000099999999997 0.00000000099999999997 0.00000000099999999997 0.00000000099999999997 0.00000000099999999997 0.00000000099999999997 0.00000000099999999997 0.51848947569787617873 
0.00000000099999999989 0.00000000099999999989 0.00000000099999999989 0.00000000099999999989 0.00000000099999999989 0.00000000099999999989 0.00000000099999999989 0.99999999000000006077 0.00000000099999999989 0.00000000099999999989 0.00000000099999999989 
0.00000000099999999985 0.00000000099999999985 0.00000000099999999985 0.00000000099999999985 0.00000000099999999985 0.00000000099999999985 0.00000000099999999985 0.00000000099999999985 0.00000000099999999985 0.99999998999999994975 0.00000000099999999985 
0.00000000099999999983 0.00000000099999999983 0.00000000099999999983 0.00000000099999999983 0.00000000099999999983 0.00000000099999999983 0.00000000099999999983 0.00000000099999999983 0.99999999000000006077 0.00000000099999999983 0.00000000099999999983 
0.00000000099999999998 0.00000000099999999998 0.25688619035611015562 0.00000000099999999998 0.00000000099999999998 0.00000000099999999998 0.00000000099999999998 0.00000000099999999998 0.00000000099999999998 0.24877860925133235548 0.49433519239255724331 
0.00000000099999999997 0.00000000099999999997 0.31421707882525845568 0.00000000099999999997 0.20346711879165388370 0.00000000099999999997 0.00000000099999999997 0.00000000099999999997 0.48231579438308769259 0.00000000099999999997 0.00000000099999999997 
0.10485387719216206215 0.00522596558080653476 0.28234614353813203280 0.02562999389863265462 0.09053917765122340700 0.00000000099999999999 0.00000000099999999999 0.25372275150227685536 0.00000000099999999999 0.00000000172462493502 0.23768208591214162739 
0.00000032492874796668 0.00000000099999999999 0.28891026147784010236 0.00000108272430711355 0.12580882882646970966 0.04949407611485721892 0.00000000099999999999 0.23203870244510441112 0.30374008603356883462 0.00000000171489003052 0.00000663373421443264 
0.00000000099999999984 0.00000000099999999984 0.00000000099999999984 0.00000000099999999984 0.00000000099999999984 0.00000000099999999984 0.00000000099999999984 0.99999999000000006077 0.00000000099999999984 0.00000000099999999984 0.00000000099999999984 
0.00000000099999999999 0.00463665767653392846 0.47690531064562746710 0.01579021439326494178 0.08799097196983653169 0.00000000099999999999 0.00000000099999999999 0.00000000099999999999 0.04297122964281843704 0.16522969730965467172 0.20647591436226389594 
0.33481795093074012692 0.00000000099999999998 0.18446276870049044261 0.00712544798042295986 0.06359744677837372850 0.00000000099999999998 0.00000000099999999998 0.19195313799988078518 0.00000000859444937681 0.21804323501564257248 0.00000000099999999998 
0.99999999000000028282 0.00000000099999999989 0.00000000099999999989 0.00000000099999999989 0.00000000099999999989 0.00000000099999999989 0.00000000099999999989 0.00000000099999999989 0.00000000099999999989 0.00000000099999999989 0.00000000099999999989 
0.00000000099999999990 0.00000000099999999990 0.99999999000000006077 0.00000000099999999990 0.00000000099999999990 0.00000000099999999990 0.00000000099999999990 0.00000000099999999990 0.00000000099999999990 0.00000000099999999990 0.00000000099999999990 
0.00000212755626378628 0.01643205173026700966 0.17228492806668790904 0.00000000099999999998 0.08962283677686362637 0.04386512220744413076 0.00000000099999999998 0.09371331079964158317 0.16117465018786150677 0.34438400644441097276 0.07852096423055962560 
0.21581775993584573214 0.00000000099999999999 0.00000000099999999999 0.00141003254523433693 0.04116561971074601811 0.00000000099999999999 0.00000000099999999999 0.30374937142785346511 0.18002426369017163199 0.22022281491812789600 0.03761013377202079150 
0.00000000099999999995 0.00000000099999999995 0.00000000099999999995 0.00000000099999999995 0.00000000099999999995 0.00000000099999999995 0.00000000099999999995 0.00000000099999999995 0.48483998391733668099 0.00000000099999999995 0.51516000708266329600 
0.38040731485256473743 0.00000000099999999998 0.03708262420865573311 0.00000000099999999998 0.00000000099999999998 0.03751916007732780667 0.00000000099999999998 0.19013559761123530190 0.16316849335870367566 0.07645302337217059485 0.11523378251934217331 
0.00000000099999999997 0.00000006118288930367 0.00000000099999999997 0.00000000099999999997 0.00001071565281905690 0.00000000099999999997 0.00000000099999999997 0.31370578907554519388 0.20170827489695847268 0.48457515319178789959 0.00000000099999999997 
0.00000000099999999998 0.00000000099999999998 0.81183252886594803321 0.00000000099999999998 0.00000000099999999998 0.11926785124238786784 0.06889961189166420030 0.00000000099999999998 0.00000000099999999998 0.00000000099999999998 0.00000000099999999998 
0.00000000099999999987 0.00000000099999999987 0.00000000099999999987 0.00000000099999999987 0.00000000099999999987 0.00000000099999999987 0.00000000099999999987 0.00000000099999999987 0.00000000099999999987 0.99999999000000006077 0.00000000099999999987 
0.00000000099999999984 0.00000000099999999984 0.00000000099999999984 0.00000000099999999984 0.00000000099999999984 0.00000000099999999984 0.00000000099999999984 0.00000000099999999984 0.00000000099999999984 0.99999999000000006077 0.00000000099999999984 
0.99999999000000017180 0.00000000099999999990 0.00000000099999999990 0.00000000099999999990 0.00000000099999999990 0.00000000099999999990 0.00000000099999999990 0.00000000099999999990 0.00000000099999999990 0.00000000099999999990 0.00000000099999999990 
0.00000000099999999990 0.00000000099999999990 0.99999999000000006077 0.00000000099999999990 0.00000000099999999990 0.00000000099999999990 0.00000000099999999990 0.00000000099999999990 0.00000000099999999990 0.00000000099999999990 0.00000000099999999990 
0.00000000099999999996 0.00000000099999999996 0.65767506726004143491 0.00000000099999999996 0.00000000099999999996 0.07768717178705071558 0.00000000099999999996 0.00000000099999999996 0.00108088627479309592 0.00000000099999999996 0.26355686767811481452 
0.39743357832899661730 0.00000000099999999997 0.00000000099999999997 0.00000000099999999997 0.00000000099999999997 0.08204446338864022914 0.00000000099999999997 0.00000000099999999997 0.00000000099999999997 0.52052195028236281082 0.00000000099999999997 
0.40646577380199866436 0.00000000099999999998 0.00000000099999999998 0.00000000099999999998 0.14698921146756427358 0.00001461129132157616 0.00000000099999999998 0.00000000099999999998 0.44652855842329741698 0.00000183901581794704 0.00000000099999999998 
0.00000000099999999994 0.00000000099999999994 0.49194603287471061481 0.00000000099999999994 0.00000000099999999994 0.00000000099999999994 0.00000000099999999994 0.00000000099999999994 0.00000000099999999994 0.00000000099999999994 0.50805395812528930666 
0.99999999000000017180 0.00000000099999999988 0.00000000099999999988 0.00000000099999999988 0.00000000099999999988 0.00000000099999999988 0.00000000099999999988 0.00000000099999999988 0.00000000099999999988 0.00000000099999999988 0.00000000099999999988 
0.00000000099999999992 0.99999999000000017180 0.00000000099999999992 0.00000000099999999992 0.00000000099999999992 0.00000000099999999992 0.00000000099999999992 0.00000000099999999992 0.00000000099999999992 0.00000000099999999992 0.00000000099999999992 
0.00000000099999999995 0.96708219518278870641 0.00000000099999999995 0.00000000099999999995 0.00000000099999999995 0.03291779581721147874 0.00000000099999999995 0.00000000099999999995 0.00000000099999999995 0.00000000099999999995 0.00000000099999999995 
0.00000000099999999956 0.00000000099999999956 0.00000000099999999956 0.00000000099999999956 0.00000000099999999956 0.00000000099999999956 0.99999999000000006077 0.00000000099999999956 0.00000000099999999956 0.00000000099999999956 0.00000000099999999956 
0.00000000099999999945 0.00000000099999999945 0.00000000099999999945 0.99999999000000006077 0.00000000099999999945 0.00000000099999999945 0.00000000099999999945 0.00000000099999999945 0.00000000099999999945 0.00000000099999999945 0.00000000099999999945 
0.00000000099999999998 0.87516264768848206490 0.05426183248721243302 0.03185517678721712376 0.00000007477312083967 0.03872016709255446387 0.00000000099999999998 0.00000000099999999998 0.00000009617141321104 0.00000000099999999998 0.00000000099999999998 
0.00000000099999999985 0.00000000099999999985 0.00000000099999999985 0.00000000099999999985 0.00000000099999999985 0.00000000099999999985 0.00000000099999999985 0.00000000099999999985 0.00000000099999999985 0.99999998999999994975 0.00000000099999999985 
0.00000000099999999970 0.00000000099999999970 0.00000000099999999970 0.00000000099999999970 0.99999999000000006077 0.00000000099999999970 0.00000000099999999970 0.00000000099999999970 0.00000000099999999970 0.00000000099999999970 0.00000000099999999970 
0.00000000099999999998 0.99181122710764524353 0.00000000099999999998 0.00521066669548910389 0.00000000099999999998 0.00000000099999999998 0.00000000099999999998 0.00294734782926736084 0.00003075136759854072 0.00000000099999999998 0.00000000099999999998 
0.00000000099999999995 0.00000000099999999995 0.00000000099999999995 0.00000000099999999995 0.00000000099999999995 0.00000000099999999995 0.00000000099999999995 0.44775520090521198080 0.00000000099999999995 0.00000000099999999995 0.55224479009478788516 
0.00000000099999999990 0.00000000099999999990 0.99999999000000006077 0.00000000099999999990 0.00000000099999999990 0.00000000099999999990 0.00000000099999999990 0.00000000099999999990 0.00000000099999999990 0.00000000099999999990 0.00000000099999999990 
0.21488334080519116975 0.00000000099999999997 0.00000000099999999997 0.00000000099999999997 0.00000272751095619462 0.03147005494916692292 0.00000000099999999997 0.26010450615504893124 0.49353936106624152202 0.00000000451339526232 0.00000000099999999997 
0.00000000099999999941 0.00000000099999999941 0.00000000099999999941 0.00000000099999999941 0.00000000099999999941 0.00000000099999999941 0.99999998999999994975 0.00000000099999999941 0.00000000099999999941 0.00000000099999999941 0.00000000099999999941 
0.00000000099999999944 0.00000000099999999944 0.00000000099999999944 0.00000000099999999944 0.00000000099999999944 0.00000000099999999944 0.99999998999999994975 0.00000000099999999944 0.00000000099999999944 0.00000000099999999944 0.00000000099999999944 
0.00000000099999999933 0.00000000099999999933 0.00000000099999999933 0.00000000099999999933 0.00000000099999999933 0.00000000099999999933 0.99999999000000006077 0.00000000099999999933 0.00000000099999999933 0.00000000099999999933 0.00000000099999999933 
0.00000000099999999936 0.00000000099999999936 0.00000000099999999936 0.00000000099999999936 0.00000000099999999936 0.00000000099999999936 0.99999999000000006077 0.00000000099999999936 0.00000000099999999936 0.00000000099999999936 0.00000000099999999936 
0.00000000099999999938 0.00000000099999999938 0.00000000099999999938 0.00000000099999999938 0.00000000099999999938 0.00000000099999999938 0.99999999000000006077 0.00000000099999999938 0.00000000099999999938 0.00000000099999999938 0.00000000099999999938 
0.00000000099999999996 0.99999994582352247363 0.00000000099999999996 0.00000000099999999996 0.00000000099999999996 0.00000000099999999996 0.00000000099999999996 0.00000000099999999996 0.00000004517647769335 0.00000000099999999996 0.00000000099999999996 
0.41097985893012395353 0.00000000099999999999 0.25517778805484697680 0.00000000099999999999 0.08058835658768348509 0.06222842430503015138 0.00000000099999999999 0.00000670526384631138 0.19099966704787521565 0.00000000099999999999 0.00001919581059400327 
0.00000000099999999937 0.00000000099999999937 0.00000000099999999937 0.00000000099999999937 0.00000000099999999937 0.00000000099999999937 0.99999999000000006077 0.00000000099999999937 0.00000000099999999937 0.00000000099999999937 0.00000000099999999937 
0.00000000099999999946 0.00000000099999999946 0.00000000099999999946 0.00000000099999999946 0.00000000099999999946 0.00000000099999999946 0.99999999000000006077 0.00000000099999999946 0.00000000099999999946 0.00000000099999999946 0.00000000099999999946 
0.00000000099999999942 0.00000000099999999942 0.00000000099999999942 0.99999999000000017180 0.00000000099999999942 0.00000000099999999942 0.00000000099999999942 0.00000000099999999942 0.00000000099999999942 0.00000000099999999942 0.00000000099999999942 
0.00000000099999999943 0.00000000099999999943 0.00000000099999999943 0.99999999000000017180 0.00000000099999999943 0.00000000099999999943 0.00000000099999999943 0.00000000099999999943 0.00000000099999999943 0.00000000099999999943 0.00000000099999999943 
0.48026251959699906013 0.00000000099999999994 0.00000000099999999994 0.00000000099999999994 0.00000000099999999994 0.00000000099999999994 0.00000000099999999994 0.00000000099999999994 0.51973747140300063929 0.00000000099999999994 0.00000000099999999994 
0.00000000099999999941 0.00000000099999999941 0.00000000099999999941 0.00000000099999999941 0.00000000099999999941 0.00000000099999999941 0.99999998999999994975 0.00000000099999999941 0.00000000099999999941 0.00000000099999999941 0.00000000099999999941 
0.00000000099999999995 0.00000000099999999995 0.43242986516540454778 0.00000000099999999995 0.00000000099999999995 0.00000000099999999995 0.00000000099999999995 0.00000000099999999995 0.00000000099999999995 0.56757012583459509614 0.00000000099999999995 
0.00000000099999999996 0.00000000099999999996 0.62068692137284608989 0.00000000099999999996 0.00000000099999999996 0.06674641666261811601 0.00000000099999999996 0.00000000099999999996 0.00000000099999999996 0.00000000099999999996 0.31256665396453586769 
0.00000000099999999995 0.93056219413406049412 0.00000000099999999995 0.00000000099999999995 0.00000000099999999995 0.00000000099999999995 0.00000000099999999995 0.00000000099999999995 0.00000000099999999995 0.00000000099999999995 0.06943779686593981593 
0.24250835831328190761 0.00000000099999999998 0.16809501961600989417 0.00000000099999999998 0.11290611930452777723 0.00000000099999999998 0.00000000099999999998 0.23320072993255983040 0.00003426569167435124 0.24325550214194616161 0.00000000099999999998 
