0.00000000099999999999 0.02345160013005109442 0.00000000099999999999 0.97436524629179444013 0.00218315157815445957 
0.99999999600000000211 0.00000000099999999996 0.00000000099999999996 0.00000000099999999996 0.00000000099999999996 
0.99999999600000011313 0.00000000099999999996 0.00000000099999999996 0.00000000099999999996 0.00000000099999999996 
0.03558782047150640254 0.00214584499310708230 0.00000000099999999999 0.63079287905046388385 0.33147345448492260278 
0.00000000100000000000 0.00997270677103548331 0.00000000100000000000 0.64687968529745532020 0.34314760593150911427 
0.02715776092222909818 0.00430026024991250234 0.00000000099999999999 0.76992014036774725216 0.19862183746011119467 
0.99999999600000011313 0.00000000099999999997 0.00000000099999999997 0.00000000099999999997 0.00000000099999999997 
0.99999999600000000211 0.00000000099999999994 0.00000000099999999994 0.00000000099999999994 0.00000000099999999994 
0.00000000099999999999 0.01440288243573206901 0.00000000099999999999 0.98559711456426790654 0.00000000099999999999 
0.99999999600000000211 0.00000000099999999996 0.00000000099999999996 0.00000000099999999996 0.00000000099999999996 
0.00000000099999999994 0.00000000099999999994 0.00000000099999999994 0.00000000099999999994 0.99999999599999989108 
0.01423195360318614024 0.00512408206013822629 0.00000000099999999999 0.56157689940053712174 0.41906706393613857298 
0.00000006350956457405 0.00509073365497942146 0.00000000100000000000 0.64317943459693194264 0.35172976723852394931 
0.00000000099999999999 0.01278280028122176504 0.00000000099999999999 0.47896376714452576495 0.50825343057425254045 
0.00000000099999999995 0.00000000099999999995 0.00000000099999999995 0.00000000099999999995 0.99999999599999989108 
0.05540238392978476256 0.02932939006255623135 0.00000000099999999999 0.57508722415986579524 0.34018100084779329118 
0.00000000099999999999 0.00000000099999999999 0.00000000099999999999 0.48019533888533066923 0.51980465811466936010 
0.00000000099999999999 0.00000000099999999999 0.00000000099999999999 0.52226153233063687953 0.47773846466936320532 
0.00000001461789015409 0.00838204602468945945 0.00681610764268433464 0.72495191338919318103 0.25984991832554282798 
0.00000000099999999998 0.00462222385610581033 0.00000000099999999998 0.70548713212090286007 0.28989064202299130724 
0.00000000099999999999 0.00000000099999999999 0.00000000099999999999 0.52841356646164727717 0.47158643053835275216 
0.99999999600000000211 0.00000000099999999997 0.00000000099999999997 0.00000000099999999997 0.00000000099999999997 
0.02272612216773482047 0.00000000099999999999 0.00000000099999999999 0.51235228854811332155 0.46492158728415172719 
0.01378716692449186328 0.00000000099999999998 0.00000000099999999998 0.98621283007550808453 0.00000000099999999998 
0.02466431697620916769 0.00000000099999999998 0.00000000099999999998 0.47362912225084013995 0.50170655877295078362 
0.00000000099999999999 0.00214247802676571005 0.00000000099999999999 0.61994726726875515332 0.37791025270447903273 
0.00000000099999999983 0.99999999600000011313 0.00000000099999999983 0.00000000099999999983 0.00000000099999999983 
0.00000000099999999980 0.99999999600000011313 0.00000000099999999980 0.00000000099999999980 0.00000000099999999980 
0.00000000099999999999 0.00260819808487457346 0.00000000099999999999 0.52272630874669245848 0.47466549116843304024 
0.00000000099999999999 0.00918748135176351843 0.00000000099999999999 0.54347171241597402869 0.44734080423226241230 
0.02175013109233200903 0.00000000099999999999 0.00000000099999999999 0.57088877094808587742 0.40736109595958208685 
0.99999999600000011313 0.00000000099999999997 0.00000000099999999997 0.00000000099999999997 0.00000000099999999997 
0.22570216004532087095 0.36064216701453311043 0.00000000099999999996 0.41365567094014588090 0.00000000099999999996 
0.00000000099999999998 0.00000000099999999998 0.00000000099999999998 0.56244664692652179827 0.43755335007347828657 
0.00000000099999999980 0.00000000099999999980 0.99999999600000000211 0.00000000099999999980 0.00000000099999999980 
0.00000000099999999975 0.00000000099999999975 0.99999999599999989108 0.00000000099999999975 0.00000000099999999975 
0.00000000099999999975 0.00000000099999999975 0.99999999600000000211 0.00000000099999999975 0.00000000099999999975 
0.00000000099999999984 0.99999999600000011313 0.00000000099999999984 0.00000000099999999984 0.00000000099999999984 
0.00000000099999999982 0.99999999600000011313 0.00000000099999999982 0.00000000099999999982 0.00000000099999999982 
0.00000000099999999998 0.00000000099999999998 0.00000000099999999998 0.51732589459933131515 0.48267410240066871419 
0.99999999600000011313 0.00000000099999999997 0.00000000099999999997 0.00000000099999999997 0.00000000099999999997 
0.00000000099999999982 0.99999999600000000211 0.00000000099999999982 0.00000000099999999982 0.00000000099999999982 
0.01940580741456576080 0.00819228221168751512 0.00000000099999999999 0.54634391097857160080 0.42605799839517521921 
0.99999999600000000211 0.00000000099999999995 0.00000000099999999995 0.00000000099999999995 0.00000000099999999995 
0.00000000099999999985 0.99999999600000011313 0.00000000099999999985 0.00000000099999999985 0.00000000099999999985 
0.01280237279422782003 0.00622263922272872725 0.00000000099999999999 0.64976508073014438427 0.33120990625289897791 
0.00000000099999999983 0.99999999600000011313 0.00000000099999999983 0.00000000099999999983 0.00000000099999999983 
0.99999999600000000211 0.00000000099999999996 0.00000000099999999996 0.00000000099999999996 0.00000000099999999996 
0.99999999600000011313 0.00000000099999999994 0.00000000099999999994 0.00000000099999999994 0.00000000099999999994 
0.00000000099999999981 0.99999999600000000211 0.00000000099999999981 0.00000000099999999981 0.00000000099999999981 
0.00000000099999999982 0.99999999600000000211 0.00000000099999999982 0.00000000099999999982 0.00000000099999999982 
0.99999999600000011313 0.00000000099999999996 0.00000000099999999996 0.00000000099999999996 0.00000000099999999996 
0.99999999600000000211 0.00000000099999999996 0.00000000099999999996 0.00000000099999999996 0.00000000099999999996 
0.99999999600000000211 0.00000000099999999997 0.00000000099999999997 0.00000000099999999997 0.00000000099999999997 
0.00000000099999999985 0.99999999600000000211 0.00000000099999999985 0.00000000099999999985 0.00000000099999999985 
0.04292203310495655566 0.01548724057035616095 0.00000000100000000000 0.67600206620830427529 0.26558865911638301904 
0.00000000100000000000 0.02613617798747500456 0.00000000100000000000 0.61613708710688119830 0.35772673290564366289 
0.02009001295534148385 0.00000000099999999998 0.00000000099999999998 0.55425298640593667621 0.42565699863872180631 
0.00968729777811858615 0.00076912048907257842 0.00000000099999999999 0.63196943717056730527 0.35757414356224148655 
0.99999999600000000211 0.00000000099999999996 0.00000000099999999996 0.00000000099999999996 0.00000000099999999996 
0.00000000100000000000 0.00449257913948198327 0.00000000100000000000 0.57401253790394135557 0.42149488095657666742 
0.00000000099999999979 0.00000000099999999979 0.99999999600000000211 0.00000000099999999979 0.00000000099999999979 
0.00000000099999999998 0.00026537437949276954 0.00000000099999999998 0.99973462262050705185 0.00000000099999999998 
0.00000000099999999979 0.00000000099999999979 0.99999999599999989108 0.00000000099999999979 0.00000000099999999979 
0.03779008510700006263 0.00000000099999999999 0.00000000099999999999 0.56931629049347376448 0.39289362239952613232 
0.00000000099999999980 0.00000000099999999980 0.99999999599999989108 0.00000000099999999980 0.00000000099999999980 
0.00384875403380175243 0.00448813953345227144 0.00000000099999999999 0.75412287892086982133 0.23754022651187611803 
0.00000000488619754264 0.00540296153521058631 0.00000000099999999999 0.99459703157859191691 0.00000000099999999999 
0.99999999600000000211 0.00000000099999999994 0.00000000099999999994 0.00000000099999999994 0.00000000099999999994 
0.00000000099999999998 0.00000000099999999998 0.00000000099999999998 0.69458979240534945987 0.30541020459465040293 
0.00000000099999999980 0.00000000099999999980 0.99999999600000000211 0.00000000099999999980 0.00000000099999999980 
0.00000000099999999982 0.00000000099999999982 0.99999999599999989108 0.00000000099999999982 0.00000000099999999982 
0.07941895432822594636 0.00703584440753360265 0.00000000099999999999 0.43637938278100235623 0.47716581748323821932 
0.99999999600000011313 0.00000000099999999995 0.00000000099999999995 0.00000000099999999995 0.00000000099999999995 
0.00000000099999999985 0.99999999600000011313 0.00000000099999999985 0.00000000099999999985 0.00000000099999999985 
0.99999999600000011313 0.00000000099999999995 0.00000000099999999995 0.00000000099999999995 0.00000000099999999995 
0.03629646165545114683 0.00000000100000000000 0.00033316592869334571 0.71903313972545512822 0.24433723169040041934 
0.00000000099999999978 0.00000000099999999978 0.99999999599999989108 0.00000000099999999978 0.00000000099999999978 
0.00000000099999999979 0.99999999600000000211 0.00000000099999999979 0.00000000099999999979 0.00000000099999999979 
0.00000000099999999982 0.00000000099999999982 0.99999999600000000211 0.00000000099999999982 0.00000000099999999982 
0.00000000100000000000 0.01872988912404144335 0.00290541248470686710 0.64860592548742546093 0.32975877190382624216 
0.99999999600000000211 0.00000000099999999994 0.00000000099999999994 0.00000000099999999994 0.00000000099999999994 
0.99999999600000000211 0.00000000099999999995 0.00000000099999999995 0.00000000099999999995 0.00000000099999999995 
0.23069581650478798718 0.00141276062507074505 0.00000000099999999999 0.76789142087014117255 0.00000000099999999999 
0.00011553185552863099 0.02334840426675117639 0.00000000100000000000 0.71410380949215201962 0.26243225338556824822 
0.00000000099999999993 0.00000000099999999993 0.00000000099999999993 0.00000000099999999993 0.99999999599999989108 
0.02022775484689243522 0.00000000099999999999 0.00000000099999999999 0.67025813442171811030 0.30951410873138934798 
0.00000000099999999999 0.00000000099999999999 0.00000000099999999999 0.52364596804618790404 0.47635402895381212529 
0.00000000099999999997 0.00000000099999999997 0.00000000099999999997 0.49891028580232515965 0.50108971119767475866 
0.00000036514343053839 0.00000000099999999998 0.00000000099999999998 0.99999930284411375769 0.00000033001245579774 
0.00762284417074812239 0.00621920681305819078 0.00000000099999999999 0.58652482592613564005 0.39963312209005807940 
0.03367238252529938802 0.00000000099999999999 0.00000000099999999999 0.57208029301869656180 0.39424732245600407898 
0.99999999600000011313 0.00000000099999999996 0.00000000099999999996 0.00000000099999999996 0.00000000099999999996 
0.99999968857481102980 0.00000000099999999998 0.00000000099999999998 0.00000000099999999998 0.00000030842518911565 
0.00000000099999999988 0.00000000099999999988 0.99999999600000000211 0.00000000099999999988 0.00000000099999999988 
0.99999699251925489030 0.00000000099999999998 0.00000000099999999998 0.00000000099999999998 0.00000300448074528254 
0.99999999600000011313 0.00000000099999999998 0.00000000099999999998 0.00000000099999999998 0.00000000099999999998 
0.02094009502437986850 0.00775399212696389374 0.00000000099999999999 0.69962156965262689567 0.27168434219602921598 
0.00000000099999999975 0.00000000099999999975 0.99999999600000000211 0.00000000099999999975 0.00000000099999999975 
0.00000000099999999999 0.00000000099999999999 0.00000000099999999999 0.50243364573763948933 0.49756635126236048450 
0.01425853578200595925 0.00523612178419448956 0.00000000099999999999 0.68943668031481653014 0.29106866111898299643 
0.00000000346589058816 0.00782608284004551215 0.00000142733800685229 0.71811012768724202804 0.27406235866881500929 
0.02206327129618336491 0.00225713421028049012 0.00000000100000000000 0.56584763174432473054 0.40983196174921143751 
0.00000000099999999998 0.00000000099999999998 0.00000000099999999998 0.99999999599999989108 0.00000000099999999998 
0.03506193511609617675 0.00000000099999999999 0.00000000099999999999 0.50969110743642886963 0.45524695544747501019 
0.00000000099999999999 0.00359040075742392143 0.00000000099999999999 0.71701644266540376371 0.27939315457717234237 
0.00808617931109411117 0.00672167505432915997 0.00000000100000000000 0.62827843155569285116 0.35691371307888386522 
0.00000010251320897958 0.02775440709312343088 0.00000000100000000000 0.97224548839366753405 0.00000000100000000000 
0.00000002606431030637 0.01145237341335318161 0.00000000099999999999 0.55857318573462955147 0.42997441378770706599 
0.00000000099999999998 0.00000000099999999998 0.00000000099999999998 0.63479633477781072237 0.36520366222218925145 
0.02516234838205269608 0.02461927703585101157 0.00214966663354808655 0.74817821118891081333 0.19989049675963740937 
0.00000000099999999998 0.00958567551155060579 0.00000000099999999998 0.59714313765445525828 0.39327118483399414739 
0.00622133440658447119 0.00000000100000000000 0.00000000100000000000 0.65748502324887114767 0.33629364034454450882 
0.00000000099999999998 0.00000000099999999998 0.00000000099999999998 0.99999999600000000211 0.00000000099999999998 
0.03221821859961972179 0.00000000099999999999 0.00000000099999999999 0.69808616672057877128 0.26969561267980152186 
0.01097133513023043107 0.00558403642217097842 0.00000000100000000000 0.62387249463806271343 0.35957213280953587153 
0.03457622383239501718 0.00000000099999999999 0.00000000099999999999 0.51203521246422756263 0.45338856170337732410 
0.00005100891126807885 0.00000000099999999999 0.00000000099999999999 0.66501097679464027390 0.33493801229409170261 
0.02038058972191050117 0.00000000099999999999 0.00000000099999999999 0.55359530325660510908 0.42602410502148435612 
0.02104206164189119724 0.00440699551282007235 0.06778920524717456375 0.58086261837308639233 0.32589911922502778907 
0.00000000218513410599 0.00000000099999999999 0.00000000099999999999 0.64989879868490629811 0.35010119712995962926 
0.01351478380796670466 0.00000000099999999998 0.00000000099999999998 0.58795738127957397623 0.39852783291245930108 
0.00000000099999999994 0.00000000099999999994 0.00000000099999999994 0.00000000099999999994 0.99999999600000000211 
0.00000000099999999999 0.01087745841418834292 0.00000000099999999999 0.50710947942881567929 0.48201306015699602048 
0.00976245315817890827 0.00000000099999999998 0.00000000099999999998 0.60922382934832375323 0.38101371549349727363 
0.00000023841624537928 0.00354658244500945935 0.00000008558015379786 0.52149202140338524192 0.47496107215520616540 
0.00829488469447586980 0.00790847946588348408 0.00000000099999999999 0.60406466878882636440 0.37973196605081432908 
0.00000000099999999999 0.00000934417263854168 0.00000000099999999999 0.76917971565967491188 0.23081093816768646909 
0.02833014305839004487 0.00000000099999999998 0.00000000099999999998 0.56901396206332033323 0.40265589287828973397 
0.99999999600000000211 0.00000000099999999995 0.00000000099999999995 0.00000000099999999995 0.00000000099999999995 
0.99900169134469085641 0.00000000099999999998 0.00000000099999999998 0.00000000099999999998 0.00099830565530927224 
0.00000000099999999983 0.00000000099999999983 0.99999999600000000211 0.00000000099999999983 0.00000000099999999983 
0.00000000099999999980 0.99999999600000000211 0.00000000099999999980 0.00000000099999999980 0.00000000099999999980 
0.89028706630521348142 0.03648514939488600728 0.00000000099999999999 0.07322778229990035970 0.00000000099999999999 
0.00000000099999999997 0.00000000099999999997 0.00000000099999999997 0.99999999600000000211 0.00000000099999999997 
0.00236383360579763176 0.00000271679280803777 0.00000000099999999999 0.99763344760139438527 0.00000000099999999999 
0.99629445017968920606 0.00370554682031068363 0.00000000099999999999 0.00000000099999999999 0.00000000099999999999 
0.01394863194863825775 0.00000000099999999999 0.00000000099999999999 0.68356042939966354943 0.30249093665169818346 
0.00000027438223729866 0.01135172546512700116 0.00000000099999999998 0.67941072130453650235 0.30923727784809923458 
0.00000000099999999999 0.00180561310564325388 0.00000000099999999999 0.63977162538763088229 0.35842275950672586315 
0.00000000099999999978 0.00000000099999999978 0.99999999600000000211 0.00000000099999999978 0.00000000099999999978 
0.00000000099999999980 0.00000000099999999980 0.99999999600000000211 0.00000000099999999980 0.00000000099999999980 
0.00000000099999999975 0.00000000099999999975 0.99999999599999989108 0.00000000099999999975 0.00000000099999999975 
0.00000000099999999976 0.00000000099999999976 0.99999999599999989108 0.00000000099999999976 0.00000000099999999976 
0.00000000099999999976 0.00000000099999999976 0.99999999599999989108 0.00000000099999999976 0.00000000099999999976 
0.99999999600000011313 0.00000000099999999998 0.00000000099999999998 0.00000000099999999998 0.00000000099999999998 
0.00000038108879416986 0.00773874680090625225 0.00000000099999999999 0.54178147763674100457 0.45047939347355864248 
0.00000000099999999977 0.00000000099999999977 0.99999999599999989108 0.00000000099999999977 0.00000000099999999977 
0.00000000099999999980 0.00000000099999999980 0.99999999600000000211 0.00000000099999999980 0.00000000099999999980 
0.00000000099999999979 0.99999999600000000211 0.00000000099999999979 0.00000000099999999979 0.00000000099999999979 
0.00000000099999999979 0.99999999600000000211 0.00000000099999999979 0.00000000099999999979 0.00000000099999999979 
0.00000000099999999999 0.00000000099999999999 0.00000000099999999999 0.67843464225968475034 0.32156535474031516797 
0.00000000099999999978 0.00000000099999999978 0.99999999600000000211 0.00000000099999999978 0.00000000099999999978 
0.01129911875690074730 0.00000000100000000000 0.00000000100000000000 0.64577374541166221444 0.34292713383143713646 
0.00000000099999999999 0.00000000324889436057 0.00000000099999999999 0.76048364928884970571 0.23951634546225605837 
0.93413139285727941896 0.00000000099999999997 0.00000000099999999997 0.00000000099999999997 0.06586860414272051323 
0.00463853254876754606 0.00000000099999999998 0.00000000099999999998 0.56019022536926588174 0.43517124008196655938 
0.99999999600000011313 0.00000000099999999994 0.00000000099999999994 0.00000000099999999994 0.00000000099999999994 
0.01858892091728211321 0.00505273970484710396 0.00000000099999999999 0.68512931881575733772 0.29122901956211355579 
0.99999999600000011313 0.00000000099999999995 0.00000000099999999995 0.00000000099999999995 0.00000000099999999995 
0.01009680784985708332 0.01794246940245149136 0.00000000100000000000 0.71490393984098332680 0.25705678190670816496 
0.00000000100000000000 0.01344996183441657736 0.00000000100000000000 0.77482799589728446055 0.21172204026829902213 
0.00000000099999999980 0.00000000099999999980 0.99999999599999989108 0.00000000099999999980 0.00000000099999999980 
0.99999999600000011313 0.00000000099999999996 0.00000000099999999996 0.00000000099999999996 0.00000000099999999996 
0.00000000099999999977 0.00000000099999999977 0.99999999599999989108 0.00000000099999999977 0.00000000099999999977 
0.00000000099999999976 0.00000000099999999976 0.99999999599999989108 0.00000000099999999976 0.00000000099999999976 
0.00362669721237272261 0.00000000099999999999 0.00000000099999999999 0.56302071248239382584 0.43335258830523354368 
0.02312636612204049813 0.00000000099999999998 0.00000000099999999998 0.57394038639654354483 0.40293324548141612462 
0.00000000099999999997 0.00000000099999999997 0.00000000099999999997 0.99999999600000000211 0.00000000099999999997 
0.00002180324679259583 0.00346723546356477895 0.00000000099999999999 0.69475842139580867851 0.30175253889383407691 
0.00164252636760339591 0.01631269570627953691 0.00000000099999999999 0.72131073475946649864 0.26073404216665052591 
0.01483759601126669915 0.00726504555350402943 0.00000000099999999999 0.69963539048304235202 0.27826196695218707866 
0.00000000099999999999 0.00000000099999999999 0.00000000099999999999 0.58960339921854665324 0.41039659778145337610 
0.99998236767211556852 0.00000000099999999998 0.00000000099999999998 0.00001760747048897502 0.00000002285739558916 
0.00000000099999999998 0.00000000099999999998 0.00000000099999999998 0.63760234868270515562 0.36239764831729476269 
0.00000000099999999977 0.00000000099999999977 0.99999999600000000211 0.00000000099999999977 0.00000000099999999977 
0.00000000099999999999 0.00000000099999999999 0.00000000099999999999 0.44494947486090119515 0.55505052213909888970 
0.00000000099999999992 0.00000000099999999992 0.99999999600000000211 0.00000000099999999992 0.00000000099999999992 
0.00000000099999999980 0.00000000099999999980 0.99999999600000000211 0.00000000099999999980 0.00000000099999999980 
0.02032507975154305979 0.00000000099999999999 0.00000000099999999999 0.62714449498651581028 0.35253042326194122813 
0.00000000099999999999 0.00731273091122622201 0.00000000099999999999 0.60641079463034397445 0.38627647245842977597 
0.01643862116984007651 0.00000000099999999999 0.00000000099999999999 0.61456448990705725421 0.36899688692310267379 
0.00000000099999999982 0.00000000099999999982 0.99999999599999989108 0.00000000099999999982 0.00000000099999999982 
0.99999999600000011313 0.00000000099999999995 0.00000000099999999995 0.00000000099999999995 0.00000000099999999995 
0.99999999600000000211 0.00000000099999999995 0.00000000099999999995 0.00000000099999999995 0.00000000099999999995 
0.00000000099999999979 0.00000000099999999979 0.99999999599999989108 0.00000000099999999979 0.00000000099999999979 
0.00412843480511266604 0.00542582956675957424 0.00000000099999999999 0.72531562590516340805 0.26513010872296444154 
0.03657188267568396017 0.01297429345743037268 0.00000000100000000000 0.51095192930742405757 0.43950189355946156500 
0.00000000099999999980 0.00000000099999999980 0.99999999599999989108 0.00000000099999999980 0.00000000099999999980 
0.00079824610607570081 0.00350498088034443189 0.00000000099999999999 0.59508444861790110725 0.40061232339567870442 
0.99999999600000011313 0.00000000099999999994 0.00000000099999999994 0.00000000099999999994 0.00000000099999999994 
0.20941756132661451528 0.10580134882570949029 0.09564313621975970015 0.00000000100000000000 0.58913795262791623930 
0.01623728946088753497 0.00000000099999999999 0.00000000099999999999 0.98376269122684045776 0.00000001731227191877 
0.02975253762603339083 0.01076789583002659562 0.00000000099999999999 0.52279628254922982933 0.43668328299471004250 
0.00000000099999999999 0.01143375408225371509 0.00000000099999999999 0.50124822518178036024 0.48731801873596575225 
0.00000000099999999999 0.00884470759120825276 0.00000000099999999999 0.60887474078026448954 0.38228054962852731080 
0.00000000099999999994 0.00000000099999999994 0.00000000099999999994 0.00000000099999999994 0.99999999599999989108 
0.00243323774615000375 0.00000000099999999999 0.00000000099999999999 0.59236461686879626765 0.40520214338505367024 
0.00175320786860358045 0.01369277903429042681 0.00000000099999999999 0.70765272746735863318 0.27690128462974722412 
0.02231781264417356109 0.00000001656987128138 0.00398108450872321998 0.51924015388938182802 0.45446093238785006951 
0.99999999600000011313 0.00000000099999999996 0.00000000099999999996 0.00000000099999999996 0.00000000099999999996 
0.00000000099999999994 0.00000000099999999994 0.00000000099999999994 0.00000000099999999994 0.99999999599999989108 
0.00000000099999999999 0.00644576486591770005 0.00000000099999999999 0.68153746658669123182 0.31201676654739118888 
0.04720333744832233558 0.00000000304118599144 0.00000000099999999999 0.95279665751049169575 0.00000000099999999999 
0.00006115715484801472 0.00000000099999999998 0.00000000099999999998 0.99993883984515208319 0.00000000099999999998 
0.03182031676070665172 0.00271745945355218212 0.00000241858498342118 0.68257745666331215428 0.28288234853744564923 
0.00000000099999999997 0.00000000099999999997 0.00000000099999999997 0.99999999599999989108 0.00000000099999999997 
0.00960549106362883383 0.00000013811150602316 0.00000000100000000000 0.68451828431720140866 0.30587608550766370863 
0.99396159369123116001 0.00000000099999999998 0.00000000099999999998 0.00603840330876893004 0.00000000099999999998 
0.01777671117740336343 0.01618827684649242621 0.00000000099999999999 0.59544647400141692550 0.37058853697468724375 
0.00000000099999999998 0.00000074603393310376 0.00000000099999999998 0.99999925096606689934 0.00000000099999999998 
0.00602775022132727521 0.00000000100000000000 0.01020345054525399406 0.65038506516950422842 0.33338373306391450024 
0.99999999600000011313 0.00000000099999999997 0.00000000099999999997 0.00000000099999999997 0.00000000099999999997 
0.02379673318773971660 0.00000000100000000000 0.01860507222492844420 0.63922763857375008989 0.31837055501358185738 
0.00000000099999999999 0.00000613652782215235 0.00000000099999999999 0.99999386047217797557 0.00000000099999999999 
0.47733984649006444556 0.00000000099999999998 0.00000000099999999998 0.00000000099999999998 0.52266015050993541724 
0.00000000099999999996 0.00000000099999999996 0.00000000099999999996 0.99999999599999989108 0.00000000099999999996 
0.00000000099999999981 0.00000000099999999981 0.99999999599999989108 0.00000000099999999981 0.00000000099999999981 
0.00000000099999999995 0.00000000099999999995 0.00000000099999999995 0.00000000099999999995 0.99999999600000000211 
0.02281816494910796772 0.00000004528011374731 0.00000000099999999999 0.52821765937647446876 0.44896412939430385691 
