0.96549583098537139492 0.02606875462770128979 0.00809443368819583176 0.00034098069873140076 
0.00000000099999999996 0.00000000099999999996 0.99999999699999997382 0.00000000099999999996 
0.00000000099999999996 0.00000000099999999996 0.99999999699999997382 0.00000000099999999996 
0.95153151347279696370 0.00551864786961423458 0.04294983765758884908 0.00000000099999999999 
0.98628133724879452071 0.01321197899996987002 0.00050668275123576907 0.00000000100000000000 
0.96294749739475393735 0.00637317644198974464 0.03067932516325622486 0.00000000099999999999 
0.00000000099999999997 0.00000000099999999997 0.99999999699999986280 0.00000000099999999997 
0.00000000099999999995 0.00000000099999999995 0.99999999699999986280 0.00000000099999999995 
0.97120152293661943244 0.01971950790171587975 0.00907896816166472477 0.00000000099999999999 
0.00000000099999999997 0.00000000099999999997 0.99999999699999986280 0.00000000099999999997 
0.96834888779234162826 0.01377759873408335688 0.01787351247357500325 0.00000000100000000000 
0.96573391169746036766 0.01151794595953844341 0.02274814134300135599 0.00000000099999999999 
0.98586023936769573428 0.00884853588321375152 0.00529122374909053728 0.00000000100000000000 
0.96960169642036353466 0.01966070463015644545 0.01073759794947993888 0.00000000100000000000 
0.97089368873700165885 0.02162990034002824219 0.00139251811969951672 0.00608389280327065532 
0.90556570052323348552 0.03331177960704212460 0.06112251886972422388 0.00000000099999999999 
0.99214055090819253113 0.00021139651241876777 0.00764805157938853661 0.00000000100000000000 
0.98807118707380126033 0.00654945738201567502 0.00000000100000000000 0.00537935454418315018 
0.97693090173679009158 0.01148153524360689265 0.00342288726637263608 0.00816467575323046382 
0.99110355822442797180 0.00793915359947889969 0.00095728717609297811 0.00000000099999999998 
0.99586351447192000830 0.00001267339055375519 0.00412381113752614045 0.00000000100000000000 
0.00000000293301414330 0.00000000099999999998 0.99999999506698589169 0.00000000099999999998 
0.96958429141218704927 0.00000000099999999999 0.03041570658781284422 0.00000000099999999999 
0.95793710279170563027 0.00408909701833186281 0.03797379918996244413 0.00000000099999999999 
0.96652469493528392341 0.00000023038418856511 0.03347507368052740628 0.00000000099999999999 
0.99309667420977798535 0.00690332379022202611 0.00000000099999999999 0.00000000099999999999 
0.00000000099999999988 0.99999999699999997382 0.00000000099999999988 0.00000000099999999988 
0.00000000099999999986 0.99999999700000008485 0.00000000099999999986 0.00000000099999999986 
0.98278977565712810627 0.01170450338012099870 0.00550571996275104562 0.00000000100000000000 
0.98499334062794485778 0.01500665737205504786 0.00000000099999999999 0.00000000099999999999 
0.97024909586833019137 0.00000000099999999999 0.02975090213166981662 0.00000000099999999999 
0.00000000099999999998 0.00000000099999999998 0.99999999699999997382 0.00000000099999999998 
0.39851430407955934498 0.36099901505794457224 0.24048667986249608330 0.00000000099999999997 
0.99841310495738311293 0.00107309528129679861 0.00051379876132003055 0.00000000099999999999 
0.00000000099999999986 0.00000000099999999986 0.00000000099999999986 0.99999999699999997382 
0.00000000099999999982 0.00000000099999999982 0.00000000099999999982 0.99999999700000008485 
0.00000000099999999982 0.00000000099999999982 0.00000000099999999982 0.99999999700000008485 
0.00000000099999999988 0.99999999700000008485 0.00000000099999999988 0.00000000099999999988 
0.00000000099999999987 0.99999999699999997382 0.00000000099999999987 0.00000000099999999987 
0.99410034249368661730 0.00360824929276996236 0.00229140721354322572 0.00000000099999999999 
0.00000000099999999998 0.00000000099999999998 0.99999999699999986280 0.00000000099999999998 
0.00000000099999999987 0.99999999700000008485 0.00000000099999999987 0.00000000099999999987 
0.95988874103042154395 0.01217378175379663779 0.02793747621578176327 0.00000000099999999999 
0.00000000099999999996 0.00000000099999999996 0.99999999699999997382 0.00000000099999999996 
0.00000000099999999989 0.99999999699999997382 0.00000000099999999989 0.00000000099999999989 
0.97033581151114589591 0.00997925595454946489 0.01968493153430449574 0.00000000099999999999 
0.00000000099999999987 0.99999999699999997382 0.00000000099999999987 0.00000000099999999987 
0.00000000099999999997 0.00000000099999999997 0.99999999699999997382 0.00000000099999999997 
0.00000000099999999995 0.00000000099999999995 0.99999999699999997382 0.00000000099999999995 
0.00000000099999999986 0.99999999700000008485 0.00000000099999999986 0.00000000099999999986 
0.00000000099999999987 0.99999999699999997382 0.00000000099999999987 0.00000000099999999987 
0.00000000099999999997 0.00000000099999999997 0.99999999699999986280 0.00000000099999999997 
0.00000000099999999996 0.00000000099999999996 0.99999999699999986280 0.00000000099999999996 
0.00000000099999999997 0.00000000099999999997 0.99999999699999997382 0.00000000099999999997 
0.00000000099999999989 0.99999999699999997382 0.00000000099999999989 0.00000000099999999989 
0.93162920358399448073 0.01959176322170039924 0.04877902993268448673 0.00000000326162057427 
0.96743914700190636324 0.03019417014060640780 0.00236668185748709547 0.00000000100000000000 
0.97016178010335540893 0.00000000099999999999 0.02983821789664454355 0.00000000099999999999 
0.97787276546909562835 0.00447715345305791258 0.01765008007784649516 0.00000000099999999999 
0.00000000099999999996 0.00000000099999999996 0.99999999699999997382 0.00000000099999999996 
0.98785985218235672356 0.00979487223567137612 0.00073378818616039957 0.00161148739581151680 
0.00000000099999999985 0.00000000099999999985 0.00000000099999999985 0.99999999700000008485 
0.98049080195207460875 0.00933822661496757321 0.01017097043295778561 0.00000000099999999998 
0.00000000099999999985 0.00000000099999999985 0.00000000099999999985 0.99999999700000008485 
0.95208587939826583302 0.00116743640833878596 0.04674668319339523453 0.00000000100000000000 
0.00000000099999999986 0.00000000099999999986 0.00000000099999999986 0.99999999699999997382 
0.98153524935541380803 0.00570371791601102535 0.01276103172857513159 0.00000000099999999999 
0.97378814210936182061 0.01071262381571096850 0.01549913319034781911 0.00000010088457945999 
0.00000000099999999995 0.00000000099999999995 0.99999999699999986280 0.00000000099999999995 
0.99999555952052243679 0.00000000099999999998 0.00000443847947760514 0.00000000099999999998 
0.00000000099999999985 0.00000000099999999985 0.00000000099999999985 0.99999999700000008485 
0.00000000099999999987 0.00000000099999999987 0.00000000099999999987 0.99999999700000008485 
0.89778377721398883171 0.01485866965222942121 0.08735755213378165740 0.00000000099999999999 
0.00000000099999999995 0.00000000099999999995 0.99999999699999986280 0.00000000099999999995 
0.00000000099999999989 0.99999999699999997382 0.00000000099999999989 0.00000000099999999989 
0.00000000099999999996 0.00000000099999999996 0.99999999699999997382 0.00000000099999999996 
0.95665193438355189404 0.00000000100000000000 0.04215390845704480860 0.00119415615940330873 
0.00000000099999999984 0.00000000099999999984 0.00000000099999999984 0.99999999700000008485 
0.00000000099999999985 0.99999999699999997382 0.00000000099999999985 0.00000000099999999985 
0.00000000099999999987 0.00000000099999999987 0.00000000099999999987 0.99999999700000008485 
0.97257794628782101576 0.02164323087833342624 0.00257522190342527940 0.00320360093042018667 
0.00000000099999999995 0.00000000099999999995 0.99999999699999997382 0.00000000099999999995 
0.00000000099999999996 0.00000000099999999996 0.99999999699999997382 0.00000000099999999996 
0.75923571243917364892 0.00461189212371790076 0.23615239443710830947 0.00000000099999999999 
0.96874197547324081281 0.02490415703072431167 0.00635386649603480146 0.00000000100000000000 
0.98513456214987560333 0.00000053572827810012 0.01486490112184642165 0.00000000099999999999 
0.97097407937490143315 0.00000000099999999999 0.02902591862509865811 0.00000000099999999999 
0.99671843705904084043 0.00259244792874882080 0.00068911401221031880 0.00000000100000000000 
0.99999999699999997382 0.00000000099999999998 0.00000000099999999998 0.00000000099999999998 
0.98410725459775894031 0.00077691645851772043 0.01511582794372331312 0.00000000099999999999 
0.97594797023314594497 0.01062793182236985469 0.01342409694448418005 0.00000000099999999999 
0.95794672043086315227 0.00000003431083519868 0.04205324188750975828 0.00000000337079177924 
0.00000000099999999996 0.00000000099999999996 0.99999999699999986280 0.00000000099999999996 
0.00003335866331575492 0.00000000099999999998 0.99996663933668428204 0.00000000099999999998 
0.00000000099999999991 0.00000000099999999991 0.00000000099999999991 0.99999999700000008485 
0.00000000099999999998 0.00000000099999999998 0.99999999699999986280 0.00000000099999999998 
0.00000000335251110726 0.00000000099999999998 0.99999999464748889899 0.00000000099999999998 
0.96190819676215844058 0.01048332322683141749 0.02760847901101018062 0.00000000099999999999 
0.00000000099999999982 0.00000000099999999982 0.00000000099999999982 0.99999999700000008485 
0.99171884923679820556 0.00828114374991444600 0.00000000601328736485 0.00000000100000000000 
0.97012891231700904004 0.00844691912029646441 0.02142416756269455852 0.00000000099999999999 
0.98307119996215930335 0.01002845455395126595 0.00488585857653505481 0.00201448690735440538 
0.96379695220075445317 0.00701910517191402586 0.02918394162733150068 0.00000000100000000000 
0.99197616648620179358 0.00043556721393059523 0.00709191554728618497 0.00049635075258145430 
0.95725686138960364158 0.00010082640777790580 0.04264217451760769773 0.00000013768501081696 
0.98888098651634592784 0.00903831930862012897 0.00208069317503395195 0.00000000100000000000 
0.97202876345329503049 0.01124364991424388165 0.01672758563246108318 0.00000000100000000000 
0.94707560962878267752 0.03205793481593894462 0.01643512537631678858 0.00443133017896157801 
0.97702633746012856886 0.01504411585825864324 0.00792954568161282833 0.00000000099999999999 
0.99916302880489560323 0.00000000099999999999 0.00083696919510449562 0.00000000099999999999 
0.94302921228088099070 0.02870819935754530608 0.02729149025996133182 0.00097109810161227208 
0.98590440424628067451 0.01409559375371932828 0.00000000099999999999 0.00000000099999999999 
0.98433141045282568360 0.00062239813022641974 0.01504619041694803434 0.00000000100000000000 
0.99662924419460197090 0.00147784651986701651 0.00189290828553087846 0.00000000099999999999 
0.96223894476881366433 0.00000000099999999999 0.03776105323118632978 0.00000000099999999999 
0.97009551596425402931 0.01094762376543045694 0.01895685927031547091 0.00000000100000000000 
0.95532714793084394511 0.00000000099999999999 0.04467285006915604206 0.00000000099999999999 
0.99038864879321197865 0.00190671501196465866 0.00770463519482329079 0.00000000100000000000 
0.96807997629032527254 0.00240311017596625586 0.02951691253370833032 0.00000000099999999999 
0.89678404933248589970 0.00706139196125017427 0.02805634845383290013 0.06809821025243111003 
0.99249005155189728988 0.00000000099999999999 0.00750994644810266173 0.00000000099999999999 
0.97805875600669933689 0.00000000099999999998 0.02194124199330065722 0.00000000099999999998 
0.96914946161860671126 0.00000038743013780571 0.03085014995125534912 0.00000000099999999998 
0.97827585917156412165 0.01927993108726768628 0.00244420874116824810 0.00000000099999999999 
0.98169391577215125988 0.00000000099999999998 0.01830608222784868566 0.00000000099999999998 
0.98010079072956324264 0.00851148769526144031 0.00776481343241455270 0.00362290814276089272 
0.97542822419841090920 0.00886255010751658447 0.01570922469407247390 0.00000000099999999999 
0.99701998665069435646 0.00298000703060024652 0.00000000531870531501 0.00000000099999999999 
0.96243325301560556095 0.00000000099999999998 0.03756674498439459275 0.00000000099999999998 
0.00000000099999999996 0.00000000099999999996 0.99999999699999986280 0.00000000099999999996 
0.00000001893011387799 0.00000000099999999998 0.99999997906988613572 0.00000000099999999998 
0.00000000099999999988 0.00000000099999999988 0.00000000099999999988 0.99999999700000008485 
0.00000000099999999985 0.99999999699999997382 0.00000000099999999985 0.00000000099999999985 
0.04629495445706908324 0.03979670690543592876 0.91390833763749490526 0.00000000100000000000 
0.98271368607857945143 0.00000000099999999998 0.01728631192142052186 0.00000000099999999998 
0.96318484689801997511 0.00459069149152852105 0.03222445388052638804 0.00000000772992519342 
0.00000000099999999999 0.00395632516341271404 0.99604367283658723498 0.00000000099999999999 
0.97702636155666566786 0.00000000099999999999 0.02297363644333436442 0.00000000099999999999 
0.98138799788229591492 0.01522781597813574819 0.00338418513956847316 0.00000000099999999998 
0.99386668619308249362 0.00613331180691752652 0.00000000099999999999 0.00000000099999999999 
0.00000000099999999984 0.00000000099999999984 0.00000000099999999984 0.99999999700000008485 
0.00000000099999999985 0.00000000099999999985 0.00000000099999999985 0.99999999699999997382 
0.00000000099999999982 0.00000000099999999982 0.00000000099999999982 0.99999999700000008485 
0.00000000099999999983 0.00000000099999999983 0.00000000099999999983 0.99999999699999997382 
0.00000000099999999983 0.00000000099999999983 0.00000000099999999983 0.99999999700000008485 
0.00000000099999999998 0.00000000099999999998 0.99999999699999997382 0.00000000099999999998 
0.97944936093793166787 0.01464709955543976733 0.00590353850662854885 0.00000000100000000000 
0.00000000099999999983 0.00000000099999999983 0.00000000099999999983 0.99999999699999997382 
0.00000000099999999985 0.00000000099999999985 0.00000000099999999985 0.99999999699999997382 
0.00000000099999999985 0.99999999699999997382 0.00000000099999999985 0.00000000099999999985 
0.00000000099999999985 0.99999999700000008485 0.00000000099999999985 0.00000000099999999985 
0.99997041822027943336 0.00000000099999999999 0.00002957977972057213 0.00000000099999999999 
0.00000000099999999984 0.00000000099999999984 0.00000000099999999984 0.99999999700000008485 
0.97937021470959639835 0.00000000306179711546 0.02056118846047674115 0.00006859376812974755 
0.99760082969238683681 0.00239916765938857782 0.00000000164822447617 0.00000000099999999999 
0.03846772641164909051 0.00000000099999999998 0.96153227158835086197 0.00000000099999999998 
0.98449668515086796727 0.00004644612413874548 0.01545686772499331972 0.00000000099999999999 
0.00000000099999999995 0.00000000099999999995 0.99999999699999986280 0.00000000099999999995 
0.96482189036470877852 0.00887790480728095459 0.02630020382801029691 0.00000000099999999999 
0.00000000099999999995 0.00000000099999999995 0.99999999699999997382 0.00000000099999999995 
0.96287936715623900774 0.02049583876202160093 0.01662479308173935022 0.00000000100000000000 
0.98369272825144715711 0.01616815294306354206 0.00013911780548935747 0.00000000100000000000 
0.00000000099999999986 0.00000000099999999986 0.00000000099999999986 0.99999999699999997382 
0.00000000099999999996 0.00000000099999999996 0.99999999699999997382 0.00000000099999999996 
0.00000000099999999983 0.00000000099999999983 0.00000000099999999983 0.99999999699999997382 
0.00000000099999999983 0.00000000099999999983 0.00000000099999999983 0.99999999700000008485 
0.98555097602683516822 0.00126102526701752835 0.01318799770614734537 0.00000000100000000000 
0.96719434880734578286 0.00055099951237592537 0.03225465068027822541 0.00000000099999999999 
0.98828147337236837977 0.00000000099999999998 0.01171852462763159700 0.00000000099999999998 
0.98854304836135353796 0.00620598674866036648 0.00525096388998605879 0.00000000099999999999 
0.97351527523422287658 0.01580975785741037948 0.01067496590836672712 0.00000000099999999999 
0.96695887564520510704 0.01062331823854304608 0.02241780511625178843 0.00000000099999999999 
0.99999988343080858932 0.00000011456919150740 0.00000000099999999999 0.00000000099999999999 
0.00200586195830728536 0.00000000099999999998 0.99799413604169273651 0.00000000099999999998 
0.99985263938064949940 0.00014006507442183231 0.00000729454492868623 0.00000000099999999999 
0.00000000099999999983 0.00000000099999999983 0.00000000099999999983 0.99999999699999997382 
0.99377538338746362889 0.00335007791718715687 0.00287453769534921954 0.00000000100000000000 
0.00000000099999999994 0.00000000099999999994 0.00000000099999999994 0.99999999700000008485 
0.00000000099999999985 0.00000000099999999985 0.00000000099999999985 0.99999999699999997382 
0.97172362484106633573 0.00001700719851425857 0.02825936696041939089 0.00000000099999999999 
0.98733174348700547540 0.01266825451299457422 0.00000000099999999999 0.00000000099999999999 
0.97550117527368407355 0.00000000100000000000 0.02449430942380719303 0.00000451430250879979 
0.00000000099999999987 0.00000000099999999987 0.00000000099999999987 0.99999999699999997382 
0.00000000099999999996 0.00000000099999999996 0.99999999699999986280 0.00000000099999999996 
0.00000000099999999996 0.00000000099999999996 0.99999999699999997382 0.00000000099999999996 
0.00000000099999999985 0.00000000099999999985 0.00000000099999999985 0.99999999700000008485 
0.97867418378372661447 0.01012625479446860495 0.01119956042180469090 0.00000000100000000000 
0.93985022385174310511 0.01605641545488285110 0.04409335969337403738 0.00000000100000000000 
0.00000000099999999986 0.00000000099999999986 0.00000000099999999986 0.99999999700000008485 
0.97963751713866553672 0.01082981321323248092 0.00953266864810202452 0.00000000099999999999 
0.00000000099999999995 0.00000000099999999995 0.99999999699999997382 0.00000000099999999995 
0.54450993197258512613 0.11193622838729475055 0.23680475490530386584 0.10674908473481620197 
0.96324920227820998164 0.00000000100000000000 0.03214886206660744900 0.00460193465518270693 
0.94588202768688312005 0.01599767854066748429 0.03812029277244928516 0.00000000099999999999 
0.97836993702193120193 0.01841281197836481046 0.00321724999970391659 0.00000000099999999999 
0.98500193583141015807 0.01471001704321511956 0.00028804612537456422 0.00000000099999999999 
0.99397065941563600422 0.00602933858436391790 0.00000000099999999999 0.00000000099999999999 
0.98881323187989134116 0.00000000099999999999 0.01118676612010864428 0.00000000099999999999 
0.97295301139730205886 0.01648067488121470608 0.01056631272148328068 0.00000000099999999999 
0.95664518381182295226 0.00823112387970210968 0.02679397510219380316 0.00832971720628107419 
0.00000000099999999997 0.00000000099999999997 0.99999999699999986280 0.00000000099999999997 
0.96669155413579566094 0.01041503214708314196 0.02289341271712107967 0.00000000099999999999 
0.98981499585687560128 0.01018500151005692460 0.00000000163306758039 0.00000000099999999999 
0.94470536463397358773 0.00555704906555044755 0.04973758530047597132 0.00000000100000000000 
0.97852461703620841060 0.00000000099999999999 0.02147538096379167025 0.00000000099999999999 
0.95467691322315229030 0.00553790590716955917 0.03735633066091141596 0.00242885020876686206 
0.99944721519866386306 0.00055063746311114045 0.00000214633822499499 0.00000000099999999999 
0.97874061150335822656 0.00224098036910029292 0.01901840712754142293 0.00000000100000000000 
0.00190449236133925456 0.00000000099999999998 0.99809550563866078488 0.00000000099999999998 
0.95528442252322176564 0.02086774710419857584 0.02384782937257975619 0.00000000099999999999 
0.97616642631973504773 0.01364298419476256581 0.01019058848550225514 0.00000000099999999999 
0.97404844494248821185 0.00020421091249484121 0.01464492632842945286 0.01110241781658751099 
0.00000005841073823154 0.00000000099999999998 0.99999993958926181037 0.00000000099999999998 
0.95104806570857669534 0.00000009306339557607 0.02968028509927536293 0.01927155612875246227 
0.97415062267239260763 0.01254888923345537886 0.01330048709415210077 0.00000000100000000000 
0.50612468437915103525 0.01192014125931188835 0.48195517336153698151 0.00000000099999999999 
0.96957049288574481682 0.00000000099999999998 0.03042950511425524321 0.00000000099999999998 
0.00000000099999999986 0.00000000099999999986 0.00000000099999999986 0.99999999700000008485 
0.95908760933076631083 0.01977883498066755966 0.02113355468856605371 0.00000000099999999999 
0.96246701037753190633 0.00786591005532272236 0.02966707856714537184 0.00000000100000000000 
