0.23701861699726289867 0.59580194496338800825 0.00069199014034365019 0.14320770253684655948 0.00000000099999999999 0.00000000099999999999 0.00000000099999999999 0.02327974236215910736 
0.00000000099999999994 0.00000000099999999994 0.39273158091388732371 0.00000000099999999994 0.60726841308611256842 0.00000000099999999994 0.00000000099999999994 0.00000000099999999994 
0.00000000099999999985 0.00000000099999999985 0.99999999299999997593 0.00000000099999999985 0.00000000099999999985 0.00000000099999999985 0.00000000099999999985 0.00000000099999999985 
0.18514284773264799711 0.60028502521029758476 0.04101262673371578599 0.00000000099999999999 0.00000000099999999999 0.17355949632333886323 0.00000000099999999999 0.00000000099999999999 
0.25823035212041772768 0.46523336463137715535 0.00000000099999999999 0.00004928045467713260 0.00000000099999999999 0.27648699474070825843 0.00000000099999999999 0.00000000505281987565 
0.30763457992105724959 0.40399422427761239041 0.00000000099999999999 0.12960410797186869281 0.02260237420768948860 0.13416763370038023440 0.00000000099999999999 0.00199707792139215993 
0.00000000099999999994 0.00000000099999999994 0.54480088292981765363 0.00000000099999999994 0.45519911107018229401 0.00000000099999999994 0.00000000099999999994 0.00000000099999999994 
0.00000000099999999992 0.00000000099999999992 0.46955085327914980464 0.00000000099999999992 0.53044914072085014300 0.00000000099999999992 0.00000000099999999992 0.00000000099999999992 
0.00000002510289068896 0.53950923298623187918 0.00000000099999999999 0.17255439657637219875 0.00075717115908581652 0.28257360547862625522 0.00000000099999999999 0.00460556669679329858 
0.00000000099999999992 0.00000000099999999992 0.00000000099999999992 0.00000000099999999992 0.99999999299999997593 0.00000000099999999992 0.00000000099999999992 0.00000000099999999992 
0.72352204179136381246 0.00000000099999999999 0.00000000099999999999 0.00000000099999999999 0.00000000099999999999 0.27647795220863619070 0.00000000099999999999 0.00000000099999999999 
0.28343448086020206489 0.33793898907381442198 0.00000089260039190951 0.16739440528542784414 0.01177770616175305429 0.19639589520678407686 0.00000000099999999998 0.00305762981162679710 
0.49613573750945672014 0.33688914029186811661 0.00000000099999999999 0.00000000185484382982 0.00000000099999999999 0.16697468957152317159 0.00000000099999999999 0.00000042777230836183 
0.15674430250716528401 0.40723710155250009146 0.00444182608871754661 0.17911484682349640418 0.00000000099999999999 0.24346827576807991700 0.00000000099999999999 0.00899364526004071616 
0.00000000099999999997 0.99999966602777279334 0.00000000099999999997 0.00000000099999999997 0.00000000099999999997 0.00000000099999999997 0.00000000099999999997 0.00000032797222742511 
0.23063276652305761405 0.38937079868778395886 0.05530053765629316942 0.11913502464844709372 0.00000000099999999999 0.17824683262548993157 0.00000000099999999999 0.02731403785892851793 
0.50951146494045362889 0.00007847444053768453 0.00000000099999999997 0.17829058276471312916 0.00000000099999999997 0.31211947385429561486 0.00000000099999999997 0.00000000099999999997 
0.25251303649184952960 0.35468598913484117308 0.00000000099999999998 0.17523458844639613896 0.00000000099999999998 0.21756638192691324374 0.00000000099999999998 0.00000000099999999998 
0.12397968751760381212 0.58998899973967078303 0.00000000100000000000 0.13301226607562796622 0.00000000100000000000 0.14902350847421821922 0.00009829906657340894 0.00389723712630583646 
0.00000000099999999996 0.99999999300000019797 0.00000000099999999996 0.00000000099999999996 0.00000000099999999996 0.00000000099999999996 0.00000000099999999996 0.00000000099999999996 
0.44440418513361329422 0.44023198566274696075 0.01215866580019275833 0.10320515940344697492 0.00000000099999999999 0.00000000099999999999 0.00000000099999999999 0.00000000099999999999 
0.00000000099999999995 0.00000000099999999995 0.57466617514241047360 0.00000000099999999995 0.42533381885758958507 0.00000000099999999995 0.00000000099999999995 0.00000000099999999995 
0.00000000099999999997 0.98646243683159806626 0.01353755716840219885 0.00000000099999999997 0.00000000099999999997 0.00000000099999999997 0.00000000099999999997 0.00000000099999999997 
0.00000000099999999975 0.00000000099999999975 0.00000000099999999975 0.00000000099999999975 0.00000000099999999975 0.99999999299999997593 0.00000000099999999975 0.00000000099999999975 
0.99999999300000008695 0.00000000099999999994 0.00000000099999999994 0.00000000099999999994 0.00000000099999999994 0.00000000099999999994 0.00000000099999999994 0.00000000099999999994 
0.38347313253813158918 0.26526333241947358532 0.00000000099999999997 0.08014148693644175536 0.00000000099999999997 0.27112204410595308612 0.00000000099999999997 0.00000000099999999997 
0.00000000099999999969 0.00000000099999999969 0.00000000099999999969 0.00000000099999999969 0.00000000099999999969 0.00000000099999999969 0.00000000099999999969 0.99999999299999997593 
0.00000000099999999965 0.00000000099999999965 0.00000000099999999965 0.00000000099999999965 0.00000000099999999965 0.00000000099999999965 0.00000000099999999965 0.99999999300000008695 
0.45029641810069448438 0.00000026300628310326 0.00000000099999999998 0.26169645209811942532 0.00000000099999999998 0.28800686279490295139 0.00000000099999999998 0.00000000099999999998 
0.00000000099999999985 0.00000000099999999985 0.00000000099999999985 0.00000000099999999985 0.00000000099999999985 0.99999999300000008695 0.00000000099999999985 0.00000000099999999985 
0.99999999300000019797 0.00000000099999999995 0.00000000099999999995 0.00000000099999999995 0.00000000099999999995 0.00000000099999999995 0.00000000099999999995 0.00000000099999999995 
0.00000000099999999993 0.00000000099999999993 0.00000000099999999993 0.00000000099999999993 0.93444846396340042194 0.06555153003659962285 0.00000000099999999993 0.00000000099999999993 
0.00000000099999999988 0.00000000099999999988 0.00000000099999999988 0.00000000099999999988 0.15551237769241524345 0.49598165961464607543 0.00000000099999999988 0.34850595769293862825 
0.52187164612461278690 0.29400852212764827520 0.00000000099999999998 0.18411849532582708067 0.00000000099999999998 0.00000133242191181183 0.00000000099999999998 0.00000000099999999998 
0.00000000099999999963 0.00000000099999999963 0.00000000099999999963 0.00000000099999999963 0.00000000099999999963 0.00000000099999999963 0.99999999299999986491 0.00000000099999999963 
0.00000000099999999954 0.00000000099999999954 0.00000000099999999954 0.00000000099999999954 0.00000000099999999954 0.00000000099999999954 0.99999999299999997593 0.00000000099999999954 
0.00000000099999999954 0.00000000099999999954 0.00000000099999999954 0.00000000099999999954 0.00000000099999999954 0.00000000099999999954 0.99999999299999986491 0.00000000099999999954 
0.00000000099999999970 0.00000000099999999970 0.00000000099999999970 0.00000000099999999970 0.00000000099999999970 0.00000000099999999970 0.00000000099999999970 0.99999999299999997593 
0.00000000099999999966 0.00000000099999999966 0.00000000099999999966 0.00000000099999999966 0.00000000099999999966 0.00000000099999999966 0.00000000099999999966 0.99999999299999997593 
0.52392502892603198816 0.45192188034703528743 0.00000000099999999998 0.00000000099999999998 0.00000000977481638485 0.02415307695211634659 0.00000000099999999998 0.00000000099999999998 
0.00000000099999999995 0.00000000099999999995 0.50840206208969362933 0.00000000099999999995 0.49159793191030637383 0.00000000099999999995 0.00000000099999999995 0.00000000099999999995 
0.00000000099999999967 0.00000000099999999967 0.00000000099999999967 0.00000000099999999967 0.00000000099999999967 0.00000000099999999967 0.00000000099999999967 0.99999999299999997593 
0.25936727020702654567 0.42841549514668370024 0.02552496361913052930 0.00000019152129238419 0.00000000099999999999 0.28669207650586697733 0.00000000099999999999 0.00000000099999999999 
0.00000000099999999990 0.00000000099999999990 0.00000000099999999990 0.00000000099999999990 0.99999999299999997593 0.00000000099999999990 0.00000000099999999990 0.00000000099999999990 
0.00000000099999999972 0.00000000099999999972 0.00000000099999999972 0.00000000099999999972 0.00000000099999999972 0.00000000099999999972 0.00000000099999999972 0.99999999299999997593 
0.35113471929255063442 0.38200508216535528083 0.02308282820272627989 0.00048635454811787616 0.00000000099999999999 0.24102126727355066560 0.00000000099999999999 0.00226974651769942283 
0.00000000099999999968 0.00000000099999999968 0.00000000099999999968 0.00000000099999999968 0.00000000099999999968 0.00000000099999999968 0.00000000099999999968 0.99999999300000008695 
0.00000000099999999983 0.00000000099999999983 0.99999999300000008695 0.00000000099999999983 0.00000000099999999983 0.00000000099999999983 0.00000000099999999983 0.00000000099999999983 
0.00000000099999999981 0.00000000099999999981 0.99999999299999997593 0.00000000099999999981 0.00000000099999999981 0.00000000099999999981 0.00000000099999999981 0.00000000099999999981 
0.00000000099999999964 0.00000000099999999964 0.00000000099999999964 0.00000000099999999964 0.00000000099999999964 0.00000000099999999964 0.00000000099999999964 0.99999999299999997593 
0.00000000099999999966 0.00000000099999999966 0.00000000099999999966 0.00000000099999999966 0.00000000099999999966 0.00000000099999999966 0.00000000099999999966 0.99999999299999997593 
0.00000000099999999992 0.00000000099999999992 0.00000000099999999992 0.00000000099999999992 0.99999999300000008695 0.00000000099999999992 0.00000000099999999992 0.00000000099999999992 
0.00000000099999999993 0.00000000099999999993 0.00000000099999999993 0.00000000099999999993 0.99999999299999997593 0.00000000099999999993 0.00000000099999999993 0.00000000099999999993 
0.00000000099999999994 0.00000000099999999994 0.00000000099999999994 0.00000000099999999994 0.99999999299999997593 0.00000000099999999994 0.00000000099999999994 0.00000000099999999994 
0.00000000099999999972 0.00000000099999999972 0.00000000099999999972 0.00000000099999999972 0.00000000099999999972 0.00000000099999999972 0.00000000099999999972 0.99999999300000008695 
0.00000000099999999999 0.62540777047427742463 0.00000000099999999999 0.15219035727286345239 0.05085085138446834158 0.16105229615999533399 0.00000000099999999999 0.01049872170839554961 
0.00000000099999999997 0.99082080123290405815 0.00000000099999999997 0.00000000099999999997 0.00000000099999999997 0.00000000099999999997 0.00000000099999999997 0.00917919276709616358 
0.00000000099999999994 0.99999999300000008695 0.00000000099999999994 0.00000000099999999994 0.00000000099999999994 0.00000000099999999994 0.00000000099999999994 0.00000000099999999994 
0.00000000099999999997 0.99999999300000019797 0.00000000099999999997 0.00000000099999999997 0.00000000099999999997 0.00000000099999999997 0.00000000099999999997 0.00000000099999999997 
0.00000000099999999994 0.00000000099999999994 0.44702505226173105957 0.00000000099999999994 0.55297494173826888808 0.00000000099999999994 0.00000000099999999994 0.00000000099999999994 
0.72942787815094589643 0.00000000099999999998 0.00000000099999999998 0.00000000099999999998 0.00000000099999999998 0.27057211584905421775 0.00000000099999999998 0.00000000099999999998 
0.00000000099999999961 0.00000000099999999961 0.00000000099999999961 0.00000000099999999961 0.00000000099999999961 0.00000000099999999961 0.99999999299999997593 0.00000000099999999961 
0.00000000099999999995 0.99999999300000019797 0.00000000099999999995 0.00000000099999999995 0.00000000099999999995 0.00000000099999999995 0.00000000099999999995 0.00000000099999999995 
0.00000000099999999962 0.00000000099999999962 0.00000000099999999962 0.00000000099999999962 0.00000000099999999962 0.00000000099999999962 0.99999999299999986491 0.00000000099999999962 
0.32784672762281513725 0.33154454110947378931 0.04054715740634555476 0.00008418942999715587 0.00000000099999999998 0.29997738143136842837 0.00000000099999999998 0.00000000099999999998 
0.00000000099999999963 0.00000000099999999963 0.00000000099999999963 0.00000000099999999963 0.00000000099999999963 0.00000000099999999963 0.99999999299999986491 0.00000000099999999963 
0.00000000099999999984 0.00000000099999999984 0.00000000099999999984 0.99999999299999997593 0.00000000099999999984 0.00000000099999999984 0.00000000099999999984 0.00000000099999999984 
0.62056904314110483689 0.22337615520468667718 0.00000000099999999999 0.00000000099999999999 0.00710928183773266130 0.14352526127777900933 0.00000000099999999999 0.00542025553869692703 
0.00000000099999999990 0.00000000099999999990 0.00000000099999999990 0.00000000099999999990 0.99999999300000008695 0.00000000099999999990 0.00000000099999999990 0.00000000099999999990 
0.11856805382856194786 0.51119172744018903654 0.00000000099999999997 0.19206972606447775265 0.00000000099999999997 0.17817048866677118180 0.00000000099999999997 0.00000000099999999997 
0.00000000099999999963 0.00000000099999999963 0.00000000099999999963 0.00000000099999999963 0.00000000099999999963 0.00000000099999999963 0.99999999299999986491 0.00000000099999999963 
0.00000000099999999966 0.00000000099999999966 0.00000000099999999966 0.00000000099999999966 0.00000000099999999966 0.00000000099999999966 0.99999999299999997593 0.00000000099999999966 
0.47303588036140953310 0.43687967096215774010 0.00000000099999999999 0.00000000099999999999 0.08219911560706995302 0.00000000099999999999 0.00000000099999999999 0.00788532906936270823 
0.00000000099999999993 0.00000000099999999993 0.40675425251059027509 0.00000000099999999993 0.59324574148940967255 0.00000000099999999993 0.00000000099999999993 0.00000000099999999993 
0.00000000099999999973 0.00000000099999999973 0.00000000099999999973 0.00000000099999999973 0.00000000099999999973 0.00000000099999999973 0.00000000099999999973 0.99999999299999997593 
0.00000000099999999990 0.00000000099999999990 0.00000000099999999990 0.00000000099999999990 0.99999999299999997593 0.00000000099999999990 0.00000000099999999990 0.00000000099999999990 
0.00000557808340486755 0.55646447544419186393 0.03303374290228153209 0.33045279026851631654 0.00000000099999999998 0.08004341030160549986 0.00000000099999999998 0.00000000099999999998 
0.00000000099999999959 0.00000000099999999959 0.00000000099999999959 0.00000000099999999959 0.00000000099999999959 0.00000000099999999959 0.99999999299999986491 0.00000000099999999959 
0.00000000099999999961 0.00000000099999999961 0.00000000099999999961 0.00000000099999999961 0.00000000099999999961 0.00000000099999999961 0.00000000099999999961 0.99999999299999997593 
0.00000000099999999968 0.00000000099999999968 0.00000000099999999968 0.00000000099999999968 0.00000000099999999968 0.00000000099999999968 0.99999999299999986491 0.00000000099999999968 
0.41029989507532288462 0.57499883743568680483 0.00000000099999999999 0.00000000099999999999 0.00000000099999999999 0.00000000099999999999 0.00000000099999999999 0.01470126248899036349 
0.00000000099999999988 0.00000000099999999988 0.00000000099999999988 0.00000000099999999988 0.99999999300000008695 0.00000000099999999988 0.00000000099999999988 0.00000000099999999988 
0.00000000099999999990 0.00000000099999999990 0.00000000099999999990 0.00000000099999999990 0.99999999299999997593 0.00000000099999999990 0.00000000099999999990 0.00000000099999999990 
0.50192830248011199856 0.14276543342161246430 0.23911968150611381811 0.00000001224124684971 0.00000000099999999998 0.11618656735091477394 0.00000000099999999998 0.00000000099999999998 
0.28576777215186199843 0.56780456002533807869 0.03516743015453824284 0.00004608223780361881 0.00000000099999999999 0.08883316850674967402 0.00000000099999999999 0.02238098492370848083 
0.59072273385773821364 0.40927193692908175882 0.00000000099999999998 0.00000000099999999998 0.00000532421318005917 0.00000000099999999998 0.00000000099999999998 0.00000000099999999998 
0.99999999300000019797 0.00000000099999999994 0.00000000099999999994 0.00000000099999999994 0.00000000099999999994 0.00000000099999999994 0.00000000099999999994 0.00000000099999999994 
0.52767946738374971183 0.43719208928336211750 0.00000000099999999998 0.00000000099999999998 0.00000000099999999998 0.03512843833288815942 0.00000000099999999998 0.00000000099999999998 
0.24026536686944666155 0.38066542642165529520 0.00000000099999999997 0.17759654790046777717 0.00000000099999999997 0.20147265480843046248 0.00000000099999999997 0.00000000099999999997 
0.60880310059506159703 0.38999645664719884142 0.00120043775773970816 0.00000000099999999997 0.00000000099999999997 0.00000000099999999997 0.00000000099999999997 0.00000000099999999997 
0.31484626658405662214 0.39905703019799260156 0.01923942560770998400 0.14565404356453437451 0.00000000099999999999 0.11707156082579471545 0.00000000099999999999 0.00413167121991164614 
0.34021442666989715198 0.42794745787207322252 0.00000000099999999999 0.00000000099999999999 0.03460733073138788640 0.19723078072664176896 0.00000000099999999999 0.00000000099999999999 
0.00000000099999999991 0.00000000099999999991 0.00000000099999999991 0.00000000099999999991 0.99999999299999997593 0.00000000099999999991 0.00000000099999999991 0.00000000099999999991 
0.00000000099999999994 0.00000000099999999994 0.00000000099999999994 0.00000000099999999994 0.99999999300000008695 0.00000000099999999994 0.00000000099999999994 0.00000000099999999994 
0.00000000099999999977 0.00000000099999999977 0.00000000099999999977 0.00000000099999999977 0.00000000099999999977 0.00000000099999999977 0.99999999299999986491 0.00000000099999999977 
0.00000000099999999994 0.00000000099999999994 0.00000000099999999994 0.00000000099999999994 0.99999999299999997593 0.00000000099999999994 0.00000000099999999994 0.00000000099999999994 
0.00000000099999999995 0.00000000099999999995 0.51174777817432737237 0.00000000099999999995 0.48825221582567268630 0.00000000099999999995 0.00000000099999999995 0.00000000099999999995 
0.16902415397719039447 0.53556712612102852500 0.01669137359261503237 0.21209756818656061439 0.00000000099999999999 0.06549554729411571907 0.00000000099999999999 0.00112422882848980379 
0.00000000099999999954 0.00000000099999999954 0.00000000099999999954 0.00000000099999999954 0.00000000099999999954 0.00000000099999999954 0.99999999299999986491 0.00000000099999999954 
0.00000000099999999997 0.99999999300000008695 0.00000000099999999997 0.00000000099999999997 0.00000000099999999997 0.00000000099999999997 0.00000000099999999997 0.00000000099999999997 
0.41462421223852535812 0.56642056455733147402 0.00000000099999999999 0.00000002592639708880 0.01450958552575013980 0.00000000099999999999 0.00000000099999999999 0.00444560875199591539 
0.43400461663420236702 0.34962547946192884529 0.00000000104929076660 0.10776765070111313238 0.00000000100000000000 0.10218754057321949302 0.00000000100000000000 0.00641470958024548035 
0.27315721745011323218 0.44217512428980093597 0.03923512092488806724 0.11398602677172925413 0.00000000099999999999 0.13144650756346845655 0.00000000099999999999 0.00000000099999999999 
0.00000000099999999995 0.99999999300000019797 0.00000000099999999995 0.00000000099999999995 0.00000000099999999995 0.00000000099999999995 0.00000000099999999995 0.00000000099999999995 
0.51887671003798296887 0.00000000099999999997 0.00000000099999999997 0.00000000099999999997 0.00000000099999999997 0.48112328396201720082 0.00000000099999999997 0.00000000099999999997 
0.00000000099999999997 0.99999999300000019797 0.00000000099999999997 0.00000000099999999997 0.00000000099999999997 0.00000000099999999997 0.00000000099999999997 0.00000000099999999997 
0.20527641796204110225 0.46766677050848465269 0.01072776246723326776 0.11152871425435063879 0.00000000099999999999 0.20187853651149240131 0.00000000099999999999 0.00292179629639806489 
0.00000000099999999991 0.00000000099999999991 0.00000000099999999991 0.00000000099999999991 0.00000000099999999991 0.99999999300000008695 0.00000000099999999991 0.00000000099999999991 
0.36610602442874684570 0.41254517587741684759 0.00002379066512341600 0.00003031808796572962 0.00000000099999999999 0.21256672263265272149 0.00000000099999999999 0.00872796630809464548 
0.00000000099999999996 0.99999467856511770059 0.00000000806878344924 0.00000000099999999996 0.00000000099999999996 0.00000530836609905869 0.00000000099999999996 0.00000000099999999996 
0.46431864921384413680 0.36048097730142131256 0.02902760197317660884 0.00000000100000000000 0.00000000100000000000 0.12227472840815541144 0.00000000100000000000 0.02389804010340259438 
0.32089950611461348640 0.53533947022774952540 0.00000000099999999998 0.13750450518104420650 0.00000000099999999998 0.00000000099999999998 0.00000000099999999998 0.00625651447659296769 
0.99999999300000019797 0.00000000099999999994 0.00000000099999999994 0.00000000099999999994 0.00000000099999999994 0.00000000099999999994 0.00000000099999999994 0.00000000099999999994 
0.44472459843397932344 0.17795973316574317802 0.00000000099999999998 0.20260535035301754925 0.00000000099999999998 0.17471031404726006242 0.00000000099999999998 0.00000000099999999998 
0.00000000099999999997 0.65694650970040868732 0.03188896042166153300 0.00000000099999999997 0.00000000099999999997 0.31116452487792983783 0.00000000099999999997 0.00000000099999999997 
0.22466521644496612042 0.33051380143091668717 0.00447333568061179711 0.31526621154540107606 0.00000000099999999999 0.12508143189810425056 0.00000000099999999999 0.00000000099999999999 
0.13551880284287284861 0.52855494240720723997 0.00000000099999999999 0.11883602278681575093 0.03784399371116130284 0.17924623525194291473 0.00000000099999999999 0.00000000099999999999 
0.26261355523495455433 0.33952527201934723511 0.00000000099999999998 0.17736650932619071885 0.00000000099999999998 0.22049465941950749381 0.00000000099999999998 0.00000000099999999998 
0.55848889353548891723 0.01746894031438301145 0.00000316417679659516 0.13082773473829431565 0.01319082930279000428 0.28002043593224701379 0.00000000099999999998 0.00000000099999999998 
0.38340507510976873373 0.37263511138457944272 0.00024882982165136294 0.00086600185676262236 0.02384937102944510376 0.14388841790000270193 0.06829335478993706077 0.00681383810785305289 
0.27615967499037247235 0.48532279863686855759 0.00000000099999999997 0.23851752137275900045 0.00000000099999999997 0.00000000099999999997 0.00000000099999999997 0.00000000099999999997 
0.99999999300000008695 0.00000000099999999994 0.00000000099999999994 0.00000000099999999994 0.00000000099999999994 0.00000000099999999994 0.00000000099999999994 0.00000000099999999994 
0.46627919618401625357 0.00000461201054545916 0.00000000099999999997 0.25796231853218010155 0.00000000099999999997 0.27575386927325823416 0.00000000099999999997 0.00000000099999999997 
0.39823089703253350402 0.31050629031435972305 0.00000000099999999999 0.12225990005358251811 0.00000000099999999999 0.15576948512792779256 0.00000000099999999999 0.01323342447159653844 
0.41085053908436308667 0.26460031320490329243 0.00207347565575803031 0.12753609530299628294 0.00147631951894382414 0.19346325523303556371 0.00000000099999999998 0.00000000099999999998 
0.00000000099999999998 0.47194061290070971060 0.00000000099999999998 0.21570381552113407353 0.00000000099999999998 0.31235556657815627402 0.00000000099999999998 0.00000000099999999998 
0.27661098903381470260 0.44827157084596069847 0.01455000115638508014 0.00000000099999999999 0.00000000099999999999 0.26014155028224972277 0.00000000099999999999 0.00042588568159000550 
0.53611376429625268170 0.00000070938320478633 0.00000000099999999996 0.32802192878210206795 0.00000000099999999996 0.13586359353844040809 0.00000000099999999996 0.00000000099999999996 
0.99999999300000008695 0.00000000099999999993 0.00000000099999999993 0.00000000099999999993 0.00000000099999999993 0.00000000099999999993 0.00000000099999999993 0.00000000099999999993 
0.00000000099999999991 0.00000000099999999991 0.00000000099999999991 0.00000000099999999991 0.99999999299999997593 0.00000000099999999991 0.00000000099999999991 0.00000000099999999991 
0.00000000099999999987 0.00000000099999999987 0.99999999300000008695 0.00000000099999999987 0.00000000099999999987 0.00000000099999999987 0.00000000099999999987 0.00000000099999999987 
0.00000000099999999970 0.00000000099999999970 0.00000000099999999970 0.00000000099999999970 0.00000000099999999970 0.00000000099999999970 0.99999999299999997593 0.00000000099999999970 
0.00000000099999999962 0.00000000099999999962 0.00000000099999999962 0.00000000099999999962 0.00000000099999999962 0.00000000099999999962 0.00000000099999999962 0.99999999299999997593 
0.00000000099999999999 0.00000000099999999999 0.34547696376417957875 0.00000000099999999999 0.55675273870708774648 0.06056273018892429499 0.00000000099999999999 0.03720756333980854147 
0.00000379742444794725 0.64518539644198169558 0.00000000099999999996 0.35481080113357044148 0.00000000099999999996 0.00000000099999999996 0.00000000099999999996 0.00000000099999999996 
0.30923113245960676121 0.44343950230221923503 0.01247631143934348555 0.23485304979883048215 0.00000000099999999999 0.00000000099999999999 0.00000000099999999999 0.00000000099999999999 
0.00000000099999999987 0.00000000099999999987 0.99999999299999997593 0.00000000099999999987 0.00000000099999999987 0.00000000099999999987 0.00000000099999999987 0.00000000099999999987 
0.00007759701961202545 0.48088369107390149804 0.00012045603781182233 0.30563857825448342842 0.00615620779112307798 0.20712346782306814696 0.00000000099999999998 0.00000000099999999998 
0.00000039359818683113 0.50280074345385650236 0.00000000099999999998 0.24444145752270507455 0.00000000099999999998 0.25275740142525165988 0.00000000099999999998 0.00000000099999999998 
0.00000000099999999984 0.00000000099999999984 0.00000000099999999984 0.00000000099999999984 0.00000000099999999984 0.99999999299999997593 0.00000000099999999984 0.00000000099999999984 
0.00000000099999999959 0.00000000099999999959 0.00000000099999999959 0.00000000099999999959 0.00000000099999999959 0.00000000099999999959 0.99999999299999997593 0.00000000099999999959 
0.00000000099999999962 0.00000000099999999962 0.00000000099999999962 0.00000000099999999962 0.00000000099999999962 0.00000000099999999962 0.99999999299999997593 0.00000000099999999962 
0.00000000099999999954 0.00000000099999999954 0.00000000099999999954 0.00000000099999999954 0.00000000099999999954 0.00000000099999999954 0.99999999299999997593 0.00000000099999999954 
0.00000000099999999956 0.00000000099999999956 0.00000000099999999956 0.00000000099999999956 0.00000000099999999956 0.00000000099999999956 0.99999999299999986491 0.00000000099999999956 
0.00000000099999999957 0.00000000099999999957 0.00000000099999999957 0.00000000099999999957 0.00000000099999999957 0.00000000099999999957 0.99999999299999986491 0.00000000099999999957 
0.00000000099999999993 0.00000000099999999993 0.00000000099999999993 0.00000000099999999993 0.99999999300000008695 0.00000000099999999993 0.00000000099999999993 0.00000000099999999993 
0.39737104869671902030 0.36514650087831385106 0.00393358527549990834 0.00000000099999999999 0.00000000099999999999 0.22665040874849018415 0.00000000099999999999 0.00689845340097697182 
0.00000000099999999957 0.00000000099999999957 0.00000000099999999957 0.00000000099999999957 0.00000000099999999957 0.00000000099999999957 0.99999999299999997593 0.00000000099999999957 
0.00000000099999999963 0.00000000099999999963 0.00000000099999999963 0.00000000099999999963 0.00000000099999999963 0.00000000099999999963 0.99999999299999986491 0.00000000099999999963 
0.00000000099999999961 0.00000000099999999961 0.00000000099999999961 0.00000000099999999961 0.00000000099999999961 0.00000000099999999961 0.00000000099999999961 0.99999999299999997593 
0.00000000099999999961 0.00000000099999999961 0.00000000099999999961 0.00000000099999999961 0.00000000099999999961 0.00000000099999999961 0.00000000099999999961 0.99999999299999997593 
0.00000000099999999997 0.70123233577403498717 0.00000000099999999997 0.00000000099999999997 0.00000000099999999997 0.29876765822596518252 0.00000000099999999997 0.00000000099999999997 
0.00000000099999999960 0.00000000099999999960 0.00000000099999999960 0.00000000099999999960 0.00000000099999999960 0.00000000099999999960 0.99999999299999986491 0.00000000099999999960 
0.00000000099999999996 0.99999999300000008695 0.00000000099999999996 0.00000000099999999996 0.00000000099999999996 0.00000000099999999996 0.00000000099999999996 0.00000000099999999996 
0.00000000099999999983 0.00000000099999999983 0.00000000099999999983 0.99999999300000008695 0.00000000099999999983 0.00000000099999999983 0.00000000099999999983 0.00000000099999999983 
0.00000000099999999987 0.00000000099999999987 0.99999999300000008695 0.00000000099999999987 0.00000000099999999987 0.00000000099999999987 0.00000000099999999987 0.00000000099999999987 
0.31735516516951045585 0.44357770919430283829 0.01114448478043615805 0.12827443867823526413 0.00000000099999999998 0.09964819917751531475 0.00000000099999999998 0.00000000099999999998 
0.00000000099999999992 0.00000000099999999992 0.42581935829035683083 0.00000000099999999992 0.57418063570964306130 0.00000000099999999992 0.00000000099999999992 0.00000000099999999992 
0.16557607424453840705 0.49304431805386372822 0.00000000099999999999 0.14875918514322947206 0.01984077206461492063 0.17277964749375337994 0.00000000099999999999 0.00000000099999999999 
0.00000000099999999993 0.00000000099999999993 0.44096562429071189948 0.00000000099999999993 0.55903436970928810368 0.00000000099999999993 0.00000000099999999993 0.00000000099999999993 
0.00000000099999999984 0.00000000099999999984 0.00000000099999999984 0.99999999300000008695 0.00000000099999999984 0.00000000099999999984 0.00000000099999999984 0.00000000099999999984 
0.00010095844205188004 0.40871800615406145285 0.00000000099999999998 0.37727601119501530391 0.00000000099999999998 0.21390502020887147694 0.00000000099999999998 0.00000000099999999998 
0.00000000099999999963 0.00000000099999999963 0.00000000099999999963 0.00000000099999999963 0.00000000099999999963 0.00000000099999999963 0.99999999299999997593 0.00000000099999999963 
0.00000000099999999983 0.00000000099999999983 0.99999999299999997593 0.00000000099999999983 0.00000000099999999983 0.00000000099999999983 0.00000000099999999983 0.00000000099999999983 
0.00000000099999999957 0.00000000099999999957 0.00000000099999999957 0.00000000099999999957 0.00000000099999999957 0.00000000099999999957 0.99999999299999997593 0.00000000099999999957 
0.00000000099999999956 0.00000000099999999956 0.00000000099999999956 0.00000000099999999956 0.00000000099999999956 0.00000000099999999956 0.99999999299999986491 0.00000000099999999956 
0.00000000099999999998 0.47222291620671319468 0.00000000099999999998 0.18172430942441517021 0.00000000099999999998 0.34605276936887158223 0.00000000099999999998 0.00000000099999999998 
0.99999999300000019797 0.00000000099999999995 0.00000000099999999995 0.00000000099999999995 0.00000000099999999995 0.00000000099999999995 0.00000000099999999995 0.00000000099999999995 
0.00000000813278746752 0.70503197620266466750 0.00000000099999999996 0.00000000099999999996 0.00000000099999999996 0.29496801066454803042 0.00000000099999999996 0.00000000099999999996 
0.29849590901036404667 0.54546403325212633462 0.00000000099999999999 0.00000000127951013535 0.00000000099999999999 0.15604005245799951185 0.00000000099999999999 0.00000000099999999999 
0.99999999300000019797 0.00000000099999999996 0.00000000099999999996 0.00000000099999999996 0.00000000099999999996 0.00000000099999999996 0.00000000099999999996 0.00000000099999999996 
0.42200881376136401002 0.28362173159271952816 0.00000000099999999998 0.13276374863740289523 0.02083336139131615125 0.13730838469841802341 0.00000000099999999998 0.00346395791877942552 
0.29259334866244957052 0.70740664533755071020 0.00000000099999999997 0.00000000099999999997 0.00000000099999999997 0.00000000099999999997 0.00000000099999999997 0.00000000099999999997 
0.00472216265355619811 0.00000000158614115049 0.43079952997060860787 0.00000000099999999997 0.56447830178969404802 0.00000000099999999997 0.00000000099999999997 0.00000000099999999997 
0.99999999300000008695 0.00000000099999999994 0.00000000099999999994 0.00000000099999999994 0.00000000099999999994 0.00000000099999999994 0.00000000099999999994 0.00000000099999999994 
0.00000000099999999956 0.00000000099999999956 0.00000000099999999956 0.00000000099999999956 0.00000000099999999956 0.00000000099999999956 0.99999999299999986491 0.00000000099999999956 
0.38535362553774066274 0.51449712458263663351 0.00000000099999999999 0.00000000099999999999 0.00030950048514479271 0.09983974539447787455 0.00000000099999999999 0.00000000099999999999 
0.00000000099999999986 0.00000000099999999986 0.00000000099999999986 0.00000000099999999986 0.00000000099999999986 0.00000000099999999986 0.99999999299999997593 0.00000000099999999986 
0.00000000099999999963 0.00000000099999999963 0.00000000099999999963 0.00000000099999999963 0.00000000099999999963 0.00000000099999999963 0.99999999299999986491 0.00000000099999999963 
0.23311139592418411715 0.34836802125687749143 0.02554832199686721955 0.22286918233751393248 0.00000000099999999998 0.17010307548455724791 0.00000000099999999998 0.00000000099999999998 
0.32415099148356557590 0.67496190366674624350 0.00000000099999999998 0.00000000099999999998 0.00000000099999999998 0.00000000099999999998 0.00000000099999999998 0.00088709984968827365 
0.00000000099999999998 0.64031783787250518003 0.02441057996842447078 0.00000000318663457423 0.00000000099999999998 0.33527157497243592621 0.00000000099999999998 0.00000000099999999998 
0.00000000099999999966 0.00000000099999999966 0.00000000099999999966 0.00000000099999999966 0.00000000099999999966 0.00000000099999999966 0.99999999299999986491 0.00000000099999999966 
0.00000000099999999992 0.00000000099999999992 0.00000000099999999992 0.00000000099999999992 0.99999999299999997593 0.00000000099999999992 0.00000000099999999992 0.00000000099999999992 
0.00000000099999999992 0.00000000099999999992 0.00000000099999999992 0.00000000099999999992 0.99999999299999997593 0.00000000099999999992 0.00000000099999999992 0.00000000099999999992 
0.00000000099999999962 0.00000000099999999962 0.00000000099999999962 0.00000000099999999962 0.00000000099999999962 0.00000000099999999962 0.99999999299999986491 0.00000000099999999962 
0.37846550014562091446 0.40354603730374488668 0.00953008996911319448 0.00000066204215111535 0.00000000099999999999 0.20777310808892784921 0.00000000099999999999 0.00068460045044222285 
0.45831464065629901050 0.29354714435436518594 0.00000000099999999999 0.00000093700149942048 0.03363269745291706109 0.20504742706666589935 0.00000000099999999999 0.00945715146825342086 
0.00000000099999999964 0.00000000099999999964 0.00000000099999999964 0.00000000099999999964 0.00000000099999999964 0.00000000099999999964 0.99999999299999997593 0.00000000099999999964 
0.38373549798471090488 0.26326485169502167327 0.00182837941677908714 0.20145624017871516243 0.00000000099999999999 0.14946948586418432048 0.00000000099999999999 0.00024554286058888570 
0.00000000099999999989 0.00000000099999999989 0.00000000099999999989 0.00000000099999999989 0.99999999300000008695 0.00000000099999999989 0.00000000099999999989 0.00000000099999999989 
0.00000000099999999994 0.00000000099999999994 0.00000006481309876256 0.84550435859602490751 0.00000000099999999994 0.00000000099999999994 0.06706843049629983289 0.08742714209457659591 
0.40323534490231588423 0.26553264161871992233 0.02610524595612446694 0.14528220306597816602 0.00000000099999999999 0.15984456145686162798 0.00000000099999999999 0.00000000099999999999 
0.76405077635186369189 0.00000000099999999998 0.02316733445538826999 0.00000000099999999998 0.00000000099999999998 0.21277388622822351882 0.00000000099999999998 0.00000799896452464393 
0.40235139790047941277 0.43140100841419221078 0.00536924661505067298 0.00000001709495346835 0.00000000099999999999 0.14637736499049947003 0.00000000099999999999 0.01450096298482486321 
0.00000000099999999997 0.65965748040497473870 0.00000000099999999997 0.00000000099999999997 0.00000000099999999997 0.34034251359502548651 0.00000000099999999997 0.00000000099999999997 
0.99999999300000008695 0.00000000099999999993 0.00000000099999999993 0.00000000099999999993 0.00000000099999999993 0.00000000099999999993 0.00000000099999999993 0.00000000099999999993 
0.30662800367580100858 0.68399455288206612025 0.00000000099999999999 0.00000042449564598204 0.00000000900621125589 0.00937700694027572036 0.00000000099999999999 0.00000000099999999999 
0.26789702168061774179 0.28044831072652631754 0.00200687430375676721 0.24440040560569695205 0.00000000099999999999 0.19984042966591961110 0.00000000099999999999 0.00540695601748269507 
0.00000000099999999984 0.00000000099999999984 0.00000000099999999984 0.99999999300000008695 0.00000000099999999984 0.00000000099999999984 0.00000000099999999984 0.00000000099999999984 
0.00000000099999999993 0.00000000099999999993 0.00000000099999999993 0.00000000099999999993 0.99999999299999997593 0.00000000099999999993 0.00000000099999999993 0.00000000099999999993 
0.19884836976882230841 0.50927959940269029726 0.02941841536378381888 0.05295708124210551232 0.00000000099999999998 0.20949652753194106247 0.00000000099999999998 0.00000000469065715917 
0.00000000099999999982 0.00000000099999999982 0.00000000099999999982 0.99999999299999997593 0.00000000099999999982 0.00000000099999999982 0.00000000099999999982 0.00000000099999999982 
0.12631881066391073554 0.47294861408374350153 0.00001115429969932385 0.24677382928412353036 0.03979296656866407322 0.11415462309985874301 0.00000000099999999999 0.00000000099999999999 
0.99999999300000008695 0.00000000099999999994 0.00000000099999999994 0.00000000099999999994 0.00000000099999999994 0.00000000099999999994 0.00000000099999999994 0.00000000099999999994 
0.50541840115169212044 0.44892353387971928314 0.00000000099999999999 0.00000000099999999999 0.04565643177180365303 0.00000147155856807045 0.00000000099999999999 0.00000015863821708268 
0.00000000099999999996 0.71355541613652728739 0.00000000099999999996 0.28644457786347299333 0.00000000099999999996 0.00000000099999999996 0.00000000099999999996 0.00000000099999999996 
0.10407615531562258715 0.64936238578829375001 0.02076387125468910980 0.08485793625327417433 0.00000000099999999999 0.14093964838812031437 0.00000000099999999999 0.00000000099999999999 
0.02150040945791274402 0.00000000099999999996 0.41296817547315284314 0.00000000099999999996 0.56553141006893437037 0.00000000099999999996 0.00000000099999999996 0.00000000099999999996 
0.26923250401876130944 0.32591567018302247671 0.00000000099999999998 0.39431047419158443690 0.00023309997271600216 0.00000000099999999998 0.00000000099999999998 0.01030824863391594133 
0.00000000099999999998 0.57563312617667572457 0.00000000099999999998 0.12522021694673463044 0.00000000099999999998 0.29914665187658989742 0.00000000099999999998 0.00000000099999999998 
0.34976319029583430309 0.47812876696726608339 0.01737072747007812126 0.00000005964262385775 0.00000000100000000000 0.14738799688800333088 0.00734925673619425072 0.00000000100000000000 
0.00000000099999999989 0.00000000099999999989 0.99999999299999997593 0.00000000099999999989 0.00000000099999999989 0.00000000099999999989 0.00000000099999999989 0.00000000099999999989 
0.14084433609548266397 0.67002109195740366943 0.00000000100000000000 0.15077062365438601010 0.02008922002170248841 0.00000000100000000000 0.01827472527102505170 0.00000000100000000000 
0.00000000099999999998 0.68436487877910867628 0.00617204446798186052 0.00000000099999999998 0.00000000099999999998 0.30946307175290976854 0.00000000099999999998 0.00000000099999999998 
0.16306265563847638367 0.17539788193473329625 0.14862783082768332710 0.17940969179067009498 0.32330124545266819558 0.00000137380333414180 0.00000000099999999999 0.01019931955243448540 
