0.01192702557171124340 0.01225082804217101848 0.97582214638611775026 
0.00000000099999999998 0.99999999799999994554 0.00000000099999999998 
0.00000000099999999997 0.99999999800000005656 0.00000000099999999997 
0.00000000099999999999 0.04380771732444510569 0.95619228167555481157 
0.00008183145419063510 0.00052346213224797400 0.99939470641356142888 
0.00000000099999999999 0.03283946198621384011 0.96716053701378623675 
0.00000000099999999998 0.99999999800000005656 0.00000000099999999998 
0.00000000099999999997 0.99999999799999994554 0.00000000099999999997 
0.00000000100000000000 0.01197101683510608944 0.98802898216489387639 
0.00000000099999999998 0.99999999800000005656 0.00000000099999999998 
0.00000000100000000000 0.01807053304475673972 0.98192946595524321918 
0.00000000099999999999 0.02476053625295553465 0.97523946274704442772 
0.00000000100000000000 0.00535985776783295953 0.99464014123216692997 
0.00143087177008760979 0.01658814983264817952 0.98198097839726428138 
0.01629028944769273998 0.00116076204563419984 0.98254894850667306994 
0.01293286425986949970 0.06717107203487150680 0.91989606370525900392 
0.00000000099999999999 0.00620034623862475778 0.99379965276137516295 
0.00733218360837270631 0.00000000100000000000 0.99266781539162740611 
0.01166375773019765957 0.00540133167595852406 0.98293491059384385800 
0.00000000099999999999 0.00189481006796434056 0.99810518893203581392 
0.00000000100000000000 0.00150455809674600338 0.99849544090325392798 
0.00000000099999999998 0.99999999799999994554 0.00000000099999999998 
0.00000000099999999999 0.02932452380157095015 0.97067547519842900527 
0.00000000099999999999 0.03787514151871908263 0.96212485748128095953 
0.00000000099999999999 0.03304404789788639024 0.96695595110211374212 
0.00000000099999999999 0.00000000099999999999 0.99999999799999994554 
0.78851061327041138682 0.18272338592484363429 0.02876600080474498583 
0.80245174598501733954 0.19754825301498271650 0.00000000100000000000 
0.00010306351152613197 0.00557562346555631836 0.99432131302291759667 
0.00000000099999999999 0.00000000099999999999 0.99999999799999994554 
0.00000000099999999999 0.02769211866058375604 0.97230788033941617510 
0.00000000099999999998 0.99999999799999994554 0.00000000099999999998 
0.24145968711870141599 0.31015240304251551207 0.44838790983878307195 
0.00000000099999999999 0.00000170443544737978 0.99999829456455269217 
0.99999999799999994554 0.00000000099999999989 0.00000000099999999989 
0.99999999800000005656 0.00000000099999999986 0.00000000099999999986 
0.99999999800000005656 0.00000000099999999987 0.00000000099999999987 
0.79540095984595127199 0.15185073098398357838 0.05274830917006523290 
0.79964876487630764945 0.18074789796542997666 0.01960333715826229756 
0.00000000099999999999 0.00070460843275376502 0.99929539056724614454 
0.00000000099999999998 0.99999999799999994554 0.00000000099999999998 
0.78645552557553466411 0.16278194724724992515 0.05076252717721539687 
0.00000000100000000000 0.02925767826475425201 0.97074232073524580056 
0.00000000099999999997 0.99999999799999994554 0.00000000099999999997 
0.79183642025627931638 0.20782865103267461615 0.00033492871104599662 
0.00000000099999999999 0.02329054229840175558 0.97670945670159825536 
0.78935358738402128242 0.18067692490571021779 0.02996948771026847202 
0.00000000099999999998 0.99999999799999994554 0.00000000099999999998 
0.00000000099999999996 0.99999999799999994554 0.00000000099999999996 
0.79388774729308242417 0.20611224786019130550 0.00000000484672634823 
0.80197027901702100383 0.17102904816011055278 0.02700067282286839829 
0.00000000099999999998 0.99999999800000005656 0.00000000099999999998 
0.00000000099999999998 0.99999999799999994554 0.00000000099999999998 
0.00000000099999999998 0.99999999800000005656 0.00000000099999999998 
0.79223824135930187573 0.18027417512806570565 0.02748758351263243943 
0.00573452850487811677 0.05059720512333248238 0.94366826637178946591 
0.01476244287230974762 0.01050223515590984445 0.97473532197178036629 
0.00000000099999999999 0.02636046833007990586 0.97363953066992015017 
0.00000000099999999999 0.01789875918411834924 0.98210123981588159925 
0.00000000099999999998 0.99999999799999994554 0.00000000099999999998 
0.00503738823059491671 0.00004733744085246112 0.99491527432855264568 
0.99999999799999994554 0.00000000099999999988 0.00000000099999999988 
0.00000000099999999999 0.01516445991232195055 0.98483553908767795804 
0.99999999799999994554 0.00000000099999999989 0.00000000099999999989 
0.00000000100000000000 0.04563030446153489017 0.95436969453846520750 
0.99999999799999994554 0.00000000099999999988 0.00000000099999999988 
0.00000000099999999999 0.01293728963511576492 0.98706270936488427203 
0.00073535950999495424 0.01606672634940289890 0.98319791414060209167 
0.00000000099999999997 0.99999999799999994554 0.00000000099999999997 
0.00000000099999999999 0.00000000099999999999 0.99999999799999994554 
0.99999999799999994554 0.00000000099999999988 0.00000000099999999988 
0.99999999800000005656 0.00000000099999999989 0.00000000099999999989 
0.00000000100000000000 0.09137083918810738614 0.90862915981189262826 
0.00000000099999999997 0.99999999799999994554 0.00000000099999999997 
0.77016971639851472542 0.16903069348061225408 0.06079959012087297193 
0.00000000099999999997 0.99999999800000005656 0.00000000099999999997 
0.00000000100000000000 0.03946867161689141673 0.96053132738310864625 
0.99999999799999994554 0.00000000099999999987 0.00000000099999999987 
0.81430200448115019896 0.18569722723757445260 0.00000076828127540249 
0.99999999800000005656 0.00000000099999999991 0.00000000099999999991 
0.01449390241826147702 0.00354987659150584819 0.98195622099023271989 
0.00000000099999999997 0.99999999799999994554 0.00000000099999999997 
0.00000000099999999998 0.99999999800000005656 0.00000000099999999998 
0.00000000099999999999 0.23644030646585920130 0.76355969253414079922 
0.00000054026083086863 0.00781637311642710553 0.99218308662274212750 
0.00000000099999999999 0.01342789026327785747 0.98657210873672207541 
0.00000000099999999999 0.02796817447712146229 0.97203182452287861803 
0.00000000099999999999 0.00059608888248726029 0.99940391011751272821 
0.00000000099999999999 0.00000000099999999999 0.99999999799999994554 
0.00000000099999999999 0.01642278669787260517 0.98357721230212746821 
0.00000000099999999999 0.01713307083874964637 0.98286692816125043048 
0.00000000100000000000 0.03870186597117557248 0.96129813302882449744 
0.00000000099999999998 0.99999999799999994554 0.00000000099999999998 
0.00000000099999999999 0.99963226192447740548 0.00036773707552264069 
0.99999999799999994554 0.00000000099999999992 0.00000000099999999992 
0.00000000099999999998 0.99999999800000005656 0.00000000099999999998 
0.00000000099999999999 0.99999999799999994554 0.00000000099999999999 
0.00000000099999999999 0.02841499024384351590 0.97158500875615638748 
0.99999999799999994554 0.00000000099999999986 0.00000000099999999986 
0.00000007394214850404 0.00000000100000000000 0.99999992505785140207 
0.00000000099999999999 0.02135186718674365533 0.97864813181325627234 
0.00872059253206909288 0.00302828590155746662 0.98825112156637340277 
0.00000000100000000000 0.02956850095619554739 0.97043149804380435253 
0.00000000100000000000 0.00578012847124229675 0.99421987052875770985 
0.00000000100000000000 0.03972046878190512581 0.96027953021809475675 
0.00000000100000000000 0.00284121753163575543 0.99715878146836423035 
0.00000000100000000000 0.01941934908643773092 0.98058064991356219675 
0.01923348623082784745 0.02148185475508957581 0.95928465901408255245 
0.00000000190291365475 0.00947361294533581241 0.99052638515175051026 
0.00000000099999999999 0.00002133346513942030 0.99997866553486058905 
0.01580675133695799706 0.03058122677642752252 0.95361202188661453594 
0.00000000099999999999 0.00000000099999999999 0.99999999800000005656 
0.00000000100000000000 0.01452159776060271863 0.98547840123939733914 
0.00000000099999999999 0.00052411425940312084 0.99947588474059689823 
0.00000000099999999999 0.03498479232708676112 0.96501520667291329492 
0.00000000100000000000 0.01889350622553912645 0.98110649277446093652 
0.00000000100000000000 0.04261171722456114780 0.95738828177543888742 
0.00000000100000000000 0.00512492365864932603 0.99487507534135055653 
0.00000000099999999999 0.02878371365741955873 0.97121628534258042098 
0.07532063810263640857 0.03013844721029706672 0.89454091468706653512 
0.00000000099999999999 0.00602660457505069420 0.99397339442494925255 
0.00000000099999999999 0.02072726211126272103 0.97927273688873739399 
0.00000000099999999999 0.02997426359676787916 0.97002573540323200341 
0.00000000100000000000 0.00228857983344856646 0.99771141916655148307 
0.00000000099999999999 0.01518011778376324519 0.98481988121623686983 
0.00418483837005670638 0.00881017545824975580 0.98700498617169352134 
0.00000000099999999999 0.02308940852760081250 0.97691059047239914293 
0.00000000099999999999 0.00000000099999999999 0.99999999799999994554 
0.00000000099999999999 0.03625104701250615041 0.96374895198749388481 
0.00000000099999999997 0.99999999799999994554 0.00000000099999999997 
0.00000000099999999999 0.99999999800000005656 0.00000000099999999999 
0.99999999800000005656 0.00000000099999999991 0.00000000099999999991 
0.81813808322845504861 0.18186189359351115358 0.00000002317803385546 
0.01365959985964386794 0.92348825136080359144 0.06285214877955255797 
0.00000000099999999999 0.01578495398095355884 0.98421504501904644169 
0.00000000100000000000 0.03182966683583086931 0.96817033216416925612 
0.00000000099999999999 0.99999999800000005656 0.00000000099999999999 
0.00000000099999999999 0.02145329063473091699 0.97854670836526913558 
0.00000000099999999999 0.00786650619119593983 0.99213349280880414049 
0.00000000099999999999 0.00000000099999999999 0.99999999800000005656 
0.99999999800000005656 0.00000000099999999987 0.00000000099999999987 
0.99999999800000005656 0.00000000099999999987 0.00000000099999999987 
0.99999999800000005656 0.00000000099999999986 0.00000000099999999986 
0.99999999800000005656 0.00000000099999999986 0.00000000099999999986 
0.99999999800000005656 0.00000000099999999988 0.00000000099999999988 
0.00000000099999999999 0.99999999799999994554 0.00000000099999999999 
0.00003433204414197117 0.00601283007999864425 0.99395283787585941848 
0.99999999799999994554 0.00000000099999999987 0.00000000099999999987 
0.99999999800000005656 0.00000000099999999988 0.00000000099999999988 
0.81622486964802831721 0.18377512935197168331 0.00000000100000000000 
0.81004225269320873082 0.17137796538976501903 0.01857978191702624668 
0.00000000099999999999 0.00000000099999999999 0.99999999799999994554 
0.99999999800000005656 0.00000000099999999988 0.00000000099999999988 
0.00000000100000000000 0.01774160719737522679 0.98225839180262475292 
0.00000000099999999999 0.00000000099999999999 0.99999999800000005656 
0.00000000099999999999 0.96332151892507822399 0.03667848007492176959 
0.00000000099999999999 0.01432153048661020250 0.98567846851338980496 
0.00000000099999999997 0.99999999800000005656 0.00000000099999999997 
0.00000000099999999999 0.02774420589707966150 0.97225579310292042923 
0.00000000099999999997 0.99999999799999994554 0.00000000099999999997 
0.00222764466917892709 0.01920498999692239750 0.97856736533389865329 
0.00245895617517613964 0.00009800124717669579 0.99744304257764715427 
0.99999999800000005656 0.00000000099999999988 0.00000000099999999988 
0.00000000099999999998 0.99999999799999994554 0.00000000099999999998 
0.99999999799999994554 0.00000000099999999986 0.00000000099999999986 
0.99999999800000005656 0.00000000099999999988 0.00000000099999999988 
0.00000000099999999999 0.01259936636690377892 0.98740063263309618691 
0.00000000099999999999 0.02972686125704077087 0.97027313774295920190 
0.00000000099999999999 0.00906615991829512122 0.99093383908170484808 
0.00000000099999999999 0.00899912158642914191 0.99100087741357090199 
0.00000000100000000000 0.01398396563505474068 0.98601603336494525465 
0.00000000099999999999 0.02407787047029331245 0.97592212852970661174 
0.00000000099999999999 0.00000000099999999999 0.99999999799999994554 
0.00000000099999999998 0.99647131327581306426 0.00352868572418693323 
0.00000000099999999999 0.00000000099999999999 0.99999999800000005656 
0.99999999799999994554 0.00000000099999999987 0.00000000099999999987 
0.00000000100000000000 0.00075703211195419541 0.99924296688804581379 
0.99999999799999994554 0.00000000099999999996 0.00000000099999999996 
0.99999999800000005656 0.00000000099999999989 0.00000000099999999989 
0.00000000099999999999 0.02621977466451122507 0.97378022433548894199 
0.00000000100000000000 0.00000000100000000000 0.99999999800000005656 
0.00000000100000000000 0.02200024137066521404 0.97799975762933488710 
0.99999999800000005656 0.00000000099999999990 0.00000000099999999990 
0.00000000099999999997 0.99999999800000005656 0.00000000099999999997 
0.00000000099999999997 0.99999999800000005656 0.00000000099999999997 
0.99999999800000005656 0.00000000099999999989 0.00000000099999999989 
0.00000000100000000000 0.01113816885234134371 0.98886183014765871579 
0.00000000100000000000 0.04715151755154306512 0.95284848144845701867 
0.99999999799999994554 0.00000000099999999989 0.00000000099999999989 
0.00000000099999999999 0.01193557898196403316 0.98806442001803607145 
0.00000000099999999997 0.99999999800000005656 0.00000000099999999997 
0.18732011941006987410 0.26230436817695312879 0.55037551241297699711 
0.00029960970011398393 0.03069972590112760372 0.96900066439875842672 
0.00000000100000000000 0.04146608650605296265 0.95853391249394692686 
0.00000000100000000000 0.00421111983027316807 0.99578887916972680383 
0.00000000099999999999 0.00009721330837101139 0.99990278569162904798 
0.00000000099999999999 0.00000000099999999999 0.99999999799999994554 
0.00000000099999999999 0.01097258961954539203 0.98902740938045452523 
0.00000000100000000000 0.01392948812865807927 0.98607051087134200973 
0.01099944506600580331 0.02687533956387706466 0.96212521537011708173 
0.00000000099999999998 0.99999999799999994554 0.00000000099999999998 
0.00000000099999999999 0.02524787087361279533 0.97475212812638722948 
0.00000000099999999999 0.00000000099999999999 0.99999999799999994554 
0.00000000100000000000 0.04998924819076080300 0.95001075080923913507 
0.00000000099999999999 0.01792824888695575269 0.98207175011304415069 
0.00184416032052145797 0.03893777126291605301 0.95921806841656243048 
0.00000000099999999999 0.00000000099999999999 0.99999999800000005656 
0.00000000100000000000 0.02113683925164162869 0.97886315974835846898 
0.00000000099999999999 0.99747162178044912473 0.00252837721955084631 
0.00000000100000000000 0.02839063774203047855 0.97160936125796959484 
0.00000000100000000000 0.00997077097222493804 0.99002922802777515443 
0.01063592730237724465 0.01216818410150043682 0.97719588859612238618 
0.00000000099999999999 0.99999999799999994554 0.00000000099999999999 
0.01972228473259678150 0.02981539900250870789 0.95046231626489452449 
0.00000000100000000000 0.01383963184542716211 0.98616036715457278117 
0.00000000099999999999 0.48599944385683346848 0.51400055514316644878 
0.00000000099999999999 0.02781508766748452474 0.97218491133251550007 
0.99999999799999994554 0.00000000099999999990 0.00000000099999999990 
0.00000000176876804073 0.02915867409463110058 0.97084132413660095828 
0.00000000100000000000 0.02958702724751640506 0.97041297175248375506 
