0.52037402598476234505 0.00000000099999999998 0.00000000099999999998 0.00000000099999999998 0.00000000099999999998 0.04329223567809446088 0.00000000099999999998 0.00000000099999999998 0.01118647005263701151 0.42514726228450638867 
0.00000000099999999986 0.99999999100000025454 0.00000000099999999986 0.00000000099999999986 0.00000000099999999986 0.00000000099999999986 0.00000000099999999986 0.00000000099999999986 0.00000000099999999986 0.00000000099999999986 
0.00000000099999999991 0.63510285830353019332 0.00000000099999999991 0.00000000099999999991 0.00000000099999999991 0.03126470319186724911 0.33363243150460270003 0.00000000099999999991 0.00000000099999999991 0.00000000099999999991 
0.34287961561062851867 0.00000000099999999999 0.00000000099999999999 0.12989133094597349327 0.00000000099999999999 0.00001263517080110849 0.03953981507428405706 0.23079705449585774524 0.00000003338180973979 0.25687951232064509810 
0.14037105702042090849 0.00000000099999999998 0.00000000099999999998 0.19460069109373615004 0.00000000099999999998 0.01019340894137658535 0.00000000099999999998 0.45604049816434094611 0.00000000099999999998 0.19879433978012539530 
0.34261621176585210780 0.00000000099999999998 0.00000000099999999998 0.03330745209721627104 0.00000000099999999998 0.00828690741831254046 0.02514404458330390946 0.30738465058772451721 0.00116770612812095885 0.28209302441946970674 
0.00000000099999999988 0.00000000099999999988 0.00000000099999999988 0.00000000099999999988 0.00000000099999999988 0.00000000099999999988 0.99999999099999992147 0.00000000099999999988 0.00000000099999999988 0.00000000099999999988 
0.00000000099999999989 0.44149860953231284677 0.00000000099999999989 0.00000000099999999989 0.00000000099999999989 0.00000000099999999989 0.55850138246768710193 0.00000000099999999989 0.00000000099999999989 0.00000000099999999989 
0.34907316624935591509 0.00742247359168232007 0.00000000099999999997 0.11812272227432281391 0.00000000099999999997 0.00000000099999999997 0.00000000099999999997 0.51208320723642253292 0.01329772269515378663 0.00000070395306264733 
0.00000000099999999992 0.65557670581315996561 0.00000000099999999992 0.00000000099999999992 0.00000000099999999992 0.00000000099999999992 0.34442328618684026065 0.00000000099999999992 0.00000000099999999992 0.00000000099999999992 
0.20588061675328078737 0.00000000099999999999 0.00000000099999999999 0.20212585326664087026 0.00000000099999999999 0.00668132617887335495 0.00967209412200792894 0.41937908750165137084 0.00166827304194836672 0.15459274613559723099 
0.26085044943471896728 0.00000000099999999996 0.00000000099999999996 0.20222551939975483282 0.00000000099999999996 0.00000000099999999996 0.02087462408008350714 0.25220883522311909886 0.00000050247045261249 0.26384006539187088158 
0.00000000099999999996 0.00000000099999999996 0.00000000099999999996 0.28985587359167730437 0.00000000099999999996 0.00000000099999999996 0.00000000099999999996 0.71014411840832269984 0.00000000099999999996 0.00000000099999999996 
0.32761686058719585724 0.00000008291765573984 0.00000000099999999999 0.12584491408905959520 0.00000000099999999999 0.02589662777250447551 0.00000000099999999999 0.13062362995091233997 0.00940351702337898637 0.38061436465929293638 
0.00000000099999999987 0.00000000099999999987 0.00000000099999999987 0.00000000099999999987 0.00000000099999999987 0.00000000099999999987 0.00000000099999999987 0.00000000099999999987 0.00000000099999999987 0.99999999100000003249 
0.32876403725927194621 0.00076396911419148383 0.00000000099999999998 0.12541026666086790842 0.00000000099999999998 0.03312841987791857040 0.04740296432224030965 0.17965592811156769204 0.02403094326313836779 0.26084346939080360617 
0.70734029691469579859 0.00000000099999999998 0.00000000099999999998 0.00000000099999999998 0.00000000099999999998 0.01238888983755826768 0.00000000099999999998 0.17729855459436338894 0.00000000099999999998 0.10297225265338263989 
0.40946097014288646010 0.00000000099999999998 0.00000000099999999998 0.08475950350903503627 0.00000000099999999998 0.04083380421886807082 0.00000000099999999998 0.44893744417043562889 0.00000000099999999998 0.01600827295877476145 
0.59860197079569410494 0.00000000099999999999 0.00000000099999999999 0.00000000099999999999 0.00000000099999999999 0.01783512268804851239 0.00000000099999999999 0.11498656621347497220 0.00317411730848633127 0.26540221799429641880 
0.00000000099999999994 0.00000000099999999994 0.00000000099999999994 0.00000000099999999994 0.00000000099999999994 0.00745736086822748698 0.00014222983003954790 0.35407178005896522421 0.00000000099999999994 0.63832862324276773425 
0.31202225581687209610 0.00027466405439008086 0.00000000099999999999 0.08299546908814450785 0.00000000099999999999 0.00620448184341900518 0.00000000099999999999 0.34097579197425592623 0.00000000099999999999 0.25752733322291831985 
0.00000000099999999987 0.99999999100000014352 0.00000000099999999987 0.00000000099999999987 0.00000000099999999987 0.00000000099999999987 0.00000000099999999987 0.00000000099999999987 0.00000000099999999987 0.00000000099999999987 
0.54737008698489797442 0.00000000099999999997 0.00000000099999999997 0.00000000099999999997 0.00000000099999999997 0.00000000099999999997 0.02400735861570601690 0.00000001485020073627 0.00000000099999999997 0.42862253354919549464 
0.00000000099999999961 0.00000000099999999961 0.00000000099999999961 0.99999999100000014352 0.00000000099999999961 0.00000000099999999961 0.00000000099999999961 0.00000000099999999961 0.00000000099999999961 0.00000000099999999961 
0.00000000099999999993 0.00000000099999999993 0.00000000099999999993 0.00000000099999999993 0.00000000099999999993 0.04383588086523465543 0.00000000099999999993 0.95616411113476540429 0.00000000099999999993 0.00000000099999999993 
0.33493822914134091517 0.00000000099999999998 0.00000000099999999998 0.14869499347566414449 0.00000000099999999998 0.01112192595280130439 0.00000000099999999998 0.29575435853167975075 0.00000000099999999998 0.20949048789851390517 
0.00000000099999999962 0.00000000099999999962 0.00000000099999999962 0.00000000099999999962 0.00000000099999999962 0.00000000099999999962 0.00000000099999999962 0.00000000099999999962 0.99999999100000003249 0.00000000099999999962 
0.00000000099999999957 0.00000000099999999957 0.00000000099999999957 0.00000000099999999957 0.00000000099999999957 0.00000000099999999957 0.00000000099999999957 0.00000000099999999957 0.99999999099999992147 0.00000000099999999957 
0.33647627004113173088 0.00969418913303209118 0.00000000099999999998 0.11882501480078892786 0.00000000099999999998 0.02563152053143762793 0.00000000099999999998 0.50937300049360945131 0.00000000099999999998 0.00000000099999999998 
0.76335544525284915185 0.00000000099999999993 0.00000000099999999993 0.23664454674715107441 0.00000000099999999993 0.00000000099999999993 0.00000000099999999993 0.00000000099999999993 0.00000000099999999993 0.00000000099999999993 
0.70189110966192402863 0.00000000099999999993 0.00000000099999999993 0.21173223259897389070 0.00000000099999999993 0.08637665073910226476 0.00000000099999999993 0.00000000099999999993 0.00000000099999999993 0.00000000099999999993 
0.00000000099999999988 0.00000000099999999988 0.00000000099999999988 0.00000000099999999988 0.00000000099999999988 0.00000000099999999988 0.99999999100000003249 0.00000000099999999988 0.00000000099999999988 0.00000000099999999988 
0.00000000099999999980 0.00000000099999999980 0.00000000099999999980 0.50553277029479726234 0.00000000099999999980 0.00000000099999999980 0.14263914806619737430 0.00000000099999999980 0.35182807463900545031 0.00000000099999999980 
0.99999999100000025454 0.00000000099999999991 0.00000000099999999991 0.00000000099999999991 0.00000000099999999991 0.00000000099999999991 0.00000000099999999991 0.00000000099999999991 0.00000000099999999991 0.00000000099999999991 
0.00000000099999999947 0.00000000099999999947 0.00000000099999999947 0.00000000099999999947 0.99999999100000003249 0.00000000099999999947 0.00000000099999999947 0.00000000099999999947 0.00000000099999999947 0.00000000099999999947 
0.00000000099999999939 0.00000000099999999939 0.99999999100000003249 0.00000000099999999939 0.00000000099999999939 0.00000000099999999939 0.00000000099999999939 0.00000000099999999939 0.00000000099999999939 0.00000000099999999939 
0.00000000099999999948 0.00000000099999999948 0.39896938765537864890 0.00000000099999999948 0.60103060434462129979 0.00000000099999999948 0.00000000099999999948 0.00000000099999999948 0.00000000099999999948 0.00000000099999999948 
0.00000000099999999963 0.00000000099999999963 0.00000000099999999963 0.00000000099999999963 0.00000000099999999963 0.00000000099999999963 0.00000000099999999963 0.00000000099999999963 0.99999999100000003249 0.00000000099999999963 
0.00000000099999999958 0.00000000099999999958 0.00000000099999999958 0.00000000099999999958 0.00000000099999999958 0.00000000099999999958 0.00000000099999999958 0.00000000099999999958 0.99999999099999992147 0.00000000099999999958 
0.00000000099999999994 0.00000000099999999994 0.00000000099999999994 0.19862836472004002930 0.00000000099999999994 0.03072819907368906991 0.00000000099999999994 0.77064342920627104672 0.00000000099999999994 0.00000000099999999994 
0.00000000099999999985 0.00000000099999999985 0.00000000099999999985 0.00000000099999999985 0.00000000099999999985 0.00000000099999999985 0.99999999100000003249 0.00000000099999999985 0.00000000099999999985 0.00000000099999999985 
0.00000000099999999960 0.00000000099999999960 0.00000000099999999960 0.00000000099999999960 0.00000000099999999960 0.00000000099999999960 0.00000000099999999960 0.00000000099999999960 0.99999999099999992147 0.00000000099999999960 
0.31565089397754986233 0.00000000099999999998 0.00000000099999999998 0.16023720103353031319 0.00000000099999999998 0.00000000099999999998 0.02098887547086333849 0.26918534315432768311 0.00636655046079508645 0.22757113190293357108 
0.00000000099999999983 0.00000000099999999983 0.00000000099999999983 0.00000000099999999983 0.00000000099999999983 0.00000000099999999983 0.99999999099999992147 0.00000000099999999983 0.00000000099999999983 0.00000000099999999983 
0.00000000099999999965 0.00000000099999999965 0.00000000099999999965 0.00000000099999999965 0.00000000099999999965 0.00000000099999999965 0.00000000099999999965 0.00000000099999999965 0.99999999099999992147 0.00000000099999999965 
0.99999999100000014352 0.00000000099999999993 0.00000000099999999993 0.00000000099999999993 0.00000000099999999993 0.00000000099999999993 0.00000000099999999993 0.00000000099999999993 0.00000000099999999993 0.00000000099999999993 
0.00000000099999999960 0.00000000099999999960 0.00000000099999999960 0.00000000099999999960 0.00000000099999999960 0.00000000099999999960 0.00000000099999999960 0.00000000099999999960 0.99999999099999992147 0.00000000099999999960 
0.00000000099999999987 0.99999999100000014352 0.00000000099999999987 0.00000000099999999987 0.00000000099999999987 0.00000000099999999987 0.00000000099999999987 0.00000000099999999987 0.00000000099999999987 0.00000000099999999987 
0.00000000099999999982 0.99999999100000014352 0.00000000099999999982 0.00000000099999999982 0.00000000099999999982 0.00000000099999999982 0.00000000099999999982 0.00000000099999999982 0.00000000099999999982 0.00000000099999999982 
0.00000000099999999955 0.00000000099999999955 0.00000000099999999955 0.00000000099999999955 0.00000000099999999955 0.00000000099999999955 0.00000000099999999955 0.00000000099999999955 0.99999999099999992147 0.00000000099999999955 
0.00000000099999999959 0.00000000099999999959 0.00000000099999999959 0.00000000099999999959 0.00000000099999999959 0.00000000099999999959 0.00000000099999999959 0.00000000099999999959 0.99999999100000003249 0.00000000099999999959 
0.00000000099999999987 0.99999999100000025454 0.00000000099999999987 0.00000000099999999987 0.00000000099999999987 0.00000000099999999987 0.00000000099999999987 0.00000000099999999987 0.00000000099999999987 0.00000000099999999987 
0.00000000099999999985 0.99999999100000025454 0.00000000099999999985 0.00000000099999999985 0.00000000099999999985 0.00000000099999999985 0.00000000099999999985 0.00000000099999999985 0.00000000099999999985 0.00000000099999999985 
0.00000000099999999994 0.58400232710015886894 0.00000000099999999994 0.00000000099999999994 0.00000000099999999994 0.00000000099999999994 0.41599766489984130180 0.00000000099999999994 0.00000000099999999994 0.00000000099999999994 
0.00000000099999999966 0.00000000099999999966 0.00000000099999999966 0.00000000099999999966 0.00000000099999999966 0.00000000099999999966 0.00000000099999999966 0.00000000099999999966 0.99999999100000003249 0.00000000099999999966 
0.11565202834247258201 0.05447765253777320238 0.00000000099999999998 0.18923815059641943548 0.00000000099999999998 0.00000000099999999998 0.00000000099999999998 0.41470954272364785043 0.01040511030713898999 0.21551751149254771978 
0.49341982941631673532 0.00000000099999999998 0.00000000099999999998 0.00000000099999999998 0.00000000099999999998 0.00000000099999999998 0.00000000099999999998 0.33246846775465321855 0.02520067540118891072 0.14891102142784079509 
0.00000000099999999985 0.00000000099999999985 0.00000000099999999985 0.00000000099999999985 0.00000000099999999985 0.00000000099999999985 0.00000000099999999985 0.00000000099999999985 0.00000000099999999985 0.99999999100000003249 
0.39064025488229531247 0.00000000099999999998 0.00000000099999999998 0.18536966729642381790 0.00000000099999999998 0.02002246348184145638 0.01243515135746644379 0.17676116578616868358 0.00000000099999999998 0.21477129319580431921 
0.00000000099999999983 0.00000000099999999983 0.00000000099999999983 0.00000000099999999983 0.00000000099999999983 0.00000000099999999983 0.99999999099999992147 0.00000000099999999983 0.00000000099999999983 0.00000000099999999983 
0.47947063422692920431 0.00000000099999999999 0.00000000099999999999 0.07019381069764608905 0.00000000099999999999 0.02055044920463126520 0.00000000099999999999 0.27511002506999215900 0.00304314859399152943 0.15163192820680967965 
0.00000000099999999946 0.00000000099999999946 0.00000000099999999946 0.00000000099999999946 0.99999999100000014352 0.00000000099999999946 0.00000000099999999946 0.00000000099999999946 0.00000000099999999946 0.00000000099999999946 
0.00000000099999999995 0.00000000099999999995 0.00000000099999999995 0.00000000099999999995 0.00000000099999999995 0.00000000099999999995 0.00000000099999999995 0.70573568376157946869 0.00000000099999999995 0.29426430823842059104 
0.00000000099999999948 0.00000000099999999948 0.99999999100000014352 0.00000000099999999948 0.00000000099999999948 0.00000000099999999948 0.00000000099999999948 0.00000000099999999948 0.00000000099999999948 0.00000000099999999948 
0.41465662793356727889 0.02850567998617052623 0.00000000099999999998 0.16611606839651135714 0.00000000099999999998 0.03110840854162952654 0.00000000099999999998 0.24804376155066543141 0.00000000099999999998 0.11156944959145589924 
0.00000000099999999948 0.00000000099999999948 0.00000000099999999948 0.00000000099999999948 0.99999999100000014352 0.00000000099999999948 0.00000000099999999948 0.00000000099999999948 0.00000000099999999948 0.00000000099999999948 
0.88204957086965352087 0.00000000099999999991 0.00000000099999999991 0.00000000099999999991 0.00000000099999999991 0.11795042113034662212 0.00000000099999999991 0.00000000099999999991 0.00000000099999999991 0.00000000099999999991 
0.81887935498143804569 0.00000000099999999997 0.00000000099999999997 0.18112063701856206954 0.00000000099999999997 0.00000000099999999997 0.00000000099999999997 0.00000000099999999997 0.00000000099999999997 0.00000000099999999997 
0.00000000099999999983 0.99999999100000025454 0.00000000099999999983 0.00000000099999999983 0.00000000099999999983 0.00000000099999999983 0.00000000099999999983 0.00000000099999999983 0.00000000099999999983 0.00000000099999999983 
0.99999999100000025454 0.00000000099999999990 0.00000000099999999990 0.00000000099999999990 0.00000000099999999990 0.00000000099999999990 0.00000000099999999990 0.00000000099999999990 0.00000000099999999990 0.00000000099999999990 
0.00000000099999999956 0.00000000099999999956 0.34165140587615294709 0.00000000099999999956 0.65834858612384705712 0.00000000099999999956 0.00000000099999999956 0.00000000099999999956 0.00000000099999999956 0.00000000099999999956 
0.00000000099999999949 0.00000000099999999949 0.00000000099999999949 0.00000000099999999949 0.99999999100000014352 0.00000000099999999949 0.00000000099999999949 0.00000000099999999949 0.00000000099999999949 0.00000000099999999949 
0.00000000690015307246 0.00000000099999999998 0.00000000099999999998 0.00000000099999999998 0.00000000099999999998 0.00000000099999999998 0.10160820246474625006 0.45262406633015467294 0.00000000099999999998 0.44576771830494615889 
0.00000000099999999984 0.99999999100000025454 0.00000000099999999984 0.00000000099999999984 0.00000000099999999984 0.00000000099999999984 0.00000000099999999984 0.00000000099999999984 0.00000000099999999984 0.00000000099999999984 
0.00000000099999999966 0.00000000099999999966 0.00000000099999999966 0.00000000099999999966 0.00000000099999999966 0.00000000099999999966 0.00000000099999999966 0.00000000099999999966 0.99999999099999992147 0.00000000099999999966 
0.00000000099999999983 0.00000000099999999983 0.00000000099999999983 0.00000000099999999983 0.00000000099999999983 0.00000000099999999983 0.99999999100000003249 0.00000000099999999983 0.00000000099999999983 0.00000000099999999983 
0.33002367131840992798 0.00000000099999999998 0.00000000099999999998 0.03272219134851518663 0.00000000099999999998 0.04723272509111034467 0.03003336532707949827 0.30960887290579863773 0.00000000099999999998 0.25037917000908638254 
0.00000000099999999943 0.00000000099999999943 0.00000000099999999943 0.00000000099999999943 0.99999999100000003249 0.00000000099999999943 0.00000000099999999943 0.00000000099999999943 0.00000000099999999943 0.00000000099999999943 
0.00000000099999999952 0.00000000099999999952 0.00000000099999999952 0.00000000099999999952 0.00000000099999999952 0.00000000099999999952 0.00000000099999999952 0.00000000099999999952 0.99999999099999992147 0.00000000099999999952 
0.00000000099999999951 0.00000000099999999951 0.99999999100000003249 0.00000000099999999951 0.00000000099999999951 0.00000000099999999951 0.00000000099999999951 0.00000000099999999951 0.00000000099999999951 0.00000000099999999951 
0.00000000099999999998 0.00000000099999999998 0.00000000099999999998 0.00000000099999999998 0.00000000099999999998 0.00000000099999999998 0.00000000396220810087 0.61236565969666323372 0.01412477692192700036 0.37350955341920161201 
0.00000000099999999979 0.99999999100000014352 0.00000000099999999979 0.00000000099999999979 0.00000000099999999979 0.00000000099999999979 0.00000000099999999979 0.00000000099999999979 0.00000000099999999979 0.00000000099999999979 
0.00000000099999999983 0.00000000099999999983 0.00000000099999999983 0.00000000099999999983 0.00000000099999999983 0.00000000099999999983 0.99999999099999992147 0.00000000099999999983 0.00000000099999999983 0.00000000099999999983 
0.00000000099999999995 0.23194962438331390153 0.00000000099999999995 0.38875195643961268921 0.00000000099999999995 0.00000000099999999995 0.00000000099999999995 0.37929841217707344070 0.00000000099999999995 0.00000000099999999995 
0.27211070039171725288 0.00000539351571751135 0.00000000099999999999 0.03174459909342050579 0.00000000099999999999 0.00000000099999999999 0.01010945556782755217 0.25936713678064210464 0.01995853763633872319 0.40670417401433645033 
0.99999999100000014352 0.00000000099999999993 0.00000000099999999993 0.00000000099999999993 0.00000000099999999993 0.00000000099999999993 0.00000000099999999993 0.00000000099999999993 0.00000000099999999993 0.00000000099999999993 
0.44538234425492773116 0.01407163779681187485 0.00000000099999999997 0.07833331810087075520 0.00000000099999999997 0.02193004294230728457 0.00000000099999999997 0.21295862041138965970 0.00000000099999999997 0.22732403249369254050 
0.00000000099999999996 0.00000000099999999996 0.00000000099999999996 0.20348804304389433995 0.00000000099999999996 0.00000000099999999996 0.00000000099999999996 0.79651194895610555324 0.00000000099999999996 0.00000000099999999996 
0.99999999100000025454 0.00000000099999999991 0.00000000099999999991 0.00000000099999999991 0.00000000099999999991 0.00000000099999999991 0.00000000099999999991 0.00000000099999999991 0.00000000099999999991 0.00000000099999999991 
0.00000000099999999993 0.00000000099999999993 0.00000000099999999993 0.17629460545647343550 0.00000000099999999993 0.00000000099999999993 0.00000000099999999993 0.82370538654352654095 0.00000000099999999993 0.00000000099999999993 
0.20042474676839711067 0.00000000099999999998 0.00000000099999999998 0.15757589260530072139 0.00000000099999999998 0.00000000099999999998 0.02008596222381055230 0.48393394091140923274 0.00201892482962410082 0.13596052866145805216 
0.77611866669827844767 0.00000000099999999996 0.00000000099999999996 0.18651446141209132579 0.00000000099999999996 0.00000000099999999996 0.03736686488963031350 0.00000000099999999996 0.00000000099999999996 0.00000000099999999996 
0.00000000099999999985 0.00000000099999999985 0.00000000099999999985 0.00000000099999999985 0.00000000099999999985 0.00000000099999999985 0.99999999099999992147 0.00000000099999999985 0.00000000099999999985 0.00000000099999999985 
0.00000000099999999989 0.99999999100000014352 0.00000000099999999989 0.00000000099999999989 0.00000000099999999989 0.00000000099999999989 0.00000000099999999989 0.00000000099999999989 0.00000000099999999989 0.00000000099999999989 
0.00000000099999999963 0.00000000099999999963 0.00000000099999999963 0.00000000099999999963 0.99999999100000014352 0.00000000099999999963 0.00000000099999999963 0.00000000099999999963 0.00000000099999999963 0.00000000099999999963 
0.00000000099999999987 0.00000000099999999987 0.00000000099999999987 0.00000000099999999987 0.00000000099999999987 0.00000000099999999987 0.99999999100000003249 0.00000000099999999987 0.00000000099999999987 0.00000000099999999987 
0.00000000099999999988 0.00000000099999999988 0.00000000099999999988 0.00000000099999999988 0.00000000099999999988 0.00000000099999999988 0.99999999099999992147 0.00000000099999999988 0.00000000099999999988 0.00000000099999999988 
0.59877443301589827751 0.01418805615523072855 0.00000000099999999997 0.00000000099999999997 0.00000000099999999997 0.00000000099999999997 0.00000000099999999997 0.38664121100291354294 0.00039629382595749200 0.00000000099999999997 
0.00000000099999999940 0.00000000099999999940 0.99999999100000014352 0.00000000099999999940 0.00000000099999999940 0.00000000099999999940 0.00000000099999999940 0.00000000099999999940 0.00000000099999999940 0.00000000099999999940 
0.00000000099999999996 0.00000000099999999996 0.00000000099999999996 0.00000000099999999996 0.00000000099999999996 0.00000000099999999996 0.00000000099999999996 0.45492685937706206500 0.00000000099999999996 0.54507313262293788370 
0.00000000099999999993 0.00000000099999999993 0.00000000099999999993 0.00000000099999999993 0.00000000099999999993 0.00000000099999999993 0.00000000099999999993 0.99999999100000003249 0.00000000099999999993 0.00000000099999999993 
0.62317655518226944267 0.00000000099999999998 0.00000000099999999998 0.00000000099999999998 0.00000000099999999998 0.00196020695281599010 0.00000000099999999998 0.00000000099999999998 0.00000000099999999998 0.37486323086491468715 
0.99999999100000014352 0.00000000099999999995 0.00000000099999999995 0.00000000099999999995 0.00000000099999999995 0.00000000099999999995 0.00000000099999999995 0.00000000099999999995 0.00000000099999999995 0.00000000099999999995 
0.00000000099999999990 0.00000000099999999990 0.00000000099999999990 0.00000000099999999990 0.00000000099999999990 0.00000000099999999990 0.00000000099999999990 0.99999999100000003249 0.00000000099999999990 0.00000000099999999990 
0.59506093198505627395 0.00000000099999999995 0.00000000099999999995 0.40493906001494389679 0.00000000099999999995 0.00000000099999999995 0.00000000099999999995 0.00000000099999999995 0.00000000099999999995 0.00000000099999999995 
0.00000000099999999990 0.00000000099999999990 0.00000000099999999990 0.00000000099999999990 0.00000000099999999990 0.00000000099999999990 0.00000000099999999990 0.00000000099999999990 0.00000000099999999990 0.99999999099999992147 
0.56578902690958632338 0.00000000099999999997 0.00000000099999999997 0.00000000099999999997 0.00000000099999999997 0.06329826576848525399 0.00000000099999999997 0.00030204296589630226 0.00000000099999999997 0.37061065835603229646 
0.56378755389141232968 0.00000000099999999999 0.00201175766270312055 0.15771961388967609130 0.00000000099999999999 0.00001291767001643142 0.00000000099999999999 0.00000183280070806555 0.02779077152203328349 0.24867554956345053196 
0.42311442433251467143 0.00000000099999999998 0.00000000099999999998 0.11181082978853981724 0.00000000099999999998 0.00645715312093210220 0.01364987334463948869 0.43520224260920992165 0.00976547280416397052 0.00000000099999999998 
0.99999999100000014352 0.00000000099999999990 0.00000000099999999990 0.00000000099999999990 0.00000000099999999990 0.00000000099999999990 0.00000000099999999990 0.00000000099999999990 0.00000000099999999990 0.00000000099999999990 
0.33280493144705053377 0.02733833161256461405 0.00000000099999999999 0.00484536409272531225 0.00000000099999999999 0.00977018624759295844 0.00000000099999999999 0.38717184621382128018 0.02467119526327316015 0.21339814212297211760 
0.00000000099999999991 0.00000000099999999991 0.00000000099999999991 0.00000000099999999991 0.00000000099999999991 0.00000000099999999991 0.00000000099999999991 0.99999999100000003249 0.00000000099999999991 0.00000000099999999991 
0.62869893102073970415 0.00000000099999999997 0.00000000099999999997 0.00000000099999999997 0.00000000099999999997 0.00000000099999999997 0.00000000099999999997 0.00000000099999999997 0.00000000099999999997 0.37130106097926063313 
0.37731957091780438107 0.00000000099999999998 0.00000000099999999998 0.00000000099999999998 0.00000000099999999998 0.00000000099999999998 0.00000009040777220601 0.38647009506301499560 0.00000000099999999998 0.23621023761140830244 
0.27727855730066963691 0.00000000099999999997 0.00000000099999999997 0.14001341367772779378 0.00000000099999999997 0.00000000099999999997 0.04497182245148451107 0.33811205000842292634 0.00000000099999999997 0.19962415156169496799 
0.99999999100000025454 0.00000000099999999995 0.00000000099999999995 0.00000000099999999995 0.00000000099999999995 0.00000000099999999995 0.00000000099999999995 0.00000000099999999995 0.00000000099999999995 0.00000000099999999995 
0.47285500452968093343 0.03720181584831357829 0.00000000099999999998 0.15366839975031218457 0.00000000099999999998 0.00000000099999999998 0.00000000099999999998 0.00219195922629855742 0.00000000099999999998 0.33408281564539482611 
0.22107980041037042507 0.00000000099999999998 0.00000000099999999998 0.16713064149328660246 0.00000000099999999998 0.01051334428531937662 0.00269982914305724915 0.36881853549420789973 0.00000000099999999998 0.22975784517375855143 
0.70107048943633920590 0.03285673238030378113 0.00000000099999999997 0.00000000099999999997 0.00000000099999999997 0.00000000159843335910 0.00000000099999999997 0.00000380431360016241 0.00000000099999999997 0.26606896727132373082 
0.00021209019969347439 0.00000001347575371600 0.07127372689101214853 0.10215527296056679807 0.00000000100000000000 0.00588634442257088882 0.01800820063124539128 0.32595650987281521438 0.00000000100000000000 0.47650783954634240436 
0.00000000099999999985 0.00000000099999999985 0.00000000099999999985 0.00000000099999999985 0.00000000099999999985 0.00000000099999999985 0.00000000099999999985 0.00000000099999999985 0.00000000099999999985 0.99999999099999992147 
0.00000000099999999996 0.00008080889511249606 0.00000000099999999996 0.14714278354703727580 0.00000000099999999996 0.00000000099999999996 0.01510761346428574591 0.50607849963254081249 0.00000000099999999996 0.33159028946102359070 
0.39920318783615399427 0.00909159332034427566 0.00000000099999999995 0.10256010823561101386 0.00000000099999999995 0.02930794905848628853 0.00000000099999999995 0.21045974939922929003 0.00000000099999999995 0.24937740815017528373 
0.25661102585581824220 0.00000000099999999997 0.00000000099999999997 0.16351069298521825335 0.00000000099999999997 0.01812045009415259866 0.00000000099999999997 0.17686974076951361701 0.00670451414884806231 0.37818357214644915398 
0.34304984090847268074 0.00000000099999999997 0.00000000099999999997 0.09387008136371918776 0.00000000099999999997 0.00000000099999999997 0.01910719760452276109 0.38623741163410618693 0.00000000099999999997 0.15773546348917913407 
0.00000000099999999999 0.00000000099999999999 0.00000000099999999999 0.27299331093493173217 0.00000000099999999999 0.00000000099999999999 0.00000000099999999999 0.34136082840542297800 0.00000000099999999999 0.38564585365964532127 
0.35008365715817746366 0.00000000099999999997 0.00000000099999999997 0.16704310217876161548 0.00000000099999999997 0.01301626560339064209 0.01191605076104869550 0.45794091929862146273 0.00000000099999999997 0.00000000099999999997 
0.53816623299561283655 0.00000000099999999994 0.00000000099999999994 0.00000000099999999994 0.00000000099999999994 0.01111092386979750483 0.00000000099999999994 0.00000000099999999994 0.00000000099999999994 0.45072283613458974383 
0.58022593929763310872 0.00000000099999999995 0.00000000099999999995 0.10171608368027290625 0.00000000099999999995 0.00000000099999999995 0.03193120579427678740 0.28612676522781738120 0.00000000099999999995 0.00000000099999999995 
0.00000000099999999986 0.99999999100000025454 0.00000000099999999986 0.00000000099999999986 0.00000000099999999986 0.00000000099999999986 0.00000000099999999986 0.00000000099999999986 0.00000000099999999986 0.00000000099999999986 
0.00000000099999999996 0.60997654007683688171 0.00000000099999999996 0.00000000099999999996 0.00000000099999999996 0.00000000099999999996 0.39002345192316323352 0.00000000099999999996 0.00000000099999999996 0.00000000099999999996 
0.00000000099999999952 0.00000000099999999952 0.99999999100000003249 0.00000000099999999952 0.00000000099999999952 0.00000000099999999952 0.00000000099999999952 0.00000000099999999952 0.00000000099999999952 0.00000000099999999952 
0.00000000099999999954 0.00000000099999999954 0.00000000099999999954 0.00000000099999999954 0.00000000099999999954 0.00000000099999999954 0.00000000099999999954 0.00000000099999999954 0.99999999100000003249 0.00000000099999999954 
0.00000000099999999997 0.56276476725679092095 0.00000000099999999997 0.00000000099999999997 0.00000000099999999997 0.11357462867967528519 0.32366059706353395020 0.00000000099999999997 0.00000000099999999997 0.00000000099999999997 
0.00019153693132636446 0.00000000099999999996 0.00000000099999999996 0.09246675102675987190 0.00000000099999999996 0.00000000099999999996 0.01082255263247550517 0.56796598864325886780 0.00000000099999999996 0.32855316576617937807 
0.48528002177094209380 0.00000000099999999997 0.00000000099999999997 0.00000000099999999997 0.00000000099999999997 0.03766915951139623853 0.01649278510688378940 0.46055802761077790919 0.00000000099999999997 0.00000000099999999997 
0.00000000099999999990 0.99999999100000014352 0.00000000099999999990 0.00000000099999999990 0.00000000099999999990 0.00000000099999999990 0.00000000099999999990 0.00000000099999999990 0.00000000099999999990 0.00000000099999999990 
0.45701370741035873824 0.00000000099999999996 0.00000000099999999996 0.00000000099999999996 0.00000000099999999996 0.00000000099999999996 0.01247027477523542441 0.00000000099999999996 0.00000000099999999996 0.53051601081440569185 
0.48841048236643513913 0.00000000099999999995 0.00000000099999999995 0.00000000099999999995 0.00000000099999999995 0.01763534525086463134 0.00000000099999999995 0.00000027302718470207 0.00470330925561837903 0.48925058509989710620 
0.00000000099999999975 0.00000000099999999975 0.00000000099999999975 0.99999999100000014352 0.00000000099999999975 0.00000000099999999975 0.00000000099999999975 0.00000000099999999975 0.00000000099999999975 0.00000000099999999975 
0.00000000099999999952 0.00000000099999999952 0.33275230344285211537 0.00000000099999999952 0.66724768855714788884 0.00000000099999999952 0.00000000099999999952 0.00000000099999999952 0.00000000099999999952 0.00000000099999999952 
0.00000000099999999948 0.00000000099999999948 0.00000000099999999948 0.00000000099999999948 0.99999999100000003249 0.00000000099999999948 0.00000000099999999948 0.00000000099999999948 0.00000000099999999948 0.00000000099999999948 
0.00000000099999999940 0.00000000099999999940 0.00000000099999999940 0.00000000099999999940 0.99999999100000014352 0.00000000099999999940 0.00000000099999999940 0.00000000099999999940 0.00000000099999999940 0.00000000099999999940 
0.00000000099999999948 0.00000000099999999948 0.40096759313935143032 0.00000000099999999948 0.59903239886064862940 0.00000000099999999948 0.00000000099999999948 0.00000000099999999948 0.00000000099999999948 0.00000000099999999948 
0.00000000099999999941 0.00000000099999999941 0.99999999100000014352 0.00000000099999999941 0.00000000099999999941 0.00000000099999999941 0.00000000099999999941 0.00000000099999999941 0.00000000099999999941 0.00000000099999999941 
0.00000000099999999995 0.39027160562039187042 0.00000000099999999995 0.00000000099999999995 0.00000000099999999995 0.01924495067321545932 0.59048343670639258374 0.00000000099999999995 0.00000000099999999995 0.00000000099999999995 
0.00000000099999999979 0.00000000099999999979 0.00000000099999999979 0.99999999100000014352 0.00000000099999999979 0.00000000099999999979 0.00000000099999999979 0.00000000099999999979 0.00000000099999999979 0.00000000099999999979 
0.00000000099999999943 0.00000000099999999943 0.99999999100000003249 0.00000000099999999943 0.00000000099999999943 0.00000000099999999943 0.00000000099999999943 0.00000000099999999943 0.00000000099999999943 0.00000000099999999943 
0.00000000099999999949 0.00000000099999999949 0.00000000099999999949 0.00000000099999999949 0.99999999100000003249 0.00000000099999999949 0.00000000099999999949 0.00000000099999999949 0.00000000099999999949 0.00000000099999999949 
0.00000000099999999953 0.00000000099999999953 0.00000000099999999953 0.00000000099999999953 0.00000000099999999953 0.00000000099999999953 0.00000000099999999953 0.00000000099999999953 0.99999999099999992147 0.00000000099999999953 
0.00000000099999999952 0.00000000099999999952 0.00000000099999999952 0.00000000099999999952 0.00000000099999999952 0.00000000099999999952 0.00000000099999999952 0.00000000099999999952 0.99999999099999992147 0.00000000099999999952 
0.00000000099999999994 0.00000000099999999994 0.00000000099999999994 0.38301516620012526770 0.00000000099999999994 0.00000000099999999994 0.00000000099999999994 0.61698482579987468100 0.00000000099999999994 0.00000000099999999994 
0.00000000099999999944 0.00000000099999999944 0.00000000099999999944 0.00000000099999999944 0.99999999100000003249 0.00000000099999999944 0.00000000099999999944 0.00000000099999999944 0.00000000099999999944 0.00000000099999999944 
0.00000000099999999996 0.00000000099999999996 0.00000000099999999996 0.00000000099999999996 0.00000000099999999996 0.00000000099999999996 0.00007788911180617592 0.52523925333742005339 0.00000000099999999996 0.47468285055077369394 
0.37786986306858194595 0.00000000099999999997 0.00000000099999999997 0.00000000099999999997 0.00000000099999999997 0.00000000099999999997 0.00000000099999999997 0.24559880861971361554 0.00000000099999999997 0.37653132131170435892 
0.00000000099999999995 0.54446970963113727748 0.00000000099999999995 0.00000000099999999995 0.00000000099999999995 0.00000000099999999995 0.39925061616101692463 0.00000000099999999995 0.00000000099999999995 0.05627966720784599586 
0.21890285160486841476 0.01830647303163283543 0.00000000099999999996 0.07408541907352339528 0.00000000099999999996 0.01356598211349827228 0.00000000099999999996 0.42381272258422936217 0.00000000099999999996 0.25132654759224765106 
0.00000000099999999989 0.60018593926082908219 0.00000000099999999989 0.00000000099999999989 0.00000000099999999989 0.00000000099999999989 0.39981405273917103305 0.00000000099999999989 0.00000000099999999989 0.00000000099999999989 
0.24166071838381630865 0.00000000099999999997 0.00000000099999999997 0.11049148724379719011 0.00000000099999999997 0.03263612570106302208 0.01352574688906964945 0.28864154115737034045 0.00000000099999999997 0.31304437662488349137 
0.00000000099999999982 0.00000000099999999982 0.00000000099999999982 0.00000000099999999982 0.00000000099999999982 0.00000000099999999982 0.99999999099999992147 0.00000000099999999982 0.00000000099999999982 0.00000000099999999982 
0.00000000099999999988 0.00000000099999999988 0.00000000099999999988 0.00000000099999999988 0.00000000099999999988 0.00000000099999999988 0.00000000099999999988 0.00000000099999999988 0.00000000099999999988 0.99999999099999992147 
0.51913486720586032863 0.00000000099999999997 0.00000000099999999997 0.00000000099999999997 0.00000000099999999997 0.06094660222948836137 0.00000000099999999997 0.41991839343250392247 0.00000013113214762157 0.00000000099999999997 
0.00000000099999999948 0.00000000099999999948 0.00000000099999999948 0.00000000099999999948 0.99999999100000014352 0.00000000099999999948 0.00000000099999999948 0.00000000099999999948 0.00000000099999999948 0.00000000099999999948 
0.00000000099999999983 0.00000000099999999983 0.00000000099999999983 0.00000000099999999983 0.00000000099999999983 0.00000000099999999983 0.99999999099999992147 0.00000000099999999983 0.00000000099999999983 0.00000000099999999983 
0.00000000099999999950 0.00000000099999999950 0.36140616302304973129 0.00000000099999999950 0.63859382897695027292 0.00000000099999999950 0.00000000099999999950 0.00000000099999999950 0.00000000099999999950 0.00000000099999999950 
0.00000000099999999942 0.00000000099999999942 0.00000000099999999942 0.00000000099999999942 0.99999999100000014352 0.00000000099999999942 0.00000000099999999942 0.00000000099999999942 0.00000000099999999942 0.00000000099999999942 
0.00000000099999999992 0.00000000099999999992 0.00000000099999999992 0.36156869124864421394 0.00000000099999999992 0.00000000099999999992 0.00000000099999999992 0.00000000099999999992 0.00000000099999999992 0.63843130075135545720 
0.23463681067906708155 0.03122363315444843732 0.00000000099999999997 0.00000000373106642091 0.00000000099999999997 0.00910165272464800480 0.00000000099999999997 0.48034096576338719542 0.00000000099999999997 0.24469692994738290182 
0.33228500721238568572 0.00767215188533359148 0.00000000099999999996 0.04449331477595187129 0.00000000099999999996 0.00000000099999999996 0.00000000099999999996 0.27309130067904147099 0.00000000099999999996 0.34245822044728724265 
0.34150066872667739215 0.00000000099999999997 0.00000000099999999997 0.18548062376931362394 0.00000000099999999997 0.00000000099999999997 0.00000000099999999997 0.47301870050400895984 0.00000000099999999997 0.00000000099999999997 
0.37609621529030135001 0.00000000099999999997 0.00000000099999999997 0.15017302160747741935 0.00000000099999999997 0.03884023345441842828 0.00821205054732100474 0.19221765617934685744 0.00000080688996034983 0.23446001303117444681 
0.29476499775046705043 0.01025768927479272195 0.00000000099999999997 0.04639200869963835960 0.00000000099999999997 0.02859558611556524410 0.00001259797265297294 0.40021417487863963913 0.00227802487430616785 0.21748491843393766287 
0.00000000099999999989 0.00000000099999999989 0.00000000099999999989 0.00000000099999999989 0.00000000099999999989 0.00000000099999999989 0.00000000099999999989 0.99999999099999992147 0.00000000099999999989 0.00000000099999999989 
