0.00034684421335602899 0.02609926260246063154 0.96548241646029908658 0.00807147672388408739 
0.00000000099999999996 0.00000000099999999996 0.00000000099999999996 0.99999999700000008485 
0.00000000099999999996 0.00000000099999999996 0.00000000099999999996 0.99999999700000008485 
0.00000000099999999999 0.00555722723034759655 0.95151245244902549203 0.04293031932062703337 
0.00000000100000000000 0.01324029342511830534 0.98627591122983004901 0.00048379434505158671 
0.00000000099999999999 0.00640633331599346420 0.96293697447699400094 0.03065669120701252151 
0.00000000099999999997 0.00000000099999999997 0.00000000099999999997 0.99999999700000008485 
0.00000000099999999995 0.00000000099999999995 0.00000000099999999995 0.99999999699999997382 
0.00000000099999999999 0.01975481257249786515 0.97118867326750624169 0.00905651315999601858 
0.00000000099999999997 0.00000000099999999997 0.00000000099999999997 0.99999999700000008485 
0.00000000100000000000 0.01380995147687730587 0.96832947595791418749 0.01786057156520860084 
0.00000000099999999999 0.01155538883737891771 0.96572031163023241973 0.02272429853238858849 
0.00000000100000000000 0.00889211861772088753 0.98584354355835157602 0.00526433682392750315 
0.00000000100000000000 0.01969577079933523822 0.96959112837761429748 0.01071309982305050298 
0.00608191955951246227 0.02166569246904881049 0.97088225090514912452 0.00137013706628957800 
0.00000000099999999999 0.03334314839132468400 0.90555012713420990345 0.06110672347446534369 
0.00000000100000000000 0.00030418762872074813 0.99208750524201783083 0.00760830612926152120 
0.00536936514077302092 0.00658965723165233497 0.98804097662757450760 0.00000000100000000000 
0.00816089765332668644 0.01151284653951317044 0.97692572135378208387 0.00340053445337804927 
0.00000000099999999998 0.00797106296104308117 0.99109108256859346220 0.00093785347036355539 
0.00000000100000000000 0.00003348900648362276 0.99586806661860161061 0.00409844337491480949 
0.00000000099999999998 0.00000000099999999998 0.00000004206540517443 0.99999995593459489740 
0.00000000099999999999 0.00000000099999999999 0.96959702357716093246 0.03040297442283897145 
0.00000000099999999999 0.00413628106670257435 0.95790976917241266175 0.03795394876088472452 
0.00000000099999999999 0.00000123398904754897 0.96654017930130897707 0.03345858570964345413 
0.00000000099999999999 0.00694293134037969606 0.99305706665962023560 0.00000000099999999999 
0.00000000099999999988 0.99999999700000008485 0.00000000099999999988 0.00000000099999999988 
0.00000000099999999986 0.99999999700000008485 0.00000000099999999986 0.00000000099999999986 
0.00000000100000000000 0.01174613766751312315 0.98277304123864106522 0.00548082009384567685 
0.00000000099999999999 0.01504315655181577734 0.98495684144818429484 0.00000000099999999999 
0.00000000099999999999 0.00000000858900944725 0.97026537968680293123 0.02973461072418752751 
0.00000000099999999998 0.00000000099999999998 0.00000000099999999998 0.99999999699999997382 
0.00000000099999999997 0.36101356149801272499 0.39851140697326081774 0.24047503052872640228 
0.00000000099999999999 0.00114721961731004043 0.99835611072368757313 0.00049666865900241061 
0.99999999700000008485 0.00000000099999999986 0.00000000099999999986 0.00000000099999999986 
0.99999999699999997382 0.00000000099999999982 0.00000000099999999982 0.00000000099999999982 
0.99999999699999997382 0.00000000099999999982 0.00000000099999999982 0.00000000099999999982 
0.00000000099999999988 0.99999999699999997382 0.00000000099999999988 0.00000000099999999988 
0.00000000099999999987 0.99999999700000008485 0.00000000099999999987 0.00000000099999999987 
0.00000000099999999999 0.00366624661322304240 0.99406984774022222329 0.00226390464655478211 
0.00000000099999999998 0.00000000099999999998 0.00000000099999999998 0.99999999699999997382 
0.00000000099999999987 0.99999999699999997382 0.00000000099999999987 0.00000000099999999987 
0.00000000099999999999 0.01221222611733386795 0.95989834736128376580 0.02788942552138235983 
0.00000000099999999996 0.00000000099999999996 0.00000000099999999996 0.99999999699999997382 
0.00000000099999999989 0.99999999700000008485 0.00000000099999999989 0.00000000099999999989 
0.00000000099999999999 0.01001645477870544317 0.97032192769386083064 0.01966161652743375274 
0.00000000099999999987 0.99999999699999997382 0.00000000099999999987 0.00000000099999999987 
0.00000000099999999997 0.00000000099999999997 0.00000000099999999997 0.99999999700000008485 
0.00000000099999999995 0.00000000099999999995 0.00000000099999999995 0.99999999700000008485 
0.00000000099999999986 0.99999999699999997382 0.00000000099999999986 0.00000000099999999986 
0.00000000099999999987 0.99999999699999997382 0.00000000099999999987 0.00000000099999999987 
0.00000000099999999997 0.00000000099999999997 0.00000000099999999997 0.99999999699999997382 
0.00000000099999999996 0.00000000099999999996 0.00000000099999999996 0.99999999699999997382 
0.00000000099999999997 0.00000000099999999997 0.00000000377474178888 0.99999999422525820414 
0.00000000099999999989 0.99999999699999997382 0.00000000099999999989 0.00000000099999999989 
0.00000001139689957893 0.01961754454847564402 0.93162565081122927779 0.04875679324339537296 
0.00000000100000000000 0.03022392104512683017 0.96743160435124830876 0.00234447360362488111 
0.00000000099999999999 0.00000000099999999999 0.97017911993006167304 0.02982087806993826903 
0.00000000099999999999 0.00451434457488134825 0.97785165079661584553 0.01763400362850284578 
0.00000000099999999996 0.00000000099999999996 0.00000000099999999996 0.99999999699999997382 
0.00161151481226819138 0.00983888639910452008 0.98783392315116702598 0.00071567563746018211 
0.99999999699999997382 0.00000000099999999985 0.00000000099999999985 0.00000000099999999985 
0.00000000099999999998 0.00937625618496253609 0.98048208974031791918 0.01014165307471961291 
0.99999999699999997382 0.00000000099999999985 0.00000000099999999985 0.00000000099999999985 
0.00000000100000000000 0.00124942323733236767 0.95203212432336525861 0.04671845143930228317 
0.99999999699999997382 0.00000000099999999986 0.00000000099999999986 0.00000000099999999986 
0.00000000099999999999 0.00573167555433628725 0.98152886566399044632 0.01273945778167333287 
0.00000016601932758230 0.01075053739772869991 0.97376991944479773800 0.01547937713814595551 
0.00000000099999999995 0.00000000099999999995 0.00000000099999999995 0.99999999700000008485 
0.00000000099999999998 0.00000000099999999998 0.99999594038965300413 0.00000405761034707565 
0.99999999700000008485 0.00000000099999999985 0.00000000099999999985 0.00000000099999999985 
0.99999999699999997382 0.00000000099999999987 0.00000000099999999987 0.00000000099999999987 
0.00000000099999999999 0.01489258936444525817 0.89776857660120790161 0.08733883303434682166 
0.00000000099999999995 0.00000000099999999995 0.00000000099999999995 0.99999999700000008485 
0.00000000099999999989 0.99999999699999997382 0.00000000099999999989 0.00000000099999999989 
0.00000000099999999996 0.00000000099999999996 0.00000000099999999996 0.99999999700000008485 
0.00123337116865532195 0.00000000100000000000 0.95663194767693759957 0.04213468015440702263 
0.99999999699999997382 0.00000000099999999984 0.00000000099999999984 0.00000000099999999984 
0.00000000099999999985 0.99999999700000008485 0.00000000099999999985 0.00000000099999999985 
0.99999999700000008485 0.00000000099999999987 0.00000000099999999987 0.00000000099999999987 
0.00320237789702599966 0.02167558346486316706 0.97256987328981392427 0.00255216534829699011 
0.00000000099999999995 0.00000000099999999995 0.00000000099999999995 0.99999999700000008485 
0.00000000099999999996 0.00000000099999999996 0.00000000099999999996 0.99999999700000008485 
0.00000000099999999999 0.00464208486804135439 0.75922697523561355482 0.23613093889634501066 
0.00000000100000000000 0.02493230967315913926 0.96874042431344820070 0.00632726501339256515 
0.00000000099999999999 0.00000254086270449015 0.98514649134094589567 0.01485096679634956632 
0.00000000099999999999 0.00000000099999999999 0.97100853002657561142 0.02899146797342418841 
0.00000000100000000000 0.00265073765327248929 0.99668317261524330686 0.00066608873148411710 
0.00000000099999999998 0.00000000099999999998 0.99999999699999997382 0.00000000099999999998 
0.00000000099999999999 0.00086822045623659793 0.98405054668089375625 0.01508123186286971021 
0.00000000099999999999 0.01065853947215450979 0.97595239096671493328 0.01338906856113064245 
0.00000000838564237384 0.00000023634945978902 0.95795989976259032783 0.04203985550230751600 
0.00000000099999999996 0.00000000099999999996 0.00000000099999999996 0.99999999699999997382 
0.00000000099999999998 0.00000000099999999998 0.00009498625427740117 0.99990501174572254950 
0.99999999700000008485 0.00000000099999999991 0.00000000099999999991 0.00000000099999999991 
0.00000000099999999998 0.00000000099999999998 0.00000000099999999998 0.99999999700000008485 
0.00000000099999999998 0.00000000099999999998 0.00000003871854874027 0.99999995928145135604 
0.00000000099999999999 0.01050938371810687839 0.96190107685625536593 0.02758953842563775447 
0.99999999699999997382 0.00000000099999999982 0.00000000099999999982 0.00000000099999999982 
0.00000000100000000000 0.00832013477736585558 0.99167986114560380262 0.00000000307703030019 
0.00000000099999999999 0.00848783233416460121 0.97011102952458194704 0.02140113714125342972 
0.00201461841059831026 0.01006718311298086810 0.98305859321843769294 0.00485960525798315602 
0.00000000100000000000 0.00705499023020585148 0.96378183894213642624 0.02916316982765771934 
0.00042903463171973432 0.00059561771368799607 0.99192912640975883232 0.00704622124483346435 
0.00000019074434288377 0.00017006197816742011 0.95721663392911349177 0.04261311334837630804 
0.00000000100000000000 0.00907951464127265684 0.98886681262683462368 0.00205367173189288437 
0.00000000100000000000 0.01128692579080659182 0.97200413350628389608 0.01670893970290952130 
0.00442943034404143232 0.03209322349166458810 0.94706308126446170359 0.01641426489983229681 
0.00000000099999999999 0.01507496161280414207 0.97701989796198562832 0.00790513942521012605 
0.00000000099999999999 0.00000000099999999999 0.99916801377606279111 0.00083198422393717547 
0.00096390852401510266 0.02874575037358673146 0.94301648474347465889 0.02727385635892355317 
0.00000000099999999999 0.01412599914651314729 0.98587399885348692141 0.00000000099999999999 
0.00000000100000000000 0.00072314046614325360 0.98427115748078097823 0.01500570105307563740 
0.00000000099999999999 0.00154943412611003358 0.99659762590479084032 0.00185293896909900779 
0.00000000099999999999 0.00000000099999999999 0.96225429882798230175 0.03774569917201767155 
0.00000000100000000000 0.01099246130037205907 0.97006774143500362761 0.01893979626462429650 
0.00000000099999999999 0.00000000099999999999 0.95534225956460205875 0.04465773843539785209 
0.00000000100000000000 0.00197932505419774968 0.99035046355528810746 0.00767021039051412647 
0.00000000099999999999 0.00245397191743732587 0.96805330502657871428 0.02949272205598408789 
0.06801267919814062146 0.00718452273217466079 0.89677701773155937826 0.02802578033812542710 
0.00000000099999999999 0.00000000108362714353 0.99249841209459754854 0.00750158582177524753 
0.00000000099999999998 0.00000000099999999998 0.97806996571588500355 0.02193003228411510505 
0.00000000099999999998 0.00000225331510328585 0.96915867729534388442 0.03083906838955281088 
0.00000000099999999999 0.01931642415538613669 0.97825561161538276966 0.00242796322923104387 
0.00000000099999999998 0.00000000099999999998 0.98170974258512411215 0.01829025541487587850 
0.00362058624106005892 0.00855584774216163260 0.98008390734238648445 0.00773965867439185308 
0.00000000099999999999 0.00889023196963809048 0.97543175351423960784 0.01567801351612240629 
0.00000000099999999999 0.00302922512928392815 0.99697077115965238026 0.00000000271106360609 
0.00000000099999999998 0.00000000099999999998 0.96244636170660213814 0.03755363629339782822 
0.00000000099999999996 0.00000000099999999996 0.00000000099999999996 0.99999999699999997382 
0.00000000099999999998 0.00000000099999999998 0.00000020019370451462 0.99999979780629544290 
0.99999999700000008485 0.00000000099999999988 0.00000000099999999988 0.00000000099999999988 
0.00000000099999999985 0.99999999699999997382 0.00000000099999999985 0.00000000099999999985 
0.00000000100000000000 0.03979858980693727621 0.04630915954212907332 0.91389224965093351916 
0.00000000099999999998 0.00000000099999999998 0.98272762612402420057 0.01727237187597563742 
0.00000001363969175445 0.00463340979797046294 0.96316826373163932917 0.03219831283069841954 
0.00000000099999999999 0.00395680841199658358 0.00000000099999999999 0.99604318958800353023 
0.00000000099999999999 0.00000000099999999999 0.97703647641219260045 0.02296352158780739366 
0.00000000099999999998 0.01526473914729668639 0.98137561615032231632 0.00335964370238105116 
0.00000000099999999999 0.00617661630610485349 0.99382338169389505822 0.00000000099999999999 
0.99999999699999997382 0.00000000099999999984 0.00000000099999999984 0.00000000099999999984 
0.99999999699999997382 0.00000000099999999985 0.00000000099999999985 0.00000000099999999985 
0.99999999700000008485 0.00000000099999999982 0.00000000099999999982 0.00000000099999999982 
0.99999999699999997382 0.00000000099999999983 0.00000000099999999983 0.00000000099999999983 
0.99999999700000008485 0.00000000099999999983 0.00000000099999999983 0.00000000099999999983 
0.00000000099999999998 0.00000000099999999998 0.00000000099999999998 0.99999999700000008485 
0.00000000100000000000 0.01467618731694350642 0.97944768138253590628 0.00587613030052051323 
0.99999999699999997382 0.00000000099999999983 0.00000000099999999983 0.00000000099999999983 
0.99999999699999997382 0.00000000099999999985 0.00000000099999999985 0.00000000099999999985 
0.00000000099999999985 0.99999999700000008485 0.00000000099999999985 0.00000000099999999985 
0.00000000099999999985 0.99999999700000008485 0.00000000099999999985 0.00000000099999999985 
0.00000000099999999999 0.00000000099999999999 0.99997273294823985079 0.00002726505176002276 
0.99999999700000008485 0.00000000099999999984 0.00000000099999999984 0.00000000099999999984 
0.00009480326182135208 0.00000002637401157996 0.97935970169104902272 0.02054546867311798225 
0.00000000099999999999 0.00244474430411340243 0.99755525369588660123 0.00000000099999999999 
0.00000000099999999998 0.00000000099999999998 0.03847844067849961330 0.96152155732150046408 
0.00000000099999999999 0.00009416633005665504 0.98447314361452309406 0.01543268905542025636 
0.00000000099999999995 0.00000000099999999995 0.00000000099999999995 0.99999999699999997382 
0.00000000099999999999 0.00891600075214104421 0.96480112629430292426 0.02628287195355617431 
0.00000000099999999995 0.00000000099999999995 0.00000000099999999995 0.99999999700000008485 
0.00000000100000000000 0.02053374150131232964 0.96286282394179545374 0.01660343355689215816 
0.00000000100000000000 0.01619648327346104311 0.98367064760550659841 0.00013286812103234120 
0.99999999700000008485 0.00000000099999999986 0.00000000099999999986 0.00000000099999999986 
0.00000000099999999996 0.00000000099999999996 0.00000000099999999996 0.99999999699999997382 
0.99999999699999997382 0.00000000099999999983 0.00000000099999999983 0.00000000099999999983 
0.99999999700000008485 0.00000000099999999983 0.00000000099999999983 0.00000000099999999983 
0.00000000100000000000 0.00134268847960091332 0.98550239477908818664 0.01315491574131085958 
0.00000000099999999999 0.00064818753848837373 0.96713420790719328846 0.03221760355431816519 
0.00000000099999999998 0.00000000099999999998 0.98829662189576616971 0.01170337610423386777 
0.00000000099999999999 0.00624797543304156117 0.98854357037601803260 0.00520845319094050737 
0.00000000099999999999 0.01584463979768710451 0.97350320719283744975 0.01065215200947559199 
0.00000000099999999999 0.01066011319637971688 0.96694197757459920961 0.02239790822902116077 
0.00000000099999999999 0.00000060733203990461 0.99999939066795995313 0.00000000099999999999 
0.00000000099999999998 0.00000000099999999998 0.00248854669335639607 0.99751145130664353733 
0.00000000099999999999 0.00021131125366526446 0.99978246802976766805 0.00000621971656709927 
0.99999999699999997382 0.00000000099999999983 0.00000000099999999983 0.00000000099999999983 
0.00000000100000000000 0.00340089956344344834 0.99375988286982486208 0.00283921656673171091 
0.99999999700000008485 0.00000000099999999994 0.00000000099999999994 0.00000000099999999994 
0.99999999699999997382 0.00000000099999999985 0.00000000099999999985 0.00000000099999999985 
0.00000000099999999999 0.00004238925819731815 0.97171636646782666435 0.02824124327397607714 
0.00000000099999999999 0.01270272224233388175 0.98729727575766601522 0.00000000099999999999 
0.00001120072697472882 0.00000000100000000000 0.97550792927979612656 0.02448086899322905394 
0.99999999699999997382 0.00000000099999999987 0.00000000099999999987 0.00000000099999999987 
0.00000000099999999996 0.00000000099999999996 0.00000000099999999996 0.99999999700000008485 
0.00000000099999999996 0.00000000099999999996 0.00000000099999999996 0.99999999699999997382 
0.99999999699999997382 0.00000000099999999985 0.00000000099999999985 0.00000000099999999985 
0.00000000100000000000 0.01016695315342773694 0.97865740423678793114 0.01117564160978431684 
0.00000000100000000000 0.01607595054161736411 0.93984537128862000177 0.04407867716976269362 
0.99999999700000008485 0.00000000099999999986 0.00000000099999999986 0.00000000099999999986 
0.00000000099999999999 0.01087049728507506058 0.97962167003543632049 0.00950783167948871313 
0.00000000099999999995 0.00000000099999999995 0.00000000099999999995 0.99999999699999997382 
0.10675021697271516730 0.11195631820557332137 0.54450459660070738011 0.23678886822100411735 
0.00459426914340668388 0.00000000100000000000 0.96327571720286908619 0.03213001265372414372 
0.00000000099999999999 0.01603192161681694233 0.94586511537777073766 0.03810296200541236217 
0.00000000099999999999 0.01844818354752083070 0.97835895164413411162 0.00319286380834503045 
0.00000000099999999999 0.01475015318784518407 0.98497296538255874054 0.00027688042959613543 
0.00000000099999999999 0.00606469761094272173 0.99393530038905719692 0.00000000099999999999 
0.00000000099999999999 0.00000000099999999999 0.98881742252694082573 0.01118257547305919961 
0.00000000099999999999 0.01651321360542475428 0.97294337841524713983 0.01054340697932810468 
0.00832456992598329566 0.00826184810693382510 0.95663436718003602710 0.02677921478704677755 
0.00000000099999999997 0.00000000099999999997 0.00000000099999999997 0.99999999700000008485 
0.00000000099999999999 0.01044608077821460208 0.96667759491670901539 0.02287632330507622172 
0.00000000099999999999 0.01022264385349744807 0.98977735414650247492 0.00000000099999999999 
0.00000000100000000000 0.00559536525135971574 0.94468972697502628932 0.04971490677361397464 
0.00000000099999999999 0.00000000099999999999 0.97853714192558149954 0.02146285607441840090 
0.00242600040474329638 0.00558570949625447535 0.95465048526427720432 0.03733780483472504824 
0.00000000099999999999 0.00063280726739430243 0.99936554798562449164 0.00000164374698122967 
0.00000000100000000000 0.00232011972277709928 0.97869876896037255598 0.01898111031685031924 
0.00000000099999999998 0.00000000099999999998 0.00232622269099403952 0.99767377530900591687 
0.00000000099999999999 0.02090121593748275192 0.95526764657938390002 0.02383113648313322369 
0.00000000099999999999 0.01367516365608028965 0.97615511476826255510 0.01016972057565711587 
0.01108029725083592952 0.00029685598985250389 0.97400640908094426873 0.01461643767836725075 
0.00000000099999999998 0.00000000099999999998 0.00000047299290539199 0.99999952500709465841 
0.01927762229395407062 0.00000046951583009996 0.95105257494905137694 0.02966933324116450416 
0.00000000100000000000 0.01258537860698008722 0.97413630151150931713 0.01327831888151066730 
0.00000000099999999999 0.01194452446911840188 0.50612258845648749883 0.48193288607439405125 
0.00000000099999999998 0.00000000099999999998 0.96958442735406302759 0.03041557064593699081 
0.99999999699999997382 0.00000000099999999986 0.00000000099999999986 0.00000000099999999986 
0.00000000099999999999 0.01981322802116967582 0.95906988474749388374 0.02111688623133643403 
0.00000000100000000000 0.00790385725898201837 0.96244565735357290315 0.02965048438744492115 
