0.00000000099999999999 0.00000000099999999999 0.14852777971100100673 0.30258399346063535873 0.40108956127864187069 0.01618141881867598761 0.13161724473104580158 
0.99999999400000016969 0.00000000099999999994 0.00000000099999999994 0.00000000099999999994 0.00000000099999999994 0.00000000099999999994 0.00000000099999999994 
0.99999999400000005867 0.00000000099999999995 0.00000000099999999995 0.00000000099999999995 0.00000000099999999995 0.00000000099999999995 0.00000000099999999995 
0.03137101955978759821 0.00000000099999999999 0.16582788111367097184 0.39830524413224471791 0.40315564758367011811 0.00134020561062651281 0.00000000099999999999 
0.00000000099999999999 0.00000000099999999999 0.25858795999077893724 0.32756741523845966935 0.40454163392694619805 0.00930298784381517439 0.00000000099999999999 
0.01985492567991570950 0.00000000099999999999 0.34877221845367728514 0.32834895857022855514 0.24932712291559611106 0.00146848455037861285 0.05222828883020370211 
0.99999999400000005867 0.00000000099999999996 0.00000000099999999996 0.00000000099999999996 0.00000000099999999996 0.00000000099999999996 0.00000000099999999996 
0.99999999400000005867 0.00000000099999999993 0.00000000099999999993 0.00000000099999999993 0.00000000099999999993 0.00000000099999999993 0.00000000099999999993 
0.00000000099999999998 0.00000000099999999998 0.25966594858919711530 0.72710524071772797416 0.00000000099999999998 0.01322880669307486060 0.00000000099999999998 
0.99999999400000005867 0.00000000099999999995 0.00000000099999999995 0.00000000099999999995 0.00000000099999999995 0.00000000099999999995 0.00000000099999999995 
0.00000000099999999996 0.00000000099999999996 0.00000000099999999996 0.99999999400000005867 0.00000000099999999996 0.00000000099999999996 0.00000000099999999996 
0.01713180554699010594 0.00000000099999999999 0.21680651902447403701 0.49407826584011843574 0.23368380212231865123 0.00571678032008340452 0.03258282614601539645 
0.00000000099999999999 0.00000000099999999999 0.40447320100986955405 0.59552679399013030981 0.00000000099999999999 0.00000000099999999999 0.00000000099999999999 
0.00000000099999999999 0.00000000099999999999 0.16096677228951206118 0.39782714167320898380 0.31451915606880742615 0.01077532479589258553 0.11591160317257900858 
0.00000000100000000000 0.00000911454575425317 0.00000000100000000000 0.41186403063740317787 0.49346092273554598151 0.01058811062318503610 0.08407781945811153290 
0.05079736192401367728 0.00000000099999999999 0.21319021171146715354 0.38564769431278317358 0.24741720521949173150 0.02686759024808314800 0.07607993558416094315 
0.00000000099999999995 0.00000000099999999995 0.00000000099999999995 0.99999999400000005867 0.00000000099999999995 0.00000000099999999995 0.00000000099999999995 
0.00000000099999999997 0.00000000099999999997 0.00000000099999999997 0.80422454294793599416 0.00000000099999999997 0.00000000099999999997 0.19577545205206414725 
0.00000000099999999999 0.00000000099999999999 0.00000000099999999999 0.56909821148479622366 0.42831825171930038021 0.00258353279590338523 0.00000000099999999999 
0.00000000099999999994 0.00000000099999999994 0.00000000099999999994 0.00000000099999999994 0.99999999400000005867 0.00000000099999999994 0.00000000099999999994 
0.00000000099999999999 0.00000000099999999999 0.24759736455621375595 0.39543093279074670310 0.23398121670003493855 0.00000000099999999999 0.12299048295300463174 
0.95675634918196972301 0.00000000099999999996 0.00000000099999999996 0.00000000099999999996 0.00000000099999999996 0.00000000099999999996 0.04324364581803038371 
0.00000000099999999998 0.00000000099999999998 0.30136647119799153671 0.00000000099999999998 0.69863352380200838265 0.00000000099999999998 0.00000000099999999998 
0.00000000099999999986 0.00000000099999999986 0.99999999400000005867 0.00000000099999999986 0.00000000099999999986 0.00000000099999999986 0.00000000099999999986 
0.01523453891526357386 0.00000000099999999998 0.28957877461496717153 0.35924942063473114251 0.21489834218688849687 0.00000000099999999998 0.12103892164814976373 
0.00000000099999999998 0.00000000099999999998 0.39088794714944241626 0.60911127706252388148 0.00000077178803373309 0.00000000099999999998 0.00000000099999999998 
0.00000000099999999974 0.00000000099999999974 0.00000000099999999974 0.00000000099999999974 0.00000000099999999974 0.99999999399999994765 0.00000000099999999974 
0.00000000099999999970 0.00000000099999999970 0.00000000099999999970 0.00000000099999999970 0.00000000099999999970 0.99999999400000005867 0.00000000099999999970 
0.00000000099999999998 0.00000000099999999998 0.25010476941875148249 0.56397827549303514161 0.00000000099999999998 0.00000000099999999998 0.18591695108821340576 
0.00000000099999999994 0.00000000099999999994 0.00000000099999999994 0.99999999400000005867 0.00000000099999999994 0.00000000099999999994 0.00000000099999999994 
0.01183045671187873960 0.00000000099999999998 0.26348878181381496510 0.34896777999414529958 0.25723135013551629013 0.00000000099999999998 0.11848162934464476215 
0.94835264638125549297 0.00000000099999999995 0.05164734861874467620 0.00000000099999999995 0.00000000099999999995 0.00000000099999999995 0.00000000099999999995 
0.16995951522403157652 0.00000000099999999991 0.47589220612350680017 0.00000000099999999991 0.00000000099999999991 0.35414827465246162541 0.00000000099999999991 
0.00000000099999999998 0.00000000099999999998 0.00243592393964458826 0.62786721089358410453 0.36931274868689184521 0.00000000099999999998 0.00038411347987951010 
0.00000000099999999969 0.99999999400000016969 0.00000000099999999969 0.00000000099999999969 0.00000000099999999969 0.00000000099999999969 0.00000000099999999969 
0.00000000099999999962 0.99999999400000016969 0.00000000099999999962 0.00000000099999999962 0.00000000099999999962 0.00000000099999999962 0.00000000099999999962 
0.00000000099999999962 0.99999999400000005867 0.00000000099999999962 0.00000000099999999962 0.00000000099999999962 0.00000000099999999962 0.00000000099999999962 
0.00000000099999999975 0.00000000099999999975 0.00000000099999999975 0.00000000099999999975 0.00000000099999999975 0.99999999399999994765 0.00000000099999999975 
0.00000000099999999971 0.00000000099999999971 0.00000000099999999971 0.00000000099999999971 0.00000000099999999971 0.99999999400000005867 0.00000000099999999971 
0.00000000099999999998 0.00000000099999999998 0.29932965012178053277 0.24498786612597844847 0.35003719345718103950 0.00000000099999999998 0.10564528729506005023 
0.99999999400000005867 0.00000000099999999997 0.00000000099999999997 0.00000000099999999997 0.00000000099999999997 0.00000000099999999997 0.00000000099999999997 
0.00000000099999999973 0.00000000099999999973 0.00000000099999999973 0.00000000099999999973 0.00000000099999999973 0.99999999400000005867 0.00000000099999999973 
0.00000000099999999995 0.00000000099999999995 0.00000000099999999995 0.00000000099999999995 0.99999999400000005867 0.00000000099999999995 0.00000000099999999995 
0.99999999400000005867 0.00000000099999999994 0.00000000099999999994 0.00000000099999999994 0.00000000099999999994 0.00000000099999999994 0.00000000099999999994 
0.00000000099999999976 0.00000000099999999976 0.00000000099999999976 0.00000000099999999976 0.00000000099999999976 0.99999999399999994765 0.00000000099999999976 
0.00892360990863089176 0.00000000099999999999 0.24962554463374969638 0.47792500210400562510 0.25755740505796426154 0.00596843629564939443 0.00000000099999999999 
0.00000000099999999973 0.00000000099999999973 0.00000000099999999973 0.00000000099999999973 0.00000000099999999973 0.99999999399999994765 0.00000000099999999973 
0.99999999400000016969 0.00000000099999999995 0.00000000099999999995 0.00000000099999999995 0.00000000099999999995 0.00000000099999999995 0.00000000099999999995 
0.99999999400000016969 0.00000000099999999992 0.00000000099999999992 0.00000000099999999992 0.00000000099999999992 0.00000000099999999992 0.00000000099999999992 
0.00000000099999999970 0.00000000099999999970 0.00000000099999999970 0.00000000099999999970 0.00000000099999999970 0.99999999399999994765 0.00000000099999999970 
0.00000000099999999972 0.00000000099999999972 0.00000000099999999972 0.00000000099999999972 0.00000000099999999972 0.99999999399999994765 0.00000000099999999972 
0.99999999400000005867 0.00000000099999999996 0.00000000099999999996 0.00000000099999999996 0.00000000099999999996 0.00000000099999999996 0.00000000099999999996 
0.99999999400000005867 0.00000000099999999996 0.00000000099999999996 0.00000000099999999996 0.00000000099999999996 0.00000000099999999996 0.00000000099999999996 
0.99985207700368738948 0.00000000099999999996 0.00000000099999999996 0.00000000099999999996 0.00014791799631268341 0.00000000099999999996 0.00000000099999999996 
0.00000000099999999977 0.00000000099999999977 0.00000000099999999977 0.00000000099999999977 0.00000000099999999977 0.99999999400000005867 0.00000000099999999977 
0.03952270661808969521 0.00000000100000000000 0.25601754036980822749 0.37402507677026736177 0.27227337918684252349 0.01380514317163130875 0.04435615288336096362 
0.00000000099999999995 0.00000000099999999995 0.00000000099999999995 0.00000000099999999995 0.99999999400000005867 0.00000000099999999995 0.00000000099999999995 
0.00000000099999999993 0.00000000099999999993 0.00000000099999999993 0.00000000099999999993 0.99999999400000005867 0.00000000099999999993 0.00000000099999999993 
0.00450311216790336751 0.00000000099999999999 0.17178649579224003485 0.29168800526798671635 0.49958904003247162073 0.00000001882108345763 0.03243332691831479070 
0.99999999400000016969 0.00000000099999999994 0.00000000099999999994 0.00000000099999999994 0.00000000099999999994 0.00000000099999999994 0.00000000099999999994 
0.00000000099999999996 0.00000000099999999996 0.00000000099999999996 0.99999999399999994765 0.00000000099999999996 0.00000000099999999996 0.00000000099999999996 
0.00000000099999999967 0.99999999400000016969 0.00000000099999999967 0.00000000099999999967 0.00000000099999999967 0.00000000099999999967 0.00000000099999999967 
0.00000000099999999992 0.00000000099999999992 0.00000000099999999992 0.00000000099999999992 0.99999999400000005867 0.00000000099999999992 0.00000000099999999992 
0.00000000099999999968 0.99999999400000005867 0.00000000099999999968 0.00000000099999999968 0.00000000099999999968 0.00000000099999999968 0.00000000099999999968 
0.03301765354958265120 0.00000000099999999999 0.23628310508761490860 0.42275949189609751677 0.25877500586854657039 0.00000000099999999999 0.04916474159815834716 
0.00000000099999999969 0.99999999400000005867 0.00000000099999999969 0.00000000099999999969 0.00000000099999999969 0.00000000099999999969 0.00000000099999999969 
0.00000000099999999998 0.00000000099999999998 0.16855506412877827027 0.45500016565630369003 0.20334247709804442739 0.00000000099999999998 0.17310229011687375267 
0.00000000099999999994 0.00000000099999999994 0.99999999399999994765 0.00000000099999999994 0.00000000099999999994 0.00000000099999999994 0.00000000099999999994 
0.99999999400000016969 0.00000000099999999993 0.00000000099999999993 0.00000000099999999993 0.00000000099999999993 0.00000000099999999993 0.00000000099999999993 
0.00000000099999999997 0.00000000099999999997 0.24984795215145966241 0.44463324022532546564 0.23087495755187886770 0.00000000099999999997 0.07464384707133615848 
0.00000000099999999969 0.99999999400000005867 0.00000000099999999969 0.00000000099999999969 0.00000000099999999969 0.00000000099999999969 0.00000000099999999969 
0.00000000099999999971 0.99999999400000005867 0.00000000099999999971 0.00000000099999999971 0.00000000099999999971 0.00000000099999999971 0.00000000099999999971 
0.07875982707969896024 0.00000000099999999999 0.18978658676820572837 0.20589692816014421028 0.47092278828275624392 0.00715162951235721270 0.04748223919683773608 
0.99999999400000016969 0.00000000099999999994 0.00000000099999999994 0.00000000099999999994 0.00000000099999999994 0.00000000099999999994 0.00000000099999999994 
0.00000000099999999978 0.00000000099999999978 0.00000000099999999978 0.00000000099999999978 0.00000000099999999978 0.99999999399999994765 0.00000000099999999978 
0.99999999400000005867 0.00000000099999999994 0.00000000099999999994 0.00000000099999999994 0.00000000099999999994 0.00000000099999999994 0.00000000099999999994 
0.02294343731958860960 0.00000000099999999999 0.13685874265355810198 0.33265048985670175874 0.29196036067043257267 0.00000000099999999999 0.21558696749971917317 
0.00000000099999999965 0.99999999400000005867 0.00000000099999999965 0.00000000099999999965 0.00000000099999999965 0.00000000099999999965 0.00000000099999999965 
0.00000000099999999967 0.00000000099999999967 0.00000000099999999967 0.00000000099999999967 0.00000000099999999967 0.99999999399999994765 0.00000000099999999967 
0.00000000099999999973 0.99999999400000016969 0.00000000099999999973 0.00000000099999999973 0.00000000099999999973 0.00000000099999999973 0.00000000099999999973 
0.00000000099999999999 0.00000000099999999999 0.37968410355104642573 0.00000000099999999999 0.61287005406413685993 0.00744583838481656553 0.00000000099999999999 
0.99999999400000005867 0.00000000099999999992 0.00000000099999999992 0.00000000099999999992 0.00000000099999999992 0.00000000099999999992 0.00000000099999999992 
0.99999999400000005867 0.00000000099999999994 0.00000000099999999994 0.00000000099999999994 0.00000000099999999994 0.00000000099999999994 0.00000000099999999994 
0.22179494784943082353 0.00000000099999999999 0.25837553309231359178 0.26315278065366676241 0.16798631363579741294 0.00000000099999999999 0.08869042276879149367 
0.00000000688166608982 0.00000000099999999999 0.31248152974752474442 0.22381092719139950020 0.42424009912741028616 0.01990447784342583640 0.01956295820857365322 
0.00000000099999999998 0.00000000099999999998 0.00000000099999999998 0.50959418305504189384 0.49040580234624331357 0.00000000099999999998 0.00000001059871469272 
0.01047207148361938879 0.00000000099999999998 0.32825717716667451862 0.33973056919560717937 0.25122893014709685167 0.00000000099999999998 0.07031125000700218231 
0.00000000099999999999 0.00000000099999999999 0.24397996112136197122 0.42066200073294995887 0.33535802656690488766 0.00000000099999999999 0.00000000857878306154 
0.00000000099999999997 0.00000000099999999997 0.16044941701229803455 0.52170049057251699498 0.31785008841518497258 0.00000000099999999997 0.00000000099999999997 
0.00368831593851695529 0.00000000099999999998 0.28613626767646049842 0.28889475153084687165 0.42128066185417561984 0.00000000099999999998 0.00000000099999999998 
0.00000000099999999994 0.00000000099999999994 0.99999999399999994765 0.00000000099999999994 0.00000000099999999994 0.00000000099999999994 0.00000000099999999994 
0.03187917806358753908 0.00000000099999999999 0.15694906794810650763 0.52744950160593528921 0.28372224938237072811 0.00000000099999999999 0.00000000099999999999 
0.99999999400000005867 0.00000000099999999995 0.00000000099999999995 0.00000000099999999995 0.00000000099999999995 0.00000000099999999995 0.00000000099999999995 
0.98785552560581724180 0.00000000099999999998 0.00000000099999999998 0.00000000099999999998 0.01214446939418292910 0.00000000099999999998 0.00000000099999999998 
0.00000000099999999981 0.99999999400000016969 0.00000000099999999981 0.00000000099999999981 0.00000000099999999981 0.00000000099999999981 0.00000000099999999981 
0.99999999400000016969 0.00000000099999999997 0.00000000099999999997 0.00000000099999999997 0.00000000099999999997 0.00000000099999999997 0.00000000099999999997 
0.98115520302686920484 0.00000000099999999997 0.00000000099999999997 0.00000000099999999997 0.01884479197313094351 0.00000000099999999997 0.00000000099999999997 
0.01266652875751997365 0.00000000099999999999 0.17724043815465817531 0.42392239537904685687 0.27429715191174858235 0.00118688792294963769 0.11068659687407660097 
0.00000000099999999961 0.99999999400000005867 0.00000000099999999961 0.00000000099999999961 0.00000000099999999961 0.00000000099999999961 0.00000000099999999961 
0.00000000099999999999 0.00000000099999999999 0.17321119235495793798 0.32836774067757162898 0.38271608373526944114 0.00000000099999999999 0.11570498023220096573 
0.00470430936069050551 0.00000000099999999999 0.29101834855351221831 0.35007995394303431658 0.24749202654688848280 0.00010570437894049941 0.10659965621693405502 
0.00000000100000000000 0.00000000100000000000 0.24382606561288969194 0.49239759610382277666 0.25295361765711049662 0.00858007040555489910 0.00224264822062228853 
0.02008386215741408617 0.00000000100000000000 0.18950380314414022598 0.47411591290875121363 0.28197177712849269549 0.00135580323522115987 0.03296884042598072911 
0.00000000099999999996 0.00000000099999999996 0.37644706807923095093 0.00000000099999999996 0.62355292692076902394 0.00000000099999999996 0.00000000099999999996 
0.00000000099999999993 0.00000000099999999993 0.99999999400000005867 0.00000000099999999993 0.00000000099999999993 0.00000000099999999993 0.00000000099999999993 
0.00000000099999999998 0.00000000099999999998 0.00000000462686154297 0.42428724186414107367 0.57571274950899742340 0.00000000099999999998 0.00000000099999999998 
0.00000000099999999994 0.00000000099999999994 0.00000000099999999994 0.00000000099999999994 0.99999999399999994765 0.00000000099999999994 0.00000000099999999994 
0.00802959890404897174 0.00000074331481398246 0.18401633353588892072 0.46229207472864480843 0.27221848124622005649 0.02965407243881846427 0.04378869583156491663 
0.00000000099999999999 0.00000000099999999999 0.21784118592683182625 0.34275821330743760917 0.37177818587824457142 0.00819543192957085040 0.05942698095791505708 
0.00000000099999999996 0.00000000099999999996 0.00000000099999999996 0.58125942157973786717 0.41874057342026210771 0.00000000099999999996 0.00000000099999999996 
0.00000000099999999999 0.00000000099999999999 0.31443089710313215646 0.00000000099999999999 0.55659319469543810932 0.01403301605765313285 0.11494288914377659427 
0.00000000099999999998 0.00000000099999999998 0.20543995912922519143 0.37138794612021108765 0.37694106450503078731 0.00763309271566924019 0.03859793552986372916 
0.00000000099999999998 0.00000000099999999998 0.47665180582332306036 0.52334818917667680349 0.00000000099999999998 0.00000000099999999998 0.00000000099999999998 
0.00000000099999999993 0.00000000099999999993 0.99999999400000005867 0.00000000099999999993 0.00000000099999999993 0.00000000099999999993 0.00000000099999999993 
0.02780372354286518230 0.00000000099999999998 0.30941432446999739270 0.32422933650846036402 0.33855261247867712848 0.00000000099999999998 0.00000000099999999998 
0.00004127050572987597 0.00000000099999999999 0.29276358347994674292 0.27947477183978086668 0.30551118876972110927 0.00000316045106004459 0.12220602395376141402 
0.03673930080017065447 0.00000000099999999999 0.17208996637973381083 0.40545749382136675454 0.38210794075699394678 0.00000000099999999999 0.00360529624173482706 
0.00000000099999999998 0.00000000099999999998 0.30209233868984797233 0.56273301581969503715 0.00000000099999999998 0.00000000099999999998 0.13517464149045702038 
0.01773918992824145141 0.00000000099999999999 0.22050469126540758746 0.41051085222454697377 0.28390129448306894444 0.00000000099999999999 0.06734397009873512030 
0.01508600758487376597 0.06740142214053923553 0.19630683714372793025 0.36176952989700900121 0.29193556630472594637 0.00237440573837896822 0.06512623119074525957 
0.00000000099999999998 0.00000000099999999998 0.32794594610479749219 0.20873298767977069290 0.37962106218026442361 0.00000000099999999998 0.08370000103516737899 
0.00884958868067810267 0.00000000099999999998 0.32617344245330304187 0.33516509652690151810 0.29272670525880900572 0.00000000099999999998 0.03708516508030830494 
0.00000205476214220335 0.00000000099999999997 0.29699755200140515177 0.63081811398617582132 0.00000000099999999997 0.00000000099999999997 0.07218227625027695549 
0.00000000099999999999 0.00000000099999999999 0.26130705233539758270 0.44239819981129591131 0.26448939740711363555 0.01331591810591057669 0.01848943034028234511 
0.00465501105402654249 0.00000000099999999998 0.25852632125661006990 0.45634416496734264701 0.27975947654308075396 0.00000000099999999998 0.00071502417894012409 
0.00000000099999999999 0.00000000099999999999 0.45481178415048428842 0.44096266093026631472 0.00000000099999999999 0.00000000099999999999 0.10422555091924934345 
0.00519876742649245157 0.00000000099999999999 0.22196930840550160857 0.35710131414496149027 0.36337849821150369767 0.00776856590611390251 0.04458354490542695142 
0.00000000099999999998 0.00000000099999999998 0.16662662849619133687 0.46111112832316836219 0.24425696571822011482 0.00000000099999999998 0.12800527446242027096 
0.00000000099999999994 0.00000000099999999994 0.00000000099999999994 0.99999999399999994765 0.00000000099999999994 0.00000000099999999994 0.00000000099999999994 
0.99999999400000005867 0.00000000099999999994 0.00000000099999999994 0.00000000099999999994 0.00000000099999999994 0.00000000099999999994 0.00000000099999999994 
0.99061754486387354479 0.00000000099999999997 0.00000000099999999997 0.00938245013612650641 0.00000000099999999997 0.00000000099999999997 0.00000000099999999997 
0.00000000099999999975 0.99999999400000016969 0.00000000099999999975 0.00000000099999999975 0.00000000099999999975 0.00000000099999999975 0.00000000099999999975 
0.00000000099999999969 0.00000000099999999969 0.00000000099999999969 0.00000000099999999969 0.00000000099999999969 0.99999999399999994765 0.00000000099999999969 
0.89901754111705911576 0.00000000099999999999 0.00000000099999999999 0.00000000099999999999 0.02739027704071026609 0.03614705287543611839 0.03744512596679450134 
0.00365970319188874734 0.00000000099999999998 0.33267319843403592161 0.30513283819160652577 0.35306281509017334308 0.00000000099999999998 0.00547144309229568356 
0.00000000099999999994 0.00000000099999999994 0.00000000099999999994 0.00000000099999999994 0.99999999399999994765 0.00000000099999999994 0.00000000099999999994 
0.94907882473508475840 0.00000000099999999997 0.00000000099999999997 0.00000000099999999997 0.00000000099999999997 0.00000000099999999997 0.05092117026491536913 
0.01084201690960186724 0.00000000099999999999 0.18799200485589467879 0.36600215565333193979 0.43347808290540068565 0.00000000099999999999 0.00168573767577084518 
0.00000000099999999998 0.00000000099999999998 0.32482182222936123450 0.31644356946996987645 0.28972087077410668687 0.00871867825608736192 0.06029505727047477365 
0.00000000099999999999 0.00000000099999999999 0.16465953653600320927 0.52125380514797847731 0.24684674561493233358 0.00000000099999999999 0.06723990970108602305 
0.00000000099999999966 0.99999999400000016969 0.00000000099999999966 0.00000000099999999966 0.00000000099999999966 0.00000000099999999966 0.00000000099999999966 
0.00000000099999999968 0.99999999400000016969 0.00000000099999999968 0.00000000099999999968 0.00000000099999999968 0.00000000099999999968 0.00000000099999999968 
0.00000000099999999962 0.99999999400000016969 0.00000000099999999962 0.00000000099999999962 0.00000000099999999962 0.00000000099999999962 0.00000000099999999962 
0.00000000099999999963 0.99999999400000016969 0.00000000099999999963 0.00000000099999999963 0.00000000099999999963 0.00000000099999999963 0.00000000099999999963 
0.00000000099999999964 0.99999999400000016969 0.00000000099999999964 0.00000000099999999964 0.00000000099999999964 0.00000000099999999964 0.00000000099999999964 
0.99999999400000016969 0.00000000099999999997 0.00000000099999999997 0.00000000099999999997 0.00000000099999999997 0.00000000099999999997 0.00000000099999999997 
0.00000000100000000000 0.00000000100000000000 0.31456238413397408227 0.40823407234276160027 0.26839336469647462335 0.00880929822180999411 0.00000087860497963859 
0.00000000099999999963 0.99999999400000005867 0.00000000099999999963 0.00000000099999999963 0.00000000099999999963 0.00000000099999999963 0.00000000099999999963 
0.00000000099999999969 0.99999999400000005867 0.00000000099999999969 0.00000000099999999969 0.00000000099999999969 0.00000000099999999969 0.00000000099999999969 
0.00000000099999999967 0.00000000099999999967 0.00000000099999999967 0.00000000099999999967 0.00000000099999999967 0.99999999399999994765 0.00000000099999999967 
0.00000000099999999967 0.00000000099999999967 0.00000000099999999967 0.00000000099999999967 0.00000000099999999967 0.99999999399999994765 0.00000000099999999967 
0.00000000099999999998 0.00000000099999999998 0.19694192152241646321 0.35167620502755370104 0.32373295464145956934 0.00000000099999999998 0.12764891580857029574 
0.00000000099999999966 0.99999999400000016969 0.00000000099999999966 0.00000000099999999966 0.00000000099999999966 0.00000000099999999966 0.00000000099999999966 
0.00000000099999999998 0.00000000099999999998 0.35920338225463016579 0.00000000099999999998 0.64079659116098153238 0.00000000099999999998 0.00000002258438827308 
0.00000000099999999998 0.00000000099999999998 0.23656775254167392020 0.29075714440271233086 0.35666524443295105629 0.00000000099999999998 0.11600985562266276363 
0.93638348361117818008 0.00000000099999999997 0.00000000099999999997 0.00000000099999999997 0.00000000099999999997 0.00000000099999999997 0.06361651138882191969 
0.00004826948770257205 0.00000000099999999998 0.30224648362254724621 0.41676945297349127229 0.25662289081679257041 0.00000000099999999998 0.02431290109946649888 
0.99999999400000005867 0.00000000099999999992 0.00000000099999999992 0.00000000099999999992 0.00000000099999999992 0.00000000099999999992 0.00000000099999999992 
0.01069751849562067605 0.00000000099999999999 0.34940609405017097888 0.26101529495143305226 0.33515479605910453165 0.00000000099999999999 0.04372629444367071017 
0.99999999400000005867 0.00000000099999999994 0.00000000099999999994 0.00000000099999999994 0.00000000099999999994 0.00000000099999999994 0.00000000099999999994 
0.00000000099999999978 0.00000000099999999978 0.00000000099999999978 0.00000000099999999978 0.00000000099999999978 0.00000000099999999978 0.99999999399999994765 
0.00000000099999999999 0.00000000099999999999 0.17531963493945706967 0.44044588526374567339 0.26817382280157786578 0.00914124253849005197 0.10691941245672924310 
0.00000000099999999969 0.99999999400000016969 0.00000000099999999969 0.00000000099999999969 0.00000000099999999969 0.00000000099999999969 0.00000000099999999969 
0.99999999400000016969 0.00000000099999999994 0.00000000099999999994 0.00000000099999999994 0.00000000099999999994 0.00000000099999999994 0.00000000099999999994 
0.00000000099999999964 0.99999999400000016969 0.00000000099999999964 0.00000000099999999964 0.00000000099999999964 0.00000000099999999964 0.00000000099999999964 
0.00000000099999999963 0.99999999400000005867 0.00000000099999999963 0.00000000099999999963 0.00000000099999999963 0.00000000099999999963 0.00000000099999999963 
0.00090692699556417880 0.00000000099999999999 0.18016119779651629251 0.54504727738730462949 0.19659548465592541211 0.00000000099999999999 0.07728911116468940856 
0.01543691265723077383 0.00000000099999999998 0.32429664403075220136 0.33841874821128209438 0.23409600579942085874 0.00000000099999999998 0.08775168730131421846 
0.00000000099999999996 0.00000000099999999996 0.38588368094507863315 0.00000000099999999996 0.61411631405492128621 0.00000000099999999996 0.00000000099999999996 
0.00000000099999999998 0.00000000099999999998 0.34094283221051402410 0.63638487325575976428 0.02241767885241605432 0.00000000099999999998 0.00025461268131029164 
0.00000000099999999999 0.00000000099999999999 0.27360650278619425002 0.35720258786588221511 0.24992933638278458375 0.00499013058615910624 0.11427144037897993267 
0.00000000099999999993 0.00000000099999999993 0.99999999399999994765 0.00000000099999999993 0.00000000099999999993 0.00000000099999999993 0.00000000099999999993 
0.00000000099999999993 0.00000000099999999993 0.00000000099999999993 0.00000000099999999993 0.99999999399999994765 0.00000000099999999993 0.00000000099999999993 
0.96000913871517534748 0.00000000099999999997 0.00000000099999999997 0.00000000099999999997 0.00000000099999999997 0.00000000099999999997 0.03999085628482468985 
0.00000000099999999995 0.00000000099999999995 0.00000000099999999995 0.99999999400000005867 0.00000000099999999995 0.00000000099999999995 0.00000000099999999995 
0.00000000099999999963 0.99999999400000016969 0.00000000099999999963 0.00000000099999999963 0.00000000099999999963 0.00000000099999999963 0.00000000099999999963 
0.00000000099999999999 0.00000000099999999999 0.12874019691972787838 0.46072897878003110650 0.41053082030024112825 0.00000000099999999999 0.00000000099999999999 
0.00000000099999999989 0.99999999400000005867 0.00000000099999999989 0.00000000099999999989 0.00000000099999999989 0.00000000099999999989 0.00000000099999999989 
0.00000000099999999968 0.99999999400000005867 0.00000000099999999968 0.00000000099999999968 0.00000000099999999968 0.00000000099999999968 0.00000000099999999968 
0.01178594148131675672 0.00000000099999999998 0.14313218363904597896 0.36485306480723478373 0.36699919113266976645 0.00000000099999999998 0.11322961693973274122 
0.00000000099999999999 0.00000000099999999999 0.22177373208504080893 0.32389391097609998571 0.45083247242868584870 0.00349988151017319518 0.00000000099999999999 
0.01015927391275718572 0.00000000099999999999 0.00000000320558694466 0.53385768494936181039 0.45598303493229408456 0.00000000099999999999 0.00000000099999999999 
0.00000000099999999972 0.99999999400000016969 0.00000000099999999972 0.00000000099999999972 0.00000000099999999972 0.00000000099999999972 0.00000000099999999972 
0.99999999400000005867 0.00000000099999999994 0.00000000099999999994 0.00000000099999999994 0.00000000099999999994 0.00000000099999999994 0.00000000099999999994 
0.99999999400000005867 0.00000000099999999994 0.00000000099999999994 0.00000000099999999994 0.00000000099999999994 0.00000000099999999994 0.00000000099999999994 
0.00000000099999999968 0.99999999400000016969 0.00000000099999999968 0.00000000099999999968 0.00000000099999999968 0.00000000099999999968 0.00000000099999999968 
0.00000000099999999996 0.00000000099999999996 0.00000000099999999996 0.99999999399999994765 0.00000000099999999996 0.00000000099999999996 0.00000000099999999996 
0.03295407786029229402 0.00000000099999999999 0.28556319088290182950 0.67169116699071229615 0.00000000099999999999 0.00377691493594650663 0.00601464733014702314 
0.00000000099999999970 0.99999999400000005867 0.00000000099999999970 0.00000000099999999970 0.00000000099999999970 0.00000000099999999970 0.00000000099999999970 
0.00000000099999999993 0.00000000099999999993 0.99999999399999994765 0.00000000099999999993 0.00000000099999999993 0.00000000099999999993 0.00000000099999999993 
0.99999999400000005867 0.00000000099999999992 0.00000000099999999992 0.00000000099999999992 0.00000000099999999992 0.00000000099999999992 0.00000000099999999992 
0.00000000099999999982 0.00000000099999999982 0.00000000099999999982 0.00000000099999999982 0.00000000099999999982 0.00000000099999999982 0.99999999399999994765 
0.02311977272567997815 0.00000000099999999999 0.16355032813368480804 0.51753892895373154737 0.24101008101743606749 0.00000000099999999999 0.05478088716946753062 
0.00000000099999999994 0.00000000099999999994 0.00000000099999999994 0.99999999400000005867 0.00000000099999999994 0.00000000099999999994 0.00000000099999999994 
0.00000000099999999994 0.00000000099999999994 0.00000000099999999994 0.99999999399999994765 0.00000000099999999994 0.00000000099999999994 0.00000000099999999994 
0.00000000099999999998 0.00000000099999999998 0.26796109114641175619 0.26537398803277328918 0.45756551122969174594 0.00909940659112329006 0.00000000099999999998 
0.00000000099999999998 0.00000000099999999998 0.43360292036352338085 0.56639707463647659402 0.00000000099999999998 0.00000000099999999998 0.00000000099999999998 
0.00000000099999999999 0.00000000099999999999 0.20215969210714596072 0.25303341687695962703 0.47600425400715390412 0.00000000099999999999 0.06880263400874053747 
0.00000000099999999991 0.00000000099999999991 0.99999999400000005867 0.00000000099999999991 0.00000000099999999991 0.00000000099999999991 0.00000000099999999991 
0.00000000099999999978 0.00000000099999999978 0.00000000099999999978 0.00000000099999999978 0.00000000099999999978 0.00000000099999999978 0.99999999400000005867 
0.99999999400000005867 0.00000000099999999996 0.00000000099999999996 0.00000000099999999996 0.00000000099999999996 0.00000000099999999996 0.00000000099999999996 
0.00000000099999999998 0.00000000099999999998 0.37776357977283164802 0.00000000099999999998 0.62223641522716821584 0.00000000099999999998 0.00000000099999999998 
0.00000000099999999995 0.00000000099999999995 0.00000000099999999995 0.63114412516190931957 0.00000000099999999995 0.00000000099999999995 0.36885586983809054429 
0.03741197550863187976 0.00000000099999999999 0.19382165074912541258 0.36151702011230624212 0.36510738776091022917 0.00000000099999999999 0.04214196386902629293 
0.00597186694171350941 0.00000000099999999998 0.22547268695322278398 0.33181486859168607406 0.43674057451337755520 0.00000000099999999998 0.00000000099999999998 
0.01805296085599811945 0.00000000099999999998 0.00000000099999999998 0.47599892715907560214 0.50594810798492628745 0.00000000099999999998 0.00000000099999999998 
0.00000000099999999997 0.00000000099999999997 0.00000000099999999997 0.41497303465652296550 0.47709381092012559389 0.00000000099999999997 0.10793315042335147047 
0.00000064025309197942 0.00000000099999999999 0.21706509003983037731 0.27171495193440697857 0.43652300968090629318 0.00000000099999999999 0.07469630609176446112 
0.98283844115304919153 0.00000000099999999997 0.01716155384695079722 0.00000000099999999997 0.00000000099999999997 0.00000000099999999997 0.00000000099999999997 
0.00000000099999999978 0.00000000099999999978 0.00000000099999999978 0.00000000099999999978 0.00000000099999999978 0.00000000099999999978 0.99999999399999994765 
0.00122416556860550398 0.00000000099999999999 0.14124137971818143122 0.44382525999350380674 0.33417245650847904326 0.00681890512337484343 0.07271783208785534414 
0.00469287952439953297 0.00748285392614265240 0.33132487627789336537 0.46475320696386185348 0.18793456372505631946 0.00122364936252576076 0.00258797022012063806 
0.99437587116223979944 0.00000000099999999997 0.00000000099999999997 0.00000000099999999997 0.00000000099999999997 0.00000000099999999997 0.00562412383776037233 
0.02098740915884562616 0.01772781553123253806 0.20082346510872331469 0.36732738432537326290 0.34607944091943243503 0.00000000100000000000 0.04705448395639287573 
0.00119675154592560791 0.00000000100000000000 0.41585141232383271426 0.32419258822168872669 0.25803091783380466273 0.00072816275265718752 0.00000016632209110613 
0.47098579184419692156 0.00000000099999999999 0.27553802178002267942 0.00000000099999999999 0.19878152996747844306 0.00328128885219680254 0.05141336555610512976 
0.01763757731814435958 0.00000000099999999997 0.22141842813911050136 0.43992164519668053302 0.32102234634606446884 0.00000000099999999997 0.00000000099999999997 
0.00000000099999999971 0.99999999400000016969 0.00000000099999999971 0.00000000099999999971 0.00000000099999999971 0.00000000099999999971 0.00000000099999999971 
0.00000000099999999999 0.00000000099999999999 0.44027093476098222435 0.00000000099999999999 0.40959627024136779916 0.00314956734794628055 0.14698322464970361989 
0.01787172765079237877 0.00000000099999999999 0.31631468654991073963 0.40528639626627799286 0.18378039985574265436 0.00000000099999999999 0.07674678767727638462 
