0.00000000099999999999 0.00000000099999999999 0.52335919883211001746 0.01655953628551000770 0.00101522799833440153 0.00000000099999999999 0.01700740296373619287 0.00000000099999999999 0.00093453976456521850 0.44112409015574416404 
0.00000000099999999992 0.99999999100000014352 0.00000000099999999992 0.00000000099999999992 0.00000000099999999992 0.00000000099999999992 0.00000000099999999992 0.00000000099999999992 0.00000000099999999992 0.00000000099999999992 
0.00000000099999999992 0.97050092988599268029 0.00000000099999999992 0.00000000099999999992 0.00000000099999999992 0.00000000099999999992 0.02949906211400742800 0.00000000099999999992 0.00000000099999999992 0.00000000099999999992 
0.00000000099999999998 0.02780586470308029842 0.28466439128777842882 0.00569339660671726918 0.00000000168464224245 0.00000000099999999998 0.00000000099999999998 0.00000000099999999998 0.34669483208006585118 0.33514150963771577318 
0.00000000099999999999 0.00000000099999999999 0.31248472895749862532 0.00067019878187325342 0.00000000099999999999 0.12580559307313482487 0.01017571795986161112 0.00000000099999999999 0.35489409598021876002 0.19596966124741305171 
0.00000000099999999991 0.00000000099999999991 0.99999999100000014352 0.00000000099999999991 0.00000000099999999991 0.00000000099999999991 0.00000000099999999991 0.00000000099999999991 0.00000000099999999991 0.00000000099999999991 
0.00000000099999999991 0.94664968234234814215 0.00000000099999999991 0.00000000099999999991 0.00000000099999999991 0.00000000099999999991 0.05335030965765194533 0.00000000099999999991 0.00000000099999999991 0.00000000099999999991 
0.00000000099999999989 0.99999999100000025454 0.00000000099999999989 0.00000000099999999989 0.00000000099999999989 0.00000000099999999989 0.00000000099999999989 0.00000000099999999989 0.00000000099999999989 0.00000000099999999989 
0.01361264384675372162 0.00000000099999999997 0.23146122494510443235 0.00000000099999999997 0.00000000099999999997 0.15864064900431376626 0.00000000099999999997 0.00000000099999999997 0.00000000099999999997 0.59628547620382787997 
0.00000000099999999993 0.99999999100000014352 0.00000000099999999993 0.00000000099999999993 0.00000000099999999993 0.00000000099999999993 0.00000000099999999993 0.00000000099999999993 0.00000000099999999993 0.00000000099999999993 
0.00000000099999999994 0.00000000099999999994 0.00000000099999999994 0.00000000099999999994 0.00000000099999999994 0.00000000099999999994 0.00000000099999999994 0.00000000099999999994 0.99999999100000003249 0.00000000099999999994 
0.00000000099999999998 0.00000000182122089566 0.49894723131759233237 0.00792486556944805264 0.09563077596862999685 0.02081963324756834488 0.00000000099999999998 0.00000000099999999998 0.37667748807554041202 0.00000000099999999998 
0.00000000099999999998 0.00000000099999999998 0.05035499573185455574 0.00000000099999999998 0.17235682853559469718 0.18605895982091871788 0.00744137263971976666 0.00000000099999999998 0.24591976572588661321 0.33786807354602560460 
0.00000000099999999999 0.00000000099999999999 0.43629962420510548515 0.01046302208100807762 0.25007492493706268144 0.05915598473879712244 0.02214532750807787775 0.00000000099999999999 0.22186111252994863974 0.00000000099999999999 
0.00000000099999999990 0.00000000099999999990 0.00000000099999999990 0.00000000099999999990 0.00000000099999999990 0.00000000099999999990 0.00000000099999999990 0.00000000099999999990 0.99999999099999992147 0.00000000099999999990 
0.00000003078955569388 0.04242300645522403824 0.27831191006553979150 0.02395589849026442952 0.12302237546809276225 0.08262972700883031152 0.03024006843144671358 0.00000000099999999999 0.17084773768705349695 0.24856924460399282273 
0.00000000099999999998 0.00000000099999999998 0.44580129890248049174 0.00000000099999999998 0.00000000099999999998 0.00000000099999999998 0.01493669136201558958 0.00000000099999999998 0.35453187012504638886 0.18473013361045739766 
0.00003355762155931602 0.00000000099999999999 0.28709504110127354037 0.00096515638056634775 0.07064715373414605371 0.07374167354888984394 0.01667070769219032231 0.00000079420481100282 0.19117863783401034539 0.35966727688255323292 
0.00923888376623081993 0.00000000099999999999 0.48688957311631980707 0.00000000099999999999 0.00015239513615568050 0.04823390356471660839 0.00196011698909152312 0.00000000099999999999 0.20921583210231900485 0.24430929232516657157 
0.00000000099999999997 0.00000000099999999997 0.00000004437879493426 0.00000000099999999997 0.00000000099999999997 0.00000000099999999997 0.00000000099999999997 0.00000000099999999997 0.66179398671749012362 0.33820596190371499112 
0.00000000099999999996 0.00000000099999999996 0.00000000099999999996 0.00000000099999999996 0.35226344673281040354 0.00000000099999999996 0.00000000099999999996 0.00000000099999999996 0.29984074596445259298 0.34789580030273675737 
0.00000000099999999992 0.94027999293600827979 0.00000000099999999992 0.00000000099999999992 0.00000000099999999992 0.00000000099999999992 0.05971999906399193259 0.00000000099999999992 0.00000000099999999992 0.00000000099999999992 
0.00000000099999999998 0.01086798578239070272 0.18286143538779153772 0.00000000099999999998 0.32223799336594477483 0.05661738497634714873 0.00577860849055688262 0.00000000099999999998 0.28291481986977978780 0.13872176912718925390 
0.00000000099999999952 0.00000000099999999952 0.00000000099999999952 0.00000000099999999952 0.00000000099999999952 0.99999999100000014352 0.00000000099999999952 0.00000000099999999952 0.00000000099999999952 0.00000000099999999952 
0.00000000099999999997 0.02224344265416640723 0.12585314388950777365 0.00000000099999999997 0.17300889242706599114 0.00637160479699421141 0.02553016549314080993 0.00000000099999999997 0.30256340045635138347 0.34442934728277341261 
0.00000000099999999996 0.00000000099999999996 0.38912293297185285290 0.00000000099999999996 0.00000000099999999996 0.00000000099999999996 0.00264638337840399475 0.00000000099999999996 0.60823067664974306279 0.00000000099999999996 
0.99999999100000025454 0.00000000099999999952 0.00000000099999999952 0.00000000099999999952 0.00000000099999999952 0.00000000099999999952 0.00000000099999999952 0.00000000099999999952 0.00000000099999999952 0.00000000099999999952 
0.00000000099999999946 0.00000000099999999946 0.00000000099999999946 0.99999999100000003249 0.00000000099999999946 0.00000000099999999946 0.00000000099999999946 0.00000000099999999946 0.00000000099999999946 0.00000000099999999946 
0.00000000099999999998 0.00000000099999999998 0.13153329712581710020 0.00000000099999999998 0.36860323892286678271 0.11600693166443494520 0.02372110260335557816 0.00000000099999999998 0.11126348554790077561 0.24887194013562480288 
0.00000000099999999974 0.00000000099999999974 0.00000000099999999974 0.00000000099999999974 0.00000000099999999974 0.99999999100000014352 0.00000000099999999974 0.00000000099999999974 0.00000000099999999974 0.00000000099999999974 
0.00000000099999999992 0.00000000099999999992 0.00000000099999999992 0.00000000099999999992 0.00000000099999999992 0.00000000099999999992 0.05078500951500247024 0.00000000099999999992 0.00000000099999999992 0.94921498248499747152 
0.00000000099999999985 0.83046196083917089847 0.00000000099999999985 0.00000000099999999985 0.00000000099999999985 0.16953803116082927227 0.00000000099999999985 0.00000000099999999985 0.00000000099999999985 0.00000000099999999985 
0.00000000099999999973 0.00000000099999999973 0.00000000099999999973 0.37449076600282521499 0.00000000099999999973 0.62550922599717484474 0.00000000099999999973 0.00000000099999999973 0.00000000099999999973 0.00000000099999999973 
0.00000000099999999998 0.00000000099999999998 0.24941917013902767386 0.00000000099999999998 0.15823441515320940676 0.00000000099999999998 0.00000000099999999998 0.00000000099999999998 0.20019654696196118038 0.39214986174580163114 
0.00000000099999999955 0.00000000099999999955 0.00000000099999999955 0.00000000099999999955 0.00000000099999999955 0.00000000099999999955 0.00000000099999999955 0.99999999100000003249 0.00000000099999999955 0.00000000099999999955 
0.00000000099999999944 0.00000000099999999944 0.00000000099999999944 0.00000000099999999944 0.00000000099999999944 0.00000000099999999944 0.00000000099999999944 0.99999999099999992147 0.00000000099999999944 0.00000000099999999944 
0.00000000099999999945 0.00000000099999999945 0.00000000099999999945 0.00000000099999999945 0.00000000099999999945 0.00000000099999999945 0.00000000099999999945 0.99999999099999992147 0.00000000099999999945 0.00000000099999999945 
0.99999999100000025454 0.00000000099999999954 0.00000000099999999954 0.00000000099999999954 0.00000000099999999954 0.00000000099999999954 0.00000000099999999954 0.00000000099999999954 0.00000000099999999954 0.00000000099999999954 
0.99999999100000014352 0.00000000099999999949 0.00000000099999999949 0.00000000099999999949 0.00000000099999999949 0.00000000099999999949 0.00000000099999999949 0.00000000099999999949 0.00000000099999999949 0.00000000099999999949 
0.00000000099999999990 0.00000000099999999990 0.00000000099999999990 0.00000000099999999990 0.00000000099999999990 0.00000000099999999990 0.00000000099999999990 0.00000000099999999990 0.99999999100000003249 0.00000000099999999990 
0.00000000099999999994 0.99653824718168437791 0.00000000099999999994 0.00000000099999999994 0.00000000099999999994 0.00000000099999999994 0.00000000099999999994 0.00000000099999999994 0.00000000099999999994 0.00346174481831592424 
0.00000000099999999948 0.00000000099999999948 0.00000000099999999948 0.99999999100000014352 0.00000000099999999948 0.00000000099999999948 0.00000000099999999948 0.00000000099999999948 0.00000000099999999948 0.00000000099999999948 
0.00000000099999999990 0.00000000099999999990 0.00000000099999999990 0.00000000099999999990 0.00000000099999999990 0.00000000099999999990 0.00000000099999999990 0.00000000099999999990 0.99999999099999992147 0.00000000099999999990 
0.00000000099999999992 0.99999999100000014352 0.00000000099999999992 0.00000000099999999992 0.00000000099999999992 0.00000000099999999992 0.00000000099999999992 0.00000000099999999992 0.00000000099999999992 0.00000000099999999992 
0.99999999100000014352 0.00000000099999999953 0.00000000099999999953 0.00000000099999999953 0.00000000099999999953 0.00000000099999999953 0.00000000099999999953 0.00000000099999999953 0.00000000099999999953 0.00000000099999999953 
0.00000000099999999998 0.00411102136752211373 0.32750827485156602803 0.00703340738592235070 0.08034132802333235346 0.05461130225337502975 0.00000000099999999998 0.00000000099999999998 0.33768560470269437523 0.18870905841558749394 
0.99999999100000014352 0.00000000099999999950 0.00000000099999999950 0.00000000099999999950 0.00000000099999999950 0.00000000099999999950 0.00000000099999999950 0.00000000099999999950 0.00000000099999999950 0.00000000099999999950 
0.00000000099999999992 0.97042635163732737791 0.00000000099999999992 0.00000000099999999992 0.00000000099999999992 0.00000000099999999992 0.02957364036267273386 0.00000000099999999992 0.00000000099999999992 0.00000000099999999992 
0.00000000099999999989 0.99999999100000014352 0.00000000099999999989 0.00000000099999999989 0.00000000099999999989 0.00000000099999999989 0.00000000099999999989 0.00000000099999999989 0.00000000099999999989 0.00000000099999999989 
0.99999999100000014352 0.00000000099999999944 0.00000000099999999944 0.00000000099999999944 0.00000000099999999944 0.00000000099999999944 0.00000000099999999944 0.00000000099999999944 0.00000000099999999944 0.00000000099999999944 
0.00000000099999999949 0.00000000099999999949 0.00000000099999999949 0.99999999100000014352 0.00000000099999999949 0.00000000099999999949 0.00000000099999999949 0.00000000099999999949 0.00000000099999999949 0.00000000099999999949 
0.00000000099999999994 0.99999999100000014352 0.00000000099999999994 0.00000000099999999994 0.00000000099999999994 0.00000000099999999994 0.00000000099999999994 0.00000000099999999994 0.00000000099999999994 0.00000000099999999994 
0.00000000099999999994 0.99999999100000014352 0.00000000099999999994 0.00000000099999999994 0.00000000099999999994 0.00000000099999999994 0.00000000099999999994 0.00000000099999999994 0.00000000099999999994 0.00000000099999999994 
0.00000000099999999994 0.98794274273120052943 0.01205724926879957193 0.00000000099999999994 0.00000000099999999994 0.00000000099999999994 0.00000000099999999994 0.00000000099999999994 0.00000000099999999994 0.00000000099999999994 
0.99999999100000025454 0.00000000099999999955 0.00000000099999999955 0.00000000099999999955 0.00000000099999999955 0.00000000099999999955 0.00000000099999999955 0.00000000099999999955 0.00000000099999999955 0.00000000099999999955 
0.01064055942685580847 0.02301169522481824950 0.26218184021557544572 0.00000000099999999998 0.42495629990882100024 0.05040788370425731968 0.00000000099999999998 0.00000000099999999998 0.22880171751967212646 0.00000000099999999998 
0.02643298323282300064 0.00000000099999999998 0.27851359545509390969 0.00000000099999999998 0.10597589254544458048 0.00000000099999999998 0.00000000099999999998 0.00000000099999999998 0.25891655354641296416 0.33016097022022550256 
0.00000000099999999987 0.00000000099999999987 0.00000000099999999987 0.00000000099999999987 0.00000000099999999987 0.00000000099999999987 0.00000000099999999987 0.00000000099999999987 0.99999999100000003249 0.00000000099999999987 
0.00000000099999999999 0.00106559157284340797 0.16893295024158561102 0.00000000099999999999 0.00297173673729553799 0.00000017913915113139 0.01948944510811224592 0.00000000099999999999 0.32850467632656793482 0.47903541787444420263 
0.00000000099999999991 0.99999999100000014352 0.00000000099999999991 0.00000000099999999991 0.00000000099999999991 0.00000000099999999991 0.00000000099999999991 0.00000000099999999991 0.00000000099999999991 0.00000000099999999991 
0.00000000099999999999 0.00000000099999999999 0.33213557010091393495 0.00011537273020186786 0.00000000099999999999 0.11629489703672910017 0.00000072420704686213 0.00000000099999999999 0.31424346820104076539 0.23720996372406735753 
0.00000000099999999952 0.00000000099999999952 0.00000000099999999952 0.00000000099999999952 0.00000000099999999952 0.00000000099999999952 0.00000000099999999952 0.99999999100000003249 0.00000000099999999952 0.00000000099999999952 
0.00000000099999999998 0.00000000099999999998 0.40936803995543441514 0.00110186980677416235 0.05984791730439963792 0.00000000099999999998 0.00652115217381063830 0.00000000099999999998 0.32888724950957143323 0.19427376725000955471 
0.00000000099999999953 0.00000000099999999953 0.00000000099999999953 0.00000000099999999953 0.00000000099999999953 0.00000000099999999953 0.00000000099999999953 0.99999999100000003249 0.00000000099999999953 0.00000000099999999953 
0.00000000099999999995 0.00000000099999999995 0.00000000099999999995 0.00000000099999999995 0.00000000099999999995 0.31454661058505833937 0.00222807351693157232 0.00000000099999999995 0.00000000099999999995 0.68322530889801003084 
0.00000000099999999954 0.00000000099999999954 0.00000000099999999954 0.00000000099999999954 0.00000000099999999954 0.00000000099999999954 0.00000000099999999954 0.99999999100000003249 0.00000000099999999954 0.00000000099999999954 
0.00000000099999999995 0.00000000099999999995 0.76737048136028029877 0.00000000099999999995 0.19663355038037999556 0.00000000099999999995 0.03599596125933970936 0.00000000099999999995 0.00000000099999999995 0.00000000099999999995 
0.00000000099999999999 0.00000000099999999999 0.64402498429242627243 0.00000000099999999999 0.00000000099999999999 0.10111228693083575136 0.00000000099999999999 0.00000000099999999999 0.25486272177673791051 0.00000000099999999999 
0.00000000099999999990 0.99999999100000025454 0.00000000099999999990 0.00000000099999999990 0.00000000099999999990 0.00000000099999999990 0.00000000099999999990 0.00000000099999999990 0.00000000099999999990 0.00000000099999999990 
0.00000000099999999995 0.00000000099999999995 0.00000000099999999995 0.00000000099999999995 0.16027163736837191088 0.00000000099999999995 0.01714037660676416205 0.00000000099999999995 0.35131739611147594360 0.47127058391338799703 
0.00000000099999999955 0.00000000099999999955 0.00000000099999999955 0.00000000099999999955 0.00000000099999999955 0.00000000099999999955 0.00000000099999999955 0.99999999100000003249 0.00000000099999999955 0.00000000099999999955 
0.00000000099999999957 0.00000000099999999957 0.00000000099999999957 0.00000000099999999957 0.00000000099999999957 0.00000000099999999957 0.00000000099999999957 0.99999999099999992147 0.00000000099999999957 0.00000000099999999957 
0.01174860541260681554 0.08676714635522199404 0.00000084828962153407 0.00000000099999999998 0.09412292895117033154 0.00000000099999999998 0.00000000099999999998 0.00000000099999999998 0.32486898568688399314 0.48249148130449526217 
0.00000000099999999990 0.99999999100000014352 0.00000000099999999990 0.00000000099999999990 0.00000000099999999990 0.00000000099999999990 0.00000000099999999990 0.00000000099999999990 0.00000000099999999990 0.00000000099999999990 
0.99999999100000014352 0.00000000099999999955 0.00000000099999999955 0.00000000099999999955 0.00000000099999999955 0.00000000099999999955 0.00000000099999999955 0.00000000099999999955 0.00000000099999999955 0.00000000099999999955 
0.00000000099999999992 0.99999999100000025454 0.00000000099999999992 0.00000000099999999992 0.00000000099999999992 0.00000000099999999992 0.00000000099999999992 0.00000000099999999992 0.00000000099999999992 0.00000000099999999992 
0.00000000099999999998 0.02230743055017966534 0.22902419540278115551 0.00000000099999999998 0.18835371093503375239 0.00000000099999999998 0.03350867928987466549 0.00000000099999999998 0.13456121418611782792 0.39224476563601295975 
0.00000000099999999949 0.00000000099999999949 0.00000000099999999949 0.00000000099999999949 0.00000000099999999949 0.00000000099999999949 0.00000000099999999949 0.99999999100000003249 0.00000000099999999949 0.00000000099999999949 
0.00000000099999999942 0.00000000099999999942 0.00000000099999999942 0.99999999100000014352 0.00000000099999999942 0.00000000099999999942 0.00000000099999999942 0.00000000099999999942 0.00000000099999999942 0.00000000099999999942 
0.00000000099999999959 0.00000000099999999959 0.00000000099999999959 0.00000000099999999959 0.00000000099999999959 0.00000000099999999959 0.00000000099999999959 0.99999999100000003249 0.00000000099999999959 0.00000000099999999959 
0.00000000099999999994 0.00000000099999999994 0.00000000099999999994 0.00000000099999999994 0.00000000099999999994 0.00000000099999999994 0.00000000099999999994 0.00000000099999999994 0.00000000099999999994 0.99999999099999992147 
0.00000000099999999989 0.99999999100000025454 0.00000000099999999989 0.00000000099999999989 0.00000000099999999989 0.00000000099999999989 0.00000000099999999989 0.00000000099999999989 0.00000000099999999989 0.00000000099999999989 
0.00000000099999999989 0.96192793185562064373 0.00000000099999999989 0.00000000099999999989 0.00000000099999999989 0.00000000099999999989 0.03807206014437950620 0.00000000099999999989 0.00000000099999999989 0.00000000099999999989 
0.00431486194333954680 0.22466809406014778827 0.06022801048236375160 0.00000000099999999998 0.20243810718148555483 0.05993949460453462663 0.00000000099999999998 0.00000000099999999998 0.44841142070373912754 0.00000000802438970675 
0.00575320635783051898 0.00000000099999999998 0.00000000099999999998 0.00000000099999999998 0.00000000099999999998 0.00000000099999999998 0.00000000099999999998 0.00000000099999999998 0.00000000099999999998 0.99424678564216939503 
0.00000000099999999996 0.00000000099999999996 0.00000000099999999996 0.00000000099999999996 0.00000000099999999996 0.00000000099999999996 0.00149413054483550503 0.00000000099999999996 0.53410751586493288023 0.46439834659023165875 
0.00000000099999999995 0.00767246791214929759 0.35744912207926393677 0.00000000099999999995 0.00000000099999999995 0.00000000099999999995 0.00782606793181725609 0.00000000099999999995 0.00000000099999999995 0.62705233607676924557 
0.00000000099999999998 0.00000000099999999998 0.00000000099999999998 0.00000000099999999998 0.07868077024301081690 0.10172374493656317906 0.00000000099999999998 0.00000000099999999998 0.31073064705599084956 0.50886483176443519927 
0.00000000099999999996 0.00000000099999999996 0.21132988362402929661 0.00000000099999999996 0.33342240046048837732 0.07345500922354307460 0.00000000099999999996 0.00000000099999999996 0.12394526250287271618 0.25784743918906649629 
0.00000000099999999997 0.00033827431506558788 0.32026591153684946800 0.00000000099999999997 0.14916416366949511452 0.00000000099999999997 0.00000000099999999997 0.00000000099999999997 0.33284121349800011025 0.19739043198058953132 
0.00000000099999999995 0.00000000099999999995 0.40445542716722565624 0.00000000099999999995 0.59554456483277440348 0.00000000099999999995 0.00000000099999999995 0.00000000099999999995 0.00000000099999999995 0.00000000099999999995 
0.00000000099999999997 0.03092614184158419197 0.00017174599404886384 0.00000000099999999997 0.00000000099999999997 0.02314725734068492913 0.00000000099999999997 0.00000000099999999997 0.42822232624339051643 0.51753252358029155911 
0.00000000099999999992 0.99999999100000014352 0.00000000099999999992 0.00000000099999999992 0.00000000099999999992 0.00000000099999999992 0.00000000099999999992 0.00000000099999999992 0.00000000099999999992 0.00000000099999999992 
0.00000000099999999996 0.98435902682317621970 0.00000000099999999996 0.00000000099999999996 0.00000001945690190312 0.00000000099999999996 0.00000000099999999996 0.00000000099999999996 0.01564094671992192348 0.00000000099999999996 
0.00000000099999999973 0.00000000099999999973 0.00000000099999999973 0.00000000099999999973 0.00000000099999999973 0.00000000099999999973 0.00000000099999999973 0.99999999099999992147 0.00000000099999999973 0.00000000099999999973 
0.00000000099999999996 0.99999999100000025454 0.00000000099999999996 0.00000000099999999996 0.00000000099999999996 0.00000000099999999996 0.00000000099999999996 0.00000000099999999996 0.00000000099999999996 0.00000000099999999996 
0.00000000099999999997 0.99956179379883025593 0.00043819097558973387 0.00000000099999999997 0.00000000822558007691 0.00000000099999999997 0.00000000099999999997 0.00000000099999999997 0.00000000099999999997 0.00000000099999999997 
0.00000000099999999999 0.01411059992711024592 0.28831405712905655570 0.00355305119420554552 0.27802299706622707332 0.00000000099999999999 0.00605865653959228659 0.00000000099999999999 0.18022384077251138446 0.22971679437129693957 
0.00000000099999999943 0.00000000099999999943 0.00000000099999999943 0.00000000099999999943 0.00000000099999999943 0.00000000099999999943 0.00000000099999999943 0.99999999100000003249 0.00000000099999999943 0.00000000099999999943 
0.00000000099999999992 0.00000000099999999992 0.00000000099999999992 0.00000000099999999992 0.00000000099999999992 0.00000000099999999992 0.00000000099999999992 0.00000000099999999992 0.00000000099999999992 0.99999999099999992147 
0.00000000099999999992 0.00000000099999999992 0.00000000099999999992 0.00000000099999999992 0.00000000099999999992 0.00000000099999999992 0.00000000099999999992 0.00000000099999999992 0.00000000099999999992 0.99999999100000003249 
0.00000087702102331682 0.00000000099999999999 0.46485515919036829446 0.00352327821264935247 0.07431854317815712874 0.04152677893533070902 0.01051229561850735260 0.00000000099999999999 0.15388859426025772170 0.25137447158370634925 
0.00000000099999999999 0.00806043913499263943 0.33821981935015710263 0.00000000099999999999 0.15714303633207751809 0.12580833177720213145 0.01755732626752247449 0.00000000099999999999 0.04083969130749295906 0.31237135283055511570 
0.00000000099999999996 0.00000000099999999996 0.39916596084183075810 0.00000000099999999996 0.00000307517857203882 0.00000000943850173876 0.00000000099999999996 0.00000000099999999996 0.60083094854109542204 0.00000000099999999996 
0.00000000099999999996 0.02517489435298121692 0.00000000099999999996 0.00000000099999999996 0.00000000099999999996 0.04793979557991780160 0.00000000099999999996 0.00000000099999999996 0.49624136404648166998 0.43064394002061928690 
0.00000000099999999999 0.00000000099999999999 0.60840271808127788233 0.00000000099999999999 0.09749227803501576972 0.00000000099999999999 0.00078767925543097726 0.00000000099999999999 0.00000000099999999999 0.29331731862827548074 
0.00000000099999999993 0.00000000099999999993 0.00000000099999999993 0.00000000099999999993 0.00000000099999999993 0.00000000099999999993 0.00000000099999999993 0.00000000099999999993 0.99999999100000003249 0.00000000099999999993 
0.00002067168714754354 0.00812061972887520404 0.35168339043244839504 0.02715049180734855488 0.00000000100000000000 0.04177461594588149224 0.00616580628308884948 0.00000000100000000000 0.30182420873560000807 0.26326019337960976374 
0.00000000099999999992 0.00000000099999999992 0.00000000099999999992 0.00000000099999999992 0.00000000099999999992 0.00000000099999999992 0.00000000099999999992 0.00000000099999999992 0.00000000099999999992 0.99999999100000003249 
0.00000000099999999993 0.00000000099999999993 0.58494808770534356679 0.00000000099999999993 0.00000000099999999993 0.00000000099999999993 0.00000000099999999993 0.00000000099999999993 0.41505190429465643742 0.00000000099999999993 
0.00000000099999999994 0.00000000099999999994 0.99999999100000003249 0.00000000099999999994 0.00000000099999999994 0.00000000099999999994 0.00000000099999999994 0.00000000099999999994 0.00000000099999999994 0.00000000099999999994 
0.00000000099999999997 0.00000000099999999997 0.29349323644125940858 0.00501260521729394917 0.41113180411340549680 0.00000000099999999997 0.00923712581062808950 0.00000000099999999997 0.28112522341741313925 0.00000000099999999997 
0.00000000099999999997 0.00000000099999999997 0.00000000185184371547 0.00000000099999999997 0.45846721362657821830 0.00000000099999999997 0.00000000099999999997 0.00000000099999999997 0.00000000099999999997 0.54153277752157791269 
0.00000000099999999995 0.00000000099999999995 0.00000000099999999995 0.00000000099999999995 0.48782968650137847888 0.00000727200978712184 0.00000000099999999995 0.00000000099999999995 0.00000000099999999995 0.51216303448883426785 
0.00000000099999999996 0.00784222199190821000 0.44309363223473208215 0.00000000099999999996 0.00000000099999999996 0.17497689148634845702 0.00000000099999999996 0.00000000099999999996 0.25207857368438668644 0.12200867560262454448 
0.00000000099999999997 0.00000000099999999997 0.61413153506131046289 0.00000000099999999997 0.36283593619848830691 0.00000000099999999997 0.02303252174020132756 0.00000000099999999997 0.00000000099999999997 0.00000000099999999997 
0.00000000099999999998 0.03036640398346253031 0.41095315869285592436 0.00000000099999999998 0.16888595436472153555 0.00000000286029799720 0.00000000099999999998 0.00000000099999999998 0.21562857374511781861 0.17416590235354431626 
0.00000000099999999997 0.00000000099999999997 0.11397721320623598051 0.00000000099999999997 0.38263683259187536434 0.09985322244915845191 0.00000000099999999997 0.00000000099999999997 0.40353272575273030354 0.00000000099999999997 
0.00000000099999999997 0.01473379882691258809 0.00000000099999999997 0.00000000099999999997 0.00000000099999999997 0.00000000099999999997 0.00026849333374175138 0.00000000099999999997 0.43774553311039510195 0.54725216872895066089 
0.00399161169550232668 0.00259449975053100291 0.28134703813975242559 0.00000000100000000000 0.17096501014053488987 0.11912475220229205852 0.00000000100000000000 0.06700470461881305462 0.06729198533545467653 0.28768039611711943015 
0.00000000099999999997 0.00000000099999999997 0.33643557643012916847 0.00000000099999999997 0.13151775520423453214 0.01108399227465198082 0.02073702044133639288 0.00000000099999999997 0.22039655747312900114 0.27982909417651885553 
0.00000000099999999992 0.00000000099999999992 0.00000000099999999992 0.00000000099999999992 0.00000000099999999992 0.00000000099999999992 0.00000000099999999992 0.00000000099999999992 0.00000000099999999992 0.99999999100000003249 
0.00000000099999999996 0.00000000099999999996 0.32435348939718811057 0.00000000099999999996 0.28545149311658951641 0.11454899210410045274 0.02207663720552123857 0.00000000099999999996 0.25356938317660066007 0.00000000099999999996 
0.00000000099999999993 0.00000000099999999993 0.99999999100000014352 0.00000000099999999993 0.00000000099999999993 0.00000000099999999993 0.00000000099999999993 0.00000000099999999993 0.00000000099999999993 0.00000000099999999993 
0.00000000099999999996 0.00000000099999999996 0.28025425282907651114 0.00000000099999999996 0.25423346522462647590 0.09106611528453427418 0.00000000099999999996 0.00000000099999999996 0.37444599429808572699 0.00000016736367707688 
0.00000000099999999989 0.00000000099999999989 0.00000000099999999989 0.00000000099999999989 0.99999999100000003249 0.00000000099999999989 0.00000000099999999989 0.00000000099999999989 0.00000000099999999989 0.00000000099999999989 
0.00000000099999999998 0.00000000099999999998 0.00000000099999999998 0.00000000099999999998 0.00000000099999999998 0.00000000099999999998 0.00850613374260669568 0.00000000099999999998 0.52964645250443209701 0.46184740675296115375 
0.00000000099999999997 0.00000000099999999997 0.43385804972041797090 0.00000000099999999997 0.21594538730194212661 0.00000000099999999997 0.00853356859896990151 0.00000000099999999997 0.00000000099999999997 0.34166298837866998506 
0.00000000099999999994 0.01546745236936807565 0.00000000099999999994 0.00000000099999999994 0.31177042160648882341 0.00000007452865234073 0.00000000099999999994 0.00000000099999999994 0.00000000099999999994 0.67276204549549079026 
0.00000000099999999991 0.99999999100000014352 0.00000000099999999991 0.00000000099999999991 0.00000000099999999991 0.00000000099999999991 0.00000000099999999991 0.00000000099999999991 0.00000000099999999991 0.00000000099999999991 
0.00000000099999999997 0.99901386177383633136 0.00000000099999999997 0.00000000099999999997 0.00098613022616378843 0.00000000099999999997 0.00000000099999999997 0.00000000099999999997 0.00000000099999999997 0.00000000099999999997 
0.00000000099999999962 0.00000000099999999962 0.00000000099999999962 0.00000000099999999962 0.00000000099999999962 0.00000000099999999962 0.00000000099999999962 0.99999999100000003249 0.00000000099999999962 0.00000000099999999962 
0.00000000099999999946 0.00000000099999999946 0.00000000099999999946 0.99999999100000014352 0.00000000099999999946 0.00000000099999999946 0.00000000099999999946 0.00000000099999999946 0.00000000099999999946 0.00000000099999999946 
0.04554340919161940782 0.88787000691496964500 0.00000159237581407909 0.00000000099999999999 0.00000000099999999999 0.04152476041680388391 0.02506022610079311139 0.00000000099999999999 0.00000000099999999999 0.00000000099999999999 
0.00000000099999999989 0.00000000099999999989 0.99999999100000014352 0.00000000099999999989 0.00000000099999999989 0.00000000099999999989 0.00000000099999999989 0.00000000099999999989 0.00000000099999999989 0.00000000099999999989 
0.00000034599970503239 0.01574111304359146479 0.26609788247367083258 0.00000000099999999999 0.11717376423725191226 0.00000057157954810604 0.01630104853912473992 0.00000000099999999999 0.40897740960480083450 0.17570786252230713442 
0.00000000099999999991 0.92513247394494491083 0.00000000099999999991 0.00000000099999999991 0.00000000099999999991 0.00000000099999999991 0.07486751805505519053 0.00000000099999999991 0.00000000099999999991 0.00000000099999999991 
0.00000000099999999995 0.00000000099999999995 0.52367125283394377888 0.00000000099999999995 0.47632873916605616982 0.00000000099999999995 0.00000000099999999995 0.00000000099999999995 0.00000000099999999995 0.00000000099999999995 
0.00694311765938723964 0.00000000099999999998 0.24101366000829313463 0.00000000099999999998 0.34108517774998736716 0.07370423074534719621 0.00734280260650860880 0.00000000099999999998 0.00000000099999999998 0.32991100723047656063 
0.00000000099999999991 0.00000000099999999991 0.00000000099999999991 0.00000000099999999991 0.00000000099999999991 0.00000000099999999991 0.03954626261736779447 0.00000000099999999991 0.96045372938263218199 0.00000000099999999991 
0.00000000099999999950 0.00000000099999999950 0.00000000099999999950 0.00000000099999999950 0.00000000099999999950 0.00000000099999999950 0.00000000099999999950 0.99999999100000003249 0.00000000099999999950 0.00000000099999999950 
0.00000000099999999954 0.00000000099999999954 0.00000000099999999954 0.00000000099999999954 0.00000000099999999954 0.00000000099999999954 0.00000000099999999954 0.99999999100000003249 0.00000000099999999954 0.00000000099999999954 
0.00000000099999999944 0.00000000099999999944 0.00000000099999999944 0.00000000099999999944 0.00000000099999999944 0.00000000099999999944 0.00000000099999999944 0.99999999100000003249 0.00000000099999999944 0.00000000099999999944 
0.00000000099999999946 0.00000000099999999946 0.00000000099999999946 0.00000000099999999946 0.00000000099999999946 0.00000000099999999946 0.00000000099999999946 0.99999999099999992147 0.00000000099999999946 0.00000000099999999946 
0.00000000099999999946 0.00000000099999999946 0.00000000099999999946 0.00000000099999999946 0.00000000099999999946 0.00000000099999999946 0.00000000099999999946 0.99999999100000003249 0.00000000099999999946 0.00000000099999999946 
0.00000000099999999996 0.98145207779127829895 0.00000000099999999996 0.00000000099999999996 0.00000000099999999996 0.00000000099999999996 0.01854791420872189955 0.00000000099999999996 0.00000000099999999996 0.00000000099999999996 
0.00000000099999999999 0.00000000099999999999 0.00000000099999999999 0.00012230529068883497 0.14795518244981134548 0.16303420015102199070 0.00000000099999999999 0.00000000099999999999 0.31310545954361640453 0.37578284756486129981 
0.00000000099999999947 0.00000000099999999947 0.00000000099999999947 0.00000000099999999947 0.00000000099999999947 0.00000000099999999947 0.00000000099999999947 0.99999999099999992147 0.00000000099999999947 0.00000000099999999947 
0.00000000099999999955 0.00000000099999999955 0.00000000099999999955 0.00000000099999999955 0.00000000099999999955 0.00000000099999999955 0.00000000099999999955 0.99999999100000003249 0.00000000099999999955 0.00000000099999999955 
0.00000000099999999942 0.00000000099999999942 0.00000000099999999942 0.99999999100000014352 0.00000000099999999942 0.00000000099999999942 0.00000000099999999942 0.00000000099999999942 0.00000000099999999942 0.00000000099999999942 
0.47773246189970375308 0.00000000099999999956 0.00000000099999999956 0.52226753010029636215 0.00000000099999999956 0.00000000099999999956 0.00000000099999999956 0.00000000099999999956 0.00000000099999999956 0.00000000099999999956 
0.00000000099999999989 0.00000000099999999989 0.00000000099999999989 0.00000000099999999989 0.00000000099999999989 0.00000000099999999989 0.00000000099999999989 0.00000000099999999989 0.99999999099999992147 0.00000000099999999989 
0.00000000099999999950 0.00000000099999999950 0.00000000099999999950 0.00000000099999999950 0.00000000099999999950 0.00000000099999999950 0.00000000099999999950 0.99999999100000003249 0.00000000099999999950 0.00000000099999999950 
0.00000000099999999992 0.00000000099999999992 0.00000000099999999992 0.00000000099999999992 0.00000000099999999992 0.00000000099999999992 0.00000000099999999992 0.00000000099999999992 0.00000000099999999992 0.99999999100000003249 
0.00000000099999999995 0.00000000099999999995 0.47195149187026175230 0.00000000099999999995 0.52804850012973825191 0.00000000099999999995 0.00000000099999999995 0.00000000099999999995 0.00000000099999999995 0.00000000099999999995 
0.00000000099999999997 0.94377431246303544743 0.00000000099999999997 0.00000000099999999997 0.00000716941299531305 0.00000000099999999997 0.00000000099999999997 0.00000000099999999997 0.00000000099999999997 0.05621851112396950706 
0.00000000099999999992 0.00000000099999999992 0.00000000099999999992 0.00000000099999999992 0.00000000099999999992 0.00000000099999999992 0.00000000099999999992 0.00000000099999999992 0.00000000099999999992 0.99999999099999992147 
0.00000000099999999990 0.99999999100000025454 0.00000000099999999990 0.00000000099999999990 0.00000000099999999990 0.00000000099999999990 0.00000000099999999990 0.00000000099999999990 0.00000000099999999990 0.00000000099999999990 
0.00000000099999999997 0.00000000099999999997 0.48538681333445204968 0.00000000099999999997 0.00000000099999999997 0.09862955151988553326 0.04361855988223622971 0.00000000099999999997 0.37236506888927906056 0.00000000137414719617 
0.00000000099999999991 0.99999999100000025454 0.00000000099999999991 0.00000000099999999991 0.00000000099999999991 0.00000000099999999991 0.00000000099999999991 0.00000000099999999991 0.00000000099999999991 0.00000000099999999991 
0.00000000099999999986 0.00000000099999999986 0.00000000099999999986 0.00000000099999999986 0.99999999100000014352 0.00000000099999999986 0.00000000099999999986 0.00000000099999999986 0.00000000099999999986 0.00000000099999999986 
0.00702238871506301581 0.00000000099999999998 0.54058751471586230508 0.00000000099999999998 0.00000000099999999998 0.00000000099999999998 0.00000012318337362754 0.00000000099999999998 0.00000000099999999998 0.45238996738570130818 
0.00000000099999999956 0.00000000099999999956 0.00000000099999999956 0.00000000099999999956 0.00000000099999999956 0.00000000099999999956 0.00000000099999999956 0.99999999099999992147 0.00000000099999999956 0.00000000099999999956 
0.00000000099999999991 0.99999999100000025454 0.00000000099999999991 0.00000000099999999991 0.00000000099999999991 0.00000000099999999991 0.00000000099999999991 0.00000000099999999991 0.00000000099999999991 0.00000000099999999991 
0.00000000099999999948 0.00000000099999999948 0.00000000099999999948 0.00000000099999999948 0.00000000099999999948 0.00000000099999999948 0.00000000099999999948 0.99999999099999992147 0.00000000099999999948 0.00000000099999999948 
0.00000000099999999946 0.00000000099999999946 0.00000000099999999946 0.00000000099999999946 0.00000000099999999946 0.00000000099999999946 0.00000000099999999946 0.99999999100000003249 0.00000000099999999946 0.00000000099999999946 
0.00000000099999999998 0.00000000099999999998 0.59354120020750833486 0.00000000099999999998 0.00000000099999999998 0.11439385702464455186 0.00786004656460314276 0.00000000099999999998 0.28420489020324402052 0.00000000099999999998 
0.00000000099999999997 0.01631332613356089103 0.14999051388092984882 0.00000000099999999997 0.31488325582844528538 0.00000000099999999997 0.00857194288408501606 0.00000000099999999997 0.31732157996880239192 0.19291937730417638153 
0.00000000099999999995 0.00000000099999999995 0.40322560276796914902 0.00000000099999999995 0.00000000099999999995 0.00000000892602456000 0.00000000099999999995 0.00000000099999999995 0.00000000099999999995 0.59677438130600612975 
0.00000000099999999998 0.00000000099999999998 0.25206083832139453138 0.00000000099999999998 0.21230335047436685314 0.10433627120007654687 0.00000000099999999998 0.00000000099999999998 0.18909504742831284574 0.24220448757584944754 
0.00000000099999999998 0.00000000099999999998 0.33979070369629160719 0.00594683483928874594 0.00000000099999999998 0.05477196361829131388 0.02819423843267237009 0.00000000099999999998 0.19071557867686519949 0.38058067673659085051 
0.00000000099999999993 0.00000000099999999993 0.00000000099999999993 0.00000000099999999993 0.00000000099999999993 0.00000000099999999993 0.00000000099999999993 0.00000000099999999993 0.00000000099999999993 0.99999999100000003249 
0.00000000099999999994 0.00000000099999999994 0.00000000099999999994 0.00000000099999999994 0.00000000099999999994 0.00000000099999999994 0.00000000099999999994 0.00000000099999999994 0.34579837036241778403 0.65420162163758233120 
