0.15364193890351063310 0.00000000099999999999 0.37824283937071562223 0.45081094004429750344 0.00000000099999999999 0.01730427968147634638 
0.00000000099999999995 0.00000000099999999995 0.00000000099999999995 0.00000000099999999995 0.99999999499999991937 0.00000000099999999995 
0.00000003755348909126 0.00000000099999999996 0.00000000099999999996 0.00000000099999999996 0.99999995844651079491 0.00000000099999999996 
0.00000000099999999999 0.00000000099999999999 0.36014401146210500704 0.60073614201333003226 0.03616085503463949830 0.00295898948992556364 
0.03583249084283255531 0.00000000100000000000 0.51356129493076174697 0.44221860992171585503 0.00000000100000000000 0.00838760230468990273 
0.09860971535860986459 0.00000000099999999999 0.40356534442967145759 0.47355324383589114667 0.02170223283279790541 0.00256946254302985741 
0.00000127725351884497 0.00000000099999999997 0.00000000099999999997 0.00000000099999999997 0.99999871874648116332 0.00000000099999999997 
0.00000000099999999993 0.00000000099999999993 0.00000000099999999993 0.00000000099999999993 0.99999999499999991937 0.00000000099999999993 
0.00000000099999999997 0.00000000099999999997 0.00000000099999999997 0.99999995593253310222 0.00000000099999999997 0.00000004006746688701 
0.00000000099999999995 0.00000000099999999995 0.00000000099999999995 0.00000000099999999995 0.99999999499999991937 0.00000000099999999995 
0.11132973261408053711 0.00000000099999999999 0.43786245969926385069 0.43401755808614556065 0.01131350972282728351 0.00547673887768262372 
0.01644415743406853203 0.00000000099999999999 0.45015657530645741824 0.50517712618896326582 0.01934058464300632621 0.00888155542750438537 
0.11878164914607849956 0.00000000099999999999 0.33700906997410146060 0.54337726230054261833 0.00000000099999999999 0.00083201657927756698 
0.12821959094854987193 0.00000000099999999999 0.42889201642749330556 0.43347533376581631748 0.00000001002828036180 0.00941304782986022819 
0.00000000099999999997 0.00000000099999999997 0.99999999499999991937 0.00000000099999999997 0.00000000099999999997 0.00000000099999999997 
0.10441732608270697102 0.00000000099999999999 0.40197385388910528148 0.41697935175459527324 0.05035173950806129395 0.02627772776553123635 
0.00000000099999999998 0.00000000099999999998 0.00000000099999999998 0.99999999499999991937 0.00000000099999999998 0.00000000099999999998 
0.14435425260233730738 0.00000000099999999999 0.26193252364491015349 0.59371322075275256847 0.00000000099999999999 0.00000000099999999999 
0.00001586844546681253 0.00691843213132099961 0.41383717771766881377 0.56880975175204717686 0.00000000100000000000 0.01041876895349631502 
0.00000002636579672014 0.00000000099999999998 0.44783551200360349753 0.54575877716500653669 0.00000000099999999998 0.00640568246559330545 
0.07760371667928578354 0.00000000099999999999 0.44906897652053195946 0.47332730135001283012 0.00000000345016926770 0.00000000099999999999 
0.03969975572758745880 0.00000000099999999996 0.00000000099999999996 0.00000000099999999996 0.96030024027241256412 0.00000000099999999996 
0.00000000100000217288 0.00000000099999999999 0.36948759742126724426 0.60643330033125641965 0.02407909924747409641 0.00000000099999999999 
0.00000000099999999992 0.00000000099999999992 0.99999999500000003039 0.00000000099999999992 0.00000000099999999992 0.00000000099999999992 
0.16578502355519941780 0.00000000099999999997 0.22341448056813342782 0.59051606459698202656 0.02028442927968495194 0.00000000099999999997 
0.02576683529299123726 0.00000000099999999999 0.34211494235401779251 0.62761252881994733510 0.00000000099999999999 0.00450569153304369256 
0.00000000099999999979 0.00000000099999999979 0.00000000099999999979 0.00000000099999999979 0.00000000099999999979 0.99999999499999991937 
0.00000000099999999975 0.00000000099999999975 0.00000000099999999975 0.00000000099999999975 0.00000000099999999975 0.99999999500000003039 
0.24445445760089554166 0.00000000099999999997 0.00000000099999999997 0.75554553839910454371 0.00000000099999999997 0.00000000099999999997 
0.00000000099999999999 0.00000000099999999999 0.39034281606570198075 0.59776512191120623196 0.00000000099999999999 0.01189205902309202999 
0.17843154001428285227 0.00000000099999999998 0.36755686353060990079 0.45401151509772325054 0.00000007935738387353 0.00000000099999999998 
0.00000000099999999997 0.00000000099999999997 0.00000000099999999997 0.00000000099999999997 0.99999999499999991937 0.00000000099999999997 
0.00000000099999999994 0.00000000099999999994 0.44091643861657503489 0.00000000099999999994 0.20125516201797785665 0.35782839636544705453 
0.00000002306392089167 0.00000000099999999999 0.30015857802339457328 0.69984139591268457181 0.00000000099999999999 0.00000000099999999999 
0.00000000099999999975 0.99999999500000003039 0.00000000099999999975 0.00000000099999999975 0.00000000099999999975 0.00000000099999999975 
0.00000000099999999969 0.99999999500000003039 0.00000000099999999969 0.00000000099999999969 0.00000000099999999969 0.00000000099999999969 
0.00000000099999999969 0.99999999500000003039 0.00000000099999999969 0.00000000099999999969 0.00000000099999999969 0.00000000099999999969 
0.00000000099999999980 0.00000000099999999980 0.00000000099999999980 0.00000000099999999980 0.00000000099999999980 0.99999999499999991937 
0.00000000099999999976 0.00000000099999999976 0.00000000099999999976 0.00000000099999999976 0.00000000099999999976 0.99999999499999991937 
0.09587255911852901602 0.00000000099999999998 0.39716872971437972017 0.50695870816709132090 0.00000000099999999998 0.00000000099999999998 
0.00000000099999999997 0.00000000099999999997 0.00000000099999999997 0.00000000099999999997 0.99999999500000003039 0.00000000099999999997 
0.00000000099999999978 0.00000000099999999978 0.00000000099999999978 0.00000000099999999978 0.00000000099999999978 0.99999999500000003039 
0.00167948975408584947 0.00000000099999999999 0.39334206715898745177 0.57353542462402329338 0.02118380099812515460 0.01025921646477834931 
0.00000000099999999994 0.00000000099999999994 0.00000000099999999994 0.00000000099999999994 0.99999999499999991937 0.00000000099999999994 
0.00000000099999999981 0.00000000099999999981 0.00000000099999999981 0.00000000099999999981 0.00000000099999999981 0.99999999499999991937 
0.00000000099999999999 0.00000000099999999999 0.41414665568355185643 0.56687359738045184354 0.01087124971569252904 0.00810849522030362112 
0.00000000099999999978 0.00000000099999999978 0.00000000099999999978 0.00000000099999999978 0.00000000099999999978 0.99999999499999991937 
0.00000000099999999996 0.00000000099999999996 0.00000000099999999996 0.00000000099999999996 0.99999999499999991937 0.00000000099999999996 
0.00000000099999999993 0.00000000099999999993 0.00000000099999999993 0.00000000099999999993 0.99999999500000003039 0.00000000099999999993 
0.00000000099999999975 0.00000000099999999975 0.00000000099999999975 0.00000000099999999975 0.00000000099999999975 0.99999999500000003039 
0.00000000099999999977 0.00000000099999999977 0.00000000099999999977 0.00000000099999999977 0.00000000099999999977 0.99999999499999991937 
0.00000000099999999996 0.00000000099999999996 0.00000000099999999996 0.00000000099999999996 0.99999999500000003039 0.00000000099999999996 
0.00000000099999999996 0.00000000099999999996 0.00000000099999999996 0.00000000099999999996 0.99999999500000003039 0.00000000099999999996 
0.00000000099999999996 0.00000000099999999996 0.00000000099999999996 0.00000000099999999996 0.99999999500000003039 0.00000000099999999996 
0.00000000099999999981 0.00000000099999999981 0.00000000099999999981 0.00000000099999999981 0.00000000099999999981 0.99999999499999991937 
0.00000000786512552888 0.00000000100000000000 0.46032450790508538940 0.47839725656700005096 0.04315539351344205993 0.01812283314934696327 
0.00000000099999999997 0.00000000099999999997 0.00000000099999999997 0.98168710219113997084 0.00000000099999999997 0.01831289380886013882 
0.00005127177748568244 0.00000000099999999998 0.61092930491827646122 0.37308009837972067047 0.01593932292451720120 0.00000000099999999998 
0.09432835350409550512 0.00000000099999999999 0.29624592488176432203 0.60942549092143449840 0.00000022739674093260 0.00000000229596484006 
0.00000000099999999995 0.00000000099999999995 0.00000000099999999995 0.00000000099999999995 0.99999999500000003039 0.00000000099999999995 
0.10000971942924528901 0.00000000100000000000 0.33735762950618286560 0.55845757265497497634 0.00000000100000000000 0.00417507640959692301 
0.00000000099999999973 0.99999999500000014141 0.00000000099999999973 0.00000000099999999973 0.00000000099999999973 0.00000000099999999973 
0.00012865274028508265 0.00000000099999999998 0.38062029991043860866 0.60317142218127839381 0.00622685833197340194 0.00985276583602449560 
0.00000000099999999974 0.99999999500000003039 0.00000000099999999974 0.00000000099999999974 0.00000000099999999974 0.00000000099999999974 
0.02479837634713876263 0.00000000100000000000 0.43562016415364857025 0.50174848896768142748 0.03783296853153132050 0.00000000100000000000 
0.00000000099999999975 0.99999999500000014141 0.00000000099999999975 0.00000000099999999975 0.00000000099999999975 0.00000000099999999975 
0.24547503521651692360 0.00000000099999999998 0.27287133211504355224 0.48165362966843955350 0.00000000099999999998 0.00000000099999999998 
0.08105919242245326894 0.00000000100000000000 0.49492679885190460354 0.41514913671695069519 0.00327204461308127931 0.00559282639561017609 
0.00000000099999999994 0.00000000099999999994 0.00000000099999999994 0.00000000099999999994 0.99999999500000003039 0.00000000099999999994 
0.07949897989234006035 0.00000000099999999997 0.46031056461794944701 0.46019045248971046647 0.00000000099999999997 0.00000000099999999997 
0.00000000099999999975 0.99999999500000014141 0.00000000099999999975 0.00000000099999999975 0.00000000099999999975 0.00000000099999999975 
0.00000000099999999976 0.99999999500000003039 0.00000000099999999976 0.00000000099999999976 0.00000000099999999976 0.00000000099999999976 
0.12032632130259611480 0.00000000099999999999 0.46838314705881567424 0.32949860738752234646 0.07561727856666601577 0.00617464468439975125 
0.00000000099999999994 0.00000000099999999994 0.00000000099999999994 0.00000000099999999994 0.99999999500000003039 0.00000000099999999994 
0.00000000099999999981 0.00000000099999999981 0.00000000099999999981 0.00000000099999999981 0.00000000099999999981 0.99999999499999991937 
0.00000000099999999995 0.00000000099999999995 0.00000000099999999995 0.00000000099999999995 0.99999999499999991937 0.00000000099999999995 
0.19431131044689017862 0.00000000099999999999 0.40105951780136289697 0.38198662038880409897 0.02264254936294286466 0.00000000099999999999 
0.00000000099999999972 0.99999999500000014141 0.00000000099999999972 0.00000000099999999972 0.00000000099999999972 0.00000000099999999972 
0.00000000099999999974 0.00000000099999999974 0.00000000099999999974 0.00000000099999999974 0.00000000099999999974 0.99999999500000003039 
0.00000000099999999977 0.99999999500000003039 0.00000000099999999977 0.00000000099999999977 0.00000000099999999977 0.00000000099999999977 
0.00000000100000000000 0.00261850385154088067 0.49023884860505234640 0.48652552784423286347 0.00000000100000000000 0.02061711769917399725 
0.00000000099999999993 0.00000000099999999993 0.00000000099999999993 0.00000000099999999993 0.99999999499999991937 0.00000000099999999993 
0.00000000099999999995 0.00000000099999999995 0.00000000099999999995 0.00000000099999999995 0.99999999500000003039 0.00000000099999999995 
0.00000000099999999998 0.00000000099999999998 0.75317978412315966796 0.00000000099999999998 0.24682021187684027863 0.00000000099999999998 
0.07053299313082626865 0.00000000099999999999 0.34367327835450872664 0.56230624746372681599 0.00151934538336754351 0.02196813466757061017 
0.20280610342631644194 0.00000000099999999996 0.00000000099999999996 0.79719389257368356017 0.00000000099999999996 0.00000000099999999996 
0.00000000099999999996 0.00000000099999999996 0.99999999499999991937 0.00000000099999999996 0.00000000099999999996 0.00000000099999999996 
0.00013516668929057073 0.00000000099999999999 0.45571137237479303339 0.54268424155591443725 0.00000000099999999999 0.00146921738000203514 
0.04756874891396436350 0.00000000099999999998 0.31479990915008859709 0.63763133893594703405 0.00000000099999999998 0.00000000099999999998 
0.00000564803186691852 0.00000000099999999999 0.41413510979513912247 0.57323941483647011808 0.01261524519724100714 0.00000458113928297995 
0.00000008859862390717 0.00000000099999999999 0.36160821700980000371 0.62269506405440000485 0.00963725707420153704 0.00605937226297451493 
0.00000000099999999999 0.00000000099999999999 0.36511284007017735798 0.60215949076113695071 0.03272766616868573453 0.00000000099999999999 
0.00000000099999999996 0.00000000099999999996 0.00000000099999999996 0.00000000099999999996 0.99999999499999991937 0.00000000099999999996 
0.00000000099999999998 0.00000000099999999998 0.00000061879736315131 0.00000217298310222015 0.99999720521953461283 0.00000000099999999998 
0.00000000099999999984 0.99999999500000003039 0.00000000099999999984 0.00000000099999999984 0.00000000099999999984 0.00000000099999999984 
0.00000000099999999997 0.00000000099999999997 0.00000000099999999997 0.00000000099999999997 0.99999999499999991937 0.00000000099999999997 
0.00000000099999999998 0.00000000099999999998 0.00000000099999999998 0.00000000099999999998 0.99999999500000003039 0.00000000099999999998 
0.00000000099999999998 0.00000000099999999998 0.00000000099999999998 0.99999999500000003039 0.00000000099999999998 0.00000000099999999998 
0.00000000099999999968 0.99999999500000003039 0.00000000099999999968 0.00000000099999999968 0.00000000099999999968 0.00000000099999999968 
0.00000993867694729637 0.00000000100000000000 0.45383034257766169395 0.53824883207143048303 0.00000000100000000000 0.00791088467396048808 
0.08773276982564122417 0.00000000099999999999 0.29792610419497672636 0.60235822989192699950 0.00925442309289641225 0.00272847199455866210 
0.04118191670108802688 0.00037442323016578831 0.40136875922330622624 0.54895710513378570550 0.00001015484536602012 0.00810764086628817937 
0.10488856182967493114 0.00000000100000000000 0.28221418444164669825 0.59633687474831065245 0.01656037698036777472 0.00000000100000000000 
0.00000000099999999999 0.00000000099999999999 0.42401371455090275386 0.57598626350784953853 0.00000001894124780280 0.00000000099999999999 
0.00000000099999999999 0.00000000099999999999 0.52236340059867858443 0.43952853621367143910 0.03810806018764995723 0.00000000099999999999 
0.00000000099999999999 0.00000000099999999999 0.54693825480372859626 0.45110450000532481551 0.00000000099999999999 0.00195724219094655250 
0.07248037114637601031 0.00000000099999999999 0.37309165955498729828 0.54798232999143847710 0.00000050746962061794 0.00644513083757742872 
0.00003011203471801737 0.00332257775610177034 0.44655705281152463515 0.50849571834226148237 0.01060136012895035798 0.03099317892644366454 
0.12968049222653252328 0.00000000099999999999 0.27905119867154304369 0.58559564699895194639 0.00000000099999999999 0.00567266010297252325 
0.00000000099999999995 0.00000000099999999995 0.00000000099999999995 0.99999999499999991937 0.00000000099999999995 0.00000000099999999995 
0.11396247644613605177 0.00000000100000000000 0.30934107772295854621 0.54091041951466145576 0.01490106198762356469 0.02088496332862056423 
0.08179600568646729075 0.00000000099999999998 0.30110145546455635568 0.60971831649767704864 0.00000000099999999998 0.00738422035129941701 
0.00000000099999999996 0.00000000099999999996 0.99999999500000003039 0.00000000099999999996 0.00000000099999999996 0.00000000099999999996 
0.00000000099999999995 0.00000000099999999995 0.99999999500000003039 0.00000000099999999995 0.00000000099999999995 0.00000000099999999995 
0.00000000099999999998 0.00000000099999999998 0.31864636940367169204 0.64561867316954690832 0.03573495442678139428 0.00000000099999999998 
0.15501756498203758672 0.00000000099999999999 0.35710392927387429873 0.48711865474939936016 0.00043602352730744479 0.00032382646738126063 
0.00445567185834941371 0.00000000099999999999 0.41269920917383656755 0.54547388606281788093 0.03737123090499607642 0.00000000099999999999 
0.10433042545094776965 0.00000000099999999999 0.47752205277927484151 0.41814751876977729328 0.00000000099999999999 0.00000000099999999999 
0.09373925262690346871 0.00000000099999999999 0.40264348949929101851 0.48583464940696879930 0.01778260646683673535 0.00000000099999999999 
0.00000000100000000000 0.06988730622263003567 0.56106391408662747988 0.33578853070463793307 0.02296528650668908100 0.01029496147941533213 
0.08460857734940416264 0.00000000099999999998 0.57212570874364310214 0.34326571090695273680 0.00000000099999999998 0.00000000099999999998 
0.12309635924830962528 0.00000000099999999996 0.87690363675169036295 0.00000000099999999996 0.00000000099999999996 0.00000000099999999996 
0.14968770300911179993 0.00000000099999999996 0.85031229299088828544 0.00000000099999999996 0.00000000099999999996 0.00000000099999999996 
0.07574147359754035413 0.00000000099999999999 0.47903459562110128900 0.43112563850536161913 0.00000000099999999999 0.01409829027599687930 
0.00000000126319183732 0.00000000099999999998 0.36617021976877955902 0.62459372670350954415 0.00923605026451909845 0.00000000099999999998 
0.00000000099999999997 0.00000000099999999997 0.99999999499999991937 0.00000000099999999997 0.00000000099999999997 0.00000000099999999997 
0.07481050114712553545 0.00000000099999999999 0.31340645174539355500 0.59425984042338464430 0.01086969569226995530 0.00665350999182631915 
0.13680361902153931331 0.00000000099999999998 0.45798648974408617818 0.40520988823437448234 0.00000000099999999998 0.00000000099999999998 
0.00000000099999999996 0.00000000099999999996 0.00000000099999999996 0.99999999303060049805 0.00000000296939955555 0.00000000099999999996 
0.00000000099999999995 0.00000000099999999995 0.00000000099999999995 0.00000000099999999995 0.99999999500000003039 0.00000000099999999995 
0.00000020162223010102 0.00000000099999999998 0.00000000099999999998 0.00000000099999999998 0.99999979437776975733 0.00000000099999999998 
0.00000000099999999979 0.99999999500000014141 0.00000000099999999979 0.00000000099999999979 0.00000000099999999979 0.00000000099999999979 
0.00000000099999999974 0.00000000099999999974 0.00000000099999999974 0.00000000099999999974 0.00000000099999999974 0.99999999499999991937 
0.05099414834533855939 0.00000000100000000000 0.00000002413629109177 0.00000000100000000000 0.91151192742142306269 0.03749389809694743392 
0.00000000195452775354 0.00000000099999999998 0.36287883198291964737 0.62217897909639852116 0.01494218496615393882 0.00000000099999999998 
0.00000000099999999996 0.00000000099999999996 0.00000000099999999996 0.99999999499999991937 0.00000000099999999996 0.00000000099999999996 
0.04496965597827661670 0.00000000099999999997 0.00000000099999999997 0.00000000099999999997 0.95503034002172326744 0.00000000099999999997 
0.00000051524938389914 0.00000000099999999999 0.49211196909492405105 0.49212441442381654744 0.01576309923187551101 0.00000000099999999999 
0.04123141428298677386 0.00000000099999999998 0.42230817142455751023 0.52454354232098621136 0.00000000099999999998 0.01191686997146963918 
0.05837869411421040683 0.00000000099999999999 0.39099444289626206217 0.55062653597933652883 0.00000000099999999999 0.00000032501019091500 
0.00000000099999999972 0.99999999500000003039 0.00000000099999999972 0.00000000099999999972 0.00000000099999999972 0.00000000099999999972 
0.00000000099999999974 0.99999999500000014141 0.00000000099999999974 0.00000000099999999974 0.00000000099999999974 0.00000000099999999974 
0.00000000099999999969 0.99999999500000003039 0.00000000099999999969 0.00000000099999999969 0.00000000099999999969 0.00000000099999999969 
0.00000000099999999970 0.99999999500000003039 0.00000000099999999970 0.00000000099999999970 0.00000000099999999970 0.00000000099999999970 
0.00000000099999999970 0.99999999500000014141 0.00000000099999999970 0.00000000099999999970 0.00000000099999999970 0.00000000099999999970 
0.00000000099999999998 0.00000000099999999998 0.00000000099999999998 0.00000000099999999998 0.99999999500000003039 0.00000000099999999998 
0.00000000099999999996 0.00000000099999999996 0.99999999499999991937 0.00000000099999999996 0.00000000099999999996 0.00000000099999999996 
0.00000000099999999970 0.99999999500000014141 0.00000000099999999970 0.00000000099999999970 0.00000000099999999970 0.00000000099999999970 
0.00000000099999999975 0.99999999500000003039 0.00000000099999999975 0.00000000099999999975 0.00000000099999999975 0.00000000099999999975 
0.00000000099999999973 0.00000000099999999973 0.00000000099999999973 0.00000000099999999973 0.00000000099999999973 0.99999999499999991937 
0.00000000099999999973 0.00000000099999999973 0.00000000099999999973 0.00000000099999999973 0.00000000099999999973 0.99999999499999991937 
0.15995955377912116080 0.00000000099999999998 0.38293064270124438364 0.45710980051963451265 0.00000000099999999998 0.00000000099999999998 
0.00000000099999999972 0.99999999500000003039 0.00000000099999999972 0.00000000099999999972 0.00000000099999999972 0.00000000099999999972 
0.00000000100000000000 0.00000000100000000000 0.52899952769874292180 0.46328176207415516785 0.00771870722710190152 0.00000000100000000000 
0.10599839024770633944 0.00000000099999999998 0.40599063554599051917 0.48801097120630310133 0.00000000099999999998 0.00000000099999999998 
0.00047351749033027867 0.00000000099999999998 0.00000000476534701936 0.03704459198048288410 0.96248188376383969622 0.00000000099999999998 
0.06633827355051288843 0.00000000099999999998 0.43155856604117687203 0.49710736164015245642 0.00499579676815767489 0.00000000099999999998 
0.00000000099999999993 0.00000000099999999993 0.00000000099999999993 0.00000000099999999993 0.99999999500000003039 0.00000000099999999993 
0.11738885374489727020 0.00000000099999999999 0.28385293210466150393 0.58785746850008713249 0.01090074365035409096 0.00000000099999999999 
0.00000000099999999994 0.00000000099999999994 0.00000000099999999994 0.00000000099999999994 0.99999999499999991937 0.00000000099999999994 
0.41191121064516805772 0.00000000099999999995 0.58808878535483199990 0.00000000099999999995 0.00000000099999999995 0.00000000099999999995 
0.18353885824073221111 0.00000000099999999999 0.31180961664700374003 0.50135993076037055349 0.00000000099999999999 0.00329159235189353111 
0.00000000099999999975 0.99999999500000003039 0.00000000099999999975 0.00000000099999999975 0.00000000099999999975 0.00000000099999999975 
0.00000000099999999995 0.00000000099999999995 0.00000000099999999995 0.00000000099999999995 0.99999999499999991937 0.00000000099999999995 
0.00000000099999999970 0.99999999500000003039 0.00000000099999999970 0.00000000099999999970 0.00000000099999999970 0.00000000099999999970 
0.00000000099999999970 0.99999999500000014141 0.00000000099999999970 0.00000000099999999970 0.00000000099999999970 0.00000000099999999970 
0.00000000099999999996 0.00000000099999999996 0.99999999499999991937 0.00000000099999999996 0.00000000099999999996 0.00000000099999999996 
0.11836174229752478848 0.00000000099999999998 0.34970409622998666066 0.51345355482515253609 0.01848060464733613378 0.00000000099999999998 
0.00000000099999999998 0.00000000099999999998 0.48692859082843198415 0.51171960010886985426 0.00135180606269830130 0.00000000099999999998 
0.00000087150412896009 0.00000000099999999999 0.37953910435239213150 0.61559228545977029423 0.00000037519058120364 0.00486736249312750332 
0.27808106037639540586 0.00000000099999999996 0.72191893562360442971 0.00000000099999999996 0.00000000099999999996 0.00000000099999999996 
0.08495893340978119546 0.00000000099999999998 0.40759879470257875944 0.49121592971786098847 0.01105659985937702296 0.00516974131040202900 
0.00000000099999999995 0.00000000099999999995 0.00000000099999999995 0.99999999499999991937 0.00000000099999999995 0.00000000099999999995 
0.00000835029653838033 0.00000000099999999998 0.00042485647987313823 0.00000741257531396230 0.99955937864827448802 0.00000000099999999998 
0.03770855473886377401 0.00000000099999999998 0.47130453454707910144 0.49098690771405717470 0.00000000099999999998 0.00000000099999999998 
0.00000000099999999970 0.99999999500000014141 0.00000000099999999970 0.00000000099999999970 0.00000000099999999970 0.00000000099999999970 
0.07736084505410786849 0.00000000099999999999 0.34383816219562807204 0.57879632968976435503 0.00000000099999999999 0.00000466106049967908 
0.00000000099999999991 0.99999999500000003039 0.00000000099999999991 0.00000000099999999991 0.00000000099999999991 0.00000000099999999991 
0.00000000099999999974 0.99999999500000014141 0.00000000099999999974 0.00000000099999999974 0.00000000099999999974 0.00000000099999999974 
0.15671402849729940132 0.00000000099999999998 0.37367952829152228933 0.46211125379487955067 0.00749518741629865565 0.00000000099999999998 
0.00000000099999999999 0.00000000099999999999 0.48877890692108716397 0.50282022528423631069 0.00000000099999999999 0.00840086479467665528 
0.00000000099999999999 0.00000000099999999999 0.53928247583851784963 0.44618751765492059569 0.01453000350656159095 0.00000000099999999999 
0.00000000099999999977 0.99999999500000003039 0.00000000099999999977 0.00000000099999999977 0.00000000099999999977 0.00000000099999999977 
0.00000000099999999995 0.00000000099999999995 0.00000000099999999995 0.00000000099999999995 0.99999999499999991937 0.00000000099999999995 
0.00000000099999999994 0.00000000099999999994 0.00000000099999999994 0.00000000099999999994 0.99999999499999991937 0.00000000099999999994 
0.00000000099999999974 0.99999999500000014141 0.00000000099999999974 0.00000000099999999974 0.00000000099999999974 0.00000000099999999974 
0.00000000099999999998 0.00000000099999999998 0.00000000099999999998 0.99999999499999991937 0.00000000099999999998 0.00000000099999999998 
0.08234238133759792799 0.00000000100000000000 0.37137612311469003767 0.49656669063831393451 0.03599252985644426500 0.01372227405295377983 
0.00000000099999999975 0.99999999500000014141 0.00000000099999999975 0.00000000099999999975 0.00000000099999999975 0.00000000099999999975 
0.13763420595780945233 0.00000000099999999998 0.53824635564286638090 0.32411943539932425162 0.00000000099999999998 0.00000000099999999998 
0.00000000099999999993 0.00000000099999999993 0.00000000099999999993 0.00000000099999999993 0.99999999499999991937 0.00000000099999999993 
0.99999999500000014141 0.00000000099999999982 0.00000000099999999982 0.00000000099999999982 0.00000000099999999982 0.00000000099999999982 
0.05162604174589391359 0.00000000099999999999 0.10338412702238156116 0.82553897616191440623 0.01945085306980995007 0.00000000099999999999 
0.00000004894459968462 0.00000000099999999999 0.33529691304119702000 0.61651016996035812312 0.03370655082194057989 0.01448631623190454673 
0.00000000099999999999 0.00000000099999999999 0.39103257287281012466 0.59130946053778232763 0.00000000099999999999 0.01765796358940765337 
0.00000000099999999998 0.00000000099999999998 0.55875666319870853638 0.42982150552127940113 0.00000000099999999998 0.01142182828001205019 
0.10658441334771473485 0.00000000099999999999 0.35376617628285467188 0.53964903867257696390 0.00000000099999999999 0.00000036969685375678 
0.00000000099999999998 0.00000000099999999998 0.00000000099999999998 0.99999999499999991937 0.00000000099999999998 0.00000000099999999998 
0.05612691465314329636 0.00000000099999999999 0.49648938916471063720 0.43548612625923371899 0.00058752220194172576 0.01131004672097054263 
0.99999999500000014141 0.00000000099999999978 0.00000000099999999978 0.00000000099999999978 0.00000000099999999978 0.00000000099999999978 
0.00000000099999999996 0.00000000099999999996 0.00000000099999999996 0.00000000099999999996 0.99999999499999991937 0.00000000099999999996 
0.08085635847908496932 0.00000000099999999999 0.34916793743828422603 0.55407712930112251737 0.00914394985268758044 0.00675462392882060503 
0.23649366306504987501 0.00000000099999999997 0.36936499895187108189 0.39414133498307912795 0.00000000099999999997 0.00000000099999999997 
0.02358354791125024524 0.00000000099999999998 0.00000000099999999998 0.95395679535366839641 0.02245965373508123503 0.00000000099999999998 
0.00000000099999999998 0.00000000099999999998 0.40443796010180937950 0.58409935306725779824 0.01146268383093285333 0.00000000099999999998 
0.00000000099999999997 0.00000000099999999997 0.00000000099999999997 0.99999999500000003039 0.00000000099999999997 0.00000000099999999997 
0.08106382219898702890 0.00000000099999999998 0.29999640308528835453 0.61893977171572467366 0.00000000099999999998 0.00000000099999999998 
0.07917528446204434578 0.00000000099999999999 0.30565996897332475823 0.61515166955899891477 0.00001307500563196725 0.00000000099999999999 
0.00000000099999999997 0.00000000099999999997 0.00000000099999999997 0.01023436312623755493 0.98976563287376240208 0.00000000099999999997 
0.99999999500000014141 0.00000000099999999978 0.00000000099999999978 0.00000000099999999978 0.00000000099999999978 0.00000000099999999978 
0.00357396020651226578 0.00000000099999999999 0.42436647689025969177 0.55414206949754518661 0.00549038360152792181 0.01242710880415491027 
0.00186794904448013988 0.01091422006933563324 0.38852066899798565203 0.59028668240990755933 0.00841047837715937392 0.00000000110113171619 
0.00000009478241518114 0.00000000099999999997 0.00000000099999999997 0.00000000099999999997 0.99999990121758486339 0.00000000099999999997 
0.05708103845847526531 0.01802906703283875534 0.29260218338586291287 0.60844710592061390653 0.02384060420220921253 0.00000000100000000000 
0.00000000100000000000 0.00000000100000000000 0.42122093373682789608 0.56304499861182688569 0.00852768294147921400 0.00720638270986598186 
0.12044802220981028207 0.00000000099999999999 0.28152692863269496160 0.12637610095805898447 0.47147964637197525839 0.00016930082746051530 
0.00000000099999999997 0.00000000099999999997 0.48873047825181609172 0.49254752266987500420 0.01872199607830881546 0.00000000099999999997 
0.00000000099999999976 0.99999999500000014141 0.00000000099999999976 0.00000000099999999976 0.00000000099999999976 0.00000000099999999976 
0.11755888251859113180 0.00000000099999999999 0.52291293330041965781 0.33614836430305644610 0.01144580071783410195 0.01193401816009856918 
0.07324047449185629166 0.00000000099999999999 0.47969602841370861945 0.42731853011314585578 0.01964872096795081124 0.00009624501333827499 
