0.00000000099999999998 0.00000000099999999998 0.00000000099999999998 0.00000000099999999998 0.01704276665754252476 0.35497978333834673270 0.00000000099999999998 0.00000000099999999998 0.00000000099999999998 0.62797744200411065307 0.00000000099999999998 
0.00000000099999999988 0.00000000099999999988 0.99999999000000006077 0.00000000099999999988 0.00000000099999999988 0.00000000099999999988 0.00000000099999999988 0.00000000099999999988 0.00000000099999999988 0.00000000099999999988 0.00000000099999999988 
0.00000000099999999990 0.00000000099999999990 0.97937653843015859412 0.00000000099999999990 0.00000000099999999990 0.00000000099999999990 0.00000000099999999990 0.00000000099999999990 0.02062345256984143144 0.00000000099999999990 0.00000000099999999990 
0.38072126817703028090 0.00002972944353045480 0.00000000099999999997 0.00000000099999999997 0.00000000099999999997 0.48193122056312009960 0.00000000099999999997 0.03144863206109468207 0.00000000099999999997 0.10586914375522439580 0.00000000099999999997 
0.21943958700823371077 0.21773125637623108597 0.00000000099999999998 0.12811001188448084553 0.00000000099999999998 0.07101097994517595324 0.00000000099999999998 0.00000000099999999998 0.01306576193246112433 0.26420865092706580235 0.08643374792635158399 
0.17013464250519386156 0.00000000099999999998 0.00000000099999999998 0.14573979093362307569 0.00000000099999999998 0.29024929242566299692 0.00000000099999999998 0.01888657344094618953 0.01002564151493240407 0.36496405417964133955 0.00000000099999999998 
0.00000000099999999991 0.00000000099999999991 0.58217362128113325781 0.00000000099999999991 0.00000000099999999991 0.00000000099999999991 0.00000000099999999991 0.35808475317032201213 0.05974161754854465795 0.00000000099999999991 0.00000000099999999991 
0.00000000099999999977 0.00000000099999999977 0.00000000099999999977 0.00000000099999999977 0.00000000099999999977 0.00000000099999999977 0.00000000099999999977 0.99999999000000006077 0.00000000099999999977 0.00000000099999999977 0.00000000099999999977 
0.34151036136028845025 0.00000000099999999997 0.00008427008366169089 0.44959762892141175161 0.00868763454989159370 0.19975203627559381947 0.00000000099999999997 0.00000000099999999997 0.00000000099999999997 0.00001771399189543336 0.00035035081725723680 
0.00000000099999999992 0.00000000099999999992 0.55338625926435913716 0.00000000099999999992 0.00000000099999999992 0.00000000099999999992 0.00000000099999999992 0.44661373173564083983 0.00000000099999999992 0.00000000099999999992 0.00000000099999999992 
0.00000000099999999989 0.99999999000000017180 0.00000000099999999989 0.00000000099999999989 0.00000000099999999989 0.00000000099999999989 0.00000000099999999989 0.00000000099999999989 0.00000000099999999989 0.00000000099999999989 0.00000000099999999989 
0.22275787833734261856 0.25270220367730517053 0.01950854339433825968 0.20196337208214731884 0.00560325298828950446 0.00000000099999999997 0.00000000099999999997 0.00000000099999999997 0.00000000099999999997 0.29746474452057719562 0.00000000099999999997 
0.31026043394058966385 0.20501869158548749472 0.00000000099999999999 0.36270643067748364885 0.00000000099999999999 0.12201443679643937668 0.00000000099999999999 0.00000000099999999999 0.00000000099999999999 0.00000000099999999999 0.00000000099999999999 
0.09317795728077647721 0.48956247395747787277 0.00000000099999999999 0.12307580530462472468 0.00100215802036591442 0.04974767341351149508 0.00000000099999999999 0.00000000099999999999 0.02147027435802511749 0.18272654226536522160 0.03923711239985318289 
0.00000000099999999987 0.99999999000000028282 0.00000000099999999987 0.00000000099999999987 0.00000000099999999987 0.00000000099999999987 0.00000000099999999987 0.00000000099999999987 0.00000000099999999987 0.00000000099999999987 0.00000000099999999987 
0.21535405025052645200 0.17309547138244751885 0.00974319193330279096 0.11058828975382030413 0.02489302199437948976 0.07274639470920550577 0.00000000099999999999 0.03602547094950857981 0.01390088494432109925 0.28276519948716050123 0.06088802359532772407 
0.00000000099999999997 0.51138531169556522560 0.00000000099999999997 0.00000000099999999997 0.00000000099999999997 0.00000000099999999997 0.00000000099999999997 0.00000000099999999997 0.00523203592965999689 0.48338264437477496127 0.00000000099999999997 
0.28877469833261565357 0.34911597786118003794 0.00000000099999999998 0.20111447927557679627 0.00000000099999999998 0.15354532410458485159 0.00000000099999999998 0.00000000099999999998 0.00732514196169976352 0.00000000099999999998 0.00012437346434314087 
0.46775027195297463889 0.03281720414199456454 0.00000000099999999999 0.16733639721377627230 0.00000000099999999999 0.04285285255740754751 0.00000000099999999999 0.00000000099999999999 0.01664101587019359285 0.27260225326365339349 0.00000000099999999999 
0.00000000099999999995 0.00000000099999999995 0.00000000099999999995 0.39939421651546230807 0.00000000099999999995 0.00000000099999999995 0.00000000099999999995 0.00000000099999999995 0.00000000099999999995 0.60060577448453744687 0.00000000099999999995 
0.07103168418410099605 0.29570612186006284272 0.00000000099999999998 0.21054427252718613262 0.00000000099999999998 0.13989873465864330337 0.00000000099999999998 0.00000124910928188309 0.00000000099999999998 0.28281793266072474680 0.00000000099999999998 
0.00000000099999999990 0.00000000099999999990 0.99999999000000017180 0.00000000099999999990 0.00000000099999999990 0.00000000099999999990 0.00000000099999999990 0.00000000099999999990 0.00000000099999999990 0.00000000099999999990 0.00000000099999999990 
0.00000000099999999988 0.00000000099999999988 0.00000000099999999988 0.99999999000000017180 0.00000000099999999988 0.00000000099999999988 0.00000000099999999988 0.00000000099999999988 0.00000000099999999988 0.00000000099999999988 0.00000000099999999988 
0.00000000099999999936 0.00000000099999999936 0.00000000099999999936 0.00000000099999999936 0.00000000099999999936 0.00000000099999999936 0.00000000099999999936 0.00000000099999999936 0.00000000099999999936 0.00000000099999999936 0.99999998999999994975 
0.17619283580825365054 0.00000000099999999997 0.02228954156822662153 0.47400809603359916888 0.00000000099999999997 0.00000318735060745876 0.00000000099999999997 0.00000000099999999997 0.02745135894623263947 0.30005497529308061688 0.00000000099999999997 
0.18846959574097513213 0.00000000099999999997 0.00000000099999999997 0.16722341619448197192 0.00000000099999999997 0.31508649261171267630 0.00000000099999999997 0.00000000099999999997 0.01432004001262186452 0.26848458299866839738 0.04641586744154000549 
0.00000000099999999955 0.00000000099999999955 0.00000000099999999955 0.00000000099999999955 0.99999999000000006077 0.00000000099999999955 0.00000000099999999955 0.00000000099999999955 0.00000000099999999955 0.00000000099999999955 0.00000000099999999955 
0.00000000099999999951 0.00000000099999999951 0.00000000099999999951 0.00000000099999999951 0.99999999000000017180 0.00000000099999999951 0.00000000099999999951 0.00000000099999999951 0.00000000099999999951 0.00000000099999999951 0.00000000099999999951 
0.00000000099999999992 0.00000000099999999992 0.00000000099999999992 0.96185168052320602072 0.00000000099999999992 0.00000000099999999992 0.00000000099999999992 0.00000000099999999992 0.03814831047679418524 0.00000000099999999992 0.00000000099999999992 
0.99999999000000028282 0.00000000099999999985 0.00000000099999999985 0.00000000099999999985 0.00000000099999999985 0.00000000099999999985 0.00000000099999999985 0.00000000099999999985 0.00000000099999999985 0.00000000099999999985 0.00000000099999999985 
0.00000000099999999996 0.00000000099999999996 0.00000000099999999996 0.24268490439873557918 0.00000000099999999996 0.30900258906902999811 0.00000000099999999996 0.00000000099999999996 0.05266034571448769547 0.39565215381774682113 0.00000000099999999996 
0.00000000099999999981 0.00000000099999999981 0.77255467605323591140 0.00000000099999999981 0.00000000099999999981 0.00000000099999999981 0.00000000099999999981 0.00000000099999999981 0.00000000099999999981 0.00000000099999999981 0.22744531494676425987 
0.00000000099999999960 0.00000000099999999960 0.00000000099999999960 0.00000000099999999960 0.35643805398064587475 0.00000000099999999960 0.00000000099999999960 0.00000000099999999960 0.00000000099999999960 0.00000000099999999960 0.64356193701935393570 
0.13282930971467693526 0.33944713887596095203 0.00000000099999999997 0.12381027214607888409 0.00000000099999999997 0.17634041563910812789 0.00000000099999999997 0.00000000099999999997 0.00000000099999999997 0.22757285762417528430 0.00000000099999999997 
0.00000000099999999946 0.00000000099999999946 0.00000000099999999946 0.00000000099999999946 0.00000000099999999946 0.00000000099999999946 0.99999999000000006077 0.00000000099999999946 0.00000000099999999946 0.00000000099999999946 0.00000000099999999946 
0.00000000099999999934 0.00000000099999999934 0.00000000099999999934 0.00000000099999999934 0.00000000099999999934 0.00000000099999999934 0.99999998999999994975 0.00000000099999999934 0.00000000099999999934 0.00000000099999999934 0.00000000099999999934 
0.00000000099999999935 0.00000000099999999935 0.00000000099999999935 0.00000000099999999935 0.00000000099999999935 0.00000000099999999935 0.99999998999999994975 0.00000000099999999935 0.00000000099999999935 0.00000000099999999935 0.00000000099999999935 
0.00000000099999999956 0.00000000099999999956 0.00000000099999999956 0.00000000099999999956 0.99999999000000017180 0.00000000099999999956 0.00000000099999999956 0.00000000099999999956 0.00000000099999999956 0.00000000099999999956 0.00000000099999999956 
0.00000000099999999950 0.00000000099999999950 0.00000000099999999950 0.00000000099999999950 0.99999999000000017180 0.00000000099999999950 0.00000000099999999950 0.00000000099999999950 0.00000000099999999950 0.00000000099999999950 0.00000000099999999950 
0.00000000099999999996 0.54020847061087962082 0.00000000099999999996 0.36734286000135496497 0.00000000099999999996 0.00000000099999999996 0.00000000099999999996 0.00000000099999999996 0.00900603566171713499 0.00000000099999999996 0.08344262672604831066 
0.00000000099999999979 0.00000000099999999979 0.00000000099999999979 0.00000000099999999979 0.00000000099999999979 0.00000000099999999979 0.00000000099999999979 0.99999999000000006077 0.00000000099999999979 0.00000000099999999979 0.00000000099999999979 
0.00000000099999999953 0.00000000099999999953 0.00000000099999999953 0.00000000099999999953 0.99999999000000017180 0.00000000099999999953 0.00000000099999999953 0.00000000099999999953 0.00000000099999999953 0.00000000099999999953 0.00000000099999999953 
0.00000002525321490365 0.32835246996229378036 0.00000000099999999998 0.36479339995117482376 0.00000000099999999998 0.15129020106321122707 0.00000000099999999998 0.00000001044957578229 0.00000000099999999998 0.00000000464371039225 0.15556388467681903087 
0.00000000099999999990 0.00000000099999999990 0.45169896803932774176 0.00000000099999999990 0.00000000099999999990 0.00000000099999999990 0.00000000099999999990 0.54830102296067229073 0.00000000099999999990 0.00000000099999999990 0.00000000099999999990 
0.00000000099999999959 0.00000000099999999959 0.00000000099999999959 0.00000000099999999959 0.99999999000000017180 0.00000000099999999959 0.00000000099999999959 0.00000000099999999959 0.00000000099999999959 0.00000000099999999959 0.00000000099999999959 
0.26971357832394254883 0.29778994782454931700 0.00000000099999999998 0.18862844121421773469 0.00547613817916747618 0.00000000099999999998 0.00000000099999999998 0.00000611950223564495 0.00000000099999999998 0.20520500779930161972 0.03318076315658585740 
0.00000000099999999953 0.00000000099999999953 0.00000000099999999953 0.00000000099999999953 0.99999999000000006077 0.00000000099999999953 0.00000000099999999953 0.00000000099999999953 0.00000000099999999953 0.00000000099999999953 0.00000000099999999953 
0.00000000099999999992 0.00000000099999999992 0.50119398593442310297 0.00000000099999999992 0.00000000099999999992 0.00000000099999999992 0.00000000099999999992 0.48270238430203205038 0.01610362176354483352 0.00000000099999999992 0.00000000099999999992 
0.00000000099999999978 0.00000000099999999978 0.00000000099999999978 0.00000000099999999978 0.00000000099999999978 0.00000000099999999978 0.00000000099999999978 0.99999999000000006077 0.00000000099999999978 0.00000000099999999978 0.00000000099999999978 
0.00000000099999999947 0.00000000099999999947 0.00000000099999999947 0.00000000099999999947 0.99999999000000017180 0.00000000099999999947 0.00000000099999999947 0.00000000099999999947 0.00000000099999999947 0.00000000099999999947 0.00000000099999999947 
0.00000000099999999951 0.00000000099999999951 0.00000000099999999951 0.00000000099999999951 0.99999999000000017180 0.00000000099999999951 0.00000000099999999951 0.00000000099999999951 0.00000000099999999951 0.00000000099999999951 0.00000000099999999951 
0.00000000099999999988 0.00000000099999999988 0.99999999000000006077 0.00000000099999999988 0.00000000099999999988 0.00000000099999999988 0.00000000099999999988 0.00000000099999999988 0.00000000099999999988 0.00000000099999999988 0.00000000099999999988 
0.00000000099999999988 0.00000000099999999988 0.99999999000000006077 0.00000000099999999988 0.00000000099999999988 0.00000000099999999988 0.00000000099999999988 0.00000000099999999988 0.00000000099999999988 0.00000000099999999988 0.00000000099999999988 
0.00000000099999999995 0.00000000099999999995 0.42815643756282367738 0.00000000099999999995 0.00000000099999999995 0.00000000099999999995 0.00000000099999999995 0.57184355343717629960 0.00000000099999999995 0.00000000099999999995 0.00000000099999999995 
0.00000000099999999960 0.00000000099999999960 0.00000000099999999960 0.00000000099999999960 0.99999999000000006077 0.00000000099999999960 0.00000000099999999960 0.00000000099999999960 0.00000000099999999960 0.00000000099999999960 0.00000000099999999960 
0.10041197906560052344 0.38206708056708099663 0.04123293098285994718 0.33374233250782431304 0.00818672622785818552 0.00000000899754157196 0.00000000099999999999 0.00000000099999999999 0.00000000099999999999 0.08378703437445282620 0.05057190427678161238 
0.00000000099999999985 0.00000000099999999985 0.00000000099999999985 0.00000000099999999985 0.00000000099999999985 0.99999999000000006077 0.00000000099999999985 0.00000000099999999985 0.00000000099999999985 0.00000000099999999985 0.00000000099999999985 
0.00000000099999999995 0.46167122073796268422 0.00000000099999999995 0.00000000099999999995 0.00000000099999999995 0.00000000099999999995 0.00000000099999999995 0.01039161981704651155 0.00000000099999999995 0.52793715144499064884 0.00000000099999999995 
0.00000000099999999984 0.00000000099999999984 0.00000000099999999984 0.00000000099999999984 0.00000000099999999984 0.99999999000000006077 0.00000000099999999984 0.00000000099999999984 0.00000000099999999984 0.00000000099999999984 0.00000000099999999984 
0.00000000099999999991 0.00000000099999999991 0.51503783838962113872 0.00000000099999999991 0.00000000099999999991 0.00000000099999999991 0.00000000099999999991 0.48496215261037889377 0.00000000099999999991 0.00000000099999999991 0.00000000099999999991 
0.99999999000000017180 0.00000000099999999988 0.00000000099999999988 0.00000000099999999988 0.00000000099999999988 0.00000000099999999988 0.00000000099999999988 0.00000000099999999988 0.00000000099999999988 0.00000000099999999988 0.00000000099999999988 
0.00000000099999999944 0.00000000099999999944 0.00000000099999999944 0.00000000099999999944 0.00000000099999999944 0.00000000099999999944 0.99999999000000006077 0.00000000099999999944 0.00000000099999999944 0.00000000099999999944 0.00000000099999999944 
0.00000000099999999996 0.00000000099999999996 0.00000000099999999996 0.00000000099999999996 0.00000000099999999996 0.30616386855053046023 0.00000000099999999996 0.00000000099999999996 0.00000000099999999996 0.69383612244946946124 0.00000000099999999996 
0.00000000099999999945 0.00000000099999999945 0.00000000099999999945 0.00000000099999999945 0.00000000099999999945 0.00000000099999999945 0.99999999000000006077 0.00000000099999999945 0.00000000099999999945 0.00000000099999999945 0.00000000099999999945 
0.99999999000000028282 0.00000000099999999990 0.00000000099999999990 0.00000000099999999990 0.00000000099999999990 0.00000000099999999990 0.00000000099999999990 0.00000000099999999990 0.00000000099999999990 0.00000000099999999990 0.00000000099999999990 
0.00000000099999999946 0.00000000099999999946 0.00000000099999999946 0.00000000099999999946 0.00000000099999999946 0.00000000099999999946 0.99999998999999994975 0.00000000099999999946 0.00000000099999999946 0.00000000099999999946 0.00000000099999999946 
0.28980753106106466044 0.00000000099999999995 0.00000000099999999995 0.00000000099999999995 0.00000000099999999995 0.00000000099999999995 0.00000000099999999995 0.00000000099999999995 0.02997976389534944344 0.68021269704358555686 0.00000000099999999995 
0.00000000099999999990 0.00000000099999999990 0.00000000099999999990 0.00000000099999999990 0.00000000099999999990 0.00000000099999999990 0.00000000099999999990 0.00000000099999999990 0.00000000099999999990 0.99999999000000006077 0.00000000099999999990 
0.00000000099999999984 0.00000000099999999984 0.99999999000000006077 0.00000000099999999984 0.00000000099999999984 0.00000000099999999984 0.00000000099999999984 0.00000000099999999984 0.00000000099999999984 0.00000000099999999984 0.00000000099999999984 
0.00000000099999999994 0.47570609217705722704 0.00000000099999999994 0.00000000099999999994 0.00000000099999999994 0.00000000989727372451 0.00000000099999999994 0.00000000099999999994 0.00000000099999999994 0.52429388992566894334 0.00000000099999999994 
0.00000000099999999946 0.00000000099999999946 0.00000000099999999946 0.00000000099999999946 0.00000000099999999946 0.00000000099999999946 0.99999998999999994975 0.00000000099999999946 0.00000000099999999946 0.00000000099999999946 0.00000000099999999946 
0.00000000099999999950 0.00000000099999999950 0.00000000099999999950 0.00000000099999999950 0.00000000099999999950 0.00000000099999999950 0.99999998999999994975 0.00000000099999999950 0.00000000099999999950 0.00000000099999999950 0.00000000099999999950 
0.10217267774317322082 0.16122663486218286044 0.00000000099999999999 0.15824692340163931670 0.00732872808849645892 0.15305635127942762708 0.00000000099999999999 0.08856822689249659042 0.00000000099999999999 0.32940045373258386441 0.00000000099999999999 
0.00000000099999999986 0.00000000099999999986 0.99999999000000017180 0.00000000099999999986 0.00000000099999999986 0.00000000099999999986 0.00000000099999999986 0.00000000099999999986 0.00000000099999999986 0.00000000099999999986 0.00000000099999999986 
0.00000000099999999962 0.00000000099999999962 0.00000000099999999962 0.00000000099999999962 0.99999999000000017180 0.00000000099999999962 0.00000000099999999962 0.00000000099999999962 0.00000000099999999962 0.00000000099999999962 0.00000000099999999962 
0.00000000099999999979 0.00000000099999999979 0.00000000099999999979 0.00000000099999999979 0.00000000099999999979 0.00000000099999999979 0.00000000099999999979 0.99999999000000006077 0.00000000099999999979 0.00000000099999999979 0.00000000099999999979 
0.32229140302207492930 0.37428420992731903372 0.02545708341684679160 0.00000234910582355449 0.00000000099999999998 0.00000000099999999998 0.00000000099999999998 0.00002861724837460453 0.04357954844847879150 0.22921994657649330529 0.00513683925458912217 
0.00000000099999999940 0.00000000099999999940 0.00000000099999999940 0.00000000099999999940 0.00000000099999999940 0.00000000099999999940 0.99999998999999994975 0.00000000099999999940 0.00000000099999999940 0.00000000099999999940 0.00000000099999999940 
0.00000000099999999943 0.00000000099999999943 0.00000000099999999943 0.00000000099999999943 0.99999999000000017180 0.00000000099999999943 0.00000000099999999943 0.00000000099999999943 0.00000000099999999943 0.00000000099999999943 0.00000000099999999943 
0.00000000099999999953 0.00000000099999999953 0.00000000099999999953 0.00000000099999999953 0.00000000099999999953 0.00000000099999999953 0.99999998999999994975 0.00000000099999999953 0.00000000099999999953 0.00000000099999999953 0.00000000099999999953 
0.00000000099999999983 0.00000000099999999983 0.00000000099999999983 0.00000000099999999983 0.00000000099999999983 0.99999999000000006077 0.00000000099999999983 0.00000000099999999983 0.00000000099999999983 0.00000000099999999983 0.00000000099999999983 
0.00000000099999999981 0.00000000099999999981 0.99999999000000017180 0.00000000099999999981 0.00000000099999999981 0.00000000099999999981 0.00000000099999999981 0.00000000099999999981 0.00000000099999999981 0.00000000099999999981 0.00000000099999999981 
0.00000000099999999986 0.00000000099999999986 0.99999999000000006077 0.00000000099999999986 0.00000000099999999986 0.00000000099999999986 0.00000000099999999986 0.00000000099999999986 0.00000000099999999986 0.00000000099999999986 0.00000000099999999986 
0.00000000099999999998 0.30421219492476242463 0.00118702914369493272 0.09085290956133740270 0.00000000099999999998 0.00000000099999999998 0.00000000099999999998 0.21580107977679557907 0.00000000099999999998 0.25876493541212930438 0.12918184618128022989 
0.00000000099999999998 0.00000000099999999998 0.00000000099999999998 0.65779935964402558302 0.00024301283761474639 0.34195761951835962345 0.00000000099999999998 0.00000000099999999998 0.00000000099999999998 0.00000000099999999998 0.00000000099999999998 
0.00000000099999999987 0.00000000099999999987 0.00000000099999999987 0.99999999000000006077 0.00000000099999999987 0.00000000099999999987 0.00000000099999999987 0.00000000099999999987 0.00000000099999999987 0.00000000099999999987 0.00000000099999999987 
0.12888948519193410558 0.33837458511873297340 0.01245040572413688533 0.00000000099999999998 0.00000000099999999998 0.12309305415664140160 0.00000000099999999998 0.00000000099999999998 0.00639294315406952526 0.38061732771904288608 0.01018219493544231420 
0.31978426467242371256 0.20445400004727423693 0.00000000099999999998 0.22033631130292904987 0.00000000099999999998 0.23013983364296677903 0.00000000099999999998 0.00000000099999999998 0.00000000099999999998 0.00000000099999999998 0.02528558433440619355 
0.20713759716247820419 0.16961975629440420588 0.00000000099999999996 0.33360691934459535402 0.00000000099999999996 0.08500115776235568632 0.00000000099999999996 0.00000000099999999996 0.00000000099999999996 0.20463456343616642785 0.00000000099999999996 
0.00000000099999999997 0.35965323174494678860 0.00321251177006125471 0.24465393759326989342 0.00000000099999999997 0.11385287683247818924 0.00000000099999999997 0.00000000099999999997 0.00000000099999999997 0.25820024321011469937 0.02042719384912934297 
0.00000000099999999989 0.00000000099999999989 0.00000000099999999989 0.99999999000000006077 0.00000000099999999989 0.00000000099999999989 0.00000000099999999989 0.00000000099999999989 0.00000000099999999989 0.00000000099999999989 0.00000000099999999989 
0.35435755625709935979 0.07922728928269900939 0.00000000099999999997 0.27412575400609445753 0.00000000099999999997 0.24456206176994102486 0.00000000099999999997 0.04772733255223278459 0.00000000099999999997 0.00000000113193351081 0.00000000099999999997 
0.00000000099999999993 0.00000000099999999993 0.55560709863823753984 0.00000000099999999993 0.00000000099999999993 0.00000000099999999993 0.00000000099999999993 0.44439289236176249265 0.00000000099999999993 0.00000000099999999993 0.00000000099999999993 
0.00000000099999999991 0.00000000099999999991 0.99999999000000017180 0.00000000099999999991 0.00000000099999999991 0.00000000099999999991 0.00000000099999999991 0.00000000099999999991 0.00000000099999999991 0.00000000099999999991 0.00000000099999999991 
0.00000000099999999967 0.00000000099999999967 0.00000000099999999967 0.00000000099999999967 0.00000000099999999967 0.00000000099999999967 0.99999998999999994975 0.00000000099999999967 0.00000000099999999967 0.00000000099999999967 0.00000000099999999967 
0.00000000099999999995 0.00000000099999999995 0.56301323964510974207 0.00000000099999999995 0.00000000099999999995 0.00000000099999999995 0.00000000099999999995 0.43698675135489029042 0.00000000099999999995 0.00000000099999999995 0.00000000099999999995 
0.00000000099999999992 0.00000000099999999992 0.99999999000000006077 0.00000000099999999992 0.00000000099999999992 0.00000000099999999992 0.00000000099999999992 0.00000000099999999992 0.00000000099999999992 0.00000000099999999992 0.00000000099999999992 
0.24336938402826180372 0.31140915190307161264 0.00000000099999999999 0.09008529233449945328 0.00000001811399723461 0.00000002002345092248 0.00000000099999999999 0.02233588791431108389 0.01295283147877296370 0.31984741120363513467 0.00000000099999999999 
0.00000000099999999933 0.00000000099999999933 0.00000000099999999933 0.00000000099999999933 0.00000000099999999933 0.00000000099999999933 0.99999998999999994975 0.00000000099999999933 0.00000000099999999933 0.00000000099999999933 0.00000000099999999933 
0.00000000099999999997 0.45307684626702393604 0.00000000099999999997 0.21821429964661820389 0.00000000099999999997 0.30941574818467371122 0.00000000099999999997 0.00000000099999999997 0.00000000099999999997 0.00000000099999999997 0.01929309890168437458 
0.32989478701858376830 0.22366718513908229182 0.01290104266403099657 0.00000229021413056815 0.00000000099999999998 0.22161948108888884779 0.00000000099999999998 0.00000000099999999998 0.00382545479564293722 0.20808975507964083684 0.00000000099999999998 
0.00000000099999999992 0.00000000099999999992 0.00000000099999999992 0.00000000099999999992 0.00000000099999999992 0.00000000099999999992 0.00000000099999999992 0.00000000099999999992 0.00000000099999999992 0.99999998999999994975 0.00000000099999999992 
0.59369849641391048145 0.00000000099999999998 0.00000000099999999998 0.00000003110753190984 0.00000000099999999998 0.00000000099999999998 0.00000000099999999998 0.00000001225866281893 0.00446932032989556111 0.34103673875995804687 0.06079539613004129872 
0.00000000099999999991 0.00000000099999999991 0.00000000099999999991 0.00000000099999999991 0.00000000099999999991 0.00000000099999999991 0.00000000099999999991 0.00000000099999999991 0.00000000099999999991 0.78791727570947023285 0.21208271529052966087 
0.00000000099999999984 0.00000000099999999984 0.00000000099999999984 0.00000000099999999984 0.00000000099999999984 0.99999999000000006077 0.00000000099999999984 0.00000000099999999984 0.00000000099999999984 0.00000000099999999984 0.00000000099999999984 
0.09370356548760737370 0.02060235147624084676 0.00000000099999999999 0.33804115013179247828 0.00000000099999999999 0.08552870216106865653 0.00000000099999999999 0.00000000099999999999 0.00000000099999999999 0.44052560153728609338 0.02159862420600463379 
0.00000000099999999997 0.47350826999529377348 0.00000000099999999997 0.00000000099999999997 0.00000000099999999997 0.52325733563580478780 0.00000000099999999997 0.00000000099999999997 0.00323438636890139176 0.00000000099999999997 0.00000000099999999997 
0.30076295683365628086 0.00000000099999999999 0.00000000099999999999 0.00000000099999999999 0.02467688005680922919 0.14814454075489330576 0.00000000099999999999 0.00000000099999999999 0.00000000099999999999 0.48453224855600052212 0.04188336779864045706 
0.31525548915159840035 0.13989055103769748589 0.00000000099999999999 0.22435321301123126170 0.00383887508580720363 0.31221864784651059965 0.00000000099999999999 0.00393448783120482065 0.00000000099999999999 0.00000000099999999999 0.00050873203595038050 
0.99999999000000017180 0.00000000099999999984 0.00000000099999999984 0.00000000099999999984 0.00000000099999999984 0.00000000099999999984 0.00000000099999999984 0.00000000099999999984 0.00000000099999999984 0.00000000099999999984 0.00000000099999999984 
0.00000000099999999998 0.00000000099999999998 0.01544062894902646296 0.29801575928252066472 0.02049122061169672548 0.00000000099999999998 0.00000000099999999998 0.00000000099999999998 0.00000000099999999998 0.66605238415675593888 0.00000000099999999998 
0.00000000099999999988 0.99999999000000028282 0.00000000099999999988 0.00000000099999999988 0.00000000099999999988 0.00000000099999999988 0.00000000099999999988 0.00000000099999999988 0.00000000099999999988 0.00000000099999999988 0.00000000099999999988 
0.00000000099999999990 0.00000000099999999990 0.00000000099999999990 0.00000000099999999990 0.00000000099999999990 0.00000000099999999990 0.00000000099999999990 0.00000000099999999990 0.00000000099999999990 0.99999999000000006077 0.00000000099999999990 
0.00000000099999999996 0.31572998186203682369 0.00000000099999999996 0.00000000099999999996 0.00000000099999999996 0.00000000099999999996 0.00000000099999999996 0.00000000099999999996 0.00000000099999999996 0.68427000913796298676 0.00000000099999999996 
0.03170896113453230275 0.10174487042933316738 0.00000000099999999997 0.20618842443212115345 0.00000000099999999997 0.29674899963581480300 0.00000000099999999997 0.04147234335667966676 0.00000000099999999997 0.26194561712331609904 0.06019077988820281666 
0.18667666886649386671 0.16053730443267993921 0.00139990404989306797 0.15171476132802771963 0.00000000099999999999 0.16894043133817615576 0.00000000099999999999 0.00000000099999999999 0.02026614710064486916 0.27467565617730960170 0.03578912370677485300 
0.21532246539267407837 0.18098916220170824243 0.03973290381075197941 0.26951724321563463871 0.00000000099999999998 0.29443821572831224698 0.00000000099999999998 0.00000000099999999998 0.00000000099999999998 0.00000000465091913803 0.00000000099999999998 
0.20206738141634192352 0.35271608033789625392 0.00000000099999999998 0.00000000099999999998 0.00000000099999999998 0.06351225800612553263 0.00000000099999999998 0.00000000099999999998 0.00000760003331449253 0.31161707961286566615 0.07007959559345618150 
0.88344202427671247868 0.00000000099999999994 0.00000000099999999994 0.11646558286445149455 0.00000000099999999994 0.00009238485883600810 0.00000000099999999994 0.00000000099999999994 0.00000000099999999994 0.00000000099999999994 0.00000000099999999994 
0.33330917246505137319 0.00005828061382621060 0.00059705026038286567 0.31596638999222526056 0.00445194042134581473 0.03227477011750672087 0.06793202520408016254 0.00000000100000000000 0.00000000100000000000 0.20534360528930878376 0.04006676363627285908 
0.09419303551296896726 0.23300339085773080772 0.00000000099999999998 0.18012169416094775398 0.00000000099999999998 0.09502118879067261714 0.00000000099999999998 0.00000000099999999998 0.01346013188789855347 0.35661814497523758316 0.02758240981454397264 
0.10913814502795624040 0.26163315939414183431 0.00000000099999999997 0.04692229851682193364 0.00000000099999999997 0.15316928431068022043 0.00000000099999999997 0.01848391028979223111 0.00000000099999999997 0.28223648097269882218 0.12841671748790872698 
0.37088426566242055360 0.61112590786749643179 0.00000000099999999995 0.00000000099999999995 0.00000000099999999995 0.00000000099999999995 0.00000000099999999995 0.00000000099999999995 0.01798981847008306392 0.00000000099999999995 0.00000000099999999995 
0.00000000099999999996 0.40283473368303723827 0.00000000099999999996 0.00000000099999999996 0.00000000099999999996 0.59716525731696257218 0.00000000099999999996 0.00000000099999999996 0.00000000099999999996 0.00000000099999999996 0.00000000099999999996 
0.04982876520369351747 0.28905895186541302744 0.00000000099999999997 0.37318950581404936040 0.00000000099999999997 0.00000000459014906680 0.00000000099999999997 0.01151676091724329783 0.00000000099999999997 0.22278920025514853398 0.05361680735430330441 
0.00000000099999999991 0.99999999000000028282 0.00000000099999999991 0.00000000099999999991 0.00000000099999999991 0.00000000099999999991 0.00000000099999999991 0.00000000099999999991 0.00000000099999999991 0.00000000099999999991 0.00000000099999999991 
0.30906832515093934921 0.16425508804720020950 0.00000000099999999998 0.29021399496996463929 0.00000000099999999998 0.00000000099999999998 0.00000000099999999998 0.02294816158050127369 0.00693505309951502214 0.19065408525877283741 0.01592528789310660234 
0.00000000099999999990 0.00000000099999999990 0.00000000099999999990 0.00000000099999999990 0.00000000099999999990 0.00000000099999999990 0.00000000099999999990 0.00000000099999999990 0.00000000099999999990 0.99999999000000006077 0.00000000099999999990 
0.34989727926810837433 0.00000000099999999995 0.00000000099999999995 0.64854608738174956972 0.00000000099999999995 0.00000000099999999995 0.00000000099999999995 0.00155662535014218571 0.00000000099999999995 0.00000000099999999995 0.00000000099999999995 
0.00000000099999999988 0.00000000099999999988 0.99999999000000006077 0.00000000099999999988 0.00000000099999999988 0.00000000099999999988 0.00000000099999999988 0.00000000099999999988 0.00000000099999999988 0.00000000099999999988 0.00000000099999999988 
0.00000000099999999996 0.00000000099999999996 0.50119319482255442200 0.00000000099999999996 0.00000000099999999996 0.00000000099999999996 0.00000000099999999996 0.49880679617744555499 0.00000000099999999996 0.00000000099999999996 0.00000000099999999996 
0.00000000099999999957 0.00000000099999999957 0.00000000099999999957 0.00000000099999999957 0.00000000099999999957 0.00000000099999999957 0.99999999000000006077 0.00000000099999999957 0.00000000099999999957 0.00000000099999999957 0.00000000099999999957 
0.00000000099999999945 0.00000000099999999945 0.00000000099999999945 0.00000000099999999945 0.99999999000000006077 0.00000000099999999945 0.00000000099999999945 0.00000000099999999945 0.00000000099999999945 0.00000000099999999945 0.00000000099999999945 
0.00000000099999999998 0.00000000099999999998 0.61514029335972930657 0.00000000099999999998 0.03407799073071449830 0.00000000099999999998 0.00000000099999999998 0.25841764077977308345 0.02045227366207482897 0.00000000099999999998 0.07191179546770821995 
0.00000000099999999996 0.00000000099999999996 0.00000000099999999996 0.39614849724595385672 0.00000000099999999996 0.00000000099999999996 0.00000000099999999996 0.00000000099999999996 0.00000000099999999996 0.60385149375404589822 0.00000000099999999996 
0.00000000099999999996 0.00000000099999999996 0.00000000099999999996 0.00000000099999999996 0.00000000099999999996 0.25858321861720345858 0.00000000099999999996 0.00000000099999999996 0.00000000099999999996 0.74141677238279635187 0.00000000099999999996 
0.00000000099999999987 0.00000000099999999987 0.88944318197059546449 0.00000000099999999987 0.00000000099999999987 0.00000000099999999987 0.00000000099999999987 0.00000000099999999987 0.11055680902940472066 0.00000000099999999987 0.00000000099999999987 
0.19369096631466142799 0.06067125366542316239 0.00000000099999999998 0.20720939172321681254 0.00000000099999999998 0.14468479272370543542 0.00000000099999999998 0.01478419600698577079 0.00000000099999999998 0.37895939456600741257 0.00000000099999999998 
0.26415517890116280153 0.00000000099999999998 0.00000000099999999998 0.26818662536313209177 0.00610027477393402205 0.00000000099999999998 0.00000000099999999998 0.00000000099999999998 0.01155810696990062017 0.44999859536893499490 0.00000121362293570504 
0.00000000099999999984 0.00000000099999999984 0.00000000099999999984 0.00000000099999999984 0.00000000099999999984 0.99999999000000006077 0.00000000099999999984 0.00000000099999999984 0.00000000099999999984 0.00000000099999999984 0.00000000099999999984 
0.00000000099999999941 0.00000000099999999941 0.00000000099999999941 0.00000000099999999941 0.00000000099999999941 0.00000000099999999941 0.99999998999999994975 0.00000000099999999941 0.00000000099999999941 0.00000000099999999941 0.00000000099999999941 
0.00000000099999999945 0.00000000099999999945 0.00000000099999999945 0.00000000099999999945 0.00000000099999999945 0.00000000099999999945 0.99999998999999994975 0.00000000099999999945 0.00000000099999999945 0.00000000099999999945 0.00000000099999999945 
0.00000000099999999934 0.00000000099999999934 0.00000000099999999934 0.00000000099999999934 0.00000000099999999934 0.00000000099999999934 0.99999998999999994975 0.00000000099999999934 0.00000000099999999934 0.00000000099999999934 0.00000000099999999934 
0.00000000099999999935 0.00000000099999999935 0.00000000099999999935 0.00000000099999999935 0.00000000099999999935 0.00000000099999999935 0.99999998999999994975 0.00000000099999999935 0.00000000099999999935 0.00000000099999999935 0.00000000099999999935 
0.00000000099999999938 0.00000000099999999938 0.00000000099999999938 0.00000000099999999938 0.00000000099999999938 0.00000000099999999938 0.99999998999999994975 0.00000000099999999938 0.00000000099999999938 0.00000000099999999938 0.00000000099999999938 
0.00000000099999999990 0.00000000099999999990 0.99999999000000006077 0.00000000099999999990 0.00000000099999999990 0.00000000099999999990 0.00000000099999999990 0.00000000099999999990 0.00000000099999999990 0.00000000099999999990 0.00000000099999999990 
0.39158638688811431283 0.32475083483992878142 0.00000000099999999998 0.00000000099999999998 0.00000000099999999998 0.26688371692653978240 0.00000000099999999998 0.00000000099999999998 0.00163135958386223219 0.00000000099999999998 0.01514769576155503179 
0.00000000099999999937 0.00000000099999999937 0.00000000099999999937 0.00000000099999999937 0.00000000099999999937 0.00000000099999999937 0.99999998999999994975 0.00000000099999999937 0.00000000099999999937 0.00000000099999999937 0.00000000099999999937 
0.00000000099999999946 0.00000000099999999946 0.00000000099999999946 0.00000000099999999946 0.00000000099999999946 0.00000000099999999946 0.99999999000000006077 0.00000000099999999946 0.00000000099999999946 0.00000000099999999946 0.00000000099999999946 
0.00000000099999999943 0.00000000099999999943 0.00000000099999999943 0.00000000099999999943 0.99999999000000006077 0.00000000099999999943 0.00000000099999999943 0.00000000099999999943 0.00000000099999999943 0.00000000099999999943 0.00000000099999999943 
0.00000000099999999943 0.00000000099999999943 0.00000000099999999943 0.00000000099999999943 0.99999999000000006077 0.00000000099999999943 0.00000000099999999943 0.00000000099999999943 0.00000000099999999943 0.00000000099999999943 0.00000000099999999943 
0.00000000099999999993 0.48025103712947020407 0.00000000099999999993 0.00000000099999999993 0.00000000099999999993 0.51974895387052966189 0.00000000099999999993 0.00000000099999999993 0.00000000099999999993 0.00000000099999999993 0.00000000099999999993 
0.00000000099999999941 0.00000000099999999941 0.00000000099999999941 0.00000000099999999941 0.00000000099999999941 0.00000000099999999941 0.99999999000000006077 0.00000000099999999941 0.00000000099999999941 0.00000000099999999941 0.00000000099999999941 
0.17330358999752518145 0.21888262822418078080 0.00000000099999999998 0.08775471691324496226 0.00000000099999999998 0.00000017723307907503 0.00000000099999999998 0.03351908872868706452 0.00000000099999999998 0.48653979390328278010 0.00000000099999999998 
0.00000000099999999997 0.49660221172932528244 0.00000000099999999997 0.00000000099999999997 0.00000000099999999997 0.19816283222612968151 0.00000000099999999997 0.00000000099999999997 0.01899489020087044219 0.28624005884367437202 0.00000000099999999997 
0.00000000099999999997 0.03177285890409722868 0.44903352263089574281 0.00000000099999999997 0.00000000099999999997 0.00000000099999999997 0.00000000099999999997 0.51919361046500700496 0.00000000099999999997 0.00000000099999999997 0.00000000099999999997 
0.99999999000000017180 0.00000000099999999988 0.00000000099999999988 0.00000000099999999988 0.00000000099999999988 0.00000000099999999988 0.00000000099999999988 0.00000000099999999988 0.00000000099999999988 0.00000000099999999988 0.00000000099999999988 
