0.00000000099999999999 0.00000000099999999999 0.35649442366762723600 0.00000000099999999999 0.01880262955661873153 0.00000000099999999999 0.00000000099999999999 0.00000000099999999999 0.39447166949724210561 0.23023127127851195084 
0.99999999100000014352 0.00000000099999999982 0.00000000099999999982 0.00000000099999999982 0.00000000099999999982 0.00000000099999999982 0.00000000099999999982 0.00000000099999999982 0.00000000099999999982 0.00000000099999999982 
0.99999999100000014352 0.00000000099999999983 0.00000000099999999983 0.00000000099999999983 0.00000000099999999983 0.00000000099999999983 0.00000000099999999983 0.00000000099999999983 0.00000000099999999983 0.00000000099999999983 
0.03227527725233790556 0.14938730602451238960 0.31000071424398012443 0.00000000099999999998 0.00000000099999999998 0.00000000099999999998 0.00000000099999999998 0.00132797092193375301 0.14719763552743228563 0.35981109202980354755 
0.00000000099999999998 0.19277681433281707024 0.30851292407054514699 0.00000000099999999998 0.00000000099999999998 0.00000000099999999998 0.05931550012600353416 0.00000000099999999998 0.39101309051663468708 0.04838166595399960579 
0.00000000099999999997 0.00000005173506888432 0.38653850177143173061 0.00000000099999999997 0.00000365405799609390 0.00000000099999999997 0.00000000099999999997 0.02975397835521052456 0.32370981953338140436 0.25999399054691124666 
0.34556258526134392417 0.00000000099999999993 0.00000000099999999993 0.00000000099999999993 0.00000000099999999993 0.00000000099999999993 0.00981936829558026011 0.64461803944307571879 0.00000000099999999993 0.00000000099999999993 
0.55674048187068925220 0.00000000099999999989 0.00000000099999999989 0.00000000099999999989 0.00000000099999999989 0.00000000099999999989 0.00000000099999999989 0.44325951012931102957 0.00000000099999999989 0.00000000099999999989 
0.00884145326501506977 0.15486412901486640292 0.15475537022187083047 0.00000000099999999998 0.01215822272550089699 0.00000000099999999998 0.02085232448452859627 0.00000000099999999998 0.40149028330603220294 0.24703821398218583916 
0.49767114735376133394 0.00000000099999999992 0.00000000099999999992 0.00000000099999999992 0.00000000099999999992 0.00000000099999999992 0.00000000099999999992 0.50232884464623861476 0.00000000099999999992 0.00000000099999999992 
0.00000000099999999990 0.99999999100000025454 0.00000000099999999990 0.00000000099999999990 0.00000000099999999990 0.00000000099999999990 0.00000000099999999990 0.00000000099999999990 0.00000000099999999990 0.00000000099999999990 
0.01739632736361308024 0.30733431861059795631 0.21165860984496431829 0.00000000099999999997 0.00294761778986833093 0.00000000099999999997 0.01802685073338219229 0.00000000099999999997 0.30205717838850143497 0.14057909426907283512 
0.00000000099999999990 0.99999999100000025454 0.00000000099999999990 0.00000000099999999990 0.00000000099999999990 0.00000000099999999990 0.00000000099999999990 0.00000000099999999990 0.00000000099999999990 0.00000000099999999990 
0.00000000099999999998 0.34079941474849145822 0.34314147393036403821 0.00000000099999999998 0.00988874152269413227 0.00000000099999999998 0.01923248616060569197 0.00000019304177580474 0.00000000919660105500 0.28693767839946798803 
0.00000000099999999998 0.56019699301662684299 0.43821877447599438815 0.00000000099999999998 0.00158422550737902625 0.00000000099999999998 0.00000000099999999998 0.00000000099999999998 0.00000000099999999998 0.00000000099999999998 
0.04814772677080787766 0.18956832162032541400 0.29962153252717321772 0.00000000099999999998 0.02540066178866331320 0.00000000099999999998 0.04608408048550990260 0.00000000099999999998 0.24868137299479581293 0.14249630081272443571 
0.00000000099999999996 0.00000000099999999996 0.59724417655812367389 0.00000000099999999996 0.00000000099999999996 0.00000000099999999996 0.00000000099999999996 0.00000000099999999996 0.40275581544187638583 0.00000000099999999996 
0.00000000099999999996 0.44159586738047446053 0.00000000099999999996 0.00000000099999999996 0.00000000099999999996 0.00000000099999999996 0.00000000099999999996 0.00000000099999999996 0.00000000099999999996 0.55840412461952537715 
0.00000000100000000000 0.16311526950578852935 0.25148312210088663576 0.00161880476077295218 0.00822461012339706019 0.00000000100000000000 0.00000000100000000000 0.00000000100000000000 0.32492352617486541799 0.25063466333428924271 
0.00000000099999999992 0.00000000099999999992 0.00000000099999999992 0.00000000099999999992 0.00000000099999999992 0.00000000099999999992 0.00000000099999999992 0.00000000099999999992 0.99999999100000003249 0.00000000099999999992 
0.00000000099999999998 0.32520177586512216683 0.17530938134057164057 0.00000000099999999998 0.00000000099999999998 0.00000000099999999998 0.00000000099999999998 0.00000000099999999998 0.31042330170401605249 0.18906553509029017102 
0.99999999100000014352 0.00000000099999999982 0.00000000099999999982 0.00000000099999999982 0.00000000099999999982 0.00000000099999999982 0.00000000099999999982 0.00000000099999999982 0.00000000099999999982 0.00000000099999999982 
0.00000000099999999985 0.00000000099999999985 0.00000000099999999985 0.00000000099999999985 0.00000000099999999985 0.00000000099999999985 0.00000000099999999985 0.00000000099999999985 0.00000000099999999985 0.99999999100000003249 
0.00000000099999999928 0.00000000099999999928 0.00000000099999999928 0.00000000099999999928 0.00000000099999999928 0.00000000099999999928 0.99999999099999992147 0.00000000099999999928 0.00000000099999999928 0.00000000099999999928 
0.00000000099999999996 0.40445846643756822036 0.00000000099999999996 0.00000000099999999996 0.00000000099999999996 0.00000000099999999996 0.00000000099999999996 0.03034440654148670702 0.45180136289458178167 0.11339575812636301655 
0.00000000099999999998 0.17525440769090117055 0.26928696836830234851 0.00000000099999999998 0.00000000099999999998 0.00000000099999999998 0.00639565900893773829 0.00000000099999999998 0.30335459518650093047 0.24570836474535776017 
0.00000000099999999960 0.00000000099999999960 0.00000000099999999960 0.00000000099999999960 0.99999999100000003249 0.00000000099999999960 0.00000000099999999960 0.00000000099999999960 0.00000000099999999960 0.00000000099999999960 
0.00000000099999999959 0.00000000099999999959 0.00000000099999999959 0.00000000099999999959 0.99999999100000003249 0.00000000099999999959 0.00000000099999999959 0.00000000099999999959 0.00000000099999999959 0.00000000099999999959 
0.00000000099999999995 0.47016678100124054129 0.00000000099999999995 0.00000000099999999995 0.00000000099999999995 0.00000000099999999995 0.00000000099999999995 0.00000000099999999995 0.00000000099999999995 0.52983321099875935190 
0.00000000099999999990 0.00000000099999999990 0.99999999100000014352 0.00000000099999999990 0.00000000099999999990 0.00000000099999999990 0.00000000099999999990 0.00000000099999999990 0.00000000099999999990 0.00000000099999999990 
0.01288880987654940531 0.00000000099999999997 0.35865108532966405441 0.00000000099999999997 0.00000000099999999997 0.00000000099999999997 0.02000905566670913363 0.00000000099999999997 0.39954010648766208336 0.20891093763941517847 
0.73265901737511485159 0.00000000099999999979 0.00000000099999999979 0.00000000099999999979 0.00000000099999999979 0.00000000099999999979 0.26734097462488537467 0.00000000099999999979 0.00000000099999999979 0.00000000099999999979 
0.00000000099999999959 0.00000000099999999959 0.00000000099999999959 0.00000000099999999959 0.35941172190475906278 0.00000000099999999959 0.64058827009524099694 0.00000000099999999959 0.00000000099999999959 0.00000000099999999959 
0.00000000099999999997 0.21207786937839170904 0.28301288060706480953 0.00000000099999999997 0.00000000099999999997 0.00000000099999999997 0.00000000099999999997 0.00000000226015153105 0.34060502622113653093 0.16430421653325524844 
0.00000000099999999943 0.00000000099999999943 0.00000000099999999943 0.00000000099999999943 0.00000000099999999943 0.99999999100000014352 0.00000000099999999943 0.00000000099999999943 0.00000000099999999943 0.00000000099999999943 
0.00000000099999999935 0.00000000099999999935 0.00000000099999999935 0.00000000099999999935 0.00000000099999999935 0.99999999100000003249 0.00000000099999999935 0.00000000099999999935 0.00000000099999999935 0.00000000099999999935 
0.00000000099999999937 0.00000000099999999937 0.00000000099999999937 0.00000000099999999937 0.00000000099999999937 0.99999999100000003249 0.00000000099999999937 0.00000000099999999937 0.00000000099999999937 0.00000000099999999937 
0.00000000099999999962 0.00000000099999999962 0.00000000099999999962 0.00000000099999999962 0.99999999100000003249 0.00000000099999999962 0.00000000099999999962 0.00000000099999999962 0.00000000099999999962 0.00000000099999999962 
0.00000000099999999957 0.00000000099999999957 0.00000000099999999957 0.00000000099999999957 0.99999999100000014352 0.00000000099999999957 0.00000000099999999957 0.00000000099999999957 0.00000000099999999957 0.00000000099999999957 
0.00000000099999999987 0.99999999100000014352 0.00000000099999999987 0.00000000099999999987 0.00000000099999999987 0.00000000099999999987 0.00000000099999999987 0.00000000099999999987 0.00000000099999999987 0.00000000099999999987 
0.00000000099999999986 0.00000000099999999986 0.00000000099999999986 0.00000000099999999986 0.00000000099999999986 0.00000000099999999986 0.00000000099999999986 0.99999999099999992147 0.00000000099999999986 0.00000000099999999986 
0.00000000099999999959 0.00000000099999999959 0.00000000099999999959 0.00000000099999999959 0.99999999100000003249 0.00000000099999999959 0.00000000099999999959 0.00000000099999999959 0.00000000099999999959 0.00000000099999999959 
0.00000000099999999998 0.34214419096366877060 0.22934169695378600617 0.00000000099999999998 0.00000000099999999998 0.00000000099999999998 0.03261811290418715342 0.01175315355668830365 0.00000000099999999998 0.38414284062166986766 
0.61752826255097414965 0.00000000099999999990 0.00000000099999999990 0.00000000099999999990 0.00000000099999999990 0.00000000099999999990 0.00000000099999999990 0.38247172944902613212 0.00000000099999999990 0.00000000099999999990 
0.00000000099999999963 0.00000000099999999963 0.00000000099999999963 0.00000000099999999963 0.99999999100000003249 0.00000000099999999963 0.00000000099999999963 0.00000000099999999963 0.00000000099999999963 0.00000000099999999963 
0.00000000099999999990 0.00000000099999999990 0.99999999100000014352 0.00000000099999999990 0.00000000099999999990 0.00000000099999999990 0.00000000099999999990 0.00000000099999999990 0.00000000099999999990 0.00000000099999999990 
0.00000000099999999959 0.00000000099999999959 0.00000000099999999959 0.00000000099999999959 0.99999999100000003249 0.00000000099999999959 0.00000000099999999959 0.00000000099999999959 0.00000000099999999959 0.00000000099999999959 
0.53778961349111420454 0.00000000099999999992 0.00000000099999999992 0.00000000099999999992 0.00000000099999999992 0.00000000099999999992 0.00000000099999999992 0.46221037850888613274 0.00000000099999999992 0.00000000099999999992 
0.00000000099999999981 0.00000000099999999981 0.00000000099999999981 0.00000000099999999981 0.00000000099999999981 0.00000000099999999981 0.00000000099999999981 0.99999999099999992147 0.00000000099999999981 0.00000000099999999981 
0.00000000099999999953 0.00000000099999999953 0.00000000099999999953 0.00000000099999999953 0.99999999100000014352 0.00000000099999999953 0.00000000099999999953 0.00000000099999999953 0.00000000099999999953 0.00000000099999999953 
0.00000000099999999958 0.00000000099999999958 0.00000000099999999958 0.00000000099999999958 0.99999999100000014352 0.00000000099999999958 0.00000000099999999958 0.00000000099999999958 0.00000000099999999958 0.00000000099999999958 
0.55021882134115085439 0.00000000099999999992 0.00000000099999999992 0.00000000099999999992 0.00000000099999999992 0.00000000099999999992 0.00000000099999999992 0.44978117065884942738 0.00000000099999999992 0.00000000099999999992 
0.36274990645043803106 0.00000000099999999992 0.00000000099999999992 0.00000000099999999992 0.00000000099999999992 0.00000000099999999992 0.00000000099999999992 0.63725008554956186213 0.00000000099999999992 0.00000000099999999992 
0.00000000099999999987 0.00000000099999999987 0.00000000099999999987 0.00000000099999999987 0.00000000099999999987 0.00000000099999999987 0.00000000099999999987 0.99999999100000003249 0.00000000099999999987 0.00000000099999999987 
0.00000000099999999964 0.00000000099999999964 0.00000000099999999964 0.00000000099999999964 0.99999999100000003249 0.00000000099999999964 0.00000000099999999964 0.00000000099999999964 0.00000000099999999964 0.00000000099999999964 
0.00000000099999999999 0.27237992886016365590 0.25136866257408607694 0.00000000099999999999 0.00915623023760392916 0.00000000099999999999 0.02847729448936576341 0.03445167615119550109 0.00000003610677828559 0.40416616858080683938 
0.00000000099999999986 0.00000000099999999986 0.00000000099999999986 0.00000000099999999986 0.00000000099999999986 0.00000000099999999986 0.00000000099999999986 0.00000000099999999986 0.00000000099999999986 0.99999999100000003249 
0.00001516506929578116 0.59855379369691019686 0.40143103423379428163 0.00000000099999999994 0.00000000099999999994 0.00000000099999999994 0.00000000099999999994 0.00000000099999999994 0.00000000099999999994 0.00000000099999999994 
0.00000000099999999986 0.00000000099999999986 0.00000000099999999986 0.00000000099999999986 0.00000000099999999986 0.00000000099999999986 0.00000000099999999986 0.00000000099999999986 0.00000000099999999986 0.99999999099999992147 
0.99999999100000014352 0.00000000099999999982 0.00000000099999999982 0.00000000099999999982 0.00000000099999999982 0.00000000099999999982 0.00000000099999999982 0.00000000099999999982 0.00000000099999999982 0.00000000099999999982 
0.00000000099999999999 0.31612049675900794066 0.29437696905294785665 0.00000000099999999999 0.00268493246965018258 0.00000000099999999999 0.00000000099999999999 0.00000000099999999999 0.20419072857488451689 0.18262686814350950759 
0.00000000099999999948 0.00000000099999999948 0.00000000099999999948 0.99999999100000014352 0.00000000099999999948 0.00000000099999999948 0.00000000099999999948 0.00000000099999999948 0.00000000099999999948 0.00000000099999999948 
0.00000000099999999990 0.00000000099999999990 0.00000000099999999990 0.00000000099999999990 0.00000000099999999990 0.00000000099999999990 0.00000000099999999990 0.00000000099999999990 0.99999999100000003249 0.00000000099999999990 
0.00000000099999999949 0.00000000099999999949 0.00000000099999999949 0.99999999100000014352 0.00000000099999999949 0.00000000099999999949 0.00000000099999999949 0.00000000099999999949 0.00000000099999999949 0.00000000099999999949 
0.00000000099999999997 0.15252883242705245204 0.47431005799570069570 0.00000000099999999997 0.00000000099999999997 0.00000000099999999997 0.07000737266680395754 0.02196466152111768017 0.27906882390220100199 0.00212024748712431876 
0.00000000099999999948 0.00000000099999999948 0.00000000099999999948 0.99999999100000003249 0.00000000099999999948 0.00000000099999999948 0.00000000099999999948 0.00000000099999999948 0.00000000099999999948 0.00000000099999999948 
0.00000000099999999998 0.15750701824346866053 0.30698616260383787546 0.00000000099999999998 0.00118330632582074177 0.00000000099999999998 0.00000000099999999998 0.00607499307249780279 0.52824851475437473169 0.00000000099999999998 
0.00000000099999999994 0.00000000099999999994 0.00000000099999999994 0.00000000099999999994 0.00000000099999999994 0.00000000099999999994 0.00000000099999999994 0.00000000099999999994 0.99999999100000003249 0.00000000099999999994 
0.00000000099999999984 0.00000000099999999984 0.00000000099999999984 0.00000000099999999984 0.00000000099999999984 0.00000000099999999984 0.00000000099999999984 0.99999999099999992147 0.00000000099999999984 0.00000000099999999984 
0.00000000099999999990 0.00000000099999999990 0.00000000099999999990 0.00000000099999999990 0.00000000099999999990 0.00000000099999999990 0.00000000099999999990 0.00000000099999999990 0.99999999099999992147 0.00000000099999999990 
0.00000000099999999942 0.00000000099999999942 0.00000000099999999942 0.00000000099999999942 0.00000000099999999942 0.99999999100000014352 0.00000000099999999942 0.00000000099999999942 0.00000000099999999942 0.00000000099999999942 
0.00000000099999999952 0.00000000099999999952 0.00000000099999999952 0.99999999100000014352 0.00000000099999999952 0.00000000099999999952 0.00000000099999999952 0.00000000099999999952 0.00000000099999999952 0.00000000099999999952 
0.00000000099999999998 0.21063090075773829857 0.20924628570410114259 0.00000000099999999998 0.00787286739705966333 0.00000000099999999998 0.00000000099999999998 0.09687648166282833428 0.31584599752707459563 0.15952746295119790698 
0.99999999100000014352 0.00000000099999999982 0.00000000099999999982 0.00000000099999999982 0.00000000099999999982 0.00000000099999999982 0.00000000099999999982 0.00000000099999999982 0.00000000099999999982 0.00000000099999999982 
0.00000000099999999966 0.00000000099999999966 0.00000000099999999966 0.00000000099999999966 0.99999999100000003249 0.00000000099999999966 0.00000000099999999966 0.00000000099999999966 0.00000000099999999966 0.00000000099999999966 
0.99999999100000025454 0.00000000099999999980 0.00000000099999999980 0.00000000099999999980 0.00000000099999999980 0.00000000099999999980 0.00000000099999999980 0.00000000099999999980 0.00000000099999999980 0.00000000099999999980 
0.04415418057473639163 0.32578151338705751972 0.33460169948226403669 0.00000000099999999999 0.00000000099999999999 0.00000000099999999999 0.00196708767916248381 0.00000000099999999999 0.23212756649125707020 0.06136794838552260545 
0.00000000099999999941 0.00000000099999999941 0.00000000099999999941 0.00000000099999999941 0.00000000099999999941 0.99999999100000014352 0.00000000099999999941 0.00000000099999999941 0.00000000099999999941 0.00000000099999999941 
0.00000000099999999950 0.00000000099999999950 0.00000000099999999950 0.00000000099999999950 0.99999999100000014352 0.00000000099999999950 0.00000000099999999950 0.00000000099999999950 0.00000000099999999950 0.00000000099999999950 
0.00000000099999999948 0.00000000099999999948 0.00000000099999999948 0.00000000099999999948 0.00000000099999999948 0.99999999100000014352 0.00000000099999999948 0.00000000099999999948 0.00000000099999999948 0.00000000099999999948 
0.00000000099999999999 0.00000000099999999999 0.28533361211559143955 0.00000000099999999999 0.01778302057074535383 0.00000000099999999999 0.00000000099999999999 0.00000000099999999999 0.41673187670519978854 0.28015148460846328593 
0.00000000099999999980 0.00000000099999999980 0.00000000099999999980 0.00000000099999999980 0.00000000099999999980 0.00000000099999999980 0.00000000099999999980 0.99999999099999992147 0.00000000099999999980 0.00000000099999999980 
0.65554352507719471088 0.00000000099999999989 0.00000000099999999989 0.00000000099999999989 0.00000000099999999989 0.00000000099999999989 0.00000000099999999989 0.34445646692280557088 0.00000000099999999989 0.00000000099999999989 
0.00000000099999999997 0.27413979245549519037 0.15543379569309540011 0.00000000099999999997 0.00000000099999999997 0.00000000099999999997 0.04180172589245678694 0.23078547630705478766 0.29783920465189761551 0.00000000099999999997 
0.00000000099999999999 0.27013972796273633126 0.24757558713867153233 0.00000000099999999999 0.01823770984384362817 0.00000000099999999999 0.01347460494072306308 0.01330311627173593088 0.16399673969451858402 0.27327251114777073582 
0.00000000099999999994 0.00000000318919072880 0.00000000099999999994 0.00000000099999999994 0.00000000099999999994 0.00000000099999999994 0.00000000099999999994 0.00000000099999999994 0.37619585498563135051 0.62380413482517804713 
0.02376394642546874811 0.12612672288148413235 0.22605781205198965944 0.00000000099999999997 0.00000000099999999997 0.00000000099999999997 0.00000000099999999997 0.00000000099999999997 0.62405151263119928995 0.00000000100985789767 
0.00000000099999999998 0.21628052244863912867 0.11499053452306697010 0.00000000099999999998 0.00000000099999999998 0.00000000099999999998 0.04049712772066780403 0.00000000099999999998 0.35648377004000403323 0.27174804026762189313 
0.00000000099999999995 0.00000000099999999995 0.30891196650657182232 0.00000000099999999995 0.00000000099999999995 0.00000000099999999995 0.00000000099999999995 0.00000000099999999995 0.33308290983270250063 0.35800511666072554195 
0.00417243792367004516 0.37297520623428193076 0.00000000099999999996 0.00000000099999999996 0.00000000099999999996 0.00000000099999999996 0.01045003831481956975 0.00000000099999999996 0.42731059322437758841 0.18509171930285067686 
0.00097400405772278488 0.28743487464741035442 0.00000020291535638709 0.00000000099999999998 0.00000000099999999998 0.00000000099999999998 0.00000000099999999998 0.00062348914426563976 0.40608729610670390997 0.30488012912854089986 
0.03267158141486598694 0.00000000099999999997 0.57545431153152948323 0.00000000099999999997 0.00000000099999999997 0.00000000099999999997 0.00000000099999999997 0.00000000099999999997 0.13717038641859680137 0.25470371463500801612 
0.99999999100000014352 0.00000000099999999981 0.00000000099999999981 0.00000000099999999981 0.00000000099999999981 0.00000000099999999981 0.00000000099999999981 0.00000000099999999981 0.00000000099999999981 0.00000000099999999981 
0.38094804312628532950 0.00000000099999999997 0.00000000099999999997 0.00000000099999999997 0.00000000099999999997 0.00000000099999999997 0.00000000099999999997 0.61853816037299969022 0.00051378950071468191 0.00000000099999999997 
0.00000000099999999958 0.00000000099999999958 0.00000000099999999958 0.00000000099999999958 0.00000000099999999958 0.99999999100000003249 0.00000000099999999958 0.00000000099999999958 0.00000000099999999958 0.00000000099999999958 
0.60242313276142267497 0.00000000099999999994 0.00000000099999999994 0.00000000099999999994 0.00000000099999999994 0.00000000099999999994 0.00000000099999999994 0.39757685923857744026 0.00000000099999999994 0.00000000099999999994 
0.60160759001727548423 0.00000000099999999995 0.00000000099999999995 0.00000000099999999995 0.00000000099999999995 0.00000000099999999995 0.00000000099999999995 0.39839240198272468652 0.00000000099999999995 0.00000000099999999995 
0.02005525999942838616 0.32479277064463168978 0.20623478521647350958 0.00000000099999999998 0.00338280721680187576 0.00000000099999999998 0.00000000099999999998 0.00000405203128393450 0.29859320098557340373 0.14693712090580718366 
0.00000000099999999940 0.00000000099999999940 0.00000000099999999940 0.99999999100000014352 0.00000000099999999940 0.00000000099999999940 0.00000000099999999940 0.00000000099999999940 0.00000000099999999940 0.00000000099999999940 
0.00000000099999999998 0.24504361151292750054 0.36225024131793803761 0.00000000099999999998 0.00000000099999999998 0.00000000099999999998 0.00000000099999999998 0.00000000099999999998 0.13942274111431057770 0.25328340005482391506 
0.01533218424930001683 0.43027746574296932280 0.19708843472292106314 0.00000000099999999998 0.00000000099999999998 0.00000000099999999998 0.00000000099999999998 0.00000000099999999998 0.34032745929115160166 0.01697445099365831045 
0.00000000099999999994 0.00000000099999999994 0.00000000099999999994 0.00000000099999999994 0.00000000099999999994 0.00000000099999999994 0.00000000099999999994 0.00000000099999999994 0.99999999099999992147 0.00000000099999999994 
0.01974258029486908317 0.29677210561614530970 0.23911001167009049428 0.00000000099999999999 0.00000000099999999999 0.00000000099999999999 0.02180826515249771266 0.00000000099999999999 0.23261967099101049650 0.18994736227538697171 
0.00000000099999999997 0.00000000099999999997 0.29368856134715864981 0.00000000099999999997 0.00000000099999999997 0.00000000099999999997 0.05125840222927763312 0.00000000099999999997 0.65505302942356369300 0.00000000099999999997 
0.00000000099999999991 0.00000000099999999991 0.99999999100000003249 0.00000000099999999991 0.00000000099999999991 0.00000000099999999991 0.00000000099999999991 0.00000000099999999991 0.00000000099999999991 0.00000000099999999991 
0.00000039839789962963 0.00000000099999999997 0.00000000099999999997 0.00000000099999999997 0.00000000099999999997 0.00000000099999999997 0.00000000308022877693 0.00000000099999999997 0.60746557519014776627 0.39253401733172382793 
0.00000000099999999987 0.00000000099999999987 0.00000000099999999987 0.00000000099999999987 0.00000000099999999987 0.00000000099999999987 0.00000000099999999987 0.00000000099999999987 0.00000000099999999987 0.99999999099999992147 
0.00000000099999999999 0.00000000099999999999 0.48743550291692711030 0.00000000099999999999 0.02813544111419953933 0.00000000099999999999 0.00000026677214498490 0.00946119874196289790 0.47496758545476525093 0.00000000099999999999 
0.00000000099999999992 0.00000000099999999992 0.99999999100000014352 0.00000000099999999992 0.00000000099999999992 0.00000000099999999992 0.00000000099999999992 0.00000000099999999992 0.00000000099999999992 0.00000000099999999992 
0.00000000099999999986 0.00000000099999999986 0.99999999100000003249 0.00000000099999999986 0.00000000099999999986 0.00000000099999999986 0.00000000099999999986 0.00000000099999999986 0.00000000099999999986 0.00000000099999999986 
0.00000000099999999998 0.00000000099999999998 0.00000000099999999998 0.00000000099999999998 0.01643257275375042611 0.00000000099999999998 0.01689567659250282988 0.00831244287995957024 0.48070495589982253914 0.47765434687396474134 
0.00000000099999999996 0.35867782579316959124 0.00000000099999999996 0.00000000099999999996 0.00520260011177849958 0.00000000099999999996 0.00000000099999999996 0.00000000099999999996 0.37129535224710191743 0.26482421584794973990 
0.00000000099999999992 0.00000000099999999992 0.00000000099999999992 0.00000000099999999992 0.00000000099999999992 0.00000000099999999992 0.00000000099999999992 0.00000000099999999992 0.99999999099999992147 0.00000000099999999992 
0.00000000099999999997 0.12625168521937735200 0.34668086550518539823 0.00000000099999999997 0.00000000099999999997 0.00000000099999999997 0.00692798617014272946 0.00000000099999999997 0.52013945710529441158 0.00000000099999999997 
0.02465683359481560949 0.12397087339570442288 0.27057553631129649396 0.00000000099999999997 0.00000000099999999997 0.00000000099999999997 0.05376303164423793662 0.00000000099999999997 0.28222064410460639960 0.24481307694933901464 
0.02167450354231444110 0.20167759484451217022 0.36907306346439866518 0.00000000099999999999 0.00000115366848399450 0.00000000099999999999 0.00216557437814427541 0.00000000099999999999 0.17799308457277615569 0.22741502252937048634 
0.00000000099999999997 0.00000000099999999997 0.37741714977717566448 0.00000000099999999997 0.00000000099999999997 0.00000000099999999997 0.02850487187943732265 0.02756796431698553887 0.00000000099999999997 0.56651000802640139042 
0.00000000099999999997 0.44358955941634797826 0.34899045243896631430 0.00000000099999999997 0.00000000099999999997 0.00000000099999999997 0.00155219299000741761 0.00252957492579551982 0.13525198811684285838 0.06808622811204001479 
0.00000000099999999996 0.13299582517983546404 0.53338320921895332472 0.00000000099999999996 0.00000000099999999996 0.00000000099999999996 0.00000000099999999996 0.02557276438023200343 0.30804819522097914852 0.00000000099999999996 
0.02102809382075770603 0.00000289330810067217 0.33314472785189463977 0.00000000100000000000 0.00000000100000000000 0.07322338131777032799 0.05804250870802996759 0.00000000100000000000 0.33737035364960726858 0.17718803834383925477 
0.00000000099999999992 0.00000000099999999992 0.00000000099999999992 0.00000000099999999992 0.00000000099999999992 0.00000000099999999992 0.00000000099999999992 0.00000000099999999992 0.99999999100000003249 0.00000000099999999992 
0.00000000099999999994 0.00000000099999999994 0.00000000099999999994 0.00000000099999999994 0.00000000099999999994 0.00000000099999999994 0.05934423769225367906 0.00001491324515731529 0.94064084206258891108 0.00000000099999999994 
0.00000000099999999996 0.34222052620116943933 0.36289632236639973728 0.00000000099999999996 0.00000000099999999996 0.00000000099999999996 0.02660833445619638707 0.01965501579294023568 0.24861979618329416164 0.00000000099999999996 
0.00000000099999999997 0.32487731144283782392 0.23445468619797102394 0.00000000099999999997 0.00468019242205445270 0.00000000099999999997 0.01167639737115441952 0.00000000099999999997 0.00000000099999999997 0.42431140756598240138 
0.00000000099999999996 0.30848432321396512812 0.03358139055625367075 0.00000000099999999996 0.00000000099999999996 0.00000000099999999996 0.02562864626762717188 0.01464130898908400785 0.23927500967475109905 0.37838931729831881690 
0.00000000099999999999 0.29589901003953011926 0.38816968868172380125 0.00000000099999999999 0.00000000099999999999 0.00000000099999999999 0.04330936792254416745 0.00000000099999999999 0.04865955001292996546 0.22396237834327220595 
0.00000000099999999997 0.20409006491854211895 0.32682052909135717034 0.00000000099999999997 0.00467331519973610693 0.00000000099999999997 0.01919037777369674014 0.01202744585629820888 0.31143397629412233885 0.12176428786624737821 
0.00000000099999999995 0.00000000099999999995 0.34045710990615501990 0.00000000099999999995 0.00000000099999999995 0.00000000099999999995 0.00000000099999999995 0.00000000099999999995 0.65954288209384470676 0.00000000099999999995 
0.00000000099999999995 0.29888217795181570846 0.25512261049400780655 0.00000000099999999995 0.00000000099999999995 0.00000000099999999995 0.00000000099999999995 0.04257910108605546945 0.40341610446812098401 0.00000000099999999995 
0.00000000099999999985 0.00000000099999999985 0.00000000099999999985 0.00000000099999999985 0.00000000099999999985 0.00000000099999999985 0.00000000099999999985 0.99999999099999992147 0.00000000099999999985 0.00000000099999999985 
0.26016647686210775392 0.00000000099999999995 0.00000000099999999995 0.00000000099999999995 0.00000000099999999995 0.00000000099999999995 0.00000000099999999995 0.73983351513789208376 0.00000000099999999995 0.00000000099999999995 
0.00000000099999999963 0.00000000099999999963 0.00000000099999999963 0.55375289470901412070 0.00000000099999999963 0.44624709729098593902 0.00000000099999999963 0.00000000099999999963 0.00000000099999999963 0.00000000099999999963 
0.00000000099999999952 0.00000000099999999952 0.00000000099999999952 0.00000000099999999952 0.99999999100000014352 0.00000000099999999952 0.00000000099999999952 0.00000000099999999952 0.00000000099999999952 0.00000000099999999952 
0.27507753648504185140 0.00000000099999999999 0.00000000099999999999 0.00000000099999999999 0.03534597067029501133 0.00000000099999999999 0.05017536670931235787 0.63110725605334716537 0.00000000099999999999 0.00829386508200358717 
0.00859361690823792074 0.43710597194135980548 0.00000000099999999996 0.00000000099999999996 0.00000000099999999996 0.00000000099999999996 0.00000000099999999996 0.00000000099999999996 0.55428093999314653750 0.00001946515725556572 
0.00000000099999999993 0.00000000099999999993 0.00000000099999999993 0.00000000099999999993 0.00000000099999999993 0.00000000099999999993 0.00000000099999999993 0.00000000099999999993 0.99999999100000003249 0.00000000099999999993 
0.00000000099999999988 0.00000000099999999988 0.00000000099999999988 0.00000000099999999988 0.00000000099999999988 0.00000000099999999988 0.00000000099999999988 0.99999999100000003249 0.00000000099999999988 0.00000000099999999988 
0.00000000099999999988 0.00000000099999999988 0.00000000099999999988 0.00000000099999999988 0.00000000099999999988 0.00000000099999999988 0.00000000099999999988 0.00000000099999999988 0.00000000099999999988 0.99999999100000003249 
0.00000000099999999996 0.19608669891360563931 0.31249832339850797114 0.00000000099999999996 0.00906212697415211509 0.00000000099999999996 0.00407914064065684027 0.00000000099999999996 0.28260692794269320904 0.19566677813038441114 
0.00000000099999999995 0.00000000099999999995 0.38110531196398234055 0.00000000099999999995 0.00000000099999999995 0.00000000099999999995 0.01236154531978248504 0.00000000099999999995 0.00000000099999999995 0.60653313571623490574 
0.00000000099999999951 0.00000000099999999951 0.00000000099999999951 0.50172160098308182796 0.00000000099999999951 0.49827839101691828727 0.00000000099999999951 0.00000000099999999951 0.00000000099999999951 0.00000000099999999951 
0.00000000099999999946 0.00000000099999999946 0.00000000099999999946 0.99999999100000014352 0.00000000099999999946 0.00000000099999999946 0.00000000099999999946 0.00000000099999999946 0.00000000099999999946 0.00000000099999999946 
0.00000000099999999940 0.00000000099999999940 0.00000000099999999940 0.99999999100000014352 0.00000000099999999940 0.00000000099999999940 0.00000000099999999940 0.00000000099999999940 0.00000000099999999940 0.00000000099999999940 
0.00000000099999999941 0.00000000099999999941 0.00000000099999999941 0.99999999100000003249 0.00000000099999999941 0.00000000099999999941 0.00000000099999999941 0.00000000099999999941 0.00000000099999999941 0.00000000099999999941 
0.00000000099999999938 0.00000000099999999938 0.00000000099999999938 0.00000000099999999938 0.00000000099999999938 0.99999999100000014352 0.00000000099999999938 0.00000000099999999938 0.00000000099999999938 0.00000000099999999938 
0.64375568121473702998 0.00000000099999999994 0.00000000099999999994 0.00000000099999999994 0.00000000099999999994 0.00000000099999999994 0.00000000099999999994 0.35624431078526325178 0.00000000099999999994 0.00000000099999999994 
0.00000000099999999999 0.32600560988132010198 0.41261008036975538316 0.00000000099999999999 0.00376876596946273046 0.00000000099999999999 0.01164605970212335452 0.00000000099999999999 0.24596947907733834882 0.00000000099999999999 
0.00000000099999999944 0.00000000099999999944 0.00000000099999999944 0.99999999100000014352 0.00000000099999999944 0.00000000099999999944 0.00000000099999999944 0.00000000099999999944 0.00000000099999999944 0.00000000099999999944 
0.00000000099999999942 0.00000000099999999942 0.00000000099999999942 0.00000000099999999942 0.00000000099999999942 0.99999999100000003249 0.00000000099999999942 0.00000000099999999942 0.00000000099999999942 0.00000000099999999942 
0.00000000099999999950 0.00000000099999999950 0.00000000099999999950 0.00000000099999999950 0.99999999100000003249 0.00000000099999999950 0.00000000099999999950 0.00000000099999999950 0.00000000099999999950 0.00000000099999999950 
0.00000000099999999950 0.00000000099999999950 0.00000000099999999950 0.00000000099999999950 0.99999999100000014352 0.00000000099999999950 0.00000000099999999950 0.00000000099999999950 0.00000000099999999950 0.00000000099999999950 
0.00000000099999999986 0.00000000099999999986 0.00000000099999999986 0.00000000099999999986 0.00000000099999999986 0.00000000099999999986 0.00000000099999999986 0.00000000099999999986 0.00000000099999999986 0.99999999100000003249 
0.00000000099999999951 0.00000000099999999951 0.00000000099999999951 0.51697062967133056155 0.00000000099999999951 0.48302936232866944266 0.00000000099999999951 0.00000000099999999951 0.00000000099999999951 0.00000000099999999951 
0.02268683706804051903 0.18412249596239582683 0.38918459953686190822 0.00000000099999999998 0.00000000099999999998 0.00000000099999999998 0.00000000099999999998 0.00000000099999999998 0.40400604565702746829 0.00000001677567432410 
0.00000000099999999997 0.00000000099999999997 0.37412898413773587603 0.00000000099999999997 0.00000000099999999997 0.00000000099999999997 0.00251706761630245959 0.00000000099999999997 0.48985160126980481499 0.13350234097615673590 
0.99999999100000014352 0.00000000099999999987 0.00000000099999999987 0.00000000099999999987 0.00000000099999999987 0.00000000099999999987 0.00000000099999999987 0.00000000099999999987 0.00000000099999999987 0.00000000099999999987 
0.00920822813824884179 0.35881655906108506082 0.16250770880857867695 0.00000000099999999996 0.00000000099999999996 0.00000000099999999996 0.00000000099999999996 0.00000000099999999996 0.35042238720429264021 0.11904511178779489389 
0.56779637755454659409 0.00000000099999999987 0.00000000099999999987 0.00000000099999999987 0.00000000099999999987 0.00000000099999999987 0.00000000099999999987 0.43220361444545363216 0.00000000099999999987 0.00000000099999999987 
0.00000000099999999989 0.99999999100000025454 0.00000000099999999989 0.00000000099999999989 0.00000000099999999989 0.00000000099999999989 0.00000000099999999989 0.00000000099999999989 0.00000000099999999989 0.00000000099999999989 
0.00000000099999999983 0.00000000099999999983 0.00000000099999999983 0.00000000099999999983 0.00000000099999999983 0.00000000099999999983 0.00000000099999999983 0.99999999099999992147 0.00000000099999999983 0.00000000099999999983 
0.00000000099999999990 0.99999999100000025454 0.00000000099999999990 0.00000000099999999990 0.00000000099999999990 0.00000000099999999990 0.00000000099999999990 0.00000000099999999990 0.00000000099999999990 0.00000000099999999990 
0.00000000099999999999 0.00000000099999999999 0.28665700149231299054 0.00000000099999999999 0.00833361323458482565 0.00000000099999999999 0.03143784817219650446 0.00000000099999999999 0.50577468466907615774 0.16779684743182948781 
0.00000000099999999949 0.00000000099999999949 0.00000000099999999949 0.99999999100000003249 0.00000000099999999949 0.00000000099999999949 0.00000000099999999949 0.00000000099999999949 0.00000000099999999949 0.00000000099999999949 
0.00000000099999999985 0.00000000099999999985 0.00000000099999999985 0.00000000099999999985 0.00000000099999999985 0.00000000099999999985 0.00000000099999999985 0.99999999100000003249 0.00000000099999999985 0.00000000099999999985 
0.00000000099999999941 0.00000000099999999941 0.00000000099999999941 0.99999999100000003249 0.00000000099999999941 0.00000000099999999941 0.00000000099999999941 0.00000000099999999941 0.00000000099999999941 0.00000000099999999941 
0.00000000099999999937 0.00000000099999999937 0.00000000099999999937 0.00000000099999999937 0.00000000099999999937 0.99999999100000003249 0.00000000099999999937 0.00000000099999999937 0.00000000099999999937 0.00000000099999999937 
0.00000000099999999990 0.00000000099999999990 0.99999999100000003249 0.00000000099999999990 0.00000000099999999990 0.00000000099999999990 0.00000000099999999990 0.00000000099999999990 0.00000000099999999990 0.00000000099999999990 
0.00000000099999999996 0.50928113215629999821 0.28692166426776027910 0.00000000099999999996 0.00000000099999999996 0.00000000099999999996 0.00000000099999999996 0.01806081260946737488 0.01935319101291458135 0.16638319495355791133 
0.00000000099999999988 0.00000000099999999988 0.99999999100000014352 0.00000000099999999988 0.00000000099999999988 0.00000000099999999988 0.00000000099999999988 0.00000000099999999988 0.00000000099999999988 0.00000000099999999988 
0.00000000099999999996 0.28745264810219389728 0.16558434012686576442 0.00000000099999999996 0.00000000099999999996 0.00000000099999999996 0.04245590273593671110 0.00000000099999999996 0.25404060741063372308 0.25046649662436965000 
0.00000121437539853697 0.25857539103277105141 0.24045580154199561185 0.00000000099999999998 0.00859790445882806231 0.00000000099999999998 0.03612349373056748109 0.00000000099999999998 0.45624619086043921579 0.00000000099999999998 
0.00000000099999999996 0.41786299826555167725 0.00000000099999999996 0.00000000099999999996 0.00000000099999999996 0.00000000099999999996 0.01774934805863575063 0.01585444679292891818 0.54853320088288359813 0.00000000099999999996 
0.00000000099999999994 0.00000000099999999994 0.00000000099999999994 0.00000000099999999994 0.00000000099999999994 0.00000000099999999994 0.00000000099999999994 0.00000000099999999994 0.56105169179936409396 0.43894830020063579923 
