0.01191969587360666889 0.97529115650027431439 0.01278914762611900284 
0.00000000099999999998 0.00000000099999999998 0.99999999799999994554 
0.00000000099999999997 0.00000000099999999997 0.99999999800000005656 
0.00000000099999999999 0.95561535070900882616 0.04438464829099116743 
0.00013621643759440666 0.99846110488299089081 0.00140267867941476477 
0.00000000099999999999 0.96669841367144093702 0.03330158532855911901 
0.00000000099999999998 0.00000000099999999998 0.99999999800000005656 
0.00000000099999999997 0.00000000099999999997 0.99999999800000005656 
0.00000000100000000000 0.98739189124334314496 0.01260810775665703598 
0.00000000099999999998 0.00000000099999999998 0.99999999799999994554 
0.00000000499951817192 0.98146609981671595335 0.01853389518376579240 
0.00000000099999999999 0.97466297800923173966 0.02533702099076827474 
0.00000000100000000000 0.99367445212709581970 0.00632554687290411925 
0.00147114083015353740 0.98151508290529154710 0.01701377626455497297 
0.01621060725392226010 0.98155667948288960467 0.00223271326318817123 
0.01292335112766431100 0.91961810520385256496 0.06745854366848323680 
0.00000000099999999999 0.99293154966090457769 0.00706844933909538467 
0.00730980495989008369 0.99269019404010994112 0.00000000100000000000 
0.01161970111184337448 0.98209242151448528091 0.00628787737367128910 
0.00000000099999999999 0.99720984239539678384 0.00279015660460335980 
0.00000000100000000000 0.99723153748560178222 0.00276846151439820833 
0.00000000099999999998 0.00000000099999999998 0.99999999800000005656 
0.00000000099999999999 0.97009054288918605824 0.02990945611081410188 
0.00000000099999999999 0.96154408440996541607 0.03845591459003454976 
0.00000000099999999999 0.96631200137207973189 0.03368799762792017150 
0.00000000099999999999 0.99999999799999994554 0.00000000099999999999 
0.78869539592932935701 0.04120198629165378740 0.17010261777901683478 
0.80425747608936259958 0.00639063984709187845 0.18935188406354538926 
0.00013989156058849084 0.99332639571233727338 0.00653371272707423990 
0.00000000100000000000 0.99999996260610246601 0.00000003639389759680 
0.00000000099999999999 0.97141784867915048629 0.02858215032084962526 
0.00000000099999999998 0.00000000099999999998 0.99999999800000005656 
0.24170008654001659543 0.45120507358223260752 0.30709483987775088032 
0.00000000099999999999 0.99986576000921378871 0.00013423899078627565 
0.99999999800000005656 0.00000000099999999989 0.00000000099999999989 
0.99999999799999994554 0.00000000099999999986 0.00000000099999999986 
0.99999999799999994554 0.00000000099999999987 0.00000000099999999987 
0.79596433230085017474 0.06292685480571243162 0.14110881289343737977 
0.80097614272688621995 0.02866794648079687771 0.17035591079231690581 
0.00000000099999999999 0.99816962789424956703 0.00183037110575048011 
0.00000000099999999998 0.00000000099999999998 0.99999999800000005656 
0.78705959260506053177 0.06144406462906848443 0.15149634276587101156 
0.00000000100000000000 0.97009076712235264850 0.02990923187764740407 
0.00000000099999999997 0.00000000099999999997 0.99999999799999994554 
0.78823357780174829745 0.02766242170461115715 0.18410400049364047947 
0.00000000099999999999 0.97631041377026472894 0.02368958522973540343 
0.78991587983749966817 0.04084959395033923440 0.16923452621216111824 
0.00000000099999999998 0.00000000099999999998 0.99999999800000005656 
0.00000000099999999996 0.00000000099999999996 0.99999999799999994554 
0.79246854880873840443 0.01813681442979366704 0.18939463676146794935 
0.80237818534388605229 0.03832116727227467129 0.15930064738383931111 
0.00000000099999999998 0.00000000099999999998 0.99999999800000005656 
0.00000000099999999998 0.00000000099999999998 0.99999999800000005656 
0.00000000099999999998 0.00000000099999999998 0.99999999800000005656 
0.79294619586459591520 0.03796193273099376930 0.16909187140441031549 
0.00568457684482571394 0.94303101393319643808 0.05128440922197782109 
0.01476517865476295252 0.97441665487255346711 0.01081816647268357169 
0.00000000099999999999 0.97268523400058004569 0.02731476499941996178 
0.00000000099999999999 0.98164277461651505696 0.01835722438348500948 
0.00000000099999999998 0.00000000099999999998 0.99999999799999994554 
0.00496474836522171545 0.99449532835762444183 0.00053992327715389314 
0.99999999799999994554 0.00000000099999999988 0.00000000099999999988 
0.00000000099999999999 0.98461477535486185975 0.01538522364513805751 
0.99999999799999994554 0.00000000099999999989 0.00000000099999999989 
0.00000000100000000000 0.95361779253181766514 0.04638220646818236315 
0.99999999799999994554 0.00000000099999999988 0.00000000099999999988 
0.00000000099999999999 0.98634656307408552500 0.01365343592591444950 
0.00075262966468315237 0.98246731725531000201 0.01678005308000680290 
0.00000000099999999997 0.00000000099999999997 0.99999999799999994554 
0.00000000099999999999 0.99999817145101688176 0.00000182754898316580 
0.99999999800000005656 0.00000000099999999988 0.00000000099999999988 
0.99999999799999994554 0.00000000099999999989 0.00000000099999999989 
0.00000000100000000000 0.90828086025023935246 0.09171913874976059255 
0.00000000099999999997 0.00000000099999999997 0.99999999800000005656 
0.77097759959514200467 0.07089941151527216767 0.15812298888958586929 
0.00000000099999999997 0.00000000099999999997 0.99999999800000005656 
0.00000000100000000000 0.95966714349371784465 0.04033285550628213506 
0.99999999799999994554 0.00000000099999999987 0.00000000099999999987 
0.81086569431316735113 0.02849720493118484271 0.16063710075564782698 
0.99999999799999994554 0.00000000099999999991 0.00000000099999999991 
0.01442170333749729673 0.98101016638592319907 0.00456813027657963170 
0.00000000099999999997 0.00000000099999999997 0.99999999800000005656 
0.00000000099999999998 0.00000000099999999998 0.99999999799999994554 
0.00000000099999999999 0.76313619373380880972 0.23686380526619113529 
0.00000709681274624083 0.99108160078513141134 0.00891130240212230709 
0.00000000099999999999 0.98568091797244250518 0.01431908102755747453 
0.00000000099999999999 0.97142565063077890297 0.02857434836922112878 
0.00000000099999999999 0.99858196735199122873 0.00141803164800877028 
0.00000000099999999999 0.99999999800000005656 0.00000000099999999999 
0.00000000099999999999 0.98309299235060954025 0.01690700664939054701 
0.00000000099999999999 0.98213329503037138934 0.01786670396962858343 
0.00000000100000000000 0.96048198643209559133 0.03951801256790436062 
0.00000000099999999998 0.00000000099999999998 0.99999999800000005656 
0.00000000099999999999 0.00031914245292450380 0.99968085654707550258 
0.99999999800000005656 0.00000000099999999992 0.00000000099999999992 
0.00000000099999999998 0.00000000099999999998 0.99999999799999994554 
0.00000000099999999999 0.00000000099999999999 0.99999999800000005656 
0.00000000099999999999 0.97095442060208170254 0.02904557839791841942 
0.99999999799999994554 0.00000000099999999986 0.00000000099999999986 
0.00000214593704843810 0.99999785117404071944 0.00000000288891087148 
0.00000000099999999999 0.97792323034092332179 0.02207676865907680017 
0.00867370307379680856 0.98696444686253137490 0.00436185006367188766 
0.00000000100678665828 0.96969603481659483180 0.03030396417661854191 
0.00000000187998792327 0.99330361254973598140 0.00669638557027615617 
0.00000000100000000000 0.95951522916929654627 0.04048476983070350282 
0.00000000100000000000 0.99601848459972053274 0.00398151440027954412 
0.00000000100000000000 0.98004588389079594357 0.01995411510920393205 
0.01918117108383143518 0.95890003121959499488 0.02191879769657354912 
0.00000017026409521349 0.98973765507531930030 0.01026217466058544289 
0.00000000099999999999 0.99963150348947527046 0.00036849551052465889 
0.01574983012983747349 0.95317537227338577921 0.03107479759677674383 
0.00000000099999999999 0.99999990393019133617 0.00000009506980862687 
0.00000000100000000000 0.98466244962874349689 0.01533754937125659384 
0.00000000099999999999 0.99854103960411522145 0.00145895939588485887 
0.00000000099999999999 0.96402849828905334828 0.03597150071094669388 
0.00000000100000000000 0.98026691094355389300 0.01973308805644622202 
0.00000000100000000000 0.95661023569996539440 0.04338976330003457144 
0.00000000100000000000 0.99366393066515024124 0.00633606833484978878 
0.00000000099999999999 0.97051966418689250560 0.02948033481310756432 
0.07530933485629204283 0.89392091239112492218 0.03076975275258309397 
0.00000000099999999999 0.99308540337195194692 0.00691459562804803106 
0.00000000099999999999 0.97860391968401050367 0.02139607931598955237 
0.00000000099999999999 0.96948508502950914156 0.03051491397049087284 
0.00000000597668305572 0.99650083319581916896 0.00349916082749770433 
0.00000000099999999999 0.98378970750294025827 0.01621029149705970757 
0.00416700526214192155 0.98616742414579883214 0.00966557059205923504 
0.00000000099999999999 0.97657528121779513253 0.02342471778220495127 
0.00000000099999999999 0.99999998901385622752 0.00000000998614388042 
0.00000000099999999999 0.96313088780869460237 0.03686911119130542591 
0.00000000099999999997 0.00000000099999999997 0.99999999799999994554 
0.00000000099999999999 0.00000002205479563792 0.99999997694520426084 
0.99999999800000005656 0.00000000099999999991 0.00000000099999999991 
0.81583073690616059181 0.02104172589984749930 0.16312753719399178398 
0.01400126150196208917 0.06316232264948545838 0.92283641584855247153 
0.00000000099999999999 0.98352276565065821501 0.01647723334934185838 
0.00000000254786461910 0.96755071512999935024 0.03244928232213612623 
0.00000000099999999999 0.00000000099999999999 0.99999999800000005656 
0.00000000099999999999 0.97776246744928296817 0.02223753155071700460 
0.00000000099999999999 0.99159372482189267473 0.00840627417810726162 
0.00000000099999999999 0.99999999800000005656 0.00000000099999999999 
0.99999999800000005656 0.00000000099999999987 0.00000000099999999987 
0.99999999800000005656 0.00000000099999999987 0.00000000099999999987 
0.99999999800000005656 0.00000000099999999986 0.00000000099999999986 
0.99999999800000005656 0.00000000099999999986 0.00000000099999999986 
0.99999999800000005656 0.00000000099999999988 0.00000000099999999988 
0.00000000099999999999 0.00000000099999999999 0.99999999800000005656 
0.00007215865879049759 0.99294440447107501502 0.00698343687013448788 
0.99999999800000005656 0.00000000099999999987 0.00000000099999999987 
0.99999999800000005656 0.00000000099999999988 0.00000000099999999988 
0.81933958076233814882 0.00016507961541897996 0.18049533962224273420 
0.81112308929056808893 0.02662529715315281945 0.16225161355627912285 
0.00000000100000000000 0.99999862690631069473 0.00000137209368928019 
0.99999999799999994554 0.00000000099999999988 0.00000000099999999988 
0.00000000100000000000 0.98135665581516584588 0.01864334318483411995 
0.00000000099999999999 0.99999999799999994554 0.00000000099999999999 
0.00000000099999999999 0.03699220976839016906 0.96300778923160978984 
0.00000000099999999999 0.98495574175860911570 0.01504425724139100452 
0.00000000099999999997 0.00000000099999999997 0.99999999799999994554 
0.00000000099999999999 0.97179659191704237386 0.02820340708295770299 
0.00000000099999999997 0.00000000099999999997 0.99999999800000005656 
0.00220838553206413905 0.97801589320779314107 0.01977572126014280271 
0.00244069255393998411 0.99696245554617712870 0.00059685189988293750 
0.99999999800000005656 0.00000000099999999988 0.00000000099999999988 
0.00000000099999999998 0.00000000099999999998 0.99999999800000005656 
0.99999999799999994554 0.00000000099999999986 0.00000000099999999986 
0.99999999800000005656 0.00000000099999999988 0.00000000099999999988 
0.00000000099999999999 0.98669391159015884529 0.01330608740984115176 
0.00000000099999999999 0.96965297149686224820 0.03034702750313774192 
0.00000000099999999999 0.98989174676792879293 0.01010825223207120760 
0.00000000099999999999 0.99078804466354175595 0.00921195433645822202 
0.00000000100000000000 0.98528466646057355494 0.01471533253942647855 
0.00000000099999999999 0.97531507307641251980 0.02468492592358746684 
0.00000000099999999999 0.99999999799999994554 0.00000000099999999999 
0.00000000099999999998 0.00348493407028580525 0.99651506492971408946 
0.00000000099999999999 0.99999704395952582203 0.00000295504047422614 
0.99999999800000005656 0.00000000099999999987 0.00000000099999999987 
0.00000000100000000000 0.99800285419774104057 0.00199714480225900203 
0.99999999799999994554 0.00000000099999999996 0.00000000099999999996 
0.99999999800000005656 0.00000000099999999989 0.00000000099999999989 
0.00000000099999999999 0.97295712410292090055 0.02704287489707912426 
0.00000000100000000000 0.99999998067299722404 0.00000001832700274693 
0.00000000100000000000 0.97713630829492803542 0.02286369070507193041 
0.99999999799999994554 0.00000000099999999990 0.00000000099999999990 
0.00000000099999999997 0.00000000099999999997 0.99999999800000005656 
0.00000000099999999997 0.00000000099999999997 0.99999999800000005656 
0.99999999800000005656 0.00000000099999999989 0.00000000099999999989 
0.00000000100000000000 0.98801026483398191047 0.01198973416601818547 
0.00000000128238509659 0.95248835291056599406 0.04751164580704882179 
0.99999999800000005656 0.00000000099999999989 0.00000000099999999989 
0.00000000099999999999 0.98742151896834229330 0.01257848003165777141 
0.00000000099999999997 0.00000000099999999997 0.99999999799999994554 
0.18742039132024213011 0.55153334248183949473 0.26104626619791848618 
0.00042243770722442448 0.96804430759841653131 0.03153325469435898365 
0.00000000100000000000 0.95804623602670568872 0.04195376297329426324 
0.00000000100000000000 0.99482425288285225573 0.00517574611714773179 
0.00000000099999999999 0.99933853420041673932 0.00066146479958319345 
0.00000000099999999999 0.99999999800000005656 0.00000000099999999999 
0.00000000099999999999 0.98883007333387218374 0.01116992566612782199 
0.00000000100000000000 0.98548966060583487181 0.01451033839416518423 
0.01101253258951490240 0.96158745900134001694 0.02740000840914518301 
0.00000000099999999998 0.00000000099999999998 0.99999999800000005656 
0.00000000099999999999 0.97432011859343603533 0.02567988040656408663 
0.00000000100000000000 0.99999998066081385861 0.00000001833918619083 
0.00000000100000000000 0.94934196133234571846 0.05065803766765433758 
0.00000000099999999999 0.98102794700931417182 0.01897205199068576972 
0.00189997456140559976 0.95868867673583513245 0.03941134870275931484 
0.00000000099999999999 0.99999842535381866515 0.00000157364618135815 
0.00000000100000000000 0.97845172212398867639 0.02154827687601134842 
0.00000000099999999999 0.00274261156782135964 0.99725738743217873239 
0.00000000100000000000 0.97123001915069873125 0.02876997984930136296 
0.00000000100000000000 0.98913537790110506176 0.01086462109889497173 
0.01061541405416637288 0.97631597109054657491 0.01306861485528709038 
0.00000000099999999999 0.00000004807875388613 0.99999995092124605023 
0.01969730301831506061 0.95005482285689568656 0.03024787412478917997 
0.00000000556390924011 0.98543753713323267718 0.01456245730285814395 
0.00000000099999999999 0.51393036234269218188 0.48606963665730795743 
0.00000000099999999999 0.97119004844551370947 0.02880995055448638126 
0.99999999799999994554 0.00000000099999999990 0.00000000099999999990 
0.00000030069899005225 0.97058189526979243844 0.02941780403121754123 
0.00000000100000000000 0.96983355570418927627 0.03016644329581082140 
