0.50280525770655992712 0.47441229888078334520 0.00103431395374542490 0.00018750201038410249 0.02156062744852727323 
0.00000000099999999996 0.00000000099999999996 0.99999999600000000211 0.00000000099999999996 0.00000000099999999996 
0.00000000099999999996 0.00000000099999999996 0.99999999600000000211 0.00000000099999999996 0.00000000099999999996 
0.44314372856157102643 0.51999458972388445943 0.03534196884346615247 0.00000000099999999999 0.00151971187107837629 
0.53965483963358873432 0.45280203480893355117 0.00000000100000000000 0.00000000100000000000 0.00754312355747780057 
0.00000000099999999998 0.99944408860097300185 0.00055590839902712940 0.00000000099999999998 0.00000000099999999998 
0.00000000099999999997 0.00000000099999999997 0.99999999600000000211 0.00000000099999999997 0.00000000099999999997 
0.00000000099999999995 0.00000000099999999995 0.99999999599999989108 0.00000000099999999995 0.00000000099999999995 
0.35668109552041610266 0.62517630368951992992 0.00361905586247586019 0.00000000099999999999 0.01452354392758831159 
0.00000000099999999996 0.00000000099999999996 0.99999999599999989108 0.00000000099999999996 0.00000000099999999996 
0.55994343459711803934 0.41812487931306480116 0.01387900525337505686 0.00000000099999999999 0.00805267983644225062 
0.49112539980378039361 0.48518599381835642026 0.01661305068166660584 0.00000000099999999999 0.00707555469619673260 
0.36062075323369324753 0.63703101140944207170 0.00005818711643968295 0.00000000100000000000 0.00229004724042496761 
0.53662555490159258298 0.44504697709206281209 0.00235047453911284374 0.00000000099999999999 0.01597699246723179381 
0.99999999600000011313 0.00000000099999999997 0.00000000099999999997 0.00000000099999999997 0.00000000099999999997 
0.45044192261298049429 0.46436691577473609982 0.05570266348590589139 0.00000000099999999999 0.02948849712637756013 
0.44956328010317042621 0.55000918534234533031 0.00042753255448432645 0.00000000099999999999 0.00000000099999999999 
0.51732682703569299321 0.47664053423051533365 0.00000000099999999999 0.00268010603597950564 0.00335253169781213377 
0.54569846485576956052 0.44377370920548031563 0.00000011066125237942 0.00533632674562635988 0.00519138853187144349 
0.59175827730086361100 0.40591340192178043678 0.00000000099999999998 0.00000000099999999998 0.00232831877735596845 
0.59350265445864835989 0.40649734254135161393 0.00000000099999999999 0.00000000099999999999 0.00000000099999999999 
0.00000000099999999997 0.00000000099999999997 0.99999999599999989108 0.00000000099999999997 0.00000000099999999997 
0.57826291899484350001 0.39636462876111733244 0.02537245024403916860 0.00000000099999999999 0.00000000099999999999 
0.00000000099999999995 0.99999999600000000211 0.00000000099999999995 0.00000000099999999995 0.00000000099999999995 
0.40732656612866008361 0.56605446198147790771 0.02661896988986212076 0.00000000099999999998 0.00000000099999999998 
0.00000000099999999997 0.99999999600000000211 0.00000000099999999997 0.00000000099999999997 0.00000000099999999997 
0.00000000099999999983 0.00000000099999999983 0.00000000099999999983 0.00000000099999999983 0.99999999599999989108 
0.00000000099999999980 0.00000000099999999980 0.00000000099999999980 0.00000000099999999980 0.99999999599999989108 
0.00000000099999999998 0.99999999600000000211 0.00000000099999999998 0.00000000099999999998 0.00000000099999999998 
0.00000000099999999997 0.99999999600000000211 0.00000000099999999997 0.00000000099999999997 0.00000000099999999997 
0.40416561767714376252 0.57309624859314423073 0.02273813172971192800 0.00000000099999999999 0.00000000099999999999 
0.00000000099999999997 0.00000014857557883728 0.99999984842442124489 0.00000000099999999997 0.00000000099999999997 
0.00000000099999999996 0.42939339196417991573 0.21320082708301904550 0.00000000099999999996 0.35740577895280095655 
0.47579578471695088693 0.52420421228304903138 0.00000000099999999999 0.00000000099999999999 0.00000000099999999999 
0.00000000099999999980 0.00000000099999999980 0.00000000099999999980 0.99999999599999989108 0.00000000099999999980 
0.00000000099999999975 0.00000000099999999975 0.00000000099999999975 0.99999999600000000211 0.00000000099999999975 
0.00000000099999999975 0.00000000099999999975 0.00000000099999999975 0.99999999600000000211 0.00000000099999999975 
0.00000000099999999984 0.00000000099999999984 0.00000000099999999984 0.00000000099999999984 0.99999999600000000211 
0.00000000099999999982 0.00000000099999999982 0.00000000099999999982 0.00000000099999999982 0.99999999600000000211 
0.99999999600000000211 0.00000000099999999995 0.00000000099999999995 0.00000000099999999995 0.00000000099999999995 
0.00000000099999999997 0.00000000099999999997 0.99999999600000000211 0.00000000099999999997 0.00000000099999999997 
0.00000000099999999982 0.00000000099999999982 0.00000000099999999982 0.00000000099999999982 0.99999999599999989108 
0.60078462512843078258 0.37026358670124154271 0.02043932901105155117 0.00000000099999999999 0.00851245815927620386 
0.00000000099999999995 0.00000000099999999995 0.99999999600000000211 0.00000000099999999995 0.00000000099999999995 
0.00000000099999999985 0.00000000099999999985 0.00000000099999999985 0.00000000099999999985 0.99999999600000000211 
0.45356651677447790139 0.52732262036619348411 0.01330410746386268689 0.00000000099999999999 0.00580675439546594289 
0.00000000099999999983 0.00000000099999999983 0.00000000099999999983 0.00000000099999999983 0.99999999600000000211 
0.00000000099999999996 0.00000000099999999996 0.99999999600000000211 0.00000000099999999996 0.00000000099999999996 
0.00000000099999999994 0.00000000099999999994 0.99999999600000000211 0.00000000099999999994 0.00000000099999999994 
0.00000000099999999980 0.00000000099999999980 0.00000000099999999980 0.00000000099999999980 0.99999999599999989108 
0.00000000099999999982 0.00000000099999999982 0.00000000099999999982 0.00000000099999999982 0.99999999600000000211 
0.00000000099999999996 0.00000000099999999996 0.99999999599999989108 0.00000000099999999996 0.00000000099999999996 
0.00000000099999999996 0.00000000099999999996 0.99999999599999989108 0.00000000099999999996 0.00000000099999999996 
0.00000024725640445199 0.00000000099999999997 0.99999974974359551183 0.00000000099999999997 0.00000000099999999997 
0.00000000099999999985 0.00000000099999999985 0.00000000099999999985 0.00000000099999999985 0.99999999600000000211 
0.53621374965432000437 0.40646623578097262897 0.04241818585410307707 0.00000000100000000000 0.01490182771060428665 
0.99999961796407821346 0.00000000099999999997 0.00000000099999999997 0.00000000099999999997 0.00000037903592196994 
0.99999999600000000211 0.00000000099999999995 0.00000000099999999995 0.00000000099999999995 0.00000000099999999995 
0.44957928216052567283 0.53806145273921723859 0.01170798739126728202 0.00000000099999999999 0.00065127670898973162 
0.00000000099999999996 0.00000000099999999996 0.99999999600000000211 0.00000000099999999996 0.00000000099999999996 
0.40130226564980631121 0.59232643708630472457 0.00000000100000000000 0.00080640390482275776 0.00556489235906630023 
0.00000000099999999979 0.00000000099999999979 0.00000000099999999979 0.99999999600000000211 0.00000000099999999979 
0.56003346351022531557 0.42965824142854180945 0.00506769111242397468 0.00000000099999999998 0.00524060294880885052 
0.00000000099999999979 0.00000000099999999979 0.00000000099999999979 0.99999999600000000211 0.00000000099999999979 
0.42077152010071100507 0.54298869501575175445 0.03623978288353709581 0.00000000100000000000 0.00000000100000000000 
0.00000000099999999980 0.00000000099999999980 0.00000000099999999980 0.99999999600000000211 0.00000000099999999980 
0.41150337009547227618 0.58036088467810609259 0.00578061744008560863 0.00000000099999999999 0.00235512678633620917 
0.34474705144647682653 0.63966948398032286160 0.01042341619206460859 0.00000000100000000000 0.00516004738113563354 
0.00000000099999999994 0.00000000099999999994 0.99999999600000000211 0.00000000099999999994 0.00000000099999999994 
0.00000000099999999995 0.99999999600000011313 0.00000000099999999995 0.00000000099999999995 0.00000000099999999995 
0.00000000099999999980 0.00000000099999999980 0.00000000099999999980 0.99999999599999989108 0.00000000099999999980 
0.00000000099999999982 0.00000000099999999982 0.00000000099999999982 0.99999999600000000211 0.00000000099999999982 
0.55892633735118124605 0.34830300904413541430 0.08323180583082895323 0.00000000099999999999 0.00953884677385443726 
0.00000000099999999995 0.00000000099999999995 0.99999999600000000211 0.00000000099999999995 0.00000000099999999995 
0.00000000099999999985 0.00000000099999999985 0.00000000099999999985 0.00000000099999999985 0.99999999599999989108 
0.00000000099999999995 0.00000000099999999995 0.99999999599999989108 0.00000000099999999995 0.00000000099999999995 
0.55633550836809320117 0.40957021184219905008 0.03409427778970779144 0.00000000099999999999 0.00000000099999999999 
0.00000000099999999978 0.00000000099999999978 0.00000000099999999978 0.99999999600000000211 0.00000000099999999978 
0.00000000099999999979 0.00000000099999999979 0.00000000099999999979 0.00000000099999999979 0.99999999599999989108 
0.00000000099999999982 0.00000000099999999982 0.00000000099999999982 0.99999999599999989108 0.00000000099999999982 
0.51448162984530465547 0.46612091375454262066 0.00000003510575641330 0.00162228217410158651 0.01777513912029473134 
0.00000000099999999994 0.00000000099999999994 0.99999999600000000211 0.00000000099999999994 0.00000000099999999994 
0.00000000099999999995 0.00000000099999999995 0.99999999599999989108 0.00000000099999999995 0.00000000099999999995 
0.25494439822031739196 0.51003758100859641900 0.23361315049617994988 0.00000000099999999999 0.00140486927490635484 
0.48884258932092089500 0.48665561828756898066 0.00221192360768059917 0.00000000099999999999 0.02228986778382942985 
0.58049338612386991443 0.41540704346877432851 0.00409956840735578761 0.00000000099999999999 0.00000000099999999999 
0.31620995159512910178 0.66110812332699386840 0.02268192307787708986 0.00000000099999999999 0.00000000099999999999 
0.51062563771664859491 0.48936828197733467372 0.00000000099999999999 0.00000000099999999999 0.00000607830601696112 
0.34824341642377143469 0.65175658057622842811 0.00000000099999999998 0.00000000099999999998 0.00000000099999999998 
0.58097044431546163157 0.41635228594009210390 0.00267726774444632630 0.00000000099999999998 0.00000000099999999998 
0.43346020741654817110 0.55007346253711475459 0.00861139462411987695 0.00000000099999999999 0.00785493442221711288 
0.48208514545438457821 0.48281602918116983680 0.03509882336444559991 0.00000000099999999999 0.00000000099999999999 
0.00000000099999999996 0.00000000099999999996 0.99999999599999989108 0.00000000099999999996 0.00000000099999999996 
0.01952619525046853793 0.00000000099999999998 0.98047380174953147058 0.00000000099999999998 0.00000000099999999998 
0.00000000099999999988 0.00000000099999999988 0.00000000099999999988 0.99999999600000000211 0.00000000099999999988 
0.00000000099999999997 0.00000000099999999997 0.99999999599999989108 0.00000000099999999997 0.00000000099999999997 
0.00124459805986890538 0.00000000099999999998 0.99875539894013110054 0.00000000099999999998 0.00000000099999999998 
0.60460736917826263248 0.37435249261132585996 0.01657503341362714239 0.00000000099999999999 0.00446510379678424774 
0.00000000099999999975 0.00000000099999999975 0.00000000099999999975 0.99999999599999989108 0.00000000099999999975 
0.53606947690877204682 0.46201597967152463475 0.00000000099999999999 0.00000000099999999999 0.00191454141970328218 
0.64929226632016845411 0.33957886502749984325 0.01057372878231983490 0.00000000099999999999 0.00055513887001190925 
0.00000000099999999998 0.99999999600000011313 0.00000000099999999998 0.00000000099999999998 0.00000000099999999998 
0.99999999600000011313 0.00000000099999999998 0.00000000099999999998 0.00000000099999999998 0.00000000099999999998 
0.63360111708615163284 0.36639887991384828547 0.00000000099999999999 0.00000000099999999999 0.00000000099999999999 
0.36775015617698125769 0.59425948054713839674 0.03799036127588027723 0.00000000100000000000 0.00000000100000000000 
0.39373830660880609900 0.60363688387088876297 0.00000044574614794572 0.00000000099999999999 0.00262436277415713367 
0.53215464586237770650 0.45266707509449233271 0.00936069655048307053 0.00000000099999999999 0.00581758149264682920 
0.41344921837388998176 0.54445231744206123992 0.00942350216967149067 0.00368711851834748828 0.02898784349602974084 
0.49490510656616909513 0.49320636930711908574 0.00167499249552543897 0.00000000099999999999 0.01021353063118651990 
0.99999999600000000211 0.00000000099999999995 0.00000000099999999995 0.00000000099999999995 0.00000000099999999995 
0.48448869487601192718 0.46911291775024738238 0.02146058799527014380 0.00003832286986232087 0.02489947650860827380 
0.99999999600000011313 0.00000000099999999996 0.00000000099999999996 0.00000000099999999996 0.00000000099999999996 
0.00000000099999999997 0.99999999600000011313 0.00000000099999999997 0.00000000099999999997 0.00000000099999999997 
0.00000000099999999997 0.99999999600000000211 0.00000000099999999997 0.00000000099999999997 0.00000000099999999997 
0.50777199390540150858 0.46191696079688876475 0.03031104329770984568 0.00000000099999999999 0.00000000099999999999 
0.42005328561591304126 0.56275920168037918412 0.01089707881577918827 0.00000000100000000000 0.00629043288792853050 
0.36028037963281200895 0.60236836435148488622 0.03735125401570296710 0.00000000099999999999 0.00000000099999999999 
0.00000000099999999997 0.99999999600000000211 0.00000000099999999997 0.00000000099999999997 0.00000000099999999997 
0.37501459010911086800 0.60189347496985823316 0.02309193292103074724 0.00000000099999999999 0.00000000099999999999 
0.46592847914446361424 0.44224708973115467447 0.01980933208897157904 0.06835303438390365194 0.00366206465150620318 
0.40191041861599430263 0.59802634979630697742 0.00006322958769877163 0.00000000099999999999 0.00000000099999999999 
0.42662803225680701047 0.55828313341624313804 0.01508883232694980051 0.00000000099999999998 0.00000000099999999998 
0.44041226326630156240 0.53664584806386550486 0.02294188666983286093 0.00000000099999999998 0.00000000099999999998 
0.50599245027987738155 0.47972080993154753159 0.00000000099999999999 0.00000000099999999999 0.01428673778857524751 
0.39653378187704974023 0.59157918430348943595 0.01188703181946079886 0.00000000099999999998 0.00000000099999999998 
0.40340794825598846884 0.58785947680392314219 0.00038574961502271294 0.00333445271835648618 0.00501237260670916746 
0.56809702615085022614 0.41635261134089668333 0.00796073888514428618 0.00000000099999999999 0.00758962262310884737 
0.42395928939922955525 0.57604070682330532627 0.00000000099999999999 0.00000000099999999999 0.00000000177746517158 
0.35036785018811122949 0.61953797644965635794 0.03009417136223249689 0.00000000099999999998 0.00000000099999999998 
0.00000000099999999995 0.00000000099999999995 0.99999999599999989108 0.00000000099999999995 0.00000000099999999995 
0.00000000099999999998 0.00000000099999999998 0.99999999599999989108 0.00000000099999999998 0.00000000099999999998 
0.00000000099999999983 0.00000000099999999983 0.00000000099999999983 0.99999999599999989108 0.00000000099999999983 
0.00000000099999999980 0.00000000099999999980 0.00000000099999999980 0.00000000099999999980 0.99999999599999989108 
0.00000000099999999999 0.05992075924442421403 0.90206286908381616563 0.00000000099999999999 0.03801636967175970466 
0.43567331129982672655 0.55178445643641438334 0.01254223026375890504 0.00000000099999999998 0.00000000099999999998 
0.54141536192098482783 0.43396847525740150919 0.02459437597538624218 0.00000000100000000000 0.00002178584622739682 
0.00000000099999999999 0.00000000099999999999 0.99589934535733593002 0.00000000099999999999 0.00410065164266402212 
0.41720225829835938525 0.56802092210139942807 0.01477681760024109232 0.00000000099999999999 0.00000000099999999999 
0.42188033701603522285 0.56680550051080325069 0.00000160684593047254 0.00000000099999999998 0.01131255462723106293 
0.29050656604126212645 0.70949307238493231065 0.00000000099999999999 0.00000000099999999999 0.00000035957380562287 
0.00000000099999999978 0.00000000099999999978 0.00000000099999999978 0.99999999600000000211 0.00000000099999999978 
0.00000000099999999979 0.00000000099999999979 0.00000000099999999979 0.99999999600000000211 0.00000000099999999979 
0.00000000099999999975 0.00000000099999999975 0.00000000099999999975 0.99999999600000000211 0.00000000099999999975 
0.00000000099999999976 0.00000000099999999976 0.00000000099999999976 0.99999999599999989108 0.00000000099999999976 
0.00000000099999999976 0.00000000099999999976 0.00000000099999999976 0.99999999599999989108 0.00000000099999999976 
0.00000000099999999998 0.00000000099999999998 0.99999999599999989108 0.00000000099999999998 0.00000000099999999998 
0.58912362626339598304 0.40357914023820651295 0.00000023269896038814 0.00000000099999999999 0.00729699979943716596 
0.00000000099999999976 0.00000000099999999976 0.00000000099999999976 0.99999999599999989108 0.00000000099999999976 
0.00000000099999999980 0.00000000099999999980 0.00000000099999999980 0.99999999600000000211 0.00000000099999999980 
0.00000000099999999979 0.00000000099999999979 0.00000000099999999979 0.00000000099999999979 0.99999999599999989108 
0.00000000099999999979 0.00000000099999999979 0.00000000099999999979 0.00000000099999999979 0.99999999600000000211 
0.45884204418624269239 0.54115795281375722592 0.00000000099999999999 0.00000000099999999999 0.00000000099999999999 
0.00000000099999999978 0.00000000099999999978 0.00000000099999999978 0.99999999599999989108 0.00000000099999999978 
0.99999999600000011313 0.00000000099999999996 0.00000000099999999996 0.00000000099999999996 0.00000000099999999996 
0.00000000099999999997 0.99999999600000000211 0.00000000099999999997 0.00000000099999999997 0.00000000099999999997 
0.00000000099999999998 0.04376276406243865408 0.95623723293756146546 0.00000000099999999998 0.00000000099999999998 
0.49696870409560589543 0.49392618515573355475 0.00910510874866058903 0.00000000099999999998 0.00000000099999999998 
0.00000000099999999994 0.00000000099999999994 0.99999999600000000211 0.00000000099999999994 0.00000000099999999994 
0.54805512470363482169 0.42821240588298653540 0.01997191058836482458 0.00000000099999999999 0.00376055782501389605 
0.00000000099999999995 0.00000000099999999995 0.99999999599999989108 0.00000000099999999995 0.00000000099999999995 
0.50951904275860071536 0.46486429606518087088 0.00923705649740146593 0.00000000099999999999 0.01637960367881688070 
0.43491775580529817846 0.55301079769367122996 0.00000000100000000000 0.00000000100000000000 0.01207144450103055100 
0.00000000099999999980 0.00000000099999999980 0.00000000099999999980 0.99999999599999989108 0.00000000099999999980 
0.00000000099999999996 0.00000000099999999996 0.99999999600000000211 0.00000000099999999996 0.00000000099999999996 
0.00000000099999999977 0.00000000099999999977 0.00000000099999999977 0.99999999600000000211 0.00000000099999999977 
0.00000000099999999976 0.00000000099999999976 0.00000000099999999976 0.99999999599999989108 0.00000000099999999976 
0.50708446167989784659 0.48769635910624220543 0.00521917721385986490 0.00000000099999999999 0.00000000099999999999 
0.56504271076710599342 0.41184098900920779185 0.02311629822368618109 0.00000000099999999999 0.00000000099999999999 
0.39575328702985385076 0.60179163865566287495 0.00245507231448340718 0.00000000099999999998 0.00000000099999999998 
0.44977352832109773750 0.54756601989300068833 0.00032299735403861852 0.00000000099999999999 0.00233745343186308021 
0.00000000099999999998 0.99999999600000000211 0.00000000099999999998 0.00000000099999999998 0.00000000099999999998 
0.00000000099999999997 0.99999999600000000211 0.00000000099999999997 0.00000000099999999997 0.00000000099999999997 
0.99999999600000011313 0.00000000099999999994 0.00000000099999999994 0.00000000099999999994 0.00000000099999999994 
0.01730582543358647266 0.00000000099999999997 0.98269417156641358790 0.00000000099999999997 0.00000000099999999997 
0.37978738156060715125 0.62021261543939287808 0.00000000099999999998 0.00000000099999999998 0.00000000099999999998 
0.00000000099999999977 0.00000000099999999977 0.00000000099999999977 0.99999999599999989108 0.00000000099999999977 
0.51506688616685813997 0.48493309419465646659 0.00000001763848535975 0.00000000099999999999 0.00000000099999999999 
0.00000000099999999992 0.00000000099999999992 0.00000000099999999992 0.99999999599999989108 0.00000000099999999992 
0.00000000099999999980 0.00000000099999999980 0.00000000099999999980 0.99999999599999989108 0.00000000099999999980 
0.46368580437128381622 0.51549682668919416528 0.02081736693952216874 0.00000000099999999999 0.00000000099999999999 
0.58174488187268214023 0.41218783420124027739 0.00000000099999999999 0.00000000099999999999 0.00606728192607770486 
0.45936570881387339682 0.52427728063943057624 0.01635700854669605922 0.00000000099999999999 0.00000000099999999999 
0.00000000099999999982 0.00000000099999999982 0.00000000099999999982 0.99999999600000000211 0.00000000099999999982 
0.00000000099999999995 0.00000000099999999995 0.99999999599999989108 0.00000000099999999995 0.00000000099999999995 
0.00000000099999999995 0.00000000099999999995 0.99999999599999989108 0.00000000099999999995 0.00000000099999999995 
0.00000000099999999979 0.00000000099999999979 0.00000000099999999979 0.99999999599999989108 0.00000000099999999979 
0.00000000099999999997 0.99999999600000000211 0.00000000099999999997 0.00000000099999999997 0.00000000099999999997 
0.38291469320591076109 0.56584404576112290464 0.03661103477665330480 0.00000000100000000000 0.01463022525631316878 
0.00000000099999999980 0.00000000099999999980 0.00000000099999999980 0.99999999599999989108 0.00000000099999999980 
0.40639654334711117212 0.58343914002757601978 0.00500928148542193093 0.00000000099999999999 0.00515503413989100434 
0.00000000099999999994 0.00000000099999999994 0.99999999600000000211 0.00000000099999999994 0.00000000099999999994 
0.25175564606895589614 0.29840755964806786604 0.23344815650499198267 0.10662097519362412346 0.10976766258436013168 
0.49214374484806988619 0.48306200622984724058 0.02320357918909100522 0.00159066873299179524 0.00000000100000000000 
0.38943678953538968246 0.56626322227485692551 0.03213182967902591947 0.00000000099999999999 0.01216815751072759973 
0.50854067566223115637 0.47726918952383629025 0.00006690761474903019 0.00000000099999999999 0.01412322619918360972 
0.34289151653171701106 0.64704202479053962715 0.00000000099999999999 0.00000000099999999999 0.01006645667774339233 
0.40581939976803499404 0.59208432873950500586 0.00000000099999999999 0.00000000099999999999 0.00209626949245998164 
0.99999999600000000211 0.00000000099999999997 0.00000000099999999997 0.00000000099999999997 0.00000000099999999997 
0.33496541855685102451 0.65502384432165283723 0.00027476065004693358 0.00000000099999999999 0.00973597547144921735 
0.52485197521157200828 0.44484838568465473463 0.02249437537930972994 0.00562786627974074406 0.00217739744472270850 
0.00000000099999999996 0.00000000099999999996 0.99999999599999989108 0.00000000099999999996 0.00000000099999999996 
0.47496375499054893643 0.50165505541932964295 0.01609041017100714885 0.00000000099999999999 0.00729077841911433822 
0.48764068389119463731 0.50695212988667015530 0.00000000099999999999 0.00000000099999999999 0.00540718422213528564 
0.39530412253802654776 0.55716054943964954393 0.04532650035503082986 0.00000000100000000000 0.00220882666729306639 
0.42238861623140450119 0.56349195944427721283 0.01411942232431823152 0.00000000099999999998 0.00000000099999999998 
0.49382817171400228418 0.47304483861774121456 0.03057860177356129527 0.00008845838688352000 0.00245992950781161179 
0.44770037121436634386 0.55229962578563362996 0.00000000099999999999 0.00000000099999999999 0.00000000099999999999 
0.53578192917595246492 0.45490213093343878636 0.00931593789060881743 0.00000000099999999999 0.00000000099999999999 
0.00000000099999999998 0.00980352837667064318 0.99019646862332932891 0.00000000099999999998 0.00000000099999999998 
0.50838815798235847954 0.45759190913606467843 0.01923732018139904035 0.00000000099999999999 0.01478261170017774150 
0.41868647156560645506 0.56729364445561658581 0.00383536788870227248 0.00000000099999999999 0.01018451509007457442 
0.38576609087637975248 0.59671274178162259094 0.00724487254600409986 0.01027629379599347831 0.00000000100000000000 
0.00000000099999999997 0.00000000099999999997 0.99999999600000000211 0.00000000099999999997 0.00000000099999999997 
0.48546674423979080393 0.47210506513916922211 0.02411584584783630497 0.01831234377320371809 0.00000000100000000000 
0.43612928588227323212 0.55125204853021980700 0.00648374804896873456 0.00000000100000000000 0.00613491653853839858 
0.44059416700932407807 0.07098655169641865381 0.48172713505284114888 0.00000000099999999999 0.00669214524141611890 
0.38624420073524423636 0.59014127966526719327 0.02361451759948852286 0.00000000099999999998 0.00000000099999999998 
0.00000000099999999981 0.00000000099999999981 0.00000000099999999981 0.99999999599999989108 0.00000000099999999981 
0.71044605287786388725 0.26753537499979124226 0.00882066306230987023 0.00000000099999999999 0.01319790806003503549 
0.35914676071799062074 0.61485940796469551461 0.02299037960476478862 0.00000000099999999999 0.00300345071254920232 
