0.62786907552441839631 0.02260740786290965296 0.34945696137400295012 0.00006439535446947102 0.00000215988419961791 
0.00000000099999999996 0.00000000099999999996 0.00000000099999999996 0.00000000099999999996 0.99999999600000000211 
0.00000000099999999996 0.00000000099999999996 0.00000000099999999996 0.00000000099999999996 0.99999999599999989108 
0.61899575774054005350 0.00142754015894169480 0.34605465025890996822 0.00000000099999999999 0.03352205084160821830 
0.62113900480572070695 0.00942100909316754241 0.36943998410111184016 0.00000000100000000000 0.00000000100000000000 
0.65585416690865472322 0.00259579137101444537 0.31710894583221377330 0.00000000099999999999 0.02444109488811703826 
0.00000000099999999997 0.00000000099999999997 0.00000000099999999997 0.00000000099999999997 0.99999999599999989108 
0.00000000099999999994 0.00000000099999999994 0.00000000099999999994 0.00000000099999999994 0.99999999600000000211 
0.57874687085344422854 0.01547248551402726283 0.40568334660433291727 0.00000000099999999999 0.00009729602819568546 
0.00000000099999999996 0.00000000099999999996 0.00000000099999999996 0.00000000099999999996 0.99999999599999989108 
0.52953619714511845906 0.00766026616717343199 0.45021388395817818484 0.00000000099999999999 0.01258965172953004780 
0.63994008492294263135 0.00729688084066938778 0.33835384162637738292 0.00000000099999999999 0.01440919161001068781 
0.55983165604890938738 0.00380546096274723055 0.43636288098834352667 0.00000000100000000000 0.00000000100000000000 
0.63674170130693175107 0.01640835084088292789 0.34518072317390213755 0.00000000100000000000 0.00166922367828311723 
0.63447017671129768424 0.01778030927248955978 0.34229025633899945458 0.00545925667721312412 0.00000000100000000000 
0.55728706843556230499 0.02991164606939440695 0.35923089451666595506 0.00000000099999999999 0.05357038997837728495 
0.68708467463509048656 0.00000000099999999999 0.31291532236490943175 0.00000000099999999999 0.00000000099999999999 
0.47587247265037513344 0.00062399644955274023 0.52238137194527134444 0.00112215795480057967 0.00000000099999999999 
0.56675240165218188082 0.00666979286578312913 0.41972663400022358626 0.00685117048181128809 0.00000000100000000000 
0.42298123998767422904 0.00000000099999999998 0.57701875701232585580 0.00000000099999999998 0.00000000099999999998 
0.50911415432511519796 0.00000000099999999999 0.49088584267488488688 0.00000000099999999999 0.00000000099999999999 
0.00000000099999999997 0.00000000099999999997 0.00000000099999999997 0.00000000099999999997 0.99999999599999989108 
0.61347081206337428227 0.00000000099999999999 0.36435264736908096195 0.00000000099999999999 0.02217653856754479499 
0.99999999600000000211 0.00000000099999999996 0.00000000099999999996 0.00000000099999999996 0.00000000099999999996 
0.47626377877783437897 0.00000000099999999998 0.49779386437721151459 0.00000000099999999998 0.02594235484495420810 
0.99999999600000000211 0.00000000099999999998 0.00000000099999999998 0.00000000099999999998 0.00000000099999999998 
0.00000000099999999983 0.99999999600000011313 0.00000000099999999983 0.00000000099999999983 0.00000000099999999983 
0.00000000099999999980 0.99999999600000011313 0.00000000099999999980 0.00000000099999999980 0.00000000099999999980 
0.62281082013759914151 0.00751569218939487135 0.36967348567300600815 0.00000000100000000000 0.00000000100000000000 
0.99780220119486751074 0.00219779580513243230 0.00000000099999999998 0.00000000099999999998 0.00000000099999999998 
0.45436126840775920011 0.00000000099999999999 0.53177767420228061468 0.00000000099999999999 0.01386105538996013249 
0.00000000099999999997 0.00000000099999999997 0.00000000099999999997 0.00000000099999999997 0.99999999599999989108 
0.41693069367380997114 0.35911210964766709930 0.00000000099999999996 0.00000000099999999996 0.22395719467852304163 
0.55276301694254192931 0.00000000099999999998 0.44723698005745826656 0.00000000099999999998 0.00000000099999999998 
0.00000000099999999980 0.00000000099999999980 0.00000000099999999980 0.99999999600000000211 0.00000000099999999980 
0.00000000099999999975 0.00000000099999999975 0.00000000099999999975 0.99999999600000000211 0.00000000099999999975 
0.00000000099999999975 0.00000000099999999975 0.00000000099999999975 0.99999999599999989108 0.00000000099999999975 
0.00000000099999999984 0.99999999600000000211 0.00000000099999999984 0.00000000099999999984 0.00000000099999999984 
0.00000000099999999982 0.99999999600000000211 0.00000000099999999982 0.00000000099999999982 0.00000000099999999982 
0.44725640360477075808 0.00000000099999999998 0.55274359339522938228 0.00000000099999999998 0.00000000099999999998 
0.00000000099999999997 0.00000000099999999997 0.00000000099999999997 0.00000000099999999997 0.99999999599999989108 
0.00000000099999999982 0.99999999600000000211 0.00000000099999999982 0.00000000099999999982 0.00000000099999999982 
0.64973397064288973546 0.00841491203548013628 0.32180653662252622915 0.00000000099999999999 0.02004457969910387188 
0.00000000099999999995 0.00000000099999999995 0.00000000099999999995 0.00000000099999999995 0.99999999600000000211 
0.00000000099999999985 0.99999999600000000211 0.00000000099999999985 0.00000000099999999985 0.00000000099999999985 
0.99999999600000000211 0.00000000099999999998 0.00000000099999999998 0.00000000099999999998 0.00000000099999999998 
0.00000000099999999983 0.99999999600000011313 0.00000000099999999983 0.00000000099999999983 0.00000000099999999983 
0.00000000099999999996 0.00000000099999999996 0.00000000099999999996 0.00000000099999999996 0.99999999600000000211 
0.00000000099999999994 0.00000000099999999994 0.00000000099999999994 0.00000000099999999994 0.99999999600000000211 
0.00000000099999999980 0.99999999600000011313 0.00000000099999999980 0.00000000099999999980 0.00000000099999999980 
0.00000000099999999982 0.99999999600000000211 0.00000000099999999982 0.00000000099999999982 0.00000000099999999982 
0.00000000099999999996 0.00000000099999999996 0.00000000099999999996 0.00000000099999999996 0.99999999599999989108 
0.00000000099999999996 0.00000000099999999996 0.00000000099999999996 0.00000000099999999996 0.99999999600000000211 
0.00000000099999999997 0.00000000099999999997 0.00000000099999999997 0.00000000099999999997 0.99999999600000000211 
0.00000000099999999985 0.99999999600000000211 0.00000000099999999985 0.00000000099999999985 0.00000000099999999985 
0.49005981755123473320 0.01541630095009479534 0.45405145566960752879 0.00000000100000000000 0.04047242482906301259 
0.41477012802306806316 0.02335688837537645141 0.56187298160155541016 0.00000000099999999999 0.00000000099999999999 
0.54624794647277441495 0.00000000099999999999 0.43822547375227394184 0.00000000099999999999 0.01552657777495173620 
0.57881143490555342357 0.00044911519818621368 0.41241287887948846480 0.00000000099999999999 0.00832657001677190693 
0.00000000099999999996 0.00000000099999999996 0.00000000099999999996 0.00000000099999999996 0.99999999600000000211 
0.55008987225903582807 0.00427611787625171384 0.44563400786471252246 0.00000000100000000000 0.00000000100000000000 
0.00000000099999999979 0.00000000099999999979 0.00000000099999999979 0.99999999599999989108 0.00000000099999999979 
0.00000000099999999994 0.00000000099999999994 0.99999999599999989108 0.00000000099999999994 0.00000000099999999994 
0.00000000099999999979 0.00000000099999999979 0.00000000099999999979 0.99999999600000000211 0.00000000099999999979 
0.72805757894429656840 0.00000000099999999999 0.23884302291696912768 0.00000000099999999999 0.03309939613873433273 
0.00000000099999999980 0.00000000099999999980 0.00000000099999999980 0.99999999599999989108 0.00000000099999999980 
0.48229757044443810621 0.00004848916007115938 0.51266289977266288336 0.00000000099999999999 0.00499103962282779288 
0.57773689381993420522 0.00560508796611815501 0.41026892208962839614 0.00000000100000000000 0.00638909512431911839 
0.00000000099999999994 0.00000000099999999994 0.00000000099999999994 0.00000000099999999994 0.99999999600000000211 
0.99999999600000011313 0.00000000099999999997 0.00000000099999999997 0.00000000099999999997 0.00000000099999999997 
0.00000000099999999980 0.00000000099999999980 0.00000000099999999980 0.99999999599999989108 0.00000000099999999980 
0.00000000099999999982 0.00000000099999999982 0.00000000099999999982 0.99999999600000000211 0.00000000099999999982 
0.47578609092245366385 0.00971389550293066603 0.43428394582203211360 0.00000000099999999999 0.08021606675258365071 
0.00000000099999999995 0.00000000099999999995 0.00000000099999999995 0.00000000099999999995 0.99999999599999989108 
0.00000000099999999985 0.99999999600000011313 0.00000000099999999985 0.00000000099999999985 0.00000000099999999985 
0.00000000099999999995 0.00000000099999999995 0.00000000099999999995 0.00000000099999999995 0.99999999600000000211 
0.61513180725832539153 0.00000000100000000000 0.35193916289589100010 0.00000000100000000000 0.03292902784578365799 
0.00000000099999999978 0.00000000099999999978 0.00000000099999999978 0.99999999599999989108 0.00000000099999999978 
0.00000000099999999979 0.99999999600000000211 0.00000000099999999979 0.00000000099999999979 0.00000000099999999979 
0.00000000099999999982 0.00000000099999999982 0.00000000099999999982 0.99999999599999989108 0.00000000099999999982 
0.62101885371902687538 0.01764032061853683733 0.35846233284023809595 0.00287849182219829811 0.00000000100000000000 
0.00000000099999999994 0.00000000099999999994 0.00000000099999999994 0.00000000099999999994 0.99999999600000000211 
0.00000000099999999995 0.00000000099999999995 0.00000000099999999995 0.00000000099999999995 0.99999999599999989108 
0.52305578805189500979 0.00039757749343027074 0.24663358376990707210 0.00000000099999999999 0.22991304968476766746 
0.62129002120093490547 0.02286068953946321022 0.35535811614044993112 0.00000000099999999999 0.00049117211915203937 
0.46705033736380852094 0.00000000099999999998 0.53294965963619156391 0.00000000099999999998 0.00000000099999999998 
0.63320237806580370599 0.00000000099999999999 0.34826069355046401776 0.00000000099999999999 0.01853692638373219750 
0.59861657455776395853 0.00000000099999999999 0.40138342244223601529 0.00000000099999999999 0.00000000099999999999 
0.57947900670355334540 0.00000000099999999998 0.42052099029644668393 0.00000000099999999998 0.00000000099999999998 
0.27055632899355203103 0.00000000099999999997 0.72944366800644799831 0.00000000099999999997 0.00000000099999999997 
0.53338640004618220747 0.00687261537158188017 0.45481383452359813724 0.00000000099999999999 0.00492714905863777305 
0.97472949762180960409 0.00000000099999999999 0.00000000099999999999 0.00000000099999999999 0.02527049937819051545 
0.00000000099999999996 0.00000000099999999996 0.00000000099999999996 0.00000000099999999996 0.99999999599999989108 
0.00000000099999999998 0.00000000099999999998 0.00000000099999999998 0.00000000099999999998 0.99999999599999989108 
0.00000000099999999988 0.00000000099999999988 0.00000000099999999988 0.99999999600000000211 0.00000000099999999988 
0.00000000099999999997 0.00000000099999999997 0.00000000099999999997 0.00000000099999999997 0.99999999599999989108 
0.00000000099999999998 0.00000000099999999998 0.00000000099999999998 0.00000000099999999998 0.99999999600000000211 
0.56619313221563938310 0.00677858783692685419 0.40987464239365473118 0.00000000099999999999 0.01715363655377903640 
0.00000000099999999975 0.00000000099999999975 0.00000000099999999975 0.99999999599999989108 0.00000000099999999975 
0.58345555036406404614 0.00300314640202583487 0.41354130123391019680 0.00000000099999999999 0.00000000099999999999 
0.43743206566029874116 0.00407505370211384745 0.54973301305679900253 0.00000000099999999999 0.00875986658078844148 
0.63811211137044077102 0.00660481143508634665 0.35500683927148751762 0.00027623692298525898 0.00000000100000000000 
0.58905600816545111709 0.00386910431739921059 0.38658996085716362812 0.00000000100000000000 0.02048492565998622991 
0.66490660073599883173 0.00000000100000000000 0.33509339626400130863 0.00000000100000000000 0.00000000100000000000 
0.98506941791317081947 0.00000000099999999998 0.00000000099999999998 0.00000000099999999998 0.01493057908682927752 
0.67976104757989774807 0.00625326139773862370 0.31398568902236351219 0.00000000099999999999 0.00000000099999999999 
0.56354276049509077762 0.00692425824694783802 0.42294239753719159447 0.00000000099999999999 0.00659058272076977134 
0.68302734561657174606 0.03018655790345898399 0.28160453854367578641 0.00284951008610704942 0.00233204785018659025 
0.48350788885771101011 0.00878417706301944448 0.50770793207926956381 0.00000000099999999999 0.00000000099999999999 
0.72792861133949526842 0.00000000099999999998 0.27207138566050481643 0.00000000099999999998 0.00000000099999999998 
0.51720540368584932978 0.02459049375915541708 0.43928608496362114844 0.00000000100000000000 0.01891801659137389707 
0.55188675069465564782 0.00908992359104803145 0.43902332371429619862 0.00000000099999999998 0.00000000099999999998 
0.57731128142800025582 0.00000000099999999999 0.41762639655311822873 0.00000000099999999999 0.00506232001888149048 
0.55357998873870883916 0.00000000099999999999 0.44642000826129107915 0.00000000099999999999 0.00000000099999999999 
0.63991965515345039517 0.00000000099999999999 0.33194882602237424374 0.00000000099999999999 0.02813151682417552868 
0.63309728737736536974 0.00680938492682465167 0.35177250405463245109 0.00000000100000000000 0.00832082264117758527 
0.69707608615737826074 0.00000000099999999999 0.27034621574090300644 0.00000000099999999999 0.03257769610171870611 
0.70054690255804596966 0.00000000099999999999 0.29945309444195411519 0.00000000099999999999 0.00000000099999999999 
0.99846139103461972741 0.00000000099999999998 0.00000000099999999998 0.00000000099999999998 0.00153860596538038475 
0.55218189036953602145 0.00388478927303678202 0.35690956522103184367 0.06796971633241878641 0.01905403880397653696 
0.99999999600000011313 0.00000000099999999997 0.00000000099999999997 0.00000000099999999997 0.00000000099999999997 
0.73563903977130506995 0.00000000099999999998 0.25290919228006042418 0.00000000099999999998 0.01145176594863464223 
0.67001651047134624939 0.00000000099999999998 0.30863376327797914511 0.00000000099999999998 0.02134972425067464472 
0.66635964049834650602 0.01511491115608378129 0.31852544634556978487 0.00000000099999999999 0.00000000099999999999 
0.51959461793035588428 0.00000000099999999998 0.47206744529489980122 0.00000000099999999998 0.00833793477474432942 
0.99999998418391722321 0.00000001281608279992 0.00000000099999999999 0.00000000099999999999 0.00000000099999999999 
0.52530007647268606163 0.00727604129749139395 0.45971101508923756240 0.00000000099999999999 0.00771286614058502417 
0.46392866431996865328 0.00000000099999999998 0.53607133268003137605 0.00000000099999999998 0.00000000099999999998 
0.45974180370291711784 0.00000000099999999998 0.51199868861706310241 0.00000000099999999998 0.02825950568001980162 
0.00000000099999999995 0.00000000099999999995 0.00000000099999999995 0.00000000099999999995 0.99999999599999989108 
0.00000000099999999998 0.00000000099999999998 0.00000000099999999998 0.00000000099999999998 0.99999999600000000211 
0.00000000099999999983 0.00000000099999999983 0.00000000099999999983 0.99999999600000000211 0.00000000099999999983 
0.00000000099999999980 0.99999999600000011313 0.00000000099999999980 0.00000000099999999980 0.00000000099999999980 
0.00000000099999999999 0.03566059324036518347 0.06809688383878494122 0.00000000099999999999 0.89624252092084988330 
0.53278421937395170627 0.00000000099999999998 0.45716300994132846869 0.00000000099999999998 0.01005276868471998569 
0.00000000099999999995 0.00000000099999999995 0.99999999599999989108 0.00000000099999999995 0.00000000099999999995 
0.00000000099999999999 0.00425682214570401174 0.00000000099999999999 0.00000000099999999999 0.99574317485429597596 
0.63822844289657032490 0.00000000099999999999 0.34784315823119249522 0.00000000099999999999 0.01392839687223726593 
0.66212932893851450533 0.01205114358475546134 0.32581952547672993203 0.00000000099999999998 0.00000000099999999998 
0.77309675064255045651 0.00204702195134150600 0.22485622540610808451 0.00000000099999999999 0.00000000099999999999 
0.00000000099999999978 0.00000000099999999978 0.00000000099999999978 0.99999999599999989108 0.00000000099999999978 
0.00000000099999999980 0.00000000099999999980 0.00000000099999999980 0.99999999599999989108 0.00000000099999999980 
0.00000000099999999975 0.00000000099999999975 0.00000000099999999975 0.99999999600000000211 0.00000000099999999975 
0.00000000099999999976 0.00000000099999999976 0.00000000099999999976 0.99999999599999989108 0.00000000099999999976 
0.00000000099999999976 0.00000000099999999976 0.00000000099999999976 0.99999999599999989108 0.00000000099999999976 
0.00000000099999999998 0.00000000099999999998 0.00000000099999999998 0.00000000099999999998 0.99999999599999989108 
0.78766445143558283526 0.01093297278173440204 0.20140257378268272559 0.00000000099999999999 0.00000000099999999999 
0.00000000099999999976 0.00000000099999999976 0.00000000099999999976 0.99999999600000000211 0.00000000099999999976 
0.00000000099999999980 0.00000000099999999980 0.00000000099999999980 0.99999999599999989108 0.00000000099999999980 
0.00000000099999999979 0.99999999600000011313 0.00000000099999999979 0.00000000099999999979 0.00000000099999999979 
0.00000000099999999979 0.99999999600000011313 0.00000000099999999979 0.00000000099999999979 0.00000000099999999979 
0.60186454979913217578 0.00000000099999999999 0.39813544720086785356 0.00000000099999999999 0.00000000099999999999 
0.00000000099999999978 0.00000000099999999978 0.00000000099999999978 0.99999999600000000211 0.00000000099999999978 
0.52285896502904183336 0.00000000099999999999 0.46773836167795251884 0.00000000099999999999 0.00940267129300565753 
0.50444042976425229607 0.00000000099999999998 0.49555956723574784428 0.00000000099999999998 0.00000000099999999998 
0.00000000099999999998 0.00000000099999999998 0.04765184554361351355 0.00000000099999999998 0.95234815145638651579 
0.58562936648742336398 0.00000000099999999998 0.40750690990196442032 0.00000000099999999998 0.00686372161061237114 
0.00000000099999999994 0.00000000099999999994 0.00000000099999999994 0.00000000099999999994 0.99999999600000000211 
0.68702845861074524070 0.00469331041062436612 0.28997593480517913633 0.00000000099999999999 0.01830229517345141263 
0.00000000099999999995 0.00000000099999999995 0.00000000099999999995 0.00000000099999999995 0.99999999600000000211 
0.49129580695126429113 0.01549819493352071718 0.48658189552686542667 0.00000000099999999999 0.00662410158834956554 
0.39594482175793760392 0.00979619541315513223 0.59425898082890726837 0.00000000099999999999 0.00000000099999999999 
0.00000000099999999980 0.00000000099999999980 0.00000000099999999980 0.99999999600000000211 0.00000000099999999980 
0.00000000099999999996 0.00000000099999999996 0.00000000099999999996 0.00000000099999999996 0.99999999600000000211 
0.00000000099999999977 0.00000000099999999977 0.00000000099999999977 0.99999999599999989108 0.00000000099999999977 
0.00000000099999999976 0.00000000099999999976 0.00000000099999999976 0.99999999600000000211 0.00000000099999999976 
0.99999999600000011313 0.00000000099999999998 0.00000000099999999998 0.00000000099999999998 0.00000000099999999998 
0.64426116747019546160 0.00000000099999999999 0.33276221197954808373 0.00000000099999999999 0.02297661855025645225 
0.99999999600000011313 0.00000000099999999997 0.00000000099999999997 0.00000000099999999997 0.00000000099999999997 
0.68628911926104119168 0.00000643105607200663 0.31370444768288680004 0.00000000099999999999 0.00000000099999999999 
0.62047270168712409522 0.01262610960698124299 0.36690079004262027285 0.00000000099999999999 0.00000039766327433985 
0.64284422349286041154 0.00769621589128277345 0.33624497637824163343 0.00000000099999999999 0.01321458323761512572 
0.00000000099999999994 0.00000000099999999994 0.99999999599999989108 0.00000000099999999994 0.00000000099999999994 
0.00000000099999999997 0.00000000099999999997 0.02042415820754137773 0.00000000099999999997 0.97957583879245868630 
0.55671882358253688139 0.00000000099999999998 0.44328117341746320346 0.00000000099999999998 0.00000000099999999998 
0.00000000099999999977 0.00000000099999999977 0.00000000099999999977 0.99999999600000000211 0.00000000099999999977 
0.61833805489119630927 0.00000000100000000000 0.38166194210880383109 0.00000000100000000000 0.00000000100000000000 
0.00000000099999999992 0.00000000099999999992 0.00000000099999999992 0.99999999600000000211 0.00000000099999999992 
0.00000000099999999980 0.00000000099999999980 0.00000000099999999980 0.99999999600000000211 0.00000000099999999980 
0.50861025523201608411 0.00000000099999999999 0.47374640589125582846 0.00000000099999999999 0.01764333687672813705 
0.46582047862987358000 0.00464379576138146399 0.52953572360874490155 0.00000000099999999999 0.00000000099999999999 
0.99996050539608449803 0.00000000099999999998 0.00000000099999999998 0.00000000099999999998 0.00003949160391559002 
0.00000000099999999982 0.00000000099999999982 0.00000000099999999982 0.99999999599999989108 0.00000000099999999982 
0.00000000099999999995 0.00000000099999999995 0.00000000099999999995 0.00000000099999999995 0.99999999599999989108 
0.00000000099999999995 0.00000000099999999995 0.00000000099999999995 0.00000000099999999995 0.99999999600000000211 
0.00000000099999999979 0.00000000099999999979 0.00000000099999999979 0.99999999600000000211 0.00000000099999999979 
0.99999999600000011313 0.00000000099999999998 0.00000000099999999998 0.00000000099999999998 0.00000000099999999998 
0.63609195032251764079 0.01427750995755811859 0.31282645615362714153 0.00000000100000000000 0.03680408256629695563 
0.00000000099999999980 0.00000000099999999980 0.00000000099999999980 0.99999999600000000211 0.00000000099999999980 
0.63777572294217821369 0.00626818728596152588 0.35398316212194580466 0.00000000099999999999 0.00197292664991453827 
0.00000000099999999994 0.00000000099999999994 0.00000000099999999994 0.00000000099999999994 0.99999999599999989108 
0.00000000100000000000 0.10185710324736683974 0.59451059268608497099 0.09952898364690111743 0.20410331941964712787 
0.37757175015497962400 0.00000000099999999999 0.60490398270361267485 0.00000000099999999999 0.01752426514140771607 
0.70171992179286879487 0.01381474561949868826 0.25388981691356160564 0.00000000099999999999 0.03057551467407098114 
0.61749276251894757994 0.01504174251057842533 0.36746549297047387261 0.00000000099999999999 0.00000000099999999999 
0.99999964145943953664 0.00000035554056054157 0.00000000099999999998 0.00000000099999999998 0.00000000099999999998 
0.58153700593226231863 0.00189321044123843944 0.41656978162649926922 0.00000000099999999999 0.00000000099999999999 
0.41700352921651950844 0.00000000099999999999 0.57718991969188937485 0.00000000099999999999 0.00580654909159096944 
0.99809134885519601443 0.00190864814480395158 0.00000000099999999999 0.00000000099999999999 0.00000000099999999999 
0.00000000099999999996 0.00000000099999999996 0.99999999599999989108 0.00000000099999999996 0.00000000099999999996 
0.00000000099999999996 0.00000000099999999996 0.00000000099999999996 0.00000000099999999996 0.99999999600000000211 
0.59298462983152400163 0.00794078790556128865 0.38519091710861963485 0.00000000099999999999 0.01388366415429501642 
0.00000000099999999994 0.00000000099999999994 0.99999999600000000211 0.00000000099999999994 0.00000000099999999994 
0.00000000099999999996 0.00000000099999999996 0.99999999599999989108 0.00000000099999999996 0.00000000099999999996 
0.47935733990170709129 0.00000000099999999998 0.51125974511841754122 0.00000000099999999998 0.00938291297987551426 
0.49995475121322680012 0.00000430196447181400 0.46945619368718916053 0.00000000100000000000 0.03058475213511221286 
0.00000000099999999994 0.00000000099999999994 0.99999999599999989108 0.00000000099999999994 0.00000000099999999994 
0.55833100791307277433 0.00000000099999999999 0.43455683696716346232 0.00000000099999999999 0.00711215311976395523 
0.00000000099999999998 0.00000000099999999998 0.01081611709726838094 0.00000000099999999998 0.98918387990273159982 
0.00000000099999999995 0.00000000099999999995 0.99999999599999989108 0.00000000099999999995 0.00000000099999999995 
0.66458779301537584949 0.01073373850375487944 0.32322677716547348892 0.00000000099999999999 0.00145169031539585315 
0.99995389285914981770 0.00000000099999999999 0.00000000099999999999 0.00004610414085026725 0.00000000099999999999 
0.00000000099999999997 0.00000000099999999997 0.00000000099999999997 0.00000000099999999997 0.99999999600000000211 
0.57526123598268985582 0.00000000100000000000 0.38280704616739269497 0.01849635206577541699 0.02343536478414214030 
0.99999999600000011313 0.00000000099999999999 0.00000000099999999999 0.00000000099999999999 0.00000000099999999999 
0.31706440132744873051 0.01023272726902286871 0.19605429567213625286 0.00000000099999999999 0.47664857473139210509 
0.99363596878600823903 0.00000000099999999997 0.00000000099999999997 0.00000000099999999997 0.00636402821399178423 
0.00000000099999999981 0.00000000099999999981 0.00000000099999999981 0.99999999599999989108 0.00000000099999999981 
0.71925887460682569330 0.01593500061421669264 0.25130114748530829605 0.00000000099999999999 0.01350497629364924047 
0.99705134827772612383 0.00000000099999999998 0.00000000099999999998 0.00000000099999999998 0.00294864872227403084 
