0.01552960416144173392 0.00000000099999999998 0.25340707774800558250 0.00000000099999999998 0.00000000099999999998 0.00000000099999999998 0.53582291230945244820 0.00000000099999999998 0.00000000099999999998 0.19524039878110016621 0.00000000099999999998 
0.00000000099999999991 0.00000000099999999991 0.00000000099999999991 0.00000000099999999991 0.99999999000000006077 0.00000000099999999991 0.00000000099999999991 0.00000000099999999991 0.00000000099999999991 0.00000000099999999991 0.00000000099999999991 
0.00000000099999999989 0.00000000099999999989 0.00000000099999999989 0.00000000099999999989 0.99999999000000017180 0.00000000099999999989 0.00000000099999999989 0.00000000099999999989 0.00000000099999999989 0.00000000099999999989 0.00000000099999999989 
0.00000000099999999997 0.00000000099999999997 0.30857995177527686170 0.11626118534940708960 0.02525331073223906209 0.00000000099999999997 0.26296187756925476497 0.00000000099999999997 0.28694366857382214153 0.00000000099999999997 0.00000000099999999997 
0.00003347602413323882 0.00000000099999999998 0.07102619951115317354 0.26346344217833439494 0.00000000099999999998 0.00000000099999999998 0.24492843383578929983 0.00000000099999999998 0.26739100308196800393 0.07134901854396481780 0.08180842282465708437 
0.00000000099999999996 0.00000000099999999996 0.26865590775942133073 0.06400826069877203761 0.01616230048159332869 0.00000000099999999996 0.42286627581216962302 0.00000000099999999996 0.20163207626458837241 0.02667517398345525814 0.00000000099999999996 
0.00000000099999999992 0.00000000099999999992 0.00000000099999999992 0.00000000099999999992 0.99999999000000017180 0.00000000099999999992 0.00000000099999999992 0.00000000099999999992 0.00000000099999999992 0.00000000099999999992 0.00000000099999999992 
0.00000000099999999987 0.00000000099999999987 0.00000000099999999987 0.00000000099999999987 0.99999999000000006077 0.00000000099999999987 0.00000000099999999987 0.00000000099999999987 0.00000000099999999987 0.00000000099999999987 0.00000000099999999987 
0.00000000099999999987 0.00000000099999999987 0.99999999000000006077 0.00000000099999999987 0.00000000099999999987 0.00000000099999999987 0.00000000099999999987 0.00000000099999999987 0.00000000099999999987 0.00000000099999999987 0.00000000099999999987 
0.00000000099999999991 0.00000000099999999991 0.00000000099999999991 0.00000000099999999991 0.99999999000000017180 0.00000000099999999991 0.00000000099999999991 0.00000000099999999991 0.00000000099999999991 0.00000000099999999991 0.00000000099999999991 
0.00000000099999999996 0.00000000099999999996 0.00000000099999999996 0.62787702373166576209 0.00000000099999999996 0.00000000099999999996 0.00000000099999999996 0.00000000099999999996 0.37212296726833438143 0.00000000099999999996 0.00000000099999999996 
0.00481082954386343603 0.00000000099999999996 0.10972478068621889513 0.17299506650159693355 0.00654388821491511466 0.00000000099999999996 0.37065518179371442775 0.00000000099999999996 0.17371847193610270854 0.11973471689800041506 0.04181706142558804656 
0.00000000099999999995 0.00000000099999999995 0.00000000099999999995 0.37862924262803582254 0.00000000099999999995 0.00000000099999999995 0.00000000099999999995 0.00000000099999999995 0.62137074837196404342 0.00000000099999999995 0.00000000099999999995 
0.00727044401060985591 0.00000000099999999997 0.19627921786231147805 0.00000000099999999997 0.00000000099999999997 0.00000000099999999997 0.42067740575786927160 0.00000000099999999997 0.00000607913133189715 0.33683391800362200152 0.03893293023425550836 
0.00711212479045647290 0.00000000099999999999 0.17507553671408010443 0.32666723794574104023 0.00000000099999999999 0.00000000099999999999 0.36291461956032000646 0.00884143608311431864 0.00000000099999999999 0.10233452492238775955 0.01705451598390031465 
0.02635928757015749274 0.00000000099999999998 0.17553608930930075793 0.15014367456115632060 0.04594519735396301180 0.00000000099999999998 0.29424840102118743346 0.00000000099999999998 0.11890394555764961793 0.12253685936343200469 0.06632654226315327917 
0.00000000099999999984 0.00000000099999999984 0.99999999000000017180 0.00000000099999999984 0.00000000099999999984 0.00000000099999999984 0.00000000099999999984 0.00000000099999999984 0.00000000099999999984 0.00000000099999999984 0.00000000099999999984 
0.00000000099999999987 0.00000000099999999987 0.99999999000000017180 0.00000000099999999987 0.00000000099999999987 0.00000000099999999987 0.00000000099999999987 0.00000000099999999987 0.00000000099999999987 0.00000000099999999987 0.00000000099999999987 
0.00406256202177649167 0.00000000099999999999 0.19838478804882042628 0.07455679279362938117 0.00000000099999999999 0.00000000099999999999 0.43103698642322779699 0.00000000099999999999 0.12614739517991838125 0.16581147053262743074 0.00000000099999999999 
0.00000000099999999993 0.00000000099999999993 0.00000000116312075171 0.24381493439867302220 0.00000000099999999993 0.00000000099999999993 0.42828161000270176251 0.00000000099999999993 0.00000000099999999993 0.32790344743550448037 0.00000000099999999993 
0.00000000099999999987 0.00000000099999999987 0.00000000099999999987 0.99999999000000017180 0.00000000099999999987 0.00000000099999999987 0.00000000099999999987 0.00000000099999999987 0.00000000099999999987 0.00000000099999999987 0.00000000099999999987 
0.00000000099999999992 0.00000000099999999992 0.00000000099999999992 0.01857971478491840175 0.98142027621508176605 0.00000000099999999992 0.00000000099999999992 0.00000000099999999992 0.00000000099999999992 0.00000000099999999992 0.00000000099999999992 
0.00000000099999999984 0.00000000099999999984 0.99999999000000006077 0.00000000099999999984 0.00000000099999999984 0.00000000099999999984 0.00000000099999999984 0.00000000099999999984 0.00000000099999999984 0.00000000099999999984 0.00000000099999999984 
0.00000000099999999938 0.00000000099999999938 0.00000000099999999938 0.00000000099999999938 0.00000000099999999938 0.00000000099999999938 0.00000000099999999938 0.00000000099999999938 0.00000000099999999938 0.00000000099999999938 0.99999998999999994975 
0.00000000099999999995 0.00000000099999999995 0.00000000099999999995 0.22617157388763797776 0.02212509559814055185 0.00000000099999999995 0.14624179746195078988 0.00000000099999999995 0.40955269829657475755 0.19590882875569573529 0.00000000099999999995 
0.00000000099999999994 0.00000000099999999994 0.42502840253391593883 0.00000000099999999994 0.00000000099999999994 0.00000000099999999994 0.00000000099999999994 0.00000000099999999994 0.57497158846608387162 0.00000000099999999994 0.00000000099999999994 
0.99999999000000017180 0.00000000099999999958 0.00000000099999999958 0.00000000099999999958 0.00000000099999999958 0.00000000099999999958 0.00000000099999999958 0.00000000099999999958 0.00000000099999999958 0.00000000099999999958 0.00000000099999999958 
0.99999999000000028282 0.00000000099999999954 0.00000000099999999954 0.00000000099999999954 0.00000000099999999954 0.00000000099999999954 0.00000000099999999954 0.00000000099999999954 0.00000000099999999954 0.00000000099999999954 0.00000000099999999954 
0.00000000099999999993 0.00000000099999999993 0.00000000099999999993 0.00000000099999999993 0.00000000099999999993 0.00000000099999999993 0.00000000099999999993 0.00000000099999999993 0.66803812020388908532 0.33196187079611083615 0.00000000099999999993 
0.00000000099999999992 0.00000000099999999992 0.00000000099999999992 0.00000000099999999992 0.00000000099999999992 0.00000000099999999992 0.00000000099999999992 0.00000000099999999992 0.58861144830781098047 0.41138854269218894100 0.00000000099999999992 
0.00000000099999999993 0.00000000099999999993 0.00000000099999999993 0.00000000099999999993 0.00000000099999999993 0.00000000099999999993 0.00000000099999999993 0.00000000099999999993 0.61049524399423493737 0.24805145164269012947 0.14145329636307493737 
0.00000000099999999977 0.00000000099999999977 0.00000000099999999977 0.00000000099999999977 0.76722838277631466575 0.00000000099999999977 0.00000000099999999977 0.00000000099999999977 0.00000000099999999977 0.00000000099999999977 0.23277160822368545001 
0.36471478304067816989 0.00000000099999999958 0.00000000099999999958 0.00000000099999999958 0.00000000099999999958 0.00000000099999999958 0.00000000099999999958 0.00000000099999999958 0.00000000099999999958 0.00000000099999999958 0.63528520795932175158 
0.00000000099999999991 0.00000000099999999991 0.57473088311387832139 0.00000000099999999991 0.00000000099999999991 0.00000000099999999991 0.00000000099999999991 0.00000000099999999991 0.00000000099999999991 0.42526910788612160008 0.00000000099999999991 
0.00000000099999999939 0.00000000099999999939 0.00000000099999999939 0.00000000099999999939 0.00000000099999999939 0.99999999000000006077 0.00000000099999999939 0.00000000099999999939 0.00000000099999999939 0.00000000099999999939 0.00000000099999999939 
0.00000000099999999935 0.00000000099999999935 0.00000000099999999935 0.00000000099999999935 0.00000000099999999935 0.99999999000000017180 0.00000000099999999935 0.00000000099999999935 0.00000000099999999935 0.00000000099999999935 0.00000000099999999935 
0.00000000099999999932 0.00000000099999999932 0.00000000099999999932 0.00000000099999999932 0.00000000099999999932 0.00000000099999999932 0.00000000099999999932 0.99999998999999994975 0.00000000099999999932 0.00000000099999999932 0.00000000099999999932 
0.99999999000000028282 0.00000000099999999961 0.00000000099999999961 0.00000000099999999961 0.00000000099999999961 0.00000000099999999961 0.00000000099999999961 0.00000000099999999961 0.00000000099999999961 0.00000000099999999961 0.00000000099999999961 
0.99999999000000017180 0.00000000099999999955 0.00000000099999999955 0.00000000099999999955 0.00000000099999999955 0.00000000099999999955 0.00000000099999999955 0.00000000099999999955 0.00000000099999999955 0.00000000099999999955 0.00000000099999999955 
0.00000000099999999993 0.00000000099999999993 0.00000000099999999993 0.54447776163587169318 0.00000000099999999993 0.00000000099999999993 0.00000000099999999993 0.00000000099999999993 0.45552222936412839482 0.00000000099999999993 0.00000000099999999993 
0.00000000099999999993 0.00000000099999999993 0.00000000099999999993 0.00000000099999999993 0.99999999000000006077 0.00000000099999999993 0.00000000099999999993 0.00000000099999999993 0.00000000099999999993 0.00000000099999999993 0.00000000099999999993 
0.99999999000000028282 0.00000000099999999957 0.00000000099999999957 0.00000000099999999957 0.00000000099999999957 0.00000000099999999957 0.00000000099999999957 0.00000000099999999957 0.00000000099999999957 0.00000000099999999957 0.00000000099999999957 
0.00000000099999999985 0.00000000099999999985 0.99999999000000017180 0.00000000099999999985 0.00000000099999999985 0.00000000099999999985 0.00000000099999999985 0.00000000099999999985 0.00000000099999999985 0.00000000099999999985 0.00000000099999999985 
0.00000000099999999989 0.00000000099999999989 0.00000000099999999989 0.00000000099999999989 0.99999999000000006077 0.00000000099999999989 0.00000000099999999989 0.00000000099999999989 0.00000000099999999989 0.00000000099999999989 0.00000000099999999989 
0.99999999000000017180 0.00000000099999999962 0.00000000099999999962 0.00000000099999999962 0.00000000099999999962 0.00000000099999999962 0.00000000099999999962 0.00000000099999999962 0.00000000099999999962 0.00000000099999999962 0.00000000099999999962 
0.00310177160741770437 0.00000000099999999996 0.38305595779467838113 0.00000000099999999996 0.00271372070525982816 0.00000000099999999996 0.29522408057120003155 0.00000000099999999996 0.31590446332144400676 0.00000000099999999996 0.00000000099999999996 
0.99999999000000028282 0.00000000099999999957 0.00000000099999999957 0.00000000099999999957 0.00000000099999999957 0.00000000099999999957 0.00000000099999999957 0.00000000099999999957 0.00000000099999999957 0.00000000099999999957 0.00000000099999999957 
0.00000000099999999990 0.00000000099999999990 0.00000000099999999990 0.00000000099999999990 0.99999999000000006077 0.00000000099999999990 0.00000000099999999990 0.00000000099999999990 0.00000000099999999990 0.00000000099999999990 0.00000000099999999990 
0.00000000099999999985 0.00000000099999999985 0.00000000099999999985 0.00000000099999999985 0.99999999000000017180 0.00000000099999999985 0.00000000099999999985 0.00000000099999999985 0.00000000099999999985 0.00000000099999999985 0.00000000099999999985 
0.99999999000000028282 0.00000000099999999952 0.00000000099999999952 0.00000000099999999952 0.00000000099999999952 0.00000000099999999952 0.00000000099999999952 0.00000000099999999952 0.00000000099999999952 0.00000000099999999952 0.00000000099999999952 
0.99999999000000017180 0.00000000099999999956 0.00000000099999999956 0.00000000099999999956 0.00000000099999999956 0.00000000099999999956 0.00000000099999999956 0.00000000099999999956 0.00000000099999999956 0.00000000099999999956 0.00000000099999999956 
0.00000000099999999991 0.00000000099999999991 0.00000000099999999991 0.00000000099999999991 0.99999999000000006077 0.00000000099999999991 0.00000000099999999991 0.00000000099999999991 0.00000000099999999991 0.00000000099999999991 0.00000000099999999991 
0.00000000099999999991 0.00000000099999999991 0.00000000099999999991 0.00000000099999999991 0.99999999000000017180 0.00000000099999999991 0.00000000099999999991 0.00000000099999999991 0.00000000099999999991 0.00000000099999999991 0.00000000099999999991 
0.00000000099999999993 0.00000000099999999993 0.00000000099999999993 0.00000000099999999993 0.99999999000000006077 0.00000000099999999993 0.00000000099999999993 0.00000000099999999993 0.00000000099999999993 0.00000000099999999993 0.00000000099999999993 
0.99999999000000017180 0.00000000099999999963 0.00000000099999999963 0.00000000099999999963 0.00000000099999999963 0.00000000099999999963 0.00000000099999999963 0.00000000099999999963 0.00000000099999999963 0.00000000099999999963 0.00000000099999999963 
0.00000000099999999994 0.00000000099999999994 0.00000000099999999994 0.00000000099999999994 0.00000000099999999994 0.00000000099999999994 0.99999999000000006077 0.00000000099999999994 0.00000000099999999994 0.00000000099999999994 0.00000000099999999994 
0.01285590943666538657 0.00000000099999999996 0.44652119836230558247 0.00000000099999999996 0.00000000099999999996 0.00000000099999999996 0.54062288420102899700 0.00000000099999999996 0.00000000099999999996 0.00000000099999999996 0.00000000099999999996 
0.00000000099999999987 0.00000000099999999987 0.00000000099999999987 0.00000000099999999987 0.00000000099999999987 0.00000000099999999987 0.99999998999999994975 0.00000000099999999987 0.00000000099999999987 0.00000000099999999987 0.00000000099999999987 
0.00000000099999999998 0.00000000099999999998 0.24913483075787445920 0.19764451658375614684 0.00000000684030753119 0.00000000099999999998 0.20910574556152800030 0.00000000099999999998 0.25321639572179460709 0.04564553498788256891 0.04525296554685662859 
0.00000000099999999991 0.00000000099999999991 0.00000000099999999991 0.00000000099999999991 0.99999999000000017180 0.00000000099999999991 0.00000000099999999991 0.00000000099999999991 0.00000000099999999991 0.00000000099999999991 0.00000000099999999991 
0.00000000099999999995 0.00000000099999999995 0.00000000099999999995 0.00000000099999999995 0.00000000099999999995 0.00000000099999999995 0.00000000099999999995 0.00000000099999999995 0.70740207519738784736 0.29259791580261218513 0.00000000099999999995 
0.00000000099999999941 0.99999999000000017180 0.00000000099999999941 0.00000000099999999941 0.00000000099999999941 0.00000000099999999941 0.00000000099999999941 0.00000000099999999941 0.00000000099999999941 0.00000000099999999941 0.00000000099999999941 
0.00000000099999999993 0.00000000099999999993 0.30463986704599310684 0.00000000099999999993 0.00000000099999999993 0.00000000099999999993 0.34441165061683459703 0.00000000099999999993 0.00000000099999999993 0.35094847433717224483 0.00000000099999999993 
0.00000000099999999937 0.00000000099999999937 0.00000000099999999937 0.00000000099999999937 0.00000000099999999937 0.00000000099999999937 0.00000000099999999937 0.99999998999999994975 0.00000000099999999937 0.00000000099999999937 0.00000000099999999937 
0.00000000099999999992 0.00000000099999999992 0.00000000099999999992 0.00000000099999999992 0.00000000099999999992 0.00000000099999999992 0.00000000099999999992 0.00000000099999999992 0.75522713639662741869 0.00000000099999999992 0.24477285460337266931 
0.00000000099999999941 0.99999999000000017180 0.00000000099999999941 0.00000000099999999941 0.00000000099999999941 0.00000000099999999941 0.00000000099999999941 0.00000000099999999941 0.00000000099999999941 0.00000000099999999941 0.00000000099999999941 
0.00000000099999999996 0.00000000099999999996 0.00000000099999999996 0.21844396179912320410 0.00000000099999999996 0.00000000099999999996 0.26953871787140692984 0.00000000099999999996 0.00000000099999999996 0.51201731232946967598 0.00000000099999999996 
0.00000000099999999993 0.00000000099999999993 0.00000000099999999993 0.00000000099999999993 0.00000000099999999993 0.00000000099999999993 0.90566165239808715803 0.00000000099999999993 0.00000000099999999993 0.00000000099999999993 0.09433833860191302711 
0.00000000099999999987 0.00000000099999999987 0.00000000099999999987 0.00000000099999999987 0.99999999000000006077 0.00000000099999999987 0.00000000099999999987 0.00000000099999999987 0.00000000099999999987 0.00000000099999999987 0.00000000099999999987 
0.00000000099999999983 0.00000000099999999983 0.00000000099999999983 0.99999999000000006077 0.00000000099999999983 0.00000000099999999983 0.00000000099999999983 0.00000000099999999983 0.00000000099999999983 0.00000000099999999983 0.00000000099999999983 
0.00000000099999999936 0.00000000099999999936 0.00000000099999999936 0.00000000099999999936 0.00000000099999999936 0.00000000099999999936 0.00000000099999999936 0.99999999000000006077 0.00000000099999999936 0.00000000099999999936 0.00000000099999999936 
0.00000000099999999943 0.99999999000000028282 0.00000000099999999943 0.00000000099999999943 0.00000000099999999943 0.00000000099999999943 0.00000000099999999943 0.00000000099999999943 0.00000000099999999943 0.00000000099999999943 0.00000000099999999943 
0.00667128358102252010 0.00000000099999999997 0.00571153768407499721 0.28747709516421693365 0.07843509236676614316 0.00000000099999999997 0.26558141003482615972 0.00000000099999999997 0.18273822200052319831 0.17338535516857001006 0.00000000099999999997 
0.00000000099999999989 0.00000000099999999989 0.00000000099999999989 0.00000000099999999989 0.99999999000000006077 0.00000000099999999989 0.00000000099999999989 0.00000000099999999989 0.00000000099999999989 0.00000000099999999989 0.00000000099999999989 
0.99999999000000017180 0.00000000099999999964 0.00000000099999999964 0.00000000099999999964 0.00000000099999999964 0.00000000099999999964 0.00000000099999999964 0.00000000099999999964 0.00000000099999999964 0.00000000099999999964 0.00000000099999999964 
0.00000000099999999989 0.00000000099999999989 0.00000000099999999989 0.00000000099999999989 0.99999999000000006077 0.00000000099999999989 0.00000000099999999989 0.00000000099999999989 0.00000000099999999989 0.00000000099999999989 0.00000000099999999989 
0.00000000099999999998 0.00000000099999999998 0.19250466268798074876 0.38192484346138710904 0.03511779810195751750 0.00000000099999999998 0.13881465776936124934 0.00000000099999999998 0.00000000099999999998 0.23742445491841815408 0.01421357806089530891 
0.00000000099999999938 0.00000000099999999938 0.00000000099999999938 0.00000000099999999938 0.00000000099999999938 0.99999999000000017180 0.00000000099999999938 0.00000000099999999938 0.00000000099999999938 0.00000000099999999938 0.00000000099999999938 
0.99999999000000028282 0.00000000099999999948 0.00000000099999999948 0.00000000099999999948 0.00000000099999999948 0.00000000099999999948 0.00000000099999999948 0.00000000099999999948 0.00000000099999999948 0.00000000099999999948 0.00000000099999999948 
0.00000000099999999941 0.00000000099999999941 0.00000000099999999941 0.00000000099999999941 0.00000000099999999941 0.00000000099999999941 0.00000000099999999941 0.99999998999999994975 0.00000000099999999941 0.00000000099999999941 0.00000000099999999941 
0.00000000099999999995 0.00000000099999999995 0.00000000099999999995 0.54816752164502946520 0.00000000099999999995 0.00000000099999999995 0.00000000099999999995 0.00000000099999999995 0.45183246935497051178 0.00000000099999999995 0.00000000099999999995 
0.00000000099999999986 0.00000000099999999986 0.00000000099999999986 0.00000000099999999986 0.99999999000000017180 0.00000000099999999986 0.00000000099999999986 0.00000000099999999986 0.00000000099999999986 0.00000000099999999986 0.00000000099999999986 
0.00000000099999999989 0.00000000099999999989 0.00000000099999999989 0.00000000099999999989 0.99999999000000017180 0.00000000099999999989 0.00000000099999999989 0.00000000099999999989 0.00000000099999999989 0.00000000099999999989 0.00000000099999999989 
0.00000000099999999995 0.00000000099999999995 0.26277700280537052979 0.17371113900911944183 0.22097869971478234508 0.00000000099999999995 0.00000000099999999995 0.00000000099999999995 0.27595316355529148078 0.00000000099999999995 0.06657998891543635833 
0.01646182654808332410 0.00000000099999999998 0.22096322711180355070 0.30664755680208349853 0.00000000099999999998 0.00000000099999999998 0.26022136631928682871 0.00000000099999999998 0.09638741868019973236 0.00000000099999999998 0.09931859953854316192 
0.00000000099999999968 0.00000000099999999968 0.00000000099999999968 0.00000000099999999968 0.00000000099999999968 0.00000000099999999968 0.00000000099999999968 0.00000000099999999968 0.00000000099999999968 0.00000000099999999968 0.99999998999999994975 
0.00000000099999999994 0.00000000099999999994 0.00000000099999999994 0.00000000099999999994 0.00000000099999999994 0.00000000099999999994 0.00000000099999999994 0.00000000099999999994 0.61602533305813322873 0.38397465794186669275 0.00000000099999999994 
0.00000000099999999995 0.00000000099999999995 0.00000000099999999995 0.44672859778130535879 0.00000000099999999995 0.00000000099999999995 0.00000000099999999995 0.00000000099999999995 0.48488871385922099888 0.00000000099999999995 0.06838268035947359103 
0.00000000099999999994 0.00000000099999999994 0.07287510106452736725 0.38409861209218981726 0.00000000099999999994 0.00000000099999999994 0.24137801154993834829 0.00000000099999999994 0.06073722288681671078 0.24091104640652766244 0.00000000099999999994 
0.00000000099999999994 0.00000000099999999994 0.02915847824672888194 0.29475882195377017814 0.00000479611144214635 0.00000000099999999994 0.20922255679860773947 0.00000000099999999994 0.21534818500765667837 0.25150699614897753520 0.00000016173281698152 
0.00154750763950015687 0.00000000099999999997 0.13205470120470946815 0.25475103774850021976 0.00000001257501458087 0.00000000099999999997 0.26273872745481391400 0.00000000099999999997 0.17754294910599216495 0.17136506027146958253 0.00000000099999999997 
0.00000000099999999998 0.00000000099999999998 0.23102768619047067689 0.10461094696674569371 0.03060851210186321669 0.00000000099999999998 0.25411193937625159434 0.00000000099999999998 0.35070292898322780184 0.00000000099999999998 0.02893798138144113366 
0.00000000099999999990 0.00000000099999999990 0.00000000099999999990 0.00000000099999999990 0.99999999000000017180 0.00000000099999999990 0.00000000099999999990 0.00000000099999999990 0.00000000099999999990 0.00000000099999999990 0.00000000099999999990 
0.00000000099999999995 0.00000000099999999995 0.00000000099999999995 0.00000000099999999995 0.96195600130244540704 0.00000000099999999995 0.00000000099999999995 0.00000000099999999995 0.00000000099999999995 0.00000000099999999995 0.03804398969755479198 
0.00000000099999999964 0.00000000099999999964 0.00000000099999999964 0.00000000099999999964 0.00000000099999999964 0.48354325654002289214 0.00000000099999999964 0.51645673445997708484 0.00000000099999999964 0.00000000099999999964 0.00000000099999999964 
0.00000000099999999993 0.00000000099999999993 0.00000000099999999993 0.00000000099999999993 0.99999999000000017180 0.00000000099999999993 0.00000000099999999993 0.00000000099999999993 0.00000000099999999993 0.00000000099999999993 0.00000000099999999993 
0.00000000099999999993 0.00000000099999999993 0.00000000099999999993 0.00000000099999999993 0.96759535172374411260 0.00000000099999999993 0.03240463927625593377 0.00000000099999999993 0.00000000099999999993 0.00000000099999999993 0.00000000099999999993 
0.00000000099999999991 0.00000000099999999991 0.00000000099999999991 0.00000000099999999991 0.00000000099999999991 0.00000000099999999991 0.99999998999999994975 0.00000000099999999991 0.00000000099999999991 0.00000000099999999991 0.00000000099999999991 
0.00000000099999999928 0.00000000099999999928 0.00000000099999999928 0.00000000099999999928 0.00000000099999999928 0.00000000099999999928 0.00000000099999999928 0.99999998999999994975 0.00000000099999999928 0.00000000099999999928 0.00000000099999999928 
0.00000000099999999996 0.00000000099999999996 0.39812957304177132301 0.39344661012858678228 0.00000000099999999996 0.00000000099999999996 0.00000000099999999996 0.00000000099999999996 0.00000000099999999996 0.20842380882964192668 0.00000000099999999996 
0.00000000099999999997 0.00000000099999999997 0.18564533596674320792 0.26304376915875676834 0.00610954442035780039 0.00000000099999999997 0.17170791266995233393 0.00000000099999999997 0.37349343178418986655 0.00000000099999999997 0.00000000099999999997 
0.00000000099999999998 0.00000000099999999998 0.00000000099999999998 0.07019399900538593473 0.00000000099999999998 0.00000000099999999998 0.48025159595725458450 0.00000000099999999998 0.12276898899746344074 0.23342126773088153757 0.09336414230901461664 
0.00000000099999999996 0.00000000099999999996 0.00000000099999999996 0.00000000099999999996 0.00000000099999999996 0.00000000099999999996 0.54812317065781213099 0.00000000099999999996 0.32627853040789894790 0.00000000099999999996 0.12559829093428900859 
0.00000000099999999991 0.00000000099999999991 0.00000000099999999991 0.00000000099999999991 0.00000000099999999991 0.00000000099999999991 0.91728720372536587391 0.00000000099999999991 0.00000000099999999991 0.00000000099999999991 0.08271278727463424185 
0.00000000099999999992 0.00000000099999999992 0.53383738852046080936 0.00000000099999999992 0.00000000099999999992 0.00000000099999999992 0.00000000099999999992 0.00000000099999999992 0.46616260247953938967 0.00000000099999999992 0.00000000099999999992 
0.00000000099999999995 0.00000000099999999995 0.00000000099999999995 0.25442658713558136130 0.00000000099999999995 0.00000000099999999995 0.74557340386441861568 0.00000000099999999995 0.00000000099999999995 0.00000000099999999995 0.00000000099999999995 
0.00000000099999999986 0.00000000099999999986 0.99999999000000017180 0.00000000099999999986 0.00000000099999999986 0.00000000099999999986 0.00000000099999999986 0.00000000099999999986 0.00000000099999999986 0.00000000099999999986 0.00000000099999999986 
0.02487117298743206015 0.00000000099999999999 0.18156643262154636975 0.00000000099999999999 0.00000000099999999999 0.00000000099999999999 0.45155536509843058335 0.00000000099999999999 0.32502643378304985067 0.00974648402326028923 0.00723410648628084949 
0.00000000099999999997 0.00000000099999999997 0.39578479970401808652 0.00007520310595559284 0.00000000099999999997 0.00000000099999999997 0.17806068673962463511 0.00000000099999999997 0.41032937880820141707 0.00000896741442002362 0.01574095922778003670 
0.00000000099999999989 0.00000000099999999989 0.00000000099999999989 0.00000000099999999989 0.00000000099999999989 0.00000000099999999989 0.99999998999999994975 0.00000000099999999989 0.00000000099999999989 0.00000000099999999989 0.00000000099999999989 
0.00000000099999999993 0.00000000099999999993 0.00000000099999999993 0.00000000099999999993 0.00000000099999999993 0.00000000099999999993 0.99999998999999994975 0.00000000099999999993 0.00000000099999999993 0.00000000099999999993 0.00000000099999999993 
0.00486707970466931580 0.00000000099999999995 0.18152783961296684034 0.20738774085832276106 0.00000000099999999995 0.00000000099999999995 0.23421141712446258420 0.00000000099999999995 0.10753997775741060139 0.26446593994216777146 0.00000000099999999995 
0.00000000099999999990 0.00000000099999999990 0.00000000099999999990 0.00000000099999999990 0.00000000099999999990 0.00000000099999999990 0.99999999000000006077 0.00000000099999999990 0.00000000099999999990 0.00000000099999999990 0.00000000099999999990 
0.00000000099999999995 0.00000000099999999995 0.12708100910117064997 0.25167430013321084870 0.00000000099999999995 0.00000000099999999995 0.29505723316507326270 0.00000000099999999995 0.00016857523902751373 0.32601887636151777317 0.00000000099999999995 
0.00000000099999999995 0.00000000099999999995 0.26799825119024711650 0.21292789203747627957 0.00000002253521458766 0.00000000099999999995 0.41496090823249476287 0.00000000099999999995 0.00000000099999999995 0.00000000099999999995 0.10411292000456726092 
0.00000000099999999998 0.00000000099999999998 0.16363877367168180865 0.00000000099999999998 0.00000000099999999998 0.00000000099999999998 0.37138510672523172840 0.00000000099999999998 0.17168150162607503928 0.26937498535668880084 0.02391962662032259476 
0.00000000099999999998 0.00000000099999999998 0.28152049634076931062 0.12766694907855014041 0.02409455887125184007 0.00000000099999999998 0.33527798657435636809 0.00000000099999999998 0.20375576897749242411 0.00000090508902976269 0.02768333106855015019 
0.00000000099999999997 0.00000000099999999997 0.24141275984863660997 0.09596826239328555552 0.00000000099999999997 0.00000000099999999997 0.19281499573824745219 0.00000000099999999997 0.30363863200599555681 0.14640365943740968335 0.01976168557642504764 
0.00000000099999999993 0.00000000099999999993 0.61267788697952330068 0.00000000099999999993 0.00000000099999999993 0.00000000099999999993 0.00000000099999999993 0.00000000099999999993 0.38732202937446563729 0.00000007564601099014 0.00000000099999999993 
0.00020011124722519685 0.00000000100000000000 0.00000000100000000000 0.11042415485955096865 0.00000345187109445594 0.07129926458078672535 0.21685989956386106381 0.00000000100000000000 0.44187343702497017262 0.12547993508222121672 0.03385974277029026730 
0.00000000099999999995 0.00000000099999999995 0.00023442119403494096 0.35798798931172193249 0.00000000099999999995 0.00000000099999999995 0.33248447374232392715 0.00000000099999999995 0.06894964601322477182 0.23161750782462800502 0.00872595691406643885 
0.00000000099999999993 0.00000000099999999993 0.22735629797655348971 0.28846713358234510327 0.00000000227893754633 0.00000000099999999993 0.00021149554133763961 0.00000000099999999993 0.38536927252003538857 0.00023134302578082657 0.09836445107501015639 
0.00000000099999999984 0.00000000099999999984 0.00000000099999999984 0.00000000099999999984 0.00000000099999999984 0.00000000099999999984 0.00000000099999999984 0.00000000099999999984 0.00000000099999999984 0.99999999000000006077 0.00000000099999999984 
0.01159267699860174958 0.00000000099999999996 0.27217524204538090515 0.13566932526388386648 0.00000000099999999996 0.00000000099999999996 0.31634134158841042961 0.00000000099999999996 0.21177055769612065927 0.00034149156620409628 0.05210936084139811825 
0.00000000099999999983 0.00000000099999999983 0.00000000099999999983 0.00000000099999999983 0.00000000099999999983 0.00000000099999999983 0.00000000099999999983 0.00000000099999999983 0.00000000099999999983 0.99999998999999994975 0.00000000099999999983 
0.00000000099999999989 0.00000000099999999989 0.00000000099999999989 0.99999999000000006077 0.00000000099999999989 0.00000000099999999989 0.00000000099999999989 0.00000000099999999989 0.00000000099999999989 0.00000000099999999989 0.00000000099999999989 
0.00053326618797851666 0.00000000099999999997 0.24930433942753632559 0.25589521498186779125 0.00000000099999999997 0.00000000099999999997 0.00344710933263976801 0.00000000099999999997 0.37189399990353555481 0.09182085214932544925 0.02710521401711676187 
0.00000000099999999989 0.00000000099999999989 0.00000000099999999989 0.00000000099999999989 0.00000000099999999989 0.00000000099999999989 0.99999999000000006077 0.00000000099999999989 0.00000000099999999989 0.00000000099999999989 0.00000000099999999989 
0.00000000099999999985 0.00000000099999999985 0.00000000099999999985 0.00000000099999999985 0.00000000099999999985 0.00000000099999999985 0.00000000099999999985 0.00000000099999999985 0.99999998999999994975 0.00000000099999999985 0.00000000099999999985 
0.00000000099999999989 0.00000000099999999989 0.00000000099999999989 0.00000000099999999989 0.99999999000000006077 0.00000000099999999989 0.00000000099999999989 0.00000000099999999989 0.00000000099999999989 0.00000000099999999989 0.00000000099999999989 
0.00000000099999999995 0.00000000099999999995 0.00000000099999999995 0.00000000099999999995 0.98393630540459542377 0.00000000099999999995 0.00000000099999999995 0.00000000099999999995 0.00000000099999999995 0.00000000099999999995 0.01606368559540458443 
0.00000000099999999939 0.00000000099999999939 0.00000000099999999939 0.00000000099999999939 0.00000000099999999939 0.00000000099999999939 0.00000000099999999939 0.99999999000000006077 0.00000000099999999939 0.00000000099999999939 0.00000000099999999939 
0.99999999000000028282 0.00000000099999999951 0.00000000099999999951 0.00000000099999999951 0.00000000099999999951 0.00000000099999999951 0.00000000099999999951 0.00000000099999999951 0.00000000099999999951 0.00000000099999999951 0.00000000099999999951 
0.03552861852517318758 0.00000000099999999998 0.00000000099999999998 0.00000000099999999998 0.88778805710348285274 0.00000000099999999998 0.00000000099999999998 0.00000000099999999998 0.00000512824130146244 0.05298722711406366609 0.02369096301597903645 
0.00000000099999999993 0.00000000099999999993 0.00228530124379736554 0.00000000099999999993 0.00000000099999999993 0.00000000099999999993 0.54520031925566658781 0.00000000099999999993 0.00000939714985591532 0.45250497535068018307 0.00000000099999999993 
0.00000000099999999993 0.00000000099999999993 0.00000000099999999993 0.34842530017692618927 0.00000000099999999993 0.00000000099999999993 0.00000000099999999993 0.00000000099999999993 0.00000000099999999993 0.65157469082307351016 0.00000000099999999993 
0.00521434927167958688 0.00000000099999999996 0.00000000099999999996 0.00000000099999999996 0.99478564172832040224 0.00000000099999999996 0.00000000099999999996 0.00000000099999999996 0.00000000099999999996 0.00000000099999999996 0.00000000099999999996 
0.00000000099999999994 0.00000000099999999994 0.00000000099999999994 0.00000000099999999994 0.00000000099999999994 0.00000000099999999994 0.59752905134132783260 0.00000000099999999994 0.00000000099999999994 0.40247093965867214438 0.00000000099999999994 
0.00000000099999999993 0.00000000099999999993 0.00000000099999999993 0.00000000099999999993 0.00000000099999999993 0.00000000099999999993 0.62405039311876209229 0.00000000099999999993 0.02189681753969790340 0.35405278134153989056 0.00000000099999999993 
0.00000000099999999995 0.00000000099999999995 0.49326518359724935703 0.00000000099999999995 0.00000000099999999995 0.00000000099999999995 0.00000000099999999995 0.00000000099999999995 0.43641419843265194523 0.00000000099999999995 0.07032060997009864645 
0.00000000099999999939 0.99999999000000017180 0.00000000099999999939 0.00000000099999999939 0.00000000099999999939 0.00000000099999999939 0.00000000099999999939 0.00000000099999999939 0.00000000099999999939 0.00000000099999999939 0.00000000099999999939 
0.00000000099999999940 0.99999999000000028282 0.00000000099999999940 0.00000000099999999940 0.00000000099999999940 0.00000000099999999940 0.00000000099999999940 0.00000000099999999940 0.00000000099999999940 0.00000000099999999940 0.00000000099999999940 
0.00000000099999999942 0.65854704679624276320 0.00000000099999999942 0.00000000099999999942 0.00000000099999999942 0.34145294420375738031 0.00000000099999999942 0.00000000099999999942 0.00000000099999999942 0.00000000099999999942 0.00000000099999999942 
0.00000000099999999945 0.59175976821403453165 0.00000000099999999945 0.00000000099999999945 0.00000000099999999945 0.40824022278596555635 0.00000000099999999945 0.00000000099999999945 0.00000000099999999945 0.00000000099999999945 0.00000000099999999945 
0.00000000099999999937 0.00000000099999999937 0.00000000099999999937 0.00000000099999999937 0.00000000099999999937 0.99999999000000006077 0.00000000099999999937 0.00000000099999999937 0.00000000099999999937 0.00000000099999999937 0.00000000099999999937 
0.00000000099999999995 0.00000000099999999995 0.00000000099999999995 0.00000000099999999995 0.99999999000000006077 0.00000000099999999995 0.00000000099999999995 0.00000000099999999995 0.00000000099999999995 0.00000000099999999995 0.00000000099999999995 
0.00000000099999999988 0.00000000099999999988 0.00000000099999999988 0.00000000099999999988 0.00000000099999999988 0.00000000099999999988 0.00000000099999999988 0.00000000099999999988 0.99999998999999994975 0.00000000099999999988 0.00000000099999999988 
0.00000000099999999938 0.00000000099999999938 0.00000000099999999938 0.00000000099999999938 0.00000000099999999938 0.99999999000000006077 0.00000000099999999938 0.00000000099999999938 0.00000000099999999938 0.00000000099999999938 0.00000000099999999938 
0.00000000099999999936 0.00000000099999999936 0.00000000099999999936 0.00000000099999999936 0.00000000099999999936 0.00000000099999999936 0.00000000099999999936 0.99999998999999994975 0.00000000099999999936 0.00000000099999999936 0.00000000099999999936 
0.99999999000000028282 0.00000000099999999948 0.00000000099999999948 0.00000000099999999948 0.00000000099999999948 0.00000000099999999948 0.00000000099999999948 0.00000000099999999948 0.00000000099999999948 0.00000000099999999948 0.00000000099999999948 
0.99999999000000017180 0.00000000099999999948 0.00000000099999999948 0.00000000099999999948 0.00000000099999999948 0.00000000099999999948 0.00000000099999999948 0.00000000099999999948 0.00000000099999999948 0.00000000099999999948 0.00000000099999999948 
0.00000000099999999984 0.00000000099999999984 0.99999999000000006077 0.00000000099999999984 0.00000000099999999984 0.00000000099999999984 0.00000000099999999984 0.00000000099999999984 0.00000000099999999984 0.00000000099999999984 0.00000000099999999984 
0.00000000099999999939 0.00000000099999999939 0.00000000099999999939 0.00000000099999999939 0.00000000099999999939 0.99999999000000017180 0.00000000099999999939 0.00000000099999999939 0.00000000099999999939 0.00000000099999999939 0.00000000099999999939 
0.00000000099999999991 0.00000000099999999991 0.00000000099999999991 0.00000000099999999991 0.00000000099999999991 0.00000000099999999991 0.99999999000000006077 0.00000000099999999991 0.00000000099999999991 0.00000000099999999991 0.00000000099999999991 
0.00000000099999999981 0.00000000099999999981 0.00000000099999999981 0.00000000099999999981 0.00000000099999999981 0.00000000099999999981 0.00000000099999999981 0.00000000099999999981 0.00000000099999999981 0.99999998999999994975 0.00000000099999999981 
0.00000000099999999994 0.00000000099999999994 0.04548230949000003909 0.00000000099999999994 0.92955020534088783624 0.00000000099999999994 0.00000000099999999994 0.00000000099999999994 0.00000000099999999994 0.00000000099999999994 0.02496747716911228501 
0.00000000099999999984 0.00000000099999999984 0.00000000099999999984 0.99999999000000017180 0.00000000099999999984 0.00000000099999999984 0.00000000099999999984 0.00000000099999999984 0.00000000099999999984 0.00000000099999999984 0.00000000099999999984 
