0.00000000100000000000 0.32621618072457370108 0.00000000100000000000 0.02264923828552917878 0.53613122533618040588 0.11500335365371662510 
0.99999999500000014141 0.00000000099999999995 0.00000000099999999995 0.00000000099999999995 0.00000000099999999995 0.00000000099999999995 
0.99999999500000014141 0.00000000099999999995 0.00000000099999999995 0.00000000099999999995 0.00000000099999999995 0.00000000099999999995 
0.03598650445492166533 0.37557178157261150719 0.00000000099999999999 0.00109050972822033335 0.50680111058980470418 0.08055009265444158795 
0.00000000100000000000 0.35206097098217054020 0.00000000100000000000 0.00897298632091515606 0.44693652833405062008 0.19202951236286355807 
0.02530709940383129089 0.43835039708829892646 0.00000000099999999999 0.00228777376879373733 0.40486427365535981870 0.12919045508371621023 
0.99999999500000014141 0.00000000099999999996 0.00000000099999999996 0.00000000099999999996 0.00000000099999999996 0.00000000099999999996 
0.99999999500000014141 0.00000000099999999994 0.00000000099999999994 0.00000000099999999994 0.00000000099999999994 0.00000000099999999994 
0.00000000099999999999 0.32057838759432344400 0.00000000099999999999 0.01673721030130305085 0.59238359227721515410 0.07030080782715840415 
0.99999999500000003039 0.00000000099999999995 0.00000000099999999995 0.00000000099999999995 0.00000000099999999995 0.00000000099999999995 
0.00000000099999999999 0.00000000099999999999 0.00000000099999999999 0.00000000099999999999 0.99999999499999991937 0.00000000099999999999 
0.01389132883925143884 0.28560846040810344837 0.00000000099999999999 0.00511751595262661778 0.47605097159902814985 0.21933172220099031446 
0.00000000100000000000 0.19587781011699118006 0.00000000100000000000 0.00664225409900475600 0.67012198448249005178 0.12735794930151406179 
0.00192720928843342692 0.28458889999422803951 0.00000000099999999999 0.01527888986828187037 0.58332746436217675079 0.11487753548687970606 
0.00000000100000000000 0.00000000100000000000 0.00000434551199204194 0.01429679813536520461 0.75548486946426340882 0.23021398488837938046 
0.05346897669627737049 0.25268950667011952360 0.00000000099999999999 0.02828157140749230219 0.46529410727125092295 0.20026583695486002701 
0.00000000099999999998 0.00000000099999999998 0.00000000099999999998 0.00000000099999999998 0.72480631002891993120 0.27519368597108023744 
0.00000000099999999999 0.30020341325881172434 0.00161420082940499920 0.00366870480613847505 0.54429265311511021430 0.15022102699053457853 
0.00000000100000000000 0.44834539319846949956 0.00142811575168530730 0.00553564385485999857 0.40882427522263997677 0.13586657097234505764 
0.00000000099999999997 0.69809303072957074043 0.00000000099999999997 0.00000000099999999997 0.00000000099999999997 0.30190696527042931718 
0.00000000099999999999 0.39527029578822364675 0.00000000099999999999 0.00000000099999999999 0.50914689348661690271 0.09558280772515932722 
0.97791725958031927579 0.00000000099999999997 0.00000000099999999997 0.00000000099999999997 0.00000000099999999997 0.02208273641968083040 
0.02283630474087951570 0.21639677946659566232 0.00000000099999999999 0.00000000099999999999 0.53807986302531329859 0.22268705076721137526 
0.00000000099999999985 0.00000000099999999985 0.00000000099999999985 0.00000000099999999985 0.00000000099999999985 0.99999999499999991937 
0.00000000099999999993 0.00000000099999999993 0.00000000099999999993 0.00000000099999999993 0.00000000099999999993 0.99999999500000003039 
0.00000000099999999999 0.38216102315032529635 0.00000000099999999999 0.00156796048081972125 0.48150046627337261818 0.13477054809548227876 
0.00000000099999999978 0.00000000099999999978 0.00000000099999999978 0.99999999500000003039 0.00000000099999999978 0.00000000099999999978 
0.00000000099999999975 0.00000000099999999975 0.00000000099999999975 0.99999999499999991937 0.00000000099999999975 0.00000000099999999975 
0.00000000100000000000 0.28143812557635838889 0.00000000100000000000 0.00631490384928565067 0.57750851986422724327 0.13473844871012857771 
0.00000000099999999999 0.21073793397910997593 0.00000000099999999999 0.00747590923555018546 0.51495466762179287201 0.26683148716354693208 
0.00957303418432544490 0.00000000111097476992 0.00000000099999999998 0.00000000099999999998 0.99042696170469968209 0.00000000099999999998 
0.94861061636515198181 0.00000000099999999996 0.00000000099999999996 0.00000000099999999996 0.00000000099999999996 0.05138937963484811744 
0.16909163534353127689 0.00000000099999999992 0.00000000099999999992 0.35414478030172047429 0.00000000099999999992 0.47676358135474822264 
0.00000000099999999999 0.33146404136471097068 0.00000000099999999999 0.00000000099999999999 0.50451092580797840537 0.16402502982731059777 
0.00000000099999999975 0.00000000099999999975 0.99999999499999991937 0.00000000099999999975 0.00000000099999999975 0.00000000099999999975 
0.00000000099999999968 0.00000000099999999968 0.99999999499999991937 0.00000000099999999968 0.00000000099999999968 0.00000000099999999968 
0.00000000099999999968 0.00000000099999999968 0.99999999500000003039 0.00000000099999999968 0.00000000099999999968 0.00000000099999999968 
0.00000000099999999979 0.00000000099999999979 0.00000000099999999979 0.99999999499999991937 0.00000000099999999979 0.00000000099999999979 
0.00000000099999999976 0.00000000099999999976 0.00000000099999999976 0.99999999500000003039 0.00000000099999999976 0.00000000099999999976 
0.00000000099999999996 0.00000000099999999996 0.00000000099999999996 0.00000000099999999996 0.99999999499999991937 0.00000000099999999996 
0.99999999500000014141 0.00000000099999999997 0.00000000099999999997 0.00000000099999999997 0.00000000099999999997 0.00000000099999999997 
0.00000000099999999977 0.00000000099999999977 0.00000000099999999977 0.99999999499999991937 0.00000000099999999977 0.00000000099999999977 
0.01173003220086534654 0.00000000099999999999 0.00000000099999999999 0.00376615919396021837 0.76038099319597640680 0.22412281340919798511 
0.99999999500000014141 0.00000000099999999994 0.00000000099999999994 0.00000000099999999994 0.00000000099999999994 0.00000000099999999994 
0.00000000099999999980 0.00000000099999999980 0.00000000099999999980 0.99999999500000003039 0.00000000099999999980 0.00000000099999999980 
0.01147336448093163458 0.25461520775979551434 0.00000000099999999999 0.00491317877259202923 0.58107050009062077844 0.14792774789606016883 
0.00000000099999999978 0.00000000099999999978 0.00000000099999999978 0.99999999499999991937 0.00000000099999999978 0.00000000099999999978 
0.99999999500000014141 0.00000000099999999996 0.00000000099999999996 0.00000000099999999996 0.00000000099999999996 0.00000000099999999996 
0.99999999500000014141 0.00000000099999999993 0.00000000099999999993 0.00000000099999999993 0.00000000099999999993 0.00000000099999999993 
0.00000000099999999975 0.00000000099999999975 0.00000000099999999975 0.99999999499999991937 0.00000000099999999975 0.00000000099999999975 
0.00000000099999999977 0.00000000099999999977 0.00000000099999999977 0.99999999500000003039 0.00000000099999999977 0.00000000099999999977 
0.99999999500000003039 0.00000000099999999996 0.00000000099999999996 0.00000000099999999996 0.00000000099999999996 0.00000000099999999996 
0.99999999500000014141 0.00000000099999999996 0.00000000099999999996 0.00000000099999999996 0.00000000099999999996 0.00000000099999999996 
0.99999999500000014141 0.00000000099999999996 0.00000000099999999996 0.00000000099999999996 0.00000000099999999996 0.00000000099999999996 
0.00000000099999999981 0.00000000099999999981 0.00000000099999999981 0.99999999500000003039 0.00000000099999999981 0.00000000099999999981 
0.03776217089733416299 0.27956115513382284732 0.00000000100000000000 0.01482412361505100647 0.66785254835379193050 0.00000000100000000000 
0.00000000099999999997 0.99530036820977618728 0.00000000099999999997 0.00469962779022391631 0.00000000099999999997 0.00000000099999999997 
0.02365828132244645124 0.37419730268253892369 0.00000000099999999998 0.00000000099999999998 0.60214441299501464400 0.00000000099999999998 
0.00000000099999999997 0.00000000099999999997 0.00000000099999999997 0.00000000099999999997 0.99999999500000003039 0.00000000099999999997 
0.99999999500000003039 0.00000000099999999995 0.00000000099999999995 0.00000000099999999995 0.00000000099999999995 0.00000000099999999995 
0.00000000099999999996 0.99999999500000003039 0.00000000099999999996 0.00000000099999999996 0.00000000099999999996 0.00000000099999999996 
0.00000000099999999973 0.00000000099999999973 0.99999999500000003039 0.00000000099999999973 0.00000000099999999973 0.00000000099999999973 
0.00000000099999999994 0.99999999500000003039 0.00000000099999999994 0.00000000099999999994 0.00000000099999999994 0.00000000099999999994 
0.00000000099999999973 0.00000000099999999973 0.99999999500000003039 0.00000000099999999973 0.00000000099999999973 0.00000000099999999973 
0.02288926681105432973 0.22604357831346430507 0.00000000099999999999 0.00000000099999999999 0.37277419116052107340 0.37829296171496040735 
0.00000000099999999974 0.00000000099999999974 0.99999999499999991937 0.00000000099999999974 0.00000000099999999974 0.00000000099999999974 
0.00450031197682601407 0.52347110308266275869 0.00000000099999999999 0.00000000272175723792 0.29800700109467465060 0.17402158012407931142 
0.00486509113172971328 0.39145905169723704820 0.00000000100000000000 0.00528815935385194315 0.29637452451676343790 0.30201317230041774264 
0.99999999500000014141 0.00000000099999999994 0.00000000099999999994 0.00000000099999999994 0.00000000099999999994 0.00000000099999999994 
0.00000000099999999997 0.21580502583048502552 0.00000000099999999997 0.00000000099999999997 0.50045681241774531145 0.28373815875176960910 
0.00000000099999999974 0.00000000099999999974 0.99999999499999991937 0.00000000099999999974 0.00000000099999999974 0.00000000099999999974 
0.00000000099999999976 0.00000000099999999976 0.99999999499999991937 0.00000000099999999976 0.00000000099999999976 0.00000000099999999976 
0.07617250864926766729 0.11451607268316128796 0.00000000099999999999 0.01078301144710078728 0.54558233210223816556 0.25294607411823211152 
0.99999999500000014141 0.00000000099999999994 0.00000000099999999994 0.00000000099999999994 0.00000000099999999994 0.00000000099999999994 
0.00000000099999999981 0.00000000099999999981 0.00000000099999999981 0.99999999500000003039 0.00000000099999999981 0.00000000099999999981 
0.99999999500000003039 0.00000000099999999995 0.00000000099999999995 0.00000000099999999995 0.00000000099999999995 0.00000000099999999995 
0.03427733160065038476 0.14548937606919898347 0.00000000099999999999 0.00000000099999999999 0.68874781819045305387 0.13148547213969757896 
0.00000000099999999971 0.00000000099999999971 0.99999999500000003039 0.00000000099999999971 0.00000000099999999971 0.00000000099999999971 
0.00000000099999999973 0.00000000099999999973 0.00000000099999999973 0.99999999500000003039 0.00000000099999999973 0.00000000099999999973 
0.00000000099999999977 0.00000000099999999977 0.99999999500000003039 0.00000000099999999977 0.00000000099999999977 0.00000000099999999977 
0.00000000100000000000 0.43363190742602375494 0.00207430776477117614 0.01719825984075274913 0.29696242180193477278 0.25013310216651757356 
0.99999999500000003039 0.00000000099999999993 0.00000000099999999993 0.00000000099999999993 0.00000000099999999993 0.00000000099999999993 
0.99999999500000014141 0.00000000099999999995 0.00000000099999999995 0.00000000099999999995 0.00000000099999999995 0.00000000099999999995 
0.22993109954597582001 0.00017329048320561500 0.00000000099999999999 0.00000000099999999999 0.55926254950848297565 0.21063305846233562613 
0.00013110247932857658 0.31281751261593587765 0.00000000100000000000 0.02124342718708669905 0.44077943162517296827 0.22502852509247578405 
0.00000000099999999998 0.00000309343649941448 0.00000000099999999998 0.00000000099999999998 0.79546341221043748160 0.20453349135306317375 
0.01390851367615550220 0.15391156048531526301 0.00000000099999999998 0.00000000099999999998 0.64638144209884651481 0.18579848173968271929 
0.00000000099999999999 0.19129737965060300553 0.00000000099999999999 0.00000000099999999999 0.59089922122967919460 0.21780339611971791247 
0.00000000099999999998 0.36263294876617152562 0.00000000099999999998 0.00000000099999999998 0.46414764249702855636 0.17321940573679980857 
0.00136371216639729828 0.44802131280804707858 0.00000000099999999998 0.00000000099999999998 0.54925001789967520249 0.00136495512588026145 
0.00553226368905536826 0.31688171247471758063 0.00000000099999999999 0.00485612530943189437 0.56081479380937659940 0.11191510371741843211 
0.02482532567903761311 0.00000000099999999999 0.00000000099999999999 0.00000000099999999999 0.75611108461927523106 0.21906358670168718517 
0.99999999500000014141 0.00000000099999999996 0.00000000099999999996 0.00000000099999999996 0.00000000099999999996 0.00000000099999999996 
0.99498484835302913876 0.00000000099999999998 0.00000000099999999998 0.00000000099999999998 0.00501514764697085121 0.00000000099999999998 
0.00000000099999999984 0.00000000099999999984 0.99999999500000003039 0.00000000099999999984 0.00000000099999999984 0.00000000099999999984 
0.99999999500000003039 0.00000000099999999997 0.00000000099999999997 0.00000000099999999997 0.00000000099999999997 0.00000000099999999997 
0.99999999500000003039 0.00000000099999999998 0.00000000099999999998 0.00000000099999999998 0.00000000099999999998 0.00000000099999999998 
0.01696114548475555900 0.30474184529266012955 0.00000000099999999999 0.00604619405977006516 0.54332787119012504462 0.12892294297268927505 
0.00000000099999999968 0.00000000099999999968 0.99999999500000003039 0.00000000099999999968 0.00000000099999999968 0.00000000099999999968 
0.00000000099999999998 0.00000000099999999998 0.00000000099999999998 0.00000000099999999998 0.99999999500000003039 0.00000000099999999998 
0.01339981292697762366 0.38661709142873579292 0.00000000099999999999 0.00209433388417294957 0.59788875976011346403 0.00000000099999999999 
0.00000000099999999999 0.59220662748289631949 0.00000000099999999999 0.00000000099999999999 0.00000000099999999999 0.40779336851710373812 
0.02126074151334984494 0.41507236608903619324 0.00000000100000000000 0.00248766285943385164 0.44762903394074932129 0.11355019459743075083 
0.00000000099999999999 0.26594413273237499373 0.00000000099999999999 0.00000000099999999999 0.47925831242991950853 0.25479755183770541604 
0.02599340454500995157 0.00000000099999999998 0.00000000099999999998 0.00000000099999999998 0.71830557755565127565 0.25570101489933871886 
0.00000000099999999998 0.60315987150856775756 0.00000000099999999998 0.00000000099999999998 0.00000000099999999998 0.39684012449143218904 
0.00659090869095411633 0.41787635233928099865 0.00000000099999999999 0.00506186406079011525 0.35724988893069492546 0.21322098497827990382 
0.00896844591518893355 0.37292647407332862874 0.00012344580906840406 0.03018479803077834395 0.42805666862692132169 0.15974016754471440094 
0.00000815864611659118 0.26144174401281189413 0.00000000099999999999 0.01108211151247821130 0.58419088888723846864 0.14327709594135479287 
0.00000000099999999998 0.46485278805735458230 0.00000000099999999998 0.00000000099999999998 0.53514720794264536430 0.00000000099999999998 
0.00861419386768571931 0.62896751665252947916 0.00000000099999999999 0.01471270812342425315 0.00000000099999999999 0.34770557935636053903 
0.00000000099999999998 0.15041910172642714016 0.00000000099999999998 0.00955630695211162097 0.67839783983294366099 0.16162674948851749046 
0.00000000099999999997 0.61709841267446208235 0.00000000099999999997 0.00000000099999999997 0.00000000099999999997 0.38290158332553797527 
0.00000000099999999999 0.39015838456573587179 0.00000000099999999999 0.00000000099999999999 0.34198722690847765948 0.26785438552578649807 
0.02809122144323296724 0.41549951678806962274 0.00000000099999999998 0.00000000099999999998 0.39954079410236897907 0.15686846566632831057 
0.00898936696296829402 0.38778504157517829087 0.00000000100000000000 0.00358455027652491770 0.42307748129599320741 0.17656355888933533693 
0.03498109916693416255 0.24837398362149032405 0.00000000099999999999 0.00000000099999999999 0.55426310515115051469 0.16238181006042487486 
0.00000000099999999999 0.31710558882254730184 0.00000000099999999999 0.00000000099999999999 0.68289439810466567859 0.00000001007278691468 
0.00000000099999999992 0.00000000099999999992 0.00000000099999999992 0.00000000099999999992 0.00000000099999999992 0.99999999499999991937 
0.01175774401724601244 0.43415182704000837566 0.06868824779416721205 0.00000456337048351287 0.18894957834375522565 0.29644803943433978288 
0.00000000099999999991 0.00000000099999999991 0.00000000099999999991 0.00000000099999999991 0.00000000099999999991 0.99999999499999991937 
0.00000080994608738933 0.00000000099999999997 0.00000000099999999997 0.00000000099999999997 0.58576325427938158441 0.41423593277453107930 
0.01237396856705740185 0.00000000099999999998 0.00000000099999999998 0.00000000099999999998 0.63427309476871762683 0.35335293366422498851 
0.00000000099999999999 0.26018781155298448260 0.00000000099999999999 0.01416511674087984549 0.50105197245714394594 0.22459509724899157090 
0.00712115838034093826 0.37853342292315556028 0.00000000099999999998 0.00000000099999999998 0.44423789197281271512 0.17010752472369086719 
0.00000000099999999999 0.00000000099999999999 0.00000000099999999999 0.00000000099999999999 0.56417002723605536030 0.43582996876394458630 
0.01049314493184832359 0.18149966748831025676 0.00000000099999999999 0.00736450967886546903 0.67428778443195325210 0.12635489246902270599 
0.00000000099999999997 0.72138842814021508776 0.00000000099999999997 0.00000000099999999997 0.00000000099999999997 0.27861156785978502537 
0.02870553067198730948 0.31677971079696376488 0.00000000099999999998 0.00000000099999999998 0.65451475553104887517 0.00000000099999999998 
0.99999999500000003039 0.00000000099999999995 0.00000000099999999995 0.00000000099999999995 0.00000000099999999995 0.00000000099999999995 
0.99999999500000014141 0.00000000099999999998 0.00000000099999999998 0.00000000099999999998 0.00000000099999999998 0.00000000099999999998 
0.00000000099999999979 0.00000000099999999979 0.99999999500000003039 0.00000000099999999979 0.00000000099999999979 0.00000000099999999979 
0.00000000099999999974 0.00000000099999999974 0.00000000099999999974 0.99999999499999991937 0.00000000099999999974 0.00000000099999999974 
0.89826643566966291043 0.06486604507285821664 0.00000000099999999999 0.03686751625747899247 0.00000000099999999999 0.00000000099999999999 
0.00000000099999999994 0.99999999500000014141 0.00000000099999999994 0.00000000099999999994 0.00000000099999999994 0.00000000099999999994 
0.00000000099999999995 0.99999999500000003039 0.00000000099999999995 0.00000000099999999995 0.00000000099999999995 0.00000000099999999995 
0.97191866327733544839 0.00000000099999999998 0.00000000099999999998 0.00153444192534550323 0.00000000099999999998 0.02654689179731916163 
0.00000000099999999996 0.99999999500000003039 0.00000000099999999996 0.00000000099999999996 0.00000000099999999996 0.00000000099999999996 
0.00000000099999999998 0.40499525897302046662 0.00000000099999999998 0.01023615800478500613 0.36120517020093689808 0.22356341082125749664 
0.00000000099999999999 0.27463226708510751761 0.00000000099999999999 0.00011449029210227127 0.54746132381552581325 0.17779191680726433300 
0.00000000099999999972 0.00000000099999999972 0.99999999500000003039 0.00000000099999999972 0.00000000099999999972 0.00000000099999999972 
0.00000000099999999973 0.00000000099999999973 0.99999999499999991937 0.00000000099999999973 0.00000000099999999973 0.00000000099999999973 
0.00000000099999999968 0.00000000099999999968 0.99999999499999991937 0.00000000099999999968 0.00000000099999999968 0.00000000099999999968 
0.00000000099999999969 0.00000000099999999969 0.99999999500000003039 0.00000000099999999969 0.00000000099999999969 0.00000000099999999969 
0.00000000099999999970 0.00000000099999999970 0.99999999500000003039 0.00000000099999999970 0.00000000099999999970 0.00000000099999999970 
0.99999999500000003039 0.00000000099999999998 0.00000000099999999998 0.00000000099999999998 0.00000000099999999998 0.00000000099999999998 
0.00000000099999999999 0.00000000099999999999 0.00000000099999999999 0.00186193300131295568 0.78564300275953602437 0.21249506123915093414 
0.00000000099999999970 0.00000000099999999970 0.99999999500000003039 0.00000000099999999970 0.00000000099999999970 0.00000000099999999970 
0.00000000099999999974 0.00000000099999999974 0.99999999499999991937 0.00000000099999999974 0.00000000099999999974 0.00000000099999999974 
0.00000000099999999973 0.00000000099999999973 0.00000000099999999973 0.99999999500000003039 0.00000000099999999973 0.00000000099999999973 
0.00000000099999999973 0.00000000099999999973 0.00000000099999999973 0.99999999499999991937 0.00000000099999999973 0.00000000099999999973 
0.00000000099999999996 0.00000000099999999996 0.00000000099999999996 0.00000000099999999996 0.99999999499999991937 0.00000000099999999996 
0.00000000099999999972 0.00000000099999999972 0.99999999500000003039 0.00000000099999999972 0.00000000099999999972 0.00000000099999999972 
0.00000000099999999997 0.00000000099999999997 0.00000000099999999997 0.00000000099999999997 0.99999999499999991937 0.00000000099999999997 
0.00000000099999999998 0.60459680849546915127 0.00000000099999999998 0.00000000099999999998 0.39540318750453079533 0.00000000099999999998 
0.94200735802218904524 0.00000000099999999998 0.00000000099999999998 0.00000000099999999998 0.00000001018372739300 0.05799262879408358801 
0.00471277741249390147 0.32828098761567692243 0.00000000099999999998 0.00000000099999999998 0.46995318558606197223 0.19705304738576714940 
0.99999999500000014141 0.00000000099999999993 0.00000000099999999993 0.00000000099999999993 0.00000000099999999993 0.00000000099999999993 
0.01639243779325786146 0.26896486215120479768 0.00000000099999999999 0.00316973334777231972 0.51306159164070752610 0.19841137406705763868 
0.99999999500000014141 0.00000000099999999994 0.00000000099999999994 0.00000000099999999994 0.00000000099999999994 0.00000000099999999994 
0.00654488492597113218 0.29865745999907566954 0.00000000099999999999 0.01644863216084805832 0.54845685089127338419 0.12989217102283173721 
0.00000000099999999996 0.99999999500000014141 0.00000000099999999996 0.00000000099999999996 0.00000000099999999996 0.00000000099999999996 
0.00000000099999999974 0.00000000099999999974 0.99999999500000003039 0.00000000099999999974 0.00000000099999999974 0.00000000099999999974 
0.99999999500000014141 0.00000000099999999995 0.00000000099999999995 0.00000000099999999995 0.00000000099999999995 0.00000000099999999995 
0.00000000099999999970 0.00000000099999999970 0.99999999499999991937 0.00000000099999999970 0.00000000099999999970 0.00000000099999999970 
0.00000000099999999970 0.00000000099999999970 0.99999999499999991937 0.00000000099999999970 0.00000000099999999970 0.00000000099999999970 
0.00000000099999999997 0.00000000099999999997 0.00000000099999999997 0.00000000099999999997 0.99999999500000003039 0.00000000099999999997 
0.00000000099999999997 0.00000000099999999997 0.00000000099999999997 0.00000000099999999997 0.99999999499999991937 0.00000000099999999997 
0.00000000099999999997 0.52714541987284291302 0.00000000099999999997 0.00000000099999999997 0.47285375121658657083 0.00000082591057049708 
0.00000000099999999999 0.18470919728710730179 0.00000000099999999999 0.00000000099999999999 0.63941893963213281005 0.17587186008075991750 
0.00000000099999999992 0.00000000099999999992 0.00000000099999999992 0.00000000099999999992 0.00000000099999999992 0.99999999499999991937 
0.00555845346567587946 0.23475080971263337370 0.00000000099999999998 0.00521070477830621812 0.37611029259423817139 0.37836973844914634224 
0.00000000099999999998 0.29789099421339659823 0.00000000099999999998 0.00000000099999999998 0.70210900178660329285 0.00000000099999999998 
0.96890823192710306966 0.03109176407289691163 0.00000000099999999997 0.00000000099999999997 0.00000000099999999997 0.00000000099999999997 
0.00000000099999999998 0.50865180404726939578 0.00000000099999999998 0.00000000099999999998 0.24005062120212014576 0.25129757175061051555 
0.00000000099999999970 0.00000000099999999970 0.99999999499999991937 0.00000000099999999970 0.00000000099999999970 0.00000000099999999970 
0.00000000099999999999 0.28345311688189345212 0.00000000099999999999 0.00000000099999999999 0.58759004238188750069 0.12895683773621891000 
0.00000000099999999990 0.00000000099999999990 0.99999999499999991937 0.00000000099999999990 0.00000000099999999990 0.00000000099999999990 
0.00000000099999999974 0.00000000099999999974 0.99999999499999991937 0.00000000099999999974 0.00000000099999999974 0.00000000099999999974 
0.02228623046000835495 0.43304618767872216090 0.00000000099999999999 0.00000000099999999999 0.42617588321927307726 0.11849169664199626917 
0.00000000099999999997 0.00000000099999999997 0.00000000099999999997 0.00000000099999999997 0.99999999499999991937 0.00000000099999999997 
0.01192311874823984499 0.23439508346062704058 0.00000000099999999999 0.00000000099999999999 0.43968228621428040448 0.31399950957685274222 
0.00000000099999999976 0.00000000099999999976 0.99999999500000003039 0.00000000099999999976 0.00000000099999999976 0.00000000099999999976 
0.99999999500000014141 0.00000000099999999994 0.00000000099999999994 0.00000000099999999994 0.00000000099999999994 0.00000000099999999994 
0.99999999500000014141 0.00000000099999999994 0.00000000099999999994 0.00000000099999999994 0.00000000099999999994 0.00000000099999999994 
0.00000000099999999974 0.00000000099999999974 0.99999999499999991937 0.00000000099999999974 0.00000000099999999974 0.00000000099999999974 
0.00000000099999999998 0.55699199598247661758 0.00000000099999999998 0.00000000099999999998 0.00000000099999999998 0.44300800001752338453 
0.03389186204764975396 0.19142551542900232420 0.00000000100000000000 0.01398399226357947833 0.50570979905443758096 0.25498883020533080757 
0.00000000099999999975 0.00000000099999999975 0.99999999499999991937 0.00000000099999999975 0.00000000099999999975 0.00000000099999999975 
0.00000000099999999998 0.00211445271691649726 0.00000000099999999998 0.00000000099999999998 0.54955308956484238969 0.44833245471824112460 
0.99999999500000014141 0.00000000099999999993 0.00000000099999999993 0.00000000099999999993 0.00000000099999999993 0.00000000099999999993 
0.22657651399906680867 0.00000001858603688592 0.10540915317019253217 0.11158066037066038945 0.42199687390926837738 0.13443677996477498837 
0.01843199241024299356 0.58552800417901340602 0.00000000099999999999 0.00000000099999999999 0.39603893079505708696 0.00000107061568673411 
0.02917329346633487294 0.39306093562160054899 0.00000000099999999999 0.01223924997545545838 0.42271783733539841643 0.14280868260121060143 
0.00000000099999999999 0.41293510083248097242 0.00000000099999999999 0.01321139395402640138 0.38699568808387746488 0.18685781512961516238 
0.00000000099999999991 0.00000000099999999991 0.00000000099999999991 0.00000000099999999991 0.00000000099999999991 0.99999999499999991937 
0.00000000099999999998 0.00000000099999999998 0.00000000099999999998 0.00000000099999999998 0.65499918978005999826 0.34500080621993994834 
0.00000000099999999999 0.16904054259953515960 0.00000000099999999999 0.00000000099999999999 0.63906510685981976483 0.19189434754064513267 
0.00000000099999999999 0.26530111946414308699 0.00000000099999999999 0.00905867610309335318 0.41653524667916158597 0.30910495575360197318 
0.02267839339367520510 0.15894141695693098093 0.00109652670155725761 0.00226666998738732145 0.65992286429647051271 0.15509412866397859210 
0.99999999500000003039 0.00000000099999999996 0.00000000099999999996 0.00000000099999999996 0.00000000099999999996 0.00000000099999999996 
0.01383528764760904618 0.21564596011535572262 0.00000000099999999999 0.00589373018381177550 0.57779294404598202650 0.18683207700724138722 
0.00000000099999999995 0.99999999500000014141 0.00000000099999999995 0.00000000099999999995 0.00000000099999999995 0.00000000099999999995 
0.03826530952860546925 0.51478093956892756466 0.00000000099999999999 0.00000000099999999999 0.42277497954009629622 0.02417876936237062235 
0.00000000099999999994 0.99999999500000014141 0.00000000099999999994 0.00000000099999999994 0.00000000099999999994 0.00000000099999999994 
0.00000000099999999996 0.99999999500000003039 0.00000000099999999996 0.00000000099999999996 0.00000000099999999996 0.00000000099999999996 
0.00000000099999999994 0.99999999500000014141 0.00000000099999999994 0.00000000099999999994 0.00000000099999999994 0.00000000099999999994 
0.00437095840765708635 0.23563289454808031276 0.00000000099999999999 0.00000000099999999999 0.47717044899496674493 0.28282569604929597151 
0.98710296247844697692 0.01289703352155303732 0.00000000099999999998 0.00000000099999999998 0.00000000099999999998 0.00000000099999999998 
0.01234151047133542727 0.00000000099999999998 0.00000000099999999998 0.00806398158904605110 0.97959450493961852668 0.00000000099999999998 
0.00000000099999999999 0.42563249038995792928 0.00000000099999999999 0.00834027340823783984 0.40247206515281819250 0.16355516904898587116 
0.00136121602242602908 0.40672246518354304712 0.00798237861416779479 0.00000000100000000000 0.34205581183061917194 0.24187812734924385438 
0.99999999500000003039 0.00000000099999999997 0.00000000099999999997 0.00000000099999999997 0.00000000099999999997 0.00000000099999999997 
0.02570727369827649489 0.29740413791657993592 0.01854863979567229759 0.00000000100000000000 0.59866758643752393532 0.05967236115194714946 
0.00000000099999999999 0.00000000099999999999 0.00000000099999999999 0.00142107798026456979 0.76237941261658193071 0.23619950640315345858 
0.47250922487617375012 0.00000000099999999999 0.00000000099999999999 0.00660273043393236510 0.44650845316814646857 0.07437958952174729410 
0.01479753871370855650 0.48829922424393734648 0.00000000099999999997 0.00000000099999999997 0.29945847610595471844 0.19744475893639940045 
0.00000000099999999976 0.00000000099999999976 0.99999999499999991937 0.00000000099999999976 0.00000000099999999976 0.00000000099999999976 
0.00000000099999999998 0.00000000099999999998 0.00000000099999999998 0.00000000099999999998 0.99999999499999991937 0.00000000099999999998 
0.01827868156932311444 0.25231062641602658436 0.00000000099999999999 0.00000000099999999999 0.42167307196189385277 0.30773761805275645642 
