0.01281591692765876069 0.97526309148169998409 0.01192099159064132809 
0.99999999799999994554 0.00000000099999999998 0.00000000099999999998 
0.99999999800000005656 0.00000000099999999997 0.00000000099999999997 
0.04440670906982772947 0.95559328993017234044 0.00000000099999999999 
0.00141290746546079309 0.99844587454246791491 0.00014121799207133230 
0.03331885517951335696 0.96668114382048675459 0.00000000099999999999 
0.99999999800000005656 0.00000000099999999998 0.00000000099999999998 
0.99999999799999994554 0.00000000099999999997 0.00000000099999999997 
0.01263141169596265941 0.98736858730403731510 0.00000000100000000000 
0.99999999800000005656 0.00000000099999999998 0.00000000099999999998 
0.01854446846826226028 0.98145552953610748492 0.00000000199563022944 
0.02535740609013525243 0.97464259290986465789 0.00000000099999999999 
0.00633717746995807532 0.99366282153004192867 0.00000000100000000000 
0.01704722025099137880 0.98148516602146806953 0.00146761372754052196 
0.00224943320025132801 0.98153688184664567018 0.01621368495310301222 
0.06748067644345526195 0.91959554348808369983 0.01292378006846107118 
0.00708561561159860420 0.99291438338840132261 0.00000000099999999999 
0.00000000100000000000 0.99268853453390293318 0.00731146446609723215 
0.00630657704295209225 0.98207295169695907333 0.01162047126008886218 
0.00283268043614644293 0.99716731856385365518 0.00000000099999999999 
0.00277483788816199322 0.99722516111183812093 0.00000000100000000000 
0.99999999800000005656 0.00000000099999999998 0.00000000099999999998 
0.02992234669486204535 0.97007765230513787191 0.00000000099999999999 
0.03847170476481463763 0.96152829423518526575 0.00000000099999999999 
0.03370231643280915956 0.96629768256719072994 0.00000000099999999999 
0.00000000099999999999 0.99999999799999994554 0.00000000099999999999 
0.17077995492538855515 0.04053702347778032761 0.78868302159683112418 
0.19067965469644440613 0.00488888112346778404 0.80443146418008781851 
0.00654617801865641554 0.99330619700760991453 0.00014762497373358845 
0.00000000099999999999 0.99999999799999994554 0.00000000099999999999 
0.02859006118438874380 0.97140993781561124631 0.00000000099999999999 
0.99999999799999994554 0.00000000099999999998 0.00000000099999999998 
0.30730647533330396337 0.45100050850928330437 0.24169301615741278777 
0.00012108765304504386 0.99987891134695483508 0.00000000099999999999 
0.00000000099999999989 0.00000000099999999989 0.99999999800000005656 
0.00000000099999999986 0.00000000099999999986 0.99999999799999994554 
0.00000000099999999987 0.00000000099999999987 0.99999999799999994554 
0.14166160651642251134 0.06240865419045386192 0.79592973929312360593 
0.17099617799502200843 0.02807113203343549954 0.80093268997154243305 
0.00183531939841157865 0.99816467960158838935 0.00000000099999999999 
0.99999999800000005656 0.00000000099999999998 0.00000000099999999998 
0.15209786094191157790 0.06087586411088522637 0.78702627494720311940 
0.03005338906686303227 0.96994660993313686070 0.00000000100000000000 
0.99999999800000005656 0.00000000099999999997 0.00000000099999999997 
0.18478568927302188585 0.02696992041229193462 0.78824439031468618300 
0.02372058735641930163 0.97627941164358067461 0.00000000099999999999 
0.16985196176099531806 0.04025878233434897202 0.78988925590465564053 
0.99999999799999994554 0.00000000099999999998 0.00000000099999999998 
0.99999999800000005656 0.00000000099999999996 0.00000000099999999996 
0.19006375720666468521 0.01747377165931905674 0.79246247113401624418 
0.15992152908016285529 0.03772342737548037978 0.80235504354435671637 
0.99999999799999994554 0.00000000099999999998 0.00000000099999999998 
0.99999999799999994554 0.00000000099999999998 0.00000000099999999998 
0.99999999799999994554 0.00000000099999999998 0.00000000099999999998 
0.16970965407008092862 0.03737654739550735211 0.79291379853441168457 
0.05129648829952900696 0.94301713281773080766 0.00568637888274012380 
0.01086059819396175546 0.97437582416627366300 0.01476357763976444276 
0.02730973544191214047 0.97269026355808774209 0.00000000099999999999 
0.01836942549433826649 0.98163057350566174097 0.00000000099999999999 
0.99999999799999994554 0.00000000099999999998 0.00000000099999999998 
0.00053011149378436127 0.99450012520304154062 0.00496976330317419092 
0.00000000099999999988 0.00000000099999999988 0.99999999800000005656 
0.01539519382582745649 0.98460480517417237056 0.00000000099999999999 
0.00000000099999999989 0.00000000099999999989 0.99999999800000005656 
0.04640383586928543275 0.95359616313071449145 0.00000000100000000000 
0.00000000099999999988 0.00000000099999999988 0.99999999800000005656 
0.01366823512303572304 0.98633176387696419596 0.00000000099999999999 
0.01679159187217193344 0.98244984513215360966 0.00075856299567435758 
0.99999999799999994554 0.00000000099999999997 0.00000000099999999997 
0.00000066198256170753 0.99999933701743815018 0.00000000099999999999 
0.00000000099999999988 0.00000000099999999988 0.99999999800000005656 
0.00000000099999999989 0.00000000099999999989 0.99999999800000005656 
0.09174379285769797276 0.90825620614230195837 0.00000000100000000000 
0.99999999799999994554 0.00000000099999999997 0.00000000099999999997 
0.15870684413463323481 0.07035989236283524129 0.77093326350253144064 
0.99999999800000005656 0.00000000099999999997 0.00000000099999999997 
0.04033487952882001959 0.95966511947117982828 0.00000000100000000000 
0.00000000099999999987 0.00000000099999999987 0.99999999799999994554 
0.16138610967400587870 0.02774585371196389844 0.81086803661403028531 
0.00000000099999999991 0.00000000099999999991 0.99999999799999994554 
0.00458122406816925502 0.98099462612323029553 0.01442414980860036618 
0.99999999799999994554 0.00000000099999999997 0.00000000099999999997 
0.99999999799999994554 0.00000000099999999998 0.00000000099999999998 
0.23687884654298996256 0.76312115245700995469 0.00000000099999999999 
0.00893342519505428527 0.99105943033233989681 0.00000714447260589872 
0.01432753787566947053 0.98567246112433049010 0.00000000099999999999 
0.02871117170961361501 0.97128882729038634736 0.00000000099999999999 
0.00144234138600276879 0.99855765761399717384 0.00000000099999999999 
0.00000000099999999999 0.99999999800000005656 0.00000000099999999999 
0.01693691102470609375 0.98306308797529384780 0.00000000099999999999 
0.01788396928217447779 0.98211602971782552274 0.00000000099999999999 
0.03952056654766367833 0.96047943245233624587 0.00000000100000000000 
0.99999999799999994554 0.00000000099999999998 0.00000000099999999998 
0.99961859908550110276 0.00038139991449885196 0.00000000099999999999 
0.00000000099999999992 0.00000000099999999992 0.99999999800000005656 
0.99999999800000005656 0.00000000099999999998 0.00000000099999999998 
0.99999999800000005656 0.00000000099999999999 0.00000000099999999999 
0.02906388772063453127 0.97093611127936541028 0.00000000099999999999 
0.00000000099999999986 0.00000000099999999986 0.99999999800000005656 
0.00000000109008584975 0.99999806077551578465 0.00000193813439838368 
0.02208518553834149314 0.97791481346165853861 0.00000000099999999999 
0.00436010129781917895 0.98696328683691258998 0.00867661186526822240 
0.03031587505147498654 0.96968412394852498970 0.00000000100000000000 
0.00671068838875070808 0.99328931061124925428 0.00000000100000000000 
0.04048633227441116728 0.95951366672558868753 0.00000000100000000000 
0.00401571069923654673 0.99598428830076335405 0.00000000100000000000 
0.01997972584834293783 0.98002027315165707311 0.00000000100000000000 
0.02193764006259715446 0.95887878767306555794 0.01918357226433733270 
0.01027866372059201353 0.98972119962086269052 0.00000013665854530621 
0.00035862303784847064 0.99964137596215141279 0.00000000099999999999 
0.03109356444274017500 0.95315346179678861471 0.01575297376047114783 
0.00000000099999999999 0.99999999799999994554 0.00000000099999999999 
0.01535037549603681002 0.98464962350396312285 0.00000000100000000000 
0.00146783225054339145 0.99853216674945655118 0.00000000099999999999 
0.03596776842003337332 0.96403223057996656475 0.00000000099999999999 
0.01986546636449688583 0.98013453263550298633 0.00000000100000000000 
0.04339791277600514585 0.95660208622399489631 0.00000000100000000000 
0.00633679958000190734 0.99366319941999814436 0.00000000100000000000 
0.02949743405026561058 0.97050256494973441423 0.00000000099999999999 
0.03079158631933022125 0.89389813188968691993 0.07531028179098281372 
0.00692781783753281064 0.99307218116246709361 0.00000000099999999999 
0.02140913085647592334 0.97859086814352402861 0.00000000099999999999 
0.03053489925360030818 0.96946509974639960561 0.00000000099999999999 
0.00350957686194630723 0.99649042006001842253 0.00000000307803516050 
0.01620647286575921733 0.98379352613424064788 0.00000000099999999999 
0.00967755059650510056 0.98615439879788502342 0.00416805060560981010 
0.02343041283154040366 0.97656958616845956911 0.00000000099999999999 
0.00000000099999999999 0.99999999799999994554 0.00000000099999999999 
0.03687607075792001532 0.96312392824207981867 0.00000000099999999999 
0.99999999800000005656 0.00000000099999999997 0.00000000099999999997 
0.99999998674666401577 0.00000001225333588199 0.00000000099999999999 
0.00000000099999999991 0.00000000099999999991 0.99999999800000005656 
0.16382102171503337695 0.02032083849870798889 0.81585813978625865150 
0.92287458180435899546 0.06314283147152299769 0.01398258672411806409 
0.01647703170109651033 0.98352296729890331672 0.00000000099999999999 
0.03246446813517167573 0.96753553086482824153 0.00000000100000000000 
0.99999999800000005656 0.00000000099999999999 0.00000000099999999999 
0.02224632551122913623 0.97775367348877095797 0.00000000099999999999 
0.00843973144811727659 0.99156026755188264588 0.00000000099999999999 
0.00000000099999999999 0.99999999799999994554 0.00000000099999999999 
0.00000000099999999987 0.00000000099999999987 0.99999999799999994554 
0.00000000099999999987 0.00000000099999999987 0.99999999800000005656 
0.00000000099999999986 0.00000000099999999986 0.99999999799999994554 
0.00000000099999999986 0.00000000099999999986 0.99999999799999994554 
0.00000000099999999988 0.00000000099999999988 0.99999999800000005656 
0.99999999800000005656 0.00000000099999999999 0.00000000099999999999 
0.00699346946173117455 0.99293041402722947986 0.00007611651103944092 
0.00000000099999999987 0.00000000099999999987 0.99999999799999994554 
0.00000000099999999988 0.00000000099999999988 0.99999999800000005656 
0.18078504904660447350 0.00000054698482239011 0.81921440396857314603 
0.16276346036449607091 0.02615875529366403288 0.81107778434183996907 
0.00000028790352261487 0.99999971109647733947 0.00000000100000000000 
0.00000000099999999988 0.00000000099999999988 0.99999999800000005656 
0.01864807535723045709 0.98135192364276957466 0.00000000100000000000 
0.00000000099999999999 0.99999999800000005656 0.00000000099999999999 
0.96302545959140106735 0.03697453940859898175 0.00000000099999999999 
0.01505588545037064331 0.98494411354962929650 0.00000000099999999999 
0.99999999799999994554 0.00000000099999999997 0.00000000099999999997 
0.02821901074271630436 0.97178098825728365107 0.00000000099999999999 
0.99999999800000005656 0.00000000099999999997 0.00000000099999999997 
0.01979641447444895064 0.97799207008137178931 0.00221151544417930168 
0.00059799563287463967 0.99695770511429127048 0.00244429925283416727 
0.00000000099999999988 0.00000000099999999988 0.99999999800000005656 
0.99999999799999994554 0.00000000099999999998 0.00000000099999999998 
0.00000000099999999986 0.00000000099999999986 0.99999999799999994554 
0.00000000099999999988 0.00000000099999999988 0.99999999800000005656 
0.01331709816829670760 0.98668290083170340221 0.00000000099999999999 
0.03036113723315678192 0.96963886176684310758 0.00000000099999999999 
0.01010403590728193614 0.98989596309271798980 0.00000000099999999999 
0.00921922673570002744 0.99078077226429994706 0.00000000099999999999 
0.01473319947405874429 0.98526679952594120593 0.00000000100000000000 
0.02470429130024893311 0.97529570769975104660 0.00000000099999999999 
0.00000000099999999999 0.99999999800000005656 0.00000000099999999999 
0.99643998280651790989 0.00356001619348199827 0.00000000099999999998 
0.00000146681011849223 0.99999853218988155046 0.00000000099999999999 
0.00000000099999999987 0.00000000099999999987 0.99999999800000005656 
0.00199679745767334911 0.99800320154232657899 0.00000000100000000000 
0.00000000099999999996 0.00000000099999999996 0.99999999799999994554 
0.00000000099999999989 0.00000000099999999989 0.99999999800000005656 
0.02704934294703865635 0.97295065605296116029 0.00000000099999999999 
0.00000000100000000000 0.99999999800000005656 0.00000000100000000000 
0.02286477762094692515 0.97713522137905295395 0.00000000100000000000 
0.00000000099999999990 0.00000000099999999990 0.99999999800000005656 
0.99999999799999994554 0.00000000099999999997 0.00000000099999999997 
0.99999999800000005656 0.00000000099999999997 0.00000000099999999997 
0.00000000099999999989 0.00000000099999999989 0.99999999799999994554 
0.01200043329238183187 0.98799956570761804375 0.00000000100000000000 
0.04753130391020834317 0.95246869508979148389 0.00000000100000000000 
0.00000000099999999989 0.00000000099999999989 0.99999999800000005656 
0.01260556334749421067 0.98739443565250561985 0.00000000099999999999 
0.99999999800000005656 0.00000000099999999997 0.00000000099999999997 
0.26113986222948487592 0.55144387477033285361 0.18741626300018232598 
0.03154497010060856865 0.96803595285558485806 0.00041907704380665656 
0.04197105129863617362 0.95802894770136393099 0.00000000100000000000 
0.00519714658334742910 0.99480285241665256102 0.00000000100000000000 
0.00066046440017315799 0.99933953459982671763 0.00000000099999999999 
0.00000000099999999999 0.99999999800000005656 0.00000000099999999999 
0.01117597685534150835 0.98882402214465847656 0.00000000099999999999 
0.01453761743109649798 0.98546238156890353377 0.00000000100000000000 
0.02741179738087563128 0.96157601235953615859 0.01101219025958815809 
0.99999999800000005656 0.00000000099999999998 0.00000000099999999998 
0.02569854607197014779 0.97430145292802983192 0.00000000099999999999 
0.00000000099999999999 0.99999999800000005656 0.00000000099999999999 
0.05067156705097158875 0.94932843194902827300 0.00000000100000000000 
0.01896769242513793655 0.98103230657486206745 0.00000000099999999999 
0.03943728176447473116 0.95866887202096862097 0.00189384621455672094 
0.00000050489483732777 0.99999949410516253412 0.00000000099999999999 
0.02158321470961540797 0.97841678429038458908 0.00000000100000000000 
0.99735817488239342232 0.00264182411760649060 0.00000000099999999999 
0.02879130146364854495 0.97120869753635141741 0.00000000100000000000 
0.01087183874531682908 0.98912816025468319747 0.00000000100000000000 
0.01306949367079314472 0.97631346191257217804 0.01061704441663468765 
0.99999997054743716696 0.00000002845256284663 0.00000000099999999999 
0.03025920083131182839 0.95004242982308373389 0.01969836934560437181 
0.01457473652250623926 0.98542526123587192988 0.00000000224162185479 
0.48609005649116288073 0.51390994250883703653 0.00000000099999999999 
0.02884834718801173106 0.97115165181198825906 0.00000000099999999999 
0.00000000099999999990 0.00000000099999999990 0.99999999800000005656 
0.02945394074180154864 0.97054585160831374768 0.00000020764988478441 
0.03017762630056277165 0.96982237269943716296 0.00000000100000000000 
