0.39534402523605732815 0.01825963777908743910 0.25273796595717024083 0.00002089619900872372 0.00000008977141908014 0.00000000100000000000 0.33363738305725704203 0.00000000100000000000 
0.00000000099999999993 0.00000000099999999993 0.00000000099999999993 0.99999999299999997593 0.00000000099999999993 0.00000000099999999993 0.00000000099999999993 0.00000000099999999993 
0.00000000099999999993 0.00000000099999999993 0.00000000099999999993 0.99999999299999997593 0.00000000099999999993 0.00000000099999999993 0.00000000099999999993 0.00000000099999999993 
0.00000000099999999994 0.00000000099999999994 0.00000000099999999994 0.00000000099999999994 0.00000000099999999994 0.00000000099999999994 0.99999999299999986491 0.00000000099999999994 
0.46086737800921151464 0.00000000099999999998 0.13025304074141344501 0.00000000099999999998 0.00000000099999999998 0.09167710721060153001 0.31720247003877355407 0.00000000099999999998 
0.33359982051949926829 0.00138145947462429671 0.42568911836759742995 0.02575278078099236048 0.00000000099999999998 0.00000001429041903880 0.21357680456686764514 0.00000000099999999998 
0.00000000099999999994 0.00000000099999999994 0.00000000099999999994 0.97428093557501249666 0.00000000099999999994 0.02571905842498743364 0.00000000099999999994 0.00000000099999999994 
0.00000000099999999990 0.00000000099999999990 0.00000000099999999990 0.99999999300000008695 0.00000000099999999990 0.00000000099999999990 0.00000000099999999990 0.00000000099999999990 
0.00000000099999999994 0.00000000099999999994 0.99999999299999997593 0.00000000099999999994 0.00000000099999999994 0.00000000099999999994 0.00000000099999999994 0.00000000099999999994 
0.00000000099999999993 0.00000000099999999993 0.00000000099999999993 0.99999999299999997593 0.00000000099999999993 0.00000000099999999993 0.00000000099999999993 0.00000000099999999993 
0.37326701351468871692 0.00481904726657367017 0.25580846657554229262 0.00000053191286275905 0.00000000099999999999 0.04929379573088916999 0.31681114299944329593 0.00000000099999999999 
0.47011380591584861488 0.00648666349639329034 0.22579441321191515146 0.01349937690595980760 0.00000000099999999997 0.00000005224530512176 0.28410568622457804677 0.00000000099999999997 
0.00000000099999999996 0.00000000099999999996 0.99999999300000008695 0.00000000099999999996 0.00000000099999999996 0.00000000099999999996 0.00000000099999999996 0.00000000099999999996 
0.28140536665429588536 0.01196765421231932476 0.35726406991507425603 0.00000000099999999999 0.00000000099999999999 0.03543397910605033257 0.31392892711226011437 0.00000000099999999999 
0.99999999300000008695 0.00000000099999999995 0.00000000099999999995 0.00000000099999999995 0.00000000099999999995 0.00000000099999999995 0.00000000099999999995 0.00000000099999999995 
0.39210789608351714897 0.02505263051872446550 0.31987196171425036351 0.04622525023326629068 0.00000000099999999998 0.05174708858939828376 0.16499517086084328210 0.00000000099999999998 
0.53728583067295720976 0.00000000099999999999 0.21882825114355691776 0.00000000099999999999 0.00000000099999999999 0.01749467280522339421 0.22639124137826252547 0.00000000099999999999 
0.15135545667395722269 0.00000000099999999999 0.52059022544902688878 0.00000000099999999999 0.00000000099999999999 0.02160239773512002276 0.29860473669667758623 0.00784718044521830714 
0.30866633440358787199 0.00906447560373547200 0.41787109513615178225 0.00000000100000000000 0.00000000100000000000 0.00000000112430365153 0.25844651699683007795 0.00595157473539126465 
0.44301390474577323486 0.00000633198695680751 0.00000002004104667664 0.00000000099999999996 0.00000000099999999996 0.00000000099999999996 0.55697973922622323606 0.00000000099999999996 
0.38580644942702435607 0.00000000099999999997 0.61419354232299105956 0.00000000099999999997 0.00000000099999999997 0.00000000099999999997 0.00000000324998464285 0.00000000099999999997 
0.00000000099999999996 0.00000000099999999996 0.00000000099999999996 0.99999999299999997593 0.00000000099999999996 0.00000000099999999996 0.00000000099999999996 0.00000000099999999996 
0.23714202327900954503 0.00000000099999999998 0.28604883925719559734 0.01844764917552449424 0.00000000099999999998 0.01345798483383751562 0.44490350045443294302 0.00000000099999999998 
0.00000000099999999956 0.00000000099999999956 0.00000000099999999956 0.00000000099999999956 0.00000000099999999956 0.99999999299999997593 0.00000000099999999956 0.00000000099999999956 
0.33350838823627326768 0.00000000099999999997 0.27045567588787455815 0.02085400341969421631 0.00000000099999999997 0.02131343425044190942 0.35386849520571583838 0.00000000099999999997 
0.49634003617579103285 0.00000000099999999998 0.00000000099999999998 0.00000000099999999998 0.00000000099999999998 0.00000632253824941707 0.50365363628595938295 0.00000000099999999998 
0.00000000099999999971 0.99999999300000008695 0.00000000099999999971 0.00000000099999999971 0.00000000099999999971 0.00000000099999999971 0.00000000099999999971 0.00000000099999999971 
0.00000000099999999969 0.99999999300000019797 0.00000000099999999969 0.00000000099999999969 0.00000000099999999969 0.00000000099999999969 0.00000000099999999969 0.00000000099999999969 
0.00000000099999999998 0.00000000099999999998 0.58386819509820875318 0.00000000099999999998 0.00000000099999999998 0.04719573660120818942 0.36893606330058298370 0.00000000099999999998 
0.45330047770186138179 0.00864507444142824898 0.37872929292586438033 0.00000000099999999998 0.00000000099999999998 0.00000004271631742453 0.15932510921452860964 0.00000000099999999998 
0.39023166549409565862 0.00000000099999999996 0.53498331918275965347 0.00000000099999999996 0.00000000099999999996 0.07478501032314485708 0.00000000099999999996 0.00000000099999999996 
0.00000000099999999983 0.00000000099999999983 0.00000000099999999983 0.73664651243280765414 0.00000000099999999983 0.26335348156719234902 0.00000000099999999983 0.00000000099999999983 
0.00000000099999999972 0.33689413709738186276 0.00000000099999999972 0.00000000099999999972 0.00000000099999999972 0.66310585690261814040 0.00000000099999999972 0.00000000099999999972 
0.41590456652212676181 0.00000000099999999998 0.40375705168071812645 0.00000000099999999998 0.00000000099999999998 0.00000000099999999998 0.18033837679715522540 0.00000000099999999998 
0.00000000099999999961 0.00000000099999999961 0.00000000099999999961 0.00000000099999999961 0.99999999299999997593 0.00000000099999999961 0.00000000099999999961 0.00000000099999999961 
0.00000000099999999957 0.00000000099999999957 0.00000000099999999957 0.00000000099999999957 0.99999999300000008695 0.00000000099999999957 0.00000000099999999957 0.00000000099999999957 
0.00000000099999999953 0.00000000099999999953 0.00000000099999999953 0.00000000099999999953 0.00000000099999999953 0.00000000099999999953 0.00000000099999999953 0.99999999299999997593 
0.00000000099999999972 0.99999999300000008695 0.00000000099999999972 0.00000000099999999972 0.00000000099999999972 0.00000000099999999972 0.00000000099999999972 0.00000000099999999972 
0.00000000099999999968 0.99999999300000008695 0.00000000099999999968 0.00000000099999999968 0.00000000099999999968 0.00000000099999999968 0.00000000099999999968 0.00000000099999999968 
0.24530606683536460011 0.00000000099999999997 0.43802290454534914543 0.00000000099999999997 0.00000000099999999997 0.00000000099999999997 0.31667102361928611831 0.00000000099999999997 
0.00000000099999999995 0.00000000099999999995 0.00000000099999999995 0.99999999299999997593 0.00000000099999999995 0.00000000099999999995 0.00000000099999999995 0.00000000099999999995 
0.00000000099999999970 0.99999999300000019797 0.00000000099999999970 0.00000000099999999970 0.00000000099999999970 0.00000000099999999970 0.00000000099999999970 0.00000000099999999970 
0.00000000099999999992 0.00000000099999999992 0.00000000099999999992 0.00000000099999999992 0.00000000099999999992 0.00000000099999999992 0.99999999299999986491 0.00000000099999999992 
0.00000000099999999992 0.00000000099999999992 0.00000000099999999992 0.99999999299999997593 0.00000000099999999992 0.00000000099999999992 0.00000000099999999992 0.00000000099999999992 
0.00000000099999999973 0.99999999300000008695 0.00000000099999999973 0.00000000099999999973 0.00000000099999999973 0.00000000099999999973 0.00000000099999999973 0.00000000099999999973 
0.99999999300000019797 0.00000000099999999994 0.00000000099999999994 0.00000000099999999994 0.00000000099999999994 0.00000000099999999994 0.00000000099999999994 0.00000000099999999994 
0.00000000099999999970 0.99999999300000019797 0.00000000099999999970 0.00000000099999999970 0.00000000099999999970 0.00000000099999999970 0.00000000099999999970 0.00000000099999999970 
0.00000000099999999994 0.00000000099999999994 0.00000000099999999994 0.99999999300000008695 0.00000000099999999994 0.00000000099999999994 0.00000000099999999994 0.00000000099999999994 
0.00000000099999999989 0.00000000099999999989 0.00000000099999999989 0.99999999299999997593 0.00000000099999999989 0.00000000099999999989 0.00000000099999999989 0.00000000099999999989 
0.00000000099999999965 0.99999999300000019797 0.00000000099999999965 0.00000000099999999965 0.00000000099999999965 0.00000000099999999965 0.00000000099999999965 0.00000000099999999965 
0.00000000099999999969 0.99999999300000008695 0.00000000099999999969 0.00000000099999999969 0.00000000099999999969 0.00000000099999999969 0.00000000099999999969 0.00000000099999999969 
0.00000000099999999993 0.00000000099999999993 0.00000000099999999993 0.99999999300000008695 0.00000000099999999993 0.00000000099999999993 0.00000000099999999993 0.00000000099999999993 
0.00000000099999999993 0.00000000099999999993 0.00000000099999999993 0.99999999300000008695 0.00000000099999999993 0.00000000099999999993 0.00000000099999999993 0.00000000099999999993 
0.00000000099999999995 0.00000000099999999995 0.00000000099999999995 0.99998906068094939315 0.00000000099999999995 0.00000000099999999995 0.00001093331905058393 0.00000000099999999995 
0.00000000099999999974 0.99999999300000019797 0.00000000099999999974 0.00000000099999999974 0.00000000099999999974 0.00000000099999999974 0.00000000099999999974 0.00000000099999999974 
0.19747533770576491952 0.01375462272496082855 0.43875815445728705289 0.04594733953926657261 0.00000000099999999999 0.00177106127768978609 0.30229348229503077983 0.00000000099999999999 
0.24512130839832796392 0.02475878665462803718 0.40507509470635960636 0.00000000099999999999 0.00000000099999999999 0.00000000099999999999 0.32504480624068449179 0.00000000099999999999 
0.99999999300000008695 0.00000000099999999992 0.00000000099999999992 0.00000000099999999992 0.00000000099999999992 0.00000000099999999992 0.00000000099999999992 0.00000000099999999992 
0.00000000099999999997 0.00000000099999999997 0.41991405979574186746 0.00000000099999999997 0.00000000099999999997 0.02584660414882808746 0.55423933105542988464 0.00000000099999999997 
0.00000000099999999993 0.00000000099999999993 0.00000000099999999993 0.99999999300000008695 0.00000000099999999993 0.00000000099999999993 0.00000000099999999993 0.00000000099999999993 
0.42196171213931077393 0.00453803808702532563 0.31890394692915302599 0.00000000100000000000 0.00009775616626747214 0.00000044329124456731 0.25449810138699879847 0.00000000100000000000 
0.00000000099999999960 0.00000000099999999960 0.00000000099999999960 0.00000000099999999960 0.99999999299999997593 0.00000000099999999960 0.00000000099999999960 0.00000000099999999960 
0.00000000099999999990 0.00000000099999999990 0.00000000099999999990 0.00000000099999999990 0.00000000099999999990 0.00000000099999999990 0.99999999299999997593 0.00000000099999999990 
0.00000000099999999958 0.00000000099999999958 0.00000000099999999958 0.00000000099999999958 0.00000000099999999958 0.00000000099999999958 0.00000000099999999958 0.99999999300000008695 
0.52496320223591363963 0.00000000099999999996 0.00010593955216313714 0.00000000099999999996 0.00000000099999999996 0.13102752475959852929 0.34390332945232487960 0.00000000099999999996 
0.00000000099999999957 0.00000000099999999957 0.00000000099999999957 0.00000000099999999957 0.00000000099999999957 0.00000000099999999957 0.00000000099999999957 0.99999999299999997593 
0.00000000099999999995 0.00000000099999999995 0.99999999170462339215 0.00000000099999999995 0.00000000099999999995 0.00000000229537666262 0.00000000099999999995 0.00000000099999999995 
0.53909160158553481867 0.00486887316969035998 0.14740528267935115725 0.00098820799815825468 0.00000000099999999999 0.01650046636856251567 0.29114556619870296528 0.00000000099999999999 
0.00000000099999999991 0.00000000099999999991 0.00000000099999999991 0.99999999299999997593 0.00000000099999999991 0.00000000099999999991 0.00000000099999999991 0.00000000099999999991 
0.42766471321398591421 0.00000000099999999996 0.39649563060073383935 0.00000000099999999996 0.00000000099999999996 0.00000000099999999996 0.17583965118528030458 0.00000000099999999996 
0.00000000099999999963 0.00000000099999999963 0.00000000099999999963 0.00000000099999999963 0.99999999300000008695 0.00000000099999999963 0.00000000099999999963 0.00000000099999999963 
0.00000000099999999965 0.00000000099999999965 0.00000000099999999965 0.00000000099999999965 0.99999999299999997593 0.00000000099999999965 0.00000000099999999965 0.00000000099999999965 
0.36424165563514987465 0.00918501423463230320 0.23768937445552260068 0.07748441397088852434 0.00000000099999999998 0.00000000099999999998 0.31139953870380659984 0.00000000099999999998 
0.00000000099999999992 0.00000000099999999992 0.00000000099999999992 0.99999999299999997593 0.00000000099999999992 0.00000000099999999992 0.00000000099999999992 0.00000000099999999992 
0.00000000099999999974 0.99999999300000019797 0.00000000099999999974 0.00000000099999999974 0.00000000099999999974 0.00000000099999999974 0.00000000099999999974 0.00000000099999999974 
0.00000000099999999993 0.00000000099999999993 0.00000000099999999993 0.99999998691816194274 0.00000000099999999993 0.00000000708183810963 0.00000000099999999993 0.00000000099999999993 
0.25860051457482269299 0.00000000099999999999 0.50563559492037080112 0.02955781776800639471 0.00000000099999999999 0.02990028701167992548 0.17630578272512023585 0.00000000099999999999 
0.00000000099999999960 0.00000000099999999960 0.00000000099999999960 0.00000000099999999960 0.99999999299999997593 0.00000000099999999960 0.00000000099999999960 0.00000000099999999960 
0.00000000099999999963 0.99999999300000019797 0.00000000099999999963 0.00000000099999999963 0.00000000099999999963 0.00000000099999999963 0.00000000099999999963 0.00000000099999999963 
0.00000000099999999971 0.00000000099999999971 0.00000000099999999971 0.00000000099999999971 0.64759534515478445194 0.00000000099999999971 0.00000000099999999971 0.35240464884521571776 
0.29076039264183123345 0.01806140692897505867 0.29313598519036720980 0.00000000099999999999 0.00000000099999999999 0.00000000099999999999 0.39600479758042944622 0.00203741465839712846 
0.00000000099999999990 0.00000000099999999990 0.00000000099999999990 0.99999999300000008695 0.00000000099999999990 0.00000000099999999990 0.00000000099999999990 0.00000000099999999990 
0.00000000099999999993 0.00000000099999999993 0.00000000099999999993 0.99999999299999997593 0.00000000099999999993 0.00000000099999999993 0.00000000099999999993 0.00000000099999999993 
0.70652133174660836090 0.00000000099999999996 0.00241407593690221500 0.21635080173538814852 0.00000000099999999996 0.07471378658110126858 0.00000000099999999996 0.00000000099999999996 
0.39727769773495275052 0.02119738478040113575 0.53719753820058657734 0.00000138682870145158 0.00000000099999999999 0.01026011220668471627 0.03406587824867326336 0.00000000099999999999 
0.53103800039316828574 0.00000000099999999996 0.00000000099999999996 0.00000105259899004118 0.00000000099999999996 0.00011749594279682912 0.46884344706504493816 0.00000000099999999996 
0.46699684092030097071 0.00000000099999999997 0.50997920404695740171 0.00869317657905980916 0.00000000099999999997 0.01433077445368192634 0.00000000099999999997 0.00000000099999999997 
0.37732383807939473552 0.00000000099999999998 0.32887051958705781907 0.00000000099999999998 0.00000000099999999998 0.03185750278867102714 0.26194813554487633711 0.00000000099999999998 
0.40492379947888085256 0.00000000099999999996 0.40040751090123255507 0.00000000099999999996 0.00000000099999999996 0.00000095454825550027 0.19466773107163107270 0.00000000099999999996 
0.42431313347639842970 0.00000000099999999996 0.57551780796657392436 0.00009372581987014174 0.00000000099999999996 0.00000000099999999996 0.00007532873715748949 0.00000000099999999996 
0.00000000099999999997 0.00000020487335672244 0.58493001028037583389 0.00000051246413615582 0.00000000099999999997 0.00000000099999999997 0.41506926838213148434 0.00000000099999999997 
0.45725918968894424532 0.00000000099999999998 0.14359989921302099281 0.03086307590814228383 0.00000000099999999998 0.00000000099999999998 0.36827783118989249056 0.00000000099999999998 
0.00000000099999999993 0.00000000099999999993 0.00000000099999999993 0.99999999299999997593 0.00000000099999999993 0.00000000099999999993 0.00000000099999999993 0.00000000099999999993 
0.02363529976243367373 0.00000000099999999996 0.00000000099999999996 0.97636469423756644392 0.00000000099999999996 0.00000000099999999996 0.00000000099999999996 0.00000000099999999996 
0.00000000099999999973 0.00000000099999999973 0.00000000099999999973 0.00000000099999999973 0.99999999300000008695 0.00000000099999999973 0.00000000099999999973 0.00000000099999999973 
0.00000000099999999995 0.00000000099999999995 0.00000000099999999995 0.99999999300000008695 0.00000000099999999995 0.00000000099999999995 0.00000000099999999995 0.00000000099999999995 
0.00000000099999999996 0.00000000099999999996 0.00000000099999999996 0.97208252357692970236 0.00000000099999999996 0.02791747042307034243 0.00000000099999999996 0.00000000099999999996 
0.20304415071989598274 0.00230264200806271817 0.50746276145332991359 0.01613265780592661527 0.00000000099999999998 0.00000322203713992387 0.27105456397564486881 0.00000000099999999998 
0.00000000099999999952 0.00000000099999999952 0.00000000099999999952 0.00000000099999999952 0.00000000099999999952 0.00000000099999999952 0.00000000099999999952 0.99999999300000008695 
0.00000000099999999995 0.00000000099999999995 0.99999999300000008695 0.00000000099999999995 0.00000000099999999995 0.00000000099999999995 0.00000000099999999995 0.00000000099999999995 
0.00000000099999999997 0.00000000099999999997 0.71849461103491740754 0.00702946808619389542 0.00000000099999999997 0.00000000099999999997 0.27447591587888869880 0.00000000099999999997 
0.99999999300000019797 0.00000000099999999996 0.00000000099999999996 0.00000000099999999996 0.00000000099999999996 0.00000000099999999996 0.00000000099999999996 0.00000000099999999996 
0.27618184837254966535 0.00000093758143355843 0.30550186690409336654 0.01410320153577773218 0.00000000099999999999 0.02722641474753263735 0.37698572885861325599 0.00000000099999999999 
0.00000000099999999991 0.00000000099999999991 0.00000000099999999991 0.00000000099999999991 0.00000000099999999991 0.00000000099999999991 0.99999999299999997593 0.00000000099999999991 
0.30266264629157341171 0.00000000099999999999 0.25175082344414495550 0.02773157862900326939 0.00000000099999999999 0.02733077903230253861 0.39052416960297570148 0.00000000099999999999 
0.50980844381724610415 0.00000000099999999997 0.00000000099999999997 0.00000000099999999997 0.00000000099999999997 0.00000000099999999997 0.49019155018275395452 0.00000000099999999997 
0.42830929778876647429 0.00651759746626128129 0.12903215984102639480 0.00456028145153145395 0.00000000099999999999 0.02699530032929980256 0.40458536112311443977 0.00000000099999999999 
0.52394819880885490360 0.03112514833575976900 0.19053276125069204538 0.00199927065849350889 0.00000000100000000000 0.00605878562260493605 0.24633575952305247769 0.00000007480054237383 
0.00000306843663006058 0.00238918621974050505 0.68093517526748836843 0.00360255065259096688 0.00000000099999999998 0.00000000099999999998 0.31307001642355014592 0.00000000099999999998 
0.99999999300000008695 0.00000000099999999992 0.00000000099999999992 0.00000000099999999992 0.00000000099999999992 0.00000000099999999992 0.00000000099999999992 0.00000000099999999992 
0.00000000099999999993 0.00000000099999999993 0.00000000099999999993 0.00000000099999999993 0.00000000099999999993 0.00000000099999999993 0.99999999299999997593 0.00000000099999999993 
0.33564410892966972666 0.00815650125140625695 0.45507130292962927332 0.00000000099999999997 0.00000000099999999997 0.00000000099999999997 0.20112808288929492906 0.00000000099999999997 
0.99999999300000019797 0.00000000099999999993 0.00000000099999999993 0.00000000099999999993 0.00000000099999999993 0.00000000099999999993 0.00000000099999999993 0.00000000099999999993 
0.00000000099999999994 0.00000000099999999994 0.99999999299999997593 0.00000000099999999994 0.00000000099999999994 0.00000000099999999994 0.00000000099999999994 0.00000000099999999994 
0.00000000099999999993 0.00000000099999999993 0.00000000099999999993 0.00000000099999999993 0.00000000099999999993 0.00000000099999999993 0.99999999299999997593 0.00000000099999999993 
0.38632288822580929111 0.00000012579378860818 0.28107309083485138013 0.00399128309314967199 0.00000000099999999999 0.02809340004832785662 0.30051921000407294526 0.00000000099999999999 
0.18720289164786180214 0.00000000099999999998 0.27669927707746355683 0.03044763587606728883 0.00000000099999999998 0.03233304320210181326 0.47331714919650541562 0.00000000099999999998 
0.52139478679283202123 0.00000000099999999998 0.43812169551953855651 0.00000000099999999998 0.00000000099999999998 0.04048351268762966776 0.00000000099999999998 0.00000000099999999998 
0.70344957659941753647 0.00000000099999999996 0.00000000099999999996 0.00871168088104909595 0.00000000099999999996 0.00000000099999999996 0.28783873751953342746 0.00000000099999999996 
0.38840063981959821460 0.00082737869002708639 0.21240464792089563950 0.00539902529742050229 0.06792361391653344016 0.04991614939240421323 0.27512309368140702714 0.00000545128171392196 
0.48586178955088121789 0.00000000099999999996 0.00000000099999999996 0.00000000099999999996 0.00000000099999999996 0.00000688502052089208 0.51413132042859766013 0.00000000099999999996 
0.38942124971166525160 0.00000000099999999996 0.30689842173030740247 0.00231306683705064615 0.00000000099999999996 0.05575213995862441513 0.24561511876235214702 0.00000000099999999996 
0.49018890193645636710 0.00000000099999999996 0.28448652642551752745 0.00462462054829722215 0.00000000099999999996 0.06126511172358816565 0.15943483636614080856 0.00000000099999999996 
0.35426491354311917537 0.01252731990014165422 0.32575420560488504984 0.00000000099999999998 0.00000000099999999998 0.02379601250618551544 0.28365754544566873507 0.00000000099999999998 
0.24863090165817330890 0.00000000099999999997 0.42688774341513352484 0.00646792106495126112 0.00000000099999999997 0.03443729011774029902 0.28357614074400167015 0.00000000099999999997 
0.30576259324451626753 0.00000000099999999999 0.50818365598889225776 0.00000000099999999999 0.00000000099999999999 0.06983100524172439205 0.11622274152486684884 0.00000000099999999999 
0.17843225269681908807 0.00380377207993695806 0.39434039781841756511 0.00021881373797345784 0.00000000099999999998 0.02230819109131538733 0.40089657057553756969 0.00000000099999999998 
0.49308760998791195673 0.00000000099999999997 0.37913566357260009010 0.00000000099999999997 0.00000000099999999997 0.00020050887638101874 0.12757621356310686056 0.00000000099999999997 
0.47637832127262674797 0.00000000099999999995 0.49177299807311819491 0.03184867565425494873 0.00000000099999999995 0.00000000099999999995 0.00000000099999999995 0.00000000099999999995 
0.00000000099999999992 0.00000000099999999992 0.00000000099999999992 0.99999999299999997593 0.00000000099999999992 0.00000000099999999992 0.00000000099999999992 0.00000000099999999992 
0.00000000099999999997 0.00000000099999999997 0.00000000099999999997 0.99999996736200480463 0.00000000099999999997 0.00000000099999999997 0.00000002663799524956 0.00000000099999999997 
0.00000000099999999962 0.00000000099999999962 0.00000000099999999962 0.00000000099999999962 0.00000000099999999962 0.00000000099999999962 0.00000000099999999962 0.99999999300000008695 
0.00000000099999999965 0.99999999300000008695 0.00000000099999999965 0.00000000099999999965 0.00000000099999999965 0.00000000099999999965 0.00000000099999999965 0.00000000099999999965 
0.00000000099999999999 0.03199364687771885651 0.00000000099999999999 0.88198315762311263466 0.00000000099999999999 0.08602187802141375572 0.00000131347775470181 0.00000000099999999999 
0.28461747378705926081 0.00000000099999999997 0.48325473723541589877 0.01108123927006324574 0.00000000099999999997 0.00000000099999999997 0.22104654570746151698 0.00000000099999999997 
0.30316959615658167770 0.00000000099999999999 0.33694343790997755006 0.02045053373506753105 0.00000000099999999999 0.00748973041020010392 0.33194669878817295583 0.00000000099999999999 
0.00000000099999999997 0.00000000729177153471 0.00000000099999999997 0.96877446498294017552 0.00000000099999999997 0.03122552272528816494 0.00000000099999999997 0.00000000099999999997 
0.21262667227919579416 0.00000000099999999998 0.38434642840000610153 0.01012002843706353260 0.00000000099999999998 0.00000000099999999998 0.39290686688373460678 0.00000000099999999998 
0.32038482740623530631 0.00997384684810158524 0.44308083041052520601 0.00000000099999999996 0.00000000099999999996 0.01355689789122458723 0.21300359444391350761 0.00000000099999999996 
0.00000000099999999991 0.00000000099999999991 0.00000000099999999991 0.00000000099999999991 0.00000000099999999991 0.00000000099999999991 0.99999999299999986491 0.00000000099999999991 
0.00000000099999999964 0.00000000099999999964 0.00000000099999999964 0.00000000099999999964 0.42932238442162129477 0.00000000099999999964 0.00000000099999999964 0.57067760957837865288 
0.00000000099999999962 0.00000000099999999962 0.00000000099999999962 0.00000000099999999962 0.99999999300000008695 0.00000000099999999962 0.00000000099999999962 0.00000000099999999962 
0.00000000099999999961 0.00000000099999999961 0.00000000099999999961 0.00000000099999999961 0.51089755993474217366 0.00000000099999999961 0.00000000099999999961 0.48910243406525782950 
0.00000000099999999962 0.00000000099999999962 0.00000000099999999962 0.00000000099999999962 0.47938591798634877517 0.00000000099999999962 0.00000000099999999962 0.52061407601365117248 
0.00000000099999999954 0.00000000099999999954 0.00000000099999999954 0.00000000099999999954 0.00000000099999999954 0.00000000099999999954 0.00000000099999999954 0.99999999300000008695 
0.00000000099999999997 0.00000000099999999997 0.00000000099999999997 0.99999999300000008695 0.00000000099999999997 0.00000000099999999997 0.00000000099999999997 0.00000000099999999997 
0.99999999300000019797 0.00000000099999999995 0.00000000099999999995 0.00000000099999999995 0.00000000099999999995 0.00000000099999999995 0.00000000099999999995 0.00000000099999999995 
0.00000000099999999963 0.00000000099999999963 0.00000000099999999963 0.00000000099999999963 0.46553946939769647040 0.00000000099999999963 0.00000000099999999963 0.53446052460230353276 
0.00000000099999999959 0.00000000099999999959 0.00000000099999999959 0.00000000099999999959 0.00000000099999999959 0.00000000099999999959 0.00000000099999999959 0.99999999299999997593 
0.00000000099999999964 0.99999999300000019797 0.00000000099999999964 0.00000000099999999964 0.00000000099999999964 0.00000000099999999964 0.00000000099999999964 0.00000000099999999964 
0.00000000099999999964 0.99999999300000008695 0.00000000099999999964 0.00000000099999999964 0.00000000099999999964 0.00000000099999999964 0.00000000099999999964 0.00000000099999999964 
0.33019853851755193164 0.00000000099999999998 0.33892275949754763209 0.00000000099999999998 0.00000000099999999998 0.00000000099999999998 0.33087869698490041115 0.00000000099999999998 
0.00000000099999999959 0.00000000099999999959 0.00000000099999999959 0.00000000099999999959 0.99999999299999997593 0.00000000099999999959 0.00000000099999999959 0.00000000099999999959 
0.00000000099999999993 0.00000000099999999993 0.99999999299999997593 0.00000000099999999993 0.00000000099999999993 0.00000000099999999993 0.00000000099999999993 0.00000000099999999993 
0.43449265755158006375 0.00000000099999999997 0.56532806983102001919 0.00000000099999999997 0.00000000099999999997 0.00017926761739988457 0.00000000099999999997 0.00000000099999999997 
0.00000007479216159997 0.00000000099999999996 0.02852379242399765216 0.94542909623871462799 0.00000000099999999996 0.02604703254512599070 0.00000000099999999996 0.00000000099999999996 
0.22447179113015863772 0.00000000099999999997 0.57313896906652606056 0.00806818833483072609 0.00000000099999999997 0.00000000099999999997 0.19432104746848460897 0.00000000099999999997 
0.00000000099999999990 0.00000000099999999990 0.00000000099999999990 0.99999999300000008695 0.00000000099999999990 0.00000000099999999990 0.00000000099999999990 0.00000000099999999990 
0.48076067787147641619 0.00000000099999999997 0.00000000099999999997 0.00000000099999999997 0.00000000099999999997 0.07379325815762868834 0.44544605897089467605 0.00000000099999999997 
0.00000000099999999991 0.00000000099999999991 0.00000000099999999991 0.99999999300000008695 0.00000000099999999991 0.00000000099999999991 0.00000000099999999991 0.00000000099999999991 
0.00000000099999999998 0.00313324569128483037 0.50912029991034624121 0.00000000099999999998 0.00000000099999999998 0.07715421978493826327 0.41059223061343053107 0.00000000099999999998 
0.00000000099999999996 0.00000000099999999996 0.99999999299999997593 0.00000000099999999996 0.00000000099999999996 0.00000000099999999996 0.00000000099999999996 0.00000000099999999996 
0.00000000099999999963 0.00000000099999999963 0.00000000099999999963 0.00000000099999999963 0.99999999300000008695 0.00000000099999999963 0.00000000099999999963 0.00000000099999999963 
0.00000000099999999993 0.00000000099999999993 0.00000000099999999993 0.99999999299999997593 0.00000000099999999993 0.00000000099999999993 0.00000000099999999993 0.00000000099999999993 
0.00000000099999999958 0.00000000099999999958 0.00000000099999999958 0.00000000099999999958 0.99999999300000008695 0.00000000099999999958 0.00000000099999999958 0.00000000099999999958 
0.00000000099999999957 0.00000000099999999957 0.00000000099999999957 0.00000000099999999957 0.99999999300000008695 0.00000000099999999957 0.00000000099999999957 0.00000000099999999957 
0.40613952550726190038 0.00000000099999999998 0.18160519457120977149 0.00000000099999999998 0.00000000099999999998 0.03576534152766215613 0.37648993439386618798 0.00000000099999999998 
0.00000000856695798414 0.00000000099999999996 0.64197507492040706278 0.02595371846948422642 0.00000000099999999996 0.00000000099999999996 0.33207119404315066369 0.00000000099999999996 
0.66354957019372207139 0.00000000099999999995 0.33645042380627804279 0.00000000099999999995 0.00000000099999999995 0.00000000099999999995 0.00000000099999999995 0.00000000099999999995 
0.43372374044596578857 0.00000000099999999998 0.35429438220896475320 0.00000000099999999998 0.00000000099999999998 0.02308614221395782068 0.18889573113111149394 0.00000000099999999998 
0.90155980175957728395 0.00000000099999999995 0.00000000099999999995 0.00000000099999999995 0.00000000099999999995 0.09844019224042285798 0.00000000099999999995 0.00000000099999999995 
0.28647596674627406887 0.00000002456370957869 0.37224814816248780192 0.00000049983222367462 0.00000000099999999997 0.05948074340137671223 0.28179461529392807462 0.00000000099999999997 
0.00000000099999999996 0.00000000099999999996 0.50384479707709461938 0.00000000099999999996 0.00000000099999999996 0.00000000099999999996 0.49615519692290532827 0.00000000099999999996 
0.00000000099999999995 0.00000000099999999995 0.00000000099999999995 0.96876312935676900384 0.00000000099999999995 0.00000000099999999995 0.03123686464323097503 0.00000000099999999995 
0.35518959405858496758 0.00000000099999999997 0.39652065281614340408 0.00000000099999999997 0.00000000099999999997 0.01669034027822422286 0.23159940884704741104 0.00000000099999999997 
0.00000000099999999955 0.00000000099999999955 0.00000000099999999955 0.00000000099999999955 0.00000000099999999955 0.00000000099999999955 0.00000000099999999955 0.99999999300000008695 
0.00000000099999999991 0.00000000099999999991 0.00000000099999999991 0.00000000099999999991 0.00000000099999999991 0.00000000099999999991 0.99999999299999986491 0.00000000099999999991 
0.00000000099999999981 0.00000000099999999981 0.00000000099999999981 0.00000000099999999981 0.00000000099999999981 0.00000000099999999981 0.00000000099999999981 0.99999999300000008695 
0.00000000099999999965 0.00000000099999999965 0.00000000099999999965 0.00000000099999999965 0.37759318761518329000 0.00000000099999999965 0.00000000099999999965 0.62240680638481660214 
0.36245619965128605955 0.00000000099999999998 0.45999252619953018284 0.01400036999409224638 0.00000000099999999998 0.03283271551415054001 0.13071818564094075943 0.00000000099999999998 
0.32217291549457738320 0.00460856482079048928 0.30826631796889125692 0.00000000099999999998 0.00000000099999999998 0.00000000099999999998 0.36495219771574072265 0.00000000099999999998 
0.62513139650904414601 0.00000000099999999998 0.00000000099999999998 0.00240826286474349121 0.00000000099999999998 0.00000000099999999998 0.37246033562621239099 0.00000000099999999998 
0.00000000099999999967 0.00000000099999999967 0.00000000099999999967 0.00000000099999999967 0.99999999299999997593 0.00000000099999999967 0.00000000099999999967 0.00000000099999999967 
0.00000000099999999992 0.00000000099999999992 0.00000000099999999992 0.99999999299999997593 0.00000000099999999992 0.00000000099999999992 0.00000000099999999992 0.00000000099999999992 
0.00000000099999999992 0.00000000099999999992 0.00000000099999999992 0.99999999299999997593 0.00000000099999999992 0.00000000099999999992 0.00000000099999999992 0.00000000099999999992 
0.00000000099999999963 0.00000000099999999963 0.00000000099999999963 0.00000000099999999963 0.99999999299999997593 0.00000000099999999963 0.00000000099999999963 0.00000000099999999963 
0.99999999300000008695 0.00000000099999999994 0.00000000099999999994 0.00000000099999999994 0.00000000099999999994 0.00000000099999999994 0.00000000099999999994 0.00000000099999999994 
0.53713038798358003767 0.01147263493185509547 0.00000001181306767630 0.03130326281126265264 0.00000000099999999999 0.00000000099999999999 0.42009369946023455977 0.00000000099999999999 
0.00000000099999999959 0.00000000099999999959 0.00000000099999999959 0.00000000099999999959 0.00000000099999999959 0.00000000099999999959 0.00000000099999999959 0.99999999299999997593 
0.00004133611087779202 0.00000000099999999996 0.70540527984770540204 0.00000000099999999996 0.00000000099999999996 0.06442976143717345228 0.23012361860424335180 0.00000000099999999996 
0.00000000099999999990 0.00000000099999999990 0.00000000099999999990 0.99999999300000008695 0.00000000099999999990 0.00000000099999999990 0.00000000099999999990 0.00000000099999999990 
0.00000000099999999979 0.00000000099999999979 0.00000000099999999979 0.00000000099999999979 0.00000000099999999979 0.99999999299999997593 0.00000000099999999979 0.00000000099999999979 
0.21518930406303807268 0.00000000099999999999 0.36609120905490860620 0.01907859133992284226 0.00001721611396596905 0.00706001087503145552 0.39256366655313301717 0.00000000099999999999 
0.99999999300000008695 0.00000000099999999995 0.00000000099999999995 0.00000000099999999995 0.00000000099999999995 0.00000000099999999995 0.00000000099999999995 0.00000000099999999995 
0.65701179801257725277 0.01155606551293834362 0.00000000099999999997 0.00000000099999999997 0.00000000099999999997 0.00000000099999999997 0.33143213147448458145 0.00000000099999999997 
0.38546575413519423847 0.00626904006893594986 0.00000000099999999997 0.00000000099999999997 0.00000000099999999997 0.01377456399468486407 0.59449063780118471811 0.00000000099999999997 
0.44728725943016550692 0.00000000099999999997 0.51012403241728354608 0.00000000099999999997 0.00000000099999999997 0.04198367945592257344 0.00060502469662838108 0.00000000099999999997 
0.27411281240654322700 0.00000000099999999998 0.37258019323969188141 0.00000000099999999998 0.00000000099999999998 0.04189282672877022579 0.31141416362499457771 0.00000000099999999998 
0.28803792354543755749 0.00134863601622246961 0.47883061906584528655 0.00000000099999999998 0.00000000099999999998 0.07748865548526852332 0.15429416288722622164 0.00000000099999999998 
0.00000000099999999995 0.00000000099999999995 0.99999999299999997593 0.00000000099999999995 0.00000000099999999995 0.00000000099999999995 0.00000000099999999995 0.00000000099999999995 
0.00000000099999999993 0.00000000099999999993 0.00000000099999999993 0.99999999299999997593 0.00000000099999999993 0.00000000099999999993 0.00000000099999999993 0.00000000099999999993 
0.00000000099999999990 0.00000000099999999990 0.00000000099999999990 0.00000000099999999990 0.00000000099999999990 0.00000000099999999990 0.99999999299999986491 0.00000000099999999990 
0.00000000099999999992 0.00000000099999999992 0.99999999300000008695 0.00000000099999999992 0.00000000099999999992 0.00000000099999999992 0.00000000099999999992 0.00000000099999999992 
0.00000000099999999997 0.00000000099999999997 0.72564059133699676529 0.03219450248555085631 0.00000000099999999997 0.00000000099999999997 0.24216490117745234634 0.00000000099999999997 
0.32390195350840694788 0.00000000099999999997 0.46773480377502230088 0.00916518101685365530 0.00000000099999999997 0.00000000099999999997 0.19919805769971715703 0.00000000099999999997 
0.99999999300000019797 0.00000000099999999995 0.00000000099999999995 0.00000000099999999995 0.00000000099999999995 0.00000000099999999995 0.00000000099999999995 0.00000000099999999995 
0.00000000099999999992 0.00000000099999999992 0.99999999299999997593 0.00000000099999999992 0.00000000099999999992 0.00000000099999999992 0.00000000099999999992 0.00000000099999999992 
0.26307027851730285795 0.00000000099999999998 0.34110882897659439150 0.00000000099999999998 0.00000000099999999998 0.06567297144488777605 0.33014791706121487946 0.00000000099999999998 
0.00050710450104764183 0.00000000099999999996 0.01028588055798775915 0.98920700994096477654 0.00000000099999999996 0.00000000099999999996 0.00000000099999999996 0.00000000099999999996 
0.30960506696721867836 0.01300172445442413470 0.64324620560345713294 0.00000112996455638824 0.00000000099999999997 0.03414587001034363745 0.00000000099999999997 0.00000000099999999997 
0.00000000099999999992 0.00000000099999999992 0.00000000099999999992 0.00000000099999999992 0.00000000099999999992 0.00000000099999999992 0.99999999299999986491 0.00000000099999999992 
0.40854113624869947685 0.00000000100000000000 0.20882149941904051826 0.00107539937752853415 0.00000000100000000000 0.02394893319855677383 0.35042240465962187779 0.00719062509655284902 
0.00000000099999999996 0.00000000099999999996 0.00000051554864115579 0.99999947845135883640 0.00000000099999999996 0.00000000099999999996 0.00000000099999999996 0.00000000099999999996 
0.36254727135606218402 0.00000000099999999999 0.46738771763393832659 0.02186953045320960687 0.01898117147261501811 0.00000000099999999999 0.12921430608417489028 0.00000000099999999999 
0.00000013624654445896 0.00000007274481515338 0.69571828871185148468 0.00000692292034334566 0.00000000099999999999 0.00218836089483161406 0.30208621648161371187 0.00000000099999999999 
0.00000000099999999997 0.00000000099999999997 0.47360261085252086666 0.46853975349868448586 0.00000000099999999997 0.05785763064879473339 0.00000000099999999997 0.00000000099999999997 
