0.37336786935131993648 0.22641481446157815660 0.00000011022571197908 0.01748322779484384054 0.00000000100000000000 0.36553707990970241148 0.00000000100000000000 0.01719689625684369186 
0.00000000099999999994 0.00000000099999999994 0.00000000099999999994 0.00000000099999999994 0.00000000099999999994 0.00000000099999999994 0.99999999299999997593 0.00000000099999999994 
0.00000000099999999992 0.00000000099999999992 0.00000000099999999992 0.06038621962417993483 0.00000000099999999992 0.00000000099999999992 0.93961377437581994343 0.00000000099999999992 
0.37529305939067036935 0.27578445292603387395 0.00000000099999999999 0.00000000099999999999 0.00000000099999999999 0.31703474040539569856 0.02883385054166877348 0.00305389373623144887 
0.29898461314163626845 0.33100286778879040028 0.16365261756070728638 0.00732726986072281417 0.00000000099999999999 0.19903262864814322275 0.00000000099999999999 0.00000000099999999999 
0.19660988362752618297 0.33111749514528554528 0.00000000099999999999 0.00147231999868999066 0.00000000099999999999 0.44723014388960952159 0.02284747166037762178 0.00072268367851131409 
0.00000000099999999992 0.00000000099999999992 0.00000000099999999992 0.06604192008367781863 0.00000000099999999992 0.00000000099999999992 0.93395807391632201799 0.00000000099999999992 
0.00000000099999999992 0.00000000099999999992 0.00000000099999999992 0.00000000099999999992 0.00000000099999999992 0.00000000099999999992 0.99999999299999997593 0.00000000099999999992 
0.21965200792731362500 0.56833429826591663758 0.13520567842247188661 0.00000000099999999998 0.00000000099999999998 0.06199242268832533959 0.00000000099999999998 0.01481558969597264810 
0.00000000099999999995 0.00000000099999999995 0.00000000099999999995 0.00000000099999999995 0.00000000099999999995 0.00000000099999999995 0.99999999299999986491 0.00000000099999999995 
0.23697255870812072853 0.45387235868293196450 0.07166776027999866017 0.00000006915336381406 0.00000000100000000000 0.22615783101276426548 0.00467374694734864430 0.00665567421547189758 
0.00181517215305740951 0.38400480009796461589 0.11115726460139066512 0.00000000099999999998 0.00000000099999999998 0.50079881309322549221 0.00155934189812167350 0.00066460615623995564 
0.25648854190455550039 0.74339042528265153464 0.00000000099999999999 0.00003528891543731819 0.00000000099999999999 0.00008573989735566376 0.00000000099999999999 0.00000000099999999999 
0.24218356246242470076 0.26247877179988032825 0.06138004571918580926 0.01367423676338944821 0.00000000099999999999 0.40594948569465971744 0.00000000099999999999 0.01433389556045999366 
0.99999999300000019797 0.00000000099999999995 0.00000000099999999995 0.00000000099999999995 0.00000000099999999995 0.00000000099999999995 0.00000000099999999995 0.00000000099999999995 
0.20575915421708623754 0.29953252263209101391 0.14458864898397705279 0.03426754330529089426 0.00000000099999999999 0.25357635254427296490 0.04041140355523911015 0.02186437376204293168 
0.00000000099999999980 0.00000000099999999980 0.99999999299999997593 0.00000000099999999980 0.00000000099999999980 0.00000000099999999980 0.00000000099999999980 0.00000000099999999980 
0.00000000835069683823 0.62084224930816078736 0.17155536750413394320 0.01949687709757899276 0.00000000099999999998 0.18810549473942950183 0.00000000099999999998 0.00000000099999999998 
0.23404799962494696186 0.33891995052489526374 0.00000000099999999999 0.00000164345048239174 0.00000000099999999999 0.42263635011872308089 0.00000000099999999999 0.00439405328095234492 
0.45891879494441945031 0.52446038962475116652 0.00000000099999999997 0.01662081043082946213 0.00000000099999999997 0.00000000099999999997 0.00000000099999999997 0.00000000099999999997 
0.33240554639440145213 0.50017077129440512540 0.00000000099999999999 0.00000000099999999999 0.00000000099999999999 0.16742367731119367491 0.00000000099999999999 0.00000000099999999999 
0.00000000099999999994 0.00000000099999999994 0.00000000099999999994 0.07065014821697034042 0.00000000099999999994 0.00000000099999999994 0.92934984578302959335 0.00000000099999999994 
0.51803554597778433966 0.00000000099999999997 0.00000000099999999997 0.00000000099999999997 0.00000000099999999997 0.48196444802221594106 0.00000000099999999997 0.00000000099999999997 
0.00000000099999999964 0.00000000099999999964 0.99999999299999997593 0.00000000099999999964 0.00000000099999999964 0.00000000099999999964 0.00000000099999999964 0.00000000099999999964 
0.23753968882754272762 0.44780604405167673265 0.01961061051326803972 0.02988246031299787719 0.00000000099999999998 0.24334304749855109606 0.02181814679596360759 0.00000000099999999998 
0.00000000099999999992 0.00000000099999999992 0.00000000099999999992 0.00000000099999999992 0.00000000099999999992 0.99999999299999997593 0.00000000099999999992 0.00000000099999999992 
0.00000000099999999970 0.00000000099999999970 0.00000000099999999970 0.00000000099999999970 0.00000000099999999970 0.00000000099999999970 0.00000000099999999970 0.99999999299999997593 
0.00000000099999999966 0.00000000099999999966 0.00000000099999999966 0.00000000099999999966 0.00000000099999999966 0.00000000099999999966 0.00000000099999999966 0.99999999299999997593 
0.15220961055938611595 0.46078875974343408428 0.02870579285847086812 0.02409474463172142991 0.00000000099999999999 0.33420108920698765598 0.00000000099999999999 0.00000000099999999999 
0.00001308994416765088 0.60434599050355153338 0.13302316717501355692 0.00000000099999999997 0.00000000099999999997 0.25867465412420387327 0.00000000099999999997 0.00394309525306355164 
0.00000000099999999997 0.56785275843882943025 0.04843804831390303989 0.06766749382063363960 0.00000000099999999997 0.31604169542663385073 0.00000000099999999997 0.00000000099999999997 
0.00000000099999999987 0.00000000099999999987 0.20300315412558028738 0.00000000099999999987 0.00000000099999999987 0.00000000099999999987 0.79699683987441960475 0.00000000099999999987 
0.00000000099999999980 0.00000000099999999980 0.63050097585225084451 0.00000000099999999980 0.00000000099999999980 0.00000000099999999980 0.00000000099999999980 0.36949901814774926967 
0.39069854707664120053 0.54344537817718618911 0.04134618738436310337 0.00000000099999999998 0.00000000099999999998 0.02450988336180952992 0.00000000099999999998 0.00000000099999999998 
0.00000000099999999963 0.00000000099999999963 0.00000000099999999963 0.00000000099999999963 0.99999999300000008695 0.00000000099999999963 0.00000000099999999963 0.00000000099999999963 
0.00000000099999999955 0.00000000099999999955 0.00000000099999999955 0.00000000099999999955 0.99999999299999997593 0.00000000099999999955 0.00000000099999999955 0.00000000099999999955 
0.00000000099999999955 0.00000000099999999955 0.00000000099999999955 0.00000000099999999955 0.99999999299999997593 0.00000000099999999955 0.00000000099999999955 0.00000000099999999955 
0.00000000099999999970 0.00000000099999999970 0.00000000099999999970 0.00000000099999999970 0.00000000099999999970 0.00000000099999999970 0.00000000099999999970 0.99999999300000008695 
0.00000000099999999966 0.00000000099999999966 0.00000000099999999966 0.00000000099999999966 0.00000000099999999966 0.00000000099999999966 0.00000000099999999966 0.99999999300000008695 
0.46776384882870258863 0.51202039244202024459 0.00000000099999999997 0.02021575372927729777 0.00000000099999999997 0.00000000099999999997 0.00000000099999999997 0.00000000099999999997 
0.00000000099999999996 0.00000000099999999996 0.00000000099999999996 0.00000000099999999996 0.00000000099999999996 0.00000000099999999996 0.99999999299999997593 0.00000000099999999996 
0.00000000099999999968 0.00000000099999999968 0.00000000099999999968 0.00000000099999999968 0.00000000099999999968 0.00000000099999999968 0.00000000099999999968 0.99999999299999997593 
0.99999999300000008695 0.00000000099999999995 0.00000000099999999995 0.00000000099999999995 0.00000000099999999995 0.00000000099999999995 0.00000000099999999995 0.00000000099999999995 
0.00000000099999999993 0.00000000099999999993 0.00000000099999999993 0.00000000099999999993 0.00000000099999999993 0.00000000099999999993 0.99999999299999986491 0.00000000099999999993 
0.00000000099999999972 0.00000000099999999972 0.00000000099999999972 0.00000000099999999972 0.00000000099999999972 0.00000000099999999972 0.00000000099999999972 0.99999999300000008695 
0.99999999300000019797 0.00000000099999999994 0.00000000099999999994 0.00000000099999999994 0.00000000099999999994 0.00000000099999999994 0.00000000099999999994 0.00000000099999999994 
0.00000000099999999968 0.00000000099999999968 0.00000000099999999968 0.00000000099999999968 0.00000000099999999968 0.00000000099999999968 0.00000000099999999968 0.99999999299999997593 
0.00000000099999999995 0.00000000099999999995 0.00000000099999999995 0.02269216364115525172 0.00000000099999999995 0.00000000099999999995 0.97730783035884460919 0.00000000099999999995 
0.00000000099999999992 0.00000000099999999992 0.00000000099999999992 0.00000000099999999992 0.00000000099999999992 0.00000000099999999992 0.99999999299999986491 0.00000000099999999992 
0.00000000099999999963 0.00000000099999999963 0.00000000099999999963 0.00000000099999999963 0.00000000099999999963 0.00000000099999999963 0.00000000099999999963 0.99999999299999997593 
0.00000000099999999966 0.00000000099999999966 0.00000000099999999966 0.00000000099999999966 0.00000000099999999966 0.00000000099999999966 0.00000000099999999966 0.99999999300000008695 
0.00000000099999999996 0.00000000099999999996 0.00000000099999999996 0.00000000099999999996 0.00000000099999999996 0.00000000099999999996 0.99999999299999997593 0.00000000099999999996 
0.00000000099999999995 0.00000000099999999995 0.00000000099999999995 0.00000000099999999995 0.00000000099999999995 0.00000000099999999995 0.99999999299999986491 0.00000000099999999995 
0.00000000099999999996 0.00000000099999999996 0.00000000099999999996 0.00000000099999999996 0.00000000099999999996 0.00488293516194894962 0.99511705883805112727 0.00000000099999999996 
0.00000000099999999973 0.00000000099999999973 0.00000000099999999973 0.00000000099999999973 0.00000000099999999973 0.00000000099999999973 0.00000000099999999973 0.99999999299999997593 
0.41914458977418850294 0.00000000099999999999 0.00000001070580782352 0.00000000099999999999 0.00000000099999999999 0.54231647465408039377 0.03230518508772509123 0.00623373677819814235 
0.39121099446425233737 0.00000000099999999998 0.00000000099999999998 0.00000000099999999998 0.00000000099999999998 0.58721890975564683401 0.00000000099999999998 0.02157009078010085207 
0.00000000099999999989 0.00000000099999999989 0.00000000099999999989 0.00000000099999999989 0.00000000099999999989 0.99999999300000008695 0.00000000099999999989 0.00000000099999999989 
0.50653776324414734322 0.00000000099999999997 0.00000000099999999997 0.03747818184630195837 0.00000000099999999997 0.45598404990955077043 0.00000000099999999997 0.00000000099999999997 
0.00000000099999999993 0.00000000099999999993 0.00000000099999999993 0.00000000099999999993 0.00000000099999999993 0.00000000099999999993 0.99999999299999997593 0.00000000099999999993 
0.00000000099999999996 0.99999999300000008695 0.00000000099999999996 0.00000000099999999996 0.00000000099999999996 0.00000000099999999996 0.00000000099999999996 0.00000000099999999996 
0.00000000099999999961 0.00000000099999999961 0.00000000099999999961 0.00000000099999999961 0.99999999299999997593 0.00000000099999999961 0.00000000099999999961 0.00000000099999999961 
0.51131680029159798373 0.48382325823771432649 0.00000000099999999998 0.00002548822743819300 0.00000000099999999998 0.00000000099999999998 0.00000000099999999998 0.00483444924324963419 
0.00000000099999999962 0.00000000099999999962 0.00000000099999999962 0.00000000099999999962 0.99999999299999997593 0.00000000099999999962 0.00000000099999999962 0.00000000099999999962 
0.27811246917643667187 0.56200394474262327371 0.12172362068429948279 0.01769410206990977563 0.00000000099999999998 0.00000000099999999998 0.02046586032673080452 0.00000000099999999998 
0.00000000099999999963 0.00000000099999999963 0.00000000099999999963 0.00000000099999999963 0.99999999300000008695 0.00000000099999999963 0.00000000099999999963 0.00000000099999999963 
0.00000000099999999998 0.59571402235145243242 0.08138030999771089791 0.04421330884558472701 0.00000000099999999998 0.27869235480525200721 0.00000000099999999998 0.00000000099999999998 
0.00000000099999999999 0.53966946887551459078 0.08601504882843796773 0.00000000099999999999 0.00000000099999999999 0.37431547729604752739 0.00000000099999999999 0.00000000099999999999 
0.00000000099999999992 0.00000000099999999992 0.00000000099999999992 0.00000000099999999992 0.00000000099999999992 0.00000000099999999992 0.99999999299999997593 0.00000000099999999992 
0.99999999300000008695 0.00000000099999999992 0.00000000099999999992 0.00000000099999999992 0.00000000099999999992 0.00000000099999999992 0.00000000099999999992 0.00000000099999999992 
0.00000000099999999963 0.00000000099999999963 0.00000000099999999963 0.00000000099999999963 0.99999999299999997593 0.00000000099999999963 0.00000000099999999963 0.00000000099999999963 
0.00000000099999999966 0.00000000099999999966 0.00000000099999999966 0.00000000099999999966 0.99999999299999997593 0.00000000099999999966 0.00000000099999999966 0.00000000099999999966 
0.31070341048560612407 0.39283275618766561044 0.00000000099999999999 0.00000000099999999999 0.00000000099999999999 0.20581868121839624886 0.08082718254309850803 0.00981796656523358825 
0.00000000099999999993 0.00000000099999999993 0.00000000099999999993 0.00000000099999999993 0.00000000099999999993 0.00000000099999999993 0.99999999299999997593 0.00000000099999999993 
0.00000000099999999973 0.00000000099999999973 0.00000000099999999973 0.00000000099999999973 0.00000000099999999973 0.00000000099999999973 0.00000000099999999973 0.99999999300000008695 
0.00000000099999999994 0.00000000099999999994 0.00000000099999999994 0.00000000099999999994 0.00000000099999999994 0.00000000099999999994 0.99999999299999986491 0.00000000099999999994 
0.24917647167930187524 0.47470233687284607571 0.03918680606321811588 0.04693385541001915406 0.00000000099999999999 0.16843870947878838984 0.02156181849582642848 0.00000000099999999999 
0.00000000099999999959 0.00000000099999999959 0.00000000099999999959 0.00000000099999999959 0.99999999299999997593 0.00000000099999999959 0.00000000099999999959 0.00000000099999999959 
0.00000000099999999961 0.00000000099999999961 0.00000000099999999961 0.00000000099999999961 0.00000000099999999961 0.00000000099999999961 0.00000000099999999961 0.99999999299999997593 
0.00000000099999999967 0.00000000099999999967 0.00000000099999999967 0.00000000099999999967 0.99999999300000008695 0.00000000099999999967 0.00000000099999999967 0.00000000099999999967 
0.99999999300000008695 0.00000000099999999995 0.00000000099999999995 0.00000000099999999995 0.00000000099999999995 0.00000000099999999995 0.00000000099999999995 0.00000000099999999995 
0.00000000099999999991 0.00000000099999999991 0.00000000099999999991 0.00000000099999999991 0.00000000099999999991 0.00000000099999999991 0.99999999299999986491 0.00000000099999999991 
0.00000000099999999991 0.00000000099999999991 0.00000000099999999991 0.06035709295041719047 0.00000000099999999991 0.00000000099999999991 0.93964290104958281269 0.00000000099999999991 
0.75704261137291251060 0.00282237536476417743 0.00000000099999999997 0.00000000099999999997 0.00000000099999999997 0.00000000099999999997 0.24013500826232328511 0.00000000099999999997 
0.34457585447715299853 0.51351450529397624223 0.00000002114080839316 0.00000000099999999999 0.00000000099999999999 0.12099315270185218019 0.00000079348743224310 0.02091567089877787236 
0.00000000099999999991 0.00000000099999999991 0.00000000099999999991 0.00000000099999999991 0.00000000099999999991 0.99999999299999997593 0.00000000099999999991 0.00000000099999999991 
0.00000000099999999995 0.99999999300000019797 0.00000000099999999995 0.00000000099999999995 0.00000000099999999995 0.00000000099999999995 0.00000000099999999995 0.00000000099999999995 
0.28328010451216678600 0.50989980890522890178 0.07012522070145060793 0.00002182191810305418 0.00000000099999999999 0.13667304096305071814 0.00000000099999999999 0.00000000099999999999 
0.39420037308598071535 0.21531311069269468139 0.08978328747110364549 0.00000000923698420259 0.00000000099999999997 0.30070321651323689283 0.00000000099999999997 0.00000000099999999997 
0.41553317563706637650 0.58200286616494345537 0.00000000192119866679 0.00000000099999999997 0.00000000099999999997 0.00000000099999999997 0.00246395227679152779 0.00000000099999999997 
0.45037096453939501339 0.54312140747542025920 0.00000887608969411828 0.00000000099999999999 0.00000000099999999999 0.00010765200207831790 0.00639109689341216518 0.00000000099999999999 
0.36258219721538315072 0.34371181130947209281 0.00000000099999999998 0.00000000099999999998 0.00000000099999999998 0.25927255027437173807 0.03443343720077286785 0.00000000099999999998 
0.00000000099999999994 0.00000000099999999994 0.00000000099999999994 0.00000000099999999994 0.00000000099999999994 0.00000000099999999994 0.99999999299999997593 0.00000000099999999994 
0.00918220327327317655 0.00000000099999999998 0.00000000099999999998 0.00000000099999999998 0.00000000099999999998 0.00013002994222487431 0.99068776178450179692 0.00000000099999999998 
0.00000000099999999977 0.00000000099999999977 0.00000000099999999977 0.00000000099999999977 0.99999999300000008695 0.00000000099999999977 0.00000000099999999977 0.00000000099999999977 
0.00000000099999999997 0.00000000099999999997 0.00000000099999999997 0.00000000099999999997 0.00000000099999999997 0.00000000099999999997 0.99999999299999986491 0.00000000099999999997 
0.00000000099999999998 0.00000000099999999998 0.00000000099999999998 0.00000048947977810964 0.00000000099999999998 0.00022964250049989149 0.99976986301972192717 0.00000000099999999998 
0.00000000099999999993 0.00000000099999999993 0.00000000099999999993 0.00000000099999999993 0.00000000099999999993 0.99999999300000008695 0.00000000099999999993 0.00000000099999999993 
0.00000000099999999954 0.00000000099999999954 0.00000000099999999954 0.00000000099999999954 0.99999999300000008695 0.00000000099999999954 0.00000000099999999954 0.00000000099999999954 
0.36733349498552492207 0.48843446224160264046 0.00000000099999999999 0.00682869733781343771 0.00000000099999999999 0.13440726738983868604 0.00000000099999999999 0.00299607504522028624 
0.00000000099999999995 0.99999999300000019797 0.00000000099999999995 0.00000000099999999995 0.00000000099999999995 0.00000000099999999995 0.00000000099999999995 0.00000000099999999995 
0.00000000099999999999 0.38397923277288004140 0.03459668651437503017 0.00012010070993132981 0.00000000099999999999 0.57776484438007624789 0.00000000099999999999 0.00353913262273729875 
0.00000000099999999999 0.48586050576834838299 0.00000000099999999999 0.00008442189405081795 0.00000000099999999999 0.51349018045848138225 0.00056488787911925962 0.00000000099999999999 
0.26180986080695706208 0.32188724422930836688 0.06500361210607367990 0.00000000099999999998 0.00000000099999999998 0.35129927885766099038 0.00000000099999999998 0.00000000099999999998 
0.99999999300000008695 0.00000000099999999994 0.00000000099999999994 0.00000000099999999994 0.00000000099999999994 0.00000000099999999994 0.00000000099999999994 0.00000000099999999994 
0.36353441936221592146 0.13811190543835805133 0.00006541752685755194 0.00000000099999999999 0.00000000099999999999 0.49828825367256862622 0.00000000099999999999 0.00000000099999999999 
0.50807568489529064681 0.17231515651879397710 0.01575871993208248500 0.04177407050985963710 0.00000000099999999999 0.26207636514397320004 0.00000000099999999999 0.00000000099999999999 
0.15062587310139644026 0.48907468703247553021 0.08804292600797289370 0.00000000100000000000 0.00000492960945358999 0.23530117552811352644 0.00584301524369538767 0.03110739247689260634 
0.00000000099999999996 0.99999999300000008695 0.00000000099999999996 0.00000000099999999996 0.00000000099999999996 0.00000000099999999996 0.00000000099999999996 0.00000000099999999996 
0.61285254123032117946 0.00000000099999999996 0.00000000099999999996 0.00000000099999999996 0.00000000099999999996 0.38714745276967904575 0.00000000099999999996 0.00000000099999999996 
0.00000000099999999999 0.44065555451639343287 0.08134479904877449374 0.01470140389710588094 0.00000000099999999999 0.43862284428893305588 0.00298077716506374652 0.02169461908372947653 
0.44393346803021865865 0.29655808134844385826 0.00000963870041871576 0.02035381634446290292 0.00000000099999999998 0.23481332480321537304 0.00000000099999999998 0.00433166877324048585 
0.00000000099999999996 0.99999999300000008695 0.00000000099999999996 0.00000000099999999996 0.00000000099999999996 0.00000000099999999996 0.00000000099999999996 0.00000000099999999996 
0.25674812626225945733 0.68223901519972529606 0.06101285353801542272 0.00000000099999999997 0.00000000099999999997 0.00000000099999999997 0.00000000099999999997 0.00000000099999999997 
0.29832345802379872657 0.29887661083465827394 0.14601787847132702280 0.00000000099999999998 0.00000000099999999998 0.24163114495376830648 0.01515090471644759719 0.00000000099999999998 
0.44118805302987551542 0.00000000226943404506 0.00000000099999999998 0.01465347207874081494 0.00000000099999999998 0.54415846862194949818 0.00000000099999999998 0.00000000099999999998 
0.28785769809570832534 0.00061008752594339424 0.13426989167545685944 0.00000000099999999998 0.00000000099999999998 0.57116527827096807979 0.00609704143192335915 0.00000000099999999998 
0.20887630024695760800 0.45060268695230859537 0.05592448091540921234 0.01257208879491850465 0.00000000099999999999 0.27202444009040627204 0.00000000099999999999 0.00000000099999999999 
0.38925165368538966471 0.37729106677381052393 0.00000000257575421332 0.01761397627678874464 0.00000000099999999998 0.19789393158324256050 0.01794936710501427932 0.00000000099999999998 
0.15851609855282716710 0.40150074367159882538 0.19156044410985478832 0.00000000100000000000 0.07033529261172714875 0.17601977208546826237 0.00191418404539535976 0.00015346392312843250 
0.99999999300000008695 0.00000000099999999994 0.00000000099999999994 0.00000000099999999994 0.00000000099999999994 0.00000000099999999994 0.00000000099999999994 0.00000000099999999994 
0.28599898324678346695 0.55965415689479891537 0.12996253021653056403 0.01961638841157617094 0.00000000099999999997 0.00000078033856899126 0.00476715889174180243 0.00000000099999999997 
0.14758192139712678070 0.47187499650431613540 0.12898844183507676697 0.02235766844027661793 0.00000000099999999997 0.22919625276768706978 0.00000071705551655042 0.00000000099999999997 
0.34040063933957737108 0.24932184617341032751 0.13013265321058917201 0.01764566072547303979 0.00000000099999999998 0.25593336138874844821 0.00000000099999999998 0.00656583716220166327 
0.19155084348252443549 0.39214071831800245693 0.07579335320531954689 0.00000000099999999998 0.00000000099999999998 0.33839748593145757560 0.00211759606269604824 0.00000000099999999998 
0.42503407006474946961 0.38056025445685526254 0.18184219751689367772 0.01160113577854572295 0.00000000099999999999 0.00096233918295597252 0.00000000099999999999 0.00000000099999999999 
0.33223479858027860079 0.60498834114388599925 0.05035873852029235792 0.00349942688634577968 0.00000000099999999999 0.00000000099999999999 0.00411529873089392165 0.00480339413830350830 
0.00000000099999999996 0.76853691791625611263 0.21668279053060623962 0.01478028655313767641 0.00000000099999999996 0.00000000099999999996 0.00000000099999999996 0.00000000099999999996 
0.00000000099999999994 0.99998716308148771770 0.00000000099999999994 0.00000000099999999994 0.00000000099999999994 0.00000000099999999994 0.00001283091851242274 0.00000000099999999994 
0.00000000099999999994 0.00000000099999999994 0.00000000099999999994 0.00000000099999999994 0.00000000099999999994 0.00000000099999999994 0.99999999299999986491 0.00000000099999999994 
0.00000000099999999997 0.00000000099999999997 0.00000000099999999997 0.01417790476741712796 0.00000000099999999997 0.00548773755891962447 0.98033435267366308974 0.00000000099999999997 
0.00000000099999999970 0.00000000099999999970 0.00000000099999999970 0.00000000099999999970 0.99999999299999997593 0.00000000099999999970 0.00000000099999999970 0.00000000099999999970 
0.00000000099999999962 0.00000000099999999962 0.00000000099999999962 0.00000000099999999962 0.00000000099999999962 0.00000000099999999962 0.00000000099999999962 0.99999999300000008695 
0.00000000099999999999 0.00000000099999999999 0.05124846180791992056 0.01984323894417996254 0.00000000099999999999 0.00877270324007862687 0.88523820152769450154 0.03489739148012695885 
0.35443854085544945764 0.37503621554160609941 0.00000000144370630919 0.00003843419826984094 0.00000000099999999998 0.26070976494784797728 0.00977704101312039560 0.00000000099999999998 
0.31779401430984016708 0.64526091678840646892 0.00183579785496665055 0.02484136111578405526 0.00000000099999999999 0.00000000099999999999 0.01026790693100270054 0.00000000099999999999 
0.00000000099999999993 0.00000000099999999993 0.00000000099999999993 0.08473022720253219064 0.00000000099999999993 0.00000000099999999993 0.91526976679746785415 0.00000000099999999993 
0.00000000099999999991 0.00000000099999999991 0.00000000099999999991 0.00000000099999999991 0.00000000099999999991 0.99999999300000008695 0.00000000099999999991 0.00000000099999999991 
0.09947197656937069310 0.53951102582567700416 0.09064610625671241928 0.00162641895629870702 0.00000000099999999998 0.25664811466697606823 0.00000000099999999998 0.01209635572496497481 
0.52626436690128930440 0.00013006920849198633 0.07517843131047435845 0.02966930442776843230 0.00000000099999999998 0.36875782515197585987 0.00000000099999999998 0.00000000099999999998 
0.00000000099999999960 0.00000000099999999960 0.00000000099999999960 0.00000000099999999960 0.99999999299999997593 0.00000000099999999960 0.00000000099999999960 0.00000000099999999960 
0.00000000099999999963 0.00000000099999999963 0.00000000099999999963 0.00000000099999999963 0.99999999299999997593 0.00000000099999999963 0.00000000099999999963 0.00000000099999999963 
0.00000000099999999955 0.00000000099999999955 0.00000000099999999955 0.00000000099999999955 0.99999999299999997593 0.00000000099999999955 0.00000000099999999955 0.00000000099999999955 
0.00000000099999999956 0.00000000099999999956 0.00000000099999999956 0.00000000099999999956 0.99999999300000008695 0.00000000099999999956 0.00000000099999999956 0.00000000099999999956 
0.00000000099999999958 0.00000000099999999958 0.00000000099999999958 0.00000000099999999958 0.99999999300000008695 0.00000000099999999958 0.00000000099999999958 0.00000000099999999958 
0.00000000099999999994 0.00000000099999999994 0.00000000099999999994 0.06812168817766788009 0.00000000099999999994 0.00000000099999999994 0.93187830582233210919 0.00000000099999999994 
0.49576975955420754527 0.44725379808383763924 0.05110582756463735721 0.00021746037299526881 0.00000000099999999999 0.00000000099999999999 0.00000000099999999999 0.00565315142432232416 
0.00000000099999999957 0.00000000099999999957 0.00000000099999999957 0.00000000099999999957 0.99999999299999997593 0.00000000099999999957 0.00000000099999999957 0.00000000099999999957 
0.00000000099999999963 0.00000000099999999963 0.00000000099999999963 0.00000000099999999963 0.99999999300000008695 0.00000000099999999963 0.00000000099999999963 0.00000000099999999963 
0.00000000099999999961 0.00000000099999999961 0.00000000099999999961 0.00000000099999999961 0.00000000099999999961 0.00000000099999999961 0.00000000099999999961 0.99999999299999997593 
0.00000000099999999962 0.00000000099999999962 0.00000000099999999962 0.00000000099999999962 0.00000000099999999962 0.00000000099999999962 0.00000000099999999962 0.99999999300000008695 
0.99999999300000008695 0.00000000099999999993 0.00000000099999999993 0.00000000099999999993 0.00000000099999999993 0.00000000099999999993 0.00000000099999999993 0.00000000099999999993 
0.00000000099999999960 0.00000000099999999960 0.00000000099999999960 0.00000000099999999960 0.99999999299999997593 0.00000000099999999960 0.00000000099999999960 0.00000000099999999960 
0.00000000099999999999 0.64900661069087783872 0.07623012906315868031 0.00000007693572378192 0.00000000099999999999 0.27476317931023974683 0.00000000099999999999 0.00000000099999999999 
0.38678241600465279593 0.24111769604046082160 0.10696912016936203915 0.02269009104821436210 0.00000000099999999998 0.24244067373730995851 0.00000000099999999998 0.00000000099999999998 
0.05533635793405876357 0.00000000099999999998 0.00000000099999999998 0.00248200428602756091 0.00000000099999999998 0.00000000099999999998 0.94218163277991362481 0.00000000099999999998 
0.00000000099999999995 0.99999999300000008695 0.00000000099999999995 0.00000000099999999995 0.00000000099999999995 0.00000000099999999995 0.00000000099999999995 0.00000000099999999995 
0.00000000099999999992 0.00000000099999999992 0.00000000099999999992 0.00000000099999999992 0.00000000099999999992 0.00000000099999999992 0.99999999299999997593 0.00000000099999999992 
0.00000000099999999991 0.00000000099999999991 0.00000000099999999991 0.00000000099999999991 0.00000000099999999991 0.99999999300000008695 0.00000000099999999991 0.00000000099999999991 
0.00000000099999999993 0.00000000099999999993 0.00000000099999999993 0.00000000099999999993 0.00000000099999999993 0.00000000099999999993 0.99999999299999986491 0.00000000099999999993 
0.38177329592213704590 0.38084046463167581242 0.00000000099999999999 0.05277385185173866233 0.00000000099999999999 0.17974095114849250598 0.00000000766729369592 0.00487142677866230639 
0.34843702262813047721 0.56974366273965182383 0.06598848559438405537 0.00908740249066568133 0.00000000099999999999 0.00000000099999999999 0.00000000099999999999 0.00674342354716790139 
0.00000000099999999964 0.00000000099999999964 0.00000000099999999964 0.00000000099999999964 0.99999999300000008695 0.00000000099999999964 0.00000000099999999964 0.00000000099999999964 
0.00000000099999999994 0.00000000099999999994 0.00000000099999999994 0.00000000099999999994 0.00000000099999999994 0.00000000099999999994 0.99999999299999997593 0.00000000099999999994 
0.00000000099999999958 0.00000000099999999958 0.00000000099999999958 0.00000000099999999958 0.99999999300000008695 0.00000000099999999958 0.00000000099999999958 0.00000000099999999958 
0.00000000099999999956 0.00000000099999999956 0.00000000099999999956 0.00000000099999999956 0.99999999300000008695 0.00000000099999999956 0.00000000099999999956 0.00000000099999999956 
0.40651842401672250160 0.26405253236563458463 0.14276445059744313770 0.00076463363988077675 0.00000000099999999999 0.18589995638031922565 0.00000000099999999999 0.00000000099999999999 
0.34308734390871858944 0.30359943203417594226 0.00000000099999999998 0.01504981909606108344 0.00000000099999999998 0.31909471340336603706 0.01916868855767834071 0.00000000099999999998 
0.00000000099999999994 0.99999999300000008695 0.00000000099999999994 0.00000000099999999994 0.00000000099999999994 0.00000000099999999994 0.00000000099999999994 0.00000000099999999994 
0.24552586283693966784 0.32515944281995312615 0.04231471320545918124 0.00000000099999999998 0.00000000099999999998 0.38699997713764811014 0.00000000099999999998 0.00000000099999999998 
0.38437808903845127606 0.46652290510185318029 0.11824796166429676902 0.03085103882938105072 0.00000000099999999999 0.00000000099999999999 0.00000000099999999999 0.00000000236601781123 
0.47528518608824460445 0.46197214605466968562 0.00000000099999999997 0.06274266285708587909 0.00000000099999999997 0.00000000099999999997 0.00000000099999999997 0.00000000099999999997 
0.50733108801747917038 0.49266890598252105482 0.00000000099999999997 0.00000000099999999997 0.00000000099999999997 0.00000000099999999997 0.00000000099999999997 0.00000000099999999997 
0.00000000099999999996 0.03945284913617002481 0.00000000099999999996 0.00000000099999999996 0.00000000099999999996 0.00000000099999999996 0.96054714486382986038 0.00000000099999999996 
0.00000000099999999997 0.99999968266964889274 0.00000000099999999997 0.00000031133035128767 0.00000000099999999997 0.00000000099999999997 0.00000000099999999997 0.00000000099999999997 
0.00000000099999999957 0.00000000099999999957 0.00000000099999999957 0.00000000099999999957 0.99999999299999997593 0.00000000099999999957 0.00000000099999999957 0.00000000099999999957 
0.00000000099999999991 0.00000000099999999991 0.00000000099999999991 0.00000000099999999991 0.00000000099999999991 0.99999999300000008695 0.00000000099999999991 0.00000000099999999991 
0.00000000099999999986 0.00000000099999999986 0.00000000099999999986 0.00000000099999999986 0.99999999300000008695 0.00000000099999999986 0.00000000099999999986 0.00000000099999999986 
0.00000000099999999963 0.00000000099999999963 0.00000000099999999963 0.00000000099999999963 0.99999999299999997593 0.00000000099999999963 0.00000000099999999963 0.00000000099999999963 
0.00000000099999999982 0.00000000099999999982 0.99999999300000008695 0.00000000099999999982 0.00000000099999999982 0.00000000099999999982 0.00000000099999999982 0.00000000099999999982 
0.99999999300000008695 0.00000000099999999991 0.00000000099999999991 0.00000000099999999991 0.00000000099999999991 0.00000000099999999991 0.00000000099999999991 0.00000000099999999991 
0.39538456359618090463 0.11412727128017952083 0.09370598491686298048 0.00000000099999999998 0.00000000099999999998 0.38919010691048333550 0.00759207029629314738 0.00000000099999999998 
0.00000000099999999967 0.00000000099999999967 0.00000000099999999967 0.00000000099999999967 0.99999999300000008695 0.00000000099999999967 0.00000000099999999967 0.00000000099999999967 
0.00000000099999999993 0.00000000099999999993 0.00000000099999999993 0.00000000099999999993 0.00000000099999999993 0.00000000099999999993 0.99999999299999986491 0.00000000099999999993 
0.00000000099999999994 0.00000000099999999994 0.00000000099999999994 0.01175401507387167747 0.00000000099999999994 0.00000000099999999994 0.98824597892612819905 0.00000000099999999994 
0.00000000099999999962 0.00000000099999999962 0.00000000099999999962 0.00000000099999999962 0.99999999299999997593 0.00000000099999999962 0.00000000099999999962 0.00000000099999999962 
0.29067332027041581366 0.29217303816431955399 0.00000000099999999998 0.00000000099999999998 0.00000000099999999998 0.41414955789271723496 0.00000124722285632738 0.00300283344969121645 
0.40234341286541458471 0.00000000099999999999 0.00000000099999999999 0.00000000099999999999 0.00000000099999999999 0.56351511497484652047 0.03398302964291696759 0.00015843851682194042 
0.00000000099999999964 0.00000000099999999964 0.00000000099999999964 0.00000000099999999964 0.99999999299999997593 0.00000000099999999964 0.00000000099999999964 0.00000000099999999964 
0.15260694034619565196 0.43526913132682976126 0.11719200811144211971 0.00996889512788881431 0.00000000099999999998 0.28496302208764362485 0.00000000099999999998 0.00000000099999999998 
0.00000000099999999992 0.00000000099999999992 0.00000000099999999992 0.00000000099999999992 0.00000000099999999992 0.00000000099999999992 0.99999999299999997593 0.00000000099999999992 
0.00000000099999999905 0.00000000099999999905 0.00000000099999999905 0.99999999299999997593 0.00000000099999999905 0.00000000099999999905 0.00000000099999999905 0.00000000099999999905 
0.00000000099999999997 0.99999999300000008695 0.00000000099999999997 0.00000000099999999997 0.00000000099999999997 0.00000000099999999997 0.00000000099999999997 0.00000000099999999997 
0.06150554056414733739 0.56946383971409053615 0.11319554077752178034 0.01137469409083690340 0.00000000099999999999 0.21268554819980556303 0.01865886506270538273 0.01311597059089245412 
0.20467864804221208574 0.58790818514531595351 0.00000003703511113210 0.00000000099999999998 0.00000000099999999998 0.19710095270516217458 0.00000000099999999998 0.01031217407219877334 
0.99999999300000008695 0.00000000099999999994 0.00000000099999999994 0.00000000099999999994 0.00000000099999999994 0.00000000099999999994 0.00000000099999999994 0.00000000099999999994 
0.00000000099999999997 0.88671411747480155530 0.11328587652519857276 0.00000000099999999997 0.00000000099999999997 0.00000000099999999997 0.00000000099999999997 0.00000000099999999997 
0.34417421889251526013 0.39296269742558304072 0.10069306385410331517 0.01639087557036202417 0.00000000099999999999 0.14577914125743646201 0.00000000099999999999 0.00000000099999999999 
0.22717532660398498390 0.44285443466943619217 0.11646908977468825586 0.01453218995598009981 0.00000000099999999999 0.19161322494450694354 0.00000000099999999999 0.00735573205140373134 
0.28613557686385676648 0.42883946682990298216 0.00000000099999999997 0.09690476978543038911 0.00000000099999999997 0.18812018252080986436 0.00000000099999999997 0.00000000099999999997 
0.00000000099999999995 0.00000000099999999995 0.00000000099999999995 0.00000000099999999995 0.00000000099999999995 0.00000000099999999995 0.99999999299999997593 0.00000000099999999995 
0.47656453676627363869 0.00000000099999999998 0.00000000099999999998 0.02246959870626203531 0.00000000099999999998 0.50096585952746419679 0.00000000099999999998 0.00000000099999999998 
0.35027265940508256481 0.55075037690613604102 0.07107873619083794614 0.02479633310924189010 0.00000000099999999999 0.00310189138870164798 0.00000000099999999999 0.00000000099999999999 
0.30292364129646098814 0.49212856776127916758 0.05878073448510941906 0.01271889513546416162 0.00000000099999999999 0.08901065976182845341 0.04443749955985794309 0.00000000099999999999 
0.26795956537992471347 0.58452604234361105195 0.02426382528622179902 0.00000000099999999998 0.00000000099999999998 0.11488992427389511930 0.00836063971634719814 0.00000000099999999998 
0.24221023903432861712 0.48593479293682051434 0.00000000100000000000 0.00250010627775976157 0.00000000100000000000 0.23685448424467184236 0.03248791152829174494 0.00001246397812749694 
0.00000000099999999994 0.99999999300000008695 0.00000000099999999994 0.00000000099999999994 0.00000000099999999994 0.00000000099999999994 0.00000000099999999994 0.00000000099999999994 
0.40794265550810837606 0.30780759746209224170 0.07102897084799612848 0.03150927057324324349 0.00000000099999999999 0.18171150260856014369 0.00000000099999999999 0.00000000099999999999 
0.00000000099999999996 0.03334983418943257560 0.00000000099999999996 0.00000000099999999996 0.00000000099999999996 0.00000000099999999996 0.96665015981056745531 0.00000000099999999996 
0.00000000099999999998 0.70472976695004629910 0.00000000099999999998 0.06876967191413950464 0.00000000099999999998 0.22650055613581437930 0.00000000099999999998 0.00000000099999999998 
0.36111290087370967461 0.28110868715730980005 0.11182765627037054290 0.00185891652663474792 0.00000000099999999999 0.23793068180540913326 0.00000000099999999999 0.00616115536656614872 
0.30115988827428802344 0.35279142866417562141 0.00012078430455485535 0.01964967432505023218 0.00205090210318433375 0.32067049318957335791 0.00355682813917351879 0.00000000100000000000 
0.00000000099999999997 0.00000000099999999997 0.00000000099999999997 0.00000000099999999997 0.00000000099999999997 0.00000000099999999997 0.99999999299999997593 0.00000000099999999997 
0.26712204855046350893 0.37186349936452967047 0.00000000100000000000 0.00000000100000000000 0.01791623898880638499 0.32076620867146088401 0.02233200142473970931 0.00000000100000000000 
0.41777324317910541351 0.46328647942311346197 0.11827470753880471588 0.00000000099999999999 0.00000000099999999999 0.00018124705718839442 0.00048431980178788525 0.00000000099999999999 
0.25430199192105928940 0.17798286192786472171 0.06689083094362012483 0.04322129540663454533 0.00000000099999999999 0.00000000099999999999 0.45760301600907349329 0.00000000179174791330 
