0.00000000099999999999 0.10695108711652059896 0.00000000099999999999 0.00000000099999999999 0.15794928265946228674 0.00000000099999999999 0.32944772494988616707 0.36678562606933995394 0.01450324229467432960 0.02436303291011672131 
0.00000000099999999992 0.00000000099999999992 0.00000000099999999992 0.00000000099999999992 0.00000000099999999992 0.99999999100000003249 0.00000000099999999992 0.00000000099999999992 0.00000000099999999992 0.00000000099999999992 
0.00000000099999999989 0.00000000099999999989 0.00000000099999999989 0.00000000099999999989 0.00000000099999999989 0.94641351195728418144 0.00000000099999999989 0.00000000099999999989 0.00000000099999999989 0.05358648004271592685 
0.00000000099999999998 0.13074660207344751539 0.00000000099999999998 0.00000000099999999998 0.39383221649086380678 0.04105708757048584512 0.11402919989068570350 0.32033488897451717348 0.00000000099999999998 0.00000000099999999998 
0.00000000099999999998 0.17026141386029769453 0.07970382812997378608 0.00000000099999999998 0.12214595460469519772 0.00000000099999999998 0.19128780348575380454 0.41705444990633178115 0.00000000099999999998 0.01954654601294784216 
0.00000000099999999998 0.16572488507994206919 0.03706394168567057196 0.00000000099999999998 0.27739349057818196709 0.02138194634944417388 0.16277207205651453292 0.32718750787398082069 0.00185664014272335365 0.00661951423354237897 
0.00000000099999999990 0.00000000099999999990 0.00000000099999999990 0.00000000099999999990 0.00000000099999999990 0.94002578844693707172 0.00000000099999999990 0.00000000099999999990 0.00000000099999999990 0.05997420355306296025 
0.00000000099999999988 0.00000000099999999988 0.00000000099999999988 0.00000000099999999988 0.00000000099999999988 0.99999999100000003249 0.00000000099999999988 0.00000000099999999988 0.00000000099999999988 0.00000000099999999988 
0.00000000099999999996 0.00000000099999999996 0.00000000099999999996 0.00000000099999999996 0.33047061271178596042 0.00000000099999999996 0.00000000099999999996 0.66112551004209618721 0.00840387024611780921 0.00000000099999999996 
0.00000000099999999992 0.00000000099999999992 0.00000000099999999992 0.00000000099999999992 0.00000000099999999992 0.99999999100000014352 0.00000000099999999992 0.00000000099999999992 0.00000000099999999992 0.00000000099999999992 
0.00000000099999999998 0.00000000099999999998 0.06648233871756920044 0.00000000099999999998 0.36355937263217413813 0.00000000099999999998 0.56995828165025674839 0.00000000099999999998 0.00000000099999999998 0.00000000099999999998 
0.00000000099999999991 0.00000000099999999991 0.00000000099999999991 0.00000000099999999991 0.00000000099999999991 0.00000000099999999991 0.99999999099999992147 0.00000000099999999991 0.00000000099999999991 0.00000000099999999991 
0.00000000099999999999 0.29781551596412136895 0.06107858463391496046 0.00000000099999999999 0.36388388492269779784 0.00000000099999999999 0.00000111318495058873 0.26529629755866201979 0.00000000099999999999 0.01192459973565326153 
0.00000000099999999997 0.00000000099999999997 0.00000000099999999997 0.00000000099999999997 0.38689350112661397008 0.00000000099999999997 0.58386512781069699329 0.00000000099999999997 0.00000000099999999997 0.02924136406268913052 
0.00000000099999999990 0.00000000099999999990 0.00000000099999999990 0.00000000099999999990 0.00000000099999999990 0.00000000099999999990 0.99999999100000003249 0.00000000099999999990 0.00000000099999999990 0.00000000099999999990 
0.00000000099999999998 0.10906165481674003070 0.07215040399689888473 0.00000000099999999998 0.18992968289359732359 0.03907423735935758313 0.20429405687156454441 0.32264994522228152007 0.01956080718448799730 0.04327920965507205120 
0.00000000099999999988 0.00000000099999999988 0.00000000099999999988 0.00000000099999999988 0.00000000099999999988 0.00000000099999999988 0.99999999100000003249 0.00000000099999999988 0.00000000099999999988 0.00000000099999999988 
0.00000000099999999995 0.00000000099999999995 0.00000000099999999995 0.00000000099999999995 0.00000000099999999995 0.00000000099999999995 0.00000000099999999995 0.95384569151381604080 0.00000000099999999995 0.04615430048618384545 
0.00000000099999999999 0.12631962085530556994 0.00000000099999999999 0.00000000099999999999 0.26926483058825440020 0.00000000099999999999 0.09100122943830619981 0.48609613719662064790 0.00001050252408904225 0.02730767539742412139 
0.00000000099999999994 0.00000000099999999994 0.00000000099999999994 0.00000000099999999994 0.00000000099999999994 0.00000000099999999994 0.29670071285626414825 0.69888418687462405821 0.00000000099999999994 0.00441509326911194641 
0.00000000099999999994 0.99999999100000025454 0.00000000099999999994 0.00000000099999999994 0.00000000099999999994 0.00000000099999999994 0.00000000099999999994 0.00000000099999999994 0.00000000099999999994 0.00000000099999999994 
0.00000000099999999991 0.00000000099999999991 0.00000000099999999991 0.00000000099999999991 0.00000000099999999991 0.93381686132949748291 0.00000000099999999991 0.00000000099999999991 0.00000000099999999991 0.06618313067050253518 
0.00000000099999999996 0.00000000099999999996 0.00000000099999999996 0.00000000099999999996 0.43041720423595863920 0.00310166845518579978 0.56648112030885555690 0.00000000099999999996 0.00000000099999999996 0.00000000099999999996 
0.00000000099999999940 0.00000000099999999940 0.99999999100000014352 0.00000000099999999940 0.00000000099999999940 0.00000000099999999940 0.00000000099999999940 0.00000000099999999940 0.00000000099999999940 0.00000000099999999940 
0.00000000099999999996 0.21464716516189710771 0.00000000099999999996 0.00000000099999999996 0.00000000286598535936 0.01098709393483871324 0.27164295761817786046 0.46265784175839225201 0.00000000099999999996 0.04006493466070866483 
0.00000000099999999998 0.28201784175920258102 0.01436372774356920769 0.00000000099999999998 0.18791064144709818118 0.00000000099999999998 0.25271127011675781349 0.25372666271618832257 0.00000000099999999998 0.00926985221718378861 
0.00000000099999999962 0.00000000099999999962 0.00000000099999999962 0.00000000099999999962 0.00000000099999999962 0.00000000099999999962 0.00000000099999999962 0.00000000099999999962 0.99999999099999992147 0.00000000099999999962 
0.00000000099999999958 0.00000000099999999958 0.00000000099999999958 0.00000000099999999958 0.00000000099999999958 0.00000000099999999958 0.00000000099999999958 0.00000000099999999958 0.99999999099999992147 0.00000000099999999958 
0.00000000099999999998 0.36704757538643389969 0.00043291788117753681 0.00000000099999999998 0.34057336009956162837 0.00000000099999999998 0.00000003694703407729 0.24032835015894241093 0.00000000099999999998 0.05161775552685038404 
0.00000000099999999986 0.00000000099999999986 0.00000000099999999986 0.00000000099999999986 0.99999999100000014352 0.00000000099999999986 0.00000000099999999986 0.00000000099999999986 0.00000000099999999986 0.00000000099999999986 
0.00000000099999999995 0.26057033773425464229 0.05241839886402794441 0.00000000099999999995 0.00000000718726483051 0.00000000099999999995 0.22562508084193139135 0.39542594925992025079 0.00000000099999999995 0.06596022211260088586 
0.00000000099999999981 0.00000000099999999981 0.21907918874606885362 0.00000000099999999981 0.00000000099999999981 0.78092080325393131712 0.00000000099999999981 0.00000000099999999981 0.00000000099999999981 0.00000000099999999981 
0.00000000099999999964 0.00000000099999999964 0.63941580751471938093 0.00000000099999999964 0.00000000099999999964 0.00000000099999999964 0.00000000099999999964 0.00000000099999999964 0.36058418448528062328 0.00000000099999999964 
0.00000000099999999997 0.24824053402150206282 0.00000000099999999997 0.00000000099999999997 0.20010204877121814948 0.00000000099999999997 0.30014861865198250168 0.25150879255529740020 0.00000000099999999997 0.00000000099999999997 
0.99999999100000025454 0.00000000099999999943 0.00000000099999999943 0.00000000099999999943 0.00000000099999999943 0.00000000099999999943 0.00000000099999999943 0.00000000099999999943 0.00000000099999999943 0.00000000099999999943 
0.00000000099999999942 0.00000000099999999942 0.00000000099999999942 0.99999999100000003249 0.00000000099999999942 0.00000000099999999942 0.00000000099999999942 0.00000000099999999942 0.00000000099999999942 0.00000000099999999942 
0.00000000099999999943 0.00000000099999999943 0.00000000099999999943 0.99999999100000014352 0.00000000099999999943 0.00000000099999999943 0.00000000099999999943 0.00000000099999999943 0.00000000099999999943 0.00000000099999999943 
0.00000000099999999963 0.00000000099999999963 0.00000000099999999963 0.00000000099999999963 0.00000000099999999963 0.00000000099999999963 0.00000000099999999963 0.00000000099999999963 0.99999999099999992147 0.00000000099999999963 
0.00000000099999999957 0.00000000099999999957 0.00000000099999999957 0.00000000099999999957 0.00000000099999999957 0.00000000099999999957 0.00000000099999999957 0.00000000099999999957 0.99999999099999992147 0.00000000099999999957 
0.00000000099999999989 0.99999999100000025454 0.00000000099999999989 0.00000000099999999989 0.00000000099999999989 0.00000000099999999989 0.00000000099999999989 0.00000000099999999989 0.00000000099999999989 0.00000000099999999989 
0.00000000099999999994 0.00000000099999999994 0.00000000099999999994 0.00000000099999999994 0.00000000099999999994 0.99999999100000014352 0.00000000099999999994 0.00000000099999999994 0.00000000099999999994 0.00000000099999999994 
0.00000000099999999960 0.00000000099999999960 0.00000000099999999960 0.00000000099999999960 0.00000000099999999960 0.00000000099999999960 0.00000000099999999960 0.00000000099999999960 0.99999999099999992147 0.00000000099999999960 
0.00000000099999999998 0.25951273069015001749 0.06426543202250638298 0.00000000099999999998 0.00000000099999999998 0.00757820678632593371 0.33051467904656356422 0.33534502484350742213 0.00278392261094669025 0.00000000099999999998 
0.00000000099999999990 0.00000000099999999990 0.00000000099999999990 0.00000000099999999990 0.00000000099999999990 0.99999999100000014352 0.00000000099999999990 0.00000000099999999990 0.00000000099999999990 0.00000000099999999990 
0.00000000099999999965 0.00000000099999999965 0.00000000099999999965 0.00000000099999999965 0.00000000099999999965 0.00000000099999999965 0.00000000099999999965 0.00000000099999999965 0.99999999099999992147 0.00000000099999999965 
0.00000000099999999997 0.12504306253348715372 0.02556220454701540329 0.00000000099999999997 0.21849695995751516886 0.00699328442859218670 0.26657346124959713229 0.35325174299561534763 0.00407928128817752322 0.00000000099999999997 
0.00000000099999999960 0.00000000099999999960 0.00000000099999999960 0.00000000099999999960 0.00000000099999999960 0.00000000099999999960 0.00000000099999999960 0.00000000099999999960 0.99999999100000003249 0.00000000099999999960 
0.00000000099999999991 0.00000000099999999991 0.00000000099999999991 0.00000000099999999991 0.00000000099999999991 0.96754963417838091289 0.00000000099999999991 0.00000000099999999991 0.00000000099999999991 0.03245035782161926480 
0.00000000099999999988 0.00000000099999999988 0.00000000099999999988 0.00000000099999999988 0.00000000099999999988 0.99999999100000014352 0.00000000099999999988 0.00000000099999999988 0.00000000099999999988 0.00000000099999999988 
0.00000000099999999954 0.00000000099999999954 0.00000000099999999954 0.00000000099999999954 0.00000000099999999954 0.00000000099999999954 0.00000000099999999954 0.00000000099999999954 0.99999999099999992147 0.00000000099999999954 
0.00000000099999999958 0.00000000099999999958 0.00000000099999999958 0.00000000099999999958 0.00000000099999999958 0.00000000099999999958 0.00000000099999999958 0.00000000099999999958 0.99999999099999992147 0.00000000099999999958 
0.00000000099999999993 0.00000000099999999993 0.00000000099999999993 0.00000000099999999993 0.00000000099999999993 0.99999999100000014352 0.00000000099999999993 0.00000000099999999993 0.00000000099999999993 0.00000000099999999993 
0.00000000099999999993 0.00000000099999999993 0.00000000099999999993 0.00000000099999999993 0.00000000099999999993 0.99999999100000003249 0.00000000099999999993 0.00000000099999999993 0.00000000099999999993 0.00000000099999999993 
0.00000000099999999994 0.00616527436989271552 0.00000000099999999994 0.00000000099999999994 0.00000000099999999994 0.99383471763010744482 0.00000000099999999994 0.00000000099999999994 0.00000000099999999994 0.00000000099999999994 
0.00000000099999999966 0.00000000099999999966 0.00000000099999999966 0.00000000099999999966 0.00000000099999999966 0.00000000099999999966 0.00000000099999999966 0.00000000099999999966 0.99999999100000003249 0.00000000099999999966 
0.00000000099999999998 0.00000000099999999998 0.01335432958926340702 0.00000000099999999998 0.48683405905587368023 0.03375164093722722580 0.19921496291283083413 0.25860517313412784146 0.00823983037067696142 0.00000000099999999998 
0.00000000099999999994 0.00000000099999999994 0.00000000099999999994 0.00000000099999999994 0.00000000099999999994 0.00000000099999999994 0.00000000099999999994 0.99983609326418254604 0.00016389873581730834 0.00000000099999999994 
0.00000000099999999996 0.36066522433022069061 0.00000000099999999996 0.00000000099999999996 0.28255810627665500778 0.00092878330128799778 0.30553521712435688373 0.00000020329576845345 0.00000000099999999996 0.05031246167171095351 
0.00000000099999999988 0.00000000099999999988 0.00000000099999999988 0.00000000099999999988 0.99999999100000003249 0.00000000099999999988 0.00000000099999999988 0.00000000099999999988 0.00000000099999999988 0.00000000099999999988 
0.00000000099999999991 0.00000000099999999991 0.00000000099999999991 0.00000000099999999991 0.00000000099999999991 0.99999999100000003249 0.00000000099999999991 0.00000000099999999991 0.00000000099999999991 0.00000000099999999991 
0.00000000099999999994 0.00000000099999999994 0.00000000099999999994 0.00000000099999999994 0.00000000099999999994 0.00000000099999999994 0.00000000099999999994 0.99999999100000003249 0.00000000099999999994 0.00000000099999999994 
0.00000000099999999949 0.00000000099999999949 0.00000000099999999949 0.99999999100000014352 0.00000000099999999949 0.00000000099999999949 0.00000000099999999949 0.00000000099999999949 0.00000000099999999949 0.00000000099999999949 
0.00000000099999999994 0.00000000099999999994 0.00000000099999999994 0.00000000099999999994 0.30286933388357323294 0.00000000099999999994 0.00000000099999999994 0.69713065811642671576 0.00000000099999999994 0.00000000099999999994 
0.99999999100000025454 0.00000000099999999942 0.00000000099999999942 0.00000000099999999942 0.00000000099999999942 0.00000000099999999942 0.00000000099999999942 0.00000000099999999942 0.00000000099999999942 0.00000000099999999942 
0.00000000099999999997 0.00000000099999999997 0.11073035252306095977 0.00000000099999999997 0.06531924831350523208 0.00000000293631624142 0.20485283558588585073 0.58586121404227664566 0.00000000099999999997 0.03323634259895499182 
0.99999999100000014352 0.00000000099999999940 0.00000000099999999940 0.00000000099999999940 0.00000000099999999940 0.00000000099999999940 0.00000000099999999940 0.00000000099999999940 0.00000000099999999940 0.00000000099999999940 
0.00000000099999999995 0.36577630418631479348 0.00000000099999999995 0.00000000099999999995 0.00000000099999999995 0.00000000099999999995 0.00000000099999999995 0.55738770604101384176 0.00000000099999999995 0.07683598277267128518 
0.00000000099999999996 0.00000000099999999996 0.07922157492530876310 0.00000000099999999996 0.00000000099999999996 0.00000000099999999996 0.00000000099999999996 0.92077841707469121335 0.00000000099999999996 0.00000000099999999996 
0.00000000099999999990 0.00000000099999999990 0.00000000099999999990 0.00000000099999999990 0.00000000099999999990 0.99999999100000014352 0.00000000099999999990 0.00000000099999999990 0.00000000099999999990 0.00000000099999999990 
0.00000000099999999984 0.00000000099999999984 0.00000000099999999984 0.00000000099999999984 0.99999999100000014352 0.00000000099999999984 0.00000000099999999984 0.00000000099999999984 0.00000000099999999984 0.00000000099999999984 
0.49066881680977264546 0.00000000099999999956 0.00000000099999999956 0.50933117519022730324 0.00000000099999999956 0.00000000099999999956 0.00000000099999999956 0.00000000099999999956 0.00000000099999999956 0.00000000099999999956 
0.99999999100000014352 0.00000000099999999945 0.00000000099999999945 0.00000000099999999945 0.00000000099999999945 0.00000000099999999945 0.00000000099999999945 0.00000000099999999945 0.00000000099999999945 0.00000000099999999945 
0.00000000099999999998 0.23928201490141157159 0.00000000099999999998 0.00000000099999999998 0.00000000099999999998 0.07355393113476471623 0.44407187749850901559 0.24105422324942790691 0.00203794821588665310 0.00000000099999999998 
0.00000000099999999990 0.00000000099999999990 0.00000000099999999990 0.00000000099999999990 0.00000000099999999990 0.99999999100000014352 0.00000000099999999990 0.00000000099999999990 0.00000000099999999990 0.00000000099999999990 
0.00000000099999999966 0.00000000099999999966 0.00000000099999999966 0.00000000099999999966 0.00000000099999999966 0.00000000099999999966 0.00000000099999999966 0.00000000099999999966 0.99999999100000003249 0.00000000099999999966 
0.00000000099999999992 0.00000000099999999992 0.00000000099999999992 0.00000000099999999992 0.00000000099999999992 0.99999999100000014352 0.00000000099999999992 0.00000000099999999992 0.00000000099999999992 0.00000000099999999992 
0.00000000099999999998 0.38092017439245851040 0.02981613853390035346 0.00000000099999999998 0.26155399343325913541 0.01978010742814245715 0.00000000099999999998 0.26574928444170214936 0.00000000099999999998 0.04218029777053731305 
0.00000000099999999947 0.00000000099999999947 0.00000000099999999947 0.99999999100000003249 0.00000000099999999947 0.00000000099999999947 0.00000000099999999947 0.00000000099999999947 0.00000000099999999947 0.00000000099999999947 
0.00000000099999999952 0.00000000099999999952 0.00000000099999999952 0.00000000099999999952 0.00000000099999999952 0.00000000099999999952 0.00000000099999999952 0.00000000099999999952 0.99999999099999992147 0.00000000099999999952 
0.00000000099999999954 0.00000000099999999954 0.00000000099999999954 0.99999999100000003249 0.00000000099999999954 0.00000000099999999954 0.00000000099999999954 0.00000000099999999954 0.00000000099999999954 0.00000000099999999954 
0.00000000099999999999 0.45768363434344894181 0.00000000099999999999 0.00000000099999999999 0.00000000099999999999 0.00000000099999999999 0.28428866052998963410 0.24305398346519282993 0.01497371566136838916 0.00000000099999999999 
0.00000000099999999987 0.00000000099999999987 0.00000000099999999987 0.00000000099999999987 0.00000000099999999987 0.99999999100000003249 0.00000000099999999987 0.00000000099999999987 0.00000000099999999987 0.00000000099999999987 
0.00000000099999999991 0.00000000099999999991 0.00000000099999999991 0.00000000099999999991 0.00000000099999999991 0.99999999100000003249 0.00000000099999999991 0.00000000099999999991 0.00000000099999999991 0.00000000099999999991 
0.00000000099999999995 0.69410663992549770374 0.09149289975025161337 0.00000000099999999995 0.00000000621250443781 0.21440044811174641115 0.00000000099999999995 0.00000000099999999995 0.00000000099999999995 0.00000000099999999995 
0.00000000099999999999 0.00000795061240378614 0.07620677874824186016 0.00000000099999999999 0.00000000099999999999 0.00000000099999999999 0.29713096035632646785 0.60937042852639766721 0.01728387675663003650 0.00000000099999999999 
0.00000000099999999988 0.00000000099999999988 0.00000000099999999988 0.00000000099999999988 0.00000000099999999988 0.00000000099999999988 0.99999999100000003249 0.00000000099999999988 0.00000000099999999988 0.00000000099999999988 
0.00000000099999999997 0.36098357002481085143 0.03535134654476537047 0.00000000099999999997 0.18895152175227203362 0.00500277532801828191 0.28207390963964551478 0.10993750045791490788 0.00000000099999999997 0.01769937325257310914 
0.00000000099999999998 0.29978652514305942356 0.05793746497545015917 0.00000000099999999998 0.40957982844612572659 0.00000000099999999998 0.00000000099999999998 0.23269617543536477711 0.00000000099999999998 0.00000000099999999998 
0.00000000099999999995 0.00000000099999999995 0.00000000099999999995 0.00000000099999999995 0.37007397841486372458 0.00000000099999999995 0.33187522064027114022 0.29805079394486516664 0.00000000099999999995 0.00000000099999999995 
0.00000000099999999996 0.39814076829382388789 0.04872831231945912167 0.00000000099999999996 0.00531093882913148251 0.00000000099999999996 0.18653140631050604825 0.36128856924707936082 0.00000000099999999996 0.00000000099999999996 
0.00000000099999999998 0.25672098699451562087 0.00000000099999999998 0.00000000099999999998 0.20231362753144271904 0.00382011077160962715 0.31259723804950484416 0.22431654396677952468 0.00023148868614748379 0.00000000099999999998 
0.00000000099999999998 0.19439403818210646002 0.00611504880714383494 0.00000000099999999998 0.20517322032392409925 0.03560479146705589765 0.19946157833365343870 0.35925131888611633313 0.00000000099999999998 0.00000000099999999998 
0.00000000099999999992 0.00000000099999999992 0.00000000099999999992 0.00000000099999999992 0.00000000099999999992 0.99999999100000003249 0.00000000099999999992 0.00000000099999999992 0.00000000099999999992 0.00000000099999999992 
0.00000000099999999996 0.00000000099999999996 0.00000000099999999996 0.00000000099999999996 0.00000000099999999996 0.98217978014102069739 0.01782021185897933110 0.00000000099999999996 0.00000000099999999996 0.00000000099999999996 
0.00000000099999999966 0.00000000099999999966 0.00000000099999999966 0.99999999100000014352 0.00000000099999999966 0.00000000099999999966 0.00000000099999999966 0.00000000099999999966 0.00000000099999999966 0.00000000099999999966 
0.00000000099999999994 0.00000000099999999994 0.00000000099999999994 0.00000000099999999994 0.00000000099999999994 0.99999999100000003249 0.00000000099999999994 0.00000000099999999994 0.00000000099999999994 0.00000000099999999994 
0.00000000099999999996 0.01251211758646329948 0.00000000099999999996 0.00000000099999999996 0.00000000099999999996 0.98748786915963171484 0.00000000625390503145 0.00000000099999999996 0.00000000099999999996 0.00000000099999999996 
0.00000000099999999997 0.55455499663535379185 0.00000000099999999997 0.00000000099999999997 0.43303684486840327006 0.00298494133748101543 0.00000000099999999997 0.00000000099999999997 0.00289136639593519070 0.00653184576282673460 
0.61406928936851246092 0.00000000099999999945 0.00000000099999999945 0.38593070263148765431 0.00000000099999999945 0.00000000099999999945 0.00000000099999999945 0.00000000099999999945 0.00000000099999999945 0.00000000099999999945 
0.00000000099999999999 0.38894461407714614465 0.00000000099999999999 0.00000000099999999999 0.23570140757388088892 0.00000000099999999999 0.21139438653177458627 0.16007045092506030914 0.00388913589213790408 0.00000000099999999999 
0.00000000099999999996 0.51291625485586855859 0.00000000099999999996 0.00000000099999999996 0.00000000099999999996 0.00000000099999999996 0.00000000099999999996 0.48408379807641838122 0.00000000099999999996 0.00299994006771321653 
0.00000000099999999999 0.22307185865726597562 0.08176911227500063828 0.00000000099999999999 0.16756292710702080928 0.00000000099999999999 0.22349258185108086816 0.30143669896500452365 0.00266681714462719188 0.00000000099999999999 
0.00000000099999999998 0.12263107911849635556 0.00092148880152058215 0.00000000099999999998 0.00000000099999999998 0.01075088160045784523 0.25547470106471742435 0.59748653785734584520 0.00000000099999999998 0.01273530755746187307 
0.00000000099999999988 0.99999999100000025454 0.00000000099999999988 0.00000000099999999988 0.00000000099999999988 0.00000000099999999988 0.00000000099999999988 0.00000000099999999988 0.00000000099999999988 0.00000000099999999988 
0.00000000099999999999 0.28303118932607984615 0.06256997733102222237 0.00000000099999999999 0.15327874612386876985 0.02733110127527040370 0.18029496509747833244 0.29349401684628045883 0.00000000099999999999 0.00000000099999999999 
0.00000000099999999998 0.02601374083358016717 0.04695981296404840716 0.00000000099999999998 0.14058162426477949225 0.00000000099999999998 0.38595514255346841104 0.40048967438412358399 0.00000000099999999998 0.00000000099999999998 
0.00000000099999999998 0.00000000099999999998 0.05274965847353169784 0.00000000099999999998 0.23839841925311405779 0.00000000099999999998 0.27722050723371921555 0.39387783652153152136 0.00000000099999999998 0.03775357351810349621 
0.00000000099999999996 0.00000000099999999996 0.00000000099999999996 0.00000000099999999996 0.00000000099999999996 0.00000000099999999996 0.00000000099999999996 0.99315660678702166742 0.00684338521297835848 0.00000000099999999996 
0.00000000099999999993 0.00000000099999999993 0.00000000099999999993 0.00000000099999999993 0.00000000099999999993 0.00000000099999999993 0.00000000099999999993 0.99999999100000003249 0.00000000099999999993 0.00000000099999999993 
0.00000000099999999993 0.00000000099999999993 0.00000000099999999993 0.00000000099999999993 0.00000000099999999993 0.00000000099999999993 0.27035995214522556829 0.72964003985477443592 0.00000000099999999993 0.00000000099999999993 
0.00000000099999999999 0.12857178736243815576 0.04149755364747680780 0.00000000099999999999 0.00000000099999999999 0.01147754639453562459 0.25148061225588397294 0.53139479888185625622 0.01505723799429486455 0.02052046046351437697 
0.00000000099999999987 0.00000000099999999987 0.00000000099999999987 0.00000000099999999987 0.99999999100000014352 0.00000000099999999987 0.00000000099999999987 0.00000000099999999987 0.00000000099999999987 0.00000000099999999987 
0.00000000099999999999 0.31340270548596077527 0.05042853626402428457 0.00000000099999999999 0.12430060563022080067 0.00000000119680062518 0.16786258509493753865 0.33822081401236786524 0.00000000099999999999 0.00578474931568822084 
0.00000000099999999997 0.37806057942587534271 0.02119597694569334487 0.00000000099999999997 0.22785711160282934307 0.00000000099999999997 0.00000000099999999997 0.37288632602560195517 0.00000000099999999997 0.00000000099999999997 
0.00000000099999999996 0.28861272628191331213 0.10559853181926237564 0.00000000099999999996 0.00000000099999999996 0.00768759389881033383 0.10942763510776455649 0.48867350789224955898 0.00000000099999999996 0.00000000099999999996 
0.00000000099999999999 0.26878543057418552431 0.02206757818774059132 0.00000000099999999999 0.07797582233934871598 0.00000000099999999999 0.29818065576251789883 0.30998741714859406882 0.00000000099999999999 0.02300309198761328264 
0.00000000099999999990 0.00000000099999999990 0.00000000099999999990 0.00000000099999999990 0.99999999100000014352 0.00000000099999999990 0.00000000099999999990 0.00000000099999999990 0.00000000099999999990 0.00000000099999999990 
0.00000000099999999997 0.35010288467378686272 0.05161002465473386869 0.00000000099999999997 0.41688445793525785721 0.00000000099999999997 0.17145465457024436362 0.00000000099999999997 0.00000000099999999997 0.00994797316597696019 
0.00000000099999999997 0.33825834535066501285 0.00000000099999999997 0.00000000099999999997 0.00354570752202956708 0.01428778796669477255 0.30258114906343247519 0.33986908722464070909 0.00000000099999999997 0.00145791887253745363 
0.00000000100000000000 0.23853975217397366260 0.07387973517622692388 0.07053492737825718673 0.00000000100000000000 0.00000077797132011072 0.35556540116670565244 0.26147940213351644756 0.00000000100000000000 0.00000000100000000000 
0.00000000099999999996 0.36710193702694227103 0.00000171387688715419 0.00000000099999999996 0.22976883268522266257 0.00000000099999999996 0.39993369819347357463 0.00000000099999999996 0.00000000099999999996 0.00319381321747428401 
0.00000000099999999989 0.99999999100000014352 0.00000000099999999989 0.00000000099999999989 0.00000000099999999989 0.00000000099999999989 0.00000000099999999989 0.00000000099999999989 0.00000000099999999989 0.00000000099999999989 
0.00000000099999999988 0.00000000099999999988 0.00000000099999999988 0.00000000099999999988 0.00000000099999999988 0.00000000099999999988 0.99999999099999992147 0.00000000099999999988 0.00000000099999999988 0.00000000099999999988 
0.00000000099999999990 0.00000000099999999990 0.00000000099999999990 0.00000000099999999990 0.00000000099999999990 0.00000000099999999990 0.99999999100000003249 0.00000000099999999990 0.00000000099999999990 0.00000000099999999990 
0.00000000099999999997 0.23984380078472522513 0.00299035722984076439 0.00000000099999999997 0.30413607038868933907 0.00956961662823338846 0.19368844787781136496 0.24977170309069987586 0.00000000099999999997 0.00000000099999999997 
0.00000000099999999997 0.41588134152453187786 0.11742920483272226151 0.00000000099999999997 0.46668800702375806688 0.00000000099999999997 0.00000144061898797156 0.00000000099999999997 0.00000000099999999997 0.00000000099999999997 
0.00000000099999999998 0.33421453471682166514 0.03042433562458536286 0.00000000099999999998 0.17564432941467983396 0.00741419730442703737 0.00275954922753467733 0.43781606474282042107 0.00406604404929551601 0.00766094291983547820 
0.00000000099999999991 0.00000000099999999991 0.00000000099999999991 0.00000000099999999991 0.00000000099999999991 0.00000000099999999991 0.00000000099999999991 0.99999999099999992147 0.00000000099999999991 0.00000000099999999991 
0.00000000099999999996 0.25487261616698625444 0.00000000099999999996 0.00000000099999999996 0.24899759503373383729 0.03293724874507205497 0.10628270960164450110 0.35690982545256327851 0.00000000099999999996 0.00000000099999999996 
0.00000000099999999991 0.00000000099999999991 0.00000000099999999991 0.00000000099999999991 0.00000000099999999991 0.99999999100000003249 0.00000000099999999991 0.00000000099999999991 0.00000000099999999991 0.00000000099999999991 
0.00000000099999999996 0.00000000099999999996 0.00000000099999999996 0.00000000099999999996 0.00000000099999999996 0.98061043959844795825 0.01938955240155219167 0.00000000099999999996 0.00000000099999999996 0.00000000099999999996 
0.61468733729164359847 0.00000000099999999960 0.00000000099999999960 0.38531265470835662779 0.00000000099999999960 0.00000000099999999960 0.00000000099999999960 0.00000000099999999960 0.00000000099999999960 0.00000000099999999960 
0.00000000099999999953 0.00000000099999999953 0.00000000099999999953 0.00000000099999999953 0.00000000099999999953 0.00000000099999999953 0.00000000099999999953 0.00000000099999999953 0.99999999099999992147 0.00000000099999999953 
0.00000000099999999997 0.00000000099999999997 0.00000000099999999997 0.00000000099999999997 0.00000000099999999997 0.87849952653396401470 0.00000000099999999997 0.00000000099999999997 0.00000000099999999997 0.12150046546603612829 
0.00000000099999999989 0.99999999100000025454 0.00000000099999999989 0.00000000099999999989 0.00000000099999999989 0.00000000099999999989 0.00000000099999999989 0.00000000099999999989 0.00000000099999999989 0.00000000099999999989 
0.00000000099999999993 0.00000000099999999993 0.00000000099999999993 0.00000000099999999993 0.00000000099999999993 0.00000000099999999993 0.00000000099999999993 0.99999999100000003249 0.00000000099999999993 0.00000000099999999993 
0.00000000099999999992 0.00000000099999999992 0.00000000099999999992 0.00000000099999999992 0.00000000099999999992 0.93051603114277792184 0.00000000099999999992 0.00000000099999999992 0.00000000099999999992 0.06948396085722216564 
0.00000000099999999998 0.25043572247749107396 0.00001070714643597717 0.00000000099999999998 0.30183314797677962549 0.01231220514352462936 0.16972157850500288467 0.26568663475076575997 0.00000000099999999998 0.00000000099999999998 
0.00000000099999999996 0.25709104382786412968 0.00000000099999999996 0.00000000099999999996 0.15431541145015922889 0.00000000099999999996 0.17007542215097992688 0.39321034982272523584 0.00729664323205294219 0.01801112551621836602 
0.00000000099999999997 0.16682845215231145719 0.02586620317435589858 0.00000000099999999997 0.33370551021319350138 0.00000000099999999997 0.23279476440739912957 0.21029643912701714847 0.00000000099999999997 0.03050862692572280446 
0.99999999100000025454 0.00000000099999999941 0.00000000099999999941 0.00000000099999999941 0.00000000099999999941 0.00000000099999999941 0.00000000099999999941 0.00000000099999999941 0.00000000099999999941 0.00000000099999999941 
0.34037415545475907530 0.00000000099999999956 0.00000000099999999956 0.65962583654524109544 0.00000000099999999956 0.00000000099999999956 0.00000000099999999956 0.00000000099999999956 0.00000000099999999956 0.00000000099999999956 
0.99999999100000014352 0.00000000099999999935 0.00000000099999999935 0.00000000099999999935 0.00000000099999999935 0.00000000099999999935 0.00000000099999999935 0.00000000099999999935 0.00000000099999999935 0.00000000099999999935 
0.00000000099999999943 0.00000000099999999943 0.00000000099999999943 0.99999999100000003249 0.00000000099999999943 0.00000000099999999943 0.00000000099999999943 0.00000000099999999943 0.00000000099999999943 0.00000000099999999943 
0.00000000099999999944 0.00000000099999999944 0.00000000099999999944 0.99999999100000014352 0.00000000099999999944 0.00000000099999999944 0.00000000099999999944 0.00000000099999999944 0.00000000099999999944 0.00000000099999999944 
0.00000000099999999995 0.00000000099999999995 0.00000000099999999995 0.00000000099999999995 0.00000000099999999995 0.97928013452840390052 0.00000000099999999995 0.00000000099999999995 0.00000000099999999995 0.02071985747159613492 
0.00000000099999999999 0.35793373456719779213 0.03522555106836507827 0.00000000099999999999 0.21740152408361823611 0.00000000099999999999 0.20368190456307119773 0.17628424507354142903 0.00947247983351618555 0.00000055781069015628 
0.00000000099999999946 0.00000000099999999946 0.00000000099999999946 0.99999999100000014352 0.00000000099999999946 0.00000000099999999946 0.00000000099999999946 0.00000000099999999946 0.00000000099999999946 0.00000000099999999946 
0.00000000099999999951 0.00000000099999999951 0.00000000099999999951 0.99999999100000003249 0.00000000099999999951 0.00000000099999999951 0.00000000099999999951 0.00000000099999999951 0.00000000099999999951 0.00000000099999999951 
0.00000000099999999952 0.00000000099999999952 0.00000000099999999952 0.00000000099999999952 0.00000000099999999952 0.00000000099999999952 0.00000000099999999952 0.00000000099999999952 0.99999999100000003249 0.00000000099999999952 
0.00000000099999999952 0.00000000099999999952 0.00000000099999999952 0.00000000099999999952 0.00000000099999999952 0.00000000099999999952 0.00000000099999999952 0.00000000099999999952 0.99999999099999992147 0.00000000099999999952 
0.00000000099999999986 0.00000000099999999986 0.00000000099999999986 0.00000000099999999986 0.99999999100000003249 0.00000000099999999986 0.00000000099999999986 0.00000000099999999986 0.00000000099999999986 0.00000000099999999986 
0.00000000099999999947 0.00000000099999999947 0.00000000099999999947 0.99999999100000003249 0.00000000099999999947 0.00000000099999999947 0.00000000099999999947 0.00000000099999999947 0.00000000099999999947 0.00000000099999999947 
0.00000000099999999990 0.99999999100000014352 0.00000000099999999990 0.00000000099999999990 0.00000000099999999990 0.00000000099999999990 0.00000000099999999990 0.00000000099999999990 0.00000000099999999990 0.00000000099999999990 
0.00000000099999999997 0.00000000099999999997 0.00000004226164761361 0.00000000099999999997 0.28707730453211127708 0.00000000099999999997 0.32026383297878269207 0.36302610770661414286 0.00000000099999999997 0.02963270752084406351 
0.00000000099999999997 0.00000000099999999997 0.04495626461212459679 0.00000000099999999997 0.00000000099999999997 0.95504125439225984184 0.00000240194167581804 0.00000000099999999997 0.00000000099999999997 0.00000007305393988902 
0.00000000099999999996 0.35828382928385338335 0.00000000099999999996 0.00000000099999999996 0.00000000099999999996 0.00000001559880987048 0.16417485140067425431 0.46277597723714497535 0.00000000099999999996 0.01476532147951756073 
0.00000000099999999988 0.00000000099999999988 0.00000000099999999988 0.00000000099999999988 0.00000000099999999988 0.99999999100000014352 0.00000000099999999988 0.00000000099999999988 0.00000000099999999988 0.00000000099999999988 
0.00000000099999999997 0.34703793402798577272 0.06548860026574822302 0.00000000099999999997 0.14035265679846906095 0.00000000099999999997 0.27751760863898194964 0.13302796619506271347 0.00000000099999999997 0.03657523007375223373 
0.00000000099999999990 0.00000000099999999990 0.00000000099999999990 0.00000000099999999990 0.00000000099999999990 0.99999999100000014352 0.00000000099999999990 0.00000000099999999990 0.00000000099999999990 0.00000000099999999990 
0.00000000099999999992 0.99999999100000014352 0.00000000099999999992 0.00000000099999999992 0.00000000099999999992 0.00000000099999999992 0.00000000099999999992 0.00000000099999999992 0.00000000099999999992 0.00000000099999999992 
0.00000000099999999994 0.00000000099999999994 0.00000000099999999994 0.00000000099999999994 0.00000000099999999994 0.00000000099999999994 0.00000000099999999994 0.99999999099999992147 0.00000000099999999994 0.00000000099999999994 
0.00000000099999999951 0.00000000099999999951 0.00000000099999999951 0.99999999100000014352 0.00000000099999999951 0.00000000099999999951 0.00000000099999999951 0.00000000099999999951 0.00000000099999999951 0.00000000099999999951 
0.00000000099999999991 0.00000000099999999991 0.00000000099999999991 0.00000000099999999991 0.00000000099999999991 0.99999999100000003249 0.00000000099999999991 0.00000000099999999991 0.00000000099999999991 0.00000000099999999991 
0.00000000099999999945 0.00000000099999999945 0.00000000099999999945 0.99999999100000014352 0.00000000099999999945 0.00000000099999999945 0.00000000099999999945 0.00000000099999999945 0.00000000099999999945 0.00000000099999999945 
0.00000000099999999942 0.00000000099999999942 0.00000000099999999942 0.99999999100000003249 0.00000000099999999942 0.00000000099999999942 0.00000000099999999942 0.00000000099999999942 0.00000000099999999942 0.00000000099999999942 
0.00000000099999999988 0.00000000099999999988 0.00000000099999999988 0.00000000099999999988 0.00000000099999999988 0.00000000099999999988 0.99999999100000003249 0.00000000099999999988 0.00000000099999999988 0.00000000099999999988 
0.00000000099999999989 0.99999999100000014352 0.00000000099999999989 0.00000000099999999989 0.00000000099999999989 0.00000000099999999989 0.00000000099999999989 0.00000000099999999989 0.00000000099999999989 0.00000000099999999989 
0.00000000099999999990 0.00000000099999999990 0.00000000099999999990 0.00000000099999999990 0.00000000099999999990 0.00000000099999999990 0.00000000099999999990 0.99999999100000003249 0.00000000099999999990 0.00000000099999999990 
0.00000000099999999995 0.00058079288911205710 0.03425887115966810142 0.00000000099999999995 0.62240510870386545061 0.00000000099999999995 0.00000000099999999995 0.34275522124735435803 0.00000000099999999995 0.00000000099999999995 
0.00000000099999999971 0.00000000099999999971 0.99999999100000003249 0.00000000099999999971 0.00000000099999999971 0.00000000099999999971 0.00000000099999999971 0.00000000099999999971 0.00000000099999999971 0.00000000099999999971 
0.00000000099999999996 0.53548986970591549994 0.06797792244033697140 0.00000000099999999996 0.36426074948578957002 0.00000000099999999996 0.00000000099999999996 0.00000000099999999996 0.00000000099999999996 0.03227145236795812833 
0.00000000099999999992 0.00000000099999999992 0.00000000099999999992 0.00000000099999999992 0.00000000099999999992 0.00000000099999999992 0.00000000099999999992 0.99999999099999992147 0.00000000099999999992 0.00000000099999999992 
