0.68806474953588514509 0.00036114990847307488 0.00113243655936466191 0.02316105232328918503 0.28728061167298785117 
0.00000000099999999996 0.00000000099999999996 0.99999999600000000211 0.00000000099999999996 0.00000000099999999996 
0.00000000099999999996 0.00000000099999999996 0.99999999599999989108 0.00000000099999999996 0.00000000099999999996 
0.65976874120893913567 0.00000000099999999999 0.03610071607781653591 0.00221146077410479128 0.30191908093913949473 
0.67353794118414345160 0.00000000100000000000 0.00000000100000000000 0.00996531638492163287 0.31649674043093500853 
0.77873807620325929957 0.00000000099999999999 0.02647923132209935651 0.00383192729730947191 0.19095076417733194973 
0.00000000099999999997 0.00000000099999999997 0.99999999599999989108 0.00000000099999999997 0.00000000099999999997 
0.00000000099999999995 0.00000000099999999995 0.99999999599999989108 0.00000000099999999995 0.00000000099999999995 
0.63112734917612844932 0.00000000099999999999 0.00180736199275868033 0.01509870488993879378 0.35196658294117411092 
0.00000000099999999996 0.00000000099999999996 0.99999999599999989108 0.00000000099999999996 0.00000000099999999996 
0.45150646892586387970 0.00000000099999999999 0.00876603907613726467 0.00360822800116392681 0.53611926299683487773 
0.73586092199048447338 0.00000000099999999999 0.01617049506415401891 0.00814867657909690464 0.23981990536626474064 
0.54596083802979733512 0.00000000100000000000 0.00000000100000000000 0.00000098958756612999 0.45403817038263666328 
0.61184718381272507060 0.00000000099999999999 0.00295143476815518981 0.01567974293363897861 0.36952163748548083611 
0.61994977251790639450 0.00476684422174205192 0.00000000100000000000 0.01800797182578859484 0.35727541043456290115 
0.60716548331315733922 0.00000000099999999999 0.05580881361570554783 0.02998303001381788513 0.30704267205731916590 
0.74346029879265496110 0.00000000099999999999 0.00000153462035006591 0.00000000099999999999 0.25653816458699491010 
0.52567229796250469764 0.00000000099999999999 0.00000000099999999999 0.00000009637152636750 0.47432760366596904422 
0.78138864158935850135 0.00546071051335611166 0.00000000100000000000 0.00976304243427616146 0.20338760446300929718 
0.69897329989484513479 0.00000000099999999998 0.00000000099999999998 0.00481611955179154626 0.29621057855336335729 
0.56707978916857015861 0.00000000099999999999 0.00000000099999999999 0.00000000099999999999 0.43292020783142992624 
0.00000000099999999997 0.00000000099999999997 0.99999999600000000211 0.00000000099999999997 0.00000000099999999997 
0.52618747389283215821 0.00000000099999999999 0.02304237973684034393 0.00000000099999999999 0.45077014437032769667 
0.99531953763793301615 0.00000000099999999997 0.00468045936206708865 0.00000000099999999997 0.00000000099999999997 
0.44564878462861035047 0.00000000099999999998 0.02536171802723646493 0.00000000099999999998 0.52898949534415318219 
0.66905820661011217165 0.00000000099999999999 0.00000000099999999999 0.00294157889015619727 0.32800021249973160264 
0.00000000099999999983 0.00000000099999999983 0.00000000099999999983 0.99999999599999989108 0.00000000099999999983 
0.00000000099999999980 0.00000000099999999980 0.00000000099999999980 0.99999999600000000211 0.00000000099999999980 
0.00000000099999999995 0.00000000099999999995 0.00000000099999999995 0.00000000099999999995 0.99999999599999989108 
0.70754889182693081473 0.00000000099999999999 0.00000000099999999999 0.01033642084498156109 0.28211468532808769982 
0.00000000099999999994 0.00000000099999999994 0.00000000099999999994 0.00000000099999999994 0.99999999599999989108 
0.00000000099999999997 0.00000000099999999997 0.99999999600000000211 0.00000000099999999997 0.00000000099999999997 
0.41292709350902512266 0.00000000099999999996 0.22733356744476659883 0.35973933704620814078 0.00000000099999999996 
0.62392429459229081790 0.00000000099999999999 0.00000000099999999999 0.00000000099999999999 0.37607570240770932246 
0.00000000099999999980 0.99999999600000011313 0.00000000099999999980 0.00000000099999999980 0.00000000099999999980 
0.00000000099999999975 0.99999999600000000211 0.00000000099999999975 0.00000000099999999975 0.00000000099999999975 
0.00000000099999999975 0.99999999600000000211 0.00000000099999999975 0.00000000099999999975 0.00000000099999999975 
0.00000000099999999984 0.00000000099999999984 0.00000000099999999984 0.99999999600000000211 0.00000000099999999984 
0.00000000099999999982 0.00000000099999999982 0.00000000099999999982 0.99999999599999989108 0.00000000099999999982 
0.48035405722048657440 0.00000000099999999998 0.00000000099999999998 0.00000000099999999998 0.51964593977951334391 
0.00000000099999999998 0.00000000099999999998 0.99999999600000000211 0.00000000099999999998 0.00000000099999999998 
0.00000000099999999982 0.00000000099999999982 0.00000000099999999982 0.99999999600000000211 0.00000000099999999982 
0.62233580181768533013 0.00000000099999999999 0.02088852086486067683 0.00889558408555514782 0.34788009223189886310 
0.00000000099999999995 0.00000000099999999995 0.99999999599999989108 0.00000000099999999995 0.00000000099999999995 
0.00000000099999999985 0.00000000099999999985 0.00000000099999999985 0.99999999599999989108 0.00000000099999999985 
0.68534979379346050443 0.00000000099999999999 0.01356983334082965779 0.00596743080601505951 0.29511294105969487767 
0.00000000099999999983 0.00000000099999999983 0.00000000099999999983 0.99999999599999989108 0.00000000099999999983 
0.00000000099999999996 0.00000000099999999996 0.99999999600000000211 0.00000000099999999996 0.00000000099999999996 
0.00000000099999999994 0.00000000099999999994 0.99999999600000000211 0.00000000099999999994 0.00000000099999999994 
0.00000000099999999980 0.00000000099999999980 0.00000000099999999980 0.99999999600000000211 0.00000000099999999980 
0.00000000099999999982 0.00000000099999999982 0.00000000099999999982 0.99999999599999989108 0.00000000099999999982 
0.00000000099999999996 0.00000000099999999996 0.99999999599999989108 0.00000000099999999996 0.00000000099999999996 
0.00000000099999999996 0.00000000099999999996 0.99999999599999989108 0.00000000099999999996 0.00000000099999999996 
0.00000000099999999997 0.00000000099999999997 0.99999999599999989108 0.00000000099999999997 0.00000000099999999997 
0.00000000099999999985 0.00000000099999999985 0.00000000099999999985 0.99999999600000000211 0.00000000099999999985 
0.65413298208355175056 0.00000000100000000000 0.04259147548749699086 0.01585111842908804025 0.28742442299986320497 
0.00000000099999999995 0.00000000099999999995 0.00000000099999999995 0.00000000099999999995 0.99999999599999989108 
0.80064361278416218415 0.00000000099999999999 0.01888827543188349375 0.00000000099999999999 0.18046810978395447234 
0.55348731192412148339 0.00000000099999999999 0.00713529264466137864 0.00000000133860246271 0.43937739309261469867 
0.00000000099999999996 0.00000000099999999996 0.99999999600000000211 0.00000000099999999996 0.00000000099999999996 
0.54800439171161563490 0.00000000100000000000 0.00000000100000000000 0.00302139977896003983 0.44897420650942421183 
0.00000000099999999979 0.99999999600000011313 0.00000000099999999979 0.00000000099999999979 0.00000000099999999979 
0.65115604449165465084 0.00000000099999999998 0.00755497643695952729 0.00645333581780113859 0.33483564225358458666 
0.00000000099999999979 0.99999999600000011313 0.00000000099999999979 0.00000000099999999979 0.00000000099999999979 
0.70471541610627330687 0.00000000100000000000 0.03706782922484744280 0.00000000100000000000 0.25821675266887933464 
0.00000000099999999980 0.99999999600000000211 0.00000000099999999980 0.00000000099999999980 0.00000000099999999980 
0.67618224193040354919 0.00000000099999999999 0.00569875002750870607 0.00327234603923735445 0.31484666100285046975 
0.99776959169532397631 0.00000000099999999999 0.00000000118609922573 0.00223040511857688310 0.00000000099999999999 
0.00000000099999999994 0.00000000099999999994 0.99999999600000000211 0.00000000099999999994 0.00000000099999999994 
0.99999999600000011313 0.00000000099999999996 0.00000000099999999996 0.00000000099999999996 0.00000000099999999996 
0.00000000099999999980 0.99999999600000011313 0.00000000099999999980 0.00000000099999999980 0.00000000099999999980 
0.00000000099999999982 0.99999999600000000211 0.00000000099999999982 0.00000000099999999982 0.00000000099999999982 
0.51402002849646466487 0.00000000099999999999 0.08053846684024870695 0.01046724372479860242 0.39497425993848794823 
0.00000000099999999995 0.00000000099999999995 0.99999999599999989108 0.00000000099999999995 0.00000000099999999995 
0.00000000099999999985 0.00000000099999999985 0.00000000099999999985 0.99999999599999989108 0.00000000099999999985 
0.00000000099999999995 0.00000000099999999995 0.99999999599999989108 0.00000000099999999995 0.00000000099999999995 
0.75413886719101863587 0.00002429091646599963 0.03628321059568242329 0.00000000100000000000 0.20955363029683313214 
0.00000000099999999978 0.99999999600000000211 0.00000000099999999978 0.00000000099999999978 0.00000000099999999978 
0.00000000099999999979 0.00000000099999999979 0.00000000099999999979 0.99999999599999989108 0.00000000099999999979 
0.00000000099999999982 0.99999999600000011313 0.00000000099999999982 0.00000000099999999982 0.00000000099999999982 
0.49833197155411029788 0.00000000100000000000 0.00000000100000000000 0.01479812978617097395 0.48686989665971858177 
0.00000000099999999994 0.00000000099999999994 0.99999999600000000211 0.00000000099999999994 0.00000000099999999994 
0.00000000099999999995 0.00000000099999999995 0.99999999600000000211 0.00000000099999999995 0.00000000099999999995 
0.57654806168816197243 0.00000000099999999999 0.23064731441489816355 0.00227094669792620232 0.19053367619901370733 
0.51491535218880124525 0.00000000099999999999 0.00111040769536560591 0.02130426841937641327 0.46266997069645665608 
0.00000000099999999993 0.00000000099999999993 0.00000000099999999993 0.00000000099999999993 0.99999999599999989108 
0.72325238419996029648 0.00000000099999999999 0.01915074996847716815 0.00000000099999999999 0.25759686383156260581 
0.58969154962862957436 0.00000000099999999999 0.00000000099999999999 0.00000000099999999999 0.41030844737137034395 
0.52669812814575411863 0.00000000099999999997 0.00000000099999999997 0.00000000099999999997 0.47330186885424602172 
0.54040204251842638428 0.00000000099999999998 0.00542929427495242485 0.00000000099999999998 0.45416866120662124917 
0.53667809335281668748 0.00000000099999999999 0.00557705994662432980 0.00349000216068183662 0.45425484353987716224 
0.54490538631661167290 0.00000000099999999999 0.03556600785375702012 0.00000000099999999999 0.41952860382963130803 
0.00000000099999999996 0.00000000099999999996 0.99999999600000000211 0.00000000099999999996 0.00000000099999999996 
0.00000004269589460939 0.00000000099999999998 0.99999995430410548725 0.00000000099999999998 0.00000000099999999998 
0.00000000099999999988 0.99999999600000011313 0.00000000099999999988 0.00000000099999999988 0.00000000099999999988 
0.00000000099999999997 0.00000000099999999997 0.99999999599999989108 0.00000000099999999997 0.00000000099999999997 
0.00000000099999999998 0.00000000099999999998 0.99999999599999989108 0.00000000099999999998 0.00000000099999999998 
0.68261901988841688915 0.00000000099999999999 0.02024911627340023057 0.00768495190051178556 0.28944691093767116463 
0.00000000099999999975 0.99999999600000000211 0.00000000099999999975 0.00000000099999999975 0.00000000099999999975 
0.51839134391778030064 0.00000000099999999999 0.00000000099999999999 0.00000000324703098521 0.48160865083518872298 
0.52494980694596704573 0.00000000099999999999 0.01416678823389539744 0.00026932465733524389 0.46061407916280239228 
0.99475039972791157172 0.00000000100000000000 0.00000000100000000000 0.00524938320511495957 0.00000021506697340007 
0.60145846054557017268 0.00000000100000000000 0.02141811836859661838 0.00245065365737656910 0.37467276642845676049 
0.99999999600000000211 0.00000000099999999999 0.00000000099999999999 0.00000000099999999999 0.00000000099999999999 
0.46334651773772839167 0.00000000099999999999 0.03497299988177554608 0.00000000099999999999 0.50168048038049595228 
0.99999999600000000211 0.00000000099999999999 0.00000000099999999999 0.00000000099999999999 0.00000000099999999999 
0.57523509019790119989 0.00000000099999999999 0.00543974450257407420 0.00508231051889286405 0.41424285378063180341 
0.96659012790394505110 0.00000000417357536258 0.00277153087398550801 0.03063833604849405812 0.00000000100000000000 
0.00000000099999999995 0.00000000099999999995 0.00000000099999999995 0.00000000099999999995 0.99999999599999989108 
0.68919432685238946057 0.00000000099999999998 0.00000000099999999998 0.00000000099999999998 0.31080567014761045774 
0.64690096410087261081 0.00000050812995221054 0.02236790043458779936 0.02583135187111691017 0.30489927546347045384 
0.67729580359476559970 0.00000000099999999999 0.00000000099999999999 0.01037706701334436231 0.31232712739189000262 
0.99999999600000000211 0.00000000099999999999 0.00000000099999999999 0.00000000099999999999 0.00000000099999999999 
0.99999999600000000211 0.00000000099999999998 0.00000000099999999998 0.00000000099999999998 0.00000000099999999998 
0.59506141281413027500 0.00000000099999999999 0.03103343869112085845 0.00000000099999999999 0.37390514649474904108 
0.65000830721498659148 0.00000000100000000000 0.01150946543238059831 0.00646300114497168083 0.33201922520766097291 
0.66702864838153308469 0.00000000099999999999 0.03629326336236004397 0.00000000099999999999 0.29667808625610697648 
0.79632910918018318114 0.00000000099999999999 0.00223238158255271123 0.00039750603681326847 0.20104100220045101333 
0.69944247660132885525 0.00000000099999999999 0.02393258945257360076 0.00000000099999999999 0.27662493194609766300 
0.68561894962193636882 0.06773769333838793039 0.02711486611542655509 0.00471436405268284547 0.21481412687156617447 
0.99999999600000000211 0.00000000099999999998 0.00000000099999999998 0.00000000099999999998 0.00000000099999999998 
0.98848582356177783215 0.00000000099999999998 0.01151417343822226311 0.00000000099999999998 0.00000000099999999998 
0.76839853756739140422 0.00000000099999999998 0.02251018407684555675 0.00000000099999999998 0.20909127635576302273 
0.55017412043644886577 0.00000000099999999999 0.00000000099999999999 0.01206081986988492491 0.43776505769366624854 
0.57769309452375583458 0.00000000099999999998 0.01079673924300149010 0.00000000099999999998 0.41151016423324271454 
0.79671081199039639476 0.00384437173117511662 0.00073487580716888247 0.00670616349759373467 0.19200377697366580176 
0.60518527550607681409 0.00000000099999999999 0.01114176629190831609 0.00742462185247003397 0.37624833534954482683 
0.99999999600000000211 0.00000000099999999998 0.00000000099999999998 0.00000000099999999998 0.00000000099999999998 
0.51924278407519675049 0.00000000099999999998 0.02730680318569992174 0.00000000099999999998 0.45345041073910336005 
0.00000000099999999995 0.00000000099999999995 0.99999999600000000211 0.00000000099999999995 0.00000000099999999995 
0.00000000099999999998 0.00000000099999999998 0.99999439622430208452 0.00000000099999999998 0.00000560077569785307 
0.00000000099999999983 0.99999999600000011313 0.00000000099999999983 0.00000000099999999983 0.00000000099999999983 
0.00000000099999999980 0.00000000099999999980 0.00000000099999999980 0.99999999599999989108 0.00000000099999999980 
0.00000000100000000000 0.00000000100000000000 0.90753369430497699000 0.03727015880632159744 0.05519614488870124708 
0.69443815571060030223 0.00000000099999999998 0.01384800187292620048 0.00000000099999999998 0.29171384041647357988 
0.60123028161453906382 0.00000000100000000000 0.02613758618096366851 0.00000001644859359497 0.37263211475590374278 
0.00000000099999999999 0.00000000099999999999 0.99571900918946365522 0.00428098781053633162 0.00000000099999999999 
0.71482025269347559959 0.00000000099999999999 0.01451169640855597305 0.00000000099999999999 0.27066804889796841627 
0.73699101490554941307 0.00000000099999999998 0.00000001981347805353 0.01279076163378435084 0.25021820264718808158 
0.63465744865133100205 0.00000000099999999999 0.00000000099999999999 0.00164896388927111381 0.36369358545939800553 
0.00000000099999999978 0.99999999600000000211 0.00000000099999999978 0.00000000099999999978 0.00000000099999999978 
0.00000000099999999980 0.99999999600000011313 0.00000000099999999980 0.00000000099999999980 0.00000000099999999980 
0.00000000099999999975 0.99999999600000011313 0.00000000099999999975 0.00000000099999999975 0.00000000099999999975 
0.00000000099999999976 0.99999999600000000211 0.00000000099999999976 0.00000000099999999976 0.00000000099999999976 
0.00000000099999999976 0.99999999600000011313 0.00000000099999999976 0.00000000099999999976 0.00000000099999999976 
0.00000000099999999998 0.00000000099999999998 0.99999999319961485611 0.00000000099999999998 0.00000000380038501262 
0.71797650827372860860 0.00000000100000000000 0.00000588836276279946 0.01162715762483885334 0.27039044473866974405 
0.00000000099999999977 0.99999999600000011313 0.00000000099999999977 0.00000000099999999977 0.00000000099999999977 
0.00000000099999999980 0.99999999600000011313 0.00000000099999999980 0.00000000099999999980 0.00000000099999999980 
0.00000000099999999979 0.00000000099999999979 0.00000000099999999979 0.99999999600000000211 0.00000000099999999979 
0.00000000099999999979 0.00000000099999999979 0.00000000099999999979 0.99999999600000000211 0.00000000099999999979 
0.61810159826330668409 0.00000000099999999999 0.00000000099999999999 0.00000000099999999999 0.38189839873669328973 
0.00000000099999999978 0.99999999600000000211 0.00000000099999999978 0.00000000099999999978 0.00000000099999999978 
0.69000718820368289741 0.00000000099999999999 0.01252246910865525802 0.00000000099999999999 0.29747034068766198267 
0.77385262829650758309 0.00000000099999999999 0.00000000099999999999 0.00001658616923580970 0.22613078353425677958 
0.00000000099999999998 0.00000000099999999998 0.94675989919790526361 0.00000000099999999998 0.05324009780209466858 
0.58695974666108463591 0.00000000099999999998 0.00807956486177679491 0.00000000099999999998 0.40496068647713862054 
0.00000000099999999994 0.00000000099999999994 0.99999999600000000211 0.00000000099999999994 0.00000000099999999994 
0.76489198501454724877 0.00000000099999999999 0.01802577048143661972 0.00430986099553713926 0.21277238250847888001 
0.00000000099999999995 0.00000000099999999995 0.99999999599999989108 0.00000000099999999995 0.00000000099999999995 
0.98152437691596927660 0.00000000099999999999 0.00000000164869117539 0.01847561943533953394 0.00000000099999999999 
0.64960739683945889489 0.00000000100000000000 0.00000000100000000000 0.01258897241397390239 0.33780362874656716388 
0.00000000099999999980 0.99999999600000011313 0.00000000099999999980 0.00000000099999999980 0.00000000099999999980 
0.00000000099999999996 0.00000000099999999996 0.99999999600000000211 0.00000000099999999996 0.00000000099999999996 
0.00000000099999999977 0.99999999600000011313 0.00000000099999999977 0.00000000099999999977 0.00000000099999999977 
0.00000000099999999976 0.99999999600000000211 0.00000000099999999976 0.00000000099999999976 0.00000000099999999976 
0.99999999600000000211 0.00000000099999999998 0.00000000099999999998 0.00000000099999999998 0.00000000099999999998 
0.51846305172717288556 0.00000000099999999998 0.02486040305873765330 0.00000000099999999998 0.45667654321408951423 
0.99999992353346944807 0.00000000099999999998 0.00000000099999999998 0.00000000099999999998 0.00000007346653072778 
0.99999999600000000211 0.00000000099999999999 0.00000000099999999999 0.00000000099999999999 0.00000000099999999999 
0.72563439457283673839 0.00000000099999999999 0.00464256479680847690 0.01382594866500206320 0.25589709096535273591 
0.72991656989736874994 0.00000000099999999999 0.01542408249143143069 0.00832804413649489671 0.24633130247470494401 
0.00000000099999999993 0.00000000099999999993 0.00000000099999999993 0.00000000099999999993 0.99999999600000000211 
0.00000000099999999997 0.00000000099999999997 0.97866367175464885619 0.00000000099999999997 0.02133632524535124947 
0.70120395495529042051 0.00000000099999999998 0.00000000099999999998 0.00000000099999999998 0.29879604204470966433 
0.00000000099999999977 0.99999999600000011313 0.00000000099999999977 0.00000000099999999977 0.00000000099999999977 
0.54826913766635543279 0.00000000099999999999 0.00000000099999999999 0.00000000099999999999 0.45173085933364470757 
0.00000000099999999992 0.99999999600000000211 0.00000000099999999992 0.00000000099999999992 0.00000000099999999992 
0.00000000099999999980 0.99999999600000011313 0.00000000099999999980 0.00000000099999999980 0.00000000099999999980 
0.61116072132569287945 0.00000000099999999999 0.01967074700732400483 0.00000000099999999999 0.36916852966698315841 
0.99518935778032679984 0.00000000099999999999 0.00000000099999999999 0.00477925079328668512 0.00003138942638654514 
0.98328061033109759315 0.00000000099999999999 0.01671937810189271997 0.00000000099999999999 0.00000000956700976348 
0.00000000099999999982 0.99999999600000000211 0.00000000099999999982 0.00000000099999999982 0.00000000099999999982 
0.00000000099999999995 0.00000000099999999995 0.99999999599999989108 0.00000000099999999995 0.00000000099999999995 
0.00000000099999999995 0.00000000099999999995 0.99999999600000000211 0.00000000099999999995 0.00000000099999999995 
0.00000000099999999979 0.99999999600000011313 0.00000000099999999979 0.00000000099999999979 0.00000000099999999979 
0.99999999173878240111 0.00000000099999999999 0.00000000526121768274 0.00000000099999999999 0.00000000099999999999 
0.55132650254301851511 0.00000000100000000000 0.03911448833322906521 0.01417496843873098170 0.39538403968502155994 
0.00000000099999999980 0.99999999600000011313 0.00000000099999999980 0.00000000099999999980 0.00000000099999999980 
0.70771917773429215970 0.00000000099999999999 0.00352527068150273364 0.00698257972194374962 0.28177297086226127387 
0.00000000099999999994 0.00000000099999999994 0.99999999599999989108 0.00000000099999999994 0.00000000099999999994 
0.00000000099999999999 0.10108757846303599581 0.19764413109050060768 0.10009532861199632592 0.60117296083446714050 
0.56969784014154545293 0.00000000441988628695 0.02171793620872432967 0.00000000100000000000 0.40858421822984419824 
0.63974256851043054262 0.00000000099999999999 0.03104159778244264603 0.01203812088068361395 0.31717771182644322048 
0.69165171384666934706 0.00000000099999999999 0.00000000099999999999 0.01523068324745456559 0.29311760090587607452 
0.99420952555845154563 0.00000000099999999998 0.00000000099999999998 0.00579047144154856610 0.00000000099999999998 
0.00000000099999999994 0.00000000099999999994 0.00000000099999999994 0.00000000099999999994 0.99999999599999989108 
0.54254978583454249730 0.00000000099999999999 0.00045504909282227294 0.00000000099999999999 0.45699516307263537973 
0.63135467850800464085 0.00000000099999999999 0.00283048511512230859 0.01222126113878721325 0.35359357423808601695 
0.61160218183013603799 0.00632454121829197254 0.02166921078890510222 0.00376010225319311836 0.35664396390947372684 
0.00000000099999999996 0.00000000099999999996 0.99999999599999989108 0.00000000099999999996 0.00000000099999999996 
0.00000000099999999994 0.00000000099999999994 0.00000000099999999994 0.00000000099999999994 0.99999999600000000211 
0.53370977784681328249 0.00000000099999999999 0.00000000099999999999 0.00000024869670204807 0.46628997145648470868 
0.51181159397258191301 0.00000000099999999999 0.04118514943202492701 0.00000000099999999999 0.44700325459539319572 
0.74608892381566604968 0.00000000099999999998 0.01588251575316578998 0.00000000099999999998 0.23802855843116815793 
0.64793846052534986857 0.00187942754580156511 0.03105688261242982307 0.00189703782633309946 0.31722819149008568695 
0.71726530601066640358 0.00000000099999999999 0.00000000099999999999 0.00000000099999999999 0.28273469098933357024 
0.68125759765619309238 0.00000000100000000000 0.01217039422867383959 0.00000013321640851461 0.30657187389872481154 
0.00000000099999999997 0.00000000099999999997 0.97057001251178753876 0.00000000099999999997 0.02942998448821249058 
0.55357519529881571430 0.00000000099999999999 0.01884207893744169540 0.01578236787576567726 0.41180035688797700377 
0.99367899453219654671 0.00000000099999999999 0.00000000099999999999 0.00632100246780343145 0.00000000099999999999 
0.78168053334465503745 0.01083314208893315297 0.00450886968524166071 0.00000000100000000000 0.20297745388117019449 
0.00000000099999999997 0.00000000099999999997 0.99999999599999989108 0.00000000099999999997 0.00000000099999999997 
0.68888336231782787422 0.01880407207062965297 0.02374589888683092953 0.00000000100000000000 0.26856666572471160626 
0.99486389538262454124 0.00000000099999999999 0.00000000591133364289 0.00513609670604174041 0.00000000099999999999 
0.00000000099999999999 0.00000000099999999999 0.48167890234815802231 0.00000000099999999999 0.51832109465184195152 
0.98769597811072895599 0.00000000099999999997 0.01230401888927108549 0.00000000099999999997 0.00000000099999999997 
0.00000000099999999981 0.99999999600000000211 0.00000000099999999981 0.00000000099999999981 0.00000000099999999981 
0.56360709451302770656 0.00000000099999999999 0.01315510360974116860 0.01588141844963764787 0.40735638242759358851 
0.69574925785506636089 0.00000000099999999999 0.02270424273031245929 0.00394567153084896243 0.27760082688377230031 
