0.00000000099999999999 0.62193522989977023663 0.01111578634193394373 0.00000000099999999999 0.36694897875829596279 0.00000000099999999999 0.00000000099999999999 0.00000000099999999999 
0.00000000099999999994 0.00000000099999999994 0.00000000099999999994 0.99999999300000008695 0.00000000099999999994 0.00000000099999999994 0.00000000099999999994 0.00000000099999999994 
0.00000000099999999994 0.00000000099999999994 0.00000000099999999994 0.99999999299999997593 0.00000000099999999994 0.00000000099999999994 0.00000000099999999994 0.00000000099999999994 
0.12258129350343305308 0.35082417231339330099 0.00000000099999999999 0.02602228961002281404 0.20068201146451361550 0.00000000099999999999 0.29989023010863707919 0.00000000099999999999 
0.28603166193140577844 0.28116901602764776680 0.00543771609442541583 0.00000000099999999999 0.30463107308718739841 0.00000000099999999999 0.12273052985933363690 0.00000000099999999999 
0.11014877833479091995 0.29673786631131693348 0.00148764898584578071 0.02175751392255719299 0.24950253944373734782 0.00000000099999999999 0.20030463541026313767 0.12006101659148882277 
0.00000000099999999995 0.00000000099999999995 0.00000000099999999995 0.99999999300000008695 0.00000000099999999995 0.00000000099999999995 0.00000000099999999995 0.00000000099999999995 
0.00000000099999999992 0.00000000099999999992 0.00000000099999999992 0.99999999299999997593 0.00000000099999999992 0.00000000099999999992 0.00000000099999999992 0.00000000099999999992 
0.18826525810409378003 0.11646746946968729308 0.01365463859766869251 0.00000000099999999999 0.17223240347125634564 0.00000000099999999999 0.21406313610718846752 0.29531709225010543962 
0.00000000099999999994 0.00000000099999999994 0.00000000099999999994 0.99999999299999997593 0.00000000099999999994 0.00000000099999999994 0.00000000099999999994 0.00000000099999999994 
0.00000000099999999992 0.00000000099999999992 0.00000000099999999992 0.00000000099999999992 0.00000000099999999992 0.00000000099999999992 0.00000000099999999992 0.99999999299999997593 
0.20849721992093983580 0.27491609694656538032 0.00001495484601410497 0.00870495655635873319 0.21479340705586627558 0.00000000099999999999 0.00000769544125328031 0.29306566823300250757 
0.17587246732937483751 0.00000000099999999999 0.00000000099999999999 0.00000000099999999999 0.26670782623084615670 0.00000000099999999999 0.21489954606049369024 0.34252015637928523439 
0.18241989374228559373 0.29646238935720858887 0.01136999445535105506 0.00000000151352884214 0.12168937298837548266 0.00000000099999999999 0.08249408185901620227 0.30556426508423412125 
0.00000000099999999991 0.99999999300000019797 0.00000000099999999991 0.00000000099999999991 0.00000000099999999991 0.00000000099999999991 0.00000000099999999991 0.00000000099999999991 
0.18523159926019303056 0.24352008031521382714 0.02717947009844531164 0.05070810204347721284 0.18706148849794176914 0.00000000099999999999 0.11456399165162248210 0.19173526713310645730 
0.32231397938262151825 0.00000000099999999996 0.00000000099999999996 0.00000000099999999996 0.00000000099999999996 0.00000000099999999996 0.00000000099999999996 0.67768601461737831837 
0.00000000099999999992 0.00000000099999999992 0.00000000099999999992 0.00000000099999999992 0.00000000099999999992 0.00000000099999999992 0.00000000099999999992 0.99999999299999997593 
0.19486590695334771173 0.34443285322263306192 0.00226140430285940450 0.00000000100000000000 0.31277130677968806305 0.00000000100000000000 0.14566852574147159949 0.00000000100000000000 
0.00000000099999999997 0.44544030005041962417 0.00000000099999999997 0.00000000099999999997 0.55455969394958037899 0.00000000099999999997 0.00000000099999999997 0.00000000099999999997 
0.00000105599613992779 0.26371530350347255345 0.00000000099999999998 0.00000000099999999998 0.15849851233465567235 0.00000000099999999998 0.23002844216119952558 0.34775668300453227433 
0.00000000099999999997 0.00000000099999999997 0.00000000099999999997 0.99446094906125548363 0.00000000099999999997 0.00000000099999999997 0.00000000099999999997 0.00553904493874447183 
0.00000000099999999991 0.99999999300000019797 0.00000000099999999991 0.00000000099999999991 0.00000000099999999991 0.00000000099999999991 0.00000000099999999991 0.00000000099999999991 
0.99999999300000008695 0.00000000099999999980 0.00000000099999999980 0.00000000099999999980 0.00000000099999999980 0.00000000099999999980 0.00000000099999999980 0.00000000099999999980 
0.00000000099999999997 0.00000000099999999997 0.00000000099999999997 0.01553934903786327940 0.45193802975108388065 0.00000000099999999997 0.13883176503616731501 0.39369085217488558603 
0.00000000099999999997 0.45182380583271208874 0.00000000099999999997 0.00000000099999999997 0.54817618816728774789 0.00000000099999999997 0.00000000099999999997 0.00000000099999999997 
0.00000000099999999969 0.00000000099999999969 0.99999999299999997593 0.00000000099999999969 0.00000000099999999969 0.00000000099999999969 0.00000000099999999969 0.00000000099999999969 
0.00000000099999999964 0.00000000099999999964 0.99999999299999997593 0.00000000099999999964 0.00000000099999999964 0.00000000099999999964 0.00000000099999999964 0.00000000099999999964 
0.00000000099999999993 0.00000000099999999993 0.00000000099999999993 0.00000000099999999993 0.00000000099999999993 0.00000000099999999993 0.00000000099999999993 0.99999999299999997593 
0.99999999300000008695 0.00000000099999999989 0.00000000099999999989 0.00000000099999999989 0.00000000099999999989 0.00000000099999999989 0.00000000099999999989 0.00000000099999999989 
0.00000000099999999990 0.00000000099999999990 0.00000000099999999990 0.00000000099999999990 0.00000000099999999990 0.00000000099999999990 0.99999999299999997593 0.00000000099999999990 
0.07446079635181175604 0.00000000099999999993 0.00000000099999999993 0.92553919764818837201 0.00000000099999999993 0.00000000099999999993 0.00000000099999999993 0.00000000099999999993 
0.47581896281837504636 0.00000000099999999988 0.35544560929395546678 0.16873542288766935071 0.00000000099999999988 0.00000000099999999988 0.00000000099999999988 0.00000000099999999988 
0.00000000099999999997 0.35556211770443352238 0.00000000099999999997 0.00000000099999999997 0.00000000099999999997 0.00000000099999999997 0.00000000099999999997 0.64443787629556636976 
0.00000000099999999963 0.00000000099999999963 0.00000000099999999963 0.00000000099999999963 0.00000000099999999963 0.99999999299999997593 0.00000000099999999963 0.00000000099999999963 
0.00000000099999999954 0.00000000099999999954 0.00000000099999999954 0.00000000099999999954 0.00000000099999999954 0.99999999299999997593 0.00000000099999999954 0.00000000099999999954 
0.00000000099999999955 0.00000000099999999955 0.00000000099999999955 0.00000000099999999955 0.00000000099999999955 0.99999999300000008695 0.00000000099999999955 0.00000000099999999955 
0.00000000099999999970 0.00000000099999999970 0.99999999300000008695 0.00000000099999999970 0.00000000099999999970 0.00000000099999999970 0.00000000099999999970 0.00000000099999999970 
0.00000000099999999966 0.00000000099999999966 0.99999999300000008695 0.00000000099999999966 0.00000000099999999966 0.00000000099999999966 0.00000000099999999966 0.00000000099999999966 
0.00000000099999999998 0.08469972918606147316 0.00000000099999999998 0.00000000099999999998 0.33113824230549215866 0.00000000099999999998 0.22358631762358840978 0.36057570688485779398 
0.00000000099999999997 0.00000000099999999997 0.00000000099999999997 0.99999999299999997593 0.00000000099999999997 0.00000000099999999997 0.00000000099999999997 0.00000000099999999997 
0.00000000099999999968 0.00000000099999999968 0.99999999299999997593 0.00000000099999999968 0.00000000099999999968 0.00000000099999999968 0.00000000099999999968 0.00000000099999999968 
0.24520331547066770428 0.41853249834932021445 0.00000000099999999999 0.01319359218407791315 0.00000000099999999999 0.00000000099999999999 0.32260891111043904500 0.00046167988549498029 
0.00000000099999999994 0.00000000099999999994 0.00000000099999999994 0.99999999300000008695 0.00000000099999999994 0.00000000099999999994 0.00000000099999999994 0.00000000099999999994 
0.00000000099999999971 0.00000000099999999971 0.99999999299999997593 0.00000000099999999971 0.00000000099999999971 0.00000000099999999971 0.00000000099999999971 0.00000000099999999971 
0.99999999300000019797 0.00000000099999999990 0.00000000099999999990 0.00000000099999999990 0.00000000099999999990 0.00000000099999999990 0.00000000099999999990 0.00000000099999999990 
0.00000000099999999968 0.00000000099999999968 0.99999999300000008695 0.00000000099999999968 0.00000000099999999968 0.00000000099999999968 0.00000000099999999968 0.00000000099999999968 
0.00000000099999999994 0.00000000099999999994 0.00000000099999999994 0.99999999300000008695 0.00000000099999999994 0.00000000099999999994 0.00000000099999999994 0.00000000099999999994 
0.00000000099999999991 0.00000000099999999991 0.00000000099999999991 0.99999999300000008695 0.00000000099999999991 0.00000000099999999991 0.00000000099999999991 0.00000000099999999991 
0.00000000099999999964 0.00000000099999999964 0.99999999300000008695 0.00000000099999999964 0.00000000099999999964 0.00000000099999999964 0.00000000099999999964 0.00000000099999999964 
0.00000000099999999967 0.00000000099999999967 0.99999999300000008695 0.00000000099999999967 0.00000000099999999967 0.00000000099999999967 0.00000000099999999967 0.00000000099999999967 
0.00000000099999999995 0.00000000099999999995 0.00000000099999999995 0.99999999299999997593 0.00000000099999999995 0.00000000099999999995 0.00000000099999999995 0.00000000099999999995 
0.00000000099999999996 0.00000000099999999996 0.00000000099999999996 0.99999999299999997593 0.00000000099999999996 0.00000000099999999996 0.00000000099999999996 0.00000000099999999996 
0.00000000099999999996 0.00000000099999999996 0.00000000099999999996 0.99919293412184873038 0.00000000099999999996 0.00000000099999999996 0.00080705987815140831 0.00000000099999999996 
0.00000000099999999972 0.00000000099999999972 0.99999999299999997593 0.00000000099999999972 0.00000000099999999972 0.00000000099999999972 0.00000000099999999972 0.00000000099999999972 
0.00000006250698132560 0.32980383313813321777 0.01153047213856046513 0.03332640060289352585 0.20907082380363714580 0.00000000099999999999 0.41626811975180139092 0.00000028705799287263 
0.00000000099999999996 0.31365496299282952242 0.00000000099999999996 0.00000000099999999996 0.00000000099999999996 0.00000000099999999996 0.68634503100717025870 0.00000000099999999996 
0.00000000099999999988 0.99999999300000008695 0.00000000099999999988 0.00000000099999999988 0.00000000099999999988 0.00000000099999999988 0.00000000099999999988 0.00000000099999999988 
0.00000000099999999989 0.00000000099999999989 0.00000000099999999989 0.00000000099999999989 0.00000000099999999989 0.00000000099999999989 0.99999999299999997593 0.00000000099999999989 
0.00000000099999999994 0.00000000099999999994 0.00000000099999999994 0.99999999300000008695 0.00000000099999999994 0.00000000099999999994 0.00000000099999999994 0.00000000099999999994 
0.00000000099999999998 0.00000000099999999998 0.00000000099999999998 0.00000000099999999998 0.50380682472604965128 0.00000000099999999998 0.00000000099999999998 0.49619316927395040739 
0.00000000099999999961 0.00000000099999999961 0.00000000099999999961 0.00000000099999999961 0.00000000099999999961 0.99999999300000008695 0.00000000099999999961 0.00000000099999999961 
0.00000000099999999990 0.00000000099999999990 0.00000000099999999990 0.00000000099999999990 0.99999999300000008695 0.00000000099999999990 0.00000000099999999990 0.00000000099999999990 
0.00000000099999999962 0.00000000099999999962 0.00000000099999999962 0.00000000099999999962 0.00000000099999999962 0.99999999299999997593 0.00000000099999999962 0.00000000099999999962 
0.63730037855062748875 0.00000000099999999997 0.00000000099999999997 0.00000000099999999997 0.00000000099999999997 0.00000000099999999997 0.36269961544937256992 0.00000000099999999997 
0.00000000099999999963 0.00000000099999999963 0.00000000099999999963 0.00000000099999999963 0.00000000099999999963 0.99999999299999997593 0.00000000099999999963 0.00000000099999999963 
0.00000000099999999997 0.00000000099999999997 0.00000000099999999997 0.00000000099999999997 0.45680639719604587690 0.00000000099999999997 0.00000000099999999997 0.54319359680395418177 
0.19729407844231716673 0.30885255678889828035 0.00012181454936377101 0.00672575864624117004 0.48700317832695400044 0.00000000099999999999 0.00000000099999999999 0.00000261124622578469 
0.00000000099999999992 0.00000000099999999992 0.00000000099999999992 0.99999999299999997593 0.00000000099999999992 0.00000000099999999992 0.00000000099999999992 0.00000000099999999992 
0.99999999300000008695 0.00000000099999999988 0.00000000099999999988 0.00000000099999999988 0.00000000099999999988 0.00000000099999999988 0.00000000099999999988 0.00000000099999999988 
0.00000000099999999963 0.00000000099999999963 0.00000000099999999963 0.00000000099999999963 0.00000000099999999963 0.99999999299999997593 0.00000000099999999963 0.00000000099999999963 
0.00000000099999999966 0.00000000099999999966 0.00000000099999999966 0.00000000099999999966 0.00000000099999999966 0.99999999299999997593 0.00000000099999999966 0.00000000099999999966 
0.00000000099999999999 0.35202302778146993267 0.00000000099999999999 0.07831584311531798737 0.29487386011191479840 0.00000000099999999999 0.00000000099999999999 0.27478726499129718652 
0.00000000099999999993 0.00000000099999999993 0.00000000099999999993 0.99999999300000008695 0.00000000099999999993 0.00000000099999999993 0.00000000099999999993 0.00000000099999999993 
0.00000000099999999974 0.00000000099999999974 0.99999999300000008695 0.00000000099999999974 0.00000000099999999974 0.00000000099999999974 0.00000000099999999974 0.00000000099999999974 
0.00000000099999999994 0.00000000099999999994 0.00000000099999999994 0.99999999300000008695 0.00000000099999999994 0.00000000099999999994 0.00000000099999999994 0.00000000099999999994 
0.17237133995649353557 0.17071031210177306514 0.00000000100000000000 0.02842871716039188645 0.16082644895123449080 0.00000000100000000000 0.16528764418885924514 0.30237553564124780570 
0.00000000099999999959 0.00000000099999999959 0.00000000099999999959 0.00000000099999999959 0.00000000099999999959 0.99999999299999997593 0.00000000099999999959 0.00000000099999999959 
0.00000000099999999961 0.00000000099999999961 0.99999999299999997593 0.00000000099999999961 0.00000000099999999961 0.00000000099999999961 0.00000000099999999961 0.00000000099999999961 
0.00000000099999999968 0.00000000099999999968 0.00000000099999999968 0.00000000099999999968 0.00000000099999999968 0.99999999299999997593 0.00000000099999999968 0.00000000099999999968 
0.00000000099999999999 0.32796402758950543577 0.01350832275857351099 0.00000000099999999999 0.34512562899082799284 0.00000000099999999999 0.31340201666109290812 0.00000000099999999999 
0.00000000099999999991 0.00000000099999999991 0.00000000099999999991 0.99999999299999997593 0.00000000099999999991 0.00000000099999999991 0.00000000099999999991 0.00000000099999999991 
0.00000000099999999993 0.00000000099999999993 0.00000000099999999993 0.99999999299999997593 0.00000000099999999993 0.00000000099999999993 0.00000000099999999993 0.00000000099999999993 
0.33661401990818712315 0.00000000099999999997 0.00000000099999999997 0.21732924892539121076 0.00000000099999999997 0.00000000099999999997 0.44605672616642161321 0.00000000099999999997 
0.00000000099999999999 0.61398227034921859513 0.00187483611513469383 0.00000000099999999999 0.00000000099999999999 0.00000000099999999999 0.38348900518774742263 0.00065388434789929518 
0.00000000099999999995 0.38485461197963305446 0.00000000099999999995 0.00000000099999999995 0.00000000099999999995 0.00000000099999999995 0.61514538202036672665 0.00000000099999999995 
0.00000484729384820977 0.00000000099999999997 0.00000000099999999997 0.00000000099999999997 0.36911903965643189096 0.00000000099999999997 0.00000000099999999997 0.63087610804971983036 
0.14439037622139189176 0.00000000099999999998 0.00000000099999999998 0.00000000099999999998 0.20157947509066312386 0.00000000099999999998 0.21701616108272628325 0.43701398360521859221 
0.29127478978342752347 0.12400445411278937513 0.00000000099999999997 0.00000000099999999997 0.09085209903493868255 0.00000000099999999997 0.25769897249399759120 0.23616968157484694024 
0.00000000099999999989 0.00000000099999999989 0.00000000099999999989 0.00000000099999999989 0.00000000099999999989 0.00000000099999999989 0.99999999299999986491 0.00000000099999999989 
0.09912767286377204001 0.00000000099999999999 0.00000482157520834202 0.00000000099999999999 0.36410709014011999329 0.00000000099999999999 0.13339918482104198838 0.40336122759985754138 
0.37773800859183381817 0.00000000099999999997 0.00000000099999999997 0.00000144022226066782 0.00000000099999999997 0.00000000099999999997 0.62226054618590531664 0.00000000099999999997 
0.00000000099999999995 0.00000000099999999995 0.00000000099999999995 0.99999999299999997593 0.00000000099999999995 0.00000000099999999995 0.00000000099999999995 0.00000000099999999995 
0.00000000099999999997 0.02003166672100225101 0.00000000099999999997 0.97996832727899785276 0.00000000099999999997 0.00000000099999999997 0.00000000099999999997 0.00000000099999999997 
0.00000000099999999977 0.00000000099999999977 0.00000000099999999977 0.00000000099999999977 0.00000000099999999977 0.99999999299999997593 0.00000000099999999977 0.00000000099999999977 
0.00000000099999999997 0.00000000099999999997 0.00000000099999999997 0.99999999300000008695 0.00000000099999999997 0.00000000099999999997 0.00000000099999999997 0.00000000099999999997 
0.00000000099999999997 0.00336942320890226210 0.00000000099999999997 0.99663057079109784731 0.00000000099999999997 0.00000000099999999997 0.00000000099999999997 0.00000000099999999997 
0.27204643248579185588 0.00000028788044899299 0.00000000099999999999 0.01535702688606136249 0.33945642664269065625 0.00000000099999999999 0.00000001730963271871 0.37313980679537445129 
0.00000000099999999954 0.00000000099999999954 0.00000000099999999954 0.00000000099999999954 0.00000000099999999954 0.99999999299999997593 0.00000000099999999954 0.00000000099999999954 
0.00000617464122894802 0.34062513224632845477 0.00000000099999999998 0.00000000099999999998 0.00000000099999999998 0.00000000099999999998 0.30003125120996426700 0.35933743790247835159 
0.00000000099999999997 0.00000000099999999997 0.00000000099999999997 0.00000000099999999997 0.40388909232060554721 0.00000000099999999997 0.00000000099999999997 0.59611090167939428941 
0.18401899668838958557 0.24241985771547711059 0.00350378600265775168 0.00000000100000000000 0.34130625925941260324 0.00000000100000000000 0.00006523548099920915 0.22868586285306385930 
0.00550316502176677845 0.39054584150662818853 0.00000000099999999999 0.01073818391818084569 0.19882757522325944510 0.00000000099999999999 0.10609015950736117029 0.28829507282280347757 
0.00000000099999999992 0.00000000099999999992 0.00000000099999999992 0.00000000099999999992 0.99999999299999997593 0.00000000099999999992 0.00000000099999999992 0.00000000099999999992 
0.19619059645445577345 0.37798802723890934097 0.00000000099999999998 0.01123614801239200892 0.00000000099999999998 0.00000000099999999998 0.41458522429424282674 0.00000000099999999998 
0.19462072421779136322 0.48377190670847264320 0.00000000099999999998 0.00000000099999999998 0.32160736407373613499 0.00000000099999999998 0.00000000099999999998 0.00000000099999999998 
0.00000000099999999991 0.00000000099999999991 0.00000000099999999991 0.00000000099999999991 0.00000000099999999991 0.00000000099999999991 0.99999999299999986491 0.00000000099999999991 
0.24742230146650029399 0.38819351378306371503 0.02420093108997763490 0.00000000100000000000 0.28747448613330145450 0.00000000100000000000 0.05270876452715692745 0.00000000100000000000 
0.00000000099999999997 0.00000000099999999997 0.00000000099999999997 0.00000000099999999997 0.00000000099999999997 0.00000000099999999997 0.45424882198546728818 0.54575117201453271498 
0.15381768674180337775 0.49373281959576142963 0.00000000099999999997 0.00000000099999999997 0.35244948866243508423 0.00000000099999999997 0.00000000099999999997 0.00000000099999999997 
0.00000000099999999995 0.00000000099999999995 0.00000000099999999995 0.00000000099999999995 0.99999999299999997593 0.00000000099999999995 0.00000000099999999995 0.00000000099999999995 
0.15877695557207555099 0.00000461823647064916 0.00000000099999999998 0.00000000099999999998 0.27114381320896036032 0.00000000099999999998 0.00000000099999999998 0.57007460898249340264 
0.24994804761195954512 0.00000000099999999996 0.00000000099999999996 0.00000000099999999996 0.75005194638804040252 0.00000000099999999996 0.00000000099999999996 0.00000000099999999996 
0.25566740101771562310 0.00000002003851256131 0.00000000099999999998 0.00000000099999999998 0.40681297939128002739 0.00000000099999999998 0.10308526220070865498 0.23443433435178318014 
0.15646082878345826672 0.24648195325852714777 0.00000000099999999998 0.02229040103872087508 0.36976104455720870678 0.00000000099999999998 0.20480211583158638988 0.00020365453049858974 
0.19439736908586288666 0.30433222476534416145 0.00000000099999999999 0.00023672068169594638 0.20553073256514281519 0.00000000099999999999 0.00257898763457174978 0.29292396326738218137 
0.17213467222413703084 0.28529963618067133435 0.00000000099999999999 0.02794640374528856858 0.20688819093733951116 0.00000000099999999999 0.16133247078873624858 0.14639862412382731449 
0.26781580247103647929 0.25125690284692570042 0.00000000099999999999 0.00000000099999999999 0.23785369497500757907 0.00000000099999999999 0.06558851903582710308 0.17748507767120325074 
0.29848270136064464220 0.22348460331987785032 0.00000000099999999998 0.00860073403357617186 0.00000000099999999998 0.00000000099999999998 0.22740545008333118426 0.24202650820257037845 
0.02735343101031809457 0.35011936021942879904 0.00000146820549831028 0.00932534355169114919 0.37784706071417967221 0.06756849934389543011 0.00000133877972775469 0.16778349817526089227 
0.25133240807489642954 0.42495470971005844252 0.00000000099999999997 0.00000000099999999997 0.32371287721504510282 0.00000000099999999997 0.00000000099999999997 0.00000000099999999997 
0.29504362823980051500 0.00000000149060063577 0.00000000099999999997 0.01016916527720442345 0.35050163993571231691 0.00000000099999999997 0.00000000099999999997 0.34428556205668214840 
0.26122701720007651671 0.00000000099999999995 0.00000000099999999995 0.00000000099999999995 0.00000000099999999995 0.00000000099999999995 0.00000000099999999995 0.73877297679992326440 
0.00003628723669959969 0.36965152089379421652 0.00845387210665469319 0.00000000099999999999 0.18534056978036947405 0.00000000099999999999 0.15082684576209232086 0.28569090222038978633 
0.09150597748357661154 0.01342967734199463324 0.00000000099999999998 0.00299258720379060646 0.25305668183117591141 0.00000000099999999998 0.36420377301211148691 0.27481130112735069337 
0.45350846010499773486 0.00000000099999999998 0.00000000099999999998 0.00000000099999999998 0.00000000099999999998 0.00000000099999999998 0.00000000099999999998 0.54649153389500204625 
0.25878102745790182437 0.00000000099999999999 0.00105994595039712869 0.00000368059976954701 0.22531627651084359942 0.00000000099999999999 0.13444037393875857278 0.38039869354232935805 
0.14704599512002122785 0.17820394920907253744 0.00000000099999999998 0.00000000099999999998 0.48040260266603257433 0.00000000099999999998 0.00000000099999999998 0.19434744900487363473 
0.23245199086305001757 0.00000000099999999997 0.00000000099999999997 0.01583094074758953709 0.00000006182684145298 0.00000000099999999997 0.28665554129785819626 0.46506146226466071880 
0.00000000099999999994 0.00000000099999999994 0.00000000099999999994 0.99999999300000008695 0.00000000099999999994 0.00000000099999999994 0.00000000099999999994 0.00000000099999999994 
0.00000000099999999996 0.00000000099999999996 0.00000000099999999996 0.95733286149202045934 0.00000000099999999996 0.00000000099999999996 0.04266713250797957852 0.00000000099999999996 
0.00000000099999999970 0.00000000099999999970 0.00000000099999999970 0.00000000099999999970 0.00000000099999999970 0.99999999299999997593 0.00000000099999999970 0.00000000099999999970 
0.00000000099999999962 0.00000000099999999962 0.99999999299999997593 0.00000000099999999962 0.00000000099999999962 0.00000000099999999962 0.00000000099999999962 0.00000000099999999962 
0.00000000099999999999 0.00000000099999999999 0.03565569298489167788 0.88886516554418526503 0.00000000099999999999 0.00000000099999999999 0.07547913647092324707 0.00000000099999999999 
0.00000000099999999992 0.00000000099999999992 0.00000000099999999992 0.00000000099999999992 0.99999999299999997593 0.00000000099999999992 0.00000000099999999992 0.00000000099999999992 
0.00000000099999999997 0.00000000099999999997 0.00000000099999999997 0.00000000099999999997 0.63712898455113697871 0.00000000099999999997 0.36287100944886291343 0.00000000099999999997 
0.00000172109877554193 0.00000000099999999998 0.00446833616381951421 0.99552993773740494632 0.00000000099999999998 0.00000000099999999998 0.00000000099999999998 0.00000000099999999998 
0.00000000099999999998 0.59549768715837514410 0.00000000099999999998 0.00000000099999999998 0.40450230684162485906 0.00000000099999999998 0.00000000099999999998 0.00000000099999999998 
0.12810645033981490903 0.39914216269220942346 0.00587609519292832307 0.00000000099999999998 0.26913367798328935443 0.00000000099999999998 0.00016570128290481565 0.19757591050885320305 
0.50842230934171050993 0.00000000099999999995 0.00000000099999999995 0.00000000099999999995 0.00000000099999999995 0.00000000099999999995 0.49157768465828949322 0.00000000099999999995 
0.00000000099999999959 0.00000000099999999959 0.00000000099999999959 0.00000000099999999959 0.00000000099999999959 0.99999999299999997593 0.00000000099999999959 0.00000000099999999959 
0.00000000099999999962 0.00000000099999999962 0.00000000099999999962 0.00000000099999999962 0.00000000099999999962 0.99999999300000008695 0.00000000099999999962 0.00000000099999999962 
0.00000000099999999954 0.00000000099999999954 0.00000000099999999954 0.00000000099999999954 0.00000000099999999954 0.99999999300000008695 0.00000000099999999954 0.00000000099999999954 
0.00000000099999999956 0.00000000099999999956 0.00000000099999999956 0.00000000099999999956 0.00000000099999999956 0.99999999300000008695 0.00000000099999999956 0.00000000099999999956 
0.00000000099999999957 0.00000000099999999957 0.00000000099999999957 0.00000000099999999957 0.00000000099999999957 0.99999999299999997593 0.00000000099999999957 0.00000000099999999957 
0.00000000099999999997 0.00000000099999999997 0.00000000099999999997 0.99999999299999997593 0.00000000099999999997 0.00000000099999999997 0.00000000099999999997 0.00000000099999999997 
0.44762857936327282715 0.55237141463672734254 0.00000000099999999997 0.00000000099999999997 0.00000000099999999997 0.00000000099999999997 0.00000000099999999997 0.00000000099999999997 
0.00000000099999999957 0.00000000099999999957 0.00000000099999999957 0.00000000099999999957 0.00000000099999999957 0.99999999300000008695 0.00000000099999999957 0.00000000099999999957 
0.00000000099999999963 0.00000000099999999963 0.00000000099999999963 0.00000000099999999963 0.00000000099999999963 0.99999999299999997593 0.00000000099999999963 0.00000000099999999963 
0.00000000099999999961 0.00000000099999999961 0.99999999299999997593 0.00000000099999999961 0.00000000099999999961 0.00000000099999999961 0.00000000099999999961 0.00000000099999999961 
0.00000000099999999961 0.00000000099999999961 0.99999999299999997593 0.00000000099999999961 0.00000000099999999961 0.00000000099999999961 0.00000000099999999961 0.00000000099999999961 
0.00000000099999999989 0.00000000099999999989 0.00000000099999999989 0.00000000099999999989 0.00000000099999999989 0.00000000099999999989 0.99999999299999986491 0.00000000099999999989 
0.00000000099999999960 0.00000000099999999960 0.00000000099999999960 0.00000000099999999960 0.00000000099999999960 0.99999999299999997593 0.00000000099999999960 0.00000000099999999960 
0.00000000099999999998 0.52477057515713154690 0.00000000099999999998 0.00000000099999999998 0.47522941884286856729 0.00000000099999999998 0.00000000099999999998 0.00000000099999999998 
0.14105182331878829416 0.37619135344752363537 0.00000000099999999998 0.00000000099999999998 0.24617012168171412134 0.00000000099999999998 0.23628659145015085130 0.00030010710182323217 
0.00000000099999999997 0.05596959321945622901 0.00000000099999999997 0.94403040078054389905 0.00000000099999999997 0.00000000099999999997 0.00000000099999999997 0.00000000099999999997 
0.12972732965916985992 0.22563820519296748368 0.00000000099999999998 0.00000000099999999998 0.29419860810893316838 0.00000000099999999998 0.00000000099999999998 0.35043585303892937910 
0.00000000099999999991 0.00000000099999999991 0.00000000099999999991 0.99999999299999997593 0.00000000099999999991 0.00000000099999999991 0.00000000099999999991 0.00000000099999999991 
0.00000000099999999991 0.99999999300000019797 0.00000000099999999991 0.00000000099999999991 0.00000000099999999991 0.00000000099999999991 0.00000000099999999991 0.00000000099999999991 
0.00000000099999999993 0.00000000099999999993 0.00000000099999999993 0.99999999299999997593 0.00000000099999999993 0.00000000099999999993 0.00000000099999999993 0.00000000099999999993 
0.12278946450949396185 0.28502903568042375904 0.01223360305400547285 0.00000000099999999999 0.24036718920034258473 0.00000000099999999999 0.00000000099999999999 0.33958070455573413637 
0.07572044737628305655 0.00000000099999999999 0.00719025575469803800 0.00000000099999999999 0.33221376198037155802 0.00000000099999999999 0.25150761230197377083 0.33336791958667361113 
0.00000000099999999963 0.00000000099999999963 0.00000000099999999963 0.00000000099999999963 0.00000000099999999963 0.99999999300000008695 0.00000000099999999963 0.00000000099999999963 
0.00000000099999999994 0.00000000099999999994 0.00000000099999999994 0.99999999299999997593 0.00000000099999999994 0.00000000099999999994 0.00000000099999999994 0.00000000099999999994 
0.00000000099999999957 0.00000000099999999957 0.00000000099999999957 0.00000000099999999957 0.00000000099999999957 0.99999999300000008695 0.00000000099999999957 0.00000000099999999957 
0.00000000099999999957 0.00000000099999999957 0.00000000099999999957 0.00000000099999999957 0.00000000099999999957 0.99999999300000008695 0.00000000099999999957 0.00000000099999999957 
0.26097424230894961106 0.73902575169105055863 0.00000000099999999996 0.00000000099999999996 0.00000000099999999996 0.00000000099999999996 0.00000000099999999996 0.00000000099999999996 
0.00000000099999999998 0.25721443307793101507 0.00000000099999999998 0.01302194215715024410 0.18466628226627310183 0.00000000099999999998 0.11584224550967056611 0.42925509398897510049 
0.00000000099999999990 0.99999999300000019797 0.00000000099999999990 0.00000000099999999990 0.00000000099999999990 0.00000000099999999990 0.00000000099999999990 0.00000000099999999990 
0.53437184896374012588 0.00000000099999999997 0.00000000099999999997 0.00000000099999999997 0.46562814503625993279 0.00000000099999999997 0.00000000099999999997 0.00000000099999999997 
0.35307347403127997687 0.00000000099999999998 0.00000000099999999998 0.00000000099999999998 0.00000000099999999998 0.00000000099999999998 0.27006869899152768921 0.37685782197719230879 
0.26190340683251794873 0.11137250414064310544 0.00153389159896452827 0.00573126516304801881 0.15110257966098644689 0.00000000099999999998 0.18557239195116395636 0.28278395965267605350 
0.00000000099999999988 0.00000000099999999988 0.00000000099999999988 0.00000000099999999988 0.00000000099999999988 0.00000000099999999988 0.99999999299999997593 0.00000000099999999988 
0.00000000099999999997 0.00000000099999999997 0.00000000099999999997 0.97522303405083599070 0.00006437474616832569 0.00000000099999999997 0.02471258620299568096 0.00000000099999999997 
0.19898474767092821924 0.00000000099999999997 0.00000000099999999997 0.00000000099999999997 0.49462321348216864436 0.00000000099999999997 0.00000001652322190027 0.30639201832368118117 
0.00000000099999999957 0.00000000099999999957 0.00000000099999999957 0.00000000099999999957 0.00000000099999999957 0.99999999299999997593 0.00000000099999999957 0.00000000099999999957 
0.00000000099999999997 0.63375024392273859863 0.00000000099999999997 0.00000000099999999997 0.36624968662293838628 0.00000000099999999997 0.00000000099999999997 0.00000006445432310062 
0.00000000099999999986 0.00000000099999999986 0.00000000099999999986 0.00000000099999999986 0.00000000099999999986 0.99999999299999997593 0.00000000099999999986 0.00000000099999999986 
0.00000000099999999963 0.00000000099999999963 0.00000000099999999963 0.00000000099999999963 0.00000000099999999963 0.99999999300000008695 0.00000000099999999963 0.00000000099999999963 
0.04353910755026664525 0.25996835801212209160 0.00000000099999999998 0.00870486870962862251 0.30786937890300780651 0.00000000099999999998 0.01522227949951970340 0.36469600532545520810 
0.00000000099999999992 0.00000000099999999992 0.00000000099999999992 0.00000000099999999992 0.99999999300000008695 0.00000000099999999992 0.00000000099999999992 0.00000000099999999992 
0.42548563723681370741 0.57451435676318651780 0.00000000099999999996 0.00000000099999999996 0.00000000099999999996 0.00000000099999999996 0.00000000099999999996 0.00000000099999999996 
0.00000000099999999966 0.00000000099999999966 0.00000000099999999966 0.00000000099999999966 0.00000000099999999966 0.99999999300000008695 0.00000000099999999966 0.00000000099999999966 
0.00000000099999999993 0.00000000099999999993 0.00000000099999999993 0.99999999299999997593 0.00000000099999999993 0.00000000099999999993 0.00000000099999999993 0.00000000099999999993 
0.00000000099999999993 0.00000000099999999993 0.00000000099999999993 0.99999999300000008695 0.00000000099999999993 0.00000000099999999993 0.00000000099999999993 0.00000000099999999993 
0.00000000099999999962 0.00000000099999999962 0.00000000099999999962 0.00000000099999999962 0.00000000099999999962 0.99999999299999997593 0.00000000099999999962 0.00000000099999999962 
0.99999999300000008695 0.00000000099999999991 0.00000000099999999991 0.00000000099999999991 0.00000000099999999991 0.00000000099999999991 0.00000000099999999991 0.00000000099999999991 
0.30018837480690058195 0.17701558221767763057 0.00702816539219541705 0.02972803089900442897 0.17208620254965370511 0.00000000100000000000 0.17372876754554539280 0.14022487558902285709 
0.00000000099999999964 0.00000000099999999964 0.00000000099999999964 0.00000000099999999964 0.00000000099999999964 0.99999999300000008695 0.00000000099999999964 0.00000000099999999964 
0.21729534720399823478 0.00000170640165605630 0.00000000099999999998 0.00000000099999999998 0.27598913184185691616 0.00000000099999999998 0.00000000099999999998 0.50671381055248876368 
0.00000000099999999991 0.00000000099999999991 0.00000000099999999991 0.99999999300000008695 0.00000000099999999991 0.00000000099999999991 0.00000000099999999991 0.00000000099999999991 
0.00000000099999999997 0.00000000099999999997 0.10037060217721953392 0.17235954095038075184 0.00000000099999999997 0.09692021783334714424 0.00000000099999999997 0.63034963503905250271 
0.00000000099999999997 0.00000000099999999997 0.00000000099999999997 0.00000000099999999997 0.52224779597955850452 0.00000000099999999997 0.47775219802044138762 0.00000000099999999997 
0.18676333332400130161 0.12324158915463206965 0.00631632726921627086 0.02098198580118971687 0.23309506396176166154 0.00000000099999999999 0.00000000099999999999 0.42960169848919904645 
0.17471273035099485482 0.24299475123177680103 0.01061740433951464425 0.00000000099999999999 0.35440769866136123678 0.00000000099999999999 0.00000000099999999999 0.21726741241635250113 
0.33916567599049296522 0.35173379341378407936 0.00220458347986363578 0.00000000099999999998 0.30689594311585921549 0.00000000099999999998 0.00000000099999999998 0.00000000099999999998 
0.00000000099999999991 0.00000000099999999991 0.00000000099999999991 0.00000000099999999991 0.00000000099999999991 0.00000000099999999991 0.00000000099999999991 0.99999999300000008695 
0.00000000099999999998 0.05384884528690928041 0.00000000099999999998 0.00000000099999999998 0.20937874439472425880 0.00000000099999999998 0.47206432278631038635 0.26470808353205599328 
0.29093479660081800198 0.00000000099999999998 0.00000661425711868049 0.00000000099999999998 0.20892771884451424858 0.00000000099999999998 0.00000000099999999998 0.50013086629754899270 
0.00000000099999999992 0.00000000099999999992 0.00000000099999999992 0.00000000099999999992 0.00000000099999999992 0.00000000099999999992 0.00000000099999999992 0.99999999299999997593 
0.00000000099999999996 0.00000000099999999996 0.00000000099999999996 0.99999999300000008695 0.00000000099999999996 0.00000000099999999996 0.00000000099999999996 0.00000000099999999996 
0.00000000099999999998 0.35445211399259424212 0.00000000099999999998 0.00000000099999999998 0.00000000386380148926 0.00000000099999999998 0.30606800653844645765 0.33947987160515780136 
0.00000000099999999995 0.00000000099999999995 0.00000000099999999995 0.00000000099999999995 0.00000000099999999995 0.00000000099999999995 0.30324228107686423961 0.69675771292313570804 
0.00000000099999999991 0.00000000099999999991 0.00000000099999999991 0.00000000099999999991 0.00000000099999999991 0.00000000099999999991 0.99999999299999997593 0.00000000099999999991 
0.00000000099999999991 0.00000000099999999991 0.00000000099999999991 0.00000000099999999991 0.99999999299999997593 0.00000000099999999991 0.00000000099999999991 0.00000000099999999991 
0.00000000099999999993 0.00000000099999999993 0.00000000099999999993 0.00000000099999999993 0.99999999300000008695 0.00000000099999999993 0.00000000099999999993 0.00000000099999999993 
0.00000000099999999990 0.00000000099999999990 0.00000000099999999990 0.00000000099999999990 0.99999999300000008695 0.00000000099999999990 0.00000000099999999990 0.00000000099999999990 
0.13437773845394104799 0.19362195728087625013 0.00000000099999999999 0.00617929188888329938 0.38789960379132343293 0.00000000099999999999 0.00000002097932036904 0.27792138560565560201 
0.00000000099999999996 0.00000000099999999996 0.00000000099999999996 0.95639542014971390405 0.00000000099999999996 0.00000000099999999996 0.04360457385028608523 0.00000000099999999996 
0.00000000099999999993 0.00000000099999999993 0.00000000099999999993 0.00000000099999999993 0.00000000099999999993 0.00000000099999999993 0.00000000099999999993 0.99999999299999997593 
0.28532150801641120719 0.25287357862098674977 0.00000096545590112635 0.00000000099999999999 0.46180394200867080912 0.00000000099999999999 0.00000000099999999999 0.00000000289803025139 
0.19881764108649366274 0.29688747106218926763 0.00000000100000000000 0.00004316558468183410 0.23261522967090433878 0.00582843236533874421 0.06971891171994885894 0.19608914751044326241 
0.00000000099999999997 0.00000000099999999997 0.00000000099999999997 0.99938805315740075752 0.00000000099999999997 0.00000000099999999997 0.00060383824525242057 0.00000810359734688134 
0.14879481638964822676 0.33501538367728417311 0.00000000100000000000 0.01054381826593386862 0.16724966834099816437 0.01625306720334235636 0.31014479542626965936 0.01199844969652358838 
0.35785140244950036648 0.14486843777686050916 0.00000000099999999999 0.00000000099999999999 0.21901028379195180973 0.00000000099999999999 0.06913517663843021799 0.20913469634325729252 
0.00000000099999999998 0.00000000099999999998 0.00000000099999999998 0.47266752476607620803 0.00000000099999999998 0.00000000099999999998 0.00000000099999999998 0.52733246923392362859 
