0.99999999600000000211 0.00000000099999999998 0.00000000099999999998 0.00000000099999999998 0.00000000099999999998 
0.00000000099999999996 0.99999999600000011313 0.00000000099999999996 0.00000000099999999996 0.00000000099999999996 
0.00000000099999999996 0.99999999600000011313 0.00000000099999999996 0.00000000099999999996 0.00000000099999999996 
0.53382029021119925538 0.03368468366782628731 0.43124826504067598210 0.00000000099999999999 0.00124676008029825499 
0.49739834902520252413 0.00000000100000000000 0.49342897951325581651 0.00000000100000000000 0.00917266946154147479 
0.00000000099999999998 0.00001858988644770374 0.99998140711355221200 0.00000000099999999998 0.00000000099999999998 
0.00000000099999999997 0.99999999600000011313 0.00000000099999999997 0.00000000099999999997 0.00000000099999999997 
0.00000000099999999995 0.99999999600000011313 0.00000000099999999995 0.00000000099999999995 0.00000000099999999995 
0.48761655441352386164 0.00038518960362900179 0.49625854711075617631 0.00000000099999999999 0.01573970787209104730 
0.00000000099999999996 0.99999999600000000211 0.00000000099999999996 0.00000000099999999996 0.00000000099999999996 
0.53289773957743746813 0.01224328065638138029 0.44639533955676352628 0.00000000100000000000 0.00846363920941753042 
0.40734857150731573761 0.01213186443313910880 0.57323607601336967754 0.00000000099999999999 0.00728348704617546878 
0.54084238013964502922 0.00000000821755278286 0.45556570434643944845 0.00000000100000000000 0.00359190629636301807 
0.49974145308451345393 0.00102387756488494597 0.48481034602575251435 0.00000000100000000000 0.01442432232484906936 
0.50431853309441276867 0.00000000100000000000 0.47416436273097717358 0.00497411867770035203 0.01654298449690985023 
0.50756951017522644598 0.05408877604827679042 0.40901248608056084421 0.00000000099999999999 0.02932922669593591644 
0.99999999600000011313 0.00000000099999999996 0.00000000099999999996 0.00000000099999999996 0.00000000099999999996 
0.51114542263586293380 0.00000000099999999999 0.48154449869204879464 0.00535042953038805062 0.00195964814170019761 
0.53391514186985256085 0.00000000100000000000 0.45284327282891723154 0.00730707543474447187 0.00593450886648564258 
0.60182217781937041856 0.00000000099999999998 0.39553606459535006756 0.00000000099999999998 0.00264175558527971008 
0.44868062185097451477 0.00000000099999999999 0.55131937514902540354 0.00000000099999999999 0.00000000099999999999 
0.00000007251047739974 0.99999992448952257362 0.00000000099999999997 0.00000000099999999997 0.00000000099999999997 
0.99999999600000000211 0.00000000099999999996 0.00000000099999999996 0.00000000099999999996 0.00000000099999999996 
0.00000000099999999995 0.00000000099999999995 0.99999999599999989108 0.00000000099999999995 0.00000000099999999995 
0.60635336283903351617 0.02824475570902961266 0.36540187945193686181 0.00000000099999999998 0.00000000099999999998 
0.47615201445166716043 0.00000000099999999999 0.52234721273212847414 0.00000000099999999999 0.00150077081620443608 
0.00000000099999999983 0.00000000099999999983 0.00000000099999999983 0.00000000099999999983 0.99999999599999989108 
0.00000000099999999980 0.00000000099999999980 0.00000000099999999980 0.00000000099999999980 0.99999999599999989108 
0.53702098977158174709 0.00000000100000000000 0.45608944478888852059 0.00000000100000000000 0.00688956343952970215 
0.42843438156850571774 0.00000000099999999999 0.56151637013084609862 0.00000000099999999999 0.01004924630064817602 
0.58897169536055571371 0.01905374096129303085 0.39197456167815131201 0.00000000099999999999 0.00000000099999999999 
0.00000000099999999997 0.99999999600000011313 0.00000000099999999997 0.00000000099999999997 0.00000000099999999997 
0.00000000099999999996 0.21235930148486861779 0.42972464579198083046 0.00000000099999999996 0.35791605072315063607 
0.53089541587511390741 0.00000000099999999998 0.46910458112488617743 0.00000000099999999998 0.00000000099999999998 
0.00000000099999999980 0.00000000099999999980 0.00000000099999999980 0.99999999600000000211 0.00000000099999999980 
0.00000000099999999975 0.00000000099999999975 0.00000000099999999975 0.99999999600000000211 0.00000000099999999975 
0.00000000099999999975 0.00000000099999999975 0.00000000099999999975 0.99999999600000000211 0.00000000099999999975 
0.00000000099999999984 0.00000000099999999984 0.00000000099999999984 0.00000000099999999984 0.99999999599999989108 
0.00000000099999999982 0.00000000099999999982 0.00000000099999999982 0.00000000099999999982 0.99999999599999989108 
0.50125994598384560064 0.00000000099999999999 0.49873052517941823814 0.00000000099999999999 0.00000952683673632973 
0.00000000099999999997 0.99999999600000011313 0.00000000099999999997 0.00000000099999999997 0.00000000099999999997 
0.00000000099999999982 0.00000000099999999982 0.00000000099999999982 0.00000000099999999982 0.99999999599999989108 
0.56521449019465219710 0.01889686265573697552 0.40919497483404865257 0.00000000099999999999 0.00669367131556222739 
0.00000000099999999995 0.99999999600000000211 0.00000000099999999995 0.00000000099999999995 0.00000000099999999995 
0.00000000099999999985 0.00000000099999999985 0.00000000099999999985 0.00000000099999999985 0.99999999599999989108 
0.99999999600000000211 0.00000000099999999998 0.00000000099999999998 0.00000000099999999998 0.00000000099999999998 
0.00000000099999999983 0.00000000099999999983 0.00000000099999999983 0.00000000099999999983 0.99999999600000000211 
0.00000000099999999996 0.99999999600000011313 0.00000000099999999996 0.00000000099999999996 0.00000000099999999996 
0.00000000099999999994 0.99999999600000011313 0.00000000099999999994 0.00000000099999999994 0.00000000099999999994 
0.00000000099999999980 0.00000000099999999980 0.00000000099999999980 0.00000000099999999980 0.99999999600000000211 
0.00000000099999999982 0.00000000099999999982 0.00000000099999999982 0.00000000099999999982 0.99999999599999989108 
0.00000000099999999996 0.99999999600000000211 0.00000000099999999996 0.00000000099999999996 0.00000000099999999996 
0.00000000099999999996 0.99999999600000011313 0.00000000099999999996 0.00000000099999999996 0.00000000099999999996 
0.00000000099999999997 0.99999999600000011313 0.00000000099999999997 0.00000000099999999997 0.00000000099999999997 
0.00000000099999999985 0.00000000099999999985 0.00000000099999999985 0.00000000099999999985 0.99999999600000000211 
0.54487343052027681356 0.03923666563734913570 0.40053412118938147568 0.00000000100000000000 0.01535578165299267793 
0.98933494929956644626 0.00000000099999999998 0.00000000099999999998 0.00000000099999999998 0.01066504770043360216 
0.58199445516122405575 0.01692577455443233098 0.40107976828434360739 0.00000000099999999999 0.00000000099999999999 
0.52899256195711730211 0.00763766133571850032 0.46281399712218029840 0.00000000099999999999 0.00055577858498393666 
0.00000000099999999996 0.99999999600000000211 0.00000000099999999996 0.00000000099999999996 0.00000000099999999996 
0.49049731351763964371 0.00000000100000000000 0.50378019903919080136 0.00183340125541569740 0.00388908518775398903 
0.00000000099999999979 0.00000000099999999979 0.00000000099999999979 0.99999999599999989108 0.00000000099999999979 
0.99999999600000011313 0.00000000099999999996 0.00000000099999999996 0.00000000099999999996 0.00000000099999999996 
0.00000000099999999979 0.00000000099999999979 0.00000000099999999979 0.99999999600000000211 0.00000000099999999979 
0.35980142584248403503 0.03374428624598149046 0.60645428591153449638 0.00000000099999999999 0.00000000099999999999 
0.00000000099999999980 0.00000000099999999980 0.00000000099999999980 0.99999999599999989108 0.00000000099999999980 
0.53467346341825339184 0.00401731388261094072 0.45942994208935455935 0.00000000099999999999 0.00187927960978117605 
0.40876042571158910377 0.00679274218045946166 0.57827880682009746849 0.00000000100000000000 0.00616802428785404554 
0.00000000099999999994 0.99999999600000000211 0.00000000099999999994 0.00000000099999999994 0.00000000099999999994 
0.44091611291979959653 0.00000000099999999998 0.55908388408020037730 0.00000000099999999998 0.00000000099999999998 
0.00000000099999999980 0.00000000099999999980 0.00000000099999999980 0.99999999600000000211 0.00000000099999999980 
0.00000000099999999982 0.00000000099999999982 0.00000000099999999982 0.99999999599999989108 0.00000000099999999982 
0.40972242891170290724 0.07947230481000581992 0.49995978928723355805 0.00000000099999999999 0.01084547599105762858 
0.00000000099999999995 0.99999999600000000211 0.00000000099999999995 0.00000000099999999995 0.00000000099999999995 
0.00000000099999999985 0.00000000099999999985 0.00000000099999999985 0.00000000099999999985 0.99999999600000000211 
0.00000000099999999995 0.99999999600000011313 0.00000000099999999995 0.00000000099999999995 0.00000000099999999995 
0.34898589893290948849 0.03186873577713711381 0.61914536328995339876 0.00000000099999999999 0.00000000099999999999 
0.00000000099999999978 0.00000000099999999978 0.00000000099999999978 0.99999999599999989108 0.00000000099999999978 
0.00000000099999999979 0.00000000099999999979 0.00000000099999999979 0.00000000099999999979 0.99999999600000000211 
0.00000000099999999982 0.00000000099999999982 0.00000000099999999982 0.99999999600000000211 0.00000000099999999982 
0.53016265645219529112 0.00000000100000000000 0.44980981833906280576 0.00221607729674152187 0.01781144691200042124 
0.00000000099999999994 0.99999999600000011313 0.00000000099999999994 0.00000000099999999994 0.00000000099999999994 
0.00000000099999999995 0.99999999600000011313 0.00000000099999999995 0.00000000099999999995 0.00000000099999999995 
0.32701413903546683315 0.22887326128839347028 0.44290233159347092151 0.00000000099999999999 0.00121026708266873612 
0.51369887420897497599 0.00077539152462586245 0.46340790169124479458 0.00000000099999999999 0.02211783157515426201 
0.69537693950591106251 0.00000260696519383508 0.30462045152889516419 0.00000000099999999998 0.00000000099999999998 
0.41398622103347798573 0.01858618214135293600 0.56742759482516913483 0.00000000099999999999 0.00000000099999999999 
0.39746568223745892823 0.00000000099999999999 0.60253402921075960297 0.00000000099999999999 0.00000028655178141265 
0.58355642219644177082 0.00000000099999999998 0.41644357480355820300 0.00000000099999999998 0.00000000099999999998 
0.50795741562006102576 0.00526843678594944055 0.48677414559398946015 0.00000000099999999998 0.00000000099999999998 
0.54079525915776283096 0.00532141575684918784 0.44735141552362273076 0.00000000099999999999 0.00653190856176532730 
0.42145306826453332594 0.03272523726872650363 0.54582169246674006047 0.00000000099999999999 0.00000000099999999999 
0.00000000099999999996 0.99999999600000000211 0.00000000099999999996 0.00000000099999999996 0.00000000099999999996 
0.00000000099999999998 0.99997857703735248958 0.00002141996264759422 0.00000000099999999998 0.00000000099999999998 
0.00000000099999999988 0.00000000099999999988 0.00000000099999999988 0.99999999599999989108 0.00000000099999999988 
0.00000000099999999997 0.99999999600000000211 0.00000000099999999997 0.00000000099999999997 0.00000000099999999997 
0.00000000099999999998 0.99999999600000000211 0.00000000099999999998 0.00000000099999999998 0.00000000099999999998 
0.40052441247137354763 0.01866694487344375958 0.57404933239012467805 0.00000000099999999999 0.00675930926505817053 
0.00000000099999999975 0.00000000099999999975 0.00000000099999999975 0.99999999600000000211 0.00000000099999999975 
0.00000000099999999998 0.00000000099999999998 0.99999999600000000211 0.00000000099999999998 0.00000000099999999998 
0.42349131039340576210 0.01070546312950336476 0.56240799093090310112 0.00000000099999999999 0.00339523454618762422 
0.46895058239688924839 0.00000000100000000000 0.52429422919669632641 0.00079977685910066700 0.00595541054731377976 
0.47116780738235075621 0.01939291146600978857 0.50635450965818740166 0.00000000100000000000 0.00308477049345211481 
0.00000000099999999997 0.00000000099999999997 0.99999999599999989108 0.00000000099999999997 0.00000000099999999997 
0.48938481910389103335 0.03361732639386726118 0.47699785250224174815 0.00000000100000000000 0.00000000100000000000 
0.49880704621780880270 0.00000000099999999999 0.49747077247578275205 0.00000000099999999999 0.00372217930640829885 
0.67995392443291058360 0.00170518146878149675 0.31134830629049697892 0.00000000099999999999 0.00699258680781092695 
0.53390759725876379971 0.00710444802633196631 0.42972927310133973711 0.00125757504497902043 0.02800110656858552718 
0.39472573165436980469 0.00017203038636158440 0.59359930838923802288 0.00000000099999999999 0.01150292857003062247 
0.55451613489023265924 0.00000000099999999998 0.44548386210976731459 0.00000000099999999998 0.00000000099999999998 
0.99999997332087764423 0.00000000099999999999 0.00000000099999999999 0.00000000099999999999 0.00000002367912240356 
0.64933029909889061759 0.00000000099999999998 0.34208158510714881118 0.00000000099999999998 0.00858811379396056881 
0.00000000099999999998 0.00000000099999999998 0.99999999599999989108 0.00000000099999999998 0.00000000099999999998 
0.31930178005613901737 0.00000000099999999999 0.68069821694386101196 0.00000000099999999999 0.00000000099999999999 
0.46428673468747755360 0.02788013360833369383 0.50783312970418870158 0.00000000099999999999 0.00000000099999999999 
0.52303336635091024487 0.00888587441110602790 0.46457982664428704167 0.00000000100000000000 0.00350093159369668219 
0.56359430665966225860 0.03701919353191743256 0.39938649780842033765 0.00000000099999999999 0.00000000099999999999 
0.42564613648486193664 0.00000010618325041073 0.57435375533188770536 0.00000000099999999999 0.00000000099999999999 
0.00000000099999999997 0.00000000099999999997 0.99999999600000000211 0.00000000099999999997 0.00000000099999999997 
0.48787276012077862575 0.01744835518496155868 0.42293437672821926343 0.06839942006739567482 0.00334508789864500743 
0.39724865896215821870 0.00000000099999999998 0.60275133803784186615 0.00000000099999999998 0.00000000099999999998 
0.00000000099999999996 0.00000000099999999996 0.99999999599999989108 0.00000000099999999996 0.00000000099999999996 
0.39223445490612235398 0.02241952786400190981 0.58534601522987572686 0.00000000099999999998 0.00000000099999999998 
0.64950100525865728240 0.00000000099999999999 0.33726153986729234813 0.00000000099999999999 0.01323745287405038960 
0.58012498764060005385 0.00630345120199686092 0.41357155915740301255 0.00000000099999999998 0.00000000099999999998 
0.25102214279148998832 0.00000000100000000000 0.74614958113399243445 0.00000003324030882571 0.00282824183420870212 
0.48056020846200758756 0.00806067554191730769 0.50389608458946411051 0.00000000099999999999 0.00748303040661086379 
0.99999999600000000211 0.00000000099999999996 0.00000000099999999996 0.00000000099999999996 0.00000000099999999996 
0.54016928249134554818 0.02939084816893543228 0.43043986733971906222 0.00000000099999999998 0.00000000099999999998 
0.00000000099999999995 0.99999999600000000211 0.00000000099999999995 0.00000000099999999995 0.00000000099999999995 
0.00000000099999999998 0.99999999600000011313 0.00000000099999999998 0.00000000099999999998 0.00000000099999999998 
0.00000000099999999983 0.00000000099999999983 0.00000000099999999983 0.99999999599999989108 0.00000000099999999983 
0.00000000099999999980 0.00000000099999999980 0.00000000099999999980 0.00000000099999999980 0.99999999599999989108 
0.07003305158330119795 0.89492717777288655068 0.00000000099999999999 0.00000000099999999999 0.03503976864381223855 
0.42026481554730954482 0.00935957237727263677 0.57037561007541792701 0.00000000099999999998 0.00000000099999999998 
0.99999999600000000211 0.00000000099999999997 0.00000000099999999997 0.00000000099999999997 0.00000000099999999997 
0.00000000099999999999 0.99583098916878343143 0.00000000099999999999 0.00000000099999999999 0.00416900783121660398 
0.42640342330214436872 0.01257153171580627747 0.56102504298204936006 0.00000000099999999999 0.00000000099999999999 
0.43739570417142392689 0.00000000099999999998 0.55168408446511529863 0.00000000099999999998 0.01092020936346070961 
0.62871654606801363752 0.00000000099999999999 0.37039763867662744978 0.00000000099999999999 0.00088581325535906099 
0.00000000099999999978 0.00000000099999999978 0.00000000099999999978 0.99999999599999989108 0.00000000099999999978 
0.00000000099999999979 0.00000000099999999979 0.00000000099999999979 0.99999999600000000211 0.00000000099999999979 
0.00000000099999999975 0.00000000099999999975 0.00000000099999999975 0.99999999599999989108 0.00000000099999999975 
0.00000000099999999976 0.00000000099999999976 0.00000000099999999976 0.99999999600000000211 0.00000000099999999976 
0.00000000099999999976 0.00000000099999999976 0.00000000099999999976 0.99999999600000000211 0.00000000099999999976 
0.00000000099999999998 0.99999999600000000211 0.00000000099999999998 0.00000000099999999998 0.00000000099999999998 
0.39406840546005827974 0.00000000099999999999 0.59702118052332942000 0.00000000099999999999 0.00891041201661222845 
0.00000000099999999976 0.00000000099999999976 0.00000000099999999976 0.99999999600000000211 0.00000000099999999976 
0.00000000099999999980 0.00000000099999999980 0.00000000099999999980 0.99999999599999989108 0.00000000099999999980 
0.00000000099999999979 0.00000000099999999979 0.00000000099999999979 0.00000000099999999979 0.99999999600000000211 
0.00000000099999999979 0.00000000099999999979 0.00000000099999999979 0.00000000099999999979 0.99999999599999989108 
0.59024832902723856076 0.00000000099999999999 0.40975166797276146857 0.00000000099999999999 0.00000000099999999999 
0.00000000099999999978 0.00000000099999999978 0.00000000099999999978 0.99999999600000000211 0.00000000099999999978 
0.35449018938297888193 0.00593856420274904533 0.63957124441427204431 0.00000000099999999999 0.00000000099999999999 
0.52088071533544877401 0.00000000099999999999 0.47911928166455136635 0.00000000099999999999 0.00000000099999999999 
0.00000000099999999998 0.95050834971975828314 0.04949164728024159354 0.00000000099999999998 0.00000000099999999998 
0.34469251971305503446 0.00430768122630443076 0.65099979706064048379 0.00000000099999999998 0.00000000099999999998 
0.00000000099999999994 0.99999999600000000211 0.00000000099999999994 0.00000000099999999994 0.00000000099999999994 
0.37424626738150079674 0.01416736021959815774 0.60855070705019342903 0.00000000099999999999 0.00303566434870766039 
0.00000000099999999995 0.99999999600000000211 0.00000000099999999995 0.00000000099999999995 0.00000000099999999995 
0.33403081352945740434 0.00457102646517734516 0.64401040548493537763 0.00000000099999999999 0.01738775352043002431 
0.00000000099999999998 0.00000000099999999998 0.99999999599999989108 0.00000000099999999998 0.00000000099999999998 
0.00000000099999999980 0.00000000099999999980 0.00000000099999999980 0.99999999600000000211 0.00000000099999999980 
0.00000000099999999996 0.99999999600000011313 0.00000000099999999996 0.00000000099999999996 0.00000000099999999996 
0.00000000099999999977 0.00000000099999999977 0.00000000099999999977 0.99999999600000000211 0.00000000099999999977 
0.00000000099999999976 0.00000000099999999976 0.00000000099999999976 0.99999999600000000211 0.00000000099999999976 
0.50867852717100492388 0.00386390706164293487 0.48745756376735205340 0.00000000099999999999 0.00000000099999999999 
0.00000000099999999997 0.00000000099999999997 0.99999999600000000211 0.00000000099999999997 0.00000000099999999997 
0.43322997750442698850 0.00086668216849777977 0.56590333832707517825 0.00000000099999999998 0.00000000099999999998 
0.53762698955126131395 0.00000006269008247501 0.46233928002029173188 0.00000000099999999999 0.00003366673836456025 
0.44895463911364841270 0.00137560616592092948 0.53786590066859674142 0.00000000099999999999 0.01180385305183379550 
0.41424510430149347195 0.01183213845079170504 0.56699911577270312169 0.00000000099999999999 0.00692364047501166976 
0.57430711071007911617 0.00000000099999999999 0.42569288628992096868 0.00000000099999999999 0.00000000099999999999 
0.00999239662339200009 0.99000760037660806567 0.00000000099999999997 0.00000000099999999997 0.00000000099999999997 
0.00000000099999999996 0.00000000099999999996 0.99999999599999989108 0.00000000099999999996 0.00000000099999999996 
0.00000000099999999977 0.00000000099999999977 0.00000000099999999977 0.99999999600000000211 0.00000000099999999977 
0.99999999600000000211 0.00000000099999999997 0.00000000099999999997 0.00000000099999999997 0.00000000099999999997 
0.00000000099999999992 0.00000000099999999992 0.00000000099999999992 0.99999999599999989108 0.00000000099999999992 
0.00000000099999999980 0.00000000099999999980 0.00000000099999999980 0.99999999600000000211 0.00000000099999999980 
0.65968523749965868319 0.01983451674495623207 0.32048024375538503028 0.00000000099999999999 0.00000000099999999999 
0.52560223836829544908 0.00000000099999999999 0.46809231829089092969 0.00000000099999999999 0.00630544134081371943 
0.58067750692759323439 0.01326343062746578559 0.40605906044494105567 0.00000000099999999999 0.00000000099999999999 
0.00000000099999999982 0.00000000099999999982 0.00000000099999999982 0.99999999600000000211 0.00000000099999999982 
0.00000000099999999995 0.99999999600000000211 0.00000000099999999995 0.00000000099999999995 0.00000000099999999995 
0.00000000099999999995 0.99999999600000000211 0.00000000099999999995 0.00000000099999999995 0.00000000099999999995 
0.00000000099999999979 0.00000000099999999979 0.00000000099999999979 0.99999999599999989108 0.00000000099999999979 
0.34434761184702711301 0.00359339266801777125 0.64960119848639286122 0.00000000099999999999 0.00245779599856238169 
0.55435529227168611754 0.03866147019794772405 0.39381767575098097778 0.00000000100000000000 0.01316556077938504411 
0.00000000099999999980 0.00000000099999999980 0.00000000099999999980 0.99999999599999989108 0.00000000099999999980 
0.31662426977605723222 0.00001153041480437921 0.67794504804153277178 0.00000000099999999999 0.00541915076760562334 
0.00000000099999999994 0.99999999600000000211 0.00000000099999999994 0.00000000099999999994 0.00000000099999999994 
0.41248929763151181982 0.23441133133598346383 0.13914606361180348326 0.10587964599278171240 0.10807366142791952068 
0.60800132893720404414 0.02131231115472674575 0.37068635790806930830 0.00000000099999999999 0.00000000099999999999 
0.48894508712068812661 0.02837180687964439493 0.47112986696431735645 0.00000000099999999999 0.01155323803535020753 
0.59585828271236129794 0.00000003256166432361 0.39018044536506785169 0.00000000099999999999 0.01396123836090655025 
0.44042906084821265011 0.00000000099999999999 0.55011036169427030007 0.00000000099999999999 0.00946057545751689821 
0.36728010879861133775 0.00000000099999999999 0.63172761626722406803 0.00000000099999999999 0.00099227293416441617 
0.41295982864101998810 0.00000061306138915177 0.58703955629759085877 0.00000000099999999999 0.00000000099999999999 
0.29963387250066075840 0.00082278162005274740 0.69042872515126596511 0.00000000099999999999 0.00911461972802051282 
0.52770506574985354131 0.01946875939213619372 0.44270181300029809446 0.00705809483702715245 0.00306626702068501372 
0.00000000099999999996 0.99999999600000000211 0.00000000099999999996 0.00000000099999999996 0.00000000099999999996 
0.99999999600000011313 0.00000000099999999996 0.00000000099999999996 0.00000000099999999996 0.00000000099999999996 
0.44112198241184263914 0.00000000099999999999 0.55419247216954570234 0.00000000099999999999 0.00468554341861173590 
0.64789104630586824562 0.03816786012484266882 0.31394109156928917681 0.00000000099999999999 0.00000000099999999999 
0.62250901541773673298 0.00671000403971728013 0.37078097854254593591 0.00000000099999999998 0.00000000099999999998 
0.60311170813403558455 0.02720382182684129291 0.36968446803912297094 0.00000000100000000000 0.00000000100000000000 
0.46436790171993097553 0.00000000099999999999 0.53563209528006916482 0.00000000099999999999 0.00000000099999999999 
0.33264800270933925219 0.00799401782935015015 0.65934009298019491396 0.00000000099999999999 0.00001788548111569192 
0.00293306467249521748 0.99706693232750487343 0.00000000099999999998 0.00000000099999999998 0.00000000099999999998 
0.99999999600000011313 0.00000000099999999998 0.00000000099999999998 0.00000000099999999998 0.00000000099999999998 
0.56769559978884853724 0.00375725459547402406 0.41969914910140010411 0.00000000099999999999 0.00884799551427742012 
0.25780035054508743109 0.00235326255598732742 0.73310818453104775738 0.00673820136787757051 0.00000000100000000000 
0.00000000099999999997 0.99999999600000000211 0.00000000099999999997 0.00000000099999999997 0.00000000099999999997 
0.40598977832860250192 0.02072019819048549760 0.55467761042136698446 0.01861241205954503736 0.00000000100000000000 
0.51422404845013791608 0.00308609242842960204 0.47628435416312780992 0.00000000100000000000 0.00640550395830475402 
0.11574980036731272182 0.47920985102961094482 0.39747777523133825950 0.00000000099999999999 0.00756257237173810042 
0.00000000099999999996 0.00000000099999999996 0.99999999600000000211 0.00000000099999999996 0.00000000099999999996 
0.00000000099999999981 0.00000000099999999981 0.00000000099999999981 0.99999999600000000211 0.00000000099999999981 
0.00000000099999999999 0.00000419397990394568 0.99927718762095452121 0.00000000099999999999 0.00071861639914157791 
0.00000000099999999997 0.00000000099999999997 0.99999999600000000211 0.00000000099999999997 0.00000000099999999997 
