0.01195740323745718425 0.97480176069187296495 0.01324083607066985253 
0.00000000099999999998 0.00000000099999999998 0.99999999800000005656 
0.00000000099999999997 0.00000000099999999997 0.99999999800000005656 
0.00000000099999999999 0.95542101533403556157 0.04457898366596450140 
0.00021191658730064587 0.99832468569372811995 0.00146339771897124318 
0.00000000099999999999 0.96662885645030260928 0.03337114254969755778 
0.00000000099999999998 0.00000000099999999998 0.99999999799999994554 
0.00000000099999999997 0.00000000099999999997 0.99999999799999994554 
0.00000000211363474746 0.98713648732921044360 0.01286351055715487419 
0.00000000099999999998 0.00000000099999999998 0.99999999800000005656 
0.00000003343844316950 0.98147379599025752483 0.01852617057129932535 
0.00000000099999999999 0.97442704817476366586 0.02557295082523622018 
0.00000000273096054814 0.99380237187924713727 0.00619762538979228179 
0.00144751692224844258 0.98089599862237675243 0.01765648445537483166 
0.01632228416694301784 0.98149868838797893478 0.00217902744507805736 
0.01294939696781344414 0.91912254377660718152 0.06792805925557944546 
0.00000000099999999999 0.99277566676558026693 0.00722433223441981427 
0.00737917790409613195 0.99262082109590388246 0.00000000100000000000 
0.01165193581739354216 0.98199722600546568430 0.00635083817714071110 
0.00000000099999999999 0.99673410625191316559 0.00326589274808689002 
0.00000000100000000000 0.99737201647652984349 0.00262798252347026676 
0.00000000099999999998 0.00000000099999999998 0.99999999800000005656 
0.00000000099999999999 0.97003735069106511446 0.02996264830893488954 
0.00000000099999999999 0.96148824492261886210 0.03851175407738124945 
0.00000000099999999999 0.96624519384156093427 0.03375480515843916340 
0.00000000099999999999 0.99999999800000005656 0.00000000099999999999 
0.79186649293714062026 0.00000173159315986179 0.20813177546969946485 
0.79910044746588138054 0.00000000100000000000 0.20089955153411850897 
0.00023900587329277431 0.99330131252871955994 0.00645968159798765949 
0.00000000100000000000 0.99999988920425009198 0.00000010979574983533 
0.00000000099999999999 0.97168657155264293035 0.02831342744735706324 
0.00000000099999999998 0.00000000099999999998 0.99999999800000005656 
0.24118355929460011389 0.44533696804267830505 0.31347947266272163658 
0.00000000099999999999 0.99991957134249120909 0.00008042765750884771 
0.99999999799999994554 0.00000000099999999989 0.00000000099999999989 
0.99999999800000005656 0.00000000099999999986 0.00000000099999999986 
0.99999999800000005656 0.00000000099999999987 0.00000000099999999987 
0.79473461352286545178 0.04319865444987287806 0.16206673202726157301 
0.80048209049636098733 0.00000004710400226451 0.19951786239963670289 
0.00000000099999999999 0.99832883289078488964 0.00167116610921527395 
0.00000000099999999998 0.00000000099999999998 0.99999999799999994554 
0.78569905673416728931 0.04024245521264278869 0.17405848805318993588 
0.00000000100000000000 0.96996145969433134049 0.03003853930566861494 
0.00000000099999999997 0.00000000099999999997 0.99999999800000005656 
0.78889814654706191810 0.00000000246706072879 0.21110185098587727626 
0.00000000099999999999 0.97573257455067508026 0.02426742444932501047 
0.79295655020045563433 0.00008870268809372409 0.20695474711145053770 
0.00000000099999999998 0.00000000099999999998 0.99999999799999994554 
0.00000000099999999996 0.00000000099999999996 0.99999999800000005656 
0.79069353865113378710 0.00000000100000000000 0.20930646034886632445 
0.80537533038312980604 0.00000084625802368189 0.19462382335884645390 
0.00000000099999999998 0.00000000099999999998 0.99999999799999994554 
0.00000000099999999998 0.00000000099999999998 0.99999999800000005656 
0.00000000099999999998 0.00000012063221167472 0.99999987836778836403 
0.79532833862660468061 0.00001117867206242180 0.20466048270133296860 
0.00574031010939390299 0.94297444484920323049 0.05128524504140288820 
0.01472698025982067602 0.97343048019909750312 0.01184253954108180351 
0.00000000100000000000 0.97335724501311760015 0.02664275398688236915 
0.00000000099999999999 0.98148630950954773855 0.01851368949045226545 
0.00000000099999999998 0.00000000099999999998 0.99999999799999994554 
0.00510473820473537725 0.99447225004276240679 0.00042301175250235160 
0.99999999800000005656 0.00000000099999999988 0.00000000099999999988 
0.00000000099999999999 0.98450079493444631051 0.01549920406555361369 
0.99999999800000005656 0.00000000099999999989 0.00000000099999999989 
0.00000000100000000000 0.95376358770159974654 0.04623641129840026787 
0.99999999800000005656 0.00000000099999999988 0.00000000099999999988 
0.00000000099999999999 0.98624806588222257986 0.01375193311777746230 
0.00082193984489978354 0.98244901422219477194 0.01672904593290545569 
0.00000000099999999997 0.00000000099999999997 0.99999999800000005656 
0.00000000099999999999 0.99999807551835573349 0.00000192348164418170 
0.99999999800000005656 0.00000000099999999988 0.00000000099999999988 
0.99999999800000005656 0.00000000099999999989 0.00000000099999999989 
0.00000000100000000000 0.90784671468275113249 0.09215328431724884028 
0.00000000099999999997 0.00000000099999999997 0.99999999800000005656 
0.76926516118661292243 0.05121530892730084134 0.17951952988608618766 
0.00000000099999999997 0.00000000099999999997 0.99999999799999994554 
0.00000000524569937029 0.96005497375082049505 0.03994502100348009538 
0.99999999799999994554 0.00000000099999999987 0.00000000099999999987 
0.81114807855108050916 0.00000000151263276081 0.18885191993628663853 
0.99999999799999994554 0.00000000099999999991 0.00000000099999999991 
0.01452566575071962025 0.98086583686981576591 0.00460849737946450715 
0.00000000099999999997 0.00000000099999999997 0.99999999800000005656 
0.00000000099999999998 0.00000000099999999998 0.99999999799999994554 
0.00000000099999999999 0.76295543392908127256 0.23704456507091878348 
0.00001337093365632488 0.99097056368786295977 0.00901606537848080591 
0.00000000099999999999 0.98587233840120214179 0.01412766059879789517 
0.00000000099999999999 0.97129254169469303459 0.02870745730530706308 
0.00000000099999999999 0.99837939243211293316 0.00162060656788702573 
0.00000000099999999999 0.99999999799999994554 0.00000000099999999999 
0.00000000099999999999 0.98255136465566894621 0.01744863434433120003 
0.00000000099999999999 0.98213790591729466239 0.01786209308270548385 
0.00000000100000000000 0.96085620092986234742 0.03914379807013772944 
0.00000000099999999998 0.00000000099999999998 0.99999999800000005656 
0.00000000099999999999 0.00117869116396860209 0.99882130783603151336 
0.99999999800000005656 0.00000000099999999992 0.00000000099999999992 
0.00000000099999999998 0.00000000099999999998 0.99999999800000005656 
0.00000000099999999999 0.00000003999029900078 0.99999995900970106710 
0.00000000099999999999 0.97090103405434724504 0.02909896494565287692 
0.99999999799999994554 0.00000000099999999986 0.00000000099999999986 
0.00000511968965487182 0.99999487626436833754 0.00000000404597679344 
0.00000000099999999999 0.97801897720335151387 0.02198102179664865319 
0.00876742172291173315 0.98722341658071399717 0.00400916169637427575 
0.00000000635446791948 0.96963479858612067197 0.03036519505941132763 
0.00000001229375562067 0.99319362596040061675 0.00680636174584381762 
0.00000000100000000000 0.95991323705828779378 0.04008676194171238716 
0.00000000100000000000 0.99567556378022081809 0.00432443521977907922 
0.00000000100000000000 0.97958721664474990298 0.02041278235525013224 
0.01926511159320582270 0.95853187139298823283 0.02220301701380593060 
0.00000064877731850686 0.98964624485152985489 0.01035310637115157209 
0.00000000099999999999 0.99969146155401988896 0.00030853744598001784 
0.01586307339139538669 0.95282488388607922136 0.03131204272252546134 
0.00000000099999999999 0.99999971382400043574 0.00000028517599951322 
0.00000000100000000000 0.98468771272398880612 0.01531228627601132972 
0.00000000099999999999 0.99856558337528711355 0.00143441562471292665 
0.00000000099999999999 0.96448656346920524918 0.03551343553079473053 
0.00000000100000000000 0.98047619067548574812 0.01952380832451416567 
0.00000000100000000000 0.95688286151154955395 0.04311713748845051597 
0.00000000100000000000 0.99392480036774433216 0.00607519863225563280 
0.00000000099999999999 0.97049781470258766891 0.02950218429741241141 
0.07532763216261341432 0.89356924625803857420 0.03110312157934793514 
0.00000000099999999999 0.99298012076284225547 0.00701987823715789511 
0.00000000099999999999 0.97861968890145389910 0.02138031009854610490 
0.00000000099999999999 0.96928055069492702334 0.03071944830507306046 
0.00000006358635302061 0.99663849192611497774 0.00336144448753196521 
0.00000000099999999999 0.98427343267164901786 0.01572656632835086818 
0.00419683577559160342 0.98605162864620643504 0.00975153557820194333 
0.00000000099999999999 0.97657505664146482260 0.02342494235853525425 
0.00000000099999999999 0.99999997796950002016 0.00000002103049994872 
0.00000000099999999999 0.96321957976066607809 0.03678041923933394325 
0.00000000099999999997 0.00000000099999999997 0.99999999799999994554 
0.00000000099999999999 0.00000088578759010559 0.99999911321240986251 
0.99999999800000005656 0.00000000099999999991 0.00000000099999999991 
0.81512127803279976757 0.00000000100000000000 0.18487872096720014969 
0.01333053269048941475 0.06257775803898421585 0.92409170927052641797 
0.00000000099999999999 0.98381509442717007818 0.01618490457283002643 
0.00000002051980106296 0.96751260032042041281 0.03248737915977855523 
0.00000000099999999999 0.00000000099999999999 0.99999999800000005656 
0.00000000099999999999 0.97783402716170664259 0.02216597183829343079 
0.00000000099999999999 0.99101524650412908812 0.00898475249587100261 
0.00000000099999999999 0.99999999799999994554 0.00000000099999999999 
0.99999999799999994554 0.00000000099999999987 0.00000000099999999987 
0.99999999800000005656 0.00000000099999999987 0.00000000099999999987 
0.99999999799999994554 0.00000000099999999986 0.00000000099999999986 
0.99999999800000005656 0.00000000099999999986 0.00000000099999999986 
0.99999999799999994554 0.00000000099999999988 0.00000000099999999988 
0.00000000099999999999 0.00000000099999999999 0.99999999799999994554 
0.00013286138542206036 0.99298328723982764998 0.00688385137475038770 
0.99999999799999994554 0.00000000099999999987 0.00000000099999999987 
0.99999999800000005656 0.00000000099999999988 0.00000000099999999988 
0.81301455688412649359 0.00000000100000000000 0.18698544211587359021 
0.81159045566773113656 0.00000031809323528238 0.18840922623903361144 
0.00000000100000000000 0.99999943839069260765 0.00000056060930743434 
0.99999999799999994554 0.00000000099999999988 0.00000000099999999988 
0.00000000100000000000 0.98150588553934159375 0.01849411346065836168 
0.00000000099999999999 0.99999999800000005656 0.00000000099999999999 
0.00000000099999999999 0.03617463902883207710 0.96382535997116780546 
0.00000000099999999999 0.98495981311500913069 0.01504018588499102076 
0.00000000099999999997 0.00000000099999999997 0.99999999800000005656 
0.00000000099999999999 0.97156217854454951510 0.02843782045545049930 
0.00000000099999999997 0.00000000099999999997 0.99999999800000005656 
0.00225838854379548353 0.97774264587697556905 0.01999896557922900206 
0.00252570174217002421 0.99686442089229154728 0.00060987736553838546 
0.99999999799999994554 0.00000000099999999988 0.00000000099999999988 
0.00000000099999999998 0.00000000099999999998 0.99999999799999994554 
0.99999999800000005656 0.00000000099999999986 0.00000000099999999986 
0.99999999800000005656 0.00000000099999999988 0.00000000099999999988 
0.00000000099999999999 0.98667261769666603222 0.01332738130333406719 
0.00000000099999999999 0.96960411162672277552 0.03039588737327721807 
0.00000000099999999999 0.99035518799011601487 0.00964481100988409841 
0.00000000099999999999 0.99069025169067315151 0.00930974730932685249 
0.00000000100000000000 0.98518174864015406467 0.01481825035984603821 
0.00000000099999999999 0.97515017236206635864 0.02484982663793357249 
0.00000000099999999999 0.99999999800000005656 0.00000000099999999999 
0.00000000099999999998 0.00440715010370589140 0.99559284889629418025 
0.00000000099999999999 0.99999710407275455015 0.00000289492724535340 
0.99999999800000005656 0.00000000099999999987 0.00000000099999999987 
0.00000000100000000000 0.99828327972472175045 0.00171671927527814968 
0.99999999799999994554 0.00000000099999999996 0.00000000099999999996 
0.99999999800000005656 0.00000000099999999989 0.00000000099999999989 
0.00000000099999999999 0.97322266321818129420 0.02677733578181880000 
0.00000000100000000000 0.99999993631291062002 0.00000006268708945274 
0.00000000100000000000 0.97737770842512394776 0.02262229057487609787 
0.99999999799999994554 0.00000000099999999990 0.00000000099999999990 
0.00000000099999999997 0.00000000099999999997 0.99999999799999994554 
0.00000000099999999997 0.00000000099999999997 0.99999999800000005656 
0.99999999800000005656 0.00000000099999999989 0.00000000099999999989 
0.00000000100000000000 0.98809991423647280939 0.01190008476352727960 
0.00000000723736624900 0.95225679113879169169 0.04774320162384201871 
0.99999999800000005656 0.00000000099999999989 0.00000000099999999989 
0.00000000099999999999 0.98697240668808550179 0.01302759231191442761 
0.00000000099999999997 0.00000000099999999997 0.99999999799999994554 
0.18722050063036627110 0.54874713650127626696 0.26403236286835751745 
0.00047298914409014660 0.96817901930424765666 0.03134799155166226314 
0.00000000100000000000 0.95770869311412498703 0.04229130588587508288 
0.00000000100000000000 0.99469421928165624447 0.00530577971834382718 
0.00000000099999999999 0.99936477324336414618 0.00063522575663593859 
0.00000000099999999999 0.99999999799999994554 0.00000000099999999999 
0.00000000099999999999 0.98870809823047911546 0.01129190076952095272 
0.00000000100000000000 0.98508421219917663425 0.01491578680082324485 
0.01101005366912458268 0.96154315049084704281 0.02744679584002836237 
0.00000000099999999998 0.00000000099999999998 0.99999999800000005656 
0.00000000099999999999 0.97409410867549794943 0.02590589032450210660 
0.00000000100000000000 0.99999995903263350083 0.00000003996736661562 
0.00000000100000000000 0.94933156346531399894 0.05066843553468611955 
0.00000000099999999999 0.98152570965918439772 0.01847428934081575547 
0.00184120270432970383 0.95839240543254344828 0.03976639186312686675 
0.00000000099999999999 0.99999751946938519875 0.00000247953061472618 
0.00000000100000000000 0.97769095246759774032 0.02230904653240233307 
0.00000000099999999999 0.00325032805061811585 0.99674967094938182743 
0.00000000100000000000 0.97100788592812992128 0.02899211307187016598 
0.00000000100000000000 0.98936120878303013271 0.01063879021696983659 
0.01064841461844582074 0.97666558266109992914 0.01268600272045425706 
0.00000000099999999999 0.00000187503998728216 0.99999812396001275250 
0.01974086473480643131 0.94984432150491582281 0.03041481376027781180 
0.00000003943439538717 0.98532884452445157475 0.01467111604115293490 
0.00000000099999999999 0.51326395948063596730 0.48673603951936400547 
0.00000000099999999999 0.97166769187281376574 0.02833230712718633193 
0.99999999799999994554 0.00000000099999999990 0.00000000099999999990 
0.00000053131115358551 0.96982870645244345642 0.03017076223640294610 
0.00000000100000000000 0.96982843617065805919 0.03017156282934212175 
