0.00000000099999999997 0.00000000099999999997 0.00000000099999999997 0.00000000099999999997 0.43254039635282559573 0.00355427121550278176 0.00000000099999999997 0.00000000099999999997 0.56390532543167148916 0.00000000099999999997 
0.00000000099999999992 0.00000000099999999992 0.60505804065596180408 0.00000000099999999992 0.00000000099999999992 0.00000000099999999992 0.39494195134403814462 0.00000000099999999992 0.00000000099999999992 0.00000000099999999992 
0.00000000099999999991 0.00000000099999999991 0.47210291054567710134 0.00000000099999999991 0.00000000099999999991 0.00000000099999999991 0.52789708145432290287 0.00000000099999999991 0.00000000099999999991 0.00000000099999999991 
0.00000000099999999998 0.00000000099999999998 0.03301035521411315593 0.22064630810256030680 0.13344648444435749934 0.00000000099999999998 0.00000000099999999998 0.00000000774369264293 0.43395022576057196151 0.17894661473470452329 
0.00000000099999999999 0.00000000099999999999 0.00000000099999999999 0.28822858704080595027 0.04609748327317393646 0.00421174100147547054 0.00000000099999999999 0.12084875758164324855 0.31636133527297727319 0.22425209182992411616 
0.00000000099999999996 0.00000000099999999996 0.00000000099999999996 0.00000000099999999996 0.40383081094923339860 0.00000000099999999996 0.00000000099999999996 0.00000000099999999996 0.59616918105076643908 0.00000000099999999996 
0.00000000099999999993 0.00000000099999999993 0.78369722889316406622 0.00000000099999999993 0.00000000099999999993 0.00000000099999999993 0.21630276310683585472 0.00000000099999999993 0.00000000099999999993 0.00000000099999999993 
0.00000000099999999990 0.00000000099999999990 0.78812640135120359819 0.00000000099999999990 0.00000000099999999990 0.00000000099999999990 0.21187359064879637827 0.00000000099999999990 0.00000000099999999990 0.00000000099999999990 
0.00000000099999999997 0.00000000099999999997 0.00000000099999999997 0.48273603435883821744 0.00000000099999999997 0.00804865867800989149 0.00000000099999999997 0.00000000099999999997 0.00000000099999999997 0.50921529996315173516 
0.00000000099999999992 0.00000000099999999992 0.58356766959013661733 0.00000000099999999992 0.00000000099999999992 0.00000000099999999992 0.41643232240986333137 0.00000000099999999992 0.00000000099999999992 0.00000000099999999992 
0.00000000099999999997 0.00000000099999999997 0.00000000099999999997 0.00000000099999999997 0.46412297457395812472 0.00000000099999999997 0.00000000099999999997 0.00000000099999999997 0.00000000099999999997 0.53587701742604176847 
0.00000000099999999997 0.00000000099999999997 0.00000000099999999997 0.08649004537500094847 0.27037277974088869126 0.00091400171342779319 0.02984567216909744455 0.14175873456098594949 0.19840606103126939841 0.27221270240932987639 
0.00000000099999999998 0.00000000099999999998 0.00000000099999999998 0.30778359732945159699 0.45892864290903684354 0.00027155905652414300 0.00000000099999999998 0.07846649315053884355 0.00000000099999999998 0.15454970255444847038 
0.00000000099999999997 0.00000000099999999997 0.00000000099999999997 0.00000000099999999997 0.53564385025681615637 0.00000000099999999997 0.00000000099999999997 0.00264824741725516863 0.46170789532592865223 0.00000000099999999997 
0.00000000099999999998 0.00000000099999999998 0.00000000099999999998 0.00000000099999999998 0.00000000099999999998 0.00000000099999999998 0.00000000099999999998 0.00000000099999999998 0.40141594129140922842 0.59858405070859066477 
0.00000000099999999999 0.00000000099999999999 0.05333235546963370488 0.20990931023720516002 0.22488924550132713409 0.02633571776744041831 0.00001653191834575618 0.10868586956221680528 0.13375876613966905526 0.24307220140416191390 
0.00000000099999999994 0.00000000099999999994 0.00000000099999999994 0.00000000099999999994 0.00000000099999999994 0.00000000099999999994 0.00000000099999999994 0.00000000099999999994 0.23156889074110889593 0.76843110125889113604 
0.00000000099999999991 0.00000000099999999991 0.00000000099999999991 0.00000000099999999991 0.00000000099999999991 0.00000000099999999991 0.00000000099999999991 0.00000000099999999991 0.00000000099999999991 0.99999999099999992147 
0.00000000099999999993 0.00000000099999999993 0.00000000099999999993 0.99999999100000014352 0.00000000099999999993 0.00000000099999999993 0.00000000099999999993 0.00000000099999999993 0.00000000099999999993 0.00000000099999999993 
0.00000000099999999996 0.00000000099999999996 0.00000000099999999996 0.44085067771234831557 0.00000000099999999996 0.00000000099999999996 0.00000000099999999996 0.18893039509483072758 0.11312912710672548555 0.25708979408609522466 
0.00000000099999999998 0.00000000099999999998 0.00000000099999999998 0.29869848436141904768 0.20007455518018343876 0.00000000099999999998 0.00000000099999999998 0.16502497092004309032 0.11914218889273536783 0.21705979564561880824 
0.00000000099999999978 0.00000000099999999978 0.00000000099999999978 0.00000000099999999978 0.00000000099999999978 0.00000000099999999978 0.99999999099999992147 0.00000000099999999978 0.00000000099999999978 0.00000000099999999978 
0.00000000099999999997 0.00000000099999999997 0.00000000099999999997 0.09792672416572818783 0.43360684957507777959 0.00000000099999999997 0.02262921048054203355 0.00048024424972976942 0.16726015723693740678 0.27809681029198490831 
0.00000000099999999967 0.00000000099999999967 0.00000000099999999967 0.00000000099999999967 0.00000000099999999967 0.00000000099999999967 0.00000000099999999967 0.99999999100000003249 0.00000000099999999967 0.00000000099999999967 
0.00000000099999999991 0.00000000099999999991 0.00000000099999999991 0.00000000099999999991 0.00000000099999999991 0.00000000099999999991 0.00000000099999999991 0.00000000099999999991 0.00000000099999999991 0.99999999100000003249 
0.00000000099999999989 0.00000000099999999989 0.00000000099999999989 0.00000000099999999989 0.00000000099999999989 0.00000000099999999989 0.00000000099999999989 0.00000000099999999989 0.99999999100000003249 0.00000000099999999989 
0.00000000099999999961 0.00000000099999999961 0.00000000099999999961 0.00000000099999999961 0.00000000099999999961 0.99999999100000014352 0.00000000099999999961 0.00000000099999999961 0.00000000099999999961 0.00000000099999999961 
0.00000000099999999956 0.00000000099999999956 0.00000000099999999956 0.00000000099999999956 0.00000000099999999956 0.99999999100000014352 0.00000000099999999956 0.00000000099999999956 0.00000000099999999956 0.00000000099999999956 
0.00000000099999999999 0.00000000099999999999 0.00000000099999999999 0.10612168623234069509 0.43480387044305374156 0.00000889497603938494 0.00000000099999999999 0.13892123363897149191 0.16788877347567959797 0.15225553723391527239 
0.00000000099999999991 0.00000000099999999991 0.00000000099999999991 0.99999999100000014352 0.00000000099999999991 0.00000000099999999991 0.00000000099999999991 0.00000000099999999991 0.00000000099999999991 0.00000000099999999991 
0.00000000099999999997 0.00000000099999999997 0.01637784270414076662 0.26230110005318207911 0.18459083187135943982 0.00000000099999999997 0.00000005395613174346 0.19043848744960503727 0.06188437822549477246 0.28440730274008607648 
0.00000000099999999978 0.00000000099999999978 0.00000000099999999978 0.00000000099999999978 0.00000000099999999978 0.00000000099999999978 0.99999999099999992147 0.00000000099999999978 0.00000000099999999978 0.00000000099999999978 
0.00000000099999999980 0.00000000099999999980 0.00000000099999999980 0.00000000099999999980 0.00000000099999999980 0.34949220395753699542 0.19464189254953745412 0.45586589649292558191 0.00000000099999999980 0.00000000099999999980 
0.00000000099999999995 0.00000000099999999995 0.00000000099999999995 0.38345777541634473717 0.00000000099999999995 0.00000000099999999995 0.00000000099999999995 0.00000000099999999995 0.00000018483225558823 0.61654203275139962681 
0.00000000099999999950 0.99999999100000025454 0.00000000099999999950 0.00000000099999999950 0.00000000099999999950 0.00000000099999999950 0.00000000099999999950 0.00000000099999999950 0.00000000099999999950 0.00000000099999999950 
0.00000000099999999941 0.99999999100000025454 0.00000000099999999941 0.00000000099999999941 0.00000000099999999941 0.00000000099999999941 0.00000000099999999941 0.00000000099999999941 0.00000000099999999941 0.00000000099999999941 
0.99999999100000025454 0.00000000099999999937 0.00000000099999999937 0.00000000099999999937 0.00000000099999999937 0.00000000099999999937 0.00000000099999999937 0.00000000099999999937 0.00000000099999999937 0.00000000099999999937 
0.00000000099999999963 0.00000000099999999963 0.00000000099999999963 0.00000000099999999963 0.00000000099999999963 0.99999999100000014352 0.00000000099999999963 0.00000000099999999963 0.00000000099999999963 0.00000000099999999963 
0.00000000099999999958 0.00000000099999999958 0.00000000099999999958 0.00000000099999999958 0.00000000099999999958 0.99999999100000003249 0.00000000099999999958 0.00000000099999999958 0.00000000099999999958 0.00000000099999999958 
0.00000000099999999992 0.00000000099999999992 0.00000000099999999992 0.99999999100000014352 0.00000000099999999992 0.00000000099999999992 0.00000000099999999992 0.00000000099999999992 0.00000000099999999992 0.00000000099999999992 
0.00000000099999999990 0.00000000099999999990 0.99999999100000014352 0.00000000099999999990 0.00000000099999999990 0.00000000099999999990 0.00000000099999999990 0.00000000099999999990 0.00000000099999999990 0.00000000099999999990 
0.00000000099999999960 0.00000000099999999960 0.00000000099999999960 0.00000000099999999960 0.00000000099999999960 0.99999999100000014352 0.00000000099999999960 0.00000000099999999960 0.00000000099999999960 0.00000000099999999960 
0.00000000099999999989 0.00000000099999999989 0.00000000099999999989 0.00000000099999999989 0.00000000099999999989 0.00000000099999999989 0.00000000099999999989 0.00000000099999999989 0.99999999100000003249 0.00000000099999999989 
0.00000000099999999985 0.00000000099999999985 0.99999999100000003249 0.00000000099999999985 0.00000000099999999985 0.00000000099999999985 0.00000000099999999985 0.00000000099999999985 0.00000000099999999985 0.00000000099999999985 
0.00000000099999999965 0.00000000099999999965 0.00000000099999999965 0.00000000099999999965 0.00000000099999999965 0.99999999100000003249 0.00000000099999999965 0.00000000099999999965 0.00000000099999999965 0.00000000099999999965 
0.00000000099999999990 0.00000000099999999990 0.00000000099999999990 0.00000000099999999990 0.00000000099999999990 0.00000000099999999990 0.00000000099999999990 0.00000000099999999990 0.99999999100000003249 0.00000000099999999990 
0.00000000099999999961 0.00000000099999999961 0.00000000099999999961 0.00000000099999999961 0.00000000099999999961 0.99999999100000003249 0.00000000099999999961 0.00000000099999999961 0.00000000099999999961 0.00000000099999999961 
0.00000000099999999991 0.00000000099999999991 0.51266304240993609831 0.00000000099999999991 0.00000000099999999991 0.00000000099999999991 0.48733694959006390590 0.00000000099999999991 0.00000000099999999991 0.00000000099999999991 
0.00000000099999999975 0.00000000099999999975 0.00000000099999999975 0.00000000099999999975 0.00000000099999999975 0.00000000099999999975 0.99999999100000003249 0.00000000099999999975 0.00000000099999999975 0.00000000099999999975 
0.00000000099999999955 0.00000000099999999955 0.00000000099999999955 0.00000000099999999955 0.00000000099999999955 0.99999999100000014352 0.00000000099999999955 0.00000000099999999955 0.00000000099999999955 0.00000000099999999955 
0.00000000099999999959 0.00000000099999999959 0.00000000099999999959 0.00000000099999999959 0.00000000099999999959 0.99999999100000003249 0.00000000099999999959 0.00000000099999999959 0.00000000099999999959 0.00000000099999999959 
0.00000000099999999988 0.00000000099999999988 0.99999999100000014352 0.00000000099999999988 0.00000000099999999988 0.00000000099999999988 0.00000000099999999988 0.00000000099999999988 0.00000000099999999988 0.00000000099999999988 
0.00000000099999999989 0.00000000099999999989 0.99999999100000014352 0.00000000099999999989 0.00000000099999999989 0.00000000099999999989 0.00000000099999999989 0.00000000099999999989 0.00000000099999999989 0.00000000099999999989 
0.00000000099999999989 0.00000000099999999989 0.99999999100000003249 0.00000000099999999989 0.00000000099999999989 0.00000000099999999989 0.00000000099999999989 0.00000000099999999989 0.00000000099999999989 0.00000000099999999989 
0.00000000099999999966 0.00000000099999999966 0.00000000099999999966 0.00000000099999999966 0.00000000099999999966 0.99999999100000014352 0.00000000099999999966 0.00000000099999999966 0.00000000099999999966 0.00000000099999999966 
0.00000000099999999999 0.00000000099999999999 0.03438983064129064876 0.32937588026777137040 0.47368555540198820086 0.00599635311622563616 0.00000011083683659513 0.00011492090126176326 0.15643734583462565180 0.00000000099999999999 
0.00000000099999999989 0.00000000099999999989 0.00000000099999999989 0.00000000099999999989 0.00000000099999999989 0.00000000099999999989 0.00000000099999999989 0.00000000099999999989 0.99999999100000003249 0.00000000099999999989 
0.00000000099999999986 0.00000000099999999986 0.00000000099999999986 0.00000000099999999986 0.00000000099999999986 0.00000000099999999986 0.00000000099999999986 0.00000000099999999986 0.99999999100000003249 0.00000000099999999986 
0.00000000099999999987 0.00000000099999999987 0.00000000099999999987 0.00000000099999999987 0.99999999100000003249 0.00000000099999999987 0.00000000099999999987 0.00000000099999999987 0.00000000099999999987 0.00000000099999999987 
0.00000000099999999992 0.00000000099999999992 0.60980082549781289281 0.00000000099999999992 0.00000000099999999992 0.00000000099999999992 0.39019916650218705589 0.00000000099999999992 0.00000000099999999992 0.00000000099999999992 
0.00000000100000000000 0.00000030423433816495 0.00000000100000000000 0.40561337486997695034 0.10022693930058923506 0.00142914614060597094 0.00000000100000000000 0.00000000960832718745 0.25310475017432249034 0.23962547267184017286 
0.00000000099999999947 0.99999999100000014352 0.00000000099999999947 0.00000000099999999947 0.00000000099999999947 0.00000000099999999947 0.00000000099999999947 0.00000000099999999947 0.00000000099999999947 0.00000000099999999947 
0.00000000099999999988 0.00000000099999999988 0.00000000099999999988 0.99999999100000014352 0.00000000099999999988 0.00000000099999999988 0.00000000099999999988 0.00000000099999999988 0.00000000099999999988 0.00000000099999999988 
0.99999999100000014352 0.00000000099999999942 0.00000000099999999942 0.00000000099999999942 0.00000000099999999942 0.00000000099999999942 0.00000000099999999942 0.00000000099999999942 0.00000000099999999942 0.00000000099999999942 
0.00000000099999999997 0.00000000099999999997 0.00000000099999999997 0.20311157462831791465 0.17218123028394580198 0.00000000099999999997 0.03382891520613430514 0.24615582156782034318 0.00000000099999999997 0.34472245331378176258 
0.99999999100000025454 0.00000000099999999942 0.00000000099999999942 0.00000000099999999942 0.00000000099999999942 0.00000000099999999942 0.00000000099999999942 0.00000000099999999942 0.00000000099999999942 0.00000000099999999942 
0.00000000099999999996 0.00000000099999999996 0.00000000099999999996 0.54679602019340067809 0.45320397180659921510 0.00000000099999999996 0.00000000099999999996 0.00000000099999999996 0.00000000099999999996 0.00000000099999999996 
0.00000000099999999994 0.00000000099999999994 0.00000000099999999994 0.00000000099999999994 0.00000000099999999994 0.00000000099999999994 0.00000000099999999994 0.57813826074568042124 0.42186173125431958297 0.00000000099999999994 
0.00000000099999999990 0.00000000099999999990 0.76399578467754025723 0.00000000099999999990 0.00000000099999999990 0.00000000099999999990 0.23600420732245969146 0.00000000099999999990 0.00000000099999999990 0.00000000099999999990 
0.00000000099999999996 0.00000000099999999996 0.00000000099999999996 0.24645954130984273900 0.24568558590966926847 0.00000000099999999996 0.00000000099999999996 0.11815092328996085191 0.17479879668642356316 0.21490514780410358009 
0.99999999100000014352 0.00000000099999999945 0.00000000099999999945 0.00000000099999999945 0.00000000099999999945 0.00000000099999999945 0.00000000099999999945 0.00000000099999999945 0.00000000099999999945 0.00000000099999999945 
0.00000000099999999953 0.99999999100000014352 0.00000000099999999953 0.00000000099999999953 0.00000000099999999953 0.00000000099999999953 0.00000000099999999953 0.00000000099999999953 0.00000000099999999953 0.00000000099999999953 
0.00000000099999999998 0.00000000099999999998 0.08746672931944608764 0.11310017558012472327 0.16503033696787777762 0.00657535989511521222 0.00000000099999999998 0.11877816277991404270 0.18837496578397655567 0.32067426667354559378 
0.00000000099999999977 0.00000000099999999977 0.00000000099999999977 0.00000000099999999977 0.00000000099999999977 0.00000000099999999977 0.99999999099999992147 0.00000000099999999977 0.00000000099999999977 0.00000000099999999977 
0.00000000099999999967 0.00000000099999999967 0.00000000099999999967 0.00000000099999999967 0.00000000099999999967 0.99999999100000003249 0.00000000099999999967 0.00000000099999999967 0.00000000099999999967 0.00000000099999999967 
0.00000000099999999987 0.00000000099999999987 0.99999999100000014352 0.00000000099999999987 0.00000000099999999987 0.00000000099999999987 0.00000000099999999987 0.00000000099999999987 0.00000000099999999987 0.00000000099999999987 
0.00000000099999999999 0.00000000099999999999 0.00000000099999999999 0.23702294829246914332 0.35010643700260041244 0.00000000099999999999 0.04372235110073104114 0.13824028093117804450 0.00000000099999999999 0.23090797767302140286 
0.99999999100000025454 0.00000000099999999941 0.00000000099999999941 0.00000000099999999941 0.00000000099999999941 0.00000000099999999941 0.00000000099999999941 0.00000000099999999941 0.00000000099999999941 0.00000000099999999941 
0.00000000099999999952 0.00000000099999999952 0.00000000099999999952 0.00000000099999999952 0.00000000099999999952 0.99999999100000014352 0.00000000099999999952 0.00000000099999999952 0.00000000099999999952 0.00000000099999999952 
0.00000000099999999955 0.99999999100000025454 0.00000000099999999955 0.00000000099999999955 0.00000000099999999955 0.00000000099999999955 0.00000000099999999955 0.00000000099999999955 0.00000000099999999955 0.00000000099999999955 
0.00000000099999999999 0.00000000099999999999 0.00000000099999999999 0.28515911815803907103 0.00000000099999999999 0.01565401389802757379 0.00171800068825431434 0.08205643572058174406 0.25163798206463916518 0.36377444547045811873 
0.00000000099999999983 0.00000000099999999983 0.99999999100000014352 0.00000000099999999983 0.00000000099999999983 0.00000000099999999983 0.00000000099999999983 0.00000000099999999983 0.00000000099999999983 0.00000000099999999983 
0.00000000099999999991 0.00000000099999999991 0.60201331587569961723 0.00000000099999999991 0.00000000099999999991 0.00000000099999999991 0.39798667612430033147 0.00000000099999999991 0.00000000099999999991 0.00000000099999999991 
0.00000000099999999997 0.00000000099999999997 0.11597697708755876078 0.22420638451905930411 0.12864802790558393930 0.00029383602272412083 0.11198065113927019310 0.18250839185641093421 0.12457079950105971744 0.11181492996833303222 
0.00000000099999999999 0.00000000099999999999 0.00000000099999999999 0.00000000385132668301 0.18343454145384899268 0.01711228623556874939 0.01915687446158061830 0.00000000099999999999 0.43946831863227125980 0.34082797136540365912 
0.00000000099999999990 0.00000000099999999990 0.00000000099999999990 0.00000000099999999990 0.00000000099999999990 0.00000000099999999990 0.00000000099999999990 0.00000000099999999990 0.00000000099999999990 0.99999999099999992147 
0.00000000099999999996 0.00000000099999999996 0.00968160074219876800 0.00000000881006449126 0.46833274594363627497 0.00000000099999999996 0.00000000099999999996 0.11971669785422499321 0.00000000099999999996 0.40226894164987553326 
0.00000000099999999997 0.00000000099999999997 0.00000000099999999997 0.36470255095685022440 0.00000000099999999997 0.00000000099999999997 0.00000000099999999997 0.21509304909652193771 0.00000000099999999997 0.42020439294662775831 
0.00000000099999999995 0.00000000099999999995 0.00000000099999999995 0.36631064595657136795 0.23585190248649531841 0.00000000099999999995 0.00000000099999999995 0.00000000099999999995 0.11513443439401975510 0.28270301116291357557 
0.00000000099999999994 0.00000000099999999994 0.00000000099999999994 0.62627078571865213430 0.00000000099999999994 0.00000000099999999994 0.00000000099999999994 0.00000000099999999994 0.37372920628134786991 0.00000000099999999994 
0.00000000099999999995 0.00000000099999999995 0.00000000099999999995 0.00000000099999999995 0.68406661928070755518 0.00000000099999999995 0.00000000099999999995 0.00000000099999999995 0.00000000099999999995 0.31593337271929250454 
0.00000000099999999998 0.00000000099999999998 0.03380364434948771729 0.07462764186449695469 0.18939675706275360678 0.00000000099999999998 0.00000000099999999998 0.17707987367463806638 0.28817589074419286410 0.23691618830443064714 
0.00000000099999999987 0.00000000099999999987 0.99999999100000003249 0.00000000099999999987 0.00000000099999999987 0.00000000099999999987 0.00000000099999999987 0.00000000099999999987 0.00000000099999999987 0.00000000099999999987 
0.00000000099999999996 0.00000000099999999996 0.55818016778967805003 0.00000000099999999996 0.00000000099999999996 0.00000000099999999996 0.44181982421032184316 0.00000000099999999996 0.00000000099999999996 0.00000000099999999996 
0.00000000099999999964 0.99999999100000014352 0.00000000099999999964 0.00000000099999999964 0.00000000099999999964 0.00000000099999999964 0.00000000099999999964 0.00000000099999999964 0.00000000099999999964 0.00000000099999999964 
0.00000000099999999991 0.00000000099999999991 0.99999999100000014352 0.00000000099999999991 0.00000000099999999991 0.00000000099999999991 0.00000000099999999991 0.00000000099999999991 0.00000000099999999991 0.00000000099999999991 
0.00000000099999999994 0.00000000099999999994 0.56846070895918499044 0.00000000099999999994 0.00000000099999999994 0.00000000099999999994 0.43153928304081506928 0.00000000099999999994 0.00000000099999999994 0.00000000099999999994 
0.00000000099999999998 0.00000000099999999998 0.00000000099999999998 0.23969891826254499656 0.23890126245190659859 0.00467330549385953659 0.01854512347722037796 0.11329027528463354868 0.27996067228643606306 0.10493043974339888447 
0.99999999100000025454 0.00000000099999999936 0.00000000099999999936 0.00000000099999999936 0.00000000099999999936 0.00000000099999999936 0.00000000099999999936 0.00000000099999999936 0.00000000099999999936 0.00000000099999999936 
0.00000000099999999997 0.00000000099999999997 0.00000000099999999997 0.00000000099999999997 0.32955704845505523481 0.00000000099999999997 0.00000000099999999997 0.14377460744373229962 0.00000000099999999997 0.52666833710121230272 
0.00000000099999999997 0.00000000099999999997 0.00000000099999999997 0.42336714432817085241 0.26343735413300678472 0.00000000099999999997 0.02478702126871502182 0.00000000099999999997 0.00000001409523590671 0.28840846117487151101 
0.00000000099999999993 0.00000000099999999993 0.00000000099999999993 0.00000000099999999993 0.00000000099999999993 0.00000000099999999993 0.00000000099999999993 0.00000000099999999993 0.00000000099999999993 0.99999999099999992147 
0.00000000099999999999 0.00000000099999999999 0.00000000099999999999 0.31429863512938027714 0.17337460845912361362 0.00000000099999999999 0.03211879641283335585 0.05697985858276054250 0.18027008758345264283 0.24295800983244938975 
0.00000000099999999982 0.00000000099999999982 0.00000000099999999982 0.00000000099999999982 0.00000000099999999982 0.00000000099999999982 0.00000000099999999982 0.99999999099999992147 0.00000000099999999982 0.00000000099999999982 
0.00000000099999999989 0.00000000099999999989 0.00000000099999999989 0.00000000099999999989 0.00000000099999999989 0.00000000099999999989 0.00000000099999999989 0.00000000099999999989 0.99999999100000003249 0.00000000099999999989 
0.00000000099999999997 0.00000000099999999997 0.00000000099999999997 0.00000000099999999997 0.08206125726022396594 0.00000000099999999997 0.00000000099999999997 0.30607998243147471751 0.26698460991840566869 0.34487414438989555387 
0.00000000099999999998 0.00000000099999999998 0.00000000099999999998 0.29744444448171597495 0.09805197403847246140 0.00190004829109991251 0.02356083130342329079 0.10201732889318300412 0.34311684986452684054 0.13390852012757858969 
0.00000000099999999997 0.00000000099999999997 0.00000000099999999997 0.00000000099999999997 0.00000000099999999997 0.00960217379809370601 0.00000000099999999997 0.23979703518268050133 0.75060078401922569746 0.00000000099999999997 
0.00000000099999999996 0.00000000099999999996 0.00000000099999999996 0.00000000099999999996 0.29858890197404280853 0.00000000099999999996 0.00000000099999999996 0.00000000099999999996 0.00000000099999999996 0.70141109002595714017 
0.00000000099999999993 0.00000000099999999993 0.00000000099999999993 0.45630079299387504843 0.00000000099999999993 0.00000000099999999993 0.00000000099999999993 0.00000000099999999993 0.54369919900612462271 0.00000000099999999993 
0.00000000099999999997 0.00000000099999999997 0.00000000099999999997 0.00000000099999999997 0.00000000099999999997 0.00000000099999999997 0.00000000099999999997 0.52466999310604134354 0.47532999889395866067 0.00000000099999999997 
0.00000000099999999992 0.00000000099999999992 0.00000000099999999992 0.99999999100000003249 0.00000000099999999992 0.00000000099999999992 0.00000000099999999992 0.00000000099999999992 0.00000000099999999992 0.00000000099999999992 
0.00000000099999999980 0.00000000099999999980 0.00000000099999999980 0.00000000099999999980 0.00000000099999999980 0.00000000099999999980 0.00000000099999999980 0.99999999100000003249 0.00000000099999999980 0.00000000099999999980 
0.00000000099999999995 0.00000000099999999995 0.00000000099999999995 0.46695850130971250369 0.17782327612493536995 0.00000000099999999995 0.00000000099999999995 0.35521821553357396661 0.00000000103177820062 0.00000000099999999995 
0.00000000099999999996 0.00000000099999999996 0.00000000099999999996 0.00001503469750769866 0.27491610285055045892 0.00000000099999999996 0.02891711056624897414 0.29960196665421112705 0.39643955954192894309 0.00011022168955277935 
0.00000000099999999997 0.00000000099999999997 0.00000000099999999997 0.50439479988177304826 0.00000000099999999997 0.00000000099999999997 0.00952550441179540915 0.00000000231406428718 0.48607968739236723232 0.00000000099999999997 
0.00000000099999999997 0.00000000099999999997 0.00000000099999999997 0.00000000099999999997 0.53655772845342020183 0.00000000099999999997 0.01342216570587260842 0.00000000099999999997 0.45002009884070720558 0.00000000099999999997 
0.00000000099999999990 0.00000000099999999990 0.00000000099999999990 0.00000000099999999990 0.99999999100000003249 0.00000000099999999990 0.00000000099999999990 0.00000000099999999990 0.00000000099999999990 0.00000000099999999990 
0.00000000099999999990 0.00000000099999999990 0.00000000099999999990 0.00000000099999999990 0.00000000099999999990 0.00000000099999999990 0.00000000099999999990 0.00000000099999999990 0.00000000099999999990 0.99999999099999992147 
0.00000000100000000000 0.06969217139939393180 0.00000000100000000000 0.27931806918506985049 0.22135838202941660047 0.00000000154089317633 0.02986838761763964747 0.07932012837738625088 0.05416199771421625897 0.26628086013598434301 
0.00000000099999999994 0.00000000099999999994 0.00000000099999999994 0.00000000099999999994 0.00000000149330593053 0.00000000099999999994 0.00000000099999999994 0.24715534751866366503 0.00000000099999999994 0.75284464398803041529 
0.00000000099999999993 0.00000000099999999993 0.00000000099999999993 0.00000000099999999993 0.00000000099999999993 0.00000000099999999993 0.00000000099999999993 0.24724345066185085540 0.00000000099999999993 0.75275654133814906555 
0.00000000099999999995 0.00000000099999999995 0.02248856257635114403 0.11269040663258829416 0.29545948189905518744 0.00000000099999999995 0.00000000099999999995 0.16575688987272471642 0.00000000099999999995 0.40360465401928063978 
0.00000000099999999997 0.00000000099999999997 0.00000000099999999997 0.00000000099999999997 0.40877182208539869501 0.00705265524090188580 0.00000000099999999997 0.17538252299984338767 0.00000000099999999997 0.40879299367385613095 
0.00000000099999999996 0.00000000099999999996 0.01340775731869886522 0.26539498152079732396 0.36660999338181815554 0.00000000099999999996 0.00000000099999999996 0.12999605682837619969 0.22459084083259939213 0.00000036611770993756 
0.00000000099999999996 0.00000000099999999996 0.00000000099999999996 0.00000000099999999996 0.61225607546981730689 0.00000000099999999996 0.00000000099999999996 0.38774391653018286386 0.00000000099999999996 0.00000000099999999996 
0.00000000099999999998 0.00000000099999999998 0.01056022577626862351 0.20946123119501008913 0.37096641717423411988 0.00157081745346365634 0.00000000099999999998 0.12229633934090236580 0.13591024374747870396 0.14923472231264242605 
0.00000000099999999996 0.00000000099999999996 0.00000000099999999996 0.00000096104375856576 0.19706629790504137656 0.00000000099999999996 0.00000000099999999996 0.27521006666907749105 0.24200490161197643624 0.28571776777014618043 
0.00000000099999999991 0.00000000099999999991 0.00000000099999999991 0.99999999100000003249 0.00000000099999999991 0.00000000099999999991 0.00000000099999999991 0.00000000099999999991 0.00000000099999999991 0.00000000099999999991 
0.00000000099999999991 0.00000000099999999991 0.78874046951361231894 0.00000000099999999991 0.00000000099999999991 0.00000000099999999991 0.21125952248638768527 0.00000000099999999991 0.00000000099999999991 0.00000000099999999991 
0.00000000099999999980 0.00000000099999999980 0.00000000099999999980 0.00000000099999999980 0.00000000099999999980 0.00000000099999999980 0.99999999100000003249 0.00000000099999999980 0.00000000099999999980 0.00000000099999999980 
0.28626211363222742179 0.71373787836777280447 0.00000000099999999963 0.00000000099999999963 0.00000000099999999963 0.00000000099999999963 0.00000000099999999963 0.00000000099999999963 0.00000000099999999963 0.00000000099999999963 
0.00000000099999999954 0.00000000099999999954 0.00000000099999999954 0.00000000099999999954 0.00000000099999999954 0.99999999100000014352 0.00000000099999999954 0.00000000099999999954 0.00000000099999999954 0.00000000099999999954 
0.00000000099999999999 0.00000000099999999999 0.60317584575960936366 0.00000000099999999999 0.00000374270060499484 0.03685746644269034811 0.29217280297569558911 0.00000000099999999999 0.06779013712139959902 0.00000000099999999999 
0.00000000099999999997 0.00000000099999999997 0.01039051556264566564 0.41196804344716320134 0.05815153431935592143 0.00000000099999999997 0.00000000099999999997 0.12201491615601089968 0.25515565312215815474 0.14231933339266605865 
0.00000000099999999991 0.00000000099999999991 0.00000000099999999991 0.99999999100000003249 0.00000000099999999991 0.00000000099999999991 0.00000000099999999991 0.00000000099999999991 0.00000000099999999991 0.00000000099999999991 
0.00000000099999999994 0.00000000099999999994 0.46861348712092154578 0.00000000099999999994 0.00000000099999999994 0.00000000099999999994 0.53138650487907823639 0.00000000099999999994 0.00000000099999999994 0.00000000099999999994 
0.00000000099999999997 0.00000000099999999997 0.00000000099999999997 0.36104629170039542752 0.16647637542281462641 0.00000000099999999997 0.00000000099999999997 0.22078455627015203255 0.25169277060663786116 0.00000000099999999997 
0.00000000099999999996 0.00000000099999999996 0.00000000099999999996 0.00000009555801377310 0.25651914106086770584 0.00835729693051614000 0.00000000099999999996 0.18837939674941198143 0.25133410676478790124 0.29540995893640237258 
0.00000000099999999981 0.00000000099999999981 0.00000000099999999981 0.00000000099999999981 0.00000000099999999981 0.00000000099999999981 0.00000000099999999981 0.99999999100000003249 0.00000000099999999981 0.00000000099999999981 
0.99999999100000014352 0.00000000099999999940 0.00000000099999999940 0.00000000099999999940 0.00000000099999999940 0.00000000099999999940 0.00000000099999999940 0.00000000099999999940 0.00000000099999999940 0.00000000099999999940 
0.00000000099999999947 0.99999999100000025454 0.00000000099999999947 0.00000000099999999947 0.00000000099999999947 0.00000000099999999947 0.00000000099999999947 0.00000000099999999947 0.00000000099999999947 0.00000000099999999947 
0.30455623799572784094 0.69544375400427238532 0.00000000099999999948 0.00000000099999999948 0.00000000099999999948 0.00000000099999999948 0.00000000099999999948 0.00000000099999999948 0.00000000099999999948 0.00000000099999999948 
0.51173899366118991150 0.48826099833881025924 0.00000000099999999948 0.00000000099999999948 0.00000000099999999948 0.00000000099999999948 0.00000000099999999948 0.00000000099999999948 0.00000000099999999948 0.00000000099999999948 
0.99999999100000014352 0.00000000099999999937 0.00000000099999999937 0.00000000099999999937 0.00000000099999999937 0.00000000099999999937 0.00000000099999999937 0.00000000099999999937 0.00000000099999999937 0.00000000099999999937 
0.00000000099999999991 0.00000000099999999991 0.99999999100000003249 0.00000000099999999991 0.00000000099999999991 0.00000000099999999991 0.00000000099999999991 0.00000000099999999991 0.00000000099999999991 0.00000000099999999991 
0.00000000099999999999 0.00000000099999999999 0.00000000099999999999 0.18278084055570539834 0.31586917088432070466 0.00294058689742418642 0.00000000099999999999 0.05685518453670374700 0.18234331110216930871 0.25921090202367663702 
0.50146590044962180421 0.49853409155037847755 0.00000000099999999949 0.00000000099999999949 0.00000000099999999949 0.00000000099999999949 0.00000000099999999949 0.00000000099999999949 0.00000000099999999949 0.00000000099999999949 
0.99999999100000025454 0.00000000099999999941 0.00000000099999999941 0.00000000099999999941 0.00000000099999999941 0.00000000099999999941 0.00000000099999999941 0.00000000099999999941 0.00000000099999999941 0.00000000099999999941 
0.00000000099999999952 0.00000000099999999952 0.00000000099999999952 0.00000000099999999952 0.00000000099999999952 0.99999999100000003249 0.00000000099999999952 0.00000000099999999952 0.00000000099999999952 0.00000000099999999952 
0.00000000099999999952 0.00000000099999999952 0.00000000099999999952 0.00000000099999999952 0.00000000099999999952 0.99999999100000003249 0.00000000099999999952 0.00000000099999999952 0.00000000099999999952 0.00000000099999999952 
0.00000000099999999994 0.00000000099999999994 0.00000000099999999994 0.00000000099999999994 0.59936247662648622914 0.00000000099999999994 0.00000000099999999994 0.00000000099999999994 0.40063751537351394161 0.00000000099999999994 
0.00000000099999999945 0.99999999100000014352 0.00000000099999999945 0.00000000099999999945 0.00000000099999999945 0.00000000099999999945 0.00000000099999999945 0.00000000099999999945 0.00000000099999999945 0.00000000099999999945 
0.00000000099999999998 0.00000000099999999998 0.00000000099999999998 0.17981105544694611642 0.30612855851582060351 0.00000000099999999998 0.01979341967597266980 0.04630649258546210706 0.19214751799895501971 0.25581295177684348907 
0.00000000099999999994 0.00000000099999999994 0.00000000099999999994 0.63755211030664526994 0.00000000099999999994 0.00000000099999999994 0.00000000099999999994 0.00000000099999999994 0.36244788169335473427 0.00000000099999999994 
0.00000000099999999980 0.00000000099999999980 0.00000000099999999980 0.00000000099999999980 0.00000000099999999980 0.00000000099999999980 0.99999999100000003249 0.00000000099999999980 0.00000000099999999980 0.00000000099999999980 
0.00000000099999999990 0.00000000099999999990 0.00000000099999999990 0.00000000099999999990 0.00000000099999999990 0.00000000099999999990 0.00000000099999999990 0.00000000099999999990 0.00000000099999999990 0.99999999099999992147 
0.00000000099999999984 0.00000000099999999984 0.99999999100000003249 0.00000000099999999984 0.00000000099999999984 0.00000000099999999984 0.00000000099999999984 0.00000000099999999984 0.00000000099999999984 0.00000000099999999984 
0.00000000099999999987 0.00000000099999999987 0.00000000099999999987 0.00000000099999999987 0.00000000099999999987 0.00000000099999999987 0.00000000099999999987 0.00000000099999999987 0.99999999099999992147 0.00000000099999999987 
0.00000000099999999990 0.00000000099999999990 0.63929443362961724251 0.00000000099999999990 0.00000000099999999990 0.00000000099999999990 0.36070555837038270619 0.00000000099999999990 0.00000000099999999990 0.00000000099999999990 
0.00000000099999999994 0.00000000099999999994 0.00000000099999999994 0.00000000099999999994 0.72479369567246787476 0.00000000099999999994 0.00000000099999999994 0.27520629632753212945 0.00000000099999999994 0.00000000099999999994 
0.00000000099999999992 0.00000000099999999992 0.00000000099999999992 0.99999999100000003249 0.00000000099999999992 0.00000000099999999992 0.00000000099999999992 0.00000000099999999992 0.00000000099999999992 0.00000000099999999992 
0.00000000099999999951 0.99999999100000014352 0.00000000099999999951 0.00000000099999999951 0.00000000099999999951 0.00000000099999999951 0.00000000099999999951 0.00000000099999999951 0.00000000099999999951 0.00000000099999999951 
0.00000000099999999991 0.00000000099999999991 0.56644156682275015324 0.00000000099999999991 0.00000000099999999991 0.00000000099999999991 0.43355842517724985097 0.00000000099999999991 0.00000000099999999991 0.00000000099999999991 
0.00000000099999999942 0.99999999100000025454 0.00000000099999999942 0.00000000099999999942 0.00000000099999999942 0.00000000099999999942 0.00000000099999999942 0.00000000099999999942 0.00000000099999999942 0.00000000099999999942 
0.24291401702109799432 0.75708597497890217642 0.00000000099999999949 0.00000000099999999949 0.00000000099999999949 0.00000000099999999949 0.00000000099999999949 0.00000000099999999949 0.00000000099999999949 0.00000000099999999949 
0.00000000099999999987 0.00000000099999999987 0.00000000099999999987 0.00000000099999999987 0.99999999100000003249 0.00000000099999999987 0.00000000099999999987 0.00000000099999999987 0.00000000099999999987 0.00000000099999999987 
0.00000000099999999997 0.00000000099999999997 0.00000000099999999997 0.23561908921078700274 0.15251198409062294292 0.00000000099999999997 0.01580767124719572800 0.00000000099999999997 0.38703716152359224356 0.20902408892780222072 
0.00000000099999999987 0.00000000099999999987 0.00000000099999999987 0.00000000099999999987 0.00198432845302299070 0.00000000099999999987 0.00000000099999999987 0.00000000099999999987 0.99801566354697701655 0.00000000099999999987 
0.00000000099999999998 0.00000000099999999998 0.00000000099999999998 0.32208696353942017909 0.22591197904769771965 0.00000000099999999998 0.00000000099999999998 0.12090160493670104591 0.19934399121179788295 0.13175545626438317504 
0.00000000099999999998 0.00000000099999999998 0.00000000099999999998 0.29387689590099447257 0.00003509554417372726 0.00007984805372505351 0.00000000099999999998 0.25363320295492930434 0.00223361763605862918 0.45014133591011890045 
0.00000000099999999990 0.00000000099999999990 0.00000000099999999990 0.00000000099999999990 0.00000000099999999990 0.00000000099999999990 0.00000000099999999990 0.00000000099999999990 0.00000000099999999990 0.99999999099999992147 
0.00000000099999999995 0.00000000099999999995 0.00000000099999999995 0.52838782124671335172 0.00000000099999999995 0.00000000099999999995 0.00000000099999999995 0.00000000099999999995 0.00000000099999999995 0.47161217075328681902 
