0.43329342683196897523 0.00000000099999999998 0.00000000099999999998 0.00000000099999999998 0.00000000099999999998 0.55567795273972075965 0.00000000099999999998 0.01102861442831015379 0.00000000099999999998 
0.00000000099999999992 0.99999999200000022626 0.00000000099999999992 0.00000000099999999992 0.00000000099999999992 0.00000000099999999992 0.00000000099999999992 0.00000000099999999992 0.00000000099999999992 
0.00000000099999999992 0.99999999200000011523 0.00000000099999999992 0.00000000099999999992 0.00000000099999999992 0.00000000099999999992 0.00000000099999999992 0.00000000099999999992 0.00000000099999999992 
0.20645194358431637194 0.03236377375845722604 0.20213638599799152451 0.09485483288958254655 0.00000000099999999998 0.46318847905977716950 0.00000000099999999998 0.00098879816184728919 0.00001578454802789728 
0.12269549733404840064 0.00000000099999999999 0.33632219530793366902 0.21524552942703387148 0.00000000099999999999 0.23141429557587817056 0.00000000099999999999 0.00000000099999999999 0.09432247835510608469 
0.16765547319514226277 0.01914868125974429625 0.33071081175562250243 0.00000052873780613816 0.00000000099999999997 0.48235600279763124476 0.00000000099999999997 0.00012849925405335869 0.00000000099999999997 
0.00000000099999999994 0.99999999200000022626 0.00000000099999999994 0.00000000099999999994 0.00000000099999999994 0.00000000099999999994 0.00000000099999999994 0.00000000099999999994 0.00000000099999999994 
0.00000000099999999990 0.99999999200000022626 0.00000000099999999990 0.00000000099999999990 0.00000000099999999990 0.00000000099999999990 0.00000000099999999990 0.00000000099999999990 0.00000000099999999990 
0.00000000099999999991 0.00000000099999999991 0.00000000099999999991 0.99999999200000000421 0.00000000099999999991 0.00000000099999999991 0.00000000099999999991 0.00000000099999999991 0.00000000099999999991 
0.00000000099999999993 0.99999999200000011523 0.00000000099999999993 0.00000000099999999993 0.00000000099999999993 0.00000000099999999993 0.00000000099999999993 0.00000000099999999993 0.00000000099999999993 
0.00000000099999999989 0.00000000099999999989 0.00000000099999999989 0.99999999200000011523 0.00000000099999999989 0.00000000099999999989 0.00000000099999999989 0.00000000099999999989 0.00000000099999999989 
0.31619656244067839701 0.00646373505471569288 0.00002069586456543266 0.29730463838443593749 0.00000000099999999997 0.34150789264185588134 0.00000000099999999997 0.00000000099999999997 0.03850647261374866986 
0.00000000099999999996 0.00000000099999999996 0.00000000333116736058 0.57323443028130138810 0.00000000099999999996 0.42676556038753127309 0.00000000099999999996 0.00000000099999999996 0.00000000099999999996 
0.42455447535410412163 0.00000000099999999998 0.00000000099999999998 0.23209391897739165000 0.00000000099999999998 0.32405891856095364600 0.00000000099999999998 0.00454894345576859361 0.01474373965178209754 
0.99999999200000011523 0.00000000099999999988 0.00000000099999999988 0.00000000099999999988 0.00000000099999999988 0.00000000099999999988 0.00000000099999999988 0.00000000099999999988 0.00000000099999999988 
0.15586709334985873743 0.04878187168568558219 0.21843639994929084369 0.22768877450634736337 0.00000000099999999998 0.27151167132608194921 0.00000000099999999998 0.02691252787852542808 0.05080165930421014914 
0.00000000099999999997 0.00000000099999999997 0.00000000099999999997 0.48346326511349074773 0.00000000099999999997 0.51653672788650928371 0.00000000099999999997 0.00000000099999999997 0.00000000099999999997 
0.00000000099999999989 0.00000000099999999989 0.00000000099999999989 0.99999999200000011523 0.00000000099999999989 0.00000000099999999989 0.00000000099999999989 0.00000000099999999989 0.00000000099999999989 
0.22800343397634237341 0.00000000100000000000 0.17929470298778063531 0.10614236881816471736 0.00000000100000000000 0.46118975013217033965 0.00000000463563545101 0.00531205167564982768 0.02005768577425657770 
0.26371186437661775503 0.00000000099999999994 0.73628812862338233192 0.00000000099999999994 0.00000000099999999994 0.00000000099999999994 0.00000000099999999994 0.00000000099999999994 0.00000000099999999994 
0.00000000099999999994 0.00000000099999999994 0.00000000099999999994 0.00000000099999999994 0.00000000099999999994 0.99999999200000000421 0.00000000099999999994 0.00000000099999999994 0.00000000099999999994 
0.00000000099999999996 0.99999999200000011523 0.00000000099999999996 0.00000000099999999996 0.00000000099999999996 0.00000000099999999996 0.00000000099999999996 0.00000000099999999996 0.00000000099999999996 
0.53961440398706139732 0.00000000099999999997 0.24114676143449181867 0.15771885636354354698 0.00000000099999999997 0.00000000099999999997 0.00000000099999999997 0.00000000099999999997 0.06151997321490342702 
0.00000000099999999950 0.00000000099999999950 0.00000000099999999950 0.00000000099999999950 0.00000000099999999950 0.00000000099999999950 0.00000000099999999950 0.00000000099999999950 0.99999999199999989319 
0.27471413264851995972 0.02129025308303526126 0.27682129517587866774 0.42717431072258665870 0.00000000099999999996 0.00000000436997945666 0.00000000099999999996 0.00000000099999999996 0.00000000099999999996 
0.33408262825770962401 0.00000000099999999998 0.12480067469458931695 0.17396902154978149957 0.00000000099999999998 0.34055005000612165178 0.00000000099999999998 0.00000000099999999998 0.02659762149179801388 
0.00000000099999999965 0.00000000099999999965 0.00000000099999999965 0.00000000099999999965 0.00000000099999999965 0.00000000099999999965 0.00000000099999999965 0.99999999200000000421 0.00000000099999999965 
0.00000000099999999963 0.00000000099999999963 0.00000000099999999963 0.00000000099999999963 0.00000000099999999963 0.00000000099999999963 0.00000000099999999963 0.99999999200000000421 0.00000000099999999963 
0.19652234544641944414 0.00000000099999999999 0.16578072711327632160 0.35910907795065427628 0.00000000099999999999 0.24317215344327602899 0.00000000099999999999 0.00080894687472702655 0.03460674617164714167 
0.00000000099999999995 0.00000000099999999995 0.00000000099999999995 0.33322885452958578290 0.00000000099999999995 0.66677113847041413752 0.00000000099999999995 0.00000000099999999995 0.00000000099999999995 
0.00000000099999999992 0.00000000099999999992 0.00000000099999999992 0.00000000099999999992 0.00000000099999999992 0.99999999200000000421 0.00000000099999999992 0.00000000099999999992 0.00000000099999999992 
0.00000000099999999983 0.77664006754802361598 0.00000000099999999983 0.00000000099999999983 0.00000000099999999983 0.00000000099999999983 0.00000000099999999983 0.00000000099999999983 0.22335992545197655423 
0.00000000099999999968 0.00000000099999999968 0.00000000099999999968 0.00000000099999999968 0.00000000099999999968 0.00000000099999999968 0.00000000099999999968 0.36040840085411285365 0.63959159214588712228 
0.16387506923448158513 0.00000000099999999997 0.19294954701812086495 0.17919356592420254692 0.00000000099999999997 0.46398181282319500562 0.00000000099999999997 0.00000000099999999997 0.00000000099999999997 
0.00000000099999999957 0.00000000099999999957 0.00000000099999999957 0.00000000099999999957 0.99999999200000011523 0.00000000099999999957 0.00000000099999999957 0.00000000099999999957 0.00000000099999999957 
0.00000000099999999950 0.00000000099999999950 0.00000000099999999950 0.00000000099999999950 0.99999999200000000421 0.00000000099999999950 0.00000000099999999950 0.00000000099999999950 0.00000000099999999950 
0.00000000099999999950 0.00000000099999999950 0.00000000099999999950 0.00000000099999999950 0.99999999200000011523 0.00000000099999999950 0.00000000099999999950 0.00000000099999999950 0.00000000099999999950 
0.00000000099999999968 0.00000000099999999968 0.00000000099999999968 0.00000000099999999968 0.00000000099999999968 0.00000000099999999968 0.00000000099999999968 0.99999999199999989319 0.00000000099999999968 
0.00000000099999999963 0.00000000099999999963 0.00000000099999999963 0.00000000099999999963 0.00000000099999999963 0.00000000099999999963 0.00000000099999999963 0.99999999200000000421 0.00000000099999999963 
0.30613462613576031268 0.00000000099999999996 0.39429403486330555362 0.29957132923110502132 0.00000000099999999996 0.00000000099999999996 0.00000000099999999996 0.00000000099999999996 0.00000000476982909667 
0.00000000099999999995 0.99999999200000022626 0.00000000099999999995 0.00000000099999999995 0.00000000099999999995 0.00000000099999999995 0.00000000099999999995 0.00000000099999999995 0.00000000099999999995 
0.00000000099999999964 0.00000000099999999964 0.00000000099999999964 0.00000000099999999964 0.00000000099999999964 0.00000000099999999964 0.00000000099999999964 0.99999999200000000421 0.00000000099999999964 
0.52604004279012472889 0.00000000099999999997 0.34526615744662103591 0.00000000099999999997 0.00000000099999999997 0.00000000099999999997 0.00000000099999999997 0.00000000099999999997 0.12869379376325446040 
0.00000000099999999991 0.99999999200000011523 0.00000000099999999991 0.00000000099999999991 0.00000000099999999991 0.00000000099999999991 0.00000000099999999991 0.00000000099999999991 0.00000000099999999991 
0.00000000099999999969 0.00000000099999999969 0.00000000099999999969 0.00000000099999999969 0.00000000099999999969 0.00000000099999999969 0.00000000099999999969 0.99999999200000000421 0.00000000099999999969 
0.00000000099999999997 0.00001578741117206722 0.26657774003350415137 0.27131384743815484262 0.00000000099999999997 0.39461833012474750726 0.00000000099999999997 0.00337243177298701549 0.06410186021943445334 
0.00000000099999999965 0.00000000099999999965 0.00000000099999999965 0.00000000099999999965 0.00000000099999999965 0.00000000099999999965 0.00000000099999999965 0.99999999199999989319 0.00000000099999999965 
0.00000000099999999993 0.99999999200000022626 0.00000000099999999993 0.00000000099999999993 0.00000000099999999993 0.00000000099999999993 0.00000000099999999993 0.00000000099999999993 0.00000000099999999993 
0.00000000099999999988 0.99999999200000022626 0.00000000099999999988 0.00000000099999999988 0.00000000099999999988 0.00000000099999999988 0.00000000099999999988 0.00000000099999999988 0.00000000099999999988 
0.00000000099999999960 0.00000000099999999960 0.00000000099999999960 0.00000000099999999960 0.00000000099999999960 0.00000000099999999960 0.00000000099999999960 0.99999999199999989319 0.00000000099999999960 
0.00000000099999999964 0.00000000099999999964 0.00000000099999999964 0.00000000099999999964 0.00000000099999999964 0.00000000099999999964 0.00000000099999999964 0.99999999199999989319 0.00000000099999999964 
0.00000000099999999993 0.99999999200000011523 0.00000000099999999993 0.00000000099999999993 0.00000000099999999993 0.00000000099999999993 0.00000000099999999993 0.00000000099999999993 0.00000000099999999993 
0.00000000099999999994 0.99999999200000022626 0.00000000099999999994 0.00000000099999999994 0.00000000099999999994 0.00000000099999999994 0.00000000099999999994 0.00000000099999999994 0.00000000099999999994 
0.00000000099999999993 0.96947322076691966330 0.00000000099999999993 0.03052677223308047222 0.00000000099999999993 0.00000000099999999993 0.00000000099999999993 0.00000000099999999993 0.00000000099999999993 
0.00000000099999999969 0.00000000099999999969 0.00000000099999999969 0.00000000099999999969 0.00000000099999999969 0.00000000099999999969 0.00000000099999999969 0.99999999199999989319 0.00000000099999999969 
0.12464008051483314865 0.03680674573274689970 0.36144049351041779294 0.16696119021396163551 0.00000000099999999999 0.26687194099794347979 0.00000000099999999999 0.01290775257399602235 0.03037179445610115047 
0.46616103301539474346 0.00000000099999999998 0.21633775146553058111 0.00000193481277418321 0.00000000099999999998 0.29991312182760831995 0.00000000099999999998 0.01758615487869227834 0.00000000099999999998 
0.99999999200000022626 0.00000000099999999985 0.00000000099999999985 0.00000000099999999985 0.00000000099999999985 0.00000000099999999985 0.00000000099999999985 0.00000000099999999985 0.00000000099999999985 
0.40897643496087598969 0.00000000099999999997 0.26384591340773877466 0.00000000099999999997 0.00000000099999999997 0.32717764563138523881 0.00000000099999999997 0.00000000099999999997 0.00000000099999999997 
0.00000000099999999993 0.99999999200000011523 0.00000000099999999993 0.00000000099999999993 0.00000000099999999993 0.00000000099999999993 0.00000000099999999993 0.00000000099999999993 0.00000000099999999993 
0.00000000099999999990 0.00000000099999999990 0.00000000099999999990 0.99999999200000011523 0.00000000099999999990 0.00000000099999999990 0.00000000099999999990 0.00000000099999999990 0.00000000099999999990 
0.00000000099999999950 0.00000000099999999950 0.00000000099999999950 0.00000000099999999950 0.00000000099999999950 0.00000000099999999950 0.99999999200000000421 0.00000000099999999950 0.00000000099999999950 
0.00000000099999999987 0.00000000099999999987 0.99999999200000011523 0.00000000099999999987 0.00000000099999999987 0.00000000099999999987 0.00000000099999999987 0.00000000099999999987 0.00000000099999999987 
0.00000000099999999961 0.00000000099999999961 0.00000000099999999961 0.00000000099999999961 0.66793540958244457251 0.00000000099999999961 0.33206458341755540342 0.00000000099999999961 0.00000000099999999961 
0.06336239961308484658 0.01502798204289287898 0.25831629966261859810 0.39144569795486366948 0.00000000099999999998 0.15595082990426861747 0.00000000099999999998 0.00000000099999999998 0.11589678782227154363 
0.00000000099999999949 0.00000000099999999949 0.00000000099999999949 0.00000000099999999949 0.00000000099999999949 0.00000000099999999949 0.99999999199999989319 0.00000000099999999949 0.00000000099999999949 
0.00000000099999999993 0.00000000099999999993 0.00000000099999999993 0.00000000099999999993 0.00000000099999999993 0.99999999200000000421 0.00000000099999999993 0.00000000099999999993 0.00000000099999999993 
0.18027769537651142095 0.00000000099999999999 0.17395391601917392643 0.00000000099999999999 0.00000000099999999999 0.59108710704657496660 0.00000000099999999999 0.00000000099999999999 0.05468127655773965395 
0.00000000099999999990 0.99999999200000022626 0.00000000099999999990 0.00000000099999999990 0.00000000099999999990 0.00000000099999999990 0.00000000099999999990 0.00000000099999999990 0.00000000099999999990 
0.00000000099999999994 0.00000000099999999994 0.32030435846500543429 0.00000000099999999994 0.00000000099999999994 0.67969563453499448613 0.00000000099999999994 0.00000000099999999994 0.00000000099999999994 
0.00000000099999999957 0.00000000099999999957 0.00000000099999999957 0.00000000099999999957 0.99999999200000011523 0.00000000099999999957 0.00000000099999999957 0.00000000099999999957 0.00000000099999999957 
0.00000000099999999951 0.00000000099999999951 0.00000000099999999951 0.00000000099999999951 0.00000000099999999951 0.00000000099999999951 0.99999999200000000421 0.00000000099999999951 0.00000000099999999951 
0.41594199676817666944 0.08099078469663564817 0.25383242755014551184 0.24840243907684758651 0.00000000099999999998 0.00083229187104083124 0.00000000099999999998 0.00000001379495939948 0.00000004424219443157 
0.00000000099999999991 0.99999999200000011523 0.00000000099999999991 0.00000000099999999991 0.00000000099999999991 0.00000000099999999991 0.00000000099999999991 0.00000000099999999991 0.00000000099999999991 
0.00000000099999999971 0.00000000099999999971 0.00000000099999999971 0.00000000099999999971 0.00000000099999999971 0.00000000099999999971 0.00000000099999999971 0.99999999200000000421 0.00000000099999999971 
0.00000000099999999992 0.99999999200000011523 0.00000000099999999992 0.00000000099999999992 0.00000000099999999992 0.00000000099999999992 0.00000000099999999992 0.00000000099999999992 0.00000000099999999992 
0.15930993197998619126 0.02859698995757482126 0.31432915591122451149 0.10009994153914578141 0.00000000099999999999 0.36103875324372014521 0.00000000099999999999 0.00000000099999999999 0.03662522436834846767 
0.00000000099999999957 0.00000000099999999957 0.00000000099999999957 0.00000000099999999957 0.51432219836568271454 0.00000000099999999957 0.48567779463431737241 0.00000000099999999957 0.00000000099999999957 
0.00000000099999999957 0.00000000099999999957 0.00000000099999999957 0.00000000099999999957 0.00000000099999999957 0.00000000099999999957 0.00000000099999999957 0.99999999200000000421 0.00000000099999999957 
0.00000000099999999962 0.00000000099999999962 0.00000000099999999962 0.00000000099999999962 0.99999999200000011523 0.00000000099999999962 0.00000000099999999962 0.00000000099999999962 0.00000000099999999962 
0.29717281343062290633 0.00000000099999999999 0.42599088795425343879 0.00000001447909686179 0.00000000099999999999 0.25125534474393462769 0.00000000099999999999 0.01499803020724669624 0.01058290618484552560 
0.00000000099999999988 0.99999999200000011523 0.00000000099999999988 0.00000000099999999988 0.00000000099999999988 0.00000000099999999988 0.00000000099999999988 0.00000000099999999988 0.00000000099999999988 
0.00000000099999999992 0.99999999200000022626 0.00000000099999999992 0.00000000099999999992 0.00000000099999999992 0.00000000099999999992 0.00000000099999999992 0.00000000099999999992 0.00000000099999999992 
0.00005490772203754483 0.21502597555215793856 0.40114403582706986695 0.00000000099999999997 0.00000000099999999997 0.27345250820133409908 0.00000000099999999997 0.00000000099999999997 0.11032256869740063310 
0.34992008908401356360 0.00258807662991543397 0.13157988619605662239 0.22534403278009765281 0.00000000099999999999 0.27246314295928947269 0.00000000099999999999 0.01810476935062744347 0.00000000099999999999 
0.99999999200000022626 0.00000000099999999986 0.00000000099999999986 0.00000000099999999986 0.00000000099999999986 0.00000000099999999986 0.00000000099999999986 0.00000000099999999986 0.00000000099999999986 
0.00000000099999999997 0.00723649911253471979 0.36702298022527873878 0.32987451485563396014 0.00000000099999999997 0.23933063698329840041 0.00000000099999999997 0.00000000099999999997 0.05653536482325424717 
0.12273654109580602045 0.00000000099999999998 0.30610706357649697384 0.27753751438259044448 0.00000000099999999998 0.21306173515381146566 0.00000000099999999998 0.00000000099999999998 0.08055714179129526420 
0.19379181382544333201 0.00000000099999999996 0.27204119854621167107 0.00005851570766341345 0.00000000099999999996 0.53410846692068159047 0.00000000099999999996 0.00000000099999999996 0.00000000099999999996 
0.00000000099999999994 0.00000000099999999994 0.62939816129093095753 0.37060183170906901839 0.00000000099999999994 0.00000000099999999994 0.00000000099999999994 0.00000000099999999994 0.00000000099999999994 
0.00000000099999999996 0.00000000099999999996 0.57135630082504185179 0.42864369217495823516 0.00000000099999999996 0.00000000099999999996 0.00000000099999999996 0.00000000099999999996 0.00000000099999999996 
0.00000000099999999995 0.00000000099999999995 0.00000000099999999995 0.00000000099999999995 0.00000000099999999995 0.99999999200000011523 0.00000000099999999995 0.00000000099999999995 0.00000000099999999995 
0.00000000099999999993 0.99999999200000022626 0.00000000099999999993 0.00000000099999999993 0.00000000099999999993 0.00000000099999999993 0.00000000099999999993 0.00000000099999999993 0.00000000099999999993 
0.03556823511413223504 0.96443175788586776864 0.00000000099999999996 0.00000000099999999996 0.00000000099999999996 0.00000000099999999996 0.00000000099999999996 0.00000000099999999996 0.00000000099999999996 
0.00000000099999999962 0.00000000099999999962 0.00000000099999999962 0.00000000099999999962 0.00000000099999999962 0.00000000099999999962 0.99999999199999989319 0.00000000099999999962 0.00000000099999999962 
0.00000000099999999995 0.99999999200000022626 0.00000000099999999995 0.00000000099999999995 0.00000000099999999995 0.00000000099999999995 0.00000000099999999995 0.00000000099999999995 0.00000000099999999995 
0.02386785758754392597 0.97613213541245613669 0.00000000099999999996 0.00000000099999999996 0.00000000099999999996 0.00000000099999999996 0.00000000099999999996 0.00000000099999999996 0.00000000099999999996 
0.17412144785438152250 0.01446476766426296745 0.18286361673784828907 0.17227118781759803712 0.00000000099999999998 0.42933793716291196452 0.00000000099999999998 0.00446679680508976253 0.02247424395790755328 
0.00000000099999999950 0.00000000099999999950 0.00000000099999999950 0.00000000099999999950 0.99999999200000000421 0.00000000099999999950 0.00000000099999999950 0.00000000099999999950 0.00000000099999999950 
0.32369173973459175464 0.00000000099999999998 0.34059649808210851196 0.10671312450237961655 0.00000000099999999998 0.19568509741061518303 0.00000000099999999998 0.00000000278441232273 0.03331353448589272764 
0.00000000099999999998 0.00966455475214587738 0.32377919740933996939 0.32722362493084161672 0.00000000099999999998 0.29257628710720207099 0.00000000099999999998 0.00003211113357294165 0.04672422166689756129 
0.39866107288216218185 0.00000000099999999998 0.00000000099999999998 0.00000013844903605243 0.00000000099999999998 0.55629236090305822504 0.00000000099999999998 0.00000000099999999998 0.04504642276574347126 
0.31677456391234737332 0.01133605164410285936 0.00000260456436129065 0.23719168971503851173 0.00000000099999999998 0.43469508616414997970 0.00000000099999999998 0.00000000099999999998 0.00000000099999999998 
0.00000000099999999993 0.00000000099999999993 0.87180458347429401478 0.00000000099999999993 0.00000000099999999993 0.00000000099999999993 0.00000000099999999993 0.00000000099999999993 0.12819540952570612768 
0.25576024635271238372 0.02186931599449076086 0.00004805184919606435 0.18536656467489459610 0.00000000099999999998 0.48062489604799440990 0.00000000099999999998 0.00000000099999999998 0.05633092208071186630 
0.41938332514042708787 0.00000000099999999998 0.25263397941833037885 0.00000000099999999998 0.00000000099999999998 0.31787028898363789420 0.00000000099999999998 0.00000000099999999998 0.01011240145760479089 
0.36292291658127967535 0.00340117002116192054 0.31285015095493601267 0.12164019225450561912 0.00000000099999999999 0.15875644588108753230 0.00000000099999999999 0.00001648285102703122 0.04041263945600220842 
0.00003912143396465443 0.00212977375525622448 0.23656650165882447956 0.16154848944248231812 0.00000000100000000000 0.53978260253794163592 0.00000000100000000000 0.02965311673560137168 0.03028039243592926116 
0.09655971215677230934 0.00000000099999999999 0.26383512797826408347 0.21550243931543661136 0.00000000099999999999 0.40355777076629267830 0.00000000099999999999 0.01013428271234659284 0.01041066407088773495 
0.17839197516648977460 0.00000000099999999996 0.31781467035613125693 0.23711299172388936030 0.00000000099999999996 0.26668035775348963856 0.00000000099999999996 0.00000000099999999996 0.00000000099999999996 
0.00000036452699163830 0.01409880256338293461 0.26273583667254840623 0.25047836211051049959 0.00000000099999999999 0.41199205030502888958 0.00000000099999999999 0.02271487141439110236 0.03797971040714660795 
0.27709902698431682078 0.00000000099999999996 0.43807535635519190276 0.28201590182651364858 0.00000000099999999996 0.00000000099999999996 0.00000000099999999996 0.00280970983397776843 0.00000000099999999996 
0.00000000099999999993 0.00000000099999999993 0.00000000099999999993 0.00000000099999999993 0.00000000099999999993 0.99999999200000011523 0.00000000099999999993 0.00000000099999999993 0.00000000099999999993 
0.00000000099999999996 0.00000000099999999996 0.40157541005909613840 0.00000000099999999996 0.00000000099999999996 0.59842458294090383752 0.00000000099999999996 0.00000000099999999996 0.00000000099999999996 
0.20579961446125083491 0.01927635941843542158 0.10042984038029621752 0.37102841861696927994 0.00000000099999999997 0.26204879051800333833 0.00000000099999999997 0.00000000099999999997 0.04141697360504493358 
0.26150079977262746800 0.00210681585350017391 0.44303372079667879824 0.00000061671492448848 0.00000000099999999998 0.29335295354541757185 0.00000000099999999998 0.00000509031685172406 0.00000000099999999998 
0.30529929803245481335 0.02612475881276207432 0.10179688287538972424 0.03592427200295190970 0.00000000099999999998 0.49151001258565013563 0.00000000099999999998 0.00000000099999999998 0.03934477269079147271 
0.17649167643611846090 0.00000000099999999998 0.08549343445765222871 0.29725534105122936035 0.00000000099999999998 0.42040533819092251733 0.00000000099999999998 0.00000000099999999998 0.02035420586407750074 
0.24146232194903846646 0.00903289496733443963 0.29276565571473145422 0.23765822790974050482 0.00000000099999999997 0.17035674551894641748 0.00000000099999999997 0.00000000099999999997 0.04872415094020886989 
0.00519025898324512389 0.00000000100000000000 0.00336993023314813072 0.24145108372462520396 0.00000000100000000000 0.53661195767501623788 0.07404650008897101232 0.00005819515481699797 0.13927207214017719994 
0.36729570636141994910 0.00000000099999999996 0.28925252706230014654 0.00000000099999999996 0.00000000099999999996 0.30576957071023946888 0.00000000099999999996 0.00000000099999999996 0.03768219086604059770 
0.00000000099999999974 0.00000000099999999974 0.00000000099999999974 0.00000000099999999974 0.00000000099999999974 0.00000000099999999974 0.00000000099999999974 0.00000000099999999974 0.99999999199999989319 
0.34241983358995703446 0.00000000099999999993 0.00000000099999999993 0.65757973631698996009 0.00000000099999999993 0.00000000099999999993 0.00000000099999999993 0.00000000099999999993 0.00000042409305308814 
0.40261917252479606510 0.00000000099999999997 0.00000000099999999997 0.34479993226214139534 0.00000000099999999997 0.24718466600549898748 0.00000000099999999997 0.00320831702100752734 0.00218790818655591364 
0.18030227195352027669 0.00118302853634657851 0.20896526622914926574 0.30698632693000482696 0.00000000099999999997 0.25096577070387776631 0.00000000099999999997 0.00000000099999999997 0.05159733264710143069 
0.01557184714794958638 0.00000000099999999999 0.13592056853765699387 0.26857624515263056608 0.00000000099999999999 0.45330885229568423922 0.00000000099999999999 0.00000000099999999999 0.12662248286607885595 
0.00000000099999999997 0.00000000099999999997 0.33685514105249347860 0.27451341906993043107 0.00000000099999999997 0.31185318196487399334 0.00000000099999999997 0.00000060568013797402 0.07677764823256413851 
0.00000000099999999991 0.00000000099999999991 0.00000000099999999991 0.00000000099999999991 0.00000000099999999991 0.99999999200000000421 0.00000000099999999991 0.00000000099999999991 0.00000000099999999991 
0.00000000099999999995 0.02320712953106235377 0.27277593024869944971 0.34996958522421622861 0.00000000099999999995 0.35404734999602199830 0.00000000099999999995 0.00000000099999999995 0.00000000099999999995 
0.00000000099999999992 0.99999999200000022626 0.00000000099999999992 0.00000000099999999992 0.00000000099999999992 0.00000000099999999992 0.00000000099999999992 0.00000000099999999992 0.00000000099999999992 
0.01345146842190571637 0.98654852457809449895 0.00000000099999999996 0.00000000099999999996 0.00000000099999999996 0.00000000099999999996 0.00000000099999999996 0.00000000099999999996 0.00000000099999999996 
0.00000000099999999955 0.00000000099999999955 0.00000000099999999955 0.00000000099999999955 0.00000000099999999955 0.00000000099999999955 0.99999999199999989319 0.00000000099999999955 0.00000000099999999955 
0.00000000099999999959 0.00000000099999999959 0.00000000099999999959 0.00000000099999999959 0.00000000099999999959 0.00000000099999999959 0.00000000099999999959 0.99999999200000000421 0.00000000099999999959 
0.00000000099999999999 0.89402307621697085782 0.00002167308501248652 0.00000000099999999999 0.00000000099999999999 0.00000000099999999999 0.00000000099999999999 0.03762608126985944601 0.06832916442815741009 
0.20877229994703616622 0.00000000099999999996 0.55290649605442276915 0.23832119799854117881 0.00000000099999999996 0.00000000099999999996 0.00000000099999999996 0.00000000099999999996 0.00000000099999999996 
0.00000000099999999996 0.00000000099999999996 0.61858963116375775826 0.00000000099999999996 0.00000000099999999996 0.38141036183624221767 0.00000000099999999996 0.00000000099999999996 0.00000000099999999996 
0.00000000099999999996 0.96129469757679786301 0.00000000099999999996 0.00000000099999999996 0.00000000099999999996 0.00000000099999999996 0.00000000099999999996 0.00000001474383739977 0.03870528167936495428 
0.42732946277872513319 0.00000000099999999996 0.07990898051783974776 0.00000000099999999996 0.00000000099999999996 0.49276155070343519160 0.00000000099999999996 0.00000000099999999996 0.00000000099999999996 
0.00000000099999999994 0.00000000099999999994 0.00000000099999999994 0.00000000099999999994 0.00000000099999999994 0.99999999200000011523 0.00000000099999999994 0.00000000099999999994 0.00000000099999999994 
0.00000000099999999992 0.00000000099999999992 0.00000000099999999992 0.00000000099999999992 0.00000000099999999992 0.99999999200000011523 0.00000000099999999992 0.00000000099999999992 0.00000000099999999992 
0.00000000099999999947 0.00000000099999999947 0.00000000099999999947 0.00000000099999999947 0.00000000099999999947 0.00000000099999999947 0.99999999199999989319 0.00000000099999999947 0.00000000099999999947 
0.00000000099999999948 0.00000000099999999948 0.00000000099999999948 0.00000000099999999948 0.00000000099999999948 0.00000000099999999948 0.99999999200000000421 0.00000000099999999948 0.00000000099999999948 
0.00000000099999999942 0.00000000099999999942 0.00000000099999999942 0.00000000099999999942 0.00000000099999999942 0.00000000099999999942 0.99999999200000000421 0.00000000099999999942 0.00000000099999999942 
0.00000000099999999951 0.00000000099999999951 0.00000000099999999951 0.00000000099999999951 0.99999999200000000421 0.00000000099999999951 0.00000000099999999951 0.00000000099999999951 0.00000000099999999951 
0.00000000099999999955 0.00000000099999999955 0.00000000099999999955 0.00000000099999999955 0.51248639390981021169 0.00000000099999999955 0.48751359909018976424 0.00000000099999999955 0.00000000099999999955 
0.00000000099999999996 0.99999999200000011523 0.00000000099999999996 0.00000000099999999996 0.00000000099999999996 0.00000000099999999996 0.00000000099999999996 0.00000000099999999996 0.00000000099999999996 
0.20398633079735134510 0.00000000099999999998 0.19181484974066384530 0.34900812885274118402 0.00000000099999999998 0.19296596385512554406 0.00000000099999999998 0.00515754767569049765 0.05706717607842762968 
0.00000000099999999953 0.00000000099999999953 0.00000000099999999953 0.00000000099999999953 0.99999999200000011523 0.00000000099999999953 0.00000000099999999953 0.00000000099999999953 0.00000000099999999953 
0.00000000099999999957 0.00000000099999999957 0.00000000099999999957 0.00000000099999999957 0.99999999200000011523 0.00000000099999999957 0.00000000099999999957 0.00000000099999999957 0.00000000099999999957 
0.00000000099999999957 0.00000000099999999957 0.00000000099999999957 0.00000000099999999957 0.00000000099999999957 0.00000000099999999957 0.00000000099999999957 0.99999999199999989319 0.00000000099999999957 
0.00000000099999999958 0.00000000099999999958 0.00000000099999999958 0.00000000099999999958 0.00000000099999999958 0.00000000099999999958 0.00000000099999999958 0.99999999200000000421 0.00000000099999999958 
0.26709379083376322273 0.00000000099999999998 0.23209780295439008668 0.22375323824979648224 0.00000000099999999998 0.27705516296205023874 0.00000000099999999998 0.00000000099999999998 0.00000000099999999998 
0.00000000099999999954 0.00000000099999999954 0.00000000099999999954 0.00000000099999999954 0.99999999200000000421 0.00000000099999999954 0.00000000099999999954 0.00000000099999999954 0.00000000099999999954 
0.34331990257805189426 0.00000000099999999999 0.24733004425273377724 0.00000000099999999999 0.00000000099999999999 0.37593869456449097166 0.00000000099999999999 0.00000000099999999999 0.03341135360472350518 
0.00000000099999999989 0.00000000099999999989 0.99999999200000000421 0.00000000099999999989 0.00000000099999999989 0.00000000099999999989 0.00000000099999999989 0.00000000099999999989 0.00000000099999999989 
0.05165093784442574554 0.93486771046518513106 0.00000000099999999996 0.00000000099999999996 0.00000000099999999996 0.00000000099999999996 0.00000000099999999996 0.00000000099999999996 0.01348134569038934860 
0.00000000099999999994 0.00000000099999999994 0.45788645206859640568 0.54211354093140362576 0.00000000099999999994 0.00000000099999999994 0.00000000099999999994 0.00000000099999999994 0.00000000099999999994 
0.00000000099999999989 0.99999999200000011523 0.00000000099999999989 0.00000000099999999989 0.00000000099999999989 0.00000000099999999989 0.00000000099999999989 0.00000000099999999989 0.00000000099999999989 
0.99999999200000022626 0.00000000099999999986 0.00000000099999999986 0.00000000099999999986 0.00000000099999999986 0.00000000099999999986 0.00000000099999999986 0.00000000099999999986 0.00000000099999999986 
0.00000000099999999991 0.99999999200000022626 0.00000000099999999991 0.00000000099999999991 0.00000000099999999991 0.00000000099999999991 0.00000000099999999991 0.00000000099999999991 0.00000000099999999991 
0.39287424776338214505 0.00000000099999999997 0.49564187716249813453 0.00000000099999999997 0.00000000099999999997 0.00000000099999999997 0.00000000099999999997 0.00000000099999999997 0.11148386907411980684 
0.00000000099999999992 0.00000000099999999992 0.99999999200000000421 0.00000000099999999992 0.00000000099999999992 0.00000000099999999992 0.00000000099999999992 0.00000000099999999992 0.00000000099999999992 
0.00000000099999999957 0.00000000099999999957 0.00000000099999999957 0.00000000099999999957 0.99999999200000000421 0.00000000099999999957 0.00000000099999999957 0.00000000099999999957 0.00000000099999999957 
0.00000000099999999993 0.99999999200000022626 0.00000000099999999993 0.00000000099999999993 0.00000000099999999993 0.00000000099999999993 0.00000000099999999993 0.00000000099999999993 0.00000000099999999993 
0.00000000099999999953 0.00000000099999999953 0.00000000099999999953 0.00000000099999999953 0.99999999200000011523 0.00000000099999999953 0.00000000099999999953 0.00000000099999999953 0.00000000099999999953 
0.00000000099999999950 0.00000000099999999950 0.00000000099999999950 0.00000000099999999950 0.99999999200000011523 0.00000000099999999950 0.00000000099999999950 0.00000000099999999950 0.00000000099999999950 
0.00000000099999999989 0.00000000099999999989 0.00000000099999999989 0.99999999200000000421 0.00000000099999999989 0.00000000099999999989 0.00000000099999999989 0.00000000099999999989 0.00000000099999999989 
0.00000000099999999991 0.00000000099999999991 0.99999999200000000421 0.00000000099999999991 0.00000000099999999991 0.00000000099999999991 0.00000000099999999991 0.00000000099999999991 0.00000000099999999991 
0.16530440327772844000 0.00000000099999999996 0.28120410457428818285 0.19072428259170215448 0.00000000099999999996 0.36276720455628119755 0.00000000099999999996 0.00000000099999999996 0.00000000099999999996 
0.07568496620260208030 0.00000000099999999997 0.19150471065707541651 0.32862591320412165574 0.00000000099999999997 0.37119602369641302442 0.00000000099999999997 0.00000000099999999997 0.03298838223978783901 
0.00000000099999999998 0.00000000099999999998 0.20261371429672156430 0.20946667760599538277 0.00000000099999999998 0.50525482933194831858 0.00000000099999999998 0.00661107185468673073 0.07605370291064800226 
0.12638523104553522902 0.00003296754108654007 0.28403550312580394532 0.24477043303502754590 0.00000000099999999997 0.25825991350057442286 0.00000000099999999997 0.00285515645997887809 0.08366079329199344050 
0.00000000099999999989 0.00000000099999999989 0.99999999200000000421 0.00000000099999999989 0.00000000099999999989 0.00000000099999999989 0.00000000099999999989 0.00000000099999999989 0.00000000099999999989 
0.00000000099999999994 0.96954093549085140769 0.00000000099999999994 0.00000000099999999994 0.00000000099999999994 0.03045905750914878335 0.00000000099999999994 0.00000000099999999994 0.00000000099999999994 
0.00000000099999999996 0.00000000099999999996 0.09030766969991779747 0.20947147965793819213 0.00000000099999999996 0.65325224584755259283 0.00000000099999999996 0.00000000099999999996 0.04696859979459142020 
0.00000000099999999952 0.00000000099999999952 0.00000000099999999952 0.00000000099999999952 0.99999999200000000421 0.00000000099999999952 0.00000000099999999952 0.00000000099999999952 0.00000000099999999952 
0.37261816668669983654 0.00000000099999999997 0.00000000099999999997 0.31159969102251494633 0.00000000099999999997 0.31578213629078522029 0.00000000099999999997 0.00000000099999999997 0.00000000099999999997 
0.00000000099999999976 0.00000000099999999976 0.00000000099999999976 0.00000000099999999976 0.00000000099999999976 0.00000000099999999976 0.99999999200000000421 0.00000000099999999976 0.00000000099999999976 
0.00000000099999999956 0.00000000099999999956 0.00000000099999999956 0.00000000099999999956 0.99999999200000011523 0.00000000099999999956 0.00000000099999999956 0.00000000099999999956 0.00000000099999999956 
0.00000000099999999995 0.00000000099999999995 0.00000000099999999995 0.00000000099999999995 0.00000000099999999995 0.99999993920565810601 0.00000000099999999995 0.00000000099999999995 0.00000005379434191378 
0.00000000099999999996 0.00000000099999999996 0.57930013561259929844 0.42069985738740056647 0.00000000099999999996 0.00000000099999999996 0.00000000099999999996 0.00000000099999999996 0.00000000099999999996 
0.00000000099999999994 0.00000000099999999994 0.00000000099999999994 0.00000000099999999994 0.00000000099999999994 0.99999999200000000421 0.00000000099999999994 0.00000000099999999994 0.00000000099999999994 
0.00000000099999999957 0.00000000099999999957 0.00000000099999999957 0.00000000099999999957 0.00000000099999999957 0.00000000099999999957 0.99999999199999989319 0.00000000099999999957 0.00000000099999999957 
0.00000000099999999991 0.99999999200000022626 0.00000000099999999991 0.00000000099999999991 0.00000000099999999991 0.00000000099999999991 0.00000000099999999991 0.00000000099999999991 0.00000000099999999991 
0.00000000099999999992 0.99999999200000022626 0.00000000099999999992 0.00000000099999999992 0.00000000099999999992 0.00000000099999999992 0.00000000099999999992 0.00000000099999999992 0.00000000099999999992 
0.00000000099999999957 0.00000000099999999957 0.00000000099999999957 0.00000000099999999957 0.99999999200000000421 0.00000000099999999957 0.00000000099999999957 0.00000000099999999957 0.00000000099999999957 
0.00000000099999999993 0.00000000099999999993 0.00000000099999999993 0.00000000099999999993 0.00000000099999999993 0.99999999200000011523 0.00000000099999999993 0.00000000099999999993 0.00000000099999999993 
0.44913561942120616699 0.03274468617553530358 0.00001472639438899001 0.22054470611496723720 0.00000000099999999999 0.27285715391723869283 0.00000000099999999999 0.00000000288379654978 0.02470310309286712427 
0.00000000099999999952 0.00000000099999999952 0.00000000099999999952 0.00000000099999999952 0.00000000099999999952 0.00000000099999999952 0.99999999200000000421 0.00000000099999999952 0.00000000099999999952 
0.29241466997941978345 0.00000000099999999997 0.24329652956578015632 0.08269856176602799480 0.00000000099999999997 0.26937585930874596851 0.00000000099999999997 0.00000000099999999997 0.11221437538002612677 
0.00000000099999999989 0.99999999200000022626 0.00000000099999999989 0.00000000099999999989 0.00000000099999999989 0.00000000099999999989 0.00000000099999999989 0.00000000099999999989 0.00000000099999999989 
0.58795142833788194281 0.20530348415643559501 0.00000000099999999999 0.00000000099999999999 0.00000000099999999999 0.00000000099999999999 0.10089614066702250195 0.10584894183866010164 0.00000000099999999999 
