0.97524160199182408082 0.01192352020510133170 0.01283487780307457880 
0.00000000099999999998 0.00000000099999999998 0.99999999799999994554 
0.00000000099999999997 0.00000000099999999997 0.99999999800000005656 
0.95558533085480845681 0.00000000099999999999 0.04441466814519151596 
0.99845890859155750352 0.00013518047299209866 0.00140591093545049941 
0.96667686777867212200 0.00000000099999999999 0.03332313122132787159 
0.00000000099999999998 0.00000000099999999998 0.99999999800000005656 
0.00000000099999999997 0.00000000099999999997 0.99999999800000005656 
0.98735696881249290779 0.00000000100000000000 0.01264303018750710661 
0.00000000099999999998 0.00000000099999999998 0.99999999800000005656 
0.98145812015640632175 0.00000000531594557535 0.01854187452764810215 
0.97463302484734037900 0.00000000099999999999 0.02536697415265960417 
0.99366977551411816982 0.00000000100000000000 0.00633022348588171101 
0.98146741343718113537 0.00146226707750867109 0.01707031948531021262 
0.98153836312618503168 0.01622084859446088628 0.00224078827935411369 
0.91957531558462157761 0.01292507946896390494 0.06749960494641447928 
0.99291881340441057180 0.00000000099999999999 0.00708118559558959613 
0.99268619501013999340 0.00731380398985990391 0.00000000100000000000 
0.98206420606369937421 0.01162243617023923578 0.00631335776606130761 
0.99714681662795523476 0.00000000099999999999 0.00285318237204473281 
0.99724622757203340573 0.00000000100000000000 0.00275377142796667156 
0.00000000099999999998 0.00000000099999999998 0.99999999800000005656 
0.97008484458765587011 0.00000000099999999999 0.02991515441234420675 
0.96152360727505958859 0.00000000099999999999 0.03847639172494036336 
0.96630344015032321181 0.00000000099999999999 0.03369655884967695525 
0.99999999800000005656 0.00000000099999999999 0.00000000099999999999 
0.03939011440214171961 0.78864860236288536477 0.17196128323497295032 
0.00006171603663215718 0.80522749098628509934 0.19471079297708274169 
0.99331483459194180874 0.00014704911785893226 0.00653811629019931950 
0.99999993684135035643 0.00000000100000000000 0.00000006215864969726 
0.97142833598002786832 0.00000000099999999999 0.02857166301997221894 
0.00000000099999999998 0.00000000099999999998 0.99999999800000005656 
0.45055962732212734290 0.24169189754096276346 0.30774847513690994916 
0.99987222067885028753 0.00000000099999999999 0.00012777832114984681 
0.00000000099999999989 0.99999999799999994554 0.00000000099999999989 
0.00000000099999999986 0.99999999800000005656 0.00000000099999999986 
0.00000000099999999987 0.99999999800000005656 0.00000000099999999987 
0.06145747295283923717 0.79587224163267078492 0.14267028541449008894 
0.02703266663388362995 0.80084175780924560240 0.17212557555687083011 
0.99818468136195048768 0.00000000099999999999 0.00181531763804944498 
0.00000000099999999998 0.00000000099999999998 0.99999999799999994554 
0.05986144229760359536 0.78696479053411694249 0.15317376716827960093 
0.97005929282097635991 0.00000000100000000000 0.02994070617902369613 
0.00000000099999999997 0.00000000099999999997 0.99999999800000005656 
0.02581870265750929594 0.78824051990843679860 0.18594077743405390546 
0.97625573499600537541 0.00000000099999999999 0.02374426400399470144 
0.03922460556968126316 0.78983175510881098447 0.17094363932150780094 
0.00000000099999999998 0.00000000099999999998 0.99999999800000005656 
0.00000000099999999996 0.00000000099999999996 0.99999999799999994554 
0.01634196333117406488 0.79243086413249885780 0.19122717253632712242 
0.03662526126955591155 0.80231699237381182144 0.16105774635663219763 
0.00000000099999999998 0.00000000099999999998 0.99999999799999994554 
0.00000000099999999998 0.00000000099999999998 0.99999999800000005656 
0.00000000099999999998 0.00000000099999999998 0.99999999799999994554 
0.03635090089938301100 0.79284284202107357942 0.17080625707954352754 
0.94302302639622237468 0.00568943032189527485 0.05128754328188232098 
0.97433670288720808372 0.01476078857954621175 0.01090250853324574963 
0.97272151009564833402 0.00000000099999999999 0.02727848890435160059 
0.98162830411891577320 0.00000000099999999999 0.01837169488108412324 
0.00000000099999999998 0.00000000099999999998 0.99999999799999994554 
0.99449606923829347860 0.00497599081152397867 0.00052793995018254587 
0.00000000099999999988 0.99999999800000005656 0.00000000099999999988 
0.98459944006254573878 0.00000000099999999999 0.01540055893745425307 
0.00000000099999999989 0.99999999799999994554 0.00000000099999999989 
0.95361971600344186406 0.00000000100000000000 0.04638028299655808789 
0.00000000099999999988 0.99999999799999994554 0.00000000099999999988 
0.98632769536775788399 0.00000000099999999999 0.01367230363224227960 
0.98245524211368229217 0.00075984739813689142 0.01678491048818089165 
0.00000000099999999997 0.00000000099999999997 0.99999999799999994554 
0.99999791001087956488 0.00000000099999999999 0.00000208898912046310 
0.00000000099999999988 0.99999999799999994554 0.00000000099999999988 
0.00000000099999999989 0.99999999799999994554 0.00000000099999999989 
0.90824694225311841667 0.00000000100000000000 0.09175305674688150059 
0.00000000099999999997 0.00000000099999999997 0.99999999800000005656 
0.06937180933212079570 0.77084564030267344048 0.15978255036520563892 
0.00000000099999999997 0.00000000099999999997 0.99999999799999994554 
0.95969262604700755759 0.00000000100000000000 0.04030737295299249151 
0.00000000099999999987 0.99999999799999994554 0.00000000099999999987 
0.02647859308650132859 0.81085432608164653701 0.16266708083185205114 
0.00000000099999999991 0.99999999799999994554 0.00000000099999999991 
0.98100671229414104779 0.01442793953080520782 0.00456534817505377215 
0.00000000099999999997 0.00000000099999999997 0.99999999800000005656 
0.00000000099999999998 0.00000000099999999998 0.99999999799999994554 
0.76313107027176585451 0.00000000099999999999 0.23686892872823417378 
0.99106041946149248112 0.00000758964310755007 0.00893199089540002746 
0.98568113614997954208 0.00000000099999999999 0.01431886285002044630 
0.97138638860831516553 0.00000000099999999999 0.02861361039168480724 
0.99854979119380704589 0.00000000099999999999 0.00145020780619301449 
0.99999999799999994554 0.00000000099999999999 0.00000000099999999999 
0.98303603467570344066 0.00000000099999999999 0.01696396432429654252 
0.98211109680548236422 0.00000000099999999999 0.01788890219451763977 
0.96050391095913811856 0.00000000100000000000 0.03949608804086185421 
0.00000000099999999998 0.00000000099999999998 0.99999999799999994554 
0.00041675230600346909 0.00000000099999999999 0.99958324669399645224 
0.00000000099999999992 0.99999999800000005656 0.00000000099999999992 
0.00000000099999999998 0.00000000099999999998 0.99999999799999994554 
0.00000000099999999999 0.00000000099999999999 0.99999999800000005656 
0.97093097530626859548 0.00000000099999999999 0.02906902369373136688 
0.00000000099999999986 0.99999999799999994554 0.00000000099999999986 
0.99999792351849436933 0.00000207126236455720 0.00000000521914112901 
0.97793131303369962293 0.00000000099999999999 0.02206868596630036025 
0.98699799450644309928 0.00868005682477771684 0.00432194866877919082 
0.96969675054299075967 0.00000000101504491329 0.03030324844196435885 
0.99329618759281057550 0.00000000163043935359 0.00670381077675002643 
0.95953726699695474078 0.00000000100000000000 0.04046273200304535689 
0.99598475547181408718 0.00000000100000000000 0.00401524352818588646 
0.98000062032357093678 0.00000000100000000000 0.01999937867642918518 
0.95886640950837676023 0.01918845001192015509 0.02194514047970316795 
0.98972237914871974418 0.00000017372977688717 0.01027744712150336671 
0.99963854438841626138 0.00000000099999999999 0.00036145461158371909 
0.95314314557973944808 0.01575811625921003448 0.03109873816105043418 
0.99999984295562327485 0.00000000099999999999 0.00000015604437670451 
0.98465752510876758397 0.00000000100000000000 0.01534247389123247901 
0.99854122504738529464 0.00000000099999999999 0.00145877395261471954 
0.96406753198257721937 0.00000000099999999999 0.03593246701742281585 
0.98026885540742803027 0.00000000100000000000 0.01973114359257195638 
0.95662192529086187420 0.00000000100000000000 0.04337807370913820265 
0.99369382722736543379 0.00000000100000000000 0.00630617177263461011 
0.97050017411774147646 0.00000000099999999999 0.02949982488225841998 
0.89387376154439335263 0.07530886135783700086 0.03081737709776961875 
0.99308267167919805907 0.00000000099999999999 0.00691732732080207417 
0.97859396737806048083 0.00000000099999999999 0.02140603162193965500 
0.96945935559798035452 0.00000000099999999999 0.03054064340201957314 
0.99650708831844780899 0.00000000760640870694 0.00349290407514355784 
0.98381995639455865899 0.00000000099999999999 0.01618004260544138664 
0.98616245101136545959 0.00416931276483149208 0.00966823622380308390 
0.97657457374624168089 0.00000000099999999999 0.02342542525375838208 
0.99999998142507284804 0.00000000099999999999 0.00000001757492708836 
0.96314031565711644145 0.00000000099999999999 0.03685968334288360765 
0.00000000099999999997 0.00000000099999999997 0.99999999800000005656 
0.00000001930979515277 0.00000000099999999999 0.99999997969020482103 
0.00000000099999999991 0.99999999800000005656 0.00000000099999999991 
0.01912021701645017641 0.81588561357389255413 0.16499416940965735967 
0.06311342972512470895 0.01395173290984815136 0.92293483736502712755 
0.98354249351296751946 0.00000000099999999999 0.01645750548703250882 
0.96753572627196637868 0.00000000211162745589 0.03246427161640617204 
0.00000000099999999999 0.00000000099999999999 0.99999999799999994554 
0.97776397331897568765 0.00000000099999999999 0.02223602568102430940 
0.99153679775051450918 0.00000000099999999999 0.00846320124948565788 
0.99999999800000005656 0.00000000099999999999 0.00000000099999999999 
0.00000000099999999987 0.99999999800000005656 0.00000000099999999987 
0.00000000099999999987 0.99999999799999994554 0.00000000099999999987 
0.00000000099999999986 0.99999999800000005656 0.00000000099999999986 
0.00000000099999999986 0.99999999799999994554 0.00000000099999999986 
0.00000000099999999988 0.99999999800000005656 0.00000000099999999988 
0.00000000099999999999 0.00000000099999999999 0.99999999799999994554 
0.99294548071257549005 0.00007452197191714328 0.00697999731550735629 
0.00000000099999999987 0.99999999799999994554 0.00000000099999999987 
0.00000000099999999988 0.99999999800000005656 0.00000000099999999988 
0.00000000100000000000 0.81891362269108491923 0.18108637630891519232 
0.02534942595124242345 0.81098469632947733921 0.16366587771928031714 
0.99999862789135207652 0.00000000100000000000 0.00000137110864801989 
0.00000000099999999988 0.99999999799999994554 0.00000000099999999988 
0.98137198790242818891 0.00000000100000000000 0.01862801109757183243 
0.99999999800000005656 0.00000000099999999999 0.00000000099999999999 
0.03694959405219838677 0.00000000099999999999 0.96305040494780169702 
0.98494573880469427074 0.00000000099999999999 0.01505426019530569683 
0.00000000099999999997 0.00000000099999999997 0.99999999799999994554 
0.97178106676527342689 0.00000000099999999999 0.02821893223472661180 
0.00000000099999999997 0.00000000099999999997 0.99999999800000005656 
0.97797533071755315959 0.00221506170964620112 0.01980960757280065057 
0.99695268336946174514 0.00244592221425407033 0.00060139441628416870 
0.00000000099999999988 0.99999999800000005656 0.00000000099999999988 
0.00000000099999999998 0.00000000099999999998 0.99999999799999994554 
0.00000000099999999986 0.99999999800000005656 0.00000000099999999986 
0.00000000099999999988 0.99999999800000005656 0.00000000099999999988 
0.98668534990392176010 0.00000000099999999999 0.01331464909607836186 
0.96964285949149842114 0.00000000099999999999 0.03035713950850157938 
0.98992486446609162520 0.00000000099999999999 0.01007513453390851063 
0.99077708645205930793 0.00000000099999999999 0.00922291254794067872 
0.98526466115438926519 0.00000000100000000000 0.01473533784561082381 
0.97528513700981123158 0.00000000099999999999 0.02471486199018883834 
0.99999999800000005656 0.00000000099999999999 0.00000000099999999999 
0.00357293328213749168 0.00000000099999999998 0.99642706571786254788 
0.99999665068503196252 0.00000000099999999999 0.00000334831496793092 
0.00000000099999999987 0.99999999799999994554 0.00000000099999999987 
0.99803048059834376105 0.00000000100000000000 0.00196951840165628892 
0.00000000099999999996 0.99999999800000005656 0.00000000099999999996 
0.00000000099999999989 0.99999999799999994554 0.00000000099999999989 
0.97296862557065644239 0.00000000099999999999 0.02703137342934365875 
0.99999996588829298538 0.00000000100000000000 0.00000003311170699221 
0.97715776225864803273 0.00000000100000000000 0.02284223674135206841 
0.00000000099999999990 0.99999999799999994554 0.00000000099999999990 
0.00000000099999999997 0.00000000099999999997 0.99999999799999994554 
0.00000000099999999997 0.00000000099999999997 0.99999999800000005656 
0.00000000099999999989 0.99999999800000005656 0.00000000099999999989 
0.98800529123385416597 0.00000000100000000000 0.01199470776614574782 
0.95244944056665958865 0.00000000130124133962 0.04755055813209895649 
0.00000000099999999989 0.99999999800000005656 0.00000000099999999989 
0.98738133526248850202 0.00000000099999999999 0.01261866373751143605 
0.00000000099999999997 0.00000000099999999997 0.99999999799999994554 
0.55128760602640802801 0.18740999993582882488 0.26130239403776317486 
0.96805268665903321246 0.00040861236915681561 0.03153870097180988541 
0.95802597451211823909 0.00000000100000000000 0.04197402448788181695 
0.99480784350383588688 0.00000000100000000000 0.00519215549616427845 
0.99933871766829918126 0.00000000099999999999 0.00066128133170088161 
0.99999999800000005656 0.00000000099999999999 0.00000000099999999999 
0.98882130716982119534 0.00000000099999999999 0.01117869183017877743 
0.98544339970011529672 0.00000000100000000000 0.01455659929988470727 
0.96158390973539809021 0.01100891738807200856 0.02740717287653000878 
0.00000000099999999998 0.00000000099999999998 0.99999999800000005656 
0.97429836602964914327 0.00000000099999999999 0.02570163297035086419 
0.99999996763330889493 0.00000000100000000000 0.00000003136669103132 
0.94933726952743202609 0.00000000100000000000 0.05066272947256815484 
0.98106943439488492054 0.00000000099999999999 0.01893056460511511122 
0.95865374670702574456 0.00188705497770282776 0.03945919831527148341 
0.99999801680947186799 0.00000000099999999999 0.00000198219052809677 
0.97839173987569272306 0.00000000100000000000 0.02160825912430741277 
0.00263459018163764332 0.00000000099999999999 0.99736540881836233119 
0.97119353596999824507 0.00000000100000000000 0.02880646303000185260 
0.98913841770898192074 0.00000000100000000000 0.01086158129101816999 
0.97632943197928223622 0.01061958066695387753 0.01305098735376380471 
0.00000003819407715396 0.00000000099999999999 0.99999996080592290504 
0.95004221871731631133 0.01970018012083256040 0.03025760116185111440 
0.98543222893720772149 0.00000000530073549626 0.01456776576205673183 
0.51389129960531254593 0.00000000099999999999 0.48610869939468737133 
0.97127892207390198465 0.00000000099999999999 0.02872107692609793261 
0.00000000099999999990 0.99999999799999994554 0.00000000099999999990 
0.97051187786204784480 0.00000022264896147500 0.02948789948899071395 
0.96983664263727265009 0.00000000100000000000 0.03016335636272733309 
