0.00000000099999999999 0.00000000099999999999 0.00872398686722318691 0.00000000099999999999 0.99127601013277688580 
0.99999999600000000211 0.00000000099999999996 0.00000000099999999996 0.00000000099999999996 0.00000000099999999996 
0.99999999600000011313 0.00000000099999999996 0.00000000099999999996 0.00000000099999999996 0.00000000099999999996 
0.03557205182917956565 0.31013677307546272388 0.00202328116112945574 0.00000000099999999999 0.65226789293422826610 
0.00000000100000000000 0.39523271677640331445 0.00677826703016940445 0.00000000100000000000 0.59798901419342731511 
0.02331314025590870698 0.45927663835162402250 0.00024997003613526613 0.00000000099999999999 0.51716025035633195195 
0.99999999600000000211 0.00000000099999999997 0.00000000099999999997 0.00000000099999999997 0.00000000099999999997 
0.99999999600000011313 0.00000000099999999995 0.00000000099999999995 0.00000000099999999995 0.00000000099999999995 
0.00267778822408952684 0.45139251825978649046 0.01398156885277575950 0.00000000099999999999 0.53194812366334809361 
0.99999999600000000211 0.00000000099999999996 0.00000000099999999996 0.00000000099999999996 0.00000000099999999996 
0.01237820032330351309 0.38781301358190750639 0.00668669151858753124 0.00000000099999999999 0.59312209357620149230 
0.01567596145295933538 0.41911414430205251591 0.00528868490848114978 0.00000000099999999999 0.55992120833650693701 
0.00000000100000000000 0.43017840780328164829 0.00183383566133857095 0.00000000100000000000 0.56798775453537986291 
0.00378447268770779359 0.44401627624484496515 0.01368767870933492239 0.00000000099999999999 0.53851157135811222876 
0.00000000100000000000 0.31177156984474491130 0.01753451012306772583 0.00513211541195919638 0.66556180362022820951 
0.05515589153410282997 0.37648360126099428280 0.02868179293933218951 0.00000000099999999999 0.53967871326557059763 
0.00000000099999999999 0.29609054192994704868 0.00000000099999999999 0.00000000099999999999 0.70390945507005275861 
0.00000000099999999999 0.50458855372423117025 0.00000000099999999999 0.00000000099999999999 0.49541144327576897011 
0.00000000100000000000 0.24535630201435171260 0.00719170196687367574 0.00545651050003538411 0.74199548451873931221 
0.00000000099999999997 0.00000000099999999997 0.00000000099999999997 0.00000000099999999997 0.99999999599999989108 
0.00000000099999999999 0.27526165038953998021 0.00000000099999999999 0.00000000099999999999 0.72473834661045999361 
0.99999999600000000211 0.00000000099999999997 0.00000000099999999997 0.00000000099999999997 0.00000000099999999997 
0.02382101981303602969 0.32824321418142499152 0.00000000099999999999 0.00000000099999999999 0.64793576400553876127 
0.00000000099999999991 0.99999999600000000211 0.00000000099999999991 0.00000000099999999991 0.00000000099999999991 
0.02255026881414972512 0.00000000099999999997 0.00000000099999999997 0.00000000099999999997 0.97744972818585040830 
0.00000000099999999999 0.31888113934217826584 0.00180244193077807040 0.00000000099999999999 0.67931641672704357049 
0.00000000099999999983 0.00000000099999999983 0.99999999600000000211 0.00000000099999999983 0.00000000099999999983 
0.00000000099999999980 0.00000000099999999980 0.99999999599999989108 0.00000000099999999980 0.00000000099999999980 
0.00000000100000000000 0.35854813091450349338 0.00656934745127755234 0.00000000100000000000 0.63488251963421882262 
0.00000000099999999999 0.43700355764116510793 0.00771301955208023634 0.00000000099999999999 0.55528342080675463510 
0.02076077225587772551 0.32204689496355931588 0.00000000099999999999 0.00000000099999999999 0.65719233078056282782 
0.98043279402112792908 0.01956720297887214535 0.00000000099999999997 0.00000000099999999997 0.00000000099999999997 
0.18352976091553793725 0.46075404524071794654 0.35571619184374414502 0.00000000099999999995 0.00000000099999999995 
0.00000000099999999999 0.37433403142402527086 0.00000000099999999999 0.00000000099999999999 0.62566596557597464745 
0.00000000099999999980 0.00000000099999999980 0.00000000099999999980 0.99999999600000000211 0.00000000099999999980 
0.00000000099999999975 0.00000000099999999975 0.00000000099999999975 0.99999999599999989108 0.00000000099999999975 
0.00000000099999999975 0.00000000099999999975 0.00000000099999999975 0.99999999600000000211 0.00000000099999999975 
0.00000000099999999984 0.00000000099999999984 0.99999999599999989108 0.00000000099999999984 0.00000000099999999984 
0.00000000099999999982 0.00000000099999999982 0.99999999599999989108 0.00000000099999999982 0.00000000099999999982 
0.00000000099999999999 0.42928897155895912041 0.00000000099999999999 0.00000000099999999999 0.57071102544104079790 
0.99999999600000011313 0.00000000099999999997 0.00000000099999999997 0.00000000099999999997 0.00000000099999999997 
0.00000000099999999982 0.00000000099999999982 0.99999999600000000211 0.00000000099999999982 0.00000000099999999982 
0.02069457781687271750 0.32046877513669963511 0.00847895589091273924 0.00000000099999999999 0.65035769015551481154 
0.99999999600000000211 0.00000000099999999995 0.00000000099999999995 0.00000000099999999995 0.00000000099999999995 
0.00000000099999999985 0.00000000099999999985 0.99999999599999989108 0.00000000099999999985 0.00000000099999999985 
0.01139031552311967933 0.36235007390627765878 0.00443749066129862403 0.00000000099999999999 0.62182211890930405573 
0.00000000099999999983 0.00000000099999999983 0.99999999599999989108 0.00000000099999999983 0.00000000099999999983 
0.99999999600000000211 0.00000000099999999996 0.00000000099999999996 0.00000000099999999996 0.00000000099999999996 
0.99999999600000011313 0.00000000099999999994 0.00000000099999999994 0.00000000099999999994 0.00000000099999999994 
0.00000000099999999980 0.00000000099999999980 0.99999999600000000211 0.00000000099999999980 0.00000000099999999980 
0.00000000099999999982 0.00000000099999999982 0.99999999599999989108 0.00000000099999999982 0.00000000099999999982 
0.99999999600000011313 0.00000000099999999996 0.00000000099999999996 0.00000000099999999996 0.00000000099999999996 
0.99999999600000000211 0.00000000099999999996 0.00000000099999999996 0.00000000099999999996 0.00000000099999999996 
0.99245112181768302406 0.00754887518231706859 0.00000000099999999997 0.00000000099999999997 0.00000000099999999997 
0.00000000099999999985 0.00000000099999999985 0.99999999599999989108 0.00000000099999999985 0.00000000099999999985 
0.00000000099999999997 0.99999999600000000211 0.00000000099999999997 0.00000000099999999997 0.00000000099999999997 
0.00000000100000000000 0.37771877371392637013 0.02598584402415217778 0.00000000100000000000 0.59629538026192141498 
0.02092462654332259350 0.30032317374343481253 0.00000000099999999999 0.00000000099999999999 0.67875219771324246665 
0.01033436311381293743 0.27454762337789551108 0.00087700887705871990 0.00000000099999999999 0.71424100363123266266 
0.99999999600000011313 0.00000000099999999996 0.00000000099999999996 0.00000000099999999996 0.00000000099999999996 
0.00000000100000000000 0.29940296995923665335 0.00515941239491988883 0.00004367763176931075 0.69539393901407420273 
0.00000000099999999979 0.00000000099999999979 0.00000000099999999979 0.99999999600000000211 0.00000000099999999979 
0.00000000099999999998 0.00000000099999999998 0.00000000099999999998 0.00000000099999999998 0.99999999600000000211 
0.00000000099999999979 0.00000000099999999979 0.00000000099999999979 0.99999999600000000211 0.00000000099999999979 
0.03915466401163515686 0.24402706413702962562 0.00000000100000000000 0.00000000100000000000 0.71681826985133512142 
0.00000000099999999980 0.00000000099999999980 0.00000000099999999980 0.99999999600000000211 0.00000000099999999980 
0.00547200692748477102 0.29896927118985583416 0.00244471958206471341 0.00000000099999999999 0.69311400130059463986 
0.00973408251739733832 0.29498115128624541326 0.00648032399227150592 0.00000000100000000000 0.68880444120408568232 
0.99999999600000000211 0.00000000099999999994 0.00000000099999999994 0.00000000099999999994 0.00000000099999999994 
0.00000000099999999998 0.32787982443139529476 0.00000000099999999998 0.00000000099999999998 0.67212017256860467906 
0.00000000099999999980 0.00000000099999999980 0.00000000099999999980 0.99999999600000000211 0.00000000099999999980 
0.00000000099999999982 0.00000000099999999982 0.00000000099999999982 0.99999999600000000211 0.00000000099999999982 
0.08059339564545299484 0.00000000099999999999 0.00000002036383748758 0.00000000099999999999 0.91940658199070945944 
0.99999999600000011313 0.00000000099999999995 0.00000000099999999995 0.00000000099999999995 0.00000000099999999995 
0.00000000099999999985 0.00000000099999999985 0.99999999600000000211 0.00000000099999999985 0.00000000099999999985 
0.99999999600000011313 0.00000000099999999995 0.00000000099999999995 0.00000000099999999995 0.00000000099999999995 
0.03496827686708239846 0.39082463747253892716 0.00000000100000000000 0.00000000100000000000 0.57420708366037842563 
0.00000000099999999978 0.00000000099999999978 0.00000000099999999978 0.99999999600000000211 0.00000000099999999978 
0.00000000099999999979 0.00000000099999999979 0.99999999599999989108 0.00000000099999999979 0.00000000099999999979 
0.00000000099999999982 0.00000000099999999982 0.00000000099999999982 0.99999999600000000211 0.00000000099999999982 
0.00000000099999999999 0.00000000099999999999 0.01152378524305715940 0.00000000099999999999 0.98847621175694300177 
0.99999999600000011313 0.00000000099999999994 0.00000000099999999994 0.00000000099999999994 0.00000000099999999994 
0.99999999600000000211 0.00000000099999999995 0.00000000099999999995 0.00000000099999999995 0.00000000099999999995 
0.22804770370216889686 0.40985857311561041394 0.00000000099999999999 0.00000000099999999999 0.36209372118222066250 
0.00019957369656862898 0.39808528632058776120 0.02089637408142762387 0.00000000099999999999 0.58081876490141592928 
0.00913990393248739937 0.23123332306391572444 0.00000000099999999999 0.00000000099999999999 0.75962677100359699001 
0.01998409342214734624 0.29502690972606465669 0.00000000099999999999 0.00000000099999999999 0.68498899485178776914 
0.00000000099999999999 0.29109798173323658821 0.00000000099999999999 0.00000000099999999999 0.70890201526676333010 
0.00000000099999999998 0.28169453281944861756 0.00000000099999999998 0.00000000099999999998 0.71830546418055130076 
0.00000000099999999995 0.99999999600000000211 0.00000000099999999995 0.00000000099999999995 0.00000000099999999995 
0.00436858804356739412 0.42681087187708416364 0.00425958353608709567 0.00000000099999999999 0.56456095554326135577 
0.03515222722749883344 0.27918646176151540317 0.00000000099999999999 0.00000000099999999999 0.68566130901098576444 
0.99999999600000000211 0.00000000099999999996 0.00000000099999999996 0.00000000099999999996 0.00000000099999999996 
0.99222828632028936546 0.00000000099999999998 0.00000000099999999998 0.00000000099999999998 0.00777171067971063178 
0.00000000099999999988 0.00000000099999999988 0.00000000099999999988 0.99999999599999989108 0.00000000099999999988 
0.99999999600000011313 0.00000000099999999997 0.00000000099999999997 0.00000000099999999997 0.00000000099999999997 
0.99999999600000011313 0.00000000099999999998 0.00000000099999999998 0.00000000099999999998 0.00000000099999999998 
0.01987727373850572271 0.34984916487216688452 0.00547650587873596637 0.00000000099999999999 0.62479705451059142085 
0.00000000099999999975 0.00000000099999999975 0.00000000099999999975 0.99999999600000000211 0.00000000099999999975 
0.00000000099999999999 0.33334674822628607149 0.00338613164790394893 0.00000000099999999999 0.66326711812580985139 
0.01257788893382305768 0.38764587895057200928 0.00376260282901696086 0.00000000099999999999 0.59601362828658799309 
0.00000000100000000000 0.36410948364785372666 0.00528826667406903737 0.00053439732940318619 0.63006785134867404619 
0.02177030347361403814 0.38678060542887882090 0.00346459277441790595 0.00000000100000000000 0.58798449732308910587 
0.00000000099999999998 0.00000000099999999998 0.00000000099999999998 0.00000000099999999998 0.99999999600000000211 
0.03599505000261209176 0.39549290096159234187 0.00000000099999999999 0.00000000099999999999 0.56851204703579549804 
0.00000000099999999999 0.26944162103927848939 0.00282467071863394406 0.00000000099999999999 0.72773370624208744140 
0.00928984012422425821 0.27538334797909275187 0.00853280870049248456 0.00000000099999999999 0.70679400219619048507 
0.00886215040114685451 0.23378071828629207185 0.02920130811801235904 0.00144369094421062383 0.72671213225033826077 
0.00008989927761784819 0.34383074102175265052 0.01204785661397831699 0.00000000099999999999 0.64403150208665116416 
0.00000000099999999998 0.22887392272749126909 0.00000000099999999998 0.00000000099999999998 0.77112607427250878800 
0.02186331595333906863 0.33237935898793580236 0.02427242172638744908 0.00072494584075233207 0.62075995749158530135 
0.00000000099999999998 0.38373999457103219468 0.00912930187949113035 0.00000000099999999998 0.60713070154947657020 
0.00943482600218742938 0.16974179065408206979 0.00000000099999999999 0.00000000099999999999 0.82082338134373045158 
0.00000000099999999999 0.37666503885026902942 0.00000000099999999999 0.00000000099999999999 0.62333495814973083338 
0.02988337226089882517 0.33419213401661890250 0.00000000099999999999 0.00000000099999999999 0.63592449172248222133 
0.00867587982713931803 0.42727100325230837896 0.00421206190193370352 0.00000000099999999999 0.55984105401861850027 
0.03581747627420651947 0.32747661668263255974 0.00000000099999999999 0.00000000099999999999 0.63670590504316082470 
0.00000000099999999999 0.41567331121748340994 0.00000000099999999999 0.00000000099999999999 0.58432668578251645286 
0.02174266220832829152 0.35896178616912505221 0.00000000099999999999 0.00000000099999999999 0.61929554962254662609 
0.02001044887802931257 0.25468866510996496233 0.00374324402183432185 0.06795467339202811152 0.65360296859814326353 
0.00000000099999999997 0.00000001273136709322 0.00000000099999999997 0.00000000099999999997 0.99999998426863301315 
0.01408044504588631431 0.29389843604970417035 0.00000000099999999998 0.00000000099999999998 0.69202111690440948344 
0.02082769510860531595 0.40947935950760866453 0.00000000099999999998 0.00000000099999999998 0.56969294338378606568 
0.00000000099999999999 0.37067723066461766290 0.01450800023901447668 0.00000000099999999999 0.61481476709636773137 
0.00960676121398757951 0.46102107425817184794 0.00000000099999999998 0.00000000099999999998 0.52937216252784058401 
0.00000000100000000000 0.48993398975974905563 0.00142212792024083777 0.00137290858133274274 0.50727097273867738370 
0.00860755422694084102 0.25034353577369994337 0.00709721123844052251 0.00000000099999999999 0.73395169776091861991 
0.00000000099999999998 0.19785508354093689354 0.00000000099999999998 0.00000000099999999998 0.80214491345906313580 
0.03151489132253076919 0.27828701730187827001 0.00000000099999999998 0.00000000099999999998 0.69019808937559101736 
0.99999999600000000211 0.00000000099999999995 0.00000000099999999995 0.00000000099999999995 0.00000000099999999995 
0.99999999600000011313 0.00000000099999999998 0.00000000099999999998 0.00000000099999999998 0.00000000099999999998 
0.00000000099999999983 0.00000000099999999983 0.00000000099999999983 0.99999999600000000211 0.00000000099999999983 
0.00000000099999999980 0.00000000099999999980 0.99999999600000000211 0.00000000099999999980 0.00000000099999999980 
0.90357040309465674888 0.05786569691172751412 0.03856389799361574500 0.00000000100000000000 0.00000000100000000000 
0.00000000099999999994 0.99999999600000011313 0.00000000099999999994 0.00000000099999999994 0.00000000099999999994 
0.00000000099999999998 0.00000000099999999998 0.00000000099999999998 0.00000000099999999998 0.99999999600000000211 
0.99575814627812375690 0.00000000099999999999 0.00424185072187632187 0.00000000099999999999 0.00000000099999999999 
0.01503705287466410717 0.35472290226423486281 0.00000000099999999999 0.00000000099999999999 0.63024004286110080209 
0.00000000099999999998 0.38031733298370418161 0.00976435117543213854 0.00000000099999999998 0.60991831384086370171 
0.00000000099999999999 0.32472321981368063026 0.00122860316206783201 0.00000000099999999999 0.67404817502425162790 
0.00000000099999999978 0.00000000099999999978 0.00000000099999999978 0.99999999599999989108 0.00000000099999999978 
0.00000000099999999979 0.00000000099999999979 0.00000000099999999979 0.99999999600000000211 0.00000000099999999979 
0.00000000099999999975 0.00000000099999999975 0.00000000099999999975 0.99999999599999989108 0.00000000099999999975 
0.00000000099999999976 0.00000000099999999976 0.00000000099999999976 0.99999999600000000211 0.00000000099999999976 
0.00000000099999999976 0.00000000099999999976 0.00000000099999999976 0.99999999600000000211 0.00000000099999999976 
0.99999999600000000211 0.00000000099999999998 0.00000000099999999998 0.00000000099999999998 0.00000000099999999998 
0.00000000100000000000 0.40209428562259486029 0.00763186485117126404 0.00000000100000000000 0.59027384752623368591 
0.00000000099999999977 0.00000000099999999977 0.00000000099999999977 0.99999999600000000211 0.00000000099999999977 
0.00000000099999999980 0.00000000099999999980 0.00000000099999999980 0.99999999599999989108 0.00000000099999999980 
0.00000000099999999979 0.00000000099999999979 0.99999999599999989108 0.00000000099999999979 0.00000000099999999979 
0.00000000099999999979 0.00000000099999999979 0.99999999600000000211 0.00000000099999999979 0.00000000099999999979 
0.00000000099999999998 0.48251014095737676524 0.00000000099999999998 0.00000000099999999998 0.51748985604262309757 
0.00000000099999999978 0.00000000099999999978 0.00000000099999999978 0.99999999599999989108 0.00000000099999999978 
0.01060149385808902694 0.39273507334496265964 0.00000000099999999999 0.00000000099999999999 0.59666343079694816876 
0.00000000099999999999 0.41134732127228412768 0.00000000099999999999 0.00000000099999999999 0.58865267572771584614 
0.94958840549881873283 0.00000000099999999998 0.00000000099999999998 0.00000000099999999998 0.05041159150118141447 
0.00963538452215207362 0.27676830958989728781 0.00000000099999999998 0.00000000099999999998 0.71359630388795058931 
0.99999999600000011313 0.00000000099999999994 0.00000000099999999994 0.00000000099999999994 0.00000000099999999994 
0.00000000099999999994 0.99999999600000000211 0.00000000099999999994 0.00000000099999999994 0.00000000099999999994 
0.99999999600000011313 0.00000000099999999995 0.00000000099999999995 0.00000000099999999995 0.00000000099999999995 
0.00872532196312351439 0.37346992911832027628 0.01540039101545660760 0.00000000100000000000 0.60240435690309968031 
0.00000000100000000000 0.29671737157484057157 0.01234848146525966903 0.00000000100000000000 0.69093414495989979862 
0.00000000099999999980 0.00000000099999999980 0.00000000099999999980 0.99999999599999989108 0.00000000099999999980 
0.99999999600000011313 0.00000000099999999996 0.00000000099999999996 0.00000000099999999996 0.00000000099999999996 
0.00000000099999999976 0.00000000099999999976 0.00000000099999999976 0.99999999599999989108 0.00000000099999999976 
0.00000000099999999976 0.00000000099999999976 0.00000000099999999976 0.99999999600000000211 0.00000000099999999976 
0.00441525460430760349 0.38399181141869093148 0.00000000099999999999 0.00000000099999999999 0.61159293197700126399 
0.02416697494494981363 0.32330095918186396720 0.00000000099999999999 0.00000000099999999999 0.65253206387318607451 
0.00361169666532173798 0.33435722936726497423 0.00000000099999999998 0.00000000099999999998 0.66203107196741317608 
0.00000000099999999999 0.44554470372929966260 0.00000000099999999999 0.00000000099999999999 0.55445529327070020020 
0.00097331096637429083 0.43877849788312761614 0.00909011376914525826 0.00000000099999999999 0.55115807638135283497 
0.01164006215017327275 0.41393547752002274320 0.00535954954325274478 0.00000000099999999998 0.56906490978655133173 
0.00000000099999999999 0.24426130147846145113 0.00000000099999999999 0.00000000099999999999 0.75573869552153849494 
0.99071566239491692940 0.00000000099999999997 0.00000000099999999997 0.00000000099999999997 0.00928433460508322483 
0.00000000099999999998 0.22013585188773140966 0.00000000099999999998 0.00000000099999999998 0.77986414511226864743 
0.00000000099999999976 0.00000000099999999976 0.00000000099999999976 0.99999999599999989108 0.00000000099999999976 
0.00000000100000000000 0.27650542804105032735 0.00000000100000000000 0.00000000100000000000 0.72349456895894947994 
0.00000000099999999992 0.00000000099999999992 0.00000000099999999992 0.99999999599999989108 0.00000000099999999992 
0.00000000099999999979 0.00000000099999999979 0.00000000099999999979 0.99999999599999989108 0.00000000099999999979 
0.02127329441581838135 0.23396547190542352213 0.00000000099999999999 0.00000000099999999999 0.74476123167875818432 
0.00000000099999999997 0.00000000099999999997 0.00000000099999999997 0.00000000099999999997 0.99999999600000000211 
0.01704869558105519267 0.25422647940097675701 0.00000000099999999999 0.00000000099999999999 0.72872482301796803750 
0.00000000099999999982 0.00000000099999999982 0.00000000099999999982 0.99999999600000000211 0.00000000099999999982 
0.99999999600000011313 0.00000000099999999995 0.00000000099999999995 0.00000000099999999995 0.00000000099999999995 
0.99999999600000000211 0.00000000099999999995 0.00000000099999999995 0.00000000099999999995 0.00000000099999999995 
0.00000000099999999979 0.00000000099999999979 0.00000000099999999979 0.99999999600000000211 0.00000000099999999979 
0.00398337153914803208 0.28556529049723544667 0.00458341133940903551 0.00000000100000000000 0.70586792562420741515 
0.03923800611551457596 0.43177027859022276690 0.00965032691465119580 0.00000000100000000000 0.51934138737961144106 
0.00000000099999999980 0.00000000099999999980 0.00000000099999999980 0.99999999599999989108 0.00000000099999999980 
0.00000000302112087871 0.48018571182620695126 0.00185275560578680547 0.00000000099999999999 0.51796152854688537470 
0.99999999600000011313 0.00000000099999999994 0.00000000099999999994 0.00000000099999999994 0.00000000099999999994 
0.23418242488712182059 0.12896307270588963645 0.11006982424638185603 0.10580272346338884248 0.42098195469721788609 
0.02594507964149890891 0.00000016786069790115 0.00000000099999999999 0.00000000099999999999 0.97405475049780321228 
0.03050030731699926792 0.25706276548765205625 0.01061509584900933306 0.00000000099999999999 0.70182183034633927043 
0.00000000099999999998 0.00000000099999999998 0.00762417459523290295 0.00000000099999999998 0.99237582240476707174 
0.00000000099999999998 0.00000000099999999998 0.00000000099999999998 0.00000000099999999998 0.99999999599999989108 
0.00000000099999999994 0.99999999600000000211 0.00000000099999999994 0.00000000099999999994 0.00000000099999999994 
0.00000188316323128556 0.30297435261488570024 0.00000000099999999999 0.00000000099999999999 0.69702376222188278110 
0.00000000099999999994 0.99999999600000000211 0.00000000099999999994 0.00000000099999999994 0.00000000099999999994 
0.02226377771218992010 0.41486476970205182768 0.00206770620620698497 0.00538102932377267171 0.55542271705577861418 
0.99999999600000011313 0.00000000099999999996 0.00000000099999999996 0.00000000099999999996 0.00000000099999999996 
0.00000000099999999998 0.00000000099999999998 0.00000000099999999998 0.00000000099999999998 0.99999999600000000211 
0.00000000099999999994 0.99999999600000000211 0.00000000099999999994 0.00000000099999999994 0.00000000099999999994 
0.04368818287382800897 0.43766345520241495270 0.00053924659022215897 0.00000000099999999999 0.51810911433353501465 
0.01228564537080062760 0.23958050777357259298 0.00000000099999999998 0.00000000099999999998 0.74813384485562661741 
0.01256118887570830539 0.00000000099999999998 0.00000000099999999998 0.00000000099999999998 0.98743880812429163374 
0.00000000099999999997 0.00000000099999999997 0.00000000099999999997 0.00000000099999999997 0.99999999599999989108 
0.01050308881637161684 0.30965932852307270773 0.00000000099999999999 0.00000000099999999999 0.67983758066055555158 
0.99409990063907638369 0.00000000099999999998 0.00000000099999999998 0.00000000099999999998 0.00590009636092367427 
0.01942064847029109642 0.27770906400904543654 0.01708226519938621513 0.00000000099999999999 0.68578802132127714142 
0.00694110990428256375 0.21474470130682021818 0.00803535891093308009 0.00000000099999999999 0.77027882887796417233 
0.00513463184057673556 0.40711547080766918860 0.00000000100000000000 0.00870361614288161015 0.57904628020887238815 
0.99999999600000000211 0.00000000099999999997 0.00000000099999999997 0.00000000099999999997 0.00000000099999999997 
0.02549106586858701506 0.20465293566339076703 0.00000000100000000000 0.01850941938109890855 0.75134657808692328906 
0.00580572269915704577 0.36011064745267040710 0.00675361563881435138 0.00000000100000000000 0.62733001320935821710 
0.47877054912997368818 0.24206300808970682148 0.00958310050788901621 0.00000000099999999999 0.26958334127243049894 
0.02111893748448515074 0.40701548828330486041 0.00000000099999999998 0.00000000099999999998 0.57186557223220990664 
0.00000000099999999981 0.00000000099999999981 0.00000000099999999981 0.99999999599999989108 0.00000000099999999981 
0.01243427141781404052 0.42238600108166640679 0.01451589899025816470 0.00000000099999999999 0.55066382751026132780 
0.01728781946261801969 0.50718054266306356048 0.00000001631066521292 0.00000000099999999999 0.47553162056365316790 
