0.00000000100000000000 0.97606204718955524857 0.00000000100000000000 0.01872404075873300780 0.00521391005171182621 
0.00000000099999999996 0.00000000099999999996 0.00000000099999999996 0.00000000099999999996 0.99999999599999989108 
0.00000000099999999996 0.00000000099999999996 0.00000000099999999996 0.00000000099999999996 0.99999999600000000211 
0.00000000099999999999 0.87446205737947879655 0.07774676193444322869 0.00444167420901946282 0.04334950547705856277 
0.00000000099999999999 0.72752985293695793256 0.26542079769535298350 0.00704934736768919427 0.00000000099999999999 
0.00000000099999999999 0.81309057498061143576 0.15521353908474344596 0.00437881341200961182 0.02731707152263554428 
0.00000000099999999997 0.00000000099999999997 0.00000000099999999997 0.00000000099999999997 0.99999999599999989108 
0.00000000099999999994 0.00000000099999999994 0.00000000099999999994 0.00000000099999999994 0.99999999600000000211 
0.00000000099999999999 0.69104417362080772236 0.29517912081879182917 0.01377669983601993373 0.00000000472438065613 
0.00000000099999999996 0.00000000099999999996 0.00000000099999999996 0.00000000099999999996 0.99999999599999989108 
0.00000000100000000000 0.81932821797053867474 0.15427306387108349894 0.01133534759315092851 0.01506336956522693650 
0.00000000099999999998 0.97204782576893400403 0.00010598823560980260 0.01014668140344603467 0.01769950359201008516 
0.00000000100000000000 0.70763525674372529384 0.29071744392658871448 0.00164729732968588627 0.00000000100000000000 
0.00000000100000000000 0.77164888772599837807 0.20899107345077547193 0.01682677329264726726 0.00253326453057897043 
0.00308992317683174419 0.97709831070573049949 0.00000000100000000000 0.01981176411743768018 0.00000000100000000000 
0.00000000099999999999 0.73519167248134398296 0.17866649394254688343 0.03063962584136134884 0.05550220673474776101 
0.00000000099999999999 0.68742552670260859138 0.31257447029739154898 0.00000000099999999999 0.00000000099999999999 
0.00361481787302866562 0.75452459544278749348 0.23839888655703284082 0.00346169912715107476 0.00000000099999999999 
0.00000000099999999999 0.99218874932634926189 0.00000000099999999999 0.00781124767365078479 0.00000000099999999999 
0.00000000099999999998 0.79376895989153195554 0.20209124119813900999 0.00413979691032901990 0.00000000099999999998 
0.00000000099999999999 0.99979351018770157289 0.00000000099999999999 0.00000000099999999999 0.00020648681229852025 
0.00000000099999999997 0.00000000099999999997 0.00000000099999999997 0.00000000099999999997 0.99999999600000000211 
0.00000000099999999999 0.84389412623652859669 0.12953450305903757567 0.00000000099999999999 0.02657136870443396054 
0.00000000099999999988 0.00000000099999999988 0.99999999599999989108 0.00000000099999999988 0.00000000099999999988 
0.00000000099999999998 0.67417038613352175958 0.30582187119882248139 0.00000000099999999998 0.02000774066765567336 
0.00000000099999999999 0.74351225949287425010 0.25533046903283773688 0.00115726947428797830 0.00000000099999999999 
0.00000000099999999983 0.00000000099999999983 0.00000000099999999983 0.99999999599999989108 0.00000000099999999983 
0.00000000099999999981 0.00000000099999999981 0.00000000099999999981 0.99999999600000000211 0.00000000099999999981 
0.00000000099999999999 0.65199865599707429453 0.34380611881232919780 0.00419522319059649051 0.00000000099999999999 
0.00000000099999999999 0.73593259617243633741 0.25485998315981850393 0.00920741866774516839 0.00000000099999999999 
0.00000000099999999999 0.83569195365971815637 0.13978256957572174346 0.00000000099999999999 0.02452547476456017408 
0.00000000099999999996 0.00000000099999999996 0.09129993567967448209 0.00000000099999999996 0.90870006132032543622 
0.00000000099999999994 0.00000000099999999994 0.51306992063410661320 0.35195210490738998432 0.13497797245850323700 
0.00000000099999999999 0.81123238573485578762 0.18876761126514435274 0.00000000099999999999 0.00000000099999999999 
0.99999999600000000211 0.00000000099999999980 0.00000000099999999980 0.00000000099999999980 0.00000000099999999980 
0.99999999600000011313 0.00000000099999999975 0.00000000099999999975 0.00000000099999999975 0.00000000099999999975 
0.99999999600000011313 0.00000000099999999975 0.00000000099999999975 0.00000000099999999975 0.00000000099999999975 
0.00000000099999999984 0.00000000099999999984 0.00000000099999999984 0.99999999599999989108 0.00000000099999999984 
0.00000000099999999981 0.00000000099999999981 0.00000000099999999981 0.99999999600000000211 0.00000000099999999981 
0.00000000099999999999 0.74492162160759389788 0.25507837539240613145 0.00000000099999999999 0.00000000099999999999 
0.00000000099999999997 0.00000000099999999997 0.00000000099999999997 0.00000000099999999997 0.99999999599999989108 
0.00000000099999999982 0.00000000099999999982 0.00000000099999999982 0.99999999599999989108 0.00000000099999999982 
0.00000000099999999999 0.61227193738673657553 0.36703578654779139834 0.00549048965218048180 0.01520178541329158042 
0.00000000099999999995 0.00000000099999999995 0.00000000099999999995 0.00000000099999999995 0.99999999600000000211 
0.00000000099999999985 0.00000000099999999985 0.00000000099999999985 0.99999999599999989108 0.00000000099999999985 
0.00000000099999999999 0.83755104835704807797 0.13890282395724723452 0.00722772596838449494 0.01631840071732013411 
0.00000000099999999982 0.00000000099999999982 0.00000000099999999982 0.99999999600000000211 0.00000000099999999982 
0.00000000099999999996 0.00000000099999999996 0.00000000099999999996 0.00000000099999999996 0.99999999600000000211 
0.00000000099999999994 0.00000000099999999994 0.00000000099999999994 0.00000000099999999994 0.99999999600000000211 
0.00000000099999999980 0.00000000099999999980 0.00000000099999999980 0.99999999599999989108 0.00000000099999999980 
0.00000000099999999982 0.00000000099999999982 0.00000000099999999982 0.99999999600000000211 0.00000000099999999982 
0.00000000099999999996 0.00000000099999999996 0.00000000099999999996 0.00000000099999999996 0.99999999600000000211 
0.00000000099999999996 0.00000000099999999996 0.00000000099999999996 0.00000000099999999996 0.99999999599999989108 
0.00000000099999999997 0.00000000099999999997 0.00000000099999999997 0.00000000099999999997 0.99999999600000000211 
0.00000000099999999985 0.00000000099999999985 0.00000000099999999985 0.99999999600000000211 0.00000000099999999985 
0.00000000100000000000 0.93614478931646560866 0.00457425056261447343 0.01595095747026582453 0.04333000165065410692 
0.00000000100000000000 0.84394539238800236891 0.12738897413888514154 0.02866563147311247672 0.00000000100000000000 
0.00000000099999999998 0.97205809712032487102 0.00000000099999999998 0.00000000099999999998 0.02794189987967513750 
0.00000000099999999999 0.88153004117369282433 0.10100448547072810035 0.00041217776866266049 0.01705329458691656752 
0.00000000099999999996 0.00000000099999999996 0.00000000099999999996 0.00000000099999999996 0.99999999600000000211 
0.00000000100000000000 0.99529663642177945704 0.00015340318680049096 0.00454995839142002551 0.00000000100000000000 
0.99999999600000011313 0.00000000099999999979 0.00000000099999999979 0.00000000099999999979 0.00000000099999999979 
0.00000000099999999998 0.75306189479416030252 0.24022144823712504591 0.00602392848380477013 0.00069272748491003408 
0.99999999600000011313 0.00000000099999999979 0.00000000099999999979 0.00000000099999999979 0.00000000099999999979 
0.00000000099999999999 0.61086517481428015408 0.36381977104687218683 0.00000000099999999999 0.02531505213884766015 
0.99999999600000011313 0.00000000099999999980 0.00000000099999999980 0.00000000099999999980 0.00000000099999999980 
0.00000000099999999999 0.80757154013705423345 0.18062481007279426737 0.00388760728559076193 0.00791604150456085877 
0.00000000100000000000 0.73150895163469498161 0.25490190532291595593 0.00687772431777573280 0.00671141772461337442 
0.00000000099999999995 0.00000000099999999995 0.00000000099999999995 0.00000000099999999995 0.99999999600000000211 
0.00000000099999999998 0.81014816796790289910 0.18985182903209707472 0.00000000099999999998 0.00000000099999999998 
0.99999999600000011313 0.00000000099999999980 0.00000000099999999980 0.00000000099999999980 0.00000000099999999980 
0.99999999600000000211 0.00000000099999999982 0.00000000099999999982 0.00000000099999999982 0.00000000099999999982 
0.00000000099999999999 0.90191467364960609121 0.00000001759427116654 0.00784186212207908795 0.09024344563404351760 
0.00000000099999999995 0.00000000099999999995 0.00000000099999999995 0.00000000099999999995 0.99999999599999989108 
0.00000000099999999985 0.00000000099999999985 0.00000000099999999985 0.99999999600000000211 0.00000000099999999985 
0.00000000099999999995 0.00000000099999999995 0.00000000099999999995 0.00000000099999999995 0.99999999599999989108 
0.00000000100000000000 0.80283459054500450058 0.16130808947857319668 0.00000000100000000000 0.03585731797642251195 
0.99999999600000000211 0.00000000099999999978 0.00000000099999999978 0.00000000099999999978 0.00000000099999999978 
0.00000000099999999979 0.00000000099999999979 0.00000000099999999979 0.99999999600000000211 0.00000000099999999979 
0.99999999600000011313 0.00000000099999999982 0.00000000099999999982 0.00000000099999999982 0.00000000099999999982 
0.00241076531504718673 0.74830732292470147904 0.23111431356050865515 0.01816759719974258766 0.00000000100000000000 
0.00000000099999999994 0.00000000099999999994 0.00000000099999999994 0.00000000099999999994 0.99999999600000000211 
0.00000000099999999995 0.00000000099999999995 0.00000000099999999995 0.00000000099999999995 0.99999999599999989108 
0.00000000099999999999 0.49839126982398201937 0.27734115255489588669 0.00000000099999999999 0.22426757562112217825 
0.00000000100000000000 0.80268228768152227737 0.17211387282642423568 0.02246358342650492390 0.00274025506554857962 
0.00000000099999999998 0.99999850084259211958 0.00000000099999999998 0.00000000099999999998 0.00000149615740791399 
0.00000000099999999999 0.79869590174954041562 0.18026750851649975260 0.00000000099999999999 0.02103658773395996121 
0.00000000099999999999 0.88019964677578965695 0.11825747654446938650 0.00154287467974096215 0.00000000099999999999 
0.00000000099999999998 0.86948515923984359688 0.13051483776015651572 0.00000000099999999998 0.00000000099999999998 
0.00000000099999999998 0.84797555742386343525 0.14310239936196211818 0.00000000099999999998 0.00892204121417456905 
0.00000000099999999993 0.00000000099999999993 0.99999999599999989108 0.00000000099999999993 0.00000000099999999993 
0.00000000099999999999 0.92474703455026419086 0.03511503957431981460 0.00000000099999999999 0.04013792387541621071 
0.00000000099999999996 0.00000000099999999996 0.00000000099999999996 0.00000000099999999996 0.99999999600000000211 
0.00000000099999999998 0.00103232234193043645 0.00000000099999999998 0.00000000099999999998 0.99896767465806957098 
0.99999999600000000211 0.00000000099999999988 0.00000000099999999988 0.00000000099999999988 0.00000000099999999988 
0.00000000099999999997 0.00000000099999999997 0.00000000099999999997 0.00000000099999999997 0.99999999600000000211 
0.00000000099999999998 0.00000000099999999998 0.00000000099999999998 0.00000000099999999998 0.99999999600000000211 
0.00000000099999999999 0.97700883817842210100 0.00003488208037470883 0.00523285681091588059 0.01772342193028747515 
0.99999999600000011313 0.00000000099999999975 0.00000000099999999975 0.00000000099999999975 0.00000000099999999975 
0.00000000099999999999 0.96856024768814863446 0.02913571107109979783 0.00230403924075160737 0.00000000099999999999 
0.00000000099999999999 0.73309689941940148206 0.24930725926996369357 0.00348249495066797147 0.01411334535996677103 
0.00000000100000000000 0.85150530022536896624 0.13956964704073804295 0.00890875954602260260 0.00001629218787039646 
0.00000000100000000000 0.88029639005183824008 0.08755561979990625354 0.00355606412978129666 0.02859192501847434079 
0.00000000099999999999 0.67963310789905317932 0.32036688910094696103 0.00000000099999999999 0.00000000099999999999 
0.00000000099999999992 0.00000000099999999992 0.99999999600000000211 0.00000000099999999992 0.00000000099999999992 
0.00000000099999999999 0.99999999600000011313 0.00000000099999999999 0.00000000099999999999 0.00000000099999999999 
0.00000000100000000000 0.77591540283121263055 0.20679957504717386141 0.00811290404954069164 0.00917211707207291407 
0.00332029427393489441 0.81037493038993657635 0.14529605703988485166 0.03023099475517869103 0.01077772354106507763 
0.00000000099999999999 0.72424732414997328167 0.26353774820083680774 0.01221492564918995154 0.00000000099999999999 
0.00000000099999999998 0.99999999600000000211 0.00000000099999999998 0.00000000099999999998 0.00000000099999999998 
0.00089190595171364660 0.74860270474053813849 0.20331893832617600748 0.02529325664469013468 0.02189319433688204780 
0.00000000099999999998 0.77031048088497888759 0.21956899401726692744 0.01012052309775422591 0.00000000099999999998 
0.00000000099999999999 0.98625897591091660210 0.00000078570029029889 0.00000000099999999999 0.01374023638879302844 
0.00000000099999999999 0.76037676674210030736 0.23962323025789969422 0.00000000099999999999 0.00000000099999999999 
0.00000000099999999998 0.59760090325817583068 0.37644115794614013693 0.00000000099999999998 0.02595793679568414100 
0.00000000100000000000 0.76288581712627745457 0.22206647566774367908 0.00612161260055529236 0.00892609360542357191 
0.00000000099999999999 0.95814997967320947314 0.00000006791695075793 0.00000000099999999999 0.04184995040983986031 
0.00000000099999999999 0.74377636769065347266 0.25622357297929215791 0.00000000099999999999 0.00000005733005432355 
0.00000000099999999999 0.68632395872978713136 0.29600860484036733977 0.00000000099999999999 0.01766743442984545359 
0.06820554619073732061 0.78044094678589992498 0.12281179193416053019 0.00461895316648602838 0.02392276192271602583 
0.00000000099999999999 0.75995741294236096586 0.24002286072220349600 0.00000000099999999999 0.00001972433543554421 
0.00000000099999999998 0.81178669181308216185 0.17335645355685583291 0.00000000099999999998 0.01485685263006215721 
0.00000000099999999998 0.74448661543885075176 0.23682003043707181011 0.00000000099999999998 0.01869335212407765082 
0.00000000099999999999 0.84343447727176801276 0.13936343521260322054 0.01720208551562864979 0.00000000099999999999 
0.00000000099999999998 0.75638671374093469080 0.23256002861230501422 0.00000000099999999998 0.01105325564676035849 
0.00088791718671518618 0.69854445764055617119 0.29807163571447820027 0.00249598845825029642 0.00000000100000000000 
0.00000000099999999999 0.65507402247758494962 0.34020054497506918567 0.00472512274985925369 0.00000030879748665037 
0.00000000099999999999 0.99999999600000000211 0.00000000099999999999 0.00000000099999999999 0.00000000099999999999 
0.00000000099999999998 0.96841707131341758785 0.00000000099999999998 0.00000000099999999998 0.03158292568658255944 
0.00000000099999999995 0.00000000099999999995 0.00000000099999999995 0.00000000099999999995 0.99999999599999989108 
0.00000000099999999998 0.00000007080716100604 0.00000000099999999998 0.00000000099999999998 0.99999992619283895046 
0.99999999600000011313 0.00000000099999999983 0.00000000099999999983 0.00000000099999999983 0.00000000099999999983 
0.00000000099999999980 0.00000000099999999980 0.00000000099999999980 0.99999999600000000211 0.00000000099999999980 
0.00000000099999999999 0.00000000099999999999 0.06016634275035021018 0.03776067390223208919 0.90207298134741786821 
0.00000000099999999998 0.80996296492538910616 0.17539985031618715583 0.00000000099999999998 0.01463718275842384661 
0.00000000099999999994 0.00000000099999999994 0.99999999599999989108 0.00000000099999999994 0.00000000099999999994 
0.00000000099999999999 0.00000000099999999999 0.00000000099999999999 0.00414501783835740604 0.99585497916164267274 
0.00000000099999999999 0.98860318557353887847 0.00000000099999999999 0.00000000099999999999 0.01139681142646110056 
0.00000000099999999998 0.79372885985434993295 0.19467913940511577531 0.01159199874053424249 0.00000000099999999998 
0.00000000099999999999 0.75388223125541375946 0.24410764247822261397 0.00201012426636361461 0.00000000099999999999 
0.99999999600000011313 0.00000000099999999978 0.00000000099999999978 0.00000000099999999978 0.00000000099999999978 
0.99999999600000011313 0.00000000099999999979 0.00000000099999999979 0.00000000099999999979 0.00000000099999999979 
0.99999999600000011313 0.00000000099999999975 0.00000000099999999975 0.00000000099999999975 0.00000000099999999975 
0.99999999600000011313 0.00000000099999999976 0.00000000099999999976 0.00000000099999999976 0.00000000099999999976 
0.99999999600000011313 0.00000000099999999976 0.00000000099999999976 0.00000000099999999976 0.00000000099999999976 
0.00000000099999999998 0.00000000099999999998 0.00000000099999999998 0.00000000099999999998 0.99999999599999989108 
0.00000000100000000000 0.87984711846044094674 0.10463114873884966916 0.01108526771048237020 0.00443646409022711852 
0.99999999600000011313 0.00000000099999999976 0.00000000099999999976 0.00000000099999999976 0.00000000099999999976 
0.99999999600000011313 0.00000000099999999980 0.00000000099999999980 0.00000000099999999980 0.00000000099999999980 
0.00000000099999999979 0.00000000099999999979 0.00000000099999999979 0.99999999600000000211 0.00000000099999999979 
0.00000000099999999979 0.00000000099999999979 0.00000000099999999979 0.99999999599999989108 0.00000000099999999979 
0.00000000099999999999 0.80999074245131252869 0.19000925454868752840 0.00000000099999999999 0.00000000099999999999 
0.99999999600000011313 0.00000000099999999978 0.00000000099999999978 0.00000000099999999978 0.00000000099999999978 
0.00000000099999999999 0.98039141920821670784 0.00000000099999999999 0.00000000099999999999 0.01960857779178327640 
0.00000000099999999999 0.80565311585930121652 0.19434688114069892384 0.00000000099999999999 0.00000000099999999999 
0.00000000099999999998 0.00000000099999999998 0.05304748101657968257 0.00000000099999999998 0.94695251598342033983 
0.00000000099999999998 0.76304029320423294447 0.23111113969787935862 0.00000000099999999998 0.00584856509788771878 
0.00000000099999999994 0.00000000099999999994 0.00000000099999999994 0.00000000099999999994 0.99999999600000000211 
0.00000000099999999999 0.76507400621333110369 0.21390898629932805775 0.00408182677580648523 0.01693517971153435733 
0.00000000099999999995 0.00000000099999999995 0.00000000099999999995 0.00000000099999999995 0.99999999599999989108 
0.00000000099999999999 0.72559236715025510200 0.25164833429591543235 0.01576338082014647202 0.00699591673368299676 
0.00000000099999999999 0.72603794726811665683 0.26221063769562624746 0.01175141303625713667 0.00000000099999999999 
0.99999999600000000211 0.00000000099999999980 0.00000000099999999980 0.00000000099999999980 0.00000000099999999980 
0.00000000099999999996 0.00000000099999999996 0.00000000099999999996 0.00000000099999999996 0.99999999600000000211 
0.99999999600000011313 0.00000000099999999977 0.00000000099999999977 0.00000000099999999977 0.00000000099999999977 
0.99999999600000011313 0.00000000099999999976 0.00000000099999999976 0.00000000099999999976 0.00000000099999999976 
0.00000000100000000000 0.83434584340315820494 0.15756325799750861560 0.00000445769220562533 0.00808643990712746945 
0.00000000099999999999 0.76996059273029116010 0.20604269019262252960 0.00000000099999999999 0.02399671507708638074 
0.00000000099999999998 0.80152758061239903764 0.19345261161205010159 0.00000000099999999998 0.00501980577555093815 
0.00000000099999999999 0.86148468272940437185 0.13636741376371092072 0.00213332895076817630 0.00001457355611643734 
0.00000000099999999999 0.73154343506118135743 0.25617092034267963108 0.01228562960081148667 0.00000001399532755146 
0.00000000099999999998 0.61444098312751227464 0.37507851899707944643 0.00280959107579484280 0.00767090579961343579 
0.00000000099999999999 0.92928004864273094920 0.07071994835726895523 0.00000000099999999999 0.00000000099999999999 
0.00000000099999999998 0.00000000212200492006 0.00173723608481936103 0.00000000099999999998 0.99826275979317580234 
0.00000000099999999998 0.94746636633209679879 0.05253363066790329300 0.00000000099999999998 0.00000000099999999998 
0.99999999600000011313 0.00000000099999999976 0.00000000099999999976 0.00000000099999999976 0.00000000099999999976 
0.00000000099999999999 0.99999999600000011313 0.00000000099999999999 0.00000000099999999999 0.00000000099999999999 
0.99999999600000000211 0.00000000099999999992 0.00000000099999999992 0.00000000099999999992 0.00000000099999999992 
0.99999999600000000211 0.00000000099999999979 0.00000000099999999979 0.00000000099999999979 0.00000000099999999979 
0.00000000099999999999 0.87468125599308499396 0.09768176472641416919 0.00000000099999999999 0.02763697728050086219 
0.00000000099999999999 0.78727583282965429845 0.20507193610979004839 0.00765222906055567764 0.00000000099999999999 
0.00000000099999999999 0.90636207025189419184 0.06994528503956828902 0.00000000099999999999 0.02369264270853764856 
0.99999999600000000211 0.00000000099999999982 0.00000000099999999982 0.00000000099999999982 0.00000000099999999982 
0.00000000099999999995 0.00000000099999999995 0.00000000099999999995 0.00000000099999999995 0.99999999600000000211 
0.00000000099999999995 0.00000000099999999995 0.00000000099999999995 0.00000000099999999995 0.99999999600000000211 
0.99999999600000011313 0.00000000099999999979 0.00000000099999999979 0.00000000099999999979 0.00000000099999999979 
0.00000000099999999999 0.99472921518190027257 0.00000000099999999999 0.00507574686159975846 0.00019503595650011965 
0.00000000100000000000 0.76222409367132304414 0.18397802430728321665 0.01475582177637924444 0.03904205924501450570 
0.99999999600000011313 0.00000000099999999980 0.00000000099999999980 0.00000000099999999980 0.00000000099999999980 
0.00000000099999999999 0.61704195018767515890 0.38116472086711483680 0.00179332694521010120 0.00000000099999999999 
0.00000000099999999994 0.00000000099999999994 0.00000000099999999994 0.00000000099999999994 0.99999999599999989108 
0.10637948474500173723 0.00000000099999999999 0.62418161409630590342 0.10169597941288024967 0.16774292074581209633 
0.00196827206154401519 0.73812164610372277274 0.23914283402531080758 0.00000000100000000000 0.02076724680942228229 
0.00000000099999999999 0.92033451467583260452 0.03104543070330980509 0.01320805046865111340 0.03541200315220644629 
0.00000000099999999998 0.98618875021258589619 0.00000000099999999998 0.01381124678741410365 0.00000000099999999998 
0.00000000099999999999 0.72204445723010368674 0.27051527059730462454 0.00744027017259165507 0.00000000099999999999 
0.00000000099999999999 0.70140904602675357982 0.29803896555138498226 0.00055198642186154361 0.00000000099999999999 
0.00000000099999999999 0.70978640831184725002 0.29021358868815289034 0.00000000099999999999 0.00000000099999999999 
0.00000000099999999992 0.00000000099999999992 0.99999999599999989108 0.00000000099999999992 0.00000000099999999992 
0.00871867006395858450 0.84250021754480042269 0.12045121026214385129 0.00474155606017433867 0.02358834606892275601 
0.00000000099999999996 0.00000000099999999996 0.00000000099999999996 0.00000000099999999996 0.99999999600000000211 
0.00000000099999999999 0.70887130905146022997 0.26964733160244847010 0.00565947280044959943 0.01582188554564165420 
0.00000000099999999999 0.67803104094388066958 0.32033525034987059277 0.00163370670624864069 0.00000000099999999999 
0.00000000100000000000 0.70426352718630469418 0.25285269514715569272 0.00182974147111763098 0.04105403519542196594 
0.00000000099999999998 0.88037332696296455303 0.10441214120282438227 0.00000000099999999998 0.01521452983421111779 
0.00000000100000000000 0.96197744287759801018 0.00000000100000000000 0.00000000272697317794 0.03802255239542891296 
0.00000000099999999999 0.99999999600000000211 0.00000000099999999999 0.00000000099999999999 0.00000000099999999999 
0.00000000099999999995 0.00000000099999999995 0.99999999599999989108 0.00000000099999999995 0.00000000099999999995 
0.00000000099999999997 0.00000000099999999997 0.02954533119218581347 0.00000000099999999997 0.97045466580781414301 
0.00000000099999999999 0.83018996356379437529 0.12919894616773139329 0.01913771522831506783 0.02147337404015910167 
0.00000000099999999999 0.76507240537422471771 0.22174755230310719267 0.01089400103874269346 0.00228604028392534638 
0.01011333288778474247 0.78529898851956192463 0.19639782452170606586 0.00000000100000000000 0.00818985307094738726 
0.00000000099999999997 0.00000000099999999997 0.00000000099999999997 0.00000000099999999997 0.99999999599999989108 
0.01944933176829588550 0.95678182139122402994 0.00000000100000000000 0.00000000100000000000 0.02376884484047998847 
0.00000000100000000000 0.69055501267184571379 0.30515359649694145938 0.00102797858553648922 0.00326341124567650640 
0.00000000099999999999 0.33925800971097208603 0.17783323106488255205 0.00711497609596456731 0.47579378212818074223 
0.00000000099999999998 0.91541891845480871659 0.05708158370922882668 0.00000000099999999998 0.02749949583596241615 
0.99999999600000000211 0.00000000099999999981 0.00000000099999999981 0.00000000099999999981 0.00000000099999999981 
0.00000000099999999999 0.81783533556989918001 0.14708400225691842245 0.01774610759766614282 0.01733455357551645648 
0.00000000100000000000 0.79699753057980715631 0.17410156808485149904 0.00431656701816428724 0.02458433331717703105 
