0.02117552864946673288 0.13201229352542989681 0.38789164404972614753 0.00000000099999999999 0.00000000099999999999 0.00000002394345410792 0.18486759539306590883 0.00000000099999999999 0.00237379286384873257 0.27167911757500845527 0.00000000099999999999 
0.00000000099999999990 0.00000000099999999990 0.00000000099999999990 0.00000000099999999990 0.00000000099999999990 0.61025995759330986523 0.00000000099999999990 0.00000000099999999990 0.38974003340669022277 0.00000000099999999990 0.00000000099999999990 
0.00000000099999999990 0.00000000099999999990 0.00000000099999999990 0.00000000099999999990 0.00000000099999999990 0.45726347236169745392 0.00000000099999999990 0.00000000099999999990 0.54273651863830241204 0.00000000099999999990 0.00000000099999999990 
0.00398325088012188404 0.35853204207425709571 0.16394015012929219477 0.00000000099999999997 0.00000000099999999997 0.00000000099999999997 0.18085061989123438209 0.00000000099999999997 0.03761285602409338014 0.25508107600100110579 0.00000000099999999997 
0.00000000335759833173 0.40918572963662569464 0.10686024326592549749 0.00000000099999999998 0.00000000099999999998 0.00000000099999999998 0.16661171637431715364 0.00000000099999999998 0.00000000099999999998 0.26075174220491698085 0.05659056016061635164 
0.00000000113451965031 0.00000000099999999996 0.34574213417966553896 0.00000000099999999996 0.00000000099999999996 0.03087030341378033810 0.44087697189985802781 0.00000000099999999996 0.00000000099999999996 0.18251058337217626604 0.00000000099999999996 
0.00000000099999999992 0.00000000099999999992 0.00000000099999999992 0.00000000099999999992 0.00000000099999999992 0.42336586936106018753 0.00000000099999999992 0.00000000099999999992 0.57663409564184520129 0.00000000099999999992 0.00000002699709474179 
0.00000000099999999986 0.00000000099999999986 0.00000000099999999986 0.00000000099999999986 0.00000000099999999986 0.36028545336866735216 0.00000000099999999986 0.00000000099999999986 0.63971453763133268033 0.00000000099999999986 0.00000000099999999986 
0.00000000099999999997 0.52194684855322537320 0.00000000099999999997 0.00000000099999999997 0.00000000099999999997 0.00000000099999999997 0.45271789785189564537 0.01014456393960152386 0.00000000099999999997 0.00000000099999999997 0.01519068265527762779 
0.00000000099999999982 0.00000000099999999982 0.00000000099999999982 0.00000000099999999982 0.00000000099999999982 0.00000000099999999982 0.00000000099999999982 0.00000000099999999982 0.99999999000000006077 0.00000000099999999982 0.00000000099999999982 
0.00602436697680537158 0.39933236221515339137 0.27079433565422195151 0.00000000099999999999 0.00000000099999999999 0.00000000099999999999 0.00000000099999999999 0.00000000099999999999 0.00000000099999999999 0.28328257119640187778 0.04056635795741753842 
0.00739895319716738376 0.25055233369062518411 0.26613792786900192233 0.00000000099999999997 0.00000000099999999997 0.01395958538845027026 0.18461728153325021595 0.00000000099999999997 0.00000000099999999997 0.26542539012557603284 0.01190852419592906483 
0.00000000099999999999 0.52986900510223122751 0.24105109101177943365 0.00000000099999999999 0.00000000099999999999 0.00000000099999999999 0.22057414432434074847 0.00000000099999999999 0.00000000099999999999 0.00000000099999999999 0.00850575256164893406 
0.00000000099999999998 0.00000000099999999998 0.31983853418487950826 0.00000000099999999998 0.00000000099999999998 0.00000000099999999998 0.24235154191337532348 0.01220307384444068409 0.00572316717098972100 0.40322511170418018356 0.01665856618213468199 
0.00000000099999999988 0.00000000099999999988 0.00000000099999999988 0.00000000099999999988 0.00000000099999999988 0.00000000099999999988 0.00000000099999999988 0.00000000099999999988 0.00000000099999999988 0.99999999000000006077 0.00000000099999999988 
0.00000000099999999998 0.18135509115045342354 0.22672787183869064220 0.00000000099999999998 0.00000000099999999998 0.01743790981725360303 0.22981791425363243264 0.02913959112623785638 0.03028293295807799046 0.24104368714723226064 0.04419499870842170247 
0.00000000099999999997 0.00000000099999999997 0.54096559490576745510 0.00000000099999999997 0.00000000099999999997 0.00001468123894027853 0.26741349673260172981 0.00000000099999999997 0.00000000099999999997 0.19160622012269049041 0.00000000099999999997 
0.00000000384062513556 0.15732581193096256689 0.26605210660778871867 0.00000000099999999998 0.00000000099999999998 0.00000000099999999998 0.24488716103725188811 0.00000000099999999998 0.00000000099999999998 0.32424774965997149589 0.00748716192340030152 
0.00762941841965458691 0.35068689620757531600 0.22880844637320843504 0.00000000099999999999 0.00000000099999999999 0.00000000099999999999 0.11052838427223724005 0.00000000099999999999 0.00000000099999999999 0.30234684872732453531 0.00000000099999999999 
0.00265955597794172724 0.30220995604544437230 0.35002507014930311913 0.00000000099999999995 0.00000000099999999995 0.00000000099999999995 0.00000000099999999995 0.00000000099999999995 0.00000000099999999995 0.34510541082731077678 0.00000000099999999995 
0.00000000099999999997 0.29240203030059191969 0.38013085782370076293 0.00000000099999999997 0.00000000099999999997 0.00000000099999999997 0.08260547379647689703 0.00000000099999999997 0.00462720283768198841 0.24023442924154836398 0.00000000099999999997 
0.00000000099999999982 0.00000000099999999982 0.00000000099999999982 0.00000000099999999982 0.00000000099999999982 0.99999999000000006077 0.00000000099999999982 0.00000000099999999982 0.00000000099999999982 0.00000000099999999982 0.00000000099999999982 
0.00000000099999999986 0.00000000099999999986 0.00000000099999999986 0.00000000099999999986 0.00000000099999999986 0.00000000099999999986 0.00000000099999999986 0.00000000099999999986 0.00000000099999999986 0.99999999000000006077 0.00000000099999999986 
0.00000000099999999917 0.00000000099999999917 0.00000000099999999917 0.00000000099999999917 0.00000000099999999917 0.00000000099999999917 0.00000000099999999917 0.00000000099999999917 0.00000000099999999917 0.00000000099999999917 0.99999998999999994975 
0.00000000099999999995 0.44227377060514366791 0.52709633883671547228 0.00000000099999999995 0.00000000099999999995 0.03062988255814090219 0.00000000099999999995 0.00000000099999999995 0.00000000099999999995 0.00000000099999999995 0.00000000099999999995 
0.00000000099999999996 0.31003148732137286725 0.00000000099999999996 0.00000000099999999996 0.00000000099999999996 0.00000000099999999996 0.44702760995589985171 0.00000000099999999996 0.00000000099999999996 0.24294089472272709096 0.00000000099999999996 
0.00000000099999999948 0.00000000099999999948 0.00000000099999999948 0.00000000099999999948 0.00000000099999999948 0.00000000099999999948 0.00000000099999999948 0.99999998999999994975 0.00000000099999999948 0.00000000099999999948 0.00000000099999999948 
0.99999999000000028282 0.00000000099999999933 0.00000000099999999933 0.00000000099999999933 0.00000000099999999933 0.00000000099999999933 0.00000000099999999933 0.00000000099999999933 0.00000000099999999933 0.00000000099999999933 0.00000000099999999933 
0.00000000099999999989 0.00000000099999999989 0.00000000099999999989 0.00000000099999999989 0.00000000099999999989 0.00000000099999999989 0.99999998999999994975 0.00000000099999999989 0.00000000099999999989 0.00000000099999999989 0.00000000099999999989 
0.00000000099999999996 0.00000002149665975264 0.36939754117143230872 0.00000000099999999996 0.00000000099999999996 0.00000000099999999996 0.18258563356499649122 0.00526582593595910191 0.00000000099999999996 0.44275097183095218911 0.00000000099999999996 
0.00000000099999999989 0.00000000099999999989 0.99999999000000017180 0.00000000099999999989 0.00000000099999999989 0.00000000099999999989 0.00000000099999999989 0.00000000099999999989 0.00000000099999999989 0.00000000099999999989 0.00000000099999999989 
0.00000000099999999976 0.00000000099999999976 0.00000000099999999976 0.00000000099999999976 0.00000000099999999976 0.71720298980443408787 0.00000000099999999976 0.00000000099999999976 0.00000000099999999976 0.00000000099999999976 0.28279700119556611115 
0.38546297999473377871 0.00000000099999999954 0.00000000099999999954 0.00000000099999999954 0.00000000099999999954 0.00000000099999999954 0.00000000099999999954 0.00000000099999999954 0.00000000099999999954 0.00000000099999999954 0.61453701100526603174 
0.00000000099999999994 0.00000000099999999994 0.56019114547018222794 0.00000000099999999994 0.00000000099999999994 0.00000000099999999994 0.07867546515891141179 0.00000000099999999994 0.00000000099999999994 0.36113338137090628122 0.00000000099999999994 
0.00000000099999999939 0.00000000099999999939 0.00000000099999999939 0.00000000099999999939 0.99999999000000006077 0.00000000099999999939 0.00000000099999999939 0.00000000099999999939 0.00000000099999999939 0.00000000099999999939 0.00000000099999999939 
0.00000000099999999932 0.00000000099999999932 0.00000000099999999932 0.00000000099999999932 0.99999999000000006077 0.00000000099999999932 0.00000000099999999932 0.00000000099999999932 0.00000000099999999932 0.00000000099999999932 0.00000000099999999932 
0.00000000099999999933 0.00000000099999999933 0.00000000099999999933 0.99999999000000006077 0.00000000099999999933 0.00000000099999999933 0.00000000099999999933 0.00000000099999999933 0.00000000099999999933 0.00000000099999999933 0.00000000099999999933 
0.55291581627384978059 0.00000000099999999960 0.00000000099999999960 0.00000000099999999960 0.00000000099999999960 0.00000000099999999960 0.00000000099999999960 0.44708417472615030741 0.00000000099999999960 0.00000000099999999960 0.00000000099999999960 
0.54494511366501696692 0.00000000099999999954 0.00000000099999999954 0.00000000099999999954 0.00000000099999999954 0.00000000099999999954 0.00000000099999999954 0.45505487733498306557 0.00000000099999999954 0.00000000099999999954 0.00000000099999999954 
0.00000000099999999994 0.63287475252127445291 0.00000000099999999994 0.00000000099999999994 0.00000000099999999994 0.00000000099999999994 0.36712523847872580163 0.00000000099999999994 0.00000000099999999994 0.00000000099999999994 0.00000000099999999994 
0.00000000099999999979 0.00000000099999999979 0.00000000099999999979 0.00000000099999999979 0.00000000099999999979 0.00000000099999999979 0.00000000099999999979 0.00000000099999999979 0.99999999000000006077 0.00000000099999999979 0.00000000099999999979 
0.00000000099999999946 0.00000000099999999946 0.00000000099999999946 0.00000000099999999946 0.00000000099999999946 0.00000000099999999946 0.00000000099999999946 0.99999999000000006077 0.00000000099999999946 0.00000000099999999946 0.00000000099999999946 
0.00000000099999999993 0.99999997884038238638 0.00000000099999999993 0.00000000099999999993 0.00000000099999999993 0.00000000099999999993 0.00000000099999999993 0.00000000099999999993 0.00000000099999999993 0.00000000099999999993 0.00000001215961785890 
0.00000000099999999989 0.00000000099999999989 0.00000000099999999989 0.00000000099999999989 0.00000000099999999989 0.40930303291917374819 0.00000000099999999989 0.00000000099999999989 0.59069695808082611777 0.00000000099999999989 0.00000000099999999989 
0.00000000099999999951 0.00000000099999999951 0.00000000099999999951 0.00000000099999999951 0.00000000099999999951 0.00000000099999999951 0.00000000099999999951 0.99999998999999994975 0.00000000099999999951 0.00000000099999999951 0.00000000099999999951 
0.00000000099999999998 0.09104053678501329572 0.31794564389071605648 0.00000000099999999998 0.00000000099999999998 0.00942646100412518166 0.29524511873958986241 0.00369440968754212225 0.00000000099999999998 0.27777605120522474991 0.00487177468778846826 
0.00000000099999999945 0.00000000099999999945 0.00000000099999999945 0.00000000099999999945 0.00000000099999999945 0.00000000099999999945 0.00000000099999999945 0.99999999000000006077 0.00000000099999999945 0.00000000099999999945 0.00000000099999999945 
0.00000000099999999990 0.00000000099999999990 0.00000000099999999990 0.00000000099999999990 0.00000000099999999990 0.40427982030668391245 0.00000000099999999990 0.00000000099999999990 0.59572017069331595351 0.00000000099999999990 0.00000000099999999990 
0.00000000099999999974 0.00000000099999999974 0.00000000099999999974 0.00000000099999999974 0.00000000099999999974 0.00000000099999999974 0.00000000099999999974 0.00000000099999999974 0.99999998999999994975 0.00000000099999999974 0.00000000099999999974 
0.99999999000000028282 0.00000000099999999933 0.00000000099999999933 0.00000000099999999933 0.00000000099999999933 0.00000000099999999933 0.00000000099999999933 0.00000000099999999933 0.00000000099999999933 0.00000000099999999933 0.00000000099999999933 
0.49078560294083617421 0.00000000099999999957 0.00000000099999999957 0.00000000099999999957 0.00000000099999999957 0.00000000099999999957 0.00000000099999999957 0.50921438805916352521 0.00000000099999999957 0.00000000099999999957 0.00000000099999999957 
0.00000000099999999981 0.00000000099999999981 0.00000000099999999981 0.00000000099999999981 0.00000000099999999981 0.99999999000000017180 0.00000000099999999981 0.00000000099999999981 0.00000000099999999981 0.00000000099999999981 0.00000000099999999981 
0.00000000099999999982 0.00000000099999999982 0.00000000099999999982 0.00000000099999999982 0.00000000099999999982 0.99999999000000017180 0.00000000099999999982 0.00000000099999999982 0.00000000099999999982 0.00000000099999999982 0.00000000099999999982 
0.00000000099999999991 0.00000000099999999991 0.00000000099999999991 0.00000000099999999991 0.00000000099999999991 0.32671906699737096602 0.00000000099999999991 0.00000000099999999991 0.67328092400262906647 0.00000000099999999991 0.00000000099999999991 
0.00000000099999999952 0.00000000099999999952 0.00000000099999999952 0.00000000099999999952 0.00000000099999999952 0.00000000099999999952 0.00000000099999999952 0.99999999000000006077 0.00000000099999999952 0.00000000099999999952 0.00000000099999999952 
0.00000000099999999998 0.34339994780018889831 0.00094694017351585279 0.00000000099999999998 0.00000000099999999998 0.03644571536382627819 0.39245724485863830999 0.01506004542521990550 0.00000041858638923314 0.18627602481696362013 0.02541365997525776854 
0.00000000099999999989 0.00000000099999999989 0.00000000099999999989 0.00000000099999999989 0.00000000099999999989 0.00000000099999999989 0.00000000099999999989 0.00000000099999999989 0.00000000099999999989 0.99999999000000006077 0.00000000099999999989 
0.00000000099999999982 0.00000000099999999982 0.00000000099999999982 0.00000000099999999982 0.00000000099999999982 0.00000000099999999982 0.00000000099999999982 0.00000000099999999982 0.00000000099999999982 0.99999999000000006077 0.00000000099999999982 
0.00000000099999999997 0.35947305708428567428 0.15942741098741342043 0.00000000099999999997 0.00000000099999999997 0.00000000099999999997 0.11523630662119875578 0.00000000099999999997 0.02851122130737187774 0.33653376877581658855 0.00081823022391376685 
0.00000000099999999991 0.00000000099999999991 0.00000000099999999991 0.00000000099999999991 0.00000000099999999991 0.57756905069161634803 0.00000000099999999991 0.00000000099999999991 0.42243094030838379549 0.00000000099999999991 0.00000000099999999991 
0.00313888853765616985 0.30673754517660511976 0.35293406508386715448 0.00000000099999999999 0.00000000099999999999 0.00000000099999999999 0.00000000099999999999 0.00000000099999999999 0.00000000099999999999 0.33718949420187172006 0.00000000099999999999 
0.00000000099999999939 0.00000000099999999939 0.00000000099999999939 0.00000000099999999939 0.99999999000000017180 0.00000000099999999939 0.00000000099999999939 0.00000000099999999939 0.00000000099999999939 0.00000000099999999939 0.00000000099999999939 
0.00000000099999999989 0.00000000099999999989 0.99999999000000017180 0.00000000099999999989 0.00000000099999999989 0.00000000099999999989 0.00000000099999999989 0.00000000099999999989 0.00000000099999999989 0.00000000099999999989 0.00000000099999999989 
0.00000000099999999950 0.00000000099999999950 0.00000000099999999950 0.59840303876504430391 0.40159695223495578409 0.00000000099999999950 0.00000000099999999950 0.00000000099999999950 0.00000000099999999950 0.00000000099999999950 0.00000000099999999950 
0.00000000099999999993 0.92779033035623059700 0.00000000099999999993 0.00000000099999999993 0.00000000099999999993 0.00000000099999999993 0.00000000099999999993 0.00000000099999999993 0.00000000099999999993 0.00000000099999999993 0.07220966064376956040 
0.00000000099999999940 0.00000000099999999940 0.00000000099999999940 0.99999999000000017180 0.00000000099999999940 0.00000000099999999940 0.00000000099999999940 0.00000000099999999940 0.00000000099999999940 0.00000000099999999940 0.00000000099999999940 
0.00000000099999999996 0.00000000099999999996 0.69463057041825049254 0.00000000099999999996 0.00000000099999999996 0.00000000099999999996 0.30536942058174970649 0.00000000099999999996 0.00000000099999999996 0.00000000099999999996 0.00000000099999999996 
0.00129851480711511169 0.17793623061319319145 0.59672528611815656152 0.00000000099999999998 0.00000000099999999998 0.00136793203110078805 0.20270515579881512314 0.00000000099999999998 0.00000000099999999998 0.00000000099999999998 0.01996687563161934215 
0.00000000099999999987 0.00000000099999999987 0.00000000099999999987 0.00000000099999999987 0.00000000099999999987 0.67739587449515925588 0.00000000099999999987 0.00000000099999999987 0.32260411650484088764 0.00000000099999999987 0.00000000099999999987 
0.00000000099999999991 0.00000000099999999991 0.80319567496831689724 0.00000000099999999991 0.00000000099999999991 0.00000000099999999991 0.19680431603168324628 0.00000000099999999991 0.00000000099999999991 0.00000000099999999991 0.00000000099999999991 
0.00000000099999999941 0.00000000099999999941 0.00000000099999999941 0.00000000099999999941 0.99999999000000006077 0.00000000099999999941 0.00000000099999999941 0.00000000099999999941 0.00000000099999999941 0.00000000099999999941 0.00000000099999999941 
0.00000000099999999955 0.00000000099999999955 0.00000000099999999955 0.67523146995750393806 0.32476852104249609443 0.00000000099999999955 0.00000000099999999955 0.00000000099999999955 0.00000000099999999955 0.00000000099999999955 0.00000000099999999955 
0.00000000099999999998 0.44396374341971267530 0.22902601610948680744 0.00000000099999999998 0.00000000099999999998 0.00000000099999999998 0.00000000099999999998 0.00749439332751280357 0.08713337533337765783 0.23238246580990995493 0.00000000099999999998 
0.00000000099999999980 0.00000000099999999980 0.00000000099999999980 0.00000000099999999980 0.00000000099999999980 0.99999999000000006077 0.00000000099999999980 0.00000000099999999980 0.00000000099999999980 0.00000000099999999980 0.00000000099999999980 
0.00000000099999999952 0.00000000099999999952 0.00000000099999999952 0.00000000099999999952 0.00000000099999999952 0.00000000099999999952 0.00000000099999999952 0.99999999000000006077 0.00000000099999999952 0.00000000099999999952 0.00000000099999999952 
0.00000000099999999990 0.00000000099999999990 0.00000000099999999990 0.00000000099999999990 0.00000000099999999990 0.47876279035286489760 0.00000000099999999990 0.00000000099999999990 0.52123720064713496836 0.00000000099999999990 0.00000000099999999990 
0.00000000099999999998 0.45953824974123247404 0.04490934345938443761 0.00000000099999999998 0.00000000099999999998 0.02819832201529126961 0.46693506620374769511 0.00000000099999999998 0.00026496620376822462 0.00015404737657594508 0.00000000099999999998 
0.00000000099999999936 0.00000000099999999936 0.00000000099999999936 0.00000000099999999936 0.99999999000000006077 0.00000000099999999936 0.00000000099999999936 0.00000000099999999936 0.00000000099999999936 0.00000000099999999936 0.00000000099999999936 
0.99999999000000017180 0.00000000099999999928 0.00000000099999999928 0.00000000099999999928 0.00000000099999999928 0.00000000099999999928 0.00000000099999999928 0.00000000099999999928 0.00000000099999999928 0.00000000099999999928 0.00000000099999999928 
0.00000000099999999957 0.00000000099999999957 0.00000000099999999957 0.40791438319752820751 0.59208560780247188049 0.00000000099999999957 0.00000000099999999957 0.00000000099999999957 0.00000000099999999957 0.00000000099999999957 0.00000000099999999957 
0.00000000099999999998 0.61065774372424430627 0.00000000099999999998 0.00000000099999999998 0.00000000099999999998 0.00000000099999999998 0.00000000099999999998 0.00812307570701102828 0.00000000099999999998 0.38121917256874482405 0.00000000099999999998 
0.00000000099999999976 0.00000000099999999976 0.00000000099999999976 0.00000000099999999976 0.00000000099999999976 0.99999999000000006077 0.00000000099999999976 0.00000000099999999976 0.00000000099999999976 0.00000000099999999976 0.00000000099999999976 
0.00000000099999999979 0.00000000099999999979 0.00000000099999999979 0.00000000099999999979 0.00000000099999999979 0.99999999000000017180 0.00000000099999999979 0.00000000099999999979 0.00000000099999999979 0.00000000099999999979 0.00000000099999999979 
0.00000000099999999996 0.00000000099999999996 0.46045957835136952507 0.00000000099999999996 0.00000000099999999996 0.00000000099999999996 0.27901991370539624970 0.00000000099999999996 0.22377045323649744080 0.00000000099999999996 0.03675004770673669097 
0.02072558570560321597 0.61993422274443255038 0.00000005893945019223 0.00000000099999999998 0.00000000099999999998 0.00000000099999999998 0.20019297687941084440 0.00000000099999999998 0.02020594827017406503 0.11339988866461943318 0.02554131479630982957 
0.00000000099999999993 0.66891235419877759227 0.00000000099999999993 0.00000000099999999993 0.00000000099999999993 0.00000000099999999993 0.00000000099999999993 0.00000000099999999993 0.00000000099999999993 0.33108763680122255124 0.00000000099999999993 
0.00000000099999999988 0.00000000099999999988 0.99999999000000006077 0.00000000099999999988 0.00000000099999999988 0.00000000099999999988 0.00000000099999999988 0.00000000099999999988 0.00000000099999999988 0.00000000099999999988 0.00000000099999999988 
0.00000000099999999998 0.36649790265500981068 0.33680766625351338250 0.00000000099999999998 0.00000000099999999998 0.00000000099999999998 0.00000540439921953906 0.00000000132472785268 0.00000000099999999998 0.25848941995294083540 0.03819960041458870387 
0.00000000099999999993 0.00001296055116030217 0.38823629701405226733 0.00000000099999999993 0.00000000099999999993 0.00000000099999999993 0.19094349346877304008 0.00000000099999999993 0.00000000099999999993 0.41526230265331370850 0.00554494031270073330 
0.00000000099999999989 0.00000000099999999989 0.99999999000000017180 0.00000000099999999989 0.00000000099999999989 0.00000000099999999989 0.00000000099999999989 0.00000000099999999989 0.00000000099999999989 0.00000000099999999989 0.00000000099999999989 
0.00000000099999999997 0.42747863605636543527 0.34557928341357690982 0.00000000099999999997 0.00000000099999999997 0.00000000099999999997 0.20202600723143090966 0.00423754145833752770 0.02067591411860893180 0.00000261272168030583 0.00000000099999999997 
0.00000000099999999993 0.99999999000000028282 0.00000000099999999993 0.00000000099999999993 0.00000000099999999993 0.00000000099999999993 0.00000000099999999993 0.00000000099999999993 0.00000000099999999993 0.00000000099999999993 0.00000000099999999993 
0.00000000099999999981 0.00000000099999999981 0.00000000099999999981 0.00000000099999999981 0.00000000099999999981 0.99999999000000006077 0.00000000099999999981 0.00000000099999999981 0.00000000099999999981 0.00000000099999999981 0.00000000099999999981 
0.00000000099999999987 0.00000000099999999987 0.00000000099999999987 0.00000000099999999987 0.00000000099999999987 0.99999999000000017180 0.00000000099999999987 0.00000000099999999987 0.00000000099999999987 0.00000000099999999987 0.00000000099999999987 
0.00000000099999999955 0.00000000099999999955 0.00000000099999999955 0.00000000099999999955 0.99999999000000017180 0.00000000099999999955 0.00000000099999999955 0.00000000099999999955 0.00000000099999999955 0.00000000099999999955 0.00000000099999999955 
0.00000000099999999994 0.00000000099999999994 0.00000000099999999994 0.00000000099999999994 0.00000000099999999994 0.62212951426853924097 0.00000000099999999994 0.00000000099999999994 0.37787047673146095805 0.00000000099999999994 0.00000000099999999994 
0.00000000099999999994 0.00000000099999999994 0.00000000099999999994 0.00000000099999999994 0.00000000099999999994 0.44123194204371934957 0.00000000099999999994 0.00000000099999999994 0.55876804895628062742 0.00000000099999999994 0.00000000099999999994 
0.00262412053562139855 0.40093404385637765319 0.20469150125016161157 0.00000000099999999998 0.00000000099999999998 0.00000000099999999998 0.25522288168778400896 0.00000003700620860445 0.02308339070003007434 0.11344402096381663025 0.00000000099999999998 
0.00000000099999999931 0.00000000099999999931 0.00000000099999999931 0.99999999000000017180 0.00000000099999999931 0.00000000099999999931 0.00000000099999999931 0.00000000099999999931 0.00000000099999999931 0.00000000099999999931 0.00000000099999999931 
0.00144089888830724279 0.57222392995731274912 0.00000000099999999996 0.00000000099999999996 0.00000000099999999996 0.00000000099999999996 0.20057022545166736105 0.00000000099999999996 0.00000000099999999996 0.22576493870271269193 0.00000000099999999996 
0.00000000099999999997 0.40272708208389140783 0.24543048426063282519 0.00000000099999999997 0.00000000099999999997 0.00000000099999999997 0.34407976574423199123 0.00318876220512360250 0.00457389970612020764 0.00000000099999999997 0.00000000099999999997 
0.00000000099999999999 0.00000000099999999999 0.59171664463723394611 0.00000000099999999999 0.00000000099999999999 0.00000000099999999999 0.16631199250779257759 0.00000968579670308420 0.00000000099999999999 0.22869313480896952262 0.01326853624930094538 
0.00000000099999999995 0.96014217998615170035 0.00000000099999999995 0.00000000099999999995 0.00000000099999999995 0.00000000099999999995 0.00000000099999999995 0.00000000099999999995 0.00000000099999999995 0.00000000099999999995 0.03985781101384851949 
0.00000000099999999991 0.98013232440840891702 0.00000000099999999991 0.00000000099999999991 0.00000000099999999991 0.00000000099999999991 0.00000000099999999991 0.00000000099999999991 0.00000000099999999991 0.00000000099999999991 0.01986766659159145895 
0.00000000099999999989 0.00000000099999999989 0.00000000099999999989 0.00000000099999999989 0.00000000099999999989 0.00000000099999999989 0.99999999000000006077 0.00000000099999999989 0.00000000099999999989 0.00000000099999999989 0.00000000099999999989 
0.00000000099999999998 0.18844582347557406465 0.26621071589744998986 0.00000000099999999998 0.00000000099999999998 0.00233200256858031143 0.16963309827154732234 0.00000000099999999998 0.00000000099999999998 0.37111276638058493527 0.00226558840626350528 
0.00000000099999999987 0.00000000099999999987 0.00000000099999999987 0.00000000099999999987 0.00000000099999999987 0.00000000099999999987 0.00000000099999999987 0.00000000099999999987 0.00000000099999999987 0.99999998999999994975 0.00000000099999999987 
0.00000000099999999999 0.43399715233296537464 0.28251369477544324704 0.00000000099999999999 0.00000000099999999999 0.01518648605534784514 0.15591462713262299600 0.03030705331318980442 0.00000000099999999999 0.07943896930368560261 0.00264201308674520251 
0.00000000099999999998 0.44461164970468530777 0.30552018880154901970 0.00000000099999999998 0.00000000099999999998 0.00000000099999999998 0.23174327996400012619 0.01191802939331565447 0.00000000099999999998 0.00000051021773884072 0.00620633691871123969 
0.00000000099999999993 0.48065161391866695340 0.00000000099999999993 0.00000000099999999993 0.00000000099999999993 0.00000000099999999993 0.21707640656747284602 0.00000000099999999993 0.00000000099999999993 0.30227197151386003826 0.00000000099999999993 
0.00000000099999999999 0.00000000099999999999 0.65502632523417581023 0.00000000099999999999 0.00000000099999999999 0.00000000099999999999 0.00000000099999999999 0.02123517272068187536 0.01631357795851611989 0.28403711985553548036 0.02338779823109081099 
0.00549283758072188332 0.00000000099999999995 0.35487628377111773981 0.00000000099999999995 0.00000000099999999995 0.00000000099999999995 0.41386853879960822100 0.00000000099999999995 0.00000000099999999995 0.22576233284855196093 0.00000000099999999995 
0.00000000099999999989 0.00000000099999999989 0.99999999000000006077 0.00000000099999999989 0.00000000099999999989 0.00000000099999999989 0.00000000099999999989 0.00000000099999999989 0.00000000099999999989 0.00000000099999999989 0.00000000099999999989 
0.00000000099999999990 0.00000000099999999990 0.99999999000000006077 0.00000000099999999990 0.00000000099999999990 0.00000000099999999990 0.00000000099999999990 0.00000000099999999990 0.00000000099999999990 0.00000000099999999990 0.00000000099999999990 
0.00000000099999999995 0.45800435208761025585 0.00000000099999999995 0.00000000099999999995 0.00000000099999999995 0.00000000099999999995 0.13363695679668999294 0.00000000099999999995 0.01007356124554385085 0.33628187890446176178 0.06200324496569403071 
0.00000000099999999989 0.00000000099999999989 0.00000000099999999989 0.00000000099999999989 0.00000000099999999989 0.00000000099999999989 0.99999998999999994975 0.00000000099999999989 0.00000000099999999989 0.00000000099999999989 0.00000000099999999989 
0.00000000099999999998 0.18100269776738817096 0.19321492449294183635 0.00000000099999999998 0.00000000099999999998 0.03921511043274487907 0.24708679474234385154 0.00000000099999999998 0.00000000099999999998 0.31792413251714618516 0.02155633504743506568 
0.00000000099999999997 0.32936338967592815319 0.00839756596446793353 0.00000000099999999997 0.00000000099999999997 0.00000000099999999997 0.36255052744510424256 0.00000000099999999997 0.00906818453272292997 0.28159782942790362315 0.00902249795387315146 
0.00000000099999999996 0.32085155064198567221 0.20273066080077370432 0.00000000099999999996 0.00000000099999999996 0.00000000099999999996 0.25498658848557753664 0.00000000099999999996 0.02192675970109276770 0.19950443437057047147 0.00000000099999999996 
0.00000000099999999999 0.13504660516522709601 0.35411782783996259560 0.00000000099999999999 0.07090648499274099237 0.00560876330489346996 0.00000000099999999999 0.00000000099999999999 0.00000000099999999999 0.36683203513037837551 0.06748827856679759374 
0.00000000099999999997 0.32485523428920187738 0.20210325499074505151 0.00000000099999999997 0.00000000099999999997 0.00000000339445331861 0.23942799346076429345 0.00000000099999999997 0.00000000099999999997 0.23361322774258577728 0.00000028112224971626 
0.00000000099999999992 0.00000000099999999992 0.95929009698712086607 0.00000000099999999992 0.00000000099999999992 0.00000000099999999992 0.00000000099999999992 0.00000000099999999992 0.00000000099999999992 0.00000000099999999992 0.04070989401287923581 
0.00000000099999999995 0.31170418595480492430 0.35756141954607095768 0.00000000099999999995 0.00000000099999999995 0.00000000099999999995 0.01712434107208681694 0.00000000099999999995 0.02043242742019787256 0.26265992203761573398 0.03051769896922386371 
0.00000000099999999996 0.00000000099999999996 0.43148438367469565957 0.00000000099999999996 0.00000000099999999996 0.00000000099999999996 0.00000000099999999996 0.00516927783672022339 0.00000000099999999996 0.54557567809858398267 0.01777065338999991861 
0.00000000099999999995 0.00000000099999999995 0.47702907714541725737 0.00000000099999999995 0.00000000099999999995 0.00000000099999999995 0.20629899366709403274 0.00000000099999999995 0.01198659615973483167 0.26976425867958053750 0.03492106834817321898 
0.00000000099999999998 0.39425176378648796316 0.00000000099999999998 0.00000000099999999998 0.00000000099999999998 0.00000000099999999998 0.29408606012069432589 0.00038986303643338707 0.00000000099999999998 0.27238380523461386273 0.03888850182177014392 
0.00000000099999999996 0.61705887956976401831 0.36658086065891021255 0.00000000099999999996 0.00000000099999999996 0.00000000099999999996 0.00000000099999999996 0.00000000099999999996 0.00206034056309301961 0.00000000099999999996 0.01429991220823285079 
0.00000000099999999989 0.00000000099999999989 0.99999999000000017180 0.00000000099999999989 0.00000000099999999989 0.00000000099999999989 0.00000000099999999989 0.00000000099999999989 0.00000000099999999989 0.00000000099999999989 0.00000000099999999989 
0.00000000099999999993 0.36422357766368501641 0.48876059455479059501 0.00000000099999999993 0.00000000099999999993 0.00000000099999999993 0.09984462623186009245 0.00000000099999999993 0.04717119454966449410 0.00000000099999999993 0.00000000099999999993 
0.00000000099999999988 0.00000000099999999988 0.00000000099999999988 0.00000000099999999988 0.00000000099999999988 0.45071288098408729406 0.00000000099999999988 0.00000000099999999988 0.54928711001591268293 0.00000000099999999988 0.00000000099999999988 
0.00000000099999999994 0.00000000099999999994 0.00000000099999999994 0.00000000099999999994 0.00000000099999999994 0.39013636078304131383 0.00000000099999999994 0.00000000099999999994 0.60986363021695866315 0.00000000099999999994 0.00000000099999999994 
0.00000000099999999946 0.00000000099999999946 0.00000000099999999946 0.99999999000000017180 0.00000000099999999946 0.00000000099999999946 0.00000000099999999946 0.00000000099999999946 0.00000000099999999946 0.00000000099999999946 0.00000000099999999946 
0.99999999000000017180 0.00000000099999999933 0.00000000099999999933 0.00000000099999999933 0.00000000099999999933 0.00000000099999999933 0.00000000099999999933 0.00000000099999999933 0.00000000099999999933 0.00000000099999999933 0.00000000099999999933 
0.04022756421634633706 0.00000000099999999999 0.00004659730218184355 0.00000000099999999999 0.00000000099999999999 0.34357074092522316144 0.00000000099999999999 0.00000000099999999999 0.57704434997714193489 0.00000000099999999999 0.03911074157910669064 
0.00000000099999999984 0.00000000099999999984 0.00000000099999999984 0.00000000099999999984 0.00000000099999999984 0.00000000099999999984 0.99999999000000006077 0.00000000099999999984 0.00000000099999999984 0.00000000099999999984 0.00000000099999999984 
0.00000000099999999992 0.00000000099999999992 0.99999999000000006077 0.00000000099999999992 0.00000000099999999992 0.00000000099999999992 0.00000000099999999992 0.00000000099999999992 0.00000000099999999992 0.00000000099999999992 0.00000000099999999992 
0.00000000099999999996 0.00000000099999999996 0.00000000099999999996 0.00000000099999999996 0.00000000099999999996 0.42532784471755064049 0.00000000099999999996 0.00000000099999999996 0.57467214628244922547 0.00000000099999999996 0.00000000099999999996 
0.00000000099999999995 0.00000000099999999995 0.00000000099999999995 0.00000000099999999995 0.00000000099999999995 0.00000000099999999995 0.51199521737490272244 0.00000000099999999995 0.00000001019234195415 0.48800476443275520033 0.00000000099999999995 
0.00000000099999999996 0.32985557976585333506 0.15180024788369880784 0.00000000099999999996 0.00000000099999999996 0.00000000099999999996 0.30732602783600820873 0.00850444038048246698 0.00000000099999999996 0.20251369813395714292 0.00000000099999999996 
0.00000000099999999994 0.00000000099999999994 0.00000000099999999994 0.00000000099999999994 0.00000000099999999994 0.00000000099999999994 0.43280532551752248782 0.00000000099999999994 0.00000000099999999994 0.56194988444681526207 0.00524478203566229335 
0.00000000099999999946 0.00000000099999999946 0.00000000099999999946 0.35725132959155625478 0.64274866140844377771 0.00000000099999999946 0.00000000099999999946 0.00000000099999999946 0.00000000099999999946 0.00000000099999999946 0.00000000099999999946 
0.00000000099999999948 0.00000000099999999948 0.00000000099999999948 0.27625565528028978024 0.72374433571971030776 0.00000000099999999948 0.00000000099999999948 0.00000000099999999948 0.00000000099999999948 0.00000000099999999948 0.00000000099999999948 
0.00000000099999999932 0.00000000099999999932 0.00000000099999999932 0.00000000099999999932 0.99999999000000006077 0.00000000099999999932 0.00000000099999999932 0.00000000099999999932 0.00000000099999999932 0.00000000099999999932 0.00000000099999999932 
0.00000000099999999934 0.00000000099999999934 0.00000000099999999934 0.99999999000000017180 0.00000000099999999934 0.00000000099999999934 0.00000000099999999934 0.00000000099999999934 0.00000000099999999934 0.00000000099999999934 0.00000000099999999934 
0.00000000099999999935 0.00000000099999999935 0.00000000099999999935 0.00000000099999999935 0.99999999000000006077 0.00000000099999999935 0.00000000099999999935 0.00000000099999999935 0.00000000099999999935 0.00000000099999999935 0.00000000099999999935 
0.00000000099999999984 0.00000000099999999984 0.00000000099999999984 0.00000000099999999984 0.00000000099999999984 0.99999999000000017180 0.00000000099999999984 0.00000000099999999984 0.00000000099999999984 0.00000000099999999984 0.00000000099999999984 
0.01034149544925033574 0.40340278261699774598 0.19031095712807338804 0.00000000099999999998 0.00000000099999999998 0.00000000099999999998 0.18846537656505765734 0.00000000099999999998 0.00000000099999999998 0.18413043929312525315 0.02334894394749571778 
0.00000000099999999936 0.00000000099999999936 0.00000000099999999936 0.99999999000000006077 0.00000000099999999936 0.00000000099999999936 0.00000000099999999936 0.00000000099999999936 0.00000000099999999936 0.00000000099999999936 0.00000000099999999936 
0.00000000099999999952 0.00000000099999999952 0.00000000099999999952 0.58061610575239352983 0.41938388524760661369 0.00000000099999999952 0.00000000099999999952 0.00000000099999999952 0.00000000099999999952 0.00000000099999999952 0.00000000099999999952 
0.00000000099999999939 0.00000000099999999939 0.00000000099999999939 0.00000000099999999939 0.00000000099999999939 0.00000000099999999939 0.00000000099999999939 0.99999998999999994975 0.00000000099999999939 0.00000000099999999939 0.00000000099999999939 
0.00000000099999999938 0.00000000099999999938 0.00000000099999999938 0.00000000099999999938 0.00000000099999999938 0.00000000099999999938 0.00000000099999999938 0.99999999000000006077 0.00000000099999999938 0.00000000099999999938 0.00000000099999999938 
0.00000000099999999992 0.00000000099999999992 0.00000000099999999992 0.00000000099999999992 0.00000000099999999992 0.00000000099999999992 0.65225945429120113506 0.00000000099999999992 0.00000000099999999992 0.34774053670879873090 0.00000000099999999992 
0.00000000099999999939 0.00000000099999999939 0.00000000099999999939 0.00000000099999999939 0.99999999000000006077 0.00000000099999999939 0.00000000099999999939 0.00000000099999999939 0.00000000099999999939 0.00000000099999999939 0.00000000099999999939 
0.00000000099999999998 0.35418094369958513790 0.22241035158544139594 0.00000000099999999998 0.00000000099999999998 0.00000000099999999998 0.21808433366446633439 0.00000000099999999998 0.02492365069857489790 0.18040071435193238969 0.00000000099999999998 
0.00000000099999999993 0.00000000099999999993 0.00000000099999999993 0.00000000099999999993 0.00000000099999999993 0.00000000099999999993 0.64640262536102133240 0.00000000099999999993 0.00000000099999999993 0.35359736563897870010 0.00000000099999999993 
0.00000000099999999989 0.00000000099999999989 0.00000000099999999989 0.00000000099999999989 0.00000000099999999989 0.99999999000000006077 0.00000000099999999989 0.00000000099999999989 0.00000000099999999989 0.00000000099999999989 0.00000000099999999989 
0.00000000099999999989 0.99999999000000017180 0.00000000099999999989 0.00000000099999999989 0.00000000099999999989 0.00000000099999999989 0.00000000099999999989 0.00000000099999999989 0.00000000099999999989 0.00000000099999999989 0.00000000099999999989 
