0.52970849854851365102 0.00074693801989600492 0.00000000099999999998 0.15984089683254121272 0.00000000099999999998 0.00251656143973859672 0.30718710215931060992 0.00000000099999999998 
0.00000000099999999994 0.00000000099999999994 0.99999999300000008695 0.00000000099999999994 0.00000000099999999994 0.00000000099999999994 0.00000000099999999994 0.00000000099999999994 
0.00000000099999999995 0.00000000099999999995 0.99999733529435974599 0.00000000099999999995 0.00000000099999999995 0.00000000099999999995 0.00000265870564015295 0.00000000099999999995 
0.47034182619859832286 0.00380356356723360106 0.02845702130505819646 0.37048310024988823086 0.12691448567922153368 0.00000000099999999999 0.00000000099999999999 0.00000000099999999999 
0.99999999300000019797 0.00000000099999999997 0.00000000099999999997 0.00000000099999999997 0.00000000099999999997 0.00000000099999999997 0.00000000099999999997 0.00000000099999999997 
0.46910208595251240427 0.00000760490182587255 0.01929728290030621046 0.25652178193576175014 0.00283105047201987533 0.19075795131447317865 0.06148224152310058366 0.00000000099999999999 
0.00000000099999999994 0.00000000099999999994 0.96557286903827299618 0.00000000099999999994 0.00000000099999999994 0.00000000099999999994 0.03442712496172707637 0.00000000099999999994 
0.00000000099999999992 0.00000000099999999992 0.99999999300000008695 0.00000000099999999992 0.00000000099999999992 0.00000000099999999992 0.00000000099999999992 0.00000000099999999992 
0.00000000099999999991 0.00000000099999999991 0.00000000099999999991 0.00000000099999999991 0.00000000099999999991 0.99999999300000008695 0.00000000099999999991 0.00000000099999999991 
0.00000000099999999994 0.00000000099999999994 0.99999999299999997593 0.00000000099999999994 0.00000000099999999994 0.00000000099999999994 0.00000000099999999994 0.00000000099999999994 
0.00000000602279113464 0.00000000099999999999 0.00000000099999999999 0.57496353487831097784 0.42503645409889789786 0.00000000099999999999 0.00000000099999999999 0.00000000099999999999 
0.45999745012636616970 0.00133252153090531811 0.01107366832746834936 0.20151656659111336078 0.20827226382190325293 0.11780727351685492399 0.00000025508538850612 0.00000000099999999999 
0.00000000099999999999 0.00000000099999999999 0.00000000099999999999 0.47504219662467617180 0.22806535038800965220 0.22401534956053870129 0.07287709942677549069 0.00000000099999999999 
0.45179664122579749064 0.00427257732774400170 0.00000000099999999999 0.00857249837938919325 0.24072062144292366570 0.18530501211723654498 0.10933264750690917244 0.00000000099999999999 
0.99999999300000008695 0.00000000099999999995 0.00000000099999999995 0.00000000099999999995 0.00000000099999999995 0.00000000099999999995 0.00000000099999999995 0.00000000099999999995 
0.32726290710013000718 0.02674224706656922607 0.05057015691310891292 0.20841933367210105366 0.14564165110757290589 0.17925790169138197672 0.06210580144913573769 0.00000000099999999999 
0.99999999300000019797 0.00000000099999999995 0.00000000099999999995 0.00000000099999999995 0.00000000099999999995 0.00000000099999999995 0.00000000099999999995 0.00000000099999999995 
0.10260018693180751603 0.00000000099999999999 0.00000000099999999999 0.24351492873495833580 0.22994416082627697206 0.30098182065793893658 0.12295889984901821335 0.00000000099999999999 
0.00045684965345622452 0.00000000099999999998 0.00000000099999999998 0.53505761334379597916 0.21323737239287909873 0.00000048098679360443 0.25124768062307512029 0.00000000099999999998 
0.99999999300000019797 0.00000000099999999994 0.00000000099999999994 0.00000000099999999994 0.00000000099999999994 0.00000000099999999994 0.00000000099999999994 0.00000000099999999994 
0.08738457671496520363 0.00000000099999999999 0.00000000099999999999 0.53579934787554184261 0.11272053167727184853 0.20651626968895892000 0.05757927104326217294 0.00000000099999999999 
0.00000000099999999997 0.00000000099999999997 0.99216283284980022472 0.00783716115019986517 0.00000000099999999997 0.00000000099999999997 0.00000000099999999997 0.00000000099999999997 
0.00000000099999999996 0.00000000099999999996 0.00000000099999999996 0.00000000099999999996 0.27198315419801394333 0.72801683980198594881 0.00000000099999999996 0.00000000099999999996 
0.00000000099999999975 0.00000000099999999975 0.00000000099999999975 0.00000000099999999975 0.99999999299999997593 0.00000000099999999975 0.00000000099999999975 0.00000000099999999975 
0.25957834115803951613 0.00000000099999999998 0.01988100793331999683 0.41672059795989102593 0.00052741023196961698 0.15474372173437772604 0.14854891898240213388 0.00000000099999999998 
0.99999999300000019797 0.00000000099999999996 0.00000000099999999996 0.00000000099999999996 0.00000000099999999996 0.00000000099999999996 0.00000000099999999996 0.00000000099999999996 
0.00000000099999999969 0.99999999300000008695 0.00000000099999999969 0.00000000099999999969 0.00000000099999999969 0.00000000099999999969 0.00000000099999999969 0.00000000099999999969 
0.00000000099999999965 0.99999999300000008695 0.00000000099999999965 0.00000000099999999965 0.00000000099999999965 0.00000000099999999965 0.00000000099999999965 0.00000000099999999965 
0.10788210272984756488 0.00000000099999999997 0.00000000099999999997 0.00005329042110827028 0.25159558717304880693 0.39273721589973786816 0.24773180077625739370 0.00000000099999999997 
0.00000000099999999986 0.00000000099999999986 0.00000000099999999986 0.00000000099999999986 0.99999999299999997593 0.00000000099999999986 0.00000000099999999986 0.00000000099999999986 
0.00000000099999999993 0.00000000099999999993 0.00000000099999999993 0.55865014203086482691 0.00000000099999999993 0.00000000099999999993 0.44134985196913506522 0.00000000099999999993 
0.00000000099999999994 0.00000000099999999994 0.92475364055842235178 0.00000000099999999994 0.07524635344157763750 0.00000000099999999994 0.00000000099999999994 0.00000000099999999994 
0.00000000099999999986 0.35374938819057050177 0.14220608828186701023 0.00000000099999999986 0.50404451852756249064 0.00000000099999999986 0.00000000099999999986 0.00000000099999999986 
0.27408338264895948377 0.00000000099999999998 0.00000000099999999998 0.29329562656211471960 0.12158914629173682431 0.31103183942148809882 0.00000000207570070808 0.00000000099999999998 
0.00000000099999999963 0.00000000099999999963 0.00000000099999999963 0.00000000099999999963 0.00000000099999999963 0.00000000099999999963 0.00000000099999999963 0.99999999300000008695 
0.00000000099999999955 0.00000000099999999955 0.00000000099999999955 0.00000000099999999955 0.00000000099999999955 0.00000000099999999955 0.00000000099999999955 0.99999999299999997593 
0.00000000099999999955 0.00000000099999999955 0.00000000099999999955 0.00000000099999999955 0.00000000099999999955 0.00000000099999999955 0.00000000099999999955 0.99999999300000008695 
0.00000000099999999970 0.99999999300000008695 0.00000000099999999970 0.00000000099999999970 0.00000000099999999970 0.00000000099999999970 0.00000000099999999970 0.00000000099999999970 
0.00000000099999999966 0.99999999300000008695 0.00000000099999999966 0.00000000099999999966 0.00000000099999999966 0.00000000099999999966 0.00000000099999999966 0.00000000099999999966 
0.00002854658335038232 0.00000000099999999998 0.00000000099999999998 0.47518806975434529916 0.17423420096656594414 0.26340113829846928395 0.08714804139726904653 0.00000000099999999998 
0.00000000099999999996 0.00000000099999999996 0.99999999299999997593 0.00000000099999999996 0.00000000099999999996 0.00000000099999999996 0.00000000099999999996 0.00000000099999999996 
0.00000000099999999968 0.99999999300000019797 0.00000000099999999968 0.00000000099999999968 0.00000000099999999968 0.00000000099999999968 0.00000000099999999968 0.00000000099999999968 
0.75586977818739153889 0.00000000099999999998 0.00329340785307095582 0.00000000099999999998 0.24083680895953751833 0.00000000099999999998 0.00000000099999999998 0.00000000099999999998 
0.00000000099999999993 0.00000000099999999993 0.99999999299999997593 0.00000000099999999993 0.00000000099999999993 0.00000000099999999993 0.00000000099999999993 0.00000000099999999993 
0.00000000099999999972 0.99999999300000019797 0.00000000099999999972 0.00000000099999999972 0.00000000099999999972 0.00000000099999999972 0.00000000099999999972 0.00000000099999999972 
0.99999999300000019797 0.00000000099999999995 0.00000000099999999995 0.00000000099999999995 0.00000000099999999995 0.00000000099999999995 0.00000000099999999995 0.00000000099999999995 
0.00000000099999999968 0.99999999300000008695 0.00000000099999999968 0.00000000099999999968 0.00000000099999999968 0.00000000099999999968 0.00000000099999999968 0.00000000099999999968 
0.00000000099999999995 0.00000000099999999995 0.99999999299999997593 0.00000000099999999995 0.00000000099999999995 0.00000000099999999995 0.00000000099999999995 0.00000000099999999995 
0.00000000099999999991 0.00000000099999999991 0.99999999299999997593 0.00000000099999999991 0.00000000099999999991 0.00000000099999999991 0.00000000099999999991 0.00000000099999999991 
0.00000000099999999964 0.99999999300000019797 0.00000000099999999964 0.00000000099999999964 0.00000000099999999964 0.00000000099999999964 0.00000000099999999964 0.00000000099999999964 
0.00000000099999999967 0.99999999300000008695 0.00000000099999999967 0.00000000099999999967 0.00000000099999999967 0.00000000099999999967 0.00000000099999999967 0.00000000099999999967 
0.00000000099999999995 0.00000000099999999995 0.99999999300000008695 0.00000000099999999995 0.00000000099999999995 0.00000000099999999995 0.00000000099999999995 0.00000000099999999995 
0.00000000099999999995 0.00000000099999999995 0.99999999299999997593 0.00000000099999999995 0.00000000099999999995 0.00000000099999999995 0.00000000099999999995 0.00000000099999999995 
0.00000000099999999996 0.00000000099999999996 0.99212395234603634186 0.00000000099999999996 0.00000000099999999996 0.00787604165396359190 0.00000000099999999996 0.00000000099999999996 
0.00000000099999999973 0.99999999300000019797 0.00000000099999999973 0.00000000099999999973 0.00000000099999999973 0.00000000099999999973 0.00000000099999999973 0.00000000099999999973 
0.00000000099999999999 0.01359275539146458794 0.04187944256173117830 0.43023274526264987383 0.20100516877048199560 0.31328988501367233122 0.00000000099999999999 0.00000000099999999999 
0.28688648430741603423 0.02137070630869242899 0.00000000099999999999 0.33838647963588819323 0.00000000099999999999 0.35335193806014092432 0.00000438868786240549 0.00000000099999999999 
0.99999999300000019797 0.00000000099999999994 0.00000000099999999994 0.00000000099999999994 0.00000000099999999994 0.00000000099999999994 0.00000000099999999994 0.00000000099999999994 
0.00000000099999999998 0.00000000099999999998 0.00000000099999999998 0.50262386464988650925 0.31523238220175170410 0.00000011640266943059 0.18214363274569242424 0.00000000099999999998 
0.00000000099999999994 0.00000000099999999994 0.99999999299999997593 0.00000000099999999994 0.00000000099999999994 0.00000000099999999994 0.00000000099999999994 0.00000000099999999994 
0.21888354161956266597 0.00148872272882518732 0.00000000099999999999 0.49544940601397319258 0.21420663716797763709 0.00000252561404066524 0.06996916485562061638 0.00000000099999999999 
0.00000000099999999961 0.00000000099999999961 0.00000000099999999961 0.00000000099999999961 0.00000000099999999961 0.00000000099999999961 0.00000000099999999961 0.99999999299999997593 
0.00000000099999999992 0.00000000099999999992 0.00000000099999999992 0.99999999300000008695 0.00000000099999999992 0.00000000099999999992 0.00000000099999999992 0.00000000099999999992 
0.00000000099999999962 0.00000000099999999962 0.00000000099999999962 0.00000000099999999962 0.00000000099999999962 0.00000000099999999962 0.00000000099999999962 0.99999999299999997593 
0.29327997335088784592 0.00000000099999999999 0.03030588872577479748 0.29454079907177199704 0.19438904175479645997 0.13820868130441302246 0.04927561379235602390 0.00000000099999999999 
0.00000000099999999963 0.00000000099999999963 0.00000000099999999963 0.00000000099999999963 0.00000000099999999963 0.00000000099999999963 0.00000000099999999963 0.99999999300000008695 
0.00000000099999999974 0.00000000099999999974 0.00000000099999999974 0.00000000099999999974 0.00000000099999999974 0.00000000099999999974 0.99999999299999986491 0.00000000099999999974 
0.68572301576992988892 0.00568524136951889265 0.00156714933404986036 0.30702458952650141244 0.00000000099999999999 0.00000000099999999999 0.00000000099999999999 0.00000000099999999999 
0.00000000099999999992 0.00000000099999999992 0.99999999300000008695 0.00000000099999999992 0.00000000099999999992 0.00000000099999999992 0.00000000099999999992 0.00000000099999999992 
0.41740611090416507301 0.00000000099999999997 0.00000000099999999997 0.26946794545613717009 0.08469516375106596329 0.18449437552052630473 0.04393640136810524760 0.00000000099999999997 
0.00000000099999999963 0.00000000099999999963 0.00000000099999999963 0.00000000099999999963 0.00000000099999999963 0.00000000099999999963 0.00000000099999999963 0.99999999300000008695 
0.00000000099999999966 0.00000000099999999966 0.00000000099999999966 0.00000000099999999966 0.00000000099999999966 0.00000000099999999966 0.00000000099999999966 0.99999999300000008695 
0.31758722154715113284 0.00404481098739813832 0.07603622721414371455 0.21391416120492562358 0.00008293458987957810 0.28926826456913595775 0.09906637888736595510 0.00000000099999999999 
0.00000000099999999993 0.00000000099999999993 0.99999999300000008695 0.00000000099999999993 0.00000000099999999993 0.00000000099999999993 0.00000000099999999993 0.00000000099999999993 
0.00000000099999999974 0.99999999300000019797 0.00000000099999999974 0.00000000099999999974 0.00000000099999999974 0.00000000099999999974 0.00000000099999999974 0.00000000099999999974 
0.00000000099999999993 0.00000000099999999993 0.99999999300000008695 0.00000000099999999993 0.00000000099999999993 0.00000000099999999993 0.00000000099999999993 0.00000000099999999993 
0.25304361988357026991 0.00000000099999999999 0.02103187468379729211 0.18217522175839406806 0.11331323971607759615 0.32249827781923906533 0.10793776413892161581 0.00000000099999999999 
0.00000000099999999959 0.00000000099999999959 0.00000000099999999959 0.00000000099999999959 0.00000000099999999959 0.00000000099999999959 0.00000000099999999959 0.99999999300000008695 
0.00000000099999999961 0.99999999300000008695 0.00000000099999999961 0.00000000099999999961 0.00000000099999999961 0.00000000099999999961 0.00000000099999999961 0.00000000099999999961 
0.00000000099999999968 0.00000000099999999968 0.00000000099999999968 0.00000000099999999968 0.00000000099999999968 0.00000000099999999968 0.00000000099999999968 0.99999999300000008695 
0.25681442678517074629 0.01659425917440516748 0.00000000100000000000 0.38817890017003675585 0.13613265167768087704 0.19929987970858467627 0.00000000100000000000 0.00297988048412178592 
0.00000000099999999991 0.00000000099999999991 0.99999999299999997593 0.00000000099999999991 0.00000000099999999991 0.00000000099999999991 0.00000000099999999991 0.00000000099999999991 
0.00000000099999999993 0.00000000099999999993 0.99999999299999997593 0.00000000099999999993 0.00000000099999999993 0.00000000099999999993 0.00000000099999999993 0.00000000099999999993 
0.38682741480003013379 0.00000000099999999999 0.22870482950261178390 0.15582922924400527398 0.14691105296251663614 0.08171488699028621461 0.00001258450054996794 0.00000000099999999999 
0.18561563513435810902 0.01722903306476359156 0.00000000099999999999 0.23404945223928949605 0.00000000099999999999 0.56310587556158875344 0.00000000099999999999 0.00000000099999999999 
0.00000000099999999973 0.00000000099999999973 0.00000000099999999973 0.00000000099999999973 0.00000000099999999973 0.00000000099999999973 0.99999999299999986491 0.00000000099999999973 
0.16669582108577918333 0.00000000099999999998 0.00508625053259828108 0.48843061256563696793 0.19138375727259748782 0.02675787553947156852 0.12164568100391645600 0.00000000099999999998 
0.00000000099999999997 0.00000000099999999997 0.00000000099999999997 0.60458391144256640182 0.39541608255743354583 0.00000000099999999997 0.00000000099999999997 0.00000000099999999997 
0.30973406864510499847 0.00000000099999999997 0.00000000099999999997 0.26691621389543951359 0.21349382951036802170 0.20593356515485319869 0.00392231979423406703 0.00000000099999999997 
0.37262614219798184667 0.00000000099999999997 0.00000000099999999997 0.62616574707172989456 0.00000000099999999997 0.00120810573028828742 0.00000000099999999997 0.00000000099999999997 
0.00000000099999999990 0.00000000099999999990 0.00000000099999999990 0.00000000099999999990 0.00000000099999999990 0.99999999299999997593 0.00000000099999999990 0.00000000099999999990 
0.29585577351815772751 0.00000000099999999999 0.03522206807521906236 0.39777777242562439852 0.13690787942092588758 0.13423638140392990525 0.00000012315614308771 0.00000000099999999999 
0.00000000099999999995 0.00000000099999999995 0.99999999300000008695 0.00000000099999999995 0.00000000099999999995 0.00000000099999999995 0.00000000099999999995 0.00000000099999999995 
0.00000000099999999997 0.00000000099999999997 0.98048637939783300776 0.01951361460216712376 0.00000000099999999997 0.00000000099999999997 0.00000000099999999997 0.00000000099999999997 
0.00000000099999999977 0.00000000099999999977 0.00000000099999999977 0.00000000099999999977 0.00000000099999999977 0.00000000099999999977 0.00000000099999999977 0.99999999299999997593 
0.00000000099999999997 0.00000000099999999997 0.99999999299999997593 0.00000000099999999997 0.00000000099999999997 0.00000000099999999997 0.00000000099999999997 0.00000000099999999997 
0.00000000099999999997 0.00000000099999999997 0.98507624840374996555 0.00000000099999999997 0.00000000099999999997 0.01492374559625012261 0.00000000099999999997 0.00000000099999999997 
0.00000000099999999998 0.00000000099999999998 0.00948004086420996088 0.53975590723717958852 0.00000000099999999998 0.45075410614764827022 0.00000994175096217261 0.00000000099999999998 
0.00000000099999999954 0.00000000099999999954 0.00000000099999999954 0.00000000099999999954 0.00000000099999999954 0.00000000099999999954 0.00000000099999999954 0.99999999299999997593 
0.00614684261086613677 0.00000000099999999998 0.00000000099999999998 0.31929103956488208427 0.12902034692715336206 0.46652594124325164060 0.07901582665384677961 0.00000000099999999998 
0.00000000099999999995 0.00000000099999999995 0.00000000099999999995 0.99999999299999997593 0.00000000099999999995 0.00000000099999999995 0.00000000099999999995 0.00000000099999999995 
0.99999999300000019797 0.00000000099999999996 0.00000000099999999996 0.00000000099999999996 0.00000000099999999996 0.00000000099999999996 0.00000000099999999996 0.00000000099999999996 
0.20376857540938228541 0.00000000099999999999 0.00391051455017717847 0.32665845961792305818 0.00240231358604972491 0.26842801665048965365 0.19483211818597812037 0.00000000099999999999 
0.37252561147928681118 0.00000000099999999999 0.00000000099999999999 0.26519078477051977183 0.11330540091096240329 0.24897819883923083539 0.00000000099999999999 0.00000000099999999999 
0.33408185846793242435 0.00000000099999999999 0.02640277130675440162 0.22967609658196955214 0.23251813159380310680 0.17732113904954052708 0.00000000099999999999 0.00000000099999999999 
0.99999999300000019797 0.00000000099999999996 0.00000000099999999996 0.00000000099999999996 0.00000000099999999996 0.00000000099999999996 0.00000000099999999996 0.00000000099999999996 
0.41036227287339199776 0.00595940145824610992 0.00000000099999999999 0.29082107067206119932 0.20800038206174958910 0.00000000099999999999 0.08485686993455111848 0.00000000099999999999 
0.54163781979672032119 0.03265095109329894246 0.00179951331585737322 0.42390082508626186764 0.00001088770786146565 0.00000000099999999999 0.00000000099999999999 0.00000000099999999999 
0.00000000099999999998 0.00000000099999999998 0.00000000099999999998 0.41535363759632792924 0.00000000099999999998 0.44123287715572850898 0.14341348024794348115 0.00000000099999999998 
0.54698635131052042446 0.00000000099999999997 0.00000000099999999997 0.28271925657680935240 0.00000000099999999997 0.17029438711267047557 0.00000000099999999997 0.00000000099999999997 
0.33179591904630334476 0.02083418353816985161 0.01580159217183941048 0.31040471276155545688 0.00000004628034518412 0.23499535600001755786 0.08616818920176912144 0.00000000100000000000 
0.35653173354876444012 0.00895794674248224371 0.00000000099999999998 0.31411738093502633573 0.11860537476906321541 0.20178751457123711432 0.00000004743342668794 0.00000000099999999998 
0.26953064985304014956 0.00000000099999999999 0.00148393407511093452 0.59923348916734431313 0.00000000099999999999 0.12974517397112356187 0.00000674993338103942 0.00000000099999999999 
0.00000000099999999997 0.00000000099999999997 0.00000000099999999997 0.55930822965155824189 0.00000000099999999997 0.44069176434844181678 0.00000000099999999997 0.00000000099999999997 
0.36674753271045301695 0.00000000099999999998 0.03152093440542599184 0.18225700915706066763 0.06171817539455804608 0.35775634533250222358 0.00000000099999999998 0.00000000099999999998 
0.41936547474098789801 0.00000000611546339785 0.00003615766946776497 0.18201003243574853663 0.00000000099999999999 0.26642872060301198145 0.13215960643532037588 0.00000000099999999999 
0.21793774132723037207 0.00000000099999999999 0.02969035584118560542 0.29801316220355639208 0.29421346495314937286 0.16012934488345792472 0.00001592879142023526 0.00000000099999999999 
0.36149733479222995181 0.00000000099999999999 0.00000000099999999999 0.29682266392659217846 0.23303039374211922952 0.10860007822738583505 0.00004952631167267187 0.00000000099999999999 
0.99999999300000019797 0.00000000099999999995 0.00000000099999999995 0.00000000099999999995 0.00000000099999999995 0.00000000099999999995 0.00000000099999999995 0.00000000099999999995 
0.00001339013488448253 0.00365756648939965807 0.00000000891293007377 0.61826058005945783158 0.31098200381656321278 0.00000000100000000000 0.00000000100000000000 0.06708644858676486578 
0.99999999300000008695 0.00000000099999999995 0.00000000099999999995 0.00000000099999999995 0.00000000099999999995 0.00000000099999999995 0.00000000099999999995 0.00000000099999999995 
0.00000000099999999987 0.00000000099999999987 0.00000000099999999987 0.00000000099999999987 0.99999999299999997593 0.00000000099999999987 0.00000000099999999987 0.00000000099999999987 
0.40458528768602181058 0.00000000099999999996 0.00000000099999999996 0.05375068740170798470 0.30420525097849460128 0.01547164312131278120 0.22198712781246268677 0.00000000099999999996 
0.16078929965435015403 0.00721711623698024010 0.00000000099999999998 0.24911081318451891442 0.24023879757521079958 0.23511272920990397561 0.10753124213903589301 0.00000000099999999998 
0.23826155275060459382 0.00000000099999999998 0.00497857798496168218 0.47374417388168116316 0.25336411926908497527 0.00000000099999999998 0.02965157311366764872 0.00000000099999999998 
0.00000000099999999989 0.00000000099999999989 0.00000000099999999989 0.00000000099999999989 0.99999999300000008695 0.00000000099999999989 0.00000000099999999989 0.00000000099999999989 
0.25876103242967046780 0.00381951768848900249 0.00566716280251472384 0.30618430755012354672 0.16939222444596074846 0.15525062143885956512 0.10092513264438203457 0.00000000099999999999 
0.00000000099999999994 0.00000000099999999994 0.00000000099999999994 0.99999999300000008695 0.00000000099999999994 0.00000000099999999994 0.00000000099999999994 0.00000000099999999994 
0.08725858937481825728 0.00000000099999999997 0.02790245049746273645 0.48478707226316142265 0.11874571565068449408 0.28130616921387319174 0.00000000099999999997 0.00000000099999999997 
0.00000000099999999994 0.00000000099999999994 0.99999999300000008695 0.00000000099999999994 0.00000000099999999994 0.00000000099999999994 0.00000000099999999994 0.00000000099999999994 
0.00000000099999999995 0.00000000099999999995 0.93962402574811609846 0.00000000099999999995 0.00000000099999999995 0.00000000099999999995 0.06037596825188396715 0.00000000099999999995 
0.00000000099999999970 0.00000000099999999970 0.00000000099999999970 0.00000000099999999970 0.00000000099999999970 0.00000000099999999970 0.00000000099999999970 0.99999999300000008695 
0.00000000099999999963 0.99999999300000019797 0.00000000099999999963 0.00000000099999999963 0.00000000099999999963 0.00000000099999999963 0.00000000099999999963 0.00000000099999999963 
0.00000000099999999999 0.02712768179468030144 0.87959824071464354223 0.00000000099999999999 0.00000000099999999999 0.00000000099999999999 0.09327407249067608264 0.00000000099999999999 
0.50111487302112389663 0.00000000099999999996 0.00000000099999999996 0.00000000099999999996 0.00000000099999999996 0.49888512097887616203 0.00000000099999999996 0.00000000099999999996 
0.00000000099999999993 0.00000000099999999993 0.00000000099999999993 0.99999999299999997593 0.00000000099999999993 0.00000000099999999993 0.00000000099999999993 0.00000000099999999993 
0.00000000099999999997 0.00000000099999999997 0.96016758439649330104 0.00000000099999999997 0.00000000099999999997 0.00000000099999999997 0.03983240960350677151 0.00000000099999999997 
0.16262454226337927365 0.00000000099999999998 0.00242950792164215671 0.38294132058371138649 0.24250938461215570952 0.09141677656665921081 0.11807846605245220228 0.00000000099999999998 
0.52480348605345183977 0.00412802235440459884 0.00000000099999999997 0.00000000099999999997 0.00000000099999999997 0.47104942852043091284 0.00001905907171256109 0.00000000099999999997 
0.58498564896202631669 0.00000000099999999997 0.00000000099999999997 0.00000000099999999997 0.41454288234808578384 0.00000000099999999997 0.00047146368988800521 0.00000000099999999997 
0.00000000099999999960 0.00000000099999999960 0.00000000099999999960 0.00000000099999999960 0.00000000099999999960 0.00000000099999999960 0.00000000099999999960 0.99999999299999997593 
0.00000000099999999962 0.00000000099999999962 0.00000000099999999962 0.00000000099999999962 0.00000000099999999962 0.00000000099999999962 0.00000000099999999962 0.99999999299999997593 
0.00000000099999999955 0.00000000099999999955 0.00000000099999999955 0.00000000099999999955 0.00000000099999999955 0.00000000099999999955 0.00000000099999999955 0.99999999299999997593 
0.00000000099999999956 0.00000000099999999956 0.00000000099999999956 0.00000000099999999956 0.00000000099999999956 0.00000000099999999956 0.00000000099999999956 0.99999999300000008695 
0.00000000099999999957 0.00000000099999999957 0.00000000099999999957 0.00000000099999999957 0.00000000099999999957 0.00000000099999999957 0.00000000099999999957 0.99999999299999997593 
0.00000000099999999997 0.00000000099999999997 0.99999999300000008695 0.00000000099999999997 0.00000000099999999997 0.00000000099999999997 0.00000000099999999997 0.00000000099999999997 
0.00000000099999999998 0.00000000099999999998 0.00000000099999999998 0.57435442194666197491 0.42564557205333802825 0.00000000099999999998 0.00000000099999999998 0.00000000099999999998 
0.00000000099999999957 0.00000000099999999957 0.00000000099999999957 0.00000000099999999957 0.00000000099999999957 0.00000000099999999957 0.00000000099999999957 0.99999999299999997593 
0.00000000099999999964 0.00000000099999999964 0.00000000099999999964 0.00000000099999999964 0.00000000099999999964 0.00000000099999999964 0.00000000099999999964 0.99999999300000008695 
0.00000000099999999961 0.99999999300000019797 0.00000000099999999961 0.00000000099999999961 0.00000000099999999961 0.00000000099999999961 0.00000000099999999961 0.00000000099999999961 
0.00000000099999999961 0.99999999300000019797 0.00000000099999999961 0.00000000099999999961 0.00000000099999999961 0.00000000099999999961 0.00000000099999999961 0.00000000099999999961 
0.64918726359934231240 0.00000000099999999997 0.00000000099999999997 0.00003253048562035048 0.35078020091503742117 0.00000000099999999997 0.00000000099999999997 0.00000000099999999997 
0.00000000099999999960 0.00000000099999999960 0.00000000099999999960 0.00000000099999999960 0.00000000099999999960 0.00000000099999999960 0.00000000099999999960 0.99999999300000008695 
0.00000000099999999990 0.00000000099999999990 0.00000000099999999990 0.00000000099999999990 0.00000000099999999990 0.99999999300000008695 0.00000000099999999990 0.00000000099999999990 
0.36518438424343602211 0.00000000099999999998 0.00000000099999999998 0.35377122481081263450 0.00000000099999999998 0.28099768489321691467 0.00004670205253445263 0.00000000099999999998 
0.00000000099999999996 0.00000000099999999996 0.93211013458389668784 0.00000000099999999996 0.00000000099999999996 0.06788985941610328756 0.00000000099999999996 0.00000000099999999996 
0.00000000099999999990 0.00000000099999999990 0.00000000099999999990 0.00000000099999999990 0.00000000099999999990 0.99999999299999997593 0.00000000099999999990 0.00000000099999999990 
0.00000000099999999991 0.00000000099999999991 0.99999999300000008695 0.00000000099999999991 0.00000000099999999991 0.00000000099999999991 0.00000000099999999991 0.00000000099999999991 
0.62987216537081625045 0.00000000099999999998 0.00000000099999999998 0.00000000099999999998 0.00000000099999999998 0.27859386874303238013 0.09153396088615148307 0.00000000099999999998 
0.00000000099999999993 0.00000000099999999993 0.99999999300000008695 0.00000000099999999993 0.00000000099999999993 0.00000000099999999993 0.00000000099999999993 0.00000000099999999993 
0.00000000099999999999 0.00839912951284929599 0.00000000130829669315 0.38811706529863343462 0.15054922787997648825 0.37342501606328376562 0.07950955793696044827 0.00000000099999999999 
0.30703285265257174164 0.00396600475757309320 0.00000000099999999998 0.52088827996667352860 0.00000000099999999998 0.00000000099999999998 0.16811285862318164908 0.00000000099999999998 
0.00000000099999999964 0.00000000099999999964 0.00000000099999999964 0.00000000099999999964 0.00000000099999999964 0.00000000099999999964 0.00000000099999999964 0.99999999300000008695 
0.00000000099999999994 0.00000000099999999994 0.99999999300000008695 0.00000000099999999994 0.00000000099999999994 0.00000000099999999994 0.00000000099999999994 0.00000000099999999994 
0.00000000099999999958 0.00000000099999999958 0.00000000099999999958 0.00000000099999999958 0.00000000099999999958 0.00000000099999999958 0.00000000099999999958 0.99999999299999997593 
0.00000000099999999957 0.00000000099999999957 0.00000000099999999957 0.00000000099999999957 0.00000000099999999957 0.00000000099999999957 0.00000000099999999957 0.99999999300000008695 
0.76997531748547298758 0.00000000099999999997 0.00000000099999999997 0.00000000099999999997 0.23002467651452704334 0.00000000099999999997 0.00000000099999999997 0.00000000099999999997 
0.27186545967184538863 0.00000000099999999998 0.00851273622504180282 0.23203589042780761731 0.00000854440711013988 0.31682573405216618578 0.17075163321602879196 0.00000000099999999998 
0.43344499235866490450 0.00000000099999999998 0.00250972085735132059 0.26020188829833812427 0.00000000099999999998 0.30384339448564573472 0.00000000099999999998 0.00000000099999999998 
0.21970076057013282478 0.00000000099999999999 0.00000000099999999999 0.35984083533457300597 0.23733975430252568506 0.18311864579276840304 0.00000000099999999999 0.00000000099999999999 
0.37764984477304847088 0.00013677700714412116 0.00000000099999999999 0.29195941692481325314 0.22883585817817483909 0.00000000099999999999 0.10141810011681919035 0.00000000099999999999 
0.40597261506499315864 0.00000000099999999997 0.00000000099999999997 0.00000000099999999997 0.00000000099999999997 0.59402737893500667798 0.00000000099999999997 0.00000000099999999997 
0.00000000099999999996 0.00000000099999999996 0.00000000099999999996 0.41995342865689594403 0.00000000099999999996 0.58004438863079565980 0.00000217771230842353 0.00000000099999999996 
0.00000000099999999996 0.00000000099999999996 0.96328083358016358684 0.03671916041983640938 0.00000000099999999996 0.00000000099999999996 0.00000000099999999996 0.00000000099999999996 
0.00000001790647490368 0.00000000099999999996 0.00000000099999999996 0.62530425313719839586 0.27070095978912356305 0.00000000099999999996 0.10399476516720304597 0.00000000099999999996 
0.00000000099999999957 0.00000000099999999957 0.00000000099999999957 0.00000000099999999957 0.00000000099999999957 0.00000000099999999957 0.00000000099999999957 0.99999999299999997593 
0.00000000300518286969 0.00000000099999999998 0.00000000099999999998 0.59453035487182237517 0.40546963068915015116 0.00000000736161635939 0.00000000107222828086 0.00000000099999999998 
0.00000000099999999987 0.00000000099999999987 0.00000000099999999987 0.00000000099999999987 0.00000000099999999987 0.00000000099999999987 0.00000000099999999987 0.99999999300000008695 
0.00000000099999999963 0.00000000099999999963 0.00000000099999999963 0.00000000099999999963 0.00000000099999999963 0.00000000099999999963 0.00000000099999999963 0.99999999300000008695 
0.29158137363115665952 0.00000000099999999998 0.00709469717747243048 0.27151997336191596721 0.18222582454448182920 0.11356442867104955818 0.13401370061392367528 0.00000000099999999998 
0.00000000099999999993 0.00000000099999999993 0.00000000099999999993 0.99999999299999997593 0.00000000099999999993 0.00000000099999999993 0.00000000099999999993 0.00000000099999999993 
0.74360745866850230801 0.00000000099999999997 0.00855137678683703939 0.18367408155686532067 0.06416707898779541730 0.00000000099999999997 0.00000000099999999997 0.00000000099999999997 
0.00000000099999999967 0.00000000099999999967 0.00000000099999999967 0.00000000099999999967 0.00000000099999999967 0.00000000099999999967 0.00000000099999999967 0.99999999299999997593 
0.00000000099999999993 0.00000000099999999993 0.99999999300000008695 0.00000000099999999993 0.00000000099999999993 0.00000000099999999993 0.00000000099999999993 0.00000000099999999993 
0.00000000099999999994 0.00000000099999999994 0.99999999299999997593 0.00000000099999999994 0.00000000099999999994 0.00000000099999999994 0.00000000099999999994 0.00000000099999999994 
0.00000000099999999962 0.00000000099999999962 0.00000000099999999962 0.00000000099999999962 0.00000000099999999962 0.00000000099999999962 0.00000000099999999962 0.99999999299999997593 
0.69239119587914577103 0.00000000099999999998 0.00000000099999999998 0.00000000099999999998 0.30760879812085439866 0.00000000099999999998 0.00000000099999999998 0.00000000099999999998 
0.99999999300000019797 0.00000000099999999998 0.00000000099999999998 0.00000000099999999998 0.00000000099999999998 0.00000000099999999998 0.00000000099999999998 0.00000000099999999998 
0.00000000099999999964 0.00000000099999999964 0.00000000099999999964 0.00000000099999999964 0.00000000099999999964 0.00000000099999999964 0.00000000099999999964 0.99999999300000008695 
0.00000000099999999997 0.00000000099999999997 0.00000000099999999997 0.28754306763085130116 0.23592492626210581630 0.33902327052803538088 0.13750873157900742050 0.00000000099999999997 
0.00000000099999999991 0.00000000099999999991 0.99999999299999997593 0.00000000099999999991 0.00000000099999999991 0.00000000099999999991 0.00000000099999999991 0.00000000099999999991 
0.00000000099999999973 0.00000000099999999973 0.00000000099999999973 0.00000000099999999973 0.00000000099999999973 0.00000000099999999973 0.99999999299999986491 0.00000000099999999973 
0.00000000099999999998 0.00000000099999999998 0.01399875440788935638 0.79379492533764184348 0.19220631389007913903 0.00000000099999999998 0.00000000236438959981 0.00000000099999999998 
0.41844999626421464090 0.01343208693653788997 0.02865422978783947056 0.31813918341869468209 0.14274698159467225089 0.07857751999804107879 0.00000000099999999999 0.00000000099999999999 
0.23485258237850326068 0.01575772474853804478 0.00000000099999999999 0.41590010668388543991 0.20149906425562799650 0.13199049263110779195 0.00000002730233745261 0.00000000099999999999 
0.55670735145003380495 0.00000000099999999996 0.00000000099999999996 0.00000000099999999996 0.44329264254996625372 0.00000000099999999996 0.00000000099999999996 0.00000000099999999996 
0.00000000099999999990 0.00000000099999999990 0.00000000099999999990 0.00000000099999999990 0.00000000099999999990 0.99999999299999997593 0.00000000099999999990 0.00000000099999999990 
0.17399396884437418054 0.00000000099999999999 0.00000000099999999999 0.40760629668728176611 0.06773849981128757247 0.34903224663354232016 0.00162898502351424774 0.00000000099999999999 
0.00000000099999999989 0.00000000099999999989 0.00000000099999999989 0.00000000099999999989 0.00000000099999999989 0.99999999300000008695 0.00000000099999999989 0.00000000099999999989 
0.26284826127723126543 0.00000000099999999998 0.00000000099999999998 0.25512418918559837122 0.05791637287646921733 0.20460628833992539066 0.21950488532077569448 0.00000000099999999998 
0.00000000099999999995 0.00000000099999999995 0.99999999300000008695 0.00000000099999999995 0.00000000099999999995 0.00000000099999999995 0.00000000099999999995 0.00000000099999999995 
0.26769654344647231259 0.00000000099999999996 0.00000000099999999996 0.00002292502810559987 0.13861298756187956371 0.29323429432105674319 0.30043324664248560740 0.00000000099999999996 
0.00000000099999999993 0.00000000099999999993 0.00000000099999999993 0.99999999299999997593 0.00000000099999999993 0.00000000099999999993 0.00000000099999999993 0.00000000099999999993 
0.00000000099999999998 0.00000000099999999998 0.01973653088762611016 0.40874424798904235301 0.06035838552592148049 0.31504773169591510085 0.19611310090149486340 0.00000000099999999998 
0.00000000099999999992 0.00000000099999999992 0.00000000099999999992 0.99999999300000008695 0.00000000099999999992 0.00000000099999999992 0.00000000099999999992 0.00000000099999999992 
0.00000000099999999993 0.00000000099999999993 0.00000000099999999993 0.99999999299999997593 0.00000000099999999993 0.00000000099999999993 0.00000000099999999993 0.00000000099999999993 
0.00000000099999999992 0.00000000099999999992 0.00000000099999999992 0.99999999299999997593 0.00000000099999999992 0.00000000099999999992 0.00000000099999999992 0.00000000099999999992 
0.36430746643365258253 0.00000000099999999999 0.00683888380932619507 0.28689104619100769256 0.03294409650900780723 0.30901848442304363784 0.00000002063396212736 0.00000000099999999999 
0.00000000099999999997 0.00000000099999999997 0.98226501196579008024 0.01773498203420985353 0.00000000099999999997 0.00000000099999999997 0.00000000099999999997 0.00000000099999999997 
0.00000009398568026626 0.00963022553271073410 0.00000000099999999998 0.41305278101369269361 0.09193495040598005652 0.27104909194697196506 0.21433285511496438791 0.00000000099999999998 
0.32506959418450426247 0.00254189758074277851 0.00000000099999999998 0.42789637688104470437 0.24449212735370820515 0.00000000099999999998 0.00000000099999999998 0.00000000099999999998 
0.38447938465400433028 0.00000000100000000000 0.00437176698950778302 0.19562882130557027183 0.22058650070005522692 0.18747158123774229632 0.00001716752805612550 0.00744477658506392456 
0.00000000099999999997 0.00000000099999999997 0.97746373489887716790 0.00000000099999999997 0.00000000099999999997 0.00000000099999999997 0.02253625910112282832 0.00000000099999999997 
0.32470683187067045372 0.00000000100000000000 0.02007349381991926571 0.25444297873493576523 0.08304513590137843626 0.29937675721477335911 0.00000000109749036325 0.01835480036083236496 
0.00000165573144509300 0.00000000099999999999 0.00034877397602987430 0.38193170866236253458 0.16840561244315599421 0.44931224618700660312 0.00000000099999999999 0.00000000099999999999 
0.00000060268249184575 0.00000000099999999998 0.45113143395073440622 0.00000000099999999998 0.00000000099999999998 0.33234920294899283899 0.21651875641778095538 0.00000000099999999998 
