0.61464023345263740783 0.00000000100000000000 0.01998283545450748808 0.36484273083185986275 0.00000000100000000000 0.00053419826099526972 
0.00000000099999999995 0.00000000099999999995 0.00000000099999999995 0.00000000099999999995 0.00000000099999999995 0.99999999500000003039 
0.00000000099999999995 0.00000000099999999995 0.00000000099999999995 0.00000000099999999995 0.00000000099999999995 0.99999999499999991937 
0.38952728571871325647 0.15154890926308017818 0.00025590633129466556 0.42581292991895364208 0.00000000099999999999 0.03285496776795815421 
0.40547989937147077555 0.17448826985649082411 0.00478146214402034968 0.41525036662801811937 0.00000000099999999999 0.00000000099999999999 
0.56340609925537876723 0.00960783270048995788 0.00000000099999999999 0.40110410679887881225 0.00000000099999999999 0.02588195924525244287 
0.00000000099999999996 0.00000000099999999996 0.00000000099999999996 0.00000000099999999996 0.00000000099999999996 0.99999999500000003039 
0.00000000099999999994 0.00000000099999999994 0.00000000099999999994 0.00000000099999999994 0.00000000099999999994 0.99999999500000003039 
0.37086102637442625030 0.25926545336129513952 0.01042994035619618058 0.35944357790808256770 0.00000000099999999999 0.00000000099999999999 
0.00000000099999999995 0.00000000099999999995 0.00000000099999999995 0.00000000099999999995 0.00000000099999999995 0.99999999499999991937 
0.55440525183031852396 0.11910524051832355186 0.00773339100515114779 0.30544219049014037504 0.00000000100000000000 0.01331392515606637413 
0.60711756867820776407 0.07456221576376080573 0.00697127535665076695 0.29644201097246808407 0.00000000099999999999 0.01490692822891269073 
0.41471192045900528989 0.07962134768747504421 0.00294052427431573671 0.50272620557920399964 0.00000000099999999999 0.00000000099999999999 
0.42724047305798268370 0.15735552078570441692 0.01409102002506177655 0.39999111715628826724 0.00000000099999999999 0.00132186797496290490 
0.99147985818631845234 0.00000000099999999998 0.00852013781368155150 0.00000000099999999998 0.00000000099999999998 0.00000000099999999998 
0.45530920171288130627 0.17279311139492076199 0.02854743758766018283 0.28963172213434990043 0.00000000099999999999 0.05371852617018787329 
0.99999999500000003039 0.00000000099999999997 0.00000000099999999997 0.00000000099999999997 0.00000000099999999997 0.00000000099999999997 
0.00000000099999999998 0.28823660331111344846 0.00000000099999999998 0.71176339268888666467 0.00000000099999999998 0.00000000099999999998 
0.45204039926685396500 0.10446138245724770344 0.00660547253028519795 0.43472257832563510060 0.00217016641997806823 0.00000000100000000000 
0.56926165820385710159 0.13676138602175905157 0.00154280202402670404 0.29243415175035719633 0.00000000099999999998 0.00000000099999999998 
0.56482006456289834961 0.00000000099999999999 0.00000000099999999999 0.43517993143710165249 0.00000000099999999999 0.00000000099999999999 
0.00000000099999999997 0.00000000099999999997 0.00000000099999999997 0.00000000099999999997 0.00000000099999999997 0.99999999500000003039 
0.42743781957336124400 0.17012265406436738457 0.00000000099999999999 0.38131630197319332787 0.00000000099999999999 0.02112322238907815911 
0.00000000099999999983 0.99999999500000003039 0.00000000099999999983 0.00000000099999999983 0.00000000099999999983 0.00000000099999999983 
0.46841874097532953947 0.09828318817090894721 0.00000000099999999998 0.40505475059748313749 0.00000000099999999998 0.02824331825627833525 
0.44705004494375627511 0.23982721302907913929 0.00000000099999999999 0.31312273902716464269 0.00000000099999999999 0.00000000099999999999 
0.00000000099999999978 0.00000000099999999978 0.99999999500000003039 0.00000000099999999978 0.00000000099999999978 0.00000000099999999978 
0.00000000099999999975 0.00000000099999999975 0.99999999499999991937 0.00000000099999999975 0.00000000099999999975 0.00000000099999999975 
0.00000000099999999998 0.32748260119141320290 0.00000000099999999998 0.67251739480858674369 0.00000000099999999998 0.00000000099999999998 
0.66204571256964206416 0.33795428343035810448 0.00000000099999999998 0.00000000099999999998 0.00000000099999999998 0.00000000099999999998 
0.43552046291558949020 0.00000000099999999998 0.00000000099999999998 0.55102752810349964196 0.00000000099999999998 0.01345200598091087288 
0.00000000099999999996 0.06102645545095473911 0.00000000099999999996 0.00000000099999999996 0.00000000099999999996 0.93897354054904513809 
0.00000000099999999991 0.49647641370717160436 0.35518885774284830736 0.00000000099999999991 0.00000000099999999991 0.14833472554998006210 
0.60224144952186464685 0.17044615708837032586 0.00000000099999999998 0.22731239038976511213 0.00000000099999999998 0.00000000099999999998 
0.00000000099999999975 0.00000000099999999975 0.00000000099999999975 0.00000000099999999975 0.99999999499999991937 0.00000000099999999975 
0.00000000099999999968 0.00000000099999999968 0.00000000099999999968 0.00000000099999999968 0.99999999500000003039 0.00000000099999999968 
0.00000000099999999969 0.00000000099999999969 0.00000000099999999969 0.00000000099999999969 0.99999999499999991937 0.00000000099999999969 
0.00000000099999999979 0.00000000099999999979 0.99999999499999991937 0.00000000099999999979 0.00000000099999999979 0.00000000099999999979 
0.00000000099999999976 0.00000000099999999976 0.99999999499999991937 0.00000000099999999976 0.00000000099999999976 0.00000000099999999976 
0.28472708139316982301 0.18614294623322136246 0.00000000099999999998 0.52912996937360889937 0.00000000099999999998 0.00000000099999999998 
0.00000000099999999997 0.00000000099999999997 0.00000000099999999997 0.00000000099999999997 0.00000000099999999997 0.99999999500000003039 
0.00000000099999999977 0.00000000099999999977 0.99999999500000003039 0.00000000099999999977 0.00000000099999999977 0.00000000099999999977 
0.24226472173105625951 0.29162682262154748791 0.00472242638634612875 0.44440283320230034025 0.00000000099999999999 0.01698319505874983093 
0.00000000099999999995 0.00000000099999999995 0.00000000099999999995 0.00000000099999999995 0.00000000099999999995 0.99999999500000003039 
0.00000000099999999980 0.00000000099999999980 0.99999999500000003039 0.00000000099999999980 0.00000000099999999980 0.00000000099999999980 
0.63509408500960629063 0.10985296419092419051 0.00348565548855607130 0.24002323074008496961 0.00000000099999999999 0.01154406357082847501 
0.00000000099999999978 0.00000000099999999978 0.99999999499999991937 0.00000000099999999978 0.00000000099999999978 0.00000000099999999978 
0.00000000099999999996 0.00000000099999999996 0.00000000099999999996 0.00000000099999999996 0.00000000099999999996 0.99999999500000003039 
0.00000000099999999993 0.00000000099999999993 0.00000000099999999993 0.00000000099999999993 0.00000000099999999993 0.99999999499999991937 
0.00000000099999999975 0.00000000099999999975 0.99999999500000003039 0.00000000099999999975 0.00000000099999999975 0.00000000099999999975 
0.00000000099999999977 0.00000000099999999977 0.99999999500000003039 0.00000000099999999977 0.00000000099999999977 0.00000000099999999977 
0.00000000099999999996 0.00000000099999999996 0.00000000099999999996 0.00000000099999999996 0.00000000099999999996 0.99999999499999991937 
0.00000000099999999996 0.00000000099999999996 0.00000000099999999996 0.00000000099999999996 0.00000000099999999996 0.99999999500000003039 
0.00000000099999999997 0.00475589684614802916 0.00000000099999999997 0.00000000099999999997 0.00000000099999999997 0.99524409915385203540 
0.00000000099999999981 0.00000000099999999981 0.99999999499999991937 0.00000000099999999981 0.00000000099999999981 0.00000000099999999981 
0.51337505317130827098 0.00000000100000000000 0.01353347088771673402 0.43008983818339102667 0.00000000100000000000 0.04300163575758387396 
0.00000000099999999996 0.00000000099999999996 0.00000000099999999996 0.99999999500000003039 0.00000000099999999996 0.00000000099999999996 
0.47618825418328031285 0.00000000099999999998 0.00000000099999999998 0.50166294272095712792 0.00000000099999999998 0.02214880009576257469 
0.42038515177981905513 0.14784469796723614943 0.00000000099999999999 0.42617806995546625437 0.00000000099999999999 0.00559207829747868958 
0.00000000099999999995 0.00000000099999999995 0.00000000099999999995 0.00000000099999999995 0.00000000099999999995 0.99999999500000003039 
0.46383549550957975383 0.26271966786537970240 0.00440812157585660468 0.26903671304918380658 0.00000000100000000000 0.00000000100000000000 
0.00000000099999999973 0.00000000099999999973 0.00000000099999999973 0.00000000099999999973 0.99999999499999991937 0.00000000099999999973 
0.39074292303818847216 0.12050151282186016832 0.00117462801657587375 0.48757990890823371677 0.00000000099999999998 0.00000102621514179745 
0.00000000099999999973 0.00000000099999999973 0.00000000099999999973 0.00000000099999999973 0.99999999499999991937 0.00000000099999999973 
0.49679369473808854263 0.49867576329827828507 0.00000000099999999998 0.00000000099999999998 0.00000000099999999998 0.00453053896363317648 
0.00000000099999999974 0.00000000099999999974 0.00000000099999999974 0.00000000099999999974 0.99999999500000003039 0.00000000099999999974 
0.49451741102776103354 0.10793975698201584146 0.00000088892160357346 0.38958851351692114218 0.00000000099999999999 0.00795342855169844931 
0.81162040876116692267 0.18837958723883310719 0.00000000099999999999 0.00000000099999999999 0.00000000099999999999 0.00000000099999999999 
0.00000000099999999994 0.00000000099999999994 0.00000000099999999994 0.00000000099999999994 0.00000000099999999994 0.99999999499999991937 
0.99999999500000003039 0.00000000099999999995 0.00000000099999999995 0.00000000099999999995 0.00000000099999999995 0.00000000099999999995 
0.00000000099999999974 0.00000000099999999974 0.00000000099999999974 0.00000000099999999974 0.99999999499999991937 0.00000000099999999974 
0.00000000099999999976 0.00000000099999999976 0.00000000099999999976 0.00000000099999999976 0.99999999499999991937 0.00000000099999999976 
0.36370920043118615261 0.12505896087689905016 0.00873358004024619300 0.42201594567945988068 0.00000000099999999999 0.08048231197220875877 
0.00000000099999999994 0.00000000099999999994 0.00000000099999999994 0.00000000099999999994 0.00000000099999999994 0.99999999499999991937 
0.00000000099999999981 0.00000000099999999981 0.99999999499999991937 0.00000000099999999981 0.00000000099999999981 0.00000000099999999981 
0.00000000099999999995 0.00000000099999999995 0.00000000099999999995 0.00000000099999999995 0.00000000099999999995 0.99999999500000003039 
0.24608215041856901228 0.19236546701230647360 0.00000000099999999999 0.53259088242153185266 0.00000000099999999999 0.02896149814759264862 
0.00000000099999999971 0.00000000099999999971 0.00000000099999999971 0.00000000099999999971 0.99999999499999991937 0.00000000099999999971 
0.00000000099999999973 0.00000000099999999973 0.99999999499999991937 0.00000000099999999973 0.00000000099999999973 0.00000000099999999973 
0.00000000099999999977 0.00000000099999999977 0.00000000099999999977 0.00000000099999999977 0.99999999500000003039 0.00000000099999999977 
0.40169957622615154458 0.16171865487424283425 0.01523834734364322950 0.42134341955596238405 0.00000000100000000000 0.00000000100000000000 
0.00000000099999999993 0.00000000099999999993 0.00000000099999999993 0.00000000099999999993 0.00000000099999999993 0.99999999500000003039 
0.00000000099999999994 0.00000000099999999994 0.00000000099999999994 0.00000000099999999994 0.00000000099999999994 0.99999999499999991937 
0.40259568517734517501 0.21460636946040906325 0.00000000099999999999 0.15382721117194003702 0.00000000099999999999 0.22897073219030575353 
0.47844323342701250423 0.00005550051183965784 0.02130212780291966534 0.50018047213537197848 0.00000000099999999999 0.00001866512285623826 
0.40199609125211632765 0.23439270287239405421 0.00000000099999999998 0.36076144168619839192 0.00000000099999999998 0.00284976218929126413 
0.64257153812807965565 0.04597886075802403577 0.00000000099999999998 0.29092402294819652564 0.00000000099999999998 0.02052557616569978746 
0.32277390423957619259 0.14506233400259782584 0.00000067677711722998 0.53216308298070869043 0.00000000099999999999 0.00000000099999999999 
0.67806170035790969131 0.17628773759247012842 0.00000000099999999997 0.14565055904962026512 0.00000000099999999997 0.00000000099999999997 
0.41077134078966148767 0.00007079165231022868 0.00000000099999999997 0.58831231851043941372 0.00000000099999999997 0.00084554704758879498 
0.42192411992820783029 0.08906814661870189609 0.00294677576891436968 0.48597175069087455990 0.00000000099999999999 0.00008920599330154896 
0.49325493080534216217 0.25394985055405117080 0.00000000099999999999 0.22204497351671484418 0.00000000099999999999 0.03075024312389179268 
0.00000000099999999995 0.00000000099999999995 0.00000000099999999995 0.00000000099999999995 0.00000000099999999995 0.99999999500000003039 
0.00000000099999999998 0.00544328813849599257 0.00000000099999999998 0.00000000099999999998 0.00000000099999999998 0.99455670786150396356 
0.00000000099999999984 0.00000000099999999984 0.00000000099999999984 0.00000000099999999984 0.99999999499999991937 0.00000000099999999984 
0.00000000099999999997 0.00000000099999999997 0.00000000099999999997 0.00000000099999999997 0.00000000099999999997 0.99999999500000003039 
0.00000000099999999998 0.00000000099999999998 0.00000000099999999998 0.00689692958575775436 0.00000000099999999998 0.99310306641424228591 
0.35286820615356589981 0.19489176596680174436 0.00286167524294147092 0.43553599291993455589 0.00000000099999999999 0.01384235871675644144 
0.00000000099999999968 0.00000000099999999968 0.00000000099999999968 0.00000000099999999968 0.99999999499999991937 0.00000000099999999968 
0.26443432518976345280 0.21328046522020174813 0.00000000099999999999 0.52228520659003474513 0.00000000099999999999 0.00000000099999999999 
0.00000000099999999995 0.00000000099999999995 0.00000000099999999995 0.99999999500000003039 0.00000000099999999995 0.00000000099999999995 
0.78712547045997482975 0.21287452554002522787 0.00000000099999999999 0.00000000099999999999 0.00000000099999999999 0.00000000099999999999 
0.56757506156235704164 0.11127570883472491514 0.00265141892811412592 0.29736326883070440807 0.00000000100000000000 0.02113454084409947809 
0.00000000099999999997 0.35666696674157222224 0.00000000099999999997 0.64333302925842761333 0.00000000099999999997 0.00000000099999999997 
0.40156836949851321128 0.24695521116730914657 0.00000000099999999999 0.31979808214166982605 0.00000000099999999999 0.03167833519250788654 
0.87496497441222453872 0.12503495083359122964 0.00000000099999999999 0.00000007175418420602 0.00000000099999999999 0.00000000099999999999 
0.38320328849126517046 0.27661489193258559371 0.00395407872004784403 0.33314423790864816644 0.00000000099999999999 0.00308350194745322589 
0.75809494054981318989 0.21208689366189270586 0.02981816278829423419 0.00000000100000000000 0.00000000100000000000 0.00000000100000000000 
0.00000000099999999998 0.29347721322685232925 0.00000000099999999998 0.70652278277314772836 0.00000000099999999998 0.00000000099999999998 
0.64602771823450855226 0.00000000099999999998 0.00000000099999999998 0.35397227776549150535 0.00000000099999999998 0.00000000099999999998 
0.34247901410482700646 0.21429872859329948676 0.02412187612248218108 0.39980219489365176333 0.00000000100000000000 0.01929818528573963923 
0.00000000099999999995 0.00000000099999999995 0.00000000099999999995 0.99999999499999991937 0.00000000099999999995 0.00000000099999999995 
0.99999999500000003039 0.00000000099999999996 0.00000000099999999996 0.00000000099999999996 0.00000000099999999996 0.00000000099999999996 
0.70537789797766026201 0.00002009288148643583 0.00000000099999999999 0.29460200614085346738 0.00000000099999999999 0.00000000099999999999 
0.00000000099999999991 0.99999999500000003039 0.00000000099999999991 0.00000000099999999991 0.00000000099999999991 0.00000000099999999991 
0.99999999500000014141 0.00000000099999999998 0.00000000099999999998 0.00000000099999999998 0.00000000099999999998 0.00000000099999999998 
0.44178490847943674424 0.14626446748826354982 0.00000000099999999999 0.37818474377205762993 0.00000000099999999999 0.03376587826024225053 
0.64394598907571654056 0.21262701780074158564 0.00000000099999999999 0.14342699012354198640 0.00000000099999999999 0.00000000099999999999 
0.00000000099999999991 0.99999999500000003039 0.00000000099999999991 0.00000000099999999991 0.00000000099999999991 0.00000000099999999991 
0.44521502309155902566 0.15040977969920013568 0.00291674244253732661 0.31533272417133467735 0.06779791326930742490 0.01832781732606125757 
0.76068290925630255295 0.23931708674369756018 0.00000000099999999998 0.00000000099999999998 0.00000000099999999998 0.00000000099999999998 
0.00000000099999999996 0.43917712290667410002 0.00000000099999999996 0.56082287309332590208 0.00000000099999999996 0.00000000099999999996 
0.56588115338239752816 0.23903532155605511367 0.00000000099999999998 0.17730679907358082303 0.00000000099999999998 0.01777672398796656394 
0.99529334007755487779 0.00000000099999999998 0.00470665592244510350 0.00000000099999999998 0.00000000099999999998 0.00000000099999999998 
0.30695123136363339222 0.14011241213814304429 0.00000000099999999998 0.54130543934726937927 0.00000000099999999998 0.01163091515095420261 
0.37269694125092300840 0.29405738902638339782 0.00316133395243292864 0.33008431935136106627 0.00000001541889950110 0.00000000100000000000 
0.24116410620581241186 0.24088591018839008995 0.00152098166550887503 0.50973087681938422655 0.00000000099999999999 0.00669812412090448322 
0.99999999500000014141 0.00000000099999999996 0.00000000099999999996 0.00000000099999999996 0.00000000099999999996 0.00000000099999999996 
0.98806472277918555580 0.00000000099999999996 0.00000000099999999996 0.00000000099999999996 0.00000000099999999996 0.01193527322081463019 
0.00000000099999999995 0.00000000099999999995 0.00000000099999999995 0.00000000099999999995 0.00000000099999999995 0.99999999500000003039 
0.00000000099999999998 0.00000000099999999998 0.00000000099999999998 0.00000000099999999998 0.00000000099999999998 0.99999999500000003039 
0.00000000099999999979 0.00000000099999999979 0.00000000099999999979 0.00000000099999999979 0.99999999500000003039 0.00000000099999999979 
0.00000000099999999974 0.00000000099999999974 0.99999999500000003039 0.00000000099999999974 0.00000000099999999974 0.00000000099999999974 
0.00000000099999999999 0.00000000099999999999 0.03610477600580063590 0.07131011740204838689 0.00000000099999999999 0.89258510359215093022 
0.44333872585297057212 0.10397877472171486446 0.00000000099999999998 0.44145210462653333705 0.00000000099999999998 0.01123039279878136273 
0.57041815839015286294 0.13085849798460658100 0.00000000100000000000 0.27366566545976384051 0.00000000100000000000 0.02505767616547695253 
0.00000000099999999998 0.00000000099999999998 0.00418623583903916623 0.00000000099999999998 0.00000000099999999998 0.99581376016096079251 
0.39703204942889863682 0.18990839643030554829 0.00000000099999999999 0.40022000504057020365 0.00000000099999999999 0.01283954710022571291 
0.49721161536808089476 0.22946302204969182270 0.00978735743691836434 0.26353800314530895221 0.00000000099999999998 0.00000000099999999998 
0.55906202037202878952 0.44093797562797126810 0.00000000099999999997 0.00000000099999999997 0.00000000099999999997 0.00000000099999999997 
0.00000000099999999972 0.00000000099999999972 0.00000000099999999972 0.00000000099999999972 0.99999999500000003039 0.00000000099999999972 
0.00000000099999999973 0.00000000099999999973 0.00000000099999999973 0.00000000099999999973 0.99999999499999991937 0.00000000099999999973 
0.00000000099999999968 0.00000000099999999968 0.00000000099999999968 0.00000000099999999968 0.99999999499999991937 0.00000000099999999968 
0.00000000099999999969 0.00000000099999999969 0.00000000099999999969 0.00000000099999999969 0.99999999499999991937 0.00000000099999999969 
0.00000000099999999970 0.00000000099999999970 0.00000000099999999970 0.00000000099999999970 0.99999999500000003039 0.00000000099999999970 
0.00000000099999999998 0.00000000099999999998 0.00000000099999999998 0.00000000099999999998 0.00000000099999999998 0.99999999499999991937 
0.64196836231282372598 0.18721773658281570807 0.00725897585903837080 0.16355486671421534672 0.00000000099999999999 0.00000005753110676764 
0.00000000099999999970 0.00000000099999999970 0.00000000099999999970 0.00000000099999999970 0.99999999500000003039 0.00000000099999999970 
0.00000000099999999974 0.00000000099999999974 0.00000000099999999974 0.00000000099999999974 0.99999999499999991937 0.00000000099999999974 
0.00000000099999999973 0.00000000099999999973 0.99999999500000003039 0.00000000099999999973 0.00000000099999999973 0.00000000099999999973 
0.00000000099999999973 0.00000000099999999973 0.99999999499999991937 0.00000000099999999973 0.00000000099999999973 0.00000000099999999973 
0.30936413416699987122 0.00000000099999999998 0.00000000099999999998 0.69063586183300007537 0.00000000099999999998 0.00000000099999999998 
0.00000000099999999972 0.00000000099999999972 0.00000000099999999972 0.00000000099999999972 0.99999999500000003039 0.00000000099999999972 
0.00000000099999999994 0.00000000099999999994 0.00000000099999999994 0.99999999499999991937 0.00000000099999999994 0.00000000099999999994 
0.99999999500000003039 0.00000000099999999996 0.00000000099999999996 0.00000000099999999996 0.00000000099999999996 0.00000000099999999996 
0.00000000099999999998 0.00000000099999999998 0.00000000099999999998 0.05002645522675431417 0.00000000099999999998 0.94997354077324580590 
0.42134898101817691574 0.17536462610764957937 0.00000000099999999998 0.39793055351622741433 0.00000000099999999998 0.00535583735794612544 
0.00000000099999999993 0.00000000099999999993 0.00000000099999999993 0.00000000099999999993 0.00000000099999999993 0.99999999499999991937 
0.43655422254435072293 0.16677033439144259286 0.00160973219412878055 0.37867664655972271825 0.00000000099999999999 0.01638906331035532363 
0.00000000099999999994 0.00000000099999999994 0.00000000099999999994 0.00000000099999999994 0.00000000099999999994 0.99999999499999991937 
0.47822681754767398798 0.24704048555301805212 0.01506548258046943277 0.25762325961457077650 0.00000000099999999999 0.00204395370426770214 
0.46030412278945836979 0.17240802733371263233 0.01082386815629429039 0.35646397972053467385 0.00000000099999999999 0.00000000099999999999 
0.00000000099999999974 0.00000000099999999974 0.00000000099999999974 0.00000000099999999974 0.99999999499999991937 0.00000000099999999974 
0.00000000099999999995 0.00000000099999999995 0.00000000099999999995 0.00000000099999999995 0.00000000099999999995 0.99999999500000003039 
0.00000000099999999970 0.00000000099999999970 0.00000000099999999970 0.00000000099999999970 0.99999999500000003039 0.00000000099999999970 
0.00000000099999999970 0.00000000099999999970 0.00000000099999999970 0.00000000099999999970 0.99999999500000003039 0.00000000099999999970 
0.99999999500000003039 0.00000000099999999997 0.00000000099999999997 0.00000000099999999997 0.00000000099999999997 0.00000000099999999997 
0.35816184667948469666 0.16870766559673650020 0.00000000099999999998 0.44991259507682768159 0.00000000099999999998 0.02321789064695122667 
0.54648723325287518193 0.19786664644277240921 0.00000000099999999998 0.25564611730435249370 0.00000000099999999998 0.00000000099999999998 
0.32313163230445868246 0.17217685927521644840 0.00000000099999999999 0.50469150542032492623 0.00000000099999999999 0.00000000099999999999 
0.60480107708548791479 0.19344681181345518839 0.00964315877912585648 0.19198843569825696509 0.00000000099999999999 0.00012051562367418096 
0.49890456790340165227 0.27307774206963425501 0.00502108774565978438 0.21459135955311200994 0.00000000099999999998 0.00840524172819231627 
0.00000000099999999993 0.00000000099999999993 0.00000000099999999993 0.99999999499999991937 0.00000000099999999993 0.00000000099999999993 
0.00000000817066626809 0.00000000099999999998 0.00000000099999999998 0.00339718914610921728 0.00000000099999999998 0.99660279968322462718 
0.59951088273224895087 0.19599843861309426685 0.00000000099999999998 0.20449067565465686713 0.00000000099999999998 0.00000000099999999998 
0.00000000099999999970 0.00000000099999999970 0.00000000099999999970 0.00000000099999999970 0.99999999499999991937 0.00000000099999999970 
0.60459345033400180291 0.00000000099999999999 0.00000000099999999999 0.39540654566599819919 0.00000000099999999999 0.00000000099999999999 
0.00000000099999999990 0.00000000099999999990 0.00000000099999999990 0.00000000099999999990 0.99999999500000003039 0.00000000099999999990 
0.00000000099999999974 0.00000000099999999974 0.00000000099999999974 0.00000000099999999974 0.99999999499999991937 0.00000000099999999974 
0.44842627822581188068 0.00000090614435673464 0.00000000099999999998 0.53460880454643411319 0.00000000099999999998 0.01696400908339728078 
0.51148039999506644815 0.00000000099999999999 0.00147366331601051274 0.48704593368892307170 0.00000000099999999999 0.00000000099999999999 
0.70994563477317085276 0.15172887221258996027 0.00000000099999999999 0.12326638653592607298 0.00000000099999999999 0.01505910447831316536 
0.00000000099999999976 0.00000000099999999976 0.00000000099999999976 0.00000000099999999976 0.99999999500000003039 0.00000000099999999976 
0.00000000099999999994 0.00000000099999999994 0.00000000099999999994 0.00000000099999999994 0.00000000099999999994 0.99999999500000003039 
0.00000000099999999994 0.00000000099999999994 0.00000000099999999994 0.00000000099999999994 0.00000000099999999994 0.99999999500000003039 
0.00000000099999999973 0.00000000099999999973 0.00000000099999999973 0.00000000099999999973 0.99999999499999991937 0.00000000099999999973 
0.65390551969545374078 0.34609447630454626132 0.00000000099999999999 0.00000000099999999999 0.00000000099999999999 0.00000000099999999999 
0.69994153002543879616 0.11927558105815491696 0.00942756465363045817 0.13742039867469246772 0.00000000100000000000 0.03393492458808328865 
0.00000000099999999975 0.00000000099999999975 0.00000000099999999975 0.00000000099999999975 0.99999999499999991937 0.00000000099999999975 
0.30894627629139781444 0.25131381870805585832 0.00325341027915182577 0.43648649272139461441 0.00000000099999999999 0.00000000099999999999 
0.00000000099999999993 0.00000000099999999993 0.00000000099999999993 0.00000000099999999993 0.00000000099999999993 0.99999999499999991937 
0.00000000099999999999 0.00000000099999999999 0.10265349928582263861 0.58185640771754765233 0.10384323624642344264 0.21164685475020630911 
0.00000000099999999993 0.99999999500000003039 0.00000000099999999993 0.00000000099999999993 0.00000000099999999993 0.00000000099999999993 
0.63100061363833370720 0.11357503475294777884 0.01247971934245597700 0.21217040937734737982 0.00000000099999999999 0.03077422188891513685 
0.60983339401114755596 0.38194409452273725414 0.00822250846611530424 0.00000000099999999998 0.00000000099999999998 0.00000000099999999998 
0.00000000099999999990 0.99999999500000014141 0.00000000099999999990 0.00000000099999999990 0.00000000099999999990 0.00000000099999999990 
0.30680165606025250336 0.28012825533074375839 0.00000000099999999999 0.41307008560900371208 0.00000000099999999999 0.00000000099999999999 
0.00000000099999999998 0.29135989265813178051 0.00000000099999999998 0.70864010334186811058 0.00000000099999999998 0.00000000099999999998 
0.00000000099999999998 0.38641736889254946208 0.00000000099999999998 0.61358262710745048452 0.00000000099999999998 0.00000000099999999998 
0.60759741766888208936 0.00000000100000000000 0.00096750167565734274 0.36529259441645156592 0.00366416361036820586 0.02247832162864069408 
0.00000000099999999996 0.00000000099999999996 0.00000000099999999996 0.00000000099999999996 0.00000000099999999996 0.99999999500000003039 
0.00000000099999999998 0.37901868713914405040 0.00000000099999999998 0.62098130886085578517 0.00000000099999999998 0.00000000099999999998 
0.57241933296910074702 0.00000000099999999998 0.00000000099999999998 0.42758066303089919957 0.00000000099999999998 0.00000000099999999998 
0.41723027481560687191 0.15346579351191266816 0.00000001325594588844 0.38889134415535325795 0.00000000100000000000 0.04041257326118132681 
0.99999999500000014141 0.00000000099999999995 0.00000000099999999995 0.00000000099999999995 0.00000000099999999995 0.00000000099999999995 
0.80656758045174603566 0.17066931762267442685 0.00000000099999999999 0.00000000099999999999 0.00000000099999999999 0.02276309892557949743 
0.44396560972844800741 0.11691201027778666544 0.00000000099999999999 0.43912237699376532873 0.00000000099999999999 0.00000000099999999999 
0.29653397308116136166 0.22817129914083386644 0.00000000099999999999 0.46817186895063783725 0.00000000099999999999 0.00712285682736696953 
0.00000000099999999997 0.02656550777975931477 0.00000000099999999997 0.00000000099999999997 0.00000000099999999997 0.97343448822024059019 
0.00000000099999999995 0.00000000099999999995 0.00000000099999999995 0.99999999499999991937 0.00000000099999999995 0.00000000099999999995 
0.47820066676640066161 0.22107017300981118835 0.00880674550811786673 0.29124970598150734524 0.00000000099999999999 0.00067270773416293708 
0.34220020777684945212 0.34311927802085395722 0.00000000100000000000 0.31344490644565592419 0.00123560575664069636 0.00000000100000000000 
0.00000000099999999997 0.00000000099999999997 0.00000000099999999997 0.00000000099999999997 0.00000000099999999997 0.99999999500000003039 
0.49836544263046766989 0.11831177060918618427 0.00000000100000000000 0.33991459828942283128 0.01842575912349249043 0.02498242834743085242 
0.52610589536821272816 0.11820446199185008496 0.00636760136470662739 0.34389771557662313084 0.00000000100000000000 0.00542432469860747862 
0.00000000099999999998 0.00000000099999999998 0.00000000429678346497 0.51851422057147900091 0.00000000099999999998 0.48148577213173771039 
0.48573460043745086967 0.27557882913067627273 0.00000000099999999998 0.22610528066892751631 0.00000000099999999998 0.01258128776294543429 
0.00000000099999999976 0.00000000099999999976 0.00000000099999999976 0.00000000099999999976 0.99999999500000003039 0.00000000099999999976 
0.49474865824437902484 0.00000000099999999999 0.01293866721119143852 0.47641671895047171814 0.00000000099999999999 0.01589595359395768945 
0.46948142644612206320 0.22614123810647437929 0.00003516096287536575 0.28513237439802169293 0.00000000099999999999 0.01920979908650639195 
