0.44289925286002534977 0.00000000100000000000 0.02117184575772600511 0.53592721992236602713 0.00000168045988263111 
0.00000000099999999996 0.00000000099999999996 0.00000000099999999996 0.00000000099999999996 0.99999999599999989108 
0.00000000099999999996 0.00000000099999999996 0.00000000099999999996 0.00000000099999999996 0.99999999599999989108 
0.30866049096096070947 0.00000000099999999999 0.00131883794076469662 0.65663085021279443687 0.03338981988548009316 
0.35022614189618561653 0.00000000100000000000 0.00921271211334214954 0.64056114399047203722 0.00000000100000000000 
0.26750032254849887003 0.00000000099999999999 0.00200941077566660136 0.70423425729131627904 0.02625600838451812996 
0.00000000099999999997 0.00000000099999999997 0.00000000099999999997 0.00000000099999999997 0.99999999600000000211 
0.00000000099999999994 0.00000000099999999994 0.00000000099999999994 0.00000000099999999994 0.99999999600000000211 
0.00000000099999999999 0.00000000099999999999 0.00817021336676659361 0.99182978162046775417 0.00000000301276563957 
0.00000000099999999996 0.00000000099999999996 0.00000000099999999996 0.00000000099999999996 0.99999999600000000211 
0.48350208353814655426 0.00000000100000000000 0.00829560444791270848 0.49697694060407465733 0.01122537040986596769 
0.36627704342723960140 0.00000000099999999999 0.00744280578752818268 0.61264431942631725203 0.01363583035891487508 
0.32098112958229862990 0.00000000100000000000 0.00466033713002074381 0.67435853128768052933 0.00000000100000000000 
0.29182433334906049405 0.00000000100000000000 0.01668542507189381061 0.68968850890525523756 0.00180173167379050298 
0.42594970614012950261 0.00310430455471822795 0.01786360447044182259 0.55308238383471042265 0.00000000100000000000 
0.31567466476044497847 0.00000000099999999999 0.03037990187693925120 0.59958747154451486061 0.05435796081810091718 
0.47883941766026782982 0.00000000099999999999 0.00000000099999999999 0.52116057893288791902 0.00000000140684412083 
0.42676827015024099143 0.00279913478443049408 0.00285169930245443614 0.56758089476287409969 0.00000000099999999999 
0.32124802737468227676 0.00723536277870099557 0.00884167964154810443 0.66267492865890853526 0.00000000154616007788 
0.53284246933673362623 0.00000000099999999998 0.00000000375423256023 0.46715752490903383887 0.00000000099999999998 
0.48987334246343916533 0.00000000099999999999 0.00000000099999999999 0.51012665453656080849 0.00000000099999999999 
0.00000717776730488518 0.00000000099999999998 0.00000000099999999998 0.00000000099999999998 0.99999281923269511818 
0.47603206746363496693 0.00000000099999999999 0.00000000099999999999 0.50168462375008904264 0.02228330678627600536 
0.00000000099999999996 0.00000000099999999996 0.00000000099999999996 0.99999999600000000211 0.00000000099999999996 
0.99999999600000000211 0.00000000099999999994 0.00000000099999999994 0.00000000099999999994 0.00000000099999999994 
0.31470377779655894779 0.00000000099999999999 0.00165135573323652095 0.68364486447020456072 0.00000000099999999999 
0.00000000099999999983 0.00000000099999999983 0.99999999599999989108 0.00000000099999999983 0.00000000099999999983 
0.00000000099999999980 0.00000000099999999980 0.99999999600000000211 0.00000000099999999980 0.00000000099999999980 
0.48410443047412482498 0.00000000100000000000 0.00495783832587223024 0.51093772920000291027 0.00000000100000000000 
0.00000000099999999998 0.00000000099999999998 0.00000000099999999998 0.99999999599999989108 0.00000000099999999998 
0.51442401398185333417 0.00000000099999999999 0.00000000099999999999 0.47237040548286723940 0.01320557853527954892 
0.00000000099999999997 0.00000000099999999997 0.00000000099999999997 0.00000000099999999997 0.99999999599999989108 
0.00000000099999999996 0.00000000099999999996 0.35849142512640863600 0.42030384730094277890 0.22120472557264866942 
0.42463600744876300874 0.00000000099999999999 0.00000000099999999999 0.57536398955123690957 0.00000000099999999999 
0.00000000099999999980 0.99999999600000000211 0.00000000099999999980 0.00000000099999999980 0.00000000099999999980 
0.00000000099999999975 0.99999999600000000211 0.00000000099999999975 0.00000000099999999975 0.00000000099999999975 
0.00000000099999999975 0.99999999600000011313 0.00000000099999999975 0.00000000099999999975 0.00000000099999999975 
0.00000000099999999984 0.00000000099999999984 0.99999999600000000211 0.00000000099999999984 0.00000000099999999984 
0.00000000099999999982 0.00000000099999999982 0.99999999599999989108 0.00000000099999999982 0.00000000099999999982 
0.56895297561382218721 0.00000000099999999998 0.00000000099999999998 0.43104702138617784213 0.00000000099999999998 
0.00000000099999999997 0.00000000099999999997 0.00000000099999999997 0.00000000099999999997 0.99999999599999989108 
0.00000000099999999982 0.00000000099999999982 0.99999999600000000211 0.00000000099999999982 0.00000000099999999982 
0.52044943625164430401 0.00000000099999999999 0.01023262813642689117 0.45749026080129423510 0.01182767381063464136 
0.00000000099999999995 0.00000000099999999995 0.00000000099999999995 0.00000000099999999995 0.99999999600000000211 
0.00000000099999999985 0.00000000099999999985 0.99999999600000000211 0.00000000099999999985 0.00000000099999999985 
0.00000000099999999998 0.00000000099999999998 0.00000000099999999998 0.99999999599999989108 0.00000000099999999998 
0.00000000099999999983 0.00000000099999999983 0.99999999600000000211 0.00000000099999999983 0.00000000099999999983 
0.00000000099999999996 0.00000000099999999996 0.00000000099999999996 0.00000000099999999996 0.99999999599999989108 
0.00000000099999999994 0.00000000099999999994 0.00000000099999999994 0.00000000099999999994 0.99999999600000000211 
0.00000000099999999980 0.00000000099999999980 0.99999999600000000211 0.00000000099999999980 0.00000000099999999980 
0.00000000099999999982 0.00000000099999999982 0.99999999600000000211 0.00000000099999999982 0.00000000099999999982 
0.00000000099999999996 0.00000000099999999996 0.00000000099999999996 0.00000000099999999996 0.99999999600000000211 
0.00000000099999999996 0.00000000099999999996 0.00000000099999999996 0.00000000099999999996 0.99999999599999989108 
0.00000000099999999997 0.00000000099999999997 0.00000000099999999997 0.00000000196849199270 0.99999999503150804880 
0.00000000099999999985 0.00000000099999999985 0.99999999600000000211 0.00000000099999999985 0.00000000099999999985 
0.00000000099999999999 0.00000000099999999999 0.01534997443279617450 0.95644762268570759911 0.02820240088149617366 
0.50470738537664727730 0.00000000099999999999 0.02414083703681017823 0.47115177558654230960 0.00000000099999999999 
0.34863893072955765007 0.00000000099999999999 0.00000000099999999999 0.63447772357929166365 0.01688334369115055550 
0.43914004329899258838 0.00000000099999999999 0.00000002056716007145 0.55515435054088679845 0.00570558459296065940 
0.00000000099999999996 0.00000000099999999996 0.00000000099999999996 0.00000000099999999996 0.99999999599999989108 
0.37936178661159308811 0.00000001131429302718 0.00567909379672362075 0.61495910727739022672 0.00000000100000000000 
0.00000000099999999979 0.99999999600000000211 0.00000000099999999979 0.00000000099999999979 0.00000000099999999979 
0.55043906710328294185 0.00000000099999999998 0.00211220407725733498 0.44744872681945979664 0.00000000099999999998 
0.00000000099999999979 0.99999999600000011313 0.00000000099999999979 0.00000000099999999979 0.00000000099999999979 
0.29742242098256937988 0.00000000100000000000 0.00000000100000000000 0.66808609600144486240 0.03449148101598559918 
0.00000000099999999980 0.99999999600000000211 0.00000000099999999980 0.00000000099999999980 0.00000000099999999980 
0.49064263590950157878 0.00000000099999999999 0.00000001781080254987 0.50451345847816209123 0.00484388680153368008 
0.43845655964739060906 0.00000000100000000000 0.00469717140228589208 0.55209990001143494087 0.00474636793888864959 
0.00000000099999999994 0.00000000099999999994 0.00000000099999999994 0.00000000099999999994 0.99999999600000000211 
0.28863522174930422715 0.00000000099999999998 0.00000000099999999998 0.71136477525069563566 0.00000000099999999998 
0.00000000099999999980 0.99999999600000000211 0.00000000099999999980 0.00000000099999999980 0.00000000099999999980 
0.00000000099999999982 0.99999999600000000211 0.00000000099999999982 0.00000000099999999982 0.00000000099999999982 
0.51735956147233375102 0.00000000099999999999 0.00825770338375817620 0.39468836211251773216 0.07969437203139037584 
0.00000000099999999995 0.00000000099999999995 0.00000000099999999995 0.00000000099999999995 0.99999999600000000211 
0.00000000099999999985 0.00000000099999999985 0.99999999599999989108 0.00000000099999999985 0.00000000099999999985 
0.00000000099999999995 0.00000000099999999995 0.00000000099999999995 0.00000000099999999995 0.99999999599999989108 
0.33703890735548658331 0.00000000100000000000 0.00000000100000000000 0.62964308418354586472 0.03331800646096753915 
0.00000000099999999978 0.99999999600000000211 0.00000000099999999978 0.00000000099999999978 0.00000000099999999978 
0.00000000099999999979 0.00000000099999999979 0.99999999599999989108 0.00000000099999999979 0.00000000099999999979 
0.00000000099999999982 0.99999999600000011313 0.00000000099999999982 0.00000000099999999982 0.00000000099999999982 
0.53985682004590107574 0.00000000100000000000 0.01476683229521032203 0.44537634565888850613 0.00000000100000000000 
0.00000000099999999994 0.00000000099999999994 0.00000000099999999994 0.00000000099999999994 0.99999999600000000211 
0.00000000099999999995 0.00000000099999999995 0.00000000099999999995 0.00000000099999999995 0.99999999599999989108 
0.16553028173010364554 0.00000000099999999999 0.00046717723835978839 0.60315178782902123533 0.23085075220251538575 
0.31108060424730432647 0.00000000099999999999 0.02274959829636591727 0.66515385507358915085 0.00101594138274063673 
0.99999999600000000211 0.00000000099999999993 0.00000000099999999993 0.00000000099999999993 0.00000000099999999993 
0.40597878541162385480 0.00000000099999999999 0.00000000099999999999 0.57680186404238487086 0.01721934854599111234 
0.45490581880822938965 0.00000000099999999999 0.00000000099999999999 0.54509417819177052866 0.00000000099999999999 
0.47109901099088202781 0.00000000099999999997 0.00000000099999999997 0.52890098600911783500 0.00000000099999999997 
0.47177135339319525853 0.00000000099999999998 0.00000000099999999998 0.52719842966001595475 0.00103021494678858135 
0.42153901509048175011 0.00000000099999999999 0.00646518529247708772 0.56768321012720124319 0.00431258848983990736 
0.00000000099999999999 0.00000000099999999999 0.00000000099999999999 0.97359813425127050834 0.02640186274872939609 
0.00000000099999999996 0.00000000099999999996 0.00000000099999999996 0.00000000099999999996 0.99999999599999989108 
0.00000001388012627930 0.00000000099999999998 0.00000000099999999998 0.00000000099999999998 0.99999998311987381427 
0.00000000099999999988 0.99999999600000000211 0.00000000099999999988 0.00000000099999999988 0.00000000099999999988 
0.00000000099999999997 0.00000000099999999997 0.00000000099999999997 0.00000000099999999997 0.99999999599999989108 
0.00000000099999999998 0.00000000099999999998 0.00000000099999999998 0.00000000099999999998 0.99999999600000000211 
0.32046894475410830916 0.00000000099999999999 0.00540119471023661323 0.65478246801805217725 0.01934739151760298675 
0.00000000099999999975 0.99999999600000011313 0.00000000099999999975 0.00000000099999999975 0.00000000099999999975 
0.33596173697687869986 0.00000000099999999999 0.00358298364516332086 0.66045527737795783896 0.00000000099999999999 
0.45548898694409706289 0.00000000099999999999 0.00354382963961795590 0.52968879503043519996 0.01127838738584984596 
0.32729404564965952629 0.00012424852495248980 0.00665025488453527529 0.66593144994085262667 0.00000000100000000000 
0.38301799782162515573 0.00000000100000000000 0.00359926732740198331 0.59312484732182968461 0.02025788652914315563 
0.31582325032984831514 0.00000000100000000000 0.00000000100000000000 0.68417670304356026367 0.00000004462659145285 
0.29212707302356477612 0.00000000100000000000 0.00000000100000000000 0.67207885119040355892 0.03579407378603156886 
0.29640803418394151558 0.00000000099999999999 0.00517932010793392770 0.69841264370812461415 0.00000000099999999999 
0.48308611899106262966 0.00000000099999999999 0.00650870551073718002 0.51040501838706642257 0.00000015611113378141 
0.25125024960595732093 0.00199390948871358987 0.02985142350862053304 0.71002870599457990064 0.00687571140212883420 
0.47388530764721181754 0.00000000099999999999 0.00987027399996677317 0.51624441635282125596 0.00000000099999999999 
0.28706841638461766397 0.00000000099999999998 0.00000000099999999998 0.71293158061538230985 0.00000000099999999998 
0.47239995612034602068 0.00000000100000000000 0.02375378550900593411 0.48669394753081662852 0.01715230983983149354 
0.39931918601666221980 0.00000000099999999998 0.00932291885047682907 0.59135789313286080127 0.00000000099999999998 
0.42930985453685199804 0.00000000099999999999 0.00000000099999999999 0.56587987175800580353 0.00481027170514207372 
0.00000000099999999998 0.00000000099999999998 0.00000000099999999998 0.99999999600000000211 0.00000000099999999998 
0.27473994082200969835 0.00000000099999999999 0.00000000099999999999 0.69571694930940264356 0.02954310786858757934 
0.32839480614764704480 0.00000000100000000000 0.00519686320797991316 0.65657283852578252059 0.00983549111859058356 
0.25415425515276945934 0.00000000099999999999 0.00000000099999999999 0.71319795217683457089 0.03264779067039582511 
0.22420416134865553404 0.00000000099999999999 0.00000000099999999999 0.77579583565134446754 0.00000000099999999999 
0.30241450306435002648 0.00000000099999999999 0.00000000099999999999 0.67635227160692745763 0.02123322332872242327 
0.33226548411278350459 0.06789250097706422959 0.00428843213356240507 0.57535190726647977844 0.02020167551011012655 
0.31135435086673435290 0.00000000099999999998 0.00000000099999999998 0.68864462626936651102 0.00000102086389897690 
0.34977770118157403001 0.00000000099999999998 0.00000000099999999998 0.63601945554341432487 0.01420284127501169648 
0.37635229354952443037 0.00000000099999999998 0.00000000099999999998 0.60311075628148003158 0.02053694816899548012 
0.33634188262706005146 0.00000000099999999999 0.01543724974260105021 0.64822086563033876061 0.00000000099999999999 
0.43076619876977434442 0.00000000099999999998 0.00000000099999999998 0.56019916354839915940 0.00903463568182645560 
0.00000000099999999999 0.00000000099999999999 0.00271698443583598881 0.99728301256416407305 0.00000000099999999999 
0.47656643144226573661 0.00000000099999999999 0.00694809370897054700 0.50958911063627743143 0.00689636321248633059 
0.44760024188542352208 0.00000000099999999999 0.00000000099999999999 0.55239975511457639623 0.00000000099999999999 
0.47522111369797032099 0.00000000099999999997 0.00000000099999999997 0.49798420581242386351 0.02679467848960584778 
0.00000000099999999995 0.00000000099999999995 0.00000000099999999995 0.00000000099999999995 0.99999999599999989108 
0.00000000099999999998 0.00000000099999999998 0.00000000099999999998 0.00000000099999999998 0.99999999600000000211 
0.00000000099999999983 0.99999999600000000211 0.00000000099999999983 0.00000000099999999983 0.00000000099999999983 
0.00000000099999999980 0.00000000099999999980 0.99999999600000000211 0.00000000099999999980 0.00000000099999999980 
0.00000000100000000000 0.00000000100000000000 0.03899345868938172005 0.05516174569076909978 0.90584479361984926449 
0.00000459892889510745 0.00000000099999999998 0.00000000099999999998 0.99997708766056514484 0.00001831141053976038 
0.99999999600000000211 0.00000000099999999995 0.00000000099999999995 0.00000000099999999995 0.00000000099999999995 
0.00000000099999999999 0.00000000099999999999 0.00415761263299794636 0.00000000099999999999 0.99584238436700200925 
0.34707140289882110196 0.00000000099999999999 0.00000000099999999999 0.63871468894346183909 0.01421390615771687613 
0.25032646698062216428 0.00000000099999999998 0.01189457581991747517 0.73777894971774860000 0.00000000648171168823 
0.22921771166603108205 0.00000000099999999999 0.00216683413716160572 0.76861545219680726948 0.00000000099999999999 
0.00000000099999999978 0.99999999600000011313 0.00000000099999999978 0.00000000099999999978 0.00000000099999999978 
0.00000000099999999980 0.99999999600000000211 0.00000000099999999980 0.00000000099999999980 0.00000000099999999980 
0.00000000099999999975 0.99999999600000000211 0.00000000099999999975 0.00000000099999999975 0.00000000099999999975 
0.00000000099999999976 0.99999999600000011313 0.00000000099999999976 0.00000000099999999976 0.00000000099999999976 
0.00000000099999999976 0.99999999600000000211 0.00000000099999999976 0.00000000099999999976 0.00000000099999999976 
0.00000000099999999998 0.00000000099999999998 0.00000000099999999998 0.00000000099999999998 0.99999999600000000211 
0.00000000099999999999 0.00000000099999999999 0.00000336879884560544 0.99999662820115431394 0.00000000099999999999 
0.00000000099999999976 0.99999999600000000211 0.00000000099999999976 0.00000000099999999976 0.00000000099999999976 
0.00000000099999999980 0.99999999600000011313 0.00000000099999999980 0.00000000099999999980 0.00000000099999999980 
0.00000000099999999979 0.00000000099999999979 0.99999999599999989108 0.00000000099999999979 0.00000000099999999979 
0.00000000099999999979 0.00000000099999999979 0.99999999599999989108 0.00000000099999999979 0.00000000099999999979 
0.33713124691994322824 0.00000000099999999999 0.00000000099999999999 0.66286875008005663457 0.00000000099999999999 
0.00000000099999999978 0.99999999600000011313 0.00000000099999999978 0.00000000099999999978 0.00000000099999999978 
0.32619871737422923008 0.00000000099999999999 0.00000000099999999999 0.66350780072370429963 0.01029347990206654594 
0.27677867531362804199 0.00000000099999999999 0.00000000099999999999 0.72322132168637198735 0.00000000099999999999 
0.05684368023606080345 0.00000000099999999998 0.00000000099999999998 0.00000000099999999998 0.94315631676393918426 
0.42365934720766196264 0.00000000099999999998 0.00000000099999999998 0.57108938587508928375 0.00525126491724856731 
0.00000000099999999994 0.00000000099999999994 0.00000000099999999994 0.00000000099999999994 0.99999999600000000211 
0.27516519140562328838 0.00000000099999999999 0.00460906700709567008 0.70342621940537464198 0.01679952118190643218 
0.00000000099999999995 0.00000000099999999995 0.00000000099999999995 0.00000000099999999995 0.99999999599999989108 
0.42610141993290684415 0.00000000099999999999 0.01605233350517973334 0.55109433479500524733 0.00675191076690812280 
0.45227267863924230928 0.00000000099999999999 0.01136628987106638213 0.53636102948969122117 0.00000000099999999999 
0.00000000099999999980 0.99999999600000011313 0.00000000099999999980 0.00000000099999999980 0.00000000099999999980 
0.00000000099999999996 0.00000000099999999996 0.00000000099999999996 0.00000000099999999996 0.99999999600000000211 
0.00000000099999999977 0.99999999600000011313 0.00000000099999999977 0.00000000099999999977 0.00000000099999999977 
0.00000000099999999976 0.99999999600000000211 0.00000000099999999976 0.00000000099999999976 0.00000000099999999976 
0.00000000099999999998 0.00000000099999999998 0.00000000099999999998 0.99999999600000000211 0.00000000099999999998 
0.45122599465890167458 0.00000000099999999999 0.00000000099999999999 0.52539063570233668354 0.02338336763876142435 
0.00000000099999999997 0.00000000099999999997 0.00000000099999999997 0.99999999599999989108 0.00000000099999999997 
0.00000000099999999998 0.00000000099999999998 0.00000000099999999998 0.99999999600000000211 0.00000000099999999998 
0.40397319107990231624 0.00000000099999999999 0.01149211282540914952 0.58438294209389451961 0.00015175300079414648 
0.31742657777684873954 0.00000000099999999999 0.00712641932594312421 0.66248768778699218540 0.01295931411021588632 
0.99999999600000011313 0.00000000099999999993 0.00000000099999999993 0.00000000099999999993 0.00000000099999999993 
0.00802644630624348154 0.00000000099999999997 0.00000000099999999997 0.00000000099999999997 0.99197355069375647840 
0.42000587398526795235 0.00000000099999999998 0.00000000099999999998 0.57999412301473196596 0.00000000099999999998 
0.00000000099999999977 0.99999999600000011313 0.00000000099999999977 0.00000000099999999977 0.00000000099999999977 
0.51468629371630647551 0.00000000099999999999 0.00000000099999999999 0.48531370328369355382 0.00000000099999999999 
0.00000000099999999992 0.99999999600000011313 0.00000000099999999992 0.00000000099999999992 0.00000000099999999992 
0.00000000099999999980 0.99999999600000000211 0.00000000099999999980 0.00000000099999999980 0.00000000099999999980 
0.43441749182804773044 0.00000000099999999999 0.00000000099999999999 0.54998571688122444012 0.01559678929072778365 
0.64409739190201731329 0.00000000099999999999 0.00079165918906032480 0.35511094690892225367 0.00000000099999999999 
0.00000000099999999998 0.00000000099999999998 0.00000000099999999998 0.99999981918909797152 0.00000017781090203908 
0.00000000099999999982 0.99999999600000011313 0.00000000099999999982 0.00000000099999999982 0.00000000099999999982 
0.00000000099999999995 0.00000000099999999995 0.00000000099999999995 0.00000000099999999995 0.99999999599999989108 
0.00000000099999999995 0.00000000099999999995 0.00000000099999999995 0.00000000099999999995 0.99999999599999989108 
0.00000000099999999979 0.99999999600000011313 0.00000000099999999979 0.00000000099999999979 0.00000000099999999979 
0.00000000099999999998 0.00000000099999999998 0.00000000099999999998 0.99999999599999989108 0.00000000099999999998 
0.30509827342583595300 0.00000000100000000000 0.01398373167057743137 0.64312836924732286192 0.03778962465626365536 
0.00000000099999999980 0.99999999600000000211 0.00000000099999999980 0.00000000099999999980 0.00000000099999999980 
0.31531187073130778620 0.00000000099999999999 0.00691804857923763311 0.67521209522531355773 0.00255798446414101264 
0.00000000099999999994 0.00000000099999999994 0.00000000099999999994 0.00000000099999999994 0.99999999600000000211 
0.62530103304672346454 0.09315326884467248214 0.09867450504859016924 0.00000000099999999999 0.18287119206001392624 
0.44123580722738836579 0.00000000134253901677 0.00000000100000000000 0.53844239388666437218 0.02032179654340828673 
0.26215422675061911262 0.00000000099999999999 0.01430665191855268539 0.69336709003538488094 0.03017203029544310647 
0.34515644586032245833 0.00000000099999999999 0.01508545231915169038 0.63975809982052567193 0.00000000099999999999 
0.28488029672948383952 0.00000000099999999999 0.00912437618747949375 0.70599532508303652900 0.00000000099999999999 
0.42588920861232959503 0.00000000099999999999 0.00148142581856267682 0.57262936356910776325 0.00000000099999999999 
0.67573852949187784844 0.00000000099999999998 0.00000000099999999998 0.32426146750812223640 0.00000000099999999998 
0.00000000099999999998 0.00000000099999999998 0.00026726699165864805 0.99973273000834128599 0.00000000099999999998 
0.99999999600000011313 0.00000000099999999996 0.00000000099999999996 0.00000000099999999996 0.00000000099999999996 
0.00000000099999999996 0.00000000099999999996 0.00000000099999999996 0.00000000099999999996 0.99999999599999989108 
0.99999999600000011313 0.00000000099999999994 0.00000000099999999994 0.00000000099999999994 0.00000000099999999994 
0.41725816788306213656 0.00000000099999999999 0.00387755988977094013 0.57886427022716679947 0.00000000099999999999 
0.39709210413004913942 0.00000000100000000000 0.00051086511208136491 0.56170179214947235646 0.04069523760839716814 
0.47913691578298311935 0.00000000099999999998 0.00000000099999999998 0.51184306198562690149 0.00902002023138995940 
0.49032352280553198609 0.00000000100000000000 0.00000000100000000000 0.48193344913818136899 0.02774302605628656618 
0.51832625425139433606 0.00000000099999999998 0.00000000099999999998 0.48167374274860574879 0.00000000099999999998 
0.43693946049183929325 0.00000000099999999999 0.00000000099999999999 0.55750839622320325084 0.00555214128495732425 
0.02046181103875252885 0.00000000099999999997 0.00000000099999999997 0.00000000099999999997 0.97953818596124742069 
0.99999999600000011313 0.00000000099999999995 0.00000000099999999995 0.00000000099999999995 0.00000000099999999995 
0.31752842934310726575 0.00000000099999999999 0.01012964394330898542 0.67168754459007551372 0.00065438112350826091 
0.00000000099999999999 0.00000008975427842826 0.00000000099999999999 0.99999990724572163092 0.00000000099999999999 
0.00431760979863736287 0.00000000099999999997 0.00000000099999999997 0.00000000099999999997 0.99568238720136259534 
0.36375126679233771299 0.01826480454706334855 0.00000000100000000000 0.59482936560140742266 0.02315456205919153021 
0.18826683656844284132 0.00000000100000000000 0.00785944313876147174 0.79324804829156403407 0.01062567100123165340 
0.20728934661307715781 0.00000000099999999999 0.01034473744957922769 0.30630167794385870783 0.47606423699348487943 
0.00000000099999999997 0.00000000099999999997 0.00000000099999999997 0.98847081211585496874 0.01152918488414512825 
0.00000000099999999981 0.99999999600000011313 0.00000000099999999981 0.00000000099999999981 0.00000000099999999981 
0.32243628070852464740 0.00000000099999999999 0.01629193539361305926 0.64792457033868056104 0.01334721255918162527 
0.00000000099999999998 0.00000000099999999998 0.00000000099999999998 0.99373795283344201756 0.00626204416655806815 
