0.00000000099999999998 0.00000000099999999998 0.00000023899559348347 0.00000000099999999998 0.34552468655123386165 0.45801879017378382963 0.18348801567513126076 0.01296826260425766944 0.00000000099999999998 0.00000000099999999998 0.00000000099999999998 
0.00000000099999999987 0.99999999000000028282 0.00000000099999999987 0.00000000099999999987 0.00000000099999999987 0.00000000099999999987 0.00000000099999999987 0.00000000099999999987 0.00000000099999999987 0.00000000099999999987 0.00000000099999999987 
0.00000000099999999988 0.99999999000000017180 0.00000000099999999988 0.00000000099999999988 0.00000000099999999988 0.00000000099999999988 0.00000000099999999988 0.00000000099999999988 0.00000000099999999988 0.00000000099999999988 0.00000000099999999988 
0.00000000099999999998 0.03057824228570141939 0.20336366313659379190 0.21104602379021175640 0.15751223504329026071 0.19288625481508547832 0.20458771911875045513 0.00000000099999999998 0.00002585781036682749 0.00000000099999999998 0.00000000099999999998 
0.05710179266749239313 0.00000000099999999998 0.29226986101898910775 0.08836211764813395320 0.09811841275699381693 0.29287298890599416934 0.17127482200239685373 0.00000000099999999998 0.00000000099999999998 0.00000000099999999998 0.00000000099999999998 
0.00000000099999999997 0.02843208318722372646 0.09158085488959089027 0.00000000099999999997 0.46096034810425984274 0.18564414801781051190 0.23338255980111510812 0.00000000099999999997 0.00000000099999999997 0.00000000099999999997 0.00000000099999999997 
0.00000000099999999987 0.99999999000000028282 0.00000000099999999987 0.00000000099999999987 0.00000000099999999987 0.00000000099999999987 0.00000000099999999987 0.00000000099999999987 0.00000000099999999987 0.00000000099999999987 0.00000000099999999987 
0.00000000099999999978 0.00000000099999999978 0.00000000099999999978 0.00000000099999999978 0.00000000099999999978 0.00000000099999999978 0.00000000099999999978 0.00000000099999999978 0.99999998999999994975 0.00000000099999999978 0.00000000099999999978 
0.01610272544570741718 0.00000000099999999997 0.45741270215290547041 0.00000000099999999997 0.13974290642534620277 0.00123235849834818197 0.36686892677393506679 0.01864037570375763619 0.00000000099999999997 0.00000000099999999997 0.00000000099999999997 
0.00000000099999999980 0.00000000099999999980 0.00000000099999999980 0.00000000099999999980 0.00000000099999999980 0.00000000099999999980 0.00000000099999999980 0.00000000099999999980 0.99999998999999994975 0.00000000099999999980 0.00000000099999999980 
0.00000000099999999986 0.00000000099999999986 0.00000000099999999986 0.99999999000000017180 0.00000000099999999986 0.00000000099999999986 0.00000000099999999986 0.00000000099999999986 0.00000000099999999986 0.00000000099999999986 0.00000000099999999986 
0.00015109230604762783 0.01944163790433370981 0.24579386419836252164 0.34672239167421570194 0.00000076602953716271 0.05297623702130081075 0.33491400686620248495 0.00000000099999999996 0.00000000099999999996 0.00000000099999999996 0.00000000099999999996 
0.00000000099999999995 0.00000000099999999995 0.55962403676035810118 0.44037595423964187580 0.00000000099999999995 0.00000000099999999995 0.00000000099999999995 0.00000000099999999995 0.00000000099999999995 0.00000000099999999995 0.00000000099999999995 
0.00885671593098199053 0.00000000099999999999 0.00042201524805542411 0.18019807310374921783 0.19342313505340921753 0.34751228744888823519 0.26057078090807722637 0.00901698830683872812 0.00000000099999999999 0.00000000099999999999 0.00000000099999999999 
0.00000000099999999996 0.00000000099999999996 0.00000000099999999996 0.00000000099999999996 0.00000000099999999996 0.48385746883466229651 0.51614252216533773598 0.00000000099999999996 0.00000000099999999996 0.00000000099999999996 0.00000000099999999996 
0.04736144242166685087 0.02634897187752902395 0.18546486519823088268 0.05978051650343570861 0.12407987739653157655 0.23076479657030232739 0.28076878195479693101 0.02450804236251792959 0.02092270371498878775 0.00000000099999999998 0.00000000099999999998 
0.00000000099999999983 0.00000000099999999983 0.00000000099999999983 0.00000000099999999983 0.00000000099999999983 0.00000000099999999983 0.99999999000000006077 0.00000000099999999983 0.00000000099999999983 0.00000000099999999983 0.00000000099999999983 
0.00000000099999999996 0.00000000099999999996 0.32306649975713597200 0.33223214989382671147 0.00000000099999999996 0.00000000099999999996 0.34470134234903743176 0.00000000099999999996 0.00000000099999999996 0.00000000099999999996 0.00000000099999999996 
0.00000000099999999999 0.00000000099999999999 0.28926514399364317009 0.00000154658106801249 0.19233584747255216829 0.33368750040700229098 0.18247142066372487590 0.00223853588200940935 0.00000000099999999999 0.00000000099999999999 0.00000000099999999999 
0.00000000099999999983 0.00000000099999999983 0.00000000099999999983 0.00000000099999999983 0.00000000099999999983 0.99999999000000006077 0.00000000099999999983 0.00000000099999999983 0.00000000099999999983 0.00000000099999999983 0.00000000099999999983 
0.00000000099999999996 0.00000000099999999996 0.41778643588938885189 0.34376141041091473616 0.02422910494868607198 0.00133118023840414512 0.21289186251260616700 0.00000000099999999996 0.00000000099999999996 0.00000000099999999996 0.00000000099999999996 
0.00000000099999999988 0.99999999000000028282 0.00000000099999999988 0.00000000099999999988 0.00000000099999999988 0.00000000099999999988 0.00000000099999999988 0.00000000099999999988 0.00000000099999999988 0.00000000099999999988 0.00000000099999999988 
0.00000000099999999993 0.00000000099999999993 0.00000000099999999993 0.61695919831783629927 0.00000000099999999993 0.38304079268216384424 0.00000000099999999993 0.00000000099999999993 0.00000000099999999993 0.00000000099999999993 0.00000000099999999993 
0.99999999000000017180 0.00000000099999999919 0.00000000099999999919 0.00000000099999999919 0.00000000099999999919 0.00000000099999999919 0.00000000099999999919 0.00000000099999999919 0.00000000099999999919 0.00000000099999999919 0.00000000099999999919 
0.00000000099999999994 0.00953970442180482325 0.61880529575480747173 0.37165498958844045418 0.00000000099999999994 0.00000000323494740890 0.00000000099999999994 0.00000000099999999994 0.00000000099999999994 0.00000000099999999994 0.00000000099999999994 
0.00000000099999999997 0.00000000099999999997 0.17937174113166590161 0.25883981691902041566 0.28021013822668805471 0.18109996420707119569 0.10047833351555462977 0.00000000099999999997 0.00000000099999999997 0.00000000099999999997 0.00000000099999999997 
0.00000000099999999955 0.00000000099999999955 0.00000000099999999955 0.00000000099999999955 0.00000000099999999955 0.00000000099999999955 0.00000000099999999955 0.99999999000000006077 0.00000000099999999955 0.00000000099999999955 0.00000000099999999955 
0.00000000099999999954 0.00000000099999999954 0.00000000099999999954 0.00000000099999999954 0.00000000099999999954 0.00000000099999999954 0.00000000099999999954 0.99999998999999994975 0.00000000099999999954 0.00000000099999999954 0.00000000099999999954 
0.00000000099999999992 0.00000000099999999992 0.99999999000000006077 0.00000000099999999992 0.00000000099999999992 0.00000000099999999992 0.00000000099999999992 0.00000000099999999992 0.00000000099999999992 0.00000000099999999992 0.00000000099999999992 
0.00000000099999999994 0.00000000099999999994 0.41366561667378237699 0.00000000099999999994 0.00000000099999999994 0.00000000099999999994 0.58633437432621771102 0.00000000099999999994 0.00000000099999999994 0.00000000099999999994 0.00000000099999999994 
0.03358722441751219728 0.00000000099999999995 0.77228016021653134171 0.00000000099999999995 0.00000000099999999995 0.00000000099999999995 0.19413260736595661093 0.00000000099999999995 0.00000000099999999995 0.00000000099999999995 0.00000000099999999995 
0.25439890550469196340 0.74560108549530823563 0.00000000099999999978 0.00000000099999999978 0.00000000099999999978 0.00000000099999999978 0.00000000099999999978 0.00000000099999999978 0.00000000099999999978 0.00000000099999999978 0.00000000099999999978 
0.63674578312900065313 0.00000000099999999953 0.00000000099999999953 0.00000000099999999953 0.00000000099999999953 0.00000000099999999953 0.00000000099999999953 0.36325420787099949038 0.00000000099999999953 0.00000000099999999953 0.00000000099999999953 
0.00000000099999999995 0.00000000099999999995 0.12452987292879164061 0.38644925338684793514 0.16070706232740208930 0.00000000099999999995 0.32831380435695850517 0.00000000099999999995 0.00000000099999999995 0.00000000099999999995 0.00000000099999999995 
0.00000000099999999942 0.00000000099999999942 0.00000000099999999942 0.00000000099999999942 0.00000000099999999942 0.00000000099999999942 0.00000000099999999942 0.00000000099999999942 0.00000000099999999942 0.99999998999999994975 0.00000000099999999942 
0.00000000099999999932 0.00000000099999999932 0.00000000099999999932 0.00000000099999999932 0.00000000099999999932 0.00000000099999999932 0.00000000099999999932 0.00000000099999999932 0.00000000099999999932 0.99999998999999994975 0.00000000099999999932 
0.00000000099999999929 0.00000000099999999929 0.00000000099999999929 0.00000000099999999929 0.00000000099999999929 0.00000000099999999929 0.00000000099999999929 0.00000000099999999929 0.00000000099999999929 0.00000000099999999929 0.99999998999999994975 
0.00000000099999999957 0.00000000099999999957 0.00000000099999999957 0.00000000099999999957 0.00000000099999999957 0.00000000099999999957 0.00000000099999999957 0.99999998999999994975 0.00000000099999999957 0.00000000099999999957 0.00000000099999999957 
0.00000000099999999951 0.00000000099999999951 0.00000000099999999951 0.00000000099999999951 0.00000000099999999951 0.00000000099999999951 0.00000000099999999951 0.99999998999999994975 0.00000000099999999951 0.00000000099999999951 0.00000000099999999951 
0.00000000099999999993 0.00000000099999999993 0.62508581474049840221 0.37491417625950174131 0.00000000099999999993 0.00000000099999999993 0.00000000099999999993 0.00000000099999999993 0.00000000099999999993 0.00000000099999999993 0.00000000099999999993 
0.00000000099999999991 0.38077460900362974927 0.00000000099999999991 0.00000000099999999991 0.00000000099999999991 0.00000000099999999991 0.00000000099999999991 0.00000000099999999991 0.61922538199637000567 0.00000000099999999991 0.00000000099999999991 
0.00000000099999999954 0.00000000099999999954 0.00000000099999999954 0.00000000099999999954 0.00000000099999999954 0.00000000099999999954 0.00000000099999999954 0.99999998999999994975 0.00000000099999999954 0.00000000099999999954 0.00000000099999999954 
0.00000000099999999983 0.00000000099999999983 0.00000000099999999983 0.99999999000000017180 0.00000000099999999983 0.00000000099999999983 0.00000000099999999983 0.00000000099999999983 0.00000000099999999983 0.00000000099999999983 0.00000000099999999983 
0.00000000099999999977 0.00000000099999999977 0.00000000099999999977 0.00000000099999999977 0.00000000099999999977 0.00000000099999999977 0.00000000099999999977 0.00000000099999999977 0.99999999000000006077 0.00000000099999999977 0.00000000099999999977 
0.00000000099999999959 0.00000000099999999959 0.00000000099999999959 0.00000000099999999959 0.00000000099999999959 0.00000000099999999959 0.00000000099999999959 0.99999998999999994975 0.00000000099999999959 0.00000000099999999959 0.00000000099999999959 
0.00000000099999999985 0.00000000099999999985 0.00000000099999999985 0.99999999000000006077 0.00000000099999999985 0.00000000099999999985 0.00000000099999999985 0.00000000099999999985 0.00000000099999999985 0.00000000099999999985 0.00000000099999999985 
0.00000000099999999954 0.00000000099999999954 0.00000000099999999954 0.00000000099999999954 0.00000000099999999954 0.00000000099999999954 0.00000000099999999954 0.99999998999999994975 0.00000000099999999954 0.00000000099999999954 0.00000000099999999954 
0.00000000099999999987 0.99999999000000028282 0.00000000099999999987 0.00000000099999999987 0.00000000099999999987 0.00000000099999999987 0.00000000099999999987 0.00000000099999999987 0.00000000099999999987 0.00000000099999999987 0.00000000099999999987 
0.00000000099999999976 0.00000000099999999976 0.00000000099999999976 0.00000000099999999976 0.00000000099999999976 0.00000000099999999976 0.00000000099999999976 0.00000000099999999976 0.99999998999999994975 0.00000000099999999976 0.00000000099999999976 
0.00000000099999999948 0.00000000099999999948 0.00000000099999999948 0.00000000099999999948 0.00000000099999999948 0.00000000099999999948 0.00000000099999999948 0.99999998999999994975 0.00000000099999999948 0.00000000099999999948 0.00000000099999999948 
0.00000000099999999953 0.00000000099999999953 0.00000000099999999953 0.00000000099999999953 0.00000000099999999953 0.00000000099999999953 0.00000000099999999953 0.99999998999999994975 0.00000000099999999953 0.00000000099999999953 0.00000000099999999953 
0.00000000099999999986 0.99999999000000028282 0.00000000099999999986 0.00000000099999999986 0.00000000099999999986 0.00000000099999999986 0.00000000099999999986 0.00000000099999999986 0.00000000099999999986 0.00000000099999999986 0.00000000099999999986 
0.00000000099999999986 0.99999999000000028282 0.00000000099999999986 0.00000000099999999986 0.00000000099999999986 0.00000000099999999986 0.00000000099999999986 0.00000000099999999986 0.00000000099999999986 0.00000000099999999986 0.00000000099999999986 
0.00000000099999999992 0.42271055083621639215 0.00000000099999999992 0.00000000099999999992 0.00000000099999999992 0.00000000099999999992 0.00000000099999999992 0.00000000099999999992 0.57728944016378336279 0.00000000099999999992 0.00000000099999999992 
0.00000000099999999960 0.00000000099999999960 0.00000000099999999960 0.00000000099999999960 0.00000000099999999960 0.00000000099999999960 0.00000000099999999960 0.99999998999999994975 0.00000000099999999960 0.00000000099999999960 0.00000000099999999960 
0.02858460750646423659 0.00000000099999999999 0.11065215512840317902 0.23292718686337859912 0.08092996628328974484 0.18092330540659218308 0.31368994431254210165 0.00849197733482166470 0.04380085416450827523 0.00000000099999999999 0.00000000099999999999 
0.00000000099999999985 0.00000000099999999985 0.00000000099999999985 0.00000000099999999985 0.00000000099999999985 0.99999999000000017180 0.00000000099999999985 0.00000000099999999985 0.00000000099999999985 0.00000000099999999985 0.00000000099999999985 
0.00000000099999999980 0.00000000099999999980 0.00000000099999999980 0.00000000099999999980 0.00000000099999999980 0.99999999000000017180 0.00000000099999999980 0.00000000099999999980 0.00000000099999999980 0.00000000099999999980 0.00000000099999999980 
0.00000000099999999998 0.00000000099999999998 0.26223897253335987090 0.15493232597521758298 0.00000000099999999998 0.25286232005746178686 0.30933626883746345726 0.00000000099999999998 0.02063010659649734679 0.00000000099999999998 0.00000000099999999998 
0.00000000099999999989 0.99999999000000028282 0.00000000099999999989 0.00000000099999999989 0.00000000099999999989 0.00000000099999999989 0.00000000099999999989 0.00000000099999999989 0.00000000099999999989 0.00000000099999999989 0.00000000099999999989 
0.00000000099999999998 0.00000000099999999998 0.39937402368595481539 0.29275709381208286919 0.00000000099999999998 0.28895050814123601768 0.01891836736072635694 0.00000000099999999998 0.00000000099999999998 0.00000000099999999998 0.00000000099999999998 
0.00000000099999999939 0.00000000099999999939 0.00000000099999999939 0.00000000099999999939 0.00000000099999999939 0.00000000099999999939 0.00000000099999999939 0.00000000099999999939 0.00000000099999999939 0.99999998999999994975 0.00000000099999999939 
0.00000000099999999979 0.00000000099999999979 0.00000000099999999979 0.00000000099999999979 0.00000000099999999979 0.99999999000000017180 0.00000000099999999979 0.00000000099999999979 0.00000000099999999979 0.00000000099999999979 0.00000000099999999979 
0.00000000099999999936 0.00000000099999999936 0.00000000099999999936 0.00000000099999999936 0.00000000099999999936 0.00000000099999999936 0.00000000099999999936 0.00000000099999999936 0.00000000099999999936 0.00000000099999999936 0.99999998999999994975 
0.05450190011313534727 0.00000000099999999997 0.42191581034866071365 0.30892795542021722621 0.00000000099999999997 0.18179012788602891271 0.00138518315471796902 0.00000000099999999997 0.03147901807723986478 0.00000000099999999997 0.00000000099999999997 
0.00000000099999999935 0.00000000099999999935 0.00000000099999999935 0.00000000099999999935 0.00000000099999999935 0.00000000099999999935 0.00000000099999999935 0.00000000099999999935 0.00000000099999999935 0.00000000099999999935 0.99999998999999994975 
0.00000000099999999998 0.00906764925371493155 0.34177081453901142494 0.00000000099999999998 0.32186568678264904086 0.09732468943442458553 0.22997115399019993354 0.00000000099999999998 0.00000000099999999998 0.00000000099999999998 0.00000000099999999998 
0.00000000099999999988 0.00000000099999999988 0.00000000099999999988 0.00000000099999999988 0.99999999000000006077 0.00000000099999999988 0.00000000099999999988 0.00000000099999999988 0.00000000099999999988 0.00000000099999999988 0.00000000099999999988 
0.00000000099999999985 0.99999999000000017180 0.00000000099999999985 0.00000000099999999985 0.00000000099999999985 0.00000000099999999985 0.00000000099999999985 0.00000000099999999985 0.00000000099999999985 0.00000000099999999985 0.00000000099999999985 
0.00000000099999999991 0.00000000099999999991 0.00000000099999999991 0.00000000099999999991 0.53204266934121224875 0.00000000099999999991 0.46795732165878778375 0.00000000099999999991 0.00000000099999999991 0.00000000099999999991 0.00000000099999999991 
0.00000000099999999948 0.00000000099999999948 0.00000000099999999948 0.00000000099999999948 0.00000000099999999948 0.00000000099999999948 0.00000000099999999948 0.00000000099999999948 0.00000000099999999948 0.32172558451290328430 0.67827440648709669269 
0.00000000099999999939 0.00000000099999999939 0.00000000099999999939 0.00000000099999999939 0.00000000099999999939 0.00000000099999999939 0.00000000099999999939 0.00000000099999999939 0.00000000099999999939 0.00000000099999999939 0.99999998999999994975 
0.00000000099999999995 0.00000000099999999995 0.00000000099999999995 0.51699973358239403876 0.00000000099999999995 0.41930486023278529251 0.00000000099999999995 0.00000000099999999995 0.06369539818482070070 0.00000000099999999995 0.00000000099999999995 
0.00000000099999999986 0.99999999000000028282 0.00000000099999999986 0.00000000099999999986 0.00000000099999999986 0.00000000099999999986 0.00000000099999999986 0.00000000099999999986 0.00000000099999999986 0.00000000099999999986 0.00000000099999999986 
0.00000000099999999962 0.00000000099999999962 0.00000000099999999962 0.00000000099999999962 0.00000000099999999962 0.00000000099999999962 0.00000000099999999962 0.99999998999999994975 0.00000000099999999962 0.00000000099999999962 0.00000000099999999962 
0.00000000099999999991 0.71634504719019842511 0.00000000099999999991 0.00000000099999999991 0.00000000099999999991 0.00000000099999999991 0.00000000099999999991 0.00000000099999999991 0.28365494380980188494 0.00000000099999999991 0.00000000099999999991 
0.00000000099999999998 0.03702755957259727670 0.28212833844685220042 0.00000000099999999998 0.29308782284286505337 0.13867984255850898667 0.24907643057917649987 0.00000000099999999998 0.00000000099999999998 0.00000000099999999998 0.00000000099999999998 
0.00000000099999999937 0.00000000099999999937 0.00000000099999999937 0.00000000099999999937 0.00000000099999999937 0.00000000099999999937 0.00000000099999999937 0.00000000099999999937 0.00000000099999999937 0.99999998999999994975 0.00000000099999999937 
0.00000000099999999944 0.00000000099999999944 0.00000000099999999944 0.00000000099999999944 0.00000000099999999944 0.00000000099999999944 0.00000000099999999944 0.99999998999999994975 0.00000000099999999944 0.00000000099999999944 0.00000000099999999944 
0.00000000099999999949 0.00000000099999999949 0.00000000099999999949 0.00000000099999999949 0.00000000099999999949 0.00000000099999999949 0.00000000099999999949 0.00000000099999999949 0.00000000099999999949 0.99999998999999994975 0.00000000099999999949 
0.00000000099999999998 0.00000000099999999998 0.28702435538517195868 0.22581393652261508298 0.15347586264409490697 0.32224025274588241619 0.00000000099999999998 0.01144558670223573202 0.00000000099999999998 0.00000000099999999998 0.00000000099999999998 
0.00000000099999999986 0.51598006788162287251 0.00000000099999999986 0.00000000099999999986 0.00000000099999999986 0.00000000099999999986 0.00000000099999999986 0.00000000099999999986 0.48401992311837743754 0.00000000099999999986 0.00000000099999999986 
0.00000000099999999985 0.99999999000000017180 0.00000000099999999985 0.00000000099999999985 0.00000000099999999985 0.00000000099999999985 0.00000000099999999985 0.00000000099999999985 0.00000000099999999985 0.00000000099999999985 0.00000000099999999985 
0.03689359379292055097 0.00000000099999999996 0.00122728775001842896 0.13233138640741184955 0.34830791896527590890 0.00000000099999999996 0.25215028362137820173 0.00000000099999999996 0.22908952446299513106 0.00000000099999999996 0.00000000099999999996 
0.01249090825337088873 0.00465489560314754584 0.15168337143001545120 0.18862120562453099648 0.23542531990792178731 0.27993861611665099565 0.10842438792512693047 0.01876129213923540678 0.00000000099999999999 0.00000000099999999999 0.00000000099999999999 
0.00000000099999999989 0.00000000099999999989 0.99999999000000006077 0.00000000099999999989 0.00000000099999999989 0.00000000099999999989 0.00000000099999999989 0.00000000099999999989 0.00000000099999999989 0.00000000099999999989 0.00000000099999999989 
0.00000000099999999997 0.00000049200629360221 0.17393110960067156845 0.23857088107523247156 0.22918752468052075444 0.15433442586851436884 0.19290737713987862745 0.00000000099999999997 0.01106818562888875479 0.00000000099999999997 0.00000000099999999997 
0.00000000099999999990 0.00000000099999999990 0.99999999000000017180 0.00000000099999999990 0.00000000099999999990 0.00000000099999999990 0.00000000099999999990 0.00000000099999999990 0.00000000099999999990 0.00000000099999999990 0.00000000099999999990 
0.00000000151406269042 0.00000000099999999995 0.23172013244830885759 0.25949294682592921601 0.02333057469540875811 0.13511016941291359439 0.35034617010337687493 0.00000000099999999995 0.00000000099999999995 0.00000000099999999995 0.00000000099999999995 
0.00923955959370131689 0.00214578930623772132 0.53799241345355763855 0.22179056008020550661 0.00000022395769844190 0.00448540783511404331 0.22434604177348529963 0.00000000099999999995 0.00000000099999999995 0.00000000099999999995 0.00000000099999999995 
0.00000000099999999995 0.00000000099999999995 0.14873258389119331513 0.62983084455979776450 0.01970396219211847932 0.20095718413813737357 0.00000136162604051750 0.00000000099999999995 0.00077405859271268448 0.00000000099999999995 0.00000000099999999995 
0.00000000099999999996 0.00000000099999999996 0.00000000099999999996 0.49230605636178648155 0.00000000099999999996 0.00000000099999999996 0.48146484587807714117 0.00000000099999999996 0.02622908976013630863 0.00000000099999999996 0.00000000099999999996 
0.00000000099999999991 0.70471496786527332290 0.00000000099999999991 0.00000000099999999991 0.00000000099999999991 0.00000000099999999991 0.00000000099999999991 0.00000000099999999991 0.29528502313472682062 0.00000000099999999991 0.00000000099999999991 
0.00000000099999999986 0.00000000099999999986 0.00000000099999999986 0.00000000099999999986 0.00000000099999999986 0.00000000099999999986 0.00000000099999999986 0.00000000099999999986 0.99999999000000006077 0.00000000099999999986 0.00000000099999999986 
0.00000000099999999957 0.00000000099999999957 0.00000000099999999957 0.00000000099999999957 0.00000000099999999957 0.00000000099999999957 0.00000000099999999957 0.00000000099999999957 0.00000000099999999957 0.99999999000000006077 0.00000000099999999957 
0.00000000099999999990 0.99999999000000017180 0.00000000099999999990 0.00000000099999999990 0.00000000099999999990 0.00000000099999999990 0.00000000099999999990 0.00000000099999999990 0.00000000099999999990 0.00000000099999999990 0.00000000099999999990 
0.00000000099999999990 0.99999999000000028282 0.00000000099999999990 0.00000000099999999990 0.00000000099999999990 0.00000000099999999990 0.00000000099999999990 0.00000000099999999990 0.00000000099999999990 0.00000000099999999990 0.00000000099999999990 
0.00000000099999999997 0.00000000099999999997 0.16817806269352802984 0.21502093368420899244 0.33174655797776819721 0.17333055888717327497 0.08411212124676652191 0.00000261868555094983 0.02760914282500392600 0.00000000099999999997 0.00000000099999999997 
0.00000000099999999928 0.00000000099999999928 0.00000000099999999928 0.00000000099999999928 0.00000000099999999928 0.00000000099999999928 0.00000000099999999928 0.00000000099999999928 0.00000000099999999928 0.00000000099999999928 0.99999998999999994975 
0.00000000099999999998 0.00000000099999999998 0.29888594988216871107 0.19522538246951978702 0.15337495218853081091 0.12813722304180802380 0.22432840229110209695 0.00004808512687057195 0.00000000099999999998 0.00000000099999999998 0.00000000099999999998 
0.00000000099999999989 0.00000000099999999989 0.99999999000000017180 0.00000000099999999989 0.00000000099999999989 0.00000000099999999989 0.00000000099999999989 0.00000000099999999989 0.00000000099999999989 0.00000000099999999989 0.00000000099999999989 
0.00000169246386412790 0.00000000099999999996 0.00000000099999999996 0.00000000099999999996 0.63521227782397104988 0.36478602171216495398 0.00000000099999999996 0.00000000099999999996 0.00000000099999999996 0.00000000099999999996 0.00000000099999999996 
0.02031066272749669499 0.02532880273186898304 0.36275750179322852063 0.00002432240883036095 0.31889917939807871372 0.08007458879390137729 0.19260493814659548906 0.00000000099999999998 0.00000000099999999998 0.00000000099999999998 0.00000000099999999998 
0.00000000099999999994 0.00000000099999999994 0.00000000099999999994 0.00000000099999999994 0.62792330940089624569 0.37207668159910395334 0.00000000099999999994 0.00000000099999999994 0.00000000099999999994 0.00000000099999999994 0.00000000099999999994 
0.00000000099999999982 0.00000000099999999982 0.00000000099999999982 0.99999999000000006077 0.00000000099999999982 0.00000000099999999982 0.00000000099999999982 0.00000000099999999982 0.00000000099999999982 0.00000000099999999982 0.00000000099999999982 
0.00000000099999999995 0.00000000099999999995 0.00000000099999999995 0.00000000099999999995 0.53728579196154946374 0.46271419903845062427 0.00000000099999999995 0.00000000099999999995 0.00000000099999999995 0.00000000099999999995 0.00000000099999999995 
0.00000000099999999995 0.00000000099999999995 0.00000000099999999995 0.00000000099999999995 0.00000000099999999995 0.45333647402055005093 0.54666351697945003707 0.00000000099999999995 0.00000000099999999995 0.00000000099999999995 0.00000000099999999995 
0.00000000099999999998 0.00000000099999999998 0.00000000099999999998 0.00000000099999999998 0.50056484725176919603 0.00072872981812468357 0.47357816379226885806 0.02512825213783733899 0.00000000099999999998 0.00000000099999999998 0.00000000099999999998 
0.01243105473632474638 0.00000000099999999997 0.55766420642002856312 0.10485741316600488693 0.00000000099999999997 0.00000000099999999997 0.31702152475777062302 0.00802579491987124444 0.00000000099999999997 0.00000000099999999997 0.00000000099999999997 
0.00000000099999999995 0.00000000099999999995 0.23614118992229352068 0.00000000099999999995 0.17024787622793213782 0.26154964810148501053 0.33206127874828939017 0.00000000099999999995 0.00000000099999999995 0.00000000099999999995 0.00000000099999999995 
0.00000000099999999998 0.01335849288190683881 0.00000000099999999998 0.00000000099999999998 0.54872346427574425487 0.42403741488273988258 0.00000000099999999998 0.01388062095960891640 0.00000000099999999998 0.00000000099999999998 0.00000000099999999998 
0.00000000099999999995 0.00000000099999999995 0.61806777037900595406 0.00000000099999999995 0.00000000099999999995 0.38193222062099396741 0.00000000099999999995 0.00000000099999999995 0.00000000099999999995 0.00000000099999999995 0.00000000099999999995 
0.00000000099999999987 0.00000000099999999987 0.00000000099999999987 0.00000000099999999987 0.99999999000000006077 0.00000000099999999987 0.00000000099999999987 0.00000000099999999987 0.00000000099999999987 0.00000000099999999987 0.00000000099999999987 
0.00000000099999999990 0.00000000099999999990 0.00000000099999999990 0.00000000099999999990 0.99999999000000006077 0.00000000099999999990 0.00000000099999999990 0.00000000099999999990 0.00000000099999999990 0.00000000099999999990 0.00000000099999999990 
0.05829908335752394949 0.00775432573448052009 0.00000000099999999997 0.09654925129131770867 0.40410442803125123934 0.26364455532150199435 0.16964834314597873610 0.00000000099999999997 0.00000000911794591432 0.00000000099999999997 0.00000000099999999997 
0.00000000099999999997 0.00000016281271428770 0.00000000099999999997 0.08393048706082124888 0.48809194154569568447 0.00000000099999999997 0.42797740158076885697 0.00000000099999999997 0.00000000099999999997 0.00000000099999999997 0.00000000099999999997 
0.02045937211147313972 0.02613364960110450830 0.00000000099999999997 0.27116956804548175697 0.00000000099999999997 0.25905731730544867553 0.42318008693649206142 0.00000000099999999997 0.00000000099999999997 0.00000000099999999997 0.00000000099999999997 
0.01043389825654559254 0.00000000099999999998 0.29953457962097979062 0.00000012666291486026 0.28736786389042606737 0.08818386649038489900 0.30814790639998940192 0.00000000099999999998 0.00633175467875960168 0.00000000099999999998 0.00000000099999999998 
0.00000000099999999996 0.02153634511922919784 0.19975508852345985611 0.15370161202531032463 0.24634897420986134886 0.09131203247480562668 0.28734594264733370750 0.00000000099999999996 0.00000000099999999996 0.00000000099999999996 0.00000000099999999996 
0.06708265177087435749 0.00000000099999999999 0.40693635513241011026 0.00000000099999999999 0.00000000099999999999 0.46089720409333795326 0.00000000099999999999 0.00000000099999999999 0.00000000099999999999 0.06508378200337763819 0.00000000099999999999 
0.00000000099999999994 0.00000000099999999994 0.00000000099999999994 0.00000000611024149510 0.52092886884537636938 0.47907111697113702320 0.00000000107324512934 0.00000000099999999994 0.00000000099999999994 0.00000000099999999994 0.00000000099999999994 
0.03335379691997533008 0.00000000099999999995 0.32203827208583213348 0.28008443514734121527 0.00000036173181462363 0.36452312811503684298 0.00000000099999999995 0.00000000099999999995 0.00000000099999999995 0.00000000099999999995 0.00000000099999999995 
0.00671635114367057345 0.00000000099999999995 0.24873719255424198149 0.40161049932937792351 0.03160167876198088921 0.00008455843980517631 0.29558848144350807763 0.00000000099999999995 0.01566123432741540686 0.00000000099999999995 0.00000000099999999995 
0.01151688093663071413 0.00000000099999999997 0.10385361900856007744 0.32527370609893158093 0.15915931899373786385 0.16908269092787528431 0.22360016654308473294 0.00751361349117981529 0.00000000099999999997 0.00000000099999999997 0.00000000099999999997 
0.02858961768948213925 0.00519047285390090898 0.37303737614075910267 0.15194908700904929955 0.11583938273728287827 0.15839834148024659055 0.16698996371166421882 0.00000000099999999997 0.00000575537761489636 0.00000000099999999997 0.00000000099999999997 
0.02677081248553910345 0.00000000099999999998 0.00000000099999999998 0.37550728670102928586 0.00000010478702600887 0.20647633967263862020 0.39124545035376712132 0.00000000099999999998 0.00000000099999999998 0.00000000099999999998 0.00000000099999999998 
0.02254482375498456995 0.00000000099999999998 0.19356627771718376563 0.38833969809404467188 0.03680336369885329334 0.19020607982254314483 0.16702197421589409787 0.00000000099999999998 0.00151777869649650241 0.00000000099999999998 0.00000000099999999998 
0.00000000099999999993 0.00000000099999999993 0.00000000099999999993 0.00000000099999999993 0.60576765036356139404 0.00000000099999999993 0.39423234063643869396 0.00000000099999999993 0.00000000099999999993 0.00000000099999999993 0.00000000099999999993 
0.00000000099999999994 0.01856826533492518180 0.49316081790299776122 0.00000002705265350272 0.32394994951052102916 0.00000000099999999994 0.16432093419890264618 0.00000000099999999994 0.00000000099999999994 0.00000000099999999994 0.00000000099999999994 
0.00000000099999999980 0.00000000099999999980 0.00000000099999999980 0.00000000099999999980 0.00000000099999999980 0.00000000099999999980 0.00000000099999999980 0.00000000099999999980 0.99999999000000006077 0.00000000099999999980 0.00000000099999999980 
0.00000000099999999990 0.99999999000000017180 0.00000000099999999990 0.00000000099999999990 0.00000000099999999990 0.00000000099999999990 0.00000000099999999990 0.00000000099999999990 0.00000000099999999990 0.00000000099999999990 0.00000000099999999990 
0.00000000099999999948 0.00000000099999999948 0.00000000099999999948 0.00000000099999999948 0.00000000099999999948 0.00000000099999999948 0.00000000099999999948 0.00000000099999999948 0.00000000099999999948 0.99999998999999994975 0.00000000099999999948 
0.00000000099999999946 0.00000000099999999946 0.00000000099999999946 0.00000000099999999946 0.00000000099999999946 0.00000000099999999946 0.00000000099999999946 0.99999998999999994975 0.00000000099999999946 0.00000000099999999946 0.00000000099999999946 
0.04441210881368762298 0.42125635311893344648 0.00000000099999999998 0.00000000099999999998 0.00000000099999999998 0.02650277881620093437 0.00000000099999999998 0.03050012316683708286 0.47732863008434084362 0.00000000099999999998 0.00000000099999999998 
0.00000000099999999988 0.00000000099999999988 0.00000000099999999988 0.00000000099999999988 0.99999999000000006077 0.00000000099999999988 0.00000000099999999988 0.00000000099999999988 0.00000000099999999988 0.00000000099999999988 0.00000000099999999988 
0.00000000099999999998 0.00000000099999999998 0.48106436898146565095 0.00000000099999999998 0.29036333367895972302 0.21335256907750876909 0.00000000099999999998 0.00000000099999999998 0.01521972126206593001 0.00000000099999999998 0.00000000099999999998 
0.00000000099999999991 0.99999999000000028282 0.00000000099999999991 0.00000000099999999991 0.00000000099999999991 0.00000000099999999991 0.00000000099999999991 0.00000000099999999991 0.00000000099999999991 0.00000000099999999991 0.00000000099999999991 
0.00000000099999999997 0.01442681576786410472 0.15463829472699336387 0.00000000099999999997 0.38826428028191856123 0.27044554139812787552 0.17222506182509617068 0.00000000099999999997 0.00000000099999999997 0.00000000099999999997 0.00000000099999999997 
0.00000000099999999996 0.00000000099999999996 0.23549692300645017062 0.00000000099999999996 0.45765560738133098662 0.30461515314276965682 0.00000003717872386723 0.00223227329072536555 0.00000000099999999996 0.00000000099999999996 0.00000000099999999996 
0.00000000099999999983 0.00000000099999999983 0.00000000099999999983 0.00000000099999999983 0.00000000099999999983 0.00000000099999999983 0.99999998999999994975 0.00000000099999999983 0.00000000099999999983 0.00000000099999999983 0.00000000099999999983 
0.00000000099999999945 0.00000000099999999945 0.00000000099999999945 0.00000000099999999945 0.00000000099999999945 0.00000000099999999945 0.00000000099999999945 0.00000000099999999945 0.00000000099999999945 0.63972732072021987193 0.36027267027978021607 
0.00000000099999999935 0.00000000099999999935 0.00000000099999999935 0.00000000099999999935 0.00000000099999999935 0.00000000099999999935 0.00000000099999999935 0.00000000099999999935 0.00000000099999999935 0.00000000099999999935 0.99999998999999994975 
0.00000000099999999931 0.00000000099999999931 0.00000000099999999931 0.00000000099999999931 0.00000000099999999931 0.00000000099999999931 0.00000000099999999931 0.00000000099999999931 0.00000000099999999931 0.99999998999999994975 0.00000000099999999931 
0.00000000099999999933 0.00000000099999999933 0.00000000099999999933 0.00000000099999999933 0.00000000099999999933 0.00000000099999999933 0.00000000099999999933 0.00000000099999999933 0.00000000099999999933 0.99999999000000006077 0.00000000099999999933 
0.00000000099999999931 0.00000000099999999931 0.00000000099999999931 0.00000000099999999931 0.00000000099999999931 0.00000000099999999931 0.00000000099999999931 0.00000000099999999931 0.00000000099999999931 0.00000000099999999931 0.99999999000000006077 
0.00000000099999999990 0.99999999000000028282 0.00000000099999999990 0.00000000099999999990 0.00000000099999999990 0.00000000099999999990 0.00000000099999999990 0.00000000099999999990 0.00000000099999999990 0.00000000099999999990 0.00000000099999999990 
0.02044861113635169231 0.00000000099999999998 0.16515377193257790855 0.33754110548670440695 0.00000000351415036008 0.18146184629902673002 0.29399368142574094920 0.00140097620544799993 0.00000000099999999998 0.00000000099999999998 0.00000000099999999998 
0.00000000099999999933 0.00000000099999999933 0.00000000099999999933 0.00000000099999999933 0.00000000099999999933 0.00000000099999999933 0.00000000099999999933 0.00000000099999999933 0.00000000099999999933 0.00000000099999999933 0.99999998999999994975 
0.00000000099999999937 0.00000000099999999937 0.00000000099999999937 0.00000000099999999937 0.00000000099999999937 0.00000000099999999937 0.00000000099999999937 0.00000000099999999937 0.00000000099999999937 0.00000000099999999937 0.99999999000000006077 
0.00000000099999999944 0.00000000099999999944 0.00000000099999999944 0.00000000099999999944 0.00000000099999999944 0.00000000099999999944 0.00000000099999999944 0.99999999000000006077 0.00000000099999999944 0.00000000099999999944 0.00000000099999999944 
0.00000000099999999944 0.00000000099999999944 0.00000000099999999944 0.00000000099999999944 0.00000000099999999944 0.00000000099999999944 0.00000000099999999944 0.99999998999999994975 0.00000000099999999944 0.00000000099999999944 0.00000000099999999944 
0.00000000099999999984 0.00000000099999999984 0.00000000099999999984 0.00000000099999999984 0.00000000099999999984 0.00000000099999999984 0.99999999000000006077 0.00000000099999999984 0.00000000099999999984 0.00000000099999999984 0.00000000099999999984 
0.00000000099999999945 0.00000000099999999945 0.00000000099999999945 0.00000000099999999945 0.00000000099999999945 0.00000000099999999945 0.00000000099999999945 0.00000000099999999945 0.00000000099999999945 0.46809649433587119383 0.53190349666412883867 
0.00000000099999999985 0.00000000099999999985 0.00000000099999999985 0.00000000099999999985 0.00000000099999999985 0.99999999000000017180 0.00000000099999999985 0.00000000099999999985 0.00000000099999999985 0.00000000099999999985 0.00000000099999999985 
0.00000000099999999983 0.00000000099999999983 0.00000000099999999983 0.00000000099999999983 0.00000000099999999983 0.00000000099999999983 0.99999999000000006077 0.00000000099999999983 0.00000000099999999983 0.00000000099999999983 0.00000000099999999983 
0.00000000099999999994 0.73076889056473703921 0.00000000099999999994 0.06592009834900300347 0.00000000099999999994 0.00000000099999999994 0.00000000099999999994 0.00000000099999999994 0.20331100308626007256 0.00000000099999999994 0.00000000099999999994 
0.00000000099999999994 0.00000000099999999994 0.31830319639406073895 0.48879088834057854429 0.19290590726536094301 0.00000000099999999994 0.00000000099999999994 0.00000000099999999994 0.00000000099999999994 0.00000000099999999994 0.00000000099999999994 
