0.96541479547348219015 0.00595718158429486919 0.02862802294222291724 
0.99999999800000005656 0.00000000099999999998 0.00000000099999999998 
0.99604699448578570831 0.00000000099999999998 0.00395300451421433732 
0.99448153190998556106 0.00000000100000000000 0.00551846709001443860 
0.98373009852984727441 0.00068714500589064161 0.01558275646426213190 
0.99256987114696570984 0.00000000099999999999 0.00743012785303430630 
0.98727624569083372030 0.00000000099999999999 0.01272375330916626461 
0.98992571606693802178 0.00000000099999999999 0.01007428293306202212 
0.97446219864025585000 0.00000000099999999999 0.02553780035974421644 
0.99693641189709913952 0.00000000099999999999 0.00306358710290080376 
0.98490254044606473371 0.00000000100000000000 0.01509745855393523385 
0.98387051126398350487 0.00000000099999999999 0.01612948773601654423 
0.98942074411136970991 0.00007885997615530529 0.01050039591247508251 
0.97888584167232894906 0.00000121410977756931 0.02111294421789346523 
0.96576470392297941725 0.00783319337313901319 0.02640210270388160252 
0.96317024178583598992 0.00000000100000000000 0.03682975721416395509 
0.99566931643077538627 0.00000000100000000000 0.00433068256922472267 
0.97892140914409209174 0.00976918808980566968 0.01130940276610224206 
0.97680259714837780471 0.00932159056135938371 0.01387581229026277514 
0.99125116192583373476 0.00000000099999999998 0.00874883707416627271 
0.99681498128955892124 0.00070044482721286032 0.00248457388322820185 
0.98840687831220774839 0.00000000099999999999 0.01159312068779224346 
0.99966139875534665293 0.00000000100000000000 0.00033860024465344143 
0.99156581881936811662 0.00000000099999999999 0.00843418018063185268 
0.99363739269767037410 0.00000000099999999999 0.00636260630232968107 
0.99318185607864239994 0.00045005447881058561 0.00636808944254705581 
0.00000000099999999992 0.00000000099999999992 0.99999999799999994554 
0.00000000099999999991 0.00000000099999999991 0.99999999799999994554 
0.98169225404970339444 0.00145280429780159114 0.01685494165249497994 
0.98386941685403306312 0.00000000100000000000 0.01613058214596698250 
0.99529297703777985795 0.00000000100000000000 0.00470702196222018681 
0.98936844723552919145 0.00000000099999999999 0.01063155176447091489 
0.63555861053353290835 0.00000000099999999997 0.36444138846646706442 
0.99414966836305118658 0.00000000099999999999 0.00585033063694888680 
0.00000000099999999992 0.99999999799999994554 0.00000000099999999992 
0.00000000099999999989 0.99999999799999994554 0.00000000099999999989 
0.00000000099999999989 0.99999999799999994554 0.00000000099999999989 
0.00000000099999999993 0.00000000099999999993 0.99999999800000005656 
0.00000000099999999992 0.00000000099999999992 0.99999999800000005656 
0.98912559867589655571 0.00000000099999999999 0.01087440032410335287 
0.98757427424746091482 0.00000000099999999999 0.01242572475253922101 
0.00000000099999999992 0.00000000099999999992 0.99999999800000005656 
0.98459969634152499918 0.00000000099999999999 0.01540030265847502043 
0.98982669403043632705 0.00000000099999999999 0.01017330496956383480 
0.00000000099999999993 0.00000000099999999993 0.99999999799999994554 
0.98877008760875151339 0.00000000099999999999 0.01122991139124866235 
0.00000000099999999992 0.00000000099999999992 0.99999999799999994554 
0.99017963990920321304 0.00000000099999999999 0.00982035909079679442 
0.99999999799999994554 0.00000000099999999998 0.00000000099999999998 
0.00000000099999999991 0.00000000099999999991 0.99999999800000005656 
0.00000000099999999992 0.00000000099999999992 0.99999999799999994554 
0.99999999799999994554 0.00000000099999999998 0.00000000099999999998 
0.99551547366231407654 0.00000000099999999999 0.00448452533768588842 
0.99992294440802176325 0.00000000099999999999 0.00007705459197811979 
0.00000000099999999993 0.00000000099999999993 0.99999999799999994554 
0.97925841623144993520 0.00022154402590088320 0.02052003974264924799 
0.97102031140333466830 0.00028590000791283083 0.02869378858875257232 
0.99974109337833194644 0.00025817942629754423 0.00000072719537049211 
0.99212121738095959689 0.00000000100000000000 0.00787878161904038456 
0.99795038490424536892 0.00000000099999999999 0.00204961409575461859 
0.98003750513752985185 0.00704983072912308741 0.01291266413334698701 
0.00000000099999999991 0.99999999799999994554 0.00000000099999999991 
0.98946541894538619921 0.00000000099999999999 0.01053458005461383774 
0.00000000099999999991 0.99999999800000005656 0.00000000099999999991 
0.99222023792295410693 0.00001201489933714432 0.00776774717770887819 
0.00000000099999999991 0.99999999800000005656 0.00000000099999999991 
0.99384552441534401712 0.00000000099999999999 0.00615447458465599555 
0.98016510278449542337 0.00485166659653459183 0.01498323061896998654 
0.99262046834243833349 0.00000000099999999999 0.00737953065756176158 
0.99999999800000005656 0.00000000099999999999 0.00000000099999999999 
0.00000000099999999991 0.99999999800000005656 0.00000000099999999991 
0.00000000099999999992 0.99999999799999994554 0.00000000099999999992 
0.98150606939531037654 0.00000000100000000000 0.01849392960468958236 
0.99999999799999994554 0.00000000099999999999 0.00000000099999999999 
0.00000000099999999993 0.00000000099999999993 0.99999999799999994554 
0.99999909739064130054 0.00000000099999999999 0.00000090160935865018 
0.99325033352274005871 0.00668814713319144417 0.00006151934406847992 
0.00000000099999999990 0.99999999799999994554 0.00000000099999999990 
0.00000000099999999991 0.00000000099999999991 0.99999999800000005656 
0.00000000099999999992 0.99999999800000005656 0.00000000099999999992 
0.96893307898136782352 0.00712618452598144745 0.02394073649265072296 
0.98223180567244505745 0.00000000099999999999 0.01776819332755502634 
0.99999999162003305742 0.00000000100000000000 0.00000000737996698663 
0.99153208579496754371 0.00000000099999999999 0.00846791320503247763 
0.97186163894353361226 0.00000000100000000000 0.02813836005646632582 
0.99523773010629035252 0.00000000099999999999 0.00476226889370969398 
0.99999999799999994554 0.00000000099999999999 0.00000000099999999999 
0.99469890314762920980 0.00000005788129015347 0.00530103897108047568 
0.99999891911562865943 0.00000000099999999999 0.00000107988437146505 
0.99539077407391396424 0.00000000099999999999 0.00460922492608607619 
0.99224488718952030819 0.00000000099999999999 0.00775511181047958478 
0.99795716233714659715 0.00016398784943417549 0.00187884981341927349 
0.99999999799999994554 0.00000000099999999998 0.00000000099999999998 
0.99493628849816628801 0.00000001538415153514 0.00506369611768225751 
0.00000000099999999995 0.99999999800000005656 0.00000000099999999995 
0.98128259256424210655 0.00000000099999999999 0.01871740643575789051 
0.99251384767619454941 0.00000000099999999999 0.00748615132380554826 
0.98723690687709719782 0.00000000099999999999 0.01276309212290290332 
0.00000000099999999989 0.99999999799999994554 0.00000000099999999989 
0.98534241979486270058 0.00129672755529913514 0.01336085264983813761 
0.98358958364368431759 0.00000000099999999999 0.01641041535631575926 
0.97525487313244962895 0.00897157123168292048 0.01577355563586756160 
0.98819923777895013473 0.00002120174230392218 0.01177956047874594535 
0.99217432266148153364 0.00624899068509349176 0.00157668665342500236 
0.99460978425218204979 0.00043515481927098909 0.00495506092854686164 
0.98722642991900910747 0.00000000100000000000 0.01277356908099084101 
0.98678936842476194791 0.00000008500980352889 0.01321054656543448232 
0.95832523999700081063 0.00479221296834488920 0.03688254703465433659 
0.98217842449308612185 0.00000000100000000000 0.01782157450691388562 
0.99999997549330332802 0.00000000099999999999 0.00000002350669675401 
0.96415538122716093472 0.00564639756609223911 0.03019822120674683918 
0.98194444046212447930 0.00000000099999999999 0.01805555853787556286 
0.99010723962426694378 0.00321217146564224676 0.00668058891009083635 
0.99571911649400490774 0.00000000100000000000 0.00428088250599524805 
0.99987758080679023376 0.00000000263393158017 0.00012241655927817873 
0.98492517826002712322 0.00000000100000000000 0.01507482073997292241 
0.99856927749084789525 0.00130069362521382788 0.00013002888393829460 
0.99761897392272813612 0.00000000099999999999 0.00238102507727197413 
0.99457796330313130717 0.00000000099999999999 0.00542203569686860402 
0.92073832797240318104 0.06832932760532722805 0.01093234442226962214 
0.99969201958631914717 0.00000000099999999999 0.00030797941368091396 
0.99998938803406611786 0.00000000099999999999 0.00001061096593394132 
0.99977033427301831292 0.00000000099999999999 0.00022966472698165828 
0.97225753529262848307 0.00000000099999999999 0.02774246370737156950 
0.99999999166165953746 0.00000000733834040460 0.00000000099999999999 
0.98033156802437504407 0.00770904647433366241 0.01195938550129126837 
0.99468247824314315331 0.00000000099999999999 0.00531752075685677176 
0.99180824701437020341 0.00000021720484141421 0.00819153578078831400 
0.99999986486188274792 0.00000000099999999999 0.00000013413811721767 
0.99999999800000005656 0.00000000099999999998 0.00000000099999999998 
0.98684396879627045429 0.00000000100000000000 0.01315603020372953930 
0.00000000099999999992 0.99999999799999994554 0.00000000099999999992 
0.00000000099999999991 0.00000000099999999991 0.99999999799999994554 
0.95768567472752064162 0.00000000100000000000 0.04231432427247944911 
0.99999999800000005656 0.00000000099999999999 0.00000000099999999999 
0.99710743656399714041 0.00000016648805536751 0.00289239694794759129 
0.98394890058172224112 0.00000000099999999999 0.01605109841827785655 
0.99991922597642601822 0.00000001952975668956 0.00008075449381730333 
0.98260115027600902771 0.00000000099999999999 0.01739884872399114282 
0.99477241212759992539 0.00000000099999999999 0.00522758687240021565 
0.00000000099999999990 0.99999999800000005656 0.00000000099999999990 
0.00000000099999999991 0.99999999799999994554 0.00000000099999999991 
0.00000000099999999989 0.99999999800000005656 0.00000000099999999989 
0.00000000099999999990 0.99999999799999994554 0.00000000099999999990 
0.00000000099999999989 0.99999999799999994554 0.00000000099999999989 
0.98121373287767610361 0.00000002083414811369 0.01878624628817578829 
0.98102333549512354960 0.00054857081112137023 0.01842809369375498704 
0.00000000099999999990 0.99999999799999994554 0.00000000099999999990 
0.00000000099999999991 0.99999999799999994554 0.00000000099999999991 
0.00000000099999999991 0.00000000099999999991 0.99999999799999994554 
0.00000000099999999991 0.00000000099999999991 0.99999999799999994554 
0.99352122660561759115 0.00005382345614361450 0.00642494993823874549 
0.00000000099999999990 0.99999999800000005656 0.00000000099999999990 
0.99333445487962501730 0.00665614722892969145 0.00000939789144524686 
0.99191180436902792739 0.00000000100000000000 0.00808819463097211304 
0.98200257813610403179 0.00000000100000000000 0.01799742086389605200 
0.99860472462146065986 0.00000000099999999999 0.00139527437853931356 
0.99575386545411093131 0.00000000099999999999 0.00424613354588919498 
0.98879347890988911196 0.00000000099999999999 0.01120652009011078795 
0.99999997595118139682 0.00000000099999999998 0.00000002304881862970 
0.97440200691221756646 0.00015449053851718085 0.02544350254926519561 
0.98267292613642176491 0.00000000100000000000 0.01732707286357832582 
0.00000000099999999992 0.99999999800000005656 0.00000000099999999992 
0.99758583836588954341 0.00000000100000000000 0.00241416063411061888 
0.00000000099999999990 0.99999999799999994554 0.00000000099999999990 
0.00000000099999999989 0.99999999800000005656 0.00000000099999999989 
0.99239568586999427069 0.00000517330671565655 0.00759914082329006361 
0.99693937769009555172 0.00000000099999999999 0.00306062130990453381 
0.99974637293880708189 0.00000000099999999999 0.00025362606119293696 
0.99450447623440962897 0.00000000100000000000 0.00549552276559048085 
0.97916939223000609704 0.00000000099999999999 0.02083060676999400410 
0.98793720167368970220 0.00000000099999999999 0.01206279732631036772 
0.99046372592828646475 0.00160152032345320210 0.00793475374826039387 
0.99639170454122172327 0.00000000099999999999 0.00360829445877840172 
0.99317508062130721580 0.00000000099999999999 0.00682491837869292264 
0.00000000099999999990 0.99999999800000005656 0.00000000099999999990 
0.99327009102155527920 0.00002531733628657875 0.00670459164215828681 
0.00000000099999999997 0.99999999800000005656 0.00000000099999999997 
0.00000000099999999991 0.99999999799999994554 0.00000000099999999991 
0.99416022381181101686 0.00000000100000000000 0.00583977518818909642 
0.98688382255073991978 0.00000000100000000000 0.01311617644926001136 
0.99617313513854199858 0.00382686386145792822 0.00000000100000000000 
0.00000000099999999992 0.99999999799999994554 0.00000000099999999992 
0.99988037322800027429 0.00000000099999999999 0.00011962577199984154 
0.99999992646866153745 0.00000000099999999999 0.00000007253133854440 
0.00000000099999999991 0.99999999799999994554 0.00000000099999999991 
0.98685662549995212256 0.00000000100000000000 0.01314337350004781205 
0.98270144247135737814 0.00000000100000000000 0.01729855652864275423 
0.00000000099999999991 0.99999999800000005656 0.00000000099999999991 
0.98532637926835642261 0.00000000099999999999 0.01467361973164366985 
0.99999999800000005656 0.00000000099999999999 0.00000000099999999999 
0.77825121795463847452 0.10610205579122176933 0.11564672625413977003 
0.99145175283480890815 0.00849338352536012538 0.00005486363983099772 
0.97920898205109263568 0.00000000099999999999 0.02079101694890745158 
0.97766609378658630991 0.00000000099999999999 0.02233390521341377041 
0.98269051317584776850 0.00000000099999999999 0.01730948582415212794 
0.98304799643853757463 0.00149319187341598043 0.01545881168804641957 
0.99999993621378846509 0.00000002724190313422 0.00000003654430830567 
0.98104418355108558014 0.00000000099999999999 0.01895581544891432671 
0.98215926892207527921 0.00798703031433629571 0.00985370076358839560 
0.98812454876985233998 0.00000000099999999999 0.01187545023014766922 
0.98754718386691608956 0.00000000099999999999 0.01245281513308387801 
0.98942727829227339331 0.00000000100000000000 0.01057272070772669222 
0.98797043866330869211 0.00008315571501956391 0.01194640562167177157 
0.99999999488117663482 0.00000000411882324335 0.00000000099999999999 
0.99044850334542056114 0.00289334424239300622 0.00665815241218637062 
0.99877521787214995630 0.00000003246163454326 0.00122474966621550488 
0.99661020043340631247 0.00000000604945117362 0.00338979351714257041 
0.99997455634956711190 0.00000000099999999999 0.00002544265043284142 
0.97513929231316953672 0.00000000099999999999 0.02486070668683055401 
0.98165703892411315667 0.00000000099999999999 0.01834296007588678487 
0.98160236447858950637 0.01391059349705130871 0.00448704202435924043 
0.99815406473754531014 0.00184593426245469538 0.00000000099999999999 
0.97737110332202703500 0.02163748970795703955 0.00099140697001584999 
0.98407978952815744478 0.00014033648719173397 0.01577987398465091617 
0.98344927255920588927 0.00000000099999999999 0.01655072644079409391 
0.99999999800000005656 0.00000000099999999998 0.00000000099999999998 
0.00000000099999999991 0.99999999799999994554 0.00000000099999999991 
0.98009534689388699835 0.00000000100000000000 0.01990465210611301258 
0.98744977780838916193 0.00000000100000000000 0.01255022119161079176 
