0.00000000099999999984 0.00000000099999999984 0.00000000099999999984 0.00000000099999999984 0.00000000099999999984 0.00000000099999999984 0.00000000099999999984 0.00000000099999999984 0.99999998999999994975 0.00000000099999999984 0.00000000099999999984 
0.00000000099999999992 0.00000000099999999992 0.00000000099999999992 0.99999999000000006077 0.00000000099999999992 0.00000000099999999992 0.00000000099999999992 0.00000000099999999992 0.00000000099999999992 0.00000000099999999992 0.00000000099999999992 
0.00000000099999999989 0.00000000099999999989 0.00000000099999999989 0.95479087409893781402 0.04520911690106232950 0.00000000099999999989 0.00000000099999999989 0.00000000099999999989 0.00000000099999999989 0.00000000099999999989 0.00000000099999999989 
0.00000000099999999997 0.00000000099999999997 0.00000000099999999997 0.01036365833795241560 0.07042050053545183264 0.00000000099999999997 0.00000000099999999997 0.22193974320648934828 0.27421137186017752185 0.33319202225111071991 0.08987269880881824935 
0.44891675180276757740 0.11053976234991483296 0.00000000099999999998 0.00000000099999999998 0.00000000099999999998 0.00000000099999999998 0.00000000099999999998 0.00000000099999999998 0.16521306041171815449 0.00000795324483160447 0.27532246619076811145 
0.00000000099999999996 0.00000000099999999996 0.00000000099999999996 0.00064329088345675017 0.00000000099999999996 0.00000000099999999996 0.00000000099999999996 0.21730397490912628511 0.41908868136592847264 0.00000000099999999996 0.36296404584148850292 
0.00000000099999999992 0.00000000099999999992 0.00000000099999999992 0.96328644518694861443 0.03671354581305150133 0.00000000099999999992 0.00000000099999999992 0.00000000099999999992 0.00000000099999999992 0.00000000099999999992 0.00000000099999999992 
0.00000000099999999988 0.00000000099999999988 0.00000000099999999988 0.99999999000000006077 0.00000000099999999988 0.00000000099999999988 0.00000000099999999988 0.00000000099999999988 0.00000000099999999988 0.00000000099999999988 0.00000000099999999988 
0.00000000099999999990 0.00000000099999999990 0.00000000099999999990 0.00000000099999999990 0.00000000099999999990 0.00000000099999999990 0.00000000099999999990 0.00000000099999999990 0.00000000099999999990 0.00000000099999999990 0.99999999000000006077 
0.00000000099999999992 0.00000000099999999992 0.00000000099999999992 0.99999999000000017180 0.00000000099999999992 0.00000000099999999992 0.00000000099999999992 0.00000000099999999992 0.00000000099999999992 0.00000000099999999992 0.00000000099999999992 
0.99999999000000028282 0.00000000099999999988 0.00000000099999999988 0.00000000099999999988 0.00000000099999999988 0.00000000099999999988 0.00000000099999999988 0.00000000099999999988 0.00000000099999999988 0.00000000099999999988 0.00000000099999999988 
0.29178139819484288919 0.01939897309494901731 0.00420320062114210545 0.00890437330765441772 0.02012116160983004262 0.00000000099999999997 0.00000000099999999997 0.19206511623155408941 0.15747284759875432303 0.06177733914870190551 0.24427558819257128020 
0.68005701624462489008 0.00000000099999999995 0.00000000099999999995 0.00000000099999999995 0.00000000099999999995 0.00000000099999999995 0.00000000099999999995 0.31994297475537536446 0.00000000099999999995 0.00000000099999999995 0.00000000099999999995 
0.33856527533546415532 0.04590927873750828142 0.00000000099999999998 0.00000000099999999998 0.06101119044111235484 0.00000000099999999998 0.00000000099999999998 0.38549935620352998589 0.16901489328238503140 0.00000000099999999998 0.00000000099999999998 
0.99999999000000017180 0.00000000099999999987 0.00000000099999999987 0.00000000099999999987 0.00000000099999999987 0.00000000099999999987 0.00000000099999999987 0.00000000099999999987 0.00000000099999999987 0.00000000099999999987 0.00000000099999999987 
0.11187710925679726637 0.06421680690144916659 0.02530213319183037546 0.04433069425506429989 0.01951130431787591671 0.00000000099999999998 0.00000000099999999998 0.21857081020784924208 0.14053792939589071498 0.11765678668694946885 0.25799642378629344952 
0.32774868985744765038 0.00000000099999999993 0.00000000099999999993 0.00000000099999999993 0.00000000099999999993 0.00000000099999999993 0.00000000099999999993 0.00000000099999999993 0.00000000099999999993 0.67225130114255204905 0.00000000099999999993 
0.00000000099999999990 0.00000000099999999990 0.00000000099999999990 0.00000000099999999990 0.00000000099999999990 0.00000000099999999990 0.00000000099999999990 0.00000000099999999990 0.00000000099999999990 0.00000000099999999990 0.99999999000000006077 
0.21768367766389309925 0.00000000099999999999 0.00037964728767229884 0.00000000099999999999 0.01139716952700862637 0.00000000099999999999 0.00000000099999999999 0.13795032344141280878 0.15487117784348969352 0.00000005316147038834 0.47771794707505316202 
0.28432444042764559722 0.03368810375149826342 0.00000000099999999996 0.00000000099999999996 0.04612875248691925001 0.00000000099999999996 0.00000000099999999996 0.10974421308093665339 0.00000000099999999996 0.18169028025113725944 0.34442420500186282650 
0.29638177601892162771 0.00000000099999999996 0.00000000099999999996 0.00000000099999999996 0.00017083663642920835 0.00000000099999999996 0.00000000099999999996 0.45810384655338631799 0.24534353379126266903 0.00000000099999999996 0.00000000099999999996 
0.00000000099999999994 0.00000000099999999994 0.00000000099999999994 0.98904587818829958756 0.00000000099999999994 0.00000000099999999994 0.00000000099999999994 0.00000000099999999994 0.00000000099999999994 0.00000000099999999994 0.01095411281170043973 
0.00000000099999999982 0.00000000099999999982 0.00000000099999999982 0.00000000099999999982 0.00000000099999999982 0.00000000099999999982 0.00000000099999999982 0.00000000099999999982 0.99999999000000006077 0.00000000099999999982 0.00000000099999999982 
0.00000000099999999939 0.99999999000000028282 0.00000000099999999939 0.00000000099999999939 0.00000000099999999939 0.00000000099999999939 0.00000000099999999939 0.00000000099999999939 0.00000000099999999939 0.00000000099999999939 0.00000000099999999939 
0.66965433045884237284 0.00000000099999999994 0.00000000099999999994 0.00000000099999999994 0.00015039262586664793 0.00000000099999999994 0.00000000099999999994 0.00000000099999999994 0.00000000099999999994 0.33019526891529105139 0.00000000099999999994 
0.99999999000000028282 0.00000000099999999989 0.00000000099999999989 0.00000000099999999989 0.00000000099999999989 0.00000000099999999989 0.00000000099999999989 0.00000000099999999989 0.00000000099999999989 0.00000000099999999989 0.00000000099999999989 
0.00000000099999999957 0.00000000099999999957 0.99999999000000006077 0.00000000099999999957 0.00000000099999999957 0.00000000099999999957 0.00000000099999999957 0.00000000099999999957 0.00000000099999999957 0.00000000099999999957 0.00000000099999999957 
0.00000000099999999952 0.00000000099999999952 0.99999999000000017180 0.00000000099999999952 0.00000000099999999952 0.00000000099999999952 0.00000000099999999952 0.00000000099999999952 0.00000000099999999952 0.00000000099999999952 0.00000000099999999952 
0.08976579615387683675 0.04039344855901918357 0.00000000099999999997 0.00000000099999999997 0.10093645960374417192 0.00000000099999999997 0.00000000099999999997 0.20183407536988406950 0.00000000099999999997 0.30285163302740719660 0.26421858228606859287 
0.17263296290526369825 0.01949632543680081959 0.00770764590147184330 0.00000000099999999998 0.00000000099999999998 0.00000000099999999998 0.00000000099999999998 0.23616921328725118401 0.09694173791106328042 0.23434962317884833194 0.23270248737930090965 
0.00000000099999999994 0.00000000099999999994 0.00000000099999999994 0.00000000099999999994 0.13777348008481760111 0.00000000099999999994 0.00000000099999999994 0.41673799980086051464 0.44526891910616667181 0.00021953475518565133 0.00000006025296959005 
0.00000000099999999979 0.22291126951013051638 0.00000000099999999979 0.77708872148986962713 0.00000000099999999979 0.00000000099999999979 0.00000000099999999979 0.00000000099999999979 0.00000000099999999979 0.00000000099999999979 0.00000000099999999979 
0.00000000099999999960 0.63712477715082216356 0.36287521384917803546 0.00000000099999999960 0.00000000099999999960 0.00000000099999999960 0.00000000099999999960 0.00000000099999999960 0.00000000099999999960 0.00000000099999999960 0.00000000099999999960 
0.00000000099999999996 0.00000000099999999996 0.00000000099999999996 0.00000000099999999996 0.00000000099999999996 0.00000000099999999996 0.00000000099999999996 0.34735620822338558744 0.00002464773145351568 0.38845006351623467822 0.26416907352892621264 
0.00000000099999999940 0.00000000099999999940 0.00000000099999999940 0.00000000099999999940 0.00000000099999999940 0.99999999000000006077 0.00000000099999999940 0.00000000099999999940 0.00000000099999999940 0.00000000099999999940 0.00000000099999999940 
0.00000000099999999931 0.00000000099999999931 0.00000000099999999931 0.00000000099999999931 0.00000000099999999931 0.99999999000000017180 0.00000000099999999931 0.00000000099999999931 0.00000000099999999931 0.00000000099999999931 0.00000000099999999931 
0.00000000099999999932 0.00000000099999999932 0.00000000099999999932 0.00000000099999999932 0.00000000099999999932 0.00000000099999999932 0.99999998999999994975 0.00000000099999999932 0.00000000099999999932 0.00000000099999999932 0.00000000099999999932 
0.00000000099999999959 0.00000000099999999959 0.99999999000000006077 0.00000000099999999959 0.00000000099999999959 0.00000000099999999959 0.00000000099999999959 0.00000000099999999959 0.00000000099999999959 0.00000000099999999959 0.00000000099999999959 
0.00000000099999999953 0.00000000099999999953 0.99999999000000006077 0.00000000099999999953 0.00000000099999999953 0.00000000099999999953 0.00000000099999999953 0.00000000099999999953 0.00000000099999999953 0.00000000099999999953 0.00000000099999999953 
0.99999999000000028282 0.00000000099999999986 0.00000000099999999986 0.00000000099999999986 0.00000000099999999986 0.00000000099999999986 0.00000000099999999986 0.00000000099999999986 0.00000000099999999986 0.00000000099999999986 0.00000000099999999986 
0.00000000099999999994 0.00000000099999999994 0.00000000099999999994 0.99999999000000017180 0.00000000099999999994 0.00000000099999999994 0.00000000099999999994 0.00000000099999999994 0.00000000099999999994 0.00000000099999999994 0.00000000099999999994 
0.00000000099999999955 0.00000000099999999955 0.99999999000000017180 0.00000000099999999955 0.00000000099999999955 0.00000000099999999955 0.00000000099999999955 0.00000000099999999955 0.00000000099999999955 0.00000000099999999955 0.00000000099999999955 
0.27681329669631227208 0.10341832007421758455 0.00000000099999999997 0.00000000099999999997 0.07036865379176307500 0.00000000099999999997 0.00000000099999999997 0.00000000099999999997 0.00000512572167224068 0.37057298403564192801 0.17882161468039267649 
0.00000000099999999991 0.00000000099999999991 0.00000000099999999991 0.99999999000000006077 0.00000000099999999991 0.00000000099999999991 0.00000000099999999991 0.00000000099999999991 0.00000000099999999991 0.00000000099999999991 0.00000000099999999991 
0.00000000099999999960 0.00000000099999999960 0.99999999000000017180 0.00000000099999999960 0.00000000099999999960 0.00000000099999999960 0.00000000099999999960 0.00000000099999999960 0.00000000099999999960 0.00000000099999999960 0.00000000099999999960 
0.00000000099999999987 0.00000000099999999987 0.00000000099999999987 0.00000000099999999987 0.00000000099999999987 0.00000000099999999987 0.00000000099999999987 0.00000000099999999987 0.00000000099999999987 0.99999999000000006077 0.00000000099999999987 
0.00000000099999999955 0.00000000099999999955 0.99999999000000006077 0.00000000099999999955 0.00000000099999999955 0.00000000099999999955 0.00000000099999999955 0.00000000099999999955 0.00000000099999999955 0.00000000099999999955 0.00000000099999999955 
0.00000000099999999993 0.00000000099999999993 0.00000000099999999993 0.99999999000000006077 0.00000000099999999993 0.00000000099999999993 0.00000000099999999993 0.00000000099999999993 0.00000000099999999993 0.00000000099999999993 0.00000000099999999993 
0.00000000099999999987 0.00000000099999999987 0.00000000099999999987 0.99999999000000006077 0.00000000099999999987 0.00000000099999999987 0.00000000099999999987 0.00000000099999999987 0.00000000099999999987 0.00000000099999999987 0.00000000099999999987 
0.00000000099999999950 0.00000000099999999950 0.99999999000000006077 0.00000000099999999950 0.00000000099999999950 0.00000000099999999950 0.00000000099999999950 0.00000000099999999950 0.00000000099999999950 0.00000000099999999950 0.00000000099999999950 
0.00000000099999999954 0.00000000099999999954 0.99999999000000017180 0.00000000099999999954 0.00000000099999999954 0.00000000099999999954 0.00000000099999999954 0.00000000099999999954 0.00000000099999999954 0.00000000099999999954 0.00000000099999999954 
0.00000000099999999989 0.00000000099999999989 0.00000000099999999989 0.93761651132008294596 0.06238347967991708654 0.00000000099999999989 0.00000000099999999989 0.00000000099999999989 0.00000000099999999989 0.00000000099999999989 0.00000000099999999989 
0.00000000099999999993 0.00000000099999999993 0.00000000099999999993 0.99999999000000006077 0.00000000099999999993 0.00000000099999999993 0.00000000099999999993 0.00000000099999999993 0.00000000099999999993 0.00000000099999999993 0.00000000099999999993 
0.00000000099999999995 0.00000000099999999995 0.00000000099999999995 0.99999999000000017180 0.00000000099999999995 0.00000000099999999995 0.00000000099999999995 0.00000000099999999995 0.00000000099999999995 0.00000000099999999995 0.00000000099999999995 
0.00000000099999999962 0.00000000099999999962 0.99999999000000017180 0.00000000099999999962 0.00000000099999999962 0.00000000099999999962 0.00000000099999999962 0.00000000099999999962 0.00000000099999999962 0.00000000099999999962 0.00000000099999999962 
0.13156490985820648576 0.00000000099999999998 0.00856601144243198352 0.04291704087775422699 0.00000000099999999998 0.00000000099999999998 0.00000000099999999998 0.57619707937271025244 0.24075495244889724700 0.00000000099999999998 0.00000000099999999998 
0.00000000099999999983 0.00000000099999999983 0.00000000099999999983 0.00000000099999999983 0.00000000099999999983 0.00000000099999999983 0.00000000099999999983 0.00000000099999999983 0.99999998999999994975 0.00000000099999999983 0.00000000099999999983 
0.40718722632629522629 0.00000000099999999991 0.00000000099999999991 0.00000000099999999991 0.00000000099999999991 0.00000000099999999991 0.00000000099999999991 0.00000000099999999991 0.59281276467370447314 0.00000000099999999991 0.00000000099999999991 
0.00000000099999999991 0.00000000099999999991 0.00000000099999999991 0.00000000099999999991 0.00000000099999999991 0.00000000099999999991 0.00000000099999999991 0.99999998999999994975 0.00000000099999999991 0.00000000099999999991 0.00000000099999999991 
0.00000000099999999992 0.00000000099999999992 0.00000000099999999992 0.99999999000000006077 0.00000000099999999992 0.00000000099999999992 0.00000000099999999992 0.00000000099999999992 0.00000000099999999992 0.00000000099999999992 0.00000000099999999992 
0.39738302534843711333 0.00000000099999999998 0.00000000099999999998 0.00000000099999999998 0.01854182573676711049 0.00000000099999999998 0.00000000099999999998 0.00000020294888006973 0.14111091547348050823 0.24801231894654313104 0.19495170654589211168 
0.00000000099999999939 0.00000000099999999939 0.00000000099999999939 0.00000000099999999939 0.00000000099999999939 0.99999999000000006077 0.00000000099999999939 0.00000000099999999939 0.00000000099999999939 0.00000000099999999939 0.00000000099999999939 
0.00000000099999999986 0.00000000099999999986 0.00000000099999999986 0.00000000099999999986 0.00000000099999999986 0.00000000099999999986 0.00000000099999999986 0.00000000099999999986 0.00000000099999999986 0.00000000099999999986 0.99999999000000006077 
0.00000000099999999950 0.00000000099999999950 0.00000000099999999950 0.00000000099999999950 0.00000000099999999950 0.55181207437018275908 0.44818791662981732893 0.00000000099999999950 0.00000000099999999950 0.00000000099999999950 0.00000000099999999950 
0.00000000099999999996 0.14784185489454160223 0.00000000099999999996 0.00000000099999999996 0.00000000099999999996 0.00000000099999999996 0.00000000099999999996 0.00000000099999999996 0.00000000099999999996 0.54118486751858230210 0.31097326958687604437 
0.00000000099999999938 0.00000000099999999938 0.00000000099999999938 0.00000000099999999938 0.00000000099999999938 0.00000000099999999938 0.99999998999999994975 0.00000000099999999938 0.00000000099999999938 0.00000000099999999938 0.00000000099999999938 
0.00000000099999999990 0.00000000099999999990 0.00000000099999999990 0.00000000099999999990 0.00000000099999999990 0.00000000099999999990 0.00000000099999999990 0.00000000099999999990 0.00000000099999999990 0.00000000099999999990 0.99999999000000006077 
0.45393823793883231188 0.19178591498898525658 0.00000000099999999996 0.00000000099999999996 0.00000000099999999996 0.00000000099999999996 0.00000000099999999996 0.00000000099999999996 0.35427583907218274106 0.00000000099999999996 0.00000000099999999996 
0.00000000099999999989 0.00000000099999999989 0.00000000099999999989 0.99999999000000006077 0.00000000099999999989 0.00000000099999999989 0.00000000099999999989 0.00000000099999999989 0.00000000099999999989 0.00000000099999999989 0.00000000099999999989 
0.23600514418015405838 0.00000000099999999994 0.00000000099999999994 0.00000000099999999994 0.00000000099999999994 0.00000000099999999994 0.00000000099999999994 0.51582047290713439747 0.00000000099999999994 0.00000000099999999994 0.24817437491271165939 
0.00000000099999999951 0.00000000099999999951 0.00000000099999999951 0.00000000099999999951 0.00000000099999999951 0.38697514489093193246 0.61302484610906815554 0.00000000099999999951 0.00000000099999999951 0.00000000099999999951 0.00000000099999999951 
0.00000000099999999940 0.00000000099999999940 0.00000000099999999940 0.00000000099999999940 0.00000000099999999940 0.00000000099999999940 0.99999999000000006077 0.00000000099999999940 0.00000000099999999940 0.00000000099999999940 0.00000000099999999940 
0.29294291416884038481 0.01036664364376680206 0.00450136269261995365 0.08071541796708435468 0.00000000099999999998 0.00000000099999999998 0.00000000099999999998 0.24201877179322520139 0.12637846711822070533 0.23840834739077623738 0.00466807222546641518 
0.00000000099999999990 0.00000000099999999990 0.00000000099999999990 0.99999999000000006077 0.00000000099999999990 0.00000000099999999990 0.00000000099999999990 0.00000000099999999990 0.00000000099999999990 0.00000000099999999990 0.00000000099999999990 
0.00000000099999999963 0.00000000099999999963 0.99999999000000017180 0.00000000099999999963 0.00000000099999999963 0.00000000099999999963 0.00000000099999999963 0.00000000099999999963 0.00000000099999999963 0.00000000099999999963 0.00000000099999999963 
0.00000000099999999991 0.00000000099999999991 0.00000000099999999991 0.99999999000000006077 0.00000000099999999991 0.00000000099999999991 0.00000000099999999991 0.00000000099999999991 0.00000000099999999991 0.00000000099999999991 0.00000000099999999991 
0.13594531844165400059 0.03489054258789104496 0.00000000099999999999 0.02493286017856883793 0.03006092843381594562 0.00000000099999999999 0.00000000099999999999 0.33374567215017819644 0.14091693251877737691 0.00000000099999999999 0.29950774168911453721 
0.00000000099999999936 0.00000000099999999936 0.00000000099999999936 0.00000000099999999936 0.00000000099999999936 0.99999999000000017180 0.00000000099999999936 0.00000000099999999936 0.00000000099999999936 0.00000000099999999936 0.00000000099999999936 
0.00000000099999999945 0.00000000099999999945 0.99999999000000006077 0.00000000099999999945 0.00000000099999999945 0.00000000099999999945 0.00000000099999999945 0.00000000099999999945 0.00000000099999999945 0.00000000099999999945 0.00000000099999999945 
0.00000000099999999957 0.00000000099999999957 0.00000000099999999957 0.00000000099999999957 0.00000000099999999957 0.55225044177973392490 0.44774954922026621862 0.00000000099999999957 0.00000000099999999957 0.00000000099999999957 0.00000000099999999957 
0.00024711117996396934 0.00000000099999999998 0.00524822835436380888 0.00000000099999999998 0.00000000099999999998 0.00000000099999999998 0.00000000099999999998 0.40530310994828111504 0.22304928723675401803 0.36615225728063693911 0.00000000099999999998 
0.00000000099999999987 0.00000000099999999987 0.00000000099999999987 0.99999999000000017180 0.00000000099999999987 0.00000000099999999987 0.00000000099999999987 0.00000000099999999987 0.00000000099999999987 0.00000000099999999987 0.00000000099999999987 
0.00000000099999999991 0.00000000099999999991 0.00000000099999999991 0.99999999000000006077 0.00000000099999999991 0.00000000099999999991 0.00000000099999999991 0.00000000099999999991 0.00000000099999999991 0.00000000099999999991 0.00000000099999999991 
0.07957909945845653699 0.09053071584316213505 0.00000000099999999997 0.21487714241724706343 0.00474828742686366888 0.00000000099999999997 0.00000000099999999997 0.00000000099999999997 0.07952695520615728209 0.20223432050518011516 0.32850347514293315454 
0.00000000099999999994 0.00000000099999999994 0.00000000099999999994 0.00000000099999999994 0.00000000099999999994 0.00000000099999999994 0.00000000099999999994 0.00000000099999999994 0.99999999000000006077 0.00000000099999999994 0.00000000099999999994 
0.00000000099999999984 0.00000000099999999984 0.00000000099999999984 0.00000000099999999984 0.00000000099999999984 0.00000000099999999984 0.00000000099999999984 0.00000000099999999984 0.99999998999999994975 0.00000000099999999984 0.00000000099999999984 
0.26272627885906296719 0.00000000099999999997 0.00000000099999999997 0.01400056709176273305 0.03200878570795977901 0.00000000099999999997 0.00000000099999999997 0.31178510172271439727 0.07843628579495720565 0.04083468982621745597 0.26020828699732512224 
0.17060556967029164022 0.05750405388750014918 0.00000000099999999998 0.00000000099999999998 0.00000000099999999998 0.00000000099999999998 0.00000000099999999998 0.19815476356674865954 0.16116559630281412918 0.26490357050531981864 0.14766644106732565445 
0.00000000099999999994 0.00000000099999999994 0.00000000099999999994 0.00000000099999999994 0.00000000099999999994 0.00000000099999999994 0.00000000099999999994 0.34145875343419268555 0.00000000099999999994 0.33931684383067162170 0.31922439473513558594 
0.23014992920706842106 0.00002697104354214561 0.00000000099999999995 0.00156472117710935023 0.00000000099999999995 0.00000000099999999995 0.00000000099999999995 0.26396883512166019470 0.00000000099999999995 0.00000000099999999995 0.50428953745061988467 
0.00000000099999999996 0.00000000099999999996 0.00000000099999999996 0.00000000099999999996 0.00000024333846490964 0.00000000099999999996 0.00000000099999999996 0.57983689510507485654 0.00000000099999999996 0.00000000099999999996 0.42016285355646043609 
0.20005454683124393456 0.04384472153828471164 0.00000000099999999997 0.01880684811352025324 0.01135443108062908837 0.00000000099999999997 0.00000000099999999997 0.25602824768182141923 0.25452166395169206758 0.21538953680280834013 0.00000000099999999997 
0.00000000099999999993 0.00000000099999999993 0.00000000099999999993 0.99999999000000006077 0.00000000099999999993 0.00000000099999999993 0.00000000099999999993 0.00000000099999999993 0.00000000099999999993 0.00000000099999999993 0.00000000099999999993 
0.00000000099999999994 0.04908157466325292068 0.00000000099999999994 0.95091841633674711876 0.00000000099999999994 0.00000000099999999994 0.00000000099999999994 0.00000000099999999994 0.00000000099999999994 0.00000000099999999994 0.00000000099999999994 
0.00000000099999999957 0.00000000099999999957 0.00000000099999999957 0.00000000099999999957 0.00000000099999999957 0.00000000099999999957 0.99999998999999994975 0.00000000099999999957 0.00000000099999999957 0.00000000099999999957 0.00000000099999999957 
0.00464200279335641453 0.00000000099999999994 0.00000000099999999994 0.99535798820664378450 0.00000000099999999994 0.00000000099999999994 0.00000000099999999994 0.00000000099999999994 0.00000000099999999994 0.00000000099999999994 0.00000000099999999994 
0.00000000099999999994 0.00000000099999999994 0.00000000099999999994 0.95549668225349460027 0.00000000099999999994 0.00000000099999999994 0.00000000099999999994 0.00000000099999999994 0.04450330874650546692 0.00000000099999999994 0.00000000099999999994 
0.13904549815289773962 0.04520885326796643400 0.00173321667750934516 0.01019347966249982765 0.00000000099999999997 0.00000000099999999997 0.00000000099999999997 0.32474013197880757797 0.23343256174811904957 0.00000000099999999997 0.24564625451220004071 
0.00000000099999999928 0.00000000099999999928 0.00000000099999999928 0.00000000099999999928 0.00000000099999999928 0.00000000099999999928 0.99999998999999994975 0.00000000099999999928 0.00000000099999999928 0.00000000099999999928 0.00000000099999999928 
0.00000000099999999991 0.00000000099999999991 0.00000000099999999991 0.00000000099999999991 0.00000000099999999991 0.00000000099999999991 0.00000000099999999991 0.99999999000000006077 0.00000000099999999991 0.00000000099999999991 0.00000000099999999991 
0.29580903215169190856 0.00000152576277151584 0.00000000099999999997 0.01868752011435423702 0.00000000099999999997 0.00000000099999999997 0.00000000099999999997 0.00000000099999999997 0.18235687835740110874 0.00000000099999999997 0.50314503761378104318 
0.34886325064269169127 0.06577594193742894446 0.00162672331126520052 0.00000000099999999998 0.00000000099999999998 0.00000000099999999998 0.00000000099999999998 0.00000000099999999998 0.23946543008839543676 0.19755318720925812981 0.14671546181096040140 
0.32055290500120364738 0.02361440039561809104 0.00000000099999999998 0.01738288852096323694 0.00000000099999999998 0.00000000099999999998 0.00000000099999999998 0.23949747538418775239 0.28844923016761292445 0.00000000099999999998 0.11050309553041415267 
0.00000000099999999972 0.99999999000000017180 0.00000000099999999972 0.00000000099999999972 0.00000000099999999972 0.00000000099999999972 0.00000000099999999972 0.00000000099999999972 0.00000000099999999972 0.00000000099999999972 0.00000000099999999972 
0.00000000099999999995 0.03216503581181376359 0.00000000099999999995 0.00000000099999999995 0.07298856084693151891 0.00000000099999999995 0.00000000099999999995 0.00000000099999999995 0.28612999173100900352 0.60871640461024567603 0.00000000099999999995 
0.00000000099999999996 0.04625964604494728349 0.00000000099999999996 0.00000000099999999996 0.00000000099999999996 0.00000000099999999996 0.00000000099999999996 0.46221741129147164706 0.00000000099999999996 0.49152293466358099039 0.00000000099999999996 
0.00000000099999999988 0.00000000099999999988 0.00000000099999999988 0.00000000099999999988 0.00000000099999999988 0.00000000099999999988 0.00000000099999999988 0.00000000099999999988 0.00000000099999999988 0.99999999000000006077 0.00000000099999999988 
0.00000068220867311448 0.03663470631796630905 0.02297410864168467071 0.00000000099999999999 0.00000000099999999999 0.00000000099999999999 0.00000000099999999999 0.00000001086963633267 0.36228891237349636345 0.26034452936339858020 0.31775704622514472364 
0.00000000099999999996 0.00000000099999999996 0.00000000099999999996 0.00000000099999999996 0.00000000099999999996 0.00000000099999999996 0.00000000099999999996 0.00000000099999999996 0.00000000099999999996 0.46404415809568910767 0.53595583290431081380 
0.00000000099999999994 0.00000000099999999994 0.00000000099999999994 0.00000000099999999994 0.00000000099999999994 0.00000000099999999994 0.00000000099999999994 0.00000000099999999994 0.27552011080778116003 0.24234277910438054016 0.48213710208783827627 
0.00011354931669203709 0.14023048746617788884 0.00786470581525846105 0.00000000099999999999 0.02012246048546836516 0.00000000099999999999 0.00000000099999999999 0.30930623388114231176 0.29302393862793063573 0.22933862040733013488 0.00000000099999999999 
0.34387756442346367747 0.00000000099999999996 0.00613330172611997477 0.00000000099999999996 0.01386523821814150507 0.00000000099999999996 0.00000000099999999996 0.30362185852366779804 0.00000000099999999996 0.08670382776691762383 0.24579820434168936361 
0.00000000099999999994 0.00000000099999999994 0.00000000099999999994 0.00000000099999999994 0.00000000099999999994 0.00000000099999999994 0.00000000099999999994 0.47797012762639828898 0.00000000099999999994 0.52202986337360157698 0.00000000099999999994 
0.00000000099999999991 0.00000000099999999991 0.00000000099999999991 0.00000000099999999991 0.00000000099999999991 0.00000000099999999991 0.00000000099999999991 0.99999998999999994975 0.00000000099999999991 0.00000000099999999991 0.00000000099999999991 
0.00000000099999999995 0.17738505971688248164 0.00000000099999999995 0.00000000099999999995 0.00000000099999999995 0.00000000099999999995 0.00000000099999999995 0.50139428766407734273 0.00000000099999999995 0.32122064461904015209 0.00000000099999999995 
0.00000000099999999998 0.00004167483916653757 0.00000000099999999998 0.00000000099999999998 0.02884478491510882384 0.00000000099999999998 0.00000000099999999998 0.11434967208606283684 0.25077654058834614181 0.21816942409892983723 0.38781789847238590241 
0.00000000099999999998 0.03589055303989473200 0.00000000099999999998 0.02360626525127904052 0.00000000099999999998 0.00000000099999999998 0.00000000099999999998 0.47851714082167401410 0.22164339658779233511 0.24034263829936003409 0.00000000099999999998 
0.99999999000000028282 0.00000000099999999988 0.00000000099999999988 0.00000000099999999988 0.00000000099999999988 0.00000000099999999988 0.00000000099999999988 0.00000000099999999988 0.00000000099999999988 0.00000000099999999988 0.00000000099999999988 
0.00000000099999999986 0.00000000099999999986 0.00000000099999999986 0.00000000099999999986 0.00000000099999999986 0.00000000099999999986 0.00000000099999999986 0.00000000099999999986 0.00000000099999999986 0.99999998999999994975 0.00000000099999999986 
0.00064508068498872549 0.06187140377788350604 0.00000000745372295458 0.00343283017142220499 0.00000000100000000000 0.07069255008866935641 0.00000000100000000000 0.28713238261498319481 0.15016045254149282262 0.30949651919735954309 0.11656877146947754176 
0.20447898201798578310 0.04760991095337811785 0.00000000099999999996 0.00000000099999999996 0.00909796462324321230 0.00000000099999999996 0.00000000099999999996 0.33869826577451017657 0.00000000099999999996 0.40011487063088263527 0.00000000099999999996 
0.00000000099999999991 0.15150676531609655329 0.00000000099999999991 0.00000000099999999991 0.00000000099999999991 0.00000000099999999991 0.00000000099999999991 0.00000000099999999991 0.00000000099999999991 0.00000000099999999991 0.84849322568390350696 
0.99999999000000017180 0.00000000099999999987 0.00000000099999999987 0.00000000099999999987 0.00000000099999999987 0.00000000099999999987 0.00000000099999999987 0.00000000099999999987 0.00000000099999999987 0.00000000099999999987 0.00000000099999999987 
0.00000000099999999991 0.00000000099999999991 0.00000000099999999991 0.00000000099999999991 0.00000000099999999991 0.00000000099999999991 0.00000000099999999991 0.99999998999999994975 0.00000000099999999991 0.00000000099999999991 0.00000000099999999991 
0.20871050068358046325 0.03701398821467730832 0.00000000099999999997 0.00000066235768625055 0.00000000099999999997 0.00000000099999999997 0.00000000099999999997 0.22652988736657012070 0.22775011788947233105 0.23959227390047282968 0.06040256558754076438 
0.00000000099999999994 0.00000000099999999994 0.00000000099999999994 0.00000000099999999994 0.00000000099999999994 0.00000000099999999994 0.00000000099999999994 0.99999999000000006077 0.00000000099999999994 0.00000000099999999994 0.00000000099999999994 
0.19766927675053774793 0.07426396946367701257 0.00000000099999999998 0.00000000099999999998 0.03130540562407964356 0.00000000099999999998 0.00000000099999999998 0.00350360627592447666 0.15439314832632447527 0.26381624344597925935 0.27504834611347733775 
0.00000000099999999994 0.00000000099999999994 0.00000000099999999994 0.00000000099999999994 0.00000000099999999994 0.00000000099999999994 0.00000000099999999994 0.47255123257694664485 0.00000000099999999994 0.52744875842305316560 0.00000000099999999994 
0.00000000099999999993 0.00000000099999999993 0.00000000099999999993 0.00916352388794301580 0.00000000099999999993 0.00000000099999999993 0.00000000099999999993 0.00000000099999999993 0.28656669155332892274 0.00000000099999999993 0.70426977655872813333 
0.00000000099999999991 0.00000000099999999991 0.00000000099999999991 0.99999999000000006077 0.00000000099999999991 0.00000000099999999991 0.00000000099999999991 0.00000000099999999991 0.00000000099999999991 0.00000000099999999991 0.00000000099999999991 
0.00000000099999999995 0.00000000099999999995 0.00000000099999999995 0.97114895801182521407 0.00000000099999999995 0.00000000099999999995 0.00000000099999999995 0.02885103298817496761 0.00000000099999999995 0.00000000099999999995 0.00000000099999999995 
0.00000000099999999944 0.00000000099999999944 0.00000000099999999944 0.00000000099999999944 0.00000000099999999944 0.00000000099999999944 0.99999999000000006077 0.00000000099999999944 0.00000000099999999944 0.00000000099999999944 0.00000000099999999944 
0.00000000099999999948 0.00000000099999999948 0.99999999000000017180 0.00000000099999999948 0.00000000099999999948 0.00000000099999999948 0.00000000099999999948 0.00000000099999999948 0.00000000099999999948 0.00000000099999999948 0.00000000099999999948 
0.00000000099999999999 0.02919971644540972702 0.03816299483266090420 0.88525712628607733379 0.00000000099999999999 0.00000000099999999999 0.00000000099999999999 0.00000000099999999999 0.00000000099999999999 0.00000000099999999999 0.04738015543585211847 
0.00000000099999999988 0.00000000099999999988 0.00000000099999999988 0.00000000099999999988 0.00000000099999999988 0.00000000099999999988 0.00000000099999999988 0.00000000099999999988 0.00000000099999999988 0.00000000099999999988 0.99999998999999994975 
0.00000000099999999987 0.00000000099999999987 0.00000000099999999987 0.00000000099999999987 0.00000000099999999987 0.00000000099999999987 0.00000000099999999987 0.00000000099999999987 0.00000000099999999987 0.99999999000000006077 0.00000000099999999987 
0.00000000099999999994 0.00000000099999999994 0.00000000099999999994 0.93296586682793170020 0.06703412417206845719 0.00000000099999999994 0.00000000099999999994 0.00000000099999999994 0.00000000099999999994 0.00000000099999999994 0.00000000099999999994 
0.00000000177996784573 0.00000016050902338190 0.00000000099999999995 0.00000000099999999995 0.06987635316142519482 0.00000000099999999995 0.00000000099999999995 0.62423556429321802597 0.30588791425636546739 0.00000000099999999995 0.00000000099999999995 
0.00000000099999999989 0.00000000099999999989 0.00000000099999999989 0.00000000099999999989 0.00000000099999999989 0.00000000099999999989 0.00000000099999999989 0.99999998999999994975 0.00000000099999999989 0.00000000099999999989 0.00000000099999999989 
0.00000000099999999953 0.00000000099999999953 0.00000000099999999953 0.00000000099999999953 0.99999999000000006077 0.00000000099999999953 0.00000000099999999953 0.00000000099999999953 0.00000000099999999953 0.00000000099999999953 0.00000000099999999953 
0.00000000099999999936 0.00000000099999999936 0.00000000099999999936 0.00000000099999999936 0.00000000099999999936 0.00000000099999999936 0.99999999000000006077 0.00000000099999999936 0.00000000099999999936 0.00000000099999999936 0.00000000099999999936 
0.00000000099999999936 0.00000000099999999936 0.00000000099999999936 0.00000000099999999936 0.00000000099999999936 0.00000000099999999936 0.99999998999999994975 0.00000000099999999936 0.00000000099999999936 0.00000000099999999936 0.00000000099999999936 
0.00000000099999999940 0.00000000099999999940 0.00000000099999999940 0.00000000099999999940 0.00000000099999999940 0.37274966075914983676 0.62725033024085030675 0.00000000099999999940 0.00000000099999999940 0.00000000099999999940 0.00000000099999999940 
0.00000000099999999941 0.00000000099999999941 0.00000000099999999941 0.00000000099999999941 0.00000000099999999941 0.64275066500968236483 0.35724932599031766767 0.00000000099999999941 0.00000000099999999941 0.00000000099999999941 0.00000000099999999941 
0.00000000099999999934 0.00000000099999999934 0.00000000099999999934 0.00000000099999999934 0.00000000099999999934 0.99999999000000006077 0.00000000099999999934 0.00000000099999999934 0.00000000099999999934 0.00000000099999999934 0.00000000099999999934 
0.00000000099999999994 0.00000000099999999994 0.00000000099999999994 0.95115891524481110952 0.04884107575518897154 0.00000000099999999994 0.00000000099999999994 0.00000000099999999994 0.00000000099999999994 0.00000000099999999994 0.00000000099999999994 
0.30495704437484288940 0.00000000341882118794 0.00000000099999999997 0.00000000099999999997 0.10871403994136967508 0.00000000099999999997 0.00000000099999999997 0.16812030841250086288 0.17578922805442251387 0.00000000099999999997 0.24241937079804268262 
0.00000000099999999942 0.00000000099999999942 0.00000000099999999942 0.00000000099999999942 0.00000000099999999942 0.62039808960392550663 0.37960190139607458137 0.00000000099999999942 0.00000000099999999942 0.00000000099999999942 0.00000000099999999942 
0.00000000099999999950 0.00000000099999999950 0.00000000099999999950 0.00000000099999999950 0.00000000099999999950 0.36756857571084483594 0.63243141528915514105 0.00000000099999999950 0.00000000099999999950 0.00000000099999999950 0.00000000099999999950 
0.00000000099999999945 0.00000000099999999945 0.99999999000000006077 0.00000000099999999945 0.00000000099999999945 0.00000000099999999945 0.00000000099999999945 0.00000000099999999945 0.00000000099999999945 0.00000000099999999945 0.00000000099999999945 
0.00000000099999999946 0.00000000099999999946 0.99999999000000006077 0.00000000099999999946 0.00000000099999999946 0.00000000099999999946 0.00000000099999999946 0.00000000099999999946 0.00000000099999999946 0.00000000099999999946 0.00000000099999999946 
0.00000000099999999993 0.00000000099999999993 0.00000000099999999993 0.00000000099999999993 0.00000000099999999993 0.00000000099999999993 0.00000000099999999993 0.00000000099999999993 0.63618760745504998599 0.00000000099999999993 0.36381238354495015752 
0.00000000099999999935 0.00000000099999999935 0.00000000099999999935 0.00000000099999999935 0.00000000099999999935 0.00000000099999999935 0.99999999000000006077 0.00000000099999999935 0.00000000099999999935 0.00000000099999999935 0.00000000099999999935 
0.00000000099999999991 0.00000000099999999991 0.00000000099999999991 0.00000000099999999991 0.00000000099999999991 0.00000000099999999991 0.00000000099999999991 0.99999999000000006077 0.00000000099999999991 0.00000000099999999991 0.00000000099999999991 
0.00000000099999999996 0.00006747128311357691 0.00000000099999999996 0.00000000099999999996 0.00000078018492870777 0.00000000099999999996 0.00000000099999999996 0.48450495661644782386 0.15563385245494779086 0.00239604222754699050 0.35739689223301535081 
0.00000000099999999993 0.00000000099999999993 0.00000000099999999993 0.91526096945110468894 0.08473902154889549621 0.00000000099999999993 0.00000000099999999993 0.00000000099999999993 0.00000000099999999993 0.00000000099999999993 0.00000000099999999993 
0.21205202728645250465 0.00000000099999999996 0.00000000099999999996 0.00000000099999999996 0.00000059294462110026 0.00000000099999999996 0.00000000099999999996 0.42988063784410479595 0.00000000099999999996 0.00000000099999999996 0.35806673492482160581 
