0.01279139876666510189 0.97528630030949814422 0.01192230092383682327 
0.99999999799999994554 0.00000000099999999998 0.00000000099999999998 
0.99999999799999994554 0.00000000099999999997 0.00000000099999999997 
0.04437967590878636598 0.95562032309121358598 0.00000000099999999999 
0.00137736565616626431 0.99847426419328777492 0.00014837015054586651 
0.03329513150446975628 0.96670486749553019568 0.00000000099999999999 
0.99999999799999994554 0.00000000099999999998 0.00000000099999999998 
0.99999999799999994554 0.00000000099999999997 0.00000000099999999997 
0.01260344512894236678 0.98739655387105762507 0.00000000100000000000 
0.99999999799999994554 0.00000000099999999998 0.00000000099999999998 
0.01852279944720445701 0.98147719354295115401 0.00000000700984446581 
0.02533109975229995772 0.97466889924770006015 0.00000000099999999999 
0.00629900764067360761 0.99370099135932643541 0.00000000100000000000 
0.01702279350821032586 0.98150888305389660804 0.00146832343789302902 
0.00220760620600450423 0.98157554227435372951 0.01621685151964183044 
0.06746504336050355988 0.91961015495407538722 0.01292480168542108412 
0.00704841357305036574 0.99295158542694961223 0.00000000099999999999 
0.00000000100000000000 0.99268767562898907464 0.00731232337101088339 
0.00627466797812905545 0.98210287468428003610 0.01162245733759088850 
0.00279851540610437594 0.99720148359389559900 0.00000000099999999999 
0.00272461837765679456 0.99727538062234311056 0.00000000100000000000 
0.99999999799999994554 0.00000000099999999998 0.00000000099999999998 
0.02989336718479066943 0.97010663181520917497 0.00000000099999999999 
0.03844768381756549780 0.96155231518243433619 0.00000000099999999999 
0.03366994153868621553 0.96633005746131361846 0.00000000099999999999 
0.00000000099999999999 0.99999999800000005656 0.00000000099999999999 
0.17118237926989060549 0.04014495821681481058 0.78867266251329459781 
0.19188252859783200277 0.00346494570342934741 0.80465252569873868538 
0.00650425835341797518 0.99334246674556858636 0.00015327490101343409 
0.00000004329771728161 0.99999995570228272790 0.00000000100000000000 
0.02855218120157796899 0.97144781779842204195 0.00000000099999999999 
0.99999999800000005656 0.00000000099999999998 0.00000000099999999998 
0.30743452672789450819 0.45087404158784794017 0.24169143168425755164 
0.00012213113755505661 0.99987786786244481352 0.00000000099999999999 
0.00000000099999999989 0.00000000099999999989 0.99999999800000005656 
0.00000000099999999986 0.00000000099999999986 0.99999999800000005656 
0.00000000099999999987 0.00000000099999999987 0.99999999800000005656 
0.14200290938897830451 0.06208808747422098206 0.79590900313680068567 
0.17137954832799207061 0.02771766921448955145 0.80090278245751844732 
0.00179054169864859372 0.99820945730135124396 0.00000000099999999999 
0.99999999799999994554 0.00000000099999999998 0.00000000099999999998 
0.15246240968917074143 0.06053265504529015129 0.78700493526553905177 
0.02989248237007763320 0.97010751662992222855 0.00000000100000000000 
0.99999999799999994554 0.00000000099999999997 0.00000000099999999997 
0.18518285258044642205 0.02657269060458114160 0.78824445681497246063 
0.02369781962842667372 0.97630217937157337538 0.00000000099999999999 
0.17022252910239243917 0.03990691943835674577 0.78987055145925089139 
0.99999999799999994554 0.00000000099999999998 0.00000000099999999998 
0.99999999800000005656 0.00000000099999999996 0.00000000099999999996 
0.19045971979173847988 0.01708553114661697653 0.79245474906164448115 
0.16030556512341653796 0.03735230779581673322 0.80234212708076679821 
0.99999999799999994554 0.00000000099999999998 0.00000000099999999998 
0.99999999799999994554 0.00000000099999999998 0.00000000099999999998 
0.99999999697873964699 0.00000000202126030139 0.00000000099999999998 
0.17008139152296050667 0.03702731164678705472 0.79289129683025239004 
0.05126464917778411623 0.94304657008402137386 0.00568878073819462267 
0.01084303409970899593 0.97439353618371848942 0.01476342971657247129 
0.02727245609418242622 0.97272754290581753267 0.00000000099999999999 
0.01834931511673343341 0.98165068388326648385 0.00000000099999999999 
0.99999999799999994554 0.00000000099999999998 0.00000000099999999998 
0.00051339521404680625 0.99451416288195693127 0.00497244190399621921 
0.00000000099999999988 0.00000000099999999988 0.99999999800000005656 
0.01538455014979207836 0.98461544885020790829 0.00000000099999999999 
0.00000000099999999989 0.00000000099999999989 0.99999999799999994554 
0.04635758904716971024 0.95364240995283022784 0.00000000100000000000 
0.00000000099999999988 0.00000000099999999988 0.99999999799999994554 
0.01363914618015375085 0.98636085281984631212 0.00000000099999999999 
0.01676038127079086670 0.98247759298254733196 0.00076202574666180839 
0.99999999799999994554 0.00000000099999999997 0.00000000099999999997 
0.00000174726203043959 0.99999825173796941247 0.00000000099999999999 
0.00000000099999999988 0.00000000099999999988 0.99999999800000005656 
0.00000000099999999989 0.00000000099999999989 0.99999999799999994554 
0.09171953319730667686 0.90828046580269328203 0.00000000100000000000 
0.99999999800000005656 0.00000000099999999997 0.00000000099999999997 
0.15906536109021848779 0.07003101720059058677 0.77090362170919091156 
0.99999999800000005656 0.00000000099999999997 0.00000000099999999997 
0.04029636444225353359 0.95970363455774643224 0.00000000100000000000 
0.00000000099999999987 0.00000000099999999987 0.99999999800000005656 
0.16182422477415989159 0.02731079665027982134 0.81086497857556028013 
0.00000000099999999991 0.00000000099999999991 0.99999999799999994554 
0.00453731842180413354 0.98103623266142414572 0.01442644891677175370 
0.99999999799999994554 0.00000000099999999997 0.00000000099999999997 
0.99999999800000005656 0.00000000099999999998 0.00000000099999999998 
0.23685012285291329182 0.76314987614708662544 0.00000000099999999999 
0.00888736977261044003 0.99110405440285676004 0.00000857582453282441 
0.01429317205807007461 0.98570682694193001439 0.00000000099999999999 
0.02856186841475661861 0.97143813058524330906 0.00000000099999999999 
0.00141071940548126093 0.99858927959451859735 0.00000000099999999999 
0.00000000099999999999 0.99999999800000005656 0.00000000099999999999 
0.01691594384202701681 0.98308405515797292473 0.00000000099999999999 
0.01785401657076898449 0.98214598242923090154 0.00000000099999999999 
0.03948423771545832295 0.96051576128454163594 0.00000000100000000000 
0.99999999800000005656 0.00000000099999999998 0.00000000099999999998 
0.99952062299044275306 0.00047937600955728086 0.00000000099999999999 
0.00000000099999999992 0.00000000099999999992 0.99999999800000005656 
0.99999999799999994554 0.00000000099999999998 0.00000000099999999998 
0.99999999799999994554 0.00000000099999999999 0.00000000099999999999 
0.02903545943638391816 0.97096453956361605808 0.00000000099999999999 
0.00000000099999999986 0.00000000099999999986 0.99999999799999994554 
0.00000000336019995514 0.99999760127171910540 0.00000239536808090313 
0.02204976818873972261 0.97795023081126031261 0.00000000099999999999 
0.00430555973112908049 0.98701651223039243988 0.00867792803847844754 
0.03028124220197977653 0.96971875636112059293 0.00000000143689949719 
0.00667161216165825660 0.99332838539862289284 0.00000000243971887684 
0.04045277192583438680 0.95954722707416562066 0.00000000100000000000 
0.00396567315164146790 0.99603432584835860375 0.00000000100000000000 
0.01995674878069369704 0.98004325021930616124 0.00000000100000000000 
0.02191488854793284535 0.95889901375171759934 0.01918609770034940959 
0.01024411966914449967 0.98975566324311048394 0.00000021708774498392 
0.00034855773822677945 0.99965144126177307715 0.00000000099999999999 
0.03106865274095491417 0.95317646904054176282 0.01575487821850333689 
0.00000011198030459327 0.99999988701969544369 0.00000000099999999999 
0.01531407123301840867 0.98468592776698149471 0.00000000100000000000 
0.00143143015006037648 0.99856856884993960843 0.00000000099999999999 
0.03592740947301088089 0.96407258952698904331 0.00000000099999999999 
0.01969840697713837185 0.98030159202286148989 0.00000000100000000000 
0.04336071166354929507 0.95663928733645064995 0.00000000100000000000 
0.00628624251565615931 0.99371375648434379091 0.00000000100000000000 
0.02946731930581829306 0.97053267969418155481 0.00000000099999999999 
0.03077250931470167095 0.89391599790050757512 0.07531149278479072617 
0.00688889710728307104 0.99311110189271689652 0.00000000099999999999 
0.02137958421160404687 0.97862041478839578712 0.00000000099999999999 
0.03050909399830173396 0.96949090500169832207 0.00000000099999999999 
0.00346311181309648863 0.99653687824636827397 0.00000000994053535766 
0.01616828224131715980 0.98383171675868286155 0.00000000099999999999 
0.00964052232911089164 0.98619031383302901972 0.00416916383785999409 
0.02341467916189901577 0.97658531983810092925 0.00000000099999999999 
0.00000001189395443176 0.99999998710604554031 0.00000000099999999999 
0.03684505535922921043 0.96315494364077069989 0.00000000099999999999 
0.99999999800000005656 0.00000000099999999997 0.00000000099999999997 
0.99999995370666738825 0.00000004529333259057 0.00000000099999999999 
0.00000000099999999991 0.00000000099999999991 0.99999999800000005656 
0.16422395525174907083 0.01990790738921686259 0.81586813735903396250 
0.92288779939204013125 0.06314101430569771245 0.01397118630226210946 
0.01644893844626108340 0.98355106055373897611 0.00000000099999999999 
0.03243538754961789589 0.96756460883390960070 0.00000000361647245270 
0.99999999800000005656 0.00000000099999999999 0.00000000099999999999 
0.02221412304000465465 0.97778587595999544302 0.00000000099999999999 
0.00841481106040878855 0.99158518793959116167 0.00000000099999999999 
0.00000000099999999999 0.99999999799999994554 0.00000000099999999999 
0.00000000099999999987 0.00000000099999999987 0.99999999799999994554 
0.00000000099999999987 0.00000000099999999987 0.99999999800000005656 
0.00000000099999999986 0.00000000099999999986 0.99999999799999994554 
0.00000000099999999986 0.00000000099999999986 0.99999999800000005656 
0.00000000099999999988 0.00000000099999999988 0.99999999800000005656 
0.99999999800000005656 0.00000000099999999999 0.00000000099999999999 
0.00695109834128866764 0.99296871948190701396 0.00008018217680424271 
0.00000000099999999987 0.00000000099999999987 0.99999999800000005656 
0.00000000099999999988 0.00000000099999999988 0.99999999800000005656 
0.18088781805471734754 0.00000004615417696708 0.81911213579110575544 
0.16307213023204131241 0.02588225816283978506 0.81104561160511889906 
0.00000117470350978951 0.99999882429649011861 0.00000000100000000000 
0.00000000099999999988 0.00000000099999999988 0.99999999800000005656 
0.01860976883505130811 0.98139023016494852936 0.00000000100000000000 
0.00000000099999999999 0.99999999800000005656 0.00000000099999999999 
0.96302903648386850577 0.03697096251613152945 0.00000000099999999999 
0.01502620121501040129 0.98497379778498972414 0.00000000099999999999 
0.99999999799999994554 0.00000000099999999997 0.00000000099999999997 
0.02819473767891683344 0.97180526132108313586 0.00000000099999999999 
0.99999999800000005656 0.00000000099999999997 0.00000000099999999997 
0.01977100535500182429 0.97801428831509729100 0.00221470632990083483 
0.00058139111123177477 0.99697328575700017161 0.00244532313176799030 
0.00000000099999999988 0.00000000099999999988 0.99999999800000005656 
0.99999999800000005656 0.00000000099999999998 0.00000000099999999998 
0.00000000099999999986 0.00000000099999999986 0.99999999799999994554 
0.00000000099999999988 0.00000000099999999988 0.99999999800000005656 
0.01328745944264304868 0.98671253955735682695 0.00000000099999999999 
0.03033270066553815647 0.96966729833446185793 0.00000000099999999999 
0.01006295036000039167 0.98993704863999965049 0.00000000099999999999 
0.00920997440600668932 0.99079002459399334590 0.00000000099999999999 
0.01470284824874743858 0.98529715075125245960 0.00000000100000000000 
0.02468007523579918497 0.97531992376420084678 0.00000000099999999999 
0.00000000099999999999 0.99999999799999994554 0.00000000099999999999 
0.99631594686320013032 0.00368405213679983854 0.00000000099999999998 
0.00000287383737938388 0.99999712516262062589 0.00000000099999999999 
0.00000000099999999987 0.00000000099999999987 0.99999999799999994554 
0.00194703464465994939 0.99805296435533996657 0.00000000100000000000 
0.00000000099999999996 0.00000000099999999996 0.99999999800000005656 
0.00000000099999999989 0.00000000099999999989 0.99999999799999994554 
0.02701374918286236076 0.97298624981713766058 0.00000000099999999999 
0.00000002152758083555 0.99999997747241908819 0.00000000100000000000 
0.02282925574678816918 0.97717074325321184869 0.00000000100000000000 
0.00000000099999999990 0.00000000099999999990 0.99999999800000005656 
0.99999999799999994554 0.00000000099999999997 0.00000000099999999997 
0.99999999799999994554 0.00000000099999999997 0.00000000099999999997 
0.00000000099999999989 0.00000000099999999989 0.99999999799999994554 
0.01196519374287435128 0.98803480525712572557 0.00000000100000000000 
0.04751634412158467491 0.95248365410687052535 0.00000000177154475548 
0.00000000099999999989 0.00000000099999999989 0.99999999800000005656 
0.01257593669199168381 0.98742406230800827682 0.00000000099999999999 
0.99999999800000005656 0.00000000099999999997 0.00000000099999999997 
0.26117566122496638226 0.55141022486242929901 0.18741411391260434649 
0.03151023509830914310 0.96806771389895529545 0.00042205100273549391 
0.04194668049632951923 0.95805331850367037028 0.00000000100000000000 
0.00515810293592061393 0.99484189606407935624 0.00000000100000000000 
0.00064047968502367754 0.99935951931497624123 0.00000000099999999999 
0.00000000099999999999 0.99999999799999994554 0.00000000099999999999 
0.01116676521527114156 0.98883323378472876009 0.00000000099999999999 
0.01451155024046963879 0.98548844875953023337 0.00000000100000000000 
0.02738550479690698633 0.96160290862514552490 0.01101158657794757030 
0.99999999800000005656 0.00000000099999999998 0.00000000099999999998 
0.02567428364647594830 0.97432571535352396896 0.00000000099999999999 
0.00000002142262561999 0.99999997757737435489 0.00000000100000000000 
0.05064010344252687507 0.94935989555747302138 0.00000000100000000000 
0.01892447827140695052 0.98107552072859294245 0.00000000099999999999 
0.03941563700734162373 0.95868806418171714778 0.00189629881094122653 
0.00000159385589608054 0.99999840514410387460 0.00000000099999999999 
0.02155935001366382497 0.97844064898633620331 0.00000000100000000000 
0.99719159158461745385 0.00280840741538251589 0.00000000099999999999 
0.02877194815476932441 0.97122805084523078367 0.00000000100000000000 
0.01083660845777065229 0.98916339054222923721 0.00000000100000000000 
0.01303302489059850536 0.97634872889065449364 0.01061824621874693682 
0.99999991283119926688 0.00000008616880067263 0.00000000099999999999 
0.03023711958673990299 0.95006353407569377190 0.01969934633756630429 
0.01454135426399099859 0.98545863843381553693 0.00000000730219342310 
0.48607712921137169459 0.51392286978862822266 0.00000000099999999999 
0.02877289702485539072 0.97122710197514450225 0.00000000099999999999 
0.00000000099999999990 0.00000000099999999990 0.99999999799999994554 
0.02943666635967382914 0.97056302654325932178 0.00000030709706686747 
0.03014853518142948316 0.96985146381857034736 0.00000000100000000000 
