0.01262486735214523974 0.97545064129574177159 0.01192449135211299562 
0.99999999799999994554 0.00000000099999999998 0.00000000099999999998 
0.99999999800000005656 0.00000000099999999997 0.00000000099999999997 
0.04422747791895482311 0.95577252108104526762 0.00000000099999999999 
0.00116763085677056098 0.99870225326659900489 0.00013011587663044373 
0.03316710158389532537 0.96683289741610467516 0.00000000099999999999 
0.99999999800000005656 0.00000000099999999998 0.00000000099999999998 
0.99999999800000005656 0.00000000099999999997 0.00000000099999999997 
0.01242290038845965915 0.98757709861154041597 0.00000000100000000000 
0.99999999799999994554 0.00000000099999999998 0.00000000099999999998 
0.01840981183631838422 0.98159018468167391624 0.00000000348200763526 
0.02517055319156069962 0.97482944580843933213 0.00000000099999999999 
0.00607113892156002470 0.99392886007843994634 0.00000000100000000000 
0.01686197461693959843 0.98167913026441611102 0.00145889511864423266 
0.00196982988399468538 0.98180444573128433650 0.01622572438472104708 
0.06736276162919853372 0.91971051573260786949 0.01292672263819352393 
0.00682780397274153870 0.99317219502725850866 0.00000000099999999999 
0.00000000100000000000 0.99268723899887656437 0.00731276000112350468 
0.00606981780713241291 0.98230034753254713564 0.01162983466032041155 
0.00257858764419854024 0.99742141135580153488 0.00000000099999999999 
0.00244952331727832633 0.99755047568272159353 0.00000000100000000000 
0.99999999800000005656 0.00000000099999999998 0.00000000099999999998 
0.02974753086932602208 0.97025246813067389517 0.00000000099999999999 
0.03830885756717643947 0.96169114143282341534 0.00000000099999999999 
0.03349857445435566738 0.96650142454564436090 0.00000000099999999999 
0.00000000099999999999 0.99999999799999994554 0.00000000099999999999 
0.17229822586786083805 0.03905025158768309079 0.78865152254445602953 
0.19483716832439990085 0.00000342319334396114 0.80515940848225620030 
0.00627229747552841659 0.99358701388669545818 0.00014068863777619200 
0.00000002319102293823 0.99999997580897692639 0.00000000100000000000 
0.02836094233605643278 0.97163905666394356775 0.00000000099999999999 
0.99999999800000005656 0.00000000099999999998 0.00000000099999999998 
0.30774421903590731819 0.45057122338404675954 0.24168455758004589451 
0.00007334015096954208 0.99992665884903042528 0.00000000099999999999 
0.00000000099999999989 0.00000000099999999989 0.99999999800000005656 
0.00000000099999999986 0.00000000099999999986 0.99999999800000005656 
0.00000000099999999987 0.00000000099999999987 0.99999999800000005656 
0.14292901963813084421 0.06121548488222548767 0.79585549547964362649 
0.17243737041455955983 0.02673850449513186581 0.80082412509030853620 
0.00153934232224751098 0.99846065667775241170 0.00000000099999999999 
0.99999999800000005656 0.00000000099999999998 0.00000000099999999998 
0.15345516624077326640 0.05959223703718066062 0.78695259672204609380 
0.02974749363148775083 0.97025250536851237460 0.00000000100000000000 
0.99999999800000005656 0.00000000099999999997 0.00000000099999999997 
0.18630644522639541738 0.02543315889129014670 0.78826039588231433530 
0.02354836739305862098 0.97645163160694137261 0.00000000099999999999 
0.17123872777807513934 0.03893891361014215069 0.78982235861178273773 
0.99999999800000005656 0.00000000099999999998 0.00000000099999999998 
0.99999999799999994554 0.00000000099999999996 0.00000000099999999996 
0.19167877793004081677 0.01584571427804207927 0.79247550779191711090 
0.16136939192024085665 0.03631643807265766410 0.80231417000710147924 
0.99999999799999994554 0.00000000099999999998 0.00000000099999999998 
0.99999999799999994554 0.00000000099999999998 0.00000000099999999998 
0.99999999800000005656 0.00000000099999999998 0.00000000099999999998 
0.17110661032715193675 0.03606211497779803626 0.79283127469505010332 
0.05110512311440191385 0.94319756851245883933 0.00569730837313929712 
0.01069365102465809868 0.97454266764494135167 0.01476368133040046986 
0.02709948457771271801 0.97290051442228731027 0.00000000099999999999 
0.01822995543110575434 0.98177004356889430170 0.00000000099999999999 
0.99999999800000005656 0.00000000099999999998 0.00000000099999999998 
0.00037286060637263307 0.99464789817587939691 0.00497924121774801897 
0.00000000099999999988 0.00000000099999999988 0.99999999799999994554 
0.01532365779878133195 0.98467634120121871888 0.00000000099999999999 
0.00000000099999999989 0.00000000099999999989 0.99999999799999994554 
0.04618836537242286544 0.95381163362757714896 0.00000000100000000000 
0.00000000099999999988 0.00000000099999999988 0.99999999799999994554 
0.01345615767520132872 0.98654384132479855385 0.00000000099999999999 
0.01658949745145293225 0.98265864942180958241 0.00075185312673755071 
0.99999999799999994554 0.00000000099999999997 0.00000000099999999997 
0.00000084870154709672 0.99999915029845276582 0.00000000099999999999 
0.00000000099999999988 0.00000000099999999988 0.99999999799999994554 
0.00000000099999999989 0.00000000099999999989 0.99999999800000005656 
0.09159227852924653468 0.90840772047075346585 0.00000000100000000000 
0.99999999800000005656 0.00000000099999999997 0.00000000099999999997 
0.16004765107327886819 0.06912446366585631163 0.77082788526086487568 
0.99999999800000005656 0.00000000099999999997 0.00000000099999999997 
0.04011306732423988025 0.95988693167576022436 0.00000000100000000000 
0.00000000099999999987 0.00000000099999999987 0.99999999799999994554 
0.16306491961414179559 0.02606718387825898361 0.81086789650759927284 
0.00000000099999999991 0.00000000099999999991 0.99999999800000005656 
0.00429978759475609530 0.98126712987664177490 0.01443308252860211506 
0.99999999800000005656 0.00000000099999999997 0.00000000099999999997 
0.99999999800000005656 0.00000000099999999998 0.00000000099999999998 
0.23673019891601707054 0.76326980008398281896 0.00000000099999999999 
0.00861730574205009717 0.99137696227736860077 0.00000573198058129780 
0.01409848916323752296 0.98590150983676239083 0.00000000099999999999 
0.02841833712863156905 0.97158166187136851821 0.00000000099999999999 
0.00121240036715374293 0.99878759863284627407 0.00000000099999999999 
0.00000000099999999999 0.99999999800000005656 0.00000000099999999999 
0.01676650972465290948 0.98323348927534715003 0.00000000099999999999 
0.01767383310841707036 0.98232616589158283649 0.00000000099999999999 
0.03931149070349189423 0.96068850829650809242 0.00000000100000000000 
0.99999999800000005656 0.00000000099999999998 0.00000000099999999998 
0.99954877392093488542 0.00045122507906499427 0.00000000099999999999 
0.00000000099999999992 0.00000000099999999992 0.99999999800000005656 
0.99999999799999994554 0.00000000099999999998 0.00000000099999999998 
0.99999999800000005656 0.00000000099999999999 0.00000000099999999999 
0.02887017312849942188 0.97112982587150054048 0.00000000099999999999 
0.00000000099999999986 0.00000000099999999986 0.99999999800000005656 
0.00000000185316479067 0.99999852182357173991 0.00000147632326339555 
0.02187285767562710190 0.97812714132437283965 0.00000000099999999999 
0.00402794052899620517 0.98729080824206549849 0.00868125122893819053 
0.03009965866564741355 0.96990034033435268412 0.00000000100000000000 
0.00644582907709222771 0.99355416981987765279 0.00000000110303009025 
0.04029662275242007485 0.95970337624757995343 0.00000000100000000000 
0.00368946734887970864 0.99631053165112026804 0.00000000100000000000 
0.01979998462522294944 0.98020001437477699557 0.00000000100000000000 
0.02177672760436040814 0.95903137686141404217 0.01919189553422559480 
0.01003913536950128658 0.98996074195959227193 0.00000012267090640980 
0.00024065424925106361 0.99975934475074890173 0.00000000099999999999 
0.03093208634591426351 0.95330878320577805418 0.01575913044830774129 
0.00000006048417820631 0.99999993851582169579 0.00000000099999999999 
0.01511751200747300100 0.98488248699252700646 0.00000000100000000000 
0.00121375566030593554 0.99878624333969401317 0.00000000099999999999 
0.03573267348472551619 0.96426732551527438719 0.00000000099999999999 
0.01950146367560258789 0.98049853532439734671 0.00000000100000000000 
0.04318253220227716294 0.95681746679772283759 0.00000000100000000000 
0.00602049701058026288 0.99397950198941964484 0.00000000100000000000 
0.02930080907392461007 0.97069918992607528985 0.00000000099999999999 
0.03060841824588979646 0.89407915307107921343 0.07531242868303099358 
0.00666883592697314464 0.99333116307302682380 0.00000000099999999999 
0.02121127603468607112 0.97878872296531393982 0.00000000099999999999 
0.03037196732999938517 0.96962803167000055637 0.00000000099999999999 
0.00319346884805437334 0.99680652577077255572 0.00000000538117296310 
0.01596492461550641853 0.98403507438449344669 0.00000000099999999999 
0.00943269758144945833 0.98639508587462709777 0.00417221654392351503 
0.02333411846892059424 0.97666588053107938894 0.00000000099999999999 
0.00000000643593438615 0.99999999256406557624 0.00000000099999999999 
0.03668714531406267604 0.96331285368593733143 0.00000000099999999999 
0.99999999799999994554 0.00000000099999999997 0.00000000099999999997 
0.99999997773888971153 0.00000002126111035812 0.00000000099999999999 
0.00000000099999999991 0.00000000099999999991 0.99999999799999994554 
0.16536923638032660633 0.01871638901784936082 0.81591437460182403285 
0.92293990507202838813 0.06312537675173834906 0.01393471817623329057 
0.01630925555207296193 0.98369074344792706288 0.00000000099999999999 
0.03227581856000856508 0.96772417979180225256 0.00000000164818916163 
0.99999999799999994554 0.00000000099999999999 0.00000000099999999999 
0.02203591225906640153 0.97796408674093349145 0.00000000099999999999 
0.00824157730793865714 0.99175842169206129828 0.00000000099999999999 
0.00000000099999999999 0.99999999800000005656 0.00000000099999999999 
0.00000000099999999987 0.00000000099999999987 0.99999999799999994554 
0.00000000099999999987 0.00000000099999999987 0.99999999800000005656 
0.00000000099999999986 0.00000000099999999986 0.99999999800000005656 
0.00000000099999999986 0.00000000099999999986 0.99999999799999994554 
0.00000000099999999988 0.00000000099999999988 0.99999999799999994554 
0.99999999799999994554 0.00000000099999999999 0.00000000099999999999 
0.00672106151121010242 0.99321081536804844969 0.00006812312074150333 
0.00000000099999999987 0.00000000099999999987 0.99999999800000005656 
0.00000000099999999988 0.00000000099999999988 0.99999999799999994554 
0.18116347459747300652 0.00000000100000000000 0.81883652440252707727 
0.16391546902883791237 0.02511695830027753373 0.81096757267088459553 
0.00000049696519722289 0.99999950203480270083 0.00000000100000000000 
0.00000000099999999988 0.00000000099999999988 0.99999999800000005656 
0.01840729091010182700 0.98159270808989818047 0.00000000100000000000 
0.00000000099999999999 0.99999999799999994554 0.00000000099999999999 
0.96305055562079855402 0.03694944337920146732 0.00000000099999999999 
0.01484515881829569575 0.98515484018170440539 0.00000000099999999999 
0.99999999800000005656 0.00000000099999999997 0.00000000099999999997 
0.02805964707729427521 0.97194035192270578083 0.00000000099999999999 
0.99999999800000005656 0.00000000099999999997 0.00000000099999999997 
0.01960796665981983516 0.97817522562855885315 0.00221680771162133597 
0.00044766802325029136 0.99710715854985254580 0.00244517342689719395 
0.00000000099999999988 0.00000000099999999988 0.99999999800000005656 
0.99999999799999994554 0.00000000099999999998 0.00000000099999999998 
0.00000000099999999986 0.00000000099999999986 0.99999999799999994554 
0.00000000099999999988 0.00000000099999999988 0.99999999800000005656 
0.01311252795501153395 0.98688747104498830698 0.00000000099999999999 
0.03018304326309096189 0.96981695573690895884 0.00000000099999999999 
0.00984679055190652332 0.99015320844809351364 0.00000000099999999999 
0.00915353232028786462 0.99084646667971210121 0.00000000099999999999 
0.01452290063535760685 0.98547709836464236766 0.00000000100000000000 
0.02453262717545354535 0.97546737182454634763 0.00000000099999999999 
0.00000000099999999999 0.99999999800000005656 0.00000000099999999999 
0.99635155349811077574 0.00364844550188930068 0.00000000099999999998 
0.00000141111937426859 0.99999858788062578885 0.00000000099999999999 
0.00000000099999999987 0.00000000099999999987 0.99999999799999994554 
0.00167583011200316337 0.99832416888799679899 0.00000000100000000000 
0.00000000099999999996 0.00000000099999999996 0.99999999800000005656 
0.00000000099999999989 0.00000000099999999989 0.99999999800000005656 
0.02683213884408702440 0.97316786015591294490 0.00000000099999999999 
0.00000001178593244204 0.99999998721406757607 0.00000000100000000000 
0.02264226596518145729 0.97735773303481854324 0.00000000100000000000 
0.00000000099999999990 0.00000000099999999990 0.99999999800000005656 
0.99999999800000005656 0.00000000099999999997 0.00000000099999999997 
0.99999999800000005656 0.00000000099999999997 0.00000000099999999997 
0.00000000099999999989 0.00000000099999999989 0.99999999800000005656 
0.01175583878577987455 0.98824416021422012424 0.00000000100000000000 
0.04740786532433930583 0.95259213367566064612 0.00000000100000000000 
0.00000000099999999989 0.00000000099999999989 0.99999999799999994554 
0.01238629605188115712 0.98761370294811889892 0.00000000099999999999 
0.99999999800000005656 0.00000000099999999997 0.00000000099999999997 
0.26124069259399212983 0.55135262080408919960 0.18740668660191872608 
0.03132703584450401840 0.96828270486549128382 0.00039025929000459028 
0.04180397140056219679 0.95819602759943789394 0.00000000100000000000 
0.00491958023250493089 0.99508041876749508958 0.00000000100000000000 
0.00048842570039555071 0.99951157329960438336 0.00000000099999999999 
0.00000000099999999999 0.99999999800000005656 0.00000000099999999999 
0.01110752774918452937 0.98889247125081547463 0.00000000099999999999 
0.01434200616948068559 0.98565799283051924728 0.00000000100000000000 
0.02724741494761784288 0.96174597616372070608 0.01100660888866141635 
0.99999999799999994554 0.00000000099999999998 0.00000000099999999998 
0.02553768243240003843 0.97446231656759985107 0.00000000099999999999 
0.00000001127633438937 0.99999998772366549549 0.00000000100000000000 
0.05047828221131333420 0.94952171678868668714 0.00000000100000000000 
0.01871453863869370488 0.98128546036130614993 0.00000000099999999999 
0.03927785682379728721 0.95883496362357578668 0.00188717955262700612 
0.00000080955051248463 0.99999918944948751331 0.00000000099999999999 
0.02140250784614782312 0.97859749115385219476 0.00000000100000000000 
0.99728328455794890139 0.00271671444205114337 0.00000000099999999999 
0.02865426901967089643 0.97134572998032908675 0.00000000100000000000 
0.01063376892979759833 0.98936623007020241261 0.00000000100000000000 
0.01283320006000776212 0.97654573976259417822 0.01062106017739816201 
0.99999995872523927964 0.00000004027476070395 0.00000000099999999999 
0.03011390140077796485 0.95018422909407074251 0.01970186950515125449 
0.01434882605638830577 0.98565117033979843253 0.00000000360381330143 
0.48601757236686643493 0.51398242663313353784 0.00000000099999999999 
0.02849142173774616218 0.97150857726225381406 0.00000000099999999999 
0.00000000099999999990 0.00000000099999999990 0.99999999800000005656 
0.02930402213079864523 0.97069582345431926207 0.00000015441488216187 
0.02999767565215495299 0.97000232334784508570 0.00000000100000000000 
