0.00000041782496502316 0.70718801899085015350 0.00304596089746382625 0.26699488147252942172 0.02277072081419163896 
0.00000000099999999996 0.00000000099999999996 0.99999999599999989108 0.00000000099999999996 0.00000000099999999996 
0.00000000099999999996 0.00000000099999999996 0.99999999599999989108 0.00000000099999999996 0.00000000099999999996 
0.00000000099999999999 0.59117027576274794320 0.03376243162054921171 0.37341836672192219027 0.00164892489478068115 
0.00000000100000000000 0.65477232522804751369 0.00000000100000000000 0.33497251963340068937 0.01025515313855173034 
0.00000000099999999999 0.63363062089971466939 0.02577640009170002397 0.33718759335255438225 0.00340538465603090019 
0.00000000099999999997 0.00000000099999999997 0.99999999599999989108 0.00000000099999999997 0.00000000099999999997 
0.00000000099999999994 0.00000000099999999994 0.99999999599999989108 0.00000000099999999994 0.00000000099999999994 
0.00000000099999999999 0.64473235427753383675 0.00150097506038289626 0.33777629769937439486 0.01599037196270882213 
0.00000000099999999996 0.00000000099999999996 0.99999999599999989108 0.00000000099999999996 0.00000000099999999996 
0.00000000099999999999 0.99473693951720465467 0.00005942651510596395 0.00000000099999999999 0.00520363196768954071 
0.00000000099999999999 0.63280763317306676363 0.01537979703257800340 0.34438766026357098271 0.00742490853078414496 
0.00000000100000000000 0.67867936300778264336 0.00000004683940487121 0.31636471987726766386 0.00495586927554467118 
0.00000000100000000000 0.59848329253467169586 0.00251157496045329755 0.38363498607648582883 0.01537014542838919563 
0.00545478683033168849 0.62524504358820798267 0.00000000100000000000 0.35122212215597353735 0.01807804642548694121 
0.00000000099999999999 0.56827609262022316106 0.05514301557643869894 0.34686311962453952873 0.02971777117879857016 
0.00000000099999999999 0.72768975851457939896 0.00123509902631927676 0.27107514045910124922 0.00000000099999999999 
0.00545619171689224434 0.66602936327190265242 0.00000000099999999999 0.32525418640342945720 0.00326025760777568950 
0.00795819647188408114 0.66539034262086649285 0.00000000126942271657 0.31884361396357169260 0.00780784567425496252 
0.00000000099999999998 0.70721881541982523078 0.00000000099999999998 0.28872125678041643537 0.00405992579975841990 
0.00000000099999999999 0.78983682249086983873 0.00000000101235269841 0.21016317449677737739 0.00000000099999999999 
0.00000000099999999997 0.00000000099999999997 0.99999999600000000211 0.00000000099999999997 0.00000000099999999997 
0.00000000099999999999 0.47076207843852779789 0.01798788392381122161 0.51125003563766091563 0.00000000099999999999 
0.00000000099999999991 0.00000000099999999991 0.00000000099999999991 0.99999999599999989108 0.00000000099999999991 
0.00000000099999999997 0.98656601758612039177 0.01343397941387968614 0.00000000099999999997 0.00000000099999999997 
0.00000000099999999999 0.68953705609035709223 0.00000000099999999999 0.30772906514172387871 0.00273387676791908693 
0.00000000099999999983 0.00000000099999999983 0.00000000099999999983 0.00000000099999999983 0.99999999599999989108 
0.00000000099999999980 0.00000000099999999980 0.00000000099999999980 0.00000000099999999980 0.99999999600000000211 
0.00000000100000000000 0.71470113527403866804 0.00000001096923354132 0.27769787563593234525 0.00760097712079541802 
0.00000000099999999999 0.60286452892773056966 0.00000000099999999999 0.38724714259156567397 0.00988832648070390313 
0.00000000099999999998 0.99681660099923885543 0.00318339600076123375 0.00000000099999999998 0.00000000099999999998 
0.00000000099999999997 0.00000000099999999997 0.99453690347496337409 0.00546309352503654075 0.00000000099999999997 
0.00000000099999999995 0.00000000099999999995 0.18990730502593103357 0.45502775038750592485 0.35506494258656295937 
0.00000000099999999999 0.74663720008637191050 0.00000000099999999999 0.25336279691362800781 0.00000000099999999999 
0.99999999600000000211 0.00000000099999999980 0.00000000099999999980 0.00000000099999999980 0.00000000099999999980 
0.99999999600000000211 0.00000000099999999975 0.00000000099999999975 0.00000000099999999975 0.00000000099999999975 
0.99999999600000011313 0.00000000099999999975 0.00000000099999999975 0.00000000099999999975 0.00000000099999999975 
0.00000000099999999984 0.00000000099999999984 0.00000000099999999984 0.00000000099999999984 0.99999999600000000211 
0.00000000099999999981 0.00000000099999999981 0.00000000099999999981 0.00000000099999999981 0.99999999600000000211 
0.00000000099999999999 0.64811043027898140867 0.00000000099999999999 0.35123218471619832570 0.00065738300482027861 
0.00000000099999999997 0.00000000099999999997 0.99999999600000000211 0.00000000099999999997 0.00000000099999999997 
0.00000000099999999982 0.00000000099999999982 0.00000000099999999982 0.00000000099999999982 0.99999999599999989108 
0.00000000099999999999 0.50011722071989128668 0.01722506698479342457 0.47580255711344288105 0.00685515418187243250 
0.00000000099999999995 0.00000000099999999995 0.99999999599999989108 0.00000000099999999995 0.00000000099999999995 
0.00000000099999999985 0.00000000099999999985 0.00000000099999999985 0.00000000099999999985 0.99999999600000000211 
0.00000000099999999999 0.61961777569543297073 0.01314756468649304517 0.36217232348553102250 0.00506233513254300896 
0.00000000099999999983 0.00000000099999999983 0.00000000099999999983 0.00000000099999999983 0.99999999599999989108 
0.00000000099999999996 0.00000000099999999996 0.99999999600000000211 0.00000000099999999996 0.00000000099999999996 
0.00000000099999999994 0.00000000099999999994 0.99999999600000000211 0.00000000099999999994 0.00000000099999999994 
0.00000000099999999980 0.00000000099999999980 0.00000000099999999980 0.00000000099999999980 0.99999999600000000211 
0.00000000099999999982 0.00000000099999999982 0.00000000099999999982 0.00000000099999999982 0.99999999600000000211 
0.00000000099999999996 0.00000000099999999996 0.99999999599999989108 0.00000000099999999996 0.00000000099999999996 
0.00000000099999999996 0.00000000099999999996 0.99999999599999989108 0.00000000099999999996 0.00000000099999999996 
0.00000000099999999997 0.00000000099999999997 0.99999999599999989108 0.00000000099999999997 0.00000000099999999997 
0.00000000099999999985 0.00000000099999999985 0.00000000099999999985 0.00000000099999999985 0.99999999599999989108 
0.00000000099999999997 0.00000000099999999997 0.00000000099999999997 0.99999999599999989108 0.00000000099999999997 
0.00000000099999999998 0.97622536514465951818 0.00000000099999999998 0.00000000099999999998 0.02377463185534059442 
0.00000000099999999999 0.69683610452321520512 0.02031548417993767758 0.28284840929684695876 0.00000000099999999999 
0.00000000099999999999 0.53777327627247506481 0.00476142440027537989 0.45717272733232028337 0.00029257099492912007 
0.00000000099999999996 0.00000000099999999996 0.99999999600000000211 0.00000000099999999996 0.00000000099999999996 
0.00000000099999999999 0.99999999600000000211 0.00000000099999999999 0.00000000099999999999 0.00000000099999999999 
0.99999999600000011313 0.00000000099999999979 0.00000000099999999979 0.00000000099999999979 0.00000000099999999979 
0.00000000099999999998 0.60019892160062515707 0.00426508421841855986 0.38924277025517112216 0.00629322292578535572 
0.99999999600000000211 0.00000000099999999979 0.00000000099999999979 0.00000000099999999979 0.00000000099999999979 
0.00000000099999999999 0.58040914093438567001 0.03630217440061138390 0.38328868266500298878 0.00000000099999999999 
0.99999999600000000211 0.00000000099999999980 0.00000000099999999980 0.00000000099999999980 0.00000000099999999980 
0.00000000099999999998 0.99999999600000000211 0.00000000099999999998 0.00000000099999999998 0.00000000099999999998 
0.00000000100000000000 0.64344409380844724833 0.00895286617537762071 0.34049124077735165583 0.00711179823882354244 
0.00000000099999999994 0.00000000099999999994 0.99999999600000000211 0.00000000099999999994 0.00000000099999999994 
0.00000000099999999997 0.58415734761116588913 0.00000000099999999997 0.41584264938883419571 0.00000000099999999997 
0.99999999600000011313 0.00000000099999999980 0.00000000099999999980 0.00000000099999999980 0.00000000099999999980 
0.99999999600000011313 0.00000000099999999982 0.00000000099999999982 0.00000000099999999982 0.00000000099999999982 
0.00000000099999999999 0.66851515637149172555 0.08083335810933409138 0.23854417781242281960 0.01210730670675135186 
0.00000000099999999995 0.00000000099999999995 0.99999999599999989108 0.00000000099999999995 0.00000000099999999995 
0.00000000099999999985 0.00000000099999999985 0.00000000099999999985 0.00000000099999999985 0.99999999600000000211 
0.00000000099999999995 0.00000000099999999995 0.99999999600000000211 0.00000000099999999995 0.00000000099999999995 
0.00000001957631046765 0.57499358005489431545 0.03446783062769244455 0.39053856874110282060 0.00000000100000000000 
0.99999999600000000211 0.00000000099999999978 0.00000000099999999978 0.00000000099999999978 0.00000000099999999978 
0.00000000099999999979 0.00000000099999999979 0.00000000099999999979 0.00000000099999999979 0.99999999599999989108 
0.99999999600000000211 0.00000000099999999982 0.00000000099999999982 0.00000000099999999982 0.00000000099999999982 
0.00000000099999999999 0.98525609787567447473 0.00000000099999999999 0.00000000099999999999 0.01474389912432570032 
0.00000000099999999994 0.00000000099999999994 0.99999999600000000211 0.00000000099999999994 0.00000000099999999994 
0.00000000099999999995 0.00000000099999999995 0.99999999599999989108 0.00000000099999999995 0.00000000099999999995 
0.00000000099999999997 0.00000000099999999997 0.21863659316756736684 0.78136340383243252372 0.00000000099999999997 
0.00000000100000000000 0.82529167706136263849 0.00011811564981288220 0.14904018899059109926 0.02555001729823341838 
0.00000000099999999997 0.99999999600000000211 0.00000000099999999997 0.00000000099999999997 0.00000000099999999997 
0.00000000099999999999 0.61013118611710170924 0.01838217537753448344 0.37148663650536373204 0.00000000099999999999 
0.00000000099999999999 0.63913189252560864695 0.00000000099999999999 0.36086781889534064183 0.00000028657905062649 
0.00000000099999999998 0.74213505916877853252 0.00000000099999999998 0.25786493783122149681 0.00000000099999999998 
0.00000000099999999998 0.71648302395605312221 0.00708455435705233720 0.27643241968689458155 0.00000000099999999998 
0.00000000099999999999 0.56647031935127156732 0.00800255042639684555 0.42119336553555153380 0.00433376368678010070 
0.00000000099999999999 0.62427849648632927071 0.03419859020266798055 0.34152291131100270816 0.00000000099999999999 
0.00000000099999999996 0.00000000099999999996 0.99999999600000000211 0.00000000099999999996 0.00000000099999999996 
0.00000000099999999998 0.00000000099999999998 0.99999722612322183846 0.00000277087677796445 0.00000000099999999998 
0.99999999600000000211 0.00000000099999999988 0.00000000099999999988 0.00000000099999999988 0.00000000099999999988 
0.00000000099999999997 0.00000000099999999997 0.99999999600000000211 0.00000000099999999997 0.00000000099999999997 
0.00000000099999999998 0.00000782385908855000 0.99999217314091159992 0.00000000099999999998 0.00000000099999999998 
0.00000000099999999999 0.74951917764651410092 0.02038946989522641071 0.22351792874956058488 0.00657342270869903499 
0.99999999600000000211 0.00000000099999999975 0.00000000099999999975 0.00000000099999999975 0.00000000099999999975 
0.00000000099999999999 0.61601474501081310287 0.00000000099999999999 0.38035818166454854472 0.00362707132463841028 
0.00000000099999999999 0.75180125126377694844 0.01595058024359206211 0.22667946717857129224 0.00556870031405970640 
0.00000000100000000000 0.78109120895807249152 0.00000000100000000000 0.21126642705609577355 0.00764236198583172818 
0.00000000100000000000 0.70513015458693351079 0.02159311866155771975 0.27022631178597750212 0.00305041396553140404 
0.00000000100000000000 0.60151546769696007111 0.00000000100000000000 0.39848452930303990271 0.00000000100000000000 
0.00000000099999999999 0.51935682624319190470 0.03443641188162249733 0.44620675987518548800 0.00000000099999999999 
0.00000000099999999999 0.57669918381921492223 0.00000000099999999999 0.42115863512267326385 0.00214217905811204656 
0.00000000099999999999 0.55529571318109971489 0.00890574557377366190 0.43118371006330458162 0.00461483018182213926 
0.00262318912415271562 0.58676057962839467397 0.00774974280359898206 0.37350541750168986255 0.02936107094216392280 
0.00000000099999999999 0.79909745927027631129 0.00000639898570231996 0.18984396783470999792 0.01105217290931142203 
0.00000000099999999996 0.99999999600000000211 0.00000000099999999996 0.00000000099999999996 0.00000000099999999996 
0.00000000100000000000 0.75861792573389352778 0.02372760246293337955 0.19069042705001318372 0.02696404375315986091 
0.00000000099999999998 0.60933771902389666231 0.00000000099999999998 0.38037168872061594138 0.01029059025548752400 
0.00000000100000000000 0.68973633063095662887 0.00657004562480930764 0.30369362174423408796 0.00000000100000000000 
0.00000000099999999999 0.62719681522417136676 0.00000000099999999999 0.37280318177582860706 0.00000000099999999999 
0.00000000099999999999 0.64546922823772112654 0.03006172379484405022 0.32446904596743486593 0.00000000099999999999 
0.00000000100000000000 0.66549797936735188841 0.01076398064324558985 0.31825652439762769363 0.00548151459177479913 
0.00000000099999999999 0.55389870039807898028 0.03327517154775103125 0.41282612605416990625 0.00000000099999999999 
0.00000000099999999999 0.51154443051116771368 0.00000002513032642504 0.48845554235850596747 0.00000000099999999999 
0.00000000099999999999 0.74449250060717386823 0.01968928212806647302 0.23581821526475960082 0.00000000099999999999 
0.06801319056407072183 0.61589560025728307124 0.02140696156897982719 0.29040202329642161860 0.00428222431324485654 
0.00000000099999999998 0.58769080677737717266 0.00000000099999999998 0.41230919022262285667 0.00000000099999999998 
0.00000000099999999998 0.62295379225562519387 0.01450422321017878248 0.36254198253419611664 0.00000000099999999998 
0.00000000099999999998 0.71006260597731551965 0.02308725517912586789 0.26685013684355851638 0.00000000099999999998 
0.00000000099999999999 0.65716854314756045774 0.00000000099999999999 0.32691382432818749670 0.01591763052425199457 
0.00000000099999999998 0.67618013429735723818 0.01030440041601304001 0.31351546328662965868 0.00000000099999999998 
0.00214760714955759607 0.48349622616011489473 0.00000000100000000000 0.51057755254887560170 0.00377861314145197958 
0.00000000099999999999 0.61432717005640768981 0.00904333355021704095 0.36885310867572490556 0.00777638671765036246 
0.00000000099999999999 0.75877036165379885269 0.00000000099999999999 0.24122963534620120440 0.00000000099999999999 
0.00000000099999999998 0.76275465894768079700 0.03278247938913495668 0.20446285966318425431 0.00000000099999999998 
0.00000000099999999995 0.00000000099999999995 0.99999999599999989108 0.00000000099999999995 0.00000000099999999995 
0.00000000099999999998 0.00000000099999999998 0.99999999600000000211 0.00000000099999999998 0.00000000099999999998 
0.99999999600000011313 0.00000000099999999983 0.00000000099999999983 0.00000000099999999983 0.00000000099999999983 
0.00000000099999999980 0.00000000099999999980 0.00000000099999999980 0.00000000099999999980 0.99999999599999989108 
0.00000000100000000000 0.00000000100000000000 0.90429797001469147677 0.05810401006766482274 0.03759801791764370155 
0.00000000099999999998 0.68964301592682697439 0.01253572281523732471 0.29782125925793556664 0.00000000099999999998 
0.00000000099999999999 0.99842343060855631709 0.00157656639144365261 0.00000000099999999999 0.00000000099999999999 
0.00000000099999999999 0.00000000099999999999 0.99599814448039492021 0.00000000099999999999 0.00400185251960511086 
0.00000000099999999999 0.61856798725526995764 0.01501853798985268267 0.36641347275487740065 0.00000000099999999999 
0.00000000099999999998 0.64217797593890835195 0.00000000099999999998 0.34647198253208832952 0.01135003952900346877 
0.00000000099999999995 0.00000000099999999995 0.00000000099999999995 0.99999999600000000211 0.00000000099999999995 
0.99999999600000000211 0.00000000099999999978 0.00000000099999999978 0.00000000099999999978 0.00000000099999999978 
0.99999999600000011313 0.00000000099999999979 0.00000000099999999979 0.00000000099999999979 0.00000000099999999979 
0.99999999600000000211 0.00000000099999999975 0.00000000099999999975 0.00000000099999999975 0.00000000099999999975 
0.99999999600000000211 0.00000000099999999976 0.00000000099999999976 0.00000000099999999976 0.00000000099999999976 
0.99999999600000011313 0.00000000099999999976 0.00000000099999999976 0.00000000099999999976 0.00000000099999999976 
0.00000000099999999998 0.00000000099999999998 0.99999999600000000211 0.00000000099999999998 0.00000000099999999998 
0.00000000099999999995 0.00000000099999999995 0.00000000099999999995 0.99999999600000000211 0.00000000099999999995 
0.99999999600000011313 0.00000000099999999976 0.00000000099999999976 0.00000000099999999976 0.00000000099999999976 
0.99999999600000011313 0.00000000099999999980 0.00000000099999999980 0.00000000099999999980 0.00000000099999999980 
0.00000000099999999979 0.00000000099999999979 0.00000000099999999979 0.00000000099999999979 0.99999999599999989108 
0.00000000099999999979 0.00000000099999999979 0.00000000099999999979 0.00000000099999999979 0.99999999599999989108 
0.00000000099999999994 0.00000000099999999994 0.00000000099999999994 0.99999999599999989108 0.00000000099999999994 
0.99999999600000011313 0.00000000099999999978 0.00000000099999999978 0.00000000099999999978 0.00000000099999999978 
0.00000000100000000000 0.69681813657502977843 0.01198842274793298496 0.29119343867703711970 0.00000000100000000000 
0.00000000099999999999 0.58182648801853076304 0.00000000099999999999 0.41817350898146921079 0.00000000099999999999 
0.00000000099999999998 0.04279222969744629623 0.95720776730255374698 0.00000000099999999998 0.00000000099999999998 
0.00000000099999999999 0.71861772934492762488 0.00932806224353828657 0.27205420641153410521 0.00000000099999999999 
0.00000000099999999994 0.00000000099999999994 0.99999999600000000211 0.00000000099999999994 0.00000000099999999994 
0.00000000099999999999 0.61636149160027331462 0.01754898320398068021 0.36153433831442743918 0.00455518588131849714 
0.00000000099999999995 0.00000000099999999995 0.99999999600000000211 0.00000000099999999995 0.00000000099999999995 
0.00000000099999999996 0.00000000099999999996 0.00000000099999999996 0.99999999599999989108 0.00000000099999999996 
0.00000000099999999999 0.74229671982231426597 0.00000000099999999999 0.24448158403641334635 0.01322169414127235924 
0.99999999600000000211 0.00000000099999999980 0.00000000099999999980 0.00000000099999999980 0.00000000099999999980 
0.00000000099999999996 0.00000000099999999996 0.99999999599999989108 0.00000000099999999996 0.00000000099999999996 
0.99999999600000000211 0.00000000099999999976 0.00000000099999999976 0.00000000099999999976 0.00000000099999999976 
0.99999999600000011313 0.00000000099999999976 0.00000000099999999976 0.00000000099999999976 0.00000000099999999976 
0.00000000099999999995 0.00000000099999999995 0.00000000099999999995 0.99999999599999989108 0.00000000099999999995 
0.00000000099999999999 0.69476840727804689557 0.02465807680941487640 0.28057351391253826378 0.00000000099999999999 
0.00000000099999999998 0.69125916972592693632 0.00317568232320807053 0.30556514595086498032 0.00000000099999999998 
0.00000000099999999999 0.55715682474907823885 0.00000000099999999999 0.44284308383593745662 0.00000008941498422435 
0.00000000099999999999 0.71847420493459601687 0.00296562691534926932 0.26609191948071847511 0.01246824766933611085 
0.00000000099999999999 0.55998773971801030225 0.01247609274378914251 0.42165165210309663024 0.00588451443510387261 
0.00000000099999999996 0.99999999600000011313 0.00000000099999999996 0.00000000099999999996 0.00000000099999999996 
0.00000000099999999998 0.00513140327255813197 0.99486859372744196328 0.00000000099999999998 0.00000000099999999998 
0.00000000099999999998 0.72366368217373922000 0.00000000099999999998 0.27633631482626069831 0.00000000099999999998 
0.99999999600000011313 0.00000000099999999976 0.00000000099999999976 0.00000000099999999976 0.00000000099999999976 
0.00000000100000000000 0.63650194241541424578 0.00000000100000000000 0.36349210582051366680 0.00000594976407226570 
0.99999999600000011313 0.00000000099999999992 0.00000000099999999992 0.00000000099999999992 0.00000000099999999992 
0.99999999600000011313 0.00000000099999999980 0.00000000099999999980 0.00000000099999999980 0.00000000099999999980 
0.00000000099999999999 0.76661568699466031696 0.02139768715628156612 0.21198662384905811451 0.00000000099999999999 
0.00000000099999999995 0.00000000099999999995 0.00000000099999999995 0.99999999600000000211 0.00000000099999999995 
0.00000000099999999999 0.55779223116775944469 0.01515141804674886329 0.42705634878549170175 0.00000000099999999999 
0.99999999600000011313 0.00000000099999999981 0.00000000099999999981 0.00000000099999999981 0.00000000099999999981 
0.00000000099999999995 0.00000000099999999995 0.99999999599999989108 0.00000000099999999995 0.00000000099999999995 
0.00000000099999999995 0.00000000099999999995 0.99999999600000000211 0.00000000099999999995 0.00000000099999999995 
0.99999999600000011313 0.00000000099999999979 0.00000000099999999979 0.00000000099999999979 0.00000000099999999979 
0.00000000100000000000 0.65998957349753128998 0.00414847644863580028 0.32984460624480166357 0.00601734280903124495 
0.00000000100000000000 0.55244059526407951477 0.03575441801878682241 0.40013248474743473571 0.01167250096969904907 
0.99999999600000011313 0.00000000099999999980 0.00000000099999999980 0.00000000099999999980 0.00000000099999999980 
0.00000000099999999999 0.53696713785218619375 0.00000010605133118619 0.45787662628728842407 0.00515612880919421711 
0.00000000099999999994 0.00000000099999999994 0.99999999599999989108 0.00000000099999999994 0.00000000099999999994 
0.10295000978389712287 0.55494022637849460544 0.23298650446613206055 0.00000000100000000000 0.10912325837147625329 
0.00160476149126983028 0.72555951484893510539 0.02383579597340676481 0.24899992668638823434 0.00000000100000000000 
0.00000000099999999999 0.71611462099935874193 0.03186561043397800885 0.23896484586025218411 0.01305492170641100839 
0.00000000099999999999 0.68127242481467564783 0.00000027374669670788 0.30370541359057912079 0.01502188684804839532 
0.00000000099999999999 0.49488012848352419537 0.00000000099999999999 0.49710252741579041835 0.00801734210068540988 
0.00000000099999999997 0.99999999600000011313 0.00000000099999999997 0.00000000099999999997 0.00000000099999999997 
0.00000000099999999998 0.99999999600000011313 0.00000000099999999998 0.00000000099999999998 0.00000000099999999998 
0.00000000099999999999 0.61058537588279881980 0.00171895759379491505 0.37515183044818473102 0.01254383507522145204 
0.00681120691596638107 0.59484659616741508703 0.02108425896607622405 0.37250157613621065478 0.00475636181433162185 
0.00000000099999999996 0.00000000099999999996 0.99999999599999989108 0.00000000099999999996 0.00000000099999999996 
0.00000000099999999999 0.61032461895385692330 0.01623793329251211129 0.36524358761495656633 0.00819385913867447246 
0.00000000099999999999 0.59220659494590810468 0.00000000099999999999 0.40221652047059064383 0.00557688258350129244 
0.00000000100000000000 0.66131133696382304876 0.04247685703618181430 0.29440761864687969851 0.00180418635311540882 
0.00000000099999999998 0.73782621886545485257 0.01020823252956170463 0.25196554660498343692 0.00000000099999999998 
0.00000000099999999999 0.97721930705040904730 0.02278068994959107224 0.00000000099999999999 0.00000000099999999999 
0.00000000099999999997 0.99999999600000000211 0.00000000099999999997 0.00000000099999999997 0.00000000099999999997 
0.00000000100000000000 0.67509643087906612280 0.01167211462341469046 0.31323144996198237777 0.00000000353553676601 
0.00000000099999999997 0.01742777274457664796 0.98257222425542345423 0.00000000099999999997 0.00000000099999999997 
0.00000000099999999999 0.76723659493081020067 0.01832349700798544326 0.19804773815719634023 0.01639216890400797474 
0.00000000099999999999 0.47106209827871137197 0.00000000099999999999 0.52495163097315500345 0.00398626874813352763 
0.00827800826031082487 0.76039410760664893907 0.01153478114031908537 0.21979310199272117377 0.00000000100000000000 
0.00000000099999999997 0.00000032914865980578 0.99999966785134009051 0.00000000099999999997 0.00000000099999999997 
0.01812809795851988079 0.70232661061825640836 0.02479319078090684927 0.25475209964231687598 0.00000000100000000000 
0.00000000100000000000 0.57299600069589307072 0.00703502658524686464 0.41376999188110435979 0.00619897983775582334 
0.00000000099999999999 0.30650147779727426878 0.47812955545648122557 0.20587342363523111755 0.00949554211101330016 
0.00000000099999999998 0.56308613296622922473 0.02172699764204753456 0.41518686739172322442 0.00000000099999999998 
0.99999999600000011313 0.00000000099999999981 0.00000000099999999981 0.00000000099999999981 0.00000000099999999981 
0.00000000099999999999 0.56630413865817819108 0.01358694689545241439 0.40432714893934112999 0.01578176450702825293 
0.00000000099999999999 0.67738139007773701117 0.02366850371279730775 0.29439300421208125513 0.00455710099738450454 
