0.00000000099999999997 0.32770777664288913700 0.00000010489401051303 0.01802049825542993353 0.00000000099999999997 0.00000000099999999997 0.00000000099999999997 0.00000000099999999997 0.65427161420767021571 0.00000000099999999997 
0.00000000099999999982 0.00000000099999999982 0.00000000099999999982 0.00000000099999999982 0.00000000099999999982 0.99999999100000003249 0.00000000099999999982 0.00000000099999999982 0.00000000099999999982 0.00000000099999999982 
0.00000000099999999989 0.00000000099999999989 0.00000000099999999989 0.00000000099999999989 0.00000000099999999989 0.00000000099999999989 0.00000000099999999989 0.99999999100000003249 0.00000000099999999989 0.00000000099999999989 
0.16331784423821893437 0.09801811026198341270 0.00000000099999999999 0.00000000099999999999 0.00000000099999999999 0.00000000099999999999 0.02230735696401217258 0.04088401511055026610 0.44241477930137340646 0.23305789012386168846 
0.17891355291109747871 0.00000000099999999998 0.01003421888521210947 0.00000000099999999998 0.00000000099999999998 0.00000000099999999998 0.09835649693649650693 0.00000000099999999998 0.35532003738958195527 0.35737568887761189673 
0.00000000099999999998 0.40798070426840588043 0.00025332098240202574 0.00000000099999999998 0.00000000099999999998 0.02091390055401774403 0.00000000099999999998 0.00676300433809037902 0.24096728201149178461 0.32312178384559198108 
0.00000000099999999990 0.00000000099999999990 0.00000000099999999990 0.00000000099999999990 0.00000000099999999990 0.00000000099999999990 0.00000000099999999990 0.99999999100000003249 0.00000000099999999990 0.00000000099999999990 
0.00000000099999999990 0.00000000099999999990 0.00000000099999999990 0.00000000099999999990 0.00000000099999999990 0.49503242329865160265 0.00000000099999999990 0.50496756870134840156 0.00000000099999999990 0.00000000099999999990 
0.00000000099999999993 0.00000000099999999993 0.00000000099999999993 0.00000000099999999993 0.00000000099999999993 0.00000000099999999993 0.00000000099999999993 0.00000000099999999993 0.00000000099999999993 0.99999999100000003249 
0.00000000099999999982 0.00000000099999999982 0.00000000099999999982 0.00000000099999999982 0.00000000099999999982 0.99999999100000014352 0.00000000099999999982 0.00000000099999999982 0.00000000099999999982 0.00000000099999999982 
0.99999999100000014352 0.00000000099999999990 0.00000000099999999990 0.00000000099999999990 0.00000000099999999990 0.00000000099999999990 0.00000000099999999990 0.00000000099999999990 0.00000000099999999990 0.00000000099999999990 
0.23460474627225624822 0.25596176427883615689 0.00000000099999999998 0.00547274598868137483 0.00000000099999999998 0.01843281891520201152 0.05231097549840477146 0.00000000099999999998 0.17664374702811719287 0.25657319901850239585 
0.52270707919839387579 0.00000000099999999998 0.00000000099999999998 0.00000000099999999998 0.00000000099999999998 0.00000000099999999998 0.00000000099999999998 0.00000000099999999998 0.00000000099999999998 0.47729291280160635047 
0.22403385881662027379 0.19733718784793835566 0.02320473848464098265 0.00763311971717991339 0.00000000099999999999 0.00000000099999999999 0.06306227195901048521 0.00000000099999999999 0.33747030644783510001 0.14725851372677470352 
0.00000000099999999991 0.00000000099999999991 0.00000000099999999991 0.00000000099999999991 0.00000000099999999991 0.00000000099999999991 0.00000000099999999991 0.00000000099999999991 0.99999999100000003249 0.00000000099999999991 
0.10704857843259567296 0.20235910297890533083 0.02945473199710846660 0.02470180608035467060 0.00000000099999999999 0.04273280484174520749 0.04936389175808630209 0.00231977743267638634 0.26676659263309798753 0.27525271284543012529 
0.00000314988558436028 0.41268033417778643424 0.00000006026642610852 0.00000000099999999999 0.00000000099999999999 0.00051481924460051759 0.04016188555778698460 0.00000000099999999999 0.24131824404983590049 0.30532150381797973360 
0.31467237489347849033 0.00000000099999999998 0.00133637498440262363 0.00000000099999999998 0.00000000099999999998 0.00000000099999999998 0.06904438894944661675 0.00000000099999999998 0.00000000099999999998 0.61494685517267211328 
0.29604265085709025040 0.20963147888869132496 0.00645159723342543165 0.00510466993172027997 0.00000000100000000000 0.00000037902808718089 0.00000000100000000000 0.00000000100000000000 0.20566306079770163562 0.27710616026328410699 
0.40397635678735976938 0.00000746253257737188 0.00000089665045647131 0.00000000099999999998 0.00000000099999999998 0.00000000099999999998 0.00000000099999999998 0.00000000099999999998 0.28092061965428921644 0.31509465937531705437 
0.22538199060864549939 0.40298334361134408033 0.00000000099999999998 0.00000000099999999998 0.00000000099999999998 0.00000000099999999998 0.00000000099999999998 0.00000000099999999998 0.36867645034089735478 0.00295820943911320137 
0.00000000099999999995 0.00000000099999999995 0.00000000099999999995 0.00000000099999999995 0.00000000099999999995 0.62202848960718726268 0.00000000099999999995 0.37797150239281274153 0.00000000099999999995 0.00000000099999999995 
0.32761131647242691667 0.00001098307856819149 0.00000541149590942608 0.00000000099999999999 0.00000000099999999999 0.00000000099999999999 0.06360312771161220902 0.01766962284246327564 0.34101703375119579720 0.25008250164782408476 
0.00000000099999999944 0.00000000099999999944 0.00000000099999999944 0.00000000099999999944 0.00000000099999999944 0.00000000099999999944 0.99999999099999992147 0.00000000099999999944 0.00000000099999999944 0.00000000099999999944 
0.99999999100000014352 0.00000000099999999991 0.00000000099999999991 0.00000000099999999991 0.00000000099999999991 0.00000000099999999991 0.00000000099999999991 0.00000000099999999991 0.00000000099999999991 0.00000000099999999991 
0.00000000099999999994 0.00000000099999999994 0.00000000099999999994 0.00000000099999999994 0.00000000099999999994 0.00000000099999999994 0.00000000099999999994 0.00000000099999999994 0.00000000099999999994 0.99999999099999992147 
0.00000000099999999960 0.00000000099999999960 0.00000000099999999960 0.99999999100000014352 0.00000000099999999960 0.00000000099999999960 0.00000000099999999960 0.00000000099999999960 0.00000000099999999960 0.00000000099999999960 
0.00000000099999999956 0.00000000099999999956 0.00000000099999999956 0.99999999100000003249 0.00000000099999999956 0.00000000099999999956 0.00000000099999999956 0.00000000099999999956 0.00000000099999999956 0.00000000099999999956 
0.33395157942978576093 0.25323844355462216127 0.02093188262070429934 0.00000000099999999999 0.00000000099999999999 0.00000000099999999999 0.03246420888774492752 0.00000000099999999999 0.00000000099999999999 0.35941388050714290214 
0.00000000099999999992 0.00000000099999999992 0.00000000099999999992 0.00000000099999999992 0.00000000099999999992 0.00000000099999999992 0.00000000099999999992 0.00000000099999999992 0.99999999099999992147 0.00000000099999999992 
0.00000000099999999991 0.86876186116822373684 0.13123813083177635064 0.00000000099999999991 0.00000000099999999991 0.00000000099999999991 0.00000000099999999991 0.00000000099999999991 0.00000000099999999991 0.00000000099999999991 
0.00000000099999999984 0.00000000099999999984 0.00000000099999999984 0.00000000099999999984 0.00000000099999999984 0.44035254785132288413 0.21572155298859321815 0.34392589216008395692 0.00000000099999999984 0.00000000099999999984 
0.00000000099999999969 0.00000000099999999969 0.00000000099999999969 0.36065743743255468390 0.00000000099999999969 0.00000000099999999969 0.63934255456744515378 0.00000000099999999969 0.00000000099999999969 0.00000000099999999969 
0.00000000099999999996 0.62205684805426209039 0.00000000099999999996 0.00000000099999999996 0.00000000099999999996 0.00000000099999999996 0.00000000099999999996 0.00000000099999999996 0.37794314394573819138 0.00000000099999999996 
0.00000000099999999952 0.00000000099999999952 0.00000000099999999952 0.00000000099999999952 0.99999999100000003249 0.00000000099999999952 0.00000000099999999952 0.00000000099999999952 0.00000000099999999952 0.00000000099999999952 
0.00000000099999999941 0.00000000099999999941 0.00000000099999999941 0.00000000099999999941 0.99999999100000014352 0.00000000099999999941 0.00000000099999999941 0.00000000099999999941 0.00000000099999999941 0.00000000099999999941 
0.00000000099999999941 0.00000000099999999941 0.00000000099999999941 0.00000000099999999941 0.99999999100000003249 0.00000000099999999941 0.00000000099999999941 0.00000000099999999941 0.00000000099999999941 0.00000000099999999941 
0.00000000099999999961 0.00000000099999999961 0.00000000099999999961 0.99999999100000003249 0.00000000099999999961 0.00000000099999999961 0.00000000099999999961 0.00000000099999999961 0.00000000099999999961 0.00000000099999999961 
0.00000000099999999955 0.00000000099999999955 0.00000000099999999955 0.99999999100000003249 0.00000000099999999955 0.00000000099999999955 0.00000000099999999955 0.00000000099999999955 0.00000000099999999955 0.00000000099999999955 
0.36709952704375947707 0.00000000099999999997 0.01160957344729933449 0.00000000099999999997 0.00000000099999999997 0.00000000099999999997 0.06165627036557195378 0.00000000099999999997 0.00000000099999999997 0.55963462314336898107 
0.00000000099999999989 0.00000000099999999989 0.00000000099999999989 0.00000000099999999989 0.00000000099999999989 0.00000000099999999989 0.00000000099999999989 0.99999999100000003249 0.00000000099999999989 0.00000000099999999989 
0.00000000099999999958 0.00000000099999999958 0.00000000099999999958 0.99999999100000003249 0.00000000099999999958 0.00000000099999999958 0.00000000099999999958 0.00000000099999999958 0.00000000099999999958 0.00000000099999999958 
0.00000000099999999972 0.00000000099999999972 0.00000000099999999972 0.00000000099999999972 0.00000000099999999972 0.00000000099999999972 0.99999999100000003249 0.00000000099999999972 0.00000000099999999972 0.00000000099999999972 
0.00000000099999999987 0.00000000099999999987 0.00000000099999999987 0.00000000099999999987 0.00000000099999999987 0.00000000099999999987 0.00000000099999999987 0.99999999100000003249 0.00000000099999999987 0.00000000099999999987 
0.00000000099999999963 0.00000000099999999963 0.00000000099999999963 0.99999999100000014352 0.00000000099999999963 0.00000000099999999963 0.00000000099999999963 0.00000000099999999963 0.00000000099999999963 0.00000000099999999963 
0.00000000099999999993 0.99999999100000025454 0.00000000099999999993 0.00000000099999999993 0.00000000099999999993 0.00000000099999999993 0.00000000099999999993 0.00000000099999999993 0.00000000099999999993 0.00000000099999999993 
0.00000000099999999958 0.00000000099999999958 0.00000000099999999958 0.99999999100000003249 0.00000000099999999958 0.00000000099999999958 0.00000000099999999958 0.00000000099999999958 0.00000000099999999958 0.00000000099999999958 
0.00000000099999999989 0.00000000099999999989 0.00000000099999999989 0.00000000099999999989 0.00000000099999999989 0.00000000099999999989 0.00000000099999999989 0.99999999100000003249 0.00000000099999999989 0.00000000099999999989 
0.00000000099999999985 0.00000000099999999985 0.00000000099999999985 0.00000000099999999985 0.00000000099999999985 0.00000000099999999985 0.00000000099999999985 0.99999999100000003249 0.00000000099999999985 0.00000000099999999985 
0.00000000099999999952 0.00000000099999999952 0.00000000099999999952 0.99999999100000003249 0.00000000099999999952 0.00000000099999999952 0.00000000099999999952 0.00000000099999999952 0.00000000099999999952 0.00000000099999999952 
0.00000000099999999956 0.00000000099999999956 0.00000000099999999956 0.99999999100000014352 0.00000000099999999956 0.00000000099999999956 0.00000000099999999956 0.00000000099999999956 0.00000000099999999956 0.00000000099999999956 
0.00000000099999999993 0.00000000099999999993 0.00000000099999999993 0.00000000099999999993 0.00000000099999999993 0.64210810165191323229 0.00000000099999999993 0.35789189034808677192 0.00000000099999999993 0.00000000099999999993 
0.00000000099999999989 0.00000000099999999989 0.00000000099999999989 0.00000000099999999989 0.00000000099999999989 0.00000000099999999989 0.00000000099999999989 0.99999999099999992147 0.00000000099999999989 0.00000000099999999989 
0.00000000099999999996 0.00000000099999999996 0.00000000099999999996 0.00000000099999999996 0.00000000099999999996 0.28687236778832475581 0.00000123597546443427 0.71312638923621085585 0.00000000099999999996 0.00000000099999999996 
0.00000000099999999964 0.00000000099999999964 0.00000000099999999964 0.99999999100000003249 0.00000000099999999964 0.00000000099999999964 0.00000000099999999964 0.00000000099999999964 0.00000000099999999964 0.00000000099999999964 
0.00000000099999999996 0.00000000099999999996 0.00000000099999999996 0.00000000099999999996 0.00000000099999999996 0.05496581348548097018 0.00000000099999999996 0.00000000099999999996 0.00000000099999999996 0.94503417851451909648 
0.37478862527447487363 0.00000000099999999997 0.00000000099999999997 0.02135082380849620542 0.00000000099999999997 0.00000000099999999997 0.00000000099999999997 0.00000000099999999997 0.24163372261664362028 0.36222682230038516504 
0.00000000099999999990 0.00000000099999999990 0.00000000099999999990 0.00000000099999999990 0.00000000099999999990 0.00000000099999999990 0.00000000099999999990 0.00000000099999999990 0.99999999100000003249 0.00000000099999999990 
0.00000000099999999994 0.00000000099999999994 0.00000000099999999994 0.00000000099999999994 0.00000000099999999994 0.00000000099999999994 0.00000000099999999994 0.00000000099999999994 0.99999999099999992147 0.00000000099999999994 
0.00000000099999999988 0.00000000099999999988 0.00000000099999999988 0.00000000099999999988 0.00000000099999999988 0.00000000099999999988 0.00000000099999999988 0.99999999100000003249 0.00000000099999999988 0.00000000099999999988 
0.99999999100000014352 0.00000000099999999989 0.00000000099999999989 0.00000000099999999989 0.00000000099999999989 0.00000000099999999989 0.00000000099999999989 0.00000000099999999989 0.00000000099999999989 0.00000000099999999989 
0.00000000099999999949 0.00000000099999999949 0.00000000099999999949 0.00000000099999999949 0.99999999100000003249 0.00000000099999999949 0.00000000099999999949 0.00000000099999999949 0.00000000099999999949 0.00000000099999999949 
0.52639242655646067970 0.00000000099999999996 0.00000000099999999996 0.00000000099999999996 0.00000000099999999996 0.00000000099999999996 0.00000000099999999996 0.00000000099999999996 0.00000000099999999996 0.47360756544353960207 
0.00000000099999999951 0.00000000099999999951 0.00000000099999999951 0.00000000099999999951 0.99999999100000003249 0.00000000099999999951 0.00000000099999999951 0.00000000099999999951 0.00000000099999999951 0.00000000099999999951 
0.74519767655243085436 0.00000000099999999995 0.00000002677553787077 0.00000000099999999995 0.00000000099999999995 0.00000000099999999995 0.25480228967203127910 0.00000000099999999995 0.00000000099999999995 0.00000000099999999995 
0.00000000099999999951 0.00000000099999999951 0.00000000099999999951 0.00000000099999999951 0.99999999100000003249 0.00000000099999999951 0.00000000099999999951 0.00000000099999999951 0.00000000099999999951 0.00000000099999999951 
0.00000000099999999992 0.99999999100000014352 0.00000000099999999992 0.00000000099999999992 0.00000000099999999992 0.00000000099999999992 0.00000000099999999992 0.00000000099999999992 0.00000000099999999992 0.00000000099999999992 
0.00000000099999999992 0.99999999100000014352 0.00000000099999999992 0.00000000099999999992 0.00000000099999999992 0.00000000099999999992 0.00000000099999999992 0.00000000099999999992 0.00000000099999999992 0.00000000099999999992 
0.00000000099999999980 0.00000000099999999980 0.00000000099999999980 0.00000000099999999980 0.00000000099999999980 0.99999999100000014352 0.00000000099999999980 0.00000000099999999980 0.00000000099999999980 0.00000000099999999980 
0.00000000099999999995 0.60079566151031260635 0.00000000099999999995 0.00000000099999999995 0.00000000099999999995 0.00000000099999999995 0.00000000099999999995 0.00000000099999999995 0.39920433048968750889 0.00000000099999999995 
0.00000000099999999952 0.00000000099999999952 0.00000000099999999952 0.00000000099999999952 0.99999999100000003249 0.00000000099999999952 0.00000000099999999952 0.00000000099999999952 0.00000000099999999952 0.00000000099999999952 
0.00000000099999999955 0.00000000099999999955 0.00000000099999999955 0.00000000099999999955 0.99999999100000003249 0.00000000099999999955 0.00000000099999999955 0.00000000099999999955 0.00000000099999999955 0.00000000099999999955 
0.23967118610793761158 0.25531595958435876481 0.00000000099999999999 0.00690655321911794358 0.00000000099999999999 0.00000000099999999999 0.00110241832937932392 0.08574313732890674611 0.18556638620962218056 0.22569435622067757219 
0.00000000099999999991 0.00000000099999999991 0.00000000099999999991 0.00000000099999999991 0.00000000099999999991 0.55675188401823338946 0.00000000099999999991 0.44324810798176672577 0.00000000099999999991 0.00000000099999999991 
0.00000000099999999965 0.00000000099999999965 0.00000000099999999965 0.99999999100000014352 0.00000000099999999965 0.00000000099999999965 0.00000000099999999965 0.00000000099999999965 0.00000000099999999965 0.00000000099999999965 
0.00000000099999999982 0.00000000099999999982 0.00000000099999999982 0.00000000099999999982 0.00000000099999999982 0.99999999100000003249 0.00000000099999999982 0.00000000099999999982 0.00000000099999999982 0.00000000099999999982 
0.00000000099999999999 0.21419439600280287817 0.03177122458822766171 0.00000000099999999999 0.00000000099999999999 0.00005034184953321077 0.02784540803358526856 0.02755785287375141918 0.19155109576713799657 0.50702967788496156043 
0.00000000099999999946 0.00000000099999999946 0.00000000099999999946 0.00000000099999999946 0.99999999100000003249 0.00000000099999999946 0.00000000099999999946 0.00000000099999999946 0.00000000099999999946 0.00000000099999999946 
0.00000000099999999949 0.00000000099999999949 0.00000000099999999949 0.99999999100000003249 0.00000000099999999949 0.00000000099999999949 0.00000000099999999949 0.00000000099999999949 0.00000000099999999949 0.00000000099999999949 
0.00000000099999999958 0.00000000099999999958 0.00000000099999999958 0.00000000099999999958 0.99999999100000014352 0.00000000099999999958 0.00000000099999999958 0.00000000099999999958 0.00000000099999999958 0.00000000099999999958 
0.00000000099999999992 0.00000000099999999992 0.00000000099999999992 0.00000000099999999992 0.00000000099999999992 0.00000000099999999992 0.00000000099999999992 0.00000000099999999992 0.99999999100000003249 0.00000000099999999992 
0.00000000099999999978 0.00000000099999999978 0.00000000099999999978 0.00000000099999999978 0.00000000099999999978 0.99999999100000003249 0.00000000099999999978 0.00000000099999999978 0.00000000099999999978 0.00000000099999999978 
0.00000000099999999981 0.00000000099999999981 0.00000000099999999981 0.00000000099999999981 0.00000000099999999981 0.99999999100000003249 0.00000000099999999981 0.00000000099999999981 0.00000000099999999981 0.00000000099999999981 
0.00000000099999999996 0.62838354057551037979 0.00000000099999999996 0.00000000099999999996 0.00000000099999999996 0.00000000099999999996 0.15797152771851064035 0.21364492470597912233 0.00000000099999999996 0.00000000099999999996 
0.27277540695378171831 0.09717551138874447325 0.00000000099999999999 0.01964248751586844879 0.00000000099999999999 0.00000000099999999999 0.03350267815431866303 0.00905611749801599371 0.42032338461957158282 0.14752441086969900197 
0.41633753146800228651 0.12021201144894221036 0.02243220542551473476 0.00000000099999999998 0.00000000099999999998 0.00098900584771945198 0.02876476404106863977 0.00000000099999999998 0.24137046691929436859 0.16989401184945834844 
0.00000000099999999991 0.99999999100000014352 0.00000000099999999991 0.00000000099999999991 0.00000000099999999991 0.00000000099999999991 0.00000000099999999991 0.00000000099999999991 0.00000000099999999991 0.00000000099999999991 
0.25715255283624133265 0.20842013564385106217 0.00000000099999999999 0.00000000099999999999 0.00000000099999999999 0.00000000099999999999 0.05404504287387704858 0.00000000099999999999 0.02708046540566764679 0.45330179824036292979 
0.23509965030789636842 0.32563324184978897913 0.00000000099999999996 0.00000000099999999996 0.00000000099999999996 0.00000000099999999996 0.00000000099999999996 0.00000000099999999996 0.43879614864396959684 0.00047095319834528391 
0.00000000099999999996 0.55645926930784006537 0.00000000099999999996 0.00000000099999999996 0.00000000099999999996 0.00000000099999999996 0.00000000440490134807 0.00000000099999999996 0.00000000099999999996 0.44354071928725885554 
0.32977938208895674066 0.15531871895593726829 0.00000000099999999997 0.00000000099999999997 0.00000000099999999997 0.00000000099999999997 0.00000000139521192223 0.01684106884523508055 0.00000000099999999997 0.49806082371465892900 
0.28004937912722505100 0.21052217721160160213 0.00000000099999999998 0.00000000099999999998 0.00000000099999999998 0.00000000099999999998 0.05316909004559815244 0.02538842359931886908 0.43087092501625623431 0.00000000099999999998 
0.00000000099999999993 0.00000000099999999993 0.00000000099999999993 0.00000000099999999993 0.00000000099999999993 0.46467985311497861378 0.00000000099999999993 0.53532013888502139043 0.00000000099999999993 0.00000000099999999993 
0.00000000099999999986 0.00000000099999999986 0.00000000099999999986 0.00000000099999999986 0.00000000099999999986 0.99999999100000014352 0.00000000099999999986 0.00000000099999999986 0.00000000099999999986 0.00000000099999999986 
0.00000000099999999970 0.00000000099999999970 0.00000000099999999970 0.00000000099999999970 0.99999999100000014352 0.00000000099999999970 0.00000000099999999970 0.00000000099999999970 0.00000000099999999970 0.00000000099999999970 
0.00000000099999999992 0.00000000099999999992 0.00000000099999999992 0.00000000099999999992 0.00000000099999999992 0.00000000099999999992 0.00000000099999999992 0.99999999099999992147 0.00000000099999999992 0.00000000099999999992 
0.00000000099999999997 0.00000000099999999997 0.00000000099999999997 0.00000000099999999997 0.00000000099999999997 0.25513754879147326760 0.00000000099999999997 0.74486244320852668110 0.00000000099999999997 0.00000000099999999997 
0.17276779897670108133 0.23447920346834918992 0.01177753431811382097 0.00000000099999999999 0.00000000099999999999 0.00000000099999999999 0.01969171032004035649 0.02143581610767767917 0.17151787113675889818 0.36833006267235895992 
0.00000000099999999940 0.00000000099999999940 0.00000000099999999940 0.00000000099999999940 0.99999999100000003249 0.00000000099999999940 0.00000000099999999940 0.00000000099999999940 0.00000000099999999940 0.00000000099999999940 
0.00000000099999999999 0.22124944721137143611 0.01041857564225686338 0.00000000099999999999 0.00000000099999999999 0.00000000099999999999 0.00012143911318367153 0.00000000099999999999 0.33342383016222493231 0.43478670287096293778 
0.00000000099999999994 0.00000000099999999994 0.00000000099999999994 0.00000000099999999994 0.00000000099999999994 0.00000000099999999994 0.00000000099999999994 0.00000000099999999994 0.00000000099999999994 0.99999999100000003249 
0.00000000099999999992 0.99999999100000025454 0.00000000099999999992 0.00000000099999999992 0.00000000099999999992 0.00000000099999999992 0.00000000099999999992 0.00000000099999999992 0.00000000099999999992 0.00000000099999999992 
0.49977395549902647875 0.00000018860509029303 0.00030813280852822443 0.00000000099999999998 0.00000000099999999998 0.00000000099999999998 0.04853669660896341859 0.03418120042127734126 0.00000000776583424025 0.41719981529128019604 
0.00000000099999999995 0.00000000099999999995 0.00000000099999999995 0.00000000099999999995 0.00000000099999999995 0.00000000099999999995 0.12475103792751383869 0.00000000099999999995 0.12127969287126567910 0.75396926220122040263 
0.00000000099999999996 0.00000000099999999996 0.00000000099999999996 0.00000000099999999996 0.00000000099999999996 0.00000000099999999996 0.13878147184677869230 0.00000000099999999996 0.86121852015322120089 0.00000000099999999996 
0.24198284530887348431 0.29637181976718063314 0.00000000099999999999 0.00212747429255354201 0.00000000099999999999 0.00000000099999999999 0.05059663032675377342 0.00000000099999999999 0.28170867596950277534 0.12721255033513600985 
0.49789250433477100222 0.00000006400702177936 0.02022445140696563920 0.00000000099999999998 0.00000000099999999998 0.00000000099999999998 0.04362724052445800943 0.00000000099999999998 0.43825573472678358566 0.00000000099999999998 
0.16056456091728449342 0.37158405511718689551 0.00256956549316299590 0.02977006258133364780 0.00078205411696640370 0.00041343464316410494 0.06467295454888206951 0.00000000100000000000 0.36258017270459919068 0.00706313887742011925 
0.18986500421381088954 0.23102934649153555879 0.00000000099999999999 0.00802063943198929631 0.00000000099999999999 0.00000000099999999999 0.05345047037364594050 0.00162508459170384320 0.10855909414600774243 0.40745035775130666877 
0.00000000099999999995 0.00000000099999999995 0.00000000099999999995 0.00000000099999999995 0.00000000099999999995 0.00000000099999999995 0.00000000099999999995 0.00000000099999999995 0.68938591615639954746 0.31061407584360034573 
0.99999999100000025454 0.00000000099999999991 0.00000000099999999991 0.00000000099999999991 0.00000000099999999991 0.00000000099999999991 0.00000000099999999991 0.00000000099999999991 0.00000000099999999991 0.00000000099999999991 
0.00000000099999999992 0.00000000099999999992 0.00000000099999999992 0.00000000099999999992 0.00000000099999999992 0.00000000099999999992 0.00000000099999999992 0.00000000099999999992 0.00000000099999999992 0.99999999100000003249 
0.00000000099999999990 0.99999999100000025454 0.00000000099999999990 0.00000000099999999990 0.00000000099999999990 0.00000000099999999990 0.00000000099999999990 0.00000000099999999990 0.00000000099999999990 0.00000000099999999990 
0.00000000099999999992 0.99999999100000025454 0.00000000099999999992 0.00000000099999999992 0.00000000099999999992 0.00000000099999999992 0.00000000099999999992 0.00000000099999999992 0.00000000099999999992 0.00000000099999999992 
0.38769214111604388684 0.00000000099999999997 0.00000000099999999997 0.00000000099999999997 0.00000000099999999997 0.00028245405826075290 0.11933922836614874186 0.00000713258494293610 0.49267887103850427355 0.00000016883609929535 
0.08014229660891332430 0.29606242164548074447 0.03448833809415390722 0.00000017223148120997 0.00000000099999999999 0.00703704590610010165 0.01591797465102055484 0.00000000099999999999 0.26005525978135052290 0.30629648908149970099 
0.20320953411972919600 0.00000000099999999998 0.00000000099999999998 0.00000000099999999998 0.00000000099999999998 0.04784913072691777264 0.04039048715045232690 0.00000000099999999998 0.44124789279473802805 0.26730295020816263740 
0.18424345847735634774 0.24189277052825847170 0.00761433995318499222 0.00000000099999999999 0.00000000099999999999 0.00000000099999999999 0.07344842025798517526 0.00000000099999999999 0.22522331875086504249 0.26757768803234982524 
0.00000000099999999998 0.40271177140792435711 0.00000000099999999998 0.00000000099999999998 0.00000000099999999998 0.00473968915121625919 0.12241480701678521259 0.00000000099999999998 0.47013372642407413871 0.00000000099999999998 
0.31240489493558798451 0.22492209631765427980 0.00000000100000000000 0.00007522818594212832 0.06774145862820953046 0.00531878930430677421 0.07518405590028351404 0.00000000100000000000 0.26504309440831974598 0.04931038031969611768 
0.00000000099999999997 0.37772285393030019529 0.02347915025542784279 0.00000000099999999997 0.00000000099999999997 0.00000000099999999997 0.06750537685881641270 0.00000000099999999997 0.53082172343043720897 0.00047089052501836902 
0.00000000099999999996 0.47374102555673958115 0.00300945659455913476 0.00000000099999999996 0.00000000099999999996 0.00000000099999999996 0.13205049345752464807 0.00000000099999999996 0.00000000099999999996 0.39119901839117648956 
0.33570283845908299725 0.23784263249685452801 0.02184950805901776302 0.00000000099999999997 0.00000000099999999997 0.00507933029084924569 0.04550257106062713386 0.00000000099999999997 0.17803070620321570505 0.17599241043035260268 
0.46943888106178971453 0.00000000099999999997 0.00000000099999999997 0.00281417848301021220 0.00000000099999999997 0.00000000099999999997 0.00000000099999999997 0.00000000099999999997 0.52774693345519985144 0.00000000099999999997 
0.39998326039064441284 0.14347240026485647002 0.00000000099999999997 0.00000000099999999997 0.00000000099999999997 0.00000002019885541867 0.03414822717755729847 0.00186012367014052487 0.17371880582011312022 0.24681715947783308684 
0.00000000099999999999 0.00005628999058125046 0.00795155258845809017 0.00000000099999999999 0.00000000099999999999 0.00000000099999999999 0.10405541634179008015 0.00000000099999999999 0.43557750906928094370 0.45235922700988961953 
0.30230229508297762342 0.30094840477890061337 0.00213568848602205480 0.00000000099999999998 0.00000000099999999998 0.00000000099999999998 0.09931747353454856153 0.00003912620088864928 0.03136293230307263952 0.26389407661358987855 
0.00000000099999999992 0.99999999100000025454 0.00000000099999999992 0.00000000099999999992 0.00000000099999999992 0.00000000099999999992 0.00000000099999999992 0.00000000099999999992 0.00000000099999999992 0.00000000099999999992 
0.00000000099999999991 0.99999999100000025454 0.00000000099999999991 0.00000000099999999991 0.00000000099999999991 0.00000000099999999991 0.00000000099999999991 0.00000000099999999991 0.00000000099999999991 0.00000000099999999991 
0.00000000099999999993 0.00000000099999999993 0.00000000099999999993 0.00000000099999999993 0.00000000099999999993 0.52712189341706994217 0.00000000099999999993 0.47287809858293011755 0.00000000099999999993 0.00000000099999999993 
0.00000000099999999992 0.00000000099999999992 0.00000000099999999992 0.00000000099999999992 0.00000000099999999992 0.00000000099999999992 0.00000000099999999992 0.99999999100000003249 0.00000000099999999992 0.00000000099999999992 
0.00000000099999999961 0.00000000099999999961 0.00000000099999999961 0.00000000099999999961 0.99999999100000014352 0.00000000099999999961 0.00000000099999999961 0.00000000099999999961 0.00000000099999999961 0.00000000099999999961 
0.00000000099999999950 0.00000000099999999950 0.00000000099999999950 0.99999999100000003249 0.00000000099999999950 0.00000000099999999950 0.00000000099999999950 0.00000000099999999950 0.00000000099999999950 0.00000000099999999950 
0.00000000099999999999 0.00000000099999999999 0.03192105106217753979 0.03312242449507078051 0.00000000099999999999 0.22465350642963460848 0.05682513456796362689 0.65347787844515337063 0.00000000099999999999 0.00000000099999999999 
0.00000000099999999996 0.32888464304651232606 0.00299586640262017615 0.00000000099999999996 0.00000000099999999996 0.00000004125366741739 0.00000000099999999996 0.00000000344459039292 0.00000000099999999996 0.66811944085260943638 
0.99999999100000014352 0.00000000099999999990 0.00000000099999999990 0.00000000099999999990 0.00000000099999999990 0.00000000099999999990 0.00000000099999999990 0.00000000099999999990 0.00000000099999999990 0.00000000099999999990 
0.00000000099999999989 0.00000000099999999989 0.09904818783532433335 0.00000000099999999989 0.00000000099999999989 0.00000000099999999989 0.00000000099999999989 0.90095180416467557372 0.00000000099999999989 0.00000000099999999989 
0.25720939982229401588 0.00000050377618411688 0.00000000099999999998 0.00000000099999999998 0.00000000099999999998 0.00000000099999999998 0.00028141589906782602 0.01877616501194258325 0.32451152369271901721 0.39922098779779235933 
0.01523713333471749323 0.25366971559498713296 0.00222877484020569385 0.00955560953397700460 0.00000000099999999998 0.00000000099999999998 0.01037289346149864767 0.00468318720232240547 0.35234242063528820044 0.35191026339700332004 
0.22889756417984857828 0.00000000099999999995 0.04252152808669355799 0.00000000099999999995 0.00000000099999999995 0.00000000099999999995 0.09900045069856593105 0.00000000099999999995 0.62958045103489190808 0.00000000099999999995 
0.00000000099999999947 0.00000000099999999947 0.00000000099999999947 0.00000000099999999947 0.99999999100000014352 0.00000000099999999947 0.00000000099999999947 0.00000000099999999947 0.00000000099999999947 0.00000000099999999947 
0.00000000099999999951 0.00000000099999999951 0.00000000099999999951 0.00000000099999999951 0.99999999100000003249 0.00000000099999999951 0.00000000099999999951 0.00000000099999999951 0.00000000099999999951 0.00000000099999999951 
0.00000000099999999941 0.00000000099999999941 0.00000000099999999941 0.00000000099999999941 0.99999999100000014352 0.00000000099999999941 0.00000000099999999941 0.00000000099999999941 0.00000000099999999941 0.00000000099999999941 
0.00000000099999999942 0.00000000099999999942 0.00000000099999999942 0.00000000099999999942 0.99999999100000003249 0.00000000099999999942 0.00000000099999999942 0.00000000099999999942 0.00000000099999999942 0.00000000099999999942 
0.00000000099999999944 0.00000000099999999944 0.00000000099999999944 0.00000000099999999944 0.99999999100000014352 0.00000000099999999944 0.00000000099999999944 0.00000000099999999944 0.00000000099999999944 0.00000000099999999944 
0.00000000099999999995 0.00000000099999999995 0.01050329966879477717 0.00000000099999999995 0.00000000099999999995 0.58171098000343302026 0.00000000099999999995 0.40778571332777230340 0.00000000099999999995 0.00000000099999999995 
0.00000000099999999994 0.00000000099999999994 0.00000000099999999994 0.00000000099999999994 0.00000000099999999994 0.00000000099999999994 0.00000000099999999994 0.00000000099999999994 0.99999999099999992147 0.00000000099999999994 
0.00000000099999999944 0.00000000099999999944 0.00000000099999999944 0.00000000099999999944 0.99999999100000014352 0.00000000099999999944 0.00000000099999999944 0.00000000099999999944 0.00000000099999999944 0.00000000099999999944 
0.00000000099999999952 0.00000000099999999952 0.00000000099999999952 0.00000000099999999952 0.99999999100000014352 0.00000000099999999952 0.00000000099999999952 0.00000000099999999952 0.00000000099999999952 0.00000000099999999952 
0.00000000099999999949 0.00000000099999999949 0.00000000099999999949 0.99999999100000014352 0.00000000099999999949 0.00000000099999999949 0.00000000099999999949 0.00000000099999999949 0.00000000099999999949 0.00000000099999999949 
0.00000000099999999949 0.00000000099999999949 0.00000000099999999949 0.99999999100000014352 0.00000000099999999949 0.00000000099999999949 0.00000000099999999949 0.00000000099999999949 0.00000000099999999949 0.00000000099999999949 
0.00000000099999999996 0.00000000099999999996 0.00000000099999999996 0.00000000099999999996 0.00000000099999999996 0.00000000099999999996 0.00000000099999999996 0.00000000099999999996 0.40540970729199643507 0.59459028470800356914 
0.00000000099999999947 0.00000000099999999947 0.00000000099999999947 0.00000000099999999947 0.99999999100000014352 0.00000000099999999947 0.00000000099999999947 0.00000000099999999947 0.00000000099999999947 0.00000000099999999947 
0.00000000099999999991 0.00000000099999999991 0.00000000099999999991 0.00000000099999999991 0.00000000099999999991 0.00000000099999999991 0.00000000099999999991 0.00000000099999999991 0.00000000099999999991 0.99999999099999992147 
0.00000000099999999996 0.00000000099999999996 0.00562514652388352264 0.00000000099999999996 0.00000000099999999996 0.00000000099999999996 0.00000000099999999996 0.00000000099999999996 0.43890097230713398524 0.55547387416898241774 
0.00000000099999999996 0.00000000099999999996 0.05531238294245090226 0.00000000099999999996 0.00000000099999999996 0.43164594775329961918 0.00000000099999999996 0.51304166230424952388 0.00000000099999999996 0.00000000099999999996 
0.25200807357631904715 0.27367348261212626204 0.00629672964902114329 0.00000000099999999997 0.00000000099999999997 0.01181588413735474088 0.00000000099999999997 0.00000000099999999997 0.01150343662553493691 0.44470238939964396030 
0.00000000099999999985 0.00000000099999999985 0.00000000099999999985 0.00000000099999999985 0.00000000099999999985 0.00000000099999999985 0.00000000099999999985 0.99999999099999992147 0.00000000099999999985 0.00000000099999999985 
0.00000000099999999993 0.00000000099999999993 0.10761740037922079560 0.00000000099999999993 0.00000000099999999993 0.00000000099999999993 0.00000000099999999993 0.00000000099999999993 0.00000000099999999993 0.89238259162077926412 
0.00000000099999999987 0.00000000099999999987 0.00000000099999999987 0.00000000099999999987 0.00000000099999999987 0.00000000099999999987 0.00000000099999999987 0.99999999099999992147 0.00000000099999999987 0.00000000099999999987 
0.09762590286520461680 0.29002139812166355393 0.02258050599644595077 0.00379355485735546546 0.00000000099999999999 0.00000000099999999999 0.13599893318517286556 0.00000000099999999999 0.19324003078832965863 0.25673967118582780023 
0.13191660947960529016 0.37097805132162209318 0.01094036464619154055 0.00693344906420589012 0.00000000099999999999 0.00000000099999999999 0.05509095466866972129 0.00000000099999999999 0.02538822108881180761 0.39875234673089376969 
0.00000000099999999951 0.00000000099999999951 0.00000000099999999951 0.00000000099999999951 0.99999999100000003249 0.00000000099999999951 0.00000000099999999951 0.00000000099999999951 0.00000000099999999951 0.00000000099999999951 
0.00000000099999999987 0.00000000099999999987 0.00000000099999999987 0.00000000099999999987 0.00000000099999999987 0.00000000099999999987 0.00000000099999999987 0.99999999099999992147 0.00000000099999999987 0.00000000099999999987 
0.00000000099999999944 0.00000000099999999944 0.00000000099999999944 0.00000000099999999944 0.99999999100000003249 0.00000000099999999944 0.00000000099999999944 0.00000000099999999944 0.00000000099999999944 0.00000000099999999944 
0.00000000099999999942 0.00000000099999999942 0.00000000099999999942 0.00000000099999999942 0.99999999100000014352 0.00000000099999999942 0.00000000099999999942 0.00000000099999999942 0.00000000099999999942 0.00000000099999999942 
0.00000000099999999995 0.00000000099999999995 0.00000000099999999995 0.00000000099999999995 0.00000000099999999995 0.00000000099999999995 0.14848989602581827429 0.00000000099999999995 0.85151009597418170216 0.00000000099999999995 
0.00000000162705643478 0.31147110184924309273 0.01383085187930034946 0.00000000099999999998 0.00000000099999999998 0.02016554415556567198 0.04415879915660751720 0.00003642506969041075 0.19093137417695829616 0.41940590008557826485 
0.00000000099999999990 0.00000000099999999990 0.00000000099999999990 0.00000000099999999990 0.00000000099999999990 0.00000000099999999990 0.00000000099999999990 0.00000000099999999990 0.99999999099999992147 0.00000000099999999990 
0.00000000099999999992 0.00000000099999999992 0.00000000099999999992 0.00000000099999999992 0.00000000099999999992 0.00000000099999999992 0.00000000099999999992 0.00000000099999999992 0.00000000099999999992 0.99999999099999992147 
0.00000000099999999993 0.99999999100000025454 0.00000000099999999993 0.00000000099999999993 0.00000000099999999993 0.00000000099999999993 0.00000000099999999993 0.00000000099999999993 0.00000000099999999993 0.00000000099999999993 
0.14338664054070351939 0.28603711640297224683 0.04423852937062924817 0.00000000099999999998 0.00000000099999999998 0.00074292141214110749 0.06810200545689197582 0.00000000099999999998 0.19302373147591439517 0.26446905234074752356 
0.00000000099999999992 0.00000000099999999992 0.00000000099999999992 0.00000000099999999992 0.00000000099999999992 0.00000000099999999992 0.00000000099999999992 0.00000000099999999992 0.00000000099999999992 0.99999999099999992147 
