0.01195656678192244353 0.01324976996492096930 0.97479366325315663921 
0.00000000099999999998 0.99999999799999994554 0.00000000099999999998 
0.00000000099999999997 0.99999999799999994554 0.00000000099999999997 
0.00000000099999999999 0.04458956351629863452 0.95541043548370130356 
0.00019471318605785917 0.00147743772358567929 0.99832784909035643395 
0.00000000099999999999 0.03338004387365429981 0.96661995512634557581 
0.00000000099999999998 0.99999999799999994554 0.00000000099999999998 
0.00000000099999999997 0.99999999800000005656 0.00000000099999999997 
0.00000000107783014311 0.01287156126463314017 0.98712843765753677250 
0.00000000099999999998 0.99999999800000005656 0.00000000099999999998 
0.00000001842509248235 0.01853408547754737887 0.98146589609736012427 
0.00000000099999999999 0.02558445188101640330 0.97441554711898348273 
0.00000000124462760588 0.00622080816995496458 0.99377919058541752673 
0.00144118134605236031 0.01766541744673883613 0.98089340120720880378 
0.01632128101129568312 0.00220040980029115579 0.98147830918841316716 
0.01294860758062130537 0.06793614863438472706 0.91911524378499398491 
0.00000000099999999999 0.00723233381971575846 0.99276766518028425335 
0.00737879520305560754 0.00000000100000000000 0.99262120379694429584 
0.01165087505393035301 0.00636035294949953423 0.98198877199657008674 
0.00000000099999999999 0.00325931177718477008 0.99674068722281528032 
0.00000000100000000000 0.00265081121064922667 0.99734918778935077732 
0.00000000099999999998 0.99999999800000005656 0.00000000099999999998 
0.00000000099999999999 0.02997255826589862934 0.97002744073410140935 
0.00000000099999999999 0.03852080686048588859 0.96147919213951404949 
0.00000000099999999999 0.03376743649120717006 0.96623256250879274720 
0.00000000099999999999 0.00000000099999999999 0.99999999799999994554 
0.79188012469871615906 0.20811550685558219409 0.00000436844570176915 
0.79911042358745565384 0.20088957541254440220 0.00000000100000000000 
0.00022078520506603903 0.00647786390913858076 0.99330135088579540881 
0.00000000100000000000 0.00000008874493090547 0.99999991025506906883 
0.00000000099999999999 0.02832529161473502574 0.97167470738526495744 
0.00000000099999999998 0.99999999799999994554 0.00000000099999999998 
0.24118495668727835124 0.31347861213308092498 0.44533643117964072378 
0.00000000099999999999 0.00008432041122124825 0.99991567858877883346 
0.99999999800000005656 0.00000000099999999989 0.00000000099999999989 
0.99999999799999994554 0.00000000099999999986 0.00000000099999999986 
0.99999999800000005656 0.00000000099999999987 0.00000000099999999987 
0.79473780035420649170 0.16203705415068328510 0.04322514549511016768 
0.80049632530137948550 0.19950358204810511586 0.00000009265051533875 
0.00000000099999999999 0.00169200794120427157 0.99830799105879564070 
0.00000000099999999998 0.99999999800000005656 0.00000000099999999998 
0.78569897302488822532 0.17401179214024639630 0.04028923483486535756 
0.00000000100000000000 0.03005085025672653287 0.96994914874327353704 
0.00000000099999999997 0.99999999799999994554 0.00000000099999999997 
0.78890715042483128272 0.21109284618524010169 0.00000000338992861756 
0.00000000099999999999 0.02427785133715258670 0.97572214766284748322 
0.79291563344933446711 0.20679015986241300329 0.00029420668825245084 
0.00000000099999999998 0.99999999800000005656 0.00000000099999999998 
0.00000000099999999996 0.99999999799999994554 0.00000000099999999996 
0.79070358872654433746 0.20929641027345549653 0.00000000100000000000 
0.80538441530661497580 0.19461351129220927358 0.00000207340117576507 
0.00000000099999999998 0.99999999800000005656 0.00000000099999999998 
0.00000000099999999998 0.99999999799999994554 0.00000000099999999998 
0.00000000099999999998 0.99999996112285249872 0.00000003787714754143 
0.79533335740943766901 0.20463599770385856869 0.00003064488670382073 
0.00573895870713175913 0.05129668763432393419 0.94296435365854425203 
0.01472721422174001066 0.01184499029239728836 0.97342779548586266802 
0.00000000100000000000 0.02665354134158160263 0.97334645765841842913 
0.00000000099999999999 0.01852141680187390990 0.98147858219812622593 
0.00000000099999999998 0.99999999800000005656 0.00000000099999999998 
0.00510202722446866444 0.00043557739872240674 0.99446239537680891640 
0.99999999799999994554 0.00000000099999999988 0.00000000099999999988 
0.00000000099999999999 0.01550324590735729750 0.98449675309264261802 
0.99999999799999994554 0.00000000099999999989 0.00000000099999999989 
0.00000000100000000000 0.04624830648616017059 0.95375169251383995483 
0.99999999800000005656 0.00000000099999999988 0.00000000099999999988 
0.00000000099999999999 0.01376727526963928035 0.98623272373036063865 
0.00081017932595171122 0.01674119431467476979 0.98244862635937357798 
0.00000000099999999997 0.99999999800000005656 0.00000000099999999997 
0.00000000099999999999 0.00000180093334750317 0.99999819806665246613 
0.99999999800000005656 0.00000000099999999988 0.00000000099999999988 
0.99999999799999994554 0.00000000099999999989 0.00000000099999999989 
0.00000000100000000000 0.09216373579690435858 0.90783626320309562807 
0.00000000099999999997 0.99999999799999994554 0.00000000099999999997 
0.76926984043179824635 0.17949534636818689770 0.05123481320001488371 
0.00000000099999999997 0.99999999799999994554 0.00000000099999999997 
0.00000000220670140691 0.03995726484610718360 0.96004273294719144616 
0.99999999800000005656 0.00000000099999999987 0.00000000099999999987 
0.81116230510230402651 0.18883769308741740756 0.00000000181027848981 
0.99999999799999994554 0.00000000099999999991 0.00000000099999999991 
0.01452471320060976477 0.00461838546045140706 0.98085690133893888021 
0.00000000099999999997 0.99999999799999994554 0.00000000099999999997 
0.00000000099999999998 0.99999999799999994554 0.00000000099999999998 
0.00000000099999999999 0.23705424652053003198 0.76294575247947005181 
0.00001357771495673308 0.00904137673748894866 0.99094504554755435954 
0.00000000099999999999 0.01414367613360280850 0.98585632286639723887 
0.00000000099999999999 0.02871880267521429581 0.97128119632478571166 
0.00000000099999999999 0.00162965342351900785 0.99837034557648085542 
0.00000000099999999999 0.00000000099999999999 0.99999999799999994554 
0.00000000099999999999 0.01744962303659909966 0.98255037596340100148 
0.00000000099999999999 0.01787457329078431800 0.98212542570921557150 
0.00000000100000000000 0.03915466484539175535 0.96084533415460826600 
0.00000000099999999998 0.99999999800000005656 0.00000000099999999998 
0.00000000099999999999 0.99897183992125082597 0.00102815907874915461 
0.99999999799999994554 0.00000000099999999992 0.00000000099999999992 
0.00000000099999999998 0.99999999800000005656 0.00000000099999999998 
0.00000000099999999999 0.99999998817270918661 0.00000001082729093356 
0.00000000099999999999 0.02910972797809543641 0.97089027102190450513 
0.99999999799999994554 0.00000000099999999986 0.00000000099999999986 
0.00000405129740076554 0.00000000276212591059 0.99999594594047336304 
0.00000000099999999999 0.02199311084427878552 0.97800688815572112134 
0.00876651559650919870 0.00403183905746378780 0.98720164534602705686 
0.00000000319497420480 0.03037710427299413624 0.96962289253203171047 
0.00000000558664943246 0.00682163935961997790 0.99317835505373064375 
0.00000000100000000000 0.04009689417319397403 0.95990310482680596404 
0.00000000100000000000 0.00433967009468409163 0.99566032890531597221 
0.00000000100000000000 0.02042333394064907437 0.97957666505935092616 
0.01926384699436823819 0.02221252232246950092 0.95852363068316226435 
0.00000047223750823000 0.01036591544191000150 0.98963361232058177919 
0.00000000099999999999 0.00031526800619237805 0.99968473099380750213 
0.01586233996076845398 0.03132211126914259680 0.95281554877008900473 
0.00000000099999999999 0.00000023659321671958 0.99999976240678323247 
0.00000000100000000000 0.01532414957177684334 0.98467584942822317107 
0.00000000099999999999 0.00144892661091489063 0.99855107238908513700 
0.00000000099999999999 0.03552553984536185872 0.96447445915463814181 
0.00000000100000000000 0.01953892360049697824 0.98046107539950300147 
0.00000000100000000000 0.04312842228686065288 0.95687157671313927132 
0.00000000100000000000 0.00610650445406022650 0.99389349454593978184 
0.00000000099999999999 0.02951385326495241032 0.97048614573504765612 
0.07532694780568809090 0.03111503265505711005 0.89355801953925484415 
0.00000000099999999999 0.00703787403271719566 0.99296212496728275543 
0.00000000099999999999 0.02139086155428759906 0.97860913744571254025 
0.00000000099999999999 0.03072925993468692690 0.96927073906531313607 
0.00000003699389633065 0.00338777879036528161 0.99661218421573838366 
0.00000000099999999999 0.01574065674817643271 0.98425934225182365456 
0.00419603696720905958 0.00975918034174522685 0.98604478269104567367 
0.00000000099999999999 0.02343034542085940461 0.97656965357914060633 
0.00000000099999999999 0.00000001604622247035 0.99999998295377745539 
0.00000000099999999999 0.03679121121476523759 0.96320878778523477681 
0.00000000099999999997 0.99999999800000005656 0.00000000099999999997 
0.00000000099999999999 0.99999963600168306765 0.00000036299831690870 
0.99999999800000005656 0.00000000099999999991 0.00000000099999999991 
0.81513569832461163500 0.18486430067538828226 0.00000000100000000000 
0.01333922866085180368 0.92409543362049306747 0.06256533771865513405 
0.00000000099999999999 0.01619433063533783426 0.98380566836466232239 
0.00000000991068187884 0.03249915582392770563 0.96750083426539046361 
0.00000000099999999999 0.99999999799999994554 0.00000000099999999999 
0.00000000099999999999 0.02217602526963813325 0.97782397373036189503 
0.00000000099999999999 0.00899393114261554973 0.99100606785738443172 
0.00000000099999999999 0.00000000099999999999 0.99999999799999994554 
0.99999999800000005656 0.00000000099999999987 0.00000000099999999987 
0.99999999800000005656 0.00000000099999999987 0.00000000099999999987 
0.99999999799999994554 0.00000000099999999986 0.00000000099999999986 
0.99999999799999994554 0.00000000099999999986 0.00000000099999999986 
0.99999999800000005656 0.00000000099999999988 0.00000000099999999988 
0.00000000099999999999 0.99999999800000005656 0.00000000099999999999 
0.00012086710802990552 0.00690425971268676317 0.99297487317928334605 
0.99999999799999994554 0.00000000099999999987 0.00000000099999999987 
0.99999999800000005656 0.00000000099999999988 0.00000000099999999988 
0.81302395229326662740 0.18697604670673326210 0.00000000100000000000 
0.81160360011302279393 0.18839561292638998258 0.00000078696058721238 
0.00000000100000000000 0.00000055343253608188 0.99999944556746400703 
0.99999999800000005656 0.00000000099999999988 0.00000000099999999988 
0.00000000100000000000 0.01850774729118813411 0.98149225170881193581 
0.00000000099999999999 0.00000000099999999999 0.99999999799999994554 
0.00000000099999999999 0.96382782746044448619 0.03617217153955563230 
0.00000000099999999999 0.01505057837656351670 0.98494942062343660005 
0.00000000099999999997 0.99999999800000005656 0.00000000099999999997 
0.00000000099999999999 0.02844739965369309440 0.97155259934630688878 
0.00000000099999999997 0.99999999800000005656 0.00000000099999999997 
0.00225649986486547950 0.02000989262408469152 0.97773360751104987365 
0.00252330188037637850 0.00061407962991157983 0.99686261848971202681 
0.99999999799999994554 0.00000000099999999988 0.00000000099999999988 
0.00000000099999999998 0.99999999799999994554 0.00000000099999999998 
0.99999999799999994554 0.00000000099999999986 0.00000000099999999986 
0.99999999800000005656 0.00000000099999999988 0.00000000099999999988 
0.00000000099999999999 0.01333911010194641783 0.98666088889805358964 
0.00000000099999999999 0.03040573435370175909 0.96959426464629827613 
0.00000000099999999999 0.00966630634013470463 0.99033369265986537222 
0.00000000099999999999 0.00931347872114616712 0.99068652027885373279 
0.00000000100000000000 0.01482815892878208003 0.98517184007121794131 
0.00000000099999999999 0.02485944221137431631 0.97514055678862576748 
0.00000000099999999999 0.00000000099999999999 0.99999999799999994554 
0.00000000099999999998 0.99574545670198955083 0.00425454229801055551 
0.00000000099999999999 0.00000279767380628097 0.99999720132619362989 
0.99999999800000005656 0.00000000099999999987 0.00000000099999999987 
0.00000000100000000000 0.00174973123984285719 0.99825026776015712837 
0.99999999800000005656 0.00000000099999999996 0.00000000099999999996 
0.99999999799999994554 0.00000000099999999989 0.00000000099999999989 
0.00000000099999999999 0.02678936241322069436 0.97321063658677919861 
0.00000000100000000000 0.00000004691691306932 0.99999995208308689598 
0.00000000100000000000 0.02263402671516067180 0.97736597228483934607 
0.99999999800000005656 0.00000000099999999990 0.00000000099999999990 
0.00000000099999999997 0.99999999799999994554 0.00000000099999999997 
0.00000000099999999997 0.99999999799999994554 0.00000000099999999997 
0.99999999800000005656 0.00000000099999999989 0.00000000099999999989 
0.00000000100000000000 0.01191379299679736284 0.98808620600320262728 
0.00000000401416208966 0.04775125591442333506 0.95224874007141457888 
0.99999999799999994554 0.00000000099999999989 0.00000000099999999989 
0.00000000099999999999 0.01303873045951854312 0.98696126854048149557 
0.00000000099999999997 0.99999999800000005656 0.00000000099999999997 
0.18722127713041636365 0.26403579049169539905 0.54874293237788818178 
0.00045258481667219804 0.03136199430364824264 0.96818542087967951471 
0.00000000100000000000 0.04230103422223992216 0.95769896477775995347 
0.00000000100000000000 0.00531859029931805276 0.99468140870068200154 
0.00000000099999999999 0.00064235919970972370 0.99935763980029024278 
0.00000000099999999999 0.00000000099999999999 0.99999999799999994554 
0.00000000099999999999 0.01129575272397716559 0.98870424627602282452 
0.00000000100000000000 0.01492497031128827215 0.98507502868871177348 
0.01100894095746321119 0.02745612094798023650 0.96153493809455659047 
0.00000000099999999998 0.99999999799999994554 0.00000000099999999998 
0.00000000099999999999 0.02591470494384914142 0.97408529405615096319 
0.00000000100000000000 0.00000003126239573020 0.99999996773760435609 
0.00000000100000000000 0.05067962251919228001 0.94932037648080769277 
0.00000000099999999999 0.01848961236008895073 0.98151038663991108102 
0.00183325067342175220 0.03977827992247486705 0.95838846940410338249 
0.00000000099999999999 0.00000231813503013684 0.99999768086496976238 
0.00000000100000000000 0.02231718701067197941 0.97768281198932804887 
0.00000000099999999999 0.99691963039790720824 0.00308036860209287555 
0.00000000100000000000 0.02900102280573761682 0.97099897619426234208 
0.00000000100000000000 0.01065340338330516244 0.98934659561669480166 
0.01064782448435025800 0.01270451408263734323 0.97664766143301240398 
0.00000000099999999999 0.99999922464629842356 0.00000077435370153920 
0.01974053526921739840 0.03042141191353278304 0.94983805281724975611 
0.00000002082895194308 0.01468099253904010804 0.98531898663200789823 
0.00000000099999999999 0.48674657644493779518 0.51325342255506223310 
0.00000000099999999999 0.02834009143997962346 0.97165990756002040829 
0.99999999799999994554 0.00000000099999999990 0.00000000099999999990 
0.00000036750334089504 0.03017958254628898621 0.96982004995037007777 
0.00000000100000000000 0.03018026467281403544 0.96981973432718593386 
