0.96547885677943479088 0.00033835550349027983 0.02607321569542116538 0.00810957202165372461 
0.00000000099999999996 0.00000000099999999996 0.00000000099999999996 0.99999999700000008485 
0.00000000099999999996 0.00000000099999999996 0.00000000099999999996 0.99999999699999997382 
0.95151417882865541031 0.00000000099999999999 0.00552263485077802724 0.04296318532056670608 
0.98627598279134831571 0.00000000100000000000 0.01321484751231443745 0.00050916869633716832 
0.96293414076024363979 0.00000000099999999999 0.00637620901450762327 0.03068964922524870104 
0.00000000099999999997 0.00000000099999999997 0.00000000099999999997 0.99999999700000008485 
0.00000000099999999995 0.00000000099999999995 0.00000000099999999995 0.99999999699999997382 
0.97118269186693861883 0.00000000099999999999 0.01972288641439502027 0.00909442071866641000 
0.00000000099999999997 0.00000000099999999997 0.00000000099999999997 0.99999999700000008485 
0.96833658783478460119 0.00000000100000000000 0.01378105642355977739 0.01788235474165553174 
0.96571719892831953125 0.00000000099999999999 0.01152157353206750140 0.02276122653961315176 
0.98583655555045268670 0.00000000100000000000 0.00885205010947118405 0.00531139334007608814 
0.96958207353570213805 0.00000000100000000000 0.01966429362652584098 0.01075363183777203538 
0.97087987247605023189 0.00607933288940384203 0.02163621291956131440 0.00140458171498455075 
0.90555378972582423192 0.00000000099999999999 0.03331449837269390840 0.06113171090148192266 
0.99211557065435429514 0.00000000100000000000 0.00022253424167151438 0.00766189410397417458 
0.98806747097844260797 0.00537822696323671506 0.00655430105832061505 0.00000000100000000000 
0.97690786872133816843 0.00816359552186563323 0.01148397435854159841 0.00344456139825459560 
0.99109116489588799936 0.00000000099999999998 0.00794280614385151594 0.00096602796026062617 
0.99584252599265310479 0.00000000100000000000 0.00001397712917625832 0.00414349587817063394 
0.00000000131939318436 0.00000000099999999998 0.00000000099999999998 0.99999999668060690627 
0.96957194101826171817 0.00000000099999999999 0.00000000099999999999 0.03042805698173821696 
0.95792510768573502222 0.00000000099999999999 0.00409399275165019290 0.03798089856261469693 
0.96651120818910196686 0.00000000099999999999 0.00000022554393932368 0.03348856526695886959 
0.99309175921597270253 0.00000000099999999999 0.00690823878402735576 0.00000000099999999999 
0.00000000099999999988 0.00000000099999999988 0.99999999699999986280 0.00000000099999999988 
0.00000000099999999986 0.00000000099999999986 0.99999999699999986280 0.00000000099999999986 
0.98276793566154196924 0.00000000100000000000 0.01170826823273845262 0.00552379510571954311 
0.98498863731096708563 0.00000000099999999999 0.01501136068903288073 0.00000000099999999999 
0.97023483294985524150 0.00000000099999999999 0.00000000099999999999 0.02976516505014468322 
0.00000000099999999998 0.00000000099999999998 0.00000000099999999998 0.99999999700000008485 
0.39850751149776003635 0.00000000099999999997 0.36100057681489100547 0.24049191068734887544 
0.99840055619631329353 0.00000000099999999999 0.00108216964542242385 0.00051727315826420031 
0.00000000099999999986 0.99999999700000008485 0.00000000099999999986 0.00000000099999999986 
0.00000000099999999982 0.99999999700000008485 0.00000000099999999982 0.00000000099999999982 
0.00000000099999999982 0.99999999699999997382 0.00000000099999999982 0.00000000099999999982 
0.00000000099999999988 0.00000000099999999988 0.99999999699999986280 0.00000000099999999988 
0.00000000099999999987 0.00000000099999999987 0.99999999699999997382 0.00000000099999999987 
0.99407617315443363992 0.00000000099999999999 0.00361433700582492129 0.00230948883974147747 
0.00000000099999999998 0.00000000099999999998 0.00000000099999999998 0.99999999700000008485 
0.00000000099999999987 0.00000000099999999987 0.99999999699999986280 0.00000000099999999987 
0.95981601496314106203 0.00000000099999999999 0.01217579571104667260 0.02800818832581219303 
0.00000000099999999996 0.00000000099999999996 0.00000000099999999996 0.99999999699999997382 
0.00000000099999999989 0.00000000099999999989 0.99999999699999986280 0.00000000099999999989 
0.97031800320313654762 0.00000000099999999999 0.00998289168122317751 0.01969910411564031530 
0.00000000099999999987 0.00000000099999999987 0.99999999699999986280 0.00000000099999999987 
0.00000000099999999997 0.00000000099999999997 0.00000000099999999997 0.99999999700000008485 
0.00000000099999999995 0.00000000099999999995 0.00000000099999999995 0.99999999700000008485 
0.00000000099999999986 0.00000000099999999986 0.99999999699999997382 0.00000000099999999986 
0.00000000099999999987 0.00000000099999999987 0.99999999699999997382 0.00000000099999999987 
0.00000000099999999997 0.00000000099999999997 0.00000000099999999997 0.99999999700000008485 
0.00000000099999999996 0.00000000099999999996 0.00000000099999999996 0.99999999699999997382 
0.00000000099999999997 0.00000000099999999997 0.00000000099999999997 0.99999999699999997382 
0.00000000099999999989 0.00000000099999999989 0.99999999699999997382 0.00000000099999999989 
0.93161509582168233745 0.00000000196022860005 0.01959417190606989323 0.04879073031201912325 
0.96741890519639039958 0.00000000100000000000 0.03019669650597594027 0.00238439729763366458 
0.97015491799983055721 0.00000000099999999999 0.00000000099999999999 0.02984508000016961385 
0.97785979719979154723 0.00000000099999999999 0.00448104817466847289 0.01765915362554002985 
0.00000000099999999996 0.00000000099999999996 0.00000000099999999996 0.99999999700000008485 
0.98785017690734566731 0.00160874471497653659 0.00980072956680538322 0.00074034881087247696 
0.00000000099999999985 0.99999999700000008485 0.00000000099999999985 0.00000000099999999985 
0.98048224330423172646 0.00000000099999999998 0.00934064229366291139 0.01017711340210543380 
0.00000000099999999985 0.99999999699999997382 0.00000000099999999985 0.00000000099999999985 
0.95206910481004702884 0.00000000100000000000 0.00117632293813637570 0.04675457125181650686 
0.00000000099999999986 0.99999999700000008485 0.00000000099999999986 0.00000000099999999986 
0.98151797324652567678 0.00000000099999999999 0.00570652378202447970 0.01277550197144980762 
0.97377090825465872914 0.00000007414012485327 0.01071690033472922146 0.01551211727048716106 
0.00000000099999999995 0.00000000099999999995 0.00000000099999999995 0.99999999700000008485 
0.99999651820053103712 0.00000000099999999998 0.00000000099999999998 0.00000347979946899964 
0.00000000099999999985 0.99999999700000008485 0.00000000099999999985 0.00000000099999999985 
0.00000000099999999987 0.99999999700000008485 0.00000000099999999987 0.00000000099999999987 
0.89776821747275015184 0.00000000099999999999 0.01486234556512457811 0.08736943596212527752 
0.00000000099999999995 0.00000000099999999995 0.00000000099999999995 0.99999999699999997382 
0.00000000099999999989 0.00000000099999999989 0.99999999699999997382 0.00000000099999999989 
0.00000000099999999996 0.00000000099999999996 0.00000000099999999996 0.99999999700000008485 
0.95663606054627348119 0.00119755293684297879 0.00000000100000000000 0.04216638551688359909 
0.00000000099999999984 0.99999999699999997382 0.00000000099999999984 0.00000000099999999984 
0.00000000099999999985 0.00000000099999999985 0.99999999699999997382 0.00000000099999999985 
0.00000000099999999987 0.99999999699999997382 0.00000000099999999987 0.00000000099999999987 
0.97255825790939010034 0.00320364843803220114 0.02164648577124500886 0.00259160788133255089 
0.00000000099999999995 0.00000000099999999995 0.00000000099999999995 0.99999999700000008485 
0.00000000099999999996 0.00000000099999999996 0.00000000099999999996 0.99999999699999997382 
0.75922112315714418429 0.00000000099999999999 0.00461503294184171728 0.23616384290101402610 
0.96872095854689543870 0.00000000100000000000 0.02490644260135500485 0.00637259785174951188 
0.98511885747733141105 0.00000000099999999999 0.00000055316808625873 0.01488058835458246076 
0.97090768424877382792 0.00000000099999999999 0.00000000099999999999 0.02909231375122617660 
0.99670687821096037862 0.00000000100000000000 0.00259886015234026164 0.00069426063669934422 
0.99999999699999997382 0.00000000099999999998 0.00000000099999999998 0.00000000099999999998 
0.98408433927841443278 0.00000000099999999999 0.00078756171506640300 0.01512809800651932109 
0.97593427097908591605 0.00000000099999999999 0.01063084506321383162 0.01343488295770027194 
0.95793297532650001358 0.00000000178910806127 0.00000002975579442834 0.04206699312859749074 
0.00000000099999999996 0.00000000099999999996 0.00000000099999999996 0.99999999700000008485 
0.00002918829725087206 0.00000000099999999998 0.00000000099999999998 0.99997080970274920819 
0.00000000099999999991 0.99999999700000008485 0.00000000099999999991 0.00000000099999999991 
0.00000000099999999998 0.00000000099999999998 0.00000000099999999998 0.99999999699999997382 
0.00000000132226889241 0.00000000099999999998 0.00000000099999999998 0.99999999667773109557 
0.96189260976507273693 0.00000000099999999999 0.01048583066750676147 0.02762155856742063570 
0.00000000099999999982 0.99999999699999997382 0.00000000099999999982 0.00000000099999999982 
0.99171402671740782608 0.00000000100000000000 0.00828597122587061696 0.00000000105672150944 
0.97011200347143933254 0.00000000099999999999 0.00845110937219773796 0.02143688615636299422 
0.98305077420767728036 0.00201252883846374719 0.01003318412094947321 0.00490351283290952310 
0.96378009591431246239 0.00000000100000000000 0.00702270662400389465 0.02919719646168363048 
0.99195521251384732864 0.00047442629005542387 0.00046611535009258786 0.00710424584600472149 
0.95723903321375380937 0.00000009433231955059 0.00010898675139097618 0.04265188570253578698 
0.98886067235587560287 0.00000000100000000000 0.00904209503182395666 0.00209723161230061057 
0.97201012569675926400 0.00000000100000000000 0.01124790095076560505 0.01674197235247512627 
0.94705894270647761335 0.00442990924739344438 0.03206208511016524210 0.01644906293596370972 
0.97700680832364128481 0.00000000099999999999 0.01504723334734217946 0.00794595732901649636 
0.99915279562649716993 0.00000000099999999999 0.00000000099999999999 0.00084720237350299754 
0.94301593891046187057 0.00096760052893625969 0.02871372770511486719 0.02730273285548701426 
0.98590068794889695880 0.00000000099999999999 0.01409931005110308215 0.00000000099999999999 
0.98430746015159831241 0.00000000100000000000 0.00063340193939104750 0.01505913690901055160 
0.99660854883956495609 0.00000000099999999999 0.00148508581288301733 0.00190636434755190871 
0.96222667806272876856 0.00000000099999999999 0.00000000099999999999 0.03777331993727132964 
0.97007457101840954827 0.00000000100000000000 0.01096016260966360158 0.01896526537192696343 
0.95531399372933800684 0.00000000099999999999 0.00000000099999999999 0.04468600427066202890 
0.99036541792859766886 0.00000000100000000000 0.00191377224232952906 0.00772080882907284771 
0.96806209987386615534 0.00000000099999999999 0.00240818116258779491 0.02952971796354603509 
0.89678823470693636022 0.06802876001831165143 0.00711542780701503782 0.02806757746773692191 
0.99247295226358445142 0.00000000099999999999 0.00000000099999999999 0.00752704573641568668 
0.97804516036701039106 0.00000000099999999998 0.00000000099999999998 0.02195483763298973837 
0.96913609990621651935 0.00000000099999999998 0.00000041569285319828 0.03086348340093031037 
0.97825051504066995456 0.00000000099999999999 0.01928354795714543393 0.00246593600218466972 
0.98165712219491507717 0.00000000099999999998 0.00000000099999999998 0.01834287580508501755 
0.98008195532051600729 0.00362296880812065661 0.00851585560016581561 0.00777922027119764322 
0.97541892367466631608 0.00000000099999999999 0.00886345769754488463 0.01571761762778883798 
0.99701399682119451473 0.00000000099999999999 0.00298600117880544989 0.00000000099999999999 
0.96242120586814461358 0.00000000099999999998 0.00000000099999999998 0.03757879213185552625 
0.00000000099999999996 0.00000000099999999996 0.00000000099999999996 0.99999999700000008485 
0.00000000807447467371 0.00000000099999999998 0.00000000099999999998 0.99999998992552541210 
0.00000000099999999988 0.99999999699999997382 0.00000000099999999988 0.00000000099999999988 
0.00000000099999999985 0.00000000099999999985 0.99999999699999986280 0.00000000099999999985 
0.04629067169898538198 0.00000000100000000000 0.03979728685105730912 0.91391204044995733025 
0.98270384045919767502 0.00000000099999999998 0.00000000099999999998 0.01729615754080249257 
0.96316812703466803125 0.00000000439481076995 0.00459479368229560696 0.03223707488822554618 
0.00000000099999999999 0.00000000099999999999 0.00395618268500708310 0.99604381531499297520 
0.97701212369820655823 0.00000000099999999999 0.00000000099999999999 0.02298787430179362670 
0.98136762684812328672 0.00000000099999999998 0.01523133399929169941 0.00340103815258505082 
0.99386084379710137870 0.00000000099999999999 0.00613915420289860674 0.00000000099999999999 
0.00000000099999999984 0.99999999699999997382 0.00000000099999999984 0.00000000099999999984 
0.00000000099999999985 0.99999999700000008485 0.00000000099999999985 0.00000000099999999985 
0.00000000099999999982 0.99999999700000008485 0.00000000099999999982 0.00000000099999999982 
0.00000000099999999983 0.99999999700000008485 0.00000000099999999983 0.00000000099999999983 
0.00000000099999999983 0.99999999700000008485 0.00000000099999999983 0.00000000099999999983 
0.00000000099999999998 0.00000000099999999998 0.00000000099999999998 0.99999999699999997382 
0.97943029444607787593 0.00000000100000000000 0.01465039750411813169 0.00591930704980400939 
0.00000000099999999983 0.99999999700000008485 0.00000000099999999983 0.00000000099999999983 
0.00000000099999999985 0.99999999699999997382 0.00000000099999999985 0.00000000099999999985 
0.00000000099999999985 0.00000000099999999985 0.99999999699999997382 0.00000000099999999985 
0.00000000099999999985 0.00000000099999999985 0.99999999699999986280 0.00000000099999999985 
0.99997303223294720098 0.00000000099999999999 0.00000000099999999999 0.00002696576705289797 
0.00000000099999999984 0.99999999700000008485 0.00000000099999999984 0.00000000099999999984 
0.97935532506274769471 0.00006864744777938743 0.00000000217301979160 0.02057602531645315661 
0.99759542288039659841 0.00000000099999999999 0.00240457511960332458 0.00000000099999999999 
0.03846620481244927142 0.00000000099999999998 0.00000000099999999998 0.96153379318755072269 
0.98447825659783083641 0.00000000099999999999 0.00005144974493855804 0.01547029265723058426 
0.00000000099999999995 0.00000000099999999995 0.00000000099999999995 0.99999999700000008485 
0.96480772307559681256 0.00000000099999999999 0.00888161391738181635 0.02631066200702147223 
0.00000000099999999995 0.00000000099999999995 0.00000000099999999995 0.99999999700000008485 
0.96286198837020153807 0.00000000100000000000 0.02049975497963149595 0.01663825565016709140 
0.98369080679617770802 0.00000000100000000000 0.01617233894039234871 0.00013685326343004908 
0.00000000099999999986 0.99999999699999997382 0.00000000099999999986 0.00000000099999999986 
0.00000000099999999996 0.00000000099999999996 0.00000000099999999996 0.99999999699999997382 
0.00000000099999999983 0.99999999699999997382 0.00000000099999999983 0.00000000099999999983 
0.00000000099999999983 0.99999999700000008485 0.00000000099999999983 0.00000000099999999983 
0.98553054711287468859 0.00000000100000000000 0.00126954873379004902 0.01319990315333526877 
0.96717344910581271034 0.00000000099999999999 0.00056270517869259830 0.03226384471549480909 
0.98826705613176224485 0.00000000099999999998 0.00000000099999999998 0.01173294186823777355 
0.98853460512917801228 0.00000000099999999999 0.00620771394329247984 0.00525767992752958734 
0.97349796099311813879 0.00000000099999999999 0.01581305302690749412 0.01068898497997434680 
0.96694336231356781131 0.00000000099999999999 0.01062706278310370477 0.02242957390332837517 
0.99999989560072388706 0.00000000099999999999 0.00000010239927614366 0.00000000099999999999 
0.00202450703915275140 0.00000000099999999998 0.00000000099999999998 0.99797549096084714471 
0.99984544245583428790 0.00000000099999999999 0.00014824930845049080 0.00000630723571520004 
0.00000000099999999983 0.99999999699999997382 0.00000000099999999983 0.00000000099999999983 
0.99375224367061032460 0.00000000100000000000 0.00335490546839330118 0.00289284986099630492 
0.00000000099999999994 0.99999999700000008485 0.00000000099999999994 0.00000000099999999994 
0.00000000099999999985 0.99999999700000008485 0.00000000099999999985 0.00000000099999999985 
0.97170848440402723956 0.00000000099999999999 0.00001882766386893604 0.02827268693210392009 
0.98732693855217446011 0.00000000099999999999 0.01267305944782558778 0.00000000099999999999 
0.97548791576484517041 0.00000458093323584893 0.00000000100000000000 0.02450750230191902843 
0.00000000099999999987 0.99999999700000008485 0.00000000099999999987 0.00000000099999999987 
0.00000000099999999996 0.00000000099999999996 0.00000000099999999996 0.99999999699999997382 
0.00000000099999999996 0.00000000099999999996 0.00000000099999999996 0.99999999700000008485 
0.00000000099999999985 0.99999999700000008485 0.00000000099999999985 0.00000000099999999985 
0.97865452880680581238 0.00000000100000000000 0.01013013770393698769 0.01121533248925716229 
0.93983908369068491773 0.00000000100000000000 0.01605840999870089200 0.04410250531061430529 
0.00000000099999999986 0.99999999700000008485 0.00000000099999999986 0.00000000099999999986 
0.97961726992842546036 0.00000000099999999999 0.01083379660565998021 0.00954893246591453568 
0.00000000099999999995 0.00000000099999999995 0.00000000099999999995 0.99999999700000008485 
0.54449953246808924234 0.10675057887864843054 0.11193787823907536128 0.23681201041418703523 
0.96325444706288454455 0.00458178135684727227 0.00000000100000000000 0.03216377058026816116 
0.94586789918808178435 0.00000000099999999999 0.01600010143536667595 0.03813199837655161656 
0.97835143475416386227 0.00000000099999999999 0.01841520833205114935 0.00323335591378507521 
0.98499823117032991870 0.00000000099999999999 0.01471408356062277496 0.00028768426904723677 
0.99396772774022734698 0.00000000099999999999 0.00603227025977276770 0.00000000099999999999 
0.98880844370693565804 0.00000000099999999999 0.00000000099999999999 0.01119155429306426842 
0.97293437991078468574 0.00000000099999999999 0.01648402060358125990 0.01058159848563406356 
0.95663140386512723889 0.00832973023320763770 0.00823421949812377929 0.02680464640354140657 
0.00000000099999999997 0.00000000099999999997 0.00000000099999999997 0.99999999700000008485 
0.96667717431296817931 0.00000000099999999999 0.01041813003065314089 0.02290469465637872543 
0.98981014811837086942 0.00000000099999999999 0.01018984988162918888 0.00000000099999999999 
0.94468861713339657982 0.00000000100000000000 0.00556158490013305192 0.04974979696647041649 
0.97850949852580904054 0.00000000099999999999 0.00000000099999999999 0.02149049947419106113 
0.95466126873556123034 0.00242727269433633567 0.00554328354777035206 0.03736817502233214655 
0.99943649151405200559 0.00000000099999999999 0.00056198154536812926 0.00000152594057987540 
0.97871656864255374142 0.00000000100000000000 0.00224948646342061328 0.01903394389402578157 
0.00176121742356078522 0.00000000099999999998 0.00000000099999999998 0.99823878057643933293 
0.95527695056274397611 0.00000000099999999999 0.02087168344546116647 0.02385136499179485794 
0.97614926642183996730 0.00000000099999999999 0.01364588835558987190 0.01020484422257021684 
0.97402707551544864817 0.01109922053573754279 0.00021625310388986225 0.01465745084492401339 
0.00000000543104591738 0.00000000099999999998 0.00000000099999999998 0.99999999256895399924 
0.95103727992978914774 0.01927238813808630075 0.00000008375240485816 0.02969024817971972416 
0.97413399094659625099 0.00000000100000000000 0.01255106709450996491 0.01331494095889373952 
0.50611403966063006621 0.00000000099999999999 0.01192304763708057318 0.48196291170228933165 
0.96955886798539436811 0.00000000099999999998 0.00000000099999999998 0.03044113001460564336 
0.00000000099999999986 0.99999999699999997382 0.00000000099999999986 0.00000000099999999986 
0.95907049643008757123 0.00000000099999999999 0.01978205152708828116 0.02114745104282404059 
0.96245227760581386622 0.00000000100000000000 0.00787007861553230652 0.02967764277865375319 
