0.00032248942955857683 0.96573420038755597439 0.00787559792126830624 0.02606771226161717567 
0.00000000099999999996 0.00000000099999999996 0.99999999699999986280 0.00000000099999999996 
0.00000000099999999996 0.00000000099999999996 0.99999999699999986280 0.00000000099999999996 
0.00000000099999999999 0.95171323184624589953 0.04277866488357386782 0.00550810227018017247 
0.00000000100000000000 0.98640531931393282683 0.00038140596305147415 0.01321327372301572822 
0.00000000099999999999 0.96310287957941420611 0.03053193944444361832 0.00636517997614220298 
0.00000000099999999997 0.00000000099999999997 0.99999999699999997382 0.00000000099999999997 
0.00000000099999999995 0.00000000099999999995 0.99999999699999997382 0.00000000099999999995 
0.00000000099999999999 0.97143128023745950461 0.00886088806447748491 0.01970783069806320703 
0.00000000099999999997 0.00000000099999999997 0.99999999699999997382 0.00000000099999999997 
0.00000000100000000000 0.96847794765414962903 0.01775855269095447803 0.01376349865489587092 
0.00000000099999999999 0.96592845897314094650 0.02256767578054021464 0.01150386424631874398 
0.00000000100000000000 0.98611480197066547770 0.00504801283392633353 0.00883718419540823613 
0.00000000100000000000 0.96982768837671107232 0.01051988584259925218 0.01965242478068967777 
0.00608850862199542073 0.97111504900502143567 0.00117864580366828912 0.02161779656931475668 
0.00000000099999999999 0.90570747464410361616 0.06099317857147840832 0.03329934578441810095 
0.00000000100000000000 0.99240687745095934602 0.00742759241491330619 0.00016552913412737615 
0.00538939816625508186 0.98809047897253832193 0.00000000100000000000 0.00652012186120666699 
0.00816937945502525451 0.97717029611497419062 0.00318495512748877708 0.01147536930251185500 
0.00000000099999999998 0.99130269434788587102 0.00076791352287258101 0.00792939112924161658 
0.00000000100000000000 0.99614128699852810822 0.00385293371076086098 0.00000577829071092616 
0.00000000099999999998 0.00000000099999999998 0.99999999699999997382 0.00000000099999999998 
0.00000000099999999999 0.96973531377427490963 0.03026468422572519551 0.00000000099999999999 
0.00000000099999999999 0.95810940325760529657 0.03782062100128213977 0.00406997474111251735 
0.00000000099999999999 0.96670015489260485708 0.03329979756758190412 0.00000004653981326282 
0.00000000099999999999 0.99312259426568894050 0.00000000099999999999 0.00687740373431109872 
0.00000000099999999988 0.00000000099999999988 0.00000000099999999988 0.99999999700000008485 
0.00000000099999999986 0.00000000099999999986 0.00000000099999999986 0.99999999700000008485 
0.00000000100000000000 0.98304569232481442409 0.00526238590883283675 0.01169192076635281949 
0.00000000099999999999 0.98502080443548423183 0.00000000099999999999 0.01497919356451581432 
0.00000000099999999999 0.97043466129180788737 0.02956533670819215184 0.00000000099999999999 
0.00000000099999999998 0.00000000099999999998 0.99999999699999986280 0.00000000099999999998 
0.00000000099999999997 0.39857764179859017650 0.24042897972235210968 0.36099337747905768659 
0.00000000099999999999 0.99857526553245634648 0.00037985786926921010 0.00104487559827436366 
0.99999999700000008485 0.00000000099999999986 0.00000000099999999986 0.00000000099999999986 
0.99999999699999997382 0.00000000099999999982 0.00000000099999999982 0.00000000099999999982 
0.99999999699999997382 0.00000000099999999982 0.00000000099999999982 0.00000000099999999982 
0.00000000099999999988 0.00000000099999999988 0.00000000099999999988 0.99999999700000008485 
0.00000000099999999987 0.00000000099999999987 0.00000000099999999987 0.99999999700000008485 
0.00000000099999999999 0.99437072570831441798 0.00204299778332621721 0.00358627550835947505 
0.00000000099999999998 0.00000000099999999998 0.99999999699999986280 0.00000000099999999998 
0.00000000099999999987 0.00000000099999999987 0.00000000099999999987 0.99999999699999997382 
0.00000000099999999999 0.96008744498482989638 0.02774860376814940535 0.01216395024702069880 
0.00000000099999999996 0.00000000099999999996 0.99999999699999997382 0.00000000099999999996 
0.00000000099999999989 0.00000000099999999989 0.00000000099999999989 0.99999999699999997382 
0.00000000099999999999 0.97053613319634490786 0.01949695719138225258 0.00996690861227284702 
0.00000000099999999987 0.00000000099999999987 0.00000000099999999987 0.99999999700000008485 
0.00000000099999999997 0.00000000099999999997 0.99999999699999986280 0.00000000099999999997 
0.00000000099999999995 0.00000000099999999995 0.99999999699999997382 0.00000000099999999995 
0.00000000099999999986 0.00000000099999999986 0.00000000099999999986 0.99999999699999997382 
0.00000000099999999987 0.00000000099999999987 0.00000000099999999987 0.99999999700000008485 
0.00000000099999999997 0.00000000099999999997 0.99999999699999997382 0.00000000099999999997 
0.00000000099999999996 0.00000000099999999996 0.99999999699999986280 0.00000000099999999996 
0.00000000099999999997 0.00000000099999999997 0.99999999699999986280 0.00000000099999999997 
0.00000000099999999989 0.00000000099999999989 0.00000000099999999989 0.99999999700000008485 
0.00000000100000000000 0.93179074479490109351 0.04862448752201835311 0.01958476668308059901 
0.00000000100000000000 0.96769041113594256309 0.00211849603776540244 0.03019109182629202762 
0.00000000099999999999 0.97031709497333828995 0.02968290302666168681 0.00000000099999999999 
0.00000000099999999999 0.97801507848605551132 0.01752447551556321828 0.00446044499838128133 
0.00000000099999999996 0.00000000099999999996 0.99999999699999997382 0.00000000099999999996 
0.00160631837852604365 0.98804493420418237903 0.00056875176897763324 0.00977999564831385192 
0.99999999699999997382 0.00000000099999999985 0.00000000099999999985 0.00000000099999999985 
0.00000000099999999998 0.98058871104759881554 0.01006759965914488450 0.00934368829325644100 
0.99999999699999997382 0.00000000099999999985 0.00000000099999999985 0.00000000099999999985 
0.00000000100000000000 0.95227772131883781093 0.04659146778616109902 0.00113080989500107475 
0.99999999699999997382 0.00000000099999999986 0.00000000099999999986 0.00000000099999999986 
0.00000000099999999999 0.98174348618434825742 0.01255989455591467914 0.00569661825973716025 
0.00000002756313769250 0.97397864560632718689 0.01532119741834645464 0.01070012941218864873 
0.00000000099999999995 0.00000000099999999995 0.99999999699999997382 0.00000000099999999995 
0.00000000099999999998 0.99999852513956943856 0.00000147286043049137 0.00000000099999999998 
0.99999999700000008485 0.00000000099999999985 0.00000000099999999985 0.00000000099999999985 
0.99999999699999997382 0.00000000099999999987 0.00000000099999999987 0.00000000099999999987 
0.00000000099999999999 0.89794639478240645403 0.08720922507124892475 0.01484437914634452113 
0.00000000099999999995 0.00000000099999999995 0.99999999699999986280 0.00000000099999999995 
0.00000000099999999989 0.00000000099999999989 0.00000000099999999989 0.99999999699999997382 
0.00000000099999999996 0.00000000099999999996 0.99999999699999986280 0.00000000099999999996 
0.00117273508253683961 0.95684146350254339897 0.04198580041491967868 0.00000000100000000000 
0.99999999700000008485 0.00000000099999999984 0.00000000099999999984 0.00000000099999999984 
0.00000000099999999985 0.00000000099999999985 0.00000000099999999985 0.99999999699999997382 
0.99999999700000008485 0.00000000099999999987 0.00000000099999999987 0.00000000099999999987 
0.00320335047606377802 0.97282832715321720940 0.00233388947115437161 0.02163443289956448051 
0.00000000099999999995 0.00000000099999999995 0.99999999699999997382 0.00000000099999999995 
0.00000000099999999996 0.00000000099999999996 0.99999999699999986280 0.00000000099999999996 
0.00000000099999999999 0.75936312198868638479 0.23603660551033048276 0.00460027150098329517 
0.00000000100000000000 0.96902873992231119971 0.00606972668055193263 0.02490153239713698355 
0.00000000099999999999 0.98533720738229979563 0.01466266341422274577 0.00000012820347749126 
0.00000000099999999999 0.97116886867507412617 0.02883112932492585406 0.00000000099999999999 
0.00000000100000000000 0.99689936136183998627 0.00053224599074827106 0.00256839164741171164 
0.00000000099999999998 0.99999999700000008485 0.00000000099999999998 0.00000000099999999998 
0.00000000099999999999 0.98433686213650761765 0.01492925617106327478 0.00073388069242917553 
0.00000000099999999999 0.97611236828161374035 0.01325715183774733331 0.01063047888063901707 
0.00000000100000000000 0.95811159587965510909 0.04188839827890051409 0.00000000484144455158 
0.00000000099999999996 0.00000000099999999996 0.99999999699999986280 0.00000000099999999996 
0.00000000099999999998 0.00000762705663878701 0.99999237094336124176 0.00000000099999999998 
0.99999999700000008485 0.00000000099999999991 0.00000000099999999991 0.00000000099999999991 
0.00000000099999999998 0.00000000099999999998 0.99999999699999997382 0.00000000099999999998 
0.00000000099999999998 0.00000000099999999998 0.99999999699999997382 0.00000000099999999998 
0.00000000099999999999 0.96209652202641282592 0.02742864534555645301 0.01047483162803068690 
0.99999999700000008485 0.00000000099999999982 0.00000000099999999982 0.00000000099999999982 
0.00000000100000000000 0.99174512413108695252 0.00000000100000000000 0.00825487386891323935 
0.00000000099999999999 0.97032213776829290275 0.02124669493364493914 0.00843116629806227834 
0.00201006395835915449 0.98333335958144685307 0.00464006380070785054 0.01001651265948621042 
0.00000000100000000000 0.96399617795601810766 0.02899851811571195828 0.00700530292826997709 
0.00049499560560622362 0.99226121984911208607 0.00686952866949312995 0.00037425587578866071 
0.00000003645325752755 0.95743031420282920241 0.04250114169193029007 0.00006850765198305632 
0.00000000100000000000 0.98916495433097617607 0.00180628155128684372 0.00902876311773700806 
0.00000000100000000000 0.97223851026683671961 0.01653352455123308085 0.01122796418193018619 
0.00443092467479346084 0.94727247681875115237 0.01624690460311867257 0.03204969390333682611 
0.00000000099999999999 0.97726252889882470054 0.00770313439475170565 0.01503433570642354576 
0.00000000099999999999 0.99934371203292182706 0.00065628596707819969 0.00000000099999999999 
0.00096671842188321129 0.94319266222492126328 0.02714417285572760796 0.02869644649746775147 
0.00000000099999999999 0.98592389182543804793 0.00000000099999999999 0.01407610617456208496 
0.00000000100000000000 0.98457484452035848310 0.01485372429655712652 0.00057143018308427034 
0.00000000099999999999 0.99687995143164187528 0.00166476040385625914 0.00145528716450183944 
0.00000000099999999999 0.96241130843126121430 0.03758868956873882838 0.00000000099999999999 
0.00000000100000000000 0.97024952056964630653 0.01881417534886515447 0.01093630308148865575 
0.00000000099999999999 0.95549837083123267956 0.04450162716876737007 0.00000000099999999999 
0.00000000100000000000 0.99064927999734442299 0.00747005044703233194 0.00188066855562332236 
0.00000000099999999999 0.96827583054658439288 0.02934204151028504265 0.00238212694313059709 
0.06803540168846894387 0.89702698992617502238 0.02785132656492854755 0.00708628182042739078 
0.00000000099999999999 0.99271828549776064410 0.00728171250223941594 0.00000000099999999999 
0.00000000099999999998 0.97823804141617276553 0.02176195658382735695 0.00000000099999999998 
0.00000000099999999998 0.96930828690148107540 0.03069163342012210319 0.00000007867839684847 
0.00000000099999999999 0.97854063047512418461 0.00219161085954153005 0.01926775766533418005 
0.00000000099999999998 0.98188000283161591675 0.01811999516838402186 0.00000000099999999998 
0.00362509586437869237 0.98033161403807511647 0.00754652598483391852 0.00849676411271222537 
0.00000000099999999999 0.97554642003750269286 0.01557610036877954407 0.00887747859371776013 
0.00000000099999999999 0.99705227280398134315 0.00000000099999999999 0.00294772519601878237 
0.00000000099999999998 0.96258909814933357740 0.03741089985066652079 0.00000000099999999998 
0.00000000099999999996 0.00000000099999999996 0.99999999699999986280 0.00000000099999999996 
0.00000000099999999998 0.00000000104512198328 0.99999999695487795659 0.00000000099999999998 
0.99999999699999997382 0.00000000099999999988 0.00000000099999999988 0.00000000099999999988 
0.00000000099999999985 0.00000000099999999985 0.00000000099999999985 0.99999999700000008485 
0.00000000100000000000 0.04628865113120838454 0.91391835372070484578 0.03979299414808688123 
0.00000000099999999998 0.98284697395006870302 0.01715302404993136048 0.00000000099999999998 
0.00000000114647010856 0.96336616264019392375 0.03205632140924221524 0.00457751480409382058 
0.00000000099999999999 0.00000000099999999999 0.99604646841123400947 0.00395352958876593955 
0.00000000099999999999 0.97721129239561332902 0.02278870560438680040 0.00000000099999999999 
0.00000000099999999998 0.98164263083685998623 0.00313724552260536771 0.01522012264053456201 
0.00000000099999999999 0.99390131492958855297 0.00000000099999999999 0.00609868307041154089 
0.99999999699999997382 0.00000000099999999984 0.00000000099999999984 0.00000000099999999984 
0.99999999700000008485 0.00000000099999999985 0.00000000099999999985 0.00000000099999999985 
0.99999999700000008485 0.00000000099999999982 0.00000000099999999982 0.00000000099999999982 
0.99999999700000008485 0.00000000099999999983 0.00000000099999999983 0.00000000099999999983 
0.99999999699999997382 0.00000000099999999983 0.00000000099999999983 0.00000000099999999983 
0.00000000099999999998 0.00000000099999999998 0.99999999699999997382 0.00000000099999999998 
0.00000000100000000000 0.97968191174137597699 0.00567132502863298103 0.01464676222999109628 
0.99999999699999997382 0.00000000099999999983 0.00000000099999999983 0.00000000099999999983 
0.99999999699999997382 0.00000000099999999985 0.00000000099999999985 0.00000000099999999985 
0.00000000099999999985 0.00000000099999999985 0.00000000099999999985 0.99999999700000008485 
0.00000000099999999985 0.00000000099999999985 0.00000000099999999985 0.99999999699999997382 
0.00000000099999999999 0.99998642807981308334 0.00001356992018698465 0.00000000099999999999 
0.99999999700000008485 0.00000000099999999984 0.00000000099999999984 0.00000000099999999984 
0.00004695005088183831 0.97958643911438969543 0.02036660983472831851 0.00000000100000000000 
0.00000000099999999999 0.99762821868889040022 0.00000000099999999999 0.00237177931110978081 
0.00000000099999999998 0.03845660121314641716 0.96154339678685352144 0.00000000099999999998 
0.00000000099999999999 0.98470603844170490060 0.01526835830555443342 0.00002560225274083315 
0.00000000099999999995 0.00000000099999999995 0.99999999699999997382 0.00000000099999999995 
0.00000000099999999999 0.96497843223600832108 0.02615657545993918184 0.00886499130405239526 
0.00000000099999999995 0.00000000099999999995 0.99999999699999986280 0.00000000099999999995 
0.00000000100000000000 0.96308147058837623167 0.01643642694997527257 0.02048210146164846160 
0.00000000100000000000 0.98376520549520951597 0.00008543153478636638 0.01614936197000428619 
0.99999999700000008485 0.00000000099999999986 0.00000000099999999986 0.00000000099999999986 
0.00000000099999999996 0.00000000099999999996 0.99999999699999997382 0.00000000099999999996 
0.99999999699999997382 0.00000000099999999983 0.00000000099999999983 0.00000000099999999983 
0.99999999700000008485 0.00000000099999999983 0.00000000099999999983 0.00000000099999999983 
0.00000000100000000000 0.98576813490851855626 0.01300394145265217766 0.00122792263882933210 
0.00000000099999999999 0.96738966281494731536 0.03210829025056492758 0.00050204593448779315 
0.00000000099999999998 0.98847882893520022662 0.01152116906479964953 0.00000000099999999998 
0.00000000099999999999 0.98864763770259866948 0.00513324055144604753 0.00621912074595525662 
0.00000000099999999999 0.97372951524690476433 0.01047082357464525389 0.01579966017845010895 
0.00000000099999999999 0.96713760154257621959 0.02225182496461476298 0.01061057249280908735 
0.00000000099999999999 0.99999997852962752010 0.00000000099999999999 0.00000001947037261867 
0.00000000099999999998 0.00086826561229354758 0.99913173238770636164 0.00000000099999999998 
0.00000000099999999999 0.99989743907492889541 0.00000284269350905812 0.00009971723156198281 
0.99999999700000008485 0.00000000099999999983 0.00000000099999999983 0.00000000099999999983 
0.00000000100000000000 0.99405182357661248105 0.00261097119661597016 0.00333720422677153544 
0.99999999700000008485 0.00000000099999999994 0.00000000099999999994 0.00000000099999999994 
0.99999999699999997382 0.00000000099999999985 0.00000000099999999985 0.00000000099999999985 
0.00000000099999999999 0.97191048376681943299 0.02808155205856080472 0.00000796317461981689 
0.00000000099999999999 0.98736254641249654451 0.00000000099999999999 0.01263745158750354328 
0.00000176951686436368 0.97568479872365787564 0.02431343075947777280 0.00000000100000000000 
0.99999999700000008485 0.00000000099999999987 0.00000000099999999987 0.00000000099999999987 
0.00000000099999999996 0.00000000099999999996 0.99999999699999997382 0.00000000099999999996 
0.00000000099999999996 0.00000000099999999996 0.99999999699999997382 0.00000000099999999996 
0.99999999700000008485 0.00000000099999999985 0.00000000099999999985 0.00000000099999999985 
0.00000000100000000000 0.97890174648834094029 0.01098353183964602409 0.01011472067201299799 
0.00000000100000000000 0.93998449971969721961 0.04396586685055111493 0.01604963242975166599 
0.99999999699999997382 0.00000000099999999986 0.00000000099999999986 0.00000000099999999986 
0.00000000099999999999 0.97988010509560463657 0.00930279984628846514 0.01081709405810694219 
0.00000000099999999995 0.00000000099999999995 0.99999999699999997382 0.00000000099999999995 
0.10675098294881119054 0.54459609692821653315 0.23672609677904549175 0.11192682334392682619 
0.00457259231924227617 0.96346321902948317550 0.03196418765127458095 0.00000000100000000000 
0.00000000099999999999 0.94605364100411160067 0.03796309024091535506 0.01598326775497300317 
0.00000000099999999999 0.97862738950626104728 0.00296903632137476879 0.01840357317236423693 
0.00000000099999999999 0.98511654131791692723 0.00019399703763695251 0.01468946064444630328 
0.00000000099999999999 0.99399265628489019697 0.00000000099999999999 0.00600734171510991337 
0.00000000099999999999 0.98887927206981518502 0.01112072593018466858 0.00000000099999999999 
0.00000000099999999999 0.97317402705924749284 0.01035603748723120873 0.01646993445352123997 
0.00832988060737486699 0.95680087840599603588 0.02665064206510556893 0.00821859892152361840 
0.00000000099999999997 0.00000000099999999997 0.99999999699999997382 0.00000000099999999997 
0.00000000099999999999 0.96685512041712484699 0.02274118877130155980 0.01040368981157365619 
0.00000000099999999999 0.98984348828239299145 0.00000000099999999999 0.01015650971760706858 
0.00000000100000000000 0.94488684981756587700 0.04957087971054220665 0.00554226947189190994 
0.00000000099999999999 0.97871235035389791967 0.02128764764610213689 0.00000000099999999999 
0.00244748569371883076 0.95484944107392588641 0.03719171923840690341 0.00551135399394847049 
0.00000000099999999999 0.99950824036025709418 0.00000064176609878030 0.00049111687364405347 
0.00000000100000000000 0.97896180314337111206 0.01882830484779364141 0.00220989100883531037 
0.00000000099999999998 0.00135350051446250091 0.99864649748553746544 0.00000000099999999998 
0.00000000099999999999 0.95543277289497241522 0.02371230315826171678 0.02085492294676593444 
0.00000000099999999999 0.97638214232106357304 0.00998523560548416310 0.01363262107345239622 
0.01111488611416740387 0.97426695939766172483 0.01446171889190153714 0.00015643559626930039 
0.00000000099999999998 0.00000000528859830022 0.99999999271140160850 0.00000000099999999998 
0.01927107664887930255 0.95118619752814959067 0.02954270836247386428 0.00000001746049726804 
0.00000000100000000000 0.97436577397597134986 0.01309667743605599441 0.01253754758797278636 
0.00000000099999999999 0.50619975237370229415 0.48188977976900504441 0.01191046685729278513 
0.00000000099999999998 0.96972493797654535364 0.03027506002345462660 0.00000000099999999998 
0.99999999700000008485 0.00000000099999999986 0.00000000099999999986 0.00000000099999999986 
0.00000000099999999999 0.95928880986873121817 0.02094319430384868758 0.01976799482742024744 
0.00000000100000000000 0.96262622936683361896 0.02952557530290951179 0.00784819433025692875 
