0.96556318680780095498 0.02605820507909076267 0.00034285578261686149 0.00803575233049151454 
0.00000000099999999996 0.00000000099999999996 0.00000000099999999996 0.99999999699999997382 
0.00000000099999999996 0.00000000099999999996 0.00000000099999999996 0.99999999699999997382 
0.95159168839333707623 0.00550619238124270497 0.00000000099999999999 0.04290211822542026182 
0.98632474407246750747 0.01320645847511056799 0.00000000100000000000 0.00046879645242193379 
0.96299595432118345606 0.00636320467197320876 0.00000000099999999999 0.03064084000684348663 
0.00000000099999999997 0.00000000099999999997 0.00000000099999999997 0.99999999699999997382 
0.00000000099999999995 0.00000000099999999995 0.00000000099999999995 0.99999999700000008485 
0.97127192286216379458 0.01970790986108228102 0.00000000099999999999 0.00902016627675396310 
0.00000000099999999997 0.00000000099999999997 0.00000000099999999997 0.99999999700000008485 
0.96839164698864499403 0.01376608746717308644 0.00000000100000000000 0.01784226454418208485 
0.96579422259816871676 0.01150521457645437527 0.00000000099999999999 0.02270056182537694839 
0.98591882762043692168 0.00883285145096690365 0.00000000100000000000 0.00524831992859632872 
0.96967080269573935336 0.01964991370570171036 0.00000000100000000000 0.01067928259855882925 
0.97096474108292762928 0.02161790435148796055 0.00608624051720828892 0.00133111404837617611 
0.90561120433160191556 0.03330091618997482045 0.00000000099999999999 0.06108787847842327146 
0.99223293260026068641 0.00017398302931983340 0.00000000100000000000 0.00759308337041954013 
0.98808389653702799471 0.00653151716998233347 0.00538458529298960556 0.00000000100000000000 
0.97699829127711035337 0.01147199858862103621 0.00816729106662231023 0.00336241906764623818 
0.99117017214972802375 0.00792912793698835779 0.00000000099999999998 0.00090069891328360772 
0.99594406538685142927 0.00000673244640771818 0.00000000100000000000 0.00404920116674092456 
0.00000000100365670498 0.00000000099999999998 0.00000000099999999998 0.99999999699634323225 
0.96962599158544149347 0.00000000099999999999 0.00000000099999999999 0.03037400641455844860 
0.95799414952345562924 0.00407253189200242408 0.00000000099999999999 0.03793331758454195068 
0.96657298801083690876 0.00000006169770515670 0.00000000099999999999 0.03342694929145793165 
0.99311357099296482254 0.00688642700703510739 0.00000000099999999999 0.00000000099999999999 
0.00000000099999999988 0.99999999700000008485 0.00000000099999999988 0.00000000099999999988 
0.00000000099999999986 0.99999999699999997382 0.00000000099999999986 0.00000000099999999986 
0.98286814554612955686 0.01169112234039158121 0.00000000100000000000 0.00544073111347883383 
0.98500978845831688169 0.01499020954168315753 0.00000000099999999999 0.00000000099999999999 
0.97030027259461948397 0.00000000099999999999 0.00000000099999999999 0.02969972540538066280 
0.00000000099999999998 0.00000000099999999998 0.00000000099999999998 0.99999999700000008485 
0.39853363155595739054 0.36099396922178916824 0.00000000099999999997 0.24047239822225358052 
0.99848021237392381444 0.00104723482287766116 0.00000000099999999999 0.00047255180319849337 
0.00000000099999999986 0.00000000099999999986 0.99999999699999986280 0.00000000099999999986 
0.00000000099999999982 0.00000000099999999982 0.99999999699999997382 0.00000000099999999982 
0.00000000099999999982 0.00000000099999999982 0.99999999699999986280 0.00000000099999999982 
0.00000000099999999988 0.99999999700000008485 0.00000000099999999988 0.00000000099999999988 
0.00000000099999999987 0.99999999700000008485 0.00000000099999999987 0.00000000099999999987 
0.99418789957673026070 0.00358848664774648590 0.00000000099999999999 0.00222361277552328125 
0.00000000099999999998 0.00000000099999999998 0.00000000099999999998 0.99999999700000008485 
0.00000000099999999987 0.99999999699999997382 0.00000000099999999987 0.00000000099999999987 
0.95996059888857276921 0.01216212985561603878 0.00000000099999999999 0.02787727025581122897 
0.00000000099999999996 0.00000000099999999996 0.00000000099999999996 0.99999999699999997382 
0.00000000099999999989 0.99999999700000008485 0.00000000099999999989 0.00000000099999999989 
0.97039810732587583608 0.00996697394853432624 0.00000000099999999999 0.01963491772558993709 
0.00000000099999999987 0.99999999700000008485 0.00000000099999999987 0.00000000099999999987 
0.00000000099999999997 0.00000000099999999997 0.00000000099999999997 0.99999999700000008485 
0.00000000099999999995 0.00000000099999999995 0.00000000099999999995 0.99999999700000008485 
0.00000000099999999986 0.99999999699999997382 0.00000000099999999986 0.00000000099999999986 
0.00000000099999999987 0.99999999699999997382 0.00000000099999999987 0.00000000099999999987 
0.00000000099999999997 0.00000000099999999997 0.00000000099999999997 0.99999999700000008485 
0.00000000099999999996 0.00000000099999999996 0.00000000099999999996 0.99999999700000008485 
0.00000000099999999997 0.00000000099999999997 0.00000000099999999997 0.99999999699999997382 
0.00000000099999999989 0.99999999699999997382 0.00000000099999999989 0.00000000099999999989 
0.93167782573060797802 0.01958387099072414136 0.00000000138616155918 0.04873830189250635131 
0.96751599313523140022 0.03018637402788756224 0.00000000100000000000 0.00229763183688112393 
0.97020350988395187564 0.00000000099999999999 0.00000000099999999999 0.02979648811604820521 
0.97791958862675387731 0.00446372617892149427 0.00000000099999999999 0.01761668419432451879 
0.00000000099999999996 0.00000000099999999996 0.00000000099999999996 0.99999999699999997382 
0.98792254627460784899 0.00977930280393850965 0.00161430792446637579 0.00068384299698713623 
0.00000000099999999985 0.00000000099999999985 0.99999999699999986280 0.00000000099999999985 
0.98052211262539434866 0.00933092210819280732 0.00000000099999999998 0.01014696426641281853 
0.00000000099999999985 0.00000000099999999985 0.99999999699999997382 0.00000000099999999985 
0.95215431221004365181 0.00113685587492755183 0.00000000100000000000 0.04670883091502874007 
0.00000000099999999986 0.00000000099999999986 0.99999999699999986280 0.00000000099999999986 
0.98159781270835622102 0.00569511181628101597 0.00000000099999999999 0.01270707447536279996 
0.97384865744922799458 0.01070033884369498214 0.00000007463947328368 0.01545092906760366265 
0.00000000099999999995 0.00000000099999999995 0.00000000099999999995 0.99999999700000008485 
0.99999734869575396257 0.00000000099999999998 0.00000000099999999998 0.00000264930424595502 
0.00000000099999999985 0.00000000099999999985 0.99999999699999997382 0.00000000099999999985 
0.00000000099999999987 0.00000000099999999987 0.99999999699999997382 0.00000000099999999987 
0.89783554122321052038 0.01484664053739152834 0.00000000099999999999 0.08731781723939796569 
0.00000000099999999995 0.00000000099999999995 0.00000000099999999995 0.99999999699999997382 
0.00000000099999999989 0.99999999700000008485 0.00000000099999999989 0.00000000099999999989 
0.00000000099999999996 0.00000000099999999996 0.00000000099999999996 0.99999999699999997382 
0.95671032553272461474 0.00000000100000000000 0.00118107039869324248 0.04210860306858205115 
0.00000000099999999984 0.00000000099999999984 0.99999999699999986280 0.00000000099999999984 
0.00000000099999999985 0.99999999700000008485 0.00000000099999999985 0.00000000099999999985 
0.00000000099999999987 0.00000000099999999987 0.99999999699999986280 0.00000000099999999987 
0.97265421549529751388 0.02163273869808464075 0.00320426702082342307 0.00250877878579433946 
0.00000000099999999995 0.00000000099999999995 0.00000000099999999995 0.99999999700000008485 
0.00000000099999999996 0.00000000099999999996 0.00000000099999999996 0.99999999700000008485 
0.75927526565525593760 0.00460164487998410577 0.00000000099999999999 0.23612308846476007251 
0.96883008383863911117 0.02489711009640403067 0.00000000100000000000 0.00627280506495682486 
0.98519131468769804982 0.00000017216126079789 0.00000000099999999999 0.01480851215104119455 
0.97103742892395406017 0.00000000099999999999 0.00000000099999999999 0.02896256907604602762 
0.99678385130823965454 0.00257328738225624278 0.00000000100000000000 0.00064286030950400617 
0.99999999700000008485 0.00000000099999999998 0.00000000099999999998 0.00000000099999999998 
0.98418752137750009634 0.00074335859998021986 0.00000000099999999999 0.01506911902251988414 
0.97599501230570095966 0.01062164227650514749 0.00000000099999999999 0.01338334441779390378 
0.95799173510005020127 0.00000000508765891091 0.00000000142222355680 0.04200825839006734619 
0.00000000099999999996 0.00000000099999999996 0.00000000099999999996 0.99999999700000008485 
0.00001919599153122776 0.00000000099999999998 0.00000000099999999998 0.99998080200846872767 
0.00000000099999999991 0.00000000099999999991 0.99999999699999986280 0.00000000099999999991 
0.00000000099999999998 0.00000000099999999998 0.00000000099999999998 0.99999999700000008485 
0.00000000099999999998 0.00000000099999999998 0.00000000099999999998 0.99999999700000008485 
0.96196560696019361991 0.01047490760652620805 0.00000000099999999999 0.02755948443328028533 
0.00000000099999999982 0.00000000099999999982 0.99999999699999986280 0.00000000099999999982 
0.99173593042319829749 0.00826406757680167581 0.00000000100000000000 0.00000000100000000000 
0.97018999493340885021 0.00843300380517191667 0.00000000099999999999 0.02137700026141937243 
0.98314874508565253119 0.01001408262262725064 0.00201790244108900757 0.00481926985063120452 
0.96385923738876599920 0.00700686461216201706 0.00000000100000000000 0.02913389699907201549 
0.99207349445070092120 0.00034450489310020705 0.00053935821634080853 0.00704264243985812475 
0.95731969384760540187 0.00007279019908208406 0.00000013937328361199 0.04260737658002888839 
0.98897056448349607294 0.00902649054410043644 0.00000000100000000000 0.00200294397240351240 
0.97209236989729663758 0.01122902833639095009 0.00000000100000000000 0.01667860076631239377 
0.94713613268885954444 0.03204656538808653421 0.00443248999832476526 0.01638481192472901818 
0.97709684881113534338 0.01503384368171388139 0.00000000099999999999 0.00786930650715073760 
0.99921610580660780165 0.00000000099999999999 0.00000000099999999999 0.00078389219339241570 
0.94307758067453628659 0.02869389373095919404 0.00097681772245494271 0.02725170787204953676 
0.98591723186476787344 0.01408276613523224037 0.00000000099999999999 0.00000000099999999999 
0.98441782546112943653 0.00058264091633938257 0.00000000100000000000 0.01499953262253110944 
0.99671232349943017503 0.00145465410655159165 0.00000000099999999999 0.00183302139401828003 
0.96228610136169190348 0.00000000099999999999 0.00000000099999999999 0.03771389663830818084 
0.97014351063885051474 0.01093538170349629517 0.00000000100000000000 0.01892110665765308827 
0.95537418509216731621 0.00000000099999999999 0.00000000099999999999 0.04462581290783269178 
0.99047280527655823246 0.00188303708229253710 0.00000000100000000000 0.00764415664114934720 
0.96814391916251230086 0.00238576573624928699 0.00000000099999999999 0.02947031410123836237 
0.89685985217065622432 0.00701772258553583824 0.06811715058236698928 0.02800527466144095076 
0.99255393838071992452 0.00000000099999999999 0.00000000099999999999 0.00744605961928007133 
0.97810943909879266567 0.00000000099999999998 0.00000000099999999998 0.02189055890120739090 
0.96919400865323190875 0.00000010474260216266 0.00000000099999999998 0.03080588560416592375 
0.97835830522368527618 0.01926783854441817961 0.00000000099999999999 0.00237385523189653390 
0.98174495849890364152 0.00000000099999999998 0.00000000099999999998 0.01825503950109643586 
0.98015953094537777712 0.00849625269014390658 0.00362378460503609383 0.00772043175944227104 
0.97546220551202333926 0.00886065779062819581 0.00000000099999999999 0.01567713569734852791 
0.99704055881386799420 0.00295943918613210790 0.00000000099999999999 0.00000000099999999999 
0.96247626725093438083 0.00000000099999999998 0.00000000099999999998 0.03752373074906580064 
0.00000000099999999996 0.00000000099999999996 0.00000000099999999996 0.99999999700000008485 
0.00000000428415257330 0.00000000099999999998 0.00000000099999999998 0.99999999371584746832 
0.00000000099999999988 0.00000000099999999988 0.99999999699999986280 0.00000000099999999988 
0.00000000099999999985 0.99999999699999997382 0.00000000099999999985 0.00000000099999999985 
0.04628879891357800397 0.03979518848328749553 0.00000000100000000000 0.91391601160313451491 
0.98274980471288675421 0.00000000099999999998 0.00000000099999999998 0.01725019328711338562 
0.96324143042022547512 0.00457721106099243883 0.00000000659361730955 0.03218135192516480975 
0.00000000099999999999 0.00395531866153434920 0.00000000099999999999 0.99604467933846563277 
0.97707851430893311040 0.00000000099999999999 0.00000000099999999999 0.02292148369106689759 
0.98146696791874832311 0.01521704235232619086 0.00000000099999999998 0.00331598872892543669 
0.99388660257731054060 0.00611339542268953678 0.00000000099999999999 0.00000000099999999999 
0.00000000099999999984 0.00000000099999999984 0.99999999699999997382 0.00000000099999999984 
0.00000000099999999985 0.00000000099999999985 0.99999999699999986280 0.00000000099999999985 
0.00000000099999999982 0.00000000099999999982 0.99999999699999997382 0.00000000099999999982 
0.00000000099999999983 0.00000000099999999983 0.99999999699999986280 0.00000000099999999983 
0.00000000099999999983 0.00000000099999999983 0.99999999699999986280 0.00000000099999999983 
0.00000000099999999998 0.00000000099999999998 0.00000000099999999998 0.99999999700000008485 
0.97951803360135969445 0.01464024359651140694 0.00000000100000000000 0.00584172180212891041 
0.00000000099999999983 0.00000000099999999983 0.99999999699999986280 0.00000000099999999983 
0.00000000099999999985 0.00000000099999999985 0.99999999699999997382 0.00000000099999999985 
0.00000000099999999985 0.99999999699999997382 0.00000000099999999985 0.00000000099999999985 
0.00000000099999999985 0.99999999700000008485 0.00000000099999999985 0.00000000099999999985 
0.99997757942332643477 0.00000000099999999999 0.00000000099999999999 0.00002241857667352495 
0.00000000099999999984 0.00000000099999999984 0.99999999699999997382 0.00000000099999999984 
0.97943168755251086566 0.00000000100000000000 0.00006195326907262567 0.02050635817841663794 
0.99761882013666947078 0.00238117786333045568 0.00000000099999999999 0.00000000099999999999 
0.03846140449878752976 0.00000000099999999998 0.00000000099999999998 0.96153859350121251293 
0.98456324182410714929 0.00003022236949514926 0.00000000099999999999 0.01540653480639765649 
0.00000000099999999995 0.00000000099999999995 0.00000000099999999995 0.99999999699999997382 
0.96487314029657555992 0.00886529832550318753 0.00000000099999999999 0.02626156037792137452 
0.00000000099999999995 0.00000000099999999995 0.00000000099999999995 0.99999999700000008485 
0.96294280170930424134 0.02048297558741899241 0.00000000100000000000 0.01657422170327683617 
0.98372447243947658269 0.01615635365450432751 0.00000000100000000000 0.00011917290601909305 
0.00000000099999999986 0.00000000099999999986 0.99999999699999986280 0.00000000099999999986 
0.00000000099999999996 0.00000000099999999996 0.00000000099999999996 0.99999999700000008485 
0.00000000099999999983 0.00000000099999999983 0.99999999699999986280 0.00000000099999999983 
0.00000000099999999983 0.00000000099999999983 0.99999999699999986280 0.00000000099999999983 
0.98562570745079747248 0.00123248201274864548 0.00000000100000000000 0.01314180953645383704 
0.96726236396797415917 0.00051936742127702310 0.00000000099999999999 0.03221826761074868262 
0.98833481036462011993 0.00000000099999999998 0.00000000099999999998 0.01166518763537994358 
0.98857459878002917897 0.00620063494847804091 0.00000000099999999999 0.00522476527149289254 
0.97358094668820960305 0.01579886026204037688 0.00000000099999999999 0.01062019204975000498 
0.96701583058936790849 0.01061086895305214314 0.00000000099999999999 0.02237329945757990032 
0.99999997278880714546 0.00000002521119287313 0.00000000099999999999 0.00000000099999999999 
0.00148649106562911753 0.00000000099999999998 0.00000000099999999998 0.99851350693437090911 
0.99988286622229749501 0.00011216192070899211 0.00000000099999999999 0.00000497085699351578 
0.00000000099999999983 0.00000000099999999983 0.99999999699999997382 0.00000000099999999983 
0.99386079681429662092 0.00333491522090506674 0.00000000100000000000 0.00280428696479845252 
0.00000000099999999994 0.00000000099999999994 0.99999999699999997382 0.00000000099999999994 
0.00000000099999999985 0.00000000099999999985 0.99999999699999997382 0.00000000099999999985 
0.97177971545241403906 0.00000977779561244383 0.00000000099999999999 0.02821050575197352195 
0.98734868877362580442 0.01265130922637434235 0.00000000099999999999 0.00000000099999999999 
0.97555326540995612739 0.00000000100000000000 0.00000310799479181815 0.02444362559525203871 
0.00000000099999999987 0.00000000099999999987 0.99999999699999986280 0.00000000099999999987 
0.00000000099999999996 0.00000000099999999996 0.00000000099999999996 0.99999999700000008485 
0.00000000099999999996 0.00000000099999999996 0.00000000099999999996 0.99999999700000008485 
0.00000000099999999985 0.00000000099999999985 0.99999999699999986280 0.00000000099999999985 
0.97874442823435336969 0.01011368404152676072 0.00000000100000000000 0.01114188672411987185 
0.93989116499089120360 0.01605007068430963288 0.00000000100000000000 0.04405876332479913282 
0.00000000099999999986 0.00000000099999999986 0.99999999699999986280 0.00000000099999999986 
0.97971305038373401874 0.01081662424205495285 0.00000000099999999999 0.00947032437421110353 
0.00000000099999999995 0.00000000099999999995 0.00000000099999999995 0.99999999699999997382 
0.54453626089330187110 0.11192875012026835824 0.10674945063012120094 0.23678553835630855584 
0.96329949540143411379 0.00000000100000000000 0.00460197131676304619 0.03209853228180287871 
0.94593666572500534340 0.01598583690581504430 0.00000000099999999999 0.03807749636917957814 
0.97844966697178292758 0.01840216195301485128 0.00000000099999999999 0.00314817007520231014 
0.98504756388433833969 0.01469584320528709298 0.00000000099999999999 0.00025659191037463535 
0.99398486020811449571 0.00601513779188542902 0.00000000099999999999 0.00000000099999999999 
0.98883200206092991547 0.00000000099999999999 0.00000000099999999999 0.01116799593907017579 
0.97301984221723436530 0.01646982088149336054 0.00000000099999999999 0.01051033590127241346 
0.95669348310240776012 0.00821978926279148987 0.00833163964902325881 0.02675508798577729691 
0.00000000099999999997 0.00000000099999999997 0.00000000099999999997 0.99999999700000008485 
0.96674330819330622777 0.01040459068001910875 0.00000000099999999999 0.02285210012667467441 
0.98983207284147256555 0.01016792515852741989 0.00000000099999999999 0.00000000099999999999 
0.94476268200655177942 0.00554347926805008172 0.00000000100000000000 0.04969383772539807259 
0.97857453380372660945 0.00000000099999999999 0.00000000099999999999 0.02142546419627338813 
0.95473379547617487351 0.00551840953408505846 0.00243590184886783049 0.03731189314087208359 
0.99948414278884556428 0.00051466759486723957 0.00000000099999999999 0.00000118861628719841 
0.97881689487081624534 0.00221280486602097809 0.00000000100000000000 0.01897029926316284865 
0.00164222769906651671 0.00000000099999999998 0.00000000099999999998 0.99835777030093353357 
0.95533232845079840700 0.02085622807279979840 0.00000000099999999999 0.02381144247640188186 
0.97623230531836568957 0.01363269109893249301 0.00000000099999999999 0.01013500258270196366 
0.97412171411254566689 0.00016691276160527875 0.01111266218502086379 0.01459871094082829113 
0.00000001342901998127 0.00000000099999999998 0.00000000099999999998 0.99999998457097993843 
0.95108627556359603972 0.00000002274760898685 0.01927005380889969949 0.02964364787989519009 
0.97421588131057135218 0.01253835782653528463 0.00000000100000000000 0.01324575986289334463 
0.50614749801693159625 0.01191079901412852270 0.00000000099999999999 0.48194170196893992841 
0.96961273524359348208 0.00000000099999999998 0.00000000099999999998 0.03038726275640658489 
0.00000000099999999986 0.00000000099999999986 0.99999999699999997382 0.00000000099999999986 
0.95914999771091324909 0.01976806867151825742 0.00000000099999999999 0.02108193261756858769 
0.96251911377674714831 0.00785195495386178596 0.00000000100000000000 0.02962893026939108707 
