0.28338586041621877110 0.00000000100000000000 0.00000000100000000000 0.35809271201103637372 0.09595661277740653861 0.24205888925517218824 0.02050592354016608429 
0.00000000099999999995 0.99999999400000005867 0.00000000099999999995 0.00000000099999999995 0.00000000099999999995 0.00000000099999999995 0.00000000099999999995 
0.00000000099999999995 0.99999999400000005867 0.00000000099999999995 0.00000000099999999995 0.00000000099999999995 0.00000000099999999995 0.00000000099999999995 
0.25547317212234321726 0.02743062245497869533 0.00000000099999999999 0.31709655218200172300 0.18862346364341486815 0.21137618759726156670 0.00000000099999999999 
0.29292072854847406305 0.00000000099999999999 0.00000000099999999999 0.36274148226652791482 0.14776982029986210354 0.19320844061357111965 0.00335952627156469808 
0.24260147294707376520 0.01952836232867602093 0.00000000099999999999 0.51059722516097871825 0.13991373426251219048 0.08578859394639989921 0.00157061035435928937 
0.00000000099999999996 0.99999999400000016969 0.00000000099999999996 0.00000000099999999996 0.00000000099999999996 0.00000000099999999996 0.00000000099999999996 
0.00000000099999999993 0.99999999400000016969 0.00000000099999999993 0.00000000099999999993 0.00000000099999999993 0.00000000099999999993 0.00000000099999999993 
0.00000000099999999996 0.00000000099999999996 0.00000000099999999996 0.99999999399999994765 0.00000000099999999996 0.00000000099999999996 0.00000000099999999996 
0.00000000099999999995 0.99999999400000016969 0.00000000099999999995 0.00000000099999999995 0.00000000099999999995 0.00000000099999999995 0.00000000099999999995 
0.99999999400000005867 0.00000000099999999993 0.00000000099999999993 0.00000000099999999993 0.00000000099999999993 0.00000000099999999993 0.00000000099999999993 
0.42340664511832210026 0.00513821603203830704 0.00000000099999999999 0.37859976708677450796 0.15621037084933267480 0.03664499891353234506 0.00000000099999999999 
0.99999999400000016969 0.00000000099999999992 0.00000000099999999992 0.00000000099999999992 0.00000000099999999992 0.00000000099999999992 0.00000000099999999992 
0.37248707821502874404 0.00000000099999999999 0.00000000099999999999 0.41460590676862013604 0.19992025543570049462 0.00000000318000259294 0.01298675440064798146 
0.99999999400000005867 0.00000000099999999991 0.00000000099999999991 0.00000000099999999991 0.00000000099999999991 0.00000000099999999991 0.00000000099999999991 
0.23261941200980656985 0.05211085836967260798 0.00000000099999999999 0.41414078978158325173 0.12758562944359122526 0.14596970504380496481 0.02757360435154114497 
0.22924693331427331566 0.00000000099999999999 0.00000000099999999999 0.38227813143326261347 0.15035756750161538564 0.23811736475084865905 0.00000000099999999999 
0.00000000099999999996 0.00000000099999999996 0.00000000099999999996 0.99999999400000005867 0.00000000099999999996 0.00000000099999999996 0.00000000099999999996 
0.22945305770548823920 0.00000000100000000000 0.00267647182478807045 0.53243039204706998913 0.10788320527587513808 0.12285433419020147516 0.00470253795657691025 
0.00000000099999999992 0.00000000099999999992 0.00000000099999999992 0.00000000099999999992 0.00000000099999999992 0.99999999400000005867 0.00000000099999999992 
0.38539517190722483164 0.00000000099999999999 0.00000000099999999999 0.33045940779761007189 0.00004490548518723380 0.28410051180997769604 0.00000000099999999999 
0.01464057224336161311 0.98535942275663856993 0.00000000099999999997 0.00000000099999999997 0.00000000099999999997 0.00000000099999999997 0.00000000099999999997 
0.00000000099999999996 0.00000000099999999996 0.00000000099999999996 0.00000000099999999996 0.34493951283490481563 0.65506048216509515925 0.00000000099999999996 
0.00000000099999999976 0.00000000099999999976 0.00000000099999999976 0.00000000099999999976 0.99999999400000005867 0.00000000099999999976 0.00000000099999999976 
0.46251765985015746985 0.00366734135858721956 0.00000000099999999996 0.00000000099999999996 0.00000000099999999996 0.53381499479125515961 0.00000000099999999996 
0.24215050078634434150 0.00000000099999999999 0.00000000099999999999 0.28251971704792128159 0.18299519120289536867 0.29233458796283906533 0.00000000099999999999 
0.00000000099999999974 0.00000000099999999974 0.00000000099999999974 0.00000000099999999974 0.00000000099999999974 0.00000000099999999974 0.99999999400000005867 
0.00000000099999999970 0.00000000099999999970 0.00000000099999999970 0.00000000099999999970 0.00000000099999999970 0.00000000099999999970 0.99999999399999994765 
0.35856443678626009897 0.00000000099999999999 0.00000000099999999999 0.49319612584837457803 0.14591937976630717233 0.00000291469550439555 0.00231714090355377399 
0.45793717592247867865 0.00000000099999999998 0.00000000099999999998 0.25854034493383293292 0.28345945633615987624 0.00000000099999999998 0.00006301980752848989 
0.14865407977966010877 0.01611184462501702441 0.00000000099999999999 0.41050510423218017353 0.07719010522597977153 0.34753886413716295056 0.00000000099999999999 
0.00000000099999999993 0.89642518711596863579 0.00000000099999999993 0.00000000099999999993 0.10357480788403142236 0.00000000099999999993 0.00000000099999999993 
0.00000000099999999987 0.11991745182453246443 0.00000000099999999987 0.00000000099999999987 0.52059838379864475932 0.00000000099999999987 0.35948416037682284774 
0.13457042538713845370 0.00000000099999999998 0.00000000099999999998 0.39172704687465959017 0.11363941600524239683 0.36006310873295954700 0.00000000099999999998 
0.00000000099999999969 0.00000000099999999969 0.99999999399999994765 0.00000000099999999969 0.00000000099999999969 0.00000000099999999969 0.00000000099999999969 
0.00000000099999999961 0.00000000099999999961 0.99999999399999994765 0.00000000099999999961 0.00000000099999999961 0.00000000099999999961 0.00000000099999999961 
0.00000000099999999962 0.00000000099999999962 0.99999999399999994765 0.00000000099999999962 0.00000000099999999962 0.00000000099999999962 0.00000000099999999962 
0.00000000099999999975 0.00000000099999999975 0.00000000099999999975 0.00000000099999999975 0.00000000099999999975 0.00000000099999999975 0.99999999400000005867 
0.00000000099999999971 0.00000000099999999971 0.00000000099999999971 0.00000000099999999971 0.00000000099999999971 0.00000000099999999971 0.99999999400000005867 
0.38588605715062845869 0.00000000099999999998 0.00000000099999999998 0.19634051721460465956 0.07934120191569575542 0.33843222071907097526 0.00000000099999999998 
0.00000000099999999997 0.99750866182530961712 0.00000000099999999997 0.00249133317469042020 0.00000000099999999997 0.00000000099999999997 0.00000000099999999997 
0.00000000099999999972 0.00000000099999999972 0.00000000099999999972 0.00000000099999999972 0.00000000099999999972 0.00000000099999999972 0.99999999400000005867 
0.00000000099999999997 0.00000000099999999997 0.00000000099999999997 0.00000000099999999997 0.33437282728291195522 0.66562716771708785313 0.00000000099999999997 
0.00000000099999999994 0.99999999400000016969 0.00000000099999999994 0.00000000099999999994 0.00000000099999999994 0.00000000099999999994 0.00000000099999999994 
0.00000000099999999976 0.00000000099999999976 0.00000000099999999976 0.00000000099999999976 0.00000000099999999976 0.00000000099999999976 0.99999999400000005867 
0.00000000099999999998 0.00000000099999999998 0.00000000099999999998 0.99999989936785593780 0.00000009563214399022 0.00000000099999999998 0.00000000099999999998 
0.00000000099999999973 0.00000000099999999973 0.00000000099999999973 0.00000000099999999973 0.00000000099999999973 0.00000000099999999973 0.99999999399999994765 
0.00000000099999999995 0.99999999400000016969 0.00000000099999999995 0.00000000099999999995 0.00000000099999999995 0.00000000099999999995 0.00000000099999999995 
0.00000000099999999992 0.99999999400000016969 0.00000000099999999992 0.00000000099999999992 0.00000000099999999992 0.00000000099999999992 0.00000000099999999992 
0.00000000099999999969 0.00000000099999999969 0.00000000099999999969 0.00000000099999999969 0.00000000099999999969 0.00000000099999999969 0.99999999399999994765 
0.00000000099999999972 0.00000000099999999972 0.00000000099999999972 0.00000000099999999972 0.00000000099999999972 0.00000000099999999972 0.99999999399999994765 
0.00000000099999999996 0.99999999400000005867 0.00000000099999999996 0.00000000099999999996 0.00000000099999999996 0.00000000099999999996 0.00000000099999999996 
0.00000000099999999996 0.99999999400000005867 0.00000000099999999996 0.00000000099999999996 0.00000000099999999996 0.00000000099999999996 0.00000000099999999996 
0.00000000099999999996 0.99999999400000016969 0.00000000099999999996 0.00000000099999999996 0.00000000099999999996 0.00000000099999999996 0.00000000099999999996 
0.00000000099999999976 0.00000000099999999976 0.00000000099999999976 0.00000000099999999976 0.00000000099999999976 0.00000000099999999976 0.99999999400000005867 
0.38949722656468954707 0.03679774534940947334 0.00000000100000000000 0.28078272817165567110 0.10096196329972385863 0.18195059674119556936 0.01000973887332587582 
0.23914183221074772345 0.00000000099999999999 0.00000000099999999999 0.61557597326240220958 0.00000000099999999999 0.12361547765244457198 0.02166671387440547575 
0.99999999400000016969 0.00000000099999999990 0.00000000099999999990 0.00000000099999999990 0.00000000099999999990 0.00000000099999999990 0.00000000099999999990 
0.23133311591005947805 0.00000008737138990972 0.00000000099999999999 0.24797731228508396173 0.20020067527618204406 0.32048880715728456092 0.00000000099999999999 
0.00000000099999999995 0.99999999400000016969 0.00000000099999999995 0.00000000099999999995 0.00000000099999999995 0.00000000099999999995 0.00000000099999999995 
0.41681384387902886690 0.00000000099999999999 0.00000000099999999999 0.58318615109855953538 0.00000000102241176633 0.00000000099999999999 0.00000000099999999999 
0.00000000099999999967 0.00000000099999999967 0.99999999399999994765 0.00000000099999999967 0.00000000099999999967 0.00000000099999999967 0.00000000099999999967 
0.00000000099999999998 0.00000000099999999998 0.00000000099999999998 0.44671170263719117699 0.06863208784881602575 0.48465620551399268834 0.00000000099999999998 
0.00000000099999999968 0.00000000099999999968 0.99999999399999994765 0.00000000099999999968 0.00000000099999999968 0.00000000099999999968 0.00000000099999999968 
0.00604924391695937751 0.01880672980939759528 0.00000000099999999999 0.33466268428975703975 0.24170882495695864001 0.39877251502692723228 0.00000000099999999999 
0.00000000099999999968 0.00000000099999999968 0.99999999399999994765 0.00000000099999999968 0.00000000099999999968 0.00000000099999999968 0.00000000099999999968 
0.32132532470321051310 0.00000000099999999998 0.00000000099999999998 0.67867467029678951729 0.00000000099999999998 0.00000000099999999998 0.00000000099999999998 
0.00000000099999999993 0.00000000099999999993 0.00000000099999999993 0.00000000099999999993 0.00000000099999999993 0.99999999400000005867 0.00000000099999999993 
0.00000000099999999993 0.99999999400000016969 0.00000000099999999993 0.00000000099999999993 0.00000000099999999993 0.00000000099999999993 0.00000000099999999993 
0.28515175282431726167 0.00000000099999999997 0.00000000099999999997 0.40949560526072614763 0.07793218777487541382 0.22742045114008108131 0.00000000099999999997 
0.00000000099999999969 0.00000000099999999969 0.99999999400000005867 0.00000000099999999969 0.00000000099999999969 0.00000000099999999969 0.00000000099999999969 
0.00000000099999999971 0.00000000099999999971 0.99999999400000005867 0.00000000099999999971 0.00000000099999999971 0.00000000099999999971 0.00000000099999999971 
0.24398101475162550789 0.08125184372205382366 0.00000000099999999999 0.30123577990668631843 0.00000000099999999999 0.36769897797712430831 0.00583238164251013470 
0.00000000099999999994 0.99999999400000005867 0.00000000099999999994 0.00000000099999999994 0.00000000099999999994 0.00000000099999999994 0.00000000099999999994 
0.00000000099999999978 0.00000000099999999978 0.00000000099999999978 0.00000000099999999978 0.00000000099999999978 0.00000000099999999978 0.99999999400000005867 
0.00000000099999999994 0.99999999400000005867 0.00000000099999999994 0.00000000099999999994 0.00000000099999999994 0.00000000099999999994 0.00000000099999999994 
0.19700407966895577827 0.02980809045760881779 0.00000000100000000000 0.47168781649249880150 0.12149683198147173679 0.18000317939946494650 0.00000000100000000000 
0.00000000099999999965 0.00000000099999999965 0.99999999400000005867 0.00000000099999999965 0.00000000099999999965 0.00000000099999999965 0.00000000099999999965 
0.00000000099999999967 0.00000000099999999967 0.00000000099999999967 0.00000000099999999967 0.00000000099999999967 0.00000000099999999967 0.99999999400000005867 
0.00000000099999999972 0.00000000099999999972 0.99999999400000005867 0.00000000099999999972 0.00000000099999999972 0.00000000099999999972 0.00000000099999999972 
0.16544550860434917294 0.00000000100000000000 0.00151985172379039482 0.24975696650403197974 0.17033866567482736087 0.39777822364334985972 0.01516078284965120988 
0.00000000099999999992 0.99999999400000016969 0.00000000099999999992 0.00000000099999999992 0.00000000099999999992 0.00000000099999999992 0.00000000099999999992 
0.00000000099999999994 0.99999999400000016969 0.00000000099999999994 0.00000000099999999994 0.00000000099999999994 0.00000000099999999994 0.00000000099999999994 
0.13044597888230169414 0.22253834971637476148 0.00000000099999999998 0.00000000099999999998 0.24842331616939744565 0.39859235223192590603 0.00000000099999999998 
0.18402759420450709449 0.00000000713240342797 0.00000000100000000000 0.38950634570178077620 0.10394158249352901391 0.30040927739532458096 0.02211519207245525587 
0.00000000099999999992 0.00000000099999999992 0.00000000099999999992 0.00000000099999999992 0.00000000099999999992 0.99999999400000005867 0.00000000099999999992 
0.00004720495378524432 0.01009003944534137345 0.00000000099999999998 0.59189312841828833900 0.00000000099999999998 0.39796962418258502447 0.00000000099999999998 
0.18714519301246207439 0.00000000099999999999 0.00000000099999999999 0.34527229687375488032 0.18312768861935646569 0.28445481849442649791 0.00000000099999999999 
0.28621309166722380679 0.00000000099999999997 0.00000000099999999997 0.39790965533748717808 0.16182604854390320037 0.15405120145138570531 0.00000000099999999997 
0.41189025465709999674 0.00000000099999999997 0.00000000099999999997 0.58810974034289997814 0.00000000099999999997 0.00000000099999999997 0.00000000099999999997 
0.29605269271047024437 0.00000551367495459954 0.00000000099999999999 0.46752104026258289871 0.01582318912393478744 0.21826549541732720439 0.00233206781073022401 
0.00000000500363194836 0.02819174237535862493 0.00000000099999999999 0.37711137922052001548 0.12008128899939635170 0.47461558240109308349 0.00000000099999999999 
0.00000000099999999995 0.99999999400000016969 0.00000000099999999995 0.00000000099999999995 0.00000000099999999995 0.00000000099999999995 0.00000000099999999995 
0.00000000099999999997 0.97927138204971908575 0.00000000099999999997 0.00000000099999999997 0.00000000099999999997 0.02072861295028102790 0.00000000099999999997 
0.00000000099999999980 0.00000000099999999980 0.99999999400000005867 0.00000000099999999980 0.00000000099999999980 0.00000000099999999980 0.00000000099999999980 
0.00000000099999999997 0.99999999400000016969 0.00000000099999999997 0.00000000099999999997 0.00000000099999999997 0.00000000099999999997 0.00000000099999999997 
0.01237009957046988733 0.98762989542953028010 0.00000000099999999997 0.00000000099999999997 0.00000000099999999997 0.00000000099999999997 0.00000000099999999997 
0.24599124354058263253 0.01996843567006131859 0.00000000099999999999 0.57914300642848393075 0.00336414901974323773 0.15153316334112879038 0.00000000099999999999 
0.00000000099999999961 0.00000000099999999961 0.99999999400000005867 0.00000000099999999961 0.00000000099999999961 0.00000000099999999961 0.00000000099999999961 
0.17125777974473133103 0.00000000099999999999 0.00000000099999999999 0.46382286768978403524 0.12439159581662383169 0.23746279453739585485 0.00306496021146496428 
0.00000000099999999996 0.00000000099999999996 0.00000000099999999996 0.99999999400000005867 0.00000000099999999996 0.00000000099999999996 0.00000000099999999996 
0.19022269392412458067 0.00000000100000000000 0.00000000100000000000 0.39946599309296604297 0.05615932185012371958 0.35133749931543500900 0.00281448981735041900 
0.18331524448495525870 0.01599897368525145594 0.00000000099999999999 0.46057815587214417929 0.00000000099999999999 0.34010762295764918051 0.00000000099999999999 
0.00000000099999999992 0.00000000099999999992 0.00000000099999999992 0.00000000099999999992 0.00000000099999999992 0.99999999400000005867 0.00000000099999999992 
0.24943984173750338718 0.02358818368236842433 0.00000000099999999999 0.26083475393201110970 0.29221526096133398909 0.17392195768678297974 0.00000000099999999999 
0.13420989547990566648 0.00000000099999999999 0.00000000099999999999 0.28211918596789464786 0.18034811988771762281 0.40332279566448209218 0.00000000099999999999 
0.00000000099999999997 0.00000000099999999997 0.00000000099999999997 0.00000000099999999997 0.39791718681501203614 0.60208280818498782772 0.00000000099999999997 
0.00000000120431673374 0.00831912568109571988 0.00000000100000000000 0.43597339901866638545 0.08478739946576245579 0.44620522636304049691 0.02471484726711827354 
0.00000000099999999996 0.00000000099999999996 0.00000000099999999996 0.99999999399999994765 0.00000000099999999996 0.00000000099999999996 0.00000000099999999996 
0.00000000099999999994 0.00000000099999999994 0.00000000099999999994 0.99999999400000005867 0.00000000099999999994 0.00000000099999999994 0.00000000099999999994 
0.17322345550347942322 0.01607729786289064516 0.00000000100000000000 0.23340981596833113021 0.12650404471539364315 0.43130096350342550515 0.01948442144647960159 
0.44877679815277976560 0.00000000099999999998 0.00000000099999999998 0.55122285250919600408 0.00000000099999999998 0.00000000099999999998 0.00000034533802410080 
0.00000000099999999992 0.00000000099999999992 0.00000000099999999992 0.00000000099999999992 0.00000000099999999992 0.99999999399999994765 0.00000000099999999992 
0.00000000099999999998 0.00000000099999999998 0.00000000099999999998 0.46084110683228868277 0.13420382046473089410 0.40495506870298020319 0.00000000099999999998 
0.00000000099999999998 0.01535433114665482081 0.00000000099999999998 0.40029974016759362065 0.21920615907931847999 0.36513976660643304717 0.00000000099999999998 
0.00000007188573067039 0.00000022371397371954 0.00000000100000000000 0.56316627287884535313 0.13201695063705770616 0.30390090595084001679 0.00091557393355264386 
0.42081584078666617321 0.02008335960608019846 0.00000000099999999998 0.31205525150228513587 0.24704554510496853914 0.00000000099999999998 0.00000000099999999998 
0.40322229221077959815 0.00000000099999999998 0.00000000099999999998 0.27507061611630323483 0.17340651107855398205 0.14830057759436307552 0.00000000099999999998 
0.00000000099999999998 0.00239252312439278310 0.00000000099999999998 0.44454368165360619303 0.15844773198599088060 0.39461606023601009108 0.00000000099999999998 
0.28609788032548605363 0.00642709743967778951 0.06842366107287957411 0.35434824389377306275 0.20656428743265739523 0.07465678630718310116 0.00348204352834313073 
0.26295952399819350065 0.00000000099999999997 0.00000000099999999997 0.00000000099999999997 0.24614289102369890649 0.49089758097810737292 0.00000000099999999997 
0.00000000099999999996 0.00000000099999999996 0.00000000099999999996 0.70747858259569973427 0.29252141240430029612 0.00000000099999999996 0.00000000099999999996 
0.40911208941270305051 0.00464496433419625456 0.00000000099999999998 0.47713467818910998419 0.10909123080042329446 0.00001703526356741612 0.00000000099999999998 
0.36445953983501971907 0.00000000099999999999 0.00000000099999999999 0.30457959160540271082 0.20022858600755358283 0.11767075325717245293 0.01306152729485139143 
0.27126154963358412031 0.00591416701362126266 0.00000000099999999998 0.31434070751470544192 0.15053283049497956370 0.25795074334310963415 0.00000000099999999998 
0.35704353492010842963 0.00000000099999999999 0.00000000099999999999 0.28542137408162215895 0.35753508699826941353 0.00000000099999999999 0.00000000099999999999 
0.13466082961480541069 0.00275443130565756556 0.00000000099999999999 0.35631911183072983995 0.15684156941014382181 0.34105141252335446911 0.00837264431530882446 
0.13801711009997899571 0.00000000099999999998 0.00000000099999999998 0.41187134173927314462 0.05594150451634134769 0.39417004064440641642 0.00000000099999999998 
0.00000011268576605976 0.01710384412790348294 0.00000000099999999997 0.45328714564097116746 0.00000000099999999997 0.52960889454535919896 0.00000000099999999997 
0.00000000099999999994 0.99999999400000005867 0.00000000099999999994 0.00000000099999999994 0.00000000099999999994 0.00000000099999999994 0.00000000099999999994 
0.03080644225747345213 0.96919355274252649846 0.00000000099999999997 0.00000000099999999997 0.00000000099999999997 0.00000000099999999997 0.00000000099999999997 
0.00000000099999999974 0.00000000099999999974 0.99999999400000005867 0.00000000099999999974 0.00000000099999999974 0.00000000099999999974 0.00000000099999999974 
0.00000000099999999968 0.00000000099999999968 0.00000000099999999968 0.00000000099999999968 0.00000000099999999968 0.00000000099999999968 0.99999999399999994765 
0.06235756215437242289 0.89991464077561866830 0.00000000099999999999 0.00000000099999999999 0.00000000099999999999 0.00000000099999999999 0.03772779307000900112 
0.00000000099999999995 0.00000000099999999995 0.00000000099999999995 0.99999999399999994765 0.00000000099999999995 0.00000000099999999995 0.00000000099999999995 
0.00000000099999999992 0.00000000099999999992 0.00000000099999999992 0.00000000099999999992 0.00000000099999999992 0.99999999399999994765 0.00000000099999999992 
0.00000000099999999997 0.95651175270260624384 0.00000000099999999997 0.00000000099999999997 0.04348670612475800251 0.00000000099999999997 0.00000153717263598000 
0.32318030019499327521 0.00778094244635207238 0.00000000099999999998 0.32619326629800005080 0.17777301662430963769 0.16507247243634487477 0.00000000099999999998 
0.26549023910366997825 0.00000000099999999998 0.00000000099999999998 0.39696809286904771730 0.00000000099999999998 0.33148860526976969831 0.00605305975751265976 
0.00000000099999999985 0.00000000099999999985 0.00000000099999999985 0.00000000099999999985 0.99999999399999994765 0.00000000099999999985 0.00000000099999999985 
0.00000000099999999965 0.00000000099999999965 0.99999999399999994765 0.00000000099999999965 0.00000000099999999965 0.00000000099999999965 0.00000000099999999965 
0.00000000099999999968 0.00000000099999999968 0.99999999400000005867 0.00000000099999999968 0.00000000099999999968 0.00000000099999999968 0.00000000099999999968 
0.00000000099999999961 0.00000000099999999961 0.99999999399999994765 0.00000000099999999961 0.00000000099999999961 0.00000000099999999961 0.00000000099999999961 
0.00000000099999999963 0.00000000099999999963 0.99999999399999994765 0.00000000099999999963 0.00000000099999999963 0.00000000099999999963 0.00000000099999999963 
0.00000000099999999963 0.00000000099999999963 0.99999999400000005867 0.00000000099999999963 0.00000000099999999963 0.00000000099999999963 0.00000000099999999963 
0.00000000099999999998 0.99999999400000005867 0.00000000099999999998 0.00000000099999999998 0.00000000099999999998 0.00000000099999999998 0.00000000099999999998 
0.23761061976553479735 0.00000000099999999999 0.00000000099999999999 0.31879860739911319856 0.20648674978928502344 0.23007338130111285035 0.00703063974495418600 
0.00000000099999999963 0.00000000099999999963 0.99999999399999994765 0.00000000099999999963 0.00000000099999999963 0.00000000099999999963 0.00000000099999999963 
0.00000000099999999969 0.00000000099999999969 0.99999999399999994765 0.00000000099999999969 0.00000000099999999969 0.00000000099999999969 0.00000000099999999969 
0.00000000099999999967 0.00000000099999999967 0.00000000099999999967 0.00000000099999999967 0.00000000099999999967 0.00000000099999999967 0.99999999400000005867 
0.00000000099999999967 0.00000000099999999967 0.00000000099999999967 0.00000000099999999967 0.00000000099999999967 0.00000000099999999967 0.99999999399999994765 
0.60366117390425833023 0.00000000099999999996 0.00000000099999999996 0.00000000099999999996 0.39633882109574175567 0.00000000099999999996 0.00000000099999999996 
0.00000000099999999966 0.00000000099999999966 0.99999999399999994765 0.00000000099999999966 0.00000000099999999966 0.00000000099999999966 0.00000000099999999966 
0.00000000099999999996 0.00000000099999999996 0.00000000099999999996 0.99999999400000005867 0.00000000099999999996 0.00000000099999999996 0.00000000099999999996 
0.31079263446167260110 0.00000000099999999998 0.00000000099999999998 0.37361425083963473170 0.11425903451819111045 0.20133407718050147506 0.00000000099999999998 
0.00000000099999999997 0.94279864774778388004 0.00000000099999999997 0.00000000099999999997 0.05720134725221635158 0.00000000099999999997 0.00000000099999999997 
0.00000000099999999995 0.00000000099999999995 0.00000000099999999995 0.99999999400000005867 0.00000000099999999995 0.00000000099999999995 0.00000000099999999995 
0.00000000099999999992 0.99999999400000005867 0.00000000099999999992 0.00000000099999999992 0.00000000099999999992 0.00000000099999999992 0.00000000099999999992 
0.33340096813148428767 0.01368327410773347019 0.00000000099999999999 0.32600862768117744306 0.04660766849784447191 0.28029945958176033516 0.00000000099999999999 
0.00000000099999999994 0.99999999400000016969 0.00000000099999999994 0.00000000099999999994 0.00000000099999999994 0.00000000099999999994 0.00000000099999999994 
0.00000000099999999994 0.00000000099999999994 0.00000000099999999994 0.00000000099999999994 0.00000000099999999994 0.99999999399999994765 0.00000000099999999994 
0.00000000099999999996 0.00000000099999999996 0.00000000099999999996 0.99999999400000005867 0.00000000099999999996 0.00000000099999999996 0.00000000099999999996 
0.00000000099999999969 0.00000000099999999969 0.99999999400000005867 0.00000000099999999969 0.00000000099999999969 0.00000000099999999969 0.00000000099999999969 
0.00000000099999999995 0.99999999400000005867 0.00000000099999999995 0.00000000099999999995 0.00000000099999999995 0.00000000099999999995 0.00000000099999999995 
0.00000000099999999964 0.00000000099999999964 0.99999999399999994765 0.00000000099999999964 0.00000000099999999964 0.00000000099999999964 0.00000000099999999964 
0.00000000099999999963 0.00000000099999999963 0.99999999399999994765 0.00000000099999999963 0.00000000099999999963 0.00000000099999999963 0.00000000099999999963 
0.37970302572363262561 0.00000000099999999999 0.00000000099999999999 0.30977131697924392695 0.14966137479924723763 0.16086427949787596159 0.00000000099999999999 
0.19940060331136361116 0.02092465328770644339 0.00000000099999999998 0.44664095498357514469 0.00041324520875292252 0.33262054120860173878 0.00000000099999999998 
0.00000000099999999997 0.00000000099999999997 0.00000000099999999997 0.47942628554243199579 0.14938549857109273411 0.37118821188647516118 0.00000000099999999997 
0.25724842960312666040 0.00000000099999999999 0.00000000099999999999 0.39105321808623266788 0.12794810423876501471 0.22375009676238213907 0.00000014930949362092 
0.64398417704523081007 0.00000000099999999997 0.00000000099999999997 0.00000000099999999997 0.35601581795476938685 0.00000000099999999997 0.00000000099999999997 
0.00000000099999999998 0.00000000099999999998 0.00000000099999999998 0.43697952614750601441 0.14715041537989631548 0.41587005447259750568 0.00000000099999999998 
0.00000000099999999997 0.00000000099999999997 0.00000000099999999997 0.45706341193919580723 0.00000000099999999997 0.54293658306080394560 0.00000000099999999997 
0.03639991524962042646 0.96360007975037953454 0.00000000099999999997 0.00000000099999999997 0.00000000099999999997 0.00000000099999999997 0.00000000099999999997 
0.17720936473604953498 0.00000000099999999998 0.00000000099999999998 0.42014447208065802686 0.18314688743980639396 0.21949927274348615680 0.00000000099999999998 
0.00000000099999999963 0.00000000099999999963 0.99999999399999994765 0.00000000099999999963 0.00000000099999999963 0.00000000099999999963 0.00000000099999999963 
0.99999999400000016969 0.00000000099999999991 0.00000000099999999991 0.00000000099999999991 0.00000000099999999991 0.00000000099999999991 0.00000000099999999991 
0.00000000099999999988 0.00000000099999999988 0.99999999399999994765 0.00000000099999999988 0.00000000099999999988 0.00000000099999999988 0.00000000099999999988 
0.00000000099999999968 0.00000000099999999968 0.99999999399999994765 0.00000000099999999968 0.00000000099999999968 0.00000000099999999968 0.00000000099999999968 
0.39374470639769321156 0.00805945681508837483 0.00000000099999999998 0.44280181914217581207 0.15539401464504246086 0.00000000099999999998 0.00000000099999999998 
0.00000000099999999998 0.00000000099999999998 0.00000000099999999998 0.41009287441351749415 0.10673963840461507535 0.48316748318186736322 0.00000000099999999998 
0.49774887082611946054 0.00000000099999999996 0.00000000099999999996 0.00000000099999999996 0.50225112417388062536 0.00000000099999999996 0.00000000099999999996 
0.00000000099999999971 0.00000000099999999971 0.99999999399999994765 0.00000000099999999971 0.00000000099999999971 0.00000000099999999971 0.00000000099999999971 
0.00000000099999999994 0.99999999400000016969 0.00000000099999999994 0.00000000099999999994 0.00000000099999999994 0.00000000099999999994 0.00000000099999999994 
0.00000000099999999994 0.99999999400000005867 0.00000000099999999994 0.00000000099999999994 0.00000000099999999994 0.00000000099999999994 0.00000000099999999994 
0.00000000099999999968 0.00000000099999999968 0.99999999399999994765 0.00000000099999999968 0.00000000099999999968 0.00000000099999999968 0.00000000099999999968 
0.12304534064959120332 0.00000803222059350246 0.00000000099999999999 0.40035155500771413273 0.25935461891091932118 0.21724045121118168433 0.00000000099999999999 
0.39776161002327287131 0.03111183813858413305 0.00000000100000000000 0.29979141680234805412 0.14189904895597693635 0.12001836280167288429 0.00941772227814521336 
0.00000000099999999969 0.00000000099999999969 0.99999999400000005867 0.00000000099999999969 0.00000000099999999969 0.00000000099999999969 0.00000000099999999969 
0.22631205370663190490 0.00000000099999999999 0.00000000099999999999 0.30539425854759660872 0.18457039620415038872 0.28370055777493047300 0.00002273176669065629 
0.00000000099999999992 0.99999999400000005867 0.00000000099999999992 0.00000000099999999992 0.00000000099999999992 0.00000000099999999992 0.00000000099999999992 
0.59254419605074759581 0.20499428147689835455 0.09620906045648676408 0.00000000099999999999 0.00000000099999999999 0.00000000099999999999 0.10625245901586730102 
0.00000000313865675428 0.01073251228567650116 0.00000000099999999999 0.37943665402077975113 0.19269162293485841975 0.41713920562002848591 0.00000000099999999999 
0.00000000099999999997 0.00000000099999999997 0.00000000099999999997 0.99999999399999994765 0.00000000099999999997 0.00000000099999999997 0.00000000099999999997 
0.20535455621087667089 0.00000000099999999999 0.00000000099999999999 0.36976351863302964196 0.09733179176101092178 0.31544794647207236027 0.01210218492301035065 
0.00000000099999999985 0.00000000099999999985 0.00000000099999999985 0.00000000099999999985 0.99999999399999994765 0.00000000099999999985 0.00000000099999999985 
0.30052269141041304534 0.00000000099999999998 0.00000000099999999998 0.45916470027568406787 0.00000000099999999998 0.24031260431390286114 0.00000000099999999998 
0.04902632269193918368 0.00000000099999999999 0.00000000099999999999 0.41880894983214461691 0.10251483246430549701 0.42964989201161063459 0.00000000099999999999 
0.00000000099999999996 0.00000000099999999996 0.00000000099999999996 0.99999999400000005867 0.00000000099999999996 0.00000000099999999996 0.00000000099999999996 
0.99999999400000005867 0.00000000099999999992 0.00000000099999999992 0.00000000099999999992 0.00000000099999999992 0.00000000099999999992 0.00000000099999999992 
0.00000000099999999996 0.99999999400000016969 0.00000000099999999996 0.00000000099999999996 0.00000000099999999996 0.00000000099999999996 0.00000000099999999996 
0.33887638586462859314 0.00000000099999999998 0.00000000099999999998 0.00000000099999999998 0.34460870534435572576 0.31651490479101568321 0.00000000099999999998 
0.49183502678690516063 0.00000000099999999997 0.00000000099999999997 0.50816496821309475873 0.00000000099999999997 0.00000000099999999997 0.00000000099999999997 
0.15630052296846405624 0.03987463103173453927 0.00000000099999999999 0.49527409669493560607 0.07292601757913239058 0.23562472972573342278 0.00000000099999999999 
0.00000000168110336856 0.00000027963318633548 0.00000000099999999997 0.52517008323120328850 0.00000000099999999997 0.47482963245450693357 0.00000000099999999997 
0.00000000099999999993 0.00000000099999999993 0.00000000099999999993 0.00000000099999999993 0.00000000099999999993 0.99999999400000005867 0.00000000099999999993 
0.00000000099999999997 0.00000000099999999997 0.00000000099999999997 0.53802552517524171449 0.00000000099999999997 0.46197446982475826038 0.00000000099999999997 
0.16081005666315872915 0.00518486072796206249 0.00000000099999999999 0.41628460996828542395 0.12511352120977653479 0.29260694943081733133 0.00000000099999999999 
0.00000000099999999997 0.96731379005396334048 0.00000000099999999997 0.00000000099999999997 0.00000000099999999997 0.03268620494603664134 0.00000000099999999997 
0.99999999400000016969 0.00000000099999999991 0.00000000099999999991 0.00000000099999999991 0.00000000099999999991 0.00000000099999999991 0.00000000099999999991 
0.57153544237621134450 0.00000000099999999997 0.00000000099999999997 0.00000000358367253395 0.42846455004011618772 0.00000000099999999997 0.00000000099999999997 
0.19676236737564217760 0.00000000100000000000 0.00915627814111611218 0.41132774478094252801 0.19494711256586555459 0.18780649513643352111 0.00000000100000000000 
0.00000000099999999997 0.99999999400000016969 0.00000000099999999997 0.00000000099999999997 0.00000000099999999997 0.00000000099999999997 0.00000000099999999997 
0.22707343493874354579 0.02262751135146748999 0.01727493308042771930 0.42180426720617075764 0.00000000100000000000 0.31121985142319052997 0.00000000100000000000 
0.00000000099999999998 0.00000000099999999998 0.00000000099999999998 0.79828215708404881568 0.20171783791595127022 0.00000000099999999998 0.00000000099999999998 
0.20127410925520541896 0.47787046100725327769 0.00000000099999999999 0.24852505106288741432 0.06423644139365702888 0.00000000178585043321 0.00809393449514640706 
0.00000000099999999996 0.00000000099999999996 0.00000000099999999996 0.72389416228696945588 0.27610583271303046349 0.00000000099999999996 0.00000000099999999996 
0.00000000099999999970 0.00000000099999999970 0.99999999400000005867 0.00000000099999999970 0.00000000099999999970 0.00000000099999999970 0.00000000099999999970 
0.18869234698790326998 0.01295717405383189393 0.00000000099999999999 0.47212068444125721012 0.00000000099999999999 0.31270943372861759180 0.01352035878839013758 
0.32354968742320860953 0.01877620411836898942 0.00000000099999999999 0.39815922732034458864 0.10022435206950633391 0.15768831745735850669 0.00160221061121286978 
