0.35757164357447368541 0.00000000099999999999 0.00000000099999999999 0.32412783776324827212 0.00000000099999999999 0.02001802636202760013 0.21489265910101801316 0.08338983019923251749 
0.00000000099999999994 0.99999999300000008695 0.00000000099999999994 0.00000000099999999994 0.00000000099999999994 0.00000000099999999994 0.00000000099999999994 0.00000000099999999994 
0.00000000099999999995 0.99999999300000019797 0.00000000099999999995 0.00000000099999999995 0.00000000099999999995 0.00000000099999999995 0.00000000099999999995 0.00000000099999999995 
0.16837578425196991772 0.02514533065541301946 0.00000000099999999999 0.22460276622641173194 0.12261954308081332576 0.00000000099999999999 0.26612256094791891803 0.19313401283747294590 
0.24341244001091508209 0.00000000099999999999 0.00000000099999999999 0.23886418244408508249 0.23274553145449614067 0.00458844662904888366 0.13274943194141206049 0.14763996552004288176 
0.21504951375725941953 0.01086953837108411806 0.00000000099999999998 0.43153870057791693382 0.00000000099999999998 0.00000000099999999998 0.34254224329373950120 0.00000000099999999998 
0.00000000099999999995 0.99999999300000008695 0.00000000099999999995 0.00000000099999999995 0.00000000099999999995 0.00000000099999999995 0.00000000099999999995 0.00000000099999999995 
0.00000000099999999992 0.99999999300000008695 0.00000000099999999992 0.00000000099999999992 0.00000000099999999992 0.00000000099999999992 0.00000000099999999992 0.00000000099999999992 
0.00000000099999999998 0.00000000099999999998 0.00000000099999999998 0.30930706819771730531 0.00000000099999999998 0.00948482157942536451 0.57669097913933331512 0.10451712708352398074 
0.00000000099999999994 0.99999999300000019797 0.00000000099999999994 0.00000000099999999994 0.00000000099999999994 0.00000000099999999994 0.00000000099999999994 0.00000000099999999994 
0.00000000099999999993 0.00000000099999999993 0.00000000099999999993 0.00000000099999999993 0.99999999300000008695 0.00000000099999999993 0.00000000099999999993 0.00000000099999999993 
0.32960183239818136025 0.00667535997740444434 0.00000000099999999998 0.25851120760240964280 0.25532555537457596317 0.00160642395024810703 0.00000000099999999998 0.14827961869718053745 
0.00000000099999999993 0.00000000099999999993 0.00000000099999999993 0.00000000099999999993 0.99999999300000008695 0.00000000099999999993 0.00000000099999999993 0.00000000099999999993 
0.39944127489921904539 0.00000000099999999999 0.00000000099999999999 0.12161126580670639230 0.25586673989191471845 0.00866178015416191847 0.07069920299389916007 0.14371973425409867442 
0.99999999300000019797 0.00000000099999999992 0.00000000099999999992 0.00000000099999999992 0.00000000099999999992 0.00000000099999999992 0.00000000099999999992 0.00000000099999999992 
0.16985266015661978911 0.04661022152093338006 0.00000000099999999999 0.14084800422336443693 0.07163046178367636629 0.02549994085355682810 0.34631427344667597978 0.19924443701517308147 
0.09403154020320701745 0.00000000099999999998 0.00000000099999999998 0.00000000099999999998 0.39598916178547516331 0.00000000099999999998 0.24315019293242620679 0.26682910107889146190 
0.00000000099999999998 0.00000000099999999998 0.00000000099999999998 0.00006085869845059045 0.23578248876267418610 0.00000000099999999998 0.56478026332516295671 0.19937638521371223166 
0.34912343632822889772 0.00000000099999999997 0.00000000099999999997 0.65087655767177110544 0.00000000099999999997 0.00000000099999999997 0.00000000099999999997 0.00000000099999999997 
0.45592547821781559403 0.00000000099999999997 0.00000000099999999997 0.00000000099999999997 0.00000000099999999997 0.00000000099999999997 0.54407451578218424260 0.00000000099999999997 
0.25746828210333155829 0.00000000099999999999 0.00000000099999999999 0.38022403344272137637 0.36225743334549170838 0.00000000099999999999 0.00005024710845533167 0.00000000099999999999 
0.00000000099999999997 0.99999999300000019797 0.00000000099999999997 0.00000000099999999997 0.00000000099999999997 0.00000000099999999997 0.00000000099999999997 0.00000000099999999997 
0.15146024445103534184 0.01157369140910934589 0.00000000099999999999 0.00000848364324664377 0.17321466217183961733 0.00000000099999999999 0.41825752837577884202 0.24548538794899021909 
0.00000000099999999976 0.00000000099999999976 0.00000000099999999976 0.00000000099999999976 0.00000000099999999976 0.00000000099999999976 0.00000000099999999976 0.99999999299999997593 
0.00000000099999999992 0.00000000099999999992 0.00000000099999999992 0.00000000099999999992 0.99999999299999997593 0.00000000099999999992 0.00000000099999999992 0.00000000099999999992 
0.00000000099999999997 0.00000000099999999997 0.00000000099999999997 0.49408122610820620624 0.27819265990888658591 0.00000000099999999997 0.00000000099999999997 0.22772610898290732151 
0.00000000099999999969 0.00000000099999999969 0.00000000099999999969 0.00000000099999999969 0.00000000099999999969 0.99999999300000008695 0.00000000099999999969 0.00000000099999999969 
0.00000000099999999964 0.00000000099999999964 0.00000000099999999964 0.00000000099999999964 0.00000000099999999964 0.99999999299999997593 0.00000000099999999964 0.00000000099999999964 
0.00000000099999999994 0.00000000099999999994 0.00000000099999999994 0.00000000099999999994 0.99999999299999997593 0.00000000099999999994 0.00000000099999999994 0.00000000099999999994 
0.00000000099999999997 0.00000000099999999997 0.00000000099999999997 0.12359264375744880016 0.58251962884383690078 0.00000000099999999997 0.00000000099999999997 0.29388772239871435721 
0.00000000099999999993 0.00000000099999999993 0.00000000099999999993 0.00000000099999999993 0.00000000099999999993 0.00000000099999999993 0.99999999299999986491 0.00000000099999999993 
0.00000000099999999993 0.92024927989922178373 0.00000000099999999993 0.00000000099999999993 0.00000000099999999993 0.00000000099999999993 0.00000000099999999993 0.07975071410077834433 
0.00000000099999999987 0.14770251373694209818 0.00000000099999999987 0.00000000099999999987 0.00000000099999999987 0.35732848306067843680 0.00000000099999999987 0.49496899820237943990 
0.26873384107995640369 0.00000000099999999998 0.00000000099999999998 0.12876829606160297703 0.21233883642285453219 0.00000000099999999998 0.29511596103513371148 0.09504306240045232168 
0.00000000099999999963 0.00000000099999999963 0.99999999300000008695 0.00000000099999999963 0.00000000099999999963 0.00000000099999999963 0.00000000099999999963 0.00000000099999999963 
0.00000000099999999954 0.00000000099999999954 0.99999999299999997593 0.00000000099999999954 0.00000000099999999954 0.00000000099999999954 0.00000000099999999954 0.00000000099999999954 
0.00000000099999999955 0.00000000099999999955 0.99999999300000008695 0.00000000099999999955 0.00000000099999999955 0.00000000099999999955 0.00000000099999999955 0.00000000099999999955 
0.00000000099999999970 0.00000000099999999970 0.00000000099999999970 0.00000000099999999970 0.00000000099999999970 0.99999999299999997593 0.00000000099999999970 0.00000000099999999970 
0.00000000099999999966 0.00000000099999999966 0.00000000099999999966 0.00000000099999999966 0.00000000099999999966 0.99999999300000008695 0.00000000099999999966 0.00000000099999999966 
0.00000009937745004546 0.00000000099999999997 0.00000000099999999997 0.00000000099999999997 0.77544224006299966589 0.00000000099999999997 0.00000000099999999997 0.22455765555955017887 
0.00000000099999999997 0.99999999300000019797 0.00000000099999999997 0.00000000099999999997 0.00000000099999999997 0.00000000099999999997 0.00000000099999999997 0.00000000099999999997 
0.00000000099999999967 0.00000000099999999967 0.00000000099999999967 0.00000000099999999967 0.00000000099999999967 0.99999999300000008695 0.00000000099999999967 0.00000000099999999967 
0.33584078429508890107 0.01328900561306064002 0.00000000099999999999 0.00000000099999999999 0.17181177325631202812 0.00000000099999999999 0.24009146191834282447 0.23896697191719548647 
0.00000000099999999994 0.99999999300000008695 0.00000000099999999994 0.00000000099999999994 0.00000000099999999994 0.00000000099999999994 0.00000000099999999994 0.00000000099999999994 
0.00000000099999999971 0.00000000099999999971 0.00000000099999999971 0.00000000099999999971 0.00000000099999999971 0.99999999300000008695 0.00000000099999999971 0.00000000099999999971 
0.28621927379179656903 0.00283246167966423861 0.00000000099999999999 0.00000000099999999999 0.36969676445524657371 0.00294541141051378940 0.19181399989151165508 0.14649208677126718259 
0.00000000099999999968 0.00000000099999999968 0.00000000099999999968 0.00000000099999999968 0.00000000099999999968 0.99999999300000008695 0.00000000099999999968 0.00000000099999999968 
0.00000000099999999994 0.99999999300000008695 0.00000000099999999994 0.00000000099999999994 0.00000000099999999994 0.00000000099999999994 0.00000000099999999994 0.00000000099999999994 
0.00000000099999999991 0.99999999300000008695 0.00000000099999999991 0.00000000099999999991 0.00000000099999999991 0.00000000099999999991 0.00000000099999999991 0.00000000099999999991 
0.00000000099999999964 0.00000000099999999964 0.00000000099999999964 0.00000000099999999964 0.00000000099999999964 0.99999999299999997593 0.00000000099999999964 0.00000000099999999964 
0.00000000099999999967 0.00000000099999999967 0.00000000099999999967 0.00000000099999999967 0.00000000099999999967 0.99999999299999997593 0.00000000099999999967 0.00000000099999999967 
0.00000000099999999995 0.99999999300000008695 0.00000000099999999995 0.00000000099999999995 0.00000000099999999995 0.00000000099999999995 0.00000000099999999995 0.00000000099999999995 
0.00000000099999999996 0.99999947570620195680 0.00000000099999999996 0.00000051829379810727 0.00000000099999999996 0.00000000099999999996 0.00000000099999999996 0.00000000099999999996 
0.00000000099999999996 0.98721510602344675345 0.00000000099999999996 0.01278488797655341278 0.00000000099999999996 0.00000000099999999996 0.00000000099999999996 0.00000000099999999996 
0.00000000099999999972 0.00000000099999999972 0.00000000099999999972 0.00000000099999999972 0.00000000099999999972 0.99999999300000008695 0.00000000099999999972 0.00000000099999999972 
0.17617171032737519165 0.03568557206191192571 0.00000000100000000000 0.17336689658000387082 0.17979471332291610541 0.01183785704440516728 0.29749138286854964752 0.12565186679483794641 
0.25049185445006161288 0.00000000099999999999 0.00000000099999999999 0.37004462352738476394 0.00618305429733374996 0.01767562844759278454 0.35560403885624752851 0.00000079842137938635 
0.99999999300000008695 0.00000000099999999988 0.00000000099999999988 0.00000000099999999988 0.00000000099999999988 0.00000000099999999988 0.00000000099999999988 0.00000000099999999988 
0.24393060466052637891 0.00000000099999999998 0.00000000099999999998 0.00000000099999999998 0.00000000099999999998 0.00000000099999999998 0.51862767481018556825 0.23744171552928805546 
0.00000000099999999994 0.99999999300000008695 0.00000000099999999994 0.00000000099999999994 0.00000000099999999994 0.00000000099999999994 0.00000000099999999994 0.00000000099999999994 
0.00000000099999999997 0.00000000099999999997 0.00000000099999999997 0.36101069564742271911 0.63898929835257722853 0.00000000099999999997 0.00000000099999999997 0.00000000099999999997 
0.00000000099999999961 0.00000000099999999961 0.99999999300000008695 0.00000000099999999961 0.00000000099999999961 0.00000000099999999961 0.00000000099999999961 0.00000000099999999961 
0.00000000099999999992 0.00000000099999999992 0.00000000099999999992 0.00000000099999999992 0.00000000099999999992 0.00000000099999999992 0.99999999299999997593 0.00000000099999999992 
0.00000000099999999962 0.00000000099999999962 0.99999999299999997593 0.00000000099999999962 0.00000000099999999962 0.00000000099999999962 0.00000000099999999962 0.00000000099999999962 
0.27670831481583840761 0.02867910227733192624 0.00000000099999999998 0.00001969316298118479 0.44732148083590700383 0.00000000099999999998 0.02935550523942551115 0.21791590166851604327 
0.00000000099999999963 0.00000000099999999963 0.99999999300000008695 0.00000000099999999963 0.00000000099999999963 0.00000000099999999963 0.00000000099999999963 0.00000000099999999963 
0.00000000099999999990 0.00000000099999999990 0.00000000099999999990 0.99999999300000008695 0.00000000099999999990 0.00000000099999999990 0.00000000099999999990 0.00000000099999999990 
0.57445943155605705410 0.00000000099999999998 0.00000000099999999998 0.42554056244394317110 0.00000000099999999998 0.00000000099999999998 0.00000000099999999998 0.00000000099999999998 
0.00000000099999999992 0.99999999300000019797 0.00000000099999999992 0.00000000099999999992 0.00000000099999999992 0.00000000099999999992 0.00000000099999999992 0.00000000099999999992 
0.99999999300000008695 0.00000000099999999990 0.00000000099999999990 0.00000000099999999990 0.00000000099999999990 0.00000000099999999990 0.00000000099999999990 0.00000000099999999990 
0.00000000099999999963 0.00000000099999999963 0.99999999300000008695 0.00000000099999999963 0.00000000099999999963 0.00000000099999999963 0.00000000099999999963 0.00000000099999999963 
0.00000000099999999966 0.00000000099999999966 0.99999999300000008695 0.00000000099999999966 0.00000000099999999966 0.00000000099999999966 0.00000000099999999966 0.00000000099999999966 
0.31302340616278701013 0.08061523442473267353 0.00000000099999999999 0.00000000108875673839 0.40197130324779739574 0.00388683712917496042 0.19983989676270144664 0.00066332018404969249 
0.00000000099999999993 0.99999999300000008695 0.00000000099999999993 0.00000000099999999993 0.00000000099999999993 0.00000000099999999993 0.00000000099999999993 0.00000000099999999993 
0.00000000099999999974 0.00000000099999999974 0.00000000099999999974 0.00000000099999999974 0.00000000099999999974 0.99999999299999997593 0.00000000099999999974 0.00000000099999999974 
0.00000000099999999994 0.99999999300000008695 0.00000000099999999994 0.00000000099999999994 0.00000000099999999994 0.00000000099999999994 0.00000000099999999994 0.00000000099999999994 
0.34155955429450485239 0.02632231263123420775 0.00000000099999999999 0.16951909819016403036 0.05270929066339327673 0.00000000099999999999 0.34226641217165210129 0.06762333004905134171 
0.00000000099999999959 0.00000000099999999959 0.99999999299999997593 0.00000000099999999959 0.00000000099999999959 0.00000000099999999959 0.00000000099999999959 0.00000000099999999959 
0.00000000099999999961 0.00000000099999999961 0.00000000099999999961 0.00000000099999999961 0.00000000099999999961 0.99999999299999997593 0.00000000099999999961 0.00000000099999999961 
0.00000000099999999968 0.00000000099999999968 0.99999999300000008695 0.00000000099999999968 0.00000000099999999968 0.00000000099999999968 0.00000000099999999968 0.00000000099999999968 
0.00000000099999999992 0.00000000099999999992 0.00000000099999999992 0.99999999300000008695 0.00000000099999999992 0.00000000099999999992 0.00000000099999999992 0.00000000099999999992 
0.00000000099999999991 0.99999999300000019797 0.00000000099999999991 0.00000000099999999991 0.00000000099999999991 0.00000000099999999991 0.00000000099999999991 0.00000000099999999991 
0.00000000099999999993 0.99999999300000008695 0.00000000099999999993 0.00000000099999999993 0.00000000099999999993 0.00000000099999999993 0.00000000099999999993 0.00000000099999999993 
0.00000000099999999997 0.21095617617061598881 0.00000000099999999997 0.00000000099999999997 0.00000000099999999997 0.00000000099999999997 0.60742223280069451707 0.18162158602868955226 
0.16920563784452335998 0.00000000099999999999 0.00000000099999999999 0.35877299189490430287 0.00343165210433904336 0.02021628846672664931 0.44823285267271029131 0.00014057501679622529 
0.32560003148135363560 0.00000000099999999997 0.00000000099999999997 0.00000000099999999997 0.19570381626199059855 0.00000000099999999997 0.47869614725665560195 0.00000000099999999997 
0.00000000099999999998 0.00320037926657137581 0.00000000099999999998 0.29632791425636234584 0.40562017699038499519 0.00000000099999999998 0.29485152548668142058 0.00000000099999999998 
0.00000000099999999994 0.00000000099999999994 0.00000000099999999994 0.00000000099999999994 0.99999999299999997593 0.00000000099999999994 0.00000000099999999994 0.00000000099999999994 
0.15743768018561399291 0.00000000099999999997 0.00000000099999999997 0.18612919568606098308 0.22606929242493131738 0.00000000099999999997 0.28940453006172583983 0.14095929864166784062 
0.00000000099999999997 0.00000000099999999997 0.00000000099999999997 0.15576733586409902133 0.25996659908459929245 0.00000000099999999997 0.58426606005130155008 0.00000000099999999997 
0.00032785160210942595 0.00154753472893795268 0.00000000099999999999 0.16967915915009448846 0.36992673469131009956 0.00000000099999999999 0.29011251910699281664 0.16840619872055520578 
0.24837336745165167207 0.03120747564449120534 0.00000000099999999999 0.01562810547446686141 0.34957433317020669694 0.00000000099999999999 0.26255960828845825716 0.09265710797072526650 
0.00193370556359768108 0.99806628843640243787 0.00000000099999999995 0.00000000099999999995 0.00000000099999999995 0.00000000099999999995 0.00000000099999999995 0.00000000099999999995 
0.04043921840601277795 0.95956077559398744725 0.00000000099999999996 0.00000000099999999996 0.00000000099999999996 0.00000000099999999996 0.00000000099999999996 0.00000000099999999996 
0.00000000099999999977 0.00000000099999999977 0.99999999300000008695 0.00000000099999999977 0.00000000099999999977 0.00000000099999999977 0.00000000099999999977 0.00000000099999999977 
0.00000000099999999997 0.99999999300000019797 0.00000000099999999997 0.00000000099999999997 0.00000000099999999997 0.00000000099999999997 0.00000000099999999997 0.00000000099999999997 
0.02488183683076131830 0.97511815716923866404 0.00000000099999999997 0.00000000099999999997 0.00000000099999999997 0.00000000099999999997 0.00000000099999999997 0.00000000099999999997 
0.54814473940065988611 0.00000000099999999998 0.00000000099999999998 0.45185525459934028358 0.00000000099999999998 0.00000000099999999998 0.00000000099999999998 0.00000000099999999998 
0.00000000099999999954 0.00000000099999999954 0.99999999299999997593 0.00000000099999999954 0.00000000099999999954 0.00000000099999999954 0.00000000099999999954 0.00000000099999999954 
0.37165450675964728511 0.00000000099999999997 0.00000000099999999997 0.00000000099999999997 0.00000000099999999997 0.00000000099999999997 0.62834548724035266254 0.00000000099999999997 
0.00000000099999999998 0.00000187830952238580 0.00000000099999999998 0.19935904539694229709 0.38078376149308224008 0.00000000099999999998 0.41985531080045301877 0.00000000099999999998 
0.57311359670665984467 0.00000000099999999998 0.00000000099999999998 0.42688639729334026951 0.00000000099999999998 0.00000000099999999998 0.00000000099999999998 0.00000000099999999998 
0.33195740291143149836 0.01683020033466847698 0.00000000099999999999 0.34905189000874037308 0.30216042868285131195 0.00000000099999999999 0.00000000099999999999 0.00000007506230846909 
0.99999999300000019797 0.00000000099999999991 0.00000000099999999991 0.00000000099999999991 0.00000000099999999991 0.00000000099999999991 0.00000000099999999991 0.00000000099999999991 
0.00000000099999999998 0.01447377558674452745 0.00000000099999999998 0.18302356302149763723 0.19981808506365369982 0.00000000099999999998 0.24455980310382541276 0.35812477022427868789 
0.99999999300000019797 0.00000000099999999993 0.00000000099999999993 0.00000000099999999993 0.00000000099999999993 0.00000000099999999993 0.00000000099999999993 0.00000000099999999993 
0.00000000099999999997 0.00000000099999999997 0.00000000099999999997 0.00000000099999999997 0.00000000099999999997 0.00000000099999999997 0.65439533755744883070 0.34560465644255117246 
0.29170253806822016296 0.00104223868765676141 0.00000000100000000000 0.34018724073419331910 0.00000000100000000000 0.02753229364860127967 0.22068930044896697962 0.11884638641236157375 
0.00000000099999999993 0.00000000099999999993 0.00000000099999999993 0.00000000099999999993 0.00000000099999999993 0.00000000099999999993 0.99999999299999986491 0.00000000099999999993 
0.35212226773118887602 0.00000000099999999998 0.00000000099999999998 0.33446780802758879769 0.22494487317348982325 0.00000000099999999998 0.08846503937206670609 0.00000000869566595248 
0.30835247566442985923 0.01176235192055532369 0.00000000099999999999 0.44997056329510048966 0.00000000099999999999 0.02024865455460813160 0.11245142324519324939 0.09721452932011306891 
0.26898945109512395479 0.00000000099999999998 0.00000000099999999998 0.04135407726766440750 0.33219871397522920953 0.00335385055846044089 0.35410390410352182711 0.00000000099999999998 
0.50761512047464141251 0.00000000099999999996 0.00000000099999999996 0.00000000099999999996 0.49238487352535875718 0.00000000099999999996 0.00000000099999999996 0.00000000099999999996 
0.23889052820937137223 0.00000000099999999998 0.00000000099999999998 0.37696662303585548592 0.12700945854200801355 0.00000000099999999998 0.25713338621276515816 0.00000000099999999998 
0.00000000099999999989 0.00000000099999999989 0.00000000099999999989 0.00000000099999999989 0.00000000099999999989 0.00000000099999999989 0.00000000099999999989 0.99999999299999997593 
0.29679606353461873702 0.00000000099999999999 0.00000000099999999999 0.02955159126133774170 0.00000000099999999999 0.00000000099999999999 0.52400625165958703011 0.14964608954445621225 
0.20960501026381764267 0.02765574287109299687 0.00000000099999999999 0.18032996363829997821 0.18334678683270858035 0.00000000099999999999 0.19352321450497733668 0.20553927988910344893 
0.19088436295404831444 0.00000000099999999998 0.00000000099999999998 0.26568620451658098158 0.35080510533893005665 0.00000000099999999998 0.00000001193815427225 0.19262431225228626719 
0.00000000099999999994 0.00000000099999999994 0.00000000099999999994 0.00000000099999999994 0.00000000099999999994 0.00000000099999999994 0.99999999299999986491 0.00000000099999999994 
0.00000000100000000000 0.00004656331646057347 0.06655075883006621174 0.32665240258171945875 0.45924706609000193192 0.00519683482773186569 0.00000000100000000000 0.14230637235401982776 
0.45345178574558181461 0.00000000099999999997 0.00000000099999999997 0.00000000099999999997 0.12330926429719599180 0.00000000099999999997 0.28976909584769422468 0.13346985010952802653 
0.04496728070924931042 0.00809098985796460370 0.00000000099999999997 0.16002850649370894964 0.28591307165965162973 0.00000000099999999997 0.37815310155575360129 0.12284704772367205372 
0.26525361000591735072 0.00660707501604859172 0.00000000099999999997 0.02986261903817826954 0.52303608359691133867 0.00000000099999999997 0.00000000099999999997 0.17524060934294452552 
0.00000000099999999998 0.00000000099999999998 0.00000000099999999998 0.43716918067113164081 0.25389418733623209112 0.00791896876957840813 0.00000000099999999998 0.30101765922305784295 
0.10239473238879333306 0.00217665132742014735 0.00000000099999999998 0.12439852526753120143 0.43142593886478580734 0.00000000099999999998 0.21259411200847355694 0.12701003814299596795 
0.00000000099999999998 0.00000000099999999998 0.00000000099999999998 0.26800452820270886933 0.35062360397736469508 0.00000000099999999998 0.00000000099999999998 0.38137186281992635495 
0.04619779958178062140 0.00000000099999999999 0.00000000099999999999 0.00000180874304079110 0.39908659061113466171 0.00001139062350135897 0.36771180089994248696 0.18699060754060001233 
0.32073267074502836982 0.00000000099999999998 0.00000000099999999998 0.40902182498121053555 0.11146122590680312969 0.00000000099999999998 0.06661242184424408241 0.09217185352271385634 
0.00001367407148178749 0.00247944763326617048 0.00000000099999999996 0.00000000099999999996 0.52361697435526943778 0.00000000099999999996 0.47388989993998259509 0.00000000099999999996 
0.00000000099999999994 0.99999999300000008695 0.00000000099999999994 0.00000000099999999994 0.00000000099999999994 0.00000000099999999994 0.00000000099999999994 0.00000000099999999994 
0.02168907493779484094 0.97831091906220524201 0.00000000099999999997 0.00000000099999999997 0.00000000099999999997 0.00000000099999999997 0.00000000099999999997 0.00000000099999999997 
0.00000000099999999970 0.00000000099999999970 0.99999999299999997593 0.00000000099999999970 0.00000000099999999970 0.00000000099999999970 0.00000000099999999970 0.00000000099999999970 
0.00000000099999999962 0.00000000099999999962 0.00000000099999999962 0.00000000099999999962 0.00000000099999999962 0.99999999300000008695 0.00000000099999999962 0.00000000099999999962 
0.00000000099999999999 0.87584740192168197837 0.00000000099999999999 0.08981282324944664386 0.00000000099999999999 0.03433976982887129020 0.00000000099999999999 0.00000000099999999999 
0.17593780051883958770 0.00000000099999999997 0.00000000099999999997 0.40965800632207394205 0.00000000099999999997 0.00000000099999999997 0.31451868297756924164 0.09988550618151732785 
0.00000000099999999998 0.00000000099999999998 0.00000000099999999998 0.45305563068210030764 0.00000000099999999998 0.00000000099999999998 0.54694436331789952899 0.00000000099999999998 
0.00000000099999999997 0.96663282144783857497 0.00000000099999999997 0.00000000099999999997 0.00000000099999999997 0.00193712809949865387 0.00000000099999999997 0.03143004545266294553 
0.38998268898258736659 0.00000000099999999996 0.00000000099999999996 0.61001730501741258106 0.00000000099999999996 0.00000000099999999996 0.00000000099999999996 0.00000000099999999996 
0.39366038308136125368 0.00000000099999999998 0.00000000099999999998 0.21423044085400180792 0.30692385973110980490 0.00947979613534380948 0.00000106460930455108 0.07570445358887868681 
0.00000000099999999986 0.00000000099999999986 0.00000000099999999986 0.00000000099999999986 0.00000000099999999986 0.00000000099999999986 0.00000000099999999986 0.99999999299999997593 
0.00000000099999999959 0.00000000099999999959 0.99999999299999997593 0.00000000099999999959 0.00000000099999999959 0.00000000099999999959 0.00000000099999999959 0.00000000099999999959 
0.00000000099999999962 0.00000000099999999962 0.99999999300000008695 0.00000000099999999962 0.00000000099999999962 0.00000000099999999962 0.00000000099999999962 0.00000000099999999962 
0.00000000099999999954 0.00000000099999999954 0.99999999299999997593 0.00000000099999999954 0.00000000099999999954 0.00000000099999999954 0.00000000099999999954 0.00000000099999999954 
0.00000000099999999956 0.00000000099999999956 0.99999999300000008695 0.00000000099999999956 0.00000000099999999956 0.00000000099999999956 0.00000000099999999956 0.00000000099999999956 
0.00000000099999999957 0.00000000099999999957 0.99999999300000008695 0.00000000099999999957 0.00000000099999999957 0.00000000099999999957 0.00000000099999999957 0.00000000099999999957 
0.00000000099999999997 0.99999999300000008695 0.00000000099999999997 0.00000000099999999997 0.00000000099999999997 0.00000000099999999997 0.00000000099999999997 0.00000000099999999997 
0.00000000099999999998 0.00000000099999999998 0.00000000099999999998 0.00000000099999999998 0.67856460424101616713 0.00000000099999999998 0.00000000099999999998 0.32143538975898383603 
0.00000000099999999957 0.00000000099999999957 0.99999999299999997593 0.00000000099999999957 0.00000000099999999957 0.00000000099999999957 0.00000000099999999957 0.00000000099999999957 
0.00000000099999999963 0.00000000099999999963 0.99999999300000008695 0.00000000099999999963 0.00000000099999999963 0.00000000099999999963 0.00000000099999999963 0.00000000099999999963 
0.00000000099999999961 0.00000000099999999961 0.00000000099999999961 0.00000000099999999961 0.00000000099999999961 0.99999999299999997593 0.00000000099999999961 0.00000000099999999961 
0.00000000099999999961 0.00000000099999999961 0.00000000099999999961 0.00000000099999999961 0.00000000099999999961 0.99999999300000008695 0.00000000099999999961 0.00000000099999999961 
0.00000000099999999995 0.00000000099999999995 0.00000000099999999995 0.00000000099999999995 0.00000000099999999995 0.00000000099999999995 0.78529012393057640029 0.21470987006942368613 
0.00000000099999999959 0.00000000099999999959 0.99999999300000008695 0.00000000099999999959 0.00000000099999999959 0.00000000099999999959 0.00000000099999999959 0.00000000099999999959 
0.50104876180698976196 0.00000000099999999997 0.00000000099999999997 0.00000000099999999997 0.00000000099999999997 0.00000000099999999997 0.49895123219301035222 0.00000000099999999997 
0.33194702970830397559 0.00000000099999999996 0.00000000099999999996 0.00000000099999999996 0.00000000099999999996 0.00000000099999999996 0.66805296429169580552 0.00000000099999999996 
0.00000000099999999998 0.94977459247710693813 0.00000000099999999998 0.00000000099999999998 0.00190634873765829858 0.00000000099999999998 0.04831905378523491945 0.00000000099999999998 
0.00000000099999999996 0.00000000099999999996 0.00000000099999999996 0.59135549967656597659 0.40864449432343408208 0.00000000099999999996 0.00000000099999999996 0.00000000099999999996 
0.00000000099999999991 0.99999999300000019797 0.00000000099999999991 0.00000000099999999991 0.00000000099999999991 0.00000000099999999991 0.00000000099999999991 0.00000000099999999991 
0.99999999300000008695 0.00000000099999999989 0.00000000099999999989 0.00000000099999999989 0.00000000099999999989 0.00000000099999999989 0.00000000099999999989 0.00000000099999999989 
0.00000000099999999993 0.99999999300000019797 0.00000000099999999993 0.00000000099999999993 0.00000000099999999993 0.00000000099999999993 0.00000000099999999993 0.00000000099999999993 
0.99999999300000008695 0.00000000099999999991 0.00000000099999999991 0.00000000099999999991 0.00000000099999999991 0.00000000099999999991 0.00000000099999999991 0.00000000099999999991 
0.00000000099999999998 0.00000000099999999998 0.00000000099999999998 0.41448937258004819872 0.00000000099999999998 0.00000000099999999998 0.43916781300578677794 0.14634280941416499822 
0.00000000099999999963 0.00000000099999999963 0.99999999299999997593 0.00000000099999999963 0.00000000099999999963 0.00000000099999999963 0.00000000099999999963 0.00000000099999999963 
0.00000000099999999994 0.99999999300000019797 0.00000000099999999994 0.00000000099999999994 0.00000000099999999994 0.00000000099999999994 0.00000000099999999994 0.00000000099999999994 
0.00000000099999999957 0.00000000099999999957 0.99999999299999997593 0.00000000099999999957 0.00000000099999999957 0.00000000099999999957 0.00000000099999999957 0.00000000099999999957 
0.00000000099999999957 0.00000000099999999957 0.99999999299999997593 0.00000000099999999957 0.00000000099999999957 0.00000000099999999957 0.00000000099999999957 0.00000000099999999957 
0.00000000099999999988 0.00000000099999999988 0.00000000099999999988 0.00000000099999999988 0.00000000099999999988 0.00000000099999999988 0.00000000099999999988 0.99999999300000008695 
0.24321383464949181130 0.02227530579724509852 0.00000000099999999998 0.18380665691317862875 0.33496131750227603474 0.00000000099999999998 0.21574288213780831724 0.00000000099999999998 
0.00000000099999999989 0.00000000099999999989 0.00000000099999999989 0.99999999300000008695 0.00000000099999999989 0.00000000099999999989 0.00000000099999999989 0.00000000099999999989 
0.32952829023700636046 0.00000000099999999998 0.00000000099999999998 0.14086867831719204758 0.29573685853002790180 0.00000000099999999998 0.17345054958602845741 0.06041562032974500535 
0.00000000099999999997 0.00000000099999999997 0.00000000099999999997 0.00000000099999999997 0.00000000099999999997 0.00000000099999999997 0.72907401638898294838 0.27092597761101705478 
0.00000000099999999994 0.00000000099999999994 0.00000000099999999994 0.00000000099999999994 0.00000000099999999994 0.00000000099999999994 0.99999999299999986491 0.00000000099999999994 
0.00000000099999999991 0.00000000099999999991 0.00000000099999999991 0.00000000099999999991 0.00000000099999999991 0.00000000099999999991 0.99999999299999986491 0.00000000099999999991 
0.00000000099999999997 0.97301679798995277526 0.00000000099999999997 0.02698319601004739443 0.00000000099999999997 0.00000000099999999997 0.00000000099999999997 0.00000000099999999997 
0.19555014493315681090 0.00000000099999999997 0.00000000099999999997 0.40286513689865227628 0.38920406767056531239 0.00000000099999999997 0.00000000978878628610 0.01238063770883936904 
0.00000000099999999957 0.00000000099999999957 0.99999999300000008695 0.00000000099999999957 0.00000000099999999957 0.00000000099999999957 0.00000000099999999957 0.00000000099999999957 
0.45035841689433697699 0.00000000099999999997 0.00000000099999999997 0.00000000099999999997 0.54964157710566297066 0.00000000099999999997 0.00000000099999999997 0.00000000099999999997 
0.00000000099999999986 0.00000000099999999986 0.99999999299999997593 0.00000000099999999986 0.00000000099999999986 0.00000000099999999986 0.00000000099999999986 0.00000000099999999986 
0.00000000099999999963 0.00000000099999999963 0.99999999299999997593 0.00000000099999999963 0.00000000099999999963 0.00000000099999999963 0.00000000099999999963 0.00000000099999999963 
0.00000000099999999998 0.00572149266811669121 0.00000000099999999998 0.64285241692683636749 0.17102152201128209552 0.00000000099999999998 0.00445533757034242278 0.17594922782342253820 
0.00000000099999999993 0.00000000099999999993 0.00000000099999999993 0.00000000099999999993 0.99999999299999997593 0.00000000099999999993 0.00000000099999999993 0.00000000099999999993 
0.55861419353330354909 0.00000000099999999996 0.00000000099999999996 0.00000000099999999996 0.00000000099999999996 0.00000000099999999996 0.00000000099999999996 0.44138580046669662060 
0.00000000099999999966 0.00000000099999999966 0.99999999299999997593 0.00000000099999999966 0.00000000099999999966 0.00000000099999999966 0.00000000099999999966 0.00000000099999999966 
0.00000000099999999993 0.99999999300000019797 0.00000000099999999993 0.00000000099999999993 0.00000000099999999993 0.00000000099999999993 0.00000000099999999993 0.00000000099999999993 
0.00000000099999999993 0.99999999300000008695 0.00000000099999999993 0.00000000099999999993 0.00000000099999999993 0.00000000099999999993 0.00000000099999999993 0.00000000099999999993 
0.00000000099999999962 0.00000000099999999962 0.99999999300000008695 0.00000000099999999962 0.00000000099999999962 0.00000000099999999962 0.00000000099999999962 0.00000000099999999962 
0.36944774883092834639 0.00000000099999999998 0.00000000099999999998 0.48672395302211785006 0.00000000099999999998 0.00000000099999999998 0.00000000099999999998 0.14382829314695383394 
0.53777020910101247519 0.03955784346620720704 0.00000000099999999999 0.00000000099999999999 0.14230993291861915306 0.00034186400951528466 0.27907329166216271465 0.00094685684248318439 
0.00000000099999999964 0.00000000099999999964 0.99999999299999997593 0.00000000099999999964 0.00000000099999999964 0.00000000099999999964 0.00000000099999999964 0.00000000099999999964 
0.37081360727732609606 0.00000000099999999998 0.00000000099999999998 0.09586091640714465567 0.34287079591489255659 0.00000000099999999998 0.00001221508797110423 0.19044246231266551139 
0.00000000099999999991 0.99999999300000019797 0.00000000099999999991 0.00000000099999999991 0.00000000099999999991 0.00000000099999999991 0.00000000099999999991 0.00000000099999999991 
0.00000000099999999999 0.19708363072952847506 0.10616027332175509423 0.00000000099999999999 0.00000000099999999999 0.10070818146572686758 0.59604791048298955136 0.00000000099999999999 
0.00000000099999999998 0.00000000099999999998 0.00000000099999999998 0.54487517959186571037 0.00001908152950150950 0.00000000099999999998 0.45510573387863267891 0.00000000099999999998 
0.00000000099999999993 0.00000000099999999993 0.00000000099999999993 0.00000000099999999993 0.99999999300000008695 0.00000000099999999993 0.00000000099999999993 0.00000000099999999993 
0.00000000099999999993 0.00000000099999999993 0.00000000099999999993 0.00000000099999999993 0.99999999300000008695 0.00000000099999999993 0.00000000099999999993 0.00000000099999999993 
0.00000000099999999987 0.00000000099999999987 0.00000000099999999987 0.00000000099999999987 0.00000000099999999987 0.00000000099999999987 0.00000000099999999987 0.99999999300000008695 
0.00000000099999999991 0.00000000099999999991 0.00000000099999999991 0.00000000099999999991 0.99999999299999997593 0.00000000099999999991 0.00000000099999999991 0.00000000099999999991 
0.00000001325518337505 0.00000000099999999999 0.00000000099999999999 0.18323714397910756402 0.20830259723688920870 0.00000000099999999999 0.47161699196394540889 0.13684325056487453565 
0.15719543728495963264 0.00000000099999999999 0.00000000099999999999 0.20919254590277522321 0.23287754064263405107 0.00901222447726597251 0.25520683494984991446 0.13651541474251530084 
0.30866972154523886207 0.00630255837945853555 0.00000000099999999999 0.00000000099999999999 0.19336464957005411458 0.00000000099999999999 0.49166306650524838062 0.00000000099999999999 
0.00000000099999999996 0.99999999300000008695 0.00000000099999999996 0.00000000099999999996 0.00000000099999999996 0.00000000099999999996 0.00000000099999999996 0.00000000099999999996 
0.21600465470197277584 0.00000000099999999997 0.00000000099999999997 0.00000000099999999997 0.45553771652244945400 0.00000000099999999997 0.00000000099999999997 0.32845762377557791156 
0.00000000099999999997 0.00000000099999999997 0.00000000099999999997 0.47857912699815219337 0.00000000193915061672 0.00000000099999999997 0.52142086606269710813 0.00000000099999999997 
0.00000000099999999997 0.00505098666271916723 0.00000000099999999997 0.32088755036245514285 0.00000000099999999997 0.00000000099999999997 0.67406145797482575066 0.00000000099999999997 
0.00000000099999999990 0.00000000099999999990 0.00000000099999999990 0.99999999300000008695 0.00000000099999999990 0.00000000099999999990 0.00000000099999999990 0.00000000099999999990 
0.18918369097332690676 0.02655128014038923151 0.00000000099999999999 0.40772157788210672269 0.37654134188218835178 0.00000000099999999999 0.00000210612198897506 0.00000000099999999999 
0.00000000099999999989 0.00000000099999999989 0.00000000099999999989 0.99999999299999997593 0.00000000099999999989 0.00000000099999999989 0.00000000099999999989 0.00000000099999999989 
0.26173251731254898456 0.00000557425422001655 0.00000000099999999999 0.05754042600175390820 0.17488741617527694960 0.00000000099999999999 0.36768802085370705379 0.13814604340249314607 
0.00000000099999999996 0.95543431812019929961 0.00000000099999999996 0.00000000099999999996 0.00000000099999999996 0.00000000099999999996 0.04456567587980081457 0.00000000099999999996 
0.00000000099999999994 0.00000000099999999994 0.00000000099999999994 0.00000000099999999994 0.00000000099999999994 0.00000000099999999994 0.99999999299999997593 0.00000000099999999994 
0.00000000099999999997 0.00000000099999999997 0.00000000099999999997 0.55780467660994959012 0.00000000099999999997 0.00000000099999999997 0.00000000099999999997 0.44219531739005035753 
0.32141694299171952309 0.00245390123365398860 0.00000000957326857578 0.35032167933521107805 0.23550231000562815709 0.00000000100000000000 0.00000000100000000000 0.09030515486051862717 
0.00000000099999999997 0.99999995849627099087 0.00000000099999999997 0.00000000099999999997 0.00000000099999999997 0.00000000099999999997 0.00000003550372910563 0.00000000099999999997 
0.35036387878394559259 0.01780973991181067709 0.01775255442088894894 0.14006333379155894159 0.17330593577242536796 0.00000000099999999999 0.30070455531937040350 0.00000000099999999999 
0.22077491938854018616 0.00000000099999999999 0.00000000099999999999 0.19740016854701106230 0.17127293203584864623 0.00000000099999999999 0.20724109429962817019 0.20331088272897199221 
0.10679230255477618894 0.47155206246640585244 0.00000000099999999999 0.00000000099999999999 0.14583704528568081082 0.00712712336812880518 0.19544367294471717833 0.07324779138029118009 
