0.02151363403723776518 0.41562825163638039694 0.16551182909761716355 0.00000000100000000000 0.00000000100000000000 0.39734628322876475170 
0.00000000099999999995 0.00000000099999999995 0.00000000099999999995 0.00000000099999999995 0.99999999500000003039 0.00000000099999999995 
0.00000000099999999995 0.00000000099999999995 0.00000000099999999995 0.00000000099999999995 0.99999999500000003039 0.00000000099999999995 
0.00105909514758967434 0.34073140134945728574 0.16310463182362894274 0.00000000099999999999 0.02938197590126576803 0.46572289477805828284 
0.00976112038059288693 0.34034362632325110276 0.07413329950581434846 0.00000000099999999999 0.00000000099999999999 0.57576195179034161953 
0.00000004233339038437 0.32988959709601134440 0.27375335830132874193 0.00000000099999999999 0.01867582823525379063 0.37768117303401577134 
0.00000000099999999996 0.00000000099999999996 0.00000000099999999996 0.00000000099999999996 0.99999999499999991937 0.00000000099999999996 
0.00000000099999999994 0.00000000099999999994 0.00000000099999999994 0.00000000099999999994 0.99999999500000003039 0.00000000099999999994 
0.01295245966439730403 0.45171868384252544804 0.20286905330868287844 0.00000000099999999999 0.00000049211449050059 0.33245931006990386836 
0.00000000099999999995 0.00000000099999999995 0.00000000099999999995 0.00000000099999999995 0.99999999500000003039 0.00000000099999999995 
0.00000000099999999999 0.00000000099999999999 0.00000000099999999999 0.00000000099999999999 0.00000000099999999999 0.99999999500000003039 
0.00613916743945684511 0.42813034728358861924 0.06160918406061786229 0.00000000099999999998 0.01303700934634887190 0.49108429086998772739 
0.00000000099999999997 0.00000000099999999997 0.00000000099999999997 0.00000000099999999997 0.00000000099999999997 0.99999999499999991937 
0.01318699337079831148 0.44085406511294011889 0.19019374650949785743 0.00000000099999999999 0.00101798492067954062 0.35474720908608403658 
0.01529998407272527804 0.46098535412722652094 0.11972196232585081976 0.00599546549274354058 0.00000000100000000000 0.39799723298145373018 
0.02780230872142723866 0.36753451311971940818 0.19071516410447017509 0.00000000099999999999 0.05238206212846707732 0.36156595092591614637 
0.00000000099999999996 0.99999999500000003039 0.00000000099999999996 0.00000000099999999996 0.00000000099999999996 0.00000000099999999996 
0.00000000099999999997 0.55892900591902805463 0.44107099008097189197 0.00000000099999999997 0.00000000099999999997 0.00000000099999999997 
0.00566582979176916048 0.27451030471585469162 0.02116804423336090396 0.00000000100000000000 0.00000000100000000000 0.69865581925901520943 
0.00487014141816585842 0.26989583294986041473 0.11366232305262635727 0.00000000099999999998 0.00000000099999999998 0.61157170057934739926 
0.00000000099999999999 0.25154457537771401920 0.16759722004637855886 0.00000000099999999999 0.00000000099999999999 0.58085820157590739576 
0.00000000099999999997 0.00000000099999999997 0.01844720095795817152 0.00000000099999999997 0.98155279504204184793 0.00000000099999999997 
0.00000000099999999996 0.99999999500000014141 0.00000000099999999996 0.00000000099999999996 0.00000000099999999996 0.00000000099999999996 
0.00000000099999999993 0.99999999500000003039 0.00000000099999999993 0.00000000099999999993 0.00000000099999999993 0.00000000099999999993 
0.00000000099999999998 0.00000006019344616992 0.30038561661070434239 0.00000000099999999998 0.02101347170516262158 0.67860084949068688598 
0.00000000099999999999 0.41940428046348576796 0.00000000099999999999 0.00000000099999999999 0.00000000099999999999 0.58059571553651401210 
0.99999999500000014141 0.00000000099999999978 0.00000000099999999978 0.00000000099999999978 0.00000000099999999978 0.00000000099999999978 
0.99999999500000014141 0.00000000099999999975 0.00000000099999999975 0.00000000099999999975 0.00000000099999999975 0.00000000099999999975 
0.00000000099999999991 0.00000000099999999991 0.99999999500000003039 0.00000000099999999991 0.00000000099999999991 0.00000000099999999991 
0.00394198324386999498 0.55165891377234665960 0.00000074446606365327 0.00000000099999999999 0.00000000099999999999 0.44439835651771975034 
0.00000000099999999996 0.00000000099999999996 0.63815856556549410694 0.00000000099999999996 0.00000000099999999996 0.36184143043450583965 
0.00000000099999999997 0.00000000099999999997 0.00000000099999999997 0.00000000099999999997 0.99999999499999991937 0.00000000099999999997 
0.35784822903014001927 0.42983556243312442957 0.00000000099999999995 0.00000000099999999995 0.21231620553673569152 0.00000000099999999995 
0.00000000099999999996 0.99999999500000003039 0.00000000099999999996 0.00000000099999999996 0.00000000099999999996 0.00000000099999999996 
0.00000000099999999975 0.00000000099999999975 0.00000000099999999975 0.99999999499999991937 0.00000000099999999975 0.00000000099999999975 
0.00000000099999999968 0.00000000099999999968 0.00000000099999999968 0.99999999499999991937 0.00000000099999999968 0.00000000099999999968 
0.00000000099999999969 0.00000000099999999969 0.00000000099999999969 0.99999999499999991937 0.00000000099999999969 0.00000000099999999969 
0.99999999500000003039 0.00000000099999999979 0.00000000099999999979 0.00000000099999999979 0.00000000099999999979 0.00000000099999999979 
0.99999999500000003039 0.00000000099999999976 0.00000000099999999976 0.00000000099999999976 0.00000000099999999976 0.00000000099999999976 
0.00000000099999999998 0.01159881633052205034 0.24335878869615912290 0.00000000099999999998 0.00000000099999999998 0.74504239197331867395 
0.00000000099999999997 0.00000000099999999997 0.00000000099999999997 0.00000000099999999997 0.99999999499999991937 0.00000000099999999997 
0.99999999500000003039 0.00000000099999999978 0.00000000099999999978 0.00000000099999999978 0.00000000099999999978 0.00000000099999999978 
0.00603043464012268608 0.62523054243616937864 0.00035915563593215074 0.00000000099999999999 0.02109023085869586242 0.34728963542907986817 
0.00000000099999999995 0.00000000099999999995 0.00000000099999999995 0.00000000099999999995 0.99999999500000003039 0.00000000099999999995 
0.99999999500000014141 0.00000000099999999980 0.00000000099999999980 0.00000000099999999980 0.00000000099999999980 0.00000000099999999980 
0.00204476814789482765 0.50783363972426420752 0.13153446794543724452 0.00000000099999999999 0.01109889809529714458 0.34748822508710647261 
0.99999999500000014141 0.00000000099999999978 0.00000000099999999978 0.00000000099999999978 0.00000000099999999978 0.00000000099999999978 
0.00000000099999999996 0.00000000099999999996 0.00000000099999999996 0.00000000099999999996 0.99999999499999991937 0.00000000099999999996 
0.00000000099999999993 0.00000000099999999993 0.00000000099999999993 0.00000000099999999993 0.99999999500000003039 0.00000000099999999993 
0.99999999500000014141 0.00000000099999999975 0.00000000099999999975 0.00000000099999999975 0.00000000099999999975 0.00000000099999999975 
0.99999999500000003039 0.00000000099999999977 0.00000000099999999977 0.00000000099999999977 0.00000000099999999977 0.00000000099999999977 
0.00000000099999999996 0.00000000099999999996 0.00000000099999999996 0.00000000099999999996 0.99999999499999991937 0.00000000099999999996 
0.00000000099999999996 0.00000000099999999996 0.00000000099999999996 0.00000000099999999996 0.99999999499999991937 0.00000000099999999996 
0.00000000099999999996 0.00000000099999999996 0.00000000099999999996 0.00000000099999999996 0.99999883241501341669 0.00000116358498654797 
0.99999999500000014141 0.00000000099999999981 0.00000000099999999981 0.00000000099999999981 0.00000000099999999981 0.00000000099999999981 
0.01453846827399115499 0.37224744362520201246 0.16213257901853905807 0.00000000100000000000 0.03886019205445301328 0.41222131602781486581 
0.02153806785009255986 0.23857244861239743083 0.29027017495693518967 0.00000000099999999999 0.00000000099999999999 0.44961930658057486232 
0.00000000099999999998 0.00407229465259114146 0.22167816721616490083 0.00000000099999999998 0.00094935987421793512 0.77330017625702607287 
0.00000000099999999999 0.36617517014905298645 0.24210947683440051104 0.00000000099999999999 0.00052232262642836868 0.39119302839011799167 
0.00000000099999999995 0.00000000099999999995 0.00000000099999999995 0.00000000099999999995 0.99999999499999991937 0.00000000099999999995 
0.00000000099999999998 0.00000000099999999998 0.00000000099999999998 0.00000000099999999998 0.00000000099999999998 0.99999999499999991937 
0.00000000099999999973 0.00000000099999999973 0.00000000099999999973 0.99999999500000003039 0.00000000099999999973 0.00000000099999999973 
0.00143508725776335128 0.16499733424695586792 0.19095735859272330859 0.00000000099999999998 0.00000001870099617634 0.64261020020156134347 
0.00000000099999999974 0.00000000099999999974 0.00000000099999999974 0.99999999499999991937 0.00000000099999999974 0.00000000099999999974 
0.00000000099999999998 0.00101835388136354643 0.00000000099999999998 0.00000000099999999998 0.01847361253602693501 0.98050803058260949108 
0.00000000099999999974 0.00000000099999999974 0.00000000099999999974 0.99999999499999991937 0.00000000099999999974 0.00000000099999999974 
0.00000000099999999999 0.30588087669032587579 0.27027476559961971514 0.00000000099999999999 0.00000001067924576343 0.42384434503080881118 
0.00000000099999999998 0.00000000099999999998 0.00000000099999999998 0.00000000099999999998 0.00000000099999999998 0.99999999500000003039 
0.00000000099999999994 0.00000000099999999994 0.00000000099999999994 0.00000000099999999994 0.99999999500000003039 0.00000000099999999994 
0.00000000099999999997 0.47630229462892648140 0.11265399245572441100 0.00000000099999999997 0.00000000099999999997 0.41104370991534905366 
0.00000000099999999974 0.00000000099999999974 0.00000000099999999974 0.99999999499999991937 0.00000000099999999974 0.00000000099999999974 
0.00000000099999999976 0.00000000099999999976 0.00000000099999999976 0.99999999500000003039 0.00000000099999999976 0.00000000099999999976 
0.01060889430382157099 0.28381099744778093275 0.12920355193142243899 0.00000000099999999999 0.07678131602010435097 0.49959523929687060795 
0.00000000099999999994 0.00000000099999999994 0.00000000099999999994 0.00000000099999999994 0.99999999500000003039 0.00000000099999999994 
0.99999999500000003039 0.00000000099999999982 0.00000000099999999982 0.00000000099999999982 0.00000000099999999982 0.00000000099999999982 
0.00000000099999999995 0.00000000099999999995 0.00000000099999999995 0.00000000099999999995 0.99999999499999991937 0.00000000099999999995 
0.00000000099999999999 0.40096282576943981235 0.22353205867529948869 0.00000000099999999999 0.03132593025626195099 0.34417918329899876984 
0.00000000099999999971 0.00000000099999999971 0.00000000099999999971 0.99999999499999991937 0.00000000099999999971 0.00000000099999999971 
0.99999999500000003039 0.00000000099999999973 0.00000000099999999973 0.00000000099999999973 0.00000000099999999973 0.00000000099999999973 
0.00000000099999999977 0.00000000099999999977 0.00000000099999999977 0.99999999500000003039 0.00000000099999999977 0.00000000099999999977 
0.01866594472391096271 0.39588653937602608091 0.00000000100000000000 0.00065427675046078853 0.00000000100000000000 0.58479323714960207425 
0.00000000099999999993 0.00000000099999999993 0.00000000099999999993 0.00000000099999999993 0.99999999499999991937 0.00000000099999999993 
0.00000000099999999994 0.00000000099999999994 0.00000000099999999994 0.00000000099999999994 0.99999999500000003039 0.00000000099999999994 
0.00000000099999999998 0.29024399571962622435 0.39446812383093571297 0.00000000099999999998 0.22578859345150306681 0.08949928499793492753 
0.02124424708315148652 0.56921336073174877423 0.03627468193812895952 0.00000000099999999999 0.00162810757216032536 0.37163960167481052688 
0.00000000099999999998 0.18017601724564530352 0.19971255018634204159 0.00000000099999999998 0.00000000099999999998 0.62011142956801268422 
0.00000000099999999998 0.25955188663365857948 0.25662427102891183228 0.00000000099999999998 0.01136959779459864248 0.47245424254283091559 
0.00000000099999999998 0.08654434697033505652 0.37860616513334771627 0.00000000099999999998 0.00000000099999999998 0.53484948489631722879 
0.00000000099999999995 0.99999999500000003039 0.00000000099999999995 0.00000000099999999995 0.00000000099999999995 0.00000000099999999995 
0.00000000099999999997 0.00008692078735873829 0.38809432374525409948 0.00000000099999999997 0.00000000099999999997 0.61181875246738715024 
0.00509391374975328142 0.39684667959980429730 0.14288387964670795638 0.00000000099999999999 0.00296196531007296513 0.45221356069366147601 
0.00000000099999999997 0.00000000099999999997 0.00000000099999999997 0.00000000099999999997 0.00611093139916397965 0.99388906460083592531 
0.00000000099999999995 0.00000000099999999995 0.00000000099999999995 0.00000000099999999995 0.99999999499999991937 0.00000000099999999995 
0.00000000099999999998 0.00000000099999999998 0.00000000099999999998 0.00000000099999999998 0.98337537315935430460 0.01662462284064573914 
0.00000000099999999984 0.00000000099999999984 0.00000000099999999984 0.99999999500000003039 0.00000000099999999984 0.00000000099999999984 
0.00000000099999999997 0.00000000099999999997 0.00000000099999999997 0.00000000099999999997 0.99999999500000003039 0.00000000099999999997 
0.00000000099999999998 0.00000000099999999998 0.00000000099999999998 0.00000000099999999998 0.99952223441289289596 0.00047776158710709433 
0.00900474610923522427 0.19289485710099843474 0.12970029180510073141 0.00000000099999999999 0.01187973777351639983 0.65652036621114928661 
0.00000000099999999968 0.00000000099999999968 0.00000000099999999968 0.99999999499999991937 0.00000000099999999968 0.00000000099999999968 
0.00000008863318767270 0.44340919725300492749 0.25717538856985300288 0.00000000099999999999 0.00000000099999999999 0.29941532354395444804 
0.00000000099999999998 0.00000000099999999998 0.39045453506386890163 0.00000000099999999998 0.00000000099999999998 0.60954546093613093394 
0.00649926943666244167 0.30039095368111673467 0.10284830056356027150 0.00000000100000000000 0.00000000100000000000 0.59026147431866049509 
0.00000000099999999998 0.00000000099999999998 0.00000000099999999998 0.00000000099999999998 0.00000000099999999998 0.99999999500000003039 
0.00000000099999999997 0.00000000099999999997 0.00000000099999999997 0.00000000099999999997 0.00000000099999999997 0.99999999499999991937 
0.00000000099999999997 0.99999999500000003039 0.00000000099999999997 0.00000000099999999997 0.00000000099999999997 0.00000000099999999997 
0.00086691996607373616 0.50669645131950602490 0.00000000099999999999 0.00000000099999999999 0.00000000099999999999 0.49243662571442042841 
0.00000000099999999999 0.58681079899241805897 0.41212766693944669072 0.00000000099999999999 0.00000000099999999999 0.00106153106813545312 
0.02816189853230938525 0.00000000099999999999 0.00000000099999999999 0.00000000099999999999 0.00000000099999999999 0.97183809746769067583 
0.00000000099999999998 0.00000000099999999998 0.44859971406612325628 0.00000000099999999998 0.00000000099999999998 0.55140028193387669031 
0.00000000099999999997 0.39518971021589349712 0.00000000099999999997 0.00000000099999999997 0.00000000099999999997 0.60481028578410644947 
0.01293029109007188919 0.00000000099999999999 0.00000000099999999999 0.00000000099999999999 0.00000359874996672174 0.98706610715996134786 
0.00000444419161011756 0.30820464892023352599 0.41235533869313706345 0.00000000099999999998 0.00000000099999999998 0.27943556619501941363 
0.00000000099999999996 0.00000000099999999996 0.00000000099999999996 0.00000000099999999996 0.00000000099999999996 0.99999999499999991937 
0.00000000099999999999 0.32905813337784944883 0.15673396702355701926 0.00000000099999999999 0.00000000099999999999 0.51420789659859345022 
0.00000000099999999998 0.46979586729022060343 0.00000000099999999998 0.00000000099999999998 0.02855294995766652355 0.50165117975211259704 
0.00000000099999999999 0.60201418068465173405 0.39798581009931000008 0.00000000099999999999 0.00000000099999999999 0.00000000621603840882 
0.00000000099999999999 0.51301537215311032725 0.16731180032990822237 0.00000000099999999999 0.03286956012179623882 0.28680326539518541384 
0.00000000099999999999 0.16602564262802516071 0.25174797326247011497 0.00000000099999999999 0.00000000099999999999 0.58222638110950475365 
0.00000000099999999998 0.35865293092667260844 0.24317103364015502098 0.00000000099999999998 0.01449116683753666306 0.38368486659563560970 
0.00468560968157377168 0.41287216964965467447 0.00285890911865260442 0.06787868193567972441 0.01683909509060256549 0.49486553452383674756 
0.00000000099999999995 0.99999999500000014141 0.00000000099999999995 0.00000000099999999995 0.00000000099999999995 0.00000000099999999995 
0.00000000099999999997 0.49926001354328530812 0.20729974148348936924 0.00000000099999999997 0.01102009517971909089 0.28242014779350615994 
0.00000000099999999998 0.46255273671301511129 0.04276153914099662529 0.00000000099999999998 0.01907522198289031412 0.47561050016309802668 
0.01092865870960645774 0.58264484110880077061 0.00000000099999999999 0.00000000099999999999 0.00000000099999999999 0.40642649718159290506 
0.00000000099999999998 0.29094528573416467143 0.24434755357112530882 0.00000000099999999998 0.00543249676458006960 0.45927466193012994600 
0.00000000099999999997 0.99999999500000014141 0.00000000099999999997 0.00000000099999999997 0.00000000099999999997 0.00000000099999999997 
0.00636556237190107153 0.19028791922191382047 0.21452859122301415340 0.00000000099999999999 0.00282503234062684086 0.58599289384254404922 
0.00000000099999999997 0.99996487653107324345 0.00000000099999999997 0.00000000099999999997 0.00000000099999999997 0.00003511946892686790 
0.00000000099999999997 0.00000000099999999997 0.26833552495522616788 0.00000000099999999997 0.01153482943392380999 0.72012964261084999595 
0.00000000099999999995 0.00000000099999999995 0.00000000099999999995 0.00000000099999999995 0.99999999500000003039 0.00000000099999999995 
0.00000000099999999998 0.00000000099999999998 0.00000000099999999998 0.00000000099999999998 0.99999999499999991937 0.00000000099999999998 
0.00000000099999999979 0.00000000099999999979 0.00000000099999999979 0.99999999499999991937 0.00000000099999999979 0.00000000099999999979 
0.99999999500000003039 0.00000000099999999974 0.00000000099999999974 0.00000000099999999974 0.00000000099999999974 0.00000000099999999974 
0.03663354888741760657 0.00000000099999999999 0.06828206132413820739 0.00000000099999999999 0.89508438678844415293 0.00000000099999999999 
0.00000000099999999996 0.99999999500000003039 0.00000000099999999996 0.00000000099999999996 0.00000000099999999996 0.00000000099999999996 
0.00000000099999999999 0.00000000099999999999 0.26991906137274446209 0.00000000099999999999 0.00007693080601629293 0.73000400482123928292 
0.00418822205862054257 0.00000000099999999999 0.00000000201122449237 0.00000000099999999999 0.99581177293015488150 0.00000000099999999999 
0.00000000099999999999 0.45689051115842416184 0.08097988534689740114 0.00000000099999999999 0.01157600639813259266 0.45055359509654585581 
0.01454277257009651408 0.44325784697317155425 0.00000309006435503761 0.00000000099999999998 0.00000000099999999998 0.54219628839237687945 
0.00002682403437835764 0.49457049281310622169 0.16545710551695153034 0.00000000099999999999 0.00000000099999999999 0.33994557563556382362 
0.00000000099999999972 0.00000000099999999972 0.00000000099999999972 0.99999999500000003039 0.00000000099999999972 0.00000000099999999972 
0.00000000099999999974 0.00000000099999999974 0.00000000099999999974 0.99999999500000003039 0.00000000099999999974 0.00000000099999999974 
0.00000000099999999968 0.00000000099999999968 0.00000000099999999968 0.99999999499999991937 0.00000000099999999968 0.00000000099999999968 
0.00000000099999999969 0.00000000099999999969 0.00000000099999999969 0.99999999499999991937 0.00000000099999999969 0.00000000099999999969 
0.00000000099999999970 0.00000000099999999970 0.00000000099999999970 0.99999999499999991937 0.00000000099999999970 0.00000000099999999970 
0.00000000099999999998 0.00000000099999999998 0.00000000099999999998 0.00000000099999999998 0.99999999500000003039 0.00000000099999999998 
0.00883356324501998781 0.48499744516621068335 0.00000000166266597500 0.00000000099999999999 0.00000000099999999999 0.50616898792610331981 
0.00000000099999999970 0.00000000099999999970 0.00000000099999999970 0.99999999499999991937 0.00000000099999999970 0.00000000099999999970 
0.00000000099999999974 0.00000000099999999974 0.00000000099999999974 0.99999999499999991937 0.00000000099999999974 0.00000000099999999974 
0.99999999500000014141 0.00000000099999999973 0.00000000099999999973 0.00000000099999999973 0.00000000099999999973 0.00000000099999999973 
0.99999999500000014141 0.00000000099999999973 0.00000000099999999973 0.00000000099999999973 0.00000000099999999973 0.00000000099999999973 
0.00000000099999999989 0.00000000099999999989 0.99999999499999991937 0.00000000099999999989 0.00000000099999999989 0.00000000099999999989 
0.00000000099999999972 0.00000000099999999972 0.00000000099999999972 0.99999999499999991937 0.00000000099999999972 0.00000000099999999972 
0.00000000099999999999 0.58329776225013563185 0.00013073915515288213 0.00000000099999999999 0.00214327878526460571 0.41442821780944688603 
0.00000000099999999997 0.64099039095942056399 0.35900960504057954914 0.00000000099999999997 0.00000000099999999997 0.00000000099999999997 
0.00000000099999999998 0.05584045503627740881 0.00000000099999999998 0.00000000099999999998 0.94415954096372256554 0.00000000099999999998 
0.00000000099999999998 0.47996921370329082013 0.00000435206461381349 0.00000000099999999998 0.00550184771701192100 0.51452458451508353843 
0.00000000099999999993 0.00000000099999999993 0.00000000099999999993 0.00000000099999999993 0.99999999500000003039 0.00000000099999999993 
0.00283771750354004865 0.33564764698752463934 0.08095631404596451142 0.00000000099999999999 0.01520296626623141543 0.56535535419673932367 
0.00000000099999999994 0.00000000099999999994 0.00000000099999999994 0.00000000099999999994 0.99999999499999991937 0.00000000099999999994 
0.01488343011007981116 0.48093677422950764644 0.17092941616392012816 0.00000000099999999999 0.00215249180899529467 0.33109788668749712270 
0.00393695922014176969 0.30398070147157452148 0.38640171969442521638 0.00000000099999999999 0.00000000099999999999 0.30568061761385850739 
0.00000000099999999975 0.00000000099999999975 0.00000000099999999975 0.99999999499999991937 0.00000000099999999975 0.00000000099999999975 
0.00000000099999999995 0.00000000099999999995 0.00000000099999999995 0.00000000099999999995 0.99999999500000003039 0.00000000099999999995 
0.00000000099999999970 0.00000000099999999970 0.00000000099999999970 0.99999999500000003039 0.00000000099999999970 0.00000000099999999970 
0.00000000099999999970 0.00000000099999999970 0.00000000099999999970 0.99999999500000003039 0.00000000099999999970 0.00000000099999999970 
0.00000000099999999999 0.50531412697079158836 0.00000046560255962878 0.00000000099999999999 0.00444551487002968048 0.49023989055661926217 
0.00000000099999999998 0.26127009966033704069 0.27584520202690848700 0.00000000099999999998 0.01954345567306961517 0.44334124063968483043 
0.00000000099999999998 0.40301053816674953234 0.00000002884477564890 0.00000000099999999998 0.00000000099999999998 0.59698942998847459585 
0.00000000099999999999 0.26941805132666168943 0.24086992799805137522 0.00000000099999999999 0.00000000099999999999 0.48971201767528688142 
0.00383555206014422325 0.39498339873977506009 0.31491602095297727137 0.00000000099999999999 0.00000000099999999999 0.28626502624710348233 
0.00530302813396677127 0.38048972851885265456 0.18479239804051200702 0.00000000099999999999 0.01079815957537027214 0.41861668473129820534 
0.00000000099999999998 0.19287513339639697496 0.30461747869562860735 0.00000000099999999998 0.00000000099999999998 0.50250738490797430824 
0.00000000099999999997 0.00000000099999999997 0.01956215921327472684 0.00000000099999999997 0.98043783673968498693 0.00000000104704033049 
0.00000000099999999998 0.23321766787246525632 0.11934153531353372535 0.00000000099999999998 0.00000000099999999998 0.64744079381400088113 
0.00000000099999999970 0.00000000099999999970 0.00000000099999999970 0.99999999500000003039 0.00000000099999999970 0.00000000099999999970 
0.00000000099999999999 0.30531077208328721850 0.00000017605865270163 0.00000000099999999999 0.00000000099999999999 0.69468904885806004312 
0.00000000099999999991 0.00000000099999999991 0.00000000099999999991 0.99999999500000003039 0.00000000099999999991 0.00000000099999999991 
0.00000000099999999974 0.00000000099999999974 0.00000000099999999974 0.99999999499999991937 0.00000000099999999974 0.00000000099999999974 
0.00000000099999999998 0.61985803944895667694 0.38014195655104349170 0.00000000099999999998 0.00000000099999999998 0.00000000099999999998 
0.00364491529022622661 0.35768621548093437745 0.00000022017110213142 0.00000000099999999999 0.00000000099999999999 0.63866864705773707112 
0.00000000099999999999 0.59986816597270142815 0.00000016666669195495 0.00000000099999999999 0.01222870048747942001 0.38790296487312719842 
0.00000000099999999977 0.00000000099999999977 0.00000000099999999977 0.99999999499999991937 0.00000000099999999977 0.00000000099999999977 
0.00000000099999999994 0.00000000099999999994 0.00000000099999999994 0.00000000099999999994 0.99999999500000003039 0.00000000099999999994 
0.00000000099999999994 0.00000000099999999994 0.00000000099999999994 0.00000000099999999994 0.99999999500000003039 0.00000000099999999994 
0.00000000099999999974 0.00000000099999999974 0.00000000099999999974 0.99999999500000003039 0.00000000099999999974 0.00000000099999999974 
0.00343826389847393197 0.48099859510274928232 0.02187218519979795481 0.00000000099999999999 0.00440846031592202325 0.48928249448305688452 
0.01357312716367031248 0.10673784758221946389 0.25413563367798808201 0.00000000099999999999 0.03673609394246828141 0.58881729663365389715 
0.00000000099999999975 0.00000000099999999975 0.00000000099999999975 0.99999999500000003039 0.00000000099999999975 0.00000000099999999975 
0.00210100396343945164 0.46790505562460393829 0.23708618078586859990 0.00000000099999999999 0.00236531159226300702 0.29054244703382503534 
0.00000000099999999993 0.00000000099999999993 0.00000000099999999993 0.00000000099999999993 0.99999999499999991937 0.00000000099999999993 
0.09150627486105228359 0.00000000099999999998 0.70941195148023084016 0.08835526758585390827 0.11072650407286301066 0.00000000099999999998 
0.00000000099999999999 0.00000000099999999999 0.30325522522666370495 0.00000000099999999999 0.00000000099999999999 0.69674477077333629715 
0.01078720589815332365 0.34166400879249564371 0.17509074245151384774 0.00000000099999999999 0.02662823834580393609 0.44582980351203327363 
0.00028739822400733705 0.00000000099999999997 0.00000000099999999997 0.00000000099999999997 0.00000000099999999997 0.99971259777599263963 
0.00000000099999999995 0.99999999500000003039 0.00000000099999999995 0.00000000099999999995 0.00000000099999999995 0.00000000099999999995 
0.00000000099999999999 0.34460197427699401640 0.23502705256590597505 0.00000000099999999999 0.00000000099999999999 0.42037097015709995462 
0.00000000099999999999 0.30023174803343011252 0.21529127132105657649 0.00000000099999999999 0.00000000099999999999 0.48447697764551334032 
0.00249387955120432400 0.49415428241135206378 0.31251190954283314394 0.00000000099999999999 0.00000000099999999999 0.19083992649461037350 
0.00000000099999999991 0.00000000099999999991 0.99999999499999991937 0.00000000099999999991 0.00000000099999999991 0.00000000099999999991 
0.00000000099999999996 0.00000000099999999996 0.00000000099999999996 0.00000000099999999996 0.99999999500000003039 0.00000000099999999996 
0.00436378962251368890 0.35097815372132323830 0.25220085378414736077 0.00000000099999999999 0.00870726138419813077 0.38374994048781768674 
0.00000000099999999989 0.00000000099999999989 0.99999999500000003039 0.00000000099999999989 0.00000000099999999989 0.00000000099999999989 
0.00000000099999999999 0.25319833978702360744 0.41550934431009955983 0.00000000099999999999 0.03696720962098643676 0.29432510428189045948 
0.00000000099999999998 0.18182544202776504405 0.00000000099999999998 0.00000000099999999998 0.00052377869265839096 0.81765077627957649664 
0.00000000099999999997 0.00000000099999999997 0.00000000099999999997 0.00000000099999999997 0.00000000583725420742 0.99999999016274587760 
0.00000000099999999996 0.00000000099999999996 0.00000000099999999996 0.00000000099999999996 0.00000000099999999996 0.99999999500000003039 
0.00000000099999999999 0.34381238836830241290 0.20730906307940336064 0.00000000099999999999 0.00422215901740781441 0.44465638753488639923 
0.00000000099999999997 0.00000000099999999997 0.00000000099999999997 0.00000000099999999997 0.98472005911671123268 0.01527993688328880238 
0.00000000099999999990 0.00000000099999999990 0.99999999500000003039 0.00000000099999999990 0.00000000099999999990 0.00000000099999999990 
0.00906478521431284580 0.52193765857669094377 0.00000000099999999999 0.00000000099999999999 0.00136165545351911812 0.46763589875547706409 
0.00001026293145195803 0.37485714947014142640 0.00000000100000000000 0.00549298455139879578 0.00462732709399042881 0.61501227495301735715 
0.00000000099999999997 0.00000000099999999997 0.00000000099999999997 0.00000000099999999997 0.99999999500000003039 0.00000000099999999997 
0.00000000100000000000 0.31638169594957782360 0.11010364781547829494 0.01810290521724207055 0.02200609222906089318 0.53340565778864079682 
0.00204494533741212932 0.51398857979879786217 0.00000000100000000000 0.00000000100000000000 0.00119128247898477209 0.48277519038480520841 
0.00384214643241940611 0.29931650564662165559 0.22273277228591081833 0.00000000099999999999 0.47410857363504810280 0.00000000099999999999 
0.00000000099999999997 0.33837507509280989604 0.00000000099999999997 0.00000000099999999997 0.01871425694551653168 0.64291066496167348365 
0.00000000099999999976 0.00000000099999999976 0.00000000099999999976 0.99999999499999991937 0.00000000099999999976 0.00000000099999999976 
0.00000000099999999997 0.99999999500000003039 0.00000000099999999997 0.00000000099999999997 0.00000000099999999997 0.00000000099999999997 
0.00000000099999999999 0.46071895791966283040 0.20265301044793332386 0.00000000099999999999 0.01909558717511432996 0.31753244245728950990 
