0.97580489491953470438 0.01192810550712348344 0.01226699957334178963 
0.00000000099999999998 0.00000000099999999998 0.99999999799999994554 
0.00000000099999999997 0.00000000099999999997 0.99999999799999994554 
0.95618023957022058035 0.00000000099999999999 0.04381975942977955896 
0.99938068825253212335 0.00008156190388274948 0.00053774984358509915 
0.96715442297246678738 0.00000000099999999999 0.03284557602753327560 
0.00000000099999999998 0.00000000099999999998 0.99999999800000005656 
0.00000000099999999997 0.00000000099999999997 0.99999999800000005656 
0.98800929291303873914 0.00000000100000000000 0.01199070608696124404 
0.00000000099999999998 0.00000000099999999998 0.99999999800000005656 
0.98192264863704581401 0.00000000100000000000 0.01807735036295415529 
0.97522647143910423662 0.00000000099999999999 0.02477352756089572575 
0.99462975480949700202 0.00000000100000000000 0.00537024419050298376 
0.98195593902968925093 0.00143102817368298703 0.01661303279662783988 
0.98253517580652072194 0.01629144442520639308 0.00117337976827296174 
0.91988382786775502176 0.01293338552050636928 0.06718278661173857080 
0.99377869220469050582 0.00000000099999999999 0.00622130679530955542 
0.99266654591753611392 0.00733345308246393778 0.00000000100000000000 
0.98292439114998653160 0.01166420356034900130 0.00541140528966440292 
0.99808040816260956696 0.00000000099999999999 0.00191959083739042836 
0.99848511930423200500 0.00000000100000000000 0.00151487969576797016 
0.00000000099999999998 0.00000000099999999998 0.99999999800000005656 
0.97066442991761126002 0.00000000099999999999 0.02933556908238867805 
0.96211568817845860568 0.00000000099999999999 0.03788431082154142954 
0.96694527165836807736 0.00000000099999999999 0.03305472734163208970 
0.99999999800000005656 0.00000000099999999999 0.00000000099999999999 
0.02836485365115055945 0.78849583132318679102 0.18313931502566260789 
0.00000000100000000000 0.80234310029906130701 0.19765689870093866576 
0.99431653743883396945 0.00010331758778330816 0.00558014497338281661 
0.99999999799999994554 0.00000000099999999999 0.00000000099999999999 
0.97229720628650673220 0.00000000099999999999 0.02770279271349338629 
0.00000000099999999998 0.00000000099999999998 0.99999999799999994554 
0.44830296609883085734 0.24144743884044070348 0.31024959506072835591 
0.99999803531753972408 0.00000000099999999999 0.00000196368246018052 
0.00000000099999999989 0.99999999799999994554 0.00000000099999999989 
0.00000000099999999986 0.99999999799999994554 0.00000000099999999986 
0.00000000099999999987 0.99999999800000005656 0.00000000099999999987 
0.05245506879986253784 0.79536267553904638206 0.15218225566109111480 
0.01768931311236061205 0.79991185962421118560 0.18239882726342815378 
0.99928465192986959398 0.00000000099999999999 0.00071534707013044135 
0.00000000099999999998 0.00000000099999999998 0.99999999800000005656 
0.05041310980040260292 0.78642780583106619563 0.16315908436853124308 
0.97072704189338676617 0.00000000100000000000 0.02927295710661334191 
0.00000000099999999997 0.00000000099999999997 0.99999999799999994554 
0.00004777327012968846 0.79180460357366577728 0.20814762315620444211 
0.97668982378843516301 0.00000000099999999999 0.02331017521156487221 
0.02961828549051152143 0.78932934915863672831 0.18105236535085175720 
0.00000000099999999998 0.00000000099999999998 0.99999999799999994554 
0.00000000099999999996 0.00000000099999999996 0.99999999799999994554 
0.00000000361477255327 0.79378003940509378467 0.20621995698013348419 
0.02661961655804153878 0.80195858259767116571 0.17142180084428726428 
0.00000000099999999998 0.00000000099999999998 0.99999999800000005656 
0.00000000099999999998 0.00000000099999999998 0.99999999800000005656 
0.00000000099999999998 0.00000000099999999998 0.99999999800000005656 
0.02707950763708243114 0.79222778052305831142 0.18069271183985918805 
0.94365733520392514055 0.00573544563162448496 0.05060721916445021229 
0.97470368815329455625 0.01476046128819449334 0.01053585055851094868 
0.97363783929826996921 0.00000000099999999999 0.02636215970173014234 
0.98209022844699722654 0.00000000099999999999 0.01790977055300286419 
0.00000000099999999998 0.00000000099999999998 0.99999999799999994554 
0.99490934471247116644 0.00504027655862566287 0.00005037872890313988 
0.00000000099999999988 0.99999999800000005656 0.00000000099999999988 
0.98483006010076068470 0.00000000099999999999 0.01516993889923949276 
0.00000000099999999989 0.99999999799999994554 0.00000000099999999989 
0.95436107048817053755 0.00000000100000000000 0.04563892851182953236 
0.00000000099999999988 0.99999999799999994554 0.00000000099999999988 
0.98704620823124378237 0.00000000099999999999 0.01295379076875627020 
0.98318289302812056363 0.00073512594737578101 0.01608198102450359573 
0.00000000099999999997 0.00000000099999999997 0.99999999799999994554 
0.99999999800000005656 0.00000000099999999999 0.00000000099999999999 
0.00000000099999999988 0.99999999800000005656 0.00000000099999999988 
0.00000000099999999989 0.99999999799999994554 0.00000000099999999989 
0.90861393136369683621 0.00000000100000000000 0.09138606763630309493 
0.00000000099999999997 0.00000000099999999997 0.99999999799999994554 
0.06050148300833640969 0.77013155606953742627 0.16936696092212619180 
0.00000000099999999997 0.00000000099999999997 0.99999999799999994554 
0.96052465063560732439 0.00000000100000000000 0.03947534836439271083 
0.00000000099999999987 0.99999999799999994554 0.00000000099999999987 
0.00000065270275690014 0.81419858282205903599 0.18580076447518406590 
0.00000000099999999991 0.99999999800000005656 0.00000000099999999991 
0.98193685987470435972 0.01449528869550282054 0.00356785142979271393 
0.00000000099999999997 0.00000000099999999997 0.99999999799999994554 
0.00000000099999999998 0.00000000099999999998 0.99999999800000005656 
0.76354715455455135498 0.00000000099999999999 0.23645284444544867331 
0.99217553147474657482 0.00000054582365514811 0.00782392270159818111 
0.98656040080907037026 0.00000000099999999999 0.01343959819092957649 
0.97202546852158555613 0.00000000099999999999 0.02797453047841449297 
0.99939137661660926160 0.00000000099999999999 0.00060862238339071302 
0.99999999799999994554 0.00000000099999999999 0.00000000099999999999 
0.98355845065565350449 0.00000000099999999999 0.01644154834434656542 
0.98285515611964879845 0.00000000099999999999 0.01714484288035125759 
0.96129850287745766124 0.00000000100000000000 0.03870149612254226296 
0.00000000099999999998 0.00000000099999999998 0.99999999799999994554 
0.00036298184171991194 0.00000000099999999999 0.99963701715828001682 
0.00000000099999999992 0.99999999800000005656 0.00000000099999999992 
0.00000000099999999998 0.00000000099999999998 0.99999999799999994554 
0.00000000099999999999 0.00000000099999999999 0.99999999800000005656 
0.97156891909673726015 0.00000000099999999999 0.02843107990326275078 
0.00000000099999999986 0.99999999799999994554 0.00000000099999999986 
0.99999992148468386244 0.00000007751531615841 0.00000000100000000000 
0.97864378459224687923 0.00000000099999999999 0.02135621440775320110 
0.98823979710716647329 0.00872246250029639139 0.00303774039253704902 
0.97041902078953212740 0.00000000100000000000 0.02958097821046783149 
0.99420381144224179160 0.00000000100000000000 0.00579618755775814561 
0.96028059277753863299 0.00000000100000000000 0.03971940622246145774 
0.99713111023176881353 0.00000000100000000000 0.00286888876823124294 
0.98056047344164865009 0.00000000100000000000 0.01943952555835138166 
0.95927123151879600815 0.01923355807420021671 0.02149521040700376473 
0.99051381423250051128 0.00000000207461987767 0.00948618369287954240 
0.99997683037586748700 0.00000000099999999999 0.00002316862413260768 
0.95359697230966400383 0.01580789920412544944 0.03059512848621060918 
0.99999999800000005656 0.00000000099999999999 0.00000000099999999999 
0.98546629982729283537 0.00000000100000000000 0.01453369917270718251 
0.99946375979149315594 0.00000000099999999999 0.00053623920850685153 
0.96501014313313571158 0.00000000099999999999 0.03498985586686429589 
0.98110101663526028126 0.00000000100000000000 0.01889898236473964294 
0.95738342529350684007 0.00000000100000000000 0.04261657370649325760 
0.99486702250103520306 0.00000000100000000000 0.00513297649896486165 
0.97120105032894177288 0.00000000099999999999 0.02879894867105812356 
0.89452165800760496950 0.07532007481869885945 0.03015826717369621268 
0.99396112474936670900 0.00000000099999999999 0.00603887425063338954 
0.97926300742192085025 0.00000000099999999999 0.02073699157807911905 
0.97001183848123473386 0.00000000099999999999 0.02998816051876519728 
0.99769733223015011347 0.00000000100000000000 0.00230266676984994430 
0.98481192685372376250 0.00000000099999999999 0.01518807214627619813 
0.98698889459356431431 0.00418509113754292773 0.00882601426889272588 
0.97690507694550987594 0.00000000099999999999 0.02309492205449018010 
0.99999999800000005656 0.00000000099999999999 0.00000000099999999999 
0.96374010290898304287 0.00000000099999999999 0.03625989609101698541 
0.00000000099999999997 0.00000000099999999997 0.99999999800000005656 
0.00000000099999999999 0.00000000099999999999 0.99999999799999994554 
0.00000000099999999991 0.99999999800000005656 0.00000000099999999991 
0.00000001960417041975 0.81803918391596974757 0.18196079647985985428 
0.06283587378226379583 0.01364866260063655676 0.92351546361709957456 
0.98421184859106691789 0.00000000099999999999 0.01578815040893321101 
0.96815878936629284901 0.00000000100000000000 0.03184120963370717233 
0.00000000099999999999 0.00000000099999999999 0.99999999800000005656 
0.97853649462698266692 0.00000000099999999999 0.02146350437301733013 
0.99210430533366866790 0.00000000099999999999 0.00789569366633131701 
0.99999999799999994554 0.00000000099999999999 0.00000000099999999999 
0.00000000099999999987 0.99999999800000005656 0.00000000099999999987 
0.00000000099999999987 0.99999999800000005656 0.00000000099999999987 
0.00000000099999999986 0.99999999799999994554 0.00000000099999999986 
0.00000000099999999986 0.99999999799999994554 0.00000000099999999986 
0.00000000099999999988 0.99999999800000005656 0.00000000099999999988 
0.00000000099999999999 0.00000000099999999999 0.99999999799999994554 
0.99394689224457510868 0.00003435047324466398 0.00601875728218022148 
0.00000000099999999987 0.99999999799999994554 0.00000000099999999987 
0.00000000099999999988 0.99999999799999994554 0.00000000099999999988 
0.00000000100000000000 0.81612033166665587380 0.18387966733334420999 
0.01835135080045696698 0.80999021417236560794 0.17165843502717731406 
0.99999999800000005656 0.00000000099999999999 0.00000000099999999999 
0.00000000099999999988 0.99999999800000005656 0.00000000099999999988 
0.98224693053368161699 0.00000000100000000000 0.01775306846631848415 
0.99999999799999994554 0.00000000099999999999 0.00000000099999999999 
0.03665943582087343583 0.00000000099999999999 0.96334056317912653000 
0.98566687836230182373 0.00000000099999999999 0.01433312063769806750 
0.00000000099999999997 0.00000000099999999997 0.99999999799999994554 
0.97224601436825386358 0.00000000099999999999 0.02775398463174617164 
0.00000000099999999997 0.00000000099999999997 0.99999999799999994554 
0.97855784663754463715 0.00222799326102187572 0.01921416010143350145 
0.99743631505053298447 0.00246125071829931185 0.00010243423116773594 
0.00000000099999999988 0.99999999800000005656 0.00000000099999999988 
0.00000000099999999998 0.00000000099999999998 0.99999999800000005656 
0.00000000099999999986 0.99999999800000005656 0.00000000099999999986 
0.00000000099999999988 0.99999999800000005656 0.00000000099999999988 
0.98739204529825363998 0.00000000099999999999 0.01260795370174632238 
0.97026014238735680539 0.00000000099999999999 0.02973985661264323330 
0.99093424413477815271 0.00000000099999999999 0.00906575486522192241 
0.99099490485052554867 0.00000000099999999999 0.00900509414947441890 
0.98600404067915436990 0.00000000100000000000 0.01399595832084553002 
0.97591065464138737617 0.00000000099999999999 0.02408934435861267639 
0.99999999799999994554 0.00000000099999999999 0.00000000099999999999 
0.00353056146106631771 0.00000000099999999998 0.99646943753893368889 
0.99999999800000005656 0.00000000099999999999 0.00000000099999999999 
0.00000000099999999987 0.99999999799999994554 0.00000000099999999987 
0.99923496306032166814 0.00000000100000000000 0.00076503593967834974 
0.00000000099999999996 0.99999999800000005656 0.00000000099999999996 
0.00000000099999999989 0.99999999799999994554 0.00000000099999999989 
0.97377443531459095816 0.00000000099999999999 0.02622556368540921237 
0.99999999800000005656 0.00000000100000000000 0.00000000100000000000 
0.97799076121415617902 0.00000000100000000000 0.02200923778584384233 
0.00000000099999999990 0.99999999799999994554 0.00000000099999999990 
0.00000000099999999997 0.00000000099999999997 0.99999999800000005656 
0.00000000099999999997 0.00000000099999999997 0.99999999800000005656 
0.00000000099999999989 0.99999999800000005656 0.00000000099999999989 
0.98885460462363383716 0.00000000100000000000 0.01114539437636611133 
0.95283939064926881368 0.00000000100000000000 0.04716060835073116603 
0.00000000099999999989 0.99999999799999994554 0.00000000099999999989 
0.98803927372007060992 0.00000000099999999999 0.01196072527992953112 
0.00000000099999999997 0.00000000099999999997 0.99999999799999994554 
0.55033316096895212866 0.18731571498687307753 0.26235112404417476606 
0.96899102824586691440 0.00030062159763529373 0.03070835015649780314 
0.95852028389101040506 0.00000000100000000000 0.04147971510898960934 
0.99577025858304901718 0.00000000100000000000 0.00422974041695091656 
0.99989723923904549885 0.00000000099999999999 0.00010275976095446697 
0.99999999800000005656 0.00000000099999999999 0.00000000099999999999 
0.98902165581220291557 0.00000000099999999999 0.01097834318779710057 
0.98605399402378657303 0.00000000100000000000 0.01394600497621352291 
0.96211804924282817719 0.01099979683558019797 0.02688215392159162831 
0.00000000099999999998 0.00000000099999999998 0.99999999800000005656 
0.97474324855449778759 0.00000000099999999999 0.02525675044550225457 
0.99999999800000005656 0.00000000099999999999 0.00000000099999999999 
0.94999753360122396462 0.00000000100000000000 0.05000246539877598040 
0.98207262684450646884 0.00000000099999999999 0.01792737215549350394 
0.95920643977425346094 0.00184124627015272023 0.03895231395559386328 
0.99999999799999994554 0.00000000099999999999 0.00000000099999999999 
0.97883568002351717396 0.00000000100000000000 0.02116431897648282309 
0.00250723940157237960 0.00000000099999999999 0.99749275959842764738 
0.97159833306500476002 0.00000000100000000000 0.02840166593499526479 
0.99002522432750728054 0.00000000100000000000 0.00997477467249265060 
0.97719191718470888031 0.01063690056685740598 0.01217118224843373800 
0.00000000099999999999 0.00000000099999999999 0.99999999800000005656 
0.95045105981820210417 0.01972300569078540636 0.02982593449101249641 
0.98614882632460842959 0.00000000100000000000 0.01385117267539158134 
0.51398789266313138491 0.00000000099999999999 0.48601210633686875440 
0.97218216859964923238 0.00000000099999999999 0.02781783040035068488 
0.00000000099999999990 0.99999999800000005656 0.00000000099999999990 
0.97081640213793440886 0.00000000184678113462 0.02918359601528444300 
0.97040465528781927329 0.00000000100000000000 0.02959534371218072030 
