0.02862344212901142895 0.00595440031388810853 0.96542215755710047986 
0.00000000099999999998 0.00000000099999999998 0.99999999800000005656 
0.00394461686524283719 0.00000000099999999998 0.99605538213475719456 
0.00550951256557767350 0.00000000100000000000 0.99449048643442228279 
0.01558348661505231866 0.00066227911695831043 0.98375423426798935811 
0.00742237020754992274 0.00000000099999999999 0.99257762879245003962 
0.01271892065135496117 0.00000000099999999999 0.98728107834864509140 
0.01006723588039003942 0.00000000099999999999 0.98993276311961009295 
0.02553079445947831552 0.00000000099999999999 0.97446920454052177174 
0.00305363799818018661 0.00000000099999999999 0.99694636100181976968 
0.01505196210241119964 0.00000000100000000000 0.98494803689758869680 
0.01612393355477519455 0.00000000099999999999 0.98387606544522487884 
0.01049794904060059181 0.00006736871403131177 0.98943468224536801348 
0.02110636488197990129 0.00000091123104519671 0.97889272388697490257 
0.02639641363692709491 0.00783163135748629093 0.96577195500558654651 
0.03682422285260497641 0.00000000100000000000 0.96317577614739502412 
0.00432109143317955385 0.00000000100000000000 0.99567890756682042586 
0.01130426440120179711 0.00976620358199524127 0.97892953201680299458 
0.01387137731812778177 0.00932034520519010173 0.97680827747668219629 
0.00874333876832566331 0.00000000099999999998 0.99125666023167435803 
0.00249313331475111777 0.00065063900393095447 0.99685622768131798566 
0.01158655286053543454 0.00000000099999999999 0.98841344613946457986 
0.00033099746674863315 0.00000000100000000000 0.99966900153325133349 
0.00842615402764263811 0.00000000099999999999 0.99157384497235745435 
0.00635874725704462743 0.00000000099999999999 0.99364125174295536702 
0.00636967560192029485 0.00042608065249823314 0.99320424374558136105 
0.99999999800000005656 0.00000000099999999992 0.00000000099999999992 
0.99999999799999994554 0.00000000099999999991 0.00000000099999999991 
0.01685528268608440031 0.00143630567331753034 0.98170841164059796657 
0.01612482490926010759 0.00000000100000000000 0.98387517409073999008 
0.00469751276862419905 0.00000000100000000000 0.99530248623137573816 
0.01062671858042303977 0.00000000099999999999 0.98937328041957695035 
0.36443682782681802168 0.00000000099999999997 0.63556317117318206211 
0.00584250863496607511 0.00000000099999999999 0.99415749036503398006 
0.00000000099999999992 0.99999999800000005656 0.00000000099999999992 
0.00000000099999999989 0.99999999800000005656 0.00000000099999999989 
0.00000000099999999989 0.99999999799999994554 0.00000000099999999989 
0.99999999799999994554 0.00000000099999999993 0.00000000099999999993 
0.99999999800000005656 0.00000000099999999992 0.00000000099999999992 
0.01086699215193302932 0.00000000099999999999 0.98913300684806704233 
0.01241961462905031253 0.00000000099999999999 0.98758038437094974871 
0.99999999800000005656 0.00000000099999999992 0.00000000099999999992 
0.01539317886194537140 0.00000000099999999999 0.98460682013805456148 
0.01016948186886623348 0.00000000099999999999 0.98983051713113368031 
0.99999999800000005656 0.00000000099999999993 0.00000000099999999993 
0.01122471780931532173 0.00000000099999999999 0.98877528119068458512 
0.99999999799999994554 0.00000000099999999992 0.00000000099999999992 
0.00981360011049236917 0.00000000099999999999 0.99018639888950765737 
0.00000000099999999998 0.00000000099999999998 0.99999999799999994554 
0.99999999799999994554 0.00000000099999999991 0.00000000099999999991 
0.99999999800000005656 0.00000000099999999992 0.00000000099999999992 
0.00000000099999999998 0.00000000099999999998 0.99999999800000005656 
0.00447607169861368327 0.00000000099999999999 0.99552392730138639099 
0.00007587788461822860 0.00000000099999999999 0.99992412111538164776 
0.99999999800000005656 0.00000000099999999993 0.00000000099999999993 
0.02052065648159816236 0.00020210191452672287 0.97927724160387508157 
0.02869749302712617384 0.00026456659694405331 0.97103794037592972010 
0.00000091734951949899 0.00023823664759333178 0.99976084600288717130 
0.00787140063544903429 0.00000000100000000000 0.99212859836455102869 
0.00203972589668829094 0.00000000099999999999 0.99796027310331170135 
0.01290718338783908466 0.00704883140023309339 0.98004398521192781502 
0.00000000099999999991 0.99999999800000005656 0.00000000099999999991 
0.01052803419214414990 0.00000000099999999999 0.98947196480785593042 
0.00000000099999999991 0.99999999800000005656 0.00000000099999999991 
0.00776410233740813284 0.00000938978110276170 0.99222650788148913925 
0.00000000099999999991 0.99999999799999994554 0.00000000099999999991 
0.00614845347873199926 0.00000000099999999999 0.99385154552126797611 
0.01497773974428328984 0.00484941049213107132 0.98017284976358565185 
0.00737221245813767315 0.00000000099999999999 0.99262778654186234473 
0.00000000099999999999 0.00000000099999999999 0.99999999800000005656 
0.00000000099999999991 0.99999999800000005656 0.00000000099999999991 
0.00000000099999999992 0.99999999799999994554 0.00000000099999999992 
0.01848756180694512835 0.00000000100000000000 0.98151243719305492075 
0.00000000099999999999 0.00000000099999999999 0.99999999800000005656 
0.99999999800000005656 0.00000000099999999993 0.00000000099999999993 
0.00000106324034800196 0.00000000099999999999 0.99999893575965204118 
0.00006082598704609687 0.00668541591708420556 0.99325375809586968767 
0.00000000099999999990 0.99999999799999994554 0.00000000099999999990 
0.99999999799999994554 0.00000000099999999991 0.00000000099999999991 
0.00000000099999999992 0.99999999800000005656 0.00000000099999999992 
0.02393599328577591251 0.00712503656715294913 0.96893897014707119908 
0.01776219728242366472 0.00000000099999999999 0.98223780171757624213 
0.00000001445245856574 0.00000000100000000000 0.99999998454754135402 
0.00846150856097838133 0.00000000099999999999 0.99153849043902164695 
0.02813208114113300434 0.00000000100000000000 0.97186791785886694761 
0.00475308085103823535 0.00000000099999999999 0.99524691814896182329 
0.00000000099999999999 0.00000000099999999999 0.99999999800000005656 
0.00529247327491361944 0.00000004765571774527 0.99470747906936862748 
0.00000125899786405383 0.00000000099999999999 0.99999874000213584413 
0.00460076024293323230 0.00000000099999999999 0.99539923875706670664 
0.00774899709733597140 0.00000000099999999999 0.99225100190266413147 
0.00187573752815954858 0.00014350709931176784 0.99798075537252872724 
0.00000000099999999998 0.00000000099999999998 0.99999999800000005656 
0.00505541144162354513 0.00000000100000000000 0.99494458755837644759 
0.00000000099999999995 0.99999999799999994554 0.00000000099999999995 
0.01871118088562935891 0.00000000099999999999 0.98128881811437063121 
0.00747990013624640765 0.00000000099999999999 0.99252009886375347492 
0.01275732005017588856 0.00000000099999999999 0.98724267894982409288 
0.00000000099999999989 0.99999999800000005656 0.00000000099999999989 
0.01336186877301143855 0.00127848828640572004 0.98535964294058275836 
0.01640407701087291670 0.00000000099999999999 0.98359592198912704220 
0.01576752618811574219 0.00897058968856963117 0.97526188412331460409 
0.01177530724070503972 0.00001679574279431948 0.98820789701650069148 
0.00156775907559814011 0.00625033229609661158 0.99218190862830524246 
0.00496349804607753090 0.00038926744283306156 0.99464723451108949526 
0.01276955344349243841 0.00000000100000000000 0.98723044555650751875 
0.01320342203049294609 0.00000006931884930077 0.98679650865065782206 
0.03687648224530797741 0.00478920596579969580 0.95833431178889227908 
0.01781662443520887207 0.00000000100000000000 0.98218337456479121172 
0.00000004057239473712 0.00000000099999999999 0.99999995842760525111 
0.03019316928183935281 0.00564451669830541656 0.96416231401985530436 
0.01804854451063277535 0.00000000099999999999 0.98195145448936727028 
0.00667178999246955708 0.00321264950609930714 0.99011556050143112451 
0.00427195736432631028 0.00000000100000000000 0.99572804163567385505 
0.00011958419799946138 0.00000000240692445810 0.99988041339507605088 
0.01507064425397428714 0.00000000100000000000 0.98492935474602572032 
0.00012914981095640463 0.00128271345554170592 0.99858813673350199647 
0.00237071240369127710 0.00000000099999999999 0.99762928659630867312 
0.00541421675098999709 0.00000000099999999999 0.99458578224901006415 
0.01090959017293017391 0.06833455320912003306 0.92075585661794967507 
0.00030059977467791229 0.00000000099999999999 0.99969939922532202736 
0.00001090436980950842 0.00000000099999999999 0.99998909463019047816 
0.00022383509233272437 0.00000000099999999999 0.99977616390766721466 
0.02773644677474694162 0.00000000099999999999 0.97226355222525306932 
0.00000000099999999999 0.00000000853902474618 0.99999999046097520772 
0.01195326698659270395 0.00770767434009044742 0.98033905867331683215 
0.00530791855657307670 0.00000000099999999999 0.99469208044342694031 
0.00807826215296902732 0.00000015897941836627 0.99192157886761267438 
0.00000018917549779150 0.00000000099999999999 0.99999980982450231703 
0.00000000099999999998 0.00000000099999999998 0.99999999800000005656 
0.01314956549483738309 0.00000000100000000000 0.98685043350516266081 
0.00000000099999999992 0.99999999799999994554 0.00000000099999999992 
0.99999999800000005656 0.00000000099999999991 0.00000000099999999991 
0.04230736238358449169 0.00000000100000000000 0.95769263661641557128 
0.00000000099999999999 0.00000000099999999999 0.99999999800000005656 
0.00288156389793506589 0.00000012822610442338 0.99711830787596056336 
0.01604679953943734597 0.00000000099999999999 0.98395319946056269966 
0.00007902954570770066 0.00000001591463002486 0.99992095453966223229 
0.01739226470613988371 0.00000000099999999999 0.98260773429386005784 
0.00521852107221119476 0.00000000099999999999 0.99478147792778870429 
0.00000000099999999990 0.99999999799999994554 0.00000000099999999990 
0.00000000099999999991 0.99999999800000005656 0.00000000099999999991 
0.00000000099999999989 0.99999999800000005656 0.00000000099999999989 
0.00000000099999999990 0.99999999800000005656 0.00000000099999999990 
0.00000000099999999989 0.99999999799999994554 0.00000000099999999989 
0.01878010164885052583 0.00000000100000000000 0.98121989735114956144 
0.01843032784490994738 0.00052393894617995779 0.98104573320891008681 
0.00000000099999999990 0.99999999800000005656 0.00000000099999999990 
0.00000000099999999991 0.99999999799999994554 0.00000000099999999991 
0.99999999799999994554 0.00000000099999999991 0.00000000099999999991 
0.99999999800000005656 0.00000000099999999991 0.00000000099999999991 
0.00642057832291996478 0.00004447534507079361 0.99353494633200922781 
0.00000000099999999990 0.99999999800000005656 0.00000000099999999990 
0.00000985973710821624 0.00664944998026684164 0.99334069028262494960 
0.00808088444701938503 0.00000000100000000000 0.99191911455298065192 
0.01799206565850292733 0.00000000100000000000 0.98200793334149716340 
0.00138412677164511310 0.00000000099999999999 0.99861587222835479505 
0.00423764997866765778 0.00000000099999999999 0.99576234902133242688 
0.01120111842148023215 0.00000000099999999999 0.98879888057851983429 
0.00000003883778439145 0.00000000099999999998 0.99999996016221559536 
0.02544217209193060103 0.00013697093893308779 0.97442085696913627313 
0.01732106533397397008 0.00000000100000000000 0.98267893366602598881 
0.00000000099999999992 0.99999999800000005656 0.00000000099999999992 
0.00240385404210401252 0.00000000100000000000 0.99759614495789594724 
0.00000000099999999990 0.99999999799999994554 0.00000000099999999990 
0.00000000099999999989 0.99999999799999994554 0.00000000099999999989 
0.00759102063372405975 0.00000407587933357942 0.99240490348694243572 
0.00305128399728232151 0.00000000099999999999 0.99694871500271775577 
0.00024735090320261065 0.00000000099999999999 0.99975264809679731393 
0.00548673922294494205 0.00000000100000000000 0.99451325977705518078 
0.02082463530405778349 0.00000000099999999999 0.97917536369594215806 
0.01205619368020372124 0.00000000099999999999 0.98794380531979619775 
0.00793210235298157616 0.00158884361895053616 0.99047905402806790676 
0.00359970551538594695 0.00000000099999999999 0.99640029348461411907 
0.00681711701250689757 0.00000000099999999999 0.99318288198749304918 
0.00000000099999999990 0.99999999799999994554 0.00000000099999999990 
0.00669831403696146289 0.00002019160755741839 0.99328149435548118706 
0.00000000099999999997 0.99999999800000005656 0.00000000099999999997 
0.00000000099999999991 0.99999999799999994554 0.00000000099999999991 
0.00582774850824004532 0.00000000100000000000 0.99417225049176005669 
0.01311009050120563908 0.00000000100000000000 0.98688990849879443257 
0.00000000183365107263 0.00381896720693969014 0.99618103095940924163 
0.00000000099999999992 0.99999999800000005656 0.00000000099999999992 
0.00011689504813885660 0.00000000099999999999 0.99988310395186108526 
0.00000010726691413353 0.00000000099999999999 0.99999989173308578838 
0.00000000099999999991 0.99999999799999994554 0.00000000099999999991 
0.01313939658361633518 0.00000000100000000000 0.98686060241638362545 
0.01729345277719151336 0.00000000100000000000 0.98270654622280861901 
0.00000000099999999991 0.99999999799999994554 0.00000000099999999991 
0.01466927372323070626 0.00000000099999999999 0.98533072527676923702 
0.00000000099999999999 0.00000000099999999999 0.99999999800000005656 
0.11564244175054926023 0.10610030433146316886 0.77825725391798761255 
0.00005345200715110502 0.00848988423895275304 0.99145666375389607250 
0.02078510565402218180 0.00000000099999999999 0.97921489334597777709 
0.02232729115161503908 0.00000000099999999999 0.97767270784838500308 
0.01730286351343949050 0.00000000099999999999 0.98269713548656056901 
0.01545432877382250068 0.00148492019025073317 0.98306075103592682751 
0.00000005700277979458 0.00000002520658663411 0.99999991779063346353 
0.01894978173909274768 0.00000000099999999999 0.98105021726090724243 
0.00985146783681139192 0.00798509173922317371 0.98216344042396541703 
0.01187119669283385331 0.00000000099999999999 0.98812880230716615415 
0.01244519462610481526 0.00000000099999999999 0.98755480437389508985 
0.01056495944381197725 0.00000000100000000000 0.98943503955618794521 
0.01194357533971628603 0.00006457763216958217 0.98799184702811404524 
0.00000000099999999999 0.00000000530476107734 0.99999999369523884241 
0.00665288522494719876 0.00288787770913410957 0.99045923706591876279 
0.00121222956644001425 0.00000003171086966844 0.99878773872269033252 
0.00337871873486837509 0.00000000495941421297 0.99662127630571739623 
0.00002546294924705059 0.00000000099999999999 0.99997453605075303784 
0.02485282992541639965 0.00000000099999999999 0.97514716907458354189 
0.01833694611191603874 0.00000000099999999999 0.98166305288808397567 
0.00447938042782755532 0.01390946460413067069 0.98161115496804174363 
0.00000000099999999999 0.00183927294391649822 0.99816072605608341384 
0.00097826616595201687 0.02163764047706635829 0.97738409335698162028 
0.01577983405861109120 0.00012569541765814445 0.98409447052373077991 
0.01654296588987990910 0.00000000099999999999 0.98345703311012022674 
0.00000000099999999998 0.00000000099999999998 0.99999999799999994554 
0.00000000099999999991 0.99999999800000005656 0.00000000099999999991 
0.01989775376881043265 0.00000000100000000000 0.98010224523118960605 
0.01254491957053148650 0.00000000100000000000 0.98745507942946841862 
