0.39669562954226783580 0.37559817579379617403 0.02224946428201576148 0.20059639333354833957 0.00000001767755028654 0.00000000100000000000 0.00000000100000000000 0.00486031637082172657 0.00000000100000000000 
0.00000000099999999985 0.00000000099999999985 0.00000000099999999985 0.00000000099999999985 0.00000000099999999985 0.00000000099999999985 0.00000000099999999985 0.00000000099999999985 0.99999999200000000421 
0.00000000099999999986 0.00000000099999999986 0.00000000099999999986 0.00000000099999999986 0.00000000099999999986 0.00000000099999999986 0.00000000099999999986 0.00000000099999999986 0.99999999199999989319 
0.61954941009232100679 0.18399052655090383790 0.00000000099999999998 0.15499228959209665479 0.00000000099999999998 0.00000000099999999998 0.00000000099999999998 0.04146749511207935973 0.00000027465259925523 
0.48065241870939484636 0.21805410044329118224 0.00000224119266290655 0.29136486845343190222 0.00992636720121915783 0.00000000099999999999 0.00000000099999999999 0.00000000099999999999 0.00000000099999999999 
0.52240378590455971430 0.39440792156670068103 0.00425135584757918832 0.04373279887543621985 0.00000000099999999997 0.00000000099999999997 0.00000000099999999997 0.03520413380572422896 0.00000000099999999997 
0.00000000099999999986 0.00000000099999999986 0.00000000099999999986 0.00000000099999999986 0.00000000099999999986 0.00000000099999999986 0.00000000099999999986 0.00000000099999999986 0.99999999199999989319 
0.00000000099999999990 0.00000000099999999990 0.00000000099999999990 0.00000000099999999990 0.00000000099999999990 0.00000000099999999990 0.00000000099999999990 0.43169373487956896884 0.56830625812043100709 
0.44906514472603925592 0.36673195482442055848 0.00000000099999999998 0.15192307533442458989 0.01559334007877245451 0.00000000099999999998 0.00000000099999999998 0.00000000099999999998 0.01668648103634330984 
0.00000000099999999984 0.00000000099999999984 0.00000000099999999984 0.00000000099999999984 0.00000000099999999984 0.00000000099999999984 0.00000000099999999984 0.00000000099999999984 0.99999999200000000421 
0.64312875212579256878 0.00000000099999999999 0.00711777911449911968 0.34800041797080416561 0.00000000099999999999 0.00000000099999999999 0.00000000099999999999 0.00175304578890436540 0.00000000099999999999 
0.55103044918504595628 0.21808627077891326596 0.00000000099999999997 0.20390049725532130576 0.00897513848107425044 0.00000000099999999997 0.00000000099999999997 0.01730956318578821818 0.00069807811385691769 
0.38719961037915179292 0.30694023917960799874 0.00707401985075368448 0.29878564820602199203 0.00000000099999999999 0.00000000099999999999 0.00000000099999999999 0.00000047838446453094 0.00000000099999999999 
0.60299082702105699649 0.36946278869204679518 0.00000000099999999998 0.00000000099999999998 0.01641939647069728947 0.00000000099999999998 0.00000000099999999998 0.00000000099999999998 0.01112698281619917996 
0.60190735573500908639 0.00000000099999999998 0.02446480000832788188 0.37362783825666318060 0.00000000099999999998 0.00000000099999999998 0.00000000099999999998 0.00000000099999999998 0.00000000099999999998 
0.46546729038657730371 0.27493930456005999385 0.00000000099999999998 0.17149106391647434000 0.03214030257014737629 0.00000000099999999998 0.00000000099999999998 0.01425752962283876636 0.04170450594390211901 
0.99999999200000022626 0.00000000099999999994 0.00000000099999999994 0.00000000099999999994 0.00000000099999999994 0.00000000099999999994 0.00000000099999999994 0.00000000099999999994 0.00000000099999999994 
0.62452150948642393136 0.37201820061364437864 0.00346028389993191954 0.00000000099999999998 0.00000000099999999998 0.00000000099999999998 0.00000000099999999998 0.00000000099999999998 0.00000000099999999998 
0.45896845274069397735 0.38741218792407999816 0.00000000100000000000 0.13666570822351659098 0.00946866904527988822 0.00527658953066042699 0.00000000100000000000 0.00000000100000000000 0.00220838953576907695 
0.00000000099999999988 0.00000000099999999988 0.00000000099999999988 0.99999999200000011523 0.00000000099999999988 0.00000000099999999988 0.00000000099999999988 0.00000000099999999988 0.00000000099999999988 
0.45819649909341758631 0.40455624364545933469 0.00000000099999999998 0.13724725126112319318 0.00000000099999999998 0.00000000099999999998 0.00000000099999999998 0.00000000099999999998 0.00000000099999999998 
0.00000000099999999987 0.00000000099999999987 0.00000000099999999987 0.00000000099999999987 0.00000000099999999987 0.00000000099999999987 0.00000000099999999987 0.00000000099999999987 0.99999999199999989319 
0.42886656758176872062 0.29670337326156626112 0.00000000099999999998 0.24423588108801982943 0.00000000099999999998 0.00000000099999999998 0.00000000099999999998 0.03019417306864514636 0.00000000099999999998 
0.00000000099999999982 0.00000000099999999982 0.00000000099999999982 0.99999999200000000421 0.00000000099999999982 0.00000000099999999982 0.00000000099999999982 0.00000000099999999982 0.00000000099999999982 
0.00000000099999999989 0.00000000099999999989 0.00000000099999999989 0.99999999200000000421 0.00000000099999999989 0.00000000099999999989 0.00000000099999999989 0.00000000099999999989 0.00000000099999999989 
0.53812540422048604771 0.22931121199413337375 0.00000000099999999998 0.23000388902217555609 0.00255948976320514131 0.00000000099999999998 0.00000000099999999998 0.00000000099999999998 0.00000000099999999998 
0.00000000099999999964 0.00000000099999999964 0.00000000099999999964 0.00000000099999999964 0.99999999200000000421 0.00000000099999999964 0.00000000099999999964 0.00000000099999999964 0.00000000099999999964 
0.00000000099999999948 0.00000000099999999948 0.99999999200000000421 0.00000000099999999948 0.00000000099999999948 0.00000000099999999948 0.00000000099999999948 0.00000000099999999948 0.00000000099999999948 
0.44910183492145511197 0.54357360767472828744 0.00000000099999999998 0.00000000810010145622 0.00386271595282353369 0.00000000099999999998 0.00000000099999999998 0.00000000099999999998 0.00346182935089175189 
0.99999999200000011523 0.00000000099999999993 0.00000000099999999993 0.00000000099999999993 0.00000000099999999993 0.00000000099999999993 0.00000000099999999993 0.00000000099999999993 0.00000000099999999993 
0.63245074124778044578 0.33978846867810647003 0.00000000099999999997 0.00000000099999999997 0.00000000099999999997 0.00000000099999999997 0.00000000099999999997 0.02776078407411316021 0.00000000099999999997 
0.00000000099999999987 0.00000000099999999987 0.00000000099999999987 0.00000000099999999987 0.00000000099999999987 0.00000000099999999987 0.00000000099999999987 0.99999999200000000421 0.00000000099999999987 
0.00000000099999999984 0.00000000099999999984 0.37029094866355721782 0.43989563324824015877 0.00000000099999999984 0.00000000099999999984 0.00000000099999999984 0.18981341208820265432 0.00000000099999999984 
0.99999999200000022626 0.00000000099999999994 0.00000000099999999994 0.00000000099999999994 0.00000000099999999994 0.00000000099999999994 0.00000000099999999994 0.00000000099999999994 0.00000000099999999994 
0.00000000099999999956 0.00000000099999999956 0.00000000099999999956 0.00000000099999999956 0.00000000099999999956 0.00000000099999999956 0.99999999199999989319 0.00000000099999999956 0.00000000099999999956 
0.00000000099999999957 0.00000000099999999957 0.00000000099999999957 0.00000000099999999957 0.00000000099999999957 0.57682683911875498595 0.42317315388124498998 0.00000000099999999957 0.00000000099999999957 
0.00000000099999999951 0.00000000099999999951 0.00000000099999999951 0.00000000099999999951 0.00000000099999999951 0.99999999200000000421 0.00000000099999999951 0.00000000099999999951 0.00000000099999999951 
0.00000000099999999955 0.00000000099999999955 0.99999999200000000421 0.00000000099999999955 0.00000000099999999955 0.00000000099999999955 0.00000000099999999955 0.00000000099999999955 0.00000000099999999955 
0.00000000099999999961 0.00000000099999999961 0.00000000099999999961 0.00000000099999999961 0.99999999200000011523 0.00000000099999999961 0.00000000099999999961 0.00000000099999999961 0.00000000099999999961 
0.00000000099999999995 0.66603862141693537247 0.00000000099999999995 0.33396137158306477000 0.00000000099999999995 0.00000000099999999995 0.00000000099999999995 0.00000000099999999995 0.00000000099999999995 
0.00000000099999999987 0.00000000099999999987 0.00000000099999999987 0.00000000099999999987 0.00000000099999999987 0.00000000099999999987 0.00000000099999999987 0.99999999199999989319 0.00000000099999999987 
0.00000000099999999962 0.00000000099999999962 0.00000000099999999962 0.00000000099999999962 0.99999999200000011523 0.00000000099999999962 0.00000000099999999962 0.00000000099999999962 0.00000000099999999962 
0.50291193706321468682 0.22090402720271593018 0.00000000099999999998 0.23935570686518098382 0.01118844181718402740 0.00000000099999999998 0.00000000099999999998 0.02563988305170431664 0.00000000099999999998 
0.00000000099999999985 0.00000000099999999985 0.00000000099999999985 0.00000000099999999985 0.00000000099999999985 0.00000000099999999985 0.00000000099999999985 0.00000000099999999985 0.99999999199999989319 
0.00000000099999999972 0.00000000099999999972 0.51727650473544972698 0.00000000099999999972 0.48272348826455035997 0.00000000099999999972 0.00000000099999999972 0.00000000099999999972 0.00000000099999999972 
0.99716187142819701084 0.00000000099999999996 0.00283812157180307612 0.00000000099999999996 0.00000000099999999996 0.00000000099999999996 0.00000000099999999996 0.00000000099999999996 0.00000000099999999996 
0.00000000099999999961 0.00000000099999999961 0.00000000099999999961 0.00000000099999999961 0.99999999200000000421 0.00000000099999999961 0.00000000099999999961 0.00000000099999999961 0.00000000099999999961 
0.00000000099999999986 0.00000000099999999986 0.00000000099999999986 0.00000000099999999986 0.00000000099999999986 0.00000000099999999986 0.00000000099999999986 0.99999999200000000421 0.00000000099999999986 
0.00000000099999999983 0.00000000099999999983 0.00000000099999999983 0.00000000099999999983 0.00000000099999999983 0.00000000099999999983 0.00000000099999999983 0.00000000099999999983 0.99999999200000000421 
0.00000000099999999958 0.00000000099999999958 0.00000000099999999958 0.00000000099999999958 0.99999999200000011523 0.00000000099999999958 0.00000000099999999958 0.00000000099999999958 0.00000000099999999958 
0.00000000099999999963 0.00000000099999999963 0.00000000099999999963 0.00000000099999999963 0.99999999200000000421 0.00000000099999999963 0.00000000099999999963 0.00000000099999999963 0.00000000099999999963 
0.00000000099999999986 0.00000000099999999986 0.00000000099999999986 0.00000000099999999986 0.00000000099999999986 0.00000000099999999986 0.00000000099999999986 0.99999999200000000421 0.00000000099999999986 
0.00000000099999999985 0.00000000099999999985 0.00000000099999999985 0.00000000099999999985 0.00000000099999999985 0.00000000099999999985 0.00000000099999999985 0.99999999199999989319 0.00000000099999999985 
0.00000000099999999993 0.00000000099999999993 0.00000000099999999993 0.00000000099999999993 0.00000000099999999993 0.00000000099999999993 0.00000000099999999993 0.59236435735342318765 0.40763563564657689930 
0.00000000099999999966 0.00000000099999999966 0.00000000099999999966 0.00000000099999999966 0.99999999200000000421 0.00000000099999999966 0.00000000099999999966 0.00000000099999999966 0.00000000099999999966 
0.56971229661492095442 0.17797372082098486534 0.00000000099999999999 0.19133131620130727768 0.01667463350930865548 0.00000000099999999999 0.00000000099999999999 0.00000000193861669733 0.04430802791486160991 
0.46923674367887130421 0.50346691267552168281 0.00000000099999999999 0.00003875539347752009 0.02725758325212962810 0.00000000099999999999 0.00000000099999999999 0.00000000099999999999 0.00000000099999999999 
0.41441504299533171718 0.46028570505402771618 0.00000000099999999997 0.09964306259336665195 0.00000000099999999997 0.00000000099999999997 0.00000000099999999997 0.02565618435727387917 0.00000000099999999997 
0.45224201244951778289 0.30097943681084021739 0.00000000099999999998 0.22880178673597487138 0.00091216282315799988 0.00000000099999999998 0.00000000099999999998 0.00000000099999999998 0.01706459718050916397 
0.00000000099999999992 0.00000000099999999992 0.00000000099999999992 0.00000000099999999992 0.00000000099999999992 0.00000000099999999992 0.00000000099999999992 0.57522879006592708695 0.42477120293407283347 
0.99999999200000011523 0.00000000099999999996 0.00000000099999999996 0.00000000099999999996 0.00000000099999999996 0.00000000099999999996 0.00000000099999999996 0.00000000099999999996 0.00000000099999999996 
0.00000000099999999962 0.00000000099999999962 0.00000000099999999962 0.00000000099999999962 0.00000000099999999962 0.40966307735041979088 0.59033691564958012954 0.00000000099999999962 0.00000000099999999962 
0.00000000099999999994 0.50734579912968891247 0.00000000099999999994 0.49265419387031128551 0.00000000099999999994 0.00000000099999999994 0.00000000099999999994 0.00000000099999999994 0.00000000099999999994 
0.00000000099999999957 0.00000000099999999957 0.00000000099999999957 0.00000000099999999957 0.00000000099999999957 0.99999999200000011523 0.00000000099999999957 0.00000000099999999957 0.00000000099999999957 
0.57424026422187746110 0.00000000099999999997 0.00000000099999999997 0.39438554151969501538 0.00000000099999999997 0.00000000099999999997 0.00000000099999999997 0.00000001106904481861 0.03137417818938303266 
0.00000000099999999965 0.00000000099999999965 0.00000000099999999965 0.00000000099999999965 0.00000000099999999965 0.46618533561793329412 0.53381465738206668181 0.00000000099999999965 0.00000000099999999965 
0.52757205861685640969 0.46217939320487028132 0.00380950658157358773 0.00000000099999999998 0.00000000099999999998 0.00000000099999999998 0.00000000099999999998 0.00000000099999999998 0.00643903659669980283 
0.30891900297891528027 0.30355586142146784301 0.00000000099999999999 0.36732819226068480489 0.00759707784938963050 0.00000000099999999999 0.00000000099999999999 0.01259986148954266028 0.00000000099999999999 
0.00000000099999999989 0.00000000099999999989 0.00000000099999999989 0.00000000099999999989 0.00000000099999999989 0.00000000099999999989 0.00000000099999999989 0.28546820163370495438 0.71453179136629496604 
0.00000000099999999985 0.00000000099999999985 0.00000000099999999985 0.99999999200000011523 0.00000000099999999985 0.00000000099999999985 0.00000000099999999985 0.00000000099999999985 0.00000000099999999985 
0.00000000099999999958 0.00000000099999999958 0.00000000099999999958 0.00000000099999999958 0.00000000099999999958 0.99999999200000011523 0.00000000099999999958 0.00000000099999999958 0.00000000099999999958 
0.00000000099999999958 0.00000000099999999958 0.00000000099999999958 0.00000000099999999958 0.00000000099999999958 0.99999999200000000421 0.00000000099999999958 0.00000000099999999958 0.00000000099999999958 
0.42664955391065667589 0.31613518180655431067 0.00000000099999999998 0.15849514515383886226 0.01193367683925827642 0.00000000099999999998 0.00000000099999999998 0.08678643828969193064 0.00000000099999999998 
0.00000000099999999990 0.00000000099999999990 0.00000000099999999990 0.00000000099999999990 0.00000000099999999990 0.00000000099999999990 0.00000000099999999990 0.37063570551050223356 0.62936428748949768686 
0.00000000099999999966 0.00000000099999999966 0.00000000099999999966 0.00000000099999999966 0.99999999200000011523 0.00000000099999999966 0.00000000099999999966 0.00000000099999999966 0.00000000099999999966 
0.00000000099999999984 0.00000000099999999984 0.00000000099999999984 0.00000000099999999984 0.00000000099999999984 0.00000000099999999984 0.00000000099999999984 0.99999999200000000421 0.00000000099999999984 
0.39795990624020527449 0.53423317628427569037 0.00000000099999999999 0.03254052614144534172 0.00000000099999999999 0.00000000099999999999 0.00000000099999999999 0.00000223464850692375 0.03526415268556694349 
0.00000000099999999954 0.00000000099999999954 0.00000000099999999954 0.00000000099999999954 0.00000000099999999954 0.99999999200000011523 0.00000000099999999954 0.00000000099999999954 0.00000000099999999954 
0.00000000099999999964 0.00000000099999999964 0.23296547863355937524 0.00000000099999999964 0.76703451436644076722 0.00000000099999999964 0.00000000099999999964 0.00000000099999999964 0.00000000099999999964 
0.00000000099999999960 0.00000000099999999960 0.00000000099999999960 0.00000000099999999960 0.00000000099999999960 0.00000000099999999960 0.99999999200000000421 0.00000000099999999960 0.00000000099999999960 
0.00000000099999999998 0.54107956575952420586 0.00000000099999999998 0.44722765717674956010 0.01169277106372629618 0.00000000099999999998 0.00000000099999999998 0.00000000099999999998 0.00000000099999999998 
0.00000000099999999981 0.00000000099999999981 0.00000000099999999981 0.00000000099999999981 0.00000000099999999981 0.00000000099999999981 0.00000000099999999981 0.00000000099999999981 0.99999999199999989319 
0.00000000099999999984 0.00000000099999999984 0.00000000099999999984 0.00000000099999999984 0.00000000099999999984 0.00000000099999999984 0.00000000099999999984 0.99999999200000000421 0.00000000099999999984 
0.00000000099999999993 0.00000000099999999993 0.00000000099999999993 0.76216893410649966256 0.00000000099999999993 0.00000000099999999993 0.00000000099999999993 0.23783105889350045214 0.00000000099999999993 
0.36886644981168070778 0.29023563380925759825 0.00000000099999999999 0.31872761283009054534 0.02217029137942014630 0.00000000099999999999 0.00000000099999999999 0.00000000099999999999 0.00000000816955112355 
0.70773666519016831256 0.21833380914894995328 0.00000000099999999996 0.04871303613029490109 0.00000000099999999996 0.00000000099999999996 0.00000000099999999996 0.00000000099999999996 0.02521648453058687039 
0.35531775179855346058 0.37007558598409262540 0.00000000099999999997 0.24989293351049193803 0.00000000099999999997 0.00000000099999999997 0.00000000099999999997 0.02471372370686223535 0.00000000099999999997 
0.32487221763303947286 0.34370906108579102334 0.00000000099999999998 0.32993703263559048811 0.00095184332075404525 0.00000000099999999998 0.00000000099999999998 0.00052984132482503902 0.00000000099999999998 
0.80705662559784874244 0.00000000099999999993 0.00000000099999999993 0.19294336740215142778 0.00000000099999999993 0.00000000099999999993 0.00000000099999999993 0.00000000099999999993 0.00000000099999999993 
0.38830328733776836581 0.35872650399778327479 0.00000000099999999997 0.24319298150315918350 0.00000000099999999997 0.00000000099999999997 0.00000000099999999997 0.00977722216128918027 0.00000000099999999997 
0.25568155238035478183 0.33000382598699967707 0.00000000099999999998 0.39734380366412541674 0.00023025288398353003 0.00000000099999999998 0.00000000099999999998 0.01674056108453661137 0.00000000099999999998 
0.80179199536818523963 0.00000000490128037258 0.00000000099999999997 0.14974540442272935015 0.00000000099999999997 0.00000000099999999997 0.00000000099999999997 0.04846259030780513538 0.00000000099999999997 
0.00000000099999999986 0.00000000099999999986 0.00000000099999999986 0.00000000099999999986 0.00000000099999999986 0.00000000099999999986 0.00000000099999999986 0.99999999199999989319 0.00000000099999999986 
0.00000000099999999989 0.00000000099999999989 0.00000000099999999989 0.00000000099999999989 0.00000000099999999989 0.00000000099999999989 0.00000000099999999989 0.00000000099999999989 0.99999999199999989319 
0.00000000099999999970 0.00000000099999999970 0.00000000099999999970 0.00000000099999999970 0.00000000099999999970 0.99999999200000000421 0.00000000099999999970 0.00000000099999999970 0.00000000099999999970 
0.00000000099999999994 0.00000000099999999994 0.00000000099999999994 0.00000000099999999994 0.00000000099999999994 0.00000000099999999994 0.00000000099999999994 0.60102798591864137201 0.39897200708135860392 
0.00000000099999999988 0.00000000099999999988 0.00000000099999999988 0.00000000099999999988 0.00000000099999999988 0.00000000099999999988 0.00000000099999999988 0.99999999200000000421 0.00000000099999999988 
0.00000000099999999993 0.99999999200000011523 0.00000000099999999993 0.00000000099999999993 0.00000000099999999993 0.00000000099999999993 0.00000000099999999993 0.00000000099999999993 0.00000000099999999993 
0.00000000099999999950 0.00000000099999999950 0.00000000099999999950 0.00000000099999999950 0.00000000099999999950 0.00000000099999999950 0.99999999200000000421 0.00000000099999999950 0.00000000099999999950 
0.40400189898729077509 0.58632433740664835486 0.00967375760606085412 0.00000000099999999997 0.00000000099999999997 0.00000000099999999997 0.00000000099999999997 0.00000000099999999997 0.00000000099999999997 
0.00000000099999999991 0.99999999200000022626 0.00000000099999999991 0.00000000099999999991 0.00000000099999999991 0.00000000099999999991 0.00000000099999999991 0.00000000099999999991 0.00000000099999999991 
0.45143998091654397031 0.35064935627125282114 0.00794495338941150070 0.18973782483217135897 0.00000000100000000000 0.00022788059062036625 0.00000000100000000000 0.00000000100000000000 0.00000000100000000000 
0.44620215855184602871 0.38332597231954912420 0.00700241362497610285 0.13613140524029077039 0.00000000099999999999 0.00000000099999999999 0.00000000099999999999 0.02733804626333815463 0.00000000099999999999 
0.00000000099999999988 0.99999999200000022626 0.00000000099999999988 0.00000000099999999988 0.00000000099999999988 0.00000000099999999988 0.00000000099999999988 0.00000000099999999988 0.00000000099999999988 
0.73531778059099106581 0.00000000099999999998 0.00000000099999999998 0.23242000983550767379 0.00000000099999999998 0.00000000099999999998 0.00000000099999999998 0.00000000099999999998 0.03226220357350138151 
0.50444424098361007047 0.20470603132518092049 0.00000074732838035981 0.28485095733481952118 0.00285812179960499586 0.00000000099999999999 0.00000000099999999999 0.00000000099999999999 0.00313989822840412495 
0.68871814664151387309 0.00000000099999999998 0.00000000099999999998 0.29528426767139620557 0.01039401410436739150 0.00000000099999999998 0.00000000099999999998 0.00000000099999999998 0.00560356658272250473 
0.54078760149101268162 0.24487895697856831845 0.00000000100000000000 0.16827352106552651012 0.02938196793073384258 0.00000000100000000000 0.00473118300201857359 0.01194676653213994945 0.00000000100000000000 
0.58928212607360541675 0.38244336627472291790 0.00000000099999999997 0.00000000099999999997 0.01016536971877510416 0.00000000099999999997 0.00000000099999999997 0.01810913293289664883 0.00000000099999999997 
0.74575401181579192844 0.25424598118420826953 0.00000000099999999995 0.00000000099999999995 0.00000000099999999995 0.00000000099999999995 0.00000000099999999995 0.00000000099999999995 0.00000000099999999995 
0.45069477561155690815 0.49998576057207849699 0.00000000099999999999 0.00000000099999999999 0.02627703092298325910 0.00000000099999999999 0.00000000099999999999 0.00000000099999999999 0.02304242789338160902 
0.54602335999436912850 0.44328567896454645902 0.01069095504108442778 0.00000000099999999996 0.00000000099999999996 0.00000000099999999996 0.00000000099999999996 0.00000000099999999996 0.00000000099999999996 
0.35221619238959239739 0.30585869921911634783 0.00000000099999999998 0.33523280418583922824 0.00000000099999999998 0.00000000099999999998 0.00000000099999999998 0.00669229920545226162 0.00000000099999999998 
0.41331654981482385258 0.33136576699134040469 0.00000000099999999998 0.25507007977160711665 0.00000000099999999998 0.00000000099999999998 0.00000000099999999998 0.00000000099999999998 0.00024759842222859369 
0.32700093543178565536 0.38076814045133910991 0.00000000099999999997 0.25858234108784178273 0.00000000099999999997 0.00000000099999999997 0.00000000099999999997 0.03364857802903343381 0.00000000099999999997 
0.65572143064239896137 0.32124586512317432341 0.01010175539619065539 0.00000000099999999998 0.00000000099999999998 0.00000000099999999998 0.00000000099999999998 0.00000000099999999998 0.01293094383823612838 
0.95789836565980646110 0.00000000099999999996 0.00000000099999999996 0.00000000099999999996 0.00000000099999999996 0.00000000099999999996 0.00000000099999999996 0.04210162734019371605 0.00000000099999999996 
0.50874123697197926042 0.30333731186170798111 0.00000000099999999999 0.18280236216434372909 0.00000000099999999999 0.00000000099999999999 0.00000000099999999999 0.00511908400196936595 0.00000000099999999999 
0.58239842149583131992 0.24970487015885922677 0.00000000099999999997 0.13956649813712093677 0.00000008027237541195 0.00000000099999999997 0.00000000099999999997 0.00000000099999999997 0.02833012593581332728 
0.44336534512141551057 0.27659062155681785056 0.00000000100000000000 0.17481545687919383680 0.00434328163919469722 0.06907829075321854362 0.00000000100000000000 0.00000000100000000000 0.03180700105015971113 
0.00000000099999999986 0.00000000099999999986 0.00000000099999999986 0.99999999200000000421 0.00000000099999999986 0.00000000099999999986 0.00000000099999999986 0.00000000099999999986 0.00000000099999999986 
0.00000000099999999989 0.99999999200000011523 0.00000000099999999989 0.00000000099999999989 0.00000000099999999989 0.00000000099999999989 0.00000000099999999989 0.00000000099999999989 0.00000000099999999989 
0.99317409726492411615 0.00000000099999999994 0.00000000099999999994 0.00000000099999999994 0.00000000099999999994 0.00000000099999999994 0.00000000099999999994 0.00000000099999999994 0.00682589573507596040 
0.57262811623667220218 0.22170735804464408725 0.00000000099999999998 0.18909759723259170205 0.01656692348609207360 0.00000000099999999998 0.00000000099999999998 0.00000000099999999998 0.00000000099999999998 
0.57293192254189651003 0.26665507734369864323 0.00000000099999999996 0.15043486308483067226 0.00000000099999999996 0.00000000099999999996 0.00000000099999999996 0.00005296782107541446 0.00992516520849886889 
0.35648861216931476692 0.32516988708207400505 0.00000000100000000000 0.30849249603682626919 0.00730451020627938437 0.00000030931981462908 0.00054072960884301311 0.00000000100000000000 0.00200345357684806854 
0.41604045569519249037 0.33428170896885389674 0.00504949038082003546 0.23241594418642133602 0.00000001034533631946 0.00000000099999999998 0.00000000099999999998 0.01221238742337589327 0.00000000099999999998 
0.99999999200000022626 0.00000000099999999993 0.00000000099999999993 0.00000000099999999993 0.00000000099999999993 0.00000000099999999993 0.00000000099999999993 0.00000000099999999993 0.00000000099999999993 
0.56874093303726525050 0.25121563303697386216 0.00000000099999999996 0.14065356976270934619 0.00000000099999999996 0.00000000099999999996 0.00000000099999999996 0.03938985916305154378 0.00000000099999999996 
0.00000000099999999990 0.00000000099999999990 0.00000000099999999990 0.00000000099999999990 0.00000000099999999990 0.00000000099999999990 0.00000000099999999990 0.59659510654661063178 0.40340488645338934415 
0.00000000099999999995 0.00000000099999999995 0.00000000099999999995 0.00000000099999999995 0.00000000099999999995 0.00000000099999999995 0.00000000099999999995 0.60333780932148306508 0.39666218367851685533 
0.00000000099999999959 0.00000000099999999959 0.00000000099999999959 0.00000000099999999959 0.00000000099999999959 0.00000000099999999959 0.99999999199999989319 0.00000000099999999959 0.00000000099999999959 
0.00000000099999999948 0.00000000099999999948 0.99999999200000000421 0.00000000099999999948 0.00000000099999999948 0.00000000099999999948 0.00000000099999999948 0.00000000099999999948 0.00000000099999999948 
0.00000000099999999999 0.06383289485891950610 0.00000000099999999999 0.00000000099999999999 0.04039527369847251137 0.00000000099999999999 0.00000000099999999999 0.51383372769236645983 0.38193809875024148370 
0.00000000099999999993 0.75370605904388965346 0.00000000099999999993 0.24629393395611054451 0.00000000099999999993 0.00000000099999999993 0.00000000099999999993 0.00000000099999999993 0.00000000099999999993 
0.37762453088426439773 0.30976451265057131090 0.00000000099999999999 0.28437062546578428801 0.00167662694416011908 0.00000000099999999999 0.00000000099999999999 0.00000000099999999999 0.02656370005522002906 
0.00000000099999999988 0.00000000099999999988 0.00000000099999999988 0.00000000099999999988 0.00000000099999999988 0.00000000099999999988 0.00000000099999999988 0.00000000099999999988 0.99999999199999989319 
0.51600351215290662932 0.47794349790752316265 0.00000000099999999997 0.00000000099999999997 0.00000000099999999997 0.00000000099999999997 0.00000000099999999997 0.00605298393957034737 0.00000000099999999997 
0.47941593291114492636 0.50923652327102753024 0.00000000099999999996 0.00000000099999999996 0.01134753781782770789 0.00000000099999999996 0.00000000099999999996 0.00000000099999999996 0.00000000099999999996 
0.81638413492849259967 0.00000000099999999996 0.00000000099999999996 0.18361585807150762606 0.00000000099999999996 0.00000000099999999996 0.00000000099999999996 0.00000000099999999996 0.00000000099999999996 
0.00000000099999999953 0.00000000099999999953 0.00000000099999999953 0.00000000099999999953 0.00000000099999999953 0.99999999200000011523 0.00000000099999999953 0.00000000099999999953 0.00000000099999999953 
0.00000000099999999957 0.00000000099999999957 0.00000000099999999957 0.00000000099999999957 0.00000000099999999957 0.99999999200000011523 0.00000000099999999957 0.00000000099999999957 0.00000000099999999957 
0.00000000099999999957 0.00000000099999999957 0.00000000099999999957 0.00000000099999999957 0.00000000099999999957 0.39847389032716379331 0.60152610267283612711 0.00000000099999999957 0.00000000099999999957 
0.00000000099999999950 0.00000000099999999950 0.00000000099999999950 0.00000000099999999950 0.00000000099999999950 0.00000000099999999950 0.99999999199999989319 0.00000000099999999950 0.00000000099999999950 
0.00000000099999999951 0.00000000099999999951 0.00000000099999999951 0.00000000099999999951 0.00000000099999999951 0.99999999200000000421 0.00000000099999999951 0.00000000099999999951 0.00000000099999999951 
0.00000000099999999989 0.00000000099999999989 0.00000000099999999989 0.00000000099999999989 0.00000000099999999989 0.00000000099999999989 0.00000000099999999989 0.00000000099999999989 0.99999999200000000421 
0.00000000099999999989 0.00000000099999999989 0.00000000099999999989 0.99999999200000011523 0.00000000099999999989 0.00000000099999999989 0.00000000099999999989 0.00000000099999999989 0.00000000099999999989 
0.00000000099999999959 0.00000000099999999959 0.00000000099999999959 0.00000000099999999959 0.00000000099999999959 0.63678050880939418565 0.36321948419060579027 0.00000000099999999959 0.00000000099999999959 
0.00000000099999999958 0.00000000099999999958 0.00000000099999999958 0.00000000099999999958 0.00000000099999999958 0.99999999200000011523 0.00000000099999999958 0.00000000099999999958 0.00000000099999999958 
0.00000000099999999947 0.00000000099999999947 0.99999999200000011523 0.00000000099999999947 0.00000000099999999947 0.00000000099999999947 0.00000000099999999947 0.00000000099999999947 0.00000000099999999947 
0.00000000099999999957 0.00000000099999999957 0.00000000099999999957 0.00000000099999999957 0.99999999200000011523 0.00000000099999999957 0.00000000099999999957 0.00000000099999999957 0.00000000099999999957 
0.54831651009752169212 0.24370699772763720903 0.00000000099999999998 0.20797648617484126854 0.00000000099999999998 0.00000000099999999998 0.00000000099999999998 0.00000000099999999998 0.00000000099999999998 
0.00000000099999999961 0.00000000099999999961 0.00000000099999999961 0.00000000099999999961 0.00000000099999999961 0.65226367892324865760 0.34773631407675131832 0.00000000099999999961 0.00000000099999999961 
0.00000000099999999991 0.99999999200000011523 0.00000000099999999991 0.00000000099999999991 0.00000000099999999991 0.00000000099999999991 0.00000000099999999991 0.00000000099999999991 0.00000000099999999991 
0.99999999200000011523 0.00000000099999999993 0.00000000099999999993 0.00000000099999999993 0.00000000099999999993 0.00000000099999999993 0.00000000099999999993 0.00000000099999999993 0.00000000099999999993 
0.00000000099999999996 0.00000000099999999996 0.00000000099999999996 0.04433259922947362791 0.00000000099999999996 0.00000000099999999996 0.00000000099999999996 0.36636596145952959880 0.58930143331099671400 
0.27879373161858084229 0.46533614374164261607 0.00000000099999999997 0.24948013914555983161 0.00000000099999999997 0.00000000099999999997 0.00000000099999999997 0.00000000099999999997 0.00638998049421685057 
0.00000000099999999989 0.00000000099999999989 0.00000000099999999989 0.00000000099999999989 0.00000000099999999989 0.00000000099999999989 0.00000000099999999989 0.37957442152602394181 0.62042557147397603412 
0.35343911461767785198 0.47188534601000797775 0.00551579913799125389 0.14365502356098211467 0.00000000099999999997 0.00000000099999999997 0.00000000099999999997 0.02550471267334084718 0.00000000099999999997 
0.00000000099999999982 0.00000000099999999982 0.00000000099999999982 0.00000000099999999982 0.00000000099999999982 0.00000000099999999982 0.00000000099999999982 0.99999999199999989319 0.00000000099999999982 
0.00000000099999999993 0.99999999200000022626 0.00000000099999999993 0.00000000099999999993 0.00000000099999999993 0.00000000099999999993 0.00000000099999999993 0.00000000099999999993 0.00000000099999999993 
0.51332358398922928178 0.33607193755042391592 0.01349849866309524304 0.13710597479725164516 0.00000000099999999999 0.00000000099999999999 0.00000000099999999999 0.00000000099999999999 0.00000000099999999999 
0.00000000099999999958 0.00000000099999999958 0.00000000099999999958 0.00000000099999999958 0.00000000099999999958 0.00000000099999999958 0.99999999200000000421 0.00000000099999999958 0.00000000099999999958 
0.00000000099999999983 0.00000000099999999983 0.00000000099999999983 0.00000000099999999983 0.00000000099999999983 0.00000000099999999983 0.00000000099999999983 0.99999999199999989319 0.00000000099999999983 
0.00000000099999999959 0.00000000099999999959 0.00000000099999999959 0.00000000099999999959 0.00000000099999999959 0.59393122767897188474 0.40606876532102814670 0.00000000099999999959 0.00000000099999999959 
0.00000000099999999951 0.00000000099999999951 0.00000000099999999951 0.00000000099999999951 0.00000000099999999951 0.00000000099999999951 0.99999999199999989319 0.00000000099999999951 0.00000000099999999951 
0.99999999200000022626 0.00000000099999999995 0.00000000099999999995 0.00000000099999999995 0.00000000099999999995 0.00000000099999999995 0.00000000099999999995 0.00000000099999999995 0.00000000099999999995 
0.31023673906143295342 0.47282402469544621004 0.00000000099999999997 0.18522687080840261054 0.00000000099999999997 0.00000000099999999997 0.00000000099999999997 0.00000000099999999997 0.03171236043471838129 
0.54792885949770719911 0.35905137984326668255 0.00000000099999999996 0.08669734099809378591 0.00000000099999999996 0.00000000099999999996 0.00000000099999999996 0.00000000099999999996 0.00632241466093259354 
0.41364452487520003698 0.38592992681331395044 0.00409950148722528634 0.19632599729983857273 0.00000000099999999998 0.00000000099999999998 0.00000000099999999998 0.00000004552442228350 0.00000000099999999998 
0.54458657599246673708 0.00000000099999999997 0.00370428477663016249 0.45170913323090317038 0.00000000099999999997 0.00000000099999999997 0.00000000099999999997 0.00000000099999999997 0.00000000099999999997 
0.00000000099999999995 0.53525662235082616114 0.00000000099999999995 0.46354315455824496306 0.00000000099999999995 0.00000000099999999995 0.00000000099999999995 0.00000000099999999995 0.00120021709092909016 
0.32895352283446366304 0.42869933174606816850 0.00000000099999999997 0.24234713941946828264 0.00000000099999999997 0.00000000099999999997 0.00000000099999999997 0.00000000099999999997 0.00000000099999999997 
0.00000000099999999995 0.00163833136745436710 0.00000000099999999995 0.00000000099999999995 0.00000000099999999995 0.00000000099999999995 0.00000000099999999995 0.35200118560827031722 0.64636047702427523731 
0.33938002240316478275 0.36938297751793786050 0.00000000099999999996 0.29123699407889741542 0.00000000099999999996 0.00000000099999999996 0.00000000099999999996 0.00000000099999999996 0.00000000099999999996 
0.00000000099999999951 0.00000000099999999951 0.00000000099999999951 0.00000000099999999951 0.00000000099999999951 0.00000000099999999951 0.99999999199999989319 0.00000000099999999951 0.00000000099999999951 
0.54028139721287127273 0.27040155875023108578 0.00302788315459399980 0.18628602056570825463 0.00000000099999999999 0.00000000099999999999 0.00000000099999999999 0.00000000099999999999 0.00000313631659543926 
0.00000000099999999980 0.00000000099999999980 0.00000000099999999980 0.00000000099999999980 0.00000000099999999980 0.99999999200000011523 0.00000000099999999980 0.00000000099999999980 0.00000000099999999980 
0.00000000099999999954 0.00000000099999999954 0.00000000099999999954 0.00000000099999999954 0.00000000099999999954 0.00000000099999999954 0.99999999199999989319 0.00000000099999999954 0.00000000099999999954 
0.98342055426370167392 0.00000000099999999995 0.00000000099999999995 0.00000000099999999995 0.00000000099999999995 0.00000000099999999995 0.00000000099999999995 0.01657943873629833323 0.00000000099999999995 
0.00000000099999999985 0.00000000099999999985 0.00000000099999999985 0.99999999200000011523 0.00000000099999999985 0.00000000099999999985 0.00000000099999999985 0.00000000099999999985 0.00000000099999999985 
0.99999999200000011523 0.00000000099999999994 0.00000000099999999994 0.00000000099999999994 0.00000000099999999994 0.00000000099999999994 0.00000000099999999994 0.00000000099999999994 0.00000000099999999994 
0.00000000099999999961 0.00000000099999999961 0.00000000099999999961 0.00000000099999999961 0.00000000099999999961 0.99999999200000000421 0.00000000099999999961 0.00000000099999999961 0.00000000099999999961 
0.00000000099999999990 0.00000000099999999990 0.00000000099999999990 0.00000000099999999990 0.00000000099999999990 0.00000000099999999990 0.00000000099999999990 0.37829980550862696287 0.62170018749137290204 
0.00000000099999999991 0.00000000099999999991 0.00000000099999999991 0.00000000099999999991 0.00000000099999999991 0.00000000099999999991 0.00000000099999999991 0.51252362030532427895 0.48747637269467575249 
0.00000000099999999956 0.00000000099999999956 0.00000000099999999956 0.00000000099999999956 0.00000000099999999956 0.00000000099999999956 0.99999999200000000421 0.00000000099999999956 0.00000000099999999956 
0.75438464660626980418 0.23634940722123576329 0.00748030083795954339 0.00021313281943613889 0.00000000099999999998 0.00000000099999999998 0.00000000099999999998 0.00157250851509868421 0.00000000099999999998 
0.36081761044595844767 0.27182278897297118547 0.00897739820048772119 0.32483972791619208920 0.00000000099999999999 0.00000000099999999999 0.00000000099999999999 0.00048244932409169177 0.03306002214029880870 
0.00000000099999999957 0.00000000099999999957 0.00000000099999999957 0.00000000099999999957 0.00000000099999999957 0.99999999200000011523 0.00000000099999999957 0.00000000099999999957 0.00000000099999999957 
0.00000000099999999991 0.99999999200000022626 0.00000000099999999991 0.00000000099999999991 0.00000000099999999991 0.00000000099999999991 0.00000000099999999991 0.00000000099999999991 0.00000000099999999991 
0.00000000099999999982 0.00000000099999999982 0.00000000099999999982 0.00000000099999999982 0.00000000099999999982 0.00000000099999999982 0.00000000099999999982 0.00000000099999999982 0.99999999200000000421 
0.00000000099999999999 0.54259827815146322028 0.11097503803010995427 0.00000000099999999999 0.00000000099999999999 0.10325109773764001853 0.00000000099999999999 0.00000000099999999999 0.24317558108078687895 
