0.00000000099999999999 0.39114986710685284432 0.00000000099999999999 0.00000000099999999999 0.00656100542197943486 0.28962102143963752710 0.01321630763828360311 0.00000000099999999999 0.27961213717416288915 0.00000161566707918533 0.01983804155200444980 
0.00000000099999999980 0.00000000099999999980 0.00000000099999999980 0.00000000099999999980 0.00000000099999999980 0.00000000099999999980 0.00000000099999999980 0.99999999000000006077 0.00000000099999999980 0.00000000099999999980 0.00000000099999999980 
0.00000000099999999989 0.00000000099999999989 0.00000000099999999989 0.00000000099999999989 0.57397557557758382973 0.00000000099999999989 0.00000000099999999989 0.38818010255311091727 0.00000000099999999989 0.00000000099999999989 0.03784431386930532659 
0.00000000099999999998 0.24480585569579296767 0.00000000099999999998 0.00000000099999999998 0.03467051397019518116 0.20000462107913646870 0.00000000410010143073 0.00000000099999999998 0.25816122057127643963 0.26235777958349737471 0.00000000099999999998 
0.00000000099999999997 0.53729517120646874684 0.06202925483659359196 0.00000000099999999997 0.00000000099999999997 0.15471649655938760071 0.00000000099999999997 0.00000000099999999997 0.17632732195200348513 0.05609469887671274246 0.01353705156883391707 
0.00000000099999999992 0.00000000099999999992 0.00000000099999999992 0.00000000099999999992 0.00000000099999999992 0.99999999000000017180 0.00000000099999999992 0.00000000099999999992 0.00000000099999999992 0.00000000099999999992 0.00000000099999999992 
0.00000000099999999987 0.00000000099999999987 0.00000000099999999987 0.00000000099999999987 0.99999999000000017180 0.00000000099999999987 0.00000000099999999987 0.00000000099999999987 0.00000000099999999987 0.00000000099999999987 0.00000000099999999987 
0.00000000099999999979 0.00000000099999999979 0.00000000099999999979 0.00000000099999999979 0.00000000099999999979 0.00000000099999999979 0.00000000099999999979 0.99999999000000006077 0.00000000099999999979 0.00000000099999999979 0.00000000099999999979 
0.00000000099999999991 0.00000000099999999991 0.00000000099999999991 0.00000000099999999991 0.00000000099999999991 0.99999999000000017180 0.00000000099999999991 0.00000000099999999991 0.00000000099999999991 0.00000000099999999991 0.00000000099999999991 
0.00000000099999999991 0.00000000099999999991 0.00000000099999999991 0.00000000099999999991 0.40805462969000344531 0.00000000099999999991 0.00000000099999999991 0.59194536130999642065 0.00000000099999999991 0.00000000099999999991 0.00000000099999999991 
0.00000000099999999989 0.00000000099999999989 0.00000000099999999989 0.00000000099999999989 0.00000000099999999989 0.00000000099999999989 0.00000000099999999989 0.00000000099999999989 0.99999999000000006077 0.00000000099999999989 0.00000000099999999989 
0.00000000099999999996 0.24739447086611149329 0.00886165819151446370 0.00000000099999999996 0.01916802398114187539 0.25475459592160537570 0.00231819337826223151 0.00000000099999999996 0.27038115760862813097 0.19712189605273636173 0.00000000099999999996 
0.00000000099999999998 0.36698986303093950045 0.01043383516941397485 0.00000000099999999998 0.00000000099999999998 0.21927747436656630509 0.00000000099999999998 0.00004974019766617473 0.37713539171042942399 0.00000017270436218259 0.02611351882062243335 
0.00000000099999999990 0.00000000099999999990 0.00000000099999999990 0.00000000099999999990 0.00000000099999999990 0.00000000099999999990 0.00000000099999999990 0.00000000099999999990 0.99999999000000006077 0.00000000099999999990 0.00000000099999999990 
0.00000000099999999986 0.00000000099999999986 0.00000000099999999986 0.00000000099999999986 0.00000000099999999986 0.00000000099999999986 0.00000000099999999986 0.00000000099999999986 0.99999998999999994975 0.00000000099999999986 0.00000000099999999986 
0.00000000099999999998 0.21644210061631252717 0.04665733155561591072 0.00000000099999999998 0.00000000099999999998 0.30844197601812406440 0.02358243230580268912 0.05069736520480090658 0.13021461331589126442 0.20245374484019984518 0.02151043314325275929 
0.00000000099999999998 0.31410971137277399201 0.00000000099999999998 0.00000000099999999998 0.00000000099999999998 0.20083119708005911508 0.00000000099999999998 0.00000000099999999998 0.27680869500625931989 0.18877296900746640129 0.01947742153344120264 
0.00000000099999999996 0.00000000099999999996 0.00000000099999999996 0.00000000099999999996 0.00000000099999999996 0.77273548148265547297 0.00000000099999999996 0.00000000099999999996 0.22036107497882387318 0.00000000099999999996 0.00690343553852083239 
0.00000000099999999997 0.00000294034650118834 0.00000000099999999997 0.00000000099999999997 0.00000000099999999997 0.52249521870327997330 0.00000000099999999997 0.00000000099999999997 0.28553180424947616212 0.13383329040963071188 0.05813674029111196018 
0.00000000099999999993 0.69187657368452137874 0.00000000099999999993 0.00000000099999999993 0.00000000099999999993 0.00000000099999999993 0.00000000099999999993 0.00000000099999999993 0.00000000099999999993 0.28239592271259883471 0.02572749560288002668 
0.00000000099999999998 0.28458288301607453930 0.00000000099999999998 0.00000000099999999998 0.00000000438120110453 0.36146472411317065454 0.00000000099999999998 0.00000000099999999998 0.35395191178502000140 0.00000047070453364907 0.00000000099999999998 
0.00000000099999999993 0.00000000099999999993 0.00000000099999999993 0.00000000099999999993 0.66058224606861215555 0.00000000099999999993 0.00000000099999999993 0.30783342119357653965 0.00000000099999999993 0.00000000099999999993 0.03158432473781146166 
0.00000000099999999986 0.00000000099999999986 0.00000000099999999986 0.00000000099999999986 0.00000000099999999986 0.00000000099999999986 0.00000000099999999986 0.00000000099999999986 0.00000000099999999986 0.99999998999999994975 0.00000000099999999986 
0.00000000099999999919 0.00000000099999999919 0.99999999000000017180 0.00000000099999999919 0.00000000099999999919 0.00000000099999999919 0.00000000099999999919 0.00000000099999999919 0.00000000099999999919 0.00000000099999999919 0.00000000099999999919 
0.00000000099999999990 0.87228878673657617160 0.00000000099999999990 0.00000000099999999990 0.00000000099999999990 0.00000000099999999990 0.00000000099999999990 0.00000000099999999990 0.00000000099999999990 0.00000000099999999990 0.12771120426342399967 
0.00000000099999999997 0.32112011952430929984 0.00000000099999999997 0.00000000099999999997 0.00000000099999999997 0.17971187138237879055 0.00000000099999999997 0.00000000099999999997 0.23629276423916675820 0.22936772856011353183 0.03350751029403142844 
0.00000000099999999956 0.00000000099999999956 0.00000000099999999956 0.00000000099999999956 0.00000000099999999956 0.00000000099999999956 0.99999999000000006077 0.00000000099999999956 0.00000000099999999956 0.00000000099999999956 0.00000000099999999956 
0.00000000099999999955 0.00000000099999999955 0.00000000099999999955 0.00000000099999999955 0.00000000099999999955 0.00000000099999999955 0.99999998999999994975 0.00000000099999999955 0.00000000099999999955 0.00000000099999999955 0.00000000099999999955 
0.00000000099999999990 0.00000000099999999990 0.00000000099999999990 0.00000000099999999990 0.00000000099999999990 0.00000000099999999990 0.00000000099999999990 0.00000000099999999990 0.99999998999999994975 0.00000000099999999990 0.00000000099999999990 
0.00000000099999999983 0.00000000099999999983 0.00000000099999999983 0.00000000099999999983 0.00000000099999999983 0.00000000099999999983 0.00000000099999999983 0.00000000099999999983 0.00000000099999999983 0.99999998999999994975 0.00000000099999999983 
0.00000000099999999995 0.46855157106834838254 0.01546496666519088341 0.00000000099999999995 0.00000000099999999995 0.00000144458629000233 0.00000000099999999995 0.00000000099999999995 0.00000000099999999995 0.45435995892332542434 0.06162205275684497913 
0.00000000099999999978 0.00000000099999999978 0.28213412265432918913 0.00000000099999999978 0.71786586834567089888 0.00000000099999999978 0.00000000099999999978 0.00000000099999999978 0.00000000099999999978 0.00000000099999999978 0.00000000099999999978 
0.00000000099999999953 0.00000000099999999953 0.64211603477020495756 0.00000000099999999953 0.00000000099999999953 0.00000000099999999953 0.35788395622979507493 0.00000000099999999953 0.00000000099999999953 0.00000000099999999953 0.00000000099999999953 
0.00000000099999999984 0.00000000099999999984 0.00000000099999999984 0.00000000099999999984 0.00000000099999999984 0.00000000099999999984 0.00000000099999999984 0.00000000099999999984 0.00000000099999999984 0.99999999000000006077 0.00000000099999999984 
0.99999999000000028282 0.00000000099999999940 0.00000000099999999940 0.00000000099999999940 0.00000000099999999940 0.00000000099999999940 0.00000000099999999940 0.00000000099999999940 0.00000000099999999940 0.00000000099999999940 0.00000000099999999940 
0.99999999000000017180 0.00000000099999999932 0.00000000099999999932 0.00000000099999999932 0.00000000099999999932 0.00000000099999999932 0.00000000099999999932 0.00000000099999999932 0.00000000099999999932 0.00000000099999999932 0.00000000099999999932 
0.38800543030022932589 0.00000000099999999939 0.00000000099999999939 0.61199456069977076211 0.00000000099999999939 0.00000000099999999939 0.00000000099999999939 0.00000000099999999939 0.00000000099999999939 0.00000000099999999939 0.00000000099999999939 
0.00000000099999999957 0.00000000099999999957 0.00000000099999999957 0.00000000099999999957 0.00000000099999999957 0.00000000099999999957 0.99999998999999994975 0.00000000099999999957 0.00000000099999999957 0.00000000099999999957 0.00000000099999999957 
0.00000000099999999951 0.00000000099999999951 0.00000000099999999951 0.00000000099999999951 0.00000000099999999951 0.00000000099999999951 0.99999998999999994975 0.00000000099999999951 0.00000000099999999951 0.00000000099999999951 0.00000000099999999951 
0.00000000099999999995 0.52690411731484299018 0.00000000099999999995 0.00000000099999999995 0.00000000099999999995 0.00000000099999999995 0.00000000099999999995 0.00000000099999999995 0.47309587368515715333 0.00000000099999999995 0.00000000099999999995 
0.00000000099999999984 0.00000000099999999984 0.00000000099999999984 0.00000000099999999984 0.00000000099999999984 0.00000000099999999984 0.00000000099999999984 0.99999998999999994975 0.00000000099999999984 0.00000000099999999984 0.00000000099999999984 
0.00000000099999999954 0.00000000099999999954 0.00000000099999999954 0.00000000099999999954 0.00000000099999999954 0.00000000099999999954 0.99999999000000006077 0.00000000099999999954 0.00000000099999999954 0.00000000099999999954 0.00000000099999999954 
0.00000000099999999998 0.34230937828768370768 0.03114430719306671841 0.00000000099999999998 0.01212755775996012322 0.00000000099999999998 0.00184288395016565364 0.00000000099999999998 0.30281275499978532739 0.30976311280933843673 0.00000000099999999998 
0.00000000099999999979 0.00000000099999999979 0.00000000099999999979 0.00000000099999999979 0.00000000099999999979 0.00000000099999999979 0.00000000099999999979 0.99999999000000006077 0.00000000099999999979 0.00000000099999999979 0.00000000099999999979 
0.00000000099999999960 0.00000000099999999960 0.00000000099999999960 0.00000000099999999960 0.00000000099999999960 0.00000000099999999960 0.99999998999999994975 0.00000000099999999960 0.00000000099999999960 0.00000000099999999960 0.00000000099999999960 
0.00000000099999999996 0.00000000099999999996 0.00731618089069741538 0.00000000099999999996 0.00585719618637993260 0.28365128775250575410 0.00000000099999999996 0.00000000099999999996 0.37890845641162740343 0.32426687275878929295 0.00000000099999999996 
0.00000000099999999954 0.00000000099999999954 0.00000000099999999954 0.00000000099999999954 0.00000000099999999954 0.00000000099999999954 0.99999998999999994975 0.00000000099999999954 0.00000000099999999954 0.00000000099999999954 0.00000000099999999954 
0.00000000099999999985 0.00000000099999999985 0.00000000099999999985 0.00000000099999999985 0.99999999000000017180 0.00000000099999999985 0.00000000099999999985 0.00000000099999999985 0.00000000099999999985 0.00000000099999999985 0.00000000099999999985 
0.00000000099999999981 0.00000000099999999981 0.00000000099999999981 0.00000000099999999981 0.99999999000000006077 0.00000000099999999981 0.00000000099999999981 0.00000000099999999981 0.00000000099999999981 0.00000000099999999981 0.00000000099999999981 
0.00000000099999999948 0.00000000099999999948 0.00000000099999999948 0.00000000099999999948 0.00000000099999999948 0.00000000099999999948 0.99999998999999994975 0.00000000099999999948 0.00000000099999999948 0.00000000099999999948 0.00000000099999999948 
0.00000000099999999952 0.00000000099999999952 0.00000000099999999952 0.00000000099999999952 0.00000000099999999952 0.00000000099999999952 0.99999999000000006077 0.00000000099999999952 0.00000000099999999952 0.00000000099999999952 0.00000000099999999952 
0.00000000099999999981 0.00000000099999999981 0.00000000099999999981 0.00000000099999999981 0.00000000099999999981 0.00000000099999999981 0.00000000099999999981 0.99999998999999994975 0.00000000099999999981 0.00000000099999999981 0.00000000099999999981 
0.00000000099999999984 0.00000000099999999984 0.00000000099999999984 0.00000000099999999984 0.99999999000000017180 0.00000000099999999984 0.00000000099999999984 0.00000000099999999984 0.00000000099999999984 0.00000000099999999984 0.00000000099999999984 
0.00000000099999999993 0.00000000099999999993 0.00000000099999999993 0.00000000099999999993 0.48988487276352643551 0.00000000099999999993 0.00000000099999999993 0.51011511823647359698 0.00000000099999999993 0.00000000099999999993 0.00000000099999999993 
0.00000000099999999961 0.00000000099999999961 0.00000000099999999961 0.00000000099999999961 0.00000000099999999961 0.00000000099999999961 0.99999999000000006077 0.00000000099999999961 0.00000000099999999961 0.00000000099999999961 0.00000000099999999961 
0.00000000099999999996 0.00000000099999999996 0.05333414872013723940 0.00000000099999999996 0.00000000099999999996 0.90258615094968985826 0.00000001703485758869 0.04407967629531524961 0.00000000099999999996 0.00000000099999999996 0.00000000099999999996 
0.00000000099999999997 0.26103073319052333412 0.00000000099999999997 0.00000000099999999997 0.00000000099999999997 0.51451975235737712477 0.02489922130176078913 0.00000000099999999997 0.19955028615033867934 0.00000000099999999997 0.00000000099999999997 
0.00000000099999999985 0.00000000099999999985 0.00000000099999999985 0.00000000099999999985 0.00000000099999999985 0.00000000099999999985 0.00000000099999999985 0.00000000099999999985 0.99999999000000006077 0.00000000099999999985 0.00000000099999999985 
0.00000000099999999997 0.26835110141429863173 0.00000000099999999997 0.00000000099999999997 0.00000000099999999997 0.00000000099999999997 0.00000000099999999997 0.00762615222693413357 0.35670300536733651198 0.35349381124790313358 0.01382592374352735638 
0.00000000099999999990 0.00000000099999999990 0.00000000099999999990 0.00000000099999999990 0.49188444895732780227 0.00000000099999999990 0.00000000099999999990 0.50811554204267217472 0.00000000099999999990 0.00000000099999999990 0.00000000099999999990 
0.00057456424791934766 0.31048244032663313563 0.00000000099999999999 0.00000000099999999999 0.00000000099999999999 0.20479404055289013309 0.00448473624901866465 0.00155307023041291676 0.17640145695679623761 0.30170956523827419105 0.00000012319805529504 
0.48613753066408116332 0.00000000099999999947 0.00000000099999999947 0.51386246033591898019 0.00000000099999999947 0.00000000099999999947 0.00000000099999999947 0.00000000099999999947 0.00000000099999999947 0.00000000099999999947 0.00000000099999999947 
0.00000000099999999996 0.31581682850646747296 0.00000000099999999996 0.00000000099999999996 0.00000000099999999996 0.42739873990038129703 0.00238121520702980248 0.00003910145665483554 0.00000000099999999996 0.25108179039363887064 0.00328231953582776769 
0.99999999000000028282 0.00000000099999999941 0.00000000099999999941 0.00000000099999999941 0.00000000099999999941 0.00000000099999999941 0.00000000099999999941 0.00000000099999999941 0.00000000099999999941 0.00000000099999999941 0.00000000099999999941 
0.00000000099999999997 0.35949610908426027356 0.07407651682634208701 0.00000000099999999997 0.00001400934895136081 0.08899873463793445127 0.00000000099999999997 0.00431873898253705858 0.05423424450889231807 0.39448852096863479266 0.02437312264244765464 
0.43544916592928190058 0.00000000099999999948 0.00000000099999999948 0.56455082507071818743 0.00000000099999999948 0.00000000099999999948 0.00000000099999999948 0.00000000099999999948 0.00000000099999999948 0.00000000099999999948 0.00000000099999999948 
0.00000000099999999989 0.00000000099999999989 0.00000000099999999989 0.00000000099999999989 0.00000000099999999989 0.84238190738964047188 0.00000000099999999989 0.00000000099999999989 0.00000000099999999989 0.00000000099999999989 0.15761808361035964388 
0.00000000099999999997 0.53487977559852917242 0.02693272215904508535 0.00000000099999999997 0.00000000099999999997 0.00000000099999999997 0.00000000099999999997 0.00000000099999999997 0.00000000099999999997 0.43818749424242597890 0.00000000099999999997 
0.00000000099999999978 0.00000000099999999978 0.00000000099999999978 0.00000000099999999978 0.00000000099999999978 0.00000000099999999978 0.00000000099999999978 0.99999999000000006077 0.00000000099999999978 0.00000000099999999978 0.00000000099999999978 
0.00000000099999999993 0.00000000099999999993 0.00000000099999999993 0.00000000099999999993 0.00000000099999999993 0.64954572329500837036 0.00000000099999999993 0.00000000099999999993 0.35045426770499166214 0.00000000099999999993 0.00000000099999999993 
0.99999999000000017180 0.00000000099999999941 0.00000000099999999941 0.00000000099999999941 0.00000000099999999941 0.00000000099999999941 0.00000000099999999941 0.00000000099999999941 0.00000000099999999941 0.00000000099999999941 0.00000000099999999941 
0.00000000099999999940 0.00000000099999999940 0.00000000099999999940 0.99999999000000006077 0.00000000099999999940 0.00000000099999999940 0.00000000099999999940 0.00000000099999999940 0.00000000099999999940 0.00000000099999999940 0.00000000099999999940 
0.00000000099999999996 0.53040319328083262995 0.00000000099999999996 0.00000000099999999996 0.08047206464759713851 0.00000000099999999996 0.00296329631914005838 0.00000000099999999996 0.38616143875243041927 0.00000000099999999996 0.00000000099999999996 
0.00000000099999999982 0.00000000099999999982 0.00000000099999999982 0.00000000099999999982 0.99999999000000006077 0.00000000099999999982 0.00000000099999999982 0.00000000099999999982 0.00000000099999999982 0.00000000099999999982 0.00000000099999999982 
0.00000000099999999962 0.00000000099999999962 0.00000000099999999962 0.00000000099999999962 0.00000000099999999962 0.00000000099999999962 0.99999999000000006077 0.00000000099999999962 0.00000000099999999962 0.00000000099999999962 0.00000000099999999962 
0.00000000099999999980 0.00000000099999999980 0.00000000099999999980 0.00000000099999999980 0.00000000099999999980 0.00000000099999999980 0.00000000099999999980 0.99999998999999994975 0.00000000099999999980 0.00000000099999999980 0.00000000099999999980 
0.00000000099999999998 0.14183875256824621247 0.00000046862811307018 0.00000000099999999998 0.00000000099999999998 0.42446994472023535927 0.00000000099999999998 0.03228573621476472921 0.17392248620464914599 0.18419661517303309584 0.04328599249095845675 
0.99999999000000017180 0.00000000099999999937 0.00000000099999999937 0.00000000099999999937 0.00000000099999999937 0.00000000099999999937 0.00000000099999999937 0.00000000099999999937 0.00000000099999999937 0.00000000099999999937 0.00000000099999999937 
0.00000000099999999945 0.00000000099999999945 0.00000000099999999945 0.00000000099999999945 0.00000000099999999945 0.00000000099999999945 0.99999998999999994975 0.00000000099999999945 0.00000000099999999945 0.00000000099999999945 0.00000000099999999945 
0.99999998643424925504 0.00000000099999999950 0.00000000099999999950 0.00000000456575096660 0.00000000099999999950 0.00000000099999999950 0.00000000099999999950 0.00000000099999999950 0.00000000099999999950 0.00000000099999999950 0.00000000099999999950 
0.00000000099999999989 0.99999999000000028282 0.00000000099999999989 0.00000000099999999989 0.00000000099999999989 0.00000000099999999989 0.00000000099999999989 0.00000000099999999989 0.00000000099999999989 0.00000000099999999989 0.00000000099999999989 
0.00000000099999999980 0.00000000099999999980 0.00000000099999999980 0.00000000099999999980 0.99999999000000006077 0.00000000099999999980 0.00000000099999999980 0.00000000099999999980 0.00000000099999999980 0.00000000099999999980 0.00000000099999999980 
0.00000000099999999981 0.00000000099999999981 0.00000000099999999981 0.00000000099999999981 0.00000000099999999981 0.00000000099999999981 0.00000000099999999981 0.99999999000000006077 0.00000000099999999981 0.00000000099999999981 0.00000000099999999981 
0.00000000099999999993 0.00000000099999999993 0.00010989833215862124 0.00000000099999999993 0.21614950933836576952 0.00000000099999999993 0.00000000099999999993 0.00000000099999999993 0.00000000099999999993 0.78374058432947557584 0.00000000099999999993 
0.00000000099999999999 0.40463045236580896802 0.00404837673396424638 0.00000000099999999999 0.00002291150641760128 0.39284400191231322319 0.02644855391713569689 0.00000000099999999999 0.00006055937907052649 0.17194514018528969657 0.00000000099999999999 
0.00000000099999999995 0.44171215955188053437 0.00000000099999999995 0.00000000099999999995 0.00000000099999999995 0.00000000099999999995 0.00000000099999999995 0.00000000099999999995 0.00000000099999999995 0.55828783129096803961 0.00000000115715110577 
0.00000000099999999996 0.30950741306854617774 0.00000000099999999996 0.00000000099999999996 0.01893113777902911965 0.26402960399333730290 0.00000000099999999996 0.00000000099999999996 0.01792387837457475389 0.37325624104961158123 0.01635172073490106029 
0.00000000099999999998 0.20617916769972016722 0.03570202038159989849 0.00000000099999999998 0.00000000099999999998 0.21171784897902345968 0.00000000099999999998 0.00000000099999999998 0.23812212931205656297 0.30827882762759994950 0.00000000099999999998 
0.00000000099999999995 0.14540714109594540804 0.00000000099999999995 0.00000000099999999995 0.00000000099999999995 0.27156473540471753880 0.00000000099999999995 0.00000000099999999995 0.25611114008985574886 0.32691697640948108594 0.00000000099999999995 
0.00000000099999999995 0.42662652706765313848 0.00056368250985317338 0.00000000099999999995 0.00140676867074664494 0.57140301475174715140 0.00000000099999999995 0.00000000099999999995 0.00000000099999999995 0.00000000099999999995 0.00000000099999999995 
0.00000000099999999997 0.37184378341452362093 0.00000000099999999997 0.00000000099999999997 0.00000000099999999997 0.46745165904632868248 0.00037291049559716900 0.01162092778743578116 0.00000000099999999997 0.14871071325611454061 0.00000000099999999997 
0.00000000099999999997 0.39471963635109413859 0.00000000099999999997 0.00000000099999999997 0.00000000099999999997 0.14751675708232922513 0.00000000099999999997 0.04958476645129197141 0.10229075529641863673 0.30588807881886598272 0.00000000099999999997 
0.00000000099999999979 0.00000000099999999979 0.00000000099999999979 0.00000000099999999979 0.00000000099999999979 0.00000000099999999979 0.00000000099999999979 0.99999998999999994975 0.00000000099999999979 0.00000000099999999979 0.00000000099999999979 
0.00000000099999999995 0.02082567607461719913 0.00000000099999999995 0.00000000099999999995 0.69478992457679822348 0.00000000099999999995 0.00000000099999999995 0.28438439134858461976 0.00000000099999999995 0.00000000099999999995 0.00000000099999999995 
0.41998126318911860322 0.00000000099999999966 0.00000000099999999966 0.58001872781088148479 0.00000000099999999966 0.00000000099999999966 0.00000000099999999966 0.00000000099999999966 0.00000000099999999966 0.00000000099999999966 0.00000000099999999966 
0.00000000099999999993 0.00000000099999999993 0.00000000099999999993 0.00000000099999999993 0.40708682423612196910 0.00000000099999999993 0.00000000099999999993 0.59291316676387806339 0.00000000099999999993 0.00000000099999999993 0.00000000099999999993 
0.00000000099999999995 0.00000000099999999995 0.01018946507726058159 0.00000000099999999995 0.60778809903285679894 0.00000000099999999995 0.00000000099999999995 0.38202242788988260980 0.00000000099999999995 0.00000000099999999995 0.00000000099999999995 
0.00000000099999999997 0.00000000099999999997 0.00000000099999999997 0.00000000099999999997 0.01655149337868103143 0.47591315951173435161 0.00000000099999999997 0.00000000099999999997 0.31115915890396234067 0.19637618002080539648 0.00000000218481682460 
0.00000000099999999928 0.00000000099999999928 0.00000000099999999928 0.99999999000000006077 0.00000000099999999928 0.00000000099999999928 0.00000000099999999928 0.00000000099999999928 0.00000000099999999928 0.00000000099999999928 0.00000000099999999928 
0.00000000099999999997 0.00000000099999999997 0.00000000099999999997 0.00000000099999999997 0.00000000099999999997 0.53496686442850083232 0.00000000099999999997 0.00000000099999999997 0.46503312579051880871 0.00000000178098030856 0.00000000099999999997 
0.00000000099999999993 0.00000000099999999993 0.00000000099999999993 0.00000000099999999993 0.00000000099999999993 0.99999999000000006077 0.00000000099999999993 0.00000000099999999993 0.00000000099999999993 0.00000000099999999993 0.00000000099999999993 
0.00000000099999999999 0.29553812062400258709 0.02008659525291243628 0.00000000099999999999 0.00000000099999999999 0.12238233489553328182 0.00385086398178292400 0.00000000099999999999 0.24778188797161260215 0.29611828179113497406 0.01424191148302108613 
0.00000000099999999999 0.32435864873976022471 0.02772031594510373023 0.00000000099999999999 0.01663824682666623436 0.33109653999057669926 0.00000000099999999999 0.00000000099999999999 0.00000000099999999999 0.29400432106020535361 0.00618192243768759739 
0.00000000099999999987 0.99999999000000017180 0.00000000099999999987 0.00000000099999999987 0.00000000099999999987 0.00000000099999999987 0.00000000099999999987 0.00000000099999999987 0.00000000099999999987 0.00000000099999999987 0.00000000099999999987 
0.00000000099999999999 0.15488459129421633387 0.02786227739305697712 0.00000000099999999999 0.00000000099999999999 0.27072898261896072292 0.00000000099999999999 0.03513789621426748749 0.21227271775846665025 0.29911352972103166792 0.00000000099999999999 
0.00000000099999999997 0.37921069244195537706 0.00383547145545872978 0.00000000099999999997 0.00000000099999999997 0.19271915324667684977 0.00000000099999999997 0.00000000099999999997 0.42423467585590907136 0.00000000099999999997 0.00000000099999999997 
0.00000000099999999988 0.00000000099999999988 0.00000000099999999988 0.00000000099999999988 0.00000000099999999988 0.00000000099999999988 0.00000000099999999988 0.00000000099999999988 0.00000000099999999988 0.99999998999999994975 0.00000000099999999988 
0.00000000099999999999 0.47249295151943654369 0.00000000099999999999 0.00000000099999999999 0.00000000099999999999 0.17510830231207327734 0.02427939786783980813 0.00588560740312815949 0.00000000099999999999 0.32223373489752210608 0.00000000099999999999 
0.00000000099999999999 0.16106606868893375006 0.00948604139225720303 0.00000000099999999999 0.00000000099999999999 0.38672356358850062952 0.00937179116016190021 0.01635257565969565341 0.25902097181897837386 0.15791342340336181338 0.00006556128811065152 
0.00000000099999999989 0.00000000099999999989 0.00000000099999999989 0.00000000099999999989 0.00000000099999999989 0.99999999000000017180 0.00000000099999999989 0.00000000099999999989 0.00000000099999999989 0.00000000099999999989 0.00000000099999999989 
0.00000000099999999992 0.99999999000000028282 0.00000000099999999992 0.00000000099999999992 0.00000000099999999992 0.00000000099999999992 0.00000000099999999992 0.00000000099999999992 0.00000000099999999992 0.00000000099999999992 0.00000000099999999992 
0.00000000099999999995 0.00000000549807071843 0.00000000099999999995 0.00000000099999999995 0.00000000099999999995 0.58798280344878295356 0.00000000099999999995 0.00000000099999999995 0.39960709109678727025 0.00000000099999999995 0.01241009295635924631 
0.00000000099999999988 0.00000000099999999988 0.00000000099999999988 0.00000000099999999988 0.00000000099999999988 0.00000000099999999988 0.00000000099999999988 0.00000000099999999988 0.99999998999999994975 0.00000000099999999988 0.00000000099999999988 
0.00000000099999999992 0.00000000099999999992 0.00000000099999999992 0.00000000099999999992 0.00000000099999999992 0.99999999000000006077 0.00000000099999999992 0.00000000099999999992 0.00000000099999999992 0.00000000099999999992 0.00000000099999999992 
0.00000000099999999992 0.94612543195801035445 0.05387455904198985845 0.00000000099999999992 0.00000000099999999992 0.00000000099999999992 0.00000000099999999992 0.00000000099999999992 0.00000000099999999992 0.00000000099999999992 0.00000000099999999992 
0.00000000099999999998 0.00000000099999999998 0.00367503692334360168 0.00000000099999999998 0.00000000099999999998 0.53790512349262564751 0.00000000099999999998 0.00000000099999999998 0.00000000099999999998 0.44976062219755857940 0.00865921038647222800 
0.00000000099999999999 0.18134315884182747314 0.02429059173380164818 0.00000000099999999999 0.02472311819292714527 0.24829843786948715967 0.00000000099999999999 0.00436324785664596228 0.36597569926366302351 0.15100574224164747816 0.00000000099999999999 
0.00000000099999999996 0.00000000099999999996 0.01787219137624277560 0.00000000099999999996 0.00000000099999999996 0.32004443680306154940 0.00000000099999999996 0.00000000099999999996 0.47044177960103994440 0.19164158521965557469 0.00000000099999999996 
0.00000000099999999985 0.00000000099999999985 0.00000000099999999985 0.00000000099999999985 0.00000000099999999985 0.00000000099999999985 0.00000000099999999985 0.00000000099999999985 0.00000000099999999985 0.99999998999999994975 0.00000000099999999985 
0.07410018107918840691 0.84114104845431425517 0.08475876246649746704 0.00000000099999999999 0.00000000099999999999 0.00000000099999999999 0.00000000099999999999 0.00000000099999999999 0.00000000099999999999 0.00000000099999999999 0.00000000099999999999 
0.00000000099999999996 0.57251119998191013494 0.00000026992662526870 0.00000000099999999996 0.00000000099999999996 0.00000027862305514196 0.00000000099999999996 0.00000000099999999996 0.10056426881088594005 0.31846654142010116795 0.00845743623742250226 
0.00000000099999999996 0.28942138073317397184 0.02747905008433364216 0.00000000099999999996 0.01656737044629111311 0.29576882288530187415 0.00000000099999999996 0.00000000099999999996 0.20167988437792691570 0.14641373161120987967 0.02266975586176267835 
0.00000000099999999994 0.00000013777281352473 0.03465018950214415056 0.00000000099999999994 0.00000000099999999994 0.44902772016731934412 0.00000000099999999994 0.00805440546796701989 0.47310341234498565210 0.00000000099999999994 0.03516412974477047676 
0.00000000099999999997 0.50980418373767111273 0.01570619821440294439 0.00000000099999999997 0.00000000099999999997 0.14213939306185999212 0.00632732946845059388 0.00000000099999999997 0.30882954304748000407 0.00013633882952699558 0.01705700964060868213 
0.00000000099999999997 0.20689079657842662785 0.03668728144478591163 0.00000000099999999997 0.00000000099999999997 0.34903821434157661363 0.00000000099999999997 0.01254081186213831280 0.19509015793172063136 0.19975273284135200424 0.00000000099999999997 
0.00000000099999999999 0.32552820542083704680 0.04243949288664717462 0.00000000099999999999 0.00000000099999999999 0.32773419137684522973 0.00000000099999999999 0.00000000099999999999 0.30429798920275497043 0.00000000099999999999 0.00000011511291561018 
0.00000000099999999998 0.26924939985779572371 0.02945162270606957802 0.00000000099999999998 0.00000000543172838194 0.22442540773263053300 0.00308467382987678363 0.00036744387701342869 0.09117714069118701414 0.36752649578076701520 0.01471780809293151901 
0.00000000099999999995 0.63258586808643202382 0.00000000099999999995 0.00000000099999999995 0.00000000099999999995 0.34930543863943758209 0.00000000099999999995 0.00000000099999999995 0.00000000099999999995 0.00000000099999999995 0.01810868527413049198 
0.00000000099999999984 0.00000000099999999984 0.00000000099999999984 0.00000000099999999984 0.00000000099999999984 0.00000000099999999984 0.00000000099999999984 0.00000000099999999984 0.00000000099999999984 0.99999999000000006077 0.00000000099999999984 
0.00000000099999999991 0.00000000099999999991 0.00000000099999999991 0.00000000099999999991 0.59559723294247413072 0.00000000099999999991 0.00000000099999999991 0.40440275805752595728 0.00000000099999999991 0.00000000099999999991 0.00000000099999999991 
0.00000000099999999986 0.00000000099999999986 0.00000000099999999986 0.00000000099999999986 0.99999999000000006077 0.00000000099999999986 0.00000000099999999986 0.00000000099999999986 0.00000000099999999986 0.00000000099999999986 0.00000000099999999986 
0.00000000099999999942 0.00000000099999999942 0.00000000099999999942 0.99999999000000006077 0.00000000099999999942 0.00000000099999999942 0.00000000099999999942 0.00000000099999999942 0.00000000099999999942 0.00000000099999999942 0.00000000099999999942 
0.00000000099999999947 0.00000000099999999947 0.00000000099999999947 0.00000000099999999947 0.00000000099999999947 0.00000000099999999947 0.99999999000000006077 0.00000000099999999947 0.00000000099999999947 0.00000000099999999947 0.00000000099999999947 
0.00000000099999999995 0.00000000099999999995 0.00000000099999999995 0.00000000099999999995 0.84590156908639002609 0.00000000099999999995 0.00000000099999999995 0.00000000099999999995 0.00000000099999999995 0.00000000099999999995 0.15409842191361017294 
0.00000000099999999990 0.00000000099999999990 0.00000000099999999990 0.00000000099999999990 0.00000000099999999990 0.99999999000000006077 0.00000000099999999990 0.00000000099999999990 0.00000000099999999990 0.00000000099999999990 0.00000000099999999990 
0.00000000099999999987 0.00000000099999999987 0.00000000099999999987 0.00000000099999999987 0.00000000099999999987 0.00000000099999999987 0.00000000099999999987 0.00000000099999999987 0.00000000099999999987 0.99999998999999994975 0.00000000099999999987 
0.00000000099999999989 0.00000000099999999989 0.00000000099999999989 0.00000000099999999989 0.99999999000000017180 0.00000000099999999989 0.00000000099999999989 0.00000000099999999989 0.00000000099999999989 0.00000000099999999989 0.00000000099999999989 
0.00000000099999999997 0.12492423554165081601 0.00125777721254695862 0.00000000099999999997 0.00000000099999999997 0.30565099686498869991 0.00000000099999999997 0.02103542269868290127 0.42338495754156885154 0.12374660514056173843 0.00000000099999999997 
0.00000000099999999995 0.68791650785688929215 0.00000002458383716427 0.00000000099999999995 0.00000000099999999995 0.00000000099999999995 0.00000001962021114989 0.00000000099999999995 0.00000000099999999995 0.28719007186629402772 0.02489337007276868491 
0.00000000099999999994 0.00000000099999999994 0.00000000113698692462 0.00000000099999999994 0.00000000099999999994 0.00000000099999999994 0.00000000099999999994 0.00000000099999999994 0.52571447323572140231 0.45649419437285099210 0.01779132425444072615 
0.99999999000000028282 0.00000000099999999938 0.00000000099999999938 0.00000000099999999938 0.00000000099999999938 0.00000000099999999938 0.00000000099999999938 0.00000000099999999938 0.00000000099999999938 0.00000000099999999938 0.00000000099999999938 
0.00000000099999999933 0.00000000099999999933 0.00000000099999999933 0.99999999000000017180 0.00000000099999999933 0.00000000099999999933 0.00000000099999999933 0.00000000099999999933 0.00000000099999999933 0.00000000099999999933 0.00000000099999999933 
0.99999999000000017180 0.00000000099999999931 0.00000000099999999931 0.00000000099999999931 0.00000000099999999931 0.00000000099999999931 0.00000000099999999931 0.00000000099999999931 0.00000000099999999931 0.00000000099999999931 0.00000000099999999931 
0.00000000099999999930 0.00000000099999999930 0.00000000099999999930 0.99999999000000006077 0.00000000099999999930 0.00000000099999999930 0.00000000099999999930 0.00000000099999999930 0.00000000099999999930 0.00000000099999999930 0.00000000099999999930 
0.99999999000000028282 0.00000000099999999934 0.00000000099999999934 0.00000000099999999934 0.00000000099999999934 0.00000000099999999934 0.00000000099999999934 0.00000000099999999934 0.00000000099999999934 0.00000000099999999934 0.00000000099999999934 
0.00000000099999999994 0.00000000099999999994 0.00000000099999999994 0.00000000099999999994 0.67486406646317909086 0.00000000099999999994 0.00000000099999999994 0.30436170506325271878 0.00000000099999999994 0.00000000099999999994 0.02077422047356825008 
0.00000000099999999998 0.41084131756811670400 0.02854451841452666436 0.00000000099999999998 0.00000000099999999998 0.00000000099999999998 0.00001272738340628262 0.00000000099999999998 0.16135097410914922555 0.39925044866846171043 0.00000000885633912237 
0.00000000099999999933 0.00000000099999999933 0.00000000099999999933 0.99999999000000017180 0.00000000099999999933 0.00000000099999999933 0.00000000099999999933 0.00000000099999999933 0.00000000099999999933 0.00000000099999999933 0.00000000099999999933 
0.99999999000000028282 0.00000000099999999941 0.00000000099999999941 0.00000000099999999941 0.00000000099999999941 0.00000000099999999941 0.00000000099999999941 0.00000000099999999941 0.00000000099999999941 0.00000000099999999941 0.00000000099999999941 
0.00000000099999999945 0.00000000099999999945 0.00000000099999999945 0.00000000099999999945 0.00000000099999999945 0.00000000099999999945 0.99999999000000006077 0.00000000099999999945 0.00000000099999999945 0.00000000099999999945 0.00000000099999999945 
0.00000000099999999945 0.00000000099999999945 0.00000000099999999945 0.00000000099999999945 0.00000000099999999945 0.00000000099999999945 0.99999998999999994975 0.00000000099999999945 0.00000000099999999945 0.00000000099999999945 0.00000000099999999945 
0.00000000099999999996 0.00000000099999999996 0.00000000099999999996 0.00000000099999999996 0.00000000099999999996 0.57957019971412626624 0.00000000099999999996 0.00000000099999999996 0.25029819711907796975 0.17013159516679574046 0.00000000099999999996 
0.00000000099999999932 0.00000000099999999932 0.00000000099999999932 0.99999999000000017180 0.00000000099999999932 0.00000000099999999932 0.00000000099999999932 0.00000000099999999932 0.00000000099999999932 0.00000000099999999932 0.00000000099999999932 
0.00000000099999999997 0.50238978798831801509 0.00000000099999999997 0.00000000099999999997 0.00583631195471005608 0.49177389205697208396 0.00000000099999999997 0.00000000099999999997 0.00000000099999999997 0.00000000099999999997 0.00000000099999999997 
0.00000000099999999994 0.00000000099999999994 0.00000000099999999994 0.00000000099999999994 0.00000000099999999994 0.77496495665541242914 0.00000000099999999994 0.00000000099999999994 0.00000000099999999994 0.22503503434458757559 0.00000000099999999994 
0.00000000099999999989 0.00000000099999999989 0.00000000099999999989 0.00000000099999999989 0.99999999000000006077 0.00000000099999999989 0.00000000099999999989 0.00000000099999999989 0.00000000099999999989 0.00000000099999999989 0.00000000099999999989 
0.00000000099999999996 0.43113684201380919614 0.00000000099999999996 0.00000000099999999996 0.00000000099999999996 0.30421713967751623509 0.00000000099999999996 0.00433334860276380837 0.00000008366676822340 0.23807976371804176474 0.02223281732110078332 
