0.02379250971319808380 0.01993537828657529834 0.10535740363270876263 0.85091470636751787016 0.00000000100000000000 0.00000000100000000000 
0.00000000099999999992 0.00000000099999999992 0.00000000099999999992 0.00000000099999999992 0.00000000099999999992 0.99999999499999991937 
0.00000000099999999992 0.00000000099999999992 0.00000000099999999992 0.00000000099999999992 0.00000000099999999992 0.99999999499999991937 
0.00431943596141218158 0.00000000099999999999 0.11708300422466445811 0.82646524493596107419 0.00000000099999999999 0.05213231287796245284 
0.00510824192353797474 0.00000000099999999999 0.22370439140562003999 0.77118736367084195216 0.00000000099999999999 0.00000000099999999999 
0.00427519298241557828 0.04234976000639102678 0.11769438323035774641 0.83568066178083566520 0.00000000099999999999 0.00000000099999999999 
0.00000000099999999994 0.00000000099999999994 0.00000000099999999994 0.00000000099999999994 0.00000000099999999994 0.99999999500000003039 
0.00000000099999999994 0.27927282117141316586 0.00000000099999999994 0.00000000099999999994 0.00000000099999999994 0.72072717482858672522 
0.01132142613290990259 0.01894842690503470775 0.26303821472393684733 0.70669193023811860410 0.00000000099999999999 0.00000000099999999999 
0.00000000099999999995 0.45671026517470508788 0.00000000099999999995 0.00000000099999999995 0.00000000099999999995 0.54328973082529474770 
0.01236718997971015220 0.03536177394741013558 0.03453176072131541874 0.91773927335156435525 0.00000000099999999999 0.00000000099999999999 
0.00957354053543740119 0.00000000099999999998 0.09868793076895990279 0.85028883144067179956 0.00000000099999999998 0.04144969525493089751 
0.00545565821531894101 0.00000000100000000000 0.00192558111481527100 0.97613250341284885092 0.00000000100000000000 0.01648625525701688868 
0.01318602268472931008 0.02088040310843304603 0.22060447957147466536 0.74532909263536306632 0.00000000099999999999 0.00000000099999999999 
0.01875183249303992092 0.00539901058100999975 0.00000000100000000000 0.97075022414127243309 0.00509890905178685041 0.00000002273289081317 
0.02761273193899481046 0.01105819221697679558 0.23490130816546250792 0.67512316942213901338 0.00000000099999999999 0.05130459725642683155 
0.00000000099999999999 0.00000000099999999999 0.21896239391850569334 0.77219800949679373581 0.00000000099999999999 0.00883959358470064009 
0.00000000099999999986 0.00000000099999999986 0.99999999500000003039 0.00000000099999999986 0.00000000099999999986 0.00000000099999999986 
0.00870379509849257722 0.01486869099036353808 0.15170696415740356211 0.81692276401357777349 0.00779778474016241431 0.00000000100000000000 
0.00596157882487452148 0.01381256271538528445 0.11662674935858967362 0.86359910710115050936 0.00000000099999999998 0.00000000099999999998 
0.00000000099999999999 0.00944934794783044291 0.00000000099999999999 0.99055064805216952450 0.00000000099999999999 0.00000000099999999999 
0.00000000099999999994 0.00000000099999999994 0.00000000099999999994 0.00000000099999999994 0.00000000099999999994 0.99999999500000003039 
0.00000000099999999999 0.00000000099999999999 0.10282144648672977838 0.85423759224592599182 0.00000000099999999999 0.04294095826734437016 
0.00000000099999999978 0.00000000099999999978 0.99999999499999991937 0.00000000099999999978 0.00000000099999999978 0.00000000099999999978 
0.00000000099999999998 0.00000000099999999998 0.00000000099999999998 0.95226618069461377303 0.00000000099999999998 0.04773381530538623602 
0.00570726718572392433 0.00000000099999999999 0.08626801620306850937 0.90802471361120751236 0.00000000099999999999 0.00000000099999999999 
0.99999999500000014141 0.00000000099999999978 0.00000000099999999978 0.00000000099999999978 0.00000000099999999978 0.00000000099999999978 
0.99999999500000003039 0.00000000099999999975 0.00000000099999999975 0.00000000099999999975 0.00000000099999999975 0.00000000099999999975 
0.01008288306035547838 0.00001687373256749321 0.14474436383759142766 0.83255735768679395292 0.00000000100000000000 0.01259852068269177137 
0.01349140320065250059 0.00000000099999999999 0.16147925135798973928 0.82502934244135783803 0.00000000099999999999 0.00000000099999999999 
0.00000000099999999999 0.00000000192869258328 0.19295872031742766772 0.77317943176557479834 0.00000000099999999999 0.03386184398830500986 
0.00000000099999999994 0.00000000099999999994 0.14467000099479540576 0.00000000099999999994 0.00000000099999999994 0.85532999500520456859 
0.35337647417129414151 0.00000000099999999991 0.55440793286372047621 0.00000000099999999991 0.00000000099999999991 0.09221558996498550875 
0.00000000099999999998 0.02703649382385577005 0.10806569554591334559 0.86489780763023094146 0.00000000099999999998 0.00000000099999999998 
0.00000000099999999974 0.00000000099999999974 0.00000000099999999974 0.00000000099999999974 0.99999999499999991937 0.00000000099999999974 
0.00000000099999999968 0.00000000099999999968 0.00000000099999999968 0.00000000099999999968 0.99999999500000003039 0.00000000099999999968 
0.00000000099999999968 0.00000000099999999968 0.00000000099999999968 0.00000000099999999968 0.99999999500000003039 0.00000000099999999968 
0.99999999500000014141 0.00000000099999999979 0.00000000099999999979 0.00000000099999999979 0.00000000099999999979 0.00000000099999999979 
0.99999999500000003039 0.00000000099999999976 0.00000000099999999976 0.00000000099999999976 0.00000000099999999976 0.00000000099999999976 
0.00000000099999999998 0.00000000099999999998 0.00000000099999999998 0.99434544818629966301 0.00000000099999999998 0.00565454781370033042 
0.00000000099999999989 0.99999999500000003039 0.00000000099999999989 0.00000000099999999989 0.00000000099999999989 0.00000000099999999989 
0.99999999500000003039 0.00000000099999999977 0.00000000099999999977 0.00000000099999999977 0.00000000099999999977 0.00000000099999999977 
0.00722282080391363837 0.04967711281644476840 0.18631290693066746011 0.75678715744897406825 0.00000000099999999999 0.00000000099999999999 
0.00000000099999999987 0.99999999500000003039 0.00000000099999999987 0.00000000099999999987 0.00000000099999999987 0.00000000099999999987 
0.99999999500000003039 0.00000000099999999980 0.00000000099999999980 0.00000000099999999980 0.00000000099999999980 0.00000000099999999980 
0.00494839684047760492 0.03014810823075152191 0.18204477380541625453 0.78285871912335469602 0.00000000099999999999 0.00000000099999999999 
0.99999999500000003039 0.00000000099999999977 0.00000000099999999977 0.00000000099999999977 0.00000000099999999977 0.00000000099999999977 
0.00000000099999999993 0.00000000099999999993 0.00000000099999999993 0.00000000099999999993 0.00000000099999999993 0.99999999499999991937 
0.00000000099999999993 0.55716650540102219402 0.00000000099999999993 0.00000000099999999993 0.00000000099999999993 0.44283349059897797462 
0.99999999500000014141 0.00000000099999999974 0.00000000099999999974 0.00000000099999999974 0.00000000099999999974 0.00000000099999999974 
0.99999999500000003039 0.00000000099999999977 0.00000000099999999977 0.00000000099999999977 0.00000000099999999977 0.00000000099999999977 
0.00000000099999999993 0.00000000099999999993 0.00000000099999999993 0.00000000099999999993 0.00000000099999999993 0.99999999499999991937 
0.00000000099999999995 0.48635425418636069050 0.00000000099999999995 0.00000000099999999995 0.00000000099999999995 0.51364574181363920058 
0.00000000099999999989 0.99999999500000014141 0.00000000099999999989 0.00000000099999999989 0.00000000099999999989 0.00000000099999999989 
0.99999999500000014141 0.00000000099999999980 0.00000000099999999980 0.00000000099999999980 0.00000000099999999980 0.00000000099999999980 
0.01370862421232205662 0.05770991956656100486 0.20969158954658800864 0.71888986467452897777 0.00000000100000000000 0.00000000100000000000 
0.02671711617216018797 0.01330707453966873365 0.17392457298446281633 0.78605123430370815729 0.00000000100000000000 0.00000000100000000000 
0.00000000099999999998 0.03892679629649586220 0.00000000099999999998 0.96107319970350413296 0.00000000099999999998 0.00000000099999999998 
0.00000000099999999999 0.03613461016939875647 0.19682518727169398542 0.76704019955890734295 0.00000000099999999999 0.00000000099999999999 
0.00000000099999999995 0.50652699897441688659 0.00000000099999999995 0.00000000099999999995 0.00000000099999999995 0.49347299702558328205 
0.00791096693262488375 0.00000000100000000000 0.15072604641739315023 0.83415745613374858713 0.00000136574326905917 0.00720416377296434311 
0.00000000099999999972 0.00000000099999999972 0.00000000099999999972 0.00000000099999999972 0.99999999500000003039 0.00000000099999999972 
0.00000000099999999985 0.00000000099999999985 0.99999999499999991937 0.00000000099999999985 0.00000000099999999985 0.00000000099999999985 
0.00000000099999999973 0.00000000099999999973 0.00000000099999999973 0.00000000099999999973 0.99999999500000003039 0.00000000099999999973 
0.00000000099999999999 0.00000000099999999999 0.18194341367114907904 0.76545151662645438684 0.00000000099999999999 0.05260506670239668836 
0.00000000099999999974 0.00000000099999999974 0.00000000099999999974 0.00000000099999999974 0.99999999500000003039 0.00000000099999999974 
0.00384643808915078374 0.01549375943275469597 0.16153308813242037156 0.81566883386014255031 0.00000000099999999999 0.00345787948553175854 
0.00943280691343054839 0.00316287420310660660 0.00000000548012605913 0.96245951698751464054 0.00000000100000000000 0.02494479541582211857 
0.00000000099999999992 0.00000000099999999992 0.00000000099999999992 0.00000000099999999992 0.00000000099999999992 0.99999999499999991937 
0.00000000099999999998 0.00000000099999999998 0.17381627704299984494 0.82618371895700026819 0.00000000099999999998 0.00000000099999999998 
0.00000000099999999973 0.00000000099999999973 0.00000000099999999973 0.00000000099999999973 0.99999999499999991937 0.00000000099999999973 
0.00000000099999999976 0.00000000099999999976 0.00000000099999999976 0.00000000099999999976 0.99999999499999991937 0.00000000099999999976 
0.01001633150773996277 0.11073016432650861773 0.00000000099999999999 0.87925350116575151649 0.00000000099999999999 0.00000000099999999999 
0.00000000099999999991 0.00000000099999999991 0.00000000099999999991 0.00000000099999999991 0.00000000099999999991 0.99999999500000003039 
0.99999999500000003039 0.00000000099999999981 0.00000000099999999981 0.00000000099999999981 0.00000000099999999981 0.00000000099999999981 
0.00000000099999999991 0.00000000099999999991 0.00000000099999999991 0.00000000099999999991 0.00000000099999999991 0.99999999499999991937 
0.00000000100000000000 0.00000000100000000000 0.11817434776913507410 0.82981571102669493545 0.00000000375390080541 0.05200993545026922488 
0.00000000099999999971 0.00000000099999999971 0.00000000099999999971 0.00000000099999999971 0.99999999500000003039 0.00000000099999999971 
0.99999999500000014141 0.00000000099999999973 0.00000000099999999973 0.00000000099999999973 0.00000000099999999973 0.00000000099999999973 
0.00000000099999999977 0.00000000099999999977 0.00000000099999999977 0.00000000099999999977 0.99999999500000003039 0.00000000099999999977 
0.01837557031086372791 0.00000000099999999999 0.00000000099999999999 0.96650906691274751648 0.00000000099999999999 0.01511535977638883872 
0.00000000099999999986 0.99999999500000014141 0.00000000099999999986 0.00000000099999999986 0.00000000099999999986 0.00000000099999999986 
0.00000000099999999992 0.00000000099999999992 0.00000000099999999992 0.00000000099999999992 0.00000000099999999992 0.99999999500000003039 
0.00000000099999999999 0.00000000099999999999 0.18543643834769235612 0.57914388658754822892 0.00000000099999999999 0.23541967206475941654 
0.02425575303697713458 0.00000000099999999999 0.06860903264107495736 0.88969199642784202453 0.00000000099999999999 0.01744321589410578396 
0.00000000099999999998 0.03181168168518109379 0.00000000099999999998 0.96818831431481888750 0.00000000099999999998 0.00000000099999999998 
0.00000000099999999998 0.03814866150776821674 0.19565185579730326459 0.76619947969492852025 0.00000000099999999998 0.00000000099999999998 
0.00098925955921618089 0.00000297654604850477 0.12461617258837055788 0.86517361621062160992 0.00000000099999999999 0.00921797409574328340 
0.00000000099999999998 0.00000000099999999998 0.19878235979073655137 0.80121763620926333971 0.00000000099999999998 0.00000000099999999998 
0.00000000099999999998 0.00000000099999999998 0.17378314332951821930 0.80081375246705688298 0.00000000099999999998 0.02540310120342484726 
0.00515774181764298845 0.02455945622217199642 0.21312775039047668346 0.75715504956970847150 0.00000000099999999999 0.00000000099999999999 
0.00000000099999999999 0.00085198365441297233 0.00845650581816575868 0.93735393609063200060 0.00000000099999999999 0.05333757243678915322 
0.00000000099999999995 0.49197459267941640038 0.00000000099999999995 0.00000000099999999995 0.00000000099999999995 0.50802540332058354622 
0.00000000099999999998 0.45408967097522329182 0.00000000099999999998 0.00000000099999999998 0.00000000099999999998 0.54591032502477665478 
0.00000000099999999984 0.00000000099999999984 0.00000000099999999984 0.00000000099999999984 0.99999999500000003039 0.00000000099999999984 
0.00000000099999999996 0.49782576137478101730 0.00000000099999999996 0.00000000099999999996 0.00000000099999999996 0.50217423462521892930 
0.00000000099999999995 0.00000000099999999995 0.00000000099999999995 0.00000000099999999995 0.00000000099999999995 0.99999999499999991937 
0.00673579688784380765 0.04677062046094982578 0.00126883327561207637 0.94522474737559425417 0.00000000099999999999 0.00000000099999999999 
0.00000000099999999968 0.00000000099999999968 0.00000000099999999968 0.00000000099999999968 0.99999999499999991937 0.00000000099999999968 
0.00603018468243465226 0.00598623089012871937 0.11814274340073817327 0.86984083902669850907 0.00000000099999999999 0.00000000099999999999 
0.00455798903612231621 0.00000000099999999999 0.17165286120277159498 0.79360231314698970184 0.00000000099999999999 0.03018683461411646521 
0.00637955821109249116 0.00000000100000000000 0.20985929824076651751 0.77090895757349031658 0.00000000100000000000 0.01285218397465075386 
0.00603013137840217785 0.04699811176129997659 0.07750689776105830486 0.86946485709923959639 0.00000000100000000000 0.00000000100000000000 
0.00000000100000000000 0.02077144813212868785 0.17379290820628059966 0.80543564066159067938 0.00000000100000000000 0.00000000100000000000 
0.00000000099999999999 0.05482897563526584889 0.12630167535991826400 0.81886934600481586788 0.00000000099999999999 0.00000000099999999999 
0.00650652382503901210 0.00000000099999999999 0.11085193042256238916 0.86810546531153409688 0.00000000099999999999 0.01453607844086457143 
0.00510962565111024863 0.00000000099999999999 0.20328255381597346019 0.77025858609192066062 0.00000000099999999999 0.02134923244099563508 
0.02948461217014635913 0.03074588964680294301 0.13158136427635461208 0.80460694741939864372 0.00358118548729739359 0.00000000100000000000 
0.01018253468901663197 0.00000000099999999999 0.24479537161698231018 0.73315367957810595456 0.00000000099999999999 0.01186841211589503321 
0.00000000099999999998 0.00000000099999999998 0.00000000099999999998 0.98991437105740298641 0.00000000099999999998 0.01008562494259692376 
0.02563631002347582788 0.03539262885013536725 0.15612895407844981643 0.78208225470686587588 0.00075985134107304337 0.00000000100000000000 
0.00754622965228485525 0.00324777503126688931 0.21676920084920017762 0.77243679246724805676 0.00000000099999999998 0.00000000099999999998 
0.00000000099999999999 0.00000000099999999999 0.00000000099999999999 0.97636996744621840083 0.00000000099999999999 0.02363002855378160127 
0.00000000099999999999 0.02042826930749319994 0.18489872611738170094 0.79467300157512510417 0.00000000099999999999 0.00000000099999999999 
0.00000000099999999998 0.00000000099999999998 0.21492205547910037122 0.74483132327974144182 0.00000000099999999998 0.04024661824115808445 
0.00476013516267113392 0.00000000099999999999 0.18742916988850563675 0.78322365363236656766 0.00000000099999999999 0.02458703931645664365 
0.00000000099999999999 0.00000000099999999999 0.22720256422249404671 0.72317877080110071208 0.00000000099999999999 0.04961866197640523585 
0.00000000099999999999 0.00082310673163126858 0.00000000099999999999 0.98323273658855869783 0.00000000099999999999 0.01594415367981010315 
0.00000000099999999998 0.00000000099999999998 0.00000000288739333203 0.95160374694845206722 0.00000000099999999998 0.04839624716415457523 
0.00316338880735942025 0.00000000100000000000 0.18235616648719338295 0.70745880491672819002 0.06827254493595365237 0.03874909385276517626 
0.00000000099999999999 0.01706223263809831386 0.11436223123970118420 0.86857553312220059372 0.00000000099999999999 0.00000000099999999999 
0.00000000099999999997 0.02806012608398877201 0.25695672517996304141 0.71498314573604826450 0.00000000099999999997 0.00000000099999999997 
0.00000000099999999998 0.04775692246182560580 0.16874785843568212984 0.78349521610249239778 0.00000000099999999998 0.00000000099999999998 
0.01816425608555509788 0.00000000099999999999 0.06377154718882493967 0.90506913982905079497 0.00000000099999999999 0.01299505489656922058 
0.00000000099999999998 0.03243654476871440928 0.16771690399132740956 0.79984654823995815498 0.00000000099999999998 0.00000000099999999998 
0.00349811277079398663 0.01312401991562531234 0.21455415105167974232 0.76800143292918365834 0.00082228233271732897 0.00000000100000000000 
0.00473365400164655909 0.02902649236255949380 0.16183087751960231748 0.80440897411619161073 0.00000000099999999999 0.00000000099999999999 
0.00000000099999999998 0.00000000099999999998 0.22957924419768388491 0.77042075180231617271 0.00000000099999999998 0.00000000099999999998 
0.00000000099999999997 0.04621578991977202261 0.00000000099999999997 0.95378420608022806970 0.00000000099999999997 0.00000000099999999997 
0.00000000099999999992 0.00000000099999999992 0.00000000099999999992 0.00000000099999999992 0.00000000099999999992 0.99999999499999991937 
0.00000000099999999997 0.47021018385767993086 0.00000000099999999997 0.00000000099999999997 0.00000000099999999997 0.52978981214232001573 
0.00000000099999999979 0.00000000099999999979 0.00000000099999999979 0.00000000099999999979 0.99999999499999991937 0.00000000099999999979 
0.99999999500000014141 0.00000000099999999973 0.00000000099999999973 0.00000000099999999973 0.00000000099999999973 0.00000000099999999973 
0.02830911147522049975 0.48934633667260829526 0.08431038548899567886 0.00000000099999999999 0.00000000099999999999 0.39803416436317556881 
0.00000000099999999998 0.00000000099999999998 0.18914914751842828999 0.78832555710077267808 0.00000000099999999998 0.02252529238079902310 
0.00000005120966590128 0.00000000100000000000 0.17245780519532466490 0.78534773330968798977 0.00000000100000000000 0.04219440828532142890 
0.00000000099999999991 0.99999999500000003039 0.00000000099999999991 0.00000000099999999991 0.00000000099999999991 0.00000000099999999991 
0.00000000099999999999 0.00057771816116356357 0.16600856139364025821 0.80461232428873252776 0.00000000099999999999 0.02880139415646358614 
0.01414128003664666573 0.01699624535329791186 0.11373614535738985065 0.85512632725266557454 0.00000000099999999998 0.00000000099999999998 
0.00342759403840310790 0.00000000099999999999 0.18697868344274382046 0.80959371951885306107 0.00000000099999999999 0.00000000099999999999 
0.00000000099999999971 0.00000000099999999971 0.00000000099999999971 0.00000000099999999971 0.99999999499999991937 0.00000000099999999971 
0.00000000099999999973 0.00000000099999999973 0.00000000099999999973 0.00000000099999999973 0.99999999499999991937 0.00000000099999999973 
0.00000000099999999968 0.00000000099999999968 0.00000000099999999968 0.00000000099999999968 0.99999999499999991937 0.00000000099999999968 
0.00000000099999999968 0.00000000099999999968 0.00000000099999999968 0.00000000099999999968 0.99999999499999991937 0.00000000099999999968 
0.00000000099999999969 0.00000000099999999969 0.00000000099999999969 0.00000000099999999969 0.99999999499999991937 0.00000000099999999969 
0.00000000099999999997 0.47751377856458671056 0.00000000099999999997 0.00000000099999999997 0.00000000099999999997 0.52248621743541312501 
0.00857240031955357196 0.02145211627282834696 0.17893570862693236601 0.79103977278068582368 0.00000000099999999999 0.00000000099999999999 
0.00000000099999999969 0.00000000099999999969 0.00000000099999999969 0.00000000099999999969 0.99999999500000003039 0.00000000099999999969 
0.00000000099999999974 0.00000000099999999974 0.00000000099999999974 0.00000000099999999974 0.99999999500000003039 0.00000000099999999974 
0.99999999500000003039 0.00000000099999999973 0.00000000099999999973 0.00000000099999999973 0.00000000099999999973 0.00000000099999999973 
0.99999999500000003039 0.00000000099999999972 0.00000000099999999972 0.00000000099999999972 0.00000000099999999972 0.00000000099999999972 
0.00000000099999999999 0.00077718791332640348 0.18435689486913101054 0.81486591421754250852 0.00000000099999999999 0.00000000099999999999 
0.00000000099999999971 0.00000000099999999971 0.00000000099999999971 0.00000000099999999971 0.99999999500000003039 0.00000000099999999971 
0.00000000099999999999 0.00000000099999999999 0.19508586906753996870 0.77765421039183302288 0.00000000099999999999 0.02725991754062720082 
0.00000000099999999999 0.00000000099999999999 0.21001291776698985392 0.78998707823301006492 0.00000000099999999999 0.00000000099999999999 
0.00000000099999999998 0.23759433313180311487 0.05453216541654221788 0.00000000099999999998 0.00000000099999999998 0.70787349845165448148 
0.00000000099999999998 0.00000000099999999998 0.17877919846877368681 0.79866241842819007957 0.00000000099999999998 0.02255838010303619703 
0.00000000099999999986 0.99999999500000003039 0.00000000099999999986 0.00000000099999999986 0.00000000099999999986 0.00000000099999999986 
0.00539195505579843221 0.04838483682149229137 0.08747388000882508341 0.85874932611388421488 0.00000000099999999999 0.00000000099999999999 
0.00000000099999999994 0.42100625929601243058 0.00000000099999999994 0.00000000099999999994 0.00000000099999999994 0.57899373670398746050 
0.01543672687471563630 0.02468138838983564495 0.18109203319547295674 0.77878984953997576479 0.00000000099999999999 0.00000000099999999999 
0.00273004219934757470 0.00262884375801780311 0.31569372017685326526 0.67894739186578134671 0.00000000099999999999 0.00000000099999999999 
0.00000000099999999974 0.00000000099999999974 0.00000000099999999974 0.00000000099999999974 0.99999999500000003039 0.00000000099999999974 
0.00000000099999999994 0.00000000099999999994 0.00000000099999999994 0.00000000099999999994 0.00000000099999999994 0.99999999499999991937 
0.00000000099999999969 0.00000000099999999969 0.00000000099999999969 0.00000000099999999969 0.99999999500000003039 0.00000000099999999969 
0.00000000099999999969 0.00000000099999999969 0.00000000099999999969 0.00000000099999999969 0.99999999499999991937 0.00000000099999999969 
0.00000000099999999999 0.00000000099999999999 0.14156215990137993588 0.83725423654551800468 0.00000000099999999999 0.02118360055310199511 
0.00000000099999999999 0.04617550584484037685 0.11697430012695841928 0.83685019102820112913 0.00000000099999999999 0.00000000099999999999 
0.00000000099999999997 0.00000000099999999997 0.00000000099999999997 0.97835644811757627171 0.00000000099999999997 0.02164354788242359162 
0.00170307166288923223 0.01724350543551246215 0.15056348605342892433 0.83048993484816935329 0.00000000099999999999 0.00000000099999999999 
0.01315258209845243838 0.00000000099999999999 0.10789560537942317897 0.85000589531258297082 0.00000000099999999999 0.02894591520954155339 
0.00931301447615698677 0.00000000296269204157 0.11666136671921167878 0.84684778840068797301 0.00000000099999999999 0.02717782644125130154 
0.00000000099999999999 0.00000000099999999999 0.17954414727561271437 0.82045584872438725998 0.00000000099999999999 0.00000000099999999999 
0.00000000099999999997 0.26156680068389770444 0.00000000099999999997 0.00865434906496633481 0.00000000099999999997 0.72977884725113584263 
0.00000000099999999998 0.00000000099999999998 0.03915640383928262885 0.96084359216071746346 0.00000000099999999998 0.00000000099999999998 
0.00000000099999999970 0.00000000099999999970 0.00000000099999999970 0.00000000099999999970 0.99999999499999991937 0.00000000099999999970 
0.00029725048371059869 0.01297640668872156872 0.00000000099999999999 0.98672633982756774440 0.00000000099999999999 0.00000000099999999999 
0.00000000099999999990 0.00000000099999999990 0.00000000099999999990 0.00000000099999999990 0.99999999500000003039 0.00000000099999999990 
0.00000000099999999973 0.00000000099999999973 0.00000000099999999973 0.00000000099999999973 0.99999999500000003039 0.00000000099999999973 
0.00000000099999999999 0.00002644384787616355 0.21827238510583599207 0.75247184986704118703 0.00000000099999999999 0.02922931917924674952 
0.00762655208389980809 0.00000000099999999999 0.17668712621136056784 0.81568631870473962131 0.00000000099999999999 0.00000000099999999999 
0.00000000099999999999 0.00000000099999999999 0.13675146994592210503 0.82420739862139424936 0.00000000099999999999 0.03904112843268365413 
0.00000000099999999976 0.00000000099999999976 0.00000000099999999976 0.00000000099999999976 0.99999999500000003039 0.00000000099999999976 
0.00000000099999999993 0.62788175961628212018 0.00000000099999999993 0.00000000099999999993 0.00000000099999999993 0.37211823638371799294 
0.00000000099999999992 0.00000000099999999992 0.00000000099999999992 0.00000000099999999992 0.00000000099999999992 0.99999999499999991937 
0.00000000099999999973 0.00000000099999999973 0.00000000099999999973 0.00000000099999999973 0.99999999500000003039 0.00000000099999999973 
0.00599046947766719139 0.00000000099999999999 0.00000000099999999999 0.98242795340385202785 0.00000000099999999999 0.01158157411848082137 
0.01585122222030401623 0.00000516354963328111 0.00072178835757994038 0.92544382091288857062 0.00000000100000000000 0.05797800395959414044 
0.00000000099999999974 0.00000000099999999974 0.00000000099999999974 0.00000000099999999974 0.99999999500000003039 0.00000000099999999974 
0.00424442960200807368 0.00000000099999999999 0.26039140352297351910 0.72414736931553169708 0.00000000099999999999 0.01121679555948686818 
0.00000000099999999992 0.00000000099999999992 0.00000000099999999992 0.00000000099999999992 0.00000000099999999992 0.99999999500000003039 
0.11062866822844300008 0.00000000100000000000 0.11398498323178545000 0.42428940511594992469 0.10815690186467445677 0.24294004055914719675 
0.00000000099999999999 0.00000000099999999999 0.16053563043272364719 0.79508242679714180579 0.00337698778687567456 0.04100495298325883275 
0.01134201236479514228 0.04920541779928449405 0.19890256253441104817 0.74055000530150949523 0.00000000099999999999 0.00000000099999999999 
0.01568086366317863675 0.00000000099999999998 0.00000000099999999998 0.97200957214649275073 0.00000000099999999998 0.01230956119032861062 
0.00450856745041431761 0.00000528731219102169 0.25691926567066508680 0.73856687756672945167 0.00000000099999999999 0.00000000099999999999 
0.00289710797970845054 0.00000000099999999999 0.17993157929097153280 0.81717130972931995014 0.00000000099999999999 0.00000000099999999999 
0.00000000099999999999 0.00803257370316732590 0.18046774230883091961 0.80893962739148983498 0.00000000099999999999 0.00256005459651203722 
0.00925382661777402783 0.00000000099999999999 0.24463680176146748724 0.73682575224031598982 0.00000000099999999999 0.00928361738044251525 
0.00685172609454931438 0.00000000100000000000 0.10908614163127340613 0.83783302854939645243 0.00765145070897822396 0.03857765201580255071 
0.00000000099999999996 0.48879063981458559240 0.00000000099999999996 0.00000000099999999996 0.00000000099999999996 0.51120935618541429868 
0.00882743724176413697 0.00000000099999999999 0.13470961098664160915 0.82514473159045309547 0.00000000099999999999 0.03131821818114123579 
0.00568648555305213861 0.00000000099999999999 0.21426246381354677184 0.78005104763340116225 0.00000000099999999999 0.00000000099999999999 
0.00000000099999999999 0.06099452901090892526 0.28471256171236070109 0.65429290627673042380 0.00000000099999999999 0.00000000099999999999 
0.00000000099999999998 0.03840454425548957967 0.16799487052590175717 0.79360058221860874106 0.00000000099999999998 0.00000000099999999998 
0.00007425965111308081 0.00000000099999999999 0.00000000099999999999 0.94905635924072639931 0.00000000099999999999 0.05086937810816048733 
0.00000000099999999999 0.00000000099999999999 0.17675494909604111404 0.82324504690395894357 0.00000000099999999999 0.00000000099999999999 
0.00000000099999999999 0.02003861466123631890 0.24473497443361108550 0.73522640790515259024 0.00000000099999999999 0.00000000099999999999 
0.00000000099999999989 0.99999999500000003039 0.00000000099999999989 0.00000000099999999989 0.00000000099999999989 0.00000000099999999989 
0.01947805443110946569 0.00000000099999999998 0.00000000099999999998 0.94611185218100724015 0.00000000099999999998 0.03441009038788335472 
0.00631490108058597836 0.00000000099999999999 0.22971345722710329040 0.74983476279239602569 0.00000000099999999999 0.01413687689991481589 
0.00000000100000000000 0.00000000100000000000 0.05660677119757800274 0.90193639437867012543 0.00957621852849539941 0.03188061389525649603 
0.00000000099999999997 0.46578358535537855989 0.00000000099999999997 0.00000000099999999997 0.00000000099999999997 0.53421641064462133119 
0.00000000100000000000 0.00000000100000000000 0.00000000100000000000 0.94323324252146611979 0.01811196563466705226 0.03865478884386679831 
0.00566823309291137993 0.00000000100000000000 0.19050130992068661784 0.78368977834624287127 0.00000000100000000000 0.02014067664015910947 
0.00000000099999999996 0.51922668581102437990 0.48077331018897556669 0.00000000099999999996 0.00000000099999999996 0.00000000099999999996 
0.00000000099999999998 0.03585009631851213824 0.17535210233191703133 0.78852094543004980221 0.00000000099999999998 0.00027685391952116426 
0.00000000099999999975 0.00000000099999999975 0.00000000099999999975 0.00000000099999999975 0.99999999499999991937 0.00000000099999999975 
0.01798476304699472839 0.03414066836308857211 0.09449317457945756449 0.85337838211518146636 0.00000000099999999999 0.00000301089527770904 
0.00604946859420490458 0.04672979598604252299 0.08144559929176838076 0.86577513412798434711 0.00000000099999999999 0.00000000099999999999 
