0.00000000099999999989 0.99999999000000017180 0.00000000099999999989 0.00000000099999999989 0.00000000099999999989 0.00000000099999999989 0.00000000099999999989 0.00000000099999999989 0.00000000099999999989 0.00000000099999999989 0.00000000099999999989 
0.00000000099999999985 0.00000000099999999985 0.00000000099999999985 0.99999999000000006077 0.00000000099999999985 0.00000000099999999985 0.00000000099999999985 0.00000000099999999985 0.00000000099999999985 0.00000000099999999985 0.00000000099999999985 
0.00000000099999999991 0.00000000099999999991 0.43579801985432720102 0.56420197114567294250 0.00000000099999999991 0.00000000099999999991 0.00000000099999999991 0.00000000099999999991 0.00000000099999999991 0.00000000099999999991 0.00000000099999999991 
0.05555183334944999163 0.27690886008921355987 0.02501332756183635014 0.00132325999780008325 0.14389383313468967485 0.00000000099999999998 0.09593574363363130408 0.15303908558177531374 0.00000000099999999998 0.00000000099999999998 0.24833405365160393652 
0.16941988179194594766 0.29467808650795423997 0.00000000099999999999 0.00000000099999999999 0.13878446682011241764 0.00012971739510942777 0.16037081832318872410 0.11330620432745665271 0.00000000099999999999 0.00000000099999999999 0.12331082083423255957 
0.00000000099999999995 0.58014079114197969478 0.00830736244826798566 0.00000000099999999995 0.00000000099999999995 0.00000000099999999995 0.00000000099999999995 0.00000000099999999995 0.00000000099999999995 0.00000000099999999995 0.41155183840975256837 
0.00000000099999999987 0.00000000099999999987 0.00000000099999999987 0.99999999000000006077 0.00000000099999999987 0.00000000099999999987 0.00000000099999999987 0.00000000099999999987 0.00000000099999999987 0.00000000099999999987 0.00000000099999999987 
0.00000000099999999973 0.00000000099999999973 0.99999999000000006077 0.00000000099999999973 0.00000000099999999973 0.00000000099999999973 0.00000000099999999973 0.00000000099999999973 0.00000000099999999973 0.00000000099999999973 0.00000000099999999973 
0.00000000099999999989 0.00000000099999999989 0.00000000099999999989 0.00000000099999999989 0.00000000099999999989 0.00000000099999999989 0.00000000099999999989 0.00000000099999999989 0.00000000099999999989 0.00000000099999999989 0.99999999000000006077 
0.00000000099999999991 0.00000000099999999991 0.24041916137556915145 0.75958082962443085329 0.00000000099999999991 0.00000000099999999991 0.00000000099999999991 0.00000000099999999991 0.00000000099999999991 0.00000000099999999991 0.00000000099999999991 
0.00000000099999999995 0.00000000099999999995 0.00000000099999999995 0.00000000099999999995 0.00000000099999999995 0.00000000099999999995 0.00012511274957203430 0.45964748688085454997 0.00000000099999999995 0.00000000099999999995 0.54022739236957328934 
0.17203463908611171806 0.14571565444764475461 0.00000000099999999997 0.02053034243842019949 0.10854975011761468229 0.00000000099999999997 0.11835475316020907521 0.27565149845600656064 0.00000000099999999997 0.00000000099999999997 0.15916335829399294588 
0.20621281878623046180 0.00000000099999999998 0.00000000099999999998 0.00000000099999999998 0.00000004811594568808 0.00000000099999999998 0.11149169703941533283 0.18870700778067964198 0.00000000099999999998 0.00000000099999999998 0.49358842227772886657 
0.49910173305734245597 0.00000000099999999996 0.00000000099999999996 0.00000000099999999996 0.00345989524759312411 0.00000000099999999996 0.00000000099999999996 0.49743836369506438944 0.00000000099999999996 0.00000000099999999996 0.00000000099999999996 
0.00000000099999999987 0.00000000099999999987 0.00000000099999999987 0.00000000099999999987 0.00000000099999999987 0.00000000099999999987 0.00000000099999999987 0.99999998999999994975 0.00000000099999999987 0.00000000099999999987 0.00000000099999999987 
0.09132438129329213672 0.25536173190219635387 0.05198272220920572423 0.00000000099999999998 0.07006014842182146929 0.02493668913602907142 0.24261608505527687552 0.16151300471863966335 0.00000000099999999998 0.00000000099999999998 0.10220523426353883556 
0.00000000099999999984 0.00000000099999999984 0.00000000099999999984 0.00000000099999999984 0.00000000099999999984 0.00000000099999999984 0.99999999000000006077 0.00000000099999999984 0.00000000099999999984 0.00000000099999999984 0.00000000099999999984 
0.00000000099999999985 0.00000000099999999985 0.00000000099999999985 0.00000000099999999985 0.00000000099999999985 0.00000000099999999985 0.99999999000000006077 0.00000000099999999985 0.00000000099999999985 0.00000000099999999985 0.00000000099999999985 
0.15040616709024021147 0.29000339780843215065 0.00000000099999999999 0.00000000099999999999 0.00000000099999999999 0.00000000099999999999 0.29294645098543575790 0.26661519994445892490 0.00000000099999999999 0.00000000099999999999 0.00002877817143294525 
0.35880335796816703597 0.29171582871864243369 0.00000000099999999995 0.00000000099999999995 0.00000000099999999995 0.00000000099999999995 0.34948080531319081210 0.00000000099999999995 0.00000000099999999995 0.00000000099999999995 0.00000000099999999995 
0.00000000099999999989 0.00000000099999999989 0.00000000099999999989 0.00000000099999999989 0.00000000099999999989 0.00000000099999999989 0.00000000099999999989 0.99999999000000006077 0.00000000099999999989 0.00000000099999999989 0.00000000099999999989 
0.00000000099999999994 0.00000000099999999994 0.48227808346794437400 0.51772190753205571401 0.00000000099999999994 0.00000000099999999994 0.00000000099999999994 0.00000000099999999994 0.00000000099999999994 0.00000000099999999994 0.00000000099999999994 
0.30297771437721143784 0.17533156840972810575 0.02648000806699948168 0.00000000099999999997 0.09274428339423469725 0.00000000099999999997 0.00000000099999999997 0.16995518803930478868 0.00000000099999999997 0.00000000099999999997 0.23251123271252147062 
0.00000000099999999957 0.00000000099999999957 0.00000000099999999957 0.00000000099999999957 0.99999999000000006077 0.00000000099999999957 0.00000000099999999957 0.00000000099999999957 0.00000000099999999957 0.00000000099999999957 0.00000000099999999957 
0.00000000099999999993 0.00000000099999999993 0.00000000099999999993 0.00000000099999999993 0.00000000099999999993 0.00000000099999999993 0.54151622269656285447 0.00000000099999999993 0.00000000099999999993 0.00000000099999999993 0.45848376830343706700 
0.00000000099999999991 0.00000000099999999991 0.00000000099999999991 0.00000000099999999991 0.20863487698741228771 0.00000000099999999991 0.00000000099999999991 0.00000000099999999991 0.00000000099999999991 0.00000000099999999991 0.79136511401258768927 
0.00000000099999999957 0.00000000099999999957 0.00000000099999999957 0.00000000099999999957 0.00000000099999999957 0.99999999000000017180 0.00000000099999999957 0.00000000099999999957 0.00000000099999999957 0.00000000099999999957 0.00000000099999999957 
0.00000000099999999950 0.00000000099999999950 0.00000000099999999950 0.00000000099999999950 0.00000000099999999950 0.99999999000000006077 0.00000000099999999950 0.00000000099999999950 0.00000000099999999950 0.00000000099999999950 0.00000000099999999950 
0.17367535411915635546 0.00000000099999999997 0.00000000099999999997 0.00000000099999999997 0.11488190446285014013 0.00000000099999999997 0.22587624871090650203 0.00000000099999999997 0.00000000099999999997 0.00000000099999999997 0.48556648570708704771 
0.99999999000000028282 0.00000000099999999985 0.00000000099999999985 0.00000000099999999985 0.00000000099999999985 0.00000000099999999985 0.00000000099999999985 0.00000000099999999985 0.00000000099999999985 0.00000000099999999985 0.00000000099999999985 
0.37213872103702072547 0.21349337318198824409 0.01477281504470473288 0.00000000099999999996 0.00000000099999999996 0.00000000099999999996 0.27043772865072079892 0.12915735608556569436 0.00000000099999999996 0.00000000099999999996 0.00000000099999999996 
0.00000000099999999981 0.00000000099999999981 0.99999999000000017180 0.00000000099999999981 0.00000000099999999981 0.00000000099999999981 0.00000000099999999981 0.00000000099999999981 0.00000000099999999981 0.00000000099999999981 0.00000000099999999981 
0.00000000099999999977 0.00000000099999999977 0.17604977589149911621 0.00000000099999999977 0.47029165864272159947 0.35365855746577928853 0.00000000099999999977 0.00000000099999999977 0.00000000099999999977 0.00000000099999999977 0.00000000099999999977 
0.99999999000000028282 0.00000000099999999984 0.00000000099999999984 0.00000000099999999984 0.00000000099999999984 0.00000000099999999984 0.00000000099999999984 0.00000000099999999984 0.00000000099999999984 0.00000000099999999984 0.00000000099999999984 
0.00000000099999999937 0.00000000099999999937 0.00000000099999999937 0.00000000099999999937 0.00000000099999999937 0.00000000099999999937 0.00000000099999999937 0.00000000099999999937 0.00000000099999999937 0.99999998999999994975 0.00000000099999999937 
0.00000000099999999933 0.00000000099999999933 0.00000000099999999933 0.00000000099999999933 0.00000000099999999933 0.00000000099999999933 0.00000000099999999933 0.00000000099999999933 0.99999999000000006077 0.00000000099999999933 0.00000000099999999933 
0.00000000099999999933 0.00000000099999999933 0.00000000099999999933 0.00000000099999999933 0.00000000099999999933 0.00000000099999999933 0.00000000099999999933 0.00000000099999999933 0.00000000099999999933 0.99999998999999994975 0.00000000099999999933 
0.00000000099999999959 0.00000000099999999959 0.00000000099999999959 0.00000000099999999959 0.00000000099999999959 0.99999999000000006077 0.00000000099999999959 0.00000000099999999959 0.00000000099999999959 0.00000000099999999959 0.00000000099999999959 
0.00000000099999999953 0.00000000099999999953 0.00000000099999999953 0.00000000099999999953 0.00000000099999999953 0.99999999000000017180 0.00000000099999999953 0.00000000099999999953 0.00000000099999999953 0.00000000099999999953 0.00000000099999999953 
0.00000000099999999994 0.00000000099999999994 0.00000000099999999994 0.00000000099999999994 0.12645762797022772062 0.00000000099999999994 0.00000000099999999994 0.48039558640245716425 0.00000000099999999994 0.00000000099999999994 0.39314677762731520261 
0.00000000099999999979 0.00000000099999999979 0.99999999000000017180 0.00000000099999999979 0.00000000099999999979 0.00000000099999999979 0.00000000099999999979 0.00000000099999999979 0.00000000099999999979 0.00000000099999999979 0.00000000099999999979 
0.00000000099999999955 0.00000000099999999955 0.00000000099999999955 0.00000000099999999955 0.00000000099999999955 0.99999999000000006077 0.00000000099999999955 0.00000000099999999955 0.00000000099999999955 0.00000000099999999955 0.00000000099999999955 
0.00000000099999999974 0.00000000099999999974 0.00000000099999999974 0.00000000099999999974 0.99999999000000006077 0.00000000099999999974 0.00000000099999999974 0.00000000099999999974 0.00000000099999999974 0.00000000099999999974 0.00000000099999999974 
0.00000000099999999990 0.00000000099999999990 0.47321552756129170447 0.52678446343870843904 0.00000000099999999990 0.00000000099999999990 0.00000000099999999990 0.00000000099999999990 0.00000000099999999990 0.00000000099999999990 0.00000000099999999990 
0.00000000099999999960 0.00000000099999999960 0.00000000099999999960 0.00000000099999999960 0.00000000099999999960 0.99999999000000006077 0.00000000099999999960 0.00000000099999999960 0.00000000099999999960 0.00000000099999999960 0.00000000099999999960 
0.30090399202004253221 0.32121373675990827490 0.02155657337583843924 0.00000000099999999997 0.12992924141365932988 0.00000000099999999997 0.00356639174715679642 0.22283005410520947964 0.00000000099999999997 0.00000000099999999997 0.00000000657818543883 
0.00000000099999999956 0.00000000099999999956 0.00000000099999999956 0.00000000099999999956 0.00000000099999999956 0.99999999000000006077 0.00000000099999999956 0.00000000099999999956 0.00000000099999999956 0.00000000099999999956 0.00000000099999999956 
0.00000000099999999992 0.00000000099999999992 0.31291858683659062867 0.68708140416340945933 0.00000000099999999992 0.00000000099999999992 0.00000000099999999992 0.00000000099999999992 0.00000000099999999992 0.00000000099999999992 0.00000000099999999992 
0.00000000099999999982 0.00000000099999999982 0.00000000099999999982 0.99999999000000006077 0.00000000099999999982 0.00000000099999999982 0.00000000099999999982 0.00000000099999999982 0.00000000099999999982 0.00000000099999999982 0.00000000099999999982 
0.00000000099999999950 0.00000000099999999950 0.00000000099999999950 0.00000000099999999950 0.00000000099999999950 0.99999999000000006077 0.00000000099999999950 0.00000000099999999950 0.00000000099999999950 0.00000000099999999950 0.00000000099999999950 
0.00000000099999999954 0.00000000099999999954 0.00000000099999999954 0.00000000099999999954 0.00000000099999999954 0.99999999000000006077 0.00000000099999999954 0.00000000099999999954 0.00000000099999999954 0.00000000099999999954 0.00000000099999999954 
0.00000000099999999986 0.00000000099999999986 0.00000000099999999986 0.99999999000000006077 0.00000000099999999986 0.00000000099999999986 0.00000000099999999986 0.00000000099999999986 0.00000000099999999986 0.00000000099999999986 0.00000000099999999986 
0.00000000099999999992 0.00000000099999999992 0.44745494782095657227 0.55254504317904351574 0.00000000099999999992 0.00000000099999999992 0.00000000099999999992 0.00000000099999999992 0.00000000099999999992 0.00000000099999999992 0.00000000099999999992 
0.00000000099999999990 0.00000000099999999990 0.00000000099999999990 0.99999999000000017180 0.00000000099999999990 0.00000000099999999990 0.00000000099999999990 0.00000000099999999990 0.00000000099999999990 0.00000000099999999990 0.00000000099999999990 
0.00000000099999999961 0.00000000099999999961 0.00000000099999999961 0.00000000099999999961 0.00000000099999999961 0.99999999000000017180 0.00000000099999999961 0.00000000099999999961 0.00000000099999999961 0.00000000099999999961 0.00000000099999999961 
0.16821327333222602096 0.21566881359249756578 0.00000000099999999999 0.04891070902225432698 0.03417558962688362068 0.00847472062556626007 0.00021585343898716561 0.32046659350821538048 0.00000000099999999999 0.00000000099999999999 0.20387444385336978003 
0.18755568868838706775 0.30011767831693086928 0.00120467541961702482 0.00000000099999999999 0.00000000099999999999 0.01884000229833578469 0.25299942293030780460 0.00000000099999999999 0.00000000099999999999 0.00000000099999999999 0.23928252734642146971 
0.00000000099999999982 0.00000000099999999982 0.00000000099999999982 0.00000000099999999982 0.00000000099999999982 0.00000000099999999982 0.00000000099999999982 0.99999998999999994975 0.00000000099999999982 0.00000000099999999982 0.00000000099999999982 
0.39057642060088804126 0.33752503700187569402 0.00000017147010336247 0.00346974217970871324 0.00808320272050860010 0.00000000099999999998 0.00000000099999999998 0.26034542102691549115 0.00000000099999999998 0.00000000099999999998 0.00000000099999999998 
0.00000000099999999991 0.00000000099999999991 0.48352022441288755594 0.51647976658711269859 0.00000000099999999991 0.00000000099999999991 0.00000000099999999991 0.00000000099999999991 0.00000000099999999991 0.00000000099999999991 0.00000000099999999991 
0.23213250901064108600 0.07264058748239436702 0.00000000099999999997 0.00000000099999999997 0.00000000099999999997 0.00000000099999999997 0.38108535889232431071 0.00000000099999999997 0.00000000099999999997 0.00000000099999999997 0.31414153761464019832 
0.00000000099999999948 0.00000000099999999948 0.00000000099999999948 0.00000000099999999948 0.00000000099999999948 0.00000000099999999948 0.00000000099999999948 0.00000000099999999948 0.61855587422687119403 0.38144411677312878295 0.00000000099999999948 
0.00000000099999999992 0.49622289566292870910 0.00000000099999999992 0.00000000099999999992 0.00000000099999999992 0.00000000099999999992 0.50377709533707115686 0.00000000099999999992 0.00000000099999999992 0.00000000099999999992 0.00000000099999999992 
0.00000000099999999939 0.00000000099999999939 0.00000000099999999939 0.00000000099999999939 0.00000000099999999939 0.00000000099999999939 0.00000000099999999939 0.00000000099999999939 0.00000000099999999939 0.99999999000000006077 0.00000000099999999939 
0.00000000099999999984 0.00000000099999999984 0.00000000099999999984 0.00000000099999999984 0.00000000099999999984 0.00000000099999999984 0.99999999000000006077 0.00000000099999999984 0.00000000099999999984 0.00000000099999999984 0.00000000099999999984 
0.00000000099999999938 0.00000000099999999938 0.00000000099999999938 0.00000000099999999938 0.00000000099999999938 0.00000000099999999938 0.00000000099999999938 0.00000000099999999938 0.00000000099999999938 0.99999999000000006077 0.00000000099999999938 
0.99999999000000017180 0.00000000099999999987 0.00000000099999999987 0.00000000099999999987 0.00000000099999999987 0.00000000099999999987 0.00000000099999999987 0.00000000099999999987 0.00000000099999999987 0.00000000099999999987 0.00000000099999999987 
0.28179403064245139854 0.24158902805049514706 0.00756057517225323245 0.00000000447041689728 0.09377292111833517019 0.00000000099999999999 0.17930753754801068145 0.19597570729386795674 0.00000000099999999999 0.00000000099999999999 0.00000019270416947925 
0.00000000099999999983 0.00000000099999999983 0.00000000099999999983 0.99999999000000006077 0.00000000099999999983 0.00000000099999999983 0.00000000099999999983 0.00000000099999999983 0.00000000099999999983 0.00000000099999999983 0.00000000099999999983 
0.39141748979779977802 0.00000070878194404055 0.00000000099999999994 0.00000000099999999994 0.00000000099999999994 0.00000000099999999994 0.00000000099999999994 0.29670568146853770752 0.00000000099999999994 0.00000000099999999994 0.31187611295171840942 
0.00000000099999999950 0.00000000099999999950 0.00000000099999999950 0.00000000099999999950 0.00000000099999999950 0.00000000099999999950 0.00000000099999999950 0.00000000099999999950 0.61757227077861109876 0.38242772022138876720 0.00000000099999999950 
0.00000000099999999945 0.00000000099999999945 0.00000000099999999945 0.00000000099999999945 0.00000000099999999945 0.00000000099999999945 0.00000000099999999945 0.00000000099999999945 0.99999999000000006077 0.00000000099999999945 0.00000000099999999945 
0.00000000099999999998 0.35783136304175300335 0.00059649115184764903 0.07837859551080655907 0.00000000099999999998 0.00373785847457377366 0.18559300282236521062 0.17818897907879452380 0.00000000099999999998 0.00000000099999999998 0.19567370591985919215 
0.00000000099999999986 0.00000000099999999986 0.00000000099999999986 0.99999999000000017180 0.00000000099999999986 0.00000000099999999986 0.00000000099999999986 0.00000000099999999986 0.00000000099999999986 0.00000000099999999986 0.00000000099999999986 
0.00000000099999999963 0.00000000099999999963 0.00000000099999999963 0.00000000099999999963 0.00000000099999999963 0.99999999000000006077 0.00000000099999999963 0.00000000099999999963 0.00000000099999999963 0.00000000099999999963 0.00000000099999999963 
0.00000000099999999975 0.00000000099999999975 0.99999999000000006077 0.00000000099999999975 0.00000000099999999975 0.00000000099999999975 0.00000000099999999975 0.00000000099999999975 0.00000000099999999975 0.00000000099999999975 0.00000000099999999975 
0.20781235191848507204 0.32479536222656674171 0.00000000314720189898 0.03815616799463436570 0.00000008771885737217 0.00000000099999999999 0.07497286607243597301 0.35099766001866777865 0.00000000099999999999 0.00000000099999999999 0.00326549790315084189 
0.00000000099999999935 0.00000000099999999935 0.00000000099999999935 0.00000000099999999935 0.00000000099999999935 0.00000000099999999935 0.00000000099999999935 0.00000000099999999935 0.00000000099999999935 0.99999999000000006077 0.00000000099999999935 
0.00000000099999999946 0.00000000099999999946 0.00000000099999999946 0.00000000099999999946 0.00000000099999999946 0.99999999000000006077 0.00000000099999999946 0.00000000099999999946 0.00000000099999999946 0.00000000099999999946 0.00000000099999999946 
0.00000000099999999946 0.00000000099999999946 0.00000000099999999946 0.00000000099999999946 0.00000000099999999946 0.00000000099999999946 0.00000000099999999946 0.00000000099999999946 0.99999998999999994975 0.00000000099999999946 0.00000000099999999946 
0.00000000099999999989 0.99999999000000028282 0.00000000099999999989 0.00000000099999999989 0.00000000099999999989 0.00000000099999999989 0.00000000099999999989 0.00000000099999999989 0.00000000099999999989 0.00000000099999999989 0.00000000099999999989 
0.00000000099999999981 0.00000000099999999981 0.00000000099999999981 0.99999999000000017180 0.00000000099999999981 0.00000000099999999981 0.00000000099999999981 0.00000000099999999981 0.00000000099999999981 0.00000000099999999981 0.00000000099999999981 
0.00000000099999999990 0.00000000099999999990 0.46288213049266158094 0.53711786050733845155 0.00000000099999999990 0.00000000099999999990 0.00000000099999999990 0.00000000099999999990 0.00000000099999999990 0.00000000099999999990 0.00000000099999999990 
0.17678843709114822058 0.12775810143830718113 0.03610628989785978626 0.19559637557499340299 0.13774011119869952746 0.00000000099999999997 0.06595734966337354899 0.25724810728636748891 0.00000000099999999997 0.00000000099999999997 0.00280522484925092939 
0.00000000099999999998 0.62455168192882237754 0.00000000099999999998 0.00000000099999999998 0.00000000099999999998 0.02375022391987244297 0.12263803520236295219 0.00000000131825621631 0.00000000099999999998 0.00000000099999999998 0.22906005163068612895 
0.42259459170195445843 0.00000000099999999993 0.00000000099999999993 0.00000000099999999993 0.00000000099999999993 0.00000000099999999993 0.57740539929804546304 0.00000000099999999993 0.00000000099999999993 0.00000000099999999993 0.00000000099999999993 
0.44460049823168634742 0.29057471703676091002 0.00000000358975071715 0.02377639972375582972 0.00000000099999999996 0.00000000099999999996 0.00000000462456461122 0.00000000257751058274 0.00000000099999999996 0.00000000099999999996 0.24104837021597108615 
0.00000000099999999997 0.30716367687657264440 0.00000000099999999997 0.00000000099999999997 0.00000000099999999997 0.00000000099999999997 0.33418466763949167264 0.23997438423752454062 0.00000000099999999997 0.00000000099999999997 0.11867726424641115990 
0.99999999000000028282 0.00000000099999999986 0.00000000099999999986 0.00000000099999999986 0.00000000099999999986 0.00000000099999999986 0.00000000099999999986 0.00000000099999999986 0.00000000099999999986 0.00000000099999999986 0.00000000099999999986 
0.29508903574181027940 0.28845928823225824855 0.00000000099999999995 0.00334380400648869730 0.00000000099999999995 0.00000000099999999995 0.00000000099999999995 0.04465169963900652433 0.00000000099999999995 0.00000000099999999995 0.36845616638043648949 
0.32580415943174156901 0.00000000099999999996 0.00285012819454577787 0.00000000099999999996 0.00000000099999999996 0.00000000099999999996 0.21187150393720441399 0.00000000099999999996 0.00000000099999999996 0.00000000099999999996 0.45947420143650818947 
0.14562952663026190736 0.21899097824361510312 0.03395775924065320972 0.00000000099999999998 0.10403170381733510552 0.00000000099999999998 0.10024251620303681332 0.31473414701035462571 0.00000000099999999998 0.00000000099999999998 0.08241336485474330675 
0.00000000099999999992 0.00000000099999999992 0.27237524701972481989 0.72762474398027532363 0.00000000099999999992 0.00000000099999999992 0.00000000099999999992 0.00000000099999999992 0.00000000099999999992 0.00000000099999999992 0.00000000099999999992 
0.00000000099999999991 0.00000000099999999991 0.00000000099999999991 0.99999999000000017180 0.00000000099999999991 0.00000000099999999991 0.00000000099999999991 0.00000000099999999991 0.00000000099999999991 0.00000000099999999991 0.00000000099999999991 
0.00000000099999999956 0.00000000099999999956 0.00000000099999999956 0.00000000099999999956 0.00000000099999999956 0.00000000099999999956 0.00000000099999999956 0.00000000099999999956 0.00000000099999999956 0.99999999000000006077 0.00000000099999999956 
0.00000000099999999988 0.00000000099999999988 0.00000000099999999988 0.99999999000000006077 0.00000000099999999988 0.00000000099999999988 0.00000000099999999988 0.00000000099999999988 0.00000000099999999988 0.00000000099999999988 0.00000000099999999988 
0.00000000099999999995 0.01082911770356033074 0.32440015140387712389 0.66477072289256267101 0.00000000099999999995 0.00000000099999999995 0.00000000099999999995 0.00000000099999999995 0.00000000099999999995 0.00000000099999999995 0.00000000099999999995 
0.00000000099999999989 0.00000000099999999989 0.00000000099999999989 0.00000000099999999989 0.00000000099999999989 0.00000000099999999989 0.00000000099999999989 0.99999998999999994975 0.00000000099999999989 0.00000000099999999989 0.00000000099999999989 
0.00000000099999999932 0.00000000099999999932 0.00000000099999999932 0.00000000099999999932 0.00000000099999999932 0.00000000099999999932 0.00000000099999999932 0.00000000099999999932 0.99999999000000006077 0.00000000099999999932 0.00000000099999999932 
0.00000000099999999995 0.39599200190754607620 0.00000000099999999995 0.00000000099999999995 0.00000000099999999995 0.00000000099999999995 0.00000000099999999995 0.60400798909245378976 0.00000000099999999995 0.00000000099999999995 0.00000000099999999995 
0.00000000099999999997 0.14241048152470683896 0.00005120055586908013 0.00000000099999999997 0.00000000099999999997 0.00000000099999999997 0.32505083765254999539 0.23694312146273718844 0.00000000099999999997 0.00000000099999999997 0.29554435280413698939 
0.58726118477101696413 0.41273880595160666873 0.00000000099999999997 0.00000000099999999997 0.00000000099999999997 0.00000000099999999997 0.00000000099999999997 0.00000000099999999997 0.00000000099999999997 0.00000000099999999997 0.00000000127737672688 
0.00000000099999999996 0.00000000099999999996 0.00069115528855988881 0.00000000099999999996 0.00000000099999999996 0.00000000099999999996 0.52200397489127370321 0.00000000099999999996 0.00000000099999999996 0.00000000099999999996 0.47730486182016651497 
0.00000000099999999996 0.46444204719889281563 0.00000000099999999996 0.00000000099999999996 0.17464482067149911249 0.00000000099999999996 0.00000000099999999996 0.36091312412960796507 0.00000000099999999996 0.00000000099999999996 0.00000000099999999996 
0.00000000099999999976 0.00000000099999999976 0.00000000099999999976 0.00000000099999999976 0.99999999000000006077 0.00000000099999999976 0.00000000099999999976 0.00000000099999999976 0.00000000099999999976 0.00000000099999999976 0.00000000099999999976 
0.16041703431098852661 0.47067112338764466317 0.00000000099999999997 0.00000000099999999997 0.00000000099999999997 0.00000000099999999997 0.18557318552006424328 0.18333864978130262613 0.00000000099999999997 0.00000000099999999997 0.00000000099999999997 
0.99999999000000017180 0.00000000099999999988 0.00000000099999999988 0.00000000099999999988 0.00000000099999999988 0.00000000099999999988 0.00000000099999999988 0.00000000099999999988 0.00000000099999999988 0.00000000099999999988 0.00000000099999999988 
0.00000000099999999999 0.35072749043235434963 0.00000000099999999999 0.00000000962044948930 0.15208085397631340707 0.02492198626418665880 0.36920963454127253556 0.00000000099999999999 0.00000000099999999999 0.00000000099999999999 0.10306002016542356592 
0.00000000099999999984 0.00000000099999999984 0.00000000099999999984 0.00000000099999999984 0.00000000099999999984 0.00000000099999999984 0.99999999000000006077 0.00000000099999999984 0.00000000099999999984 0.00000000099999999984 0.00000000099999999984 
0.00000000099999999986 0.99999999000000028282 0.00000000099999999986 0.00000000099999999986 0.00000000099999999986 0.00000000099999999986 0.00000000099999999986 0.00000000099999999986 0.00000000099999999986 0.00000000099999999986 0.00000000099999999986 
0.28145966614486794821 0.33922293402962200304 0.00000000099999999999 0.02093468707502416440 0.10800088303257471267 0.01861245981775319289 0.00000000099999999999 0.00000000099999999999 0.00000000099999999999 0.00000000099999999999 0.23176936490015839776 
0.22329632437983240600 0.10735644405674529822 0.00000000099999999996 0.00000000099999999996 0.00000000099999999996 0.00468693162988123059 0.19024518399614159803 0.28823124107759046097 0.00000000099999999996 0.00000000099999999996 0.18618386985980900361 
0.00000000099999999991 0.00000000099999999991 0.00000000099999999991 0.00000000099999999991 0.00000000099999999991 0.00000000099999999991 0.68329080408898190679 0.31670918691101801468 0.00000000099999999991 0.00000000099999999991 0.00000000099999999991 
0.36927194499686821771 0.23166032814263362583 0.00000000099999999997 0.00000000099999999997 0.00000000099999999997 0.00000000099999999997 0.00000000099999999997 0.16766611393635014182 0.00000000099999999997 0.00000000099999999997 0.23140160592414815710 
0.18341032248687036410 0.35745739469954840306 0.04470668121403221368 0.00000000099999999996 0.14114019504774441560 0.00000000099999999996 0.11621417924463023352 0.00000000099999999996 0.00000000099999999996 0.00000000099999999996 0.15707122230717460165 
0.20680889217727416174 0.28901778103159592170 0.00012155585213413133 0.00603523833150325373 0.06584493054750847896 0.00000000099999999999 0.09094205976661280666 0.05642609458683742196 0.00000000099999999999 0.00000000099999999999 0.28480344470653395916 
0.30009428123548925749 0.13491001402379632079 0.00000000099999999998 0.03252489698489111070 0.11330908327541380776 0.00000000099999999998 0.00000000099999999998 0.26235154404897786939 0.00000000099999999998 0.00000000099999999998 0.15681017543143160875 
0.21691850746067703470 0.00000000099999999997 0.00000000099999999997 0.00000000099999999997 0.09780349705146580697 0.00000000099999999997 0.08551215621503466258 0.26539449618863891756 0.00000000099999999997 0.00000000099999999997 0.33437133708418353972 
0.11780652226739006527 0.21377329077415865854 0.01285061498972821063 0.00000349875123876122 0.11681400456974551372 0.00000000099999999997 0.27684911939876205578 0.00000000099999999997 0.00000000099999999997 0.00000000099999999997 0.26190294524897672623 
0.00000000100000000000 0.37195209274418311596 0.02977427680735673932 0.00000000100000000000 0.08351785620534166177 0.00000009192785089159 0.32565022222713740918 0.06220554354444796097 0.05280243021324911024 0.01332429204072269578 0.06077319228971046761 
0.24212160591990075642 0.48181078068638161227 0.00000000099999999996 0.00000000099999999996 0.01146196371240533647 0.00000000099999999996 0.00000000099999999996 0.00025387953275582333 0.00000000099999999996 0.00000000099999999996 0.26435176414855654503 
0.00000065674642894598 0.24727668587106568787 0.02666177252517886939 0.00000000099999999995 0.11297368960830041218 0.00000000099999999995 0.22795098148998202414 0.17399300461408206964 0.00000000099999999995 0.00000000099999999995 0.21114320514496207060 
0.29315638555686129862 0.00000000099999999994 0.00000000099999999994 0.00000000373185906091 0.00000000099999999994 0.00000000099999999994 0.43908853919522594644 0.26775506451605368685 0.00000000099999999994 0.00000000099999999994 0.00000000099999999994 
0.40343312844588463673 0.35017812594498559653 0.00000000099999999997 0.00000000099999999997 0.00405727882732660056 0.01493218985219797561 0.00000001024255140819 0.00000000099999999997 0.00000000099999999997 0.00000000099999999997 0.22739926168705398846 
0.99999999000000017180 0.00000000099999999987 0.00000000099999999987 0.00000000099999999987 0.00000000099999999987 0.00000000099999999987 0.00000000099999999987 0.00000000099999999987 0.00000000099999999987 0.00000000099999999987 0.00000000099999999987 
0.33453878578901680152 0.00001525461748460397 0.00000000099999999997 0.00000000099999999997 0.21422529609441626208 0.00000000099999999997 0.00000000099999999997 0.45122065649908238427 0.00000000099999999997 0.00000000099999999997 0.00000000099999999997 
0.05520190882799624194 0.18194425322454313432 0.00000007635307875919 0.00018427466411054160 0.14773347625674107531 0.00000000099999999998 0.22890794857626156622 0.25465950981732643488 0.00000000099999999998 0.00000000099999999998 0.13136854927994245923 
0.28365550965000507766 0.35054562359899871238 0.00000000099999999994 0.00000000099999999994 0.00000000099999999994 0.00000000099999999994 0.36579885875099638071 0.00000000099999999994 0.00000000099999999994 0.00000000099999999994 0.00000000099999999994 
0.00000000099999999987 0.00000000099999999987 0.00000000099999999987 0.00000000099999999987 0.00000000099999999987 0.00000000099999999987 0.00000000099999999987 0.00000000099999999987 0.00000000099999999987 0.00000000099999999987 0.99999998999999994975 
0.00000000099999999991 0.00000000099999999991 0.30132305915410323438 0.69867693184589685362 0.00000000099999999991 0.00000000099999999991 0.00000000099999999991 0.00000000099999999991 0.00000000099999999991 0.00000000099999999991 0.00000000099999999991 
0.00000000099999999995 0.00000000099999999995 0.22460887284965697086 0.77539111815034311714 0.00000000099999999995 0.00000000099999999995 0.00000000099999999995 0.00000000099999999995 0.00000000099999999995 0.00000000099999999995 0.00000000099999999995 
0.00000000099999999948 0.00000000099999999948 0.00000000099999999948 0.00000000099999999948 0.00000000099999999948 0.00000000099999999948 0.00000000099999999948 0.00000000099999999948 0.99999998999999994975 0.00000000099999999948 0.00000000099999999948 
0.00000000099999999948 0.00000000099999999948 0.00000000099999999948 0.00000000099999999948 0.00000000099999999948 0.99999999000000006077 0.00000000099999999948 0.00000000099999999948 0.00000000099999999948 0.00000000099999999948 0.00000000099999999948 
0.00000000099999999995 0.00000000099999999995 0.99999999000000006077 0.00000000099999999995 0.00000000099999999995 0.00000000099999999995 0.00000000099999999995 0.00000000099999999995 0.00000000099999999995 0.00000000099999999995 0.00000000099999999995 
0.23562536285329147012 0.42526989380248425565 0.00000000099999999995 0.00000892132083030216 0.00000000099999999995 0.00000000099999999995 0.00000000099999999995 0.00000000099999999995 0.00000000099999999995 0.00000000099999999995 0.33909581502339425363 
0.45724732114555866058 0.35653588135519781455 0.00000000099999999998 0.01337430390833975989 0.00000000099999999998 0.00000000099999999998 0.17284248659090398204 0.00000000099999999998 0.00000000099999999998 0.00000000099999999998 0.00000000099999999998 
0.00000000099999999996 0.00000000099999999996 0.21586933197541124940 0.78413065902458900513 0.00000000099999999996 0.00000000099999999996 0.00000000099999999996 0.00000000099999999996 0.00000000099999999996 0.00000000099999999996 0.00000000099999999996 
0.46433919917177740588 0.00000000099999999996 0.01468331815046648899 0.00000000099999999996 0.15565722953017852026 0.00000000099999999996 0.00000000099999999996 0.36532024614757746539 0.00000000099999999996 0.00000000099999999996 0.00000000099999999996 
0.44421358200180993681 0.00000000099999999995 0.00000000099999999995 0.00000000099999999995 0.00000000099999999995 0.00631233491979782315 0.20830942612544539605 0.00000098298211469411 0.00000000099999999995 0.00000000099999999995 0.34116366797083225171 
0.00000000099999999971 0.00000000099999999971 0.00000000099999999971 0.00000000099999999971 0.99999999000000017180 0.00000000099999999971 0.00000000099999999971 0.00000000099999999971 0.00000000099999999971 0.00000000099999999971 0.00000000099999999971 
0.00000000099999999946 0.00000000099999999946 0.00000000099999999946 0.00000000099999999946 0.00000000099999999946 0.00000000099999999946 0.00000000099999999946 0.00000000099999999946 0.61023070562453074483 0.38976928537546912112 0.00000000099999999946 
0.00000000099999999939 0.00000000099999999939 0.00000000099999999939 0.00000000099999999939 0.00000000099999999939 0.00000000099999999939 0.00000000099999999939 0.00000000099999999939 0.99999999000000006077 0.00000000099999999939 0.00000000099999999939 
0.00000000099999999929 0.00000000099999999929 0.00000000099999999929 0.00000000099999999929 0.00000000099999999929 0.00000000099999999929 0.00000000099999999929 0.00000000099999999929 0.00000000099999999929 0.99999998999999994975 0.00000000099999999929 
0.00000000099999999935 0.00000000099999999935 0.00000000099999999935 0.00000000099999999935 0.00000000099999999935 0.00000000099999999935 0.00000000099999999935 0.00000000099999999935 0.99999999000000006077 0.00000000099999999935 0.00000000099999999935 
0.00000000099999999933 0.00000000099999999933 0.00000000099999999933 0.00000000099999999933 0.00000000099999999933 0.00000000099999999933 0.00000000099999999933 0.00000000099999999933 0.00000000099999999933 0.99999998999999994975 0.00000000099999999933 
0.00000000099999999982 0.00000000099999999982 0.99999999000000017180 0.00000000099999999982 0.00000000099999999982 0.00000000099999999982 0.00000000099999999982 0.00000000099999999982 0.00000000099999999982 0.00000000099999999982 0.00000000099999999982 
0.00000000099999999997 0.27821863506167454627 0.00000000099999999997 0.00000000099999999997 0.23141917245312096374 0.00000000099999999997 0.00000236794094837350 0.37537779691010747518 0.00000000099999999997 0.00000000099999999997 0.11498202163414865395 
0.00000000099999999943 0.00000000099999999943 0.00000000099999999943 0.00000000099999999943 0.00000000099999999943 0.00000000099999999943 0.00000000099999999943 0.00000000099999999943 0.59036774422908100401 0.40963224677091891746 0.00000000099999999943 
0.00000000099999999938 0.00000000099999999938 0.00000000099999999938 0.00000000099999999938 0.00000000099999999938 0.00000000099999999938 0.00000000099999999938 0.00000000099999999938 0.00000000099999999938 0.99999998999999994975 0.00000000099999999938 
0.00000000099999999946 0.00000000099999999946 0.00000000099999999946 0.00000000099999999946 0.00000000099999999946 0.99999999000000017180 0.00000000099999999946 0.00000000099999999946 0.00000000099999999946 0.00000000099999999946 0.00000000099999999946 
0.00000000099999999946 0.00000000099999999946 0.00000000099999999946 0.00000000099999999946 0.00000000099999999946 0.99999999000000017180 0.00000000099999999946 0.00000000099999999946 0.00000000099999999946 0.00000000099999999946 0.00000000099999999946 
0.00000000099999999995 0.44075322416923129465 0.00000000099999999995 0.00000000099999999995 0.17359236599191618655 0.00000000099999999995 0.00000000099999999995 0.38564478308013178109 0.00000000099999999995 0.00000000099999999995 0.00000961975872078478 
0.00000000099999999938 0.00000000099999999938 0.00000000099999999938 0.00000000099999999938 0.00000000099999999938 0.00000000099999999938 0.00000000099999999938 0.00000000099999999938 0.00000000099999999938 0.99999999000000006077 0.00000000099999999938 
0.46498618900132926424 0.00000000099999999995 0.00000000099999999995 0.00000000099999999995 0.00000000099999999995 0.00000000099999999995 0.00000000099999999995 0.53501380199867054621 0.00000000099999999995 0.00000000099999999995 0.00000000099999999995 
0.99999999000000017180 0.00000000099999999985 0.00000000099999999985 0.00000000099999999985 0.00000000099999999985 0.00000000099999999985 0.00000000099999999985 0.00000000099999999985 0.00000000099999999985 0.00000000099999999985 0.00000000099999999985 
0.00000000099999999983 0.00000000099999999983 0.99999999000000006077 0.00000000099999999983 0.00000000099999999983 0.00000000099999999983 0.00000000099999999983 0.00000000099999999983 0.00000000099999999983 0.00000000099999999983 0.00000000099999999983 
0.24409247879037820894 0.35140973628389332584 0.00000000099999999995 0.00116647868820741758 0.00000000099999999995 0.00000000099999999995 0.00000000099999999995 0.00000000099999999995 0.00000000099999999995 0.00000000099999999995 0.40333129923752131241 
