0.12812053548700397254 0.00000000099999999999 0.00000000099999999999 0.00045455420963975469 0.44605836817065136479 0.27451239516539432950 0.13738556401705157017 0.01346857995025901346 0.00000000099999999999 
0.00000000099999999994 0.99999999200000022626 0.00000000099999999994 0.00000000099999999994 0.00000000099999999994 0.00000000099999999994 0.00000000099999999994 0.00000000099999999994 0.00000000099999999994 
0.00000000099999999995 0.99999999200000022626 0.00000000099999999995 0.00000000099999999995 0.00000000099999999995 0.00000000099999999995 0.00000000099999999995 0.00000000099999999995 0.00000000099999999995 
0.05179251037332584934 0.02120156075638382487 0.00000000099999999999 0.37445122198452207574 0.15389477113736158009 0.03459742538751684610 0.19036165530903995102 0.00000000099999999999 0.17370085305185001268 
0.00000076297566300730 0.00000000099999999999 0.00000000099999999999 0.21823394818886740487 0.40813147153404238932 0.11106616632335684913 0.10827268759636148043 0.00295285078024536780 0.15134211060146351979 
0.00000000099999999998 0.00154385773127282380 0.00000000099999999998 0.00000000099999999998 0.42071867219294911688 0.00000000099999999998 0.42700286288991501360 0.00000000099999999998 0.15073460218586309800 
0.00000000099999999995 0.99999999200000022626 0.00000000099999999995 0.00000000099999999995 0.00000000099999999995 0.00000000099999999995 0.00000000099999999995 0.00000000099999999995 0.00000000099999999995 
0.00000000099999999991 0.99999999200000022626 0.00000000099999999991 0.00000000099999999991 0.00000000099999999991 0.00000000099999999991 0.00000000099999999991 0.00000000099999999991 0.00000000099999999991 
0.00000000099999999998 0.00000000099999999998 0.00000000099999999998 0.57739505862638129674 0.00000000099999999998 0.00000000099999999998 0.41617780570056206457 0.00642712967305655251 0.00000000099999999998 
0.00000000099999999994 0.99999999200000022626 0.00000000099999999994 0.00000000099999999994 0.00000000099999999994 0.00000000099999999994 0.00000000099999999994 0.00000000099999999994 0.00000000099999999994 
0.00000000099999999997 0.00000000099999999997 0.00000000099999999997 0.53894835415647057708 0.00000000099999999997 0.46105163884352939885 0.00000000099999999997 0.00000000099999999997 0.00000000099999999997 
0.00000000099999999999 0.01405792850920919296 0.00000000099999999999 0.24319563227332999245 0.30749808981630194493 0.15320907213908485645 0.16796244478928415433 0.00389854783925875064 0.11017828263353103557 
0.00000000099999999999 0.00000000099999999999 0.00000000099999999999 0.61504977024871410052 0.38436027142936074474 0.00000000099999999999 0.00000000099999999999 0.00000000099999999999 0.00058995232192508244 
0.09514255643412443397 0.00000000099999999999 0.00000000099999999999 0.00000000099999999999 0.32937635443999557783 0.19690762230283614942 0.22368443251362862823 0.00727684596290292026 0.14761218534651240897 
0.00000000099999999992 0.00000000099999999992 0.00000000099999999992 0.00000000099999999992 0.99999999200000011523 0.00000000099999999992 0.00000000099999999992 0.00000000099999999992 0.00000000099999999992 
0.07985140250286729136 0.04826353631235685837 0.00000000099999999999 0.02825848446195978331 0.38509855851620716782 0.17502348189039657056 0.11863029929597791734 0.02471779847911280761 0.14015643754112150354 
0.01528389232424517789 0.00000000099999999998 0.00000000099999999998 0.28236818755355469479 0.35354957390912244986 0.34879834121307767836 0.00000000099999999998 0.00000000099999999998 0.00000000099999999998 
0.00000000099999999997 0.00000000099999999997 0.00000000099999999997 0.00000000099999999997 0.00000000099999999997 0.51028493915679362658 0.48971505384320651588 0.00000000099999999997 0.00000000099999999997 
0.11371756298448248979 0.00000000099999999999 0.00000000099999999999 0.00000850374335499458 0.30274087349638195699 0.21612889994543127425 0.32184710649446446329 0.00000000099999999999 0.04555705033588491187 
0.23678959605842073155 0.00000000099999999997 0.00000000099999999997 0.17125291455418900632 0.39021167516567040190 0.05995847090335539031 0.14178733931836459692 0.00000000099999999997 0.00000000099999999997 
0.00000000113642799726 0.00000000099999999999 0.00000000099999999999 0.35176120446511605078 0.36185387054730550060 0.13492230044251032894 0.15146261940864008677 0.00000000099999999999 0.00000000099999999999 
0.00000000099999999996 0.97975448030755973861 0.00000000099999999996 0.00000000099999999996 0.02024551269244030324 0.00000000099999999996 0.00000000099999999996 0.00000000099999999996 0.00000000099999999996 
0.16855151867408510458 0.00000000099999999996 0.00000000099999999996 0.68892272886564021039 0.00000000099999999996 0.00000000099999999996 0.00000000099999999996 0.00000000099999999996 0.14252574646027488248 
0.00000000099999999967 0.00000000099999999967 0.00000000099999999967 0.00000000099999999967 0.00000000099999999967 0.00000000099999999967 0.00000000099999999967 0.00000000099999999967 0.99999999200000000421 
0.00000000099999999991 0.00000000099999999991 0.00000000099999999991 0.99999999200000000421 0.00000000099999999991 0.00000000099999999991 0.00000000099999999991 0.00000000099999999991 0.00000000099999999991 
0.00000000099999999991 0.00000000099999999991 0.00000000099999999991 0.99999999200000011523 0.00000000099999999991 0.00000000099999999991 0.00000000099999999991 0.00000000099999999991 0.00000000099999999991 
0.00000000099999999965 0.00000000099999999965 0.00000000099999999965 0.00000000099999999965 0.00000000099999999965 0.00000000099999999965 0.00000000099999999965 0.99999999199999989319 0.00000000099999999965 
0.00000000099999999959 0.00000000099999999959 0.00000000099999999959 0.00000000099999999959 0.00000000099999999959 0.00000000099999999959 0.00000000099999999959 0.99999999200000000421 0.00000000099999999959 
0.07587559598569751373 0.00000000099999999999 0.00000000099999999999 0.48587438212653272229 0.00035810691458777483 0.19960400614183260171 0.19223853835081497476 0.00000000099999999999 0.04604936748053446716 
0.00000000099999999991 0.00000000099999999991 0.00000000099999999991 0.99999999200000000421 0.00000000099999999991 0.00000000099999999991 0.00000000099999999991 0.00000000099999999991 0.00000000099999999991 
0.13752404493408523778 0.00678225604279378627 0.00000000099999999998 0.35626796957275203015 0.18665519183003725923 0.00013407245722848757 0.21613392483206461669 0.00000000099999999998 0.09650253833103869527 
0.00000000099999999992 0.91094934588693043942 0.00000000099999999992 0.00000000099999999992 0.00000000099999999992 0.00000000099999999992 0.00000000099999999992 0.00000000099999999992 0.08905064711306970304 
0.00000000099999999983 0.12318132217480808055 0.00000000099999999983 0.00000000099999999983 0.00000000099999999983 0.00000000099999999983 0.00000000099999999983 0.36418592414458411666 0.51263274768060773656 
0.16599579559622323899 0.00000000099999999997 0.00000000099999999997 0.51835666024409121633 0.00000000099999999997 0.00000007795480703044 0.31564746120487868764 0.00000000099999999997 0.00000000099999999997 
0.00000000099999999958 0.00000000099999999958 0.99999999200000000421 0.00000000099999999958 0.00000000099999999958 0.00000000099999999958 0.00000000099999999958 0.00000000099999999958 0.00000000099999999958 
0.00000000099999999948 0.00000000099999999948 0.99999999200000011523 0.00000000099999999948 0.00000000099999999948 0.00000000099999999948 0.00000000099999999948 0.00000000099999999948 0.00000000099999999948 
0.00000000099999999948 0.00000000099999999948 0.99999999200000000421 0.00000000099999999948 0.00000000099999999948 0.00000000099999999948 0.00000000099999999948 0.00000000099999999948 0.00000000099999999948 
0.00000000099999999966 0.00000000099999999966 0.00000000099999999966 0.00000000099999999966 0.00000000099999999966 0.00000000099999999966 0.00000000099999999966 0.99999999200000000421 0.00000000099999999966 
0.00000000099999999961 0.00000000099999999961 0.00000000099999999961 0.00000000099999999961 0.00000000099999999961 0.00000000099999999961 0.00000000099999999961 0.99999999200000000421 0.00000000099999999961 
0.13232068082658984820 0.00000000099999999998 0.00000000099999999998 0.34395058080471885287 0.28083231517965856483 0.20138968668357420944 0.00003252048681772894 0.00000000099999999998 0.04147421301864076537 
0.00000000099999999996 0.99999999200000022626 0.00000000099999999996 0.00000000099999999996 0.00000000099999999996 0.00000000099999999996 0.00000000099999999996 0.00000000099999999996 0.00000000099999999996 
0.00000000099999999963 0.00000000099999999963 0.00000000099999999963 0.00000000099999999963 0.00000000099999999963 0.00000000099999999963 0.00000000099999999963 0.99999999199999989319 0.00000000099999999963 
0.27054058730915919728 0.00000000099999999997 0.00000000099999999997 0.58486593482487247986 0.00000000099999999997 0.00000000099999999997 0.00000000099999999997 0.00000000099999999997 0.14459347186596843704 
0.00000000099999999993 0.99999999200000011523 0.00000000099999999993 0.00000000099999999993 0.00000000099999999993 0.00000000099999999993 0.00000000099999999993 0.00000000099999999993 0.00000000099999999993 
0.00000000099999999967 0.00000000099999999967 0.00000000099999999967 0.00000000099999999967 0.00000000099999999967 0.00000000099999999967 0.00000000099999999967 0.99999999200000000421 0.00000000099999999967 
0.00000000099999999999 0.00719534913664631858 0.00000000099999999999 0.00464745511412600464 0.40307535409420242045 0.30148785626761309686 0.18541823080288813430 0.00000000099999999999 0.09817575158452401807 
0.00000000099999999963 0.00000000099999999963 0.00000000099999999963 0.00000000099999999963 0.00000000099999999963 0.00000000099999999963 0.00000000099999999963 0.99999999199999989319 0.00000000099999999963 
0.00000000099999999994 0.99999999200000011523 0.00000000099999999994 0.00000000099999999994 0.00000000099999999994 0.00000000099999999994 0.00000000099999999994 0.00000000099999999994 0.00000000099999999994 
0.00000000099999999991 0.99999999200000011523 0.00000000099999999991 0.00000000099999999991 0.00000000099999999991 0.00000000099999999991 0.00000000099999999991 0.00000000099999999991 0.00000000099999999991 
0.00000000099999999958 0.00000000099999999958 0.00000000099999999958 0.00000000099999999958 0.00000000099999999958 0.00000000099999999958 0.00000000099999999958 0.99999999200000000421 0.00000000099999999958 
0.00000000099999999962 0.00000000099999999962 0.00000000099999999962 0.00000000099999999962 0.00000000099999999962 0.00000000099999999962 0.00000000099999999962 0.99999999200000000421 0.00000000099999999962 
0.00000000099999999995 0.99999999200000011523 0.00000000099999999995 0.00000000099999999995 0.00000000099999999995 0.00000000099999999995 0.00000000099999999995 0.00000000099999999995 0.00000000099999999995 
0.00000000099999999994 0.98016832980950774346 0.00000000099999999994 0.00000000099999999994 0.00000000099999999994 0.00000000099999999994 0.01983166319049249962 0.00000000099999999994 0.00000000099999999994 
0.00000000099999999995 0.96824617054030215346 0.00000000099999999995 0.00000000099999999995 0.00000000099999999995 0.00000000099999999995 0.03175382245969791961 0.00000000099999999995 0.00000000099999999995 
0.00000000099999999968 0.00000000099999999968 0.00000000099999999968 0.00000000099999999968 0.00000000099999999968 0.00000000099999999968 0.00000000099999999968 0.99999999200000000421 0.00000000099999999968 
0.04360084165529174577 0.03067967848452160876 0.00000000099999999999 0.24840028132484806567 0.49224554414382670764 0.00000000099999999999 0.00000000099999999999 0.00837577555386912614 0.17669787583764279271 
0.00000000099999999991 0.00000000099999999991 0.00000000099999999991 0.00000000099999999991 0.00000000099999999991 0.00000000099999999991 0.99999999200000000421 0.00000000099999999991 0.00000000099999999991 
0.10052871410565285271 0.00000000099999999996 0.00000000099999999996 0.00000000099999999996 0.63384112873876130578 0.00000000099999999996 0.26563015115558591406 0.00000000099999999996 0.00000000099999999996 
0.41230697399079430099 0.00000000099999999993 0.00000000099999999993 0.00000000099999999993 0.00000000099999999993 0.00000000099999999993 0.00000000099999999993 0.00000000099999999993 0.58769301900920545290 
0.00000000099999999994 0.99999999200000022626 0.00000000099999999994 0.00000000099999999994 0.00000000099999999994 0.00000000099999999994 0.00000000099999999994 0.00000000099999999994 0.00000000099999999994 
0.00000000099999999988 0.00000000099999999988 0.00000000099999999988 0.00000000099999999988 0.00000000099999999988 0.99999999200000000421 0.00000000099999999988 0.00000000099999999988 0.00000000099999999988 
0.00000000099999999956 0.00000000099999999956 0.99999999200000011523 0.00000000099999999956 0.00000000099999999956 0.00000000099999999956 0.00000000099999999956 0.00000000099999999956 0.00000000099999999956 
0.99999999200000011523 0.00000000099999999973 0.00000000099999999973 0.00000000099999999973 0.00000000099999999973 0.00000000099999999973 0.00000000099999999973 0.00000000099999999973 0.00000000099999999973 
0.00000000099999999956 0.00000000099999999956 0.99999999200000000421 0.00000000099999999956 0.00000000099999999956 0.00000000099999999956 0.00000000099999999956 0.00000000099999999956 0.00000000099999999956 
0.09679174160956426076 0.00685023331546157164 0.00000000099999999998 0.42835670921019558532 0.00000000099999999998 0.25086819954963535118 0.00000000099999999998 0.00000000099999999998 0.21713311231514323407 
0.00000000099999999957 0.00000000099999999957 0.99999999200000000421 0.00000000099999999957 0.00000000099999999957 0.00000000099999999957 0.00000000099999999957 0.00000000099999999957 0.00000000099999999957 
0.17862431675427051236 0.00000000099999999997 0.00000000099999999997 0.00000000099999999997 0.32779858504163195132 0.13356901115315142348 0.36000808205094614323 0.00000000099999999997 0.00000000099999999997 
0.07803462658424713261 0.00000000099999999999 0.00000000099999999999 0.25269255857993794256 0.00000000099999999999 0.16629985717114212362 0.43393642454137015818 0.00000000099999999999 0.06903652912330260349 
0.00000000099999999992 0.99999999200000022626 0.00000000099999999992 0.00000000099999999992 0.00000000099999999992 0.00000000099999999992 0.00000000099999999992 0.00000000099999999992 0.00000000099999999992 
0.00000000099999999995 0.00000000099999999995 0.00000000099999999995 0.00000000099999999995 0.65817471068660404754 0.00000000099999999995 0.34182528231339603941 0.00000000099999999995 0.00000000099999999995 
0.00000000099999999958 0.00000000099999999958 0.99999999200000000421 0.00000000099999999958 0.00000000099999999958 0.00000000099999999958 0.00000000099999999958 0.00000000099999999958 0.00000000099999999958 
0.00000000099999999961 0.00000000099999999961 0.99999999200000000421 0.00000000099999999961 0.00000000099999999961 0.00000000099999999961 0.00000000099999999961 0.00000000099999999961 0.00000000099999999961 
0.00000000099999999998 0.08499310523653859362 0.00000000099999999998 0.00001184146171008772 0.43052651589586726777 0.48446853240588400036 0.00000000099999999998 0.00000000099999999998 0.00000000099999999998 
0.00000000099999999992 0.99999999200000011523 0.00000000099999999992 0.00000000099999999992 0.00000000099999999992 0.00000000099999999992 0.00000000099999999992 0.00000000099999999992 0.00000000099999999992 
0.00000000099999999970 0.00000000099999999970 0.00000000099999999970 0.00000000099999999970 0.00000000099999999970 0.00000000099999999970 0.00000000099999999970 0.99999999199999989319 0.00000000099999999970 
0.00000000099999999993 0.99999999200000011523 0.00000000099999999993 0.00000000099999999993 0.00000000099999999993 0.00000000099999999993 0.00000000099999999993 0.00000000099999999993 0.00000000099999999993 
0.24711933290687207454 0.00644159817696349484 0.00000000099999999997 0.00000000099999999997 0.62766194858079604746 0.00000000099999999997 0.00000000099999999997 0.00000000099999999997 0.11877711533536837452 
0.00000000099999999953 0.00000000099999999953 0.99999999200000000421 0.00000000099999999953 0.00000000099999999953 0.00000000099999999953 0.00000000099999999953 0.00000000099999999953 0.00000000099999999953 
0.00000000099999999955 0.00000000099999999955 0.00000000099999999955 0.00000000099999999955 0.00000000099999999955 0.00000000099999999955 0.00000000099999999955 0.99999999200000000421 0.00000000099999999955 
0.00000000099999999963 0.00000000099999999963 0.99999999200000011523 0.00000000099999999963 0.00000000099999999963 0.00000000099999999963 0.00000000099999999963 0.00000000099999999963 0.00000000099999999963 
0.03763013015441715736 0.00000000100000000000 0.00000000100000000000 0.28688349105920318838 0.21580597084899061366 0.21994222389602760548 0.17402917392660238738 0.01638237935532838724 0.04932662875943073094 
0.00000000099999999990 0.99999999200000022626 0.00000000099999999990 0.00000000099999999990 0.00000000099999999990 0.00000000099999999990 0.00000000099999999990 0.00000000099999999990 0.00000000099999999990 
0.00000000099999999993 0.99999999200000011523 0.00000000099999999993 0.00000000099999999993 0.00000000099999999993 0.00000000099999999993 0.00000000099999999993 0.00000000099999999993 0.00000000099999999993 
0.23114741385273107621 0.20839049545274671016 0.00000000099999999998 0.15996959259573242940 0.17554349309100242271 0.00000000099999999998 0.05193623405833349554 0.00000000099999999998 0.17301276794945411042 
0.00000000099999999999 0.00000000099999999999 0.00000000099999999999 0.41576777953989496606 0.31852804817380137026 0.10242529811460281131 0.06593345513264840807 0.02344187914414760238 0.07390353689490483657 
0.00000000099999999991 0.00000000099999999991 0.00000000099999999991 0.99999999200000000421 0.00000000099999999991 0.00000000099999999991 0.00000000099999999991 0.00000000099999999991 0.00000000099999999991 
0.00000000099999999997 0.00000000099999999997 0.00000000099999999997 0.00000000099999999997 0.54237015665825916155 0.00003118580570988953 0.45759865153603102028 0.00000000099999999997 0.00000000099999999997 
0.00000000099999999998 0.00000000099999999998 0.00000000099999999998 0.29410723130526689184 0.31510790474849648124 0.19810456354954114611 0.00000000099999999998 0.00000000099999999998 0.19268029539669548345 
0.00754950806430261349 0.00000000099999999997 0.00000000099999999997 0.33880208746541151665 0.27065000913098136159 0.31115164085711571884 0.00000000099999999997 0.00000000099999999997 0.07184675048218883142 
0.00000000099999999990 0.00000000099999999990 0.00000000099999999990 0.00000000099999999990 0.00000000099999999990 0.00000000099999999990 0.99999999200000000421 0.00000000099999999990 0.00000000099999999990 
0.00000000658622599658 0.00000000099999999998 0.00000000099999999998 0.22832982205156091005 0.25851718029053083470 0.26990841141944543757 0.24324457565223683853 0.00000000099999999998 0.00000000099999999998 
0.00000000099999999999 0.03203290005336963814 0.00000000099999999999 0.39705450393029273481 0.33740650981509506812 0.00000000099999999999 0.20216518440648950650 0.00000000099999999999 0.03134089779475317944 
0.00000000099999999995 0.99999999200000022626 0.00000000099999999995 0.00000000099999999995 0.00000000099999999995 0.00000000099999999995 0.00000000099999999995 0.00000000099999999995 0.00000000099999999995 
0.00000000099999999996 0.96595776487591178405 0.00000000099999999996 0.00000000099999999996 0.03404222812408835147 0.00000000099999999996 0.00000000099999999996 0.00000000099999999996 0.00000000099999999996 
0.00000000099999999974 0.00000000099999999974 0.99999999200000011523 0.00000000099999999974 0.00000000099999999974 0.00000000099999999974 0.00000000099999999974 0.00000000099999999974 0.00000000099999999974 
0.00000000099999999996 0.99999999200000022626 0.00000000099999999996 0.00000000099999999996 0.00000000099999999996 0.00000000099999999996 0.00000000099999999996 0.00000000099999999996 0.00000000099999999996 
0.02884468816190653012 0.97115530483809364704 0.00000000099999999996 0.00000000099999999996 0.00000000099999999996 0.00000000099999999996 0.00000000099999999996 0.00000000099999999996 0.00000000099999999996 
0.00000000099999999991 0.00000000099999999991 0.00000000099999999991 0.00000000099999999991 0.00000000099999999991 0.00000000099999999991 0.99999999200000000421 0.00000000099999999991 0.00000000099999999991 
0.00000000099999999947 0.00000000099999999947 0.99999999200000000421 0.00000000099999999947 0.00000000099999999947 0.00000000099999999947 0.00000000099999999947 0.00000000099999999947 0.00000000099999999947 
0.00000000099999999994 0.00000000099999999994 0.00000000099999999994 0.00000000099999999994 0.99999999200000000421 0.00000000099999999994 0.00000000099999999994 0.00000000099999999994 0.00000000099999999994 
0.05861597292135226067 0.00012648280252483855 0.00000000099999999999 0.20062151710828826645 0.45627323238469724709 0.00086845346204470451 0.27654701075369969576 0.00485859258569271146 0.00208873698170031815 
0.05420767014621290236 0.00000000099999999999 0.00000000099999999999 0.23409900351395018792 0.18503957146939883915 0.15492001630584270599 0.36733039897461089440 0.00440333658998437374 0.00000000099999999999 
0.05761690868594526727 0.01172622440643353824 0.00000000099999999999 0.33856028394388848479 0.31181484388731756097 0.11885564482423705002 0.16142609125217821653 0.00000000099999999999 0.00000000099999999999 
0.00000000099999999989 0.00000000099999999989 0.00000000099999999989 0.00000000099999999989 0.00000000099999999989 0.00000000099999999989 0.99999999200000000421 0.00000000099999999989 0.00000000099999999989 
0.00000000099999999991 0.00000000099999999991 0.00000000099999999991 0.99999999200000011523 0.00000000099999999991 0.00000000099999999991 0.00000000099999999991 0.00000000099999999991 0.00000000099999999991 
0.09149599274351827294 0.00000000099999999999 0.00000000099999999999 0.00000000099999999999 0.32550185356094724076 0.27910308736106387295 0.16667523283028182202 0.00000000099999999999 0.13722382950418890446 
0.20681502996310507925 0.00000000099999999998 0.00000000099999999998 0.22375991518818988402 0.00000000099999999998 0.27938893033818368306 0.13883457872321344762 0.00000000099999999998 0.15120154178730793593 
0.14966323515443943903 0.00570766060367059944 0.00000000100000000000 0.10213519945251973986 0.21810379025010814824 0.18960000091480669338 0.24888948751609435428 0.02460821392319771997 0.06129241118516310510 
0.00000000099999999995 0.00000000099999999995 0.00000000099999999995 0.00000000099999999995 0.99999999200000000421 0.00000000099999999995 0.00000000099999999995 0.00000000099999999995 0.00000000099999999995 
0.00000000099999999991 0.00000000099999999991 0.00000000099999999991 0.00000000099999999991 0.99999999200000000421 0.00000000099999999991 0.00000000099999999991 0.00000000099999999991 0.00000000099999999991 
0.00000000099999999991 0.00000000099999999991 0.00000000099999999991 0.00000000099999999991 0.00000000099999999991 0.00000000099999999991 0.99999999199999989319 0.00000000099999999991 0.00000000099999999991 
0.00000000099999999993 0.00000000099999999993 0.00000000099999999993 0.00000000099999999993 0.99999999200000011523 0.00000000099999999993 0.00000000099999999993 0.00000000099999999993 0.00000000099999999993 
0.00000000099999999987 0.00000000099999999987 0.00000000099999999987 0.00000000099999999987 0.00000000099999999987 0.99999999200000000421 0.00000000099999999987 0.00000000099999999987 0.00000000099999999987 
0.00000000099999999999 0.00000000099999999999 0.00000000099999999999 0.14027126448108301338 0.29043748388283585626 0.24001748891623514437 0.26728680660359543930 0.00000000099999999999 0.06198695211625051410 
0.00000000099999999996 0.00000000099999999996 0.00000000099999999996 0.00000000099999999996 0.00000000099999999996 0.36603797111509411843 0.47150284041621592923 0.00000000099999999996 0.16245918246868995549 
0.09923868909575837838 0.00000001346082625928 0.00000000099999999999 0.15579466969219066264 0.29045696356329564480 0.06068831042344323412 0.24923099089257477745 0.00000000099999999999 0.14459036087191112774 
0.00000980664598230212 0.02187624267398823388 0.00000000099999999999 0.31407605559430373798 0.38428726781859645634 0.01484101705578435432 0.00000000099999999999 0.00000000099999999999 0.26490960721134493294 
0.07187433388466019091 0.00000000099999999999 0.00000000099999999999 0.32144547378753257627 0.32040996178291286656 0.13539864358877057304 0.12378419904511916982 0.00000000099999999999 0.02708738491100461457 
0.06303734880732576873 0.01575500116588373842 0.00000000099999999998 0.41345442315174024683 0.22894469625425975523 0.00004490096444989994 0.19597016716530407665 0.00000000099999999998 0.08279346049103657179 
0.00000000100000000000 0.01281650302047794739 0.06762727036342405795 0.15788868153049287479 0.25508727208027637268 0.25294700209764725551 0.11439376840502168964 0.00189540671707161723 0.13734409478558798345 
0.14033476432124916689 0.00000000099999999997 0.00000000099999999997 0.20722473746034691944 0.47906641443012959458 0.00000000099999999997 0.00049560922155196356 0.00000000099999999997 0.17287847056672248081 
0.00000000099999999997 0.00000000099999999997 0.00000000099999999997 0.00000000099999999997 0.00000000170067836761 0.40583636080041790573 0.43147215579370262750 0.00000000099999999997 0.16269147670520128779 
0.02570960370743744644 0.01529710180136639210 0.00000000099999999998 0.14796739980647513613 0.34924920057646724469 0.30516925357528595919 0.11932303706822228184 0.00000000099999999998 0.03728440146474577832 
0.00000000099999999989 0.00000000099999999989 0.00000000099999999989 0.00000000099999999989 0.00000000099999999989 0.99999999200000011523 0.00000000099999999989 0.00000000099999999989 0.00000000099999999989 
0.00000000099999999997 0.00000000099999999997 0.00000000099999999997 0.45627456926891724054 0.00000000099999999997 0.25541781179033379301 0.28830757335266776753 0.00000000099999999997 0.00000004058808112833 
0.00000000099999999999 0.00000000099999999999 0.00000000099999999999 0.25603426439444204599 0.48523997635646259896 0.01213170329140459205 0.00000015702103775645 0.00000000099999999999 0.24659389493665287429 
0.15046381869652608598 0.00000000708496019007 0.00000000099999999999 0.28514139035867558380 0.34050276674095908414 0.11080781807283449081 0.05160882650218012735 0.00000004657180679289 0.06147532497205773772 
0.21221809353642731577 0.00000000099999999997 0.00000000099999999997 0.00000000099999999997 0.30954090787166776977 0.32869180033501205207 0.08256884075334361417 0.00000000099999999997 0.06698035350354918094 
0.00000000099999999990 0.00000000099999999990 0.00000000099999999990 0.99999999200000011523 0.00000000099999999990 0.00000000099999999990 0.00000000099999999990 0.00000000099999999990 0.00000000099999999990 
0.00000000099999999994 0.99999999200000011523 0.00000000099999999994 0.00000000099999999994 0.00000000099999999994 0.00000000099999999994 0.00000000099999999994 0.00000000099999999994 0.00000000099999999994 
0.00000000099999999997 0.98095374710178739885 0.00000000099999999997 0.00000000099999999997 0.01904624589821267769 0.00000000099999999997 0.00000000099999999997 0.00000000099999999997 0.00000000099999999997 
0.00000000099999999966 0.00000000099999999966 0.99999999200000011523 0.00000000099999999966 0.00000000099999999966 0.00000000099999999966 0.00000000099999999966 0.00000000099999999966 0.00000000099999999966 
0.00000000099999999957 0.00000000099999999957 0.00000000099999999957 0.00000000099999999957 0.00000000099999999957 0.00000000099999999957 0.00000000099999999957 0.99999999199999989319 0.00000000099999999957 
0.10737576553479133423 0.86560180246934492754 0.00000000099999999998 0.00000000099999999998 0.00000000099999999998 0.00000000099999999998 0.00000000099999999998 0.02702242599586398078 0.00000000099999999998 
0.00000000099999999988 0.00000000099999999988 0.00000000099999999988 0.00000000099999999988 0.00000000099999999988 0.00000000099999999988 0.99999999199999989319 0.00000000099999999988 0.00000000099999999988 
0.99999999200000022626 0.00000000099999999976 0.00000000099999999976 0.00000000099999999976 0.00000000099999999976 0.00000000099999999976 0.00000000099999999976 0.00000000099999999976 0.00000000099999999976 
0.00000000099999999996 0.95743090961149246443 0.00000000099999999996 0.00000000099999999996 0.00000000099999999996 0.00000000099999999996 0.00000000099999999996 0.00080147363196548496 0.04176761075654229077 
0.09292435766358578264 0.00000000099999999998 0.00000000099999999998 0.00000000099999999998 0.39473626795058813777 0.27614234358423250804 0.00000525222700764161 0.00000000099999999998 0.23619177457458601088 
0.00000045125435148083 0.00000000099999999998 0.00000000099999999998 0.22437792675733875258 0.38241640441884988677 0.15935634787681690616 0.21244079518525274541 0.01114532764257372341 0.01026274486481635294 
0.00000000099999999981 0.00000000099999999981 0.00000000099999999981 0.00000000099999999981 0.00000000099999999981 0.00000000099999999981 0.00000000099999999981 0.00000000099999999981 0.99999999200000000421 
0.00000000099999999954 0.00000000099999999954 0.99999999200000011523 0.00000000099999999954 0.00000000099999999954 0.00000000099999999954 0.00000000099999999954 0.00000000099999999954 0.00000000099999999954 
0.00000000099999999956 0.00000000099999999956 0.99999999200000000421 0.00000000099999999956 0.00000000099999999956 0.00000000099999999956 0.00000000099999999956 0.00000000099999999956 0.00000000099999999956 
0.00000000099999999948 0.00000000099999999948 0.99999999200000000421 0.00000000099999999948 0.00000000099999999948 0.00000000099999999948 0.00000000099999999948 0.00000000099999999948 0.00000000099999999948 
0.00000000099999999950 0.00000000099999999950 0.99999999200000000421 0.00000000099999999950 0.00000000099999999950 0.00000000099999999950 0.00000000099999999950 0.00000000099999999950 0.00000000099999999950 
0.00000000099999999951 0.00000000099999999951 0.99999999200000011523 0.00000000099999999951 0.00000000099999999951 0.00000000099999999951 0.00000000099999999951 0.00000000099999999951 0.00000000099999999951 
0.00000000099999999997 0.99999999200000022626 0.00000000099999999997 0.00000000099999999997 0.00000000099999999997 0.00000000099999999997 0.00000000099999999997 0.00000000099999999997 0.00000000099999999997 
0.09975746817837227720 0.00000000099999999999 0.00000000099999999999 0.23472245211112596763 0.41431425767302959562 0.15424259834372372469 0.00000000099999999999 0.00000000099999999999 0.09696321969374839533 
0.00000000099999999950 0.00000000099999999950 0.99999999200000000421 0.00000000099999999950 0.00000000099999999950 0.00000000099999999950 0.00000000099999999950 0.00000000099999999950 0.00000000099999999950 
0.00000000099999999958 0.00000000099999999958 0.99999999200000000421 0.00000000099999999958 0.00000000099999999958 0.00000000099999999958 0.00000000099999999958 0.00000000099999999958 0.00000000099999999958 
0.00000000099999999955 0.00000000099999999955 0.00000000099999999955 0.00000000099999999955 0.00000000099999999955 0.00000000099999999955 0.00000000099999999955 0.99999999199999989319 0.00000000099999999955 
0.00000000099999999956 0.00000000099999999956 0.00000000099999999956 0.00000000099999999956 0.00000000099999999956 0.00000000099999999956 0.00000000099999999956 0.99999999199999989319 0.00000000099999999956 
0.00000000099999999995 0.00000000099999999995 0.00000000099999999995 0.00000000099999999995 0.84476207665130165214 0.00000000099999999995 0.00001217612729046506 0.00000000099999999995 0.15522574122140800346 
0.00000000099999999954 0.00000000099999999954 0.99999999200000011523 0.00000000099999999954 0.00000000099999999954 0.00000000099999999954 0.00000000099999999954 0.00000000099999999954 0.00000000099999999954 
0.00000000099999999992 0.00000000099999999992 0.00000000099999999992 0.00000000099999999992 0.99999999200000000421 0.00000000099999999992 0.00000000099999999992 0.00000000099999999992 0.00000000099999999992 
0.00173688868125423945 0.00000000099999999998 0.00000000099999999998 0.00000000099999999998 0.61144235208385611102 0.00000000099999999998 0.27589297612566687778 0.00000000099999999998 0.11092777810922284376 
0.00000000099999999997 0.94761106580686838008 0.00000000099999999997 0.00000000099999999997 0.00000000099999999997 0.00000000099999999997 0.00000000099999999997 0.00000000099999999997 0.05238892719313181789 
0.05192154355054155734 0.00000000099999999998 0.00000000099999999998 0.27482539642765568821 0.33988174075945859487 0.24900907942556196883 0.08429769006539719611 0.00000000099999999998 0.00006454677138491737 
0.00000000099999999991 0.99999999200000022626 0.00000000099999999991 0.00000000099999999991 0.00000000099999999991 0.00000000099999999991 0.00000000099999999991 0.00000000099999999991 0.00000000099999999991 
0.00000000099999999998 0.00785348537850087854 0.00000000099999999998 0.50235709299461739352 0.25707902634150592291 0.00000000099999999998 0.23271030591951580302 0.00000000099999999998 0.00000008536586025530 
0.00000000099999999992 0.99999999200000011523 0.00000000099999999992 0.00000000099999999992 0.00000000099999999992 0.00000000099999999992 0.00000000099999999992 0.00000000099999999992 0.00000000099999999992 
0.99999999200000022626 0.00000000099999999975 0.00000000099999999975 0.00000000099999999975 0.00000000099999999975 0.00000000099999999975 0.00000000099999999975 0.00000000099999999975 0.00000000099999999975 
0.00000000099999999989 0.00000000099999999989 0.00000000099999999989 0.00000000099999999989 0.00000000099999999989 0.99999999200000011523 0.00000000099999999989 0.00000000099999999989 0.00000000099999999989 
0.00000000099999999958 0.00000000099999999958 0.99999999200000011523 0.00000000099999999958 0.00000000099999999958 0.00000000099999999958 0.00000000099999999958 0.00000000099999999958 0.00000000099999999958 
0.00000000099999999993 0.99999999200000011523 0.00000000099999999993 0.00000000099999999993 0.00000000099999999993 0.00000000099999999993 0.00000000099999999993 0.00000000099999999993 0.00000000099999999993 
0.00000000099999999951 0.00000000099999999951 0.99999999200000011523 0.00000000099999999951 0.00000000099999999951 0.00000000099999999951 0.00000000099999999951 0.00000000099999999951 0.00000000099999999951 
0.00000000099999999950 0.00000000099999999950 0.99999999200000011523 0.00000000099999999950 0.00000000099999999950 0.00000000099999999950 0.00000000099999999950 0.00000000099999999950 0.00000000099999999950 
0.00000000099999999998 0.00000000099999999998 0.00000000099999999998 0.00000000099999999998 0.65628319122461487023 0.27243829858952450795 0.00000000099999999998 0.00000000099999999998 0.07127850418586068049 
0.04084233977979576796 0.01450684418998332906 0.00000000099999999998 0.40785595519635708950 0.21660303242574210913 0.07929319064746501167 0.18316897133061946223 0.00000000099999999998 0.05772966443003735987 
0.00000000099999999997 0.00000000099999999997 0.00000000099999999997 0.35163958458237948301 0.38000213821350636856 0.00000000099999999997 0.26835827120411420710 0.00000000099999999997 0.00000000099999999997 
0.00003206549716205926 0.00000000099999999998 0.00000000099999999998 0.30689212575153623774 0.42367623318550784450 0.00000000099999999998 0.11917640104149040958 0.00000000099999999998 0.15022317052430339546 
0.12569195500252972053 0.00000000099999999998 0.00000000099999999998 0.17728743814021413749 0.41164077236100460322 0.00024999501199519415 0.00026843352802215345 0.00000000099999999998 0.28486140295623413321 
0.00000000099999999997 0.00000000099999999997 0.00000000099999999997 0.53667470050194132636 0.00000000099999999997 0.00000000099999999997 0.46332493611312330906 0.00000000099999999997 0.00000035738493537355 
0.00000000099999999996 0.00000000099999999996 0.00000000099999999996 0.67568331922326774208 0.00000000099999999996 0.00000000099999999996 0.32431667377673245589 0.00000000099999999996 0.00000000099999999996 
0.05785795652238628212 0.94214203647761396443 0.00000000099999999995 0.00000000099999999995 0.00000000099999999995 0.00000000099999999995 0.00000000099999999995 0.00000000099999999995 0.00000000099999999995 
0.00000000099999999995 0.00000000099999999995 0.00000000099999999995 0.00000000099999999995 0.00000000099999999995 0.58611777786605823160 0.41388221513394191087 0.00000000099999999995 0.00000000099999999995 
0.00000000099999999950 0.00000000099999999950 0.99999999200000000421 0.00000000099999999950 0.00000000099999999950 0.00000000099999999950 0.00000000099999999950 0.00000000099999999950 0.00000000099999999950 
0.07060993328658873858 0.00000000099999999998 0.00000000099999999998 0.52378404142635337504 0.38596382903825804389 0.00171770724450717878 0.00008212905997841190 0.00000000099999999998 0.01784235694431429362 
0.00000000099999999984 0.00000000099999999984 0.99999999200000011523 0.00000000099999999984 0.00000000099999999984 0.00000000099999999984 0.00000000099999999984 0.00000000099999999984 0.00000000099999999984 
0.00000000099999999957 0.00000000099999999957 0.99999999200000011523 0.00000000099999999957 0.00000000099999999957 0.00000000099999999957 0.00000000099999999957 0.00000000099999999957 0.00000000099999999957 
0.00000000099999999998 0.01170378307444183176 0.00000000099999999998 0.00000418287151281440 0.44051468803833576660 0.31951077293795687728 0.17956134063024040137 0.00000000099999999998 0.04870522944751246031 
0.00000000099999999996 0.00000000099999999996 0.00000000099999999996 0.00000000099999999996 0.47037619214373532772 0.52962380085626470372 0.00000000099999999996 0.00000000099999999996 0.00000000099999999996 
0.00000000099999999996 0.00000000099999999996 0.00000000099999999996 0.00000000099999999996 0.68548105140685999803 0.00000000099999999996 0.00000000099999999996 0.00000000099999999996 0.31451894159314019994 
0.00000000099999999962 0.00000000099999999962 0.99999999200000011523 0.00000000099999999962 0.00000000099999999962 0.00000000099999999962 0.00000000099999999962 0.00000000099999999962 0.00000000099999999962 
0.00000000099999999992 0.99999999200000011523 0.00000000099999999992 0.00000000099999999992 0.00000000099999999992 0.00000000099999999992 0.00000000099999999992 0.00000000099999999992 0.00000000099999999992 
0.00000000099999999993 0.99999999200000022626 0.00000000099999999993 0.00000000099999999993 0.00000000099999999993 0.00000000099999999993 0.00000000099999999993 0.00000000099999999993 0.00000000099999999993 
0.00000000099999999957 0.00000000099999999957 0.99999999200000000421 0.00000000099999999957 0.00000000099999999957 0.00000000099999999957 0.00000000099999999957 0.00000000099999999957 0.00000000099999999957 
0.00000000099999999998 0.00000000099999999998 0.00000000099999999998 0.33052895999840165020 0.27294509329162547351 0.00000000099999999998 0.16207134649361629175 0.00000000099999999998 0.23445459521635667044 
0.00000000099999999999 0.03002682513362163116 0.00000000099999999999 0.31558036660209570767 0.33660370430519775953 0.00000000099999999999 0.17269359484842367047 0.00636508950326526452 0.13873041660739612868 
0.00000000099999999959 0.00000000099999999959 0.99999999200000011523 0.00000000099999999959 0.00000000099999999959 0.00000000099999999959 0.00000000099999999959 0.00000000099999999959 0.00000000099999999959 
0.12617187397723061970 0.00000000099999999998 0.00000000099999999998 0.20931637483428533475 0.26122206640173079029 0.00000469702605279336 0.22599401817723951957 0.00000000099999999998 0.17729096658346085724 
0.00000000099999999990 0.99999999200000011523 0.00000000099999999990 0.00000000099999999990 0.00000000099999999990 0.00000000099999999990 0.00000000099999999990 0.00000000099999999990 0.00000000099999999990 
0.99999999200000022626 0.00000000099999999978 0.00000000099999999978 0.00000000099999999978 0.00000000099999999978 0.00000000099999999978 0.00000000099999999978 0.00000000099999999978 0.00000000099999999978 
