0.00000000099999999997 0.54073232287854144928 0.00000000099999999997 0.44598722260603507195 0.00000000099999999997 0.00000000099999999997 0.00131910392980197399 0.01196134558562148356 0.00000000099999999997 
0.00000000099999999993 0.00000000099999999993 0.99999999200000011523 0.00000000099999999993 0.00000000099999999993 0.00000000099999999993 0.00000000099999999993 0.00000000099999999993 0.00000000099999999993 
0.00000000099999999993 0.00000000099999999993 0.97027074585637596016 0.00000000099999999993 0.00000000099999999993 0.00000000099999999993 0.00000000099999999993 0.02972924714362395332 0.00000000099999999993 
0.11460936921829860402 0.19098752072058530760 0.03382162764953532130 0.20179097340892038215 0.00000000099999999999 0.00000000099999999999 0.00000000099999999999 0.00000000099999999999 0.45879050500266055357 
0.17801381496007132044 0.16082313546959955963 0.00000000099999999999 0.15404085412298995639 0.05901695475113915429 0.00000000099999999999 0.00000000099999999999 0.01568954576033326428 0.43241569193586687492 
0.00000000099999999998 0.08000600614904020136 0.00995998318987528428 0.44905755292684462754 0.00000000099999999998 0.00000000099999999998 0.00111357898976698847 0.00805664986072760977 0.45180622588374530491 
0.00000000099999999992 0.00000000099999999992 0.94570980798222725738 0.00000000099999999992 0.00000000099999999992 0.00000000099999999992 0.00000000099999999992 0.05429018501777270467 0.00000000099999999992 
0.00000000099999999991 0.00000000099999999991 0.99999999200000000421 0.00000000099999999991 0.00000000099999999991 0.00000000099999999991 0.00000000099999999991 0.00000000099999999991 0.00000000099999999991 
0.99999999200000022626 0.00000000099999999990 0.00000000099999999990 0.00000000099999999990 0.00000000099999999990 0.00000000099999999990 0.00000000099999999990 0.00000000099999999990 0.00000000099999999990 
0.00000000099999999994 0.00000000099999999994 0.99999999200000000421 0.00000000099999999994 0.00000000099999999994 0.00000000099999999994 0.00000000099999999994 0.00000000099999999994 0.00000000099999999994 
0.19780710445746998993 0.44609945070543532974 0.00000000099999999999 0.00000000099999999999 0.03247007981812356087 0.00000000099999999999 0.00000000099999999999 0.00000000099999999999 0.32362336001897118454 
0.15901736387000536821 0.17133791487252097996 0.01122927127914089343 0.24507167600696741494 0.02011517413108816765 0.00000000099999999998 0.00647464840080195884 0.00000000099999999998 0.38675394943947510873 
0.00000001049187622914 0.40586474858301629931 0.00000000099999999999 0.28531139058674337416 0.01510966966410507394 0.00000000099999999999 0.00000000099999999999 0.00877867164062260015 0.28493550603363643203 
0.22170942713730656948 0.07157748565717188260 0.00000000099999999999 0.25260907463890874824 0.01569541573305304263 0.00000000099999999999 0.01320431637135715576 0.01925441609279093802 0.40594986236941182911 
0.23876665307444722153 0.35150232622852106701 0.00000000099999999999 0.00000000099999999999 0.01622042392889002510 0.00352446128928325967 0.01457596173257286708 0.00000000099999999999 0.37541017074628557637 
0.17869637673588770199 0.11714228962755930674 0.04199633360035673335 0.17659743796391350057 0.04387025106498447513 0.00000000099999999999 0.02243744973233151654 0.03240465643258338968 0.38685520384238325509 
0.34336983214616995097 0.00000000099999999997 0.00000000099999999997 0.00000000099999999997 0.00000000099999999997 0.00000000099999999997 0.00000000099999999997 0.02036406903058595244 0.63626609282324397832 
0.64450695008937530783 0.00000000099999999997 0.00000000099999999997 0.00000000099999999997 0.00000000099999999997 0.00000000099999999997 0.00000000099999999997 0.00182687818257080688 0.35366616572805414931 
0.13664464645355586803 0.18622300807440825277 0.00000000099999999998 0.18966440460840461313 0.00000000099999999998 0.00000000099999999998 0.00000000099999999998 0.06044628107595861888 0.42702165578767270482 
0.25634694813217534515 0.18426385342744971974 0.00000000099999999997 0.25698940308276307931 0.00000000099999999997 0.00000000099999999997 0.00000000099999999997 0.02391625585824782435 0.27848353549936399887 
0.16112626112144345925 0.38347319075986802117 0.00000000099999999998 0.21943460434653530577 0.00000000099999999998 0.00000000099999999998 0.00000000099999999998 0.00000000099999999998 0.23596593877215332746 
0.00000000099999999997 0.00002205763191145089 0.99997792943683216915 0.00000000099999999997 0.00000000099999999997 0.00000000099999999997 0.00000000099999999997 0.00000000693125645325 0.00000000099999999997 
0.50314153140689721333 0.49685846159310292913 0.00000000099999999996 0.00000000099999999996 0.00000000099999999996 0.00000000099999999996 0.00000000099999999996 0.00000000099999999996 0.00000000099999999996 
0.00000000099999999935 0.00000000099999999935 0.00000000099999999935 0.00000000099999999935 0.99999999200000000421 0.00000000099999999935 0.00000000099999999935 0.00000000099999999935 0.00000000099999999935 
0.00000002993286092256 0.57054268931703921997 0.00740476333961694478 0.41020424227381457882 0.00000000099999999996 0.00000000099999999996 0.00000000099999999996 0.01184827113666839238 0.00000000099999999996 
0.11829555365539398681 0.31822891829987731693 0.00000000099999999998 0.21984686457484789446 0.00000000099999999998 0.00000000099999999998 0.00000000099999999998 0.02038825688776719700 0.32324040258211345078 
0.00000000099999999964 0.00000000099999999964 0.00000000099999999964 0.00000000099999999964 0.00000000099999999964 0.00000000099999999964 0.99999999199999989319 0.00000000099999999964 0.00000000099999999964 
0.00000000099999999963 0.00000000099999999963 0.00000000099999999963 0.00000000099999999963 0.00000000099999999963 0.00000000099999999963 0.99999999200000000421 0.00000000099999999963 0.00000000099999999963 
0.22176497221364468992 0.33149498571275448633 0.00000000099999999999 0.15166450172250078854 0.01828579423207569651 0.00000000099999999999 0.00000000099999999999 0.03156861158904819553 0.24522113152997637719 
0.00000000099999999992 0.00000000099999999992 0.00000000099999999992 0.00000000099999999992 0.00000000099999999992 0.00000000099999999992 0.00000000099999999992 0.00000000099999999992 0.99999999199999989319 
0.17430651570687130669 0.10820460855890631779 0.00000000099999999997 0.32272102175412481495 0.01290305773052713954 0.00000000099999999997 0.00000000099999999997 0.07961581466615645641 0.30224897858341376322 
0.00000000099999999981 0.00000000099999999981 0.73697200352379521604 0.00000000099999999981 0.26302798947620487091 0.00000000099999999981 0.00000000099999999981 0.00000000099999999981 0.00000000099999999981 
0.00000000099999999963 0.00000000099999999963 0.00000000099999999963 0.00000000099999999963 0.64197467526128659809 0.00000000099999999963 0.35802531773871337784 0.00000000099999999963 0.00000000099999999963 
0.53252202686154781475 0.00000000099999999996 0.00000000099999999996 0.00000000099999999996 0.00000000099999999996 0.00000000099999999996 0.00000000099999999996 0.00000000099999999996 0.46747796613845232772 
0.00000000099999999956 0.00000000099999999956 0.00000000099999999956 0.00000000099999999956 0.00000000099999999956 0.99999999200000000421 0.00000000099999999956 0.00000000099999999956 0.00000000099999999956 
0.00000000099999999947 0.00000000099999999947 0.00000000099999999947 0.00000000099999999947 0.00000000099999999947 0.99999999200000011523 0.00000000099999999947 0.00000000099999999947 0.00000000099999999947 
0.00000000099999999947 0.00000000099999999947 0.00000000099999999947 0.00000000099999999947 0.00000000099999999947 0.99999999200000011523 0.00000000099999999947 0.00000000099999999947 0.00000000099999999947 
0.00000000099999999964 0.00000000099999999964 0.00000000099999999964 0.00000000099999999964 0.00000000099999999964 0.00000000099999999964 0.99999999199999989319 0.00000000099999999964 0.00000000099999999964 
0.00000000099999999959 0.00000000099999999959 0.00000000099999999959 0.00000000099999999959 0.00000000099999999959 0.00000000099999999959 0.99999999199999989319 0.00000000099999999959 0.00000000099999999959 
0.00000000099999999988 0.99999999200000022626 0.00000000099999999988 0.00000000099999999988 0.00000000099999999988 0.00000000099999999988 0.00000000099999999988 0.00000000099999999988 0.00000000099999999988 
0.00000000099999999995 0.00000000099999999995 0.99999999200000011523 0.00000000099999999995 0.00000000099999999995 0.00000000099999999995 0.00000000099999999995 0.00000000099999999995 0.00000000099999999995 
0.00000000099999999962 0.00000000099999999962 0.00000000099999999962 0.00000000099999999962 0.00000000099999999962 0.00000000099999999962 0.99999999200000000421 0.00000000099999999962 0.00000000099999999962 
0.99999999200000011523 0.00000000099999999990 0.00000000099999999990 0.00000000099999999990 0.00000000099999999990 0.00000000099999999990 0.00000000099999999990 0.00000000099999999990 0.00000000099999999990 
0.00000000099999999992 0.00000000099999999992 0.99999999200000000421 0.00000000099999999992 0.00000000099999999992 0.00000000099999999992 0.00000000099999999992 0.00000000099999999992 0.00000000099999999992 
0.00000000099999999966 0.00000000099999999966 0.00000000099999999966 0.00000000099999999966 0.00000000099999999966 0.00000000099999999966 0.99999999200000000421 0.00000000099999999966 0.00000000099999999966 
0.00000000099999999995 0.00000000099999999995 0.00000000099999999995 0.00000000099999999995 0.00000000099999999995 0.00000000099999999995 0.00000000099999999995 0.00000000099999999995 0.99999999199999989319 
0.00000000099999999961 0.00000000099999999961 0.00000000099999999961 0.00000000099999999961 0.00000000099999999961 0.00000000099999999961 0.99999999199999989319 0.00000000099999999961 0.00000000099999999961 
0.00000000099999999994 0.00000000099999999994 0.99561522197910168330 0.00000000099999999994 0.00000000099999999994 0.00000000099999999994 0.00000000099999999994 0.00438477102089822497 0.00000000099999999994 
0.00000000099999999990 0.00000000099999999990 0.99999999200000011523 0.00000000099999999990 0.00000000099999999990 0.00000000099999999990 0.00000000099999999990 0.00000000099999999990 0.00000000099999999990 
0.00000000099999999956 0.00000000099999999956 0.00000000099999999956 0.00000000099999999956 0.00000000099999999956 0.00000000099999999956 0.99999999199999989319 0.00000000099999999956 0.00000000099999999956 
0.00000000099999999960 0.00000000099999999960 0.00000000099999999960 0.00000000099999999960 0.00000000099999999960 0.00000000099999999960 0.99999999200000000421 0.00000000099999999960 0.00000000099999999960 
0.00000000099999999995 0.00000000099999999995 0.99999999200000000421 0.00000000099999999995 0.00000000099999999995 0.00000000099999999995 0.00000000099999999995 0.00000000099999999995 0.00000000099999999995 
0.00000000099999999995 0.00000000099999999995 0.99999999200000000421 0.00000000099999999995 0.00000000099999999995 0.00000000099999999995 0.00000000099999999995 0.00000000099999999995 0.00000000099999999995 
0.00000000099999999996 0.00000000099999999996 0.99999999200000000421 0.00000000099999999996 0.00000000099999999996 0.00000000099999999996 0.00000000099999999996 0.00000000099999999996 0.00000000099999999996 
0.00000000099999999968 0.00000000099999999968 0.00000000099999999968 0.00000000099999999968 0.00000000099999999968 0.00000000099999999968 0.99999999200000000421 0.00000000099999999968 0.00000000099999999968 
0.00000000099999999998 0.00000000099999999998 0.01815432065931656819 0.00000000099999999998 0.01558541772385817550 0.00000000099999999998 0.00000001617650925262 0.00000000099999999998 0.96626024044031588733 
0.20310614484891026388 0.29197200565889819268 0.00000000099999999998 0.48563641020987974306 0.00000000099999999998 0.00000000099999999998 0.01928543428231174403 0.00000000099999999998 0.00000000099999999998 
0.00000000099999999990 0.00000000099999999990 0.00000000099999999990 0.99999999200000011523 0.00000000099999999990 0.00000000099999999990 0.00000000099999999990 0.00000000099999999990 0.00000000099999999990 
0.42341036820841693178 0.57658962479158326619 0.00000000099999999996 0.00000000099999999996 0.00000000099999999996 0.00000000099999999996 0.00000000099999999996 0.00000000099999999996 0.00000000099999999996 
0.00000000099999999992 0.00000000099999999992 0.99999999200000000421 0.00000000099999999992 0.00000000099999999992 0.00000000099999999992 0.00000000099999999992 0.00000000099999999992 0.00000000099999999992 
0.00000000099999999998 0.35294029653246139500 0.00000000099999999998 0.00958616381909973420 0.00000000099999999998 0.00000000099999999998 0.00000000099999999998 0.02836562071126661616 0.60910791393717222952 
0.00000000099999999954 0.00000000099999999954 0.00000000099999999954 0.00000000099999999954 0.00000000099999999954 0.99999999200000000421 0.00000000099999999954 0.00000000099999999954 0.00000000099999999954 
0.18631785288847188542 0.11178360022437058841 0.00000000417731976824 0.40660297946490286947 0.00000000099999999998 0.00000000099999999998 0.00233226435764795391 0.00237052614024015106 0.29059277074704681354 
0.00000000099999999955 0.00000000099999999955 0.00000000099999999955 0.00000000099999999955 0.00000000099999999955 0.99999999200000011523 0.00000000099999999955 0.00000000099999999955 0.00000000099999999955 
0.00000000099999999997 0.00000000099999999997 0.00000000099999999997 0.00000000099999999997 0.09629425990374460009 0.00000000099999999997 0.00000000099999999997 0.03213147199521611264 0.87157426210103927655 
0.00000000099999999956 0.00000000099999999956 0.00000000099999999956 0.00000000099999999956 0.00000000099999999956 0.99999999200000011523 0.00000000099999999956 0.00000000099999999956 0.00000000099999999956 
0.00000000099999999990 0.00000000099999999990 0.00000000099999999990 0.76402211831167909928 0.00000000099999999990 0.00000000099999999990 0.00000000099999999990 0.23597787468832093216 0.00000000099999999990 
0.00000000099999999991 0.00000000099999999991 0.00000000099999999991 0.99999999200000000421 0.00000000099999999991 0.00000000099999999991 0.00000000099999999991 0.00000000099999999991 0.00000000099999999991 
0.00000000099999999992 0.00000000099999999992 0.99999999200000000421 0.00000000099999999992 0.00000000099999999992 0.00000000099999999992 0.00000000099999999992 0.00000000099999999992 0.00000000099999999992 
0.00000000099999999993 0.00000000099999999993 0.00000000099999999993 0.00000000099999999993 0.00000000099999999993 0.00000000099999999993 0.00000000099999999993 0.00000000099999999993 0.99999999200000000421 
0.00000000099999999957 0.00000000099999999957 0.00000000099999999957 0.00000000099999999957 0.00000000099999999957 0.99999999200000011523 0.00000000099999999957 0.00000000099999999957 0.00000000099999999957 
0.00000000099999999960 0.00000000099999999960 0.00000000099999999960 0.00000000099999999960 0.00000000099999999960 0.99999999200000000421 0.00000000099999999960 0.00000000099999999960 0.00000000099999999960 
0.31758572455744527030 0.61476853627657401802 0.06764573316598095076 0.00000000099999999996 0.00000000099999999996 0.00000000099999999996 0.00000000099999999996 0.00000000099999999996 0.00000000099999999996 
0.00000000099999999993 0.00000000099999999993 0.99999999200000011523 0.00000000099999999993 0.00000000099999999993 0.00000000099999999993 0.00000000099999999993 0.00000000099999999993 0.00000000099999999993 
0.00000000099999999968 0.00000000099999999968 0.00000000099999999968 0.00000000099999999968 0.00000000099999999968 0.00000000099999999968 0.99999999199999989319 0.00000000099999999968 0.00000000099999999968 
0.00000000099999999993 0.00000000099999999993 0.99999999200000011523 0.00000000099999999993 0.00000000099999999993 0.00000000099999999993 0.00000000099999999993 0.00000000099999999993 0.00000000099999999993 
0.34838479209143669024 0.00001026246498677722 0.01923909777696844806 0.23744282107095490697 0.00003875325005522888 0.00000000099999999998 0.00000000099999999998 0.05379674576861442209 0.34108752557698357455 
0.00000000099999999952 0.00000000099999999952 0.00000000099999999952 0.00000000099999999952 0.00000000099999999952 0.99999999200000000421 0.00000000099999999952 0.00000000099999999952 0.00000000099999999952 
0.00000000099999999953 0.00000000099999999953 0.00000000099999999953 0.00000000099999999953 0.00000000099999999953 0.00000000099999999953 0.99999999200000000421 0.00000000099999999953 0.00000000099999999953 
0.00000000099999999961 0.00000000099999999961 0.00000000099999999961 0.00000000099999999961 0.00000000099999999961 0.99999999200000000421 0.00000000099999999961 0.00000000099999999961 0.00000000099999999961 
0.00000000099999999986 0.99999999200000011523 0.00000000099999999986 0.00000000099999999986 0.00000000099999999986 0.00000000099999999986 0.00000000099999999986 0.00000000099999999986 0.00000000099999999986 
0.00000000099999999990 0.00000000099999999990 0.99999999200000011523 0.00000000099999999990 0.00000000099999999990 0.00000000099999999990 0.00000000099999999990 0.00000000099999999990 0.00000000099999999990 
0.00000000099999999993 0.00000000099999999993 0.98768841538080320852 0.00000000099999999993 0.00000000099999999993 0.00000000099999999993 0.00000000099999999993 0.01231157761919676914 0.00000000099999999993 
0.00000000099999999998 0.00000647203285274228 0.21902418269226914260 0.23244837148057723164 0.03707833575663808251 0.00000000099999999998 0.00000000099999999998 0.02229089382155725885 0.48915174121610555114 
0.29007854605044980367 0.42339666526968633420 0.00000000099999999999 0.16165146975952185415 0.01461465678717340649 0.00000000099999999999 0.01718973861683869078 0.00000000099999999999 0.09306892051633014473 
0.99999999200000011523 0.00000000099999999989 0.00000000099999999989 0.00000000099999999989 0.00000000099999999989 0.00000000099999999989 0.00000000099999999989 0.00000000099999999989 0.00000000099999999989 
0.16762728580473523765 0.18799234977675829961 0.01473461845438139850 0.31681184661552780346 0.00000063622095992990 0.00000000099999999998 0.00000000099999999998 0.01249087704858320956 0.30034238407905400337 
0.30362036909183681699 0.33974027128474071358 0.00000000099999999998 0.00000000099999999998 0.02547680067973284376 0.00000000099999999998 0.00000000099999999998 0.00000000099999999998 0.33116255394368981912 
0.00000000099999999993 0.00000000099999999993 0.00000000099999999993 0.00000000099999999993 0.00000000099999999993 0.00000000099999999993 0.00000000099999999993 0.00000000099999999993 0.99999999199999989319 
0.20126731153336385738 0.18703788612535848790 0.00000000099999999998 0.33570625104315038323 0.01477651470307144929 0.00000000099999999998 0.00000000099999999998 0.00000000099999999998 0.26121203259505587635 
0.19151950380780566330 0.41740736876409556544 0.00000000099999999997 0.39107287916718302956 0.00000000099999999997 0.00000000099999999997 0.00000000099999999997 0.00000000099999999997 0.00000024326091577337 
0.27132555441380812322 0.00000000099999999997 0.03376554717502868591 0.00000000099999999997 0.00000000099999999997 0.00000000099999999997 0.00000000099999999997 0.00000000099999999997 0.69490889241116293729 
0.00000000099999999993 0.00000000099999999993 0.99999999200000011523 0.00000000099999999993 0.00000000099999999993 0.00000000099999999993 0.00000000099999999993 0.00000000099999999993 0.00000000099999999993 
0.00399833233255837694 0.00000000099999999997 0.97874783227448625134 0.00000000099999999997 0.01725382939295533324 0.00000000099999999997 0.00000000099999999997 0.00000000099999999997 0.00000000099999999997 
0.00000000099999999973 0.00000000099999999973 0.00000000099999999973 0.00000000099999999973 0.00000000099999999973 0.99999999200000011523 0.00000000099999999973 0.00000000099999999973 0.00000000099999999973 
0.00000000099999999996 0.00000000099999999996 0.99999999200000000421 0.00000000099999999996 0.00000000099999999996 0.00000000099999999996 0.00000000099999999996 0.00000000099999999996 0.00000000099999999996 
0.00000000099999999996 0.00000000099999999996 0.97000935609007965521 0.02996126123025676449 0.00002937667966360849 0.00000000099999999996 0.00000000099999999996 0.00000000099999999996 0.00000000099999999996 
0.25204292560466889928 0.00000000100030228511 0.01906790216372748412 0.40611813221400100415 0.00000000099999999999 0.00000000099999999999 0.00233039034065520229 0.00855138973198625411 0.31188925694465885474 
0.00000000099999999946 0.00000000099999999946 0.00000000099999999946 0.00000000099999999946 0.00000000099999999946 0.99999999200000011523 0.00000000099999999946 0.00000000099999999946 0.00000000099999999946 
0.99999999200000022626 0.00000000099999999989 0.00000000099999999989 0.00000000099999999989 0.00000000099999999989 0.00000000099999999989 0.00000000099999999989 0.00000000099999999989 0.00000000099999999989 
0.38928382153469187621 0.00000000099999999998 0.00000000099999999998 0.60206143511131526846 0.00000000099999999998 0.00000000099999999998 0.00000000099999999998 0.00865473735399288624 0.00000000099999999998 
0.00000000099999999999 0.08853608619905448118 0.00000000099999999999 0.48826870890220658294 0.02880502505422681200 0.00000000099999999999 0.00322590242744477109 0.00000000099999999999 0.39116427341706738741 
0.29516461190882192778 0.00002513362782915052 0.01044358709376324960 0.29654356130488240817 0.03177446790047792902 0.00000000099999999999 0.00000000099999999999 0.01826948911244299922 0.34777914705178242238 
0.30944844850539598990 0.00000000099999999994 0.00000000099999999994 0.67589811279649880671 0.01465343269810511981 0.00000000099999999994 0.00000000099999999994 0.00000000099999999994 0.00000000099999999994 
0.00000000099999999998 0.41154104050591283626 0.01662782596988609043 0.00000000099999999998 0.00728991206145734264 0.00000000099999999998 0.00000000099999999998 0.00269870376789290139 0.56184251369485072036 
0.13161019472587395795 0.23239023922288751245 0.00000000099999999999 0.26703024334529418260 0.00356779474093913253 0.00000000099999999999 0.00303324196217424511 0.00000000099999999999 0.36236828300283102644 
0.27443154903848931969 0.19870360728227520752 0.00000000099999999998 0.01436468030197140221 0.00000000099999999998 0.00000000099999999998 0.00000000099999999998 0.05417979299898078444 0.45832036637828316161 
0.00000000099999999999 0.00000000099999999999 0.00000000099999999999 0.43986932657291027970 0.00005087359201014013 0.00000000099999999999 0.03200731640151050633 0.00000001302142234291 0.52807246641214655725 
0.43846824150057522873 0.00000000099999999999 0.00000000099999999999 0.17105425750060940238 0.00636634900533324458 0.00000000099999999999 0.00452112023160019996 0.02352199014833065635 0.35606803861355129648 
0.25614080137594247288 0.00000000099999999995 0.00000000099999999995 0.00000000099999999995 0.00000000099999999995 0.00000000099999999995 0.00000000099999999995 0.00000000099999999995 0.74385919162405722549 
0.00000000099999999994 0.00000000099999999994 0.00000000099999999994 0.99999999200000000421 0.00000000099999999994 0.00000000099999999994 0.00000000099999999994 0.00000000099999999994 0.00000000099999999994 
0.99999999200000011523 0.00000000099999999990 0.00000000099999999990 0.00000000099999999990 0.00000000099999999990 0.00000000099999999990 0.00000000099999999990 0.00000000099999999990 0.00000000099999999990 
0.00000000099999999998 0.20730446909954214352 0.00000000099999999998 0.49197979950617698464 0.00000000099999999998 0.00000000099999999998 0.00000000099999999998 0.00000000099999999998 0.30071572539428098603 
0.00000000099999999997 0.00000000099999999997 0.00000000099999999997 0.61337783048867899893 0.00000133285742437924 0.00000000099999999997 0.00000000099999999997 0.00000000099999999997 0.38662083065389679648 
0.27762071290949635882 0.32983069440734774647 0.00713707454259676372 0.32604403346732585556 0.05936471247424943837 0.00000000099999999997 0.00000000099999999997 0.00000000099999999997 0.00000276919898395198 
0.00000000099999999999 0.00000000557702512197 0.00249243529727191269 0.25329187562917671039 0.00000000099999999999 0.00000000099999999999 0.00000000099999999999 0.00784244392583511099 0.73637323557069123137 
0.20554764043925063954 0.23304602419038236705 0.02930830428270260121 0.00000000099999999999 0.03133276993667494931 0.00000000099999999999 0.00000000099999999999 0.00000000099999999999 0.50076525715098940683 
0.00000000099999999999 0.22094715746871693152 0.00000000099999999999 0.31871319976587947354 0.01723866876625461050 0.00000000099999999999 0.00000000099999999999 0.01117062820539786727 0.43193034179375122683 
0.40777930519985466917 0.00000000099999999996 0.00000228289456589510 0.00000000099999999996 0.00000000099999999996 0.00000000099999999996 0.00000000099999999996 0.00889018513660305362 0.58332822176897636268 
0.00000000100000000000 0.27821077533890337108 0.00081787794449252917 0.28199823612297364450 0.05862241907335823815 0.07086574794955770307 0.00000000100000000000 0.00000000100000000000 0.30948494057071457286 
0.15953746124861675759 0.28852340210697480227 0.00000000099999999998 0.19166317724306200510 0.00000000099999999998 0.00000000099999999998 0.00000000099999999998 0.01994692010529379791 0.34032903529605268433 
0.35634271926762006721 0.25502674070635428238 0.00000714257879151483 0.34531607374847378411 0.02662516887880630664 0.00000000099999999997 0.00000000099999999997 0.01668215181995413160 0.00000000099999999997 
0.29039598640724278988 0.06939140223883454028 0.00590807133318820184 0.18790627854011660025 0.03119633585772794981 0.00000000099999999997 0.00000000099999999997 0.03305998071319807274 0.38214194290969188961 
0.00000000099999999988 0.99999999200000022626 0.00000000099999999988 0.00000000099999999988 0.00000000099999999988 0.00000000099999999988 0.00000000099999999988 0.00000000099999999988 0.00000000099999999988 
0.15322167429695240926 0.14812843789154170326 0.00009726411882575891 0.31102946562783317930 0.03896526988361689176 0.00000000099999999998 0.00000000099999999998 0.00000000099999999998 0.34855788518123015374 
0.16793258893533702381 0.29958618323785624060 0.00000000100000000000 0.21700520794954755721 0.03756567529123243376 0.00246690825598550002 0.00076990814084715428 0.00000003524946013504 0.27467349193973417121 
0.32197443779448209344 0.04413705300073483134 0.00003702909420994465 0.22998489143275874236 0.02907186688767456062 0.00000000099999999999 0.00466451622893587509 0.01555074941654658802 0.35457945514465732950 
0.00000000099999999992 0.00000000099999999992 0.00000000099999999992 0.99999999200000000421 0.00000000099999999992 0.00000000099999999992 0.00000000099999999992 0.00000000099999999992 0.00000000099999999992 
0.16567213900460045495 0.22240310715577182865 0.02611540046427948680 0.00000060199272953611 0.00000000099999999996 0.00000000099999999996 0.00000000099999999996 0.00000000099999999996 0.58580874738261867751 
0.00000000099999999992 0.00000000099999999992 0.99999999200000000421 0.00000000099999999992 0.00000000099999999992 0.00000000099999999992 0.00000000099999999992 0.00000000099999999992 0.00000000099999999992 
0.00000000099999999997 0.00000000099999999997 0.98190824445254432096 0.00000000099999999997 0.00000000099999999997 0.00000000099999999997 0.00000000099999999997 0.01809174854745565150 0.00000000099999999997 
0.00000000099999999964 0.00000000099999999964 0.00000000099999999964 0.00000000099999999964 0.00000000099999999964 0.99999999200000011523 0.00000000099999999964 0.00000000099999999964 0.00000000099999999964 
0.00000000099999999955 0.00000000099999999955 0.00000000099999999955 0.00000000099999999955 0.00000000099999999955 0.00000000099999999955 0.99999999199999989319 0.00000000099999999955 0.00000000099999999955 
0.00000000099999999998 0.00000000099999999998 0.87423608841323663388 0.00000000099999999998 0.02530660727561286072 0.00000000099999999998 0.00152156502951267649 0.09893573428163789096 0.00000000099999999998 
0.00000000099999999990 0.00000000099999999990 0.00000000099999999990 0.99999999200000011523 0.00000000099999999990 0.00000000099999999990 0.00000000099999999990 0.00000000099999999990 0.00000000099999999990 
0.21045263581403547692 0.15787867953663317633 0.01148733469469525280 0.29167254303554662753 0.00000000099999999999 0.00000000099999999999 0.00000000099999999999 0.03844420844829381928 0.29006459547079566086 
0.00000000099999999993 0.00000000099999999993 0.92569704921247564222 0.00000000099999999993 0.00000000099999999993 0.00000000099999999993 0.00000000099999999993 0.07430294378752441697 0.00000000099999999993 
0.10848478559166523094 0.17535849061500471957 0.01100991699247949943 0.39678992410327285079 0.00000000099999999998 0.00000000099999999998 0.00000000099999999998 0.00000000099999999998 0.30835687869757782975 
0.18274479588832720500 0.00000014184475282320 0.00000000099999999998 0.52978768117030283769 0.00913557689751904808 0.00000000099999999998 0.00488932816767461819 0.01470211578293443774 0.25874035824848889975 
0.00000000099999999997 0.18729848872333904053 0.00000000099999999997 0.00000000099999999997 0.00000000099999999997 0.00000000099999999997 0.00000000099999999997 0.05625969720579396954 0.75644180807086702778 
0.00000000099999999953 0.00000000099999999953 0.00000000099999999953 0.00000000099999999953 0.00000000099999999953 0.99999999200000000421 0.00000000099999999953 0.00000000099999999953 0.00000000099999999953 
0.00000000099999999955 0.00000000099999999955 0.00000000099999999955 0.00000000099999999955 0.00000000099999999955 0.99999999200000011523 0.00000000099999999955 0.00000000099999999955 0.00000000099999999955 
0.00000000099999999946 0.00000000099999999946 0.00000000099999999946 0.00000000099999999946 0.00000000099999999946 0.99999999200000000421 0.00000000099999999946 0.00000000099999999946 0.00000000099999999946 
0.00000000099999999948 0.00000000099999999948 0.00000000099999999948 0.00000000099999999948 0.00000000099999999948 0.99999999200000011523 0.00000000099999999948 0.00000000099999999948 0.00000000099999999948 
0.00000000099999999950 0.00000000099999999950 0.00000000099999999950 0.00000000099999999950 0.00000000099999999950 0.99999999200000000421 0.00000000099999999950 0.00000000099999999950 0.00000000099999999950 
0.00000000099999999995 0.00000000099999999995 0.97052326322826898419 0.00000000099999999995 0.00000000099999999995 0.00000000099999999995 0.00000000099999999995 0.02947672977173109235 0.00000000099999999995 
0.00000000099999999998 0.50315301436859805051 0.00000000099999999998 0.00000000099999999998 0.02022213789948192064 0.00000000099999999998 0.00000000099999999998 0.00000000571204791442 0.47662483701987218287 
0.00000000099999999949 0.00000000099999999949 0.00000000099999999949 0.00000000099999999949 0.00000000099999999949 0.99999999200000011523 0.00000000099999999949 0.00000000099999999949 0.00000000099999999949 
0.00000000099999999957 0.00000000099999999957 0.00000000099999999957 0.00000000099999999957 0.00000000099999999957 0.99999999200000000421 0.00000000099999999957 0.00000000099999999957 0.00000000099999999957 
0.00000000099999999953 0.00000000099999999953 0.00000000099999999953 0.00000000099999999953 0.00000000099999999953 0.00000000099999999953 0.99999999199999989319 0.00000000099999999953 0.00000000099999999953 
0.00000000099999999954 0.00000000099999999954 0.00000000099999999954 0.00000000099999999954 0.00000000099999999954 0.00000000099999999954 0.99999999200000000421 0.00000000099999999954 0.00000000099999999954 
0.37690380417931595991 0.00000000099999999997 0.00000000099999999997 0.00000000099999999997 0.00000000099999999997 0.00000000099999999997 0.00000000099999999997 0.01403134425009627123 0.60906484557058759854 
0.00000000099999999953 0.00000000099999999953 0.00000000099999999953 0.00000000099999999953 0.00000000099999999953 0.99999999200000000421 0.00000000099999999953 0.00000000099999999953 0.00000000099999999953 
0.00000000099999999991 0.00000000099999999991 0.00000000099999999991 0.99999999200000011523 0.00000000099999999991 0.00000000099999999991 0.00000000099999999991 0.00000000099999999991 0.00000000099999999991 
0.32179233437977261545 0.00000000099999999997 0.00000000099999999997 0.00000000099999999997 0.00000000099999999997 0.00000000099999999997 0.00000000099999999997 0.00652553932535331928 0.67168212029487395220 
0.07911908251705733475 0.00000000099999999996 0.92088091048294273833 0.00000000099999999996 0.00000000099999999996 0.00000000099999999996 0.00000000099999999996 0.00000000099999999996 0.00000000099999999996 
0.48888016971487374684 0.49754467063762103374 0.00000000099999999995 0.00000883510665585246 0.00000000099999999995 0.00000000099999999995 0.00000000099999999995 0.01356631954084947314 0.00000000099999999995 
0.00000000099999999991 0.00000000099999999991 0.99999999200000000421 0.00000000099999999991 0.00000000099999999991 0.00000000099999999991 0.00000000099999999991 0.00000000099999999991 0.00000000099999999991 
0.36016706814358301347 0.00000010382781700968 0.00000000099999999998 0.58967448259216470596 0.03535091341162220624 0.00000000099999999998 0.00000000099999999998 0.01480742802481304146 0.00000000099999999998 
0.00000000099999999992 0.00000000099999999992 0.99999999200000000421 0.00000000099999999992 0.00000000099999999992 0.00000000099999999992 0.00000000099999999992 0.00000000099999999992 0.00000000099999999992 
0.24965422327923844636 0.19852948120025007417 0.00000000099999999999 0.48623077436214168223 0.04617504628436477909 0.00000000099999999999 0.00146616497417150458 0.01794430689983356544 0.00000000099999999999 
0.00000000099999999997 0.00000000099999999997 0.00000000099999999997 0.00000000099999999997 0.00000000099999999997 0.00000000099999999997 0.00000000099999999997 0.00364873006410311755 0.99635126293589681978 
0.00000000099999999957 0.00000000099999999957 0.00000000099999999957 0.00000000099999999957 0.00000000099999999957 0.99999999200000011523 0.00000000099999999957 0.00000000099999999957 0.00000000099999999957 
0.00000000099999999992 0.00000000099999999992 0.99999999200000011523 0.00000000099999999992 0.00000000099999999992 0.00000000099999999992 0.00000000099999999992 0.00000000099999999992 0.00000000099999999992 
0.00000000099999999950 0.00000000099999999950 0.00000000099999999950 0.00000000099999999950 0.00000000099999999950 0.99999999200000000421 0.00000000099999999950 0.00000000099999999950 0.00000000099999999950 
0.00000000099999999948 0.00000000099999999948 0.00000000099999999948 0.00000000099999999948 0.00000000099999999948 0.99999999200000000421 0.00000000099999999948 0.00000000099999999948 0.00000000099999999948 
0.19717668088458706332 0.00000000099999999998 0.00000000099999999998 0.00000000099999999998 0.03675174491270095933 0.00000000099999999998 0.00000000099999999998 0.01460358106678099482 0.75146798813593107536 
0.31193496637635875768 0.28000743594503613165 0.02124316797186408604 0.22327710046739332461 0.00000000099999999998 0.00000000099999999998 0.00000000099999999998 0.01803995894586935683 0.14549736729347842457 
0.17719973626832058455 0.00000001741345819324 0.00000000099999999997 0.33699050642126981980 0.00000000099999999997 0.00000000099999999997 0.00000000099999999997 0.00000000099999999997 0.48580973489695161716 
0.28811045998920620237 0.00003906384841701302 0.00000000099999999997 0.25319627266976146851 0.05218456579971624681 0.00000000099999999997 0.00000000099999999997 0.00000000099999999997 0.40646963369289906831 
0.00000000099999999998 0.37580484574267375431 0.00000000099999999998 0.00000001361305096841 0.03789871830012772613 0.00000000099999999998 0.00000000099999999998 0.02484295755615711573 0.56145346078799029943 
0.15851217462081534926 0.29668634466751614420 0.00669217581242127248 0.26629211122200674433 0.01804167588746771744 0.00000000099999999998 0.00000000201158421310 0.01573806305334888786 0.23803745172483969927 
0.99999999200000011523 0.00000000099999999986 0.00000000099999999986 0.00000000099999999986 0.00000000099999999986 0.00000000099999999986 0.00000000099999999986 0.00000000099999999986 0.00000000099999999986 
0.00000000099999999996 0.03521723153408204410 0.96478276146591801510 0.00000000099999999996 0.00000000099999999996 0.00000000099999999996 0.00000000099999999996 0.00000000099999999996 0.00000000099999999996 
0.00000000099999999996 0.48835993507681141335 0.00000000099999999996 0.01590773508070556994 0.00000000099999999996 0.00000000099999999996 0.00000000099999999996 0.02685664104570693878 0.46887568379677624364 
0.00000000099999999948 0.00000000099999999948 0.00000000099999999948 0.00000000099999999948 0.00000000099999999948 0.99999999200000011523 0.00000000099999999948 0.00000000099999999948 0.00000000099999999948 
0.00000000099999999988 0.99999999200000011523 0.00000000099999999988 0.00000000099999999988 0.00000000099999999988 0.00000000099999999988 0.00000000099999999988 0.00000000099999999988 0.00000000099999999988 
0.00000000099999999984 0.00000000099999999984 0.00000000099999999984 0.00000000099999999984 0.00000000099999999984 0.99999999200000011523 0.00000000099999999984 0.00000000099999999984 0.00000000099999999984 
0.00000000099999999955 0.00000000099999999955 0.00000000099999999955 0.00000000099999999955 0.00000000099999999955 0.99999999200000011523 0.00000000099999999955 0.00000000099999999955 0.00000000099999999955 
0.16068740276756118823 0.12250168320452455017 0.01026497815044721991 0.39096204577211030040 0.00000571449414177716 0.00000000099999999998 0.00000000099999999998 0.03331314138052821755 0.28226503223068682980 
0.37390881166313744144 0.32422748478131974137 0.00000000099999999997 0.00000000099999999997 0.00000000099999999997 0.00000000099999999997 0.00000000099999999997 0.00000000099999999997 0.30186369755554293137 
0.00000000099999999995 0.00000000099999999995 0.00000000099999999995 0.00000000099999999995 0.00000000099999999995 0.00000000099999999995 0.00000000099999999995 0.00000000099999999995 0.99999999199999989319 
0.00000000099999999960 0.00000000099999999960 0.00000000099999999960 0.00000000099999999960 0.00000000099999999960 0.99999999200000011523 0.00000000099999999960 0.00000000099999999960 0.00000000099999999960 
0.00000000099999999992 0.00000000099999999992 0.99999999200000011523 0.00000000099999999992 0.00000000099999999992 0.00000000099999999992 0.00000000099999999992 0.00000000099999999992 0.00000000099999999992 
0.00000000099999999993 0.00000000099999999993 0.99999999200000011523 0.00000000099999999993 0.00000000099999999993 0.00000000099999999993 0.00000000099999999993 0.00000000099999999993 0.00000000099999999993 
0.00000000099999999956 0.00000000099999999956 0.00000000099999999956 0.00000000099999999956 0.00000000099999999956 0.99999999200000011523 0.00000000099999999956 0.00000000099999999956 0.00000000099999999956 
0.00000000099999999995 0.00000000099999999995 0.00000000099999999995 0.00000000099999999995 0.00000000099999999995 0.00000000099999999995 0.00000000099999999995 0.00000000099999999995 0.99999999200000000421 
0.06145121494025298364 0.20275737374919722278 0.03640262141916081329 0.00000011599219411184 0.00000000099999999999 0.00000000099999999999 0.00153082249479139258 0.00000202654723093968 0.69785582285717251416 
0.00000000099999999958 0.00000000099999999958 0.00000000099999999958 0.00000000099999999958 0.00000000099999999958 0.99999999200000000421 0.00000000099999999958 0.00000000099999999958 0.00000000099999999958 
0.29091749317046161627 0.12687123842098091409 0.00000000099999999998 0.50933711704391060326 0.05578332943097862734 0.00000000099999999998 0.00000000099999999998 0.00000000099999999998 0.01709081793366816829 
0.00000000099999999990 0.00000000099999999990 0.99999999200000000421 0.00000000099999999990 0.00000000099999999990 0.00000000099999999990 0.00000000099999999990 0.00000000099999999990 0.00000000099999999990 
0.00000000099999999894 0.00000000099999999894 0.00000000099999999894 0.00000000099999999894 0.00000000099999999894 0.00000000099999999894 0.00000000099999999894 0.99999999200000000421 0.00000000099999999894 
