0.63126735403826816917 0.02509962154500145273 0.34363300141516078812 0.00000000100000000000 0.00000002200156962996 
0.00000000099999999996 0.00000000099999999996 0.00000000099999999996 0.00000000099999999996 0.99999999600000000211 
0.00000000099999999996 0.00000000099999999996 0.00000000099999999996 0.00000000099999999996 0.99999999599999989108 
0.57227610764861347459 0.00310700650034898516 0.38979819957042510792 0.00000000099999999999 0.03481868528061230622 
0.49903081634627116658 0.01094850827716254728 0.49002067337656635138 0.00000000100000000000 0.00000000100000000000 
0.55575424258423444801 0.00390374056710215533 0.41631730431762797862 0.00000000099999999999 0.02402471153103548016 
0.00000000099999999997 0.00000000099999999997 0.00000000099999999997 0.00000000099999999997 0.99999999600000000211 
0.00000000099999999995 0.00000000099999999995 0.00000000099999999995 0.00000000099999999995 0.99999999599999989108 
0.49392443782065648117 0.01599209959809169343 0.48960608243728859224 0.00000000099999999999 0.00047737914396315953 
0.00000000099999999996 0.00000000099999999996 0.00000000099999999996 0.00000000099999999996 0.99999999600000000211 
0.42690455507769342613 0.01057455193929146033 0.55114938798725110480 0.00000000100000000000 0.01137150399576416192 
0.48091710749214716669 0.00796264482844911102 0.49725813359694548410 0.00000000099999999999 0.01386211308245825780 
0.62374330151985724058 0.00487960396842052578 0.37137709251172218439 0.00000000100000000000 0.00000000100000000000 
0.99910300043026079031 0.00089699656973924661 0.00000000099999999998 0.00000000099999999998 0.00000000099999999998 
0.61932134477085343249 0.01939352725317389226 0.35717104884852657332 0.00411407812744599057 0.00000000100000000000 
0.49578687189743930741 0.03061745647939155199 0.41942671064120795599 0.00000000099999999999 0.05416895998196126494 
0.55864575596383991840 0.00000000099999999999 0.44135405865159166305 0.00000000099999999999 0.00000018338456856893 
0.53261382491144504403 0.00316769179204520746 0.45840788560292095033 0.00581059669358873539 0.00000000099999999999 
0.63114276695571192022 0.00760599371009963547 0.35457404791704050240 0.00667719041714792943 0.00000000100000000000 
0.60939259594678407694 0.00386264243030715266 0.38674475962290871811 0.00000000099999999998 0.00000000099999999998 
0.63373473818695724713 0.00000000099999999999 0.36626525881304289323 0.00000000099999999999 0.00000000099999999999 
0.00000000099999999997 0.00000000099999999997 0.00000000099999999997 0.00000000099999999997 0.99999999600000000211 
0.41248111496970735201 0.00000000099999999999 0.57026866123222574867 0.00000000099999999999 0.01725022179806687261 
0.00000000099999999994 0.00000000099999999994 0.99999999600000000211 0.00000000099999999994 0.00000000099999999994 
0.42713521302805679269 0.00000000099999999998 0.55371846564565041504 0.00000000099999999998 0.01914631932629287658 
0.52384988008332278309 0.00242303266961445534 0.47372708524706291788 0.00000000099999999999 0.00000000099999999999 
0.00000000099999999983 0.99999999600000011313 0.00000000099999999983 0.00000000099999999983 0.00000000099999999983 
0.00000000099999999980 0.99999999600000011313 0.00000000099999999980 0.00000000099999999980 0.00000000099999999980 
0.51562845530219025836 0.00797306349849810810 0.47639847919931149756 0.00000000100000000000 0.00000000100000000000 
0.54285979319549637623 0.01189921622658104278 0.44524098857792249184 0.00000000099999999999 0.00000000099999999999 
0.58262359196628077385 0.00000000099999999999 0.39778493752884624968 0.00000000099999999999 0.01959146850487309549 
0.00000000099999999997 0.00000000099999999997 0.00000740969280718754 0.00000000099999999997 0.99999258730719275956 
0.00000000099999999996 0.35925187317858120473 0.43436608066075493850 0.00000000099999999996 0.20638204416066391333 
0.64582412890808293948 0.00000000099999999999 0.35417586809191720087 0.00000000099999999999 0.00000000099999999999 
0.00000000099999999980 0.00000000099999999980 0.00000000099999999980 0.99999999599999989108 0.00000000099999999980 
0.00000000099999999975 0.00000000099999999975 0.00000000099999999975 0.99999999600000000211 0.00000000099999999975 
0.00000000099999999975 0.00000000099999999975 0.00000000099999999975 0.99999999599999989108 0.00000000099999999975 
0.00000000099999999984 0.99999999600000000211 0.00000000099999999984 0.00000000099999999984 0.00000000099999999984 
0.00000000099999999982 0.99999999600000011313 0.00000000099999999982 0.00000000099999999982 0.00000000099999999982 
0.63115235216271403651 0.00021337762614579445 0.36863426821114014809 0.00000000099999999999 0.00000000099999999999 
0.00000000099999999997 0.00000000099999999997 0.00000000099999999997 0.00000000099999999997 0.99999999600000000211 
0.00000000099999999982 0.99999999600000011313 0.00000000099999999982 0.00000000099999999982 0.00000000099999999982 
0.50549342528229934679 0.00948265522922345921 0.46518237283079588718 0.00000000099999999999 0.01984154565768149470 
0.00000000099999999995 0.00000000099999999995 0.00000000099999999995 0.00000000099999999995 0.99999999600000000211 
0.00000000099999999985 0.99999999600000011313 0.00000000099999999985 0.00000000099999999985 0.00000000099999999985 
0.54344631655892960964 0.00675803367569621262 0.43861630126852829692 0.00000000099999999999 0.01117934749684578941 
0.00000000099999999983 0.99999999600000000211 0.00000000099999999983 0.00000000099999999983 0.00000000099999999983 
0.00000000099999999996 0.00000000099999999996 0.00000000099999999996 0.00000000099999999996 0.99999999600000000211 
0.00000000099999999994 0.00000000099999999994 0.00000000099999999994 0.00000000099999999994 0.99999999600000000211 
0.00000000099999999980 0.99999999600000000211 0.00000000099999999980 0.00000000099999999980 0.00000000099999999980 
0.00000000099999999982 0.99999999600000011313 0.00000000099999999982 0.00000000099999999982 0.00000000099999999982 
0.00000000099999999996 0.00000000099999999996 0.00000000099999999996 0.00000000099999999996 0.99999999599999989108 
0.00000000099999999996 0.00000000099999999996 0.00000000099999999996 0.00000000099999999996 0.99999999599999989108 
0.00000826879748765380 0.00000000099999999997 0.00000000099999999997 0.00000000099999999997 0.99999172820251236438 
0.00000000099999999985 0.99999999600000000211 0.00000000099999999985 0.00000000099999999985 0.00000000099999999985 
0.64466627707048373974 0.01683499247216245498 0.29895497943932303198 0.00000000100000000000 0.03954375001803084322 
0.52974504079507622745 0.02697334516656393205 0.44328161203835997339 0.00000000100000000000 0.00000000100000000000 
0.99999999600000011313 0.00000000099999999996 0.00000000099999999996 0.00000000099999999996 0.00000000099999999996 
0.63736641832932472429 0.00295211336990494578 0.35030035842886875219 0.00000000099999999999 0.00938110887190164201 
0.00000000099999999996 0.00000000099999999996 0.00000000099999999996 0.00000000099999999996 0.99999999599999989108 
0.48111521372360305238 0.00579857399117219858 0.51308621028522483076 0.00000000100000000000 0.00000000100000000000 
0.00000000099999999979 0.00000000099999999979 0.00000000099999999979 0.99999999600000000211 0.00000000099999999979 
0.99999999600000000211 0.00000000099999999996 0.00000000099999999996 0.00000000099999999996 0.00000000099999999996 
0.00000000099999999979 0.00000000099999999979 0.00000000099999999979 0.99999999600000000211 0.00000000099999999979 
0.00000000099999999996 0.00000000099999999996 0.99999999599999989108 0.00000000099999999996 0.00000000099999999996 
0.00000000099999999980 0.00000000099999999980 0.00000000099999999980 0.99999999599999989108 0.00000000099999999980 
0.61380217822064730981 0.00395697768957944691 0.37698832519228414606 0.00000000099999999999 0.00525251789748912724 
0.62672039086907305183 0.00724826315176563350 0.35862659229349963530 0.00000000100000000000 0.00740475268566174755 
0.00000000099999999994 0.00000000099999999994 0.00000000099999999994 0.00000000099999999994 0.99999999599999989108 
0.73825894872233677191 0.00000000099999999997 0.26174104827766325743 0.00000000099999999997 0.00000000099999999997 
0.00000000099999999980 0.00000000099999999980 0.00000000099999999980 0.99999999599999989108 0.00000000099999999980 
0.00000000099999999982 0.00000000099999999982 0.00000000099999999982 0.99999999599999989108 0.00000000099999999982 
0.00000000099999999998 0.00000000099999999998 0.95545986631333679195 0.00000000099999999998 0.04454013068666330677 
0.00000000099999999995 0.00000000099999999995 0.00000000099999999995 0.00000000099999999995 0.99999999599999989108 
0.00000000099999999985 0.99999999600000011313 0.00000000099999999985 0.00000000099999999985 0.00000000099999999985 
0.00000000099999999995 0.00000000099999999995 0.00000000099999999995 0.00000000099999999995 0.99999999599999989108 
0.65733956016586336801 0.00000000099999999999 0.30462658205026249547 0.00000000099999999999 0.03803385578387403348 
0.00000000099999999978 0.00000000099999999978 0.00000000099999999978 0.99999999600000000211 0.00000000099999999978 
0.00000000099999999979 0.99999999600000000211 0.00000000099999999979 0.00000000099999999979 0.00000000099999999979 
0.00000000099999999982 0.00000000099999999982 0.00000000099999999982 0.99999999599999989108 0.00000000099999999982 
0.45988069134709030905 0.01884035790942402075 0.51928014699792468534 0.00199880274556095069 0.00000000100000000000 
0.00000000099999999994 0.00000000099999999994 0.00000000099999999994 0.00000000099999999994 0.99999999599999989108 
0.00000000099999999995 0.00000000099999999995 0.00000000099999999995 0.00000000099999999995 0.99999999600000000211 
0.77376513326113005586 0.00000000099999999998 0.00000000099999999998 0.00000000099999999998 0.22623486373887000123 
0.40742322325654356518 0.02139885647792380552 0.57073096997446937095 0.00000000099999999999 0.00044694929106323556 
0.40642867603153626233 0.00000000099999999999 0.58545883794033926062 0.00000000099999999999 0.00811248402812449719 
0.58475730482315546599 0.00000000099999999999 0.39585721663318251817 0.00000000099999999999 0.01938547654366214526 
0.43455396688557562657 0.00000000099999999999 0.56544603011442429175 0.00000000099999999999 0.00000000099999999999 
0.52668131391433137267 0.00000000099999999998 0.47331868308566882320 0.00000000099999999998 0.00000000099999999998 
0.70159047256456841257 0.00000000099999999998 0.29563862604739421514 0.00000000099999999998 0.00277089938803746745 
0.64969768862480981042 0.00704719802631823856 0.33842225390926339301 0.00000000099999999999 0.00483285843960838939 
0.49618637162308232291 0.00000000099999999999 0.46985356162489366749 0.00000000099999999999 0.03396006475202389269 
0.00000000099999999996 0.00000000099999999996 0.00000000099999999996 0.00000000099999999996 0.99999999599999989108 
0.00000000099999999998 0.00000000099999999998 0.00606881266628836458 0.00000000099999999998 0.99393118433371152598 
0.00000000099999999988 0.00000000099999999988 0.00000000099999999988 0.99999999599999989108 0.00000000099999999988 
0.00000000099999999997 0.00000000099999999997 0.00000000099999999997 0.00000000099999999997 0.99999999600000000211 
0.00000000099999999998 0.00000000099999999998 0.00000000099999999998 0.00000000099999999998 0.99999999600000000211 
0.68381654399749369766 0.00885538542765336271 0.29104125586360918287 0.00000000099999999999 0.01628681371124382146 
0.00000000099999999975 0.00000000099999999975 0.00000000099999999975 0.99999999600000000211 0.00000000099999999975 
0.53066391805856727437 0.00370433318491905335 0.46563174675651375356 0.00000000099999999999 0.00000000099999999999 
0.65128554687053197281 0.00450681259664193878 0.33392945209623653424 0.00000000099999999999 0.01027818743658963883 
0.62320912680918372217 0.00610984461045121878 0.37068101710637840762 0.00000001047398666756 0.00000000100000000000 
0.49693216906074072492 0.00383687310784468346 0.47998343117990710516 0.00000000100000000000 0.01924752565150747094 
0.50492542747386992552 0.00000000100000000000 0.49507456952613010381 0.00000000100000000000 0.00000000100000000000 
0.38209084619769745350 0.00000000099999999999 0.58691533678331164747 0.00000000099999999999 0.03099381501899084457 
0.55114536884650966453 0.00472609237805166234 0.44412853677543862041 0.00000000099999999999 0.00000000099999999999 
0.64138680911520307149 0.00731829657273179619 0.34228816594471395129 0.00000000099999999999 0.00900672736735107227 
0.56266008209942786067 0.02995411215365365726 0.39554448959280641418 0.00320870669235726047 0.00863260946175476405 
0.47250734464725180350 0.01281353048347382700 0.51467912286927430809 0.00000000099999999999 0.00000000099999999999 
0.54259036213859934694 0.00000000099999999998 0.45740963486140068239 0.00000000099999999998 0.00000000099999999998 
0.48872215492881992960 0.02531673808444515061 0.46539982690652287323 0.00000189812227119384 0.02055938195794072831 
0.99999999600000000211 0.00000000099999999997 0.00000000099999999997 0.00000000099999999997 0.00000000099999999997 
0.62111251629669572694 0.00000000100000000000 0.37484843665069061958 0.00000000100000000000 0.00403904505261389480 
0.63883161756005935050 0.00000000099999999999 0.36116837943994067883 0.00000000099999999999 0.00000000099999999999 
0.51612428140767452334 0.00000000099999999999 0.45692736620681306814 0.00000000099999999999 0.02694835038551252407 
0.58931539424908374603 0.00760473552949541328 0.39444283473940655593 0.00000000100000000000 0.00863703448201435207 
0.52477852619886689034 0.00000000099999999999 0.44114693341780586433 0.00000000099999999999 0.03407453838332732271 
0.99999999600000000211 0.00000000099999999997 0.00000000099999999997 0.00000000099999999997 0.00000000099999999997 
0.00000000099999999996 0.00000000099999999996 0.99999999599999989108 0.00000000099999999996 0.00000000099999999996 
0.32791338878715753369 0.00720621480815681389 0.58654413784643255614 0.06840658726201299944 0.00992967129624016016 
0.45018893330872544745 0.00000000099999999998 0.54981106369127463740 0.00000000099999999998 0.00000000099999999998 
0.00000000099999999995 0.00000000099999999995 0.99999999600000000211 0.00000000099999999995 0.00000000099999999995 
0.51522040083745579420 0.00000000099999999998 0.46318502467046651638 0.00000000099999999998 0.02159457249207778415 
0.47904378468530517399 0.01572410979482323154 0.50523210351987157818 0.00000000099999999999 0.00000000099999999999 
0.58612888644527960658 0.00000000099999999998 0.40482088059547172154 0.00000000099999999998 0.00905023095924871630 
0.46567722581943515880 0.00467919334505845306 0.52848485329948946543 0.00115861761677169624 0.00000010991924525859 
0.46261480304512464512 0.00838545823845530947 0.52191537582714953025 0.00000000099999999999 0.00708436188927063018 
0.65732738430398474083 0.00000049754237914364 0.34267211615363607491 0.00000000099999999999 0.00000000099999999999 
0.56801270781166646184 0.00000000099999999998 0.40163530686665288583 0.00000000099999999998 0.03035198332168084767 
0.00000000099999999995 0.00000000099999999995 0.00000000099999999995 0.00000000099999999995 0.99999999599999989108 
0.00000000099999999998 0.00000000099999999998 0.00000000099999999998 0.00000000099999999998 0.99999999600000000211 
0.00000000099999999983 0.00000000099999999983 0.00000000099999999983 0.99999999600000000211 0.00000000099999999983 
0.00000000099999999980 0.99999999600000000211 0.00000000099999999980 0.00000000099999999980 0.00000000099999999980 
0.07099800093147314028 0.03540549360522673994 0.00000000099999999999 0.00000000099999999999 0.89359650346330010695 
0.71016560419791296965 0.00000000099999999998 0.28194378377109402534 0.00000000099999999998 0.00789061003099305464 
0.99999999434998665393 0.00000000099999999998 0.00000000099999999998 0.00000000099999999998 0.00000000265001354050 
0.00000000099999999999 0.00404252655248450027 0.00000000099999999999 0.00000000099999999999 0.99595747044751548049 
0.99999999600000000211 0.00000000099999999997 0.00000000099999999997 0.00000000099999999997 0.00000000099999999997 
0.61669653843142646643 0.01098792625242775954 0.37231553331614575253 0.00000000099999999998 0.00000000099999999998 
0.59598190213546498040 0.00199711756546133712 0.40202097829907373905 0.00000000099999999999 0.00000000099999999999 
0.00000000099999999978 0.00000000099999999978 0.00000000099999999978 0.99999999599999989108 0.00000000099999999978 
0.00000000099999999979 0.00000000099999999979 0.00000000099999999979 0.99999999600000000211 0.00000000099999999979 
0.00000000099999999975 0.00000000099999999975 0.00000000099999999975 0.99999999599999989108 0.00000000099999999975 
0.00000000099999999976 0.00000000099999999976 0.00000000099999999976 0.99999999600000000211 0.00000000099999999976 
0.00000000099999999976 0.00000000099999999976 0.00000000099999999976 0.99999999600000000211 0.00000000099999999976 
0.00000000099999999998 0.00000000099999999998 0.00000000099999999998 0.00000000099999999998 0.99999999599999989108 
0.45603972740253589935 0.01161269362189880534 0.53234750703394784210 0.00000000100000000000 0.00000007094161749101 
0.00000000099999999976 0.00000000099999999976 0.00000000099999999976 0.99999999600000000211 0.00000000099999999976 
0.00000000099999999980 0.00000000099999999980 0.00000000099999999980 0.99999999599999989108 0.00000000099999999980 
0.00000000099999999979 0.99999999600000011313 0.00000000099999999979 0.00000000099999999979 0.00000000099999999979 
0.00000000099999999979 0.99999999600000011313 0.00000000099999999979 0.00000000099999999979 0.00000000099999999979 
0.55983506699370078064 0.00000000099999999999 0.44016493000629919319 0.00000000099999999999 0.00000000099999999999 
0.00000000099999999978 0.00000000099999999978 0.00000000099999999978 0.99999999599999989108 0.00000000099999999978 
0.60802510112008756327 0.00000000100000000000 0.38268778637706635237 0.00000000100000000000 0.00928711050284605939 
0.99999999600000011313 0.00000000099999999996 0.00000000099999999996 0.00000000099999999996 0.00000000099999999996 
0.00000000099999999998 0.00000000099999999998 0.04876721196664160485 0.00000000099999999998 0.95123278503335839673 
0.41307082512934112373 0.00000000099999999998 0.58356143720982911471 0.00000000099999999998 0.00336773566082985412 
0.00000000099999999994 0.00000000099999999994 0.00000000099999999994 0.00000000099999999994 0.99999999599999989108 
0.56537723777315784801 0.00503667835964086239 0.41310176760002381702 0.00000000099999999999 0.01648431526717751908 
0.00000000099999999995 0.00000000099999999995 0.00000000099999999995 0.00000000099999999995 0.99999999599999989108 
0.99999999600000000211 0.00000000099999999998 0.00000000099999999998 0.00000000099999999998 0.00000000099999999998 
0.55136423814403368038 0.01239045954904448472 0.43624530030692187932 0.00000000099999999999 0.00000000099999999999 
0.00000000099999999980 0.00000000099999999980 0.00000000099999999980 0.99999999600000000211 0.00000000099999999980 
0.00000000099999999996 0.00000000099999999996 0.00000000099999999996 0.00000000099999999996 0.99999999599999989108 
0.00000000099999999976 0.00000000099999999976 0.00000000099999999976 0.99999999599999989108 0.00000000099999999976 
0.00000000099999999976 0.00000000099999999976 0.00000000099999999976 0.99999999600000000211 0.00000000099999999976 
0.64331051022342522483 0.00000000099999999999 0.35323813423070660189 0.00000000099999999999 0.00345135354586825977 
0.44680738136154396489 0.00000000099999999999 0.53112154668174615946 0.00000000099999999999 0.02207106995670981078 
0.67376451254466140917 0.00000000099999999998 0.32441360172215572000 0.00000000099999999998 0.00182188373318283546 
0.56899436109399448291 0.00309753661070676003 0.42790806982338963627 0.00000000099999999999 0.00000003147190903594 
0.46315499071275928467 0.01023829436716466867 0.52660196669085412857 0.00000000099999999999 0.00000474722922207943 
0.51807919190503060047 0.00798983124749071821 0.46183036247202313707 0.00000000099999999999 0.01210061337545565233 
0.00000000099999999995 0.00000000099999999995 0.99999999599999989108 0.00000000099999999995 0.00000000099999999995 
0.01738347934194661368 0.00000000099999999997 0.00000000099999999997 0.00000000099999999997 0.98261651765805335668 
0.00000000099999999995 0.00000000099999999995 0.99999999600000000211 0.00000000099999999995 0.00000000099999999995 
0.00000000099999999977 0.00000000099999999977 0.00000000099999999977 0.99999999600000000211 0.00000000099999999977 
0.58639241390038554513 0.00000000911399835515 0.41360757498561617762 0.00000000100000000000 0.00000000100000000000 
0.00000000099999999992 0.00000000099999999992 0.00000000099999999992 0.99999999600000000211 0.00000000099999999992 
0.00000000099999999980 0.00000000099999999980 0.00000000099999999980 0.99999999600000000211 0.00000000099999999980 
0.00000000099999999997 0.00000000099999999997 0.99999999599999989108 0.00000000099999999997 0.00000000099999999997 
0.61402021161652786674 0.00840338698036365538 0.37757639940310860904 0.00000000099999999999 0.00000000099999999999 
0.52835462765551666209 0.00000000099999999999 0.45638617475199583229 0.00000000099999999999 0.01525919559248749453 
0.00000000099999999982 0.00000000099999999982 0.00000000099999999982 0.99999999600000000211 0.00000000099999999982 
0.00000000099999999995 0.00000000099999999995 0.00000000099999999995 0.00000000099999999995 0.99999999599999989108 
0.00000000099999999995 0.00000000099999999995 0.00000000099999999995 0.00000000099999999995 0.99999999599999989108 
0.00000000099999999979 0.00000000099999999979 0.00000000099999999979 0.99999999599999989108 0.00000000099999999979 
0.57868372530440792545 0.00591260240558821697 0.41239406774129094835 0.00000000100000000000 0.00300960354871300387 
0.58925328062064175061 0.01491465032703028978 0.35760355368250662522 0.00000000100000000000 0.03822851436982140777 
0.00000000099999999980 0.00000000099999999980 0.00000000099999999980 0.99999999600000000211 0.00000000099999999980 
0.58432366730241691588 0.00690814631219528394 0.40719715920037991008 0.00000000099999999999 0.00157102618500789843 
0.00000000099999999994 0.00000000099999999994 0.00000000099999999994 0.00000000099999999994 0.99999999600000000211 
0.55002432483503260752 0.11178913302289217313 0.00000732879830097750 0.10492913901706416024 0.23325007432671007734 
0.57129826487992496631 0.00000000100000000000 0.40359168306507919866 0.00266883538054079467 0.02244121567445512069 
0.47975146259378087521 0.01252144261891211148 0.47805509794298556292 0.00000000099999999999 0.02967199584432132428 
0.00000000099999999996 0.00000000099999999996 0.99999999599999989108 0.00000000099999999996 0.00000000099999999996 
0.47245973325134948961 0.01021452871966564355 0.51732573602898479503 0.00000000099999999999 0.00000000099999999999 
0.00000000099999999995 0.00000000099999999995 0.99999999599999989108 0.00000000099999999995 0.00000000099999999995 
0.00000000099999999997 0.00000000099999999997 0.99999999599999989108 0.00000000099999999997 0.00000000099999999997 
0.59069569159379342604 0.01332085547412565490 0.39592387008231244572 0.00000000099999999999 0.00005958184976841684 
0.60513066716396912703 0.00345796833171379148 0.36312931429031630737 0.00722881853571934359 0.02105323167828160660 
0.00000000099999999996 0.00000000099999999996 0.00000000099999999996 0.00000000099999999996 0.99999999599999989108 
0.49287216656916893465 0.00760439873240795032 0.48795846685010135779 0.00000000099999999999 0.01156496684832190001 
0.73502095758129737391 0.00321860940718869844 0.26176043101151413861 0.00000000099999999999 0.00000000099999999999 
0.66265783526087229660 0.00247216339907585124 0.29359507072232937652 0.00000000099999999999 0.04127492961772255553 
0.99999999600000011313 0.00000000099999999996 0.00000000099999999996 0.00000000099999999996 0.00000000099999999996 
0.52608924212837748779 0.00282357064822002634 0.44223069331254172276 0.00092382492109272982 0.02793266898976806689 
0.99999999600000011313 0.00000000099999999996 0.00000000099999999996 0.00000000099999999996 0.00000000099999999996 
0.56511733644045658576 0.00000683115621158512 0.42575198278292020193 0.00000000100000000000 0.00912384862041150727 
0.00022064078358229080 0.00000000099999999998 0.00069435446964573495 0.00000000099999999998 0.99908500274677203290 
0.68038955191017191915 0.01761231612581564548 0.28672970261066976772 0.00000000099999999999 0.01526842835334256063 
0.64508176328238764352 0.01055980648301668018 0.34435828564561349330 0.00000000099999999999 0.00000014358898223641 
0.50943427170410815474 0.00000000100000000000 0.47478440013190731372 0.01027582972710672747 0.00550549743687763719 
0.00000000099999999997 0.00000000099999999997 0.00000000099999999997 0.00000000099999999997 0.99999999599999989108 
0.59826563781553809829 0.00000000100000000000 0.35920391324475314798 0.01850524090468429542 0.02402520703502451435 
0.61447725064308533760 0.00823952034703000560 0.37081044692146697406 0.00000000100000000000 0.00647278108841778214 
0.36861303137595874402 0.01086843658511530211 0.14409506465306626266 0.00000000099999999999 0.47642346638585980623 
0.58136897454044000888 0.00000000099999999998 0.39719139457018426409 0.00000000099999999998 0.02143962888937584604 
0.00000000099999999981 0.00000000099999999981 0.00000000099999999981 0.99999999600000000211 0.00000000099999999981 
0.51387282680699153392 0.01704199315785121654 0.45763855640388168000 0.00000000099999999999 0.01144662263127562037 
0.46884075701261901381 0.00231861958479629912 0.50883370700661856301 0.00000000099999999999 0.02000691539596625643 
