0.00000000099999999999 0.17273072605871045426 0.01177945502035106576 0.81548981592093838788 0.00000000099999999999 0.00000000099999999999 
0.00000000099999999995 0.00000000099999999995 0.00000000099999999995 0.00000000099999999995 0.00000000099999999995 0.99999999499999991937 
0.00000000099999999995 0.00000000099999999995 0.00000000099999999995 0.00000000099999999995 0.00000000099999999995 0.99999999500000003039 
0.36935325649259942438 0.00000000099999999999 0.00416083552414710407 0.59371055255902827064 0.00000000099999999999 0.03277535342422514819 
0.47174560431411727279 0.00001557896985585198 0.00845745776964611923 0.51978135694638072373 0.00000000099999999999 0.00000000099999999999 
0.27312973412410296303 0.11182185272745034932 0.00285251212684117577 0.59054968468539503768 0.00000000099999999999 0.02164621533621056623 
0.00000000099999999996 0.00000000099999999996 0.00000000099999999996 0.00000000099999999996 0.00000000099999999996 0.99999999500000003039 
0.00000000099999999993 0.00000000099999999993 0.00000000099999999993 0.00000000099999999993 0.00000000099999999993 0.99999999500000003039 
0.00000000099999999999 0.00000000099999999999 0.01628897612134281442 0.98371101987865705585 0.00000000099999999999 0.00000000099999999999 
0.00000000099999999995 0.00000000099999999995 0.00000000099999999995 0.00000000099999999995 0.00000000099999999995 0.99999999500000003039 
0.99999999500000003039 0.00000000099999999997 0.00000000099999999997 0.00000000099999999997 0.00000000099999999997 0.00000000099999999997 
0.37545270579105693987 0.00192576643265896072 0.00878623688111542303 0.59848000447613192154 0.00000000099999999999 0.01535528541903672869 
0.37788166513340132324 0.14104786070385502694 0.00067530935858329361 0.48039516280416050265 0.00000000099999999999 0.00000000099999999999 
0.35037933758909672877 0.15114866934866005854 0.00964689232554519563 0.48882509873669821587 0.00000000099999999999 0.00000000099999999999 
0.46997934840897492847 0.00000000100000000000 0.01622544170711320843 0.50811583226835144167 0.00567937561556038344 0.00000000100000000000 
0.26752363836046916257 0.08022380035248274921 0.02938717068093597146 0.57080883982246088948 0.00000000099999999999 0.05205654978365129720 
0.46166486074262702566 0.00014428718830811310 0.00000000099999999999 0.53819084906906500265 0.00000000099999999999 0.00000000099999999999 
0.35700843522140357500 0.16699864490288554575 0.00000000099999999999 0.47599291687571088083 0.00000000099999999999 0.00000000099999999999 
0.17143713857556805436 0.00000000100000000000 0.00951379512475797676 0.81780383669944345382 0.00124522760023069328 0.00000000100000000000 
0.00000000099999999997 0.00000000099999999997 0.00000000099999999997 0.99999999499999991937 0.00000000099999999997 0.00000000099999999997 
0.26330344723941495610 0.10275395053410962820 0.00000000099999999999 0.63394259922647533401 0.00000000099999999999 0.00000000099999999999 
0.00000000099999999997 0.02973822846516724003 0.00000000099999999997 0.00000000099999999997 0.00000000099999999997 0.97026176753483273085 
0.31893224815593052002 0.05684809434773108877 0.00000000099999999999 0.60156308653563539401 0.00000000099999999999 0.02265656896070311274 
0.99999999500000014141 0.00000000099999999991 0.00000000099999999991 0.00000000099999999991 0.00000000099999999991 0.00000000099999999991 
0.42362227845257166559 0.15988334805529202942 0.00000000099999999998 0.40367940062067791951 0.00000000099999999998 0.01281497087145836572 
0.99999999500000003039 0.00000000099999999995 0.00000000099999999995 0.00000000099999999995 0.00000000099999999995 0.00000000099999999995 
0.00000000099999999979 0.00000000099999999979 0.99999999500000003039 0.00000000099999999979 0.00000000099999999979 0.00000000099999999979 
0.00000000099999999975 0.00000000099999999975 0.99999999499999991937 0.00000000099999999975 0.00000000099999999975 0.00000000099999999975 
0.00000000099999999983 0.99999999500000014141 0.00000000099999999983 0.00000000099999999983 0.00000000099999999983 0.00000000099999999983 
0.31796352752704926115 0.12557932933903404038 0.00763754872533036790 0.54881959240858646520 0.00000000099999999999 0.00000000099999999999 
0.26426743484821896280 0.17783690365880855389 0.00000000099999999998 0.54784161213224924492 0.00000000099999999998 0.01005404736072306598 
0.00184192816562788408 0.00000000099999999997 0.00000000099999999997 0.00000000099999999997 0.00000000099999999997 0.99815806783437210914 
0.44594039468774288038 0.00000000099999999994 0.35714356356128751369 0.00000000099999999994 0.00000000099999999994 0.19691603875096963527 
0.39275128612125947969 0.00000001228962478430 0.00000000099999999999 0.60724869858911567633 0.00000000099999999999 0.00000000099999999999 
0.00000000099999999975 0.00000000099999999975 0.00000000099999999975 0.00000000099999999975 0.99999999500000003039 0.00000000099999999975 
0.00000000099999999969 0.00000000099999999969 0.00000000099999999969 0.00000000099999999969 0.99999999500000003039 0.00000000099999999969 
0.00000000099999999969 0.00000000099999999969 0.00000000099999999969 0.00000000099999999969 0.99999999500000003039 0.00000000099999999969 
0.00000000099999999980 0.00000000099999999980 0.99999999500000003039 0.00000000099999999980 0.00000000099999999980 0.00000000099999999980 
0.00000000099999999976 0.00000000099999999976 0.99999999499999991937 0.00000000099999999976 0.00000000099999999976 0.00000000099999999976 
0.99999999500000003039 0.00000000099999999996 0.00000000099999999996 0.00000000099999999996 0.00000000099999999996 0.00000000099999999996 
0.00000000099999999997 0.00000000099999999997 0.00000000099999999997 0.00000000099999999997 0.00000000099999999997 0.99999999499999991937 
0.00000000099999999978 0.00000000099999999978 0.99999999499999991937 0.00000000099999999978 0.00000000099999999978 0.00000000099999999978 
0.99999999500000003039 0.00000000099999999995 0.00000000099999999995 0.00000000099999999995 0.00000000099999999995 0.00000000099999999995 
0.00000000099999999995 0.00000000099999999995 0.00000000099999999995 0.00000000099999999995 0.00000000099999999995 0.99999999500000003039 
0.00000000099999999981 0.00000000099999999981 0.99999999499999991937 0.00000000099999999981 0.00000000099999999981 0.00000000099999999981 
0.42873646708877305445 0.00000028569734820986 0.00650559168482107378 0.55064536469345259917 0.00000000099999999999 0.01411228983560508694 
0.00000000099999999978 0.00000000099999999978 0.99999999500000003039 0.00000000099999999978 0.00000000099999999978 0.00000000099999999978 
0.00000000099999999996 0.00000000099999999996 0.00000000099999999996 0.00000000099999999996 0.00000000099999999996 0.99999999500000003039 
0.00000000099999999993 0.00000000099999999993 0.00000000099999999993 0.00000000099999999993 0.00000000099999999993 0.99999999500000003039 
0.00000000099999999975 0.00000000099999999975 0.99999999500000003039 0.00000000099999999975 0.00000000099999999975 0.00000000099999999975 
0.00000000099999999977 0.00000000099999999977 0.99999999499999991937 0.00000000099999999977 0.00000000099999999977 0.00000000099999999977 
0.00000000099999999996 0.00000000099999999996 0.00000000099999999996 0.00000000099999999996 0.00000000099999999996 0.99999999499999991937 
0.00000000099999999996 0.00000000099999999996 0.00000000099999999996 0.00000000099999999996 0.00000000099999999996 0.99999999499999991937 
0.00000177225348824134 0.00000000099999999996 0.00000000099999999996 0.00000000099999999996 0.00000000099999999996 0.99999822374651170520 
0.00000000099999999981 0.00000000099999999981 0.99999999499999991937 0.00000000099999999981 0.00000000099999999981 0.00000000099999999981 
0.22237391882013060607 0.06434059136129721690 0.01542892799070065893 0.65572793047352773144 0.00000000100000000000 0.04212863035434371434 
0.00000000099999999998 0.00000000099999999998 0.02343810365393794726 0.97656189234606205485 0.00000000099999999998 0.00000000099999999998 
0.28321752311243247879 0.05105296543475441179 0.00000000099999999999 0.64622011143595037286 0.00000000099999999999 0.01950939801686263700 
0.25108084228103866309 0.13988542551983162987 0.00000000099999999999 0.60895711660962692502 0.00000000099999999999 0.00007661358950283794 
0.00000000099999999995 0.00000000099999999995 0.00000000099999999995 0.00000000099999999995 0.00000000099999999995 0.99999999499999991937 
0.33907162896175158107 0.10498041928293654068 0.00373181353403236439 0.55221613622127940779 0.00000000100000000000 0.00000000100000000000 
0.00000000099999999973 0.00000000099999999973 0.00000000099999999973 0.00000000099999999973 0.99999999500000003039 0.00000000099999999973 
0.00000000099999999997 0.00000000099999999997 0.00000000099999999997 0.99999999499999991937 0.00000000099999999997 0.00000000099999999997 
0.00000000099999999974 0.00000000099999999974 0.00000000099999999974 0.00000000099999999974 0.99999999499999991937 0.00000000099999999974 
0.40349847048034914732 0.00000459898767120279 0.00000000100000000000 0.55947885741859515463 0.00000000100000000000 0.03701807111338446116 
0.00000000099999999975 0.00000000099999999975 0.00000000099999999975 0.00000000099999999975 0.99999999500000003039 0.00000000099999999975 
0.00000000099999999997 0.26106144794771479756 0.00000000099999999997 0.73893854805228509353 0.00000000099999999997 0.00000000099999999997 
0.35034781684557808612 0.00378111096031608172 0.00671625587765647177 0.62699605730067997644 0.00000000100000000000 0.01215875801576932029 
0.00000000099999999994 0.00000000099999999994 0.00000000099999999994 0.00000000099999999994 0.00000000099999999994 0.99999999500000003039 
0.24199949608363666154 0.05057995880186703236 0.00000000099999999998 0.70742054211449634238 0.00000000099999999998 0.00000000099999999998 
0.00000000099999999975 0.00000000099999999975 0.00000000099999999975 0.00000000099999999975 0.99999999500000003039 0.00000000099999999975 
0.00000000099999999976 0.00000000099999999976 0.00000000099999999976 0.00000000099999999976 0.99999999499999991937 0.00000000099999999976 
0.32624798595866394413 0.13678612580119045572 0.00749394109926933456 0.45481784272879755004 0.00000000099999999999 0.07465410341207867617 
0.00000000099999999994 0.00000000099999999994 0.00000000099999999994 0.00000000099999999994 0.00000000099999999994 0.99999999500000003039 
0.00000000099999999981 0.00000000099999999981 0.99999999499999991937 0.00000000099999999981 0.00000000099999999981 0.00000000099999999981 
0.00000000099999999995 0.00000000099999999995 0.00000000099999999995 0.00000000099999999995 0.00000000099999999995 0.99999999499999991937 
0.34465953146928673956 0.17482441125363748502 0.00000000099999999999 0.45445772987398014298 0.00000000099999999999 0.02605832540309577575 
0.00000000099999999972 0.00000000099999999972 0.00000000099999999972 0.00000000099999999972 0.99999999500000003039 0.00000000099999999972 
0.00000000099999999974 0.00000000099999999974 0.99999999500000003039 0.00000000099999999974 0.00000000099999999974 0.00000000099999999974 
0.00000000099999999977 0.00000000099999999977 0.00000000099999999977 0.00000000099999999977 0.99999999500000003039 0.00000000099999999977 
0.35037190869738693566 0.00000000100000000000 0.02012027026520262288 0.62530935115941310709 0.00419846787799727471 0.00000000100000000000 
0.00000000099999999993 0.00000000099999999993 0.00000000099999999993 0.00000000099999999993 0.00000000099999999993 0.99999999499999991937 
0.00000000099999999995 0.00000000099999999995 0.00000000099999999995 0.00000000099999999995 0.00000000099999999995 0.99999999499999991937 
0.34613288322994134605 0.04763143046349564702 0.00000000357946977873 0.37847476556452108731 0.00000000099999999999 0.22776091616257218564 
0.27227840577488909846 0.07416037788285576027 0.02128378315876965771 0.63161127285878970739 0.00000000099999999999 0.00066615932469567740 
0.36188084405961989942 0.06131424288112007764 0.00000000099999999999 0.57002553265394839688 0.00000000099999999999 0.00677937840531150828 
0.99999999500000014141 0.00000000099999999996 0.00000000099999999996 0.00000000099999999996 0.00000000099999999996 0.00000000099999999996 
0.38406803916639514762 0.11862245980984462146 0.00000000099999999999 0.49730949802376028801 0.00000000099999999999 0.00000000099999999999 
0.00000000099999999997 0.00000000353399534930 0.00000000099999999997 0.99999999246600457248 0.00000000099999999997 0.00000000099999999997 
0.39836391259522591080 0.00000002739190292809 0.00000069365426036435 0.59212893180527759185 0.00000000099999999999 0.00950643355333315523 
0.30157464991107829633 0.09539428290383067388 0.00739205429938807716 0.59562559662423808504 0.00000000099999999999 0.00001341526146492053 
0.40221236239694907466 0.00000000099999999999 0.00000000099999999999 0.56599928194411108784 0.00000000099999999999 0.03178835265893983908 
0.00000000099999999996 0.00000000099999999996 0.00000000099999999996 0.00000000099999999996 0.00000000099999999996 0.99999999499999991937 
0.00000000099999999998 0.00000000099999999998 0.00000000099999999998 0.00061145997441250865 0.00000000099999999998 0.99938853602558763711 
0.00000000099999999984 0.00000000099999999984 0.00000000099999999984 0.00000000099999999984 0.99999999500000003039 0.00000000099999999984 
0.00000000099999999997 0.00000000099999999997 0.00000000099999999997 0.00000000099999999997 0.00000000099999999997 0.99999999499999991937 
0.00000000099999999998 0.00000000099999999998 0.00000000099999999998 0.00000000099999999998 0.00000000099999999998 0.99999999500000003039 
0.26826051414384399774 0.12931693944328689905 0.00383810548132840169 0.58492760042497471407 0.00000000099999999999 0.01365683950656585398 
0.00000000099999999968 0.00000000099999999968 0.00000000099999999968 0.00000000099999999968 0.99999999499999991937 0.00000000099999999968 
0.32474216818683376840 0.10719010875344854583 0.00113834830177833037 0.56692937275793930940 0.00000000099999999999 0.00000000099999999999 
0.40805534868642606705 0.09610316841476922167 0.00222671801543009550 0.48424506716680415508 0.00000000099999999999 0.00936969671657049072 
0.34282689436613628109 0.00000000100000000000 0.00880994279321981391 0.64836254710927365696 0.00000061373137012659 0.00000000100000000000 
0.30396399517362832077 0.02562955471233897484 0.00299098555604000987 0.64523329875578394610 0.00000000100000000000 0.02218216480220870299 
0.50988007925372502704 0.00000000099999999999 0.00000000099999999999 0.49011991674627519711 0.00000000099999999999 0.00000000099999999999 
0.99999999500000014141 0.00000000099999999995 0.00000000099999999995 0.00000000099999999995 0.00000000099999999995 0.00000000099999999995 
0.00000000099999999998 0.00000000099999999998 0.00000000099999999998 0.99999999499999991937 0.00000000099999999998 0.00000000099999999998 
0.29315155788740487885 0.07044986199496605650 0.00696628334985897012 0.62115966619232199086 0.00000000099999999999 0.00827262957544801919 
0.33987981756250351673 0.00000000100000000000 0.03111011992018524602 0.61734560045342501411 0.00287249162377559890 0.00879196944011054714 
0.31613359657248729651 0.16371039570277326480 0.00694518809235103972 0.51321081763238840523 0.00000000099999999999 0.00000000099999999999 
0.00000000099999999996 0.00000000099999999996 0.00000000099999999996 0.99999999499999991937 0.00000000099999999996 0.00000000099999999996 
0.36176612687130021984 0.07123963414465364630 0.02383102160089955665 0.52418376454801984821 0.00000000100000000000 0.01897945183512677117 
0.37777709257609742854 0.13169716310400472747 0.00497742373669807399 0.48554831858319974502 0.00000000099999999998 0.00000000099999999998 
0.00000000099999999998 0.00000000099999999998 0.00000000099999999998 0.99999999499999991937 0.00000000099999999998 0.00000000099999999998 
0.27073139508361415695 0.00000000099999999999 0.00000000099999999999 0.72926860091638578965 0.00000000099999999999 0.00000000099999999999 
0.33353395360017173976 0.00000000099999999999 0.00000000099999999999 0.63441250606350652053 0.00000000099999999999 0.03205353733632164415 
0.29079372257364954901 0.16112936150658579981 0.00230460088263735857 0.54567366716157750250 0.00000000099999999999 0.00009864687554981668 
0.31467099727501185447 0.10240353516344312401 0.00000000099999999999 0.55073587827159020680 0.00000000099999999999 0.03218958728995466312 
0.34263666502451017859 0.14216191319773466284 0.00000000099999999999 0.51520141877775504913 0.00000000099999999999 0.00000000099999999999 
0.99999999500000014141 0.00000000099999999995 0.00000000099999999995 0.00000000099999999995 0.00000000099999999995 0.00000000099999999995 
0.33980797219049696523 0.00000059320446383190 0.00903260231644955128 0.55957323126235836153 0.06821126624902813795 0.02337433477720324282 
0.28026159417512841454 0.06403778525117134746 0.00000000099999999998 0.65570061757370035060 0.00000000099999999998 0.00000000099999999998 
0.99999999500000003039 0.00000000099999999994 0.00000000099999999994 0.00000000099999999994 0.00000000099999999994 0.00000000099999999994 
0.52388745581361317871 0.08153929597632564308 0.00000000099999999998 0.38353003849627731459 0.00000000099999999998 0.01104320771378395488 
0.29299555567573326575 0.06376571782601848926 0.01602125493515062574 0.62721746956309754051 0.00000000099999999999 0.00000000099999999999 
0.35777690601628009404 0.06348761599849869763 0.00000000099999999998 0.57128032909124615291 0.00000000099999999998 0.00745514689397513888 
0.64576146161199921014 0.00000792078934290988 0.00153256687813544084 0.35269804872052251676 0.00000000100000000000 0.00000000100000000000 
0.48370935501311990157 0.08327737116371805581 0.00641664867171852938 0.42070916719421252994 0.00000000099999999999 0.00588745695723097255 
0.00000000099999999997 0.00000000099999999997 0.00000000099999999997 0.99999999500000003039 0.00000000099999999997 0.00000000099999999997 
0.22234748258703154744 0.11299002117877479656 0.00000000099999999998 0.63598045899588440122 0.00000000099999999998 0.02868203523830912746 
0.00000000099999999995 0.00000000099999999995 0.00000000099999999995 0.00000000099999999995 0.00000000099999999995 0.99999999499999991937 
0.00000000099999999998 0.00000000099999999998 0.00000000099999999998 0.00000005711647336050 0.00000000099999999998 0.99999993888352656235 
0.00000000099999999979 0.00000000099999999979 0.00000000099999999979 0.00000000099999999979 0.99999999499999991937 0.00000000099999999979 
0.00000000099999999974 0.00000000099999999974 0.99999999500000003039 0.00000000099999999974 0.00000000099999999974 0.00000000099999999974 
0.00000031631482531741 0.06358638369973812488 0.03642732668910892563 0.00000000099999999999 0.00000000099999999999 0.89998597129632751379 
0.00000000099999999997 0.00000000099999999997 0.00000000099999999997 0.99999999500000003039 0.00000000099999999997 0.00000000099999999997 
0.00000000099999999999 0.00000000099999999999 0.00000000099999999999 0.99490393239848917695 0.00000000099999999999 0.00509606360151081128 
0.00000000099999999998 0.04110676637099394681 0.00000000099999999998 0.00000000099999999998 0.00000000099999999998 0.95889322962900602754 
0.12274536772172009447 0.14218281728444104317 0.00000000099999999998 0.72419219507682819348 0.00000000099999999998 0.01087961791701069249 
0.28716833937269109489 0.07202007951185601664 0.01114504342699393358 0.62966653568845909472 0.00000000099999999998 0.00000000099999999998 
0.30376260692566620092 0.12208261834354636188 0.00000000099999999999 0.57415477173078754980 0.00000000099999999999 0.00000000099999999999 
0.00000000099999999972 0.00000000099999999972 0.00000000099999999972 0.00000000099999999972 0.99999999500000003039 0.00000000099999999972 
0.00000000099999999974 0.00000000099999999974 0.00000000099999999974 0.00000000099999999974 0.99999999499999991937 0.00000000099999999974 
0.00000000099999999969 0.00000000099999999969 0.00000000099999999969 0.00000000099999999969 0.99999999500000003039 0.00000000099999999969 
0.00000000099999999970 0.00000000099999999970 0.00000000099999999970 0.00000000099999999970 0.99999999499999991937 0.00000000099999999970 
0.00000000099999999970 0.00000000099999999970 0.00000000099999999970 0.00000000099999999970 0.99999999499999991937 0.00000000099999999970 
0.00000000099999999998 0.00000000099999999998 0.00000000099999999998 0.00000000099999999998 0.00000000099999999998 0.99999999499999991937 
0.48290476467292514640 0.00000000099999999999 0.01095258404510744167 0.50614264828196742219 0.00000000099999999999 0.00000000099999999999 
0.00000000099999999970 0.00000000099999999970 0.00000000099999999970 0.00000000099999999970 0.99999999499999991937 0.00000000099999999970 
0.00000000099999999975 0.00000000099999999975 0.00000000099999999975 0.00000000099999999975 0.99999999499999991937 0.00000000099999999975 
0.00000000099999999973 0.00000000099999999973 0.99999999500000003039 0.00000000099999999973 0.00000000099999999973 0.00000000099999999973 
0.00000000099999999973 0.00000000099999999973 0.99999999499999991937 0.00000000099999999973 0.00000000099999999973 0.00000000099999999973 
0.36042937958214077421 0.21709554081661855407 0.00000000099999999997 0.42247507660124072881 0.00000000099999999997 0.00000000099999999997 
0.00000000099999999972 0.00000000099999999972 0.00000000099999999972 0.00000000099999999972 0.99999999500000003039 0.00000000099999999972 
0.37647037746900197108 0.00000000100000000000 0.00000000100000000000 0.61570374309578690397 0.00000000935576395098 0.00782586807944708057 
0.00000000099999999997 0.19907304313308746280 0.00000000099999999997 0.80092695286691262258 0.00000000099999999997 0.00000000099999999997 
0.05227090636280556923 0.00000000099999999998 0.00000000099999999998 0.00000000099999999998 0.00000000099999999998 0.94772908963719426634 
0.33040647757599611589 0.06511685721362610313 0.00000000099999999998 0.59859613864312588571 0.00000000099999999998 0.00588052456725193275 
0.00000000099999999993 0.00000000099999999993 0.00000000099999999993 0.00000000099999999993 0.00000000099999999993 0.99999999500000003039 
0.43378191230571389037 0.06085224246682729987 0.00255182081346738265 0.48943266990240769099 0.00000000099999999999 0.01338135351158369242 
0.00000000099999999994 0.00000000099999999994 0.00000000099999999994 0.00000000099999999994 0.00000000099999999994 0.99999999500000003039 
0.33318861057327614494 0.20830390793133568561 0.00760053742107120230 0.45090694207431702978 0.00000000099999999999 0.00000000099999999999 
0.14485213513693145915 0.17327855279859813442 0.00838894766359466089 0.67348036240087583160 0.00000000099999999999 0.00000000099999999999 
0.00000000099999999975 0.00000000099999999975 0.00000000099999999975 0.00000000099999999975 0.99999999499999991937 0.00000000099999999975 
0.00000000099999999995 0.00000000099999999995 0.00000000099999999995 0.00000000099999999995 0.00000000099999999995 0.99999999499999991937 
0.00000000099999999970 0.00000000099999999970 0.00000000099999999970 0.00000000099999999970 0.99999999499999991937 0.00000000099999999970 
0.00000000099999999970 0.00000000099999999970 0.00000000099999999970 0.00000000099999999970 0.99999999500000003039 0.00000000099999999970 
0.42897158190302847602 0.00174216947607601326 0.00000000099999999999 0.56504747235849528408 0.00000000099999999999 0.00423877426240022812 
0.52593691509708684340 0.14039655037567483342 0.00000000099999999998 0.32430289093332703709 0.00000000099999999998 0.00936364159391134439 
0.31854602244302504532 0.00000000099999999998 0.00000000099999999998 0.68087968923413055844 0.00000000099999999998 0.00057428532284434903 
0.45807921797935663433 0.00000008971016594878 0.00348986808682225438 0.53843082222365523659 0.00000000099999999999 0.00000000099999999999 
0.32589377634942251483 0.18075823336151744525 0.00145998306030310819 0.49188800522875697485 0.00000000099999999999 0.00000000099999999999 
0.41683621668498382906 0.05393361271546787822 0.00707824636708398545 0.50940166477578086024 0.00000000099999999998 0.01275025845668346404 
0.27803829606771640615 0.05610518938127338068 0.00000000099999999999 0.66585651155101022169 0.00000000099999999999 0.00000000099999999999 
0.00000000099999999997 0.04095824767630729113 0.00000000099999999997 0.00000065972811660963 0.00000000099999999997 0.95904108959557621272 
0.00000000099999999997 0.00000000099999999997 0.00000000099999999997 0.99999999500000003039 0.00000000099999999997 0.00000000099999999997 
0.00000000099999999970 0.00000000099999999970 0.00000000099999999970 0.00000000099999999970 0.99999999500000003039 0.00000000099999999970 
0.39070227972166993169 0.11023329654530171495 0.00000000099999999999 0.49906442073302853535 0.00000000099999999999 0.00000000099999999999 
0.00000000099999999991 0.00000000099999999991 0.00000000099999999991 0.00000000099999999991 0.99999999499999991937 0.00000000099999999991 
0.00000000099999999974 0.00000000099999999974 0.00000000099999999974 0.00000000099999999974 0.99999999500000003039 0.00000000099999999974 
0.19963936118190397928 0.19968823323644183110 0.00000000099999999998 0.58905307715209509478 0.00000000099999999998 0.01161932642955897967 
0.28048390630389857803 0.00000000099999999999 0.00606117663716772715 0.71345491405893357584 0.00000000099999999999 0.00000000099999999999 
0.00000000099999999998 0.00000000099999999998 0.00000000099999999998 0.99958439120882869311 0.00000000099999999998 0.00041560479117132938 
0.00000000099999999977 0.00000000099999999977 0.00000000099999999977 0.00000000099999999977 0.99999999500000003039 0.00000000099999999977 
0.00000000099999999995 0.00000000099999999995 0.00000000099999999995 0.00000000099999999995 0.00000000099999999995 0.99999999499999991937 
0.00000000099999999994 0.00000000099999999994 0.00000000099999999994 0.00000000099999999994 0.00000000099999999994 0.99999999500000003039 
0.00000000099999999974 0.00000000099999999974 0.00000000099999999974 0.00000000099999999974 0.99999999500000003039 0.00000000099999999974 
0.00000000099999999998 0.00000000099999999998 0.00000000099999999998 0.99999999500000003039 0.00000000099999999998 0.00000000099999999998 
0.17811351021259314020 0.19250312891705653739 0.00275496331652136037 0.59415133129518926669 0.00000000099999999999 0.03247706525863973404 
0.00000000099999999975 0.00000000099999999975 0.00000000099999999975 0.00000000099999999975 0.99999999500000003039 0.00000000099999999975 
0.45836472670384093009 0.14445504512573445477 0.00000000099999999998 0.39718022517042456121 0.00000000099999999998 0.00000000099999999998 
0.00000000099999999993 0.00000000099999999993 0.00000000099999999993 0.00000000099999999993 0.00000000099999999993 0.99999999499999991937 
0.00000000099999999987 0.99999999500000003039 0.00000000099999999987 0.00000000099999999987 0.00000000099999999987 0.00000000099999999987 
0.22109971944635933849 0.09210828114109399778 0.00000000099999999999 0.66590445384507168658 0.00000000099999999999 0.02088754356747487065 
0.25490142029642287591 0.00000000099999999999 0.01472160161781611507 0.69467446326493420550 0.00000000099999999999 0.03570251282082686356 
0.00000000099999999998 0.00000000099999999998 0.01138259069364386949 0.98861740530635622282 0.00000000099999999998 0.00000000099999999998 
0.43632906354325717846 0.00000000099999999998 0.01010225145859401652 0.55356868199814868170 0.00000000099999999998 0.00000000099999999998 
0.99999999500000014141 0.00000000099999999994 0.00000000099999999994 0.00000000099999999994 0.00000000099999999994 0.00000000099999999994 
0.40136983002455112191 0.06126514974065592339 0.00000000099999999999 0.53736501581059459287 0.00000000099999999999 0.00000000242419844829 
0.75126818847710763460 0.24873180752289247852 0.00000000099999999996 0.00000000099999999996 0.00000000099999999996 0.00000000099999999996 
0.00000000099999999982 0.99999999500000003039 0.00000000099999999982 0.00000000099999999982 0.00000000099999999982 0.00000000099999999982 
0.00000000099999999996 0.00000000099999999996 0.00000000099999999996 0.00000000099999999996 0.00000000099999999996 0.99999999500000003039 
0.26414350562059402128 0.18109378630580111325 0.00212557473142651818 0.54769619251621171063 0.00000000099999999998 0.00494093982596656867 
0.00000000099999999996 0.33011840831954547548 0.00000000099999999996 0.66988158768045436009 0.00000000099999999996 0.00000000099999999996 
0.00000000099999999999 0.12341081653861318834 0.00000000099999999999 0.84495256473791446883 0.00000000099999999999 0.03163661572347229584 
0.00000000099999999997 0.00000000099999999997 0.00000000099999999997 0.99999999500000003039 0.00000000099999999997 0.00000000099999999997 
0.14527212236424089098 0.00000000100000000000 0.00352122498582723830 0.81533293403048234804 0.00000000100000000000 0.03587371661944955409 
0.00000000099999999997 0.08620515165268781421 0.00000000099999999997 0.91379484434731228504 0.00000000099999999997 0.00000000099999999997 
0.46618577801453203735 0.05087356331692868133 0.00000000099999999999 0.47724684694017205366 0.00000000099999999999 0.00569380972836724345 
0.01078035460317358120 0.00000000099999999997 0.00000000099999999997 0.00000013910153094350 0.00000000099999999997 0.98921950329529539925 
0.00000000099999999982 0.99999999500000014141 0.00000000099999999982 0.00000000099999999982 0.00000000099999999982 0.00000000099999999982 
0.31840921952857537125 0.00261532162704944870 0.01136644073385159777 0.66470523165283612599 0.00000000099999999999 0.00290378545768743166 
0.55142071804089265452 0.00000000100000000000 0.00000000100000000000 0.44119314269288117947 0.00358559077848569002 0.00380054648774062103 
0.00000000099999999997 0.00002701600203394859 0.00000000099999999997 0.00000000099999999997 0.00000000099999999997 0.99997297999796608270 
0.19883747918479491301 0.00000000100000000000 0.00000000100000000000 0.75600431170721926755 0.02028367638632185693 0.02487453072166386295 
0.29888449286821916484 0.00000000127952630820 0.00908224860967532695 0.68465379156044858799 0.00000000100000000000 0.00737946468213061986 
0.31321518364116934796 0.13454336704910446754 0.00013020421713120202 0.08234438950625001807 0.00000000099999999999 0.46976685458634503956 
0.40049606634420598095 0.00000000099999999997 0.00000000099999999997 0.58158572053980739369 0.00000000099999999997 0.01791821011598637714 
0.00000000099999999976 0.00000000099999999976 0.00000000099999999976 0.00000000099999999976 0.99999999500000003039 0.00000000099999999976 
0.41193626210396355747 0.10569737850222057918 0.01327201997882877273 0.46104899197718862691 0.00000000099999999999 0.00804534643779835669 
0.42503077861139088034 0.08786331471411497340 0.00000000099999999999 0.46892928951117252012 0.00000000099999999999 0.01817661516332172086 
