0.00000000099999999999 0.13954776459106615905 0.01901183697493536232 0.00000000099999999999 0.00000000099999999999 0.31071454547534632651 0.02701415749684259529 0.50371169246180946821 
0.00000000099999999994 0.00000000099999999994 0.00000000099999999994 0.99999999299999997593 0.00000000099999999994 0.00000000099999999994 0.00000000099999999994 0.00000000099999999994 
0.00000000099999999993 0.00000000099999999993 0.00000000099999999993 0.96833719364535575380 0.00000000099999999993 0.00000000099999999993 0.03166280035464439507 0.00000000099999999993 
0.00000000099999999998 0.00000000099999999998 0.00000000099999999998 0.02195786697600165052 0.00000000099999999998 0.48272389802209647591 0.00000000099999999998 0.49531823000190189354 
0.00000000099999999999 0.00000000099999999999 0.00000000099999999999 0.00000000099999999999 0.30018812881359274725 0.17839144488897754059 0.03100567065292191699 0.49041475164450787361 
0.00000000099999999996 0.00000000099999999996 0.00000000099999999996 0.00000000099999999996 0.00000000099999999996 0.00000000099999999996 0.00000000099999999996 0.99999999300000008695 
0.00000000099999999993 0.00000000099999999993 0.00000000099999999993 0.94416971451651110492 0.00000000099999999993 0.00000000099999999993 0.05583027948348880110 0.00000000099999999993 
0.00000000099999999992 0.00000000099999999992 0.00000000099999999992 0.99999999299999997593 0.00000000099999999992 0.00000000099999999992 0.00000000099999999992 0.00000000099999999992 
0.00000000099999999996 0.57386974582659422417 0.00000000099999999996 0.00000000099999999996 0.42613024817340600103 0.00000000099999999996 0.00000000099999999996 0.00000000099999999996 
0.00000000099999999995 0.00000000099999999995 0.00000000099999999995 0.99999999300000008695 0.00000000099999999995 0.00000000099999999995 0.00000000099999999995 0.00000000099999999995 
0.00000000099999999999 0.12942611928790470621 0.00519598895993576837 0.00000000099999999999 0.34670337246779631135 0.28324072548474521493 0.00000000099999999999 0.23543379079961801459 
0.00000000099999999998 0.26661538476630081140 0.00672884995078511412 0.01347993112576676908 0.19593204856066370745 0.15302932089408405325 0.00000000099999999998 0.36421446270239965504 
0.00000000099999999998 0.00000000099999999998 0.00000000099999999998 0.00000000099999999998 0.27441266045788259564 0.00000000099999999998 0.01292104242859444356 0.71266629211352283679 
0.00000000099999999999 0.19063100465816976148 0.01109427330348982180 0.00000000099999999999 0.18637111768387729094 0.30002785224598943481 0.02814961510126836111 0.28372613500720533786 
0.00000000099999999990 0.00000000099999999990 0.00000000099999999990 0.00000000099999999990 0.00000000099999999990 0.99999999300000008695 0.00000000099999999990 0.00000000099999999990 
0.00000000099999999999 0.13884119548739010108 0.02587351741970377733 0.04696814674835501913 0.22961816599344225809 0.14480187219370732610 0.02898620938749578782 0.38491089176990572751 
0.00000000099999999996 0.00000000099999999996 0.00000000099999999996 0.00000000099999999996 0.42489001265230863513 0.57510998134769142354 0.00000000099999999996 0.00000000099999999996 
0.00000000099999999999 0.23430585731052819276 0.00000000099999999999 0.00000000099999999999 0.21303431855905860526 0.30367238362731313606 0.01752429680174684423 0.23146314070135323715 
0.00202589474649368054 0.19776964415165976252 0.00364112914348398240 0.00000000100000000000 0.07463990470468927219 0.26490558093444993570 0.01276913599960161592 0.44424870931962195941 
0.00000000099999999998 0.25044779377860698633 0.00000000099999999998 0.00000000099999999998 0.00000000099999999998 0.36473950835862095632 0.01182728304940089230 0.37298541081337099889 
0.00000000099999999992 0.99999999300000008695 0.00000000099999999992 0.00000000099999999992 0.00000000099999999992 0.00000000099999999992 0.00000000099999999992 0.00000000099999999992 
0.00000000099999999997 0.00000000099999999997 0.00000000099999999997 0.98607338455189597060 0.00000000099999999997 0.01392660944810390940 0.00000000099999999997 0.00000000099999999997 
0.00000000099999999998 0.36880392208404888521 0.00000000099999999998 0.01194845836061175434 0.22419214423296771055 0.39505547132237162078 0.00000000099999999998 0.00000000099999999998 
0.00000000099999999981 0.00000000099999999981 0.00000000099999999981 0.00000000099999999981 0.99999999299999997593 0.00000000099999999981 0.00000000099999999981 0.00000000099999999981 
0.00000000099999999998 0.00000000099999999998 0.00000000099999999998 0.01256382479707933951 0.30138451391837423055 0.14056782406639017902 0.02642142621962451782 0.51906240799853176071 
0.00000000099999999998 0.00000000099999999998 0.00000000099999999998 0.00000000099999999998 0.27607795842227689231 0.24843779769882967656 0.02272752486787431303 0.45275671501101910632 
0.00000000099999999970 0.00000000099999999970 0.99999999299999997593 0.00000000099999999970 0.00000000099999999970 0.00000000099999999970 0.00000000099999999970 0.00000000099999999970 
0.00000000099999999965 0.00000000099999999965 0.99999999300000008695 0.00000000099999999965 0.00000000099999999965 0.00000000099999999965 0.00000000099999999965 0.00000000099999999965 
0.00000000099999999999 0.18647522017537956907 0.00000000099999999999 0.00000000099999999999 0.23428589079747783042 0.00016435764565862369 0.05106494262235566212 0.52800958575912826376 
0.00000000099999999998 0.00000000099999999998 0.00638387414433092253 0.00000000099999999998 0.29757054651014164248 0.28791662039329007916 0.00000000099999999998 0.40812895495223733278 
0.00000000099999999996 0.20496721718486832220 0.00000000099999999996 0.00000000099999999996 0.01759586085780834308 0.00000000099999999996 0.10884890003624271559 0.66858801792108046858 
0.00000000099999999994 0.00000000099999999994 0.00000000099999999994 0.92494376714809922735 0.07505622685190077581 0.00000000099999999994 0.00000000099999999994 0.00000000099999999994 
0.00000000099999999990 0.00000000099999999990 0.35490513846904736539 0.16295517159707600952 0.48213968493387648895 0.00000000099999999990 0.00000000099999999990 0.00000000099999999990 
0.00000000099999999997 0.41618530837584921667 0.00000000099999999997 0.00000000099999999997 0.18017638106589639602 0.40363830555825430668 0.00000000099999999997 0.00000000099999999997 
0.99999999300000008695 0.00000000099999999963 0.00000000099999999963 0.00000000099999999963 0.00000000099999999963 0.00000000099999999963 0.00000000099999999963 0.00000000099999999963 
0.99999999300000008695 0.00000000099999999956 0.00000000099999999956 0.00000000099999999956 0.00000000099999999956 0.00000000099999999956 0.00000000099999999956 0.00000000099999999956 
0.99999999300000019797 0.00000000099999999955 0.00000000099999999955 0.00000000099999999955 0.00000000099999999955 0.00000000099999999955 0.00000000099999999955 0.00000000099999999955 
0.00000000099999999970 0.00000000099999999970 0.99999999299999997593 0.00000000099999999970 0.00000000099999999970 0.00000000099999999970 0.00000000099999999970 0.00000000099999999970 
0.00000000099999999966 0.00000000099999999966 0.99999999300000008695 0.00000000099999999966 0.00000000099999999966 0.00000000099999999966 0.00000000099999999966 0.00000000099999999966 
0.00000000099999999998 0.41820257521690440417 0.00000000099999999998 0.00000000099999999998 0.21435596992710265196 0.00002935013945072438 0.02062344663593996749 0.34678865508060208178 
0.00000000099999999996 0.00000000099999999996 0.00000000099999999996 0.99999999300000008695 0.00000000099999999996 0.00000000099999999996 0.00000000099999999996 0.00000000099999999996 
0.00000000099999999968 0.00000000099999999968 0.99999999300000008695 0.00000000099999999968 0.00000000099999999968 0.00000000099999999968 0.00000000099999999968 0.00000000099999999968 
0.00000000099999999996 0.00000000099999999996 0.00000000099999999996 0.00000000099999999996 0.46847088211171766803 0.53152911188828233513 0.00000000099999999996 0.00000000099999999996 
0.00000000099999999993 0.00000000099999999993 0.00000000099999999993 0.99999999300000008695 0.00000000099999999993 0.00000000099999999993 0.00000000099999999993 0.00000000099999999993 
0.00000000099999999972 0.00000000099999999972 0.99999999299999997593 0.00000000099999999972 0.00000000099999999972 0.00000000099999999972 0.00000000099999999972 0.00000000099999999972 
0.00000000099999999998 0.00000000099999999998 0.00236182813132955298 0.00000001220415262892 0.00000000099999999998 0.41467299930328027635 0.00000000099999999998 0.58296515636123757975 
0.00000000099999999968 0.00000000099999999968 0.99999999299999997593 0.00000000099999999968 0.00000000099999999968 0.00000000099999999968 0.00000000099999999968 0.00000000099999999968 
0.00000000099999999994 0.00000000099999999994 0.00000000099999999994 0.97222742800079986480 0.00000000099999999994 0.00000000099999999994 0.02777256599920008284 0.00000000099999999994 
0.00000000099999999992 0.00000000099999999992 0.00000000099999999992 0.99999999300000008695 0.00000000099999999992 0.00000000099999999992 0.00000000099999999992 0.00000000099999999992 
0.00000000099999999964 0.00000000099999999964 0.99999999300000008695 0.00000000099999999964 0.00000000099999999964 0.00000000099999999964 0.00000000099999999964 0.00000000099999999964 
0.00000000099999999967 0.00000000099999999967 0.99999999300000008695 0.00000000099999999967 0.00000000099999999967 0.00000000099999999967 0.00000000099999999967 0.00000000099999999967 
0.00000000099999999996 0.00000000099999999996 0.00000000099999999996 0.99999999300000008695 0.00000000099999999996 0.00000000099999999996 0.00000000099999999996 0.00000000099999999996 
0.00000000099999999995 0.00000000099999999995 0.00000000099999999995 0.99999999300000008695 0.00000000099999999995 0.00000000099999999995 0.00000000099999999995 0.00000000099999999995 
0.00000000099999999996 0.00000000099999999996 0.00000000099999999996 0.99999999300000008695 0.00000000099999999996 0.00000000099999999996 0.00000000099999999996 0.00000000099999999996 
0.00000000099999999973 0.00000000099999999973 0.99999999299999997593 0.00000000099999999973 0.00000000099999999973 0.00000000099999999973 0.00000000099999999973 0.00000000099999999973 
0.00000000099999999998 0.00000000099999999998 0.00006117143146456349 0.02445515546541310661 0.00000000099999999998 0.00000000099999999998 0.00000000099999999998 0.97548366810312225894 
0.00000000099999999998 0.00000000099999999998 0.02010060444958296222 0.00000000099999999998 0.00000000099999999998 0.44493824147638549871 0.00000000099999999998 0.53496114907403158334 
0.00000000099999999987 0.00000000099999999987 0.00000000099999999987 0.00000000099999999987 0.00000000099999999987 0.99999999300000008695 0.00000000099999999987 0.00000000099999999987 
0.00000000099999999996 0.00000000099999999996 0.00000000099999999996 0.00000000099999999996 0.00000000099999999996 0.00000000099999999996 0.09764522297215544322 0.90235477102784467096 
0.00000000099999999993 0.00000000099999999993 0.00000000099999999993 0.99999999300000008695 0.00000000099999999993 0.00000000099999999993 0.00000000099999999993 0.00000000099999999993 
0.00000000099999999999 0.00000000099999999999 0.00321359380782641540 0.00000000099999999999 0.20336556070215247582 0.21378257414737042441 0.00524867142637787040 0.57438959691627289317 
0.99999999300000019797 0.00000000099999999961 0.00000000099999999961 0.00000000099999999961 0.00000000099999999961 0.00000000099999999961 0.00000000099999999961 0.00000000099999999961 
0.00000000099999999997 0.00000000099999999997 0.00000000099999999997 0.00000000099999999997 0.00000000099999999997 0.37944434814990968263 0.02158506895145222496 0.59897057789863816790 
0.99999999300000008695 0.00000000099999999963 0.00000000099999999963 0.00000000099999999963 0.00000000099999999963 0.00000000099999999963 0.00000000099999999963 0.00000000099999999963 
0.00000000099999999997 0.00000000099999999997 0.00000000099999999997 0.00000000099999999997 0.49855950021950373729 0.45338983002399985134 0.04805066475649651808 0.00000000099999999997 
0.99999999300000008695 0.00000000099999999963 0.00000000099999999963 0.00000000099999999963 0.00000000099999999963 0.00000000099999999963 0.00000000099999999963 0.00000000099999999963 
0.00000000099999999998 0.25522502408837577370 0.00000000099999999998 0.00000000099999999998 0.13718540455439617864 0.00000141829048013665 0.06394871022574194486 0.54363943984100593365 
0.00000000099999999999 0.00000000099999999999 0.00000000099999999999 0.00000000099999999999 0.22909791930729797582 0.00000000099999999999 0.00000000099999999999 0.77090207469270211060 
0.00000000099999999992 0.00000000099999999992 0.00000000099999999992 0.99999999300000008695 0.00000000099999999992 0.00000000099999999992 0.00000000099999999992 0.00000000099999999992 
0.00000000099999999997 0.33015127061349275328 0.00000000099999999997 0.00000000099999999997 0.00000012866415678293 0.29567744599634654401 0.02580819027929441220 0.34836296144670930719 
0.99999999300000008695 0.00000000099999999964 0.00000000099999999964 0.00000000099999999964 0.00000000099999999964 0.00000000099999999964 0.00000000099999999964 0.00000000099999999964 
0.99999999300000008695 0.00000000099999999966 0.00000000099999999966 0.00000000099999999966 0.00000000099999999966 0.00000000099999999966 0.00000000099999999966 0.00000000099999999966 
0.00000000099999999999 0.30859335395397535784 0.00990236125365280377 0.07943861996966158912 0.18356354612021649753 0.17799476028897218138 0.00000000099999999999 0.24050735641352161132 
0.00000000099999999993 0.00000000099999999993 0.00000000099999999993 0.99999999299999997593 0.00000000099999999993 0.00000000099999999993 0.00000000099999999993 0.00000000099999999993 
0.00000000099999999973 0.00000000099999999973 0.99999999300000008695 0.00000000099999999973 0.00000000099999999973 0.00000000099999999973 0.00000000099999999973 0.00000000099999999973 
0.00000000099999999994 0.00000000099999999994 0.00000000099999999994 0.99999999300000008695 0.00000000099999999994 0.00000000099999999994 0.00000000099999999994 0.00000000099999999994 
0.00000000099999999998 0.54674854330618471998 0.00000000099999999998 0.01772440516101487715 0.11863013525160262529 0.00000000099999999998 0.04982862861974051566 0.26706828466145726697 
0.99999999300000008695 0.00000000099999999959 0.00000000099999999959 0.00000000099999999959 0.00000000099999999959 0.00000000099999999959 0.00000000099999999959 0.00000000099999999959 
0.00000000099999999962 0.00000000099999999962 0.99999999299999997593 0.00000000099999999962 0.00000000099999999962 0.00000000099999999962 0.00000000099999999962 0.00000000099999999962 
0.99999999300000008695 0.00000000099999999968 0.00000000099999999968 0.00000000099999999968 0.00000000099999999968 0.00000000099999999968 0.00000000099999999968 0.00000000099999999968 
0.00000000099999999999 0.47727448648589948510 0.01112232623985271243 0.00000000099999999999 0.00000000099999999999 0.00060897723707933947 0.00705577337682902761 0.50393843366033941322 
0.00000000099999999991 0.00000000099999999991 0.00000000099999999991 0.99999999299999997593 0.00000000099999999991 0.00000000099999999991 0.00000000099999999991 0.00000000099999999991 
0.00000000099999999992 0.00000000099999999992 0.00000000099999999992 0.96088170799739425210 0.00000000099999999992 0.00000000099999999992 0.03911828600260586208 0.00000000099999999992 
0.00000000099999999999 0.09872415200825736259 0.00000000099999999999 0.21992642155941055648 0.11223191272064893254 0.23497091367630784653 0.02478800367940624944 0.30935859435596907430 
0.00000000099999999999 0.27784197128565768509 0.02327132017466395503 0.00077213293588210632 0.25701136248437100873 0.10457735236255444322 0.00000000099999999999 0.33652585875687057726 
0.00000000099999999996 0.00000000099999999996 0.00000000099999999996 0.00000000099999999996 0.43250088228309274685 0.56749911171690725631 0.00000000099999999996 0.00000000099999999996 
0.00000000099999999998 0.29600242267880816360 0.00000000099999999998 0.00614845248793207278 0.27404167421131320204 0.00000000099999999998 0.02387813921518516097 0.39992930840676138571 
0.00000000099999999999 0.34723440745754480252 0.00009712083492510638 0.00000000099999999999 0.10960408929263663891 0.17309638932568247038 0.00000000099999999999 0.36996799008921099627 
0.00000000099999999997 0.07532499051772022225 0.00000000099999999997 0.00000000099999999997 0.09067719845304539339 0.41589484785160441005 0.00000000099999999997 0.41810295917762990703 
0.00000000099999999998 0.20924794389365272695 0.00000000099999999998 0.00000024927533327082 0.02709304207110042537 0.07791830742573124802 0.00000000099999999998 0.68574045433418240325 
0.00000000099999999999 0.32906801561688131530 0.00327011381318616191 0.00006899527177986246 0.21625349649722538925 0.00000000099999999999 0.00000000099999999999 0.45133937580092747810 
0.00000000099999999998 0.26494092773898270110 0.00000000099999999998 0.02724431844377394468 0.27269378620870821095 0.17980205027200638068 0.00000000099999999998 0.25531891433652881274 
0.00000000099999999995 0.00000000099999999995 0.00000000099999999995 0.99999999300000008695 0.00000000099999999995 0.00000000099999999995 0.00000000099999999995 0.00000000099999999995 
0.00000000099999999997 0.01678784869656382503 0.00000000099999999997 0.98321214530343614690 0.00000000099999999997 0.00000000099999999997 0.00000000099999999997 0.00000000099999999997 
0.99999999300000008695 0.00000000099999999978 0.00000000099999999978 0.00000000099999999978 0.00000000099999999978 0.00000000099999999978 0.00000000099999999978 0.00000000099999999978 
0.00000000099999999997 0.00000000099999999997 0.00000000099999999997 0.99999999299999997593 0.00000000099999999997 0.00000000099999999997 0.00000000099999999997 0.00000000099999999997 
0.00000000099999999997 0.00000000099999999997 0.00000000099999999997 0.97718449930773931822 0.00000000099999999997 0.00000000099999999997 0.02281549469226065371 0.00000000099999999997 
0.00000000099999999999 0.31849467699810629640 0.00000000099999999999 0.01606598344605304762 0.09376344272853370798 0.13824182182620400883 0.01451776663094229806 0.41891630637016047389 
0.99999999300000019797 0.00000000099999999955 0.00000000099999999955 0.00000000099999999955 0.00000000099999999955 0.00000000099999999955 0.00000000099999999955 0.00000000099999999955 
0.00000000099999999990 0.99999999300000008695 0.00000000099999999990 0.00000000099999999990 0.00000000099999999990 0.00000000099999999990 0.00000000099999999990 0.00000000099999999990 
0.00000000099999999999 0.38907348597321023131 0.00275220244596536059 0.00917460616567388094 0.16347288924486846895 0.00000000099999999999 0.00737957055741938778 0.42814724361286254917 
0.00000000100000000000 0.00002013706049883174 0.00458415872446752120 0.00000000100000000000 0.19361735347831807164 0.21888248573146421028 0.01346241201440974769 0.56943345099084152761 
0.00000000099999999992 0.00000000099999999992 0.00000000099999999992 0.00000000099999999992 0.99999999299999997593 0.00000000099999999992 0.00000000099999999992 0.00000000099999999992 
0.00000000099999999997 0.43947292520979952535 0.00000000099999999997 0.00000000099999999997 0.15884051009830818524 0.00000000099999999997 0.00000000099999999997 0.40168655969189220878 
0.00000000099999999999 0.16812277502968261955 0.00000000099999999999 0.03140165589605022761 0.20813167607881755128 0.22044464011983860852 0.00000000099999999999 0.37189924987561107095 
0.00000000099999999999 0.13061566662168017094 0.00000000426500815598 0.00000000099999999999 0.13093804822179597180 0.29501613737390619541 0.00000000099999999999 0.44343014051760965000 
0.00000000099999999990 0.00000000099999999990 0.00000000099999999990 0.00000000099999999990 0.00000000099999999990 0.99999999300000008695 0.00000000099999999990 0.00000000099999999990 
0.00000000100000000000 0.00000000100000000000 0.02772335251027282024 0.00000000100000000000 0.31253837318160065939 0.00002510836430823554 0.01718175540252151953 0.64253140754129667300 
0.00000000099999999999 0.26829047437775133123 0.01021928959959229020 0.00000000099999999999 0.16114780843039014369 0.15805542237895095492 0.01404662895476459575 0.38824037425855062455 
0.00000000099999999998 0.16665480283037165110 0.00000000099999999998 0.00000000099999999998 0.09504386651248492024 0.19365860984337773809 0.00000000099999999998 0.54464271681376563716 
0.00000000099999999999 0.00000000099999999999 0.02039636791216278486 0.01632350637061381893 0.31167720944627730351 0.00000000099999999999 0.00540239717957744815 0.64620051609136863746 
0.00000000099999999998 0.22815014650891948800 0.00696715866345159335 0.00000000099999999998 0.13896742101516562640 0.05687448647138973468 0.01253498852620832556 0.55650579681486522787 
0.00000000099999999999 0.27634529059607182422 0.00000000099999999999 0.00000000099999999999 0.00001823769580817197 0.19911066392669199421 0.01298489924522928420 0.51154090553619857573 
0.00000000099999999998 0.41179567853862347748 0.00000000099999999998 0.00000000099999999998 0.08821761976216174750 0.00000000099999999998 0.00000000099999999998 0.49998669669921469438 
0.00000000099999999998 0.22865689162262453626 0.00000000099999999998 0.02720206162808780706 0.33629232221885840826 0.21092283439910439191 0.00000000099999999998 0.19692588713132494482 
0.00000000099999999999 0.00000002380830622054 0.00000000099999999999 0.00000000099999999999 0.11638802089834357489 0.16597834776401426682 0.03210616149391042062 0.68552744303542556548 
0.00000000099999999993 0.00000000099999999993 0.00000000099999999993 0.00000000099999999993 0.00000000099999999993 0.99999999299999997593 0.00000000099999999993 0.00000000099999999993 
0.00000000099999999999 0.02888496681122994236 0.00000000099999999999 0.00000000099999999999 0.21866813360110978759 0.22760481656371570058 0.00099317339636100540 0.52384890662758354374 
0.00000000099999999990 0.00000000099999999990 0.00000000099999999990 0.00000000099999999990 0.99999999299999997593 0.00000000099999999990 0.00000000099999999990 0.00000000099999999990 
0.06912372237000860564 0.21908403686862421011 0.00550174579119408220 0.01690169323246849473 0.30318575709341283320 0.11233360266515840520 0.00000000100000000000 0.27386944097913329399 
0.00000000099999999998 0.23007913727629847322 0.00000000099999999998 0.00000000099999999998 0.18410288123521414971 0.16678801764374465155 0.02945695822114705043 0.38957300262359573217 
0.00000000099999999996 0.59220394963236477892 0.00000000099999999996 0.00000000099999999996 0.40232696677332457913 0.00000000099999999996 0.00546907859431064892 0.00000000099999999996 
0.00000000099999999997 0.33930868124857477275 0.00000000099999999997 0.00000000099999999997 0.44342911028828696507 0.20459361065266506996 0.01266859381047313188 0.00000000099999999997 
0.00000000099999999991 0.00000000099999999991 0.00000000099999999991 0.00000000099999999991 0.99999999300000008695 0.00000000099999999991 0.00000000099999999991 0.00000000099999999991 
0.00000000099999999998 0.13228481319934423666 0.00000000099999999998 0.00420076977463999281 0.19644799276508345676 0.29549264206669478838 0.00000000099999999998 0.37157377919423756341 
0.00000000099999999997 0.66225949154890284554 0.00000000099999999997 0.00000000099999999997 0.33774050245109710211 0.00000000099999999997 0.00000000099999999997 0.00000000099999999997 
0.00000000099999999999 0.32733168545551155626 0.00537751367295670295 0.00523418949562839877 0.22845143584245197754 0.12689304657315073066 0.01843996621319836729 0.28827216174710229568 
0.00000000099999999998 0.08347318517967398932 0.00000000099999999998 0.00000000099999999998 0.17968745023749640999 0.19358416321652174852 0.01126588733371717069 0.53198931103259072817 
0.00000000099999999997 0.27965210937543599767 0.00000000099999999997 0.02257749150484344991 0.00036416084546126847 0.00000000099999999997 0.00000000099999999997 0.69740623427425918468 
0.00000000099999999994 0.00000000099999999994 0.00000000099999999994 0.99999999299999997593 0.00000000099999999994 0.00000000099999999994 0.00000000099999999994 0.00000000099999999994 
0.00000000099999999998 0.00000000099999999998 0.00000000099999999998 0.99987807449301147056 0.00012191950698845141 0.00000000099999999998 0.00000000099999999998 0.00000000099999999998 
0.99999999300000008695 0.00000000099999999970 0.00000000099999999970 0.00000000099999999970 0.00000000099999999970 0.00000000099999999970 0.00000000099999999970 0.00000000099999999970 
0.00000000099999999963 0.00000000099999999963 0.99999999300000008695 0.00000000099999999963 0.00000000099999999963 0.00000000099999999963 0.00000000099999999963 0.00000000099999999963 
0.00000000099999999997 0.00000000099999999997 0.00000000099999999997 0.87835216881084321461 0.00000000099999999997 0.00000000099999999997 0.12164782518915678855 0.00000000099999999997 
0.00000000099999999997 0.42139879867893043075 0.00000000099999999997 0.00000000099999999997 0.00000000099999999997 0.00000000099999999997 0.00000000099999999997 0.57860119532106935036 
0.00000000099999999998 0.00000000099999999998 0.00000000099999999998 0.00000000099999999998 0.00000000099999999998 0.25374609383430807297 0.03610958130944821876 0.71014431985624371091 
0.00000000099999999993 0.00000000099999999993 0.00000000099999999993 0.92320404781582399156 0.00000000099999999993 0.00000000099999999993 0.07679594618417602547 0.00000000099999999993 
0.00000000099999999998 0.32748968189221111524 0.00000000099999999998 0.00179286617451021027 0.00000000099999999998 0.00000005342413331543 0.00000000099999999998 0.67071739450914524827 
0.00000000099999999998 0.28243947857448775673 0.00473878811669894810 0.00000000099999999998 0.30156923375842059620 0.00000000099999999998 0.02403248672101645361 0.38722000982937615499 
0.00000000099999999997 0.00000000099999999997 0.00000000099999999997 0.00000000099999999997 0.00000000099999999997 0.47753639066969150173 0.03485027445236895532 0.48761332987793959415 
0.99999999300000008695 0.00000000099999999960 0.00000000099999999960 0.00000000099999999960 0.00000000099999999960 0.00000000099999999960 0.00000000099999999960 0.00000000099999999960 
0.99999999300000019797 0.00000000099999999963 0.00000000099999999963 0.00000000099999999963 0.00000000099999999963 0.00000000099999999963 0.00000000099999999963 0.00000000099999999963 
0.99999999300000019797 0.00000000099999999955 0.00000000099999999955 0.00000000099999999955 0.00000000099999999955 0.00000000099999999955 0.00000000099999999955 0.00000000099999999955 
0.99999999300000019797 0.00000000099999999956 0.00000000099999999956 0.00000000099999999956 0.00000000099999999956 0.00000000099999999956 0.00000000099999999956 0.00000000099999999956 
0.99999999300000008695 0.00000000099999999958 0.00000000099999999958 0.00000000099999999958 0.00000000099999999958 0.00000000099999999958 0.00000000099999999958 0.00000000099999999958 
0.00000000099999999997 0.00000000099999999997 0.00000000099999999997 0.98162850773716336938 0.00000000099999999997 0.00000000099999999997 0.01837148626283665806 0.00000000099999999997 
0.00000000099999999999 0.21228865683966374744 0.00706525257349577534 0.00000000099999999999 0.27485498892559984130 0.18168046767355819360 0.00934228313805162726 0.31476834884963078576 
0.99999999300000008695 0.00000000099999999957 0.00000000099999999957 0.00000000099999999957 0.00000000099999999957 0.00000000099999999957 0.00000000099999999957 0.00000000099999999957 
0.99999999300000008695 0.00000000099999999964 0.00000000099999999964 0.00000000099999999964 0.00000000099999999964 0.00000000099999999964 0.00000000099999999964 0.00000000099999999964 
0.00000000099999999962 0.00000000099999999962 0.99999999299999997593 0.00000000099999999962 0.00000000099999999962 0.00000000099999999962 0.00000000099999999962 0.00000000099999999962 
0.00000000099999999962 0.00000000099999999962 0.99999999299999997593 0.00000000099999999962 0.00000000099999999962 0.00000000099999999962 0.00000000099999999962 0.00000000099999999962 
0.00000000099999999998 0.16406242261089742929 0.00000000099999999998 0.00000000099999999998 0.11779791008121250073 0.27715891933217334797 0.01789459411950028098 0.42308615085621636975 
0.99999999300000008695 0.00000000099999999960 0.00000000099999999960 0.00000000099999999960 0.00000000099999999960 0.00000000099999999960 0.00000000099999999960 0.00000000099999999960 
0.00000000099999999989 0.99999999300000008695 0.00000000099999999989 0.00000000099999999989 0.00000000099999999989 0.00000000099999999989 0.00000000099999999989 0.00000000099999999989 
0.00000000099999999995 0.00000000099999999995 0.00000000099999999995 0.00000000099999999995 0.00000000099999999995 0.00000000099999999995 0.00000000099999999995 0.99999999299999997593 
0.00000000099999999996 0.07476038920950192623 0.00000000099999999996 0.92523960479049816019 0.00000000099999999996 0.00000000099999999996 0.00000000099999999996 0.00000000099999999996 
0.00000000099999999996 0.64557220587085784036 0.00000000099999999996 0.00000000099999999996 0.35442258959937095186 0.00000000099999999996 0.00000519952977118746 0.00000000099999999996 
0.00000000099999999992 0.00000000099999999992 0.00000000099999999992 0.99999999299999997593 0.00000000099999999992 0.00000000099999999992 0.00000000099999999992 0.00000000099999999992 
0.00000000099999999997 0.00000000099999999997 0.00000000099999999997 0.00000000099999999997 0.44537767268676142773 0.00000000099999999997 0.03841851314309775722 0.51620380917014074829 
0.00000000099999999993 0.00000000099999999993 0.00000000099999999993 0.99999999300000008695 0.00000000099999999993 0.00000000099999999993 0.00000000099999999993 0.00000000099999999993 
0.00000000099999999991 0.99999999300000008695 0.00000000099999999991 0.00000000099999999991 0.00000000099999999991 0.00000000099999999991 0.00000000099999999991 0.00000000099999999991 
0.00000000099999999999 0.28748853308003180507 0.00827536751872365653 0.00000000099999999999 0.14069405705417034613 0.00000000099999999999 0.02998292717810568248 0.53355911216896845239 
0.99999999300000008695 0.00000000099999999964 0.00000000099999999964 0.00000000099999999964 0.00000000099999999964 0.00000000099999999964 0.00000000099999999964 0.00000000099999999964 
0.00000000099999999993 0.00000000099999999993 0.00000000099999999993 0.99999999299999997593 0.00000000099999999993 0.00000000099999999993 0.00000000099999999993 0.00000000099999999993 
0.99999999300000008695 0.00000000099999999958 0.00000000099999999958 0.00000000099999999958 0.00000000099999999958 0.00000000099999999958 0.00000000099999999958 0.00000000099999999958 
0.99999999300000019797 0.00000000099999999956 0.00000000099999999956 0.00000000099999999956 0.00000000099999999956 0.00000000099999999956 0.00000000099999999956 0.00000000099999999956 
0.00000000099999999991 0.00000000099999999991 0.00000000099999999991 0.00000000099999999991 0.99999999299999997593 0.00000000099999999991 0.00000000099999999991 0.00000000099999999991 
0.00000000099999999998 0.30812937324175565523 0.00000000099999999998 0.02041867818899158193 0.17048716551007411790 0.00000000099999999998 0.01540506957213736566 0.48555971048704132942 
0.00000000099999999997 0.22548022843367740431 0.00000000099999999997 0.00000000099999999997 0.26135867600370615849 0.13288100025584728692 0.00000000099999999997 0.38028009130676904137 
0.00000000099999999998 0.35462748532821886105 0.00000000099999999998 0.00000000099999999998 0.19397145317314160029 0.00000001056019458502 0.00000000099999999998 0.45140104693844490535 
0.00000000099999999997 0.00000000099999999997 0.00000000099999999997 0.00000000099999999997 0.00000000099999999997 0.00000000099999999997 0.03918666034143678673 0.96081333365856325113 
0.00000000099999999998 0.27995611350601695699 0.00000000662326660590 0.00303402836058194823 0.25068215529565690547 0.10002928607095733227 0.03707575741581656953 0.32922265172770365238 
0.00000000099999999998 0.53703450140432718030 0.00000000099999999998 0.00000000099999999998 0.00000000099999999998 0.00000000099999999998 0.00000000099999999998 0.46296549259567282286 
0.00000000099999999997 0.02788434461420756863 0.00000000099999999997 0.97211564938579253514 0.00000000099999999997 0.00000000099999999997 0.00000000099999999997 0.00000000099999999997 
0.00000000099999999998 0.31507991779752564376 0.00000000099999999998 0.00000000099999999998 0.07800707269493971363 0.12078264960323799315 0.03209285011515093655 0.45403750678914561734 
0.99999999300000019797 0.00000000099999999957 0.00000000099999999957 0.00000000099999999957 0.00000000099999999957 0.00000000099999999957 0.00000000099999999957 0.00000000099999999957 
0.00000000099999999997 0.00000000099999999997 0.00000000099999999997 0.00000000099999999997 0.00000000099999999997 0.00000000099999999997 0.00000000099999999997 0.99999999300000008695 
0.99999999300000019797 0.00000000099999999986 0.00000000099999999986 0.00000000099999999986 0.00000000099999999986 0.00000000099999999986 0.00000000099999999986 0.00000000099999999986 
0.99999999300000019797 0.00000000099999999963 0.00000000099999999963 0.00000000099999999963 0.00000000099999999963 0.00000000099999999963 0.00000000099999999963 0.00000000099999999963 
0.00000000099999999998 0.15007055958689860531 0.00000000099999999998 0.01110240364167397985 0.10043441879249684345 0.28136339026899687132 0.04055075499269416434 0.41647847071723947954 
0.00000000099999999989 0.99999999300000019797 0.00000000099999999989 0.00000000099999999989 0.00000000099999999989 0.00000000099999999989 0.00000000099999999989 0.00000000099999999989 
0.00000000099999999989 0.00000000099999999989 0.00000000099999999989 0.00000000099999999989 0.00000000099999999989 0.99999999299999997593 0.00000000099999999989 0.00000000099999999989 
0.99999999300000019797 0.00000000099999999967 0.00000000099999999967 0.00000000099999999967 0.00000000099999999967 0.00000000099999999967 0.00000000099999999967 0.00000000099999999967 
0.00000000099999999993 0.00000000099999999993 0.00000000099999999993 0.99999999299999997593 0.00000000099999999993 0.00000000099999999993 0.00000000099999999993 0.00000000099999999993 
0.00000000099999999994 0.00000000099999999994 0.00000000099999999994 0.99999999299999997593 0.00000000099999999994 0.00000000099999999994 0.00000000099999999994 0.00000000099999999994 
0.99999999300000008695 0.00000000099999999963 0.00000000099999999963 0.00000000099999999963 0.00000000099999999963 0.00000000099999999963 0.00000000099999999963 0.00000000099999999963 
0.00000000099999999996 0.00000000099999999996 0.00000000099999999996 0.00000000099999999996 0.00000000099999999996 0.00000000099999999996 0.00000000099999999996 0.99999999300000008695 
0.00000000099999999999 0.00000000099999999999 0.00055900357143004215 0.02901861335206544490 0.22273441802876289830 0.00000619699811498523 0.01801712531113181318 0.72966464073849490735 
0.99999999300000019797 0.00000000099999999965 0.00000000099999999965 0.00000000099999999965 0.00000000099999999965 0.00000000099999999965 0.00000000099999999965 0.00000000099999999965 
0.00000000099999999998 0.40397463939414562928 0.00100844351714618539 0.00000000099999999998 0.24214331575633768479 0.00000000099999999998 0.01883160009517420228 0.33404199823719621376 
0.00000000099999999992 0.00000000099999999992 0.00000000099999999992 0.99999999300000008695 0.00000000099999999992 0.00000000099999999992 0.00000000099999999992 0.00000000099999999992 
0.00000000099999999912 0.00000000099999999912 0.00000000099999999912 0.00000000099999999912 0.00000000099999999912 0.00000000099999999912 0.99999999299999986491 0.00000000099999999912 
0.00000000099999999999 0.04893049428283210989 0.00000000099999999999 0.02394917581460542441 0.13018835402019024450 0.18318683960425730106 0.01370364258151302549 0.60004149169660181418 
0.00000000099999999999 0.00000000099999999999 0.00753753250125817256 0.02272048291731820768 0.28428201540392161739 0.24359491742378339141 0.00612676990264696738 0.43573827985107171923 
0.00000000099999999997 0.00000000099999999997 0.00000000099999999997 0.00000000099999999997 0.43690766386533969046 0.56309233013466031270 0.00000000099999999997 0.00000000099999999997 
0.00000000099999999988 0.00000000099999999988 0.00000000099999999988 0.00000000099999999988 0.00000000099999999988 0.99999999299999997593 0.00000000099999999988 0.00000000099999999988 
0.00000000099999999989 0.00000000099999999989 0.00000000099999999989 0.00000000099999999989 0.99999999300000008695 0.00000000099999999989 0.00000000099999999989 0.00000000099999999989 
0.00000000099999999999 0.34515726087081738394 0.00000000099999999999 0.00000000099999999999 0.20468865613239725643 0.10654818654728030747 0.01225244261363163389 0.33135345083587336434 
0.00000000099999999999 0.23154431819499246559 0.00570260353477735921 0.00000000099999999999 0.33694579627940546285 0.00000000099999999999 0.01303905111649687927 0.41276822787432776440 
0.00000000099999999991 0.73250797436198344936 0.00000000099999999991 0.00000000099999999991 0.00000000099999999991 0.00000000099999999991 0.26749201963801672033 0.00000000099999999991 
0.00000000099999999995 0.00000000099999999995 0.00000000099999999995 0.99999999299999997593 0.00000000099999999995 0.00000000099999999995 0.00000000099999999995 0.00000000099999999995 
0.00000000099999999989 0.00000000099999999989 0.00000000099999999989 0.00000000099999999989 0.00000000099999999989 0.99999999300000008695 0.00000000099999999989 0.00000000099999999989 
0.00000000099999999996 0.00000000099999999996 0.00000000099999999996 0.00000000099999999996 0.00000000099999999996 0.00000000099999999996 0.02734696369936652841 0.97265303030063343659 
0.00000000099999999999 0.20899595758293035286 0.00000000099999999999 0.04045760454195195671 0.11068392057156528629 0.08064831731910529489 0.01768076789506677418 0.54153343008938037428 
0.00000000099999999993 0.00000000099999999993 0.00000000099999999993 0.00000000099999999993 0.00000000099999999993 0.00000000099999999993 0.00000000099999999993 0.99999999299999997593 
0.00000000099999999998 0.00000000099999999998 0.00000000099999999998 0.01906710543180523826 0.00000000099999999998 0.38582444022627615521 0.00000000099999999998 0.59510844934191864386 
0.00000000099999999997 0.41417009075518862460 0.00000000099999999997 0.00000000099999999997 0.00000000099999999997 0.00000000099999999997 0.00462852068799704010 0.58120138355681416620 
0.00000000099999999999 0.44983495470244050374 0.00000000099999999999 0.00000010697849636334 0.16602978473253210412 0.16120610835100993019 0.03028789759615432842 0.19264114563936682312 
0.00000000099999999996 0.00000000099999999996 0.00000000099999999996 0.96957520660105223076 0.00000000099999999996 0.00000000099999999996 0.00000000099999999996 0.03042478739894789036 
0.00000000099999999998 0.37067940191510495573 0.00277327004653222251 0.00000000099999999998 0.00000000099999999998 0.00000000099999999998 0.06004686482986341944 0.56650045920849922965 
0.00000000099999999999 0.00217447958800255116 0.00447488825601311587 0.00000000885184119388 0.19313766085036612741 0.32118704818561250036 0.00451709651540135003 0.47450881675276307403 
0.00844945737129515657 0.22637471751676316312 0.00000000100000000000 0.00201744874191737804 0.25712318866182815036 0.15204936880948688449 0.00620666404854364456 0.34777915385016561212 
0.00000000099999999997 0.00000000099999999997 0.00000000099999999997 0.99999999299999997593 0.00000000099999999997 0.00000000099999999997 0.00000000099999999997 0.00000000099999999997 
0.00000000099999999995 0.99999999300000019797 0.00000000099999999995 0.00000000099999999995 0.00000000099999999995 0.00000000099999999995 0.00000000099999999995 0.00000000099999999995 
0.00000000099999999999 0.25004859149118219275 0.00645625089678261016 0.00406520454553392207 0.18397645292277645113 0.15676278677468041822 0.00000000099999999999 0.39869071136904449260 
0.00000000099999999998 0.51080158438562728307 0.00000000099999999998 0.47768757356550145543 0.00000000099999999998 0.00000000099999999998 0.01151083704887125025 0.00000000099999999998 
