0.71794632845273487209 0.00000000099999999997 0.00000000099999999997 0.00000000099999999997 0.00000000099999999997 0.28205366554726529760 0.00000000099999999997 0.00000000099999999997 
0.00000000099999999985 0.00000000099999999985 0.99999999299999997593 0.00000000099999999985 0.00000000099999999985 0.00000000099999999985 0.00000000099999999985 0.00000000099999999985 
0.00000000099999999995 0.47985146180354520951 0.52014853219645473814 0.00000000099999999995 0.00000000099999999995 0.00000000099999999995 0.00000000099999999995 0.00000000099999999995 
0.41136407501649718821 0.04001753266167005357 0.00000000099999999999 0.00000000099999999999 0.00159167685862315455 0.00000000099999999999 0.33486885485082840130 0.21215785761238109552 
0.43486378205899006710 0.00000000099999999999 0.00000000099999999999 0.00000000099999999999 0.01078057005359031768 0.00000000374846721241 0.35376985436675889574 0.20058578677219351949 
0.50605639715519334931 0.02818020741375595190 0.00000000099999999998 0.00000000099999999998 0.00000000099999999998 0.09256978942640808894 0.00000000099999999998 0.37319360200464263277 
0.00000000099999999991 0.99999999300000008695 0.00000000099999999991 0.00000000099999999991 0.00000000099999999991 0.00000000099999999991 0.00000000099999999991 0.00000000099999999991 
0.00000000099999999992 0.53970466021956509106 0.46029533378043502312 0.00000000099999999992 0.00000000099999999992 0.00000000099999999992 0.00000000099999999992 0.00000000099999999992 
0.43126281174642683292 0.00000000099999999999 0.02545780366643807247 0.00000000099999999999 0.01493203135403897708 0.00000000099999999999 0.34792398491038672992 0.18042336532270927818 
0.00000000099999999986 0.00000000099999999986 0.99999999299999997593 0.00000000099999999986 0.00000000099999999986 0.00000000099999999986 0.00000000099999999986 0.00000000099999999986 
0.00000000099999999994 0.00000000099999999994 0.00000000099999999994 0.00000000099999999994 0.00000000099999999994 0.00000000099999999994 0.99999999299999986491 0.00000000099999999994 
0.35898914908734419482 0.00000000099999999998 0.01772150184024392713 0.00000000099999999998 0.00486058900128674611 0.06466550426779862915 0.37067323572265770126 0.18309001808066868722 
0.28281529079462575105 0.00000000099999999999 0.00000000099999999999 0.00000000099999999999 0.00000000099999999999 0.06112941075617298048 0.43954828637464254948 0.21650700807455874886 
0.00000000099999999994 0.00000000099999999994 0.00000000099999999994 0.00000000099999999994 0.00000000099999999994 0.00000000099999999994 0.00000000099999999994 0.99999999300000008695 
0.27430067008374281468 0.00000000100000000000 0.01156608423881157373 0.00000421474005031351 0.02078304507998942827 0.00000000100000000000 0.57012762760480595325 0.12321835625259980329 
0.33407755618056689251 0.05118746448246525027 0.00029374836537856343 0.00000000099999999999 0.02547005083688388266 0.08190957607854945643 0.29670043149949704153 0.21036117155665887135 
0.25501221749841290753 0.00000000099999999999 0.00461659408029553141 0.00000000099999999999 0.00000000099999999999 0.07230298366779387698 0.46151495112190349390 0.20655325063159410415 
0.27532661310884365413 0.00000000099999999998 0.00000000099999999998 0.00000000099999999998 0.00000000099999999998 0.11529442228813321925 0.33469225811626585054 0.27468670248675725043 
0.57468954344099509868 0.00000000100000000000 0.00000030435274764254 0.00266862698859991580 0.00745327726878230578 0.00473202197756061871 0.26486989829773005534 0.14558632667358439861 
0.65360026972080709218 0.00000000099999999997 0.00000000099999999997 0.00000000099999999997 0.00000000099999999997 0.00000000099999999997 0.34639972427919302200 0.00000000099999999997 
0.51016430495355435948 0.00341358491654344476 0.00000000099999999999 0.00000000099999999999 0.00000000099999999999 0.06118504135531453725 0.40715257161038825862 0.01808449416419940017 
0.00000000099999999993 0.99999999300000019797 0.00000000099999999993 0.00000000099999999993 0.00000000099999999993 0.00000000099999999993 0.00000000099999999993 0.00000000099999999993 
0.37192382301393539512 0.02712591146808073991 0.00000000099999999999 0.00000000099999999999 0.00000000099999999999 0.00000000099999999999 0.35483752818555802655 0.24611273333242564276 
0.00000000099999999982 0.00000000099999999982 0.00000000099999999982 0.00000000099999999982 0.00000000099999999982 0.00000000099999999982 0.00000000099999999982 0.99999999299999997593 
0.35775205922721592389 0.02658419109028705915 0.00000000099999999997 0.00000000099999999997 0.00000000099999999997 0.15571705176202771392 0.45994669392046927392 0.00000000099999999997 
0.53278397842813529639 0.00000000099999999997 0.00000000099999999997 0.00000000099999999997 0.00000000099999999997 0.05325818340069323614 0.00001502784346714436 0.41394280632770447115 
0.00000000099999999969 0.00000000099999999969 0.00000000099999999969 0.00000000099999999969 0.99999999299999997593 0.00000000099999999969 0.00000000099999999969 0.00000000099999999969 
0.00000000099999999965 0.00000000099999999965 0.00000000099999999965 0.00000000099999999965 0.99999999299999997593 0.00000000099999999965 0.00000000099999999965 0.00000000099999999965 
0.00000000099999999992 0.00000000099999999992 0.00000000099999999992 0.00000000099999999992 0.00000000099999999992 0.46563131404661672885 0.00000000099999999992 0.53436867995338321879 
0.00000000099999999996 0.00000000099999999996 0.00000000099999999996 0.00000000099999999996 0.00000000099999999996 0.00000000099999999996 0.63852948677677223710 0.36147050722322771055 
0.40325564418109499654 0.00000000099999999997 0.01471416019358181074 0.00000000099999999997 0.00000000099999999997 0.17892529775950916093 0.19934870479161875823 0.20375619007419509821 
0.00000000099999999988 0.00000000099999999988 0.99999999299999997593 0.00000000099999999988 0.00000000099999999988 0.00000000099999999988 0.00000000099999999988 0.00000000099999999988 
0.00000000099999999989 0.00000000099999999989 0.19691550485092235157 0.00000000099999999989 0.35146045237894868452 0.00000000099999999989 0.00000000099999999989 0.45162403777012899431 
0.36348696329723301224 0.00000000099999999998 0.00110264288833416993 0.00000000099999999998 0.00000000099999999998 0.00000000128370335946 0.39365777709073890289 0.24175261243999043859 
0.00000000099999999963 0.00000000099999999963 0.00000000099999999963 0.99999999300000008695 0.00000000099999999963 0.00000000099999999963 0.00000000099999999963 0.00000000099999999963 
0.00000000099999999955 0.00000000099999999955 0.00000000099999999955 0.99999999299999997593 0.00000000099999999955 0.00000000099999999955 0.00000000099999999955 0.00000000099999999955 
0.00000000099999999955 0.00000000099999999955 0.00000000099999999955 0.99999999300000008695 0.00000000099999999955 0.00000000099999999955 0.00000000099999999955 0.00000000099999999955 
0.00000000099999999971 0.00000000099999999971 0.00000000099999999971 0.00000000099999999971 0.99999999300000008695 0.00000000099999999971 0.00000000099999999971 0.00000000099999999971 
0.00000000099999999966 0.00000000099999999966 0.00000000099999999966 0.00000000099999999966 0.99999999299999997593 0.00000000099999999966 0.00000000099999999966 0.00000000099999999966 
0.47606827335304058302 0.00000000099999999998 0.00000000099999999998 0.00000000099999999998 0.00000000099999999998 0.09321462888907534883 0.20301430820955398970 0.22770278554832998341 
0.00000000099999999996 0.55250762059655467162 0.44749237340344538705 0.00000000099999999996 0.00000000099999999996 0.00000000099999999996 0.00000000099999999996 0.00000000099999999996 
0.00000000099999999968 0.00000000099999999968 0.00000000099999999968 0.00000000099999999968 0.99999999300000008695 0.00000000099999999968 0.00000000099999999968 0.00000000099999999968 
0.00000000099999999991 0.00000000099999999991 0.00000000099999999991 0.00000000099999999991 0.00000000099999999991 0.00000000099999999991 0.00000000099999999991 0.99999999300000008695 
0.00000000099999999986 0.00000000099999999986 0.99999999300000008695 0.00000000099999999986 0.00000000099999999986 0.00000000099999999986 0.00000000099999999986 0.00000000099999999986 
0.00000000099999999972 0.00000000099999999972 0.00000000099999999972 0.00000000099999999972 0.99999999300000008695 0.00000000099999999972 0.00000000099999999972 0.00000000099999999972 
0.00000000099999999997 0.00000000099999999997 0.00000000099999999997 0.00000000099999999997 0.00000000099999999997 0.00000000099999999997 0.44629393017458079962 0.55370606382541909252 
0.00000000099999999968 0.00000000099999999968 0.00000000099999999968 0.00000000099999999968 0.99999999299999997593 0.00000000099999999968 0.00000000099999999968 0.00000000099999999968 
0.00000000099999999990 0.99999999300000008695 0.00000000099999999990 0.00000000099999999990 0.00000000099999999990 0.00000000099999999990 0.00000000099999999990 0.00000000099999999990 
0.00000000099999999987 0.99999999300000019797 0.00000000099999999987 0.00000000099999999987 0.00000000099999999987 0.00000000099999999987 0.00000000099999999987 0.00000000099999999987 
0.00000000099999999964 0.00000000099999999964 0.00000000099999999964 0.00000000099999999964 0.99999999300000008695 0.00000000099999999964 0.00000000099999999964 0.00000000099999999964 
0.00000000099999999967 0.00000000099999999967 0.00000000099999999967 0.00000000099999999967 0.99999999300000008695 0.00000000099999999967 0.00000000099999999967 0.00000000099999999967 
0.00000000099999999987 0.00000000099999999987 0.99999999300000008695 0.00000000099999999987 0.00000000099999999987 0.00000000099999999987 0.00000000099999999987 0.00000000099999999987 
0.00000000099999999990 0.99999999300000019797 0.00000000099999999990 0.00000000099999999990 0.00000000099999999990 0.00000000099999999990 0.00000000099999999990 0.00000000099999999990 
0.00000000099999999996 0.76209815767692890009 0.23790183632307126960 0.00000000099999999996 0.00000000099999999996 0.00000000099999999996 0.00000000099999999996 0.00000000099999999996 
0.00000000099999999973 0.00000000099999999973 0.00000000099999999973 0.00000000099999999973 0.99999999300000008695 0.00000000099999999973 0.00000000099999999973 0.00000000099999999973 
0.32463421937257413985 0.00000000100000000000 0.04538401946326770658 0.00000000100000000000 0.01327397409810449243 0.00000000592909062070 0.34319600814685735646 0.27351177099010565152 
0.99022218539608608534 0.00000000099999999996 0.00000000099999999996 0.00000000099999999996 0.00977780860391395945 0.00000000099999999996 0.00000000099999999996 0.00000000099999999996 
0.79217895119817505201 0.02401213457737280330 0.00000000099999999998 0.00000000099999999998 0.00000000099999999998 0.00064752650105014652 0.00000000099999999998 0.18316138372340223794 
0.43628928924006082912 0.00000000099999999999 0.01190731362356745558 0.00000000099999999999 0.00000000099999999999 0.07132691190006748561 0.22558506084799648250 0.25489142138830772621 
0.00000000099999999994 0.51141018208182675853 0.48858981191817341116 0.00000000099999999994 0.00000000099999999994 0.00000000099999999994 0.00000000099999999994 0.00000000099999999994 
0.36500346034742409129 0.00000000100000000000 0.00250363029288211804 0.00000000100000000000 0.00280485914831987660 0.05991835768009081548 0.38342745003609984833 0.18634224049518333111 
0.00000000099999999961 0.00000000099999999961 0.00000000099999999961 0.99999999300000008695 0.00000000099999999961 0.00000000099999999961 0.00000000099999999961 0.00000000099999999961 
0.99999999300000019797 0.00000000099999999994 0.00000000099999999994 0.00000000099999999994 0.00000000099999999994 0.00000000099999999994 0.00000000099999999994 0.00000000099999999994 
0.00000000099999999962 0.00000000099999999962 0.00000000099999999962 0.99999999299999997593 0.00000000099999999962 0.00000000099999999962 0.00000000099999999962 0.00000000099999999962 
0.20310809051381792378 0.00415943074680358033 0.03257352206930360511 0.00000000099999999999 0.00000000099999999999 0.00000000099999999999 0.49803289238604453448 0.26212606128403037609 
0.00000000099999999963 0.00000000099999999963 0.00000000099999999963 0.99999999300000008695 0.00000000099999999963 0.00000000099999999963 0.00000000099999999963 0.00000000099999999963 
0.62885744402700760602 0.00000000099999999995 0.00000000099999999995 0.00000000099999999995 0.00000000099999999995 0.37114254997299261918 0.00000000099999999995 0.00000000099999999995 
0.43093639200877875695 0.00000064093682778508 0.00432891461757283717 0.00000000100000000000 0.00202899195204232947 0.11568776556000864852 0.22793990749357856407 0.21907738643119095689 
0.00000000099999999983 0.00000000099999999983 0.99999999300000008695 0.00000000099999999983 0.00000000099999999983 0.00000000099999999983 0.00000000099999999983 0.00000000099999999983 
0.43656128445334102528 0.00000000099999999997 0.00000000099999999997 0.00000000099999999997 0.00000000099999999997 0.07518936849763080410 0.36360797237333808418 0.12464137067569004691 
0.00000000099999999963 0.00000000099999999963 0.00000000099999999963 0.99999999300000008695 0.00000000099999999963 0.00000000099999999963 0.00000000099999999963 0.00000000099999999963 
0.00000000099999999966 0.00000000099999999966 0.00000000099999999966 0.99999999300000008695 0.00000000099999999966 0.00000000099999999966 0.00000000099999999966 0.00000000099999999966 
0.39435476953487802465 0.08539039408059659331 0.00000000099999999999 0.00000000099999999999 0.00342713947676256915 0.12517419213905769948 0.22537350174295700533 0.16628000102574813646 
0.00000000099999999993 0.57759432205035299290 0.42240567194964706577 0.00000000099999999993 0.00000000099999999993 0.00000000099999999993 0.00000000099999999993 0.00000000099999999993 
0.00000000099999999973 0.00000000099999999973 0.00000000099999999973 0.00000000099999999973 0.99999999299999997593 0.00000000099999999973 0.00000000099999999973 0.00000000099999999973 
0.00000000099999999993 0.43009806419280877110 0.56990192980719112104 0.00000000099999999993 0.00000000099999999993 0.00000000099999999993 0.00000000099999999993 0.00000000099999999993 
0.43651261025559229267 0.00000000099999999999 0.02843513042732470630 0.00000000099999999999 0.00000000099999999999 0.15946409487682250417 0.16902364871429750859 0.20656451272596287883 
0.00000000099999999959 0.00000000099999999959 0.00000000099999999959 0.99999999299999997593 0.00000000099999999959 0.00000000099999999959 0.00000000099999999959 0.00000000099999999959 
0.00000000099999999962 0.00000000099999999962 0.00000000099999999962 0.00000000099999999962 0.99999999300000008695 0.00000000099999999962 0.00000000099999999962 0.00000000099999999962 
0.00000000099999999968 0.00000000099999999968 0.00000000099999999968 0.99999999300000008695 0.00000000099999999968 0.00000000099999999968 0.00000000099999999968 0.00000000099999999968 
0.99999999300000019797 0.00000000099999999996 0.00000000099999999996 0.00000000099999999996 0.00000000099999999996 0.00000000099999999996 0.00000000099999999996 0.00000000099999999996 
0.00000000099999999992 0.71001928305578543288 0.28998071094421473681 0.00000000099999999992 0.00000000099999999992 0.00000000099999999992 0.00000000099999999992 0.00000000099999999992 
0.00000000099999999993 0.49551216068102876822 0.50448783331897117943 0.00000000099999999993 0.00000000099999999993 0.00000000099999999993 0.00000000099999999993 0.00000000099999999993 
0.00000055081616610578 0.19510027041955219085 0.04481644113902333304 0.00000000099999999998 0.00000000099999999998 0.00436915291949580530 0.36214350788625804256 0.39357007481950440075 
0.57830328445861389763 0.01287589447782254946 0.00000000099999999999 0.00000000099999999999 0.02264112911156550625 0.00009662310637226541 0.14601087269839890803 0.24007219414722694162 
0.00000000099999999992 0.00000000099999999992 0.00000000099999999992 0.00000000099999999992 0.00000000099999999992 0.00000000099999999992 0.99999999299999997593 0.00000000099999999992 
0.40132454819477347829 0.00003133214141339634 0.01695804408749026007 0.00000000099999999998 0.00000000099999999998 0.08091903882231245293 0.34740276982267825900 0.15336426493133195614 
0.38141815081322083536 0.00000000099999999999 0.00000000099999999999 0.00000000099999999999 0.00000000099999999999 0.04424149026447861399 0.39187772949442406523 0.18246262542787630712 
0.30958851929466485453 0.00000000099999999997 0.00000000099999999997 0.00000000099999999997 0.00000000099999999997 0.01263646191729970135 0.35930175817048465303 0.31847325661755065962 
0.57562027985768904337 0.00680843529159567192 0.00000000099999999997 0.00000000099999999997 0.00000000099999999997 0.00000000099999999997 0.41757127985071534892 0.00000000099999999997 
0.50393641264210631281 0.02036089938446158931 0.00000000099999999999 0.00000000099999999999 0.00392329831939916725 0.00000003043670058572 0.27251263465790120932 0.19926672255943098100 
0.20459784986249868188 0.00000000099999999998 0.03947397025241815988 0.00000000099999999998 0.00000000099999999998 0.00000000099999999998 0.49203707255257483899 0.26389110333250831442 
0.00000000099999999986 0.00000000099999999986 0.99999999300000008695 0.00000000099999999986 0.00000000099999999986 0.00000000099999999986 0.00000000099999999986 0.00000000099999999986 
0.00000000099999999997 0.51258248699169961515 0.48741750700830055454 0.00000000099999999997 0.00000000099999999997 0.00000000099999999997 0.00000000099999999997 0.00000000099999999997 
0.00000000099999999977 0.00000000099999999977 0.00000000099999999977 0.99999999299999997593 0.00000000099999999977 0.00000000099999999977 0.00000000099999999977 0.00000000099999999977 
0.00000000099999999996 0.71530655738005644029 0.28469343661994367389 0.00000000099999999996 0.00000000099999999996 0.00000000099999999996 0.00000000099999999996 0.00000000099999999996 
0.00000000099999999993 0.99999999300000019797 0.00000000099999999993 0.00000000099999999993 0.00000000099999999993 0.00000000099999999993 0.00000000099999999993 0.00000000099999999993 
0.47387290040544893799 0.01805936693361570242 0.00000000099999999999 0.00000000099999999999 0.00211666484970066040 0.11228961244240040496 0.16345412300308115316 0.23020733036575297126 
0.00000000099999999954 0.00000000099999999954 0.00000000099999999954 0.99999999300000008695 0.00000000099999999954 0.00000000099999999954 0.00000000099999999954 0.00000000099999999954 
0.55342675723730727633 0.00000000099999999999 0.00000000099999999999 0.00000000099999999999 0.00000000099999999999 0.00000000099999999999 0.03563957704755851136 0.41093366071513437454 
0.99999999300000008695 0.00000000099999999997 0.00000000099999999997 0.00000000099999999997 0.00000000099999999997 0.00000000099999999997 0.00000000099999999997 0.00000000099999999997 
0.43158500886363176940 0.00000014370667404286 0.00000000100000000000 0.00000000100000000000 0.00807135755497950282 0.00071456755981152541 0.37421548793489517459 0.18541343238000809746 
0.45509465148547678659 0.02545559292120687031 0.00000000099999999999 0.00000000099999999999 0.00000000099999999999 0.07931553715456901577 0.44013421443874722883 0.00000000099999999999 
0.71263475220098015939 0.00000000099999999997 0.00000000099999999997 0.00000000099999999997 0.00000000099999999997 0.00000000099999999997 0.00000000099999999997 0.28736524179901989928 
0.00000000099999999992 0.00000000099999999992 0.00000000099999999992 0.00000000099999999992 0.00000000099999999992 0.00000000099999999992 0.00000000099999999992 0.99999999299999997593 
0.55899587813224271837 0.00000000099999999999 0.00000000099999999999 0.00000000099999999999 0.00592505460258841050 0.00000000099999999999 0.17361443781251950647 0.26146462545264942401 
0.36822218154842450977 0.01566143104158316049 0.00000000099999999999 0.00000000099999999999 0.00173486447216554518 0.04121674823525266901 0.23153498535543873271 0.34162978734713522755 
0.39990888076473435353 0.00000000100000000000 0.01767638163108116098 0.00000000100000000000 0.02945743424429775673 0.04660614947575716233 0.37763399945146941539 0.12871715243266021456 
0.43689016635453542525 0.00000124541967503061 0.00000000099999999999 0.00000000099999999999 0.00470979778339988310 0.12585147058196297087 0.20518805741607695770 0.22735926044434962012 
0.55216767970202473848 0.00000000099999999997 0.00000000099999999997 0.00000000099999999997 0.00000000099999999997 0.00000000099999999997 0.44783231429797532019 0.00000000099999999997 
0.55570538536731239887 0.01126508783830551877 0.00000000099999999999 0.00000000099999999999 0.01649463996722314724 0.12824240000685904750 0.00000000099999999999 0.28829248382030020492 
0.40382159774125414575 0.00000000099999999998 0.00000000099999999998 0.00000000099999999998 0.00729378726497802166 0.05920765444627067858 0.40263106873557913401 0.12704588881191786198 
0.55835627148060729130 0.00660414130685585670 0.00001150977398015583 0.00000000099999999999 0.00000000099999999999 0.00000000099999999999 0.26902247001687551453 0.16600560442168135755 
0.69097668244913879043 0.00000000099999999997 0.00000000099999999997 0.00000000099999999997 0.00000000099999999997 0.00000000099999999997 0.00000000099999999997 0.30902331155086143477 
0.57902175102941366713 0.00000000099999999997 0.03470119830864579202 0.00000000099999999997 0.00000000099999999997 0.00000000099999999997 0.00000000099999999997 0.38627704566194076552 
0.34488062441721623053 0.00000000099999999999 0.00016436070614421597 0.00000000099999999999 0.00000000099999999999 0.14897637127254365064 0.20490177602832740367 0.30107686457576837702 
0.38582214056443886463 0.00000000099999999999 0.03567357853545622542 0.00000000099999999999 0.00000000099999999999 0.05408127111031790085 0.24002787796459149061 0.28439512882519535353 
0.32249111696740317967 0.00000000099999999999 0.00636166550373174801 0.00000000099999999999 0.00000000099999999999 0.07129571876363702265 0.32876139358636174981 0.27109010217886614358 
0.00000000099999999995 0.00000000099999999995 0.00000000099999999995 0.00000000099999999995 0.00000000099999999995 0.00000000099999999995 0.99999999299999997593 0.00000000099999999995 
0.51085099491651908554 0.01719292023151825985 0.00000488977029427821 0.06824912829237418654 0.00097408681531155382 0.03852872954854213300 0.36415765109249337295 0.00004159933294725666 
0.40714544030135702002 0.00000000099999999998 0.00000000099999999998 0.00000000099999999998 0.00000000099999999998 0.08770382778672987378 0.30848852307061769285 0.19666220484129531831 
0.33838775134999576899 0.02348802807968046122 0.00000000099999999997 0.00000000099999999997 0.00000000099999999997 0.04093806471197358743 0.28271563648783348821 0.31447051637051653961 
0.00000000099999999993 0.00000000099999999993 0.00000000099999999993 0.00000000099999999993 0.00000000099999999993 0.00000000099999999993 0.99999999299999986491 0.00000000099999999993 
0.44088476114683688989 0.00000000099999999999 0.00000000099999999999 0.00000000099999999999 0.01082563676190273667 0.05076818927383113661 0.22076405185428935041 0.27675735796313971626 
0.46675297073439120377 0.01308713869341467106 0.00000000099999999998 0.00000000099999999998 0.00000000099999999998 0.00000014843691583352 0.39882921313517316619 0.12133052600010509059 
0.25052635665372285922 0.00000000100000000000 0.00000000100000000000 0.00000001052592679058 0.00000000260578451392 0.00697189653161390220 0.35477815066637585772 0.38772358101657589113 
0.20449574362553515905 0.00738903214280544045 0.00000105387748402412 0.00000000099999999999 0.00500927838258788307 0.05277232559301067716 0.48089560840395084718 0.24943695697462608951 
0.82302213640200505562 0.00000000099999999996 0.00000000099999999996 0.00000000099999999996 0.00000000099999999996 0.17697785759799514183 0.00000000099999999996 0.00000000099999999996 
0.00000000099999999992 0.00000000099999999992 0.00000000099999999992 0.00000000099999999992 0.00000000099999999992 0.00000000099999999992 0.99999999299999986491 0.00000000099999999992 
0.00000000099999999991 0.99999999300000019797 0.00000000099999999991 0.00000000099999999991 0.00000000099999999991 0.00000000099999999991 0.00000000099999999991 0.00000000099999999991 
0.00000000099999999991 0.99999999300000019797 0.00000000099999999991 0.00000000099999999991 0.00000000099999999991 0.00000000099999999991 0.00000000099999999991 0.00000000099999999991 
0.00000000099999999970 0.00000000099999999970 0.00000000099999999970 0.99999999299999997593 0.00000000099999999970 0.00000000099999999970 0.00000000099999999970 0.00000000099999999970 
0.00000000099999999962 0.00000000099999999962 0.00000000099999999962 0.00000000099999999962 0.99999999300000008695 0.00000000099999999962 0.00000000099999999962 0.00000000099999999962 
0.00000000099999999999 0.62924495437202099257 0.26396663488840399481 0.00000000099999999999 0.03108551247656133817 0.07570289426301372859 0.00000000099999999999 0.00000000099999999999 
0.99999999300000008695 0.00000000099999999995 0.00000000099999999995 0.00000000099999999995 0.00000000099999999995 0.00000000099999999995 0.00000000099999999995 0.00000000099999999995 
0.86033028939503397581 0.00000000099999999998 0.00000000099999999998 0.00000000099999999998 0.00000000099999999998 0.13966970460496622164 0.00000000099999999998 0.00000000099999999998 
0.00000000099999999993 0.99999999300000008695 0.00000000099999999993 0.00000000099999999993 0.00000000099999999993 0.00000000099999999993 0.00000000099999999993 0.00000000099999999993 
0.63989298481596057488 0.01396951471367986926 0.00000000099999999998 0.00000000099999999998 0.00000000099999999998 0.00000001609128347368 0.00000000099999999998 0.34613748037907615673 
0.42147814964994795295 0.00386269804828124176 0.00000000099999999998 0.00000000099999999998 0.00852258496346221597 0.06104652633586980098 0.27038933470230569478 0.23470070430013295626 
0.00000000099999999996 0.00000000099999999996 0.00000000099999999996 0.00000000099999999996 0.00000000099999999996 0.00000000099999999996 0.36673317107942815518 0.63326682292057190349 
0.00000000099999999960 0.00000000099999999960 0.00000000099999999960 0.99999999299999997593 0.00000000099999999960 0.00000000099999999960 0.00000000099999999960 0.00000000099999999960 
0.00000000099999999962 0.00000000099999999962 0.00000000099999999962 0.99999999300000008695 0.00000000099999999962 0.00000000099999999962 0.00000000099999999962 0.00000000099999999962 
0.00000000099999999955 0.00000000099999999955 0.00000000099999999955 0.99999999300000008695 0.00000000099999999955 0.00000000099999999955 0.00000000099999999955 0.00000000099999999955 
0.00000000099999999956 0.00000000099999999956 0.00000000099999999956 0.99999999300000008695 0.00000000099999999956 0.00000000099999999956 0.00000000099999999956 0.00000000099999999956 
0.00000000099999999957 0.00000000099999999957 0.00000000099999999957 0.99999999300000008695 0.00000000099999999957 0.00000000099999999957 0.00000000099999999957 0.00000000099999999957 
0.00000000099999999996 0.51510491687524795346 0.48489507712475221624 0.00000000099999999996 0.00000000099999999996 0.00000000099999999996 0.00000000099999999996 0.00000000099999999996 
0.00000000099999999994 0.00000000099999999994 0.00000000099999999994 0.00000000099999999994 0.00000000099999999994 0.00000000099999999994 0.99999999299999986491 0.00000000099999999994 
0.00000000099999999957 0.00000000099999999957 0.00000000099999999957 0.99999999299999997593 0.00000000099999999957 0.00000000099999999957 0.00000000099999999957 0.00000000099999999957 
0.00000000099999999963 0.00000000099999999963 0.00000000099999999963 0.99999999300000008695 0.00000000099999999963 0.00000000099999999963 0.00000000099999999963 0.00000000099999999963 
0.00000000099999999961 0.00000000099999999961 0.00000000099999999961 0.00000000099999999961 0.99999999300000008695 0.00000000099999999961 0.00000000099999999961 0.00000000099999999961 
0.00000000099999999961 0.00000000099999999961 0.00000000099999999961 0.00000000099999999961 0.99999999300000008695 0.00000000099999999961 0.00000000099999999961 0.00000000099999999961 
0.00000000099999999995 0.00000000099999999995 0.00000000099999999995 0.00000000099999999995 0.00000000099999999995 0.21174348828228231612 0.46462323524247034490 0.32363327147524739713 
0.00000000099999999960 0.00000000099999999960 0.00000000099999999960 0.99999999300000008695 0.00000000099999999960 0.00000000099999999960 0.00000000099999999960 0.00000000099999999960 
0.99999999300000008695 0.00000000099999999995 0.00000000099999999995 0.00000000099999999995 0.00000000099999999995 0.00000000099999999995 0.00000000099999999995 0.00000000099999999995 
0.38705603356522744196 0.00000000099999999998 0.00000000099999999998 0.00000000099999999998 0.00000000099999999998 0.06454523031936243438 0.37275353626152196718 0.17564519585388813083 
0.00000000099999999994 0.99999999300000019797 0.00000000099999999994 0.00000000099999999994 0.00000000099999999994 0.00000000099999999994 0.00000000099999999994 0.00000000099999999994 
0.47423720150817644248 0.01366920520520600521 0.00000000099999999998 0.00000000099999999998 0.00000000099999999998 0.03106399510464136551 0.37381471813510719349 0.10721487704686899489 
0.00000000099999999992 0.48608028910360329133 0.51391970489639671182 0.00000000099999999992 0.00000000099999999992 0.00000000099999999992 0.00000000099999999992 0.00000000099999999992 
0.40356039574603452813 0.01789815792989772267 0.00000000099999999999 0.00000000099999999999 0.00000000099999999999 0.05718837594175808781 0.18615830575032699112 0.33519476163198258511 
0.00000000099999999989 0.99999999300000008695 0.00000000099999999989 0.00000000099999999989 0.00000000099999999989 0.00000000099999999989 0.00000000099999999989 0.00000000099999999989 
0.42534873367281761380 0.00000000099999999998 0.00000000099999999998 0.00000000099999999998 0.00000000099999999998 0.26479786812693961728 0.00000000099999999998 0.30985339320024252174 
0.49596124547851705433 0.00000000099999999999 0.00000000099999999999 0.00000000099999999999 0.00365664616690467882 0.17074322015068593705 0.22591573100946008013 0.10372315419443219053 
0.00000000099999999963 0.00000000099999999963 0.00000000099999999963 0.99999999299999997593 0.00000000099999999963 0.00000000099999999963 0.00000000099999999963 0.00000000099999999963 
0.00000000099999999989 0.99999999300000019797 0.00000000099999999989 0.00000000099999999989 0.00000000099999999989 0.00000000099999999989 0.00000000099999999989 0.00000000099999999989 
0.00000000099999999957 0.00000000099999999957 0.00000000099999999957 0.99999999300000008695 0.00000000099999999957 0.00000000099999999957 0.00000000099999999957 0.00000000099999999957 
0.00000000099999999957 0.00000000099999999957 0.00000000099999999957 0.99999999300000008695 0.00000000099999999957 0.00000000099999999957 0.00000000099999999957 0.00000000099999999957 
0.00000000099999999993 0.00000000099999999993 0.00000000099999999993 0.00000000099999999993 0.00000000099999999993 0.00000000099999999993 0.99999999299999997593 0.00000000099999999993 
0.34766041251532736611 0.02051254425281417645 0.00000000099999999998 0.00000000099999999998 0.00000000099999999998 0.08784280289341514503 0.25549413412549115687 0.28849010321295220916 
0.71909552097790363501 0.00000000099999999997 0.00010702472527536837 0.00000000099999999997 0.00000000099999999997 0.00000000099999999997 0.00000000099999999997 0.28079744929682110000 
0.00000000099999999993 0.00000000099999999993 0.00000000099999999993 0.00000000099999999993 0.00000000099999999993 0.00000000099999999993 0.99999999299999986491 0.00000000099999999993 
0.00000000099999999993 0.00000000099999999993 0.00000000099999999993 0.00000000099999999993 0.00000000099999999993 0.00000000099999999993 0.00000000099999999993 0.99999999299999997593 
0.34081639289340487364 0.01287600130340839887 0.00026611307960726924 0.00000000099999999999 0.00005295373927545664 0.04046311615893111169 0.24430082173848857718 0.36122460008688422883 
0.50998492035995157678 0.00000000099999999997 0.00000000099999999997 0.00000000099999999997 0.00000000099999999997 0.00000000099999999997 0.49001507364004848188 0.00000000099999999997 
0.00000006033851515297 0.52266663682451397488 0.44538134531526357707 0.00000000099999999997 0.00000000099999999997 0.03195195352170733527 0.00000000099999999997 0.00000000099999999997 
0.60164499667585769060 0.00000000099999999997 0.00000000099999999997 0.00000000099999999997 0.00000000099999999997 0.02460959209152393384 0.37374540623261842676 0.00000000099999999997 
0.00000000099999999957 0.00000000099999999957 0.00000000099999999957 0.99999999299999997593 0.00000000099999999957 0.00000000099999999957 0.00000000099999999957 0.00000000099999999957 
0.30478329541445298156 0.00000000099999999999 0.00021051175788364322 0.00000000099999999999 0.00000000099999999999 0.00000300558846040800 0.45826403693758688274 0.23673914730161610409 
0.00000000099999999986 0.00000000099999999986 0.00000000099999999986 0.99999999299999997593 0.00000000099999999986 0.00000000099999999986 0.00000000099999999986 0.00000000099999999986 
0.00000000099999999963 0.00000000099999999963 0.00000000099999999963 0.99999999300000008695 0.00000000099999999963 0.00000000099999999963 0.00000000099999999963 0.00000000099999999963 
0.49085252413679880679 0.00000000099999999997 0.00001253060868166365 0.00000000099999999997 0.00000000099999999997 0.23992186593391401361 0.00000000099999999997 0.26921307532060556600 
0.63837240357446767280 0.00000000099999999998 0.00000000099999999998 0.00000000099999999998 0.00000000157265135748 0.00000000099999999998 0.36162758985288095959 0.00000000099999999998 
0.35476264817499481019 0.00000000099999999999 0.02648955663551773657 0.00000000099999999999 0.00000000099999999999 0.00000000099999999999 0.43391563300629332200 0.18483215818319398416 
0.00000000099999999966 0.00000000099999999966 0.00000000099999999966 0.99999999300000008695 0.00000000099999999966 0.00000000099999999966 0.00000000099999999966 0.00000000099999999966 
0.00000000099999999991 0.99999999300000008695 0.00000000099999999991 0.00000000099999999991 0.00000000099999999991 0.00000000099999999991 0.00000000099999999991 0.00000000099999999991 
0.00000000099999999993 0.53372413877117874659 0.46627585522882131208 0.00000000099999999993 0.00000000099999999993 0.00000000099999999993 0.00000000099999999993 0.00000000099999999993 
0.00000000099999999963 0.00000000099999999963 0.00000000099999999963 0.99999999300000008695 0.00000000099999999963 0.00000000099999999963 0.00000000099999999963 0.00000000099999999963 
0.23159237682608896369 0.01559700024716078985 0.00000000099999999999 0.00000000099999999999 0.00000000571200649488 0.00000000099999999999 0.38232178057655347159 0.37048883363819029579 
0.00000000099999999998 0.00000000099999999998 0.00000000099999999998 0.00000000099999999998 0.00000000099999999998 0.00000000099999999998 0.99999999299999997593 0.00000000099999999998 
0.00000000099999999964 0.00000000099999999964 0.00000000099999999964 0.99999999299999997593 0.00000000099999999964 0.00000000099999999964 0.00000000099999999964 0.00000000099999999964 
0.40182128840753461585 0.00000000099999999998 0.00000000099999999998 0.00000000099999999998 0.00000000099999999998 0.11865990931594977420 0.00000000099999999998 0.47951879727651541829 
0.00000000099999999984 0.00000000099999999984 0.99999999300000008695 0.00000000099999999984 0.00000000099999999984 0.00000000099999999984 0.00000000099999999984 0.00000000099999999984 
0.00000000099999999973 0.00000000099999999973 0.00000000099999999973 0.00000000099999999973 0.00000000099999999973 0.99999999299999997593 0.00000000099999999973 0.00000000099999999973 
0.39551537716628304420 0.00000000099999999999 0.03103011191925034856 0.00000000099999999999 0.00000000099999999999 0.03440340370944103277 0.40776030355985959375 0.13129080064516593374 
0.24481570140024108695 0.03396309013746084959 0.00000000099999999999 0.00000000099999999999 0.01274164934732907421 0.00000114660635945529 0.51452514159822970718 0.19395326891037972805 
0.00000000099999999992 0.00000000099999999992 0.00000000099999999992 0.00000000099999999992 0.00000000099999999992 0.00000000099999999992 0.99999999299999997593 0.00000000099999999992 
0.43020200127548618996 0.00000000099999999997 0.00000000099999999997 0.00000000099999999997 0.00000000099999999997 0.00000000099999999997 0.00000000099999999997 0.56979799272451359116 
0.00000000099999999996 0.00000000099999999996 0.00000000099999999996 0.00000000099999999996 0.00000000099999999996 0.00000000099999999996 0.60953944495634393430 0.39046054904365612437 
0.47108921105711037969 0.00000000099999999999 0.00000000099999999999 0.00000000099999999999 0.00000000099999999999 0.05634294468143052209 0.47256783926145901065 0.00000000099999999999 
0.00000000099999999991 0.00000000099999999991 0.00000000099999999991 0.00000000099999999991 0.00000000099999999991 0.00000000099999999991 0.00000000099999999991 0.99999999300000008695 
0.00000000099999999971 0.00000000099999999971 0.00000000099999999971 0.00000000099999999971 0.00000000099999999971 0.99999999299999997593 0.00000000099999999971 0.00000000099999999971 
0.00000000099999999991 0.99999999300000008695 0.00000000099999999991 0.00000000099999999991 0.00000000099999999991 0.00000000099999999991 0.00000000099999999991 0.00000000099999999991 
0.33050459613779625823 0.01923160271193076476 0.00000000099999999998 0.00000000099999999998 0.00163281895810801444 0.11943809252549524025 0.30047785786464742408 0.22871502980202235156 
0.48395721567679605979 0.00000000099999999997 0.00000000099999999997 0.00000000099999999997 0.00000000099999999997 0.22121347052838721825 0.25552751624021735610 0.03930179355459930551 
0.40655671683503408209 0.03891167872317338045 0.00171206254585301305 0.00000000099999999999 0.00000000099999999999 0.06088976955516177403 0.37097800278164982934 0.12095176755912795397 
0.99999999300000008695 0.00000000099999999994 0.00000000099999999994 0.00000000099999999994 0.00000000099999999994 0.00000000099999999994 0.00000000099999999994 0.00000000099999999994 
0.64709924317583900066 0.00000003734987333002 0.03016437194790487497 0.00000000099999999999 0.00000000099999999999 0.00000000099999999999 0.32273634352638286282 0.00000000099999999999 
0.99999999300000008695 0.00000000099999999993 0.00000000099999999993 0.00000000099999999993 0.00000000099999999993 0.00000000099999999993 0.00000000099999999993 0.00000000099999999993 
0.56578921899486578351 0.00676752144064267976 0.00036275178598170379 0.00000000099999999999 0.00000000099999999999 0.05877156851400729132 0.26666930255930199056 0.10163963470520047394 
0.00000000099999999989 0.00000000099999999989 0.99999999299999997593 0.00000000099999999989 0.00000000099999999989 0.00000000099999999989 0.00000000099999999989 0.00000000099999999989 
0.00000000099999999971 0.00000000099999999971 0.00000000099999999971 0.00000000099999999971 0.00000000099999999971 0.99999999300000008695 0.00000000099999999971 0.00000000099999999971 
0.54783183183638584079 0.00000000099999999998 0.00000000099999999998 0.00000000099999999998 0.00000000099999999998 0.08022711889433371824 0.00000000099999999998 0.37194104426928048523 
0.43865556606866612510 0.01632957969543193805 0.00000000100000000000 0.00863869477291022425 0.00000000100000000000 0.00000000100000000000 0.24934540638641289334 0.28703075007657863349 
0.00000000099999999994 0.99999999300000008695 0.00000000099999999994 0.00000000099999999994 0.00000000099999999994 0.00000000099999999994 0.00000000099999999994 0.00000000099999999994 
0.39495476095850701181 0.02748262034698470760 0.00000000290354713631 0.01781159961662011695 0.00000000100000000000 0.00000000100000000000 0.55962667046622671663 0.00012434370811425407 
0.55881704821467903521 0.00315677199493214020 0.00000000099999999998 0.00000000099999999998 0.00000000099999999998 0.00000000099999999998 0.00000000740769294553 0.43802616838269603505 
0.23544558041204130538 0.28472038172070252005 0.18959990530379716711 0.00000000099999999999 0.00237581253677108650 0.08076851336735207942 0.00000000099999999999 0.20708980465933585213 
