0.00809836282669895366 0.00034032533694321762 0.96548374571352024720 0.02607756612283760461 
0.99999999700000008485 0.00000000099999999996 0.00000000099999999996 0.00000000099999999996 
0.99999999699999997382 0.00000000099999999996 0.00000000099999999996 0.00000000099999999996 
0.04295315353933426561 0.00000000099999999999 0.95151835394613526464 0.00552849151453037920 
0.00050796684535300027 0.00000000100000000000 0.98627349454557422526 0.01321853760907287963 
0.03068020407706720937 0.00000000099999999999 0.96293841130399948636 0.00638138361893338720 
0.99999999699999997382 0.00000000099999999997 0.00000000099999999997 0.00000000099999999997 
0.99999999700000008485 0.00000000099999999995 0.00000000099999999995 0.00000000099999999995 
0.00908296047512185609 0.00000000099999999999 0.97118866653920388199 0.01972837198567437000 
0.99999999700000008485 0.00000000099999999997 0.00000000099999999997 0.00000000099999999997 
0.01787531471559710913 0.00000000100000000000 0.96833875162410576465 0.01378593266029724991 
0.02275009681998062250 0.00000000099999999999 0.96572242905228811161 0.01152747312773122132 
0.00529303372824339174 0.00000000100000000000 0.98584739431180101743 0.00885957095995566074 
0.01074115672738800223 0.00000000100000000000 0.96958943606955894090 0.01966940620305299148 
0.00139701302770118304 0.00608264201483382175 0.97088102911343887591 0.02163931584402610867 
0.06112430243288847348 0.00000000099999999999 0.90555560172608162706 0.03332009484102993468 
0.00764801575395444855 0.00000000100000000000 0.99211613708539037049 0.00023584616065513948 
0.00000000100000000000 0.00537626762848785172 0.98806345739578238518 0.00656027397572976362 
0.00342498832302540321 0.00816339325344388710 0.97692208234299260372 0.01148953608053819228 
0.00096158863140504889 0.00000000099999999998 0.99109128441999783110 0.00794712594859710991 
0.00413021761975972991 0.00000000100000000000 0.99585274562766379347 0.00001703575257638727 
0.99999999054563004641 0.00000000099999999998 0.00000000745437002996 0.00000000099999999998 
0.03041902222081557458 0.00000000099999999999 0.96958097577918433974 0.00000000099999999999 
0.03797569222082203266 0.00000000099999999999 0.95792310850734996297 0.00410119827182800663 
0.03347866736024697476 0.00000000099999999999 0.96652093641865921558 0.00000039522109383060 
0.00000000099999999999 0.00000000099999999999 0.99308616100802060700 0.00691383699197932900 
0.00000000099999999988 0.00000000099999999988 0.00000000099999999988 0.99999999699999997382 
0.00000000099999999986 0.00000000099999999986 0.00000000099999999986 0.99999999699999997382 
0.00550998467429079843 0.00000000100000000000 0.98277493130035975533 0.01171508302534938692 
0.00000000099999999999 0.00000000099999999999 0.98498347444649425597 0.01501652355350567222 
0.02975494233117700546 0.00000000099999999999 0.97024505456648046930 0.00000000210234247133 
0.99999999699999997382 0.00000000099999999998 0.00000000099999999998 0.00000000099999999998 
0.24048647828104477431 0.00000000099999999997 0.39851074754925869259 0.36100277316969647812 
0.00051619559006137942 0.00000000099999999999 0.99839176006677243791 0.00109204334316617365 
0.00000000099999999986 0.99999999700000008485 0.00000000099999999986 0.00000000099999999986 
0.00000000099999999982 0.99999999700000008485 0.00000000099999999982 0.00000000099999999982 
0.00000000099999999982 0.99999999700000008485 0.00000000099999999982 0.00000000099999999982 
0.00000000099999999988 0.00000000099999999988 0.00000000099999999988 0.99999999700000008485 
0.00000000099999999987 0.00000000099999999987 0.00000000099999999987 0.99999999700000008485 
0.00229604197245928668 0.00000000099999999999 0.99408095619070213633 0.00362300083683863390 
0.99999999700000008485 0.00000000099999999998 0.00000000099999999998 0.00000000099999999998 
0.00000000099999999987 0.00000000099999999987 0.00000000099999999987 0.99999999699999997382 
0.02793891837416597954 0.00000000099999999999 0.95987735272183905000 0.01218372790399501783 
0.99999999699999997382 0.00000000099999999996 0.00000000099999999996 0.00000000099999999996 
0.00000000099999999989 0.00000000099999999989 0.00000000099999999989 0.99999999699999997382 
0.01968734031829302497 0.00000000099999999999 0.97032396934544817846 0.00998868933625873812 
0.00000000099999999987 0.00000000099999999987 0.00000000099999999987 0.99999999700000008485 
0.99999999700000008485 0.00000000099999999997 0.00000000099999999997 0.00000000099999999997 
0.99999999700000008485 0.00000000099999999995 0.00000000099999999995 0.00000000099999999995 
0.00000000099999999986 0.00000000099999999986 0.00000000099999999986 0.99999999699999997382 
0.00000000099999999987 0.00000000099999999987 0.00000000099999999987 0.99999999700000008485 
0.99999999699999997382 0.00000000099999999997 0.00000000099999999997 0.00000000099999999997 
0.99999999699999997382 0.00000000099999999996 0.00000000099999999996 0.00000000099999999996 
0.99999999699999997382 0.00000000099999999997 0.00000000099999999997 0.00000000099999999997 
0.00000000099999999989 0.00000000099999999989 0.00000000099999999989 0.99999999699999997382 
0.04878037793841476233 0.00000000446696832040 0.93162141045866386779 0.01959820713595305033 
0.00237257389459569158 0.00000000100000000000 0.96742601658411664367 0.03020140852128769954 
0.02984078852281255717 0.00000000099999999999 0.97015920947718736755 0.00000000099999999999 
0.01765161576476775157 0.00000000099999999999 0.97786162908859408649 0.00448675414663805231 
0.99999999700000008485 0.00000000099999999996 0.00000000099999999996 0.00000000099999999996 
0.00073754677987142823 0.00160990206003469322 0.98784583068254427918 0.00980672047754956033 
0.00000000099999999985 0.99999999700000008485 0.00000000099999999985 0.00000000099999999985 
0.01016846518010331747 0.00000000099999999998 0.98048435579574055865 0.00934717802415608104 
0.00000000099999999985 0.99999999699999997382 0.00000000099999999985 0.00000000099999999985 
0.04674658577801942688 0.00000000100000000000 0.95206479436008129014 0.00118861886189924057 
0.00000000099999999986 0.99999999700000008485 0.00000000099999999986 0.00000000099999999986 
0.01276442422949571921 0.00000000099999999999 0.98152494056786210308 0.00571063420264202991 
0.01550200690554003578 0.00000010977908055392 0.97377516905954086823 0.01072271425583859981 
0.99999999699999997382 0.00000000099999999995 0.00000000099999999995 0.00000000099999999995 
0.00000464189178834474 0.00000000099999999998 0.99999535610821155274 0.00000000099999999998 
0.00000000099999999985 0.99999999700000008485 0.00000000099999999985 0.00000000099999999985 
0.00000000099999999987 0.99999999699999997382 0.00000000099999999987 0.00000000099999999987 
0.08735945274700780694 0.00000000099999999999 0.89777313979042916436 0.01486740646256306045 
0.99999999700000008485 0.00000000099999999995 0.00000000099999999995 0.00000000099999999995 
0.00000000099999999989 0.00000000099999999989 0.00000000099999999989 0.99999999700000008485 
0.99999999700000008485 0.00000000099999999996 0.00000000099999999996 0.00000000099999999996 
0.04215655306356174553 0.00120325266187455704 0.95664019327456362163 0.00000000100000000000 
0.00000000099999999984 0.99999999700000008485 0.00000000099999999984 0.00000000099999999984 
0.00000000099999999985 0.00000000099999999985 0.00000000099999999985 0.99999999700000008485 
0.00000000099999999987 0.99999999700000008485 0.00000000099999999987 0.00000000099999999987 
0.00258052618231216545 0.00320287464426150491 0.97256506367922401779 0.02165153549420229320 
0.99999999699999997382 0.00000000099999999995 0.00000000099999999995 0.00000000099999999995 
0.99999999700000008485 0.00000000099999999996 0.00000000099999999996 0.00000000099999999996 
0.23615250057238312831 0.00000000099999999999 0.75922802866433836133 0.00461946976327846665 
0.00636015839457382617 0.00000000100000000000 0.96872889938264994392 0.02491094122277618533 
0.01487016447408933371 0.00000000099999999999 0.98512895589743276759 0.00000087862847782729 
0.02903018686721793584 0.00000000099999999999 0.97096981113278202358 0.00000000099999999999 
0.00069137157572716058 0.00000000100000000000 0.99670163439344949818 0.00260699303082348281 
0.00000000099999999998 0.00000000099999999998 0.99999999699999986280 0.00000000099999999998 
0.01511529271686070861 0.00000000099999999999 0.98408349276516937643 0.00080121351796999757 
0.01342263161966177759 0.00000000099999999999 0.97594143501476360303 0.01063593236557460950 
0.04205696540771305253 0.00000000419034766687 0.95794296447474325262 0.00000006592719606389 
0.99999999700000008485 0.00000000099999999996 0.00000000099999999996 0.00000000099999999996 
0.99995396724483354145 0.00000000099999999998 0.00004603075516657585 0.00000000099999999998 
0.00000000099999999991 0.99999999700000008485 0.00000000099999999991 0.00000000099999999991 
0.99999999700000008485 0.00000000099999999998 0.00000000099999999998 0.00000000099999999998 
0.99999999034963216182 0.00000000099999999998 0.00000000765036788299 0.00000000099999999998 
0.02761167544673655966 0.00000000099999999999 0.96189844224499443381 0.01048988130826899491 
0.00000000099999999982 0.99999999700000008485 0.00000000099999999982 0.00000000099999999982 
0.00000000664099243706 0.00000000100000000000 0.99170838440452158125 0.00829160795448592898 
0.02142633230242828660 0.00000000099999999999 0.97011639253224279944 0.00845727416532880867 
0.00489033398695659909 0.00201297379388716297 0.98305779407490612165 0.01003889814425006424 
0.02918691643363678992 0.00000000100000000000 0.96378484142282461189 0.00702824114353858744 
0.00708851977652666301 0.00046714066041545486 0.99195339370209822949 0.00049094586095962077 
0.04264129500547912677 0.00000013838137900039 0.95723958463849390110 0.00011898197464807190 
0.00208655881715343614 0.00000000100000000000 0.98886522934680476382 0.00904821083604178365 
0.01673107690126730829 0.00000000100000000000 0.97201431421017225887 0.01125460788856048194 
0.01643808184470042788 0.00443122545681597004 0.94706385924587710434 0.03206683345260659401 
0.00793342255633799377 0.00000000099999999999 0.97701450226405628374 0.01505207417960580454 
0.00084352602251039441 0.00000000099999999999 0.99915647197748946873 0.00000000099999999999 
0.02729364558502509613 0.00096757835035858803 0.94301990054577022882 0.02871887551884607509 
0.00000000099999999999 0.00000000099999999999 0.98589630646205905773 0.01410369153794089302 
0.01504459473488803205 0.00000000100000000000 0.98430590836862597026 0.00064949589648594813 
0.00189371466264141018 0.00000000099999999999 0.99661051995523164404 0.00149576438212698144 
0.03776490396142374861 0.00000000099999999999 0.96223509403857609978 0.00000000099999999999 
0.01895753765569221233 0.00000000100000000000 0.97007351274121456086 0.01096894860309323948 
0.04467654630358709744 0.00000000099999999999 0.95532345169641297300 0.00000000099999999999 
0.00770647129380098040 0.00000000100000000000 0.99036872437456646701 0.00192480333163248980 
0.02951851180408231537 0.00000000099999999999 0.96806541176955096528 0.00241607542636665959 
0.02806023709021699536 0.06810413473205595425 0.89677021651072041930 0.00706541166700661374 
0.00751748979504137695 0.00000000099999999999 0.99248250820495864666 0.00000000099999999999 
0.02194615195162015822 0.00000000099999999998 0.97805384604837974916 0.00000000099999999998 
0.03085425712897543749 0.00000000099999999998 0.96914504996356509725 0.00000069190745933398 
0.00244942361754919803 0.00000000099999999999 0.97826134892622063077 0.01928922645623012619 
0.01831019038260455964 0.00000000099999999998 0.98168980761739543794 0.00000000099999999998 
0.00776657925290691331 0.00362202229254435324 0.98008859829684369380 0.00852280015770499888 
0.01570751254454844786 0.00000000099999999999 0.97542398670840113617 0.00886849974705035925 
0.00000000587782511148 0.00000000099999999999 0.99700713903870086252 0.00299285408347403029 
0.03757031961855848007 0.00000000099999999998 0.96242967838144155568 0.00000000099999999998 
0.99999999700000008485 0.00000000099999999996 0.00000000099999999996 0.00000000099999999996 
0.99999995406005404153 0.00000000099999999998 0.00000004393994589583 0.00000000099999999998 
0.00000000099999999988 0.99999999699999997382 0.00000000099999999988 0.00000000099999999988 
0.00000000099999999985 0.00000000099999999985 0.00000000099999999985 0.99999999700000008485 
0.91390415798273771930 0.00000000100000000000 0.04629859474937788461 0.03979724626788441050 
0.01728851024660841423 0.00000000099999999998 0.98271148775339145498 0.00000000099999999998 
0.03222515686815546204 0.00000000792102557542 0.96317359713459060888 0.00460123807622841562 
0.99604351605866259245 0.00000000099999999999 0.00000000099999999999 0.00395648194133750662 
0.02297903558215750111 0.00000000099999999999 0.97702096241784253117 0.00000000099999999999 
0.00338923307708421549 0.00000000099999999998 0.98137387582742230396 0.01523689009549347197 
0.00000000099999999999 0.00000000099999999999 0.99385491012942261957 0.00614508787057744567 
0.00000000099999999984 0.99999999699999997382 0.00000000099999999984 0.00000000099999999984 
0.00000000099999999985 0.99999999700000008485 0.00000000099999999985 0.00000000099999999985 
0.00000000099999999982 0.99999999700000008485 0.00000000099999999982 0.00000000099999999982 
0.00000000099999999983 0.99999999700000008485 0.00000000099999999983 0.00000000099999999983 
0.00000000099999999983 0.99999999699999997382 0.00000000099999999983 0.00000000099999999983 
0.99999999699999997382 0.00000000099999999998 0.00000000099999999998 0.00000000099999999998 
0.00590695669918815669 0.00000000100000000000 0.97943775305371383322 0.01465528924709793256 
0.00000000099999999983 0.99999999700000008485 0.00000000099999999983 0.00000000099999999983 
0.00000000099999999985 0.99999999699999997382 0.00000000099999999985 0.00000000099999999985 
0.00000000099999999985 0.00000000099999999985 0.00000000099999999985 0.99999999699999997382 
0.00000000099999999985 0.00000000099999999985 0.00000000099999999985 0.99999999700000008485 
0.00003020905567605572 0.00000000099999999999 0.99996978894432397844 0.00000000099999999999 
0.00000000099999999984 0.99999999699999997382 0.00000000099999999984 0.00000000099999999984 
0.02056547303044631639 0.00007387240385027928 0.97936064789735033376 0.00000000666835313846 
0.00000000185163000818 0.00000000099999999999 0.99758904944462678532 0.00241094770374324042 
0.96152927901288942625 0.00000000099999999998 0.03847071898711063725 0.00000000099999999998 
0.01545920841352555440 0.00000000099999999999 0.98448254113514188646 0.00005824945133261884 
0.99999999700000008485 0.00000000099999999995 0.00000000099999999995 0.00000000099999999995 
0.02630219786704998328 0.00000000099999999999 0.96481018148456143546 0.00888761964838867373 
0.99999999700000008485 0.00000000099999999995 0.00000000099999999995 0.00000000099999999995 
0.01662769349134032501 0.00000000100000000000 0.96286683311389487105 0.02050547239476471426 
0.00014096738803008060 0.00000000100000000000 0.98368341365531675180 0.01617561795665327373 
0.00000000099999999986 0.99999999700000008485 0.00000000099999999986 0.00000000099999999986 
0.99999999700000008485 0.00000000099999999996 0.00000000099999999996 0.00000000099999999996 
0.00000000099999999983 0.99999999700000008485 0.00000000099999999983 0.00000000099999999983 
0.00000000099999999983 0.99999999700000008485 0.00000000099999999983 0.00000000099999999983 
0.01318777144662661854 0.00000000100000000000 0.98553021822188258128 0.00128200933149079984 
0.03225199709108261120 0.00000000099999999999 0.96717148150160237030 0.00057652040731495061 
0.01172319183893159172 0.00000000099999999998 0.98827680616106849953 0.00000000099999999998 
0.00524650338860481718 0.00000000099999999999 0.98853822729313878259 0.00621526831825652305 
0.01067828226870080541 0.00000000099999999999 0.97350321875759537882 0.01581849797370389610 
0.02242013457900098733 0.00000000099999999999 0.96694713600720527680 0.01063272841379388385 
0.00000000099999999999 0.00000000099999999999 0.99999979955409379340 0.00000019844590623404 
0.99782946344304246367 0.00000000099999999998 0.00217053455695757902 0.00000000099999999998 
0.00000746456951460014 0.00000000099999999999 0.99983425653312996140 0.00015827789735539888 
0.00000000099999999983 0.99999999699999997382 0.00000000099999999983 0.00000000099999999983 
0.00287813176936222836 0.00000000100000000000 0.99375941884004481697 0.00336244839059287280 
0.00000000099999999994 0.99999999699999997382 0.00000000099999999994 0.00000000099999999994 
0.00000000099999999985 0.99999999699999997382 0.00000000099999999985 0.00000000099999999985 
0.02826284236436614819 0.00000000099999999999 0.97171458998919923999 0.00002256664643463407 
0.00000000099999999999 0.00000000099999999999 0.98732235842609961107 0.01267763957390030324 
0.02449884963918633890 0.00000575936714581540 0.97549538999366780523 0.00000000100000000000 
0.00000000099999999987 0.99999999699999997382 0.00000000099999999987 0.00000000099999999987 
0.99999999699999997382 0.00000000099999999996 0.00000000099999999996 0.00000000099999999996 
0.99999999700000008485 0.00000000099999999996 0.00000000099999999996 0.00000000099999999996 
0.00000000099999999985 0.99999999699999997382 0.00000000099999999985 0.00000000099999999985 
0.01120318796423361643 0.00000000100000000000 0.97866034147996794346 0.01013646955579836952 
0.04409534223964604871 0.00000000100000000000 0.93984334626381993427 0.01606131049653410775 
0.00000000099999999986 0.99999999700000008485 0.00000000099999999986 0.00000000099999999986 
0.00953675727087968661 0.00000000099999999999 0.97962318082847499312 0.01084006090064537978 
0.99999999700000008485 0.00000000099999999995 0.00000000099999999995 0.00000000099999999995 
0.23680435129448476617 0.10674859454987872809 0.54450531404542379388 0.11194174011021271187 
0.03215228919659102180 0.00460858717540356833 0.96323912262800537309 0.00000000100000000000 
0.03812280254981952055 0.00000000099999999999 0.94587039572145292787 0.01600680072872747578 
0.00322265921039169680 0.00000000099999999999 0.97835534028133508411 0.01842199950827325822 
0.00029044847252941545 0.00000000099999999999 0.98498983808114759508 0.01471971244632296234 
0.00000000099999999999 0.00000000099999999999 0.99396092200990615595 0.00603907599009378612 
0.01118858947773403688 0.00000000099999999999 0.98881140852226589999 0.00000000099999999999 
0.01056965201850355515 0.00000000099999999999 0.97294139614881913758 0.01648895083267729392 
0.02679658052391899886 0.00832795381799416971 0.95663615024713266610 0.00823931541095413757 
0.99999999700000008485 0.00000000099999999997 0.00000000099999999997 0.00000000099999999997 
0.02289586823709519048 0.00000000099999999999 0.96668119376546379762 0.01042293699744110264 
0.00000000183774893832 0.00000000099999999999 0.98980484947032532084 0.01019514769192563473 
0.04973921156948859362 0.00000000100000000000 0.94469361621125846895 0.00556717121925285295 
0.02148014907513767086 0.00000000099999999999 0.97851984892486232326 0.00000000099999999999 
0.03735911963999128532 0.00242667212109525573 0.95466342060583875284 0.00555078763307477116 
0.00000219130116683788 0.00000000099999999999 0.99942445836594773212 0.00057334933288557101 
0.01901804598265519758 0.00000000100000000000 0.97872060555587270247 0.00226134746147213257 
0.99797132044119152283 0.00000000099999999998 0.00202867755880838498 0.00000000099999999998 
0.02384967250124886418 0.00000000099999999999 0.95527392926305543241 0.02087639723569565536 
0.01019436325971050453 0.00000000099999999999 0.97615446748892842344 0.01365116825136099971 
0.01464587064079898686 0.01109601197105913005 0.97402974571505041013 0.00022837167309132649 
0.99999988711294840460 0.00000000099999999998 0.00000011088705166753 0.00000000099999999998 
0.02968339498735840867 0.01927283985006318992 0.95104360757209671640 0.00000015759048171352 
0.01330397643848093246 0.00000000100000000000 0.97413922628180871222 0.01255679627971022054 
0.48195267093996618790 0.00000000099999999999 0.50612066043528558534 0.01192666762474819432 
0.03043278313745296712 0.00000000099999999998 0.96956721486254693332 0.00000000099999999998 
0.00000000099999999986 0.99999999700000008485 0.00000000099999999986 0.00000000099999999986 
0.02113753533243739949 0.00000000099999999999 0.95907510197935985641 0.01978736168820271341 
0.02966921536519265268 0.00000000100000000000 0.96245502401777516255 0.00787575961703215234 
