0.00000000100000000000 0.00000000100000000000 0.46581011435758262751 0.00000001769488394347 0.01713567612669970180 0.26024876650132144906 0.25680542331951222712 
0.00000000099999999995 0.99999999400000016969 0.00000000099999999995 0.00000000099999999995 0.00000000099999999995 0.00000000099999999995 0.00000000099999999995 
0.00000000099999999995 0.99999999400000016969 0.00000000099999999995 0.00000000099999999995 0.00000000099999999995 0.00000000099999999995 0.00000000099999999995 
0.00000000099999999999 0.02831577376182929651 0.38210535599783701510 0.15145955184712261987 0.00000000099999999999 0.22907581406802199342 0.20904350232518922881 
0.00000000099999999999 0.00000000099999999999 0.45920846821203270549 0.05477903551898696821 0.00607557139142085763 0.25058167182534951678 0.22935525105221007958 
0.00000000099999999994 0.00000000099999999994 0.99999999399999994765 0.00000000099999999994 0.00000000099999999994 0.00000000099999999994 0.00000000099999999994 
0.00000000099999999996 0.99999999400000005867 0.00000000099999999996 0.00000000099999999996 0.00000000099999999996 0.00000000099999999996 0.00000000099999999996 
0.00000000099999999993 0.99999999400000016969 0.00000000099999999993 0.00000000099999999993 0.00000000099999999993 0.00000000099999999993 0.00000000099999999993 
0.00000000099999999999 0.00000000099999999999 0.16898660010014285304 0.25369557241919632462 0.01148607442596737138 0.21572448276997915895 0.35010726828471439021 
0.00000000099999999995 0.99999999400000005867 0.00000000099999999995 0.00000000099999999995 0.00000000099999999995 0.00000000099999999995 0.00000000099999999995 
0.00000000099999999994 0.00000000099999999994 0.00000000099999999994 0.99999999399999994765 0.00000000099999999994 0.00000000099999999994 0.00000000099999999994 
0.00000000099999999999 0.01256398875280856711 0.29848237238947000760 0.29311760330292968568 0.00381932281923053367 0.25008121381649234261 0.14193549791906881485 
0.00000000099999999998 0.00000000099999999998 0.52851252790389435798 0.47148746709610550587 0.00000000099999999998 0.00000000099999999998 0.00000000099999999998 
0.00000000100000000000 0.00000001296782710124 0.32761874042335986656 0.33624104804741394847 0.01290266830975182917 0.16525168956748409466 0.15798583968416321510 
0.00194418452153678582 0.00000000099999999999 0.27763215346039638032 0.35828207297364567108 0.00926510348756204825 0.35287648355685891088 0.00000000099999999999 
0.00000000099999999999 0.05184913018927544276 0.24796730391211255218 0.19349961207621330095 0.02806113655833072582 0.24715544336211478504 0.23146737290195315562 
0.00000000099999999997 0.00000000099999999997 0.00000000099999999997 0.68936504566482503797 0.00000000099999999997 0.31063494933517482588 0.00000000099999999997 
0.00000000099999999998 0.00000000099999999998 0.00000000099999999998 0.40680176816659835426 0.00000000099999999998 0.17903100600536120401 0.41416722182804044383 
0.00000000099999999999 0.00000000099999999999 0.33312176467668114244 0.00000001059094256398 0.00287910009251006503 0.20138485696680802350 0.46261426567305813373 
0.00000000099999999993 0.00000000099999999993 0.00000000099999999993 0.00000000099999999993 0.00000000099999999993 0.99999999399999994765 0.00000000099999999993 
0.00000000099999999999 0.00000000099999999999 0.20350747795887300096 0.41350984938585932937 0.00000000099999999999 0.13431718877285628300 0.24866548088241130499 
0.00000000099999999997 0.99999998900407727209 0.00000000099999999997 0.00000000599592271000 0.00000000099999999997 0.00000000099999999997 0.00000000099999999997 
0.00000000099999999999 0.01182933454231862268 0.35089367088302741982 0.36259692317909891779 0.00000000099999999999 0.27468006839555492160 0.00000000099999999999 
0.00000000099999999984 0.00000000099999999984 0.00000000099999999984 0.00000000099999999984 0.00000000099999999984 0.99999999399999994765 0.00000000099999999984 
0.00000000099999999994 0.00000000099999999994 0.00000000099999999994 0.99999999399999994765 0.00000000099999999994 0.00000000099999999994 0.00000000099999999994 
0.00000000099999999998 0.00000000099999999998 0.50377977117918359973 0.20723458505719122291 0.00000000099999999998 0.28898563976362506844 0.00000000099999999998 
0.00000000099999999974 0.00000000099999999974 0.00000000099999999974 0.00000000099999999974 0.99999999400000005867 0.00000000099999999974 0.00000000099999999974 
0.00000000099999999970 0.00000000099999999970 0.00000000099999999970 0.00000000099999999970 0.99999999400000005867 0.00000000099999999970 0.00000000099999999970 
0.00000000099999999999 0.00000000099999999999 0.06215931444661330213 0.57039001846446424349 0.00000200639068752865 0.12234332420864103830 0.24510533448959379021 
0.00000000099999999997 0.00000000099999999997 0.00000000099999999997 0.62471931347344256125 0.00000000099999999997 0.37528068152655735812 0.00000000099999999997 
0.00000000099999999998 0.01214368318029169537 0.20219941528066545655 0.50631628295078678903 0.00000000099999999998 0.00000000099999999998 0.27934061558825612481 
0.00000000099999999995 0.94464290948460838404 0.00000000099999999995 0.00000000099999999995 0.00000000099999999995 0.05535708551539166716 0.00000000099999999995 
0.00000000099999999991 0.17479687611937755332 0.00000000099999999991 0.00000000099999999991 0.35846517017903289926 0.46673794970158943851 0.00000000099999999991 
0.00000000099999999993 0.00000000099999999993 0.00000000099999999993 0.99999999400000005867 0.00000000099999999993 0.00000000099999999993 0.00000000099999999993 
0.99999999400000016969 0.00000000099999999969 0.00000000099999999969 0.00000000099999999969 0.00000000099999999969 0.00000000099999999969 0.00000000099999999969 
0.99999999400000016969 0.00000000099999999961 0.00000000099999999961 0.00000000099999999961 0.00000000099999999961 0.00000000099999999961 0.00000000099999999961 
0.99999999400000016969 0.00000000099999999962 0.00000000099999999962 0.00000000099999999962 0.00000000099999999962 0.00000000099999999962 0.00000000099999999962 
0.00000000099999999975 0.00000000099999999975 0.00000000099999999975 0.00000000099999999975 0.99999999400000005867 0.00000000099999999975 0.00000000099999999975 
0.00000000099999999971 0.00000000099999999971 0.00000000099999999971 0.00000000099999999971 0.99999999400000005867 0.00000000099999999971 0.00000000099999999971 
0.00000000099999999998 0.00000000099999999998 0.20829396746587880429 0.39443747248718807885 0.00000000099999999998 0.12670065469319707896 0.27056790235373601172 
0.00000000099999999997 0.99999999400000016969 0.00000000099999999997 0.00000000099999999997 0.00000000099999999997 0.00000000099999999997 0.00000000099999999997 
0.00000000099999999972 0.00000000099999999972 0.00000000099999999972 0.00000000099999999972 0.99999999400000005867 0.00000000099999999972 0.00000000099999999972 
0.00000000099999999999 0.01389221835831741872 0.00088172636411426206 0.38245170769368863617 0.00196134009662816272 0.33152372253653028533 0.26928928395072121438 
0.00000000099999999994 0.99999999400000005867 0.00000000099999999994 0.00000000099999999994 0.00000000099999999994 0.00000000099999999994 0.00000000099999999994 
0.00000000099999999976 0.00000000099999999976 0.00000000099999999976 0.00000000099999999976 0.99999999400000005867 0.00000000099999999976 0.00000000099999999976 
0.00000000099999999999 0.00863319885170246194 0.31634202452974524711 0.24868862408416902987 0.00183072611684911325 0.20166233838942834722 0.22284308702810587399 
0.00000000099999999973 0.00000000099999999973 0.00000000099999999973 0.00000000099999999973 0.99999999399999994765 0.00000000099999999973 0.00000000099999999973 
0.00000000099999999995 0.99999999400000005867 0.00000000099999999995 0.00000000099999999995 0.00000000099999999995 0.00000000099999999995 0.00000000099999999995 
0.00000000099999999992 0.99999999400000016969 0.00000000099999999992 0.00000000099999999992 0.00000000099999999992 0.00000000099999999992 0.00000000099999999992 
0.00000000099999999969 0.00000000099999999969 0.00000000099999999969 0.00000000099999999969 0.99999999400000005867 0.00000000099999999969 0.00000000099999999969 
0.00000000099999999972 0.00000000099999999972 0.00000000099999999972 0.00000000099999999972 0.99999999399999994765 0.00000000099999999972 0.00000000099999999972 
0.00000000099999999996 0.99999999400000005867 0.00000000099999999996 0.00000000099999999996 0.00000000099999999996 0.00000000099999999996 0.00000000099999999996 
0.00000000099999999996 0.99999999400000005867 0.00000000099999999996 0.00000000099999999996 0.00000000099999999996 0.00000000099999999996 0.00000000099999999996 
0.00000000099999999996 0.99999999246766657635 0.00000000099999999996 0.00000000099999999996 0.00000000099999999996 0.00000000099999999996 0.00000000253233357202 
0.00000000099999999976 0.00000000099999999976 0.00000000099999999976 0.00000000099999999976 0.99999999400000005867 0.00000000099999999976 0.00000000099999999976 
0.00000000099999999999 0.03827181816063038311 0.58918842355802414357 0.00000000099999999999 0.00961606661174741265 0.12435787439126978760 0.23856581527832837475 
0.00000000099999999999 0.00000000099999999999 0.46434228395162019387 0.00000000099999999999 0.01748072074619075669 0.00000000099999999999 0.51817699130218897174 
0.00000000099999999998 0.01279575436643569548 0.47393273527823293056 0.27129894185828262732 0.00000000099999999998 0.05342975961786199102 0.18854280687918673065 
0.00000000099999999999 0.00363401672109884416 0.34568501955526675928 0.18200821189500257513 0.00104840682310652065 0.22070756500282567858 0.24691677900269953794 
0.00000000099999999995 0.99999999400000005867 0.00000000099999999995 0.00000000099999999995 0.00000000099999999995 0.00000000099999999995 0.00000000099999999995 
0.00000000099999999999 0.00000000099999999999 0.31046168255662609514 0.45131712705837834232 0.00159989050098837521 0.00000000099999999999 0.23662129688400712624 
0.99999999400000016969 0.00000000099999999967 0.00000000099999999967 0.00000000099999999967 0.00000000099999999967 0.00000000099999999967 0.00000000099999999967 
0.00000000099999999990 0.00000000099999999990 0.00000000099999999990 0.00000000099999999990 0.00000000099999999990 0.00000000099999999990 0.99999999400000005867 
0.99999999400000016969 0.00000000099999999968 0.00000000099999999968 0.00000000099999999968 0.00000000099999999968 0.00000000099999999968 0.00000000099999999968 
0.00000000099999999998 0.02820767979235561801 0.22447573057965763965 0.35806670825302217009 0.00000000099999999998 0.38924987837496449750 0.00000000099999999998 
0.99999999400000005867 0.00000000099999999968 0.00000000099999999968 0.00000000099999999968 0.00000000099999999968 0.00000000099999999968 0.00000000099999999968 
0.00000000099999999998 0.00000000099999999998 0.00000000099999999998 0.50455433249769865434 0.00000000099999999998 0.00000000099999999998 0.49544566250230137605 
0.00000000100000000000 0.00000000283849083054 0.41451726633426011492 0.37167160230034529400 0.00150334358675772300 0.21230777035688677690 0.00000001358325949718 
0.00000000099999999993 0.99999999400000016969 0.00000000099999999993 0.00000000099999999993 0.00000000099999999993 0.00000000099999999993 0.00000000099999999993 
0.00000000099999999990 0.00000000099999999990 0.00000000099999999990 0.00000000099999999990 0.00000000099999999990 0.99999999400000005867 0.00000000099999999990 
0.99999999400000016969 0.00000000099999999969 0.00000000099999999969 0.00000000099999999969 0.00000000099999999969 0.00000000099999999969 0.00000000099999999969 
0.99999999400000016969 0.00000000099999999971 0.00000000099999999971 0.00000000099999999971 0.00000000099999999971 0.00000000099999999971 0.00000000099999999971 
0.00000000099999999999 0.07603181697381977688 0.34902718014729916529 0.25928561580867875991 0.00642993454456188517 0.10178976608088581568 0.20743568544475460280 
0.00000000099999999994 0.99999999400000005867 0.00000000099999999994 0.00000000099999999994 0.00000000099999999994 0.00000000099999999994 0.00000000099999999994 
0.00000000099999999978 0.00000000099999999978 0.00000000099999999978 0.00000000099999999978 0.99999999399999994765 0.00000000099999999978 0.00000000099999999978 
0.00000000099999999994 0.99999999400000016969 0.00000000099999999994 0.00000000099999999994 0.00000000099999999994 0.00000000099999999994 0.00000000099999999994 
0.00000000099999999999 0.02935730738744035326 0.25443226509121669165 0.20221601725106641556 0.00000000099999999999 0.16612687556059860250 0.34786753270967796237 
0.99999999400000005867 0.00000000099999999965 0.00000000099999999965 0.00000000099999999965 0.00000000099999999965 0.00000000099999999965 0.00000000099999999965 
0.00000000099999999967 0.00000000099999999967 0.00000000099999999967 0.00000000099999999967 0.99999999400000005867 0.00000000099999999967 0.00000000099999999967 
0.99999999400000005867 0.00000000099999999973 0.00000000099999999973 0.00000000099999999973 0.00000000099999999973 0.00000000099999999973 0.00000000099999999973 
0.00000000099999999995 0.00000000099999999995 0.99999999400000005867 0.00000000099999999995 0.00000000099999999995 0.00000000099999999995 0.00000000099999999995 
0.00000000099999999992 0.99999999400000005867 0.00000000099999999992 0.00000000099999999992 0.00000000099999999992 0.00000000099999999992 0.00000000099999999992 
0.00000000099999999994 0.99999999400000005867 0.00000000099999999994 0.00000000099999999994 0.00000000099999999994 0.00000000099999999994 0.00000000099999999994 
0.00000000099999999999 0.23115396510624294790 0.01681472655096929308 0.35825408461637997526 0.00079951482997844326 0.30575196824506228888 0.08722573965136694307 
0.00000000099999999999 0.00000000099999999999 0.99435699110031372516 0.00000000099999999999 0.00564300389968631216 0.00000000099999999999 0.00000000099999999999 
0.00000000099999999993 0.00000000099999999993 0.00000000099999999993 0.99999999400000005867 0.00000000099999999993 0.00000000099999999993 0.00000000099999999993 
0.00000000099999999998 0.01587604304308328287 0.17911009872874619764 0.39136586892960095740 0.00000000099999999998 0.17219382953460918295 0.24145415776396045304 
0.00000000099999999999 0.00000000099999999999 0.16964189551709232817 0.44489209241769150927 0.00000000099999999999 0.20575039434013964179 0.17971561472507652235 
0.00000000099999999997 0.00000000099999999997 0.09727861073881850784 0.49304140829675685564 0.00000000099999999997 0.32546046817072443735 0.08421950979370002033 
0.00000000099999999992 0.00000000099999999992 0.00000000099999999992 0.00000000099999999992 0.00000000099999999992 0.00000000099999999992 0.99999999399999994765 
0.00000000099999999999 0.00063480711170258862 0.35550458782196764362 0.29309879529771643014 0.00145515064536518262 0.19049434244886156997 0.15881231567438672259 
0.00000000099999999999 0.03062035483218042767 0.38726284815199746303 0.21514836080765697979 0.00000000099999999999 0.18213253378299229523 0.18483590042517278329 
0.00000000099999999995 0.99999999400000005867 0.00000000099999999995 0.00000000099999999995 0.00000000099999999995 0.00000000099999999995 0.00000000099999999995 
0.00000000099999999997 0.97655328938282759399 0.00000000099999999997 0.00000000099999999997 0.00000000099999999997 0.00000000099999999997 0.02344670561717249191 
0.99999999400000016969 0.00000000099999999981 0.00000000099999999981 0.00000000099999999981 0.00000000099999999981 0.00000000099999999981 0.00000000099999999981 
0.00000000099999999997 0.99999999400000016969 0.00000000099999999997 0.00000000099999999997 0.00000000099999999997 0.00000000099999999997 0.00000000099999999997 
0.00000000099999999998 0.99992810327730896613 0.00000538500152260634 0.00000000099999999998 0.00000000099999999998 0.00000000099999999998 0.00006650772116848684 
0.00000000099999999999 0.01264499978520549316 0.32256330451428733008 0.23179000575256039629 0.00430895281504760364 0.06351009615738374692 0.36518263997551564382 
0.99999999400000016969 0.00000000099999999961 0.00000000099999999961 0.00000000099999999961 0.00000000099999999961 0.00000000099999999961 0.00000000099999999961 
0.00000000099999999999 0.00000000099999999999 0.32996553356467789309 0.21272826128283073288 0.00155621299804463800 0.11915400782780817546 0.33659598232663856532 
0.00000000099999999998 0.00000000099999999998 0.43581650569081098467 0.00000000099999999998 0.00000000099999999998 0.00000000099999999998 0.56418348930918904571 
0.00000000100000000000 0.00000000100000000000 0.32101806032591806428 0.37376260359334223526 0.00413065081724318332 0.10829394200930798908 0.19279474125418852304 
0.00000000099999999999 0.02050265415569304389 0.46051126024039806817 0.28987475212453883699 0.00000000099999999999 0.03628048009857822581 0.19283085138079186782 
0.00000000099999999992 0.00000000099999999992 0.00000000099999999992 0.00000000099999999992 0.00000000099999999992 0.00000000099999999992 0.99999999399999994765 
0.00000000099999999998 0.01745753204154051538 0.57729492447527819277 0.15007865026061176228 0.00000000099999999998 0.25516889022256961095 0.00000000099999999998 
0.00000000099999999998 0.00000000099999999998 0.50024043344517155063 0.00000000099999999998 0.00000000099999999998 0.36509027881871392029 0.13466928373611455894 
0.00000000099999999999 0.00039390553472772434 0.00000000099999999999 0.45354637850029355661 0.00424826817294758803 0.34480903412566354937 0.19700241166636764389 
0.00000000099999999999 0.00000000099999999999 0.59638126634569244011 0.00000000099999999999 0.02578730775490233745 0.17792846470789325242 0.19990295819151188139 
0.00000000099999999999 0.00000000099999999999 0.25911805087514300228 0.28592133026998689527 0.00548439033470951316 0.10042111844691806177 0.34905510807324263700 
0.00000000099999999996 0.00000000099999999996 0.58865193515237257404 0.00000000099999999996 0.00000000099999999996 0.00000000099999999996 0.41134805984762734532 
0.00000000099999999995 0.00000000099999999995 0.00000000099999999995 0.00000000099999999995 0.00000000099999999995 0.00000000099999999995 0.99999999400000005867 
0.00000000099999999998 0.00000000099999999998 0.23854754933674882089 0.32954279723889123854 0.00738396730203932927 0.12213016866191163390 0.30239551546040899233 
0.00000000099999999997 0.00000000099999999997 0.00000000099999999997 0.67944802029784079345 0.00000000099999999997 0.32055197470215912592 0.00000000099999999997 
0.00000000099999999999 0.00000000099999999999 0.23131002893240687479 0.33146689254614292164 0.00000000099999999999 0.19156731663167708701 0.24565575888977322916 
0.00000000099999999998 0.01699442944703864408 0.29602747980523863580 0.00000000099999999998 0.00000000099999999998 0.27196680075807128096 0.41501128698965128461 
0.00000000099999999999 0.00041927409561818728 0.60009608281827431231 0.25299889653217533247 0.00000000099999999999 0.14460234777212230273 0.00188339678180986627 
0.00000000099999999999 0.02241386618682811652 0.43497089505848202107 0.14236205601699822298 0.00000000099999999999 0.30353312364963869197 0.09672005708805285484 
0.00000000099999999998 0.00000000099999999998 0.35391743691368926505 0.36044369370555340293 0.00000000099999999998 0.28563886538075738963 0.00000000099999999998 
0.00000000099999999999 0.01754883743839370444 0.24346797813797332877 0.42550220943608962898 0.00000000099999999999 0.20164350278470907774 0.11183747020283416052 
0.06803818659244730005 0.02443795510368709789 0.33011428043353641115 0.10173327712421249835 0.00000116014147654669 0.17642971217898975600 0.29924542842565038381 
0.00000000099999999997 0.00000000099999999997 0.50413661609256765761 0.00000000099999999997 0.00000000099999999997 0.49586337890743215073 0.00000000099999999997 
0.00000000099999999997 0.00742404330963679620 0.00000000099999999997 0.24439005647078929084 0.00000000099999999997 0.26033603626220397365 0.48784986095736998513 
0.00000000099999999996 0.00000000099999999996 0.00000000099999999996 0.67721866455162382792 0.00000000099999999996 0.32278133044837614696 0.00000000099999999996 
0.00000000099999999999 0.00000000099999999999 0.47499476180226490873 0.30319418531607561507 0.00863990797940511306 0.21317114117446001043 0.00000000172779435358 
0.00000000099999999997 0.00000000099999999997 0.00000000099999999997 0.62313357200368402200 0.00000000099999999997 0.00000000599290809235 0.37686641800340786590 
0.00000000100000000000 0.00000000100000000000 0.22378766495888030574 0.21241963784463843701 0.00189679692758880315 0.38379520724870180848 0.17810069102019060461 
0.00000000099999999999 0.00420353829335790019 0.11494670373126371354 0.38726200183528097787 0.00871748588830377306 0.22017098183768524233 0.26469928741410847506 
0.00000000099999999999 0.00000000099999999999 0.21354835534964625166 0.31752356251978286483 0.00000000099999999999 0.19053004830457756502 0.27839803082599329231 
0.00000000099999999992 0.00000000099999999992 0.00000000099999999992 0.99999999399999994765 0.00000000099999999992 0.00000000099999999992 0.00000000099999999992 
0.00000000099999999994 0.99999999400000005867 0.00000000099999999994 0.00000000099999999994 0.00000000099999999994 0.00000000099999999994 0.00000000099999999994 
0.00000000099999999997 0.99527433118599561990 0.00000000099999999997 0.00000000099999999997 0.00000000099999999997 0.00000000099999999997 0.00472566381400457876 
0.99999999400000005867 0.00000000099999999974 0.00000000099999999974 0.00000000099999999974 0.00000000099999999974 0.00000000099999999974 0.00000000099999999974 
0.00000000099999999968 0.00000000099999999968 0.00000000099999999968 0.00000000099999999968 0.99999999399999994765 0.00000000099999999968 0.00000000099999999968 
0.00000000099999999999 0.89362081043810881464 0.00000000099999999999 0.00000000099999999999 0.03625279601036906357 0.00000000099999999999 0.07012638955152225573 
0.00000000099999999992 0.00000000099999999992 0.00000000099999999992 0.00000000099999999992 0.00000000099999999992 0.00000000099999999992 0.99999999399999994765 
0.00000000099999999995 0.00000000099999999995 0.00000000099999999995 0.99999999400000005867 0.00000000099999999995 0.00000000099999999995 0.00000000099999999995 
0.00000000099999999998 0.99552586578142476803 0.00000000099999999998 0.00000000099999999998 0.00447412921857537164 0.00000000099999999998 0.00000000099999999998 
0.00000000099999999994 0.00000000099999999994 0.99999999400000005867 0.00000000099999999994 0.00000000099999999994 0.00000000099999999994 0.00000000099999999994 
0.00000000099999999998 0.00000000099999999998 0.46715480132474207497 0.26020492310863402308 0.00793048500755708444 0.08527216724871200526 0.17943762131035476126 
0.00000000099999999990 0.00000000099999999990 0.00000000099999999990 0.00000000099999999990 0.00000000099999999990 0.99999999399999994765 0.00000000099999999990 
0.99999999400000016969 0.00000000099999999966 0.00000000099999999966 0.00000000099999999966 0.00000000099999999966 0.00000000099999999966 0.00000000099999999966 
0.99999999400000005867 0.00000000099999999968 0.00000000099999999968 0.00000000099999999968 0.00000000099999999968 0.00000000099999999968 0.00000000099999999968 
0.99999999400000016969 0.00000000099999999961 0.00000000099999999961 0.00000000099999999961 0.00000000099999999961 0.00000000099999999961 0.00000000099999999961 
0.99999999400000016969 0.00000000099999999963 0.00000000099999999963 0.00000000099999999963 0.00000000099999999963 0.00000000099999999963 0.00000000099999999963 
0.99999999400000005867 0.00000000099999999964 0.00000000099999999964 0.00000000099999999964 0.00000000099999999964 0.00000000099999999964 0.00000000099999999964 
0.00000000099999999997 0.99999999400000016969 0.00000000099999999997 0.00000000099999999997 0.00000000099999999997 0.00000000099999999997 0.00000000099999999997 
0.00000000099999999998 0.00000000099999999998 0.65947850176174449555 0.00000000099999999998 0.00000000099999999998 0.34052143260009171133 0.00000006163816369397 
0.99999999400000005867 0.00000000099999999963 0.00000000099999999963 0.00000000099999999963 0.00000000099999999963 0.00000000099999999963 0.00000000099999999963 
0.99999999400000005867 0.00000000099999999969 0.00000000099999999969 0.00000000099999999969 0.00000000099999999969 0.00000000099999999969 0.00000000099999999969 
0.00000000099999999967 0.00000000099999999967 0.00000000099999999967 0.00000000099999999967 0.99999999400000005867 0.00000000099999999967 0.00000000099999999967 
0.00000000099999999967 0.00000000099999999967 0.00000000099999999967 0.00000000099999999967 0.99999999399999994765 0.00000000099999999967 0.00000000099999999967 
0.00000000099999999998 0.00000000099999999998 0.00000000099999999998 0.25022289071826503415 0.00000000099999999998 0.29975647217951878476 0.45002063310221623871 
0.99999999400000016969 0.00000000099999999966 0.00000000099999999966 0.00000000099999999966 0.00000000099999999966 0.00000000099999999966 0.00000000099999999966 
0.00000000099999999992 0.00000000099999999992 0.00000000099999999992 0.00000000099999999992 0.00000000099999999992 0.00000000099999999992 0.99999999400000005867 
0.00000000099999999999 0.00000000099999999999 0.32887526075603218390 0.24707604632304050463 0.00000000099999999999 0.15153772949185942420 0.27251096042906791661 
0.00000000099999999997 0.94417691179220253339 0.00000000099999999997 0.05582308320779754557 0.00000000099999999997 0.00000000099999999997 0.00000000099999999997 
0.00000000099999999998 0.00295137242791017633 0.25778366347142811499 0.27163135944583216563 0.00000000099999999998 0.18834171006588798503 0.27929189258894143721 
0.00000000099999999992 0.99999999400000005867 0.00000000099999999992 0.00000000099999999992 0.00000000099999999992 0.00000000099999999992 0.00000000099999999992 
0.00000000099999999993 0.00000000099999999993 0.99999999400000005867 0.00000000099999999993 0.00000000099999999993 0.00000000099999999993 0.00000000099999999993 
0.00000000099999999993 0.99999999400000005867 0.00000000099999999993 0.00000000099999999993 0.00000000099999999993 0.00000000099999999993 0.00000000099999999993 
0.00000000099999999999 0.00414879067218543954 0.24756711283225812936 0.29047805993056818874 0.01390801149977581412 0.16926468070773831309 0.27463334335747402459 
0.00000000099999999999 0.00000000099999999999 0.00000000099999999999 0.33015326633815311741 0.00071887500425344363 0.13086241115440577776 0.53826544450318769552 
0.99999999400000016969 0.00000000099999999969 0.00000000099999999969 0.00000000099999999969 0.00000000099999999969 0.00000000099999999969 0.00000000099999999969 
0.00000000099999999995 0.99999999400000016969 0.00000000099999999995 0.00000000099999999995 0.00000000099999999995 0.00000000099999999995 0.00000000099999999995 
0.99999999400000016969 0.00000000099999999964 0.00000000099999999964 0.00000000099999999964 0.00000000099999999964 0.00000000099999999964 0.00000000099999999964 
0.99999999400000016969 0.00000000099999999963 0.00000000099999999963 0.00000000099999999963 0.00000000099999999963 0.00000000099999999963 0.00000000099999999963 
0.00000000099999999998 0.00000000099999999998 0.61676455295136833890 0.00000000099999999998 0.00000000099999999998 0.38323544204863163598 0.00000000099999999998 
0.00000000099999999997 0.00000000099999999997 0.58390831090312989016 0.41609168409687014023 0.00000000099999999997 0.00000000099999999997 0.00000000099999999997 
0.00000000099999999992 0.00000000099999999992 0.99999999399999994765 0.00000000099999999992 0.00000000099999999992 0.00000000099999999992 0.00000000099999999992 
0.00000000099999999999 0.00000000099999999999 0.36848277638517534793 0.19882926913807275060 0.00000000099999999999 0.18993095806670362569 0.24275699341004819409 
0.00000000099999999998 0.00000000099999999998 0.00000000099999999998 0.52583908983618110611 0.00000000099999999998 0.47416090516381886877 0.00000000099999999998 
0.00000000099999999999 0.00981855576981241658 0.29953603184997018571 0.30166537655000608131 0.00545096480009730697 0.22183324238484991575 0.16169582764526405083 
0.00000000099999999992 0.00000000099999999992 0.00000000099999999992 0.00000000099999999992 0.00000000099999999992 0.00000000099999999992 0.99999999400000005867 
0.00000000099999999997 0.98361355227421287672 0.00000000099999999997 0.01638644272578725081 0.00000000099999999997 0.00000000099999999997 0.00000000099999999997 
0.00000000099999999998 0.00000000099999999998 0.11348294308145574771 0.37333102326781608671 0.00000000099999999998 0.23839902510705218708 0.27478700554367579967 
0.99999999400000005867 0.00000000099999999963 0.00000000099999999963 0.00000000099999999963 0.00000000099999999963 0.00000000099999999963 0.00000000099999999963 
0.00000000099999999995 0.00000000099999999995 0.99999999399999994765 0.00000000099999999995 0.00000000099999999995 0.00000000099999999995 0.00000000099999999995 
0.99999999400000005867 0.00000000099999999988 0.00000000099999999988 0.00000000099999999988 0.00000000099999999988 0.00000000099999999988 0.00000000099999999988 
0.99999999400000016969 0.00000000099999999968 0.00000000099999999968 0.00000000099999999968 0.00000000099999999968 0.00000000099999999968 0.00000000099999999968 
0.00000000099999999999 0.01533144785980037304 0.25018225346155459343 0.25018421904382148746 0.00000000099999999999 0.14918309892311085174 0.33511897871171281160 
0.00000000099999999998 0.00000000099999999998 0.00000000099999999998 0.32679740248637845212 0.00000000099999999998 0.25041241426440136175 0.42279017924922018823 
0.00000000099999999991 0.00000000099999999991 0.00000000099999999991 0.00000000099999999991 0.00000000099999999991 0.99999999399999994765 0.00000000099999999991 
0.99999999400000016969 0.00000000099999999971 0.00000000099999999971 0.00000000099999999971 0.00000000099999999971 0.00000000099999999971 0.00000000099999999971 
0.00000000099999999994 0.99999999400000016969 0.00000000099999999994 0.00000000099999999994 0.00000000099999999994 0.00000000099999999994 0.00000000099999999994 
0.00000000099999999994 0.99999999400000016969 0.00000000099999999994 0.00000000099999999994 0.00000000099999999994 0.00000000099999999994 0.00000000099999999994 
0.99999999400000016969 0.00000000099999999968 0.00000000099999999968 0.00000000099999999968 0.00000000099999999968 0.00000000099999999968 0.00000000099999999968 
0.00000000099999999998 0.00000000099999999998 0.66753031720989541853 0.00000000099999999998 0.00000000099999999998 0.33246967779010450084 0.00000000099999999998 
0.00000000099999999999 0.03251286979633920271 0.31224204871763794333 0.16745141469496443998 0.00700970619489490413 0.31899481985773969761 0.16178913973842379281 
0.99999999400000016969 0.00000000099999999969 0.00000000099999999969 0.00000000099999999969 0.00000000099999999969 0.00000000099999999969 0.00000000099999999969 
0.00000000099999999999 0.00000000099999999999 0.12140387149552565871 0.48207805063549724611 0.00000000099999999999 0.19624654307165173561 0.20027153179732540278 
0.00000000099999999992 0.99999999400000005867 0.00000000099999999992 0.00000000099999999992 0.00000000099999999992 0.00000000099999999992 0.00000000099999999992 
0.09749400003928518355 0.20267230895248569689 0.00000000099999999999 0.59695469135501955105 0.10287899665320944520 0.00000000099999999999 0.00000000099999999999 
0.00000000099999999999 0.00990519851638531693 0.31795638100610151833 0.30139503033891867911 0.00000000099999999999 0.00000000099999999999 0.37074338713859461558 
0.00000000099999999998 0.00055208300638505804 0.44441394226342684215 0.54600632295188589183 0.00902764877830215806 0.00000000099999999998 0.00000000099999999998 
0.00000000099999999999 0.00000000099999999999 0.20386023748633430586 0.42077422258879604300 0.01001460673551036670 0.16465130530667426711 0.20069962588268494552 
0.00000000099999999989 0.00000000099999999989 0.00000000099999999989 0.00000000099999999989 0.00000000099999999989 0.99999999400000005867 0.00000000099999999989 
0.00000000099999999993 0.00000000099999999993 0.00000000099999999993 0.99999999399999994765 0.00000000099999999993 0.00000000099999999993 0.00000000099999999993 
0.00000000099999999999 0.00000000099999999999 0.00039372578720250900 0.43120721306796933048 0.00000000099999999999 0.00000000099999999999 0.56839905714482807930 
0.00000000099999999995 0.00000000099999999995 0.99999999399999994765 0.00000000099999999995 0.00000000099999999995 0.00000000099999999995 0.00000000099999999995 
0.00000000099999999994 0.00000000099999999994 0.00000000099999999994 0.99999999399999994765 0.00000000099999999994 0.00000000099999999994 0.00000000099999999994 
0.00000000099999999996 0.99999999400000016969 0.00000000099999999996 0.00000000099999999996 0.00000000099999999996 0.00000000099999999996 0.00000000099999999996 
0.00000000099999999997 0.00000000099999999997 0.00000000099999999997 0.45836621503857760684 0.00000000099999999997 0.54163377996142225701 0.00000000099999999997 
0.00000000099999999998 0.00000000099999999998 0.18388417564290343575 0.43761145585107869005 0.00000000099999999998 0.00002334780948283299 0.37848101769653502702 
0.00000000099999999997 0.02294333588696269993 0.00000000099999999997 0.39209497588066605234 0.00000000099999999997 0.00000000099999999997 0.58496168423237115963 
0.00000000099999999998 0.00936289278404779310 0.22576204008404976431 0.28432330219662776960 0.00000000099999999998 0.09760415873279668086 0.38294760420247819788 
0.00000000099999999999 0.02420924883251579507 0.40781620661124784455 0.26234143943317883574 0.00000000099999999999 0.00000000099999999999 0.30563310212305755398 
0.00000000099999999991 0.00000000099999999991 0.00000000099999999991 0.00000000099999999991 0.00000000099999999991 0.00000000099999999991 0.99999999399999994765 
0.00000000099999999999 0.00187178652777819036 0.23205213701954149896 0.18632028906895201081 0.00000000099999999999 0.17051701580555511661 0.40923876957817301170 
0.00000000099999999996 0.95076532959536386169 0.00000000099999999996 0.04923466540463625890 0.00000000099999999996 0.00000000099999999996 0.00000000099999999996 
0.00000000099999999994 0.00000000099999999994 0.00000000099999999994 0.99999999400000005867 0.00000000099999999994 0.00000000099999999994 0.00000000099999999994 
0.00000000099999999999 0.00000000099999999999 0.48195037099912457768 0.00000000099999999999 0.00000000099999999999 0.31094101687265507383 0.20710860812822029509 
0.00000000099999999999 0.00000000099999999999 0.60296674094624258533 0.00000000099999999999 0.00000000099999999999 0.14623145020365471702 0.25080180485010283853 
0.00000000099999999997 0.99889872286283543090 0.00000000099999999997 0.00110127213716456956 0.00000000099999999997 0.00000000099999999997 0.00000000099999999997 
0.01756066026196632240 0.02029974976484480442 0.35547767882443664922 0.24508407332765883013 0.00000000100000000000 0.08536173638580626943 0.27621610043528710410 
0.00000000099999999999 0.00000000099999999999 0.43257099235335094711 0.00000000099999999999 0.00000000099999999999 0.23797355264932013030 0.32945545099732886918 
0.00000000099999999999 0.47752176865930173744 0.00000189589140768362 0.19382522030939722257 0.00900170114620869009 0.12251253063450179281 0.19713688235918289116 
0.00000000099999999993 0.00000000099999999993 0.99999999400000005867 0.00000000099999999993 0.00000000099999999993 0.00000000099999999993 0.00000000099999999993 
0.99999999400000016969 0.00000000099999999970 0.00000000099999999970 0.00000000099999999970 0.00000000099999999970 0.00000000099999999970 0.00000000099999999970 
0.00000000099999999999 0.00326302418808070704 0.28599893370370593759 0.24557908502545547358 0.01508971197880304253 0.20663859558096867031 0.24343064852298620937 
0.00000000099999999995 0.00000000099999999995 0.99999999399999994765 0.00000000099999999995 0.00000000099999999995 0.00000000099999999995 0.00000000099999999995 
