0.00000000099999999999 0.35585363017595100787 0.00000000099999999999 0.00000000099999999999 0.23249695522116886615 0.00000002324577009614 0.00000000099999999999 0.28360769706897892561 0.00000012041230835494 0.01802949584911001102 0.11001207402671261959 
0.00000000099999999986 0.00000000099999999986 0.00000000099999999986 0.99999999000000017180 0.00000000099999999986 0.00000000099999999986 0.00000000099999999986 0.00000000099999999986 0.00000000099999999986 0.00000000099999999986 0.00000000099999999986 
0.00000000099999999989 0.00000000099999999989 0.00000000099999999989 0.99999999000000017180 0.00000000099999999989 0.00000000099999999989 0.00000000099999999989 0.00000000099999999989 0.00000000099999999989 0.00000000099999999989 0.00000000099999999989 
0.04204943176897371626 0.22249815793891580817 0.00000000099999999999 0.00000000099999999999 0.13623570936642323548 0.00000000099999999999 0.00000000099999999999 0.37042170340827174080 0.12793927881884439857 0.00000000099999999999 0.10085571369857089519 
0.00000000099999999998 0.31944447738520220792 0.00000000099999999998 0.00000000099999999998 0.00000000099999999998 0.00000000099999999998 0.09727201720290239162 0.30225448715845742997 0.15064390671949132172 0.00000000099999999998 0.13038510553394644376 
0.02562281402116037970 0.23616875232295436726 0.00000000099999999998 0.00000000099999999998 0.00000000099999999998 0.00540307445891630069 0.02526318491514232059 0.39154720986783275727 0.23672752062533966577 0.00000000099999999998 0.07926743978865409546 
0.45520365666023904216 0.00000000099999999992 0.00000000099999999992 0.54479633433976104584 0.00000000099999999992 0.00000000099999999992 0.00000000099999999992 0.00000000099999999992 0.00000000099999999992 0.00000000099999999992 0.00000000099999999992 
0.40187289959983019116 0.00000000099999999989 0.00000000099999999989 0.59812709140016984133 0.00000000099999999989 0.00000000099999999989 0.00000000099999999989 0.00000000099999999989 0.00000000099999999989 0.00000000099999999989 0.00000000099999999989 
0.00000000099999999992 0.99999999000000017180 0.00000000099999999992 0.00000000099999999992 0.00000000099999999992 0.00000000099999999992 0.00000000099999999992 0.00000000099999999992 0.00000000099999999992 0.00000000099999999992 0.00000000099999999992 
0.38855390604702005897 0.00000000099999999991 0.00000000099999999991 0.61144608495297991801 0.00000000099999999991 0.00000000099999999991 0.00000000099999999991 0.00000000099999999991 0.00000000099999999991 0.00000000099999999991 0.00000000099999999991 
0.00000000099999999979 0.00000000099999999979 0.00000000099999999979 0.00000000099999999979 0.00000000099999999979 0.00000000099999999979 0.00000000099999999979 0.00000000099999999979 0.00000000099999999979 0.00000000099999999979 0.99999998999999994975 
0.00000000099999999992 0.00000000099999999992 0.00000000099999999992 0.00000000099999999992 0.00000000099999999992 0.00000000099999999992 0.00000000099999999992 0.00000000099999999992 0.99999999000000006077 0.00000000099999999992 0.00000000099999999992 
0.00000000099999999997 0.00000000099999999997 0.00000000099999999997 0.00000000099999999997 0.00000000099999999997 0.00000000099999999997 0.00000000099999999997 0.37948035153845227629 0.42530578844347122214 0.00000000099999999997 0.19521385201807647802 
0.00000000099999999996 0.01348055372092684702 0.00000000099999999996 0.00000000099999999996 0.22043679236019986245 0.00000000099999999996 0.13806261393059646170 0.00000000099999999996 0.25153634449498923908 0.00000000099999999996 0.37648368949328753219 
0.00000000099999999976 0.00000000099999999976 0.00000000099999999976 0.00000000099999999976 0.00000000099999999976 0.00000000099999999976 0.00000000099999999976 0.00000000099999999976 0.00000000099999999976 0.00000000099999999976 0.99999999000000006077 
0.00560488687682715418 0.27706337168658168313 0.00000000099999999999 0.04173225248233648071 0.06897861097253388252 0.00000000099999999999 0.06117159485606476349 0.17087737781890516287 0.20433452439132723799 0.02595220458602632771 0.14428517432939738652 
0.00000000099999999998 0.27209711391754687337 0.00000000099999999998 0.00000000099999999998 0.18313988051290827630 0.00000000099999999998 0.01564243221723659108 0.20795750142758706591 0.19088739028634271744 0.00000000099999999998 0.13027567663837832934 
0.00000000099999999997 0.30945283691126201919 0.00000000099999999997 0.00000000099999999997 0.15748963161675433309 0.00000000099999999997 0.02612535815648429210 0.00000000099999999997 0.41062706099665974291 0.00000000099999999997 0.09630510631883955341 
0.00000000099999999998 0.58580866269209774799 0.00000000099999999998 0.00000000099999999998 0.00001370371231716804 0.00000000099999999998 0.00000000099999999998 0.00000000099999999998 0.41417762559558540802 0.00000000099999999998 0.00000000099999999998 
0.00000000099999999990 0.99999999000000028282 0.00000000099999999990 0.00000000099999999990 0.00000000099999999990 0.00000000099999999990 0.00000000099999999990 0.00000000099999999990 0.00000000099999999990 0.00000000099999999990 0.00000000099999999990 
0.00000000099999999994 0.00000000099999999994 0.00000000099999999994 0.00000000099999999994 0.00000000099999999994 0.00000000099999999994 0.00000000099999999994 0.99999998999999994975 0.00000000099999999994 0.00000000099999999994 0.00000000099999999994 
0.00000000099999999990 0.00000000099999999990 0.00000000099999999990 0.99999999000000017180 0.00000000099999999990 0.00000000099999999990 0.00000000099999999990 0.00000000099999999990 0.00000000099999999990 0.00000000099999999990 0.00000000099999999990 
0.00000000099999999981 0.00000000099999999981 0.00000000099999999981 0.00000000099999999981 0.99999999000000017180 0.00000000099999999981 0.00000000099999999981 0.00000000099999999981 0.00000000099999999981 0.00000000099999999981 0.00000000099999999981 
0.00000000099999999940 0.00000000099999999940 0.00000000099999999940 0.00000000099999999940 0.00000000099999999940 0.00000000099999999940 0.99999998999999994975 0.00000000099999999940 0.00000000099999999940 0.00000000099999999940 0.00000000099999999940 
0.02656361816167450429 0.00000000099999999996 0.00000000099999999996 0.00000000099999999996 0.00000008402235614024 0.00000000099999999996 0.00000000099999999996 0.77065267601832221356 0.00000000099999999996 0.00000000099999999996 0.20278361479764736575 
0.00000000099999999993 0.00000000099999999993 0.00000000099999999993 0.00000000099999999993 0.00000000099999999993 0.00000000099999999993 0.00000000099999999993 0.99999998999999994975 0.00000000099999999993 0.00000000099999999993 0.00000000099999999993 
0.00000000099999999950 0.00000000099999999950 0.00000000099999999950 0.00000000099999999950 0.00000000099999999950 0.00000000099999999950 0.00000000099999999950 0.00000000099999999950 0.00000000099999999950 0.99999998999999994975 0.00000000099999999950 
0.00000000099999999927 0.00000000099999999927 0.00000000099999999927 0.00000000099999999927 0.00000000099999999927 0.99999999000000017180 0.00000000099999999927 0.00000000099999999927 0.00000000099999999927 0.00000000099999999927 0.00000000099999999927 
0.00000000099999999990 0.00000000099999999990 0.00000000099999999990 0.00000000099999999990 0.00000000099999999990 0.00000000099999999990 0.00000000099999999990 0.00000000099999999990 0.99999999000000006077 0.00000000099999999990 0.00000000099999999990 
0.00000000099999999997 0.00000000099999999997 0.00000000099999999997 0.00000000099999999997 0.31491133330892617792 0.00000000099999999997 0.00000000099999999997 0.68508865622898329484 0.00000000246209056626 0.00000000099999999997 0.00000000099999999997 
0.00000000099999999998 0.16663660871323038304 0.00000000099999999998 0.01129752275596821245 0.00046617965663861316 0.00000000099999999998 0.05992554028233220559 0.32599708596392107385 0.33399569839032039464 0.00000000099999999998 0.10168136023758918285 
0.00000000099999999982 0.00000000099999999982 0.00000000099999999982 0.80550194728924662257 0.00000000099999999982 0.00000000099999999982 0.19449804371075343767 0.00000000099999999982 0.00000000099999999982 0.00000000099999999982 0.00000000099999999982 
0.00000000099999999964 0.00000000099999999964 0.00000000099999999964 0.00000000099999999964 0.00000000099999999964 0.38189749084542118363 0.61810250015457890438 0.00000000099999999964 0.00000000099999999964 0.00000000099999999964 0.00000000099999999964 
0.00000000099999999997 0.09292479357621888370 0.00000000099999999997 0.00000000099999999997 0.23546972336786553548 0.00000000099999999997 0.00000000099999999997 0.31034465236285668777 0.25774936944826309926 0.00000000099999999997 0.10351145524479576920 
0.00000000099999999949 0.00000000099999999949 0.99999999000000017180 0.00000000099999999949 0.00000000099999999949 0.00000000099999999949 0.00000000099999999949 0.00000000099999999949 0.00000000099999999949 0.00000000099999999949 0.00000000099999999949 
0.00000000099999999936 0.00000000099999999936 0.99999999000000006077 0.00000000099999999936 0.00000000099999999936 0.00000000099999999936 0.00000000099999999936 0.00000000099999999936 0.00000000099999999936 0.00000000099999999936 0.00000000099999999936 
0.00000000099999999937 0.00000000099999999937 0.99999999000000017180 0.00000000099999999937 0.00000000099999999937 0.00000000099999999937 0.00000000099999999937 0.00000000099999999937 0.00000000099999999937 0.00000000099999999937 0.00000000099999999937 
0.00000000099999999952 0.00000000099999999952 0.00000000099999999952 0.00000000099999999952 0.00000000099999999952 0.00000000099999999952 0.00000000099999999952 0.00000000099999999952 0.00000000099999999952 0.99999998999999994975 0.00000000099999999952 
0.00000000099999999946 0.00000000099999999946 0.00000000099999999946 0.00000000099999999946 0.00000000099999999946 0.00000000099999999946 0.00000000099999999946 0.00000000099999999946 0.00000000099999999946 0.99999999000000006077 0.00000000099999999946 
0.00000000099999999994 0.00000000099999999994 0.00000000099999999994 0.00000000099999999994 0.00000000099999999994 0.00000000099999999994 0.00000000099999999994 0.62368710903251856070 0.00000000099999999994 0.00000000099999999994 0.37631288196748152730 
0.99999999000000028282 0.00000000099999999975 0.00000000099999999975 0.00000000099999999975 0.00000000099999999975 0.00000000099999999975 0.00000000099999999975 0.00000000099999999975 0.00000000099999999975 0.00000000099999999975 0.00000000099999999975 
0.00000000099999999948 0.00000000099999999948 0.00000000099999999948 0.00000000099999999948 0.00000000099999999948 0.00000000099999999948 0.00000000099999999948 0.00000000099999999948 0.00000000099999999948 0.99999998999999994975 0.00000000099999999948 
0.02208615370056366337 0.31374325244200479412 0.00000000099999999999 0.00000000099999999999 0.20171766154425507800 0.00000000099999999999 0.02299839259180661358 0.24789877443792057710 0.00001021053981760583 0.00455980001059728794 0.18698575173303438879 
0.36709270578572361643 0.00000000099999999991 0.00000000099999999991 0.63290728521427641606 0.00000000099999999991 0.00000000099999999991 0.00000000099999999991 0.00000000099999999991 0.00000000099999999991 0.00000000099999999991 0.00000000099999999991 
0.00000000099999999954 0.00000000099999999954 0.00000000099999999954 0.00000000099999999954 0.00000000099999999954 0.00000000099999999954 0.00000000099999999954 0.00000000099999999954 0.00000000099999999954 0.99999998999999994975 0.00000000099999999954 
0.00000000099999999989 0.00000000099999999989 0.00000000099999999989 0.00000000099999999989 0.00000000099999999989 0.00000000099999999989 0.00000000099999999989 0.00000000099999999989 0.99999998999999994975 0.00000000099999999989 0.00000000099999999989 
0.00000000099999999949 0.00000000099999999949 0.00000000099999999949 0.00000000099999999949 0.00000000099999999949 0.00000000099999999949 0.00000000099999999949 0.00000000099999999949 0.00000000099999999949 0.99999998999999994975 0.00000000099999999949 
0.47234591951706522694 0.00000000099999999991 0.00000000099999999991 0.52765407148293475004 0.00000000099999999991 0.00000000099999999991 0.00000000099999999991 0.00000000099999999991 0.00000000099999999991 0.00000000099999999991 0.00000000099999999991 
0.99999999000000017180 0.00000000099999999971 0.00000000099999999971 0.00000000099999999971 0.00000000099999999971 0.00000000099999999971 0.00000000099999999971 0.00000000099999999971 0.00000000099999999971 0.00000000099999999971 0.00000000099999999971 
0.00000000099999999930 0.00000000099999999930 0.00000000099999999930 0.00000000099999999930 0.00000000099999999930 0.99999999000000017180 0.00000000099999999930 0.00000000099999999930 0.00000000099999999930 0.00000000099999999930 0.00000000099999999930 
0.00000000099999999948 0.00000000099999999948 0.00000000099999999948 0.00000000099999999948 0.00000000099999999948 0.00000000099999999948 0.00000000099999999948 0.00000000099999999948 0.00000000099999999948 0.99999998999999994975 0.00000000099999999948 
0.00000000099999999987 0.00000000099999999987 0.00000000099999999987 0.99999999000000006077 0.00000000099999999987 0.00000000099999999987 0.00000000099999999987 0.00000000099999999987 0.00000000099999999987 0.00000000099999999987 0.00000000099999999987 
0.00000000099999999988 0.00000000099999999988 0.00000000099999999988 0.99999999000000006077 0.00000000099999999988 0.00000000099999999988 0.00000000099999999988 0.00000000099999999988 0.00000000099999999988 0.00000000099999999988 0.00000000099999999988 
0.53564994979087909854 0.00000000099999999992 0.00000000099999999992 0.46435004120912098946 0.00000000099999999992 0.00000000099999999992 0.00000000099999999992 0.00000000099999999992 0.00000000099999999992 0.00000000099999999992 0.00000000099999999992 
0.00000000099999999954 0.00000000099999999954 0.00000000099999999954 0.00000000099999999954 0.00000000099999999954 0.00000000099999999954 0.00000000099999999954 0.00000000099999999954 0.00000000099999999954 0.99999998999999994975 0.00000000099999999954 
0.00000000099999999999 0.62024054908608949876 0.00000000099999999999 0.04729843394484096325 0.07162559893501799224 0.00735573488731439129 0.04245186500567546539 0.00000000099999999999 0.21068432844622761446 0.00000000099999999999 0.00034348569483420323 
0.00000000099999999998 0.35339878954832321112 0.00000000099999999998 0.00000000099999999998 0.20796005706309056427 0.01890852072553380475 0.00000000099999999998 0.00000000099999999998 0.41973262566305236110 0.00000000099999999998 0.00000000099999999998 
0.00000000099999999974 0.00000000099999999974 0.00000000099999999974 0.00000000099999999974 0.00000000099999999974 0.00000000099999999974 0.00000000099999999974 0.00000000099999999974 0.00000000099999999974 0.00000000099999999974 0.99999999000000006077 
0.01644492426160540366 0.32775978343429573725 0.00000000099999999998 0.00000000099999999998 0.34887536792858203638 0.00000000099999999998 0.00776456494896510079 0.29914411683466063385 0.00000251725157064649 0.00000000099999999998 0.00000872134032023088 
0.42783270155784935973 0.00000000099999999991 0.00000000099999999991 0.57216728944215078378 0.00000000099999999991 0.00000000099999999991 0.00000000099999999991 0.00000000099999999991 0.00000000099999999991 0.00000000099999999991 0.00000000099999999991 
0.00000000099999999988 0.00000000099999999988 0.00000000099999999988 0.00000000099999999988 0.00000000099999999988 0.00000000099999999988 0.00000000099999999988 0.00000000099999999988 0.99999999000000006077 0.00000000099999999988 0.00000000099999999988 
0.00000000099999999945 0.00000000099999999945 0.99999999000000006077 0.00000000099999999945 0.00000000099999999945 0.00000000099999999945 0.00000000099999999945 0.00000000099999999945 0.00000000099999999945 0.00000000099999999945 0.00000000099999999945 
0.00000000099999999986 0.99999999000000017180 0.00000000099999999986 0.00000000099999999986 0.00000000099999999986 0.00000000099999999986 0.00000000099999999986 0.00000000099999999986 0.00000000099999999986 0.00000000099999999986 0.00000000099999999986 
0.00000000099999999946 0.00000000099999999946 0.99999999000000017180 0.00000000099999999946 0.00000000099999999946 0.00000000099999999946 0.00000000099999999946 0.00000000099999999946 0.00000000099999999946 0.00000000099999999946 0.00000000099999999946 
0.00000000099999999989 0.00000000099999999989 0.00000000099999999989 0.00000000099999999989 0.00000000099999999989 0.00000000099999999989 0.00000000099999999989 0.00000000099999999989 0.99999998999999994975 0.00000000099999999989 0.00000000099999999989 
0.00000000099999999948 0.00000000099999999948 0.99999999000000006077 0.00000000099999999948 0.00000000099999999948 0.00000000099999999948 0.00000000099999999948 0.00000000099999999948 0.00000000099999999948 0.00000000099999999948 0.00000000099999999948 
0.00000000099999999998 0.46854951938536287814 0.00000000099999999998 0.00000000099999999998 0.00000000099999999998 0.00000000099999999998 0.03331886968819904038 0.00000000848911375727 0.33620299709626827456 0.00000000099999999998 0.16192859934105585662 
0.00000000099999999993 0.00000000099999999993 0.00000000099999999993 0.00000000099999999993 0.00000000099999999993 0.00000000099999999993 0.00000000099999999993 0.99999998999999994975 0.00000000099999999993 0.00000000099999999993 0.00000000099999999993 
0.00000000099999999983 0.00000000099999999983 0.00000000099999999983 0.99999999000000006077 0.00000000099999999983 0.00000000099999999983 0.00000000099999999983 0.00000000099999999983 0.00000000099999999983 0.00000000099999999983 0.00000000099999999983 
0.00000000099999999994 0.43151446581264768509 0.00000000099999999994 0.00000000099999999994 0.00000000099999999994 0.00000000099999999994 0.00000065893496703487 0.56848486725238511763 0.00000000099999999994 0.00000000099999999994 0.00000000099999999994 
0.00000000099999999948 0.00000000099999999948 0.99999999000000017180 0.00000000099999999948 0.00000000099999999948 0.00000000099999999948 0.00000000099999999948 0.00000000099999999948 0.00000000099999999948 0.00000000099999999948 0.00000000099999999948 
0.00000000099999999953 0.00000000099999999953 0.99999999000000017180 0.00000000099999999953 0.00000000099999999953 0.00000000099999999953 0.00000000099999999953 0.00000000099999999953 0.00000000099999999953 0.00000000099999999953 0.00000000099999999953 
0.09558058331507884864 0.17027295079084339702 0.00000000099999999999 0.00000000099999999999 0.17746226130890507822 0.00005126043995125399 0.00000000099999999999 0.34056782558045922693 0.00000000099999999999 0.00000026106598920624 0.21606485349877299629 
0.20895925694617936696 0.00000000099999999990 0.00000000099999999990 0.79104073405382080431 0.00000000099999999990 0.00000000099999999990 0.00000000099999999990 0.00000000099999999990 0.00000000099999999990 0.00000000099999999990 0.00000000099999999990 
0.00000000099999999938 0.00000000099999999938 0.00000000099999999938 0.00000000099999999938 0.00000000099999999938 0.99999999000000017180 0.00000000099999999938 0.00000000099999999938 0.00000000099999999938 0.00000000099999999938 0.00000000099999999938 
0.22842829097560096718 0.00000000099999999991 0.00000000099999999991 0.77157170002439923184 0.00000000099999999991 0.00000000099999999991 0.00000000099999999991 0.00000000099999999991 0.00000000099999999991 0.00000000099999999991 0.00000000099999999991 
0.00000015306646932149 0.36555184995726258679 0.00000000099999999999 0.02440432122159262932 0.00000000099999999999 0.00000000099999999999 0.03309023310239407600 0.18672373371515998963 0.21536943760465890318 0.00000000099999999999 0.17486026733246226583 
0.00000000099999999942 0.00000000099999999942 0.99999999000000006077 0.00000000099999999942 0.00000000099999999942 0.00000000099999999942 0.00000000099999999942 0.00000000099999999942 0.00000000099999999942 0.00000000099999999942 0.00000000099999999942 
0.00000000099999999924 0.00000000099999999924 0.00000000099999999924 0.00000000099999999924 0.00000000099999999924 0.99999999000000006077 0.00000000099999999924 0.00000000099999999924 0.00000000099999999924 0.00000000099999999924 0.00000000099999999924 
0.00000000099999999954 0.00000000099999999954 0.99999999000000006077 0.00000000099999999954 0.00000000099999999954 0.00000000099999999954 0.00000000099999999954 0.00000000099999999954 0.00000000099999999954 0.00000000099999999954 0.00000000099999999954 
0.00000000099999999993 0.00000000099999999993 0.00000000099999999993 0.00000000099999999993 0.00000000099999999993 0.00000000099999999993 0.00000000099999999993 0.99999999000000006077 0.00000000099999999993 0.00000000099999999993 0.00000000099999999993 
0.00000000099999999982 0.00000000099999999982 0.00000000099999999982 0.99999999000000006077 0.00000000099999999982 0.00000000099999999982 0.00000000099999999982 0.00000000099999999982 0.00000000099999999982 0.00000000099999999982 0.00000000099999999982 
0.00000000099999999984 0.00000000099999999984 0.00000000099999999984 0.99999999000000006077 0.00000000099999999984 0.00000000099999999984 0.00000000099999999984 0.00000000099999999984 0.00000000099999999984 0.00000000099999999984 0.00000000099999999984 
0.18796142405442325951 0.00000000099999999997 0.00000000099999999997 0.02522352937531713996 0.00000000099999999997 0.00000000099999999997 0.09285880979456563600 0.28258888127114872857 0.19829938583575337785 0.00000000099999999997 0.21306796466879193708 
0.02315110395485397293 0.13435051053543356492 0.00000000099999999999 0.00000000099999999999 0.10634642162022918399 0.00000000099999999999 0.02668152398455036350 0.40067239136571458635 0.23591466438995195576 0.02228529115522131371 0.05059808999404515062 
0.00000000099999999983 0.00000000099999999983 0.00000000099999999983 0.00000000099999999983 0.99999999000000006077 0.00000000099999999983 0.00000000099999999983 0.00000000099999999983 0.00000000099999999983 0.00000000099999999983 0.00000000099999999983 
0.00000000099999999997 0.00000000099999999997 0.00000000099999999997 0.00012932882412402998 0.00000000099999999997 0.00000000099999999997 0.07325757868928577110 0.38412531527598609005 0.38238873043295462661 0.00000000099999999997 0.16009904077764944286 
0.00000000099999999998 0.00000000099999999998 0.00000000099999999998 0.00000000099999999998 0.11318397664201336472 0.00000000099999999998 0.00000000836929246180 0.47329805308463518410 0.41351795490405912625 0.00000000099999999998 0.00000000099999999998 
0.00000000099999999995 0.34241089563936050189 0.00000000099999999995 0.00000000099999999995 0.36577210919511410347 0.00000000099999999995 0.00000000099999999995 0.29181698716552534334 0.00000000099999999995 0.00000000099999999995 0.00000000099999999995 
0.00000000099999999997 0.37186912450159392840 0.00000000099999999997 0.00000195939333453901 0.00000000099999999997 0.00000000099999999997 0.02581451873599770533 0.22434596717518259790 0.22951503914549969965 0.00000000099999999997 0.14845338604839158902 
0.00000000099999999989 0.00000000099999999989 0.00000000099999999989 0.00000000099999999989 0.00000000099999999989 0.00000000099999999989 0.00000000099999999989 0.00000000099999999989 0.99999999000000006077 0.00000000099999999989 0.00000000099999999989 
0.02888840520874762924 0.00000000099999999998 0.00000000099999999998 0.00038013971451656526 0.16018275733928641347 0.00000000099999999998 0.00000000099999999998 0.46584300770969400141 0.34470568402775536576 0.00000000099999999998 0.00000000099999999998 
0.00000000099999999986 0.00000000099999999986 0.00000000099999999986 0.99999999000000017180 0.00000000099999999986 0.00000000099999999986 0.00000000099999999986 0.00000000099999999986 0.00000000099999999986 0.00000000099999999986 0.00000000099999999986 
0.00000000099999999992 0.00000000099999999992 0.00000000099999999992 0.99999999000000006077 0.00000000099999999992 0.00000000099999999992 0.00000000099999999992 0.00000000099999999992 0.00000000099999999992 0.00000000099999999992 0.00000000099999999992 
0.00000000099999999968 0.00000000099999999968 0.99999999000000017180 0.00000000099999999968 0.00000000099999999968 0.00000000099999999968 0.00000000099999999968 0.00000000099999999968 0.00000000099999999968 0.00000000099999999968 0.00000000099999999968 
0.39436353550938596513 0.00000000099999999995 0.00000000099999999995 0.60563645549061417839 0.00000000099999999995 0.00000000099999999995 0.00000000099999999995 0.00000000099999999995 0.00000000099999999995 0.00000000099999999995 0.00000000099999999995 
0.47684418862393429528 0.00000000099999999994 0.00000000099999999994 0.52315580237606584824 0.00000000099999999994 0.00000000099999999994 0.00000000099999999994 0.00000000099999999994 0.00000000099999999994 0.00000000099999999994 0.00000000099999999994 
0.02062003240129990991 0.21526994215284739331 0.00000000099999999998 0.00000000099999999998 0.00000000099999999998 0.00000000099999999998 0.00000000099999999998 0.19503114833015619545 0.40887491098337469531 0.00000000099999999998 0.16020396013232177101 
0.00000000099999999936 0.00000000099999999936 0.99999999000000006077 0.00000000099999999936 0.00000000099999999936 0.00000000099999999936 0.00000000099999999936 0.00000000099999999936 0.00000000099999999936 0.00000000099999999936 0.00000000099999999936 
0.00000000099999999998 0.25574862443430285142 0.00000000099999999998 0.00000000099999999998 0.19738470889555115306 0.00468441440845291171 0.00091108478378385124 0.29180147771498526899 0.13557222391826834196 0.00000000099999999998 0.11389746184465560086 
0.00000000099999999987 0.00000000099999999987 0.00000000099999999987 0.00000000099999999987 0.00000000099999999987 0.00000000099999999987 0.00000000099999999987 0.00000000099999999987 0.99999999000000006077 0.00000000099999999987 0.00000000099999999987 
0.00000000099999999971 0.00000000099999999971 0.00000000099999999971 0.00000000099999999971 0.00000000099999999971 0.00000000099999999971 0.99999999000000006077 0.00000000099999999971 0.00000000099999999971 0.00000000099999999971 0.00000000099999999971 
0.03358504694683787234 0.26867422395029499915 0.00000000099999999998 0.00000000099999999998 0.00000000099999999998 0.00000000099999999998 0.05759570276734123084 0.22851050340951051254 0.41159739637888109742 0.00000000099999999998 0.00003712154713422529 
0.00000000099999999996 0.56609565478098200497 0.00000000099999999996 0.00000000099999999996 0.00000000099999999996 0.00000000099999999996 0.06866554429526512682 0.36523879292375294181 0.00000000099999999996 0.00000000099999999996 0.00000000099999999996 
0.00000000099999999992 0.00000000099999999992 0.00000000099999999992 0.00000000099999999992 0.00000000099999999992 0.00000000099999999992 0.00000000099999999992 0.99999999000000006077 0.00000000099999999992 0.00000000099999999992 0.00000000099999999992 
0.00000000099999999997 0.57556253154425396357 0.00000000099999999997 0.00000000099999999997 0.28617472759120249348 0.00000000099999999997 0.13824721402878228926 0.00001551983576141374 0.00000000099999999997 0.00000000099999999997 0.00000000099999999997 
0.00000000099999999984 0.00000000099999999984 0.00000000099999999984 0.00000000099999999984 0.99999999000000017180 0.00000000099999999984 0.00000000099999999984 0.00000000099999999984 0.00000000099999999984 0.00000000099999999984 0.00000000099999999984 
0.00000000100000000000 0.34003115607854261793 0.00000000100000000000 0.01740663868171522452 0.07012809230442199060 0.00000000100000000000 0.00401098715812236301 0.39332288524245750949 0.08941409504102267036 0.02880318137593566169 0.05688296111778205072 
0.00000000099999999988 0.00000000099999999988 0.00000000099999999988 0.00000000099999999988 0.00000000099999999988 0.00000000099999999988 0.00000000099999999988 0.00000000099999999988 0.99999998999999994975 0.00000000099999999988 0.00000000099999999988 
0.00000000099999999993 0.50752059229752877201 0.00000000099999999993 0.00000000099999999993 0.00000000099999999993 0.00000000099999999993 0.00000000099999999993 0.00000000099999999993 0.49247939870247148253 0.00000000099999999993 0.00000000099999999993 
0.01567519237701238410 0.27727767621372140239 0.00000000099999999999 0.00000000099999999999 0.24115451122957931585 0.00000000099999999999 0.11414186973421208693 0.27919717291767298661 0.00000000099999999999 0.02005065229992211706 0.05250292122787986182 
0.00000000099999999997 0.39919786259329032019 0.00000000099999999997 0.00000000099999999997 0.00447609591026047228 0.00571336387154121154 0.00000000099999999997 0.12783213987521460653 0.26878221917714384404 0.00000000099999999997 0.19399831357254948561 
0.00000000099999999992 0.00000000099999999992 0.00000000099999999992 0.00000000099999999992 0.00000000099999999992 0.00000000099999999992 0.00000000099999999992 0.99999999000000006077 0.00000000099999999992 0.00000000099999999992 0.00000000099999999992 
0.00000000099999999991 0.00000000099999999991 0.00000000099999999991 0.00000000099999999991 0.00000000099999999991 0.00000000099999999991 0.00000000099999999991 0.99999998999999994975 0.00000000099999999991 0.00000000099999999991 0.00000000099999999991 
0.03170299069375893258 0.36123168856337545263 0.00000000099999999996 0.00000000099999999996 0.26661947721150636159 0.00000000099999999996 0.08617570070156739537 0.25427013682979188181 0.00000000099999999996 0.00000000099999999996 0.00000000099999999996 
0.00000000099999999999 0.22160522953763497900 0.00000000099999999999 0.00546484972902784322 0.06171328121571409420 0.00364503887629117262 0.03673074899555122536 0.37828537131842993047 0.17293109972265169327 0.00000000099999999999 0.11962437760469904480 
0.00000000099999999998 0.27980163251309148054 0.00000000099999999998 0.03963786885672645338 0.28453712666059405301 0.00000000099999999998 0.01816118297057607231 0.07844616535169922356 0.24785175863460015555 0.00000000099999999998 0.05156426101271258805 
0.00000000099999999997 0.00013357627949935370 0.00000000099999999997 0.00000000099999999997 0.11986577079422847114 0.00000000099999999997 0.03120170895591778404 0.35863493072822788532 0.25323098469712407299 0.00000000099999999997 0.23693302354500261897 
0.00000000099999999996 0.00000000099999999996 0.00000000099999999996 0.01388506935504684077 0.30693546401274840463 0.00000000099999999996 0.00000000099999999996 0.67917945863220474667 0.00000000099999999996 0.00000000099999999996 0.00000000099999999996 
0.00000002993666632437 0.09796843517312951721 0.06489544497349122865 0.00000297426208624329 0.26287257795185403619 0.01330658362905654327 0.11008679579105641599 0.35311929888930765342 0.08273805176470615252 0.00000000100000000000 0.01500980662864583905 
0.00000000099999999997 0.36075769901246979021 0.00000000099999999997 0.00000000099999999997 0.20151577776108914319 0.00000000099999999997 0.06697533976311230430 0.32132533681812602833 0.00089648737913504189 0.00000000099999999997 0.04852935426606754671 
0.02624745262513038246 0.12076572713983677043 0.00000000099999999996 0.00000000099999999996 0.15815907010064789162 0.00000000099999999996 0.12432744625376332404 0.35513206274845682264 0.21363971887884292133 0.00000000099999999996 0.00172851825332179460 
0.00000000099999999996 0.00000000099999999996 0.00000000099999999996 0.00000000099999999996 0.19599227541814281950 0.00000000099999999996 0.09055210378523470549 0.20121374250235166126 0.29827989422351564031 0.00000000099999999996 0.21396197807075512110 
0.00000000099999999986 0.00000000099999999986 0.00000000099999999986 0.00000000099999999986 0.99999999000000017180 0.00000000099999999986 0.00000000099999999986 0.00000000099999999986 0.00000000099999999986 0.00000000099999999986 0.00000000099999999986 
0.00092469543992498968 0.17903837971815220187 0.00000000099999999996 0.00000000099999999996 0.18381280162048874161 0.00000000099999999996 0.05333314533985582251 0.17017538354197839223 0.41271558933959989757 0.00000000099999999996 0.00000000099999999996 
0.00000000099999999997 0.00000000099999999997 0.00000000099999999997 0.00000000099999999997 0.00000000099999999997 0.00000000099999999997 0.15049051898522025628 0.84950947201477966519 0.00000000099999999997 0.00000000099999999997 0.00000000099999999997 
0.01839987870254669935 0.22781342652815669836 0.00000000099999999998 0.00000000099999999998 0.00106952269521899440 0.00295969789542611375 0.06134155460348238165 0.22538265364700257876 0.36069093939430779683 0.00000000099999999998 0.10234232353385876169 
0.00000000099999999996 0.57557250919437497050 0.00000000099999999996 0.00000000099999999996 0.00000000099999999996 0.00000000099999999996 0.00000000099999999996 0.42442748059385687620 0.00000000099999999996 0.00000000099999999996 0.00000000221176850379 
0.03144350367143042974 0.00000000099999999995 0.00000000099999999995 0.00000000099999999995 0.00000000099999999995 0.00000000099999999995 0.00000125260499312369 0.46436094638257130462 0.34118798626154195341 0.00000000099999999995 0.16300630507946320402 
0.21268070234296015952 0.00000000099999999991 0.00000000099999999991 0.78731928865703992848 0.00000000099999999991 0.00000000099999999991 0.00000000099999999991 0.00000000099999999991 0.00000000099999999991 0.00000000099999999991 0.00000000099999999991 
0.99999999000000017180 0.00000000099999999977 0.00000000099999999977 0.00000000099999999977 0.00000000099999999977 0.00000000099999999977 0.00000000099999999977 0.00000000099999999977 0.00000000099999999977 0.00000000099999999977 0.00000000099999999977 
0.00000000099999999957 0.00000000099999999957 0.99999999000000006077 0.00000000099999999957 0.00000000099999999957 0.00000000099999999957 0.00000000099999999957 0.00000000099999999957 0.00000000099999999957 0.00000000099999999957 0.00000000099999999957 
0.00000000099999999948 0.00000000099999999948 0.00000000099999999948 0.00000000099999999948 0.00000000099999999948 0.51149400446043113977 0.00000000099999999948 0.00000000099999999948 0.00000000099999999948 0.48850598653956889272 0.00000000099999999948 
0.38249839135726509953 0.00000000099999999998 0.00000000099999999998 0.52411201219141756447 0.00000000099999999998 0.04172126710968813990 0.05166832234162931081 0.00000000099999999998 0.00000000099999999998 0.00000000099999999998 0.00000000099999999998 
0.00000449009723135296 0.59524763819416737221 0.00000000099999999995 0.00000000099999999995 0.00000000099999999995 0.00000000099999999995 0.04755815351425583815 0.00000000099999999995 0.35718971119434556050 0.00000000099999999995 0.00000000099999999995 
0.00000000099999999996 0.58806976524518683735 0.00000000099999999996 0.00934534299814425776 0.00000000099999999996 0.00000000099999999996 0.00000000099999999996 0.40258488375666906522 0.00000000099999999996 0.00000000099999999996 0.00000000099999999996 
0.43996960819057101544 0.00000000099999999996 0.00000000099999999996 0.56003038280942907257 0.00000000099999999996 0.00000000099999999996 0.00000000099999999996 0.00000000099999999996 0.00000000099999999996 0.00000000099999999996 0.00000000099999999996 
0.02281611323206222605 0.35158318276766964416 0.00000000099999999998 0.00000000099999999998 0.14921634026723759603 0.00000000099999999998 0.03398701806832787886 0.28087297540666839035 0.16152435436589693274 0.00000000099999999998 0.00000001189213731934 
0.00000000099999999993 0.99999999000000028282 0.00000000099999999993 0.00000000099999999993 0.00000000099999999993 0.00000000099999999993 0.00000000099999999993 0.00000000099999999993 0.00000000099999999993 0.00000000099999999993 0.00000000099999999993 
0.00000000099999999995 0.00000000099999999995 0.00000000099999999995 0.00000000099999999995 0.44696151107624759735 0.00000000099999999995 0.01396607967773030347 0.53907240124602207043 0.00000000099999999995 0.00000000099999999995 0.00000000099999999995 
0.00000000099999999943 0.00000000099999999943 0.99999999000000017180 0.00000000099999999943 0.00000000099999999943 0.00000000099999999943 0.00000000099999999943 0.00000000099999999943 0.00000000099999999943 0.00000000099999999943 0.00000000099999999943 
0.00000000099999999947 0.00000000099999999947 0.99999999000000006077 0.00000000099999999947 0.00000000099999999947 0.00000000099999999947 0.00000000099999999947 0.00000000099999999947 0.00000000099999999947 0.00000000099999999947 0.00000000099999999947 
0.00000000099999999936 0.00000000099999999936 0.99999999000000017180 0.00000000099999999936 0.00000000099999999936 0.00000000099999999936 0.00000000099999999936 0.00000000099999999936 0.00000000099999999936 0.00000000099999999936 0.00000000099999999936 
0.00000000099999999938 0.00000000099999999938 0.99999999000000006077 0.00000000099999999938 0.00000000099999999938 0.00000000099999999938 0.00000000099999999938 0.00000000099999999938 0.00000000099999999938 0.00000000099999999938 0.00000000099999999938 
0.00000000099999999939 0.00000000099999999939 0.99999999000000017180 0.00000000099999999939 0.00000000099999999939 0.00000000099999999939 0.00000000099999999939 0.00000000099999999939 0.00000000099999999939 0.00000000099999999939 0.00000000099999999939 
0.00000000099999999989 0.00000000099999999989 0.00000000099999999989 0.99999999000000017180 0.00000000099999999989 0.00000000099999999989 0.00000000099999999989 0.00000000099999999989 0.00000000099999999989 0.00000000099999999989 0.00000000099999999989 
0.00010888269444891953 0.08337532710701694993 0.00000000099999999999 0.00000000099999999999 0.11793742636271657698 0.01094460961611244502 0.05280464255657785905 0.44891858726335254204 0.14388494646793467679 0.00000000099999999999 0.14202557493184020387 
0.00000000099999999939 0.00000000099999999939 0.99999999000000017180 0.00000000099999999939 0.00000000099999999939 0.00000000099999999939 0.00000000099999999939 0.00000000099999999939 0.00000000099999999939 0.00000000099999999939 0.00000000099999999939 
0.00000000099999999948 0.00000000099999999948 0.99999999000000017180 0.00000000099999999948 0.00000000099999999948 0.00000000099999999948 0.00000000099999999948 0.00000000099999999948 0.00000000099999999948 0.00000000099999999948 0.00000000099999999948 
0.00000000099999999939 0.00000000099999999939 0.00000000099999999939 0.00000000099999999939 0.00000000099999999939 0.00000000099999999939 0.00000000099999999939 0.00000000099999999939 0.00000000099999999939 0.99999998999999994975 0.00000000099999999939 
0.00000000099999999940 0.00000000099999999940 0.00000000099999999940 0.00000000099999999940 0.00000000099999999940 0.00000000099999999940 0.00000000099999999940 0.00000000099999999940 0.00000000099999999940 0.99999999000000006077 0.00000000099999999940 
0.00000000099999999996 0.25600096410033784666 0.00000000099999999996 0.00000000099999999996 0.24304951685194406408 0.00000000099999999996 0.00000000099999999996 0.25824686847688854696 0.00000000099999999996 0.00000000099999999996 0.24270264357082954598 
0.00000000099999999943 0.00000000099999999943 0.99999999000000017180 0.00000000099999999943 0.00000000099999999943 0.00000000099999999943 0.00000000099999999943 0.00000000099999999943 0.00000000099999999943 0.00000000099999999943 0.00000000099999999943 
0.01256743391228558500 0.70539360554828456351 0.00000000099999999996 0.00000000099999999996 0.00000000099999999996 0.00000000099999999996 0.00000000099999999996 0.00000000099999999996 0.28203895253943006560 0.00000000099999999996 0.00000000099999999996 
0.00000000099999999987 0.99999999000000017180 0.00000000099999999987 0.00000000099999999987 0.00000000099999999987 0.00000000099999999987 0.00000000099999999987 0.00000000099999999987 0.00000000099999999987 0.00000000099999999987 0.00000000099999999987 
0.46329645732435181804 0.00000000099999999996 0.00000000099999999996 0.52004254182559828124 0.00000000169480454222 0.00000000099999999996 0.00000000139471938782 0.00000000107307534708 0.00000000099999999996 0.00000000099999999996 0.01666099168745068318 
0.00000000099999999997 0.28062874401965226534 0.00000000099999999997 0.01107671589085434602 0.00000000099999999997 0.00000000099999999997 0.00000000099999999997 0.38349603974989315835 0.32479849333960020275 0.00000000099999999997 0.00000000099999999997 
