0.80476175490831802772 0.00000000099999999999 0.00000000099999999999 0.02025249285390938112 0.17479371330356843761 0.00019203693420434621 
0.00000000099999999995 0.00000000099999999995 0.00000000099999999995 0.00000000099999999995 0.00000000099999999995 0.99999999500000003039 
0.00000000099999999995 0.00000000099999999995 0.00000000099999999995 0.00000000099999999995 0.00000000099999999995 0.99999999499999991937 
0.94659239960705299222 0.00000000099999999999 0.00000000099999999999 0.00746675246772949327 0.00000000099999999999 0.04594084492521755686 
0.84612068247632443718 0.09281378655200792083 0.00000000099999999999 0.00000000099999999999 0.06106552797166769908 0.00000000099999999999 
0.84780439166485666025 0.00000000324729208360 0.00000000099999999999 0.00401217628373554472 0.11943794329429216483 0.02874548450982356354 
0.00000000099999999997 0.00000757083650081474 0.00000000099999999997 0.00000000099999999997 0.00000000099999999997 0.99999242516349928778 
0.00000000099999999993 0.00000000099999999993 0.00000000099999999993 0.00000000099999999993 0.00000000099999999993 0.99999999500000003039 
0.92551334684515107476 0.04741374586055465551 0.00000000099999999999 0.02030461351656860647 0.00000000099999999999 0.00676829177772579182 
0.00000000099999999995 0.00000000099999999995 0.00000000099999999995 0.00000000099999999995 0.00000000099999999995 0.99999999500000003039 
0.78930733130388275320 0.05038500626052445225 0.00000000099999999999 0.00262564312384892546 0.15767220547383323237 0.00000981283791073428 
0.84281333416560844096 0.02524014658977662487 0.00000000099999999999 0.00910383974570301568 0.10538244142890294819 0.01746023707000890837 
0.81079791723227623290 0.03798495331116350654 0.00000000100000000000 0.00237170579529104959 0.14884542166126932261 0.00000000100000000000 
0.78235351191824209494 0.03273833365984032961 0.00000000099999999999 0.01187634880996117463 0.17303180357644951104 0.00000000103550710715 
0.80987527436879369613 0.03264977421310663597 0.00289022988913484238 0.01576460153069126138 0.13882011899827356727 0.00000000100000000000 
0.74667749205313116434 0.05882682961274128541 0.00000000099999999999 0.02669150405477951210 0.12009209714591451146 0.04771207613343361048 
0.82692323855663185661 0.03575092236858936484 0.00000000099999999999 0.00000000099999999999 0.13732583607477891197 0.00000000099999999999 
0.79329377360890962478 0.04248880978172926703 0.00000000099999999999 0.00000000099999999999 0.16421741360936115139 0.00000000099999999999 
0.97942874671787993890 0.00000000099999999999 0.00346112729300681807 0.01628258990023375916 0.00000000099999999999 0.00082753408887947496 
0.97626837664772847525 0.00000000099999999998 0.00000000099999999998 0.01121147065595607013 0.00000001341302378014 0.01252013728329180557 
0.84580877245052210611 0.00000000099999999999 0.00000000099999999999 0.00000000099999999999 0.15419089796053123131 0.00000032658894679007 
0.00000000099999999996 0.00000000099999999996 0.00000000099999999996 0.00000000099999999996 0.04405901103490889037 0.95594098496509105622 
0.87874776181211544657 0.03400333399104440296 0.00000000099999999999 0.00000000099999999999 0.06228464735596851709 0.02496425484087179750 
0.00000000099999999961 0.99999999500000014141 0.00000000099999999961 0.00000000099999999961 0.00000000099999999961 0.00000000099999999961 
0.78514713177342143613 0.00000000099999999998 0.00000000099999999998 0.00000000099999999998 0.19012120552829969711 0.02473165969827894814 
0.97749460627359296971 0.01305594630062819825 0.00000000099999999999 0.00944944442577892729 0.00000000099999999999 0.00000000099999999999 
0.00000000099999999977 0.00000000099999999977 0.00000000099999999977 0.99999999499999991937 0.00000000099999999977 0.00000000099999999977 
0.00000000099999999979 0.00000000099999999979 0.00000000099999999979 0.99999999499999991937 0.00000000099999999979 0.00000000099999999979 
0.73602292848196715358 0.02143948354238426127 0.00000000099999999999 0.00000000099999999999 0.24253758497564859020 0.00000000099999999999 
0.95445034230934966413 0.03077652382383019858 0.00000000099999999999 0.01477313086682025683 0.00000000099999999999 0.00000000099999999999 
0.70350887383065396907 0.03465731270549251425 0.00000000099999999997 0.00000000099999999997 0.26183381046385367785 0.00000000099999999997 
0.00000000099999999989 0.28107634928865560253 0.00000000099999999989 0.00000000099999999989 0.00000000099999999989 0.71892364671134434406 
0.00000000099999999980 0.65068447782540472790 0.00000000099999999980 0.34931551817459527420 0.00000000099999999980 0.00000000099999999980 
0.99450433924603431901 0.00000000099999999999 0.00000000099999999999 0.00149076851509567765 0.00000000101468969158 0.00400488922418030472 
0.00000000099999999973 0.00000000099999999973 0.99999999499999991937 0.00000000099999999973 0.00000000099999999973 0.00000000099999999973 
0.00000000099999999968 0.00000000099999999968 0.99999999500000003039 0.00000000099999999968 0.00000000099999999968 0.00000000099999999968 
0.00000000099999999967 0.00000000099999999967 0.99999999499999991937 0.00000000099999999967 0.00000000099999999967 0.00000000099999999967 
0.00000000099999999978 0.00000000099999999978 0.00000000099999999978 0.99999999500000003039 0.00000000099999999978 0.00000000099999999978 
0.00000000099999999975 0.00000000099999999975 0.00000000099999999975 0.99999999500000003039 0.00000000099999999975 0.00000000099999999975 
0.76535439554038264820 0.03429588891812215823 0.00000000099999999998 0.00000000099999999998 0.20034971254149533393 0.00000000099999999998 
0.00000000099999999996 0.00000000099999999996 0.00000000099999999996 0.00000000099999999996 0.00000000099999999996 0.99999999499999991937 
0.00000000099999999977 0.00000000099999999977 0.00000000099999999977 0.99999999500000003039 0.00000000099999999977 0.00000000099999999977 
0.83106128317789118576 0.05952614037627110971 0.00000000099999999999 0.00821213651610130067 0.08503725135791155576 0.01616318757182490934 
0.00000000099999999994 0.00000000099999999994 0.00000000099999999994 0.00000000099999999994 0.00000000099999999994 0.99999999499999991937 
0.00000000099999999979 0.00000000099999999979 0.00000000099999999979 0.99999999500000003039 0.00000000099999999979 0.00000000099999999979 
0.94250443353243640310 0.02279670385471303448 0.00000000099999999999 0.01335252033813772235 0.00000000099999999999 0.02134634027471273704 
0.00000000099999999976 0.00000000099999999976 0.00000000099999999976 0.99999999500000003039 0.00000000099999999976 0.00000000099999999976 
0.00000000099999999996 0.00000000099999999996 0.00000000099999999996 0.00000000099999999996 0.00000000099999999996 0.99999999500000003039 
0.00000000099999999993 0.00000000099999999993 0.00000000099999999993 0.00000000099999999993 0.00000000099999999993 0.99999999500000003039 
0.00000000099999999973 0.00000000099999999973 0.00000000099999999973 0.99999999499999991937 0.00000000099999999973 0.00000000099999999973 
0.00000000099999999976 0.00000000099999999976 0.00000000099999999976 0.99999999500000003039 0.00000000099999999976 0.00000000099999999976 
0.00000000099999999995 0.00000000099999999995 0.00000000099999999995 0.00000000099999999995 0.00000000099999999995 0.99999999499999991937 
0.00000000099999999996 0.00000000099999999996 0.00000000099999999996 0.00000000099999999996 0.00000000099999999996 0.99999999500000003039 
0.00000000099999999996 0.00000000099999999996 0.00000000099999999996 0.00000000099999999996 0.00000000099999999996 0.99999999500000003039 
0.00000000099999999980 0.00000000099999999980 0.00000000099999999980 0.99999999499999991937 0.00000000099999999980 0.00000000099999999980 
0.88727810679647367564 0.04275559042299238721 0.00000000100000000000 0.02061613268415501618 0.00001580019421070598 0.04933436890216821163 
0.96496504301788099678 0.00000000099999999999 0.00000000099999999999 0.03487379952475805345 0.00000000099999999999 0.00016115445736102787 
0.81541762449087340503 0.00265102836403262451 0.00000000099999999998 0.00000000099999999998 0.15551760325541347241 0.02641374188968042061 
0.86374945709094486102 0.00749678859780380982 0.00000000099999999999 0.00347670790663696591 0.10830306497397490517 0.01697398043063933978 
0.00000000099999999995 0.00000000099999999995 0.00000000099999999995 0.00000000099999999995 0.00000000099999999995 0.99999999500000003039 
0.85774607172213845896 0.01360047861659631659 0.00000000100000000000 0.00863188284531041586 0.12002156481595475934 0.00000000100000000000 
0.00000000099999999971 0.00000000099999999971 0.99999999500000003039 0.00000000099999999971 0.00000000099999999971 0.00000000099999999971 
0.97662181595101626996 0.00000000099999999998 0.00000000099999999998 0.01160949036015082592 0.00000000099999999998 0.01176869068883307917 
0.00000000099999999972 0.00000000099999999972 0.99999999499999991937 0.00000000099999999972 0.00000000099999999972 0.00000000099999999972 
0.82146604278837120905 0.08733458875263520882 0.00000000099999999999 0.00000000099999999999 0.07190207824380767665 0.01929728821518591000 
0.00000000099999999973 0.00000000099999999973 0.99999999499999991937 0.00000000099999999973 0.00000000099999999973 0.00000000099999999973 
0.69842062224400336401 0.00000000099999999997 0.00000000099999999997 0.00000000099999999997 0.30157937375599658258 0.00000000099999999997 
0.79979180009572659049 0.03880399399182399983 0.00000000100000000000 0.00360459224491516432 0.15762668616308017633 0.00017292650445408338 
0.00000000099999999994 0.00000000099999999994 0.00000000099999999994 0.00000000099999999994 0.00000000099999999994 0.99999999500000003039 
0.88608055345714864526 0.00854633453584320059 0.00000000099999999998 0.00000000099999999998 0.10537310900700831706 0.00000000099999999998 
0.00000000099999999974 0.00000000099999999974 0.99999999499999991937 0.00000000099999999974 0.00000000099999999974 0.00000000099999999974 
0.00000000099999999975 0.00000000099999999975 0.99999999499999991937 0.00000000099999999975 0.00000000099999999975 0.00000000099999999975 
0.74838624987900415064 0.00000000099999999999 0.00000000099999999999 0.00771820537159822583 0.16161459196547331429 0.08228095078392423656 
0.00000000099999999995 0.00000000099999999995 0.00000000099999999995 0.00000000099999999995 0.00000000099999999995 0.99999999500000003039 
0.00000000099999999980 0.00000000099999999980 0.00000000099999999980 0.99999999499999991937 0.00000000099999999980 0.00000000099999999980 
0.00000000099999999995 0.00000000099999999995 0.00000000099999999995 0.00000000099999999995 0.00000000099999999995 0.99999999499999991937 
0.74080158110712768238 0.01131366963562339088 0.00000000099999999999 0.00000000099999999999 0.22022303024049549869 0.02766171701675366676 
0.00000000099999999971 0.00000000099999999971 0.99999999499999991937 0.00000000099999999971 0.00000000099999999971 0.00000000099999999971 
0.00000000099999999972 0.00000000099999999972 0.00000000099999999972 0.99999999500000003039 0.00000000099999999972 0.00000000099999999972 
0.00000000099999999975 0.00000000099999999975 0.99999999499999991937 0.00000000099999999975 0.00000000099999999975 0.00000000099999999975 
0.97043125352156367480 0.00000000100000000000 0.00226468662631334637 0.02730369088704394029 0.00000000100000000000 0.00000036696507903331 
0.00000000099999999993 0.00000000099999999993 0.00000000099999999993 0.00000000099999999993 0.00000000099999999993 0.99999999500000003039 
0.00000000099999999995 0.00000000099999999995 0.00000000099999999995 0.00000000099999999995 0.00000000099999999995 0.99999999500000003039 
0.63534405463826804095 0.05421294894105359308 0.00000000099999999999 0.00000000099999999999 0.08738353075675865667 0.22305946366391971036 
0.82355705015525393353 0.01620942755728712464 0.00000000099999999999 0.02288523150348878085 0.13459124639191583084 0.00275704339205440222 
0.77691200750351407933 0.00000000099999999998 0.00000000099999999998 0.00000000099999999998 0.22285483054176999373 0.00023315895471612801 
0.82601239205412757549 0.00616658367697235817 0.00000000099999999998 0.00000000099999999998 0.14668338628506402688 0.02113763598383607695 
0.83777842130837176793 0.04635976027309109820 0.00000000099999999999 0.00000000099999999999 0.11586181541853718402 0.00000000099999999999 
0.89453190493862255739 0.00000191958341490470 0.00000000099999999998 0.00000000099999999998 0.10546617247796244432 0.00000000099999999998 
0.94658125220053079829 0.03520653225947287246 0.00000000099999999999 0.00174833792248949753 0.00000002416547189528 0.01646385245203498687 
0.86284216982339279056 0.01815303201547021836 0.00000000099999999999 0.00929040777536205113 0.09734800059008176520 0.01236638879569320129 
0.94385789898555338961 0.01207669244804170788 0.00000000099999999999 0.00000000099999999999 0.00000000099999999999 0.04406540556640495265 
0.00000000099999999995 0.00000000099999999995 0.00000000099999999995 0.00000000099999999995 0.00000000099999999995 0.99999999500000003039 
0.00887566909437470519 0.00000000099999999998 0.00000000099999999998 0.00000000099999999998 0.00000000099999999998 0.99112432690562524140 
0.00000000099999999983 0.00000000099999999983 0.99999999499999991937 0.00000000099999999983 0.00000000099999999983 0.00000000099999999983 
0.00000000099999999997 0.00000000099999999997 0.00000000099999999997 0.00000000099999999997 0.00000000099999999997 0.99999999500000003039 
0.00000000099999999998 0.00000026359085637623 0.00000000099999999998 0.00000000099999999998 0.00000208735163542286 0.99999764605750818269 
0.81104330332226215461 0.01486056152428253362 0.00000000099999999999 0.00847932237074311076 0.14938283746451114231 0.01623397431820113382 
0.00000000099999999967 0.00000000099999999967 0.99999999500000003039 0.00000000099999999967 0.00000000099999999967 0.00000000099999999967 
0.85596424856688824168 0.00092311355543988531 0.00000000099999999999 0.00326279694365851124 0.13984983893401331523 0.00000000099999999999 
0.77495919836538207370 0.02509780892825476742 0.00000000099999999999 0.00111964485496516154 0.19116934900963516997 0.00765399784176293112 
0.84518711737654672600 0.03045131480389194276 0.00100406432496119059 0.00771236849503298058 0.11564492215354953142 0.00000021284601769663 
0.79882035254962191484 0.03950835094250385038 0.00000000100000000000 0.00019842210269017927 0.14345349536771645482 0.01801937803746756286 
0.93423504201334428565 0.06576495398665574421 0.00000000099999999999 0.00000000099999999999 0.00000000099999999999 0.00000000099999999999 
0.80973201444389675263 0.05535072291259780092 0.00000000099999999999 0.00000000099999999999 0.10289947336249867516 0.03201778728100675153 
0.97756900644943056644 0.01298688026411692203 0.00000000099999999999 0.00944358366921710726 0.00000000099999999999 0.00000052761723547248 
0.83325708302041223696 0.02015620327725057420 0.00000000099999999999 0.00727027334045581789 0.13059437250824873500 0.00872206685363289061 
0.85463124769497877953 0.02899163971674109316 0.00427385909185622626 0.03259740184053922657 0.06416340379462966148 0.01534244786125514223 
0.77248477691784089849 0.02994383474942527087 0.00000000099999999999 0.00994736073992670035 0.18762402559280705328 0.00000000099999999999 
0.99994838112802642005 0.00000000099999999997 0.00000000099999999997 0.00000000099999999997 0.00000000099999999997 0.00005161487197368116 
0.79124685023574758969 0.02522435398867047679 0.00000000100000000000 0.02410161852880624359 0.14392891927684128839 0.01549825696993441596 
0.90138084970364340531 0.00000000099999999999 0.00000000099999999999 0.01382501997839624339 0.08479412731796028002 0.00000000099999999999 
0.90514859968996985717 0.00497383318306356473 0.00000000100000000000 0.00317341445467320214 0.07261197992140284996 0.01409217175089070434 
0.97689839282775370322 0.02016400886960705713 0.00000000099999999999 0.00083839655069221810 0.00000000099999999999 0.00209919975194702846 
0.89734491065984112179 0.08141735690228515954 0.00000000099999999998 0.00000000099999999998 0.00000000099999999998 0.02123772943787383821 
0.79534593603448633381 0.01082075378266913503 0.00000000099999999999 0.00463344675159201025 0.18425664794799836987 0.00494321448325416371 
0.83417883476210674676 0.04482786284347217709 0.00000000099999999999 0.00000000099999999999 0.08570913046420994275 0.03528416993021110670 
0.80599293702275764950 0.04200446068640335817 0.00000000099999999999 0.00000000099999999999 0.15200259929083906330 0.00000000099999999999 
0.86315394117701971233 0.00000000099999999999 0.00000000099999999999 0.00000000099999999999 0.10597056214989594713 0.03087549367308425191 
0.83391190749950405703 0.06404468067474952675 0.07072539476823241911 0.00675594701997567736 0.00030865346355880705 0.02425341657397947839 
0.87835564480289218814 0.00671005070494576274 0.00000000099999999999 0.00000000099999999999 0.10977761291265090982 0.00515668957951116117 
0.80228912748980496517 0.05525415073049814996 0.00000000099999999998 0.00000000099999999998 0.13620918198304055036 0.00624753779665649604 
0.80217728239156405046 0.03372123598875496203 0.00000000099999999998 0.00000000099999999998 0.14971433598276565058 0.01438714363691551319 
0.84958997403066049969 0.04864121936271185304 0.00000000099999999999 0.01571697933189876439 0.08605182527472890475 0.00000000099999999999 
0.85787188976504669125 0.04075514886053573094 0.00000000099999999998 0.00000000099999999998 0.09141254829514677827 0.00996041107927076591 
0.80454600415653310108 0.06308176800450862598 0.00000000100000000000 0.00000000100000000000 0.13237222483895830227 0.00000000100000000000 
0.80367408326120837181 0.03226698256921699259 0.00000000099999999999 0.00751121645438562226 0.14559307011770747375 0.01095464659748149848 
0.82579150976409410045 0.00860914110626702887 0.00000000099999999999 0.00000000099999999999 0.16559934612963880807 0.00000000099999999999 
0.80143981838487665659 0.00000000099999999997 0.00000000099999999997 0.00000000099999999997 0.16780664359970995370 0.03075353501541343987 
0.00000000099999999994 0.00000000099999999994 0.00000000099999999994 0.00000000099999999994 0.00000000099999999994 0.99999999500000003039 
0.00000000099999999997 0.00000000099999999997 0.00000000099999999997 0.00000000099999999997 0.00000000099999999997 0.99999999499999991937 
0.00000000099999999977 0.00000000099999999977 0.99999999499999991937 0.00000000099999999977 0.00000000099999999977 0.00000000099999999977 
0.00000000099999999973 0.00000000099999999973 0.00000000099999999973 0.99999999499999991937 0.00000000099999999973 0.00000000099999999973 
0.00000000099999999999 0.07587498631001841909 0.00000000099999999999 0.03082560330024119305 0.00000000099999999999 0.89329940738974034087 
0.97702482817982061469 0.00000000099999999998 0.00000000099999999998 0.00000000099999999998 0.00000000099999999998 0.02297516782017943252 
0.83068404209838608843 0.00000000100000000000 0.00000000100000000000 0.00000013729052236221 0.14338256036894056478 0.02593325824215102562 
0.00000000099999999997 0.00000000099999999997 0.00000000099999999997 0.00000000099999999997 0.05930762723183933410 0.94069236876816075821 
0.97346974220073922979 0.00087342313734086060 0.00000000099999999999 0.00000000099999999999 0.00000793504546842723 0.02564889761645157071 
0.86390538218618473376 0.02795142714376749188 0.00000000099999999998 0.01364814973609440769 0.09449502881938186272 0.00000001111457153055 
0.95601961561702542003 0.03289257884147088473 0.00000000099999999999 0.01108780254150368988 0.00000000099999999999 0.00000000099999999999 
0.00000000099999999971 0.00000000099999999971 0.99999999499999991937 0.00000000099999999971 0.00000000099999999971 0.00000000099999999971 
0.00000000099999999973 0.00000000099999999973 0.99999999500000003039 0.00000000099999999973 0.00000000099999999973 0.00000000099999999973 
0.00000000099999999967 0.00000000099999999967 0.99999999500000003039 0.00000000099999999967 0.00000000099999999967 0.00000000099999999967 
0.00000000099999999968 0.00000000099999999968 0.99999999499999991937 0.00000000099999999968 0.00000000099999999968 0.00000000099999999968 
0.00000000099999999968 0.00000000099999999968 0.99999999499999991937 0.00000000099999999968 0.00000000099999999968 0.00000000099999999968 
0.00000000099999999997 0.00000000099999999997 0.00000000099999999997 0.00000000099999999997 0.00000000099999999997 0.99999999500000003039 
0.93719635191111494432 0.04731856808076782828 0.00000000100000000000 0.01548506459533173507 0.00000000100000000000 0.00000001341278574098 
0.00000000099999999969 0.00000000099999999969 0.99999999499999991937 0.00000000099999999969 0.00000000099999999969 0.00000000099999999969 
0.00000000099999999974 0.00000000099999999974 0.99999999500000003039 0.00000000099999999974 0.00000000099999999974 0.00000000099999999974 
0.00000000099999999972 0.00000000099999999972 0.00000000099999999972 0.99999999500000003039 0.00000000099999999972 0.00000000099999999972 
0.00000000099999999972 0.00000000099999999972 0.00000000099999999972 0.99999999499999991937 0.00000000099999999972 0.00000000099999999972 
0.80245415702092515176 0.00068099061064930220 0.00000000099999999998 0.00000000099999999998 0.19686484936842552074 0.00000000099999999998 
0.00000000099999999971 0.00000000099999999971 0.99999999499999991937 0.00000000099999999971 0.00000000099999999971 0.00000000099999999971 
0.84563180357370837381 0.00000000099999999999 0.00000000099999999999 0.00000000099999999999 0.13723291616037358587 0.01713527726591813904 
0.87302287250979893063 0.00485483054550631989 0.00000000099999999999 0.00000000099999999999 0.12212229394469485688 0.00000000099999999999 
0.00000000099999999997 0.00000000099999999997 0.00000000099999999997 0.00000000099999999997 0.07763561256539462663 0.92236438343460547262 
0.86306745997671185933 0.00000000099999999998 0.00000000099999999998 0.00000000099999999998 0.12679237781058916301 0.01014015921269903649 
0.00000000099999999993 0.00000000099999999993 0.00000000099999999993 0.00000000099999999993 0.00000000099999999993 0.99999999500000003039 
0.78968772467723680197 0.05057308175075816287 0.00000000099999999999 0.00000000099999999999 0.15552752760543789301 0.00421166396656733142 
0.00000000099999999994 0.00000000099999999994 0.00000000099999999994 0.00000000099999999994 0.00000000099999999994 0.99999999500000003039 
0.66054110847181823907 0.04988222684365958837 0.00000000099999999998 0.00000000099999999998 0.28957666168452211863 0.00000000099999999998 
0.73589355621184893153 0.04611537207896410084 0.00000000099999999999 0.00448804261710846700 0.21350302709207835683 0.00000000099999999999 
0.00000000099999999973 0.00000000099999999973 0.99999999500000003039 0.00000000099999999973 0.00000000099999999973 0.00000000099999999973 
0.00000000099999999995 0.00000000099999999995 0.00000000099999999995 0.00000000099999999995 0.00000000099999999995 0.99999999499999991937 
0.00000000099999999969 0.00000000099999999969 0.99999999500000003039 0.00000000099999999969 0.00000000099999999969 0.00000000099999999969 
0.00000000099999999969 0.00000000099999999969 0.99999999500000003039 0.00000000099999999969 0.00000000099999999969 0.00000000099999999969 
0.81390491815132126607 0.06475475660044636983 0.00000000099999999999 0.00000000099999999999 0.12134032224823228241 0.00000000099999999999 
0.80705365608980550451 0.00365957930975469806 0.00000000099999999998 0.00000000099999999998 0.16397172027442993847 0.02531504232601002047 
0.97375295283582607997 0.01278128792884732599 0.00000000099999999998 0.00000000099999999998 0.00000000099999999998 0.01346575623532673266 
0.93929114863885143638 0.05904149183295959863 0.00000000099999999999 0.00123128047800109071 0.00043607705018777488 0.00000000099999999999 
0.72534756503377495473 0.04658989958983061203 0.00000000099999999998 0.00000000099999999998 0.22806253237639442788 0.00000000099999999998 
0.85883433354054339315 0.02913917766655018532 0.00000000099999999999 0.00846829706312381483 0.08929183067965212883 0.01426636005013065880 
0.81247133054418174680 0.00000000099999999998 0.00000000099999999998 0.00000000099999999998 0.18752866545581822755 0.00000000099999999998 
0.00000000099999999996 0.00000000099999999996 0.00000000099999999996 0.00000000099999999996 0.04657808154867705552 0.95342191445132296046 
0.88516339302210089723 0.00625440849397647207 0.00000000099999999999 0.00000000099999999999 0.10858219548392274156 0.00000000099999999999 
0.00000000099999999968 0.00000000099999999968 0.99999999499999991937 0.00000000099999999968 0.00000000099999999968 0.00000000099999999968 
0.89580531330516122157 0.00000000099999999999 0.00000000099999999999 0.00135065866848722198 0.10170837606441957002 0.00113564996193217960 
0.00000000099999999990 0.00000000099999999990 0.99999999500000003039 0.00000000099999999990 0.00000000099999999990 0.00000000099999999990 
0.00000000099999999973 0.00000000099999999973 0.99999999499999991937 0.00000000099999999973 0.00000000099999999973 0.00000000099999999973 
0.75307968482505327490 0.01657896038430772129 0.00000000099999999998 0.00000000099999999998 0.22564640798502091923 0.00469494480561816370 
0.98611661115957705004 0.00000000099999999999 0.00000000099999999999 0.01388338484042315156 0.00000000099999999999 0.00000000099999999999 
0.97213336546407547178 0.00000000099999999999 0.00000000099999999999 0.00000000099999999999 0.00000000099999999999 0.02786663053592478012 
0.00000000099999999975 0.00000000099999999975 0.99999999500000003039 0.00000000099999999975 0.00000000099999999975 0.00000000099999999975 
0.00000000099999999995 0.00000000099999999995 0.00000000099999999995 0.00000000099999999995 0.00000000099999999995 0.99999999500000003039 
0.00000000099999999995 0.00000000099999999995 0.00000000099999999995 0.00000000099999999995 0.00000000099999999995 0.99999999500000003039 
0.00000000099999999973 0.00000000099999999973 0.99999999500000003039 0.00000000099999999973 0.00000000099999999973 0.00000000099999999973 
0.97016233362816839403 0.00009455606266355872 0.00000000099999999999 0.01195019601490627387 0.00000000099999999999 0.01779291229426182078 
0.80652409390907409126 0.01930396229871120944 0.00000000100000000000 0.01520074320848445112 0.11967599678012716402 0.03929520280360319917 
0.00000000099999999974 0.00000000099999999974 0.99999999500000003039 0.00000000099999999974 0.00000000099999999974 0.00000000099999999974 
0.73351819691147546187 0.06795743100122435265 0.00000000099999999998 0.00000000099999999998 0.19852436908730008991 0.00000000099999999998 
0.00000000099999999992 0.00000000099999999992 0.00000000099999999992 0.00000000099999999992 0.00000000099999999992 0.99999999500000003039 
0.00000000099999999983 0.00000000099999999983 0.00000000099999999983 0.00000000099999999983 0.99999999500000003039 0.00000000099999999983 
0.84294762713710624791 0.03261871504274487660 0.00373243928791978236 0.00000000100000000000 0.09541583752798955820 0.02528538000423959445 
0.93452567203660696915 0.00000000099999999999 0.00000000099999999999 0.02035141405360316874 0.00000000099999999999 0.04512291090978988450 
0.96500297172160998116 0.00000000103505362377 0.00000000099999999999 0.02560356494007749728 0.00000000099999999999 0.00939346030325906127 
0.92362298192333236457 0.06803654199413378123 0.00000000099999999998 0.00834047308253371179 0.00000000099999999998 0.00000000099999999998 
0.76612280968305490614 0.03285016555205826777 0.00000000099999999998 0.00000000099999999998 0.20102702176488668195 0.00000000099999999998 
0.77784019772582591035 0.03590821109806319189 0.00000000099999999999 0.00000000099999999999 0.18625158817611081608 0.00000000099999999999 
0.81840609105095030174 0.07414330623399929820 0.00000000099999999999 0.00605161941401555041 0.10139898130103487672 0.00000000099999999999 
0.00000000099999999978 0.00000000099999999978 0.00000000099999999978 0.00000000099999999978 0.99999999499999991937 0.00000000099999999978 
0.00000000099999999995 0.00000000099999999995 0.00000000099999999995 0.00000000099999999995 0.00000000099999999995 0.99999999500000003039 
0.79447720498929608191 0.00032719241365341710 0.00000000099999999998 0.00377913678923083324 0.18749144844171589108 0.01392501636610378110 
0.72502115882251583212 0.00000000099999999997 0.00000000099999999997 0.00000000099999999997 0.27497883717748416998 0.00000000099999999997 
0.82132654325095022507 0.02492450782265995951 0.00000000100000000000 0.00313538302171122813 0.10772508542028634559 0.04288847948439231117 
0.97927030768070477684 0.00000000099999999998 0.00000000099999999998 0.00000000099999999998 0.00000000099999999998 0.02072968831929527730 
0.94575959861790570571 0.00000000099999999999 0.00001576813953336791 0.00812098386040581086 0.00000000099999999999 0.04610364738215524255 
0.83609893320142913975 0.00000000099999999999 0.00000000099999999999 0.00000000099999999999 0.16390106279857100113 0.00000000099999999999 
0.78782451156369237566 0.04312479560581919391 0.00000000099999999999 0.00000000099999999999 0.16903890783305228207 0.00001178299743619890 
0.01493322425533720292 0.00000000099999999997 0.00000000099999999997 0.00000000099999999997 0.00000000099999999997 0.98506677174466272806 
0.00000000099999999978 0.00000000099999999978 0.00000000099999999978 0.00000000099999999978 0.99999999500000003039 0.00000000099999999978 
0.92683436924560358428 0.05821423579687967642 0.00000000099999999999 0.01086530251906460930 0.00006399432473946425 0.00402209711371260409 
0.93562924787061385601 0.03816478595529164408 0.01004944317762028472 0.00535807892800981532 0.00000000100000000000 0.01079844306846433795 
0.00000000099999999996 0.00000000099999999996 0.00000000099999999996 0.00000000099999999996 0.05556525967261171511 0.94443473632738828005 
0.94784601352684039188 0.00000000100000000000 0.02058880966605675100 0.00000000100000000000 0.00003430046576466542 0.03153087434133824279 
0.93111454373602331458 0.05153212155804488825 0.00000000100000000000 0.00678688443899964564 0.00000000100000000000 0.01056644826693213697 
0.35058260057921847297 0.02741314083536054019 0.00000000099999999999 0.00301384069395701842 0.15278145386787278515 0.46620896302359121632 
0.94687892918506832984 0.02802457157401846630 0.00000000099999999997 0.00000000099999999997 0.00000000099999999997 0.02509649624091316381 
0.00000000099999999974 0.00000000099999999974 0.99999999499999991937 0.00000000099999999974 0.00000000099999999974 0.00000000099999999974 
0.79494838183907123863 0.00445555192890474076 0.00000000099999999999 0.01485006649960896041 0.17003800448257250233 0.01570799424984269457 
0.81011036529228375169 0.02700038178014450493 0.00000000099999999999 0.00189701261638378646 0.13860805561353400917 0.02238418369765387411 
