0.00000000099999999999 0.06203637358286412384 0.42319888210312733845 0.33834071061096970823 0.00000000099999999999 0.00001176259407956645 0.02516107717967065033 0.14056643939234900187 0.00000000099999999999 0.01068475153693973327 
0.00000000099999999992 0.00000000099999999992 0.00000000099999999992 0.00000000099999999992 0.00000000099999999992 0.55818006857672031185 0.00000000099999999992 0.00000000099999999992 0.44181992342327980339 0.00000000099999999992 
0.00000000099999999986 0.00000000099999999986 0.00000000099999999986 0.00000000099999999986 0.00000000099999999986 0.99999999100000003249 0.00000000099999999986 0.00000000099999999986 0.00000000099999999986 0.00000000099999999986 
0.00000000099999999999 0.32632217106455579936 0.26225835751302600807 0.32811120416712552528 0.00235230444278379351 0.03585540739773876440 0.00000000099999999999 0.04510009261831099403 0.00000045979645906016 0.00000000099999999999 
0.00000000099999999999 0.26162877650162325027 0.32859619198969991505 0.16809322122825715029 0.00792558127320646191 0.00000000099999999999 0.00000000099999999999 0.21948092085934273188 0.00000000099999999999 0.01427530414787050138 
0.00000000099999999999 0.18283322889762851360 0.38243687018335909000 0.19573993417226528968 0.00000000099999999999 0.00000000099999999999 0.00000000099999999999 0.20141409527017503645 0.02514942966971060040 0.01242643780686163331 
0.00000000099999999991 0.00000000099999999991 0.00000000099999999991 0.00000000099999999991 0.00000000099999999991 0.44052392892578073891 0.00000000099999999991 0.00000000099999999991 0.50242604464014295473 0.05705001943407622678 
0.00000000099999999982 0.00000000099999999982 0.00000000099999999982 0.00000000099999999982 0.00000000099999999982 0.00000000099999999982 0.00000000099999999982 0.00000000099999999982 0.99999999099999992147 0.00000000099999999982 
0.00000000099999999997 0.45552333233517766642 0.52635301493617736579 0.00000000099999999997 0.01775048217607185300 0.00037316455257310147 0.00000000099999999997 0.00000000099999999997 0.00000000099999999997 0.00000000099999999997 
0.00000000099999999993 0.00000000099999999993 0.00000000099999999993 0.00000000099999999993 0.00000000099999999993 0.36343656689044306907 0.00000000099999999993 0.00000000099999999993 0.63656342510955665759 0.00000000099999999993 
0.00000000099999999994 0.00000000099999999994 0.00000000099999999994 0.99999999100000014352 0.00000000099999999994 0.00000000099999999994 0.00000000099999999994 0.00000000099999999994 0.00000000099999999994 0.00000000099999999994 
0.00000000099999999997 0.23231243682487545676 0.30702835202728318009 0.35552695577155357665 0.00000000099999999997 0.02090430407079894512 0.00758101177310115375 0.07664693553238771662 0.00000000099999999997 0.00000000099999999997 
0.00000000099999999994 0.00000000099999999994 0.00000000099999999994 0.99999999100000003249 0.00000000099999999994 0.00000000099999999994 0.00000000099999999994 0.00000000099999999994 0.00000000099999999994 0.00000000099999999994 
0.00000000099999999999 0.17438542480901636500 0.21853407473342564837 0.45594028677290432405 0.00000000099999999999 0.00000000099999999999 0.01262579389054402021 0.11761134934042750955 0.00000013487487306407 0.02090293257880925654 
0.00000000099999999998 0.00000000099999999998 0.56814410058668107784 0.41407109653491447343 0.01778479587840443160 0.00000000099999999998 0.00000000099999999998 0.00000000099999999998 0.00000000099999999998 0.00000000099999999998 
0.00000000099999999999 0.14156809191933147907 0.28552921063787101152 0.22966871490747367557 0.02529394275095652594 0.01794265770553739314 0.00000000099999999999 0.25056832829638081561 0.03158906439817518730 0.01783998738427399269 
0.00000000099999999990 0.99999999100000014352 0.00000000099999999990 0.00000000099999999990 0.00000000099999999990 0.00000000099999999990 0.00000000099999999990 0.00000000099999999990 0.00000000099999999990 0.00000000099999999990 
0.00000000099999999998 0.45537986329073337766 0.52687154365998556393 0.00000000099999999998 0.00000000099999999998 0.00000000099999999998 0.00000000099999999998 0.00000000099999999998 0.00000000099999999998 0.01774858604928119046 
0.00000000099999999995 0.00000000099999999995 0.99999999100000003249 0.00000000099999999995 0.00000000099999999995 0.00000000099999999995 0.00000000099999999995 0.00000000099999999995 0.00000000099999999995 0.00000000099999999995 
0.00000000099999999998 0.27501231541095483291 0.39599297954256829080 0.14558569710832280908 0.00338389699515445315 0.00000000099999999998 0.00000000099999999998 0.16860326882860965370 0.00000000099999999998 0.01142183811438991434 
0.00000000099999999993 0.00000000099999999993 0.00000000099999999993 0.99999999100000003249 0.00000000099999999993 0.00000000099999999993 0.00000000099999999993 0.00000000099999999993 0.00000000099999999993 0.00000000099999999993 
0.00000000099999999995 0.00000000099999999995 0.00000000099999999995 0.00000000099999999995 0.00000000099999999995 0.63064789088012773721 0.00000000099999999995 0.00000000099999999995 0.34468404563788995754 0.02466805648198235751 
0.00000000099999999997 0.39349110897673883480 0.00000000099999999997 0.58808747430687124957 0.00000000099999999997 0.00000000099999999997 0.00000000099999999997 0.00000000099999999997 0.01842140971638994013 0.00000000099999999997 
0.00000000099999999971 0.00000000099999999971 0.00000000099999999971 0.00000000099999999971 0.00000000099999999971 0.00000000099999999971 0.00000000099999999971 0.99999999100000003249 0.00000000099999999971 0.00000000099999999971 
0.00000000099999999992 0.99999999100000014352 0.00000000099999999992 0.00000000099999999992 0.00000000099999999992 0.00000000099999999992 0.00000000099999999992 0.00000000099999999992 0.00000000099999999992 0.00000000099999999992 
0.00000000099999999991 0.99999999100000025454 0.00000000099999999991 0.00000000099999999991 0.00000000099999999991 0.00000000099999999991 0.00000000099999999991 0.00000000099999999991 0.00000000099999999991 0.00000000099999999991 
0.00000000099999999951 0.00000000099999999951 0.00000000099999999951 0.00000000099999999951 0.00000000099999999951 0.00000000099999999951 0.99999999100000003249 0.00000000099999999951 0.00000000099999999951 0.00000000099999999951 
0.00000000099999999947 0.00000000099999999947 0.00000000099999999947 0.00000000099999999947 0.99999999100000003249 0.00000000099999999947 0.00000000099999999947 0.00000000099999999947 0.00000000099999999947 0.00000000099999999947 
0.00000000099999999998 0.38068525291294064150 0.20191524174162725491 0.39448936427128311610 0.00000000099999999998 0.00000000099999999998 0.00547690415040205485 0.00000000099999999998 0.00000000099999999998 0.01743323192374693700 
0.00000000099999999997 0.47126154990228796837 0.00000000099999999997 0.34402291942526408430 0.00346791976646646655 0.00000000099999999997 0.00000000099999999997 0.18124760490598157414 0.00000000099999999997 0.00000000099999999997 
0.00000000099999999995 0.67987526619936100580 0.00000000099999999995 0.00000000099999999995 0.00000000099999999995 0.00000000099999999995 0.00000000099999999995 0.29394588496597362504 0.00000000099999999995 0.02617884183466560530 
0.00000000099999999988 0.00000000099999999988 0.00000000099999999988 0.00000000099999999988 0.00000000099999999988 0.99999999100000003249 0.00000000099999999988 0.00000000099999999988 0.00000000099999999988 0.00000000099999999988 
0.00000000099999999984 0.00000000099999999984 0.00000000099999999984 0.00000000099999999984 0.35917175105338716712 0.16860918044989994802 0.00000000099999999984 0.47221906149671299957 0.00000000099999999984 0.00000000099999999984 
0.00000000099999999988 0.99999999100000025454 0.00000000099999999988 0.00000000099999999988 0.00000000099999999988 0.00000000099999999988 0.00000000099999999988 0.00000000099999999988 0.00000000099999999988 0.00000000099999999988 
0.99999999100000025454 0.00000000099999999955 0.00000000099999999955 0.00000000099999999955 0.00000000099999999955 0.00000000099999999955 0.00000000099999999955 0.00000000099999999955 0.00000000099999999955 0.00000000099999999955 
0.99999999100000025454 0.00000000099999999945 0.00000000099999999945 0.00000000099999999945 0.00000000099999999945 0.00000000099999999945 0.00000000099999999945 0.00000000099999999945 0.00000000099999999945 0.00000000099999999945 
0.99999999100000025454 0.00000000099999999945 0.00000000099999999945 0.00000000099999999945 0.00000000099999999945 0.00000000099999999945 0.00000000099999999945 0.00000000099999999945 0.00000000099999999945 0.00000000099999999945 
0.00000000099999999951 0.00000000099999999951 0.00000000099999999951 0.00000000099999999951 0.00000000099999999951 0.00000000099999999951 0.99999999100000003249 0.00000000099999999951 0.00000000099999999951 0.00000000099999999951 
0.00000000099999999950 0.00000000099999999950 0.00000000099999999950 0.00000000099999999950 0.99999999100000003249 0.00000000099999999950 0.00000000099999999950 0.00000000099999999950 0.00000000099999999950 0.00000000099999999950 
0.00000000099999999996 0.00000000099999999996 0.39920345226380737902 0.59995756009557210664 0.00000000099999999996 0.00000000099999999996 0.00000000099999999996 0.00000000099999999996 0.00000000099999999996 0.00083898064062062937 
0.00000000099999999987 0.00000000099999999987 0.00000000099999999987 0.00000000099999999987 0.00000000099999999987 0.00000000099999999987 0.00000000099999999987 0.00000000099999999987 0.99999999099999992147 0.00000000099999999987 
0.00000000099999999950 0.00000000099999999950 0.00000000099999999950 0.00000000099999999950 0.00000000099999999950 0.00000000099999999950 0.99999999100000003249 0.00000000099999999950 0.00000000099999999950 0.00000000099999999950 
0.00000000099999999998 0.42913165065053643366 0.55204548386529728177 0.00000000099999999998 0.00332656486974226319 0.01543392541039602210 0.00000000099999999998 0.00000000099999999998 0.00006237020402794906 0.00000000099999999998 
0.00000000099999999984 0.00000000099999999984 0.00000000099999999984 0.00000000099999999984 0.00000000099999999984 0.99999999100000014352 0.00000000099999999984 0.00000000099999999984 0.00000000099999999984 0.00000000099999999984 
0.00000000099999999953 0.00000000099999999953 0.00000000099999999953 0.00000000099999999953 0.00000000099999999953 0.00000000099999999953 0.99999999100000003249 0.00000000099999999953 0.00000000099999999953 0.00000000099999999953 
0.00000000099999999998 0.45316549306502279526 0.33356411232469629358 0.00000000099999999998 0.00000000099999999998 0.00000000099999999998 0.00795621286263977975 0.20526551600264739128 0.00004866074499384427 0.00000000099999999998 
0.00000000099999999962 0.00000000099999999962 0.00000000099999999962 0.00000000099999999962 0.32132101032089122050 0.00000000099999999962 0.67867898167910878371 0.00000000099999999962 0.00000000099999999962 0.00000000099999999962 
0.00000000099999999985 0.00000000099999999985 0.00000000099999999985 0.00000000099999999985 0.00000000099999999985 0.99999999100000003249 0.00000000099999999985 0.00000000099999999985 0.00000000099999999985 0.00000000099999999985 
0.00000000099999999990 0.00000000099999999990 0.00000000099999999990 0.00000000099999999990 0.00000000099999999990 0.36311338831349954104 0.00000000099999999990 0.00000000099999999990 0.63688660368650040766 0.00000000099999999990 
0.00000000099999999944 0.00000000099999999944 0.00000000099999999944 0.00000000099999999944 0.00000000099999999944 0.00000000099999999944 0.99999999100000003249 0.00000000099999999944 0.00000000099999999944 0.00000000099999999944 
0.00000000099999999951 0.00000000099999999951 0.00000000099999999951 0.00000000099999999951 0.99999999100000003249 0.00000000099999999951 0.00000000099999999951 0.00000000099999999951 0.00000000099999999951 0.00000000099999999951 
0.00000000099999999994 0.00000000099999999994 0.00000000099999999994 0.00000000099999999994 0.00000000099999999994 0.56085872787932256056 0.00000000099999999994 0.00000000099999999994 0.43914126412067761018 0.00000000099999999994 
0.00000000099999999983 0.00000000099999999983 0.00000000099999999983 0.00000000099999999983 0.00000000099999999983 0.99999999100000003249 0.00000000099999999983 0.00000000099999999983 0.00000000099999999983 0.00000000099999999983 
0.00000000099999999994 0.00000000099999999994 0.00000000099999999994 0.00000000099999999994 0.00000000099999999994 0.33124053472602332793 0.00000000099999999994 0.00000000099999999994 0.66875945727397667628 0.00000000099999999994 
0.00000000099999999954 0.00000000099999999954 0.00000000099999999954 0.00000000099999999954 0.00000000099999999954 0.00000000099999999954 0.99999999099999992147 0.00000000099999999954 0.00000000099999999954 0.00000000099999999954 
0.00000000099999999998 0.00000000099999999998 0.28618966208236357174 0.47054242916353389292 0.00000000099999999998 0.04619032217712615990 0.01337335215962138016 0.18370422941735498057 0.00000000099999999998 0.00000000099999999998 
0.00000000099999999998 0.33082755089392951175 0.45382812083546364423 0.18559519638893562377 0.00000000099999999998 0.00410821317701237382 0.02564091370465889502 0.00000000099999999998 0.00000000099999999998 0.00000000099999999998 
0.00000000099999999990 0.00000000099999999990 0.99999999100000014352 0.00000000099999999990 0.00000000099999999990 0.00000000099999999990 0.00000000099999999990 0.00000000099999999990 0.00000000099999999990 0.00000000099999999990 
0.00000000099999999996 0.00000000099999999996 0.00000000099999999996 0.76515899292884537175 0.00000000099999999996 0.00000000099999999996 0.00000000099999999996 0.23484099907115471573 0.00000000099999999996 0.00000000099999999996 
0.00000000099999999983 0.00000000099999999983 0.00000000099999999983 0.00000000099999999983 0.00000000099999999983 0.99999999100000003249 0.00000000099999999983 0.00000000099999999983 0.00000000099999999983 0.00000000099999999983 
0.00000000099999999998 0.73326307769680798554 0.00000000099999999998 0.26666240974445182266 0.00000000099999999998 0.00000000099999999998 0.00000000099999999998 0.00000001512077772412 0.00000000099999999998 0.00007449143796263175 
0.99999999100000025454 0.00000000099999999952 0.00000000099999999952 0.00000000099999999952 0.00000000099999999952 0.00000000099999999952 0.00000000099999999952 0.00000000099999999952 0.00000000099999999952 0.00000000099999999952 
0.00000000099999999980 0.00000000099999999980 0.00000000099999999980 0.00000000099999999980 0.00000000099999999980 0.00000000099999999980 0.00000000099999999980 0.99999999099999992147 0.00000000099999999980 0.00000000099999999980 
0.99999999100000014352 0.00000000099999999954 0.00000000099999999954 0.00000000099999999954 0.00000000099999999954 0.00000000099999999954 0.00000000099999999954 0.00000000099999999954 0.00000000099999999954 0.00000000099999999954 
0.00000000099999999997 0.44045178999414230647 0.00000000099999999997 0.38544257168396606206 0.00000000099999999997 0.00000000099999999997 0.00000000099999999997 0.10496507575605877605 0.02243685432688103179 0.04670370323895198239 
0.99999999100000025454 0.00000000099999999954 0.00000000099999999954 0.00000000099999999954 0.00000000099999999954 0.00000000099999999954 0.00000000099999999954 0.00000000099999999954 0.00000000099999999954 0.00000000099999999954 
0.00000000099999999997 0.28660995755873075463 0.39310390580372656100 0.22155298606761406055 0.00000000099999999997 0.00000000099999999997 0.00000000099999999997 0.04184052020731745397 0.00000000099999999997 0.05689262536261120717 
0.00000000099999999999 0.33902145633099683986 0.22739207642766795514 0.29928216128542889374 0.00745825843594745148 0.01355781877652329458 0.00000000099999999999 0.11328822474343562543 0.00000000099999999999 0.00000000099999999999 
0.00000000099999999982 0.00000000099999999982 0.00000000099999999982 0.00000000099999999982 0.00000000099999999982 0.00000000099999999982 0.00000000099999999982 0.00000000099999999982 0.99999999100000003249 0.00000000099999999982 
0.00000000099999999995 0.00002046444989399353 0.39068975229739211219 0.35247570276746009732 0.00000000099999999995 0.00000000099999999995 0.00000000099999999995 0.23383033751937534750 0.00000000099999999995 0.02298373796587857565 
0.99999999100000025454 0.00000000099999999955 0.00000000099999999955 0.00000000099999999955 0.00000000099999999955 0.00000000099999999955 0.00000000099999999955 0.00000000099999999955 0.00000000099999999955 0.00000000099999999955 
0.99999999100000025454 0.00000000099999999958 0.00000000099999999958 0.00000000099999999958 0.00000000099999999958 0.00000000099999999958 0.00000000099999999958 0.00000000099999999958 0.00000000099999999958 0.00000000099999999958 
0.00000000099999999998 0.23304600452806040201 0.25464447331142531228 0.41159316766621822925 0.00000000099999999998 0.00000000099999999998 0.01577035557339451916 0.00018991758319279747 0.08475607733770870733 0.00000000099999999998 
0.00000000099999999984 0.00000000099999999984 0.00000000099999999984 0.00000000099999999984 0.00000000099999999984 0.00000000099999999984 0.00000000099999999984 0.00000000099999999984 0.99999999100000003249 0.00000000099999999984 
0.00000000099999999957 0.00000000099999999957 0.00000000099999999957 0.00000000099999999957 0.99999999100000014352 0.00000000099999999957 0.00000000099999999957 0.00000000099999999957 0.00000000099999999957 0.00000000099999999957 
0.00000000099999999983 0.00000000099999999983 0.00000000099999999983 0.00000000099999999983 0.00000000099999999983 0.00000000099999999983 0.00000000099999999983 0.00000000099999999983 0.99999999100000003249 0.00000000099999999983 
0.00000000099999999998 0.00000000843512954378 0.50539813186869220196 0.34962576057740490931 0.00000000099999999998 0.01773813829685139468 0.00000000099999999998 0.08589918722686885888 0.00010503197477817039 0.04123373862027492065 
0.99999999100000014352 0.00000000099999999950 0.00000000099999999950 0.00000000099999999950 0.00000000099999999950 0.00000000099999999950 0.00000000099999999950 0.00000000099999999950 0.00000000099999999950 0.00000000099999999950 
0.00000000099999999940 0.00000000099999999940 0.00000000099999999940 0.00000000099999999940 0.00000000099999999940 0.00000000099999999940 0.99999999100000003249 0.00000000099999999940 0.00000000099999999940 0.00000000099999999940 
0.99999999100000014352 0.00000000099999999960 0.00000000099999999960 0.00000000099999999960 0.00000000099999999960 0.00000000099999999960 0.00000000099999999960 0.00000000099999999960 0.00000000099999999960 0.00000000099999999960 
0.00000000099999999997 0.00000000099999999997 0.00000000099999999997 0.80579713388279861075 0.00000000099999999997 0.00000000099999999997 0.00000000099999999997 0.19420285811720150448 0.00000000099999999997 0.00000000099999999997 
0.00000000099999999979 0.00000000099999999979 0.00000000099999999979 0.00000000099999999979 0.00000000099999999979 0.99999999100000014352 0.00000000099999999979 0.00000000099999999979 0.00000000099999999979 0.00000000099999999979 
0.00000000099999999982 0.00000000099999999982 0.00000000099999999982 0.00000000099999999982 0.00000000099999999982 0.99999999100000003249 0.00000000099999999982 0.00000000099999999982 0.00000000099999999982 0.00000000099999999982 
0.00000000099999999996 0.41210329050034155696 0.00000000099999999996 0.00000000099999999996 0.00000000099999999996 0.00000000099999999996 0.00000000099999999996 0.35838003191841488748 0.22951667058124325393 0.00000000099999999996 
0.00000000099999999999 0.22387044539217454409 0.07018920775409977220 0.54974518733050636854 0.00000000099999999999 0.00000000099999999999 0.02313372646400991064 0.11584159961668716310 0.01721982944252210476 0.00000000099999999999 
0.00000000099999999997 0.43395257383996238554 0.29078152328867667986 0.25766250871244245069 0.00000000099999999997 0.00000000099999999997 0.00000000099999999997 0.00000000099999999997 0.00000009886588850638 0.01760329029302994466 
0.00000000099999999997 0.41965301170412017129 0.00001177377748493129 0.27343583292665396556 0.00000000099999999997 0.00859893271803933296 0.00000000099999999997 0.27359582844004315394 0.00135759820703802584 0.02334701922662040657 
0.00000000099999999999 0.33620938546650686041 0.26040138352272756972 0.23768236683738902526 0.00000000099999999999 0.00000000099999999999 0.00007796775323815838 0.16562889142013842436 0.00000000099999999999 0.00000000099999999999 
0.00000000099999999995 0.33357516276780557751 0.00000000099999999995 0.51377947957986125349 0.00000000099999999995 0.00000000099999999995 0.00000000099999999995 0.15264535065233322819 0.00000000099999999995 0.00000000099999999995 
0.00000000099999999997 0.35282385577421049305 0.46376980692598823719 0.00000000099999999997 0.00000000099999999997 0.00000000099999999997 0.00000000099999999997 0.18339972823869171714 0.00000660306110952856 0.00000000099999999997 
0.00000000099999999997 0.00000370700461369103 0.00000000099999999997 0.79215002631017483736 0.00000000099999999997 0.00000000099999999997 0.00000000099999999997 0.20784625968521153183 0.00000000099999999997 0.00000000099999999997 
0.00000000099999999997 0.41862763550828629988 0.00155891371723260890 0.53990482487497648556 0.00000000099999999997 0.00000000099999999997 0.00000000099999999997 0.00075338927791350095 0.03915523162159110365 0.00000000099999999997 
0.00000000099999999983 0.00000000099999999983 0.00000000099999999983 0.00000000099999999983 0.00000000099999999983 0.99999999100000003249 0.00000000099999999983 0.00000000099999999983 0.00000000099999999983 0.00000000099999999983 
0.00000000099999999994 0.00000000099999999994 0.01170648515163428584 0.00000000099999999994 0.00000000099999999994 0.67687077541693896343 0.00000000099999999994 0.00000000099999999994 0.31142273243142670758 0.00000000099999999994 
0.99999999100000014352 0.00000000099999999973 0.00000000099999999973 0.00000000099999999973 0.00000000099999999973 0.00000000099999999973 0.00000000099999999973 0.00000000099999999973 0.00000000099999999973 0.00000000099999999973 
0.00000000099999999996 0.00000000099999999996 0.00000000099999999996 0.00000000099999999996 0.00000000099999999996 0.43585977995927394080 0.00000000099999999996 0.00000000099999999996 0.56414021204072595239 0.00000000099999999996 
0.00000000099999999996 0.00000000099999999996 0.00000003240024211229 0.00000000099999999996 0.00000000099999999996 0.55134141772919598168 0.00000000099999999996 0.00000000099999999996 0.44865854287056189387 0.00000000099999999996 
0.00000000099999999995 0.00000000099999999995 0.00000000099999999995 0.99999999100000014352 0.00000000099999999995 0.00000000099999999995 0.00000000099999999995 0.00000000099999999995 0.00000000099999999995 0.00000000099999999995 
0.99999999100000025454 0.00000000099999999944 0.00000000099999999944 0.00000000099999999944 0.00000000099999999944 0.00000000099999999944 0.00000000099999999944 0.00000000099999999944 0.00000000099999999944 0.00000000099999999944 
0.00000000099999999997 0.00000000099999999997 0.41727299202666046085 0.58272699997333976540 0.00000000099999999997 0.00000000099999999997 0.00000000099999999997 0.00000000099999999997 0.00000000099999999997 0.00000000099999999997 
0.00000000099999999999 0.15736395039275591357 0.46181790591924343214 0.30537281301136226519 0.00000000099999999999 0.00000000099999999999 0.00451173072496768683 0.04711913289958288148 0.01125410994630410277 0.01256035410578392950 
0.00000000100000000000 0.35969913597810465600 0.14746558027979228545 0.27128345736959219581 0.00867650397295884057 0.00035931790687855598 0.00000000100000000000 0.21249127986266730383 0.00000000100000000000 0.00002472163000630137 
0.00000000099999999999 0.25339240556406078531 0.32618793750800656461 0.36482441235221679809 0.00000000099999999999 0.00000000099999999999 0.00344132546258726219 0.01317658563449621706 0.01797741952761466519 0.02099991095101764668 
0.00000000099999999988 0.00000000099999999988 0.99999999100000014352 0.00000000099999999988 0.00000000099999999988 0.00000000099999999988 0.00000000099999999988 0.00000000099999999988 0.00000000099999999988 0.00000000099999999988 
0.00000000099999999997 0.57703151095819182892 0.00000000099999999997 0.38082772493258670865 0.00000000099999999997 0.04214075635234386386 0.00000000099999999997 0.00000000175687760502 0.00000000099999999997 0.00000000099999999997 
0.00000000099999999999 0.13094317335097238608 0.34935257058398905272 0.36087020807845521242 0.00470474348246006664 0.00140024311989897510 0.00000000099999999999 0.15272905738422437594 0.00000000099999999999 0.00000000099999999999 
0.00000000099999999992 0.99999999100000025454 0.00000000099999999992 0.00000000099999999992 0.00000000099999999992 0.00000000099999999992 0.00000000099999999992 0.00000000099999999992 0.00000000099999999992 0.00000000099999999992 
0.00000000099999999999 0.31685625795272204241 0.28421187354405957892 0.16077463812785505737 0.00000000099999999999 0.01116513339229010214 0.03204954532379127724 0.19211246836592199561 0.00001934065525219688 0.00281074063810779658 
0.00000000099999999999 0.35642291172545231825 0.38820178146432254840 0.18387305821377727955 0.01047649602935537411 0.00000000099999999999 0.00000000099999999999 0.04969102054757066483 0.01085189537894089111 0.00048283364058086413 
0.00000000099999999988 0.00000000099999999988 0.99999999100000014352 0.00000000099999999988 0.00000000099999999988 0.00000000099999999988 0.00000000099999999988 0.00000000099999999988 0.00000000099999999988 0.00000000099999999988 
0.00000000100000000000 0.28597662174463933660 0.11547163032180664255 0.40579066506761257704 0.00000000100000000000 0.00002799412955390793 0.02131652452024653324 0.13991254127973909438 0.01612223763081271910 0.01538178330558933118 
0.00000000099999999998 0.00000000099999999998 0.52032519326705350959 0.29746784694434497132 0.00000000099999999998 0.00000000099999999998 0.00495074713665556720 0.16562234882823848037 0.00000000099999999998 0.01163385882370734752 
0.00000000099999999999 0.32784951917669474808 0.00000000099999999999 0.49879059792959984376 0.00000000099999999999 0.00000000099999999999 0.00000000099999999999 0.15836255696548118266 0.00258576692676132803 0.01241155400146280209 
0.00000000099999999998 0.31833349766617496934 0.18713418326722225382 0.31593267586643203337 0.00000000099999999998 0.00000000099999999998 0.00000000099999999998 0.17859963720017082989 0.00000000099999999998 0.00000000099999999998 
0.00000000099999999997 0.28080319895710903477 0.16212674261164677914 0.42925719463771050410 0.00000000099999999997 0.02985204187214711424 0.00000000099999999997 0.09796081692138669528 0.00000000099999999997 0.00000000099999999997 
0.00000000099999999999 0.44769197867980742300 0.30454169966710731288 0.00004517855408543428 0.00000000099999999999 0.00000000099999999999 0.00000000099999999999 0.23306186450155413903 0.00000009637849582225 0.01465917821895000583 
0.00000000099999999997 0.00000000099999999997 0.00094541134857301611 0.63265071016705387574 0.00000000099999999997 0.03077745719905001717 0.00000000099999999997 0.33562641528532316526 0.00000000099999999997 0.00000000099999999997 
0.00000000099999999998 0.39315953870939995829 0.12623828310296011934 0.42908178536863939012 0.00000000099999999998 0.00000000099999999998 0.00000000099999999998 0.04079113845115255044 0.00000000099999999998 0.01072924936784801393 
0.00000000099999999991 0.99999999100000014352 0.00000000099999999991 0.00000000099999999991 0.00000000099999999991 0.00000000099999999991 0.00000000099999999991 0.00000000099999999991 0.00000000099999999991 0.00000000099999999991 
0.06853917693589195448 0.35299683556810029783 0.00000000100000000000 0.37502508565918951655 0.00428252231017657321 0.01736703119415258095 0.00000000100000000000 0.18178934433248905567 0.00000000100000000000 0.00000000100000000000 
0.00000000099999999997 0.19160600727619048200 0.25638991825072793285 0.29901019045461163515 0.00000000099999999997 0.00000000099999999997 0.00000000099999999997 0.23993024355361164401 0.00000000099999999997 0.01306363546485825138 
0.00000000099999999995 0.00000000099999999995 0.59356483556119976619 0.00000000099999999995 0.00000000099999999995 0.00000000099999999995 0.00000000099999999995 0.37261493231120090819 0.00000000099999999995 0.03382022512759939176 
0.00000000099999999996 0.30465286341573571960 0.15304859050052385672 0.42523251946683909841 0.00000000099999999996 0.00000000099999999996 0.00000000099999999996 0.07203005473663180724 0.00832751171192789783 0.03670845616834184783 
0.00000000099999999998 0.27987353947604809434 0.00000000099999999998 0.57433437763467332093 0.00000000099999999998 0.00000000099999999998 0.01438872923563050757 0.12311570446728646588 0.00000000099999999998 0.00828764418636170237 
0.00000000099999999991 0.99999999100000014352 0.00000000099999999991 0.00000000099999999991 0.00000000099999999991 0.00000000099999999991 0.00000000099999999991 0.00000000099999999991 0.00000000099999999991 0.00000000099999999991 
0.00000000099999999998 0.00000000099999999998 0.00000000099999999998 0.74308269774139934505 0.00000000099999999998 0.00000000099999999998 0.00000000099999999998 0.25691729425860071467 0.00000000099999999998 0.00000000099999999998 
0.00000000099999999998 0.35159613307010711969 0.27991409760486019032 0.27695695781798496116 0.00841507440928901396 0.00000000099999999998 0.00000000099999999998 0.05433000077951666285 0.01479426383154454523 0.01399346948669745287 
0.00000000099999999996 0.55855084021376399939 0.24968968882144193522 0.00928362834768213692 0.00000000099999999996 0.00000000099999999996 0.00000000099999999996 0.15022023489593452905 0.00000000099999999996 0.03225560272117736910 
0.00000000099999999995 0.51182877988963360050 0.00000000099999999995 0.47848557478447878433 0.00000000099999999995 0.00001239770459111500 0.00000000099999999995 0.00000000099999999995 0.00967324162129656363 0.00000000099999999995 
0.00000000099999999985 0.00000000099999999985 0.00000000099999999985 0.00000000099999999985 0.00000000099999999985 0.00000000099999999985 0.00000000099999999985 0.00000000099999999985 0.99999999099999992147 0.00000000099999999985 
0.00000000099999999988 0.00000000099999999988 0.00000000099999999988 0.00000000099999999988 0.00000000099999999988 0.00000000099999999988 0.00000000099999999988 0.00000000099999999988 0.99999999100000003249 0.00000000099999999988 
0.99999999100000014352 0.00000000099999999963 0.00000000099999999963 0.00000000099999999963 0.00000000099999999963 0.00000000099999999963 0.00000000099999999963 0.00000000099999999963 0.00000000099999999963 0.00000000099999999963 
0.00000000099999999946 0.00000000099999999946 0.00000000099999999946 0.00000000099999999946 0.99999999100000014352 0.00000000099999999946 0.00000000099999999946 0.00000000099999999946 0.00000000099999999946 0.00000000099999999946 
0.00000000099999999998 0.00000000099999999998 0.00000000099999999998 0.00000000099999999998 0.00000000099999999998 0.48034684563639268307 0.04259344934455513987 0.06284161625628389980 0.40398925574592547960 0.01022882801684271530 
0.00000000099999999994 0.00000000099999999994 0.71869637313397394252 0.00000000099999999994 0.00000000099999999994 0.00000000099999999994 0.00000000099999999994 0.28130361886602600618 0.00000000099999999994 0.00000000099999999994 
0.00000000099999999991 0.99999999100000025454 0.00000000099999999991 0.00000000099999999991 0.00000000099999999991 0.00000000099999999991 0.00000000099999999991 0.00000000099999999991 0.00000000099999999991 0.00000000099999999991 
0.00000000099999999990 0.00000000099999999990 0.00000000099999999990 0.00000000099999999990 0.00000000099999999990 0.38779704663577674317 0.00000000099999999990 0.00000000099999999990 0.52848382345182087771 0.08371912291240221626 
0.00000000099999999997 0.00000000099999999997 0.26224293455805025577 0.58103427492653392239 0.00000000099999999997 0.00580327256534127200 0.00000000099999999997 0.15091951162348946069 0.00000000132658501915 0.00000000099999999997 
0.00000000099999999998 0.31042668402903506042 0.22526976282588062617 0.40467089011643619934 0.00000000099999999998 0.00218986180490212453 0.01139725755377747271 0.03366887965228516216 0.00000000099999999998 0.01237666101768346121 
0.00000000099999999997 0.37406944963906535451 0.00000000099999999997 0.39986259513723626524 0.00000000099999999997 0.00000000099999999997 0.00000000099999999997 0.19602288677588788901 0.00000000099999999997 0.03004506244781055685 
0.99999999100000014352 0.00000000099999999950 0.00000000099999999950 0.00000000099999999950 0.00000000099999999950 0.00000000099999999950 0.00000000099999999950 0.00000000099999999950 0.00000000099999999950 0.00000000099999999950 
0.99999999100000014352 0.00000000099999999954 0.00000000099999999954 0.00000000099999999954 0.00000000099999999954 0.00000000099999999954 0.00000000099999999954 0.00000000099999999954 0.00000000099999999954 0.00000000099999999954 
0.99999999100000025454 0.00000000099999999945 0.00000000099999999945 0.00000000099999999945 0.00000000099999999945 0.00000000099999999945 0.00000000099999999945 0.00000000099999999945 0.00000000099999999945 0.00000000099999999945 
0.99999999100000014352 0.00000000099999999946 0.00000000099999999946 0.00000000099999999946 0.00000000099999999946 0.00000000099999999946 0.00000000099999999946 0.00000000099999999946 0.00000000099999999946 0.00000000099999999946 
0.99999999100000025454 0.00000000099999999947 0.00000000099999999947 0.00000000099999999947 0.00000000099999999947 0.00000000099999999947 0.00000000099999999947 0.00000000099999999947 0.00000000099999999947 0.00000000099999999947 
0.00000000099999999986 0.00000000099999999986 0.00000000099999999986 0.00000000099999999986 0.00000000099999999986 0.99999999100000014352 0.00000000099999999986 0.00000000099999999986 0.00000000099999999986 0.00000000099999999986 
0.00000000099999999984 0.00000000099999999984 0.00000000099999999984 0.00000000099999999984 0.00000000099999999984 0.00000000099999999984 0.00000000099999999984 0.99999999100000003249 0.00000000099999999984 0.00000000099999999984 
0.99999999100000014352 0.00000000099999999947 0.00000000099999999947 0.00000000099999999947 0.00000000099999999947 0.00000000099999999947 0.00000000099999999947 0.00000000099999999947 0.00000000099999999947 0.00000000099999999947 
0.99999999100000014352 0.00000000099999999955 0.00000000099999999955 0.00000000099999999955 0.00000000099999999955 0.00000000099999999955 0.00000000099999999955 0.00000000099999999955 0.00000000099999999955 0.00000000099999999955 
0.00000000099999999944 0.00000000099999999944 0.00000000099999999944 0.00000000099999999944 0.99999999100000014352 0.00000000099999999944 0.00000000099999999944 0.00000000099999999944 0.00000000099999999944 0.00000000099999999944 
0.00000000099999999945 0.00000000099999999945 0.00000000099999999945 0.00000000099999999945 0.99999999100000003249 0.00000000099999999945 0.00000000099999999945 0.00000000099999999945 0.00000000099999999945 0.00000000099999999945 
0.00000000099999999990 0.00000000099999999990 0.99999999100000014352 0.00000000099999999990 0.00000000099999999990 0.00000000099999999990 0.00000000099999999990 0.00000000099999999990 0.00000000099999999990 0.00000000099999999990 
0.99999999100000014352 0.00000000099999999950 0.00000000099999999950 0.00000000099999999950 0.00000000099999999950 0.00000000099999999950 0.00000000099999999950 0.00000000099999999950 0.00000000099999999950 0.00000000099999999950 
0.00000000099999999990 0.00000000099999999990 0.99999999100000014352 0.00000000099999999990 0.00000000099999999990 0.00000000099999999990 0.00000000099999999990 0.00000000099999999990 0.00000000099999999990 0.00000000099999999990 
0.00000000099999999982 0.00000000099999999982 0.00000000099999999982 0.00000000099999999982 0.00000000099999999982 0.00000000099999999982 0.00000000099999999982 0.99999999100000003249 0.00000000099999999982 0.00000000099999999982 
0.00000000099999999991 0.00000000099999999991 0.00000000099999999991 0.00000000099999999991 0.00000000099999999991 0.00000000099999999991 0.00000000099999999991 0.00000000099999999991 0.99999999099999992147 0.00000000099999999991 
0.00000000099999999992 0.00000000099999999992 0.00000000099999999992 0.98217609992762522353 0.00000000099999999992 0.00000000099999999992 0.00000000099999999992 0.00000000099999999992 0.00000000099999999992 0.01782389207237487436 
0.00000000099999999989 0.00000000099999999989 0.00000000099999999989 0.00000000099999999989 0.00000000099999999989 0.57180887388829082507 0.00000000099999999989 0.00000000099999999989 0.42819111811170929016 0.00000000099999999989 
0.00000000099999999992 0.00000000099999999992 0.96408730188029612140 0.00000000099999999992 0.00000000099999999992 0.00000000099999999992 0.00000000099999999992 0.00000000099999999992 0.00000000099999999992 0.03591269011970405628 
0.00000000099999999983 0.00000000099999999983 0.00000000099999999983 0.00000000099999999983 0.00000000099999999983 0.00000000099999999983 0.00000000099999999983 0.00000000099999999983 0.99999999100000003249 0.00000000099999999983 
0.00000000099999999995 0.00000000099999999995 0.00000000099999999995 0.99240719494723150795 0.00000000099999999995 0.00000000099999999995 0.00000000099999999995 0.00000000099999999995 0.00000000099999999995 0.00759279705276856738 
0.00000000099999999998 0.41304498904525832614 0.32453156568613072963 0.00001123805264203327 0.00000000099999999998 0.00000000099999999998 0.01058955893132381212 0.23511900777909056082 0.00000000099999999998 0.01670363650555469967 
0.99999999100000014352 0.00000000099999999955 0.00000000099999999955 0.00000000099999999955 0.00000000099999999955 0.00000000099999999955 0.00000000099999999955 0.00000000099999999955 0.00000000099999999955 0.00000000099999999955 
0.00000000099999999982 0.00000000099999999982 0.00000000099999999982 0.00000000099999999982 0.00000000099999999982 0.00000000099999999982 0.00000000099999999982 0.00000000099999999982 0.99999999099999992147 0.00000000099999999982 
0.99999999100000014352 0.00000000099999999948 0.00000000099999999948 0.00000000099999999948 0.00000000099999999948 0.00000000099999999948 0.00000000099999999948 0.00000000099999999948 0.00000000099999999948 0.00000000099999999948 
0.99999999100000014352 0.00000000099999999946 0.00000000099999999946 0.00000000099999999946 0.00000000099999999946 0.00000000099999999946 0.00000000099999999946 0.00000000099999999946 0.00000000099999999946 0.00000000099999999946 
0.00000000099999999998 0.00000000492074895488 0.31180687290855935156 0.41711671513549691825 0.00000000099999999998 0.00000000099999999998 0.00000000099999999998 0.26395645217554386530 0.00692892557111949529 0.00019102528853154631 
0.00000000099999999997 0.38289163678108478761 0.58747442787410719678 0.00000000530318282316 0.00000000099999999997 0.00000000099999999997 0.00000000099999999997 0.00000000099999999997 0.01989092538067516874 0.00974299966095007984 
0.00000000099999999996 0.38197723211134571031 0.28447303572932186588 0.23075717275578455645 0.00000000099999999996 0.00022770566282665083 0.00000000099999999996 0.10256484874072134550 0.00000000099999999996 0.00000000099999999996 
0.00000000099999999995 0.00000000099999999995 0.69539279014109922628 0.00000000099999999995 0.00000000099999999995 0.00000000099999999995 0.00000000099999999995 0.30460720185890094447 0.00000000099999999995 0.00000000099999999995 
0.00000000099999999984 0.00000000099999999984 0.00000000099999999984 0.00000000099999999984 0.00000000099999999984 0.00000000099999999984 0.00000000099999999984 0.99999999099999992147 0.00000000099999999984 0.00000000099999999984 
0.00000000099999999997 0.40508179620454443093 0.00000000099999999997 0.41889714810271350132 0.00000000099999999997 0.00265075766373441390 0.00000000099999999997 0.13001163167851526037 0.00000000099999999997 0.04335866135049228076 
0.00000000099999999991 0.00000000099999999991 0.99999999100000014352 0.00000000099999999991 0.00000000099999999991 0.00000000099999999991 0.00000000099999999991 0.00000000099999999991 0.00000000099999999991 0.00000000099999999991 
