0.00000000099999999989 0.00000000099999999989 0.00000000099999999989 0.00000000099999999989 0.00000000099999999989 0.00000000099999999989 0.99999998999999994975 0.00000000099999999989 0.00000000099999999989 0.00000000099999999989 0.00000000099999999989 
0.00000000099999999977 0.00000000099999999977 0.00000000099999999977 0.99999999000000017180 0.00000000099999999977 0.00000000099999999977 0.00000000099999999977 0.00000000099999999977 0.00000000099999999977 0.00000000099999999977 0.00000000099999999977 
0.00000000099999999980 0.00000000099999999980 0.00000000099999999980 0.99999999000000017180 0.00000000099999999980 0.00000000099999999980 0.00000000099999999980 0.00000000099999999980 0.00000000099999999980 0.00000000099999999980 0.00000000099999999980 
0.38146067152538881695 0.23410224061324455547 0.00000000099999999998 0.00874158225771608059 0.00000000099999999998 0.00000000099999999998 0.07109792138945460194 0.02286811510846549836 0.28172946410573046494 0.00000000099999999998 0.00000000099999999998 
0.05866832654236123906 0.30033042331411502479 0.00000000099999999997 0.00000000099999999997 0.00000000099999999997 0.18691659197120993885 0.11640519453991987620 0.00000000099999999997 0.26230920541884628072 0.00000000099999999997 0.07537025321354762220 
0.59965524317458274162 0.39493272640561155606 0.00000000099999999995 0.00000000099999999995 0.00000000099999999995 0.00000000099999999995 0.00113123316248688933 0.00428079025731901031 0.00000000099999999995 0.00000000099999999995 0.00000000099999999995 
0.00000000099999999987 0.00000000099999999987 0.00000000099999999987 0.00000000099999999987 0.00000000099999999987 0.00000000099999999987 0.00000000099999999987 0.99999998999999994975 0.00000000099999999987 0.00000000099999999987 0.00000000099999999987 
0.00000000099999999988 0.00000000099999999988 0.00000000099999999988 0.51602266009759023557 0.00000000099999999988 0.00000000099999999988 0.00000000099999999988 0.48397733090240985243 0.00000000099999999988 0.00000000099999999988 0.00000000099999999988 
0.23796677380152370107 0.04636659945044491193 0.00000000099999999998 0.01792747764143807349 0.00000000099999999998 0.14898545325946396800 0.20753866344547203249 0.00000000099999999998 0.32878844918416511023 0.01242657921749220663 0.00000000099999999998 
0.00000000099999999991 0.00000000099999999991 0.00000000099999999991 0.46598975446909834952 0.00000000099999999991 0.00000000099999999991 0.00000000099999999991 0.53401023653090151644 0.00000000099999999991 0.00000000099999999991 0.00000000099999999991 
0.00000000099999999990 0.00000000099999999990 0.00000000099999999990 0.00000000099999999990 0.00000000099999999990 0.99999999000000017180 0.00000000099999999990 0.00000000099999999990 0.00000000099999999990 0.00000000099999999990 0.00000000099999999990 
0.03467203020720624473 0.23197635947180628158 0.00000000099999999997 0.00000000099999999997 0.00000000099999999997 0.28330299342894549319 0.37109303958386125055 0.01453420682936358045 0.05115874409113951166 0.00396171138803668322 0.00930091199964075410 
0.27561241153090354494 0.28805212277298386514 0.00000000099999999997 0.00000000099999999997 0.00000000099999999997 0.39821136849179533668 0.00000000099999999997 0.00000000099999999997 0.00000000099999999997 0.00000000099999999997 0.03812409020431760387 
0.00000000099999999998 0.38343690994397400251 0.00000000099999999998 0.00000000099999999998 0.00000000099999999998 0.27932864174746835362 0.27951096426114641069 0.00000000099999999998 0.00000000099999999998 0.00512148581296613826 0.05260199223444509548 
0.00000000099999999999 0.28747357904265902206 0.00000000099999999999 0.00000000099999999999 0.00000000099999999999 0.31375760911816669152 0.39331195036113014707 0.00000000099999999999 0.00000000099999999999 0.00545685447804426099 0.00000000099999999999 
0.19417695610409177465 0.22540091177183196880 0.00000000099999999998 0.00116123417618707245 0.00000000099999999998 0.10259562871284066965 0.24345765732313309759 0.04546325484182633936 0.12602899614715384891 0.02707512267431255379 0.03464023624862255096 
0.00000000099999999986 0.00000000099999999986 0.00000000099999999986 0.00000000099999999986 0.00000000099999999986 0.00000000099999999986 0.99999998999999994975 0.00000000099999999986 0.00000000099999999986 0.00000000099999999986 0.00000000099999999986 
0.99999999000000017180 0.00000000099999999991 0.00000000099999999991 0.00000000099999999991 0.00000000099999999991 0.00000000099999999991 0.00000000099999999991 0.00000000099999999991 0.00000000099999999991 0.00000000099999999991 0.00000000099999999991 
0.35925797292877731381 0.32602910605373047748 0.00000000099999999998 0.00000000099999999998 0.00000000099999999998 0.00000000099999999998 0.28637868641664765423 0.00000000099999999998 0.02833422742687750906 0.00000000117396716336 0.00000000099999999998 
0.00000000099999999987 0.00000000099999999987 0.00000000099999999987 0.00000000099999999987 0.00000000099999999987 0.00000000099999999987 0.00000000099999999987 0.00000000099999999987 0.99999999000000006077 0.00000000099999999987 0.00000000099999999987 
0.25039679598897918167 0.20984295801856889252 0.00000000099999999997 0.00000000099999999997 0.00000000099999999997 0.37532584204942387451 0.16443399722215132353 0.00000000099999999997 0.00000040072087683132 0.00000000099999999997 0.00000000099999999997 
0.00000000099999999995 0.00000000099999999995 0.00000000099999999995 0.29422334917866099779 0.00000000099999999995 0.00000000099999999995 0.00537679834684575125 0.70039984447449310512 0.00000000099999999995 0.00000000099999999995 0.00000000099999999995 
0.26699589096546244571 0.21147510434123728551 0.00000000099999999998 0.00000000099999999998 0.00000000099999999998 0.00000003149578978378 0.19516082720138655526 0.01186165262278474943 0.29718761975094992733 0.00000000099999999998 0.01731886962238930738 
0.00000000099999999937 0.00000000099999999937 0.00000000099999999937 0.00000000099999999937 0.00000000099999999937 0.00000000099999999937 0.00000000099999999937 0.00000000099999999937 0.00000000099999999937 0.00000000099999999937 0.99999998999999994975 
0.03222454795135068495 0.17769115073435454155 0.00000000099999999996 0.00000000099999999996 0.00000000099999999996 0.34937837815149108689 0.16864823562186367911 0.03042987493184763984 0.23182026533934299573 0.00000000099999999996 0.00980754326974927690 
0.00000000099999999986 0.99999999000000028282 0.00000000099999999986 0.00000000099999999986 0.00000000099999999986 0.00000000099999999986 0.00000000099999999986 0.00000000099999999986 0.00000000099999999986 0.00000000099999999986 0.00000000099999999986 
0.00000000099999999957 0.00000000099999999957 0.00000000099999999957 0.00000000099999999957 0.00000000099999999957 0.00000000099999999957 0.00000000099999999957 0.00000000099999999957 0.00000000099999999957 0.99999999000000006077 0.00000000099999999957 
0.00000000099999999953 0.00000000099999999953 0.00000000099999999953 0.00000000099999999953 0.00000000099999999953 0.00000000099999999953 0.00000000099999999953 0.00000000099999999953 0.00000000099999999953 0.99999998999999994975 0.00000000099999999953 
0.48423866084365907447 0.19937928232498133840 0.00000000099999999997 0.00000000099999999997 0.00000000099999999997 0.26520628612286628600 0.00000000099999999997 0.00000000099999999997 0.00000000099999999997 0.00000000099999999997 0.05117576370849338113 
0.00000000099999999983 0.99999999000000028282 0.00000000099999999983 0.00000000099999999983 0.00000000099999999983 0.00000000099999999983 0.00000000099999999983 0.00000000099999999983 0.00000000099999999983 0.00000000099999999983 0.00000000099999999983 
0.99999999000000017180 0.00000000099999999988 0.00000000099999999988 0.00000000099999999988 0.00000000099999999988 0.00000000099999999988 0.00000000099999999988 0.00000000099999999988 0.00000000099999999988 0.00000000099999999988 0.00000000099999999988 
0.00000000099999999978 0.00000000099999999978 0.00000000099999999978 0.00000000099999999978 0.00000000099999999978 0.00000000099999999978 0.00000000099999999978 0.74161836119222135366 0.00000000099999999978 0.00000000099999999978 0.25838162980777867883 
0.00000000099999999960 0.00000000099999999960 0.00000000099999999960 0.00000000099999999960 0.00000000099999999960 0.00000000099999999960 0.00000000099999999960 0.00000000099999999960 0.00000000099999999960 0.34086597285269493174 0.65913401814730498973 
0.00000000099999999988 0.00000000099999999988 0.00000000099999999988 0.00000000099999999988 0.00000000099999999988 0.99999999000000017180 0.00000000099999999988 0.00000000099999999988 0.00000000099999999988 0.00000000099999999988 0.00000000099999999988 
0.00000000099999999939 0.00000000099999999939 0.99999999000000006077 0.00000000099999999939 0.00000000099999999939 0.00000000099999999939 0.00000000099999999939 0.00000000099999999939 0.00000000099999999939 0.00000000099999999939 0.00000000099999999939 
0.00000000099999999931 0.00000000099999999931 0.99999999000000006077 0.00000000099999999931 0.00000000099999999931 0.00000000099999999931 0.00000000099999999931 0.00000000099999999931 0.00000000099999999931 0.00000000099999999931 0.00000000099999999931 
0.00000000099999999930 0.00000000099999999930 0.99999999000000006077 0.00000000099999999930 0.00000000099999999930 0.00000000099999999930 0.00000000099999999930 0.00000000099999999930 0.00000000099999999930 0.00000000099999999930 0.00000000099999999930 
0.00000000099999999958 0.00000000099999999958 0.00000000099999999958 0.00000000099999999958 0.00000000099999999958 0.00000000099999999958 0.00000000099999999958 0.00000000099999999958 0.00000000099999999958 0.99999998999999994975 0.00000000099999999958 
0.00000000099999999952 0.00000000099999999952 0.00000000099999999952 0.00000000099999999952 0.00000000099999999952 0.00000000099999999952 0.00000000099999999952 0.00000000099999999952 0.00000000099999999952 0.99999998999999994975 0.00000000099999999952 
0.00000000099999999994 0.00000000099999999994 0.00000000099999999994 0.00000000099999999994 0.00000000099999999994 0.62466744723583500498 0.00000000099999999994 0.00000000099999999994 0.37533254376416519404 0.00000000099999999994 0.00000000099999999994 
0.00000000099999999993 0.00000000099999999993 0.00000000099999999993 0.51650784185989029318 0.00000000099999999993 0.00000000099999999993 0.00000000099999999993 0.48349214914010985034 0.00000000099999999993 0.00000000099999999993 0.00000000099999999993 
0.00000000099999999955 0.00000000099999999955 0.00000000099999999955 0.00000000099999999955 0.00000000099999999955 0.00000000099999999955 0.00000000099999999955 0.00000000099999999955 0.00000000099999999955 0.99999999000000006077 0.00000000099999999955 
0.00000366978207736716 0.19229316849168121006 0.00000000099999999998 0.00000007351238487056 0.00000000099999999998 0.31648914025165153507 0.00003437372135639004 0.00042487956870208176 0.43018439528870949795 0.00000000238925781501 0.06057029499417931895 
0.00000000099999999977 0.00000000099999999977 0.00000000099999999977 0.99999999000000017180 0.00000000099999999977 0.00000000099999999977 0.00000000099999999977 0.00000000099999999977 0.00000000099999999977 0.00000000099999999977 0.00000000099999999977 
0.00000000099999999960 0.00000000099999999960 0.00000000099999999960 0.00000000099999999960 0.00000000099999999960 0.00000000099999999960 0.00000000099999999960 0.00000000099999999960 0.00000000099999999960 0.99999998999999994975 0.00000000099999999960 
0.00000000099999999995 0.32033339263119375850 0.00000000099999999995 0.00000000099999999995 0.00000000099999999995 0.67966659836880616297 0.00000000099999999995 0.00000000099999999995 0.00000000099999999995 0.00000000099999999995 0.00000000099999999995 
0.00000000099999999955 0.00000000099999999955 0.00000000099999999955 0.00000000099999999955 0.00000000099999999955 0.00000000099999999955 0.00000000099999999955 0.00000000099999999955 0.00000000099999999955 0.99999998999999994975 0.00000000099999999955 
0.00000000099999999992 0.00000000099999999992 0.00000000099999999992 0.42924177161883092513 0.00000000099999999992 0.00000000099999999992 0.00000000099999999992 0.57075821938116888532 0.00000000099999999992 0.00000000099999999992 0.00000000099999999992 
0.00000000099999999987 0.00000000099999999987 0.00000000099999999987 0.44587759325050763115 0.00000000099999999987 0.00000000099999999987 0.00000000099999999987 0.55412239774949223481 0.00000000099999999987 0.00000000099999999987 0.00000000099999999987 
0.00000000099999999949 0.00000000099999999949 0.00000000099999999949 0.00000000099999999949 0.00000000099999999949 0.00000000099999999949 0.00000000099999999949 0.00000000099999999949 0.00000000099999999949 0.99999999000000006077 0.00000000099999999949 
0.00000000099999999954 0.00000000099999999954 0.00000000099999999954 0.00000000099999999954 0.00000000099999999954 0.00000000099999999954 0.00000000099999999954 0.00000000099999999954 0.00000000099999999954 0.99999998999999994975 0.00000000099999999954 
0.00000000099999999981 0.00000000099999999981 0.00000000099999999981 0.99999999000000017180 0.00000000099999999981 0.00000000099999999981 0.00000000099999999981 0.00000000099999999981 0.00000000099999999981 0.00000000099999999981 0.00000000099999999981 
0.00000000099999999986 0.00000000099999999986 0.00000000099999999986 0.00000000099999999986 0.00000000099999999986 0.00000000099999999986 0.00000000099999999986 0.99999999000000006077 0.00000000099999999986 0.00000000099999999986 0.00000000099999999986 
0.00000000099999999994 0.00000000099999999994 0.00000000099999999994 0.27525123234640552772 0.00000000099999999994 0.00000000099999999994 0.00000000099999999994 0.72474875865359433824 0.00000000099999999994 0.00000000099999999994 0.00000000099999999994 
0.00000000099999999962 0.00000000099999999962 0.00000000099999999962 0.00000000099999999962 0.00000000099999999962 0.00000000099999999962 0.00000000099999999962 0.00000000099999999962 0.00000000099999999962 0.99999998999999994975 0.00000000099999999962 
0.33511983092433389464 0.34041135998975585730 0.00000000099999999998 0.04367578107523513442 0.00000000099999999998 0.08059926032246850225 0.15856086887787654294 0.00000000099999999998 0.02944938521088178232 0.01218350959944825528 0.00000000099999999998 
0.23512603394649142508 0.27090033117075257296 0.00000000099999999998 0.00000000099999999998 0.00000000099999999998 0.00000000099999999998 0.24727980756272277540 0.00000000099999999998 0.22623812596486783666 0.02045569535516552143 0.00000000099999999998 
0.00000000099999999983 0.99999999000000028282 0.00000000099999999983 0.00000000099999999983 0.00000000099999999983 0.00000000099999999983 0.00000000099999999983 0.00000000099999999983 0.00000000099999999983 0.00000000099999999983 0.00000000099999999983 
0.57158733786877735650 0.00000000099999999996 0.00000000099999999996 0.00000000099999999996 0.00000000099999999996 0.00000000099999999996 0.00000000099999999996 0.00000000099999999996 0.42841265313122284253 0.00000000099999999996 0.00000000099999999996 
0.00000000099999999991 0.00000000099999999991 0.00000000099999999991 0.48415332916157055587 0.00000000099999999991 0.00000000099999999991 0.00000000099999999991 0.51584666183842931009 0.00000000099999999991 0.00000000099999999991 0.00000000099999999991 
0.13080247023898136649 0.45132505169683106994 0.00000000099999999998 0.00000000099999999998 0.00000000099999999998 0.00007213149509187847 0.00001082907980015755 0.00000000099999999998 0.38840939638965749081 0.00000000099999999998 0.02938011609963799703 
0.00000000099999999939 0.00000000099999999939 0.00000000099999999939 0.00000000099999999939 0.99999999000000006077 0.00000000099999999939 0.00000000099999999939 0.00000000099999999939 0.00000000099999999939 0.00000000099999999939 0.00000000099999999939 
0.00000000099999999985 0.00000000099999999985 0.00000000099999999985 0.00000000099999999985 0.00000000099999999985 0.00000000099999999985 0.00000000099999999985 0.00000000099999999985 0.99999998999999994975 0.00000000099999999985 0.00000000099999999985 
0.00000000099999999947 0.00000000099999999947 0.60239082405406285670 0.00000000099999999947 0.39760916694593734233 0.00000000099999999947 0.00000000099999999947 0.00000000099999999947 0.00000000099999999947 0.00000000099999999947 0.00000000099999999947 
0.00000000099999999992 0.00000000099999999992 0.00000000099999999992 0.00000000099999999992 0.00000000099999999992 0.00000000099999999992 0.00000000099999999992 0.00000000099999999992 0.88785190008290093555 0.00000000099999999992 0.11214809091709912470 
0.00000000099999999950 0.00000000099999999950 0.34264646554401995138 0.00000000099999999950 0.65735352545598024765 0.00000000099999999950 0.00000000099999999950 0.00000000099999999950 0.00000000099999999950 0.00000000099999999950 0.00000000099999999950 
0.45986530554659188486 0.00000000099999999995 0.00000000099999999995 0.00000000099999999995 0.00000000099999999995 0.00000000099999999995 0.54013468545340803662 0.00000000099999999995 0.00000000099999999995 0.00000000099999999995 0.00000000099999999995 
0.17180175548796142171 0.00095545498257491575 0.00000000099999999999 0.01849490660460190519 0.00000000099999999999 0.35596397464375967301 0.35694553381136578940 0.00000000099999999999 0.08943962534366299566 0.00000000099999999999 0.00639874512607333315 
0.00000000099999999976 0.00000000099999999976 0.00000000099999999976 0.99999999000000006077 0.00000000099999999976 0.00000000099999999976 0.00000000099999999976 0.00000000099999999976 0.00000000099999999976 0.00000000099999999976 0.00000000099999999976 
0.00000000099999999992 0.00000000099999999992 0.00000000099999999992 0.00000000099999999992 0.00000000099999999992 0.55342017096913986851 0.44657982003086027500 0.00000000099999999992 0.00000000099999999992 0.00000000099999999992 0.00000000099999999992 
0.00000000099999999939 0.00000000099999999939 0.99999999000000006077 0.00000000099999999939 0.00000000099999999939 0.00000000099999999939 0.00000000099999999939 0.00000000099999999939 0.00000000099999999939 0.00000000099999999939 0.00000000099999999939 
0.00000000099999999941 0.00000000099999999941 0.99999999000000017180 0.00000000099999999941 0.00000000099999999941 0.00000000099999999941 0.00000000099999999941 0.00000000099999999941 0.00000000099999999941 0.00000000099999999941 0.00000000099999999941 
0.13267310516686656174 0.04325811439573708228 0.00000000099999999998 0.00000000099999999998 0.00000000099999999998 0.23533640673374667251 0.26534326377065153846 0.08925329948392961288 0.22778819852970857984 0.00634760791935995005 0.00000000099999999998 
0.00000000099999999985 0.00000000099999999985 0.00000000099999999985 0.00000000099999999985 0.00000000099999999985 0.00000000099999999985 0.00000000099999999985 0.99999998999999994975 0.00000000099999999985 0.00000000099999999985 0.00000000099999999985 
0.00000000099999999963 0.00000000099999999963 0.00000000099999999963 0.00000000099999999963 0.00000000099999999963 0.00000000099999999963 0.00000000099999999963 0.00000000099999999963 0.00000000099999999963 0.99999999000000006077 0.00000000099999999963 
0.00000000099999999986 0.00000000099999999986 0.00000000099999999986 0.00000000099999999986 0.00000000099999999986 0.00000000099999999986 0.00000000099999999986 0.99999998999999994975 0.00000000099999999986 0.00000000099999999986 0.00000000099999999986 
0.21659551877623023364 0.21109937021663283119 0.00000000099999999999 0.00000000099999999999 0.00000000099999999999 0.15343008542656544346 0.18963107140311466492 0.02791517220949022229 0.17032838707110781185 0.00000000099999999999 0.03100039089685858659 
0.00000000099999999937 0.00000000099999999937 0.00000000099999999937 0.00000000099999999937 0.99999999000000006077 0.00000000099999999937 0.00000000099999999937 0.00000000099999999937 0.00000000099999999937 0.00000000099999999937 0.00000000099999999937 
0.00000000099999999945 0.00000000099999999945 0.00000000099999999945 0.00000000099999999945 0.00000000099999999945 0.00000000099999999945 0.00000000099999999945 0.00000000099999999945 0.00000000099999999945 0.99999998999999994975 0.00000000099999999945 
0.00000000099999999944 0.00000000099999999944 0.99999999000000017180 0.00000000099999999944 0.00000000099999999944 0.00000000099999999944 0.00000000099999999944 0.00000000099999999944 0.00000000099999999944 0.00000000099999999944 0.00000000099999999944 
0.00000000099999999997 0.30653623840797145084 0.00000000099999999997 0.00000000099999999997 0.00000000099999999997 0.00000000099999999997 0.00002669191188631507 0.00000000099999999997 0.69317851968599131229 0.00025854299415070740 0.00000000099999999997 
0.00000000099999999981 0.00000000099999999981 0.00000000099999999981 0.00000000099999999981 0.00000000099999999981 0.00000000099999999981 0.00000000099999999981 0.99999999000000006077 0.00000000099999999981 0.00000000099999999981 0.00000000099999999981 
0.00000000099999999984 0.00000000099999999984 0.00000000099999999984 0.00000000099999999984 0.00000000099999999984 0.00000000099999999984 0.00000000099999999984 0.99999998999999994975 0.00000000099999999984 0.00000000099999999984 0.00000000099999999984 
0.49947022293948295513 0.00000000099999999995 0.00000000099999999995 0.22881894426873142234 0.00000000099999999995 0.23294946413260111950 0.00000000099999999995 0.00000000099999999995 0.00000000099999999995 0.00000000099999999995 0.03876136165918463161 
0.28944926513399898971 0.00000000099999999999 0.00000000099999999999 0.00000000099999999999 0.00000000099999999999 0.00000000099999999999 0.36584547168502090653 0.00000000099999999999 0.32161065620379364338 0.02226965478496608503 0.00082494619222044856 
0.02699582685582388106 0.13005900297363146012 0.00000000099999999997 0.01153759163318963596 0.00000000099999999997 0.23722698933820160483 0.34883237692268587171 0.00000000099999999997 0.24534820727646755589 0.00000000099999999997 0.00000000099999999997 
0.99999999000000017180 0.00000000099999999988 0.00000000099999999988 0.00000000099999999988 0.00000000099999999988 0.00000000099999999988 0.00000000099999999988 0.00000000099999999988 0.00000000099999999988 0.00000000099999999988 0.00000000099999999988 
0.36603194671064620547 0.07570300284738190610 0.00000000099999999997 0.00000000099999999997 0.00000000099999999997 0.27342649294252574510 0.00000000099999999997 0.00000000099999999997 0.26693849379308270953 0.00000000099999999997 0.01790005770636348900 
0.08071684253712545221 0.32471419759691183549 0.00000000099999999995 0.00000000099999999995 0.00000000099999999995 0.24433246742034994692 0.17105817492639976973 0.00000000099999999995 0.17917831151921290167 0.00000000099999999995 0.00000000099999999995 
0.53063493999133781731 0.00000000099999999995 0.00000000099999999995 0.00000000099999999995 0.00000000099999999995 0.27325463020118628821 0.00000000099999999995 0.00000000099999999995 0.19611042180747612074 0.00000000099999999995 0.00000000099999999995 
0.44297013302921517397 0.00000000099999999996 0.00000000099999999996 0.00000000099999999996 0.00000000099999999996 0.00000000099999999996 0.00000000099999999996 0.00000000099999999996 0.55702985797078474750 0.00000000099999999996 0.00000000099999999996 
0.25322241780264242994 0.00000000099999999997 0.00000000099999999997 0.03821679072958328316 0.00000000099999999997 0.41167051591730352555 0.29689026855047084830 0.00000000099999999997 0.00000000099999999997 0.00000000099999999997 0.00000000099999999997 
0.00000000099999999978 0.00000000099999999978 0.00000000099999999978 0.99999999000000017180 0.00000000099999999978 0.00000000099999999978 0.00000000099999999978 0.00000000099999999978 0.00000000099999999978 0.00000000099999999978 0.00000000099999999978 
0.00000000099999999991 0.00000000099999999991 0.00000000099999999991 0.00000000099999999991 0.00000000099999999991 0.00000000099999999991 0.00000000099999999991 0.99999998999999994975 0.00000000099999999991 0.00000000099999999991 0.00000000099999999991 
0.00000000099999999959 0.00000000099999999959 0.00000000099999999959 0.00000000099999999959 0.99999999000000006077 0.00000000099999999959 0.00000000099999999959 0.00000000099999999959 0.00000000099999999959 0.00000000099999999959 0.00000000099999999959 
0.00000000099999999994 0.00000000099999999994 0.00000000099999999994 0.45720806741202685286 0.00000000099999999994 0.00000000099999999994 0.00000000099999999994 0.54279192358797301310 0.00000000099999999994 0.00000000099999999994 0.00000000099999999994 
0.00000000099999999994 0.00000000099999999994 0.00000000099999999994 0.18363713830803959914 0.00000000099999999994 0.00000000099999999994 0.00000000099999999994 0.81636285269196051662 0.00000000099999999994 0.00000000099999999994 0.00000000099999999994 
0.00000000099999999988 0.00000000099999999988 0.00000000099999999988 0.00000000099999999988 0.00000000099999999988 0.99999999000000006077 0.00000000099999999988 0.00000000099999999988 0.00000000099999999988 0.00000000099999999988 0.00000000099999999988 
0.00000000099999999929 0.00000000099999999929 0.99999999000000006077 0.00000000099999999929 0.00000000099999999929 0.00000000099999999929 0.00000000099999999929 0.00000000099999999929 0.00000000099999999929 0.00000000099999999929 0.00000000099999999929 
0.92256936716969784040 0.00000000099999999991 0.00000000099999999991 0.00000000099999999991 0.00000000099999999991 0.07743062383030244189 0.00000000099999999991 0.00000000099999999991 0.00000000099999999991 0.00000000099999999991 0.00000000099999999991 
0.73412295714104569555 0.00000000099999999995 0.00000000099999999995 0.00000000099999999995 0.00000000099999999995 0.00000000099999999995 0.00000000099999999995 0.00000000099999999995 0.26587703385895450348 0.00000000099999999995 0.00000000099999999995 
0.00000000099999999998 0.23729127207685526968 0.00000000099999999998 0.00000000099999999998 0.00000000099999999998 0.42664157547094544443 0.31990228359541583725 0.00001159508524623201 0.00000807929818871951 0.00000000099999999998 0.01614518947334858331 
0.00000000099999999991 0.00000000099999999991 0.00000000099999999991 0.00000000099999999991 0.00000000099999999991 0.00000000099999999991 0.99999999000000006077 0.00000000099999999991 0.00000000099999999991 0.00000000099999999991 0.00000000099999999991 
0.00000000099999999987 0.00000000099999999987 0.00000000099999999987 0.00000000099999999987 0.00000000099999999987 0.99999999000000006077 0.00000000099999999987 0.00000000099999999987 0.00000000099999999987 0.00000000099999999987 0.00000000099999999987 
0.99999999000000028282 0.00000000099999999989 0.00000000099999999989 0.00000000099999999989 0.00000000099999999989 0.00000000099999999989 0.00000000099999999989 0.00000000099999999989 0.00000000099999999989 0.00000000099999999989 0.00000000099999999989 
0.00000000099999999997 0.00000000099999999997 0.00000000099999999997 0.00000000099999999997 0.00000000099999999997 0.30212361878627075340 0.47928143484428981091 0.00000000099999999997 0.21859373210714050373 0.00000000099999999997 0.00000120726229903005 
0.00000000099999999995 0.46220939885800388369 0.00000000099999999995 0.00000000099999999995 0.00000000099999999995 0.00000000099999999995 0.00000000099999999995 0.00000000099999999995 0.53770651389253643071 0.00000000099999999995 0.00008407924945948931 
0.20511376454728424967 0.00000000099999999999 0.00000000099999999999 0.00000042057670109655 0.00000000099999999999 0.00000000099999999999 0.47254487193388217126 0.00149962935584002297 0.27515697427876145698 0.02441274775898197649 0.02127158754854899247 
0.99999999000000017180 0.00000000099999999986 0.00000000099999999986 0.00000000099999999986 0.00000000099999999986 0.00000000099999999986 0.00000000099999999986 0.00000000099999999986 0.00000000099999999986 0.00000000099999999986 0.00000000099999999986 
0.00000000099999999986 0.00000000099999999986 0.00000000099999999986 0.00000000099999999986 0.00000000099999999986 0.00000000099999999986 0.99999998999999994975 0.00000000099999999986 0.00000000099999999986 0.00000000099999999986 0.00000000099999999986 
0.00000000099999999999 0.16963260608651414829 0.00000000099999999999 0.00000000099999999999 0.00000000099999999999 0.26319451057155845985 0.31710743297871119006 0.03258960507267914114 0.19318875045083119812 0.01426137094991816734 0.01002571988978774413 
0.25025777709856256159 0.25433380039217767798 0.00000000099999999995 0.00000000099999999995 0.00000000099999999995 0.49372391380517294257 0.00000000099999999995 0.00000000099999999995 0.00000000099999999995 0.00168450170408692606 0.00000000099999999995 
0.00000006977765928652 0.00000000099999999996 0.00000000099999999996 0.00012095091448189123 0.00000000099999999996 0.45623286611565916360 0.54364610619219977394 0.00000000099999999996 0.00000000099999999996 0.00000000099999999996 0.00000000099999999996 
0.62191690150465550602 0.00000000099999999995 0.00000000099999999995 0.00000000099999999995 0.00000000099999999995 0.00000000099999999995 0.37808308949534480403 0.00000000099999999995 0.00000000099999999995 0.00000000099999999995 0.00000000099999999995 
0.00000000099999999996 0.00000000099999999996 0.00000000099999999996 0.00000000099999999996 0.00000000099999999996 0.36670006592734927242 0.20295287415486482074 0.02066669746686938119 0.37111605367573485825 0.00000000099999999996 0.03856430277518170524 
0.25089338227225915778 0.14807667588386735913 0.00000000099999999999 0.00000005312227808818 0.00000000099999999999 0.24985660848613391871 0.34511649230359425777 0.00605678293186734124 0.00000000099999999999 0.00000000099999999999 0.00000000099999999999 
0.23551550754573416513 0.41457008716651350122 0.00000000099999999998 0.00000000099999999998 0.00000000099999999998 0.10373829076391909154 0.19380103288668648620 0.02317092025932798380 0.00005570309278438376 0.00000000099999999998 0.02914845428503458347 
0.00000000099999999996 0.44510506096197610670 0.00000000099999999996 0.00000000099999999996 0.00000000099999999996 0.26250221865343426053 0.16206617313486465504 0.00000000099999999996 0.08892486915566510941 0.00000000099999999996 0.04140167209405980209 
0.00000000099999999995 0.00000000099999999995 0.00000000099999999995 0.00000000099999999995 0.00000000099999999995 0.59020459669089631038 0.00000000099999999995 0.00000000099999999995 0.40979539430910366660 0.00000000099999999995 0.00000000099999999995 
0.25871653314255782519 0.20864526197592184187 0.06736334057314304069 0.00000000100000000000 0.00000000100000000000 0.03640645950286375970 0.25629895946438435717 0.01834982263341049941 0.11207547013567446814 0.00000000100000000000 0.04214414957204429962 
0.00000000099999999995 0.00000000099999999995 0.00000000099999999995 0.00000000099999999995 0.00000000099999999995 0.23497165442504588939 0.33807000125543801294 0.00000000099999999995 0.42695833631951601861 0.00000000099999999995 0.00000000099999999995 
0.32080570341667191681 0.09771943655453467492 0.00000000099999999995 0.00000000099999999995 0.00000000099999999995 0.35863505766029835087 0.00000000099999999995 0.00085717316898006109 0.18039335740647699513 0.00000000099999999995 0.04158926679303799612 
0.00000099289260436261 0.16915132970112953248 0.00000000099999999994 0.00933254482707979865 0.00000000099999999994 0.37708256220317359908 0.38224666842126525657 0.00000000099999999994 0.00000000099999999994 0.00000000099999999994 0.06218589695474763951 
0.00000000099999999989 0.00000000099999999989 0.00000000099999999989 0.00000000099999999989 0.00000000099999999989 0.00000000099999999989 0.99999999000000006077 0.00000000099999999989 0.00000000099999999989 0.00000000099999999989 0.00000000099999999989 
0.53067070466514265625 0.42993745357840151833 0.00000000099999999995 0.00000000099999999995 0.00000000099999999995 0.00000000099999999995 0.00000000099999999995 0.00000000099999999995 0.00000000099999999995 0.00000000099999999995 0.03939183375645613494 
0.00000000099999999997 0.43097460780153212800 0.00000000099999999997 0.00000000099999999997 0.00000000099999999997 0.56239801072686090855 0.00000000099999999997 0.00000000099999999997 0.00000000099999999997 0.00000000099999999997 0.00662737347160705700 
0.40345926568747619845 0.00000000099999999997 0.00000000099999999997 0.00322103610971399010 0.00000000099999999997 0.31315017575593218080 0.00000000099999999997 0.00000000099999999997 0.28016951109915533280 0.00000000099999999997 0.00000000534772212268 
0.00000000099999999986 0.00000000099999999986 0.00000000099999999986 0.00000000099999999986 0.00000000099999999986 0.00000000099999999986 0.99999999000000006077 0.00000000099999999986 0.00000000099999999986 0.00000000099999999986 0.00000000099999999986 
0.32205692460697715740 0.00000000099999999994 0.00000000099999999994 0.04294004583889796112 0.00000000099999999994 0.38946325958280580970 0.24468923340813483747 0.00000000099999999994 0.00085053056318423119 0.00000000099999999994 0.00000000099999999994 
0.00000000099999999991 0.00000000099999999991 0.00000000099999999991 0.43468009835559745513 0.00000000099999999991 0.00000000099999999991 0.00000000099999999991 0.56531989264440241083 0.00000000099999999991 0.00000000099999999991 0.00000000099999999991 
0.00000000099999999989 0.00000000099999999989 0.00000000099999999989 0.00000000099999999989 0.00000000099999999989 0.00000000099999999989 0.00000000099999999989 0.99999998999999994975 0.00000000099999999989 0.00000000099999999989 0.00000000099999999989 
0.00000000099999999948 0.00000000099999999948 0.00000000099999999948 0.00000000099999999948 0.99999999000000006077 0.00000000099999999948 0.00000000099999999948 0.00000000099999999948 0.00000000099999999948 0.00000000099999999948 0.00000000099999999948 
0.00000000099999999947 0.00000000099999999947 0.00000000099999999947 0.00000000099999999947 0.00000000099999999947 0.00000000099999999947 0.00000000099999999947 0.00000000099999999947 0.00000000099999999947 0.99999998999999994975 0.00000000099999999947 
0.05711872722985282536 0.00000000099999999998 0.00000000099999999998 0.17772655965240249931 0.00000000099999999998 0.00000000099999999998 0.00000000099999999998 0.69780239986450465217 0.00000000099999999998 0.03421607117871106052 0.03313623607452906294 
0.00000000099999999996 0.28980058372422873303 0.00000000099999999996 0.00971853963582938393 0.00000000099999999996 0.00000000099999999996 0.30418080453546775255 0.00000000099999999996 0.39630006510447413071 0.00000000099999999996 0.00000000099999999996 
0.00000000099999999986 0.00000000099999999986 0.00000000099999999986 0.00000000099999999986 0.00000000099999999986 0.00000000099999999986 0.00000000099999999986 0.00000000099999999986 0.99999998999999994975 0.00000000099999999986 0.00000000099999999986 
0.00000000099999999991 0.00000000099999999991 0.00000000099999999991 0.00000000099999999991 0.00000000099999999991 0.00000000099999999991 0.00000000099999999991 0.99999998999999994975 0.00000000099999999991 0.00000000099999999991 0.00000000099999999991 
0.00000000099999999985 0.99999999000000028282 0.00000000099999999985 0.00000000099999999985 0.00000000099999999985 0.00000000099999999985 0.00000000099999999985 0.00000000099999999985 0.00000000099999999985 0.00000000099999999985 0.00000000099999999985 
0.00000000099999999992 0.00000000099999999992 0.00000000099999999992 0.00000000099999999992 0.00000000099999999992 0.00000000099999999992 0.00000000099999999992 0.00000000099999999992 0.99999999000000006077 0.00000000099999999992 0.00000000099999999992 
0.00000000099999999995 0.39676418133404822708 0.00000000099999999995 0.00000000099999999995 0.00000000099999999995 0.00000000099999999995 0.35584771752694077662 0.00000000099999999995 0.19805693847730670987 0.00000000099999999995 0.04933115566170424154 
0.00000000099999999945 0.00000000099999999945 0.61031496846441812831 0.00000000099999999945 0.38968502253558207071 0.00000000099999999945 0.00000000099999999945 0.00000000099999999945 0.00000000099999999945 0.00000000099999999945 0.00000000099999999945 
0.00000000099999999936 0.00000000099999999936 0.99999999000000006077 0.00000000099999999936 0.00000000099999999936 0.00000000099999999936 0.00000000099999999936 0.00000000099999999936 0.00000000099999999936 0.00000000099999999936 0.00000000099999999936 
0.00000000099999999931 0.00000000099999999931 0.00000000099999999931 0.00000000099999999931 0.99999999000000017180 0.00000000099999999931 0.00000000099999999931 0.00000000099999999931 0.00000000099999999931 0.00000000099999999931 0.00000000099999999931 
0.00000000099999999934 0.00000000099999999934 0.00000000099999999934 0.00000000099999999934 0.99999999000000017180 0.00000000099999999934 0.00000000099999999934 0.00000000099999999934 0.00000000099999999934 0.00000000099999999934 0.00000000099999999934 
0.00000000099999999934 0.00000000099999999934 0.00000000099999999934 0.00000000099999999934 0.99999999000000006077 0.00000000099999999934 0.00000000099999999934 0.00000000099999999934 0.00000000099999999934 0.00000000099999999934 0.00000000099999999934 
0.00000000099999999989 0.00000000099999999989 0.00000000099999999989 0.00000000099999999989 0.00000000099999999989 0.00000000099999999989 0.00000000099999999989 0.99999999000000006077 0.00000000099999999989 0.00000000099999999989 0.00000000099999999989 
0.40927354763007506300 0.06902539320002827605 0.00000000099999999998 0.00000000099999999998 0.00000000099999999998 0.14320941289089772486 0.28641299205638581782 0.00000000099999999998 0.04393355593867447756 0.00000000099999999998 0.04814509328393872661 
0.00000000099999999942 0.00000000099999999942 0.57719780915485141559 0.00000000099999999942 0.42280218184514872792 0.00000000099999999942 0.00000000099999999942 0.00000000099999999942 0.00000000099999999942 0.00000000099999999942 0.00000000099999999942 
0.00000000099999999942 0.00000000099999999942 0.00000000099999999942 0.00000000099999999942 0.99999999000000006077 0.00000000099999999942 0.00000000099999999942 0.00000000099999999942 0.00000000099999999942 0.00000000099999999942 0.00000000099999999942 
0.00000000099999999946 0.00000000099999999946 0.00000000099999999946 0.00000000099999999946 0.00000000099999999946 0.00000000099999999946 0.00000000099999999946 0.00000000099999999946 0.00000000099999999946 0.99999998999999994975 0.00000000099999999946 
0.00000000099999999946 0.00000000099999999946 0.00000000099999999946 0.00000000099999999946 0.00000000099999999946 0.00000000099999999946 0.00000000099999999946 0.00000000099999999946 0.00000000099999999946 0.99999998999999994975 0.00000000099999999946 
0.60807879969039102530 0.39192119130960911821 0.00000000099999999994 0.00000000099999999994 0.00000000099999999994 0.00000000099999999994 0.00000000099999999994 0.00000000099999999994 0.00000000099999999994 0.00000000099999999994 0.00000000099999999994 
0.00000000099999999934 0.00000000099999999934 0.99999999000000006077 0.00000000099999999934 0.00000000099999999934 0.00000000099999999934 0.00000000099999999934 0.00000000099999999934 0.00000000099999999934 0.00000000099999999934 0.00000000099999999934 
0.31282612311048352272 0.30636581737385693014 0.00000000099999999998 0.00000000099999999998 0.00000000099999999998 0.13857196233516055894 0.00000194821386216572 0.00339544144877448797 0.23883870251786232242 0.00000000099999999998 0.00000000099999999998 
0.00000000099999999984 0.99999999000000028282 0.00000000099999999984 0.00000000099999999984 0.00000000099999999984 0.00000000099999999984 0.00000000099999999984 0.00000000099999999984 0.00000000099999999984 0.00000000099999999984 0.00000000099999999984 
0.00000000099999999991 0.00000000099999999991 0.00000000099999999991 0.00000000099999999991 0.00000000099999999991 0.00000000099999999991 0.00000000099999999991 0.99999998999999994975 0.00000000099999999991 0.00000000099999999991 0.00000000099999999991 
0.00000000099999999995 0.00000000099999999995 0.00000000099999999995 0.00000000099999999995 0.00000000099999999995 0.32575366682853817979 0.24938227086420855505 0.00000000099999999995 0.42486405430725315835 0.00000000099999999995 0.00000000099999999995 
