0.01282567922486477739 0.97525386715760054024 0.01192045361753458002 
0.99999999799999994554 0.00000000099999999998 0.00000000099999999998 
0.99999999800000005656 0.00000000099999999997 0.00000000099999999997 
0.04441642736329802499 0.95558357163670193390 0.00000000099999999999 
0.00143563623020308891 0.99841069314322383743 0.00015367062657318633 
0.03332667841438778644 0.96667332058561228347 0.00000000099999999999 
0.99999999800000005656 0.00000000099999999998 0.00000000099999999998 
0.99999999800000005656 0.00000000099999999997 0.00000000099999999997 
0.01264515434294563589 0.98735484465705425361 0.00000000100000000000 
0.99999999799999994554 0.00000000099999999998 0.00000000099999999998 
0.01855438637199371271 0.98144560780067124917 0.00000000582733505285 
0.02536895721741920171 0.97463104178258075372 0.00000000099999999999 
0.00636339169354802579 0.99363660730645197994 0.00000000100000000000 
0.01705239966265462148 0.98147352473430959918 0.00147407560303587973 
0.00227177037886036690 0.98151700422359211551 0.01621122539754747335 
0.06748226238552672285 0.91959405327519594398 0.01292368433927715970 
0.00710912066103398538 0.99289087833896594315 0.00000000099999999999 
0.00000000100000000000 0.99268910203431404149 0.00731089696568595557 
0.00632702124602879060 0.98205354242564890654 0.01161943632832237831 
0.00283910494905393858 0.99716089405094598952 0.00000000099999999999 
0.00280770789008530017 0.99719229110991458587 0.00000000100000000000 
0.99999999799999994554 0.00000000099999999998 0.00000000099999999998 
0.02993475605677006768 0.97006524294322982183 0.00000000099999999999 
0.03848146343247674933 0.96151853556752320262 0.00000000099999999999 
0.03371775385468872566 0.96628224514531124711 0.00000000099999999999 
0.00000000099999999999 0.99999999800000005656 0.00000000099999999999 
0.17025760947836013348 0.04105051755165516070 0.78869187296998477521 
0.18959491450327298212 0.00612378426414741679 0.80428130123257945971 
0.00657211734846465615 0.99327274477323501678 0.00015513787830028310 
0.00000001833215894423 0.99999998066784112627 0.00000000100000000000 
0.02861203526522083582 0.97138796373477920287 0.00000000099999999999 
0.99999999799999994554 0.00000000099999999998 0.00000000099999999998 
0.30714876501709703627 0.45115285720332348740 0.24169837777957947633 
0.00013755611011213973 0.99986244288988779250 0.00000000099999999999 
0.00000000099999999989 0.00000000099999999989 0.99999999800000005656 
0.00000000099999999986 0.00000000099999999986 0.99999999800000005656 
0.00000000099999999987 0.00000000099999999987 0.99999999799999994554 
0.14123537372772035359 0.06280854969601033788 0.79595607657626921139 
0.17050034796527610559 0.02853259028792615171 0.80096706174679777046 
0.00186646045904058258 0.99813353854095943074 0.00000000099999999999 
0.99999999800000005656 0.00000000099999999998 0.00000000099999999998 
0.15163436083324208226 0.06131338027072692765 0.78705225889603103173 
0.03001597687427670635 0.96998402212572321091 0.00000000100000000000 
0.99999999800000005656 0.00000000099999999997 0.00000000099999999997 
0.18426174676416670617 0.02750148064359022801 0.78823677259224311786 
0.02372452932994502037 0.97627546967005485179 0.00000000099999999999 
0.16937622823392645133 0.04071272963992033506 0.78991104212615326219 
0.99999999799999994554 0.00000000099999999998 0.00000000099999999998 
0.99999999799999994554 0.00000000099999999996 0.00000000099999999996 
0.18954482090120750026 0.01798922090518476763 0.79246595819360776680 
0.15944228078518932201 0.03818426946829410473 0.80237344974651658713 
0.99999999800000005656 0.00000000099999999998 0.00000000099999999998 
0.99999999799999994554 0.00000000099999999998 0.00000000099999999998 
0.99999999759532309795 0.00000000140467690310 0.00000000099999999998 
0.16923312671749438096 0.03782748984006584214 0.79293938344243974914 
0.05131107816624957962 0.94300437999277197942 0.00568454184097844269 
0.01085966610766295887 0.97437568966734089404 0.01476464422499604127 
0.02733593794040244801 0.97266406105959757333 0.00000000099999999999 
0.01837965561102840317 0.98162034338897163899 0.00000000099999999999 
0.99999999800000005656 0.00000000099999999998 0.00000000099999999998 
0.00055631885869716327 0.99447680356057177598 0.00496687758073106802 
0.00000000099999999988 0.00000000099999999988 0.99999999800000005656 
0.01539836307709516010 0.98460163592290483869 0.00000000099999999999 
0.00000000099999999989 0.00000000099999999989 0.99999999800000005656 
0.04639491933552542663 0.95360507966447460859 0.00000000100000000000 
0.00000000099999999988 0.00000000099999999988 0.99999999799999994554 
0.01368661470241458282 0.98631338429758541597 0.00000000099999999999 
0.01680962351767568627 0.98242758038351862826 0.00076279609880573664 
0.99999999800000005656 0.00000000099999999997 0.00000000099999999997 
0.00000157638575392264 0.99999842261424598533 0.00000000099999999999 
0.00000000099999999988 0.00000000099999999988 0.99999999799999994554 
0.00000000099999999989 0.00000000099999999989 0.99999999799999994554 
0.09174715014727044538 0.90825284885272938862 0.00000000100000000000 
0.99999999800000005656 0.00000000099999999997 0.00000000099999999997 
0.15825591593077659169 0.07077645377404362392 0.77096763029517978438 
0.99999999799999994554 0.00000000099999999997 0.00000000099999999997 
0.04035853862118772561 0.95964146037881237206 0.00000000100000000000 
0.00000000099999999987 0.00000000099999999987 0.99999999799999994554 
0.16080913340076330442 0.02832413333668390085 0.81086673326255276351 
0.00000000099999999991 0.00000000099999999991 0.99999999800000005656 
0.00460755741880970564 0.98096999362454406768 0.01442244895664620413 
0.99999999799999994554 0.00000000099999999997 0.00000000099999999997 
0.99999999800000005656 0.00000000099999999998 0.00000000099999999998 
0.23688385251377325202 0.76311614648622660972 0.00000000099999999999 
0.00895724369427547233 0.99103370837640669677 0.00000904792931786160 
0.01435102445453240866 0.98564897454546762656 0.00000000099999999999 
0.02867765214233761531 0.97132234685766249971 0.00000000099999999999 
0.00145627294221663023 0.99854372605778329852 0.00000000099999999999 
0.00000000099999999999 0.99999999800000005656 0.00000000099999999999 
0.01694396120155114427 0.98305603779844874524 0.00000000099999999999 
0.01790003995196166181 0.98209995904803815137 0.00000000099999999999 
0.03954405522198745776 0.96045594377801246644 0.00000000100000000000 
0.99999999800000005656 0.00000000099999999998 0.00000000099999999998 
0.99953911454606958475 0.00046088445393041122 0.00000000099999999999 
0.00000000099999999992 0.00000000099999999992 0.99999999799999994554 
0.99999999800000005656 0.00000000099999999998 0.00000000099999999998 
0.99999999800000005656 0.00000000099999999999 0.00000000099999999999 
0.02907700815513555165 0.97092299084486433092 0.00000000099999999999 
0.00000000099999999986 0.00000000099999999986 0.99999999799999994554 
0.00000000100000000000 0.99999737506375274698 0.00000262393624723127 
0.02210568276137522131 0.97789431623862466125 0.00000000099999999999 
0.00439895663659184422 0.98692617547886418716 0.00867486788454404668 
0.03033544542831205504 0.96966455351446645405 0.00000000105722150160 
0.00673589219185068405 0.99326410576805168606 0.00000000204009761123 
0.04050612810081779397 0.95949387089918214411 0.00000000100000000000 
0.00403455727672521330 0.99596544172327472477 0.00000000100000000000 
0.01998847347801792004 0.98001152552198211865 0.00000000100000000000 
0.02194677570940767666 0.95887092513235250291 0.01918229915823984125 
0.01029868754209697229 0.98970109158289432116 0.00000022087500869960 
0.00038124436665699246 0.99961875463334282088 0.00000000099999999999 
0.03110243856300530171 0.95314653987471620322 0.01575102156227843955 
0.00000005844774495376 0.99999994055225505107 0.00000000099999999999 
0.01537049734495011741 0.98462950165504981026 0.00000000100000000000 
0.00149265612322745404 0.99850734287677256340 0.00000000099999999999 
0.03599638373129854241 0.96400361526870137485 0.00000000099999999999 
0.01969907158063678720 0.98030092741936325496 0.00000000100000000000 
0.04341713799095495846 0.95658286100904488247 0.00000000100000000000 
0.00637345681436126896 0.99362654218563861708 0.00000000100000000000 
0.02951034764453856415 0.97048965135546139127 0.00000000099999999999 
0.03080552219946995629 0.89388486810105816094 0.07530960969947182726 
0.00695200197376436534 0.99304799702623558488 0.00000000099999999999 
0.02142715732105629489 0.97857284167894365012 0.00000000099999999999 
0.03054281527169552118 0.96945718372830436138 0.00000000099999999999 
0.00354218051480603225 0.99645781179004899730 0.00000000769514493267 
0.01623835630592831980 0.98376164269407173624 0.00000000099999999999 
0.00969809259809402760 0.98613410723177530315 0.00416780017013066405 
0.02343854276810453108 0.97656145623189538618 0.00000000099999999999 
0.00000000339591410518 0.99999999560408581178 0.00000000099999999999 
0.03689409503296206538 0.96310590396703787963 0.00000000099999999999 
0.99999999799999994554 0.00000000099999999997 0.00000000099999999997 
0.99999995085456949706 0.00000004814543036749 0.00000000099999999999 
0.00000000099999999991 0.00000000099999999991 0.99999999800000005656 
0.16328646345835456932 0.02087587239259345098 0.81583766414905189990 
0.92284111169661098284 0.06316098805132025484 0.01399790025206875364 
0.01649621979530473126 0.98350377920469511661 0.00000000099999999999 
0.03247736698255537097 0.96752262966656255028 0.00000000335088191083 
0.99999999800000005656 0.00000000099999999999 0.00000000099999999999 
0.02226758517151346609 0.97773241382848652403 0.00000000099999999999 
0.00844689216921838508 0.99155310683078146106 0.00000000099999999999 
0.00000000099999999999 0.99999999800000005656 0.00000000099999999999 
0.00000000099999999987 0.00000000099999999987 0.99999999799999994554 
0.00000000099999999987 0.00000000099999999987 0.99999999800000005656 
0.00000000099999999986 0.00000000099999999986 0.99999999799999994554 
0.00000000099999999986 0.00000000099999999986 0.99999999799999994554 
0.00000000099999999988 0.00000000099999999988 0.99999999800000005656 
0.99999999800000005656 0.00000000099999999999 0.00000000099999999999 
0.00702001302099819827 0.99289731829562111187 0.00008266868338067846 
0.00000000099999999987 0.00000000099999999987 0.99999999799999994554 
0.00000000099999999988 0.00000000099999999988 0.99999999800000005656 
0.18058572450954593624 0.00009477449793509200 0.81931950099251893427 
0.16236702686495502190 0.02652149348879330806 0.81111147964625163187 
0.00000109444482025136 0.99999890455517970178 0.00000000100000000000 
0.00000000099999999988 0.00000000099999999988 0.99999999799999994554 
0.01867398254729172452 0.98132601645270833846 0.00000000100000000000 
0.00000000099999999999 0.99999999800000005656 0.00000000099999999999 
0.96300833812601471795 0.03699166087398535890 0.00000000099999999999 
0.01507595517507450376 0.98492404382492559911 0.00000000099999999999 
0.99999999799999994554 0.00000000099999999997 0.00000000099999999997 
0.02822934937495464799 0.97177064962504522416 0.00000000099999999999 
0.99999999799999994554 0.00000000099999999997 0.00000000099999999997 
0.01980866872032616133 0.97798007098014339000 0.00221126029953035586 
0.00061659784876831950 0.99693921402876839455 0.00244418812246322220 
0.00000000099999999988 0.00000000099999999988 0.99999999800000005656 
0.99999999799999994554 0.00000000099999999998 0.00000000099999999998 
0.00000000099999999986 0.00000000099999999986 0.99999999800000005656 
0.00000000099999999988 0.00000000099999999988 0.99999999799999994554 
0.01333635546672237021 0.98666364353327773440 0.00000000099999999999 
0.03037367265159768639 0.96962632634840228985 0.00000000099999999999 
0.01013761943798587375 0.98986237956201406085 0.00000000099999999999 
0.00922340414066488007 0.99077659485933511352 0.00000000099999999999 
0.01474914037813853697 0.98525085862186145835 0.00000000100000000000 
0.02471355924908421806 0.97528643975091566798 0.00000000099999999999 
0.00000000099999999999 0.99999999800000005656 0.00000000099999999999 
0.99631444321549700316 0.00368555578450298522 0.00000000099999999998 
0.00000273243068743478 0.99999726656931242630 0.00000000099999999999 
0.00000000099999999987 0.00000000099999999987 0.99999999799999994554 
0.00203247785284366156 0.99796752114715625570 0.00000000100000000000 
0.00000000099999999996 0.00000000099999999996 0.99999999799999994554 
0.00000000099999999989 0.00000000099999999989 0.99999999799999994554 
0.02707167557136032701 0.97292832342863966311 0.00000000099999999999 
0.00000000646028748810 0.99999999253971239010 0.00000000100000000000 
0.02289157743254441671 0.97710842156745558729 0.00000000100000000000 
0.00000000099999999990 0.00000000099999999990 0.99999999799999994554 
0.99999999800000005656 0.00000000099999999997 0.00000000099999999997 
0.99999999800000005656 0.00000000099999999997 0.00000000099999999997 
0.00000000099999999989 0.00000000099999999989 0.99999999800000005656 
0.01202455980559620323 0.98797543919440367066 0.00000000100000000000 
0.04753611836027153703 0.95246388036928653076 0.00000000127044193169 
0.00000000099999999989 0.00000000099999999989 0.99999999800000005656 
0.01261894738805736764 0.98738105161194267279 0.00000000099999999999 
0.99999999800000005656 0.00000000099999999997 0.00000000099999999997 
0.26107827878179024061 0.55150190532424403500 0.18741981589396572438 
0.03156332093255724558 0.96799962910972026098 0.00043704995772249295 
0.04198188351494507031 0.95801811548505499960 0.00000000100000000000 
0.00521749657253080864 0.99478250242746912857 0.00000000100000000000 
0.00068336631347153847 0.99931663268652837218 0.00000000099999999999 
0.00000000099999999999 0.99999999800000005656 0.00000000099999999999 
0.01118124615426637630 0.98881875284573350626 0.00000000099999999999 
0.01454716593683829350 0.98545283306316155958 0.00000000100000000000 
0.02742496693391646700 0.96156134418578520506 0.01101368888029824814 
0.99999999800000005656 0.00000000099999999998 0.00000000099999999998 
0.02570752879430181215 0.97429247020569820226 0.00000000099999999999 
0.00000000719028578967 0.99999999180971410606 0.00000000100000000000 
0.05068605587896141129 0.94931394312103867250 0.00000000100000000000 
0.01900043062554348378 0.98099956837445656532 0.00000000099999999999 
0.03944211051090950465 0.95865638693341370669 0.00190150255567684656 
0.00000134456641287754 0.99999865443358704198 0.00000000099999999999 
0.02158636427209601957 0.97841363472790388034 0.00000000100000000000 
0.99710337376954449873 0.00289662523045546494 0.00000000099999999999 
0.02879495965977996175 0.97120503934021995551 0.00000000100000000000 
0.01089795665029310960 0.98910204234970688919 0.00000000100000000000 
0.01309766783736020235 0.97628628431581976344 0.01061604784682000820 
0.99999989714453185741 0.00000010185546805938 0.00000000099999999999 
0.03026977962517451992 0.95003247415807012821 0.01969774621675533452 
0.01459583214886419310 0.98540416142625197882 0.00000000642488379986 
0.48608206154993638393 0.51391793745006353333 0.00000000099999999999 
0.02886689877391731066 0.97113310022608256844 0.00000000099999999999 
0.00000000099999999990 0.00000000099999999990 0.99999999799999994554 
0.02945376012287518469 0.97054587306460993190 0.00000036681251491940 
0.03019106536478577754 0.96980893363521425421 0.00000000100000000000 
