0.01817099980062604134 0.00000000100000000000 0.00000000100000000000 0.46627093577166944804 0.32337108275722487027 0.19218697867047959682 0.00000000100000000000 
0.00000000099999999995 0.99999999400000005867 0.00000000099999999995 0.00000000099999999995 0.00000000099999999995 0.00000000099999999995 0.00000000099999999995 
0.00000000099999999995 0.99999999400000016969 0.00000000099999999995 0.00000000099999999995 0.00000000099999999995 0.00000000099999999995 0.00000000099999999995 
0.00000000099999999999 0.02796048591888882981 0.00000000099999999999 0.30361389154689222281 0.22550975671278389312 0.24931802008937845039 0.19359784373205662922 
0.00472881261389947096 0.00000000100000000000 0.00000000100000000000 0.33213675949556975553 0.21563866177617352360 0.20163762112030150786 0.24585814299405561734 
0.00000000099999999999 0.02181900489813370925 0.00000000099999999999 0.38215307487340172132 0.30007092098496568333 0.13916985156385375255 0.15678714567964519011 
0.00000000099999999996 0.99999999400000005867 0.00000000099999999996 0.00000000099999999996 0.00000000099999999996 0.00000000099999999996 0.00000000099999999996 
0.00000000099999999993 0.99999999400000005867 0.00000000099999999993 0.00000000099999999993 0.00000000099999999993 0.00000000099999999993 0.00000000099999999993 
0.01376336430719066369 0.00000000099999999999 0.00000000099999999999 0.29727555485372325617 0.00000000099999999999 0.16856061079914200218 0.52040046703994402577 
0.00000000099999999995 0.99999999400000005867 0.00000000099999999995 0.00000000099999999995 0.00000000099999999995 0.00000000099999999995 0.00000000099999999995 
0.00000000099999999998 0.00000000099999999998 0.00000000099999999998 0.00000000099999999998 0.52826868797483461648 0.00000000099999999998 0.47173130702516530288 
0.00475101728758631041 0.01271866586002846217 0.00000000099999999999 0.28191893303304799145 0.24414428179520444862 0.13960011732195154455 0.31686698370218119303 
0.00000000099999999998 0.00000000099999999998 0.00000000099999999998 0.00000000099999999998 0.23936868294672050683 0.25106654447477128045 0.50956476857850818707 
0.00823338241499097998 0.00000000099999999999 0.00000000099999999999 0.32319361100429883082 0.39300614863431898582 0.10161929303586701712 0.17394756291052426711 
0.00000000099999999990 0.00000000099999999990 0.00000000099999999990 0.00000000099999999990 0.99999999400000005867 0.00000000099999999990 0.00000000099999999990 
0.02760470353422710132 0.05279255517473380177 0.00000000099999999999 0.35552383574781060149 0.17720530762792097157 0.16163768357898389283 0.22523591333632353439 
0.00000000099999999995 0.00000000099999999995 0.00000000099999999995 0.99999999400000005867 0.00000000099999999995 0.00000000099999999995 0.00000000099999999995 
0.00133094433741330728 0.00000000099999999999 0.00006166403897703236 0.29916183122465228594 0.15080708146702645478 0.07501918043723095064 0.47361929749469983131 
0.00174502837756842361 0.00000000100000000000 0.00000000100000000000 0.41963411177946691177 0.31035849744502708170 0.01159387719399545581 0.25666848320394208827 
0.00000000099999999997 0.00000000099999999997 0.00000000099999999997 0.63653643495444101053 0.36346356004555907537 0.00000000099999999997 0.00000000099999999997 
0.00000000099999999998 0.00000000099999999998 0.00000000099999999998 0.07592186921301788405 0.39622704312761919399 0.01590439744625057189 0.51194668721311220594 
0.00000000099999999997 0.99287531962149944142 0.00000000099999999997 0.00712467537850057075 0.00000000099999999997 0.00000000099999999997 0.00000000099999999997 
0.00000000099999999998 0.00392821451610404684 0.00000000099999999998 0.00000021462399557280 0.46252877996787356008 0.20219607555697707846 0.33134671333504972512 
0.00000000099999999983 0.00000000099999999983 0.00000000099999999983 0.00000000099999999983 0.00000000099999999983 0.99999999400000005867 0.00000000099999999983 
0.00000000099999999998 0.02659947487849826861 0.00000000099999999998 0.28138717827952908213 0.30948516708695750221 0.00000000099999999998 0.38252817675501532557 
0.00000000099999999999 0.00000000099999999999 0.00000000099999999999 0.26714944760100650667 0.17977753882464519997 0.24602085173855731126 0.30705215883579106695 
0.99999999400000016969 0.00000000099999999974 0.00000000099999999974 0.00000000099999999974 0.00000000099999999974 0.00000000099999999974 0.00000000099999999974 
0.99999999400000005867 0.00000000099999999970 0.00000000099999999970 0.00000000099999999970 0.00000000099999999970 0.00000000099999999970 0.00000000099999999970 
0.00000000099999999999 0.00000000099999999999 0.00000000099999999999 0.00000000099999999999 0.33657764132789991240 0.17491671930579935634 0.48850563536630065009 
0.00000000099999999995 0.00000000099999999995 0.00000000099999999995 0.00000000099999999995 0.00000000099999999995 0.00000000099999999995 0.99999999399999994765 
0.00000000099999999999 0.01749952908451818390 0.00000000099999999999 0.23540888914372609664 0.08153111171809761248 0.17460946755264059038 0.49095100050101736500 
0.00000000099999999995 0.95859995807692344183 0.00000000099999999995 0.00000000099999999995 0.00000000099999999995 0.04140003692307665795 0.00000000099999999995 
0.35612435492507316104 0.16862068627407175714 0.00000000099999999991 0.00000000099999999991 0.00000000099999999991 0.47525495480085511169 0.00000000099999999991 
0.00000000099999999997 0.00000000099999999997 0.00000000099999999997 0.58484825098220649675 0.00000000099999999997 0.00000000099999999997 0.41515174401779358915 
0.00000000099999999969 0.00000000099999999969 0.99999999400000005867 0.00000000099999999969 0.00000000099999999969 0.00000000099999999969 0.00000000099999999969 
0.00000000099999999961 0.00000000099999999961 0.99999999400000005867 0.00000000099999999961 0.00000000099999999961 0.00000000099999999961 0.00000000099999999961 
0.00000000099999999962 0.00000000099999999962 0.99999999400000005867 0.00000000099999999962 0.00000000099999999962 0.00000000099999999962 0.00000000099999999962 
0.99999999400000005867 0.00000000099999999975 0.00000000099999999975 0.00000000099999999975 0.00000000099999999975 0.00000000099999999975 0.00000000099999999975 
0.99999999400000005867 0.00000000099999999971 0.00000000099999999971 0.00000000099999999971 0.00000000099999999971 0.00000000099999999971 0.00000000099999999971 
0.00000000099999999997 0.00000000099999999997 0.00000000099999999997 0.00000000099999999997 0.35979599076389806589 0.19705221285336063652 0.44315179238274132745 
0.00000000099999999997 0.99999999400000005867 0.00000000099999999997 0.00000000099999999997 0.00000000099999999997 0.00000000099999999997 0.00000000099999999997 
0.99999999400000016969 0.00000000099999999973 0.00000000099999999973 0.00000000099999999973 0.00000000099999999973 0.00000000099999999973 0.00000000099999999973 
0.00087848024461415798 0.00865835911830677846 0.00000000099999999999 0.37281392248093081498 0.27476524210868080722 0.34288230377646850000 0.00000169127099893912 
0.00000000099999999994 0.99999999400000005867 0.00000000099999999994 0.00000000099999999994 0.00000000099999999994 0.00000000099999999994 0.00000000099999999994 
0.99999999400000005867 0.00000000099999999976 0.00000000099999999976 0.00000000099999999976 0.00000000099999999976 0.00000000099999999976 0.00000000099999999976 
0.00000000099999999998 0.00473614738921195565 0.00000000099999999998 0.53354289140806920866 0.26902902680690415904 0.19269193139581444751 0.00000000099999999998 
0.99999999400000016969 0.00000000099999999973 0.00000000099999999973 0.00000000099999999973 0.00000000099999999973 0.00000000099999999973 0.00000000099999999973 
0.00000000099999999995 0.99999999400000016969 0.00000000099999999995 0.00000000099999999995 0.00000000099999999995 0.00000000099999999995 0.00000000099999999995 
0.00000000099999999992 0.99999999400000016969 0.00000000099999999992 0.00000000099999999992 0.00000000099999999992 0.00000000099999999992 0.00000000099999999992 
0.99999999400000005867 0.00000000099999999969 0.00000000099999999969 0.00000000099999999969 0.00000000099999999969 0.00000000099999999969 0.00000000099999999969 
0.99999999400000005867 0.00000000099999999972 0.00000000099999999972 0.00000000099999999972 0.00000000099999999972 0.00000000099999999972 0.00000000099999999972 
0.00000000099999999995 0.99999999400000016969 0.00000000099999999995 0.00000000099999999995 0.00000000099999999995 0.00000000099999999995 0.00000000099999999995 
0.00000000099999999996 0.99999999400000016969 0.00000000099999999996 0.00000000099999999996 0.00000000099999999996 0.00000000099999999996 0.00000000099999999996 
0.00000000099999999996 0.99999999400000005867 0.00000000099999999996 0.00000000099999999996 0.00000000099999999996 0.00000000099999999996 0.00000000099999999996 
0.99999999400000016969 0.00000000099999999976 0.00000000099999999976 0.00000000099999999976 0.00000000099999999976 0.00000000099999999976 0.00000000099999999976 
0.01082476956599143399 0.03556623201442758730 0.00000000100000000000 0.22756848981287491895 0.31015957642678804174 0.21248393363410245094 0.20339699754581563873 
0.02117266747916916880 0.00000000099999999999 0.00000000099999999999 0.13673936978982079160 0.32803975773748117462 0.18861369178407821900 0.32543451120945060540 
0.00000000099999999988 0.00000000099999999988 0.00000000099999999988 0.00000000099999999988 0.99999999400000005867 0.00000000099999999988 0.00000000099999999988 
0.00000000099999999992 0.00000000099999999992 0.00000000099999999992 0.00000000099999999992 0.00000000099999999992 0.99999999399999994765 0.00000000099999999992 
0.00000000099999999995 0.99999999400000005867 0.00000000099999999995 0.00000000099999999995 0.00000000099999999995 0.00000000099999999995 0.00000000099999999995 
0.00523564783590772277 0.00000000100000000000 0.00000000100000000000 0.33729536107011737212 0.05509982829095644991 0.16748911986249873096 0.43488004094051974091 
0.00000000099999999967 0.00000000099999999967 0.99999999399999994765 0.00000000099999999967 0.00000000099999999967 0.00000000099999999967 0.00000000099999999967 
0.00000000099999999993 0.00000000099999999993 0.00000000099999999993 0.99999999399999994765 0.00000000099999999993 0.00000000099999999993 0.00000000099999999993 
0.00000000099999999968 0.00000000099999999968 0.99999999400000005867 0.00000000099999999968 0.00000000099999999968 0.00000000099999999968 0.00000000099999999968 
0.00000000099999999999 0.02907542927687030085 0.00000000099999999999 0.28273966529267141601 0.00000000099999999999 0.29290776367991994134 0.39527713875053832604 
0.00000000099999999968 0.00000000099999999968 0.99999999400000005867 0.00000000099999999968 0.00000000099999999968 0.00000000099999999968 0.00000000099999999968 
0.00000000099999999995 0.00000000099999999995 0.00000000099999999995 0.99999999399999994765 0.00000000099999999995 0.00000000099999999995 0.00000000099999999995 
0.00000000099999999999 0.00000000099999999999 0.00000000099999999999 0.60475403913412917323 0.00000000099999999999 0.39524595586587091267 0.00000000099999999999 
0.00000000099999999993 0.99999999400000016969 0.00000000099999999993 0.00000000099999999993 0.00000000099999999993 0.00000000099999999993 0.00000000099999999993 
0.00000000099999999993 0.00000000099999999993 0.00000000099999999993 0.99999999399999994765 0.00000000099999999993 0.00000000099999999993 0.00000000099999999993 
0.00000000099999999969 0.00000000099999999969 0.99999999399999994765 0.00000000099999999969 0.00000000099999999969 0.00000000099999999969 0.00000000099999999969 
0.00000000099999999971 0.00000000099999999971 0.99999999399999994765 0.00000000099999999971 0.00000000099999999971 0.00000000099999999971 0.00000000099999999971 
0.00000000099999999999 0.08156796303787844371 0.00000000099999999999 0.17673713707089361291 0.47326430733230973047 0.00000000099999999999 0.26843058955891824224 
0.00000000099999999994 0.99999999400000005867 0.00000000099999999994 0.00000000099999999994 0.00000000099999999994 0.00000000099999999994 0.00000000099999999994 
0.99999999400000016969 0.00000000099999999978 0.00000000099999999978 0.00000000099999999978 0.00000000099999999978 0.00000000099999999978 0.00000000099999999978 
0.00000000099999999994 0.99999999400000016969 0.00000000099999999994 0.00000000099999999994 0.00000000099999999994 0.00000000099999999994 0.00000000099999999994 
0.00000000099999999999 0.02829354305536897068 0.00000000099999999999 0.25282622274532090545 0.12522251821619639900 0.16578514612199962697 0.42787256786111421691 
0.00000000099999999965 0.00000000099999999965 0.99999999399999994765 0.00000000099999999965 0.00000000099999999965 0.00000000099999999965 0.00000000099999999965 
0.99999999400000016969 0.00000000099999999967 0.00000000099999999967 0.00000000099999999967 0.00000000099999999967 0.00000000099999999967 0.00000000099999999967 
0.00000000099999999973 0.00000000099999999973 0.99999999400000005867 0.00000000099999999973 0.00000000099999999973 0.00000000099999999973 0.00000000099999999973 
0.00265369871826581219 0.00000000100000000000 0.00000000100000000000 0.00443103585395271914 0.28149605590937204491 0.34796680817999386948 0.36345239933841555491 
0.00000000099999999992 0.99999999400000016969 0.00000000099999999992 0.00000000099999999992 0.00000000099999999992 0.00000000099999999992 0.00000000099999999992 
0.00000000099999999994 0.99999999400000016969 0.00000000099999999994 0.00000000099999999994 0.00000000099999999994 0.00000000099999999994 0.00000000099999999994 
0.00000000099999999998 0.22750575018313803910 0.00000000099999999998 0.31569644998689866400 0.09625704126488079937 0.29677523195523952682 0.06376552460984305504 
0.01975167829736598421 0.00000000099999999999 0.00000000099999999999 0.00000000144130965715 0.19522237213835019753 0.22646916921284054869 0.55855677691013361219 
0.00000000099999999994 0.00000000099999999994 0.00000000099999999994 0.00000000099999999994 0.00000000099999999994 0.00000000099999999994 0.99999999399999994765 
0.00000000099999999998 0.01699660637662640805 0.00000000099999999998 0.44657349019185244021 0.18588420810021918927 0.00003579890824345307 0.35050989442305846566 
0.00000000099999999999 0.00000000099999999999 0.00000000099999999999 0.00000000099999999999 0.20924996630655803842 0.12142892963632867520 0.66932110005711320522 
0.00000000099999999997 0.00000000099999999997 0.00000000099999999997 0.43585669023184836490 0.18926126916370197839 0.03746015664347337321 0.33742188096097625039 
0.00000000099999999998 0.00145442563782459617 0.00000000099999999998 0.43244338865136222605 0.19632324504443865454 0.11991245340760413318 0.24986648525877042104 
0.00000000099999999998 0.00000000099999999998 0.00000000099999999998 0.00000000099999999998 0.00000000145516894505 0.29514563772136265252 0.70485435682346853081 
0.00000000099999999998 0.03066979175641443636 0.00000000099999999998 0.21035697199374520094 0.00000000277738535282 0.28875629255481610747 0.47021693891763888251 
0.00000000099999999995 0.99999999400000005867 0.00000000099999999995 0.00000000099999999995 0.00000000099999999995 0.00000000099999999995 0.00000000099999999995 
0.00000000099999999998 0.98562545385344746407 0.00000000099999999998 0.00000000099999999998 0.01437452742028023922 0.00000000099999999998 0.00000001472627237483 
0.00000000099999999981 0.00000000099999999981 0.99999999399999994765 0.00000000099999999981 0.00000000099999999981 0.00000000099999999981 0.00000000099999999981 
0.00000000099999999997 0.99999999400000016969 0.00000000099999999997 0.00000000099999999997 0.00000000099999999997 0.00000000099999999997 0.00000000099999999997 
0.00000000099999999998 0.99747713296938544936 0.00000000099999999998 0.00000000099999999998 0.00247995934881961632 0.00000000099999999998 0.00004290368179505220 
0.00407934087544875416 0.01651463576487174900 0.00000000099999999999 0.33941256280026566028 0.21410416406878166051 0.10162435586521322006 0.32426493962541891314 
0.00000000099999999961 0.00000000099999999961 0.99999999400000005867 0.00000000099999999961 0.00000000099999999961 0.00000000099999999961 0.00000000099999999961 
0.00000000099999999998 0.00000000099999999998 0.00000000099999999998 0.00000000099999999998 0.20605344880677406438 0.18979811086204331771 0.60414843633118275879 
0.00000000099999999994 0.00000000099999999994 0.00000000099999999994 0.00000000099999999994 0.00000000099999999994 0.00000000099999999994 0.99999999400000005867 
0.00000000099999999999 0.00000000099999999999 0.00000000099999999999 0.55354389185197283574 0.18172488176265000348 0.00000000099999999999 0.26473122238537699635 
0.00000000099999999999 0.01157668154556769705 0.00000000099999999999 0.33632373141728633126 0.12475252600345021481 0.00000000099999999999 0.52734705803369563704 
0.00000000099999999999 0.00000000099999999999 0.00000000099999999999 0.33291856151748172588 0.17093264121721291060 0.24965841036660171848 0.24649038389870353560 
0.00000000099999999992 0.00000000099999999992 0.00000000099999999992 0.00000000099999999992 0.00000000099999999992 0.99999999399999994765 0.00000000099999999992 
0.00000000099999999998 0.00000000099999999998 0.00000000099999999998 0.67515075345184882849 0.32484924154815114639 0.00000000099999999998 0.00000000099999999998 
0.00000000099999999999 0.00000000099999999999 0.00000000099999999999 0.34824025282866866160 0.37413704951596371551 0.27762269365536745847 0.00000000099999999999 
0.02299943401682255986 0.00000000099999999999 0.00000000099999999999 0.64789094785718226444 0.00000000099999999999 0.32910961412599515352 0.00000000099999999999 
0.00000000099999999994 0.00000000099999999994 0.00000000099999999994 0.00000000099999999994 0.00000000099999999994 0.00000000099999999994 0.99999999399999994765 
0.00000000099999999998 0.00000000099999999998 0.00000000099999999998 0.46788778548638915167 0.15346257702986823568 0.00000000099999999998 0.37864963348374264251 
0.01868755830348138580 0.01503516560383287744 0.00000000100000000000 0.61870789997417174888 0.34208181961029898721 0.00548755450821487595 0.00000000100000000000 
0.00000000099999999997 0.00000000099999999997 0.00000000099999999997 0.47505400141575782058 0.52494599358424220981 0.00000000099999999997 0.00000000099999999997 
0.00000000099999999999 0.00506156939021157153 0.00000000099999999999 0.54186312364505651029 0.21771207672445655468 0.00000000099999999999 0.23536322724027547437 
0.00000000099999999998 0.00000000099999999998 0.00000000099999999998 0.57907248870142657982 0.00000000099999999998 0.16239815530360485196 0.25852935199496862584 
0.00000000099999999991 0.00000000099999999991 0.00000000099999999991 0.00000000099999999991 0.00000000099999999991 0.99999999400000005867 0.00000000099999999991 
0.00000000099999999999 0.00827068835613289921 0.00000000099999999999 0.43773910012601130459 0.18293587440096756302 0.23539315729967910662 0.13566117781720915536 
0.00000000099999999999 0.02587979374091988263 0.00000000099999999999 0.17528931478669781963 0.35264881598808539565 0.24229961837168617622 0.20388245511261077203 
0.00000000099999999999 0.00000000099999999999 0.00000000099999999999 0.28812882046835386340 0.33758611338667537938 0.23820338428207457615 0.13608167886289604387 
0.00000000099999999998 0.00725023109787772436 0.00000000099999999998 0.48986006166661322236 0.00000000099999999998 0.00000000099999999998 0.50288970323550907793 
0.00361187013539652352 0.01335951961921594613 0.06739193913998098306 0.25673709641933184500 0.30396533110763362950 0.02815612931811548730 0.32677811426032554731 
0.00000000099999999998 0.00000000099999999998 0.00000000099999999998 0.52958513191741185544 0.27108131518616290778 0.19933317450091458944 0.00000037539551055881 
0.00000000099999999998 0.00884263885755448044 0.00000000099999999998 0.21267762097781442443 0.17455806416692107308 0.12401187301717370159 0.47990980098053631631 
0.00000000099999999997 0.01244119048488387391 0.00000000099999999997 0.37941165239480528770 0.33935633759790267971 0.00246392285982736936 0.26632689466258091526 
0.01033516093089884187 0.00000000099999999999 0.00000000099999999999 0.23283617318502849991 0.27299879946379679296 0.22274540593599914673 0.26108445848427663805 
0.00000000099999999998 0.00763550534525634077 0.00000000099999999998 0.29598401621262354633 0.23623846017069474734 0.17430445056513393931 0.28583756570629137439 
0.00127901628216533299 0.00000000100000000000 0.00000000100000000000 0.16679105021213183613 0.26053214850260841828 0.31537164878929102585 0.25602613421380343572 
0.00572390465723501048 0.00810016093244627852 0.00000000099999999999 0.20538417941158013114 0.14060956346788333615 0.23518682132195711798 0.40499536920889817049 
0.00000000099999999993 0.00000000099999999993 0.00000000099999999993 0.99999999400000005867 0.00000000099999999993 0.00000000099999999993 0.00000000099999999993 
0.00000000099999999992 0.00000000099999999992 0.00000000099999999992 0.00000000099999999992 0.00000000099999999992 0.00000000099999999992 0.99999999400000005867 
0.00000000099999999994 0.99999999400000005867 0.00000000099999999994 0.00000000099999999994 0.00000000099999999994 0.00000000099999999994 0.00000000099999999994 
0.00000000099999999998 0.99999953782564798832 0.00000000099999999998 0.00000000099999999998 0.00000045717435202996 0.00000000099999999998 0.00000000099999999998 
0.00000000099999999974 0.00000000099999999974 0.99999999400000005867 0.00000000099999999974 0.00000000099999999974 0.00000000099999999974 0.00000000099999999974 
0.99999999400000016969 0.00000000099999999968 0.00000000099999999968 0.00000000099999999968 0.00000000099999999968 0.00000000099999999968 0.00000000099999999968 
0.03638665536826819757 0.89598063254459714422 0.00000000099999999999 0.00000000099999999999 0.06763270808713474358 0.00000000099999999999 0.00000000099999999999 
0.00000000099999999998 0.00990886815276968182 0.00000000099999999998 0.44284234624660989699 0.11443822100034307943 0.13397144879066341661 0.29883911380961386550 
0.00000000099999999995 0.00000000099999999995 0.00000000099999999995 0.99999999399999994765 0.00000000099999999995 0.00000000099999999995 0.00000000099999999995 
0.00405089033816123049 0.99594910466183883546 0.00000000099999999998 0.00000000099999999998 0.00000000099999999998 0.00000000099999999998 0.00000000099999999998 
0.00000000099999999998 0.00956794701608920141 0.00000000099999999998 0.28719825553002881202 0.31012406567846018124 0.18457397415983009537 0.20853575561559187235 
0.00946197867863913904 0.00000000099999999998 0.00000000099999999998 0.32332268067034747316 0.12173060386877282424 0.20640368725178850906 0.33908104753045203994 
0.00000000099999999989 0.00000000099999999989 0.00000000099999999989 0.00000000099999999989 0.00000000099999999989 0.99999999400000005867 0.00000000099999999989 
0.00000000099999999966 0.00000000099999999966 0.99999999400000005867 0.00000000099999999966 0.00000000099999999966 0.00000000099999999966 0.00000000099999999966 
0.00000000099999999968 0.00000000099999999968 0.99999999399999994765 0.00000000099999999968 0.00000000099999999968 0.00000000099999999968 0.00000000099999999968 
0.00000000099999999961 0.00000000099999999961 0.99999999400000005867 0.00000000099999999961 0.00000000099999999961 0.00000000099999999961 0.00000000099999999961 
0.00000000099999999963 0.00000000099999999963 0.99999999399999994765 0.00000000099999999963 0.00000000099999999963 0.00000000099999999963 0.00000000099999999963 
0.00000000099999999964 0.00000000099999999964 0.99999999400000005867 0.00000000099999999964 0.00000000099999999964 0.00000000099999999964 0.00000000099999999964 
0.00000000099999999998 0.99999999400000016969 0.00000000099999999998 0.00000000099999999998 0.00000000099999999998 0.00000000099999999998 0.00000000099999999998 
0.00088717452166561534 0.00000000099999999999 0.00000000099999999999 0.13228088724147030186 0.21306599761330879961 0.35923513712296689659 0.29453080150058830178 
0.00000000099999999963 0.00000000099999999963 0.99999999400000005867 0.00000000099999999963 0.00000000099999999963 0.00000000099999999963 0.00000000099999999963 
0.00000000099999999969 0.00000000099999999969 0.99999999399999994765 0.00000000099999999969 0.00000000099999999969 0.00000000099999999969 0.00000000099999999969 
0.99999999400000016969 0.00000000099999999967 0.00000000099999999967 0.00000000099999999967 0.00000000099999999967 0.00000000099999999967 0.00000000099999999967 
0.99999999400000005867 0.00000000099999999967 0.00000000099999999967 0.00000000099999999967 0.00000000099999999967 0.00000000099999999967 0.00000000099999999967 
0.00000000099999999989 0.00000000099999999989 0.00000000099999999989 0.00000000099999999989 0.99999999399999994765 0.00000000099999999989 0.00000000099999999989 
0.00000000099999999966 0.00000000099999999966 0.99999999399999994765 0.00000000099999999966 0.00000000099999999966 0.00000000099999999966 0.00000000099999999966 
0.00000000099999999995 0.00000000099999999995 0.00000000099999999995 0.00000000099999999995 0.00000000099999999995 0.00000000099999999995 0.99999999399999994765 
0.00000000099999999994 0.00000000099999999994 0.00000000099999999994 0.99999999399999994765 0.00000000099999999994 0.00000000099999999994 0.00000000099999999994 
0.00000000099999999998 0.94643614106136564335 0.00000000099999999998 0.00000000099999999998 0.05356385393863440092 0.00000000099999999998 0.00000000099999999998 
0.00000000099999999993 0.00000000099999999993 0.00000000099999999993 0.00000000099999999993 0.00000000099999999993 0.00000000099999999993 0.99999999400000005867 
0.00000000099999999992 0.99999999400000016969 0.00000000099999999992 0.00000000099999999992 0.00000000099999999992 0.00000000099999999992 0.00000000099999999992 
0.00000000099999999999 0.01223044210516902736 0.00000000099999999999 0.20312542682889128676 0.25050368694699881589 0.23099980336912223633 0.30314063874981861391 
0.00000000099999999993 0.99999999400000016969 0.00000000099999999993 0.00000000099999999993 0.00000000099999999993 0.00000000099999999993 0.00000000099999999993 
0.01110649648443843597 0.00000000099999999999 0.00000000099999999999 0.46271155235018140983 0.19007942582251186048 0.33610252234286835948 0.00000000099999999999 
0.00000000099999999998 0.00000000099999999998 0.00000000099999999998 0.78558722331843333642 0.00000000099999999998 0.21441277168156658295 0.00000000099999999998 
0.00000000099999999969 0.00000000099999999969 0.99999999400000005867 0.00000000099999999969 0.00000000099999999969 0.00000000099999999969 0.00000000099999999969 
0.00000000099999999995 0.99999999400000016969 0.00000000099999999995 0.00000000099999999995 0.00000000099999999995 0.00000000099999999995 0.00000000099999999995 
0.00000000099999999964 0.00000000099999999964 0.99999999400000005867 0.00000000099999999964 0.00000000099999999964 0.00000000099999999964 0.00000000099999999964 
0.00000000099999999963 0.00000000099999999963 0.99999999399999994765 0.00000000099999999963 0.00000000099999999963 0.00000000099999999963 0.00000000099999999963 
0.00000000099999999999 0.00000000099999999999 0.00000000099999999999 0.48002023448970759789 0.28561656031956839108 0.23436320119072384660 0.00000000099999999999 
0.00000000099999999998 0.02221482605133801025 0.00000000099999999998 0.20331574358736853592 0.11885997749279542113 0.18678624360386331116 0.46882320726463461158 
0.00000000099999999998 0.00000000099999999998 0.00000000099999999998 0.31047602482013958447 0.17505641542584784998 0.12757306684423869170 0.38689448990977393095 
0.00000000099999999999 0.00000000099999999999 0.00000000099999999999 0.22789636343727676104 0.26927481801055208610 0.16067654576304563063 0.34215226978912549605 
0.00793110807975190395 0.00000000099999999999 0.00000000099999999999 0.49918839748219107078 0.33435817746828272456 0.15852231062782959348 0.00000000434194472684 
0.00140205554945543854 0.00574796675392866708 0.00000000099999999998 0.30917412095211144196 0.00010503200659642133 0.31778407603233077561 0.36578674770557745299 
0.00000000099999999993 0.00000000099999999993 0.00000000099999999993 0.00000000099999999993 0.00000000099999999993 0.00000000099999999993 0.99999999400000005867 
0.00000000099999999997 0.97337469999665049425 0.00000000099999999997 0.00000000099999999997 0.02662529500334950491 0.00000000099999999997 0.00000000099999999997 
0.00000000099999999998 0.00000000099999999998 0.00000000099999999998 0.38747757963196199915 0.00000000099999999998 0.21852138982225433050 0.39400102654578350592 
0.00000000099999999963 0.00000000099999999963 0.99999999399999994765 0.00000000099999999963 0.00000000099999999963 0.00000000099999999963 0.00000000099999999963 
0.00000000099999999990 0.00000000099999999990 0.00000000099999999990 0.00000000099999999990 0.99999999400000005867 0.00000000099999999990 0.00000000099999999990 
0.00000000099999999988 0.00000000099999999988 0.99999999399999994765 0.00000000099999999988 0.00000000099999999988 0.00000000099999999988 0.00000000099999999988 
0.00000000099999999968 0.00000000099999999968 0.99999999399999994765 0.00000000099999999968 0.00000000099999999968 0.00000000099999999968 0.00000000099999999968 
0.00000000099999999998 0.01383050536144990808 0.00000000099999999998 0.55525692803652559881 0.32963767661645160256 0.10127488698557284008 0.00000000099999999998 
0.00341949767290750627 0.00000000099999999999 0.00000000099999999999 0.40865685568384196857 0.22510825774312434588 0.15358348527821724661 0.20923190162190888342 
0.00000000099999999996 0.00000000099999999996 0.00000000099999999996 0.99999999400000005867 0.00000000099999999996 0.00000000099999999996 0.00000000099999999996 
0.00000000099999999971 0.00000000099999999971 0.99999999399999994765 0.00000000099999999971 0.00000000099999999971 0.00000000099999999971 0.00000000099999999971 
0.00000000099999999994 0.99999999400000005867 0.00000000099999999994 0.00000000099999999994 0.00000000099999999994 0.00000000099999999994 0.00000000099999999994 
0.00000000099999999994 0.99999999400000005867 0.00000000099999999994 0.00000000099999999994 0.00000000099999999994 0.00000000099999999994 0.00000000099999999994 
0.00000000099999999968 0.00000000099999999968 0.99999999399999994765 0.00000000099999999968 0.00000000099999999968 0.00000000099999999968 0.00000000099999999968 
0.00000000099999999999 0.00284260649222846601 0.00000000099999999999 0.34449513185348967781 0.00000037418102833288 0.29261355130980892802 0.36004833416344456110 
0.00459986674114509341 0.03191382858704737424 0.00000000099999999999 0.18556886044616199838 0.37280195635456275793 0.26997800645895497773 0.13513748041212780837 
0.00000000099999999969 0.00000000099999999969 0.99999999399999994765 0.00000000099999999969 0.00000000099999999969 0.00000000099999999969 0.00000000099999999969 
0.00178733494817101654 0.00000000099999999999 0.00000000099999999999 0.26415323637660953482 0.18104318353195242297 0.25510240589798849342 0.29791383724527858989 
0.00000000099999999992 0.99999999400000016969 0.00000000099999999992 0.00000000099999999992 0.00000000099999999992 0.00000000099999999992 0.00000000099999999992 
0.10326562514187223596 0.22248467806298038996 0.10678370681857349278 0.00000000099999999999 0.56746598697657391064 0.00000000099999999999 0.00000000099999999999 
0.00000000099999999994 0.00000000099999999994 0.00000000099999999994 0.00000000099999999994 0.00000000099999999994 0.99999999399999994765 0.00000000099999999994 
0.01304047014803580429 0.02620655032591612948 0.00000000099999999999 0.35654620292221672617 0.18707676217626537096 0.00000000099999999999 0.41713001242756597708 
0.00685180371322245858 0.00000000099999999999 0.00000000099999999999 0.32417197965034244556 0.23236314273957542342 0.00003602189516640666 0.43657705000169322318 
0.00000000099999999998 0.00000000099999999998 0.00000000099999999998 0.25135630787655355300 0.30094745355368029971 0.44769623456976598286 0.00000000099999999998 
0.00000000099999999993 0.00000000099999999993 0.00000000099999999993 0.00000000099999999993 0.00000000099999999993 0.00000000099999999993 0.99999999399999994765 
0.00000000099999999998 0.00000000099999999998 0.00000000099999999998 0.02233344874217920231 0.13068801964352488865 0.14791996911507679369 0.69905855949921924530 
0.00982544443756223733 0.00000000180512224759 0.00000000099999999999 0.28353413309851971391 0.15361095339758526479 0.23339826404559085860 0.31963120221561963641 
0.00000000100000000000 0.01796139872644010593 0.00000000100000000000 0.35586947817160585750 0.32753104073795852313 0.00000000100000000000 0.29863807936399561216 
0.00000000099999999996 0.99999999400000016969 0.00000000099999999996 0.00000000099999999996 0.00000000099999999996 0.00000000099999999996 0.00000000099999999996 
0.00000000099999999990 0.00000000099999999990 0.00000000099999999990 0.00000000099999999990 0.99999999400000005867 0.00000000099999999990 0.00000000099999999990 
0.00000000099999999995 0.00000000099999999995 0.00000000099999999995 0.99999999399999994765 0.00000000099999999995 0.00000000099999999995 0.00000000099999999995 
0.00000000099999999999 0.04194169866268317864 0.00000000099999999999 0.43354688559846277229 0.10270972878051924659 0.13511258999027822569 0.28668909496805655701 
0.00000000099999999993 0.00000000099999999993 0.00000000099999999993 0.99999999400000005867 0.00000000099999999993 0.00000000099999999993 0.00000000099999999993 
0.00000000099999999999 0.03075862032898351098 0.00000000099999999999 0.54047723314532236660 0.00000000246288825025 0.00000002146242033841 0.42876412060038548990 
0.00000000099999999998 0.00000000099999999998 0.00000000099999999998 0.62943090584873084836 0.00000000099999999998 0.00000000099999999998 0.37056908915126929305 
0.00000000099999999999 0.00699823526481883808 0.00000000099999999999 0.30493542033492820886 0.17618780148948337549 0.11692464793761574160 0.39495389297315380839 
0.00000000099999999998 0.99008549340687668217 0.00000000099999999998 0.00000000099999999998 0.00000000099999999998 0.00991295595371733881 0.00000154663940618549 
0.00000000099999999990 0.00000000099999999990 0.00000000099999999990 0.00000000099999999990 0.99999999400000005867 0.00000000099999999990 0.00000000099999999990 
0.00000000099999999998 0.00000000099999999998 0.00000000099999999998 0.52714665203847965724 0.00000002361833844590 0.47285332034318189320 0.00000000099999999998 
0.00000000099999999999 0.00000000099999999999 0.00000000099999999999 0.00000000113620020448 0.00000000099999999999 0.44393265969911877011 0.55606733516468109801 
0.00000000099999999997 0.99999999400000005867 0.00000000099999999997 0.00000000099999999997 0.00000000099999999997 0.00000000099999999997 0.00000000099999999997 
0.00000000100000000000 0.02042190395504733108 0.01709733201149744863 0.32332981057195869790 0.23718031517887155912 0.00000000100000000000 0.40197063628262497126 
0.00000000099999999993 0.00000000099999999993 0.00000000099999999993 0.00000000099999999993 0.00000000099999999993 0.99999999399999994765 0.00000000099999999993 
0.00603432586673775025 0.47252850293318399144 0.00000000099999999999 0.00000000099999999999 0.18764427177575346284 0.11690150981368858940 0.21689138761063614380 
0.00000000099999999997 0.00737765138884821300 0.00000000099999999997 0.41282636863585042697 0.00000000099999999997 0.27614067782099466219 0.30365529915430672370 
0.00000000099999999970 0.00000000099999999970 0.99999999399999994765 0.00000000099999999970 0.00000000099999999970 0.00000000099999999970 0.00000000099999999970 
0.01128464383803472193 0.01466212469828517828 0.00000000099999999999 0.23870575146949271628 0.27395813535848800857 0.00000000099999999999 0.46138934263569941763 
0.00000000099999999999 0.01986076190952765219 0.00000000099999999999 0.23403599445480946506 0.32735252355505467525 0.00000000099999999999 0.41875071708060823683 
