0.00000000100000000000 0.01847189541340690799 0.00000000259118807106 0.31249735798035255252 0.44071275370719620312 0.22831798930785629498 
0.00000000099999999995 0.00000000099999999995 0.99999999499999991937 0.00000000099999999995 0.00000000099999999995 0.00000000099999999995 
0.00000000099999999995 0.00000000099999999995 0.99999999500000003039 0.00000000099999999995 0.00000000099999999995 0.00000000099999999995 
0.00000000099999999999 0.00114899778019347939 0.02750998151797039160 0.33781567258449568536 0.41204015699718449239 0.22148519012015593921 
0.00000000099999999999 0.00936650641496199546 0.00000000099999999999 0.34943694465006835959 0.41469313369012167358 0.22650341324484810079 
0.00000000099999999999 0.00066664619338103949 0.02201044083145584085 0.29762945930866058220 0.20476247263687424871 0.47493098002962830240 
0.00000000099999999996 0.00000000099999999996 0.99999999500000003039 0.00000000099999999996 0.00000000099999999996 0.00000000099999999996 
0.00000000099999999994 0.00000000099999999994 0.99999999499999991937 0.00000000099999999994 0.00000000099999999994 0.00000000099999999994 
0.00000000099999999999 0.00752782894035239260 0.00000000099999999999 0.29921729561207843773 0.00000000099999999999 0.69325487244756911487 
0.00000000099999999995 0.00000000099999999995 0.99999999500000003039 0.00000000099999999995 0.00000000099999999995 0.00000000099999999995 
0.00000000100000000000 0.00285449080512353501 0.01078478058926147023 0.16883298317625922147 0.31012701039096618461 0.50740073403838947819 
0.00000000099999999998 0.00496957961916545763 0.01060383663992629268 0.27927505532496443852 0.45175513724939464488 0.25339639016654919024 
0.00000000099999999999 0.00000000099999999999 0.00000000099999999999 0.00000000099999999999 0.36471308548855491116 0.63528691051144514645 
0.00000000099999999999 0.00859120029735255773 0.00000751187206274683 0.43383322934776186175 0.00012914237131370499 0.55743891511150911455 
0.00548633776876560845 0.01469671869803034457 0.00000000100000000000 0.32532457422336663599 0.37238476691422989218 0.28210760139560764337 
0.00000000099999999999 0.02745360311414104734 0.05308392125477211232 0.32357171050461169814 0.22773212115322907789 0.36815864297324601973 
0.00000000099999999998 0.00000000099999999998 0.00000000099999999998 0.59390928559647782059 0.00000000099999999998 0.40609071040352212600 
0.00000000099999999998 0.00000000099999999998 0.00000000099999999998 0.34898862457661550263 0.00000000099999999998 0.65101137142338438846 
0.00324236649186976887 0.00517761939367750949 0.00000000100000000000 0.24305795502767571503 0.43338456651630652416 0.31513749157047055149 
0.00000000099999999998 0.00206381854804567810 0.00000000099999999998 0.22278954560688843389 0.41459968058032303784 0.36054695326474289763 
0.00000000099999999999 0.00000000099999999999 0.00000000099999999999 0.17541412856237217910 0.49096700116425828764 0.33361886727336942382 
0.00000000099999999997 0.00000000099999999997 0.99999999499999991937 0.00000000099999999997 0.00000000099999999997 0.00000000099999999997 
0.00000000099999999999 0.00000000099999999999 0.02095425048626396031 0.36408791771391274539 0.27786757777050202778 0.33709025202932124676 
0.00000000099999999990 0.00000000099999999990 0.00000000099999999990 0.99999999500000003039 0.00000000099999999990 0.00000000099999999990 
0.00000000099999999996 0.00000000099999999996 0.00000000099999999996 0.00000000099999999996 0.00000000099999999996 0.99999999499999991937 
0.00000000099999999998 0.00000000099999999998 0.00000000099999999998 0.39249832254504352091 0.60750146439448993174 0.00000021006046663132 
0.00000000099999999978 0.99999999500000014141 0.00000000099999999978 0.00000000099999999978 0.00000000099999999978 0.00000000099999999978 
0.00000000099999999975 0.99999999500000014141 0.00000000099999999975 0.00000000099999999975 0.00000000099999999975 0.00000000099999999975 
0.00000000099999999996 0.00000000099999999996 0.00000000099999999996 0.00000000099999999996 0.00000000099999999996 0.99999999500000003039 
0.00000000099999999998 0.00211601094835229316 0.00000000099999999998 0.43082281584789727802 0.00000000099999999998 0.56706117020375035320 
0.00000000099999999998 0.00000000099999999998 0.00000000099999999998 0.00000000099999999998 0.29928329847908058392 0.70071669752091936267 
0.00000000099999999996 0.00000000099999999996 0.96037919029915330693 0.03962080570084659803 0.00000000099999999996 0.00000000099999999996 
0.00000000099999999993 0.35681095290453040958 0.19164646129985896117 0.45154258279561054756 0.00000000099999999993 0.00000000099999999993 
0.00000000099999999998 0.00000000099999999998 0.00000000099999999998 0.27051856203627949737 0.28874642005758821561 0.44073501490613231635 
0.99999999500000003039 0.00000000099999999975 0.00000000099999999975 0.00000000099999999975 0.00000000099999999975 0.00000000099999999975 
0.99999999500000014141 0.00000000099999999968 0.00000000099999999968 0.00000000099999999968 0.00000000099999999968 0.00000000099999999968 
0.99999999500000014141 0.00000000099999999969 0.00000000099999999969 0.00000000099999999969 0.00000000099999999969 0.00000000099999999969 
0.00000000099999999979 0.99999999500000003039 0.00000000099999999979 0.00000000099999999979 0.00000000099999999979 0.00000000099999999979 
0.00000000099999999976 0.99999999500000003039 0.00000000099999999976 0.00000000099999999976 0.00000000099999999976 0.00000000099999999976 
0.00000000099999999995 0.00000000099999999995 0.00000000099999999995 0.00000000099999999995 0.99999999500000003039 0.00000000099999999995 
0.00000000099999999997 0.00000000099999999997 0.99999999499999991937 0.00000000099999999997 0.00000000099999999997 0.00000000099999999997 
0.00000000099999999977 0.99999999500000014141 0.00000000099999999977 0.00000000099999999977 0.00000000099999999977 0.00000000099999999977 
0.00000000099999999999 0.00000000099999999999 0.01043375801850596196 0.46743452804248242227 0.52213171093901156183 0.00000000099999999999 
0.00000000099999999995 0.00000000099999999995 0.99999999500000003039 0.00000000099999999995 0.00000000099999999995 0.00000000099999999995 
0.00000000099999999980 0.99999999500000003039 0.00000000099999999980 0.00000000099999999980 0.00000000099999999980 0.00000000099999999980 
0.00000000099999999999 0.00000000099999999999 0.00686818193326837936 0.49911456304503121206 0.00017985967349272257 0.49383739334820775380 
0.00000000099999999978 0.99999999500000014141 0.00000000099999999978 0.00000000099999999978 0.00000000099999999978 0.00000000099999999978 
0.00000000099999999995 0.00000000099999999995 0.99999999500000003039 0.00000000099999999995 0.00000000099999999995 0.00000000099999999995 
0.00000000099999999993 0.00000000099999999993 0.99999999500000003039 0.00000000099999999993 0.00000000099999999993 0.00000000099999999993 
0.00000000099999999975 0.99999999500000003039 0.00000000099999999975 0.00000000099999999975 0.00000000099999999975 0.00000000099999999975 
0.00000000099999999977 0.99999999500000014141 0.00000000099999999977 0.00000000099999999977 0.00000000099999999977 0.00000000099999999977 
0.00000000099999999996 0.00000000099999999996 0.99999999500000003039 0.00000000099999999996 0.00000000099999999996 0.00000000099999999996 
0.00000000099999999996 0.00000000099999999996 0.99999999499999991937 0.00000000099999999996 0.00000000099999999996 0.00000000099999999996 
0.00000000099999999997 0.00000000099999999997 0.99999999499999991937 0.00000000099999999997 0.00000000099999999997 0.00000000099999999997 
0.00000000099999999981 0.99999999500000003039 0.00000000099999999981 0.00000000099999999981 0.00000000099999999981 0.00000000099999999981 
0.00000000099999999998 0.00000000099999999998 0.00000145380792039005 0.00000000099999999998 0.00000000099999999998 0.99999854219207950923 
0.00000000099999999997 0.00000000099999999997 0.00000000099999999997 0.00000000099999999997 0.00000000099999999997 0.99999999500000003039 
0.00000000099999999998 0.00000000099999999998 0.01459080855417623293 0.25601168575464444688 0.50793443461901355285 0.22146306907216586901 
0.00000000099999999999 0.00000000099999999999 0.00525084038330644442 0.25932210882241502059 0.37832973915905199203 0.35709730963522651193 
0.00000000099999999995 0.00000000099999999995 0.99999999499999991937 0.00000000099999999995 0.00000000099999999995 0.00000000099999999995 
0.00000090407807294252 0.00205642312203217249 0.00000000100000000000 0.19625908903410785311 0.34137970946973028585 0.46030387329605682023 
0.99999999500000014141 0.00000000099999999973 0.00000000099999999973 0.00000000099999999973 0.00000000099999999973 0.00000000099999999973 
0.00000000099999999998 0.00008724467030690907 0.00000000099999999998 0.38364048853290000363 0.00000000099999999998 0.61627226379679300727 
0.99999999500000003039 0.00000000099999999974 0.00000000099999999974 0.00000000099999999974 0.00000000099999999974 0.00000000099999999974 
0.00000000099999999999 0.00000000099999999999 0.03041366440779594976 0.43449231733181892245 0.33770978240103544099 0.19738423385934969478 
0.99999999500000003039 0.00000000099999999974 0.00000000099999999974 0.00000000099999999974 0.00000000099999999974 0.00000000099999999974 
0.00000000099999999999 0.00000000099999999999 0.00362432469444933869 0.21889592714391886696 0.28441564588500095612 0.49306410027663100104 
0.00000000099999999999 0.00000000099999999999 0.00000000099999999999 0.21282880898979236739 0.78717118701020760696 0.00000000099999999999 
0.00000000099999999994 0.00000000099999999994 0.99999999500000003039 0.00000000099999999994 0.00000000099999999994 0.00000000099999999994 
0.00000000099999999997 0.00000000099999999997 0.00000000099999999997 0.41279111069662338673 0.39475251597535981896 0.19245637032801665711 
0.99999999500000014141 0.00000000099999999974 0.00000000099999999974 0.00000000099999999974 0.00000000099999999974 0.00000000099999999974 
0.99999999500000014141 0.00000000099999999976 0.00000000099999999976 0.00000000099999999976 0.00000000099999999976 0.00000000099999999976 
0.00000000099999999999 0.01003902077757875232 0.07550179297018770608 0.21185677528741875264 0.47021718128139550208 0.23238522868341926486 
0.00000000099999999994 0.00000000099999999994 0.99999999500000003039 0.00000000099999999994 0.00000000099999999994 0.00000000099999999994 
0.00000000099999999982 0.99999999500000014141 0.00000000099999999982 0.00000000099999999982 0.00000000099999999982 0.00000000099999999982 
0.00000000099999999995 0.00000000099999999995 0.99999999500000003039 0.00000000099999999995 0.00000000099999999995 0.00000000099999999995 
0.00000000099999999999 0.00000000099999999999 0.03125510772708992718 0.37152980585604467034 0.30639581061838294662 0.29081927379848243609 
0.99999999500000014141 0.00000000099999999971 0.00000000099999999971 0.00000000099999999971 0.00000000099999999971 0.00000000099999999971 
0.00000000099999999973 0.99999999500000003039 0.00000000099999999973 0.00000000099999999973 0.00000000099999999973 0.00000000099999999973 
0.99999999500000014141 0.00000000099999999978 0.00000000099999999978 0.00000000099999999978 0.00000000099999999978 0.00000000099999999978 
0.00000000099999999997 0.00000000099999999997 0.00000000099999999997 0.00000000099999999997 0.99999999500000003039 0.00000000099999999997 
0.00000000099999999993 0.00000000099999999993 0.99999999499999991937 0.00000000099999999993 0.00000000099999999993 0.00000000099999999993 
0.00000000099999999994 0.00000000099999999994 0.99999999499999991937 0.00000000099999999994 0.00000000099999999994 0.00000000099999999994 
0.00000000099999999999 0.00000000099999999999 0.22995644447531032872 0.34940925595003508031 0.00000000099999999999 0.42063429657465456479 
0.00000000099999999999 0.02079568870747957113 0.00010183970827709850 0.31138178084602596840 0.48522917660945158458 0.18249151312876582542 
0.00000000099999999995 0.00000000099999999995 0.00000000099999999995 0.00000000099999999995 0.99999999499999991937 0.00000000099999999995 
0.00000000099999999999 0.00000000099999999999 0.01555161826539756820 0.30941460297617129349 0.28387883821654763539 0.39115493854188360112 
0.00000000099999999999 0.00000000099999999999 0.00000000099999999999 0.24771100042772006833 0.33627946299534783314 0.41600953357693221113 
0.00000000099999999997 0.00000000099999999997 0.00000000099999999997 0.29106217411071144685 0.20566537361451542321 0.50327244927477310377 
0.00000000099999999994 0.00000000099999999994 0.00000000099999999994 0.00000000099999999994 0.00000000099999999994 0.99999999499999991937 
0.00000000099999999995 0.00000000099999999995 0.00000000099999999995 0.00000000099999999995 0.00000000099999999995 0.99999999499999991937 
0.00000000099999999999 0.00000000099999999999 0.02916402113655505030 0.24903287604380008879 0.46968069348705249189 0.25212240733259233538 
0.00000000099999999995 0.00000000099999999995 0.99999999499999991937 0.00000000099999999995 0.00000000099999999995 0.00000000099999999995 
0.00000000099999999998 0.00000000099999999998 0.98752401059389549598 0.00000000099999999998 0.01247598540610438470 0.00000000099999999998 
0.99999999500000014141 0.00000000099999999984 0.00000000099999999984 0.00000000099999999984 0.00000000099999999984 0.00000000099999999984 
0.00000000099999999997 0.00000000099999999997 0.99999999499999991937 0.00000000099999999997 0.00000000099999999997 0.00000000099999999997 
0.00000000099999999997 0.00000000099999999997 0.98562637538752295718 0.00000000099999999997 0.01437362061247706921 0.00000000099999999997 
0.00000000099999999999 0.00349336868067606256 0.01434429448403033713 0.22141160309340368606 0.34669634028350143629 0.41405439245838859819 
0.99999999500000003039 0.00000000099999999968 0.00000000099999999968 0.00000000099999999968 0.00000000099999999968 0.00000000099999999968 
0.00000000099999999999 0.00073439273628695008 0.00000000099999999999 0.21300714310480176050 0.36146915630369153005 0.42478930585521973429 
0.00000000099999999999 0.00223559599304671988 0.00829149054169092334 0.18468614637662128519 0.45921201183412335700 0.34557475425451755768 
0.00000000099999999999 0.00316765180355966808 0.00000000099999999999 0.23721771878077455020 0.58192446642621520336 0.17769016098945067395 
0.00000000099999999997 0.00000000099999999997 0.00000000099999999997 0.00000000099999999997 0.99999999499999991937 0.00000000099999999997 
0.00000000099999999994 0.00000000099999999994 0.00000000099999999994 0.00000000099999999994 0.99999999499999991937 0.00000000099999999994 
0.00000000099999999999 0.00000000099999999999 0.03297480633691701746 0.38383584471707793417 0.31635653585278222799 0.26683281109322287694 
0.00000000099999999998 0.00000000099999999998 0.00000000099999999998 0.29799489435455800423 0.70200510164544205338 0.00000000099999999998 
0.00000000099999999999 0.00000000099999999999 0.00417369857128463417 0.51601300549967954456 0.00000000099999999999 0.47981329292903579509 
0.00000000100000000000 0.02733794334368460505 0.00000000100000000000 0.44160935280113428059 0.53105270085518108125 0.00000000100000000000 
0.00000000099999999999 0.00371646801914489846 0.00000000099999999999 0.12749932171221026178 0.30284163407583203353 0.56594257419281268628 
0.00000000099999999998 0.00000000099999999998 0.00000000099999999998 0.26116821242879090237 0.42303274407273444568 0.31579904049847457026 
0.00000000099999999998 0.00000000099999999998 0.00000000099999999998 0.00000000099999999998 0.99999999500000003039 0.00000000099999999998 
0.00000000099999999998 0.00120554908836851735 0.00000000099999999998 0.24495415771194650745 0.00000000099999999998 0.75384029019968490370 
0.00000000099999999998 0.00000000099999999998 0.00000000099999999998 0.26858770179841334746 0.73141229420158659913 0.00000000099999999998 
0.00000000099999999998 0.00000000099999999998 0.00000000099999999998 0.33755365336850412517 0.28000452345745241445 0.38244182017404360074 
0.00000000099999999998 0.00000000099999999998 0.01761185809429290441 0.47506791019152699862 0.50731908426316674188 0.00000114545101329210 
0.00000000100000000000 0.00205415553257932374 0.00657378241985038733 0.27490999431933188513 0.34812671932257988061 0.36833534740565848642 
0.00000000099999999999 0.00000000099999999999 0.03236778241679524881 0.34026493144896274856 0.27609654114950538117 0.35127074298473642822 
0.00000000099999999999 0.00000000099999999999 0.00000000099999999999 0.36490046234069078990 0.21802056054564616927 0.41707897411366307017 
0.00000000099999999999 0.00000000099999999999 0.01740251010362575332 0.36468473732269973686 0.40306980683768445228 0.21484294373598997185 
0.06748522720655678042 0.00321540106151849830 0.01487156176928387460 0.28004834859366611877 0.33848385392730567789 0.29589560744166915063 
0.00000000099999999998 0.00000000099999999998 0.00000000099999999998 0.51327144822228254473 0.48672854777771734636 0.00000000099999999998 
0.00000000099999999998 0.00000000099999999998 0.01027771845355890390 0.30092346647877815657 0.32739144633933170425 0.36140736672833134735 
0.00000000099999999998 0.00000000099999999998 0.01719000822846165552 0.35841565726616747556 0.24944255041019591790 0.37495178209517504575 
0.00000000099999999999 0.01283366767512262273 0.00000000099999999999 0.29250233333522795975 0.35613343298137561943 0.33853056400827374883 
0.00000000099999999998 0.00000000099999999998 0.00500767202787328215 0.23453190670866005951 0.28739088371462007121 0.47306953554884656477 
0.00000000099999999999 0.00000000099999999999 0.00000000099999999999 0.57625264317627267197 0.00000000099999999999 0.42374735282372738565 
0.00000000099999999999 0.00735987492536611509 0.00636691102320855514 0.33020064115086850132 0.27282664631104969200 0.38324592558950709709 
0.00000000099999999998 0.00000000099999999998 0.00000000099999999998 0.31008426476877776201 0.41962593209341830791 0.27028980013780395941 
0.00000000099999999997 0.00000000099999999997 0.01291551847473143555 0.00000000099999999997 0.40332501515742724685 0.58375946336784134694 
0.00000000099999999995 0.00000000099999999995 0.99999999500000003039 0.00000000099999999995 0.00000000099999999995 0.00000000099999999995 
0.00000000099999999998 0.00000000099999999998 0.99999999499999991937 0.00000000099999999998 0.00000000099999999998 0.00000000099999999998 
0.99999999500000014141 0.00000000099999999979 0.00000000099999999979 0.00000000099999999979 0.00000000099999999979 0.00000000099999999979 
0.00000000099999999974 0.99999999500000014141 0.00000000099999999974 0.00000000099999999974 0.00000000099999999974 0.00000000099999999974 
0.00000000099999999999 0.03692632942771641863 0.89820364671291152980 0.00000000099999999999 0.00000000099999999999 0.06487002085937207396 
0.00000000099999999998 0.00000000099999999998 0.00729882408463736893 0.25839992324049843031 0.26002913782671172038 0.47427211284815246062 
0.00000000099999999997 0.00000000099999999997 0.00000000099999999997 0.00000000099999999997 0.99999999499999991937 0.00000000099999999997 
0.00000000099999999998 0.00461715406289778165 0.99538284193710224734 0.00000000099999999998 0.00000000099999999998 0.00000000099999999998 
0.00000000099999999999 0.00000000099999999999 0.00693756140488831045 0.24116263263114906534 0.48970922360814922447 0.26219058035581338517 
0.00000000099999999998 0.00840118010350957706 0.00000000099999999998 0.20689451307338546648 0.38268636320169413523 0.40201794162141085698 
0.00000000099999999994 0.00000000099999999994 0.00000000099999999994 0.99999999499999991937 0.00000000099999999994 0.00000000099999999994 
0.99999999500000014141 0.00000000099999999972 0.00000000099999999972 0.00000000099999999972 0.00000000099999999972 0.00000000099999999972 
0.99999999500000003039 0.00000000099999999974 0.00000000099999999974 0.00000000099999999974 0.00000000099999999974 0.00000000099999999974 
0.99999999500000014141 0.00000000099999999968 0.00000000099999999968 0.00000000099999999968 0.00000000099999999968 0.00000000099999999968 
0.99999999500000014141 0.00000000099999999969 0.00000000099999999969 0.00000000099999999969 0.00000000099999999969 0.00000000099999999969 
0.99999999500000003039 0.00000000099999999970 0.00000000099999999970 0.00000000099999999970 0.00000000099999999970 0.00000000099999999970 
0.00000000099999999998 0.00000000099999999998 0.99999999500000003039 0.00000000099999999998 0.00000000099999999998 0.00000000099999999998 
0.00000000099999999999 0.00588138946133400647 0.00000000099999999999 0.40720397798387014676 0.30311434475356685558 0.28380028580122912407 
0.99999999500000003039 0.00000000099999999970 0.00000000099999999970 0.00000000099999999970 0.00000000099999999970 0.00000000099999999970 
0.99999999500000014141 0.00000000099999999974 0.00000000099999999974 0.00000000099999999974 0.00000000099999999974 0.00000000099999999974 
0.00000000099999999973 0.99999999500000014141 0.00000000099999999973 0.00000000099999999973 0.00000000099999999973 0.00000000099999999973 
0.00000000099999999973 0.99999999500000014141 0.00000000099999999973 0.00000000099999999973 0.00000000099999999973 0.00000000099999999973 
0.00000000099999999997 0.00000000099999999997 0.00000000099999999997 0.35252989583056987266 0.00000000099999999997 0.64747010016943018496 
0.99999999500000003039 0.00000000099999999972 0.00000000099999999972 0.00000000099999999972 0.00000000099999999972 0.00000000099999999972 
0.00000000099999999999 0.00000000099999999999 0.00968326934296890283 0.22850355480796072372 0.37207093666975254997 0.38974223717931782973 
0.00000000099999999998 0.00000000099999999998 0.00000000099999999998 0.41806058533242645980 0.00000000099999999998 0.58193941066757359781 
0.00000000099999999997 0.00000000099999999997 0.94346226612268957457 0.05653772987731033040 0.00000000099999999997 0.00000000099999999997 
0.00000000099999999998 0.00000000099999999998 0.00442919115282275518 0.26705089265796627673 0.33785836445966410668 0.39066154972954680868 
0.00000000099999999993 0.00000000099999999993 0.99999999500000003039 0.00000000099999999993 0.00000000099999999993 0.00000000099999999993 
0.00000000099999999995 0.00000000099999999995 0.00000000099999999995 0.00000000099999999995 0.99999999500000003039 0.00000000099999999995 
0.00000000099999999994 0.00000000099999999994 0.99999999500000003039 0.00000000099999999994 0.00000000099999999994 0.00000000099999999994 
0.00000000099999999999 0.01143118962388725221 0.00007403948564701939 0.34128636686536906186 0.64720840202509655192 0.00000000099999999999 
0.00000000099999999999 0.00260028072244793346 0.00000000099999999999 0.40728349655942047702 0.00000000099999999999 0.59011621971813144061 
0.99999999500000014141 0.00000000099999999975 0.00000000099999999975 0.00000000099999999975 0.00000000099999999975 0.00000000099999999975 
0.00000000099999999995 0.00000000099999999995 0.99999999499999991937 0.00000000099999999995 0.00000000099999999995 0.00000000099999999995 
0.99999999500000014141 0.00000000099999999970 0.00000000099999999970 0.00000000099999999970 0.00000000099999999970 0.00000000099999999970 
0.99999999500000003039 0.00000000099999999970 0.00000000099999999970 0.00000000099999999970 0.00000000099999999970 0.00000000099999999970 
0.00000000099999999994 0.00000000099999999994 0.00000000099999999994 0.99999999500000003039 0.00000000099999999994 0.00000000099999999994 
0.00000000099999999998 0.00000000099999999998 0.00409574841407979971 0.00000000099999999998 0.47493080149591765382 0.52097344709000259488 
0.00000000099999999994 0.00000000099999999994 0.00000000099999999994 0.99999999500000003039 0.00000000099999999994 0.00000000099999999994 
0.00000000099999999999 0.00000000099999999999 0.00000000099999999999 0.27781476816143518827 0.29639550319670654455 0.42578972564185818550 
0.00000000099999999999 0.00000000099999999999 0.00000000099999999999 0.47300113775432589547 0.00000000099999999999 0.52699885824567394010 
0.00000000099999999999 0.00310096566289092468 0.00790809700999016256 0.36665932314708288287 0.37879281895832911387 0.24353879422170682245 
0.00000000099999999997 0.00000000099999999997 0.00000000099999999997 0.00000000099999999997 0.51528950915638138675 0.48471048684361855985 
0.00000000099999999997 0.00000000099999999997 0.97595529444600537250 0.00000000099999999997 0.02404470155399451511 0.00000000099999999997 
0.00000000099999999995 0.00000000099999999995 0.00000000099999999995 0.00000000099999999995 0.99999999499999991937 0.00000000099999999995 
0.99999999500000014141 0.00000000099999999970 0.00000000099999999970 0.00000000099999999970 0.00000000099999999970 0.00000000099999999970 
0.00000000099999999998 0.00000000099999999998 0.00000000099999999998 0.00000000099999999998 0.68661276107172064531 0.31338723492827935679 
0.99999999500000003039 0.00000000099999999990 0.00000000099999999990 0.00000000099999999990 0.00000000099999999990 0.00000000099999999990 
0.99999999500000003039 0.00000000099999999974 0.00000000099999999974 0.00000000099999999974 0.00000000099999999974 0.00000000099999999974 
0.00000000099999999998 0.00000000099999999998 0.00507525891339648087 0.33422057393624443611 0.00000000099999999998 0.66070416415035904123 
0.00000000099999999995 0.00000000099999999995 0.00000000099999999995 0.99999999500000003039 0.00000000099999999995 0.00000000099999999995 
0.00000000099999999994 0.00000000099999999994 0.00000000099999999994 0.99999999500000003039 0.00000000099999999994 0.00000000099999999994 
0.99999999500000003039 0.00000000099999999976 0.00000000099999999976 0.00000000099999999976 0.00000000099999999976 0.00000000099999999976 
0.00000000099999999994 0.00000000099999999994 0.99999999500000003039 0.00000000099999999994 0.00000000099999999994 0.00000000099999999994 
0.00000000099999999994 0.00000000099999999994 0.99999999500000003039 0.00000000099999999994 0.00000000099999999994 0.00000000099999999994 
0.99999999500000014141 0.00000000099999999974 0.00000000099999999974 0.00000000099999999974 0.00000000099999999974 0.00000000099999999974 
0.00000000099999999999 0.00000000099999999999 0.00000000099999999999 0.31867498286803669361 0.68132501313196325299 0.00000000099999999999 
0.00000000099999999999 0.00492967796460565353 0.03609666415258009492 0.00000000239992484816 0.46163744893701180727 0.49733620554587770757 
0.99999999500000014141 0.00000000099999999975 0.00000000099999999975 0.00000000099999999975 0.00000000099999999975 0.00000000099999999975 
0.00000000099999999999 0.00303648391161539730 0.00000461914949300175 0.24501529542885858159 0.33706041517787604933 0.41488318533215690076 
0.00000000099999999993 0.00000000099999999993 0.99999999499999991937 0.00000000099999999993 0.00000000099999999993 0.00000000099999999993 
0.10585637289419400076 0.10180458922760576845 0.20708091806543124647 0.00000000099999999999 0.00000000099999999999 0.58525811781276881884 
0.00000000099999999999 0.00000000099999999999 0.01660342154193410538 0.00000000099999999999 0.63004408514830667620 0.35335249030975918183 
0.00000000099999999999 0.00735673118727589188 0.02343518790617695954 0.31956470088236660354 0.00000000099999999999 0.64964337802418048451 
0.00000000099999999999 0.01269660977031856347 0.00000000099999999999 0.33100927522974815664 0.43763018002922854377 0.21866393297070479962 
0.00000000099999999993 0.00000000099999999993 0.00000000099999999993 0.99999999499999991937 0.00000000099999999993 0.00000000099999999993 
0.00000000099999999997 0.00000000099999999997 0.00000000099999999997 0.00000005623749866166 0.27495812883425985174 0.72504181192824135316 
0.00000000099999999999 0.00000000099999999999 0.00000000099999999999 0.18393028589972487685 0.38391408253219577729 0.43215562856807937520 
0.00000000099999999999 0.00272450559383684114 0.00000000099999999999 0.31029478289043616046 0.00000000099999999999 0.68698070851572690110 
0.00385333289922116292 0.00000000100000000000 0.02105616149311173926 0.21865415533216492339 0.18520784376738311239 0.57122850550811898884 
0.00000000099999999996 0.00000000099999999996 0.99999999499999991937 0.00000000099999999996 0.00000000099999999996 0.00000000099999999996 
0.00000000099999999999 0.00494369542278907600 0.01225585763358417492 0.32620802693165001918 0.30830459611278715482 0.34828782289918946979 
0.00000000099999999994 0.00000000099999999994 0.00000000099999999994 0.00000000099999999994 0.00000000099999999994 0.99999999500000003039 
0.00000000099999999997 0.00000000099999999997 0.00000000099999999997 0.00000000099999999997 0.00000000099999999997 0.99999999499999991937 
0.00000000099999999998 0.00000000099999999998 0.00933194083783385822 0.30249097415657627552 0.35587251543117753849 0.33230456757441240168 
0.00000000099999999996 0.00000000099999999996 0.00000000099999999996 0.00000000099999999996 0.99999999499999991937 0.00000000099999999996 
0.00000000099999999998 0.00000000099999999998 0.00000000099999999998 0.15153411310688441604 0.50920451643242392592 0.33926136746069163186 
0.00000000099999999999 0.00000000099999999999 0.00703664056494982329 0.31517120328326614365 0.31387728245202212163 0.36391487169976183269 
0.00000000099999999997 0.00000000099999999997 0.96901462418567818613 0.00000000099999999997 0.00000000099999999997 0.03098537181432193741 
0.00000000099999999996 0.00000000099999999996 0.00000000099999999996 0.00000000099999999996 0.00000000099999999996 0.99999999500000003039 
0.00000000099999999999 0.00250275558911384078 0.00000000099999999999 0.53394018566619128041 0.46349394445536817866 0.00006311228932661537 
0.00000000099999999997 0.00000000099999999997 0.00000000099999999997 0.00000000099999999997 0.99999999500000003039 0.00000000099999999997 
0.00000000099999999997 0.00000000099999999997 0.99999999499999991937 0.00000000099999999997 0.00000000099999999997 0.00000000099999999997 
0.01794914871106330356 0.00000000100000000000 0.02237309459328827230 0.20223365463972070577 0.34009623149775564110 0.41734786955817204657 
0.00000000099999999999 0.00000000099999999999 0.00000000099999999999 0.47719301336698727312 0.00000000099999999999 0.52280698263301272899 
0.00000000099999999999 0.00646200184524192787 0.47691681320405632238 0.00000004947611751973 0.00000000099999999999 0.51662113347458415991 
0.00000000099999999998 0.00000000099999999998 0.01724457947700964999 0.36742102635308077074 0.35063987374351140991 0.26469451842639796224 
0.99999999500000003039 0.00000000099999999976 0.00000000099999999976 0.00000000099999999976 0.00000000099999999976 0.00000000099999999976 
0.00000000099999999999 0.01386596190221490651 0.01307846460081076544 0.35843664595701923981 0.19869247658460145733 0.41592644995535349439 
0.00000000099999999999 0.00148808114685285891 0.02012995877493267000 0.27206772150582703151 0.35257906166049590713 0.35373517591189129750 
