0.00003732360339540556 0.01767367611438399808 0.00000000100000000000 0.11757914508181376012 0.01462757518328225946 0.29151521911060684911 0.19236353144460136000 0.36620352746191620064 0.00000000100000000000 
0.00000000099999999982 0.00000000099999999982 0.00000000099999999982 0.00000000099999999982 0.00000000099999999982 0.00000000099999999982 0.00000000099999999982 0.00000000099999999982 0.99999999200000000421 
0.00000000099999999985 0.00000000099999999985 0.00000000099999999985 0.00000000099999999985 0.00000000099999999985 0.00000000099999999985 0.00000000099999999985 0.00000000099999999985 0.99999999199999989319 
0.03771517981646978906 0.00000000099999999999 0.00000000099999999999 0.12425228272281081676 0.00000000099999999999 0.34288222923461186831 0.30935187112060419379 0.18579843310550334112 0.00000000099999999999 
0.00000000099999999999 0.00144207539388318162 0.00000000099999999999 0.15925932870322978552 0.01484940291067738359 0.39270846473295112355 0.00000010639755457834 0.43174061886170395086 0.00000000099999999999 
0.03579762883464789047 0.00000000099999999999 0.00000000099999999999 0.13285451742453610602 0.00708077081571412571 0.42288189936551656700 0.00294445720424196464 0.39844072335534341800 0.00000000099999999999 
0.54029955175466515271 0.00000000099999999993 0.00000000099999999993 0.00000000099999999993 0.04970939727383005130 0.00000000099999999993 0.00000000099999999993 0.00000000099999999993 0.40999104497150501425 
0.68539767905909898538 0.00000000099999999991 0.00000000099999999991 0.00000000099999999991 0.00000000099999999991 0.00000000099999999991 0.00000000099999999991 0.00000000099999999991 0.31460231394090126811 
0.00000000099999999997 0.01403474928651336079 0.00000000099999999997 0.04351567177264126923 0.00000000099999999997 0.50108531383538368331 0.27147536792068793776 0.14631156948089604763 0.02357732470387763346 
0.48902592775632236499 0.00000000099999999993 0.00000000099999999993 0.00000000099999999993 0.00000000099999999993 0.00000000099999999993 0.00000000099999999993 0.00000000099999999993 0.51097406524367727787 
0.00000000099999999996 0.00000000099999999996 0.00000000099999999996 0.00000000099999999996 0.00000000099999999996 0.99999999200000011523 0.00000000099999999996 0.00000000099999999996 0.00000000099999999996 
0.00565283692810589818 0.00000000099999999997 0.00000000099999999997 0.25229454338120177459 0.00000000099999999997 0.74205261369069230870 0.00000000099999999997 0.00000000099999999997 0.00000000099999999997 
0.00000000099999999994 0.00000000099999999994 0.00000000099999999994 0.00000000099999999994 0.00000000099999999994 0.00000000099999999994 0.00000000099999999994 0.99999999200000000421 0.00000000099999999994 
0.00000000099999999999 0.00212604560360550197 0.00000000099999999999 0.28044153794127096857 0.02029956089104076322 0.69713285056408280660 0.00000000099999999999 0.00000000099999999999 0.00000000099999999999 
0.00000000099999999999 0.01501641488399545719 0.00613793634122636756 0.00000000099999999999 0.00000000099999999999 0.62065985787830280085 0.00000000099999999999 0.35818578589647531718 0.00000000099999999999 
0.00000000099999999999 0.02510538733353988999 0.00000000099999999999 0.14605727218556069369 0.02489884429224934609 0.50388321783677336718 0.10331290316788357964 0.14533951991966456707 0.05140285326432856433 
0.00000000099999999995 0.00000000099999999995 0.00000000099999999995 0.00000000099999999995 0.00436013025303979337 0.99563986274696025802 0.00000000099999999995 0.00000000099999999995 0.00000000099999999995 
0.00000000099999999995 0.00000000099999999995 0.00000000099999999995 0.00000000099999999995 0.00000000099999999995 0.99999999200000011523 0.00000000099999999995 0.00000000099999999995 0.00000000099999999995 
0.00000000100000000000 0.00403367907061857791 0.00000048993897304268 0.06628044053617090925 0.01694953720302554839 0.42986969003145569790 0.29505877278308678680 0.18680224294485472947 0.00100514649181490234 
0.00000000099999999998 0.00000000099999999998 0.00000000099999999998 0.20559053021604020706 0.01310095055906292279 0.30913828292869560688 0.30806496951431211473 0.16410526278188911076 0.00000000099999999998 
0.00000000099999999999 0.00000000099999999999 0.00000000099999999999 0.00000000099999999999 0.00000000099999999999 0.33874819348010154485 0.21970008840863916588 0.44155171211125920916 0.00000000099999999999 
0.00000000099999999982 0.00000000099999999982 0.00000000099999999982 0.00000000099999999982 0.00000000099999999982 0.00000000099999999982 0.00000000099999999982 0.00000000099999999982 0.99999999200000000421 
0.00000000099999999988 0.00000000099999999988 0.00000000099999999988 0.00000000099999999988 0.00000000099999999988 0.00000000099999999988 0.99999999199999989319 0.00000000099999999988 0.00000000099999999988 
0.00000000099999999972 0.00000000099999999972 0.00000000099999999972 0.99999999200000011523 0.00000000099999999972 0.00000000099999999972 0.00000000099999999972 0.00000000099999999972 0.00000000099999999972 
0.00000000099999999994 0.00000000099999999994 0.00000000099999999994 0.00000000099999999994 0.00000000099999999994 0.00000000099999999994 0.00000000099999999994 0.99999999200000000421 0.00000000099999999994 
0.00000000099999999992 0.00000000099999999992 0.00000000099999999992 0.00000000099999999992 0.00000000099999999992 0.00000000099999999992 0.00000000099999999992 0.99999999199999989319 0.00000000099999999992 
0.00000000099999999965 0.99999999200000011523 0.00000000099999999965 0.00000000099999999965 0.00000000099999999965 0.00000000099999999965 0.00000000099999999965 0.00000000099999999965 0.00000000099999999965 
0.00000000099999999960 0.99999999200000022626 0.00000000099999999960 0.00000000099999999960 0.00000000099999999960 0.00000000099999999960 0.00000000099999999960 0.00000000099999999960 0.00000000099999999960 
0.00000000099999999999 0.00000000099999999999 0.00000000099999999999 0.18884168116741678611 0.03298944603463562636 0.24855419545699755646 0.23085176978181454199 0.29875789997826512900 0.00000500458087043471 
0.00000000099999999996 0.00000000099999999996 0.00000000099999999996 0.00000000099999999996 0.00000000099999999996 0.59289170712029415355 0.40710828587970593340 0.00000000099999999996 0.00000000099999999996 
0.00000000099999999996 0.00000000099999999996 0.00000000099999999996 0.00000000099999999996 0.07962627293909464721 0.27498065288695627828 0.31651413155771818131 0.32887893761623065991 0.00000000099999999996 
0.99999999200000011523 0.00000000099999999990 0.00000000099999999990 0.00000000099999999990 0.00000000099999999990 0.00000000099999999990 0.00000000099999999990 0.00000000099999999990 0.00000000099999999990 
0.17219566690008036858 0.35438220782227752848 0.00000000099999999987 0.47342211927764221713 0.00000000099999999987 0.00000000099999999987 0.00000000099999999987 0.00000000099999999987 0.00000000099999999987 
0.00000000099999999996 0.00000000099999999996 0.00000000099999999996 0.00000000099999999996 0.00000000099999999996 0.55267176273705442835 0.44732823026294549207 0.00000000099999999996 0.00000000099999999996 
0.00000000099999999958 0.00000000099999999958 0.99999999200000011523 0.00000000099999999958 0.00000000099999999958 0.00000000099999999958 0.00000000099999999958 0.00000000099999999958 0.00000000099999999958 
0.00000000099999999948 0.00000000099999999948 0.99999999200000011523 0.00000000099999999948 0.00000000099999999948 0.00000000099999999948 0.00000000099999999948 0.00000000099999999948 0.00000000099999999948 
0.00000000099999999948 0.00000000099999999948 0.99999999200000000421 0.00000000099999999948 0.00000000099999999948 0.00000000099999999948 0.00000000099999999948 0.00000000099999999948 0.00000000099999999948 
0.00000000099999999966 0.99999999200000022626 0.00000000099999999966 0.00000000099999999966 0.00000000099999999966 0.00000000099999999966 0.00000000099999999966 0.00000000099999999966 0.00000000099999999966 
0.00000000099999999961 0.99999999200000022626 0.00000000099999999961 0.00000000099999999961 0.00000000099999999961 0.00000000099999999961 0.00000000099999999961 0.00000000099999999961 0.00000000099999999961 
0.00000000099999999992 0.00000000099999999992 0.00000000099999999992 0.00000000099999999992 0.00000000099999999992 0.00000000099999999992 0.00000000099999999992 0.99999999200000000421 0.00000000099999999992 
0.99999999200000022626 0.00000000099999999989 0.00000000099999999989 0.00000000099999999989 0.00000000099999999989 0.00000000099999999989 0.00000000099999999989 0.00000000099999999989 0.00000000099999999989 
0.00000000099999999963 0.99999999200000011523 0.00000000099999999963 0.00000000099999999963 0.00000000099999999963 0.00000000099999999963 0.00000000099999999963 0.00000000099999999963 0.00000000099999999963 
0.02232671808841820565 0.00703689458643649672 0.00000000099999999999 0.11350851690883750900 0.00000000099999999999 0.26566761633617075322 0.21704689931511678136 0.37441335176502016369 0.00000000099999999999 
0.56299139672176834459 0.00000000099999999993 0.00000000099999999993 0.00000000099999999993 0.00000000099999999993 0.00000000099999999993 0.00000000099999999993 0.00000000099999999993 0.43700859627823168685 
0.00000000099999999968 0.99999999200000022626 0.00000000099999999968 0.00000000099999999968 0.00000000099999999968 0.00000000099999999968 0.00000000099999999968 0.00000000099999999968 0.00000000099999999968 
0.00000000099999999997 0.00000000099999999997 0.00000000099999999997 0.00000000099999999997 0.00000000099999999997 0.74380815926284804540 0.24981312842561534393 0.00000000099999999997 0.00637870631153651148 
0.00000000099999999963 0.99999999200000022626 0.00000000099999999963 0.00000000099999999963 0.00000000099999999963 0.00000000099999999963 0.00000000099999999963 0.00000000099999999963 0.00000000099999999963 
0.55800299810329034855 0.00000000099999999994 0.00000000099999999994 0.00000000099999999994 0.01683762229972638608 0.00000000099999999994 0.00000000099999999994 0.00000000099999999994 0.42515937359698341425 
0.99999999200000022626 0.00000000099999999986 0.00000000099999999986 0.00000000099999999986 0.00000000099999999986 0.00000000099999999986 0.00000000099999999986 0.00000000099999999986 0.00000000099999999986 
0.00000000099999999958 0.99999999200000011523 0.00000000099999999958 0.00000000099999999958 0.00000000099999999958 0.00000000099999999958 0.00000000099999999958 0.00000000099999999958 0.00000000099999999958 
0.00000000099999999961 0.99999999200000022626 0.00000000099999999961 0.00000000099999999961 0.00000000099999999961 0.00000000099999999961 0.00000000099999999961 0.00000000099999999961 0.00000000099999999961 
0.51729166670258974747 0.00000000099999999994 0.00000000099999999994 0.00000000099999999994 0.00000000099999999994 0.00000000099999999994 0.00000000099999999994 0.00000000099999999994 0.48270832629741039499 
0.74189741735980385684 0.00000000099999999994 0.00000000099999999994 0.00000000099999999994 0.00000000099999999994 0.00000000099999999994 0.00000000099999999994 0.00000000099999999994 0.25810257564019628562 
0.74727072926348725446 0.00000000099999999995 0.00000000099999999995 0.00000000099999999995 0.00000000099999999995 0.00000000099999999995 0.00000000099999999995 0.00000000099999999995 0.25272926373651288801 
0.00000000099999999969 0.99999999200000022626 0.00000000099999999969 0.00000000099999999969 0.00000000099999999969 0.00000000099999999969 0.00000000099999999969 0.00000000099999999969 0.00000000099999999969 
0.00000000099999999997 0.00000000099999999997 0.00000000099999999997 0.00000000099999999997 0.00000000099999999997 0.97131172826967038247 0.00000000099999999997 0.00000000099999999997 0.02868826473032966284 
0.00000000099999999988 0.00000000099999999988 0.00000000099999999988 0.00000000099999999988 0.00000000099999999988 0.00000000099999999988 0.99999999200000000421 0.00000000099999999988 0.00000000099999999988 
0.02149194387612527249 0.00000000099999999998 0.00000000099999999998 0.18530947934427674517 0.00174385690572479183 0.29986391043814247803 0.24319902768960544037 0.24839177874612528019 0.00000000099999999998 
0.00283910478803785617 0.00000000099999999998 0.00000000099999999998 0.00506607849750327025 0.01609570782766611002 0.27450391582503674837 0.44919568485347943776 0.25229950520827637561 0.00000000099999999998 
0.99999999200000022626 0.00000000099999999988 0.00000000099999999988 0.00000000099999999988 0.00000000099999999988 0.00000000099999999988 0.00000000099999999988 0.00000000099999999988 0.00000000099999999988 
0.00000000099999999999 0.00147118600574085113 0.00000000099999999999 0.00000000099999999999 0.00307904657583098857 0.33025497982021900789 0.39806695275823261726 0.26712783083997643230 0.00000000099999999999 
0.00000000099999999955 0.00000000099999999955 0.99999999200000011523 0.00000000099999999955 0.00000000099999999955 0.00000000099999999955 0.00000000099999999955 0.00000000099999999955 0.00000000099999999955 
0.00000000099999999997 0.00000000099999999997 0.00000000099999999997 0.15872078612264495234 0.00717333293566873535 0.41254222638526427680 0.42156364955642211534 0.00000000099999999997 0.00000000099999999997 
0.00000000099999999957 0.00000000099999999957 0.99999999200000000421 0.00000000099999999957 0.00000000099999999957 0.00000000099999999957 0.00000000099999999957 0.00000000099999999957 0.00000000099999999957 
0.00000000099999999998 0.00000000099999999998 0.00000000099999999998 0.26513343549771917207 0.04252253446697996236 0.22596429897894515504 0.24601676002473094051 0.20396490479543774588 0.01639806323618698061 
0.00000000099999999957 0.00000000099999999957 0.99999999200000011523 0.00000000099999999957 0.00000000099999999957 0.00000000099999999957 0.00000000099999999957 0.00000000099999999957 0.00000000099999999957 
0.00000000099999999997 0.00000000099999999997 0.00000000099999999997 0.11833880177821996804 0.06651451153358209356 0.50757727598877178110 0.26478551751124657088 0.04278388918817958159 0.00000000099999999997 
0.00000000099999999997 0.00000000099999999997 0.00000000099999999997 0.40312180355134641374 0.00000000099999999997 0.00000000099999999997 0.00000000099999999997 0.59687818944865356219 0.00000000099999999997 
0.00000000099999999979 0.00000000099999999979 0.00000000099999999979 0.00000000099999999979 0.00000000099999999979 0.00000000099999999979 0.00000000099999999979 0.00000000099999999979 0.99999999199999989319 
0.00000000099999999992 0.00000000099999999992 0.00000000099999999992 0.00000000099999999992 0.00000000099999999992 0.99999999200000000421 0.00000000099999999992 0.00000000099999999992 0.00000000099999999992 
0.00000000099999999958 0.00000000099999999958 0.99999999200000000421 0.00000000099999999958 0.00000000099999999958 0.00000000099999999958 0.00000000099999999958 0.00000000099999999958 0.00000000099999999958 
0.00000000099999999961 0.00000000099999999961 0.99999999200000011523 0.00000000099999999961 0.00000000099999999961 0.00000000099999999961 0.00000000099999999961 0.00000000099999999961 0.00000000099999999961 
0.08024141476524548899 0.00000000099999999997 0.00000000099999999997 0.00000000099999999997 0.00000000099999999997 0.00000000099999999997 0.00000000099999999997 0.91975857823475459796 0.00000000099999999997 
0.50111827939894881823 0.00000000099999999992 0.00000000099999999992 0.00000000099999999992 0.00000000099999999992 0.00000000099999999992 0.00000000099999999992 0.00000000099999999992 0.49888171360105126872 
0.00000000099999999969 0.99999999200000022626 0.00000000099999999969 0.00000000099999999969 0.00000000099999999969 0.00000000099999999969 0.00000000099999999969 0.00000000099999999969 0.00000000099999999969 
0.99999999200000011523 0.00000000099999999988 0.00000000099999999988 0.00000000099999999988 0.00000000099999999988 0.00000000099999999988 0.00000000099999999988 0.00000000099999999988 0.00000000099999999988 
0.03256149316861184362 0.00000000099999999999 0.00000000099999999999 0.03856234894315461320 0.03673843888971307925 0.33048844035880248216 0.25747249135451755198 0.30417678428520045220 0.00000000099999999999 
0.00000000099999999953 0.00000000099999999953 0.99999999200000000421 0.00000000099999999953 0.00000000099999999953 0.00000000099999999953 0.00000000099999999953 0.00000000099999999953 0.00000000099999999953 
0.00000000099999999955 0.99999999200000011523 0.00000000099999999955 0.00000000099999999955 0.00000000099999999955 0.00000000099999999955 0.00000000099999999955 0.00000000099999999955 0.00000000099999999955 
0.00000000099999999963 0.00000000099999999963 0.99999999200000011523 0.00000000099999999963 0.00000000099999999963 0.00000000099999999963 0.00000000099999999963 0.00000000099999999963 0.00000000099999999963 
0.00000000099999999993 0.00000000099999999993 0.00000000099999999993 0.00000000099999999993 0.00000000099999999993 0.00000000099999999993 0.00000000099999999993 0.99999999199999989319 0.00000000099999999993 
0.00000000099999999976 0.00000000099999999976 0.00000000099999999976 0.00000000099999999976 0.00000000099999999976 0.00000000099999999976 0.00000000099999999976 0.00000000099999999976 0.99999999199999989319 
0.99999999200000011523 0.00000000099999999988 0.00000000099999999988 0.00000000099999999988 0.00000000099999999988 0.00000000099999999988 0.00000000099999999988 0.00000000099999999988 0.00000000099999999988 
0.00000000099999999998 0.00000000099999999998 0.00000000099999999998 0.09737208407817647682 0.00000000099999999998 0.37366756741455631197 0.13743847366490824502 0.15664361689880981765 0.23487825394354922004 
0.00000000099999999998 0.01986920881865229110 0.00000000099999999998 0.00000000099999999998 0.00000000099999999998 0.00000000099999999998 0.28000470016777484483 0.70012608501357276314 0.00000000099999999998 
0.00000000099999999997 0.00000000099999999997 0.00000000099999999997 0.05354574129796621507 0.01230349054038851198 0.20983904943243691932 0.42899988804643129914 0.27948028388470769201 0.01583154379806930509 
0.00000000099999999998 0.00000000099999999998 0.00000000099999999998 0.00000000099999999998 0.01472092669694379310 0.46226068846926476885 0.00000000099999999998 0.50526034556045851254 0.01775803427333288304 
0.00000000099999999999 0.00000000099999999999 0.00000000099999999999 0.13425143230314517950 0.00000000099999999999 0.26714537744967542521 0.24123973908545762179 0.35736344616172166511 0.00000000099999999999 
0.00000000099999999996 0.00000000099999999996 0.00000000099999999996 0.09203213608660266998 0.00000000099999999996 0.61779468777624557685 0.29017317013715182572 0.00000000099999999996 0.00000000099999999996 
0.00000000099999999998 0.00000000099999999998 0.00000000099999999998 0.05077262565467471900 0.00000000099999999998 0.44860707593384369085 0.18843011010925561632 0.30242124211342930051 0.00976894218879670317 
0.01565368377260497115 0.00223494444207399676 0.00000000099999999998 0.22247175586023329452 0.00000000099999999998 0.38369540157313836160 0.10642697951209359464 0.26951723183985576426 0.00000000099999999998 
0.04068018880832224848 0.00000000099999999997 0.00000000099999999997 0.00000000099999999997 0.00000000099999999997 0.19387979337025351700 0.41252847521589108837 0.35291153760553306551 0.00000000099999999997 
0.68118083264666196008 0.00000000099999999994 0.00000000099999999994 0.00000000099999999994 0.00000000099999999994 0.00000000099999999994 0.00000000099999999994 0.00000000099999999994 0.31881916035333812687 
0.44654120333039493129 0.00000000099999999996 0.00000000099999999996 0.00000000099999999996 0.00000000099999999996 0.00000000099999999996 0.00000000099999999996 0.00000000099999999996 0.55345878966960482259 
0.00000000099999999974 0.00000000099999999974 0.99999999200000000421 0.00000000099999999974 0.00000000099999999974 0.00000000099999999974 0.00000000099999999974 0.00000000099999999974 0.00000000099999999974 
0.99999999200000022626 0.00000000099999999991 0.00000000099999999991 0.00000000099999999991 0.00000000099999999991 0.00000000099999999991 0.00000000099999999991 0.00000000099999999991 0.00000000099999999991 
0.99999999200000011523 0.00000000099999999991 0.00000000099999999991 0.00000000099999999991 0.00000000099999999991 0.00000000099999999991 0.00000000099999999991 0.00000000099999999991 0.00000000099999999991 
0.01396061666173424413 0.00000000099999999999 0.00000000099999999999 0.15620326225513686547 0.00030391724472800475 0.56450843193242639106 0.26451674591806290104 0.00050702298791162445 0.00000000099999999999 
0.00000000099999999948 0.00000000099999999948 0.99999999200000000421 0.00000000099999999948 0.00000000099999999948 0.00000000099999999948 0.00000000099999999948 0.00000000099999999948 0.00000000099999999948 
0.00000000099999999999 0.00257532697791539684 0.00000000099999999999 0.09790678152847878679 0.00000762619940095550 0.24164170303487825242 0.28580030700184222425 0.37206825225748429986 0.00000000099999999999 
0.00000000099999999999 0.00097886956302327475 0.00000000099999999999 0.07846718623516750479 0.00668315396280289714 0.36004791904302047012 0.00000000160427747881 0.54105319385445138636 0.01276967373725696776 
0.00000000100000000000 0.00663852709455074828 0.00000000100000000000 0.19315540565260275185 0.00442290390743641394 0.40950055593721684799 0.06768187510831896736 0.31860072929987431900 0.00000000100000000000 
0.02666230543873393879 0.00000000099999999999 0.00000000099999999999 0.00000000099999999999 0.00254655673928529070 0.36140686174481922999 0.19218723651106764394 0.41719703556609399886 0.00000000099999999999 
0.00000000099999999984 0.00000000099999999984 0.00000000099999999984 0.99999999200000000421 0.00000000099999999984 0.00000000099999999984 0.00000000099999999984 0.00000000099999999984 0.00000000099999999984 
0.00000000099999999997 0.00000000099999999997 0.00000000099999999997 0.00000000099999999997 0.00000000099999999997 0.00000000099999999997 0.43532559921912122869 0.54829677154125655569 0.01637762323962232980 
0.00000000099999999997 0.00000000099999999997 0.00000000099999999997 0.45974294849774016702 0.00000000099999999997 0.54025704450225986442 0.00000000099999999997 0.00000000099999999997 0.00000000099999999997 
0.00000000099999999988 0.00000000099999999988 0.00000000099999999988 0.00000000099999999988 0.00000000099999999988 0.00000000099999999988 0.99999999200000000421 0.00000000099999999988 0.00000000099999999988 
0.00000000100000000000 0.03031306965055345637 0.00000310838114486299 0.06825399971044250613 0.00000000100000000000 0.44655299248108965005 0.13270266311889319932 0.30993001853369434029 0.01224414612418187054 
0.01175848554187013811 0.00690540974008897138 0.00000000099999999999 0.14950105754669346103 0.00541978780722665414 0.25052515028382038587 0.28622066571962934134 0.28966944136067113158 0.00000000099999999999 
0.00000000099999999995 0.00000000099999999995 0.00000000099999999995 0.00000000099999999995 0.00000000099999999995 0.53337312199318998029 0.46662687100681005115 0.00000000099999999995 0.00000000099999999995 
0.00000000099999999999 0.01030341774654453327 0.00000000099999999999 0.35090155609094980660 0.02250542342127543477 0.00000000099999999999 0.24134925453334429846 0.37420813046941614477 0.00073221473846984768 
0.00000000099999999997 0.00483758743371318512 0.00000000099999999997 0.00000000099999999997 0.00000000099999999997 0.65940727574672419742 0.00000000099999999997 0.33575513081956248618 0.00000000099999999997 
0.00000000099999999984 0.00000000099999999984 0.00000000099999999984 0.99999999200000011523 0.00000000099999999984 0.00000000099999999984 0.00000000099999999984 0.00000000099999999984 0.00000000099999999984 
0.00000000099999999998 0.00000000099999999998 0.00000000099999999998 0.22099711588668458084 0.00000000099999999998 0.32235007358213219053 0.18319281059030065317 0.27345999494088246706 0.00000000099999999998 
0.00000000099999999995 0.00000000099999999995 0.00000000099999999995 0.51493981298456914519 0.00000000099999999995 0.00000000099999999995 0.48506018001543094176 0.00000000099999999995 0.00000000099999999995 
0.00000000099999999999 0.00000085566483824661 0.00000000099999999999 0.13013513182238131694 0.01269659167724058318 0.60725366902216171283 0.22894269075857345830 0.00003512563622421363 0.02093593341858037901 
0.00000000099999999999 0.00000000099999999999 0.00000000099999999999 0.17220741881508230819 0.00000000099999999999 0.50889857390364423573 0.20262249645726743141 0.07360062669878170150 0.04267088012522429058 
0.00389579201680595802 0.00000000099999999999 0.00000000099999999999 0.07536347495543858910 0.00404786121456763084 0.49345686896152518575 0.00000000099999999999 0.42323599885166257595 0.00000000099999999999 
0.00000000099999999998 0.00000000099999999998 0.00000000099999999998 0.10077540727301965984 0.00001187549326288297 0.33653405359536714414 0.21614196345230621277 0.31475648115540827421 0.03178021603063577866 
0.00000000100000000000 0.00081496729830098818 0.07006405069020085752 0.17403820732523062054 0.00000000100000000000 0.39513878966124421632 0.00000000100000000000 0.32617445074945716765 0.03376953127556618639 
0.00000000099999999998 0.00000000099999999998 0.00000000099999999998 0.24366516969411350368 0.01497029295309498971 0.42216473549578792390 0.00000000099999999998 0.31912461942246705959 0.00007517843453649764 
0.01737547709494162776 0.00000000099999999997 0.00000000099999999997 0.25137289853422684072 0.00889291458610564148 0.36371152631984804415 0.00000000099999999997 0.35864717946487789657 0.00000000099999999997 
0.01603263944030024896 0.00000000099999999997 0.00000000099999999997 0.22288184857335621714 0.01926396866491998650 0.49541937220721266044 0.00000000099999999997 0.24640216711421081275 0.00000000099999999997 
0.00000000099999999998 0.00945256903346833842 0.00000000099999999998 0.20075052668562229363 0.01881505826187577710 0.38088569298370122951 0.09017908117115504274 0.29991706886417729416 0.00000000099999999998 
0.00000000099999999994 0.00000000099999999994 0.00000000099999999994 0.27891481494660097518 0.00000000099999999994 0.00000000099999999994 0.72108517805339888973 0.00000000099999999994 0.00000000099999999994 
0.00000000100000000000 0.00040300183733649468 0.00451098041057228748 0.25454345142713685757 0.00303211323151037805 0.41084311732144890295 0.00000000100000000000 0.32666733277199505592 0.00000000100000000000 
0.00000000099999999999 0.00000000099999999999 0.00000000099999999999 0.03983097176841891157 0.01742028716188269433 0.23889161211311246702 0.39722397523840291544 0.30605694728946836181 0.00057620342871462886 
0.00000000099999999998 0.00000000099999999998 0.00000000099999999998 0.14284443724744580462 0.00942763105330821083 0.47901721415086268019 0.17542441422630597470 0.19328629932207724851 0.00000000099999999998 
0.02803631264011921531 0.00000000099999999996 0.00000000099999999996 0.00000000099999999996 0.00000000099999999996 0.41091149356253631186 0.17005647525201422754 0.39098904938037232215 0.00000666516495800466 
0.56112403123355591994 0.00000000099999999993 0.00000000099999999993 0.00000000099999999993 0.00000000099999999993 0.00000000099999999993 0.00000000099999999993 0.00000000099999999993 0.43887596176644433354 
0.75737868376652650593 0.00000000099999999997 0.00000000099999999997 0.00000000099999999997 0.00000000099999999997 0.00000000099999999997 0.00000000099999999997 0.00000000099999999997 0.24262130923347366429 
0.00000000099999999966 0.00000000099999999966 0.99999999200000011523 0.00000000099999999966 0.00000000099999999966 0.00000000099999999966 0.00000000099999999966 0.00000000099999999966 0.00000000099999999966 
0.00000000099999999956 0.99999999200000011523 0.00000000099999999956 0.00000000099999999956 0.00000000099999999956 0.00000000099999999956 0.00000000099999999956 0.00000000099999999956 0.00000000099999999956 
0.56093426425275660918 0.00000000099999999997 0.00000000099999999997 0.00000000099999999997 0.11918581136924275010 0.00000000099999999997 0.00000000099999999997 0.00000000099999999997 0.31987991837800094919 
0.00000000099999999996 0.00000000099999999996 0.00000000099999999996 0.26714165613194207349 0.00000000099999999996 0.73205367799450615784 0.00000000099999999996 0.00000000099999999996 0.00080465987355174938 
0.00000000099999999987 0.00000000099999999987 0.00000000099999999987 0.00000000099999999987 0.00000000099999999987 0.00000000099999999987 0.99999999199999989319 0.00000000099999999987 0.00000000099999999987 
0.00000000099999999985 0.00000000099999999985 0.00000000099999999985 0.00000000099999999985 0.00000000099999999985 0.00000000099999999985 0.00000000099999999985 0.00000000099999999985 0.99999999200000000421 
0.01124173210556761622 0.00000000099999999998 0.00000000099999999998 0.28245624034554461801 0.00000000099999999998 0.36281722705683694397 0.22644434349453157473 0.11704045299751920928 0.00000000099999999998 
0.00000000099999999998 0.00799456214078575304 0.00000000099999999998 0.23261921041218094897 0.01295362988532834832 0.43873617175349538533 0.00000000099999999998 0.30769642180820960808 0.00000000099999999998 
0.00000000099999999997 0.00000000099999999997 0.00000000099999999997 0.19149282874322379189 0.03057910119487630002 0.45710893987976120023 0.32081912518213873131 0.00000000099999999997 0.00000000099999999997 
0.00000000099999999954 0.00000000099999999954 0.99999999200000011523 0.00000000099999999954 0.00000000099999999954 0.00000000099999999954 0.00000000099999999954 0.00000000099999999954 0.00000000099999999954 
0.00000000099999999957 0.00000000099999999957 0.99999999200000011523 0.00000000099999999957 0.00000000099999999957 0.00000000099999999957 0.00000000099999999957 0.00000000099999999957 0.00000000099999999957 
0.00000000099999999948 0.00000000099999999948 0.99999999200000000421 0.00000000099999999948 0.00000000099999999948 0.00000000099999999948 0.00000000099999999948 0.00000000099999999948 0.00000000099999999948 
0.00000000099999999949 0.00000000099999999949 0.99999999200000011523 0.00000000099999999949 0.00000000099999999949 0.00000000099999999949 0.00000000099999999949 0.00000000099999999949 0.00000000099999999949 
0.00000000099999999951 0.00000000099999999951 0.99999999200000000421 0.00000000099999999951 0.00000000099999999951 0.00000000099999999951 0.00000000099999999951 0.00000000099999999951 0.00000000099999999951 
0.46857947801958199641 0.00000000099999999996 0.00000000099999999996 0.00000000099999999996 0.00354316105375907225 0.00000000099999999996 0.00000000099999999996 0.00000000099999999996 0.52787735492665888160 
0.00000000099999999998 0.00000000182046440782 0.00000000099999999998 0.00000000099999999998 0.00000000099999999998 0.32961310564603185647 0.00000000099999999998 0.67038688653350364532 0.00000000099999999998 
0.00000000099999999950 0.00000000099999999950 0.99999999200000000421 0.00000000099999999950 0.00000000099999999950 0.00000000099999999950 0.00000000099999999950 0.00000000099999999950 0.00000000099999999950 
0.00000000099999999958 0.00000000099999999958 0.99999999200000000421 0.00000000099999999958 0.00000000099999999958 0.00000000099999999958 0.00000000099999999958 0.00000000099999999958 0.00000000099999999958 
0.00000000099999999956 0.99999999200000022626 0.00000000099999999956 0.00000000099999999956 0.00000000099999999956 0.00000000099999999956 0.00000000099999999956 0.00000000099999999956 0.00000000099999999956 
0.00000000099999999956 0.99999999200000011523 0.00000000099999999956 0.00000000099999999956 0.00000000099999999956 0.00000000099999999956 0.00000000099999999956 0.00000000099999999956 0.00000000099999999956 
0.00000000099999999996 0.00000000099999999996 0.00000000099999999996 0.00000000099999999996 0.00000000099999999996 0.55974683383217016530 0.44025315916782981063 0.00000000099999999996 0.00000000099999999996 
0.00000000099999999954 0.00000000099999999954 0.99999999200000000421 0.00000000099999999954 0.00000000099999999954 0.00000000099999999954 0.00000000099999999954 0.00000000099999999954 0.00000000099999999954 
0.02216241739361444682 0.00000000099999999999 0.00000000099999999999 0.11421264681081470804 0.00000000099999999999 0.33027023192966104004 0.14270078240194339347 0.39065391746396638251 0.00000000099999999999 
0.00000000099999999993 0.00000000099999999993 0.00000000099999999993 0.00000000099999999993 0.00000000099999999993 0.99999999200000000421 0.00000000099999999993 0.00000000099999999993 0.00000000099999999993 
0.54086332646790669099 0.00000000099999999997 0.00000000099999999997 0.00000000099999999997 0.00000000099999999997 0.00000000099999999997 0.04686637203584075734 0.00000000099999999997 0.41227029549625271443 
0.00000000099999999992 0.00000000099999999992 0.00000000099999999992 0.00000000099999999992 0.00000000099999999992 0.00000000099999999992 0.00000000099999999992 0.99999999199999989319 0.00000000099999999992 
0.49420842019871547013 0.00000000099999999991 0.00000000099999999991 0.00000000099999999991 0.00000000099999999991 0.00000000099999999991 0.00000000099999999991 0.00000000099999999991 0.50579157280128428376 
0.00005063229149460300 0.00000000099999999997 0.00000000099999999997 0.19658039243620023528 0.05874063093135253877 0.25789850742592301813 0.00000000099999999997 0.48672983291502963654 0.00000000099999999997 
0.99999999200000011523 0.00000000099999999986 0.00000000099999999986 0.00000000099999999986 0.00000000099999999986 0.00000000099999999986 0.00000000099999999986 0.00000000099999999986 0.00000000099999999986 
0.00000000099999999999 0.01343847247440391190 0.00000000099999999999 0.29579458477533593364 0.01851399000078655932 0.34413134724751404114 0.00000002660688283742 0.32626598622150948525 0.00185559067356716500 
0.00000000099999999999 0.00437499740687593858 0.00000000099999999999 0.14106737050206288875 0.01870562337244831286 0.59275378025623959299 0.24309821672646170221 0.00000000873591142521 0.00000000099999999999 
0.00000000099999999958 0.00000000099999999958 0.99999999200000000421 0.00000000099999999958 0.00000000099999999958 0.00000000099999999958 0.00000000099999999958 0.00000000099999999958 0.00000000099999999958 
0.99999999200000011523 0.00000000099999999987 0.00000000099999999987 0.00000000099999999987 0.00000000099999999987 0.00000000099999999987 0.00000000099999999987 0.00000000099999999987 0.00000000099999999987 
0.00000000099999999951 0.00000000099999999951 0.99999999200000000421 0.00000000099999999951 0.00000000099999999951 0.00000000099999999951 0.00000000099999999951 0.00000000099999999951 0.00000000099999999951 
0.00000000099999999950 0.00000000099999999950 0.99999999200000000421 0.00000000099999999950 0.00000000099999999950 0.00000000099999999950 0.00000000099999999950 0.00000000099999999950 0.00000000099999999950 
0.00000000099999999993 0.00000000099999999993 0.00000000099999999993 0.00000000099999999993 0.00000000099999999993 0.99999999200000011523 0.00000000099999999993 0.00000000099999999993 0.00000000099999999993 
0.00000000099999999993 0.00000000099999999993 0.00000000099999999993 0.00000000099999999993 0.00000000099999999993 0.00000000099999999993 0.00000000099999999993 0.99999999199999989319 0.00000000099999999993 
0.00000000099999999991 0.00000000099999999991 0.00000000099999999991 0.00000000099999999991 0.00000000099999999991 0.00000000099999999991 0.00000000099999999991 0.99999999199999989319 0.00000000099999999991 
0.00000000099999999997 0.00000000099999999997 0.00000000099999999997 0.00000000099999999997 0.00000000099999999997 0.53867983259799157025 0.02366753679508360603 0.43765262460692488933 0.00000000099999999997 
0.00001481183672102263 0.00000000099999999999 0.00000000099999999999 0.14130184977948087588 0.04149277758195864252 0.45411528276119844660 0.00000000099999999999 0.36307527404064104948 0.00000000099999999999 
0.00000000099999999998 0.00161079006054591005 0.00000000099999999998 0.13669285631837685413 0.02956626484569679567 0.33266308138774552949 0.00000000099999999998 0.48625807155014960648 0.01320893283748526825 
0.00000000099999999993 0.00000000099999999993 0.00000000099999999993 0.00000000099999999993 0.00000000099999999993 0.00000000099999999993 0.55013486092493257829 0.44986513207506745315 0.00000000099999999993 
0.99999999200000022626 0.00000000099999999993 0.00000000099999999993 0.00000000099999999993 0.00000000099999999993 0.00000000099999999993 0.00000000099999999993 0.00000000099999999993 0.00000000099999999993 
0.00000000099999999997 0.00000000099999999997 0.00000000099999999997 0.20780885677119567689 0.01460611351017102912 0.34274391119962815955 0.15256784208993950935 0.28227327242906552485 0.00000000099999999997 
0.00000000099999999951 0.00000000099999999951 0.99999999200000000421 0.00000000099999999951 0.00000000099999999951 0.00000000099999999951 0.00000000099999999951 0.00000000099999999951 0.00000000099999999951 
0.00000000099999999999 0.00000000099999999999 0.00000000099999999999 0.00000387100417440392 0.00000000099999999999 0.45192687358993183233 0.00000000099999999999 0.54806924940589352158 0.00000000099999999999 
0.00000000099999999984 0.00000000099999999984 0.99999999200000011523 0.00000000099999999984 0.00000000099999999984 0.00000000099999999984 0.00000000099999999984 0.00000000099999999984 0.00000000099999999984 
0.00000000099999999957 0.00000000099999999957 0.99999999200000000421 0.00000000099999999957 0.00000000099999999957 0.00000000099999999957 0.00000000099999999957 0.00000000099999999957 0.00000000099999999957 
0.01702212302493788174 0.00000000099999999998 0.00000000099999999998 0.09752110626462870413 0.03945323851371117241 0.43347167029268601768 0.26507796224503527016 0.14745389665900082710 0.00000000099999999998 
0.00000000099999999998 0.00453251636669960763 0.00000000099999999998 0.08840274040485225637 0.00000000099999999998 0.39277199617548530508 0.28637365794846064704 0.22791908510450215042 0.00000000099999999998 
0.00000000099999999996 0.00000000099999999996 0.00000000099999999996 0.32502799184980746272 0.00000000099999999996 0.65387679408497179079 0.00000000099999999996 0.00000000099999999996 0.02109520806522071495 
0.00000000099999999962 0.00000000099999999962 0.99999999200000011523 0.00000000099999999962 0.00000000099999999962 0.00000000099999999962 0.00000000099999999962 0.00000000099999999962 0.00000000099999999962 
0.56031881687072160325 0.00000000099999999993 0.00000000099999999993 0.00000000099999999993 0.00000000099999999993 0.00000000099999999993 0.00000000099999999993 0.00000000099999999993 0.43968117612927870574 
0.40490445700882277125 0.00000000099999999992 0.00000000099999999992 0.00000000099999999992 0.00000000099999999992 0.00000000099999999992 0.00000000099999999992 0.00000000099999999992 0.59509553599117714917 
0.00000000099999999957 0.00000000099999999957 0.99999999200000000421 0.00000000099999999957 0.00000000099999999957 0.00000000099999999957 0.00000000099999999957 0.00000000099999999957 0.00000000099999999957 
0.00918238125350326687 0.00112909536357017970 0.00000000099999999998 0.16712501428827764016 0.00000000099999999998 0.37049354366228443025 0.24635459533482162442 0.20571536709754276173 0.00000000099999999998 
0.00008765744131674948 0.00000000099999999999 0.00000000099999999999 0.24936040555020996812 0.00000000099999999999 0.72302616374239891961 0.00000000099999999999 0.00000000099999999999 0.02752576826607439422 
0.00000000099999999959 0.00000000099999999959 0.99999999200000011523 0.00000000099999999959 0.00000000099999999959 0.00000000099999999959 0.00000000099999999959 0.00000000099999999959 0.00000000099999999959 
0.00000000099999999998 0.00000000099999999998 0.00000000099999999998 0.42769155049295365378 0.00000000099999999998 0.32601210105590283650 0.00000000099999999998 0.24629634245114348512 0.00000000099999999998 
0.00000000099999999979 0.00000000099999999979 0.00000000099999999979 0.00000000099999999979 0.00000000099999999979 0.00000000099999999979 0.00000000099999999979 0.00000000099999999979 0.99999999200000000421 
0.00000000099999999891 0.00000000099999999891 0.00000000099999999891 0.00000000099999999891 0.99999999199999989319 0.00000000099999999891 0.00000000099999999891 0.00000000099999999891 0.00000000099999999891 
