0.02607700921499824312 0.96547426765899113654 0.00811361292178596274 0.00033511020422470638 
0.00000000099999999996 0.00000000099999999996 0.99999999699999997382 0.00000000099999999996 
0.00000000099999999996 0.00000000099999999996 0.99999999699999997382 0.00000000099999999996 
0.00552584244597565354 0.95150797567172218372 0.04296618088230203664 0.00000000099999999999 
0.01321642685278806226 0.98626929059982826331 0.00051428154738356188 0.00000000100000000000 
0.00637881617288001915 0.96292986463249219398 0.03069131819462771540 0.00000000099999999999 
0.00000000099999999997 0.00000000099999999997 0.99999999699999986280 0.00000000099999999997 
0.00000000099999999995 0.00000000099999999995 0.99999999699999986280 0.00000000099999999995 
0.01972582881247345737 0.97117592349951720188 0.00909824668800923719 0.00000000099999999999 
0.00000000099999999997 0.00000000099999999997 0.99999999699999986280 0.00000000099999999997 
0.01378383367648368212 0.96833251105541517934 0.01788365426810115469 0.00000000100000000000 
0.01152463473419840061 0.96571191670565303955 0.02276344756014848231 0.00000000099999999999 
0.00885566285736460665 0.98582973085900493793 0.00531460528363041432 0.00000000100000000000 
0.01966695655199908119 0.96957595831313270196 0.01075708413486820177 0.00000000100000000000 
0.02163670323853319685 0.97087016200872866545 0.00141022238205782443 0.00608291237068038330 
0.03331717817960361261 0.90554898140194040046 0.06113383941845603603 0.00000000099999999999 
0.00022999445405896178 0.99210518179436935071 0.00766482275157165296 0.00000000100000000000 
0.00655830977462425972 0.98806449757093395281 0.00000000100000000000 0.00537719165444181316 
0.01148668384384214300 0.97690184942421720571 0.00344814707920254723 0.00816331965273804118 
0.00794513197098198343 0.99108274421981623625 0.00097212280920167047 0.00000000099999999998 
0.00001570534517823744 0.99583539929175213246 0.00414889436306959455 0.00000000100000000000 
0.00000000099999999998 0.00000000270672177336 0.99999999529327809888 0.00000000099999999998 
0.00000000099999999999 0.96956975889450647266 0.03043023910549347982 0.00000000099999999999 
0.00409802039676394891 0.95791486211330334477 0.03798711648993263051 0.00000000099999999999 
0.00000031262005203988 0.96650821972054934417 0.03349146665939850553 0.00000000099999999999 
0.00691182024064147197 0.99308817775935853689 0.00000000099999999999 0.00000000099999999999 
0.99999999700000008485 0.00000000099999999988 0.00000000099999999988 0.00000000099999999988 
0.99999999700000008485 0.00000000099999999986 0.00000000099999999986 0.00000000099999999986 
0.01171172685279382036 0.98276089255119469801 0.00552737959601150904 0.00000000100000000000 
0.01501462901368831940 0.98498536898631172676 0.00000000099999999999 0.00000000099999999999 
0.00000000117350184145 0.97023195325826794289 0.02976804456823013353 0.00000000099999999999 
0.00000000099999999998 0.00000000099999999998 0.99999999699999986280 0.00000000099999999998 
0.36100177382712284047 0.39850613760021963428 0.24049208757265755354 0.00000000099999999997 
0.00108774784103857170 0.99838956500691888873 0.00052268615204245465 0.00000000099999999999 
0.00000000099999999986 0.00000000099999999986 0.00000000099999999986 0.99999999700000008485 
0.00000000099999999982 0.00000000099999999982 0.00000000099999999982 0.99999999700000008485 
0.00000000099999999982 0.00000000099999999982 0.00000000099999999982 0.99999999699999997382 
0.99999999700000008485 0.00000000099999999988 0.00000000099999999988 0.00000000099999999988 
0.99999999700000008485 0.00000000099999999987 0.00000000099999999987 0.00000000099999999987 
0.00361904517741643093 0.99406767037232268702 0.00231328345026083704 0.00000000099999999999 
0.00000000099999999998 0.00000000099999999998 0.99999999699999986280 0.00000000099999999998 
0.99999999700000008485 0.00000000099999999987 0.00000000099999999987 0.00000000099999999987 
0.01217929723811325866 0.95983567385538803851 0.02798502790649856631 0.00000000099999999999 
0.00000000099999999996 0.00000000099999999996 0.99999999699999997382 0.00000000099999999996 
0.99999999699999997382 0.00000000099999999989 0.00000000099999999989 0.00000000099999999989 
0.00998596718885410260 0.97031284666758843560 0.01970118514355743977 0.00000000099999999999 
0.99999999700000008485 0.00000000099999999987 0.00000000099999999987 0.00000000099999999987 
0.00000000099999999997 0.00000000099999999997 0.99999999699999986280 0.00000000099999999997 
0.00000000099999999995 0.00000000099999999995 0.99999999699999997382 0.00000000099999999995 
0.99999999699999997382 0.00000000099999999986 0.00000000099999999986 0.00000000099999999986 
0.99999999700000008485 0.00000000099999999987 0.00000000099999999987 0.00000000099999999987 
0.00000000099999999997 0.00000000099999999997 0.99999999699999986280 0.00000000099999999997 
0.00000000099999999996 0.00000000099999999996 0.99999999699999986280 0.00000000099999999996 
0.00000000099999999997 0.00000000099999999997 0.99999999699999997382 0.00000000099999999997 
0.99999999700000008485 0.00000000099999999989 0.00000000099999999989 0.00000000099999999989 
0.01959621530450866844 0.93161112659648315226 0.04879265567491400390 0.00000000242409430710 
0.03019902434174534522 0.96741197209007867563 0.00238900256817597923 0.00000000100000000000 
0.00000000099999999999 0.97014718444108460904 0.02985281355891544405 0.00000000099999999999 
0.00448412882610280030 0.97785496445436481672 0.01766090571953240346 0.00000000099999999999 
0.00000000099999999996 0.00000000099999999996 0.99999999699999997382 0.00000000099999999996 
0.00980516689820328663 0.98784239480732061178 0.00074632101218471167 0.00160611728229132487 
0.00000000099999999985 0.00000000099999999985 0.00000000099999999985 0.99999999699999997382 
0.00934333276808072162 0.98047910793892378845 0.01017755829299537423 0.00000000099999999998 
0.00000000099999999985 0.00000000099999999985 0.00000000099999999985 0.99999999699999997382 
0.00118310680943837111 0.95205779734219131427 0.04675909484837017377 0.00000000100000000000 
0.00000000099999999986 0.00000000099999999986 0.00000000099999999986 0.99999999699999997382 
0.00570870297816625412 0.98151248086042042207 0.01277881516141328964 0.00000000099999999999 
0.01072002163115896335 0.97376516285361691683 0.01551474086221911117 0.00000007465300495498 
0.00000000099999999995 0.00000000099999999995 0.99999999699999986280 0.00000000099999999995 
0.00000000099999999998 0.99999569277412247992 0.00000430522587764033 0.00000000099999999998 
0.00000000099999999985 0.00000000099999999985 0.00000000099999999985 0.99999999700000008485 
0.00000000099999999987 0.00000000099999999987 0.00000000099999999987 0.99999999699999997382 
0.01486522521793513275 0.89776355793941764460 0.08737121584264710694 0.00000000099999999999 
0.00000000099999999995 0.00000000099999999995 0.99999999699999997382 0.00000000099999999995 
0.99999999700000008485 0.00000000099999999989 0.00000000099999999989 0.00000000099999999989 
0.00000000099999999996 0.00000000099999999996 0.99999999699999986280 0.00000000099999999996 
0.00000000100000000000 0.95663148669540565283 0.04216912217052588840 0.00119939013406842850 
0.00000000099999999984 0.00000000099999999984 0.00000000099999999984 0.99999999700000008485 
0.99999999700000008485 0.00000000099999999985 0.00000000099999999985 0.00000000099999999985 
0.00000000099999999987 0.00000000099999999987 0.00000000099999999987 0.99999999700000008485 
0.02164923315801713793 0.97255074938554042507 0.00259672108676114099 0.00320329636968123008 
0.00000000099999999995 0.00000000099999999995 0.99999999699999986280 0.00000000099999999995 
0.00000000099999999996 0.00000000099999999996 0.99999999699999986280 0.00000000099999999996 
0.00461739854018127557 0.75921900654413276843 0.23616359391568589321 0.00000000099999999999 
0.02490854792660214881 0.96871351359069557407 0.00637793748270230366 0.00000000100000000000 
0.00000072203923800551 0.98511572236132949332 0.01488355459943231998 0.00000000099999999999 
0.00000000099999999999 0.97092722264506514662 0.02907277535493487525 0.00000000099999999999 
0.00260332760817004851 0.99669679952660994449 0.00069987186521999203 0.00000000100000000000 
0.00000000099999999998 0.99999999700000008485 0.00000000099999999998 0.00000000099999999998 
0.00079519091501596120 0.98407506490554952361 0.01512974317943456375 0.00000000099999999999 
0.01063302519952756021 0.97593098452394966280 0.01343598927652265435 0.00000000099999999999 
0.00000004793303857675 0.95793078244528850895 0.04206916754954132670 0.00000000207213164977 
0.00000000099999999996 0.00000000099999999996 0.99999999699999986280 0.00000000099999999996 
0.00000000099999999998 0.00003422131456877285 0.99996577668543118467 0.00000000099999999998 
0.00000000099999999991 0.00000000099999999991 0.00000000099999999991 0.99999999700000008485 
0.00000000099999999998 0.00000000099999999998 0.99999999699999997382 0.00000000099999999998 
0.00000000099999999998 0.00000000307649651628 0.99999999492350344354 0.00000000099999999998 
0.01048798327096741451 0.96188753851882480284 0.02762447721020759583 0.00000000099999999999 
0.00000000099999999982 0.00000000099999999982 0.00000000099999999982 0.99999999700000008485 
0.00828940333448619990 0.99171059189983945537 0.00000000376567430549 0.00000000100000000000 
0.00845451656839177682 0.97010605191874699216 0.02143943051286116216 0.00000000099999999999 
0.01003740815169835987 0.98304519972310788756 0.00490766632864293555 0.00200972579655073376 
0.00702565215553668278 0.96377440876384279367 0.02919993808062050153 0.00000000100000000000 
0.00049013492706919900 0.99195147048779619414 0.00710593764157397938 0.00045245694356070104 
0.00011464189561291170 0.95723245344054874728 0.04265282242897500131 0.00000008223486337440 
0.00904553133056838765 0.98885099600982451218 0.00210347165960700919 0.00000000100000000000 
0.01125162348365134346 0.97200325247915153604 0.01674512303719704123 0.00000000100000000000 
0.03206509961440468653 0.94705360549721395724 0.01645164935699803752 0.00442964553138335167 
0.01504980586005526949 0.97700027186503490828 0.00794992127490970132 0.00000000099999999999 
0.00000000099999999999 0.99914633934426089201 0.00085365865573903098 0.00000000099999999999 
0.02871788483290932739 0.94301317226084246936 0.02730453891342594225 0.00096440399282224061 
0.01410205301335091393 0.98589794498664906630 0.00000000099999999999 0.00000000099999999999 
0.00064131291679296056 0.98429810625386893186 0.01506057982933817554 0.00000000100000000000 
0.00149089745892350546 0.99659873553938882473 0.00191036600168756929 0.00000000099999999999 
0.00000000099999999999 0.96222353531216409106 0.03777646268783604877 0.00000000099999999999 
0.01096483574192279493 0.97006791266347180969 0.01896725059460530396 0.00000000100000000000 
0.00000000099999999999 0.95531091180094662718 0.04468908619905326285 0.00000000099999999999 
0.00191975780960759648 0.99035605792564584959 0.00772418326474646685 0.00000000100000000000 
0.00241272210147550634 0.96805553941642030757 0.02953173748210420266 0.00000000099999999999 
0.00712257176994023859 0.89678211103634630774 0.02807018564090396281 0.06802513155280953683 
0.00000000099999999999 0.99246799153915332692 0.00753200646084669061 0.00000000099999999999 
0.00000000099999999998 0.97804165996767999935 0.02195833803232002251 0.00000000099999999998 
0.00000055536168366302 0.96913373032664917872 0.03086571331166708745 0.00000000099999999998 
0.01928658253172622905 0.97824643071426697905 0.00246698575400681411 0.00000000099999999999 
0.00000000099999999998 0.98167688042190814901 0.01832311757809189021 0.00000000099999999998 
0.00851926675553276933 0.98007219303371817531 0.00778599308500407903 0.00362254712574513115 
0.00886505209389844631 0.97541630189155281716 0.01571864501454864685 0.00000000099999999999 
0.00299037431930686357 0.99700962135905990547 0.00000000332163332012 0.00000000099999999999 
0.00000000099999999998 0.96241869557164361204 0.03758130242835637513 0.00000000099999999998 
0.00000000099999999996 0.00000000099999999996 0.99999999699999986280 0.00000000099999999996 
0.00000000099999999998 0.00000001984843504293 0.99999997815156493886 0.00000000099999999998 
0.00000000099999999988 0.00000000099999999988 0.00000000099999999988 0.99999999699999997382 
0.99999999699999997382 0.00000000099999999985 0.00000000099999999985 0.00000000099999999985 
0.03979735086489191026 0.04629379750187852249 0.91390885063322946369 0.00000000100000000000 
0.00000000099999999998 0.98270205174173086426 0.01729794625826912985 0.00000000099999999998 
0.00459812520167010921 0.96316385688640748786 0.03223801395695839039 0.00000000395496398686 
0.00395626517028802114 0.00000000099999999999 0.99604373282971203629 0.00000000099999999999 
0.00000000099999999999 0.97700863020880512888 0.02299136779119484442 0.00000000099999999999 
0.01523421188132286289 0.98135970876641009930 0.00340607835226697936 0.00000000099999999998 
0.00614313048891359376 0.99385686751108648362 0.00000000099999999999 0.00000000099999999999 
0.00000000099999999984 0.00000000099999999984 0.00000000099999999984 0.99999999699999997382 
0.00000000099999999985 0.00000000099999999985 0.00000000099999999985 0.99999999700000008485 
0.00000000099999999982 0.00000000099999999982 0.00000000099999999982 0.99999999700000008485 
0.00000000099999999983 0.00000000099999999983 0.00000000099999999983 0.99999999700000008485 
0.00000000099999999983 0.00000000099999999983 0.00000000099999999983 0.99999999699999997382 
0.00000000099999999998 0.00000000099999999998 0.99999999699999997382 0.00000000099999999998 
0.01465267842887380857 0.97942373134816473890 0.00592358922296145566 0.00000000100000000000 
0.00000000099999999983 0.00000000099999999983 0.00000000099999999983 0.99999999700000008485 
0.00000000099999999985 0.00000000099999999985 0.00000000099999999985 0.99999999700000008485 
0.99999999700000008485 0.00000000099999999985 0.00000000099999999985 0.00000000099999999985 
0.99999999700000008485 0.00000000099999999985 0.00000000099999999985 0.00000000099999999985 
0.00000000099999999999 0.99997031913811929016 0.00002967886188075851 0.00000000099999999999 
0.00000000099999999984 0.00000000099999999984 0.00000000099999999984 0.99999999699999997382 
0.00000000446753559348 0.97935277872049297798 0.02057903979705723307 0.00006817701491434199 
0.00240840715551415060 0.99759159084448589816 0.00000000099999999999 0.00000000099999999999 
0.00000000099999999998 0.03846794731295945236 0.96153205068704050706 0.00000000099999999998 
0.00005544264892225794 0.98447183800123838626 0.01547271834983931886 0.00000000099999999999 
0.00000000099999999995 0.00000000099999999995 0.99999999699999986280 0.00000000099999999995 
0.00888486449721713652 0.96480249988905941727 0.02631263461372350052 0.00000000099999999999 
0.00000000099999999995 0.00000000099999999995 0.99999999699999986280 0.00000000099999999995 
0.02050291917359831767 0.96285605989575873132 0.01664101993064286827 0.00000000100000000000 
0.01617459334870523235 0.98368343228490495722 0.00014197336638967277 0.00000000100000000000 
0.00000000099999999986 0.00000000099999999986 0.00000000099999999986 0.99999999699999997382 
0.00000000099999999996 0.00000000099999999996 0.99999999699999986280 0.00000000099999999996 
0.00000000099999999983 0.00000000099999999983 0.00000000099999999983 0.99999999699999997382 
0.00000000099999999983 0.00000000099999999983 0.00000000099999999983 0.99999999700000008485 
0.00127653438126413437 0.98552156659656564575 0.01320189802217022583 0.00000000100000000000 
0.00057291580177501304 0.96716317776035687359 0.03226390543786816778 0.00000000099999999999 
0.00000000099999999998 0.98826338968761340276 0.01173660831238652717 0.00000000099999999998 
0.00621070063662881259 0.98853200275716446299 0.00525729560620667204 0.00000000099999999999 
0.01581589367001235563 0.97349162403240308006 0.01069248129758471749 0.00000000099999999999 
0.01063018000547893104 0.96693791255874239621 0.02243190643577866461 0.00000000099999999999 
0.00000015195546143044 0.99999984604453862058 0.00000000099999999999 0.00000000099999999999 
0.00000000099999999998 0.00207315152517114840 0.99792684647482876592 0.00000000099999999998 
0.00015367689709289909 0.99983918806849358951 0.00000713403441345622 0.00000000099999999999 
0.00000000099999999983 0.00000000099999999983 0.00000000099999999983 0.99999999699999997382 
0.00335885734216190973 0.99374410483208397427 0.00289703682575415730 0.00000000100000000000 
0.00000000099999999994 0.00000000099999999994 0.00000000099999999994 0.99999999699999997382 
0.00000000099999999985 0.00000000099999999985 0.00000000099999999985 0.99999999700000008485 
0.00002085094423070672 0.97170376909763434004 0.02827537895813480445 0.00000000099999999999 
0.01267637778126161699 0.98732362021873842917 0.00000000099999999999 0.00000000099999999999 
0.00000000100000000000 0.97548418968389338790 0.02451097463916671396 0.00000483467693984560 
0.00000000099999999987 0.00000000099999999987 0.00000000099999999987 0.99999999700000008485 
0.00000000099999999996 0.00000000099999999996 0.99999999699999986280 0.00000000099999999996 
0.00000000099999999996 0.00000000099999999996 0.99999999699999986280 0.00000000099999999996 
0.00000000099999999985 0.00000000099999999985 0.00000000099999999985 0.99999999699999997382 
0.01013335985194714801 0.97864785465780557150 0.01121878449024738163 0.00000000100000000000 
0.01605994959829811983 0.93983548289528495712 0.04410456650641701032 0.00000000100000000000 
0.00000000099999999986 0.00000000099999999986 0.00000000099999999986 0.99999999700000008485 
0.01083713798579316254 0.97961004480324875843 0.00955281621095803793 0.00000000099999999999 
0.00000000099999999995 0.00000000099999999995 0.99999999699999986280 0.00000000099999999995 
0.11193965810253314608 0.54449774401168482552 0.23681217558696940340 0.10675042229881261113 
0.00000000100000000000 0.96325174757117781876 0.03216639367381391584 0.00458185775500819219 
0.01600302760107559161 0.94586286073136183195 0.03813411066756259432 0.00000000099999999999 
0.01841802562393212578 0.97834268615851538442 0.00323928721755250594 0.00000000099999999999 
0.01471776763147733015 0.98498851063338110912 0.00029372073514150277 0.00000000099999999999 
0.00603540373612831884 0.99396459426387162583 0.00000000099999999999 0.00000000099999999999 
0.00000000099999999999 0.98880714487590370965 0.01119285312409622375 0.00000000099999999999 
0.01648667191790176290 0.97292838990937902111 0.01058493717271924081 0.00000000099999999999 
0.00823723041856590232 0.95662700690257640446 0.02680701697452672269 0.00832874570433098094 
0.00000000099999999997 0.00000000099999999997 0.99999999699999997382 0.00000000099999999997 
0.01042073811483368480 0.96667229344159910642 0.02290696744356720410 0.00000000099999999999 
0.01019341322720145049 0.98980658477279859220 0.00000000099999999999 0.00000000099999999999 
0.00556479597573114951 0.94468344747870469647 0.04975175554556406782 0.00000000100000000000 
0.00000000099999999999 0.97850634305777706157 0.02149365494222306439 0.00000000099999999999 
0.00554840239814022394 0.95465516825456198102 0.03737126771402041192 0.00242516163327727166 
0.00056886919737384942 0.99942914061672771808 0.00000198918589832542 0.00000000099999999999 
0.00225630523841089878 0.97870997197236508924 0.01903372178922394312 0.00000000100000000000 
0.00000000099999999998 0.00191949364763120472 0.99808050435236872477 0.00000000099999999998 
0.02087402491157660731 0.95526649688252096571 0.02385947720590231649 0.00000000099999999999 
0.01364853483107087047 0.97614291467892921883 0.01020854948999969612 0.00000000099999999999 
0.00022364586786074591 0.97401969966987722582 0.01465983368458784707 0.01109682077767426035 
0.00000000099999999998 0.00000006027136173053 0.99999993772863826624 0.00000000099999999998 
0.00000012162314158698 0.95103385696787234860 0.02969324313391996303 0.01927277827506615124 
0.01255473459729781853 0.97412687707061540454 0.01331838733208673929 0.00000000100000000000 
0.01192524985045328827 0.50611304074941887432 0.48196170840012775294 0.00000000099999999999 
0.00000000099999999998 0.96955620487374849503 0.03044379312625134296 0.00000000099999999998 
0.00000000099999999986 0.00000000099999999986 0.00000000099999999986 0.99999999699999997382 
0.01978467973247885828 0.95906467455447375059 0.02115064471304747840 0.00000000099999999999 
0.00787328375548089834 0.96244712827159861757 0.02967958697292043604 0.00000000100000000000 
