0.11337117977541864844 0.33797629928168221314 0.00000000099999999999 0.04041211495931291975 0.01262791411895894909 0.00000000099999999999 0.00000000099999999999 0.19999076966955292578 0.29562171919507435058 
0.00000000099999999988 0.00000000099999999988 0.00000000099999999988 0.00000000099999999988 0.00000000099999999988 0.00000000099999999988 0.99999999200000000421 0.00000000099999999988 0.00000000099999999988 
0.00000000099999999993 0.00000000099999999993 0.00000000099999999993 0.03502537614383424702 0.00000000099999999993 0.32201836851199838740 0.64295624934416750751 0.00000000099999999993 0.00000000099999999993 
0.07045665887208750477 0.38234671426258576288 0.00000000099999999999 0.00000000099999999999 0.00000231309537178651 0.00000156207270849801 0.03064625536301049391 0.24192774447789314185 0.27461874985634276980 
0.31857910581326565058 0.18789609030157095049 0.00000000099999999999 0.02472926358056619367 0.00304682507774934903 0.00000000099999999999 0.00000000099999999999 0.24631380866872898405 0.21943490355811898218 
0.37116551164610311897 0.12384973700325145607 0.00000000099999999999 0.00890687863486969156 0.00000000099999999999 0.00000000099999999999 0.02190147354003543420 0.17856744638104099510 0.29560894979469926058 
0.00000000099999999992 0.00000000099999999992 0.00000000099999999992 0.06133712567886063366 0.00000000099999999992 0.34808886013595080611 0.59057400818518857033 0.00000000099999999992 0.00000000099999999992 
0.00000000099999999991 0.00000000099999999991 0.00000000099999999991 0.00000000099999999991 0.00000000099999999991 0.46315577627934317873 0.53684421672065674169 0.00000000099999999991 0.00000000099999999991 
0.32097612889391408109 0.09557775505716166464 0.00000000099999999997 0.00000000099999999997 0.01593669715159792138 0.00000000099999999997 0.00000000099999999997 0.56750941389732612041 0.00000000099999999997 
0.00000000099999999993 0.00000000099999999993 0.00000000099999999993 0.00000000099999999993 0.00000000099999999993 0.47427766417884281713 0.52572232882115721431 0.00000000099999999993 0.00000000099999999993 
0.19794834781285042258 0.42671481112908155042 0.00000000099999999999 0.00000000099999999999 0.00280289177049545483 0.00000000099999999999 0.00485178066616348633 0.36768183209385696397 0.00000033352755222534 
0.34408841649936361407 0.25179419757330190333 0.00000000099999999998 0.00000000099999999998 0.00348473018275827478 0.01931502245403145940 0.00000000099999999998 0.24063022374927869884 0.14068740654126629663 
0.00000000099999999993 0.00000000099999999993 0.00000000099999999993 0.00000000099999999993 0.00000000099999999993 0.00000000099999999993 0.00000000099999999993 0.99999999199999989319 0.00000000099999999993 
0.49824836526302823669 0.35241448256784202453 0.00000000099999999999 0.02315360295757143416 0.00000000839988234044 0.00000000099999999999 0.00018997355563843564 0.00003866528923063321 0.12595489996680694911 
0.00000000099999999990 0.99999999200000011523 0.00000000099999999990 0.00000000099999999990 0.00000000099999999990 0.00000000099999999990 0.00000000099999999990 0.00000000099999999990 0.00000000099999999990 
0.32881372704060651824 0.15352158068389692991 0.00000000099999999999 0.04299376467896046106 0.02300918124324816474 0.00000000099999999999 0.05393069860668647103 0.26246535992723130093 0.13526568581937009617 
0.99999999200000011523 0.00000000099999999991 0.00000000099999999991 0.00000000099999999991 0.00000000099999999991 0.00000000099999999991 0.00000000099999999991 0.00000000099999999991 0.00000000099999999991 
0.36825519453802540992 0.33882824837426139819 0.00000000099999999998 0.02588601177058382288 0.00000000099999999998 0.00000000099999999998 0.00000000099999999998 0.26703054031712936123 0.00000000099999999998 
0.07383804345358388477 0.23364371488643265184 0.00000000099999999999 0.03120255054329937328 0.00000000099999999999 0.00000000099999999999 0.00000000099999999999 0.45236809391975102423 0.20894759319693292920 
0.00000000099999999997 0.27604140620071099255 0.00000000099999999997 0.00299698770056450355 0.00000000099999999997 0.00000000099999999997 0.00000000099999999997 0.39691036446103605817 0.32405123663768836684 
0.00000000099999999998 0.43970302060557747703 0.00000000099999999998 0.00000000099999999998 0.00000000099999999998 0.00000000099999999998 0.00000000099999999998 0.29083351136785617896 0.26946346202656623614 
0.00000000099999999992 0.00000000099999999992 0.00000000099999999992 0.00000000099999999992 0.00000000099999999992 0.00000000099999999992 0.99999999200000000421 0.00000000099999999992 0.00000000099999999992 
0.00000000099999999989 0.99999999200000011523 0.00000000099999999989 0.00000000099999999989 0.00000000099999999989 0.00000000099999999989 0.00000000099999999989 0.00000000099999999989 0.00000000099999999989 
0.99999999200000022626 0.00000000099999999983 0.00000000099999999983 0.00000000099999999983 0.00000000099999999983 0.00000000099999999983 0.00000000099999999983 0.00000000099999999983 0.00000000099999999983 
0.00000000099999999997 0.35471656745314589232 0.00000000099999999997 0.02233533556157973887 0.00000000099999999997 0.02565922915472683766 0.00000000099999999997 0.32794347317907579509 0.26934539065147150572 
0.46035425443861072159 0.51070378905724855834 0.00000000099999999997 0.02894194639780684267 0.00000000099999999997 0.00000000099999999997 0.00000000099999999997 0.00000000510633389422 0.00000000099999999997 
0.00000000099999999965 0.00000000099999999965 0.00000000099999999965 0.00000000099999999965 0.99999999200000000421 0.00000000099999999965 0.00000000099999999965 0.00000000099999999965 0.00000000099999999965 
0.00000000099999999960 0.00000000099999999960 0.00000000099999999960 0.00000000099999999960 0.99999999200000011523 0.00000000099999999960 0.00000000099999999960 0.00000000099999999960 0.00000000099999999960 
0.16297929623371956720 0.29433829555231333375 0.00000000099999999999 0.04103110835419705033 0.00000000099999999999 0.00000000099999999999 0.00000000099999999999 0.34475217487975889918 0.15689912098001099205 
0.53218602133405634724 0.00000000099999999996 0.00000000099999999996 0.00000000099999999996 0.00000000099999999996 0.00000000099999999996 0.00000000099999999996 0.46781397166594368420 0.00000000099999999996 
0.00000000099999999990 0.00000000099999999990 0.00000000099999999990 0.25914034473969477235 0.00000000099999999990 0.00000000099999999990 0.00000000099999999990 0.00000000099999999990 0.74085964826030514807 
0.00000000099999999984 0.00000000099999999984 0.00000000099999999984 0.00000000099999999984 0.00000000099999999984 0.99999999200000011523 0.00000000099999999984 0.00000000099999999984 0.00000000099999999984 
0.42738023027979643587 0.00000000099999999990 0.00000000099999999990 0.00000000099999999990 0.35295797256796679342 0.21966179115223666285 0.00000000099999999990 0.00000000099999999990 0.00000000099999999990 
0.29353807243734353349 0.31445103147398262289 0.00000000099999999998 0.00000000099999999998 0.00000000099999999998 0.00000000099999999998 0.00104660600165609567 0.28962510420450343629 0.10133918188251424264 
0.00000000099999999957 0.00000000099999999957 0.99999999200000000421 0.00000000099999999957 0.00000000099999999957 0.00000000099999999957 0.00000000099999999957 0.00000000099999999957 0.00000000099999999957 
0.00000000099999999948 0.00000000099999999948 0.99999999200000011523 0.00000000099999999948 0.00000000099999999948 0.00000000099999999948 0.00000000099999999948 0.00000000099999999948 0.00000000099999999948 
0.00000000099999999948 0.00000000099999999948 0.99999999200000011523 0.00000000099999999948 0.00000000099999999948 0.00000000099999999948 0.00000000099999999948 0.00000000099999999948 0.00000000099999999948 
0.00000000099999999966 0.00000000099999999966 0.00000000099999999966 0.00000000099999999966 0.99999999200000000421 0.00000000099999999966 0.00000000099999999966 0.00000000099999999966 0.00000000099999999966 
0.00000000099999999961 0.00000000099999999961 0.00000000099999999961 0.00000000099999999961 0.99999999200000011523 0.00000000099999999961 0.00000000099999999961 0.00000000099999999961 0.00000000099999999961 
0.00000000099999999997 0.43428867957732025795 0.00000000099999999997 0.03091446708529396736 0.00000000099999999997 0.00000000099999999997 0.00000000099999999997 0.32898158885281969521 0.20581525948456588782 
0.00000000099999999994 0.00000000099999999994 0.00000000099999999994 0.00000000099999999994 0.00000000099999999994 0.55233528355586336556 0.44766470944413683242 0.00000000099999999994 0.00000000099999999994 
0.00000000099999999963 0.00000000099999999963 0.00000000099999999963 0.00000000099999999963 0.99999999200000000421 0.00000000099999999963 0.00000000099999999963 0.00000000099999999963 0.00000000099999999963 
0.00000000099999999989 0.99999999200000022626 0.00000000099999999989 0.00000000099999999989 0.00000000099999999989 0.00000000099999999989 0.00000000099999999989 0.00000000099999999989 0.00000000099999999989 
0.00000000099999999989 0.00000000099999999989 0.00000000099999999989 0.00000000099999999989 0.00000000099999999989 0.00000000099999999989 0.99999999199999989319 0.00000000099999999989 0.00000000099999999989 
0.00000000099999999968 0.00000000099999999968 0.00000000099999999968 0.00000000099999999968 0.99999999200000011523 0.00000000099999999968 0.00000000099999999968 0.00000000099999999968 0.00000000099999999968 
0.44184269350231225593 0.26001150887097840281 0.00000000099999999998 0.00000000099999999998 0.00001226533867987445 0.01186336615596326680 0.00000000099999999998 0.28627016213206629702 0.00000000099999999998 
0.00000000099999999963 0.00000000099999999963 0.00000000099999999963 0.00000000099999999963 0.99999999200000000421 0.00000000099999999963 0.00000000099999999963 0.00000000099999999963 0.00000000099999999963 
0.00000000099999999994 0.00000000099999999994 0.00000000099999999994 0.00005600344678720969 0.00000000099999999994 0.50873044954416701824 0.49121354100904579543 0.00000000099999999994 0.00000000099999999994 
0.00000000099999999980 0.00000000099999999980 0.00000000099999999980 0.00000000099999999980 0.00000000099999999980 0.99999999200000000421 0.00000000099999999980 0.00000000099999999980 0.00000000099999999980 
0.00000000099999999958 0.00000000099999999958 0.00000000099999999958 0.00000000099999999958 0.99999999200000000421 0.00000000099999999958 0.00000000099999999958 0.00000000099999999958 0.00000000099999999958 
0.00000000099999999961 0.00000000099999999961 0.00000000099999999961 0.00000000099999999961 0.99999999200000000421 0.00000000099999999961 0.00000000099999999961 0.00000000099999999961 0.00000000099999999961 
0.00000000099999999990 0.00000000099999999990 0.00000000099999999990 0.00000000099999999990 0.00000000099999999990 0.00000000099999999990 0.99999999199999989319 0.00000000099999999990 0.00000000099999999990 
0.00000000099999999990 0.00000000099999999990 0.00000000099999999990 0.00000000099999999990 0.00000000099999999990 0.00000000099999999990 0.99999999200000000421 0.00000000099999999990 0.00000000099999999990 
0.00000000099999999995 0.00000000099999999995 0.00000000099999999995 0.00000000099999999995 0.00000000099999999995 0.49538885640164337376 0.50461113659835665768 0.00000000099999999995 0.00000000099999999995 
0.00000000099999999968 0.00000000099999999968 0.00000000099999999968 0.00000000099999999968 0.99999999200000000421 0.00000000099999999968 0.00000000099999999968 0.00000000099999999968 0.00000000099999999968 
0.34865503420402205181 0.27011994752093315686 0.00000000099999999999 0.00000000099999999999 0.01092098424065889202 0.00000000099999999999 0.05070858972462410214 0.31959544030976178020 0.00000000099999999999 
0.00000000099999999998 0.61486807908631202491 0.00000000099999999998 0.00000000099999999998 0.01023823468890173657 0.00000000099999999998 0.00000000099999999998 0.37489228693075954402 0.00000139429402667020 
0.00000000099999999995 0.61395988664464984375 0.00000000099999999995 0.00000000099999999995 0.00000000099999999995 0.00000000099999999995 0.00000000099999999995 0.00000000099999999995 0.38604010635535035423 
0.18061559089894915764 0.37927624065088100247 0.00000000099999999999 0.01026251681925248113 0.00000000099999999999 0.00000000099999999999 0.00667702060630856551 0.17164673613429501375 0.25152189189031398664 
0.00000000099999999990 0.00000000099999999990 0.00000000099999999990 0.00000000099999999990 0.00000000099999999990 0.00000000099999999990 0.99999999199999989319 0.00000000099999999990 0.00000000099999999990 
0.00000000099999999992 0.00000000099999999992 0.00000000099999999992 0.00000000099999999992 0.00000000099999999992 0.00000000099999999992 0.00000000099999999992 0.99999999199999989319 0.00000000099999999992 
0.00000000099999999955 0.00000000099999999955 0.99999999200000000421 0.00000000099999999955 0.00000000099999999955 0.00000000099999999955 0.00000000099999999955 0.00000000099999999955 0.00000000099999999955 
0.00000000099999999996 0.00000000099999999996 0.00000000099999999996 0.00000000099999999996 0.00000000099999999996 0.00000000099999999996 0.00000000099999999996 0.56875833409394005447 0.43124165890605986595 
0.00000000099999999957 0.00000000099999999957 0.99999999200000000421 0.00000000099999999957 0.00000000099999999957 0.00000000099999999957 0.00000000099999999957 0.00000000099999999957 0.00000000099999999957 
0.00000000099999999995 0.00000000099999999995 0.00000000099999999995 0.00000093050185230672 0.00000000099999999995 0.00000000099999999995 0.00000000099999999995 0.99999906249814751735 0.00000000099999999995 
0.00000000099999999958 0.00000000099999999958 0.99999999200000011523 0.00000000099999999958 0.00000000099999999958 0.00000000099999999958 0.00000000099999999958 0.00000000099999999958 0.00000000099999999958 
0.38983790552941371965 0.00000000099999999996 0.00000000099999999996 0.09014011815450423404 0.00000000099999999996 0.00000000099999999996 0.00000000099999999996 0.52002196718743398662 0.00000000412864782733 
0.28369446108838541898 0.00000000099999999999 0.00000000099999999999 0.00000000099999999999 0.00546851552570042521 0.00000000099999999999 0.01521309026694840985 0.32268108385761717916 0.37294284526134846569 
0.00000000099999999987 0.00000000099999999987 0.00000000099999999987 0.00000000099999999987 0.00000000099999999987 0.00000000099999999987 0.99999999199999989319 0.00000000099999999987 0.00000000099999999987 
0.54567380679325450110 0.00000000099999999994 0.00000000099999999994 0.00000000099999999994 0.00000000099999999994 0.00000000099999999994 0.00000000099999999994 0.00000000099999999994 0.45432618620674586341 
0.00000000099999999958 0.00000000099999999958 0.99999999200000011523 0.00000000099999999958 0.00000000099999999958 0.00000000099999999958 0.00000000099999999958 0.00000000099999999958 0.00000000099999999958 
0.00000000099999999961 0.00000000099999999961 0.99999999200000011523 0.00000000099999999961 0.00000000099999999961 0.00000000099999999961 0.00000000099999999961 0.00000000099999999961 0.00000000099999999961 
0.00000000099999999998 0.44899657661973485512 0.00000000099999999998 0.00000000099999999998 0.00000000099999999998 0.07730060356878952488 0.00000000099999999998 0.00000000461026503711 0.47370281020121046689 
0.00000000099999999992 0.00000000099999999992 0.00000000099999999992 0.00000000099999999992 0.00000000099999999992 0.46883930082797442562 0.53116069217202555031 0.00000000099999999992 0.00000000099999999992 
0.00000000099999999969 0.00000000099999999969 0.00000000099999999969 0.00000000099999999969 0.99999999200000011523 0.00000000099999999969 0.00000000099999999969 0.00000000099999999969 0.00000000099999999969 
0.00000000099999999988 0.00000000099999999988 0.00000000099999999988 0.00000000099999999988 0.00000000099999999988 0.00000000099999999988 0.99999999200000000421 0.00000000099999999988 0.00000000099999999988 
0.32515563855031326401 0.00233871528616031625 0.00000000099999999998 0.06234331229328952256 0.00000000099999999998 0.00000000099999999998 0.01889515392829684698 0.37673757701856913638 0.21452959992337097828 
0.00000000099999999953 0.00000000099999999953 0.99999999200000000421 0.00000000099999999953 0.00000000099999999953 0.00000000099999999953 0.00000000099999999953 0.00000000099999999953 0.00000000099999999953 
0.00000000099999999955 0.00000000099999999955 0.00000000099999999955 0.00000000099999999955 0.99999999200000011523 0.00000000099999999955 0.00000000099999999955 0.00000000099999999955 0.00000000099999999955 
0.00000000099999999963 0.00000000099999999963 0.99999999200000000421 0.00000000099999999963 0.00000000099999999963 0.00000000099999999963 0.00000000099999999963 0.00000000099999999963 0.00000000099999999963 
0.00000000099999999998 0.56467122286546256316 0.00000000099999999998 0.00000000099999999998 0.00020708348197691446 0.00000000099999999998 0.00000000099999999998 0.00014752982301107368 0.43497415882954953981 
0.00000000099999999985 0.00000000099999999985 0.00000000099999999985 0.00000000099999999985 0.00000000099999999985 0.00000000099999999985 0.99999999199999989319 0.00000000099999999985 0.00000000099999999985 
0.00000000099999999988 0.00000000099999999988 0.00000000099999999988 0.00000000099999999988 0.00000000099999999988 0.00000000099999999988 0.99999999200000000421 0.00000000099999999988 0.00000000099999999988 
0.23359072950988066242 0.11507231563147315989 0.00000000099999999998 0.02676384315872119488 0.00000032862967632434 0.23552460387389370644 0.00000000099999999998 0.27230212380093343771 0.11674605339542155902 
0.03105310900047279429 0.61594562718634038312 0.00000000099999999999 0.00000000099999999999 0.01889310563375773411 0.02562877204250806062 0.00000000099999999999 0.30847938213692116527 0.00000000099999999999 
0.00000000099999999989 0.99999999200000022626 0.00000000099999999989 0.00000000099999999989 0.00000000099999999989 0.00000000099999999989 0.00000000099999999989 0.00000000099999999989 0.00000000099999999989 
0.00000000099999999989 0.00000000099999999989 0.00000000099999999989 0.00000000099999999989 0.00000000099999999989 0.00000000099999999989 0.00000000099999999989 0.00000000099999999989 0.99999999200000000421 
0.00000000099999999992 0.00000000099999999992 0.00000000099999999992 0.00000000099999999992 0.00000000099999999992 0.00000000099999999992 0.00000000099999999992 0.00000000099999999992 0.99999999199999989319 
0.62094088411201220357 0.37905910497441985818 0.00000000099999999995 0.00000000099999999995 0.00000000099999999995 0.00000000099999999995 0.00000000099999999995 0.00000000491356814814 0.00000000099999999995 
0.08362335225802076943 0.23971658785600605257 0.00000000099999999997 0.00000000099999999997 0.00000000099999999997 0.00000000099999999997 0.00377336253793020791 0.46115113868798984775 0.21173555466005300474 
0.21432655720921864329 0.22695338145104224092 0.00000000099999999999 0.00000000099999999999 0.00252859333778104618 0.01284808900992644165 0.00000000099999999999 0.40775983690924094693 0.13558353908279047184 
0.06724088054227891909 0.32515988778876403487 0.00000000099999999998 0.00000000099999999998 0.00000000099999999998 0.00000000099999999998 0.03352760900803643945 0.27361490787592124274 0.30045671078499924800 
0.00000000099999999989 0.00000000099999999989 0.00000000099999999989 0.00000000099999999989 0.00000000099999999989 0.00000000099999999989 0.99999999200000000421 0.00000000099999999989 0.00000000099999999989 
0.00000000099999999993 0.00000000099999999993 0.00000000099999999993 0.00000000099999999993 0.00000000099999999993 0.00000000099999999993 0.99999999199999989319 0.00000000099999999993 0.00000000099999999993 
0.00000000099999999974 0.00000000099999999974 0.99999999200000000421 0.00000000099999999974 0.00000000099999999974 0.00000000099999999974 0.00000000099999999974 0.00000000099999999974 0.00000000099999999974 
0.00000000099999999996 0.00000000099999999996 0.00000000099999999996 0.00000000099999999996 0.00000000099999999996 0.28655664678994335892 0.71344334621005667252 0.00000000099999999996 0.00000000099999999996 
0.00000000099999999995 0.00000000099999999995 0.00000000099999999995 0.00000000099999999995 0.00000000099999999995 0.50821619330663059255 0.49178379969336960542 0.00000000099999999995 0.00000000099999999995 
0.00000000099999999993 0.00000000099999999993 0.00000000099999999993 0.00000000099999999993 0.00000000099999999993 0.00000000099999999993 0.00000000099999999993 0.00000000099999999993 0.99999999199999989319 
0.00000000099999999947 0.00000000099999999947 0.99999999200000000421 0.00000000099999999947 0.00000000099999999947 0.00000000099999999947 0.00000000099999999947 0.00000000099999999947 0.00000000099999999947 
0.14734009577877610342 0.38410767286879127225 0.00000000099999999999 0.01187563238215345006 0.00000000099999999999 0.00000000099999999999 0.00000000099999999999 0.24399394511364769222 0.21268264985663171140 
0.00000000099999999997 0.00000000099999999997 0.00000000099999999997 0.00000000099999999997 0.00000000099999999997 0.00000000099999999997 0.00000000099999999997 0.63262440886705839649 0.36737558413294146842 
0.99999999200000011523 0.00000000099999999992 0.00000000099999999992 0.00000000099999999992 0.00000000099999999992 0.00000000099999999992 0.00000000099999999992 0.00000000099999999992 0.00000000099999999992 
0.19558008791832179329 0.22707218359333597446 0.00000000099999999999 0.00604768387226142703 0.00000000099999999999 0.03845267880346221745 0.00000000099999999999 0.45271001977811237138 0.08013734303450620322 
0.00000000099999999985 0.00000000099999999985 0.00000000099999999985 0.00000000099999999985 0.00000000099999999985 0.00000000099999999985 0.00000000099999999985 0.00000000099999999985 0.99999999199999989319 
0.00000000099999999989 0.99999999200000011523 0.00000000099999999989 0.00000000099999999989 0.00000000099999999989 0.00000000099999999989 0.00000000099999999989 0.00000000099999999989 0.00000000099999999989 
0.51912252887739673834 0.00000000099999999997 0.00000000099999999997 0.00000000099999999997 0.00000000099999999997 0.00000000099999999997 0.00000000099999999997 0.00000000099999999997 0.48087746412260351514 
0.20956172263245853582 0.45908894816975343023 0.00000000099999999998 0.04035263506006648432 0.00000000099999999998 0.00469959735510332936 0.00000000099999999998 0.28629709278261827876 0.00000000099999999998 
0.31673986085564742599 0.00000000100000000000 0.00000000100000000000 0.00000000100000000000 0.03136155358882481564 0.00000000100000000000 0.01383705660219513786 0.45394807882193888293 0.18411344613139363213 
0.07315807748073806238 0.24937254497234292994 0.00000000099999999999 0.01622021219400186093 0.00610667124960998040 0.00545223453351405783 0.00000000099999999999 0.40547829200002688532 0.24421196556976615399 
0.22814665545952392267 0.27251306614898462843 0.00000000099999999996 0.00000000099999999996 0.00000000099999999996 0.00000000099999999996 0.00000000099999999996 0.49934027239149153532 0.00000000099999999996 
0.00000000099999999992 0.00000000099999999992 0.00000000099999999992 0.00000000099999999992 0.00000000099999999992 0.00000000099999999992 0.00000000099999999992 0.00000000099999999992 0.99999999200000000421 
0.35209581467888395601 0.18472178608395095623 0.00000000099999999998 0.01075111599722211597 0.00357436466952126917 0.00000000099999999998 0.00000000099999999998 0.22239413787579767612 0.22646277769462425100 
0.00000000099999999989 0.00000000099999999989 0.00000000099999999989 0.00000000099999999989 0.00000000099999999989 0.00000000099999999989 0.00000000099999999989 0.00000000099999999989 0.99999999199999989319 
0.20669902983566051935 0.00000000099999999997 0.00000000099999999997 0.00000000099999999997 0.00000000099999999997 0.00000000099999999997 0.00000000099999999997 0.32183656436101693021 0.47146439980332244257 
0.33113257261227008188 0.35676326882970721410 0.00000000099999999997 0.00000000099999999997 0.00000000099999999997 0.03034912524985027005 0.00000000117496304041 0.28175502813320957296 0.00000000099999999997 
0.99999999200000022626 0.00000000099999999994 0.00000000099999999994 0.00000000099999999994 0.00000000099999999994 0.00000000099999999994 0.00000000099999999994 0.00000000099999999994 0.00000000099999999994 
0.42294725719783882179 0.38037708669370534631 0.00000000099999999998 0.00000000099999999998 0.00000000099999999998 0.00000000099999999998 0.02572181133056301860 0.00000000099999999998 0.17095383977789299634 
0.32138935361284354242 0.14810279936694301095 0.00000000099999999998 0.02414735918963059266 0.00000000099999999998 0.00000016858355129596 0.00000000099999999998 0.50636031524703151163 0.00000000099999999998 
0.23696412098544589186 0.31658029773419144037 0.00000000099999999999 0.00005096582388663934 0.00000000099999999999 0.01977853705573062379 0.00207301196364635633 0.20975692573376245043 0.21479613870333674752 
0.10677613503018315577 0.21143757689105618924 0.06968877591610697642 0.00000211381218047482 0.00563186429436690963 0.00000000100000000000 0.02008159065476791683 0.20464910372825598217 0.38173283867308255290 
0.45002157457641128735 0.19179539502293305175 0.00000000099999999997 0.00573724281674367360 0.00000000099999999997 0.00000000099999999997 0.00000000099999999997 0.00000000099999999997 0.35244578258391223713 
0.00000000099999999988 0.00000000099999999988 0.00000000099999999988 0.00000000099999999988 0.00000000099999999988 0.00000000099999999988 0.00000000099999999988 0.00000000099999999988 0.99999999200000000421 
0.35763458076956022857 0.30193132604480693582 0.00000000099999999998 0.01945854345635219737 0.00000000099999999998 0.01413690839599299372 0.00000471748109125054 0.16439210904518067324 0.14244181280701581627 
0.33365553408050419026 0.46225158349696943150 0.00000000099999999998 0.01478394689903119591 0.00001454305512552742 0.00000000099999999998 0.00000000099999999998 0.00000000099999999998 0.18929438846836990629 
0.28129071852495557415 0.19692248434730524886 0.00000000099999999998 0.00000000099999999998 0.00000000099999999998 0.00000000099999999998 0.01276693897547464228 0.34064036754194598755 0.16837948661031842956 
0.99999999200000022626 0.00000000099999999993 0.00000000099999999993 0.00000000099999999993 0.00000000099999999993 0.00000000099999999993 0.00000000099999999993 0.00000000099999999993 0.00000000099999999993 
0.10612669196791617299 0.18081073640172048989 0.00000000099999999998 0.01796565713914309234 0.00000000099999999998 0.02022124910904048861 0.00000000099999999998 0.48517828878496788159 0.18969737359721169923 
0.32888620537109175546 0.00000000099999999997 0.00000000099999999997 0.01882958086749734333 0.00000000099999999997 0.00000000099999999997 0.00000000099999999997 0.28575055155481088320 0.36653365720659980553 
0.00000000099999999990 0.00000000099999999990 0.00000000099999999990 0.00000000099999999990 0.00000000099999999990 0.00000000099999999990 0.00000000099999999990 0.99999999199999989319 0.00000000099999999990 
0.00000000099999999993 0.00000000099999999993 0.00000000099999999993 0.00000000099999999993 0.00000000099999999993 0.33411498481973689323 0.66588500818026308270 0.00000000099999999993 0.00000000099999999993 
0.00000000099999999984 0.00000000099999999984 0.00000000099999999984 0.00000000099999999984 0.00000000099999999984 0.99999999200000011523 0.00000000099999999984 0.00000000099999999984 0.00000000099999999984 
0.00000000099999999965 0.00000000099999999965 0.99999999200000000421 0.00000000099999999965 0.00000000099999999965 0.00000000099999999965 0.00000000099999999965 0.00000000099999999965 0.00000000099999999965 
0.00000000099999999957 0.00000000099999999957 0.00000000099999999957 0.00000000099999999957 0.99999999200000011523 0.00000000099999999957 0.00000000099999999957 0.00000000099999999957 0.00000000099999999957 
0.00000000099999999997 0.00000000099999999997 0.00000000099999999997 0.12077825705332217998 0.00000000099999999997 0.30381816681514606238 0.57540357013153176080 0.00000000099999999997 0.00000000099999999997 
0.57775654102230789011 0.00000000099999999996 0.00000000099999999996 0.00000000099999999996 0.00000000099999999996 0.00000000099999999996 0.00000000099999999996 0.42224345197769230786 0.00000000099999999996 
0.00000000099999999993 0.00000000099999999993 0.00000000099999999993 0.00000000099999999993 0.00000000099999999993 0.00000000099999999993 0.00000000099999999993 0.99999999199999989319 0.00000000099999999993 
0.00000000099999999996 0.00000000099999999996 0.00000000099999999996 0.02401404401506304978 0.00000000099999999996 0.49564020157871024885 0.48034574840622690228 0.00000000099999999996 0.00000000099999999996 
0.36381276126924544378 0.18499927421590853238 0.00000000099999999998 0.00000000099999999998 0.00000000099999999998 0.00000000099999999998 0.01929971128687096166 0.16559277057374283126 0.26629547865423225383 
0.30102547302411247765 0.08689997570334735688 0.00000000099999999998 0.01258963801717828852 0.00951784548804826720 0.00193487677160053659 0.00000000099999999998 0.34142048862767110373 0.24661170036804183625 
0.28546464951035599444 0.36040788887003710750 0.00000000099999999997 0.04579043501304808084 0.00000000099999999997 0.00000000099999999997 0.00000000099999999997 0.30833702160655884761 0.00000000099999999997 
0.00000000099999999954 0.00000000099999999954 0.99999999200000000421 0.00000000099999999954 0.00000000099999999954 0.00000000099999999954 0.00000000099999999954 0.00000000099999999954 0.00000000099999999954 
0.00000000099999999957 0.00000000099999999957 0.99999999200000000421 0.00000000099999999957 0.00000000099999999957 0.00000000099999999957 0.00000000099999999957 0.00000000099999999957 0.00000000099999999957 
0.00000000099999999948 0.00000000099999999948 0.99999999200000000421 0.00000000099999999948 0.00000000099999999948 0.00000000099999999948 0.00000000099999999948 0.00000000099999999948 0.00000000099999999948 
0.00000000099999999949 0.00000000099999999949 0.99999999200000011523 0.00000000099999999949 0.00000000099999999949 0.00000000099999999949 0.00000000099999999949 0.00000000099999999949 0.00000000099999999949 
0.00000000099999999951 0.00000000099999999951 0.99999999200000011523 0.00000000099999999951 0.00000000099999999951 0.00000000099999999951 0.00000000099999999951 0.00000000099999999951 0.00000000099999999951 
0.00000000099999999992 0.00000000099999999992 0.00000000099999999992 0.00000000099999999992 0.00000000099999999992 0.00000000099999999992 0.99999999199999989319 0.00000000099999999992 0.00000000099999999992 
0.18041846819045498362 0.34604723788704377929 0.00000000099999999999 0.00019578798023175631 0.00815449462974511888 0.00000000099999999999 0.00000000099999999999 0.33139796407804245071 0.13378604423448203775 
0.00000000099999999950 0.00000000099999999950 0.99999999200000011523 0.00000000099999999950 0.00000000099999999950 0.00000000099999999950 0.00000000099999999950 0.00000000099999999950 0.00000000099999999950 
0.00000000099999999958 0.00000000099999999958 0.99999999200000011523 0.00000000099999999958 0.00000000099999999958 0.00000000099999999958 0.00000000099999999958 0.00000000099999999958 0.00000000099999999958 
0.00000000099999999955 0.00000000099999999955 0.00000000099999999955 0.00000000099999999955 0.99999999200000011523 0.00000000099999999955 0.00000000099999999955 0.00000000099999999955 0.00000000099999999955 
0.00000000099999999955 0.00000000099999999955 0.00000000099999999955 0.00000000099999999955 0.99999999200000000421 0.00000000099999999955 0.00000000099999999955 0.00000000099999999955 0.00000000099999999955 
0.29497532815581473109 0.36032818095726593111 0.00000000099999999998 0.01879066107121376422 0.00000000099999999998 0.00000000099999999998 0.00000000099999999998 0.24446216546539473180 0.08144366035031085083 
0.00000000099999999954 0.00000000099999999954 0.99999999200000000421 0.00000000099999999954 0.00000000099999999954 0.00000000099999999954 0.00000000099999999954 0.00000000099999999954 0.00000000099999999954 
0.00000000099999999989 0.00000000099999999989 0.00000000099999999989 0.00000000099999999989 0.00000000099999999989 0.00000000099999999989 0.00000000099999999989 0.00000000099999999989 0.99999999199999989319 
0.99999999200000022626 0.00000000099999999990 0.00000000099999999990 0.00000000099999999990 0.00000000099999999990 0.00000000099999999990 0.00000000099999999990 0.00000000099999999990 0.00000000099999999990 
0.00000000099999999988 0.00000000099999999988 0.00000000099999999988 0.00000000099999999988 0.00000000099999999988 0.99999999200000000421 0.00000000099999999988 0.00000000099999999988 0.00000000099999999988 
0.15537167223458941967 0.18919697879147903685 0.00000000099999999998 0.00573719263496159319 0.00000000099999999998 0.00000000099999999998 0.01339921379832965595 0.42412419411695612137 0.21217074542368397072 
0.00000000099999999991 0.00000000099999999991 0.00000000099999999991 0.00000000099999999991 0.00000000099999999991 0.42930592524422944711 0.57069406775577069535 0.00000000099999999991 0.00000000099999999991 
0.46673050573278063169 0.48595927198607108410 0.00000000099999999997 0.04727988324900037759 0.00000000099999999997 0.00000000099999999997 0.00000000099999999997 0.00000000099999999997 0.00003033403214792650 
0.00000000099999999981 0.00000000099999999981 0.00000000099999999981 0.00000000099999999981 0.00000000099999999981 0.99999999200000000421 0.00000000099999999981 0.00000000099999999981 0.00000000099999999981 
0.27085040405319321666 0.17138717413603418716 0.00000000099999999999 0.04210931586540524879 0.00741341224074002891 0.00910728986080413389 0.00000000099999999999 0.30407329278552425178 0.19505910905829901281 
0.43837374335978851470 0.00000000099999999997 0.00000000099999999997 0.02364123072984675167 0.00000000099999999997 0.00000000099999999997 0.00000000099999999997 0.53798501991036462577 0.00000000099999999997 
0.00000000099999999958 0.00000000099999999958 0.99999999200000000421 0.00000000099999999958 0.00000000099999999958 0.00000000099999999958 0.00000000099999999958 0.00000000099999999958 0.00000000099999999958 
0.00000000099999999980 0.00000000099999999980 0.00000000099999999980 0.00000000099999999980 0.00000000099999999980 0.99999999200000000421 0.00000000099999999980 0.00000000099999999980 0.00000000099999999980 
0.00000000099999999951 0.00000000099999999951 0.99999999200000011523 0.00000000099999999951 0.00000000099999999951 0.00000000099999999951 0.00000000099999999951 0.00000000099999999951 0.00000000099999999951 
0.00000000099999999950 0.00000000099999999950 0.99999999200000000421 0.00000000099999999950 0.00000000099999999950 0.00000000099999999950 0.00000000099999999950 0.00000000099999999950 0.00000000099999999950 
0.37280460043200430720 0.25557532574958252702 0.00000000099999999999 0.00007190893358398993 0.00000000099999999999 0.00693230814311581074 0.00000000099999999999 0.36461585274171343096 0.00000000099999999999 
0.21858960217722758768 0.29966879182793576541 0.00000000099999999998 0.02349293603431888700 0.00000000099999999998 0.00000000099999999998 0.01826768400443150656 0.25769225009647156455 0.18228873285961477713 
0.21225193913990894612 0.25704298259909635904 0.00000000099999999997 0.00000000099999999997 0.00000000099999999997 0.00000000099999999997 0.00000000099999999997 0.53070507226099439269 0.00000000099999999997 
0.33444786703286960572 0.15653912119512644607 0.00000000099999999998 0.00000000099999999998 0.00000000099999999998 0.00000000099999999998 0.00000000099999999998 0.29143393293706243430 0.21757907383494140552 
0.42836883397658942485 0.08073983968503960218 0.00000000099999999999 0.03066279705440309866 0.00172956440120383714 0.00000000099999999999 0.00000000099999999999 0.19217910010869601600 0.26631986177406824501 
0.29196096238060992301 0.14464268830280904710 0.00000000099999999998 0.02912900257419443958 0.00000003066697550718 0.00007620852962835291 0.00541036880370741532 0.23369846123665616311 0.29508227650541907217 
0.00000000099999999994 0.34285056824226367578 0.00000000099999999994 0.00000000099999999994 0.00000000099999999994 0.00000000099999999994 0.00000000099999999994 0.65714942475773618913 0.00000000099999999994 
0.00000000099999999995 0.00000000099999999995 0.00000000099999999995 0.00000000099999999995 0.00000000099999999995 0.00000000099999999995 0.99999999199999989319 0.00000000099999999995 0.00000000099999999995 
0.00000000099999999996 0.00998727807290673668 0.00000000099999999996 0.02982838334785171963 0.00000000099999999996 0.00000000099999999996 0.00000000099999999996 0.46095526371589473635 0.49922906986334680823 
0.00000000099999999950 0.00000000099999999950 0.99999999200000000421 0.00000000099999999950 0.00000000099999999950 0.00000000099999999950 0.00000000099999999950 0.00000000099999999950 0.00000000099999999950 
0.00000000099999999998 0.51894265350381640900 0.00000000099999999998 0.00000000099999999998 0.00000000099999999998 0.00000000099999999998 0.00000000099999999998 0.26765938118190657491 0.21339795931427715803 
0.00000000099999999984 0.00000000099999999984 0.99999999200000000421 0.00000000099999999984 0.00000000099999999984 0.00000000099999999984 0.00000000099999999984 0.00000000099999999984 0.00000000099999999984 
0.00000000099999999957 0.00000000099999999957 0.99999999200000000421 0.00000000099999999957 0.00000000099999999957 0.00000000099999999957 0.00000000099999999957 0.00000000099999999957 0.00000000099999999957 
0.39735388638630508851 0.34633831514725288425 0.00000000099999999998 0.06134221380104835225 0.00000000099999999998 0.00016020604435048902 0.00000000099999999998 0.03222577814435041016 0.16257959747669284423 
0.00000000099999999997 0.27616415844273239921 0.00000000099999999997 0.00000000099999999997 0.00426636760826464533 0.00000000099999999997 0.00000000099999999997 0.41159086189692251079 0.30797860705208029986 
0.31726006398589889912 0.34695647614998875730 0.00000000099999999998 0.00000000099999999998 0.00000000099999999998 0.00000000099999999998 0.02686605574677332006 0.06494905630130658192 0.24396834381603257902 
0.00000000099999999962 0.00000000099999999962 0.99999999200000011523 0.00000000099999999962 0.00000000099999999962 0.00000000099999999962 0.00000000099999999962 0.00000000099999999962 0.00000000099999999962 
0.00000000099999999993 0.00000000099999999993 0.00000000099999999993 0.00000000099999999993 0.00000000099999999993 0.28348461237099364940 0.71651538062900643755 0.00000000099999999993 0.00000000099999999993 
0.00000000099999999993 0.00000000099999999993 0.00000000099999999993 0.00000000099999999993 0.00000000099999999993 0.27171456933950749457 0.72828542366049242585 0.00000000099999999993 0.00000000099999999993 
0.00000000099999999957 0.00000000099999999957 0.99999999200000000421 0.00000000099999999957 0.00000000099999999957 0.00000000099999999957 0.00000000099999999957 0.00000000099999999957 0.00000000099999999957 
0.63383759762630742518 0.00000000099999999996 0.00000000099999999996 0.00000000099999999996 0.00000000099999999996 0.00000000099999999996 0.00000000099999999996 0.36616239537369277279 0.00000000099999999996 
0.42851702447111422734 0.26720055071932358182 0.00000000099999999999 0.00816403775680281212 0.00053914216847225714 0.00000000099999999999 0.03349912724161453748 0.26208010415170096552 0.00000001149097172161 
0.00000000099999999959 0.00000000099999999959 0.99999999200000011523 0.00000000099999999959 0.00000000099999999959 0.00000000099999999959 0.00000000099999999959 0.00000000099999999959 0.00000000099999999959 
0.35974088194285247511 0.23382651333542620042 0.00000000099999999998 0.00516538985509099827 0.00000000099999999998 0.00113333018348587135 0.00000000099999999998 0.00000000099999999998 0.40013388068314470480 
0.00000000099999999986 0.00000000099999999986 0.00000000099999999986 0.00000000099999999986 0.00000000099999999986 0.00000000099999999986 0.99999999200000000421 0.00000000099999999986 0.00000000099999999986 
0.00000000099999999902 0.00000000099999999902 0.00000000099999999902 0.99999999200000011523 0.00000000099999999902 0.00000000099999999902 0.00000000099999999902 0.00000000099999999902 0.00000000099999999902 
