0.71155752838022712226 0.00000000099999999999 0.00000000099999999999 0.00000000099999999999 0.26896222659078788952 0.01948024202898512858 
0.00000000099999999995 0.00000000099999999995 0.00000000099999999995 0.99999999499999991937 0.00000000099999999995 0.00000000099999999995 
0.00000000099999999995 0.00000000099999999995 0.00000000099999999995 0.99999999500000003039 0.00000000099999999995 0.00000000099999999995 
0.65571000787690736367 0.14885042394743597249 0.00000000099999999999 0.02594736925289457471 0.16949153106131184532 0.00000066686145038251 
0.84555061462779301795 0.14701087752177391388 0.00000000099999999999 0.00000000099999999999 0.00000000099999999999 0.00743850485043323281 
0.58275410307265174126 0.13195710178997799300 0.00000000099999999999 0.01883542975799246122 0.26450178425239589952 0.00195158012698196971 
0.00000000099999999996 0.00000000099999999996 0.00000000099999999996 0.99999999500000003039 0.00000000099999999996 0.00000000099999999996 
0.00000000099999999994 0.00000000099999999994 0.00000000099999999994 0.99999999499999991937 0.00000000099999999994 0.00000000099999999994 
0.49458803560120645493 0.13051793767929015244 0.00000000099999999999 0.00000000099999999999 0.36172023986747803281 0.01317378485202549791 
0.00000000099999999995 0.00000000099999999995 0.00000000099999999995 0.99999999500000003039 0.00000000099999999995 0.00000000099999999995 
0.63825571113776136123 0.11282985485666692516 0.00000000100000000000 0.00539617420837363963 0.23608325009062974820 0.00743500870656818320 
0.60304520603116318345 0.13342116881814788942 0.00000000099999999999 0.01081714493181325058 0.24764831072094264930 0.00506816849793321599 
0.53865084369660598540 0.15069937381261844234 0.00000000099999999999 0.00000000099999999999 0.31064977949077565711 0.00000000099999999999 
0.54181827739975207958 0.12225554507042123153 0.00000000099999999999 0.00000000099999999999 0.32169767782126629241 0.01422849770856043743 
0.98013099660219282772 0.00000000100000000000 0.00020262514414771948 0.00000000100000000000 0.00000000100000000000 0.01966637525365958969 
0.54945614150793187225 0.13258207994573467658 0.00000000099999999999 0.04960261072359353068 0.24072140723984619681 0.02763775958289354379 
0.81153504488213346058 0.00000000099999999999 0.00000000099999999999 0.01109762368374530433 0.17736732843412109095 0.00000000099999999999 
0.40294297677302620686 0.15556040924449868190 0.00000000099999999998 0.00000000099999999998 0.44149661098247511282 0.00000000099999999998 
0.67536576501396550221 0.07464537108824842448 0.00590884547656563789 0.00000000100000000000 0.23636423511431581268 0.00771578230690478806 
0.99884325767371862081 0.00000000099999999997 0.00000000099999999997 0.00000000099999999997 0.00000000099999999997 0.00115673832628143051 
0.61266553949437507764 0.00000000099999999998 0.00000000099999999998 0.00000000099999999998 0.38733445650562503548 0.00000000099999999998 
0.00000000099999999997 0.00000000099999999997 0.00000000099999999997 0.98885782698159940818 0.01114216901840055229 0.00000000099999999997 
0.63566044691594247862 0.14101939644652836114 0.00000000099999999999 0.01807033524086678472 0.20524981939666234187 0.00000000099999999999 
0.00000000099999999975 0.99999999500000014141 0.00000000099999999975 0.00000000099999999975 0.00000000099999999975 0.00000000099999999975 
0.68082705209252836198 0.04864204297149687245 0.00000000099999999998 0.03108668704103296002 0.23944421589494177538 0.00000000099999999998 
0.91017462421717165721 0.08982537178282840040 0.00000000099999999999 0.00000000099999999999 0.00000000099999999999 0.00000000099999999999 
0.00000000099999999978 0.00000000099999999978 0.00000000099999999978 0.00000000099999999978 0.00000000099999999978 0.99999999499999991937 
0.00000000099999999976 0.00000000099999999976 0.00000000099999999976 0.00000000099999999976 0.00000000099999999976 0.99999999500000003039 
0.00000000099999999993 0.00000000099999999993 0.00000000099999999993 0.00000000099999999993 0.99999999499999991937 0.00000000099999999993 
0.52601580755088461760 0.10854581493144027649 0.00000000099999999998 0.00000000099999999998 0.35820536775986605571 0.00723300775780910503 
0.00000000099999999991 0.00000000099999999991 0.00000000099999999991 0.00000000099999999991 0.99999999500000003039 0.00000000099999999991 
0.00000000099999999992 0.17516324714281980568 0.00000000099999999992 0.82483674885718027969 0.00000000099999999992 0.00000000099999999992 
0.00000000099999999987 0.64232386508851357920 0.00000000099999999987 0.00000000099999999987 0.00000000099999999987 0.35767613091148664495 
0.58119108647178330251 0.00000000099999999998 0.00000000099999999998 0.00000000099999999998 0.41880890952821675510 0.00000000099999999998 
0.00000000099999999974 0.00000000099999999974 0.99999999500000003039 0.00000000099999999974 0.00000000099999999974 0.00000000099999999974 
0.00000000099999999968 0.00000000099999999968 0.99999999500000003039 0.00000000099999999968 0.00000000099999999968 0.00000000099999999968 
0.00000000099999999968 0.00000000099999999968 0.99999999499999991937 0.00000000099999999968 0.00000000099999999968 0.00000000099999999968 
0.00000000099999999979 0.00000000099999999979 0.00000000099999999979 0.00000000099999999979 0.00000000099999999979 0.99999999499999991937 
0.00000000099999999976 0.00000000099999999976 0.00000000099999999976 0.00000000099999999976 0.00000000099999999976 0.99999999499999991937 
0.59941331287324184363 0.14486210168268073839 0.00000000099999999998 0.00000000099999999998 0.25572458244407736405 0.00000000099999999998 
0.00000000099999999997 0.00000000099999999997 0.00000000099999999997 0.99999999500000003039 0.00000000099999999997 0.00000000099999999997 
0.00000000099999999977 0.00000000099999999977 0.00000000099999999977 0.00000000099999999977 0.00000000099999999977 0.99999999499999991937 
0.82473425176670100978 0.15832203691852239635 0.00000000099999999999 0.01077869063032899435 0.00000000099999999999 0.00616501868444763873 
0.00000000099999999995 0.00000000099999999995 0.00000000099999999995 0.99999999500000003039 0.00000000099999999995 0.00000000099999999995 
0.00000000099999999980 0.00000000099999999980 0.00000000099999999980 0.00000000099999999980 0.00000000099999999980 0.99999999500000003039 
0.70464554199011220081 0.09555472502289130698 0.00000000099999999999 0.01173485710705811022 0.18149359019081606759 0.00657128468912225421 
0.00000000099999999977 0.00000000099999999977 0.00000000099999999977 0.00000000099999999977 0.00000000099999999977 0.99999999500000003039 
0.00000000099999999996 0.00000000099999999996 0.00000000099999999996 0.99999999500000003039 0.00000000099999999996 0.00000000099999999996 
0.00000000099999999993 0.00000000099999999993 0.00000000099999999993 0.99999999500000003039 0.00000000099999999993 0.00000000099999999993 
0.00000000099999999974 0.00000000099999999974 0.00000000099999999974 0.00000000099999999974 0.00000000099999999974 0.99999999499999991937 
0.00000000099999999977 0.00000000099999999977 0.00000000099999999977 0.00000000099999999977 0.00000000099999999977 0.99999999500000003039 
0.00000000099999999996 0.00000000099999999996 0.00000000099999999996 0.99999999499999991937 0.00000000099999999996 0.00000000099999999996 
0.00000000099999999996 0.00000000099999999996 0.00000000099999999996 0.99999999499999991937 0.00000000099999999996 0.00000000099999999996 
0.00000000099999999997 0.00000000099999999997 0.00000000099999999997 0.99999999499999991937 0.00000000099999999997 0.00000000099999999997 
0.00000000099999999980 0.00000000099999999980 0.00000000099999999980 0.00000000099999999980 0.00000000099999999980 0.99999999500000003039 
0.00000000099999999990 0.99999999500000003039 0.00000000099999999990 0.00000000099999999990 0.00000000099999999990 0.00000000099999999990 
0.58052050020372691908 0.05438144669296388067 0.00000000099999999999 0.00000000099999999999 0.33930973235853811865 0.02578831874477128042 
0.97685554661590956460 0.00000000099999999997 0.00000000099999999997 0.02314444938409040628 0.00000000099999999997 0.00000000099999999997 
0.63180603903884791084 0.08786185139486259177 0.00000000099999999999 0.00871125040579351709 0.27103012326043152136 0.00059073490006457147 
0.00000000099999999995 0.00000000099999999995 0.00000000099999999995 0.99999999500000003039 0.00000000099999999995 0.00000000099999999995 
0.63299578576422377285 0.04089690048857534677 0.00000000100000000000 0.00000000100000000000 0.31959392401817410256 0.00651338772902676760 
0.00000000099999999972 0.00000000099999999972 0.99999999499999991937 0.00000000099999999972 0.00000000099999999972 0.00000000099999999972 
0.70571277413413235902 0.00000000099999999998 0.00000000099999999998 0.00719636729244274055 0.28083873543265602812 0.00625212114076905291 
0.00000000099999999973 0.00000000099999999973 0.99999999499999991937 0.00000000099999999973 0.00000000099999999973 0.00000000099999999973 
0.78642490950246901615 0.19697971337978328887 0.00000000099999999999 0.01659537411774764104 0.00000000099999999999 0.00000000099999999999 
0.00000000099999999974 0.00000000099999999974 0.99999999500000003039 0.00000000099999999974 0.00000000099999999974 0.00000000099999999974 
0.00000000099999999992 0.00000000099999999992 0.00000000099999999992 0.00000000099999999992 0.99999999499999991937 0.00000000099999999992 
0.70887788494292236496 0.08565524929594997561 0.00000000100000000000 0.01064854456465733241 0.18661506864495230884 0.00820325155151795625 
0.00000000099999999994 0.00000000099999999994 0.00000000099999999994 0.99999999499999991937 0.00000000099999999994 0.00000000099999999994 
0.84377235402804018349 0.00000000099999999997 0.00000000099999999997 0.00000000099999999997 0.15622764197195987412 0.00000000099999999997 
0.00000000099999999974 0.00000000099999999974 0.99999999499999991937 0.00000000099999999974 0.00000000099999999974 0.00000000099999999974 
0.00000000099999999976 0.00000000099999999976 0.99999999500000003039 0.00000000099999999976 0.00000000099999999976 0.00000000099999999976 
0.66040374960855408037 0.04286072788810005307 0.00000000099999999999 0.08422402747046685290 0.20123892378225188837 0.01127257025062713969 
0.00000000099999999994 0.00000000099999999994 0.00000000099999999994 0.99999999499999991937 0.00000000099999999994 0.00000000099999999994 
0.00000000099999999981 0.00000000099999999981 0.00000000099999999981 0.00000000099999999981 0.00000000099999999981 0.99999999500000003039 
0.00000000099999999995 0.00000000099999999995 0.00000000099999999995 0.99999999499999991937 0.00000000099999999995 0.00000000099999999995 
0.58377779488119618811 0.07595944246052672988 0.00000000100000000000 0.03074894117299300025 0.30951381948528405852 0.00000000100000000000 
0.00000000099999999971 0.00000000099999999971 0.99999999499999991937 0.00000000099999999971 0.00000000099999999971 0.00000000099999999971 
0.00000000099999999972 0.00000000099999999972 0.00000000099999999972 0.00000000099999999972 0.00000000099999999972 0.99999999500000003039 
0.00000000099999999977 0.00000000099999999977 0.99999999500000003039 0.00000000099999999977 0.00000000099999999977 0.00000000099999999977 
0.98032966387057829394 0.00000000099999999999 0.00000000099999999999 0.00000000099999999999 0.00000000099999999999 0.01967033212942187123 
0.00000000099999999993 0.00000000099999999993 0.00000000099999999993 0.99999999500000003039 0.00000000099999999993 0.00000000099999999993 
0.00000000099999999994 0.00000000099999999994 0.00000000099999999994 0.99999999499999991937 0.00000000099999999994 0.00000000099999999994 
0.38553316365476658634 0.14461305332069648855 0.00000000099999999999 0.21890702501993883344 0.25094675600459803722 0.00000000099999999999 
0.69130750338161783830 0.17081002545931886494 0.00000000099999999999 0.00000000099999999999 0.11724215781952271320 0.02064031133954065747 
0.71104701403246250990 0.00000000099999999999 0.00000000099999999999 0.01251438099881180960 0.27643860196872566126 0.00000000099999999999 
0.63352550274796382013 0.00000000099999999998 0.00000000099999999998 0.02522883878780323580 0.34124565546423291096 0.00000000099999999998 
0.64004125178311188638 0.09542511443025510076 0.00000000099999999999 0.00000000099999999999 0.26453363078663311159 0.00000000099999999999 
0.61605533176918403360 0.00008727985321385803 0.00000000099999999997 0.00000000099999999997 0.38385738537760200062 0.00000000099999999997 
0.48843899491762937659 0.09149471618106895521 0.00000000099999999998 0.00000302591194537643 0.42006326098935620195 0.00000000099999999998 
0.59623649479054807721 0.20175892333420758495 0.00000000099999999999 0.00000000099999999999 0.20200457887524445044 0.00000000099999999999 
0.79687484102198202773 0.17943940545063499781 0.00000000099999999999 0.02368575052738315298 0.00000000099999999999 0.00000000099999999999 
0.00000000099999999995 0.00000000099999999995 0.00000000099999999995 0.99999999499999991937 0.00000000099999999995 0.00000000099999999995 
0.00000000099999999998 0.03085338215340345525 0.00000000099999999998 0.96914661384659650523 0.00000000099999999998 0.00000000099999999998 
0.00000000099999999984 0.00000000099999999984 0.99999999500000003039 0.00000000099999999984 0.00000000099999999984 0.00000000099999999984 
0.00000000099999999997 0.00000000099999999997 0.00000000099999999997 0.99999999500000003039 0.00000000099999999997 0.00000000099999999997 
0.00000000099999999998 0.00084005363973524232 0.00000000099999999998 0.99915994236026473008 0.00000000099999999998 0.00000000099999999998 
0.57567719470114664393 0.13808523747381798441 0.00000000099999999999 0.00980433217725524934 0.27347989031369285273 0.00295334433408718814 
0.00000000099999999968 0.00000000099999999968 0.99999999499999991937 0.00000000099999999968 0.00000000099999999968 0.00000000099999999968 
0.58346835830874910211 0.08852796882744308482 0.00000000099999999999 0.00000000099999999999 0.32526703011635177409 0.00273664074745615538 
0.50012867547688300007 0.09832519673146443429 0.00000000099999999999 0.00956506438959579298 0.38950341102565344542 0.00247765137640326098 
0.67676987737596516759 0.07444231786364163828 0.00000003692767113773 0.00000000100000000000 0.24246921528391121581 0.00631855154881086692 
0.61707540907838442923 0.14455944573890094906 0.00000000100000000000 0.01632923780608726977 0.22178732759879415948 0.00024857877783325034 
0.77553284868609284608 0.22446714731390732256 0.00000000099999999998 0.00000000099999999998 0.00000000099999999998 0.00000000099999999998 
0.58192045198451158861 0.18992288595984035959 0.00000000099999999999 0.02331272381145299555 0.20484393624419500179 0.00000000099999999999 
0.86717024569115519483 0.13282974987101420217 0.00000000099999999999 0.00000000099999999999 0.00000000099999999999 0.00000000143783068012 
0.67248786922197090199 0.04472182830334758830 0.00000000099999999999 0.01360123945860445931 0.26035519737324835932 0.00883386464282862049 
0.86058871110905588164 0.10847986316364371939 0.00000000100000000000 0.00000388051836472624 0.00000000100000000000 0.03092754320893582182 
0.45554249897161491756 0.12243616205989486800 0.00000000099999999999 0.00000000099999999999 0.41557950173028829211 0.00644183523820213329 
0.99999999500000003039 0.00000000099999999996 0.00000000099999999996 0.00000000099999999996 0.00000000099999999996 0.00000000099999999996 
0.62258971492830350591 0.16361397834123861394 0.00000000100000000000 0.01378288700687331850 0.17662536848698776049 0.02338805023659681556 
0.54304313218220479076 0.09721406259396882243 0.00000000099999999998 0.00000000099999999998 0.35303211505145787319 0.00671068817236862829 
0.99999999500000014141 0.00000000099999999998 0.00000000099999999998 0.00000000099999999998 0.00000000099999999998 0.00000000099999999998 
0.56076678464288365333 0.05759730145853642763 0.00000000099999999999 0.00000000099999999999 0.38163591089857978877 0.00000000099999999999 
0.77972517787949346957 0.20450238791202232647 0.00000000099999999998 0.01577243120848439289 0.00000000099999999998 0.00000000099999999998 
0.55629962053829640212 0.11873608940296033476 0.00000000099999999999 0.00000034025609481589 0.32215279987283906848 0.00281114892980946409 
0.59973354456418115355 0.18116254898675410168 0.00000000099999999999 0.02033024064512644821 0.19877366380393834966 0.00000000099999999999 
0.54897572931571769761 0.17037480044457833928 0.00000000099999999999 0.00000000099999999999 0.28064946723970390918 0.00000000099999999999 
0.74082442400864556564 0.10982134387892365790 0.00000000099999999999 0.01922639430960785059 0.13012783580282291651 0.00000000099999999999 
0.60774248015935439238 0.14297576165822720173 0.06720969705429755137 0.01309572185042486535 0.16298324425770438495 0.00599309501999173433 
0.98580952766663110243 0.01415532583482062741 0.00000000099999999998 0.00001121054118648961 0.00002393395736188753 0.00000000099999999998 
0.59757091396683548190 0.14774771736941186284 0.00000000099999999998 0.00588926295513741635 0.24879210370861534751 0.00000000099999999998 
0.64883020117130596471 0.15345437699341749060 0.00000000099999999998 0.01337887674514928564 0.18433654309012731387 0.00000000099999999998 
0.64746005212830781694 0.10446231194706401268 0.00000000099999999999 0.00000000099999999999 0.23275173081170935641 0.01532590311291890176 
0.50322748978430487110 0.09813249589591838129 0.00000000099999999998 0.00409271683478158385 0.39454729548499506420 0.00000000099999999998 
0.57519870097944536536 0.25462678021989815225 0.00000000099999999999 0.00000000099999999999 0.17017451580065656724 0.00000000099999999999 
0.61200628606566187528 0.11136531522799369975 0.00000000099999999999 0.00902974572875469769 0.26010098813611387536 0.00749766384147580907 
0.69830584652289617864 0.00000000099999999998 0.00000000099999999998 0.00000000099999999998 0.30169414947710393449 0.00000000099999999998 
0.59477962351642477135 0.00000000099999999997 0.00000000099999999997 0.03087320218261267735 0.37434717130096245574 0.00000000099999999997 
0.00000000099999999994 0.00000000099999999994 0.00000000099999999994 0.99999999499999991937 0.00000000099999999994 0.00000000099999999994 
0.00000000099999999998 0.00000001415515210961 0.00000000099999999998 0.98595322169366672593 0.01404676115118111586 0.00000000099999999998 
0.00000000099999999979 0.00000000099999999979 0.99999999500000003039 0.00000000099999999979 0.00000000099999999979 0.00000000099999999979 
0.00000000099999999973 0.00000000099999999973 0.00000000099999999973 0.00000000099999999973 0.00000000099999999973 0.99999999500000003039 
0.00000000099999999999 0.07574369188758377225 0.00000000099999999999 0.88824160905223059626 0.00000000270907181184 0.03601469435111375600 
0.51946656388362633106 0.08368614193027440473 0.00000000099999999998 0.00415893703281351463 0.39268835515328570640 0.00000000099999999998 
0.62050583964179717444 0.00000000099999999999 0.00000000099999999999 0.02238655088155594441 0.35710760647664707701 0.00000000099999999999 
0.00000000099999999999 0.00000000099999999999 0.00000000099999999999 0.99522037188976519850 0.00000000099999999999 0.00477962411023473248 
0.60736627354164252068 0.13000363330577452414 0.00000000099999999999 0.00944466075681932998 0.25318543039576363318 0.00000000099999999999 
0.65678848691122659886 0.15963769892205992296 0.00000000099999999998 0.00000000099999999998 0.17531289386444451339 0.00826091830226885829 
0.61379302583670969362 0.09662850053851962384 0.00000000099999999999 0.00000000099999999999 0.28877473356052713038 0.00080373806424359701 
0.00000000099999999971 0.00000000099999999971 0.99999999499999991937 0.00000000099999999971 0.00000000099999999971 0.00000000099999999971 
0.00000000099999999973 0.00000000099999999973 0.99999999500000003039 0.00000000099999999973 0.00000000099999999973 0.00000000099999999973 
0.00000000099999999968 0.00000000099999999968 0.99999999499999991937 0.00000000099999999968 0.00000000099999999968 0.00000000099999999968 
0.00000000099999999969 0.00000000099999999969 0.99999999500000003039 0.00000000099999999969 0.00000000099999999969 0.00000000099999999969 
0.00000000099999999970 0.00000000099999999970 0.99999999500000003039 0.00000000099999999970 0.00000000099999999970 0.00000000099999999970 
0.00000000099999999997 0.00000000099999999997 0.00000000099999999997 0.99999999500000003039 0.00000000099999999997 0.00000000099999999997 
0.89043011167476993073 0.10095162937882574961 0.00000000099999999999 0.00000000099999999999 0.00000000099999999999 0.00861825594640444614 
0.00000000099999999970 0.00000000099999999970 0.99999999500000003039 0.00000000099999999970 0.00000000099999999970 0.00000000099999999970 
0.00000000099999999974 0.00000000099999999974 0.99999999499999991937 0.00000000099999999974 0.00000000099999999974 0.00000000099999999974 
0.00000000099999999973 0.00000000099999999973 0.00000000099999999973 0.00000000099999999973 0.00000000099999999973 0.99999999499999991937 
0.00000000099999999973 0.00000000099999999973 0.00000000099999999973 0.00000000099999999973 0.00000000099999999973 0.99999999500000003039 
0.45250706615540725597 0.13033326439584935752 0.00000000099999999998 0.00000000099999999998 0.41715966644874341585 0.00000000099999999998 
0.00000000099999999972 0.00000000099999999972 0.99999999500000003039 0.00000000099999999972 0.00000000099999999972 0.00000000099999999972 
0.55941718974969889544 0.10507796778757193257 0.00000000099999999999 0.00894533994820469192 0.32655950051452448113 0.00000000099999999999 
0.54163129718202929208 0.09601636579799993632 0.00000000099999999998 0.00000000099999999998 0.36235233401997068992 0.00000000099999999998 
0.00000000099999999998 0.00000000099999999998 0.00000000099999999998 0.94995874488548393000 0.05004125111451605129 0.00000000099999999998 
0.64620074225428381087 0.10018156281928521090 0.00000000099999999999 0.00619593388070808961 0.24742175904572305534 0.00000000099999999999 
0.00000000099999999993 0.00000000099999999993 0.00000000099999999993 0.99999999500000003039 0.00000000099999999993 0.00000000099999999993 
0.74580376668524106520 0.25419622931475904792 0.00000000099999999998 0.00000000099999999998 0.00000000099999999998 0.00000000099999999998 
0.00000000099999999994 0.00000000099999999994 0.00000000099999999994 0.99999999499999991937 0.00000000099999999994 0.00000000099999999994 
0.61559375865058107991 0.15446409478306769025 0.00000000099999999999 0.00000000249713161576 0.21539407786867884043 0.01454806520054073571 
0.37566105143230532626 0.00000000099999999999 0.00000000099999999999 0.00000000099999999999 0.62247821850044793290 0.00186072706724648308 
0.00000000099999999974 0.00000000099999999974 0.99999999500000003039 0.00000000099999999974 0.00000000099999999974 0.00000000099999999974 
0.00000000099999999995 0.00000000099999999995 0.00000000099999999995 0.99999999499999991937 0.00000000099999999995 0.00000000099999999995 
0.00000000099999999970 0.00000000099999999970 0.99999999500000003039 0.00000000099999999970 0.00000000099999999970 0.00000000099999999970 
0.00000000099999999969 0.00000000099999999969 0.99999999500000003039 0.00000000099999999969 0.00000000099999999969 0.00000000099999999969 
0.76919161840007144182 0.23080837759992853253 0.00000000099999999998 0.00000000099999999998 0.00000000099999999998 0.00000000099999999998 
0.57756031080757064267 0.05139376073157670560 0.00000000099999999999 0.02541348911884254436 0.34563243734201015700 0.00000000099999999999 
0.84554217213491644767 0.15445782386508377648 0.00000000099999999997 0.00000000099999999997 0.00000000099999999997 0.00000000099999999997 
0.62534958070147173004 0.18847808385453082569 0.00000000099999999998 0.00000000099999999998 0.18617233244399755687 0.00000000099999999998 
0.59115473370996995950 0.06662490949214094904 0.00000000099999999999 0.00000000099999999999 0.33247382994092261610 0.00974652485696653539 
0.69859297079267601571 0.16286744422685378586 0.00000000099999999999 0.00337471669837720745 0.13061468537290854552 0.00455018190918425863 
0.59880998947153196710 0.00000000099999999998 0.00000000099999999998 0.00000000099999999998 0.40119000652846814603 0.00000000099999999998 
0.00007473227059785301 0.00000000099999999997 0.00000000099999999997 0.99121395773323917044 0.00871130699616281395 0.00000000099999999997 
0.65929593320448742766 0.00000000099999999998 0.00000000099999999998 0.00000000099999999998 0.34070406279551257445 0.00000000099999999998 
0.00000000099999999969 0.00000000099999999969 0.99999999500000003039 0.00000000099999999969 0.00000000099999999969 0.00000000099999999969 
0.84192709656191044854 0.15807289664637219628 0.00000000099999999999 0.00000000099999999999 0.00000000379171745427 0.00000000099999999999 
0.00000000099999999991 0.00000000099999999991 0.99999999500000003039 0.00000000099999999991 0.00000000099999999991 0.00000000099999999991 
0.00000000099999999974 0.00000000099999999974 0.99999999499999991937 0.00000000099999999974 0.00000000099999999974 0.00000000099999999974 
0.54310694805061576762 0.00000008247580012683 0.00000000099999999998 0.01817237727566757208 0.43872059019791664891 0.00000000099999999998 
0.99999999500000014141 0.00000000099999999997 0.00000000099999999997 0.00000000099999999997 0.00000000099999999997 0.00000000099999999997 
0.98744459456646027640 0.00000000099999999998 0.00000000099999999998 0.01255540143353974306 0.00000000099999999998 0.00000000099999999998 
0.00000000099999999976 0.00000000099999999976 0.99999999499999991937 0.00000000099999999976 0.00000000099999999976 0.00000000099999999976 
0.00000000099999999994 0.00000000099999999994 0.00000000099999999994 0.99999999500000003039 0.00000000099999999994 0.00000000099999999994 
0.00000000099999999994 0.00000000099999999994 0.00000000099999999994 0.99999999499999991937 0.00000000099999999994 0.00000000099999999994 
0.00000000099999999973 0.00000000099999999973 0.99999999499999991937 0.00000000099999999973 0.00000000099999999973 0.00000000099999999973 
0.99999998870721673594 0.00000000099999999998 0.00000000099999999998 0.00000000729278331477 0.00000000099999999998 0.00000000099999999998 
0.57435497050634609639 0.09618949444830068862 0.00000000100000000000 0.03622846992418721906 0.28129136355258865798 0.01193570056857724652 
0.00000000099999999975 0.00000000099999999975 0.99999999500000003039 0.00000000099999999975 0.00000000099999999975 0.00000000099999999975 
0.41436212118624032863 0.22554291119583352865 0.00000000099999999998 0.00000000099999999998 0.36009496461792622757 0.00000000099999999998 
0.00000000099999999993 0.00000000099999999993 0.00000000099999999993 0.99999999499999991937 0.00000000099999999993 0.00000000099999999993 
0.00000000099999999998 0.00000000099999999998 0.09381638243361577201 0.15995938328918934968 0.64707607261891930683 0.09914815965827560029 
0.57507243851128098111 0.09286049536723878228 0.00000001598185543208 0.01906557153488696796 0.31300147760473789882 0.00000000100000000000 
0.66175074454569404736 0.00020129946331854884 0.00000000099999999999 0.03041234027159951323 0.29606284961863355010 0.01157276510075436193 
0.98631590300961857753 0.00000000099999999998 0.00000000099999999998 0.00000000099999999998 0.00000000099999999998 0.01368409299038152345 
0.89656726525193797261 0.09768842692279153250 0.00000000099999999998 0.00000000099999999998 0.00000000099999999998 0.00574430482527071070 
0.43456185436514221943 0.16896428191586224110 0.00000000099999999998 0.00000000099999999998 0.39647386071899565207 0.00000000099999999998 
0.62283394777539990983 0.12012868913089473633 0.00000000099999999999 0.00000000099999999999 0.25703736009370542481 0.00000000099999999999 
0.00000000099999999986 0.99999999500000014141 0.00000000099999999986 0.00000000099999999986 0.00000000099999999986 0.00000000099999999986 
0.00000000099999999992 0.00000000099999999992 0.00000000099999999992 0.00000000099999999992 0.99999999499999991937 0.00000000099999999992 
0.00000000099999999996 0.00000000099999999996 0.00000000099999999996 0.99999999500000003039 0.00000000099999999996 0.00000000099999999996 
0.60022548967060440628 0.08916050964912779209 0.00000000099999999999 0.01097672803234783258 0.29250761148515630472 0.00712966016276376287 
0.00000000099999999991 0.00000000099999999991 0.00000000099999999991 0.00000000099999999991 0.99999999499999991937 0.00000000099999999991 
0.00000000099999999994 0.00000000099999999994 0.00000000099999999994 0.00000000099999999994 0.99999999499999991937 0.00000000099999999994 
0.66196304891697477224 0.00000000099999999998 0.00000000099999999998 0.01196289454695675242 0.32607405353606838672 0.00000000099999999998 
0.96940865923148000771 0.00000000099999999998 0.00000000099999999998 0.03059133676852009848 0.00000000099999999998 0.00000000099999999998 
0.67257505767010272724 0.00000000099999999998 0.00000000099999999998 0.00000000099999999998 0.32742493832989738589 0.00000000099999999998 
0.69834835556167063064 0.10176597841810416933 0.00000000100000000000 0.01077846999364127055 0.18910719402658388022 0.00000000100000000000 
0.00000000099999999997 0.00000000099999999997 0.00000000099999999997 0.98141131166572770361 0.01858868433427211808 0.00000000099999999997 
0.00000000099999999992 0.00000000099999999992 0.00000000099999999992 0.00000000099999999992 0.99999999499999991937 0.00000000099999999992 
0.81799077091907113068 0.17652581580510257053 0.00000000099999999999 0.00000000099999999999 0.00000000099999999999 0.00548341027582636888 
0.84346658645635652629 0.15177373011901879041 0.00475965072128457616 0.00000003070334015773 0.00000000100000000000 0.00000000100000000000 
0.00000000099999999997 0.00000000099999999997 0.00000000099999999997 0.99999999500000003039 0.00000000099999999997 0.00000000099999999997 
0.75966915886150543358 0.05902115177877848007 0.01899748041398277923 0.02545470050604986545 0.13685750743968355669 0.00000000100000000000 
0.80881139203384255776 0.19118860396615738884 0.00000000099999999999 0.00000000099999999999 0.00000000099999999999 0.00000000099999999999 
0.14336401262907919052 0.11830485242257481049 0.00000000099999999999 0.47141865690986672899 0.26365783341942772289 0.00325464361905148086 
0.79934598929364453213 0.19396816640073463733 0.00000000099999999997 0.00668584130562089630 0.00000000099999999997 0.00000000099999999997 
0.00000000099999999976 0.00000000099999999976 0.99999999500000003039 0.00000000099999999976 0.00000000099999999976 0.00000000099999999976 
0.63148794392486895521 0.17210675177637407840 0.00000000099999999999 0.00545438806215617702 0.17614625363572816719 0.01480466160087275107 
0.62241904149732907303 0.14621788917775241368 0.00000000099999999999 0.01698938980606043425 0.21437367751885810785 0.00000000099999999999 
