0.00673484455234065089 0.00000000099999999996 0.00000000099999999996 0.00000000099999999996 0.00000000099999999996 0.00000000099999999996 0.99326514944765931237 0.00000000099999999996 
0.00000000099999999993 0.61367871193479939240 0.00000000099999999993 0.00000000099999999993 0.38632128206520072178 0.00000000099999999993 0.00000000099999999993 0.00000000099999999993 
0.00000000099999999994 0.33608058218617831159 0.00000000099999999994 0.02826165260330742307 0.63565776021051423328 0.00000000099999999994 0.00000000099999999994 0.00000000099999999994 
0.00129691961095417994 0.01935955638870824266 0.29963338939294398289 0.00000000099999999999 0.01488176988208553438 0.28786188929904604761 0.37696647342626182775 0.00000000099999999999 
0.00341793727480833040 0.00000000099999999999 0.29503199423207998597 0.02485833510958385464 0.00000000099999999999 0.28518813353356697871 0.39150359684996072218 0.00000000099999999999 
0.00000000099999999994 0.00000000099999999994 0.00000000099999999994 0.00000000099999999994 0.00000000099999999994 0.00000000099999999994 0.99999999299999986491 0.00000000099999999994 
0.00000000099999999989 0.99999999300000008695 0.00000000099999999989 0.00000000099999999989 0.00000000099999999989 0.00000000099999999989 0.00000000099999999989 0.00000000099999999989 
0.00000000099999999992 0.31854985521321982356 0.00000000099999999992 0.00000000099999999992 0.68145013878678006858 0.00000000099999999992 0.00000000099999999992 0.00000000099999999992 
0.00000000099999999993 0.00000000099999999993 0.00000000099999999993 0.00000000099999999993 0.00000000099999999993 0.00000000099999999993 0.99999999299999986491 0.00000000099999999993 
0.00000000099999999987 0.99999999300000008695 0.00000000099999999987 0.00000000099999999987 0.00000000099999999987 0.00000000099999999987 0.00000000099999999987 0.00000000099999999987 
0.00412536491876926668 0.00000000099999999999 0.38935373652386923160 0.00000000099999999999 0.00108427979552454582 0.60543661476183707748 0.00000000099999999999 0.00000000099999999999 
0.00370092648685196130 0.02029640393423245634 0.34565848041105190491 0.00000000099999999998 0.00000000099999999998 0.38904661771019327654 0.24129756845767033613 0.00000000099999999998 
0.00000000099999999999 0.00000000099999999999 0.26516668864615383638 0.03775172884424467940 0.00000000099999999999 0.45305154378890344358 0.24403003472069792479 0.00000000099999999999 
0.01080292412513879884 0.00173468743576118121 0.36940458809282600283 0.02445548340635160176 0.00000000099999999999 0.32017794413179467838 0.27342437080812770356 0.00000000099999999999 
0.00809171833097277644 0.00000000099999999999 0.50680711599495609221 0.00000000099999999999 0.00000000099999999999 0.48510116067407127449 0.00000000099999999999 0.00000000099999999999 
0.02647173910268177041 0.00000000099999999999 0.23558099068159235601 0.02751231179185487444 0.05377865616438969737 0.27743538452086274892 0.37922091573861849145 0.00000000099999999999 
0.00000000099999999999 0.00000000099999999999 0.24657468519798556028 0.01993690388309173750 0.00487457246112566606 0.53331464349177060136 0.19529919196602638087 0.00000000099999999999 
0.00000000099999999999 0.00000000099999999999 0.25807970938868729505 0.02432412001967722628 0.00000000099999999999 0.18180848298665649998 0.53578766046982750915 0.00000002413515147901 
0.00000000099999999999 0.00000000099999999999 0.16963221973198683301 0.05725758659426317260 0.00000000099999999999 0.34004354313413914790 0.43306664653961074452 0.00000000099999999999 
0.00000000099999999998 0.00000000099999999998 0.28400581225643067862 0.01951937150514787556 0.00000000099999999998 0.25882846682811250227 0.43764634541030883463 0.00000000099999999998 
0.00000000099999999999 0.00000000099999999999 0.30649722430775860893 0.00000318604073427375 0.00000000099999999999 0.69349958422352686593 0.00000000142798021218 0.00000000099999999999 
0.00000000099999999995 0.70323479402230870683 0.00000000099999999995 0.00000000099999999995 0.29676519997769146286 0.00000000099999999995 0.00000000099999999995 0.00000000099999999995 
0.00000000099999999998 0.00001384714482222602 0.52732449501840894523 0.00000000099999999998 0.00215204947885214767 0.00000000099999999998 0.47050960435791655545 0.00000000099999999998 
0.00000000099999999982 0.00000000099999999982 0.99999999300000008695 0.00000000099999999982 0.00000000099999999982 0.00000000099999999982 0.00000000099999999982 0.00000000099999999982 
0.00000000099999999997 0.01586882847122219470 0.23539279000313767520 0.04759337754485556959 0.00000000099999999997 0.70114499998078461118 0.00000000099999999997 0.00000000099999999997 
0.00000000099999999998 0.00000000099999999998 0.25750226847933410657 0.02588638091811182318 0.00000000099999999998 0.33053950573280183045 0.38607184086975204762 0.00000000099999999998 
0.99999999300000008695 0.00000000099999999970 0.00000000099999999970 0.00000000099999999970 0.00000000099999999970 0.00000000099999999970 0.00000000099999999970 0.00000000099999999970 
0.99999999300000008695 0.00000000099999999965 0.00000000099999999965 0.00000000099999999965 0.00000000099999999965 0.00000000099999999965 0.00000000099999999965 0.00000000099999999965 
0.00000000099999999999 0.00000000099999999999 0.32578538712385979315 0.04276033116610783447 0.00000000099999999999 0.42473660412288971600 0.20671767358714268625 0.00000000099999999999 
0.00000000099999999994 0.00000000099999999994 0.00000000099999999994 0.00000000099999999994 0.00000000099999999994 0.99999999300000008695 0.00000000099999999994 0.00000000099999999994 
0.00000000099999999992 0.00000000099999999992 0.00000000099999999992 0.18153569362232699347 0.00000000099999999992 0.81846430037767303745 0.00000000099999999992 0.00000000099999999992 
0.00000000099999999993 0.00000000099999999993 0.00000000099999999993 0.00000000099999999993 0.99999999300000008695 0.00000000099999999993 0.00000000099999999993 0.00000000099999999993 
0.35170311599882286835 0.00000000099999999991 0.45820921054155666630 0.00000000099999999991 0.19008766845962055125 0.00000000099999999991 0.00000000099999999991 0.00000000099999999991 
0.00000000099999999994 0.00000000099999999994 0.00000000099999999994 0.00000000099999999994 0.00000000099999999994 0.99999999300000008695 0.00000000099999999994 0.00000000099999999994 
0.00000000099999999963 0.00000000099999999963 0.00000000099999999963 0.00000000099999999963 0.00000000099999999963 0.00000000099999999963 0.00000000099999999963 0.99999999300000008695 
0.00000000099999999955 0.00000000099999999955 0.00000000099999999955 0.00000000099999999955 0.00000000099999999955 0.00000000099999999955 0.00000000099999999955 0.99999999299999997593 
0.00000000099999999955 0.00000000099999999955 0.00000000099999999955 0.00000000099999999955 0.00000000099999999955 0.00000000099999999955 0.00000000099999999955 0.99999999299999997593 
0.99999999300000019797 0.00000000099999999970 0.00000000099999999970 0.00000000099999999970 0.00000000099999999970 0.00000000099999999970 0.00000000099999999970 0.00000000099999999970 
0.99999999300000019797 0.00000000099999999966 0.00000000099999999966 0.00000000099999999966 0.00000000099999999966 0.00000000099999999966 0.00000000099999999966 0.00000000099999999966 
0.00000000099999999997 0.00000000099999999997 0.48422593555071719029 0.02957856127627565834 0.00000000099999999997 0.48619549817300722339 0.00000000099999999997 0.00000000099999999997 
0.00000000099999999990 0.00000000099999999990 0.00000000099999999990 0.00000000099999999990 0.99999999299999997593 0.00000000099999999990 0.00000000099999999990 0.00000000099999999990 
0.99999999300000019797 0.00000000099999999968 0.00000000099999999968 0.00000000099999999968 0.00000000099999999968 0.00000000099999999968 0.00000000099999999968 0.00000000099999999968 
0.00000000099999999989 0.00000000099999999989 0.99999999299999997593 0.00000000099999999989 0.00000000099999999989 0.00000000099999999989 0.00000000099999999989 0.00000000099999999989 
0.00000000099999999993 0.28402448283303349807 0.00000000099999999993 0.00000000099999999993 0.71597551116696644957 0.00000000099999999993 0.00000000099999999993 0.00000000099999999993 
0.99999999300000008695 0.00000000099999999972 0.00000000099999999972 0.00000000099999999972 0.00000000099999999972 0.00000000099999999972 0.00000000099999999972 0.00000000099999999972 
0.00526016733209604299 0.00206102321125745027 0.31689697161668811676 0.00000000099999999998 0.00796759600776925786 0.47862560245620183741 0.18918863737598709540 0.00000000099999999998 
0.99999999300000008695 0.00000000099999999968 0.00000000099999999968 0.00000000099999999968 0.00000000099999999968 0.00000000099999999968 0.00000000099999999968 0.00000000099999999968 
0.00000000099999999991 0.00000000099999999991 0.00000000099999999991 0.00000000099999999991 0.99999999299999997593 0.00000000099999999991 0.00000000099999999991 0.00000000099999999991 
0.00000000099999999986 0.99999999300000019797 0.00000000099999999986 0.00000000099999999986 0.00000000099999999986 0.00000000099999999986 0.00000000099999999986 0.00000000099999999986 
0.99999999300000019797 0.00000000099999999964 0.00000000099999999964 0.00000000099999999964 0.00000000099999999964 0.00000000099999999964 0.00000000099999999964 0.00000000099999999964 
0.99999999300000019797 0.00000000099999999966 0.00000000099999999966 0.00000000099999999966 0.00000000099999999966 0.00000000099999999966 0.00000000099999999966 0.00000000099999999966 
0.00000000099999999992 0.00000000099999999992 0.00000000099999999992 0.00000000099999999992 0.99999999300000008695 0.00000000099999999992 0.00000000099999999992 0.00000000099999999992 
0.00000000099999999994 0.56090220451140082591 0.00000000099999999994 0.00000000099999999994 0.43909778948859917724 0.00000000099999999994 0.00000000099999999994 0.00000000099999999994 
0.00000000099999999995 0.33928140446095328420 0.00000000099999999995 0.00000000099999999995 0.66071858953904660794 0.00000000099999999995 0.00000000099999999995 0.00000000099999999995 
0.99999999300000019797 0.00000000099999999973 0.00000000099999999973 0.00000000099999999973 0.00000000099999999973 0.00000000099999999973 0.00000000099999999973 0.00000000099999999973 
0.01257856574541920021 0.04937170239103461783 0.31681241997015291423 0.00000000099999999999 0.00000000099999999999 0.16307832137098510206 0.45815898752240813430 0.00000000099999999999 
0.02554110492906523644 0.00000000099999999999 0.20859176171980181591 0.00000000099999999999 0.00241875652282525855 0.22044498633159634315 0.54300338749671128724 0.00000000099999999999 
0.00000000099999999998 0.00000000099999999998 0.27505140581350251416 0.00000000099999999998 0.02151807051757086836 0.21831683211206129314 0.48511368755686523624 0.00000000099999999998 
0.00000000099999999998 0.00446740912868791914 0.38595031542225649579 0.00241240033584356420 0.00000000099999999998 0.00000001479714194823 0.60716985731606998300 0.00000000099999999998 
0.00000000099999999989 0.00000000099999999989 0.00000000099999999989 0.00000000099999999989 0.99999999300000008695 0.00000000099999999989 0.00000000099999999989 0.00000000099999999989 
0.00000000099999999995 0.00000000099999999995 0.00000000099999999995 0.00000000099999999995 0.00000000099999999995 0.99999999300000008695 0.00000000099999999995 0.00000000099999999995 
0.00000000099999999961 0.00000000099999999961 0.00000000099999999961 0.00000000099999999961 0.00000000099999999961 0.00000000099999999961 0.00000000099999999961 0.99999999300000008695 
0.00000000099999999991 0.00000000099999999991 0.00000000099999999991 0.00000000099999999991 0.00000000099999999991 0.00000000099999999991 0.99999999299999997593 0.00000000099999999991 
0.00000000099999999962 0.00000000099999999962 0.00000000099999999962 0.00000000099999999962 0.00000000099999999962 0.00000000099999999962 0.00000000099999999962 0.99999999300000008695 
0.00000000099999999998 0.02075311845197258184 0.30666366628888852564 0.05725071224110280660 0.00003637097339506273 0.43287380710015832541 0.18242232294448249008 0.00000000099999999998 
0.00000000099999999963 0.00000000099999999963 0.00000000099999999963 0.00000000099999999963 0.00000000099999999963 0.00000000099999999963 0.00000000099999999963 0.99999999300000008695 
0.00000000099999999995 0.00000000099999999995 0.00000000099999999995 0.13267703790577631273 0.00000000099999999995 0.41183172852284305465 0.45549122857138069076 0.00000000099999999995 
0.00581286264041713449 0.00000000100000000000 0.24816582108552628916 0.00459454801793809930 0.02423150879228569768 0.39556414545947654604 0.32163111200435601233 0.00000000100000000000 
0.00000000099999999992 0.62188616253502881914 0.00000000099999999992 0.00000000099999999992 0.37811383146497118402 0.00000000099999999992 0.00000000099999999992 0.00000000099999999992 
0.00000000099999999997 0.00000000099999999997 0.23755085242317366956 0.02007761100145946664 0.00000000099999999997 0.33587389758132557560 0.40649763499404129030 0.00000000099999999997 
0.00000000099999999963 0.00000000099999999963 0.00000000099999999963 0.00000000099999999963 0.00000000099999999963 0.00000000099999999963 0.00000000099999999963 0.99999999300000008695 
0.00000000099999999966 0.00000000099999999966 0.00000000099999999966 0.00000000099999999966 0.00000000099999999966 0.00000000099999999966 0.00000000099999999966 0.99999999299999997593 
0.01019197507246509884 0.08029729401002015654 0.35090365431719727773 0.00000000099999999999 0.00000000099999999999 0.36083564941695633888 0.19777142418336110530 0.00000000099999999999 
0.00000000099999999987 0.99999999300000008695 0.00000000099999999987 0.00000000099999999987 0.00000000099999999987 0.00000000099999999987 0.00000000099999999987 0.00000000099999999987 
0.99999999300000008695 0.00000000099999999973 0.00000000099999999973 0.00000000099999999973 0.00000000099999999973 0.00000000099999999973 0.00000000099999999973 0.00000000099999999973 
0.00000000099999999989 0.00000000099999999989 0.00000000099999999989 0.00000000099999999989 0.99999999300000008695 0.00000000099999999989 0.00000000099999999989 0.00000000099999999989 
0.00000000099999999998 0.01861297941766224331 0.24976435246924724720 0.06865007817582378935 0.00000000099999999998 0.00000035273244827976 0.66297223420481832257 0.00000000099999999998 
0.00000000099999999959 0.00000000099999999959 0.00000000099999999959 0.00000000099999999959 0.00000000099999999959 0.00000000099999999959 0.00000000099999999959 0.99999999300000008695 
0.99999999300000019797 0.00000000099999999961 0.00000000099999999961 0.00000000099999999961 0.00000000099999999961 0.00000000099999999961 0.00000000099999999961 0.00000000099999999961 
0.00000000099999999968 0.00000000099999999968 0.00000000099999999968 0.00000000099999999968 0.00000000099999999968 0.00000000099999999968 0.00000000099999999968 0.99999999300000008695 
0.01813906551425064489 0.00000000150577881503 0.28701640670930833599 0.00000000100000000000 0.00000000100000000000 0.42016066777243199493 0.27013756918061310186 0.00454628731761706761 
0.00000000099999999983 0.99999999300000008695 0.00000000099999999983 0.00000000099999999983 0.00000000099999999983 0.00000000099999999983 0.00000000099999999983 0.00000000099999999983 
0.00000000099999999989 0.00000000099999999989 0.00000000099999999989 0.00000000099999999989 0.99999999299999997593 0.00000000099999999989 0.00000000099999999989 0.00000000099999999989 
0.00000000099999999998 0.00000000099999999998 0.23471681484679679519 0.02429810002763249308 0.22930831089293698954 0.19814820467510171897 0.31352856655753186255 0.00000000099999999998 
0.02418134196505495812 0.00070415919723267495 0.16483604127592374478 0.00000000099999999999 0.00000000099999999999 0.24164988308303325670 0.56862857147875545127 0.00000000099999999999 
0.00000000099999999998 0.00981048221033443621 0.33907983730938479061 0.03316387359732639317 0.00000000099999999998 0.38680648717130716729 0.23113931671164711368 0.00000000099999999998 
0.00000000099999999998 0.00641340694126874607 0.15415411095553377407 0.02219112213900637648 0.01202761487087944045 0.46674358827018341822 0.33847015482312825529 0.00000000099999999998 
0.00000000099999999998 0.00000000099999999998 0.29596348561455876336 0.00000000099999999998 0.00000000099999999998 0.70403650838544129531 0.00000000099999999998 0.00000000099999999998 
0.00000000099999999997 0.00000000099999999997 0.28995919598606501033 0.00000000099999999997 0.00000000099999999997 0.51493348313735287647 0.19510731587658211583 0.00000000099999999997 
0.00000000099999999998 0.00000000099999999998 0.23276152777035585828 0.00000000099999999998 0.01065795585466503687 0.36625597221325617570 0.39032454016172279943 0.00000000099999999998 
0.00000000099999999998 0.00000000099999999998 0.46306710053005084582 0.00000000099999999998 0.01311805237115723326 0.00000275902745997706 0.52381208407133184046 0.00000000099999999998 
0.00000000099999999998 0.00000000099999999998 0.29389042697229889045 0.00000000099999999998 0.04314273725596173836 0.56732358973248686596 0.09564324203925235468 0.00000000099999999998 
0.00000000099999999989 0.00000000099999999989 0.00000000099999999989 0.00000000099999999989 0.99999999300000008695 0.00000000099999999989 0.00000000099999999989 0.00000000099999999989 
0.00000000099999999990 0.99999999300000019797 0.00000000099999999990 0.00000000099999999990 0.00000000099999999990 0.00000000099999999990 0.00000000099999999990 0.00000000099999999990 
0.00000000099999999978 0.00000000099999999978 0.00000000099999999978 0.00000000099999999978 0.00000000099999999978 0.00000000099999999978 0.00000000099999999978 0.99999999299999997593 
0.00000000099999999996 0.33588627830997547230 0.00000000099999999996 0.00000000099999999996 0.66411371569002430881 0.00000000099999999996 0.00000000099999999996 0.00000000099999999996 
0.00000000099999999993 0.00000000099999999993 0.00000000099999999993 0.00000000099999999993 0.99999999300000008695 0.00000000099999999993 0.00000000099999999993 0.00000000099999999993 
0.00207493292833993296 0.00000000099999999999 0.24873337905221931665 0.00769918745177665658 0.02491004794600633690 0.20639030764181062749 0.51019214297984705198 0.00000000099999999999 
0.00000000099999999955 0.00000000099999999955 0.00000000099999999955 0.00000000099999999955 0.00000000099999999955 0.00000000099999999955 0.00000000099999999955 0.99999999300000008695 
0.00000000099999999998 0.00000000099999999998 0.43653741152649094825 0.00000000099999999998 0.00000000099999999998 0.00000000099999999998 0.56346258247350888837 0.00000000099999999998 
0.00402692276720427803 0.02251552944276031393 0.13428229423881843374 0.01581969594272343224 0.00000000099999999999 0.30937217836300723306 0.51398337724548626149 0.00000000099999999999 
0.00650925286925709435 0.00052798862085202676 0.18828323209989916709 0.01739005167254983539 0.00000000100000000000 0.35091102997802542385 0.43637844275941645167 0.00000000100000000000 
0.00453741748813436645 0.00000001504269303197 0.23334335528157787443 0.01305113451330056941 0.02300781203509545680 0.49142350083943880934 0.23463676379975975661 0.00000000100000000000 
0.00000000099999999996 0.00000000099999999996 0.47325938321581362267 0.00000000099999999996 0.00000000099999999996 0.00000000099999999996 0.52674061078418632498 0.00000000099999999996 
0.00000000099999999998 0.00000000099999999998 0.53611374154047186646 0.00000000099999999998 0.02282512765883494554 0.44106112580069301021 0.00000000099999999998 0.00000000099999999998 
0.00124531412743903325 0.00864103909647347124 0.31539299007601823144 0.00000000099999999999 0.00000000099999999999 0.28821144397183423580 0.38650920972823477051 0.00000000099999999999 
0.00001648202104532817 0.01393366302471150259 0.27009816570065753316 0.03838408395824485092 0.00000000099999999999 0.31862666246358684052 0.35894094083175392962 0.00000000099999999999 
0.03055411973092578629 0.00000516605290279542 0.11218657168194466622 0.00647600338963254859 0.01905830691931922546 0.36168874249610299954 0.47003108872917198635 0.00000000100000000000 
0.01013130572979466064 0.00000000099999999999 0.29443229575698376399 0.02703649577288755670 0.00471522775567325379 0.35360929069403107539 0.31007538229062964197 0.00000000099999999999 
0.00000000099999999994 0.00000000099999999994 0.00000000099999999994 0.00000000099999999994 0.00000000099999999994 0.99999999300000008695 0.00000000099999999994 0.00000000099999999994 
0.02156928656357731330 0.03247537835629563108 0.25919079716900506050 0.01684753394434524917 0.00000000100000000000 0.23188234110228117535 0.43803466086449543981 0.00000000100000000000 
0.00969647541551795639 0.00000000099999999998 0.21171211656495003695 0.00364773729037045366 0.00000000099999999998 0.33079370919218115121 0.44414995853698024941 0.00000000099999999998 
0.00000000099999999995 0.00000000099999999995 0.00000000099999999995 0.00000000099999999995 0.00000000099999999995 0.99999999300000008695 0.00000000099999999995 0.00000000099999999995 
0.00000000099999999999 0.00390262198860945927 0.12587817260528624819 0.00000000099999999999 0.00000000099999999999 0.46445537522187574364 0.40576382618422862647 0.00000000099999999999 
0.00000000099999999997 0.00075619706364314296 0.39503439515163868423 0.00000000099999999997 0.02890876143215594801 0.00000000099999999997 0.57530064235256228589 0.00000000099999999997 
0.00187258451693845260 0.00758195782511213515 0.24503579298011762821 0.03161206145692976172 0.00000000099999999999 0.36095546130213429503 0.35294213991876771663 0.00000000099999999999 
0.00000000099999999999 0.04352563474227576917 0.35205310833058156561 0.00186035312510786388 0.00000000099999999999 0.25986695033771589625 0.34269395046431877505 0.00000000099999999999 
0.00000000099999999999 0.00000000099999999999 0.21359846680047353540 0.01269006314984402577 0.00505701891579270375 0.36774250404640268508 0.40091194408748692668 0.00000000099999999999 
0.00000000099999999999 0.02128047938822007906 0.29481563610952388199 0.00288165995220832820 0.00000727242506281858 0.40320295035793657368 0.27781199976704834542 0.00000000099999999999 
0.00849877651217616041 0.01949141742329001462 0.24980302436123263954 0.00000000100000000000 0.00000000100000000000 0.51258972266517854877 0.14028051103135916189 0.06933654600676354696 
0.00000000099999999998 0.00134477341488709935 0.35308545506963973093 0.02470019258649269051 0.00000000099999999998 0.27679446692718701062 0.34407510900179344437 0.00000000099999999998 
0.00000000099999999997 0.00000000099999999997 0.38227381437499202699 0.01724858595736982261 0.01319647665811626500 0.20727739064033534611 0.38000372936918647149 0.00000000099999999997 
0.00000000099999999996 0.00000000099999999996 0.39404422766739533035 0.04508980493892343622 0.01368836833114843443 0.54717759506253282886 0.00000000099999999996 0.00000000099999999996 
0.01089670398529473533 0.00000000099999999999 0.32553077430769666867 0.00854962035668920851 0.00000000099999999999 0.52471513727228902280 0.13030776107803029862 0.00000000099999999999 
0.00000000099999999998 0.00000000099999999998 0.20392137862220263700 0.00000000099999999998 0.01424744562835845996 0.47018672146827272806 0.31164445028116610770 0.00000000099999999998 
0.00000000099999999999 0.00000000099999999999 0.51648695794355059530 0.00082438049346543745 0.00000000099999999999 0.00000000099999999999 0.48268865656298398648 0.00000000099999999999 
0.00453513904188725982 0.00000000099999999999 0.35343708180768695915 0.01846767846163447149 0.01190253580821291034 0.27804836670765598061 0.33360919617292228434 0.00000000099999999999 
0.00000000099999999994 0.00000000099999999994 0.00000000099999999994 0.00000000099999999994 0.00000000099999999994 0.99999999299999997593 0.00000000099999999994 0.00000000099999999994 
0.00000000099999999993 0.00000000099999999993 0.00000000099999999993 0.00000000099999999993 0.00000072687791377253 0.99999926712208608848 0.00000000099999999993 0.00000000099999999993 
0.00000000099999999990 0.00000000099999999990 0.00000000099999999990 0.00000000099999999990 0.99999999300000008695 0.00000000099999999990 0.00000000099999999990 0.00000000099999999990 
0.00000000099999999996 0.63787358052469167458 0.00000000099999999996 0.00000000099999999996 0.36212641347530838409 0.00000000099999999996 0.00000000099999999996 0.00000000099999999996 
0.00000000099999999970 0.00000000099999999970 0.00000000099999999970 0.00000000099999999970 0.00000000099999999970 0.00000000099999999970 0.00000000099999999970 0.99999999300000008695 
0.99999999300000019797 0.00000000099999999962 0.00000000099999999962 0.00000000099999999962 0.00000000099999999962 0.00000000099999999962 0.00000000099999999962 0.00000000099999999962 
0.00000000099999999997 0.23717744371435436901 0.00000000099999999997 0.12926004324402123880 0.63356250804162450585 0.00000000099999999997 0.00000000099999999997 0.00000000099999999997 
0.00000000099999999992 0.00000000099999999992 0.00000000099999999992 0.00000000099999999992 0.00000000099999999992 0.00000000099999999992 0.99999999299999986491 0.00000000099999999992 
0.00000000099999999999 0.00000000468468507288 0.00000000099999999999 0.03510058774336161092 0.01451289912142955316 0.56956727707936682936 0.38081922837115678160 0.00000000099999999999 
0.00000000099999999990 0.99999999300000019797 0.00000000099999999990 0.00000000099999999990 0.00000000099999999990 0.00000000099999999990 0.00000000099999999990 0.00000000099999999990 
0.00000000099999999999 0.00000000099999999999 0.26553929044687540895 0.00000000099999999999 0.01882761298424400973 0.31664751982730970914 0.39898557274157075980 0.00000000099999999999 
0.00928344557108581186 0.00000181695531363003 0.23808278696337301095 0.01500190239888685162 0.00000000099999999998 0.35945669378144229356 0.37817335232989823801 0.00000000099999999998 
0.00000000099999999996 0.00000000099999999996 0.44574478902344977227 0.05481537642740223759 0.00000000099999999996 0.49938909425167582468 0.00005073629747210250 0.00000000099999999996 
0.00000000099999999960 0.00000000099999999960 0.00000000099999999960 0.00000000099999999960 0.00000000099999999960 0.00000000099999999960 0.00000000099999999960 0.99999999299999997593 
0.00000000099999999962 0.00000000099999999962 0.00000000099999999962 0.00000000099999999962 0.00000000099999999962 0.00000000099999999962 0.00000000099999999962 0.99999999300000008695 
0.00000000099999999955 0.00000000099999999955 0.00000000099999999955 0.00000000099999999955 0.00000000099999999955 0.00000000099999999955 0.00000000099999999955 0.99999999300000008695 
0.00000000099999999956 0.00000000099999999956 0.00000000099999999956 0.00000000099999999956 0.00000000099999999956 0.00000000099999999956 0.00000000099999999956 0.99999999300000008695 
0.00000000099999999957 0.00000000099999999957 0.00000000099999999957 0.00000000099999999957 0.00000000099999999957 0.00000000099999999957 0.00000000099999999957 0.99999999299999997593 
0.00000000099999999996 0.59051002070383673548 0.00000000099999999996 0.01305533104781338334 0.39643464324834987167 0.00000000099999999996 0.00000000099999999996 0.00000000099999999996 
0.00560490180716809692 0.00048823738853354375 0.40141617457327216645 0.00000000099999999999 0.00000000099999999999 0.59249029777057360402 0.00000038546045254769 0.00000000099999999999 
0.00000000099999999957 0.00000000099999999957 0.00000000099999999957 0.00000000099999999957 0.00000000099999999957 0.00000000099999999957 0.00000000099999999957 0.99999999300000008695 
0.00000000099999999963 0.00000000099999999963 0.00000000099999999963 0.00000000099999999963 0.00000000099999999963 0.00000000099999999963 0.00000000099999999963 0.99999999300000008695 
0.99999999300000019797 0.00000000099999999961 0.00000000099999999961 0.00000000099999999961 0.00000000099999999961 0.00000000099999999961 0.00000000099999999961 0.00000000099999999961 
0.99999999300000019797 0.00000000099999999961 0.00000000099999999961 0.00000000099999999961 0.00000000099999999961 0.00000000099999999961 0.00000000099999999961 0.00000000099999999961 
0.00000000099999999993 0.00000000099999999993 0.00000000099999999993 0.00000000099999999993 0.00000000099999999993 0.00000000099999999993 0.99999999299999986491 0.00000000099999999993 
0.00000000099999999960 0.00000000099999999960 0.00000000099999999960 0.00000000099999999960 0.00000000099999999960 0.00000000099999999960 0.00000000099999999960 0.99999999299999997593 
0.00000000099999999998 0.00000000099999999998 0.29586288024793733209 0.00000000099999999998 0.00000000099999999998 0.00000000099999999998 0.70413711375206256005 0.00000000099999999998 
0.00000000099999999998 0.00000000099999999998 0.14944757044604123353 0.02280334536692683184 0.00000000099999999998 0.35365110551132095118 0.47409797467571085372 0.00000000099999999998 
0.00000000099999999990 0.99999999300000019797 0.00000000099999999990 0.00000000099999999990 0.00000000099999999990 0.00000000099999999990 0.00000000099999999990 0.00000000099999999990 
0.00000000099999999998 0.00000001292453646627 0.30995716618260693576 0.01553069743252461117 0.00218882371064949965 0.36462748648142045971 0.30769581126826206496 0.00000000099999999998 
0.00000000099999999987 0.00000000099999999987 0.00000000099999999987 0.00000000099999999987 0.99999999299999997593 0.00000000099999999987 0.00000000099999999987 0.00000000099999999987 
0.00000000099999999997 0.00000000099999999997 0.46461522796117904477 0.04103881216970481360 0.00740148920159220888 0.00000000099999999997 0.48694446666752394526 0.00000000099999999997 
0.00000000099999999988 0.00000000099999999988 0.00000000099999999988 0.00000000099999999988 0.99999999300000008695 0.00000000099999999988 0.00000000099999999988 0.00000000099999999988 
0.00000000099999999998 0.00000000099999999998 0.46818686286100624772 0.07041527237446465470 0.00000000099999999998 0.00004073549310376100 0.46135712527142525019 0.00000000099999999998 
0.00912405363900929689 0.00000000099999999999 0.00000000099999999999 0.00000000543851163372 0.00000000099999999999 0.34936757731864137577 0.64150835960383767453 0.00000000099999999999 
0.00000000099999999963 0.00000000099999999963 0.00000000099999999963 0.00000000099999999963 0.00000000099999999963 0.00000000099999999963 0.00000000099999999963 0.99999999300000008695 
0.00000000099999999993 0.33513626681211056146 0.00000000099999999993 0.00000000099999999993 0.66486372718788933067 0.00000000099999999993 0.00000000099999999993 0.00000000099999999993 
0.00000000099999999957 0.00000000099999999957 0.00000000099999999957 0.00000000099999999957 0.00000000099999999957 0.00000000099999999957 0.00000000099999999957 0.99999999300000008695 
0.00000000099999999956 0.00000000099999999956 0.00000000099999999956 0.00000000099999999956 0.00000000099999999956 0.00000000099999999956 0.00000000099999999956 0.99999999300000008695 
0.00000000099999999999 0.00000000099999999999 0.32246017956182448927 0.00598314426725838309 0.00848517670953010013 0.35363450062380558103 0.30943699583758127458 0.00000000099999999999 
0.00000000099999999998 0.02512203131784348370 0.33848644306544201088 0.02145751169390703109 0.00000000099999999998 0.37432363261082779449 0.24061037831197953918 0.00000000099999999998 
0.00000000099999999991 0.00000000099999999991 0.00000000099999999991 0.00000000099999999991 0.00000000099999999991 0.00000000099999999991 0.99999999299999997593 0.00000000099999999991 
0.00000485671246270876 0.00000006708221510501 0.30824916403546853694 0.00000000099999999999 0.00000000099999999999 0.25032128483992549528 0.44142462432992801702 0.00000000099999999999 
0.00285086290186909765 0.00000000099999999999 0.14139333914734550368 0.05157171544595879481 0.00368190254725566258 0.45554539503936725131 0.34495678291820353056 0.00000000099999999999 
0.00159923308066471734 0.01036050761549545812 0.29021738631805704678 0.02889149144894385263 0.00000000099999999998 0.21536447581053569378 0.45356690372630320551 0.00000000099999999998 
0.00000000099999999997 0.00000000099999999997 0.33555068196841036920 0.00000000099999999997 0.00000000099999999997 0.00000000099999999997 0.66444931203158963395 0.00000000099999999997 
0.00000000099999999992 0.99999999300000019797 0.00000000099999999992 0.00000000099999999992 0.00000000099999999992 0.00000000099999999992 0.00000000099999999992 0.00000000099999999992 
0.00000000099999999995 0.00000000099999999995 0.00000000099999999995 0.03940555182024121916 0.00000000099999999995 0.96059444217975875624 0.00000000099999999995 0.00000000099999999995 
0.00000000099999999957 0.00000000099999999957 0.00000000099999999957 0.00000000099999999957 0.00000000099999999957 0.00000000099999999957 0.00000000099999999957 0.99999999300000008695 
0.00000000099999999999 0.00000000099999999999 0.43354095916850116099 0.00000000410310002868 0.00000000099999999999 0.41974902145267706244 0.14671001127572164124 0.00000000099999999999 
0.00000000099999999986 0.00000000099999999986 0.00000000099999999986 0.00000000099999999986 0.00000000099999999986 0.00000000099999999986 0.00000000099999999986 0.99999999300000008695 
0.00000000099999999962 0.00000000099999999962 0.00000000099999999962 0.00000000099999999962 0.00000000099999999962 0.00000000099999999962 0.00000000099999999962 0.99999999299999997593 
0.00000000099999999998 0.00000000099999999998 0.14741520205543617861 0.03914081031581471276 0.02534428496634209826 0.42315819608305177413 0.36494150357935517537 0.00000000099999999998 
0.00438272566463090638 0.00000000099999999997 0.22266837812742709679 0.00000000099999999997 0.00000000099999999997 0.30324238515380597114 0.46970650705413591330 0.00000000099999999997 
0.00000000099999999999 0.02390915915932166277 0.25010844569334605980 0.00000000099999999999 0.00000000099999999999 0.41611504563625634212 0.30986734551107580904 0.00000000099999999999 
0.00000000099999999967 0.00000000099999999967 0.00000000099999999967 0.00000000099999999967 0.00000000099999999967 0.00000000099999999967 0.00000000099999999967 0.99999999300000008695 
0.00000000099999999988 0.99999999300000019797 0.00000000099999999988 0.00000000099999999988 0.00000000099999999988 0.00000000099999999988 0.00000000099999999988 0.00000000099999999988 
0.00000000099999999988 0.99999999300000008695 0.00000000099999999988 0.00000000099999999988 0.00000000099999999988 0.00000000099999999988 0.00000000099999999988 0.00000000099999999988 
0.00000000099999999962 0.00000000099999999962 0.00000000099999999962 0.00000000099999999962 0.00000000099999999962 0.00000000099999999962 0.00000000099999999962 0.99999999300000008695 
0.00419011512979076527 0.00000000099999999998 0.15408738915354328047 0.00000000099999999998 0.00932814969770700587 0.45148519488876648342 0.38090914813019233209 0.00000000099999999998 
0.00000000099999999998 0.00000000099999999998 0.99999999299999997593 0.00000000099999999998 0.00000000099999999998 0.00000000099999999998 0.00000000099999999998 0.00000000099999999998 
0.00000000099999999964 0.00000000099999999964 0.00000000099999999964 0.00000000099999999964 0.00000000099999999964 0.00000000099999999964 0.00000000099999999964 0.99999999299999997593 
0.00000000099999999998 0.00000000099999999998 0.47805042371332007178 0.00605150102766358229 0.00000000099999999998 0.24478267175584769721 0.27111539950316854153 0.00000000099999999998 
0.00000000099999999992 0.51133688810250599310 0.00000000099999999992 0.00000000099999999992 0.48866310589749412108 0.00000000099999999992 0.00000000099999999992 0.00000000099999999992 
0.00000000099999999913 0.00000000099999999913 0.00000000099999999913 0.99999999300000008695 0.00000000099999999913 0.00000000099999999913 0.00000000099999999913 0.00000000099999999913 
0.00000000099999999999 0.02367503213395644873 0.00000027923317309265 0.00771296866908749261 0.00000000853854658094 0.40265919037326119989 0.56595251905197518916 0.00000000099999999999 
0.00000000099999999995 0.00000000099999999995 0.00000000099999999995 0.00000000099999999995 0.00000000099999999995 0.99999999300000008695 0.00000000099999999995 0.00000000099999999995 
0.01091730071071790251 0.00000000099999999998 0.00000000099999999998 0.00000000099999999998 0.00000000099999999998 0.67199532455264165964 0.31708736973664036762 0.00000000099999999998 
0.00002473690657326617 0.00000000099999999997 0.53309458906960294211 0.00000000099999999997 0.00000000099999999997 0.00000000099999999997 0.46688066902382380219 0.00000000099999999997 
0.00000000099999999997 0.00000000099999999997 0.41760176315909730560 0.00000000099999999997 0.00000000099999999997 0.58239823084090258654 0.00000000099999999997 0.00000000099999999997 
0.00000000099999999999 0.00000000099999999999 0.28048165628242605063 0.01174730832492824548 0.00000171803187131200 0.25742646580901318298 0.45034284855176132112 0.00000000099999999999 
0.00026214143053277932 0.00000000099999999998 0.49256990918000304047 0.00141588850993682662 0.00000000099999999998 0.00000000099999999998 0.50575205687952717870 0.00000000099999999998 
0.00000000099999999996 0.00000000099999999996 0.25327590307736952413 0.14548865573234170956 0.00000000099999999996 0.38298939539997761683 0.21824604179031115159 0.00000000099999999996 
0.00000000099999999991 0.00000000099999999991 0.00000000099999999991 0.00000000099999999991 0.99999999300000008695 0.00000000099999999991 0.00000000099999999991 0.00000000099999999991 
0.00000000099999999989 0.00000000099999999989 0.99999999300000008695 0.00000000099999999989 0.00000000099999999989 0.00000000099999999989 0.00000000099999999989 0.00000000099999999989 
0.00000000099999999997 0.00000000099999999997 0.00000000099999999997 0.04335028009775710595 0.00000000099999999997 0.48429984665068398497 0.47234986825155877987 0.00000000099999999997 
0.00000000099999999999 0.04119569143772360692 0.14048969280496537149 0.02050897480697447262 0.00000000099999999999 0.22201795161854309679 0.57578768633179344683 0.00000000099999999999 
0.00000000099999999993 0.00000000099999999993 0.00000000099999999993 0.00000000099999999993 0.00000000099999999993 0.99999999300000008695 0.00000000099999999993 0.00000000099999999993 
0.00000000099999999995 0.00000000099999999995 0.00000000099999999995 0.00000000099999999995 0.00000000099999999995 0.99999999299999997593 0.00000000099999999995 0.00000000099999999995 
0.00000000099999999992 0.00000000099999999992 0.00000000099999999992 0.00000000099999999992 0.00000000099999999992 0.00000000099999999992 0.99999999299999997593 0.00000000099999999992 
0.00000000099999999999 0.00000000099999999999 0.35971741344239910321 0.02412235671040901044 0.00000000099999999999 0.00000000099999999999 0.61616022484719168428 0.00000000099999999999 
0.00000000099999999991 0.00000000099999999991 0.00000000099999999991 0.00000000099999999991 0.99999999300000008695 0.00000000099999999991 0.00000000099999999991 0.00000000099999999991 
0.00000000099999999994 0.00000000099999999994 0.00000000099999999994 0.14219575165583286935 0.00000000099999999994 0.00000000099999999994 0.85780424234416718932 0.00000000099999999994 
0.00909584426996075737 0.00000000099999999999 0.23073691332848308977 0.00785381851287995057 0.01009386367874776091 0.24468253698465899926 0.49753702122526943796 0.00000000099999999999 
0.00000000100000000000 0.00416600084485811793 0.36792707907374105902 0.00738079912162909434 0.00215201607350165233 0.26178393490308143887 0.34803451367794974169 0.00855565530523898048 
0.00000000099999999997 0.55573718572311758823 0.00000000099999999997 0.00000000099999999997 0.44426280827688247044 0.00000000099999999997 0.00000000099999999997 0.00000000099999999997 
0.00000000100000000000 0.00600535247568501334 0.22879699227261326988 0.00000000100000000000 0.01646857546059010344 0.25271138563328887638 0.47687502856773933413 0.01914266359008337179 
0.00583831956836692798 0.00880447813972962470 0.24765291726396965188 0.00000000099999999999 0.00000001349256000801 0.31893823035910312536 0.41876603917627058804 0.00000000099999999999 
0.00000000099999999997 0.47183906622888438509 0.49790341292496304026 0.03025750470227181119 0.00000001214388080337 0.00000000099999999997 0.00000000099999999997 0.00000000099999999997 
