0.00000000100000000000 0.02230002634205702217 0.39667361959298291785 0.00000000100000000000 0.43953938483087162670 0.00000000100000000000 0.14148696623408857365 
0.00000000099999999994 0.00000000099999999994 0.00000000099999999994 0.00000000099999999994 0.00000000099999999994 0.99999999399999994765 0.00000000099999999994 
0.00000000099999999993 0.00000000099999999993 0.00000000099999999993 0.00000000099999999993 0.00000000099999999993 0.99999999400000005867 0.00000000099999999993 
0.00000000099999999998 0.00000000099999999998 0.46624385163606557603 0.00000000099999999998 0.49781751851265299003 0.03593862585128133891 0.00000000099999999998 
0.00000000099999999999 0.00900387820012581164 0.26258208139529648495 0.00000000099999999999 0.54086536734360612932 0.00000000099999999999 0.18754867006097161730 
0.00000000099999999998 0.00037181024223959826 0.30156490127819940428 0.00000000099999999998 0.67251235443166357264 0.02554975892960778538 0.00000117311828961671 
0.00000000099999999995 0.00000000099999999995 0.00000000099999999995 0.00000000099999999995 0.00000000099999999995 0.99999999399999994765 0.00000000099999999995 
0.00000000099999999991 0.00000000099999999991 0.00000000099999999991 0.00000000099999999991 0.00000000099999999991 0.99999999399999994765 0.00000000099999999991 
0.00000000099999999998 0.01422824534818061676 0.33460668300793933172 0.00000000099999999998 0.65116506764388004669 0.00000000099999999998 0.00000000099999999998 
0.00000000099999999994 0.00000000099999999994 0.00000000099999999994 0.00000000099999999994 0.00000000099999999994 0.99999999399999994765 0.00000000099999999994 
0.00000000099999999991 0.00000000099999999991 0.00000000099999999991 0.00000000099999999991 0.00000000099999999991 0.00000000099999999991 0.99999999399999994765 
0.00000000099999999997 0.00272532609536582909 0.28473363475019020097 0.00000000099999999997 0.41431475360936370622 0.01111738455012246767 0.28710889899495767308 
0.00000000099999999998 0.00000000099999999998 0.00000000099999999998 0.00000000099999999998 0.63525954650733373885 0.00000000099999999998 0.36474044849266634705 
0.00000000099999999999 0.01052767468879955981 0.32860186523102336009 0.00000000099999999999 0.30850464419224099544 0.00000000099999999999 0.35236581288793594746 
0.00000000099999999999 0.00000011714099396814 0.63910050988473898759 0.00000000099999999999 0.00000000099999999999 0.00000000099999999999 0.36089936897426716511 
0.00000000099999999999 0.02918894188287318725 0.26574140691968822781 0.00000000099999999999 0.47718930928314762241 0.05288695865798696827 0.17499338125630406471 
0.00000000099999999996 0.00000000099999999996 0.70375971676432313995 0.00000000099999999996 0.00000000099999999996 0.00000000099999999996 0.29624027823567677942 
0.00000000115450671019 0.00000000363215841325 0.43170967912918006837 0.00000000099999999999 0.44155602436750962525 0.00000000099999999999 0.12673428971664507658 
0.00000000099999999999 0.00398023626843267697 0.29143583533329409097 0.00060436267340846451 0.70397956272486483797 0.00000000099999999999 0.00000000099999999999 
0.00000000099999999996 0.00134149927105152813 0.28221146251500850433 0.00000000099999999996 0.60427614195018131138 0.00000000099999999996 0.11217089326375873082 
0.00000000099999999999 0.00000000099999999999 0.31795360985355636263 0.00000000099999999999 0.39581706317169312870 0.00000000099999999999 0.28622932297475056629 
0.00000000099999999996 0.00000000099999999996 0.00000000099999999996 0.00000000099999999996 0.00000000099999999996 0.99999999400000005867 0.00000000099999999996 
0.00000000099999999991 0.00000000099999999991 0.99999999400000005867 0.00000000099999999991 0.00000000099999999991 0.00000000099999999991 0.00000000099999999991 
0.00000000099999999982 0.00000000099999999982 0.00000000099999999982 0.00000000099999999982 0.00000000099999999982 0.00000000099999999982 0.99999999400000005867 
0.00000000099999999995 0.00000000099999999995 0.50965390704049229331 0.00000000099999999995 0.00000000378525549914 0.00000000099999999995 0.49034608517425209984 
0.00000000099999999997 0.00000000099999999997 0.65063353614083452303 0.00000000099999999997 0.34936645885916539633 0.00000000099999999997 0.00000000099999999997 
0.00000000099999999976 0.99999999400000005867 0.00000000099999999976 0.00000000099999999976 0.00000000099999999976 0.00000000099999999976 0.00000000099999999976 
0.00000000099999999972 0.99999999400000016969 0.00000000099999999972 0.00000000099999999972 0.00000000099999999972 0.00000000099999999972 0.00000000099999999972 
0.00000000099999999997 0.00000000099999999997 0.67407877261098514410 0.00000000099999999997 0.00000000099999999997 0.00000000099999999997 0.32592122238901494180 
0.00000000099999999998 0.00976161747988619523 0.37167620765250408699 0.00000000099999999998 0.45183639731577557308 0.00000000099999999998 0.16672577455183409945 
0.00000000099999999998 0.00000000099999999998 0.38444821222160607821 0.00000000099999999998 0.38734481123222208598 0.01870061448772522214 0.20950635905844669504 
0.00000000099999999995 0.00000000099999999995 0.00000000099999999995 0.00000000099999999995 0.00000000099999999995 0.95195721219552087433 0.04804278280447918381 
0.00000000099999999989 0.35271395593801219137 0.00000000099999999989 0.00000000099999999989 0.00000000099999999989 0.16154016175379407039 0.48574587830819354606 
0.00000000099999999997 0.00000000099999999997 0.46631999186469874630 0.00000000099999999997 0.39952464329253550845 0.00000000099999999997 0.13415536084276566409 
0.99999999400000016969 0.00000000099999999967 0.00000000099999999967 0.00000000099999999967 0.00000000099999999967 0.00000000099999999967 0.00000000099999999967 
0.99999999400000005867 0.00000000099999999962 0.00000000099999999962 0.00000000099999999962 0.00000000099999999962 0.00000000099999999962 0.00000000099999999962 
0.99999999400000005867 0.00000000099999999963 0.00000000099999999963 0.00000000099999999963 0.00000000099999999963 0.00000000099999999963 0.00000000099999999963 
0.00000000099999999977 0.99999999400000005867 0.00000000099999999977 0.00000000099999999977 0.00000000099999999977 0.00000000099999999977 0.00000000099999999977 
0.00000000099999999974 0.99999999400000005867 0.00000000099999999974 0.00000000099999999974 0.00000000099999999974 0.00000000099999999974 0.00000000099999999974 
0.00000000099999999998 0.00000000099999999998 0.36233175899907665851 0.00000000099999999998 0.41803524929794877441 0.00000000099999999998 0.21963298770297456919 
0.00000000099999999996 0.00000000099999999996 0.00000000099999999996 0.00000000099999999996 0.00000000099999999996 0.99999999399999994765 0.00000000099999999996 
0.00000000099999999975 0.99999999400000005867 0.00000000099999999975 0.00000000099999999975 0.00000000099999999975 0.00000000099999999975 0.00000000099999999975 
0.00000000099999999992 0.00000000099999999992 0.99999999400000005867 0.00000000099999999992 0.00000000099999999992 0.00000000099999999992 0.00000000099999999992 
0.00000000099999999993 0.00000000099999999993 0.00000000099999999993 0.00000000099999999993 0.00000000099999999993 0.99999999399999994765 0.00000000099999999993 
0.00000000099999999978 0.99999999400000005867 0.00000000099999999978 0.00000000099999999978 0.00000000099999999978 0.00000000099999999978 0.00000000099999999978 
0.00000000099999999998 0.00113140141856699419 0.47411734786582337975 0.00000000099999999998 0.32595141913636233033 0.00867509253625326111 0.19012473704299401311 
0.00000000099999999975 0.99999999400000016969 0.00000000099999999975 0.00000000099999999975 0.00000000099999999975 0.00000000099999999975 0.00000000099999999975 
0.00000000099999999994 0.00000000099999999994 0.00000000099999999994 0.00000000099999999994 0.00000000099999999994 0.99999999399999994765 0.00000000099999999994 
0.00000000099999999990 0.00000000099999999990 0.00000000099999999990 0.00000000099999999990 0.00000000099999999990 0.99999999400000005867 0.00000000099999999990 
0.00000000099999999972 0.99999999400000016969 0.00000000099999999972 0.00000000099999999972 0.00000000099999999972 0.00000000099999999972 0.00000000099999999972 
0.00000000099999999975 0.99999999400000005867 0.00000000099999999975 0.00000000099999999975 0.00000000099999999975 0.00000000099999999975 0.00000000099999999975 
0.00000000099999999994 0.00000000099999999994 0.00000000099999999994 0.00000000099999999994 0.00000000099999999994 0.99999999399999994765 0.00000000099999999994 
0.00000000099999999994 0.00000000099999999994 0.00000000099999999994 0.00000000099999999994 0.00000000099999999994 0.99999999400000005867 0.00000000099999999994 
0.00000000099999999995 0.00000000099999999995 0.00000000099999999995 0.00000000099999999995 0.00000000099999999995 0.99999999399999994765 0.00000000099999999995 
0.00000000099999999978 0.99999999400000016969 0.00000000099999999978 0.00000000099999999978 0.00000000099999999978 0.00000000099999999978 0.00000000099999999978 
0.00000000099999999999 0.01357032698192960594 0.17915633478399237144 0.00000000099999999999 0.58005324287694826069 0.04315685752268299397 0.18406323583444675340 
0.00000000099999999999 0.02110911242569895457 0.44499682970362780532 0.00000000099999999999 0.53389405387067334630 0.00000000099999999999 0.00000000099999999999 
0.00000000099999999998 0.00000000099999999998 0.29544821052741204737 0.00000000099999999998 0.46950821748500759512 0.01285567614699150048 0.22218789284058881872 
0.00000000099999999997 0.00000000099999999997 0.54253991607733598190 0.00000000099999999997 0.45746007892266399297 0.00000000099999999997 0.00000000099999999997 
0.00000000099999999994 0.00000000099999999994 0.00000000099999999994 0.00000000099999999994 0.00000000099999999994 0.99999999399999994765 0.00000000099999999994 
0.00000026535725151804 0.00000000099999999999 0.00000524710336628464 0.00000000099999999999 0.65666978483524851562 0.00000000099999999999 0.34332469970413376226 
0.27459954267501557323 0.00000000099999999972 0.00000000099999999972 0.72540045232498440164 0.00000000099999999972 0.00000000099999999972 0.00000000099999999972 
0.00000000099999999994 0.00000000099999999994 0.00000000099999999994 0.00000000099999999994 0.99999999399999994765 0.00000000099999999994 0.00000000099999999994 
0.99999999400000016969 0.00000000099999999967 0.00000000099999999967 0.00000000099999999967 0.00000000099999999967 0.00000000099999999967 0.00000000099999999967 
0.00000000099999999998 0.00000000099999999998 0.27014124631104036167 0.00000000099999999998 0.38064559543194625979 0.03047437287965711755 0.31873878237735636665 
0.00000000099999999968 0.00000000099999999968 0.00000000099999999968 0.99999999399999994765 0.00000000099999999968 0.00000000099999999968 0.00000000099999999968 
0.00000000099999999999 0.00017510917696709490 0.15374432605279997333 0.00000000099999999999 0.73024806141675435711 0.00522292259386071024 0.11060957875961786867 
0.00000000099999999998 0.00000000099999999998 0.00000000099999999998 0.00000000099999999998 0.57652351130576084959 0.00000000099999999998 0.42347648369423918080 
0.00000000099999999992 0.00000000099999999992 0.00000000099999999992 0.00000000099999999992 0.00000000099999999992 0.99999999399999994765 0.00000000099999999992 
0.00000000099999999996 0.00000000099999999996 0.33322854535782264751 0.00000000099999999996 0.56414402396943075235 0.00000000099999999996 0.10262742667274672714 
0.99999999400000016969 0.00000000099999999967 0.00000000099999999967 0.00000000099999999967 0.00000000099999999967 0.00000000099999999967 0.00000000099999999967 
0.00000000099999999969 0.00000000099999999969 0.00000000099999999969 0.99999999399999994765 0.00000000099999999969 0.00000000099999999969 0.00000000099999999969 
0.00000000099999999993 0.00000000099999999993 0.00000000099999999993 0.00000000099999999993 0.00000000099999999993 0.00000000099999999993 0.99999999400000005867 
0.00000000099999999992 0.00000000099999999992 0.00000000099999999992 0.00000000099999999992 0.00000000099999999992 0.99999999400000005867 0.00000000099999999992 
0.00000000099999999979 0.99999999400000005867 0.00000000099999999979 0.00000000099999999979 0.00000000099999999979 0.00000000099999999979 0.00000000099999999979 
0.00000000099999999993 0.00000000099999999993 0.00000000099999999993 0.00000000099999999993 0.00000000099999999993 0.99999999400000005867 0.00000000099999999993 
0.00000000099999999999 0.00000000099999999999 0.27595864956159921189 0.00000000099999999999 0.69355789267700129752 0.03048345376139927759 0.00000000099999999999 
0.99999999400000005867 0.00000000099999999966 0.00000000099999999966 0.00000000099999999966 0.00000000099999999966 0.00000000099999999966 0.00000000099999999966 
0.00000000099999999970 0.99999999400000005867 0.00000000099999999970 0.00000000099999999970 0.00000000099999999970 0.00000000099999999970 0.00000000099999999970 
0.99999999400000016969 0.00000000099999999970 0.00000000099999999970 0.00000000099999999970 0.00000000099999999970 0.00000000099999999970 0.00000000099999999970 
0.00390154599765482699 0.01690849483955537969 0.34859639856874047315 0.00000000100000000000 0.46208428724494410300 0.00000000100000000000 0.16850927134910509420 
0.00000000099999999991 0.00000000099999999991 0.00000000099999999991 0.00000000099999999991 0.00000000099999999991 0.99999999399999994765 0.00000000099999999991 
0.00000000099999999993 0.00000000099999999993 0.00000000099999999993 0.00000000099999999993 0.00000000099999999993 0.99999999400000005867 0.00000000099999999993 
0.00000000099999999998 0.00000012795310895944 0.35725698274389217080 0.00000000099999999998 0.32758978128124810469 0.22897670385905152801 0.08617640216269913112 
0.00000000099999999999 0.02055281866783683492 0.32798583739675529758 0.00000000099999999999 0.47497037532181274333 0.00011987274470813475 0.17637109386888699669 
0.00000000099999999991 0.00000000099999999991 0.99999999399999994765 0.00000000099999999991 0.00000000099999999991 0.00000000099999999991 0.00000000099999999991 
0.00000000099999999998 0.00000000099999999998 0.23005486563385693644 0.00000000099999999998 0.43587484579036817056 0.00835293828333726236 0.32571734729243767559 
0.00000000099999999998 0.00000000099999999998 0.23331162588308762551 0.00000000099999999998 0.41467074826587085878 0.00000000099999999998 0.35201762185104146230 
0.00000000099999999996 0.00000000099999999996 0.45197829227799318774 0.00000000099999999996 0.41298927079550201702 0.00000000099999999996 0.13503243292650490837 
0.00000000099999999996 0.00000000099999999996 0.14189038511450419167 0.00000000099999999996 0.66643283650213314129 0.00000036572452592841 0.19167640965883678272 
0.00000000099999999998 0.00485842807660763921 0.15185355786069987261 0.00000000099999999998 0.59421348755138758690 0.00012756371316293249 0.24894696079814201961 
0.00000000099999999999 0.00000000099999999999 0.37417495890907043199 0.00000000099999999999 0.40485651141539175102 0.03201472761655878296 0.18895379905897893846 
0.00000000099999999993 0.00000000099999999993 0.00000000099999999993 0.00000000099999999993 0.00000000099999999993 0.99999999400000005867 0.00000000099999999993 
0.00000000099999999997 0.00000000099999999997 0.00000000099999999997 0.00000000099999999997 0.00000000099999999997 0.99145836091215056030 0.00854163408784947877 
0.99999999400000005867 0.00000000099999999977 0.00000000099999999977 0.00000000099999999977 0.00000000099999999977 0.00000000099999999977 0.00000000099999999977 
0.00000000099999999995 0.00000000099999999995 0.00000000099999999995 0.00000000099999999995 0.00000000099999999995 0.99999999400000005867 0.00000000099999999995 
0.00000000099999999996 0.00000000099999999996 0.00000000099999999996 0.00000000099999999996 0.00000003758867169070 0.99999093745838196767 0.00000902095294636077 
0.00000000099999999998 0.00368899709150953851 0.05958466965937225107 0.00000000099999999998 0.65603002166949619944 0.01272538200356205552 0.26797092757605978086 
0.62300667286623190311 0.00000000099999999967 0.00000000099999999967 0.37699332213376818279 0.00000000099999999967 0.00000000099999999967 0.00000000099999999967 
0.00000000099999999999 0.00000000099999999999 0.49012023259401810149 0.00000000099999999999 0.50987887083329075377 0.00000000099999999999 0.00000089257269117847 
0.00000000099999999996 0.00000000099999999996 0.00000000099999999996 0.00000000099999999996 0.99999999400000005867 0.00000000099999999996 0.00000000099999999996 
0.00000000100000000000 0.00518715422647918808 0.17164100366076573412 0.00000000100000000000 0.53986996122167218992 0.00000000100000000000 0.28330187789108274288 
0.00000000099999999999 0.00000000099999999999 0.15248773996672970732 0.00000000099999999999 0.68025313443881563202 0.02586448135867702725 0.14139464123577780152 
0.00000000099999999998 0.00000000099999999998 0.00000000099999999998 0.00000000099999999998 0.74868260910604766956 0.00000000099999999998 0.25131738589395247185 
0.00000000099999999992 0.00000000099999999992 0.99999999399999994765 0.00000000099999999992 0.00000000099999999992 0.00000000099999999992 0.00000000099999999992 
0.00000000099999999999 0.00000296193265546455 0.16366960191001983516 0.00000000099999999999 0.56559347189965558655 0.00000000099999999999 0.27073396125766918674 
0.00000000099999999992 0.00000000099999999992 0.99999999399999994765 0.00000000099999999992 0.00000000099999999992 0.00000000099999999992 0.00000000099999999992 
0.00000000100000000000 0.03070342486090190878 0.23915162428290079322 0.00000000100000000000 0.60712002869182124520 0.01081508202578097821 0.11220983813859486400 
0.00000000099999999997 0.00000000099999999997 0.00000000099999999997 0.00000000099999999997 0.99999999399999994765 0.00000000099999999997 0.00000000099999999997 
0.00000000099999999996 0.00000000099999999996 0.28951220145089917590 0.00000000099999999996 0.71048779354910085448 0.00000000099999999996 0.00000000099999999996 
0.00000000099999999999 0.02248541247595745377 0.00000000099999999999 0.00000000099999999999 0.60978328589167107854 0.01820078638296448309 0.34953051224940701047 
0.00000000099999999997 0.00922852440660739022 0.20563175838952379992 0.00000000099999999997 0.57135094259401730810 0.00000000099999999997 0.21378877160985154671 
0.00000000099999999988 0.00000000099999999988 0.00000000099999999988 0.00000000099999999988 0.00000000099999999988 0.00000000099999999988 0.99999999399999994765 
0.00000000099999999997 0.00000000099999999997 0.00000000099999999997 0.00000000099999999997 0.65128960780907385608 0.00000000099999999997 0.34871038719092617431 
0.00000000099999999997 0.00000000099999999997 0.18222961549373631329 0.00000000099999999997 0.58561753201661526091 0.02631394617980632039 0.20583890330984208616 
0.00000000099999999999 0.00567512452643666176 0.33906794682052393552 0.00000000099999999999 0.49080920669046523841 0.00903479888943126141 0.15541292107314283455 
0.00000000099999999999 0.00000000099999999999 0.39763110965579845368 0.00000000099999999999 0.43708044920736816019 0.03651754838753702020 0.12877088974929651322 
0.00000000099999999999 0.00000000099999999999 0.32566031831590203094 0.00000000099999999999 0.48875718596968081853 0.00000000099999999999 0.18558249171441709713 
0.00000000099999999992 0.00000000099999999992 0.99999999400000005867 0.00000000099999999992 0.00000000099999999992 0.00000000099999999992 0.00000000099999999992 
0.07383593617911182738 0.00000000099999999999 0.00000000099999999999 0.00000000099999999999 0.00000000099999999999 0.00000000099999999999 0.92616405882088814749 
0.00000000099999999997 0.00000000099999999997 0.41068391874048565393 0.00000000099999999997 0.30036159921055272104 0.00000000099999999997 0.28895447804896157162 
0.00000000099999999996 0.00000000099999999996 0.31296184675988059087 0.00000000099999999996 0.31177611381893577391 0.00680016945683413650 0.36846186696434946040 
0.00000000099999999988 0.00000000099999999988 0.00000000099999999988 0.00000000099999999988 0.00000000099999999988 0.00000000099999999988 0.99999999399999994765 
0.00000000099999999998 0.01046690777498659845 0.38029715963034238513 0.00000000099999999998 0.28107104080581718497 0.00000000099999999998 0.32816488878885380354 
0.00000000099999999997 0.00000000099999999997 0.34998071235642663757 0.00000000099999999997 0.33411894261206370738 0.00128187892871550638 0.31461846310279417693 
0.00177689013669270440 0.00221150477882293712 0.30212478614523979870 0.00000000100000000000 0.35545769331677540270 0.00000000100000000000 0.33842912362246901914 
0.00000000099999999998 0.00738184822022030108 0.37209218722089831832 0.00000000099999999998 0.41709995214065265223 0.00800634976998836588 0.19541966064824040084 
0.00000000099999999997 0.00000000099999999997 0.00000000099999999997 0.00000000099999999997 0.70847301221821501471 0.00000000099999999997 0.29152698278178501567 
0.00000000099999999997 0.00000000099999999997 0.27036931239805428451 0.00000000099999999997 0.51968001338848612836 0.02877767866434815733 0.18117299254911140016 
0.00000000099999999992 0.00000000099999999992 0.00000000099999999992 0.00000000099999999992 0.00000000099999999992 0.99999999400000005867 0.00000000099999999992 
0.00000000099999999996 0.00000000099999999996 0.00000000099999999996 0.00000000099999999996 0.00000000099999999996 0.98933053929402614557 0.01066945570597385359 
0.00000000099999999971 0.00000000099999999971 0.00000000099999999971 0.99999999400000005867 0.00000000099999999971 0.00000000099999999971 0.00000000099999999971 
0.00000000099999999971 0.99999999400000016969 0.00000000099999999971 0.00000000099999999971 0.00000000099999999971 0.00000000099999999971 0.00000000099999999971 
0.00000000099999999999 0.03796217003932413070 0.00000000099999999999 0.00000000099999999999 0.00000376086702349225 0.91062938788509306676 0.05140467820855928321 
0.00000000099999999994 0.00000000099999999994 0.00000000099999999994 0.00000000099999999994 0.99999999399999994765 0.00000000099999999994 0.00000000099999999994 
0.00000000099999999999 0.00000000099999999999 0.21507567971874747004 0.00000000099999999999 0.76701109305295822605 0.01791322214364633389 0.00000000208464796383 
0.00000000099999999998 0.00386841395053010104 0.00581450367262371405 0.00000000099999999998 0.00000000099999999998 0.99031707837684623819 0.00000000099999999998 
0.00000000099999999998 0.00000000099999999998 0.11782291018456113318 0.00000000099999999998 0.66984401146088967671 0.00422651311592079151 0.20810656223862852854 
0.00000000099999999996 0.01088222473193359123 0.22886115316610769477 0.00000000099999999996 0.58456670051785863951 0.00000000099999999996 0.17568991858409999107 
0.00000000099999999991 0.00000000099999999991 0.99999999400000005867 0.00000000099999999991 0.00000000099999999991 0.00000000099999999991 0.00000000099999999991 
0.99999999400000005867 0.00000000099999999966 0.00000000099999999966 0.00000000099999999966 0.00000000099999999966 0.00000000099999999966 0.00000000099999999966 
0.00000000099999999967 0.00000000099999999967 0.00000000099999999967 0.99999999399999994765 0.00000000099999999967 0.00000000099999999967 0.00000000099999999967 
0.00000000099999999964 0.00000000099999999964 0.00000000099999999964 0.99999999400000005867 0.00000000099999999964 0.00000000099999999964 0.00000000099999999964 
0.00000000099999999964 0.00000000099999999964 0.00000000099999999964 0.99999999400000005867 0.00000000099999999964 0.00000000099999999964 0.00000000099999999964 
0.99999999400000016969 0.00000000099999999963 0.00000000099999999963 0.00000000099999999963 0.00000000099999999963 0.00000000099999999963 0.00000000099999999963 
0.00000000099999999997 0.00000000099999999997 0.00000000099999999997 0.00000000099999999997 0.00000000099999999997 0.99999999399999994765 0.00000000099999999997 
0.00000000099999999999 0.00890442587490497366 0.37043783349607001254 0.00000000099999999999 0.40934498785461237436 0.00000000099999999999 0.21131274977441280583 
0.38925334453200699514 0.00000000099999999970 0.00000000099999999970 0.61074665046799281320 0.00000000099999999970 0.00000000099999999970 0.00000000099999999970 
0.43144346627662705229 0.00000000099999999974 0.00000000099999999974 0.56855652872337281156 0.00000000099999999974 0.00000000099999999974 0.00000000099999999974 
0.00000000099999999970 0.99999999400000016969 0.00000000099999999970 0.00000000099999999970 0.00000000099999999970 0.00000000099999999970 0.00000000099999999970 
0.00000000099999999970 0.99999999400000005867 0.00000000099999999970 0.00000000099999999970 0.00000000099999999970 0.00000000099999999970 0.00000000099999999970 
0.00000000099999999991 0.00000000099999999991 0.99999999399999994765 0.00000000099999999991 0.00000000099999999991 0.00000000099999999991 0.00000000099999999991 
0.00000000099999999966 0.00000000099999999966 0.00000000099999999966 0.99999999399999994765 0.00000000099999999966 0.00000000099999999966 0.00000000099999999966 
0.00000000099999999995 0.00000000099999999995 0.00000000099999999995 0.00000000099999999995 0.99999999400000005867 0.00000000099999999995 0.00000000099999999995 
0.00000000099999999997 0.00000000099999999997 0.33235578887157973815 0.00000000099999999997 0.66764420612842034775 0.00000000099999999997 0.00000000099999999997 
0.00000000099999999996 0.00000000099999999996 0.06640952398732899442 0.00000000099999999996 0.00000000099999999996 0.93359047101267100821 0.00000000099999999996 
0.00000000099999999995 0.00000000099999999995 0.00000000099999999995 0.00000000099999999995 0.99999999400000005867 0.00000000099999999995 0.00000000099999999995 
0.00000000099999999991 0.00000000099999999991 0.00000000099999999991 0.00000000099999999991 0.00000000099999999991 0.99999999399999994765 0.00000000099999999991 
0.00000000099999999996 0.00000000099999999996 0.00000000099999999996 0.00000000099999999996 0.99999999399999994765 0.00000000099999999996 0.00000000099999999996 
0.00000000099999999992 0.00000000099999999992 0.00000000099999999992 0.00000000099999999992 0.00000000099999999992 0.99999999399999994765 0.00000000099999999992 
0.00000000099999999999 0.01566104996696849119 0.31947579616409493841 0.00000000099999999999 0.44804000033592966679 0.00530707158687387069 0.21151607994613302877 
0.00000000099999999999 0.01166273743373906144 0.28394046693768831835 0.00000000099999999999 0.56119921861462618295 0.00000000099999999999 0.14319757401394631047 
0.00000000099999999969 0.00000000099999999969 0.00000000099999999969 0.99999999400000005867 0.00000000099999999969 0.00000000099999999969 0.00000000099999999969 
0.00000000099999999994 0.00000000099999999994 0.00000000099999999994 0.00000000099999999994 0.00000000099999999994 0.99999999399999994765 0.00000000099999999994 
0.00000000099999999965 0.00000000099999999965 0.00000000099999999965 0.99999999399999994765 0.00000000099999999965 0.00000000099999999965 0.00000000099999999965 
0.99999999400000005867 0.00000000099999999963 0.00000000099999999963 0.00000000099999999963 0.00000000099999999963 0.00000000099999999963 0.00000000099999999963 
0.00000000099999999999 0.00000000099999999999 0.23756074107885666313 0.00000000099999999999 0.51055419121801715043 0.00000618830759211100 0.25187887639553402375 
0.00000000099999999997 0.00000000099999999997 0.45366705452640337937 0.00000000099999999997 0.37490009322279521653 0.01990224996477293895 0.15153059928602843898 
0.00000000099999999993 0.00000000099999999993 0.00000000099999999993 0.00000000099999999993 0.99999999399999994765 0.00000000099999999993 0.00000000099999999993 
0.00000000099999999998 0.00049955891260638227 0.20831284650275294634 0.00000000099999999998 0.51969287719608658893 0.00000000099999999998 0.27149471438855415917 
0.00000000099999999998 0.00490201446731130478 0.27350378020924032141 0.00000000099999999998 0.36888662628784396613 0.00000000099999999998 0.35270757603560431992 
0.00000000099999999997 0.00557155271698658514 0.39027032546534928814 0.00000000099999999997 0.40540778070979610614 0.01319212597286317616 0.18555821313500481251 
0.00000000099999999997 0.00000000099999999997 0.41200296405677400147 0.00000000099999999997 0.58799703094322608443 0.00000000099999999997 0.00000000099999999997 
0.00000000099999999995 0.00000000099999999995 0.01133338983722608460 0.00000000099999999995 0.00000000134899948456 0.98866660481377444114 0.00000000099999999995 
0.00000000099999999997 0.00000000099999999997 0.26968158475741627056 0.00000000099999999997 0.44496672465692599374 0.00000000099999999997 0.28535168658565757127 
0.00000000099999999964 0.00000000099999999964 0.00000000099999999964 0.99999999400000005867 0.00000000099999999964 0.00000000099999999964 0.00000000099999999964 
0.00000000099999999999 0.00000000099999999999 0.31044796632346211007 0.00000000099999999999 0.40751674768338791432 0.00000000099999999999 0.28203528199315003322 
0.00000000099999999985 0.00000000099999999985 0.00000000099999999985 0.99999999400000005867 0.00000000099999999985 0.00000000099999999985 0.00000000099999999985 
0.99999999400000016969 0.00000000099999999968 0.00000000099999999968 0.00000000099999999968 0.00000000099999999968 0.00000000099999999968 0.00000000099999999968 
0.00000000099999999998 0.00000000099999999998 0.43621048612738916317 0.00000000099999999998 0.39494736974370492355 0.01713616669385632785 0.15170597443504965640 
0.00000000099999999998 0.00385392003957098477 0.32177027630964311067 0.00000000099999999998 0.39915561566403934268 0.00000000099999999998 0.27522018498674655218 
0.00000000099999999998 0.00000000099999999998 0.51485687999720564090 0.00000000099999999998 0.27366609340924480387 0.01278785677382860905 0.19868916681972087490 
0.00000000099999999973 0.00000000099999999973 0.00000000099999999973 0.99999999400000005867 0.00000000099999999973 0.00000000099999999973 0.00000000099999999973 
0.00000000099999999992 0.00000000099999999992 0.00000000099999999992 0.00000000099999999992 0.00000000099999999992 0.99999999400000005867 0.00000000099999999992 
0.00000000099999999992 0.00000000099999999992 0.00000000099999999992 0.00000000099999999992 0.00000000099999999992 0.99999999400000005867 0.00000000099999999992 
0.35194941375171023834 0.00000000099999999973 0.00000000099999999973 0.64805058124828973654 0.00000000099999999973 0.00000000099999999973 0.00000000099999999973 
0.00000000099999999999 0.00325901169006951978 0.27754132026841654701 0.00000000099999999999 0.59160594779944764010 0.00059533435261360866 0.12699838388945267065 
0.00000000099999999999 0.00935439352835943684 0.34013244979724344130 0.00000000099999999999 0.23705666194812061165 0.03180076558319912955 0.38165572714307760549 
0.63172533626868154766 0.00000000099999999973 0.00000000099999999973 0.36827465873131853824 0.00000000099999999973 0.00000000099999999973 0.00000000099999999973 
0.00000000099999999989 0.00000000099999999989 0.00000000099999999989 0.00000000099999999989 0.00000000099999999989 0.00000000099999999989 0.99999999399999994765 
0.00000000099999999991 0.00000000099999999991 0.00000000099999999991 0.00000000099999999991 0.00000000099999999991 0.99999999399999994765 0.00000000099999999991 
0.00000000099999999999 0.10668098259748017009 0.57176224681509169034 0.10246954812493289100 0.00000000099999999999 0.21908721946249523627 0.00000000099999999999 
0.00000000099999999999 0.00000000099999999999 0.16945128037974224733 0.00123955382961157129 0.68921371122299535106 0.02094451010498219606 0.11915094246266867695 
0.00000000099999999998 0.00963034438294479295 0.40161508316416699715 0.00000000099999999998 0.35306559828816092006 0.02626641445521337229 0.20942255770951381799 
0.00000000099999999998 0.00711574342598860800 0.00000000099999999998 0.00000000099999999998 0.57104523880691449023 0.00000000099999999998 0.42183901376709698194 
0.00000000099999999996 0.00000000099999999996 0.66478824765772204231 0.00000000099999999996 0.00000000099999999996 0.00000000099999999996 0.33521174734227798808 
0.00000000099999999996 0.00000000099999999996 0.45468660702925389749 0.00000000099999999996 0.00000000099999999996 0.00000000099999999996 0.54531338797074613289 
0.00000000099999999998 0.00000000099999999998 0.31009637633315534355 0.00000000099999999998 0.54555884247986619062 0.00000000099999999998 0.14434477718697849569 
0.00000000099999999998 0.00852925696870497282 0.00000001424040994116 0.00000000099999999998 0.66610698369961773846 0.00000000099999999998 0.32536374209126733836 
0.00412837923341731125 0.00457487360812168509 0.39795358698529753605 0.00000000100000000000 0.50730499285751062821 0.02356948101152600214 0.06246868530412681697 
0.00000000099999999994 0.00000000099999999994 0.00000000099999999994 0.00000000099999999994 0.00000000099999999994 0.99999999400000005867 0.00000000099999999994 
0.00000000099999999996 0.00000000099999999996 0.62452755820173078138 0.00000000099999999996 0.00000000099999999996 0.00000000099999999996 0.37547243679826924900 
0.00000000099999999998 0.00602267653837995111 0.28314433755212481403 0.00000000099999999998 0.60316129798344986224 0.00000000099999999998 0.10767168492604538288 
0.00000000099999999998 0.00000000099999999998 0.24247704470699185664 0.00000000099999999998 0.70655790507810989354 0.05096504621489813397 0.00000000099999999998 
0.00000000099999999996 0.00000000099999999996 0.00000000099999999996 0.00000000099999999996 0.80015740790263911730 0.00000006041175391908 0.19984252768560686886 
0.00000000100000000000 0.00002104242546519202 0.27013552473999530301 0.00000000100000000000 0.64659515679160217694 0.03187269488485953983 0.05137557915807789560 
0.00000000099999999994 0.00000000099999999994 0.00000000099999999994 0.00000000099999999994 0.99999999399999994765 0.00000000099999999994 0.00000000099999999994 
0.00000000099999999999 0.00000000099999999999 0.24226359034942396287 0.00000000099999999999 0.63311438713449463833 0.00726186258010019618 0.11736015693598121634 
0.00000000099999999996 0.00000000099999999996 0.01257649962231294390 0.00000000099999999996 0.00000000099999999996 0.98742349537768703271 0.00000000099999999996 
0.00000000099999999998 0.01678131519993990642 0.36182081326642850927 0.00000000099999999998 0.48900842969811836314 0.01682973251923706656 0.11555970731627616954 
0.00000000099999999998 0.00805960352339252749 0.29525378480651048863 0.00000000099999999998 0.69668656717923249655 0.00000000099999999998 0.00000004149086440721 
0.00978206387412423189 0.00000000100000000000 0.23133230532772261490 0.00000000100000000000 0.51675226296185461372 0.00263581306520309496 0.23949755277109546769 
0.00000000099999999996 0.00000000099999999996 0.00000000099999999996 0.00000000099999999996 0.00000000099999999996 0.99999999399999994765 0.00000000099999999996 
0.01876729070896077101 0.00000000100000000000 0.29910394921145683211 0.00000000100000000000 0.58335061180772840306 0.02305656029359997791 0.07572158597825404125 
0.00000000099999999999 0.00712914522723106549 0.15778177684132124736 0.00000000099999999999 0.61360523281623047254 0.00012328944769147336 0.22136055366752555029 
0.00000000099999999997 0.00000145974585968615 0.51160259547979203276 0.00000000099999999997 0.00000000099999999997 0.48839593273100490034 0.00000000904334344130 
0.00000000099999999996 0.00000000099999999996 0.00000000099999999996 0.00000000099999999996 0.69681495373265511795 0.00896544788949222085 0.29421959437785272229 
0.00000000099999999971 0.00000000099999999971 0.00000000099999999971 0.99999999399999994765 0.00000000099999999971 0.00000000099999999971 0.00000000099999999971 
0.00000000099999999999 0.01351161886951587031 0.34749133447904367866 0.00000000099999999999 0.31507219155910781705 0.00625057796055628837 0.31767427513177626253 
0.00000000099999999999 0.00000311845036884684 0.40853764073553167080 0.00000000099999999999 0.36329100889287457843 0.02067705251692781437 0.20749117740429703916 
