0.00000000100000000000 0.00551561213509796627 0.02217541931555393545 0.47385699803776487604 0.00000021145782949387 0.14177587442381517358 0.00000002577505267706 0.35667585685488589764 0.00000000100000000000 
0.00000000099999999993 0.50131591329547209313 0.00000000099999999993 0.00000000099999999993 0.00000000099999999993 0.00000000099999999993 0.49868407970452810485 0.00000000099999999993 0.00000000099999999993 
0.00000000099999999985 0.00000000099999999985 0.00000000099999999985 0.00000000099999999985 0.00000000099999999985 0.00000000099999999985 0.99999999200000000421 0.00000000099999999985 0.00000000099999999985 
0.00000000099999999998 0.00000000099999999998 0.00000000099999999998 0.41805459589411314569 0.00000000099999999998 0.00000000099999999998 0.05439362551679788327 0.52755177258908891869 0.00000000099999999998 
0.00000000099999999999 0.00000000099999999999 0.00087009758842503170 0.33391774184359623856 0.06608234482180717906 0.27055869280765576512 0.00000000099999999999 0.32857111893851559392 0.00000000099999999999 
0.00000000099999999994 0.00000000099999999994 0.00000000099999999994 0.99999999200000011523 0.00000000099999999994 0.00000000099999999994 0.00000000099999999994 0.00000000099999999994 0.00000000099999999994 
0.00000000099999999994 0.43005572623963195245 0.00000000099999999994 0.00000000099999999994 0.00000000099999999994 0.00000000099999999994 0.56994426676036802348 0.00000000099999999994 0.00000000099999999994 
0.00000000099999999989 0.41771925714366980875 0.00000000099999999989 0.00000000099999999989 0.00000000099999999989 0.00000000099999999989 0.58228073585633011167 0.00000000099999999989 0.00000000099999999989 
0.00000000099999999998 0.00012179216914420686 0.01224216814212333686 0.33674092527697463417 0.05325259402429279726 0.00000000099999999998 0.00000000099999999998 0.59764251638746490602 0.00000000099999999998 
0.00000000099999999986 0.99999999200000022626 0.00000000099999999986 0.00000000099999999986 0.00000000099999999986 0.00000000099999999986 0.00000000099999999986 0.00000000099999999986 0.00000000099999999986 
0.00000000099999999990 0.00000000099999999990 0.00000000099999999990 0.00000000099999999990 0.00000000099999999990 0.99999999200000011523 0.00000000099999999990 0.00000000099999999990 0.00000000099999999990 
0.00000000099999999997 0.01476000721548394005 0.00447313575028899200 0.35062467972688959872 0.03172080879713700535 0.34942612544443130140 0.00000000099999999997 0.24899524006576903568 0.00000000099999999997 
0.00000000099999999998 0.00000000099999999998 0.00000000099999999998 0.16585843075197045926 0.01672743315835376055 0.47653951590839049857 0.00000000099999999998 0.34087461518128514548 0.00000000099999999998 
0.00000000099999999992 0.00000000099999999992 0.00000000099999999992 0.00000000099999999992 0.00000000099999999992 0.99999999200000000421 0.00000000099999999992 0.00000000099999999992 0.00000000099999999992 
0.00000000099999999989 0.00000000099999999989 0.00000000099999999989 0.00000000099999999989 0.00000000099999999989 0.99999999200000011523 0.00000000099999999989 0.00000000099999999989 0.00000000099999999989 
0.00000000099999999999 0.00811094941207479540 0.02727817803570258340 0.31959637418755110216 0.05167984214789719810 0.21069635201436362482 0.04485555872286568074 0.33778274347954490020 0.00000000099999999999 
0.00000000099999999998 0.01223986104979822749 0.00000000099999999998 0.30877720308046002762 0.00000000099999999998 0.23306501199718665518 0.00000000099999999998 0.44591791887255499693 0.00000000099999999998 
0.00000000099999999998 0.00000000099999999998 0.00000000099999999998 0.08788865343351236203 0.06777275309764267675 0.21132350796814614036 0.00000000099999999998 0.63301496203344842506 0.00000011946725037907 
0.00000000100000000000 0.00000000100000000000 0.00665770423364515657 0.42463151173130697646 0.00968575821378203812 0.18575809648689234344 0.00015789847819826501 0.36464211499173437847 0.00846691386444086043 
0.00000000099999999995 0.00000000099999999995 0.00000000099999999995 0.00000000099999999995 0.00000000099999999995 0.29457166812444307569 0.00000000099999999995 0.70542832487555673371 0.00000000099999999995 
0.00000000099999999998 0.00000000099999999998 0.00000000099999999998 0.28251329052474905001 0.00000000099999999998 0.21611507531801521509 0.01212874506296703070 0.48924288409426858193 0.00000000099999999998 
0.00000000099999999987 0.99999999200000011523 0.00000000099999999987 0.00000000099999999987 0.00000000099999999987 0.00000000099999999987 0.00000000099999999987 0.00000000099999999987 0.00000000099999999987 
0.00000000099999999998 0.00000000099999999998 0.00000000099999999998 0.21369083813008085682 0.06384939226150813940 0.19821533254729367668 0.01784914723142878162 0.50639528582968851289 0.00000000099999999998 
0.00000000099999999948 0.00000000099999999948 0.00000000099999999948 0.00000000099999999948 0.99999999200000000421 0.00000000099999999948 0.00000000099999999948 0.00000000099999999948 0.00000000099999999948 
0.00000000099999999996 0.03143440362265673138 0.00000000099999999996 0.29451988832067566015 0.00000000099999999996 0.35747226418268529535 0.00000000099999999996 0.31657343887398231574 0.00000000099999999996 
0.00000000099999999997 0.00000000099999999997 0.00000000099999999997 0.55799741423931648043 0.00000000099999999997 0.00000000099999999997 0.00000000099999999997 0.44200257876068355101 0.00000000099999999997 
0.00000000099999999966 0.00000000099999999966 0.99999999200000011523 0.00000000099999999966 0.00000000099999999966 0.00000000099999999966 0.00000000099999999966 0.00000000099999999966 0.00000000099999999966 
0.00000000099999999963 0.00000000099999999963 0.99999999200000000421 0.00000000099999999963 0.00000000099999999963 0.00000000099999999963 0.00000000099999999963 0.00000000099999999963 0.00000000099999999963 
0.00000000099999999999 0.00698333177567023351 0.00494959986871430866 0.52990637748070756885 0.05570647833553405565 0.00146363131504504557 0.00000000099999999999 0.40099057822432881970 0.00000000099999999999 
0.00000000099999999997 0.00000000099999999997 0.00855642570853424114 0.32326712954167069469 0.00000000099999999997 0.31446769258331752628 0.00000000099999999997 0.35370874716647737745 0.00000000099999999997 
0.00000000099999999997 0.02830717669882906046 0.00000000099999999997 0.34400469378386411279 0.00000000099999999997 0.00000000099999999997 0.00000000099999999997 0.62768812351730673971 0.00000000099999999997 
0.00000000099999999984 0.76457117230979465550 0.00000000099999999984 0.00000000099999999984 0.23542882028771522362 0.00000000099999999984 0.00000000140249018436 0.00000000099999999984 0.00000000099999999984 
0.00000000099999999970 0.00000000099999999970 0.35718983685893168634 0.00000000099999999970 0.64281015614106828959 0.00000000099999999970 0.00000000099999999970 0.00000000099999999970 0.00000000099999999970 
0.00000000099999999994 0.00000000099999999994 0.00000000099999999994 0.00000000099999999994 0.00000000099999999994 0.00000000099999999994 0.00000000099999999994 0.99999999199999989319 0.00000000099999999994 
0.00000000099999999952 0.00000000099999999952 0.00000000099999999952 0.00000000099999999952 0.00000000099999999952 0.00000000099999999952 0.00000000099999999952 0.00000000099999999952 0.99999999199999989319 
0.00000000099999999946 0.00000000099999999946 0.00000000099999999946 0.00000000099999999946 0.00000000099999999946 0.00000000099999999946 0.00000000099999999946 0.00000000099999999946 0.99999999200000000421 
0.99999999200000022626 0.00000000099999999948 0.00000000099999999948 0.00000000099999999948 0.00000000099999999948 0.00000000099999999948 0.00000000099999999948 0.00000000099999999948 0.00000000099999999948 
0.00000000099999999967 0.00000000099999999967 0.99999999200000000421 0.00000000099999999967 0.00000000099999999967 0.00000000099999999967 0.00000000099999999967 0.00000000099999999967 0.00000000099999999967 
0.00000000099999999962 0.00000000099999999962 0.99999999200000000421 0.00000000099999999962 0.00000000099999999962 0.00000000099999999962 0.00000000099999999962 0.00000000099999999962 0.00000000099999999962 
0.00000000099999999997 0.00000000099999999997 0.00000000099999999997 0.31443886879795746037 0.06058920163080661753 0.29582754473593647626 0.00000000099999999997 0.32914437983529926113 0.00000000099999999997 
0.00000000099999999984 0.00000000099999999984 0.00000000099999999984 0.00000000099999999984 0.00000000099999999984 0.00000000099999999984 0.99999999199999989319 0.00000000099999999984 0.00000000099999999984 
0.00000000099999999964 0.00000000099999999964 0.99999999200000011523 0.00000000099999999964 0.00000000099999999964 0.00000000099999999964 0.00000000099999999964 0.00000000099999999964 0.00000000099999999964 
0.00000000099999999996 0.00000000099999999996 0.00000000099999999996 0.82900891369425477873 0.17099107930574530823 0.00000000099999999996 0.00000000099999999996 0.00000000099999999996 0.00000000099999999996 
0.00000000099999999982 0.00000000099999999982 0.00000000099999999982 0.00000000099999999982 0.00000000099999999982 0.00000000099999999982 0.99999999199999989319 0.00000000099999999982 0.00000000099999999982 
0.00000000099999999969 0.00000000099999999969 0.99999999200000011523 0.00000000099999999969 0.00000000099999999969 0.00000000099999999969 0.00000000099999999969 0.00000000099999999969 0.00000000099999999969 
0.00000000099999999994 0.00000000099999999994 0.00000000099999999994 0.99999999200000000421 0.00000000099999999994 0.00000000099999999994 0.00000000099999999994 0.00000000099999999994 0.00000000099999999994 
0.00000000099999999964 0.00000000099999999964 0.99999999200000011523 0.00000000099999999964 0.00000000099999999964 0.00000000099999999964 0.00000000099999999964 0.00000000099999999964 0.00000000099999999964 
0.00000000099999999991 0.30538824890058918760 0.00000000099999999991 0.00000000099999999991 0.00000000099999999991 0.00000000099999999991 0.69461174409941084384 0.00000000099999999991 0.00000000099999999991 
0.00000000099999999981 0.00000000099999999981 0.00000000099999999981 0.00000000099999999981 0.00000000099999999981 0.00000000099999999981 0.99999999200000000421 0.00000000099999999981 0.00000000099999999981 
0.00000000099999999960 0.00000000099999999960 0.99999999200000000421 0.00000000099999999960 0.00000000099999999960 0.00000000099999999960 0.00000000099999999960 0.00000000099999999960 0.00000000099999999960 
0.00000000099999999964 0.00000000099999999964 0.99999999200000000421 0.00000000099999999964 0.00000000099999999964 0.00000000099999999964 0.00000000099999999964 0.00000000099999999964 0.00000000099999999964 
0.00000000099999999986 0.99999999200000011523 0.00000000099999999986 0.00000000099999999986 0.00000000099999999986 0.00000000099999999986 0.00000000099999999986 0.00000000099999999986 0.00000000099999999986 
0.00000000099999999993 0.69292395365442038813 0.00000000099999999993 0.00000000099999999993 0.00000000099999999993 0.00000000099999999993 0.30707603934557986536 0.00000000099999999993 0.00000000099999999993 
0.00000000099999999993 0.35314023537219130233 0.00000000099999999993 0.00000000099999999993 0.00000000099999999993 0.00000000099999999993 0.64685975762780856257 0.00000000099999999993 0.00000000099999999993 
0.00000000099999999969 0.00000000099999999969 0.99999999200000011523 0.00000000099999999969 0.00000000099999999969 0.00000000099999999969 0.00000000099999999969 0.00000000099999999969 0.00000000099999999969 
0.00000000099999999999 0.04847892204543886169 0.01203533419620740619 0.00000070007464110547 0.04235830335145348430 0.27251680086057383789 0.00000000099999999999 0.62460993647168516762 0.00000000099999999999 
0.00000000099999999998 0.00000000099999999998 0.02248232312865002663 0.27406391823702441757 0.00000000099999999998 0.00000000099999999998 0.00000000099999999998 0.70345375263432552426 0.00000000099999999998 
0.00000000099999999995 0.00000000099999999995 0.00000000099999999995 0.45260583414890348530 0.00000000099999999995 0.53531134224389842480 0.01208281760719793173 0.00000000099999999995 0.00000000099999999995 
0.00000000099999999998 0.00000000099999999998 0.00000000099999999998 0.34238190336216967058 0.02265827916024473060 0.00000000099999999998 0.01972187226703290067 0.61523794021055266956 0.00000000099999999998 
0.00000000099999999986 0.00000000099999999986 0.00000000099999999986 0.00000000099999999986 0.00000000099999999986 0.00000000099999999986 0.99999999200000000421 0.00000000099999999986 0.00000000099999999986 
0.00000000099999999996 0.00000000099999999996 0.00000000099999999996 0.00000000099999999996 0.00000000099999999996 0.00000000099999999996 0.00000000099999999996 0.99999999200000000421 0.00000000099999999996 
0.35165236400298266473 0.00000000099999999960 0.00000000099999999960 0.00000000099999999960 0.00000000099999999960 0.00000000099999999960 0.00000000099999999960 0.00000000099999999960 0.64834762899701714467 
0.00000000099999999992 0.00000000099999999992 0.00000000099999999992 0.00000000099999999992 0.00000000099999999992 0.00000000099999999992 0.00000000099999999992 0.99999999199999989319 0.00000000099999999992 
0.00000000099999999952 0.00000000099999999952 0.00000000099999999952 0.00000000099999999952 0.00000000099999999952 0.00000000099999999952 0.00000000099999999952 0.00000000099999999952 0.99999999200000000421 
0.00000000099999999991 0.00000000099999999991 0.00000000099999999991 0.00000000099999999991 0.00000000099999999991 0.99999999200000011523 0.00000000099999999991 0.00000000099999999991 0.00000000099999999991 
0.00000000099999999953 0.00000000099999999953 0.00000000099999999953 0.00000000099999999953 0.00000000099999999953 0.00000000099999999953 0.00000000099999999953 0.00000000099999999953 0.99999999199999989319 
0.00000000099999999998 0.01529336035182880284 0.00256191466053285561 0.47959216934661413889 0.00005246323447359980 0.14947437442674987862 0.00000000099999999998 0.35302571497980067550 0.00000000099999999998 
0.00000000100000000000 0.00048323926329936159 0.00506295843868870971 0.47770805569571678229 0.03470331175285985836 0.26926625786040842003 0.00495427561329035010 0.20782189937573633531 0.00000000100000000000 
0.00000000099999999984 0.99999999200000011523 0.00000000099999999984 0.00000000099999999984 0.00000000099999999984 0.00000000099999999984 0.00000000099999999984 0.00000000099999999984 0.00000000099999999984 
0.00000000099999999991 0.00000000099999999991 0.00000000099999999991 0.99999999200000000421 0.00000000099999999991 0.00000000099999999991 0.00000000099999999991 0.00000000099999999991 0.00000000099999999991 
0.00000000099999999954 0.00000000099999999954 0.00000000099999999954 0.00000000099999999954 0.00000000099999999954 0.00000000099999999954 0.00000000099999999954 0.00000000099999999954 0.99999999200000000421 
0.99999999200000011523 0.00000000099999999955 0.00000000099999999955 0.00000000099999999955 0.00000000099999999955 0.00000000099999999955 0.00000000099999999955 0.00000000099999999955 0.00000000099999999955 
0.00000000099999999998 0.07897871726420910288 0.00703121632309466286 0.35985356472996915533 0.00000000099999999998 0.36280360001033967743 0.00000000099999999998 0.19133289767238725876 0.00000000099999999998 
0.00000000099999999985 0.99999999200000022626 0.00000000099999999985 0.00000000099999999985 0.00000000099999999985 0.00000000099999999985 0.00000000099999999985 0.00000000099999999985 0.00000000099999999985 
0.00000000099999999970 0.00000000099999999970 0.99999999200000000421 0.00000000099999999970 0.00000000099999999970 0.00000000099999999970 0.00000000099999999970 0.00000000099999999970 0.00000000099999999970 
0.00000000099999999991 0.66371347972125693815 0.00000000099999999991 0.00000000099999999991 0.00000000099999999991 0.00000000099999999991 0.33628651327874337085 0.00000000099999999991 0.00000000099999999991 
0.00000000099999999999 0.00006089793733406296 0.00000000099999999999 0.42649516612857596431 0.07089575904382916516 0.12704826947291950057 0.02837279362265521243 0.34712711079468605568 0.00000000099999999999 
0.00000000099999999951 0.00000000099999999951 0.00000000099999999951 0.00000000099999999951 0.00000000099999999951 0.00000000099999999951 0.00000000099999999951 0.00000000099999999951 0.99999999200000000421 
0.00000000099999999957 0.00000000099999999957 0.99999999200000011523 0.00000000099999999957 0.00000000099999999957 0.00000000099999999957 0.00000000099999999957 0.00000000099999999957 0.00000000099999999957 
0.99999999200000011523 0.00000000099999999958 0.00000000099999999958 0.00000000099999999958 0.00000000099999999958 0.00000000099999999958 0.00000000099999999958 0.00000000099999999958 0.00000000099999999958 
0.00000000099999999999 0.01118914056400182808 0.01705527856183863475 0.44972391188328825207 0.00000000099999999999 0.00000000099999999999 0.00000000099999999999 0.52203166399087108651 0.00000000099999999999 
0.00000000099999999980 0.99999999200000022626 0.00000000099999999980 0.00000000099999999980 0.00000000099999999980 0.00000000099999999980 0.00000000099999999980 0.00000000099999999980 0.00000000099999999980 
0.00000000099999999984 0.99999999200000022626 0.00000000099999999984 0.00000000099999999984 0.00000000099999999984 0.00000000099999999984 0.00000000099999999984 0.00000000099999999984 0.00000000099999999984 
0.00000000099999999997 0.00000000099999999997 0.00000000099999999997 0.39407004597194328355 0.06995894773807981304 0.05920442232448866471 0.23176623751779867888 0.24500034244768953418 0.00000000099999999997 
0.00000000099999999999 0.00000000099999999999 0.02138453304321209086 0.20899818381164705916 0.02058898846103155919 0.16834247499556906358 0.01449720195498475049 0.56618861473355530656 0.00000000099999999999 
0.00000000099999999995 0.00000000099999999995 0.00000000099999999995 0.00000000099999999995 0.00000000099999999995 0.60901022335749621650 0.00000000099999999995 0.39098976964250387045 0.00000000099999999995 
0.00000000099999999998 0.02024582393937029989 0.00000000099999999998 0.46798292563379512154 0.01015463976420656091 0.19016499277698029058 0.00013825787290324602 0.31131335701274442940 0.00000000099999999998 
0.00000000099999999999 0.00000000099999999999 0.00000000099999999999 0.44816745394155027560 0.00000000564907257954 0.19382954870562019156 0.00000000099999999999 0.35800298670375690913 0.00000000099999999999 
0.00000000099999999996 0.00000000099999999996 0.00000000099999999996 0.26084459752562222379 0.00000000099999999996 0.23872195694558323575 0.00000000099999999996 0.50043343952879437708 0.00000000099999999996 
0.00000000099999999996 0.00000000099999999996 0.00000000099999999996 0.33592409081292096129 0.00000000099999999996 0.00000000099999999996 0.02842220736286634949 0.63565369582421260564 0.00000000099999999996 
0.00000000099999999997 0.00000000099999999997 0.00000000099999999997 0.25175521583791810043 0.00000000099999999997 0.27789389912205603173 0.03185060904328333026 0.43850027099674249165 0.00000000099999999997 
0.00000000099999999999 0.00000000099999999999 0.00000000099999999999 0.49360118089822241361 0.03057157815976806539 0.22058834821229161838 0.03748875206587386211 0.21775013666384399058 0.00000000099999999999 
0.00000000099999999992 0.43137654929513497004 0.00000000099999999992 0.00000000099999999992 0.00000000099999999992 0.00000000099999999992 0.56862344370486483935 0.00000000099999999992 0.00000000099999999992 
0.00000000099999999989 0.99999999200000011523 0.00000000099999999989 0.00000000099999999989 0.00000000099999999989 0.00000000099999999989 0.00000000099999999989 0.00000000099999999989 0.00000000099999999989 
0.59907889897058475004 0.00000000099999999975 0.00000000099999999975 0.00000000099999999975 0.00000000099999999975 0.00000000099999999975 0.00000000099999999975 0.00000000099999999975 0.40092109402941544793 
0.00000000099999999995 0.56292789463822312523 0.00000000099999999995 0.00000000099999999995 0.00000000099999999995 0.00000000099999999995 0.43707209836177701723 0.00000000099999999995 0.00000000099999999995 
0.00000000099999999995 0.40610317856234867673 0.00000000099999999995 0.00000000099999999995 0.00000000099999999995 0.00000000099999999995 0.59389681443765129920 0.00000000099999999995 0.00000000099999999995 
0.00000000099999999995 0.00000000099999999995 0.00000000099999999995 0.99999999200000000421 0.00000000099999999995 0.00000000099999999995 0.00000000099999999995 0.00000000099999999995 0.00000000099999999995 
0.99999999200000022626 0.00000000099999999945 0.00000000099999999945 0.00000000099999999945 0.00000000099999999945 0.00000000099999999945 0.00000000099999999945 0.00000000099999999945 0.00000000099999999945 
0.00000000099999999998 0.00000000099999999998 0.00323569442461047688 0.48637305770908112468 0.04274315258328512113 0.00000001029792784902 0.00000000099999999998 0.46764808098509530465 0.00000000099999999998 
0.00000000099999999998 0.01981030549002277263 0.00536943041013334191 0.49821923014576469102 0.03093544052859138402 0.00000000099999999998 0.00000000099999999998 0.44566558942548778477 0.00000000099999999998 
0.00000000099999999998 0.00000000099999999998 0.00000000099999999998 0.57898294487848744883 0.00000002561075155337 0.42101477944519932750 0.00000000099999999998 0.00000224506556169370 0.00000000099999999998 
0.00000000099999999998 0.00000000099999999998 0.00000000099999999998 0.35842394958047602005 0.04506094179335279337 0.45036210227635692371 0.03943091494068086400 0.10672208740913319280 0.00000000099999999998 
0.00000000099999999993 0.00000000099999999993 0.00000000099999999993 0.99999999200000000421 0.00000000099999999993 0.00000000099999999993 0.00000000099999999993 0.00000000099999999993 0.00000000099999999993 
0.00000000099999999998 0.00000000099999999998 0.00000000099999999998 0.39393878010268268408 0.10231062173036718776 0.00018851586796207891 0.02695094894415971803 0.47661112935482830011 0.00000000099999999998 
0.00000000099999999998 0.00000000099999999998 0.00000000099999999998 0.46437785282253585262 0.02829218465662261539 0.32333529462065568882 0.00000000099999999998 0.18399466290018562376 0.00000000099999999998 
0.00000000099999999994 0.00000000099999999994 0.00000000099999999994 0.00000000099999999994 0.00000000099999999994 0.00000000099999999994 0.00000000099999999994 0.99999999200000000421 0.00000000099999999994 
0.00000000100000000000 0.01591969490911876450 0.02634386236035659093 0.49857304807984775818 0.03886133604201803815 0.17047866848114417992 0.00000000100000000000 0.24498284523846741711 0.00484054288904715684 
0.00000000099999999998 0.00622849186456001912 0.00955400563150101377 0.49933111713010741584 0.00000000099999999998 0.00000007043182532393 0.00000000140221807684 0.48488631053978809016 0.00000000099999999998 
0.00000000099999999992 0.00000000099999999992 0.00000000099999999992 0.99999999200000000421 0.00000000099999999992 0.00000000099999999992 0.00000000099999999992 0.00000000099999999992 0.00000000099999999992 
0.00000000099999999999 0.02808464610188211516 0.02727116737908122368 0.43455665335440740726 0.04781834789404543901 0.00008037053510599668 0.00000000099999999999 0.46218881173547776697 0.00000000099999999999 
0.00000000099999999997 0.00000000099999999997 0.00880210190349646135 0.42122135643255814719 0.00000000099999999997 0.19435678611704929053 0.00000000099999999997 0.37561975054689600295 0.00000000099999999997 
0.00000000099999999997 0.00000000099999999997 0.00000000099999999997 0.47669348880298573201 0.00501957948156364284 0.51828692307380597182 0.00000000099999999997 0.00000000364164455276 0.00000000099999999997 
0.00000000099999999998 0.00000000099999999998 0.00000000099999999998 0.46545154872531413481 0.01820960787461802649 0.00000000099999999998 0.00000000099999999998 0.51633883740006769614 0.00000000099999999998 
0.00000000099999999997 0.00000000099999999997 0.00000000099999999997 0.28596394809334690912 0.07881615109398601438 0.00000000954375822782 0.03248196021357715318 0.60273792705533169034 0.00000000099999999997 
0.00000000099999999999 0.01191312045024014131 0.00416873234088418337 0.54034692160745867451 0.02134290541328725740 0.14045996802729848740 0.00000000099999999999 0.28176834916083126625 0.00000000099999999999 
0.00000000099999999998 0.04580385104111116962 0.00000000099999999998 0.33291388066917726452 0.01388472224082808355 0.24472100745865055238 0.00000000099999999998 0.36267653459023307949 0.00000000099999999998 
0.00000000099999999998 0.00000000099999999998 0.00000000099999999998 0.36776271521764192229 0.06442315010961965904 0.26784064197618689951 0.00175964049035078648 0.29821384820620067124 0.00000000099999999998 
0.00000000099999999993 0.00000000099999999993 0.00000000099999999993 0.99999999200000011523 0.00000000099999999993 0.00000000099999999993 0.00000000099999999993 0.00000000099999999993 0.00000000099999999993 
0.00000000100000000000 0.02375775633208278975 0.00000000100000000000 0.21989032762694155076 0.07465797076738563132 0.34567278739535112209 0.00000000100000000000 0.26577178350523716910 0.07024937137300157897 
0.00000000099999999996 0.00000000099999999996 0.00000000099999999996 0.47748048717552071807 0.01696671957839467060 0.33161652812513309208 0.00000000099999999996 0.17393626012095161903 0.00000000099999999996 
0.00000000099999999991 0.00000000099999999991 0.00000000099999999991 0.99999999200000000421 0.00000000099999999991 0.00000000099999999991 0.00000000099999999991 0.00000000099999999991 0.00000000099999999991 
0.00000000099999999986 0.00000000099999999986 0.00000000099999999986 0.00000000099999999986 0.00000000099999999986 0.99999999200000011523 0.00000000099999999986 0.00000000099999999986 0.00000000099999999986 
0.00000000099999999996 0.00000000099999999996 0.00455962361268915338 0.00000000099999999996 0.00000000100292187981 0.00000000100003264888 0.00000000099999999996 0.99544036938435631612 0.00000000099999999996 
0.00000000099999999995 0.00000000099999999995 0.00000000099999999995 0.00000000099999999995 0.09477887021324081507 0.00000000099999999995 0.00000000099999999995 0.90522112278675903596 0.00000000099999999995 
0.00000000099999999999 0.00000000099999999999 0.00000000099999999999 0.33467629972973683694 0.08793113151264533855 0.29273304508572450811 0.00000000099999999999 0.28465951867189331903 0.00000000099999999999 
0.00000000099999999997 0.00000000099999999997 0.00094664546588649917 0.38193494934418409370 0.02427032082283241826 0.27553063468255561963 0.02595776648163660924 0.29135968020290475833 0.00000000099999999997 
0.00000000099999999997 0.00000000099999999997 0.00000000099999999997 0.47420095144933044340 0.05038971543679741927 0.00041622619273582910 0.00000000099999999997 0.47499310192113630702 0.00000000099999999997 
0.00000000099999999995 0.00000000099999999995 0.00000000099999999995 0.32778653433948440332 0.00000000099999999995 0.29522249526306210132 0.04816322158009204296 0.32882774381736135094 0.00000000099999999995 
0.00000000099999999992 0.58782464099648423783 0.00000000099999999992 0.00000000099999999992 0.00000000099999999992 0.00000000099999999992 0.41217535200351584912 0.00000000099999999992 0.00000000099999999992 
0.00000000099999999996 0.42049364622709062278 0.00000000099999999996 0.00000000099999999996 0.00000000099999999996 0.00000000099999999996 0.57950634677290935315 0.00000000099999999996 0.00000000099999999996 
0.99999999200000011523 0.00000000099999999958 0.00000000099999999958 0.00000000099999999958 0.00000000099999999958 0.00000000099999999958 0.00000000099999999958 0.00000000099999999958 0.00000000099999999958 
0.00000000099999999959 0.00000000099999999959 0.99999999200000011523 0.00000000099999999959 0.00000000099999999959 0.00000000099999999959 0.00000000099999999959 0.00000000099999999959 0.00000000099999999959 
0.00000000099999999999 0.42142725261603281028 0.03358118298510424926 0.00000000099999999999 0.07065040778982935310 0.00000000099999999999 0.47434115160903367325 0.00000000099999999999 0.00000000099999999999 
0.00000000099999999996 0.00000000099999999996 0.00000000099999999996 0.37428738334401501220 0.00000000099999999996 0.00000000099999999996 0.01115278917421773895 0.61455982148176713231 0.00000000099999999996 
0.00000000099999999994 0.00000000099999999994 0.00000000099999999994 0.00000000099999999994 0.00000000099999999994 0.00000000099999999994 0.00000000099999999994 0.99999999199999989319 0.00000000099999999994 
0.00000000099999999997 0.49484432837247871451 0.00276551211369798411 0.00000000099999999997 0.00000000099999999997 0.00000000099999999997 0.50239015351382332319 0.00000000099999999997 0.00000000099999999997 
0.00000000099999999998 0.00000000099999999998 0.00000000099999999998 0.39326754195229984834 0.02330848607369358921 0.21374466360855454150 0.02109203910730860290 0.34858726525814331954 0.00000000099999999998 
0.00000000099999999996 0.00000000099999999996 0.00991491110064769872 0.44557964453418980044 0.03660998517037278299 0.13625458347753924282 0.00171223717411903139 0.36992863554313137886 0.00000000099999999996 
0.00000000099999999998 0.00000000099999999998 0.00082024082182754739 0.26394392623913709439 0.05318233494040170567 0.16139922648368174030 0.00000000099999999998 0.52065426751495180735 0.00000000099999999998 
0.56071643446173291547 0.00000000099999999959 0.00000000099999999959 0.00000000099999999959 0.00000000099999999959 0.00000000099999999959 0.00000000099999999959 0.00000000099999999959 0.43928355853826722699 
0.99999999200000011523 0.00000000099999999951 0.00000000099999999951 0.00000000099999999951 0.00000000099999999951 0.00000000099999999951 0.00000000099999999951 0.00000000099999999951 0.00000000099999999951 
0.00000000099999999946 0.00000000099999999946 0.00000000099999999946 0.00000000099999999946 0.00000000099999999946 0.00000000099999999946 0.00000000099999999946 0.00000000099999999946 0.99999999200000000421 
0.99999999200000011523 0.00000000099999999949 0.00000000099999999949 0.00000000099999999949 0.00000000099999999949 0.00000000099999999949 0.00000000099999999949 0.00000000099999999949 0.00000000099999999949 
0.00000000099999999948 0.00000000099999999948 0.00000000099999999948 0.00000000099999999948 0.00000000099999999948 0.00000000099999999948 0.00000000099999999948 0.00000000099999999948 0.99999999199999989319 
0.00000000099999999988 0.99999999200000022626 0.00000000099999999988 0.00000000099999999988 0.00000000099999999988 0.00000000099999999988 0.00000000099999999988 0.00000000099999999988 0.00000000099999999988 
0.00000000099999999998 0.00000000099999999998 0.00000000099999999998 0.27080859363817721963 0.08045211720055034377 0.42358750649770343655 0.00000000099999999998 0.22515177766356903044 0.00000000099999999998 
0.61811786673848767570 0.00000000099999999956 0.00000000099999999956 0.00000000099999999956 0.00000000099999999956 0.00000000099999999956 0.00000000099999999956 0.00000000099999999956 0.38188212626151263329 
0.56284442219053087975 0.00000000099999999962 0.00000000099999999962 0.00000000099999999962 0.00000000099999999962 0.00000000099999999962 0.00000000099999999962 0.00000000099999999962 0.43715557080946926272 
0.00000000099999999957 0.00000000099999999957 0.99999999200000011523 0.00000000099999999957 0.00000000099999999957 0.00000000099999999957 0.00000000099999999957 0.00000000099999999957 0.00000000099999999957 
0.00000000099999999957 0.00000000099999999957 0.99999999200000000421 0.00000000099999999957 0.00000000099999999957 0.00000000099999999957 0.00000000099999999957 0.00000000099999999957 0.00000000099999999957 
0.00000000099999999994 0.00000000099999999994 0.00000000099999999994 0.00000000099999999994 0.00000000099999999994 0.00000000099999999994 0.00000000099999999994 0.99999999200000000421 0.00000000099999999994 
0.99999999200000011523 0.00000000099999999949 0.00000000099999999949 0.00000000099999999949 0.00000000099999999949 0.00000000099999999949 0.00000000099999999949 0.00000000099999999949 0.00000000099999999949 
0.00000000099999999998 0.00000000099999999998 0.00000000099999999998 0.56589525835045584312 0.00000000099999999998 0.00000000099999999998 0.02080442706996289345 0.41330030857958116597 0.00000000099999999998 
0.00000000099999999993 0.00000000099999999993 0.00000000099999999993 0.00000000099999999993 0.00000000099999999993 0.00000000099999999993 0.00000000099999999993 0.99999999199999989319 0.00000000099999999993 
0.00000000099999999996 0.58244117063292144554 0.00000000099999999996 0.00000000099999999996 0.04710901087837963963 0.00000000099999999996 0.37044981248869923718 0.00000000099999999996 0.00000000099999999996 
0.00000000099999999997 0.01285217576328475178 0.00000000099999999997 0.38323448531168635700 0.00000000099999999997 0.28833100074741296881 0.00000000099999999997 0.31558233317761591463 0.00000000099999999997 
0.00000000099999999989 0.41383293490609490695 0.00000000099999999989 0.00000000099999999989 0.00000000099999999989 0.00000000099999999989 0.58616705809390501347 0.00000000099999999989 0.00000000099999999989 
0.00000000099999999997 0.00000000099999999997 0.00000000099999999997 0.55764801324242052605 0.03857278916930755724 0.38469153612513529161 0.00443636241162241162 0.01465129505151407420 0.00000000099999999997 
0.00000000099999999983 0.00000000099999999983 0.00000000099999999983 0.00000000099999999983 0.00000000099999999983 0.00000000099999999983 0.99999999199999989319 0.00000000099999999983 0.00000000099999999983 
0.00000000099999999973 0.00000000099999999973 0.00000000099999999973 0.00000000099999999973 0.99999999200000011523 0.00000000099999999973 0.00000000099999999973 0.00000000099999999973 0.00000000099999999973 
0.00000000099999999994 0.00000000099999999994 0.00000000099999999994 0.00000000099999999994 0.00000000099999999994 0.00000000099999999994 0.00000000099999999994 0.99999999200000000421 0.00000000099999999994 
0.99999999200000022626 0.00000000099999999954 0.00000000099999999954 0.00000000099999999954 0.00000000099999999954 0.00000000099999999954 0.00000000099999999954 0.00000000099999999954 0.00000000099999999954 
0.00000000099999999984 0.00000000099999999984 0.00000000099999999984 0.00000000099999999984 0.00000000099999999984 0.00000000099999999984 0.99999999199999989319 0.00000000099999999984 0.00000000099999999984 
0.99999999200000022626 0.00000000099999999948 0.00000000099999999948 0.00000000099999999948 0.00000000099999999948 0.00000000099999999948 0.00000000099999999948 0.00000000099999999948 0.00000000099999999948 
0.00000000099999999947 0.00000000099999999947 0.00000000099999999947 0.00000000099999999947 0.00000000099999999947 0.00000000099999999947 0.00000000099999999947 0.00000000099999999947 0.99999999199999989319 
0.00000000099999999997 0.00000000099999999997 0.00000000099999999997 0.00000000099999999997 0.05803440109772595862 0.54784858071526076895 0.00000000099999999997 0.39411701218701333804 0.00000000099999999997 
0.00000000099999999993 0.00000000099999999993 0.00000000099999999993 0.99999999200000000421 0.00000000099999999993 0.00000000099999999993 0.00000000099999999993 0.00000000099999999993 0.00000000099999999993 
0.00000000099999999996 0.00767957874691511770 0.00000000099999999996 0.46802920344570231315 0.00000000099999999996 0.00000000099999999996 0.00000000099999999996 0.52429121180738247343 0.00000000099999999996 
0.00000000099999999997 0.00000000099999999997 0.00000000099999999997 0.44971373708188161489 0.07171106751793590584 0.22719817982291087843 0.00000000099999999997 0.25137701057727146470 0.00000000099999999997 
0.00000000099999999998 0.00339047359454083212 0.00820095520850848587 0.28906954702525577972 0.02500138049823377728 0.26890723912374536742 0.00000000099999999998 0.40543040154971587974 0.00000000099999999998 
0.00000000099999999997 0.01537454787109310272 0.00199104351729609405 0.51028975722261371573 0.06443397630731131920 0.00000000099999999997 0.00000000099999999997 0.40791067108168571620 0.00000000099999999997 
0.00000000099999999995 0.00000000099999999995 0.00000000099999999995 0.00000000099999999995 0.00000000099999999995 0.16041550554010169938 0.00000000099999999995 0.83958448745989822104 0.00000000099999999995 
0.00000000099999999995 0.40040300057212530049 0.00000000099999999995 0.00000000099999999995 0.00000000099999999995 0.00000009333092663759 0.59959690009694788237 0.00000000099999999995 0.00000000099999999995 
0.00000000099999999997 0.00000000099999999997 0.00000000099999999997 0.35473247976201349729 0.02203614973475075817 0.21960567428947838642 0.00000000099999999997 0.40362569121375735381 0.00000000099999999997 
0.00000000099999999948 0.00000000099999999948 0.00000000099999999948 0.00000000099999999948 0.00000000099999999948 0.00000000099999999948 0.00000000099999999948 0.00000000099999999948 0.99999999199999989319 
0.00000000099999999989 0.00000000099999999989 0.00000000099999999989 0.00000000099999999989 0.00000000099999999989 0.99999999200000011523 0.00000000099999999989 0.00000000099999999989 0.00000000099999999989 
0.99999999200000011523 0.00000000099999999979 0.00000000099999999979 0.00000000099999999979 0.00000000099999999979 0.00000000099999999979 0.00000000099999999979 0.00000000099999999979 0.00000000099999999979 
0.99999999200000011523 0.00000000099999999954 0.00000000099999999954 0.00000000099999999954 0.00000000099999999954 0.00000000099999999954 0.00000000099999999954 0.00000000099999999954 0.00000000099999999954 
0.00000000099999999997 0.00000000099999999997 0.00000000099999999997 0.35280159956592405113 0.00000000099999999997 0.00571261176888680691 0.03903906546731918809 0.60244671819786987932 0.00000000099999999997 
0.00000000099999999995 0.00000000099999999995 0.00000000099999999995 0.00000000099999999995 0.00000000099999999995 0.28678231213421334633 0.00000000099999999995 0.71321768086578651857 0.00000000099999999995 
0.00000000099999999997 0.02784211972592595327 0.00000000099999999997 0.50691504013824506547 0.00000000099999999997 0.46524283413582906421 0.00000000099999999997 0.00000000099999999997 0.00000000099999999997 
0.33921878966762686325 0.00000000099999999964 0.00000000099999999964 0.00000000099999999964 0.00000000099999999964 0.00000000099999999964 0.00000000099999999964 0.00000000099999999964 0.66078120333237289064 
0.00000000099999999987 0.99999999200000022626 0.00000000099999999987 0.00000000099999999987 0.00000000099999999987 0.00000000099999999987 0.00000000099999999987 0.00000000099999999987 0.00000000099999999987 
0.00000000099999999984 0.99999999200000011523 0.00000000099999999984 0.00000000099999999984 0.00000000099999999984 0.00000000099999999984 0.00000000099999999984 0.00000000099999999984 0.00000000099999999984 
0.00000000099999999954 0.00000000099999999954 0.00000000099999999954 0.00000000099999999954 0.00000000099999999954 0.00000000099999999954 0.00000000099999999954 0.00000000099999999954 0.99999999200000000421 
0.00000000099999999995 0.00000000099999999995 0.00000000099999999995 0.99999999200000000421 0.00000000099999999995 0.00000000099999999995 0.00000000099999999995 0.00000000099999999995 0.00000000099999999995 
0.00000000099999999999 0.03407063192607932139 0.00018613962122684402 0.35490935779995141930 0.00000007301494305686 0.61083379363779932714 0.00000000099999999999 0.00000000099999999999 0.00000000099999999999 
0.99999999200000011523 0.00000000099999999954 0.00000000099999999954 0.00000000099999999954 0.00000000099999999954 0.00000000099999999954 0.00000000099999999954 0.00000000099999999954 0.00000000099999999954 
0.00000000099999999996 0.00000000099999999996 0.00000000099999999996 0.46746478309955108443 0.12574094904255062044 0.31786160010343522675 0.00000000099999999996 0.08893266275446301550 0.00000000099999999996 
0.00000000099999999989 0.69549052334840333334 0.00000000099999999989 0.00000000099999999989 0.00000000099999999989 0.00000000099999999989 0.30450946965159680913 0.00000000099999999989 0.00000000099999999989 
0.00000000099999999998 0.22627525039478382785 0.10454984721685575688 0.00000000099999999998 0.00000000099999999998 0.57345956102965878198 0.00000000099999999998 0.00000000099999999998 0.09571533635870167755 
