0.04006477306326526600 0.00000000099999999998 0.00000000099999999998 0.00555314487751748347 0.31661369353945839622 0.00000000099999999998 0.00000000099999999998 0.63776838451975870203 
0.00000000099999999993 0.00000000099999999993 0.99999999299999997593 0.00000000099999999993 0.00000000099999999993 0.00000000099999999993 0.00000000099999999993 0.00000000099999999993 
0.05586170026520084070 0.00000000099999999992 0.94413829373479929430 0.00000000099999999992 0.00000000099999999992 0.00000000099999999992 0.00000000099999999992 0.00000000099999999992 
0.00278578908801044734 0.00000000099999999999 0.03912052945951235289 0.00000000099999999999 0.00001044151029408869 0.00000000099999999999 0.56288924076678747976 0.39519399617539546776 
0.02160426718322709314 0.07182092335365236613 0.00000000099999999999 0.00000000099999999999 0.21957382102077255270 0.00000000099999999999 0.20649528463435493086 0.48050570080799309691 
0.01212698346482821501 0.00000000099999999999 0.02533303782490251704 0.00219619303482779249 0.27449447673257776348 0.00000000099999999999 0.42283443548304838755 0.26301487145981539140 
0.06570150582411807272 0.00000000099999999993 0.93429848817588201371 0.00000000099999999993 0.00000000099999999993 0.00000000099999999993 0.00000000099999999993 0.00000000099999999993 
0.00000000099999999992 0.00000000099999999992 0.99999999299999997593 0.00000000099999999992 0.00000000099999999992 0.00000000099999999992 0.00000000099999999992 0.00000000099999999992 
0.00000000099999999996 0.00000000099999999996 0.00000000099999999996 0.00343423758710164478 0.00000000099999999996 0.00000000099999999996 0.99656575641289835144 0.00000000099999999996 
0.00000000099999999995 0.00000000099999999995 0.99999999300000008695 0.00000000099999999995 0.00000000099999999995 0.00000000099999999995 0.00000000099999999995 0.00000000099999999995 
0.00000000099999999997 0.00000000099999999997 0.00000000099999999997 0.00000000099999999997 0.00000000099999999997 0.00000000099999999997 0.99999999299999986491 0.00000000099999999997 
0.00000000099999999998 0.01277605922987930936 0.01328032184142678013 0.00549235405002377643 0.34026302057059903960 0.00000000099999999998 0.38917076482650841962 0.23901747748156257356 
0.00000000099999999997 0.00000000099999999997 0.00000000099999999997 0.00000000099999999997 0.00000000099999999997 0.00000000099999999997 0.99999999299999997593 0.00000000099999999997 
0.02680871196703379575 0.01583410538931467881 0.00000000099999999999 0.01214670339710617782 0.27696040300599705786 0.00000000099999999999 0.45471975196628838800 0.21353032227425997047 
0.00000000099999999994 0.00000000099999999994 0.00000000099999999994 0.00000000099999999994 0.00000000099999999994 0.00000000099999999994 0.00000000099999999994 0.99999999299999997593 
0.04128310838010033901 0.05378578568777355601 0.03822609923121583070 0.01984115392928589502 0.21677361632606409469 0.00000000099999999999 0.31930721224347874410 0.31078302320208156528 
0.02378619651366148738 0.01313844307860645433 0.00000000099999999999 0.00000000099999999999 0.00000339936966665289 0.00000000099999999999 0.44628034780902492429 0.51679161022904041012 
0.00000000099999999996 0.00000000099999999996 0.00000000099999999996 0.00000000099999999996 0.00000000099999999996 0.00000000099999999996 0.99999999299999986491 0.00000000099999999996 
0.01452554341672027127 0.00000000100000000000 0.00000000100000000000 0.00318466806537324272 0.38488537172075254489 0.00000000100000000000 0.28234169131475606029 0.31506272248239780565 
0.00000000099999999996 0.00000000099999999996 0.00000000099999999996 0.00000000099999999996 0.33577222229808273424 0.00000000099999999996 0.00000000099999999996 0.66422777170191715790 
0.00000000099999999999 0.00000000099999999999 0.00000000099999999999 0.00000000099999999999 0.39225779134753036015 0.00000000099999999999 0.32725683570206187678 0.28048536795040773795 
0.07805714340201019841 0.00000000099999999993 0.92194285059798986026 0.00000000099999999993 0.00000000099999999993 0.00000000099999999993 0.00000000099999999993 0.00000000099999999993 
0.00609933849317605397 0.01101661963189406318 0.02354715341150304814 0.00000000099999999998 0.00000000099999999998 0.00000000099999999998 0.58843408094612859038 0.37090280451729823463 
0.00000000099999999944 0.99999999300000008695 0.00000000099999999944 0.00000000099999999944 0.00000000099999999944 0.00000000099999999944 0.00000000099999999944 0.00000000099999999944 
0.04924504980810159860 0.00000000099999999997 0.01891418064297926624 0.00000000099999999997 0.16464045099321042431 0.00000000099999999997 0.40736443271202316119 0.35983588284368545063 
0.01616498565979217206 0.00223392025114515797 0.00000000099999999999 0.00000000099999999999 0.18043215700967873971 0.00000000099999999999 0.50239448095997618626 0.29877445311940764583 
0.00000000099999999968 0.00000000099999999968 0.00000000099999999968 0.99999999300000008695 0.00000000099999999968 0.00000000099999999968 0.00000000099999999968 0.00000000099999999968 
0.00000000099999999968 0.00000000099999999968 0.00000000099999999968 0.99999999299999997593 0.00000000099999999968 0.00000000099999999968 0.00000000099999999968 0.00000000099999999968 
0.12913344066332119175 0.00000000099999999995 0.00000000099999999995 0.00000000099999999995 0.00000000099999999995 0.00000000099999999995 0.87086655333667861711 0.00000000099999999995 
0.00000000099999999994 0.00000000099999999994 0.00000000099999999994 0.00000000099999999994 0.00000000099999999994 0.00000000099999999994 0.99999999299999997593 0.00000000099999999994 
0.07585682648479075141 0.02279426843644224987 0.00000000099999999997 0.00000000099999999997 0.24865256696130008662 0.00000000099999999997 0.40160646615347916910 0.25108986896398782784 
0.00000000099999999983 0.27420764670842134869 0.72579234729157870998 0.00000000099999999983 0.00000000099999999983 0.00000000099999999983 0.00000000099999999983 0.00000000099999999983 
0.00000000099999999968 0.64602066957109827161 0.00000000099999999968 0.35397932442890184257 0.00000000099999999968 0.00000000099999999968 0.00000000099999999968 0.00000000099999999968 
0.00000000099999999994 0.00000000099999999994 0.00000000099999999994 0.00000000099999999994 0.00000000099999999994 0.00000000099999999994 0.99999999299999997593 0.00000000099999999994 
0.00000000099999999962 0.00000000099999999962 0.00000000099999999962 0.00000000099999999962 0.00000000099999999962 0.99999999299999997593 0.00000000099999999962 0.00000000099999999962 
0.00000000099999999954 0.00000000099999999954 0.00000000099999999954 0.00000000099999999954 0.00000000099999999954 0.99999999300000008695 0.00000000099999999954 0.00000000099999999954 
0.00000000099999999954 0.00000000099999999954 0.00000000099999999954 0.00000000099999999954 0.00000000099999999954 0.99999999300000008695 0.00000000099999999954 0.00000000099999999954 
0.00000000099999999969 0.00000000099999999969 0.00000000099999999969 0.99999999299999997593 0.00000000099999999969 0.00000000099999999969 0.00000000099999999969 0.00000000099999999969 
0.00000000099999999964 0.00000000099999999964 0.00000000099999999964 0.99999999299999997593 0.00000000099999999964 0.00000000099999999964 0.00000000099999999964 0.00000000099999999964 
0.02332310882764074972 0.02479082395576851991 0.00000000099999999998 0.00000000099999999998 0.17233515370960222901 0.00000000099999999998 0.42589786770736470789 0.35365304279962372913 
0.00000000099999999995 0.00000000099999999995 0.99999999299999997593 0.00000000099999999995 0.00000000099999999995 0.00000000099999999995 0.00000000099999999995 0.00000000099999999995 
0.00000000099999999967 0.00000000099999999967 0.00000000099999999967 0.99999999299999997593 0.00000000099999999967 0.00000000099999999967 0.00000000099999999967 0.00000000099999999967 
0.01061908960492340126 0.04652876024086086137 0.00963508806517388190 0.00349750845930989901 0.00000000099999999999 0.00000000099999999999 0.40475059715311922925 0.52496895447661262590 
0.00000000099999999993 0.00000000099999999993 0.99999999299999997593 0.00000000099999999993 0.00000000099999999993 0.00000000099999999993 0.00000000099999999993 0.00000000099999999993 
0.00000000099999999970 0.00000000099999999970 0.00000000099999999970 0.99999999300000008695 0.00000000099999999970 0.00000000099999999970 0.00000000099999999970 0.00000000099999999970 
0.00000000099999999999 0.01772790005966123905 0.01171234287751696766 0.00387179053904148675 0.12963951434077844449 0.00000000099999999999 0.46440722143142920686 0.37264122875157246195 
0.00000000099999999966 0.00000000099999999966 0.00000000099999999966 0.99999999299999997593 0.00000000099999999966 0.00000000099999999966 0.00000000099999999966 0.00000000099999999966 
0.05591214467494900336 0.00000000099999999993 0.94408784932505096510 0.00000000099999999993 0.00000000099999999993 0.00000000099999999993 0.00000000099999999993 0.00000000099999999993 
0.00000000099999999991 0.00000000099999999991 0.99999999299999997593 0.00000000099999999991 0.00000000099999999991 0.00000000099999999991 0.00000000099999999991 0.00000000099999999991 
0.00000000099999999962 0.00000000099999999962 0.00000000099999999962 0.99999999299999997593 0.00000000099999999962 0.00000000099999999962 0.00000000099999999962 0.00000000099999999962 
0.00000000099999999965 0.00000000099999999965 0.00000000099999999965 0.99999999299999997593 0.00000000099999999965 0.00000000099999999965 0.00000000099999999965 0.00000000099999999965 
0.00000000099999999995 0.00000000099999999995 0.99999999299999997593 0.00000000099999999995 0.00000000099999999995 0.00000000099999999995 0.00000000099999999995 0.00000000099999999995 
0.00000000099999999995 0.00000000099999999995 0.99095293727307720566 0.00000000099999999995 0.00904705672692292240 0.00000000099999999995 0.00000000099999999995 0.00000000099999999995 
0.00000000099999999995 0.00000000099999999995 0.98808256380109826811 0.00000000099999999995 0.00000000099999999995 0.00000000099999999995 0.01191743019890162750 0.00000000099999999995 
0.00000000099999999972 0.00000000099999999972 0.00000000099999999972 0.99999999299999997593 0.00000000099999999972 0.00000000099999999972 0.00000000099999999972 0.00000000099999999972 
0.00000000099999999999 0.03897622564542661816 0.04091564559869088208 0.01118309047272594489 0.00000033512014630397 0.00000000099999999999 0.49982879489120768390 0.40909590627180264510 
0.00000000099999999998 0.00000000099999999998 0.00000000099999999998 0.02436166030731536439 0.09357534872394408787 0.00000000099999999998 0.39147324839083519343 0.49058973857790533213 
0.00000000099999999991 0.00000000099999999991 0.00000000099999999991 0.00000000099999999991 0.99999999300000008695 0.00000000099999999991 0.00000000099999999991 0.00000000099999999991 
0.03995321211620794788 0.00000000099999999998 0.00000000099999999998 0.00000000099999999998 0.00000000099999999998 0.00000000099999999998 0.43866515557941887504 0.52138162730437309644 
0.00000000099999999993 0.00000000099999999993 0.99999999300000008695 0.00000000099999999993 0.00000000099999999993 0.00000000099999999993 0.00000000099999999993 0.00000000099999999993 
0.01564629028421969312 0.00809145191572159354 0.00000000100000000000 0.00043631144175527753 0.33214396802561757527 0.00000000100000000000 0.52980986885064973446 0.11387210748203609179 
0.00000000099999999960 0.00000000099999999960 0.00000000099999999960 0.00000000099999999960 0.00000000099999999960 0.99999999299999997593 0.00000000099999999960 0.00000000099999999960 
0.00000000099999999997 0.00000000099999999997 0.00000000099999999997 0.00000000099999999997 0.39348657763489391925 0.00000000099999999997 0.00000000099999999997 0.60651341636510602839 
0.00000000099999999961 0.00000000099999999961 0.00000000099999999961 0.00000000099999999961 0.00000000099999999961 0.99999999299999997593 0.00000000099999999961 0.00000000099999999961 
0.03011550451503985579 0.07313225952539402497 0.00848593521644692636 0.00000000099999999998 0.00000000099999999998 0.00000000099999999998 0.40522257194383659584 0.48304372579928261944 
0.00000000099999999962 0.00000000099999999962 0.00000000099999999962 0.00000000099999999962 0.00000000099999999962 0.99999999300000008695 0.00000000099999999962 0.00000000099999999962 
0.00000000099999999992 0.00000000099999999992 0.00000000099999999992 0.00000000099999999992 0.99999999300000008695 0.00000000099999999992 0.00000000099999999992 0.00000000099999999992 
0.00000000099999999991 0.00000000099999999991 0.00000000099999999991 0.00000000099999999991 0.99999999300000008695 0.00000000099999999991 0.00000000099999999991 0.00000000099999999991 
0.00000000099999999993 0.00000000099999999993 0.99999999300000008695 0.00000000099999999993 0.00000000099999999993 0.00000000099999999993 0.00000000099999999993 0.00000000099999999993 
0.02094214973562483206 0.00000465010432062314 0.00000000099999999997 0.00000000099999999997 0.16737671299440526340 0.00000000099999999997 0.47378788691081630269 0.33788859725483305629 
0.00000000099999999962 0.00000000099999999962 0.00000000099999999962 0.00000000099999999962 0.00000000099999999962 0.99999999300000008695 0.00000000099999999962 0.00000000099999999962 
0.00000000099999999965 0.00000000099999999965 0.00000000099999999965 0.00000000099999999965 0.00000000099999999965 0.99999999299999997593 0.00000000099999999965 0.00000000099999999965 
0.00023570076896918730 0.00000000099999999999 0.08164678296346832009 0.00781664447387122284 0.36037498478922880274 0.00000000099999999999 0.22751527958778774985 0.32241060541667454498 
0.00000000099999999993 0.00000000099999999993 0.99999999299999997593 0.00000000099999999993 0.00000000099999999993 0.00000000099999999993 0.00000000099999999993 0.00000000099999999993 
0.00000000099999999972 0.00000000099999999972 0.00000000099999999972 0.99999999299999997593 0.00000000099999999972 0.00000000099999999972 0.00000000099999999972 0.00000000099999999972 
0.00000000099999999995 0.00000000099999999995 0.99999999299999997593 0.00000000099999999995 0.00000000099999999995 0.00000000099999999995 0.00000000099999999995 0.00000000099999999995 
0.04408480288813109577 0.00000070484447376931 0.02817701542303014187 0.00000000099999999999 0.16433450541132638145 0.00000000099999999999 0.45167813102698234351 0.31172483840605624827 
0.00000000099999999958 0.00000000099999999958 0.00000000099999999958 0.00000000099999999958 0.00000000099999999958 0.99999999299999997593 0.00000000099999999958 0.00000000099999999958 
0.00000000099999999960 0.00000000099999999960 0.00000000099999999960 0.99999999300000008695 0.00000000099999999960 0.00000000099999999960 0.00000000099999999960 0.00000000099999999960 
0.00000000099999999966 0.00000000099999999966 0.00000000099999999966 0.00000000099999999966 0.00000000099999999966 0.99999999299999997593 0.00000000099999999966 0.00000000099999999966 
0.00000000099999999993 0.00000000099999999993 0.00000000099999999993 0.00000000099999999993 0.00000000099999999993 0.00000000099999999993 0.00000000099999999993 0.99999999300000008695 
0.00000000099999999992 0.00000000099999999992 0.99999999300000008695 0.00000000099999999992 0.00000000099999999992 0.00000000099999999992 0.00000000099999999992 0.00000000099999999992 
0.00000000099999999994 0.00000000099999999994 0.99999999299999997593 0.00000000099999999994 0.00000000099999999994 0.00000000099999999994 0.00000000099999999994 0.00000000099999999994 
0.00000001934917226586 0.04650876009656842308 0.23482468261959563161 0.00000000099999999998 0.00000000099999999998 0.00000000099999999998 0.71866653393466350952 0.00000000099999999998 
0.00000000099999999999 0.02801762995028751757 0.00006471077206443087 0.02155903546818675395 0.03339305186576164292 0.00000000099999999999 0.41660495106890710337 0.50036061887479266197 
0.03231740204049964732 0.00000000099999999997 0.00038472825419239590 0.00000000099999999997 0.00000000099999999997 0.00000000099999999997 0.37179626631322826302 0.59550159939207969462 
0.01992460478530431317 0.00000000099999999997 0.00000000099999999997 0.00000000099999999997 0.48544030317274261543 0.00000000099999999997 0.49463508704195302546 0.00000000099999999997 
0.01111620197289264755 0.03432275880256563383 0.00000000099999999999 0.00000000099999999999 0.00000000099999999999 0.00000000099999999999 0.53739114928347087030 0.41716988594107085042 
0.00990473892234950033 0.00000000099999999997 0.00000000099999999997 0.00000000099999999997 0.12270396780823465688 0.00000000099999999997 0.51034466680224821467 0.35704662246716761809 
0.00000000099999999998 0.02247314138824724541 0.00047654271605667759 0.00000000099999999998 0.30826718907637906675 0.00000000099999999998 0.40191329726015795343 0.26686982655915908458 
0.00000000099999999996 0.00000000099999999996 0.00000000099999999996 0.00000000099999999996 0.00000000099999999996 0.00000000099999999996 0.99999999299999986491 0.00000000099999999996 
0.00000000099999999998 0.00000000099999999998 0.04636037586088572610 0.00000000099999999998 0.00012431094107886225 0.00000000099999999998 0.55810173230804938083 0.39541357688998585163 
0.00000000099999999994 0.00000000099999999994 0.99999998698514935835 0.00000000099999999994 0.00000000701485054276 0.00000000099999999994 0.00000000099999999994 0.00000000099999999994 
0.00000000099999999996 0.00000000099999999996 0.95923001324227363806 0.00000000099999999996 0.00000000099999999996 0.00000000099999999996 0.00000000099999999996 0.04076998075772649693 
0.00000000099999999976 0.00000000099999999976 0.00000000099999999976 0.00000000099999999976 0.00000000099999999976 0.99999999299999997593 0.00000000099999999976 0.00000000099999999976 
0.00000000099999999996 0.00000000099999999996 0.99999999299999997593 0.00000000099999999996 0.00000000099999999996 0.00000000099999999996 0.00000000099999999996 0.00000000099999999996 
0.00000000913995241067 0.00546428954495495247 0.99417452237738046517 0.00000000099999999998 0.00000804323674662400 0.00000000099999999998 0.00000000099999999998 0.00035313270096565822 
0.00397023798039010216 0.00000000099999999998 0.01626593676736709862 0.00000000099999999998 0.35545069763686798492 0.00000000099999999998 0.62431312361537472100 0.00000000099999999998 
0.00000000099999999953 0.00000000099999999953 0.00000000099999999953 0.00000000099999999953 0.00000000099999999953 0.99999999300000008695 0.00000000099999999953 0.00000000099999999953 
0.01765958714048320929 0.00000000099999999999 0.00000000099999999999 0.00086851206222950681 0.00000002929386214260 0.00000000099999999999 0.55919889621679030878 0.42227297228663490669 
0.00464183187099828122 0.01902331851927351394 0.01194870787344660262 0.00386832661271842466 0.23351937294148020219 0.00000000099999999999 0.54040041298570495876 0.18659802819637802407 
0.00000000099999999999 0.01962233481590514028 0.00000000099999999999 0.00453598183259597710 0.50122216321877077760 0.00000000099999999999 0.25433137423066048965 0.22028814290206755189 
0.02719113540187645048 0.03180241640837697115 0.00887110356567438058 0.00000000099999999999 0.29218376361097780913 0.00000000099999999999 0.33782897965421015973 0.30212259935888430284 
0.00000000099999999996 0.04880333563765241328 0.00000000099999999996 0.00000000099999999996 0.43570042315257095922 0.00000000099999999996 0.00000000099999999996 0.51549623620977647054 
0.01696796790547890413 0.04903571509207377971 0.01778361054426701518 0.00000000099999999998 0.00000000099999999998 0.00000000099999999998 0.50774630384229202384 0.40846639961588832035 
0.00000000099999999998 0.01506310758566770450 0.00000000099999999998 0.00000000099999999998 0.32043477572828599209 0.00000000099999999998 0.00000000099999999998 0.66450211168604633727 
0.06154058654412513513 0.00284656505419676352 0.00000000099999999999 0.00000000099999999999 0.06075061822137674955 0.00000000099999999999 0.44570213840684780315 0.42916008877345362960 
0.00000000100000000000 0.02358582591158275149 0.01034699345247833656 0.02854949606402545567 0.32321038964835396845 0.00000000100000000000 0.21320143359106613623 0.40110585933249320867 
0.02819111795167664886 0.02278714377182689682 0.00000000099999999999 0.00702406634215733613 0.00000000099999999999 0.00000000099999999999 0.45648001497639628665 0.48551765395794271862 
0.00000000099999999990 0.00000000099999999990 0.00000000099999999990 0.00000000099999999990 0.00000000099999999990 0.00000000099999999990 0.00000000099999999990 0.99999999299999997593 
0.00000000099999999994 0.00000000099999999994 0.00000000099999999994 0.00000000099999999994 0.99999999299999997593 0.00000000099999999994 0.00000000099999999994 0.00000000099999999994 
0.03087613128384161798 0.00000000099999999998 0.00000000099999999998 0.00309192962502062921 0.00000107115585017443 0.00000000099999999998 0.57338115296357428097 0.39264971197171327777 
0.00000000099999999991 0.00000000099999999991 0.00000000099999999991 0.00000000099999999991 0.99999999300000008695 0.00000000099999999991 0.00000000099999999991 0.00000000099999999991 
0.00000000099999999996 0.00000000099999999996 0.00000000099999999996 0.00000000099999999996 0.55916884190567783808 0.00000000099999999996 0.44083115209432216508 0.00000000099999999996 
0.00000000099999999998 0.06436385285115049648 0.01513195260807046263 0.00000000099999999998 0.23168166143724960859 0.00000000099999999998 0.33534471990050490620 0.35347781020302454502 
0.03410363790167806469 0.00889553242025340439 0.00144352094434176494 0.00016683890533853734 0.17528484779322864306 0.00000000100000000000 0.38441463377930473744 0.39569098725585494236 
0.00036334835238658767 0.02969673066602907321 0.03547450915441652253 0.00000000099999999999 0.00000000099999999999 0.00000000099999999999 0.52795355612946592849 0.40651185269770179209 
0.02100555819856544937 0.00000000099999999997 0.00000000099999999997 0.00000000099999999997 0.00000000099999999997 0.00000000099999999997 0.97899443580143441501 0.00000000099999999997 
0.02221324044567314984 0.00000000099999999998 0.01779220279989279785 0.00000000099999999998 0.00000000099999999998 0.00000000099999999998 0.51467083128644552925 0.44532372146798859802 
0.00000000100000000000 0.07202895927268743170 0.00375584996470543610 0.00000000100000000000 0.30243719368566551742 0.06808492986231864941 0.10763005731794889064 0.44606300789667407969 
0.03789515649752910748 0.00000000099999999996 0.00000000099999999996 0.00000000099999999996 0.30274656548227546482 0.00000000099999999996 0.00000000099999999996 0.65935827302019545115 
0.04087001521146241267 0.03384200799142127875 0.00000000099999999997 0.00000000099999999997 0.43287402576484873551 0.00000000099999999997 0.49241394703226748497 0.00000000099999999997 
0.00000000099999999993 0.00000000099999999993 0.00000000099999999993 0.00000000099999999993 0.99999999299999997593 0.00000000099999999993 0.00000000099999999993 0.00000000099999999993 
0.01597020838098475726 0.02114794445630984940 0.00000000099999999999 0.01265065564915775383 0.17352590455324762297 0.00000000099999999999 0.39531075886509209338 0.38139452609520801962 
0.00000000099999999998 0.03831188622464571508 0.00545899177170334690 0.00000000099999999998 0.21971978078748899410 0.00000000099999999998 0.48060814462605605524 0.25590119359010587985 
0.00000000099999999999 0.06039991747772124192 0.00000000099999999999 0.00000000099999999999 0.24677258155920370197 0.00000000099999999999 0.69254754232936532876 0.00027995463370973184 
0.00904321966574871995 0.04281262025690821954 0.00032177415275641807 0.00182171817265552698 0.08081274104015453985 0.00000000099999999999 0.56096424770308761509 0.30422367800868876930 
0.00000000099999999997 0.00000000099999999997 0.00000000099999999997 0.00000000099999999997 0.64345795581047715572 0.00000000099999999997 0.00000000099999999997 0.35654203818952295846 
0.00000000099999999993 0.00000000099999999993 0.00000000099999999993 0.00000000099999999993 0.00000000099999999993 0.00000000099999999993 0.99999999299999986491 0.00000000099999999993 
0.00000000099999999993 0.00000000099999999993 0.99999999299999997593 0.00000000099999999993 0.00000000099999999993 0.00000000099999999993 0.00000000099999999993 0.00000000099999999993 
0.00000000099999999997 0.00000000099999999997 0.99405332821889957895 0.00000000099999999997 0.00594666578110031058 0.00000000099999999997 0.00000000099999999997 0.00000000099999999997 
0.00000000099999999969 0.00000000099999999969 0.00000000099999999969 0.00000000099999999969 0.00000000099999999969 0.99999999300000008695 0.00000000099999999969 0.00000000099999999969 
0.00000000099999999961 0.00000000099999999961 0.00000000099999999961 0.99999999300000008695 0.00000000099999999961 0.00000000099999999961 0.00000000099999999961 0.00000000099999999961 
0.00543624326189698359 0.07178372341221939124 0.89108678862674195464 0.03169324069914187386 0.00000000099999999999 0.00000000099999999999 0.00000000099999999999 0.00000000099999999999 
0.00000000099999999997 0.00000000099999999997 0.00000000099999999997 0.00000000099999999997 0.60507096554941186550 0.00000000099999999997 0.39492902845058819317 0.00000000099999999997 
0.00000000099999999994 0.00000000099999999994 0.00000000099999999994 0.00000000099999999994 0.00000000099999999994 0.00000000099999999994 0.00000000099999999994 0.99999999300000008695 
0.09056067870914814855 0.00000000099999999993 0.90943931529085186849 0.00000000099999999993 0.00000000099999999993 0.00000000099999999993 0.00000000099999999993 0.00000000099999999993 
0.00000000099999999998 0.00059569054498729603 0.00839805825961019783 0.00000000099999999998 0.45298755198947021627 0.00000000099999999998 0.29430950651678078334 0.24370918968915139535 
0.01367242745032479743 0.01257145475541163702 0.00000000099999999998 0.01016174203088731492 0.29277665304157080017 0.00000000099999999998 0.38409539292801669896 0.28672232779378886702 
0.05019585915648785285 0.02004805985370965507 0.00000000099999999998 0.00000000099999999998 0.00000000099999999998 0.00000000099999999998 0.57096183099429242969 0.35879424599550996389 
0.00000000099999999959 0.00000000099999999959 0.00000000099999999959 0.00000000099999999959 0.00000000099999999959 0.99999999300000008695 0.00000000099999999959 0.00000000099999999959 
0.00000000099999999961 0.00000000099999999961 0.00000000099999999961 0.00000000099999999961 0.00000000099999999961 0.99999999300000008695 0.00000000099999999961 0.00000000099999999961 
0.00000000099999999953 0.00000000099999999953 0.00000000099999999953 0.00000000099999999953 0.00000000099999999953 0.99999999299999997593 0.00000000099999999953 0.00000000099999999953 
0.00000000099999999955 0.00000000099999999955 0.00000000099999999955 0.00000000099999999955 0.00000000099999999955 0.99999999300000008695 0.00000000099999999955 0.00000000099999999955 
0.00000000099999999956 0.00000000099999999956 0.00000000099999999956 0.00000000099999999956 0.00000000099999999956 0.99999999299999997593 0.00000000099999999956 0.00000000099999999956 
0.02252885600904657587 0.00000000099999999996 0.97747113799095364239 0.00000000099999999996 0.00000000099999999996 0.00000000099999999996 0.00000000099999999996 0.00000000099999999996 
0.01391725063959236945 0.05505213903091743521 0.00000000099999999999 0.00109770389764185343 0.00000000099999999999 0.00000000099999999999 0.56437267852790662381 0.36556022490394163293 
0.00000000099999999956 0.00000000099999999956 0.00000000099999999956 0.00000000099999999956 0.00000000099999999956 0.99999999299999997593 0.00000000099999999956 0.00000000099999999956 
0.00000000099999999962 0.00000000099999999962 0.00000000099999999962 0.00000000099999999962 0.00000000099999999962 0.99999999300000008695 0.00000000099999999962 0.00000000099999999962 
0.00000000099999999960 0.00000000099999999960 0.00000000099999999960 0.99999999299999997593 0.00000000099999999960 0.00000000099999999960 0.00000000099999999960 0.00000000099999999960 
0.00000000099999999960 0.00000000099999999960 0.00000000099999999960 0.99999999300000008695 0.00000000099999999960 0.00000000099999999960 0.00000000099999999960 0.00000000099999999960 
0.02817677914067288902 0.00000000099999999998 0.00000000099999999998 0.00000000099999999998 0.00000000099999999998 0.00000000099999999998 0.55892234908034754692 0.41290086677897952505 
0.00000000099999999958 0.00000000099999999958 0.00000000099999999958 0.00000000099999999958 0.00000000099999999958 0.99999999299999997593 0.00000000099999999958 0.00000000099999999958 
0.00000000099999999991 0.00000000099999999991 0.00000000099999999991 0.00000000099999999991 0.99999999299999997593 0.00000000099999999991 0.00000000099999999991 0.00000000099999999991 
0.06353014944495392891 0.00000000099999999997 0.00000000099999999997 0.00000000099999999997 0.23433222894884528364 0.00000000099999999997 0.26089298847875891374 0.44124462912744172316 
0.07365124098047660939 0.00000000099999999995 0.92634875301952346316 0.00000000099999999995 0.00000000099999999995 0.00000000099999999995 0.00000000099999999995 0.00000000099999999995 
0.00040763368868369196 0.00000000099999999997 0.00000000099999999997 0.00000000099999999997 0.36066731663396645047 0.00000000099999999997 0.63892504467734978491 0.00000000099999999997 
0.00000000099999999992 0.00000000099999999992 0.99999999300000008695 0.00000000099999999992 0.00000000099999999992 0.00000000099999999992 0.00000000099999999992 0.00000000099999999992 
0.03853548773553192031 0.04085229598830514286 0.00000000099999999998 0.00000000099999999998 0.29518642338499062605 0.00000000099999999998 0.33767371972430954008 0.28775207016686260575 
0.00000000099999999992 0.00000000099999999992 0.99999999300000008695 0.00000000099999999992 0.00000000099999999992 0.00000000099999999992 0.00000000099999999992 0.00000000099999999992 
0.05308794448064264870 0.04546209726190463679 0.00000000099999999999 0.00295881503863255034 0.34577679212903561501 0.00000000099999999999 0.35825145555433163258 0.19446289353545292977 
0.00000455818409085617 0.05256264778701954382 0.00000000099999999999 0.00000072214780273285 0.37035896120946754095 0.00000000099999999999 0.00000001998277506214 0.57707308868884432673 
0.00000000099999999962 0.00000000099999999962 0.00000000099999999962 0.00000000099999999962 0.00000000099999999962 0.99999999300000008695 0.00000000099999999962 0.00000000099999999962 
0.00000000099999999993 0.00000000099999999993 0.99999999299999997593 0.00000000099999999993 0.00000000099999999993 0.00000000099999999993 0.00000000099999999993 0.00000000099999999993 
0.00000000099999999957 0.00000000099999999957 0.00000000099999999957 0.00000000099999999957 0.00000000099999999957 0.99999999300000008695 0.00000000099999999957 0.00000000099999999957 
0.00000000099999999955 0.00000000099999999955 0.00000000099999999955 0.00000000099999999955 0.00000000099999999955 0.99999999299999997593 0.00000000099999999955 0.00000000099999999955 
0.00291145141420334330 0.05051169710543496061 0.00000000099999999999 0.00000000099999999999 0.13966850307548300814 0.00000000099999999999 0.40071413927320598258 0.40619420613167256384 
0.04688969757600137261 0.00000000099999999998 0.01761932636574373504 0.00000000099999999998 0.00000000099999999998 0.00000000099999999998 0.57359433735860243520 0.36189663469965266396 
0.00000000099999999997 0.00409556571419879972 0.00815792794982083541 0.00000000099999999997 0.15915464021841466136 0.00000000099999999997 0.41236663790493705006 0.41622522521262861339 
0.00000000099999999997 0.04953554591815276242 0.00000000099999999997 0.00000000099999999997 0.10995239408746196319 0.00000000099999999997 0.54285504923283567358 0.29765700676154965842 
0.03920728762762009517 0.03720137401267292060 0.00000000099999999999 0.00121872793300568352 0.39494589919763350983 0.00000000099999999999 0.33277392046125847669 0.19465278876780922612 
0.10283636960134685812 0.00000000099999999995 0.00000000099999999995 0.00000000099999999995 0.00000000099999999995 0.00000000099999999995 0.89716362439865304790 0.00000000099999999995 
0.00000000099999999991 0.00000000099999999991 0.00000000099999999991 0.00000000099999999991 0.00000000099999999991 0.00000000099999999991 0.00000000099999999991 0.99999999300000008695 
0.00000000099999999996 0.00000000099999999996 0.96256204041796167292 0.00000000099999999996 0.03743795358203819146 0.00000000099999999996 0.00000000099999999996 0.00000000099999999996 
0.01549434907125409738 0.00353200275799602599 0.00000000099999999998 0.00000000099999999998 0.29290599297090041953 0.00000000099999999998 0.45427474425104996669 0.23379290794879933890 
0.00000000099999999955 0.00000000099999999955 0.00000000099999999955 0.00000000099999999955 0.00000000099999999955 0.99999999300000008695 0.00000000099999999955 0.00000000099999999955 
0.00000000099999999999 0.00000000099999999999 0.00000000099999999999 0.00000000099999999999 0.08750245996550035099 0.00000000099999999999 0.52607907921591001710 0.38641845581858963454 
0.00000000099999999986 0.00000000099999999986 0.00000000099999999986 0.00000000099999999986 0.00000000099999999986 0.99999999299999997593 0.00000000099999999986 0.00000000099999999986 
0.00000000099999999961 0.00000000099999999961 0.00000000099999999961 0.00000000099999999961 0.00000000099999999961 0.99999999299999997593 0.00000000099999999961 0.00000000099999999961 
0.05850051694752325671 0.00578420541547833636 0.00559242962691584508 0.00000000099999999998 0.34539964267035860868 0.00000000099999999998 0.25921521766862698488 0.32550798567109689996 
0.00000000099999999998 0.00000000099999999998 0.00000000099999999998 0.00323762358002654439 0.22775976341216988552 0.00000000099999999998 0.32262100760230233432 0.44638160140550120492 
0.00000000099999999993 0.00000000099999999993 0.00000000099999999993 0.00000000099999999993 0.00000000099999999993 0.00000000099999999993 0.00000000099999999993 0.99999999299999997593 
0.00000000099999999965 0.00000000099999999965 0.00000000099999999965 0.00000000099999999965 0.00000000099999999965 0.99999999299999997593 0.00000000099999999965 0.00000000099999999965 
0.00000000099999999993 0.00000000099999999993 0.99999999300000008695 0.00000000099999999993 0.00000000099999999993 0.00000000099999999993 0.00000000099999999993 0.00000000099999999993 
0.00000000099999999994 0.00000000099999999994 0.99999999300000008695 0.00000000099999999994 0.00000000099999999994 0.00000000099999999994 0.00000000099999999994 0.00000000099999999994 
0.00000000099999999961 0.00000000099999999961 0.00000000099999999961 0.00000000099999999961 0.00000000099999999961 0.99999999299999997593 0.00000000099999999961 0.00000000099999999961 
0.00000000099999999998 0.00000000099999999998 0.00000176661867575271 0.00261966349561052652 0.00000000540852498305 0.00000000099999999998 0.57192516327818243571 0.42545339819900612754 
0.00000003358901546611 0.00893345441515618587 0.03679427689926235284 0.01475949147574617121 0.23986698601914219209 0.00000000100000000000 0.47910115067061204153 0.22054460593106547939 
0.00000000099999999963 0.00000000099999999963 0.00000000099999999963 0.00000000099999999963 0.00000000099999999963 0.99999999299999997593 0.00000000099999999963 0.00000000099999999963 
0.00873562825616997288 0.05381114249519990816 0.00000000099999999998 0.00000000099999999998 0.43265447650249838629 0.00000000099999999998 0.50479874874613162028 0.00000000099999999998 
0.00000000099999999991 0.00000000099999999991 0.99999999299999997593 0.00000000099999999991 0.00000000099999999991 0.00000000099999999991 0.00000000099999999991 0.00000000099999999991 
0.99999999300000008695 0.00000000099999999913 0.00000000099999999913 0.00000000099999999913 0.00000000099999999913 0.00000000099999999913 0.00000000099999999913 0.00000000099999999913 
0.01774101190353394308 0.00860934433243485363 0.02185153732657800496 0.00000000100000000000 0.10033435344787750010 0.00000000100000000000 0.51673788043610657805 0.33472587055346902929 
0.00000000099999999997 0.00000000099999999997 0.00560307341987562393 0.00452994945687583157 0.00000000099999999997 0.00000000099999999997 0.98986697212324847861 0.00000000099999999997 
0.00000000099999999999 0.00000000099999999999 0.00000000123067492297 0.01629947016652176853 0.06106824453617577114 0.00000000099999999999 0.53154553075678179219 0.39108675030984585419 
0.00884777159305966815 0.06031938564207894871 0.00000000099999999998 0.00000000099999999998 0.00000000461594687613 0.00000000099999999998 0.33739637557500584686 0.59343645957390867007 
0.00000000099999999994 0.00000000099999999994 0.00000000099999999994 0.00000000099999999994 0.00000000099999999994 0.00000000099999999994 0.99999999299999997593 0.00000000099999999994 
0.00000000099999999996 0.00000000099999999996 0.00000000099999999996 0.00000000099999999996 0.00000000099999999996 0.00000000099999999996 0.00000000099999999996 0.99999999299999997593 
0.01436201271017152441 0.04902389514373112211 0.00000000099999999997 0.00000000099999999997 0.00000000099999999997 0.00000000099999999997 0.93661408714609728499 0.00000000099999999997 
0.19630446015411531779 0.00000000099999999994 0.00000000099999999994 0.00000000099999999994 0.30905157547157702247 0.00000000099999999994 0.49464395937430755135 0.00000000099999999994 
0.00000000099999999994 0.00000000099999999994 0.99999999300000008695 0.00000000099999999994 0.00000000099999999994 0.00000000099999999994 0.00000000099999999994 0.00000000099999999994 
0.05479266940953012727 0.00000000099999999998 0.00000232155054243888 0.00000000099999999998 0.00000000099999999998 0.00000000099999999998 0.48056997550119445739 0.46463502953873309087 
0.06542091648084910616 0.00000000099999999997 0.00000000099999999997 0.00000000099999999997 0.00003032838221381272 0.00000000099999999997 0.60152378484975399520 0.33302496628718303295 
0.01613104003032618181 0.01721070619897209497 0.03857245544347303462 0.00000000421119691730 0.21598148482293380579 0.00000000100000000000 0.41479598080437052321 0.29730832748872748628 
0.00000000099999999989 0.00000000099999999989 0.00000000099999999989 0.00000000099999999989 0.99999999299999997593 0.00000000099999999989 0.00000000099999999989 0.00000000099999999989 
0.00000000099999999993 0.00000000099999999993 0.00000000099999999993 0.00000000099999999993 0.00000000099999999993 0.00000000099999999993 0.00000000099999999993 0.99999999300000008695 
0.00000000099999999990 0.00000000099999999990 0.00000000099999999990 0.00000000099999999990 0.99999999300000008695 0.00000000099999999990 0.00000000099999999990 0.00000000099999999990 
0.03891977439307840736 0.02852441418865542949 0.00000000099999999999 0.00000000099999999999 0.12818806376987179618 0.00000000099999999999 0.36028088245863698624 0.44408686218975745863 
0.00000000099999999996 0.00000000099999999996 0.96820625458400966235 0.00000000099999999996 0.00000000099999999996 0.00000000099999999996 0.03179373941599035469 0.00000000099999999996 
0.09122693345742501070 0.00000000099999999997 0.00000000099999999997 0.00002389113156385025 0.39814830040423043744 0.00000000099999999997 0.51060087100678053229 0.00000000099999999997 
0.00988764085130646071 0.04421602094976578856 0.00000000099999999999 0.00358350173568136544 0.16710920389596484181 0.00000000099999999999 0.40551499786391620450 0.36968863270336527194 
0.02366737124952859178 0.02068366332658177348 0.00121222768734560705 0.00000000100000000000 0.08835475613905567627 0.00803202157853249304 0.50572022782590630996 0.35232973119304950016 
0.00000000099999999997 0.00000000099999999997 0.99999987486800634429 0.00000000099999999997 0.00000000099999999997 0.00000000099999999997 0.00000011913199364234 0.00000000099999999997 
0.00519726306499321191 0.00000000099999999999 0.01792262307453218462 0.00000000099999999999 0.00000007039311243933 0.01783007012868726218 0.46545872372964391950 0.49359124760903100304 
0.00000000099999999999 0.04177913774225745086 0.00006727227564518235 0.00114836715522819658 0.22030215604719516342 0.00000000099999999999 0.54595468592348173065 0.19074837885619216893 
0.07358495351385545280 0.00814303180685318345 0.45738642743771423804 0.00000000099999999998 0.22020976526712573995 0.00000000099999999998 0.23828272310097661779 0.00239309687347477162 
