0.00000000099999999987 0.00000000099999999987 0.00000000099999999987 0.00000000099999999987 0.99999999000000006077 0.00000000099999999987 0.00000000099999999987 0.00000000099999999987 0.00000000099999999987 0.00000000099999999987 0.00000000099999999987 
0.00000000099999999993 0.00000000099999999993 0.99999999000000017180 0.00000000099999999993 0.00000000099999999993 0.00000000099999999993 0.00000000099999999993 0.00000000099999999993 0.00000000099999999993 0.00000000099999999993 0.00000000099999999993 
0.00000000099999999993 0.00000000099999999993 0.99999999000000006077 0.00000000099999999993 0.00000000099999999993 0.00000000099999999993 0.00000000099999999993 0.00000000099999999993 0.00000000099999999993 0.00000000099999999993 0.00000000099999999993 
0.00000000099999999998 0.29536795256717718328 0.02043644287541888233 0.10491723708991092245 0.17828062498996974372 0.00005460235969030054 0.19985839101198807355 0.00000000099999999998 0.20108474510584478656 0.00000000099999999998 0.00000000099999999998 
0.22363037312109068644 0.00000000099999999999 0.00000000099999999999 0.05534139934446488662 0.13261252445591539817 0.16771790424186625024 0.22893950111941693826 0.06386611302296099635 0.12713598759484023848 0.00075619409944457992 0.00000000099999999999 
0.15465879111653671463 0.15146627498701212278 0.01101009943853178963 0.00000000099999999999 0.25414777048406422821 0.16643089787052112172 0.08460297939908438536 0.06350833531885485828 0.11417484838539482261 0.00000000099999999999 0.00000000099999999999 
0.00000000099999999994 0.00000000099999999994 0.99999999000000017180 0.00000000099999999994 0.00000000099999999994 0.00000000099999999994 0.00000000099999999994 0.00000000099999999994 0.00000000099999999994 0.00000000099999999994 0.00000000099999999994 
0.00000000099999999990 0.00000000099999999990 0.99999999000000006077 0.00000000099999999990 0.00000000099999999990 0.00000000099999999990 0.00000000099999999990 0.00000000099999999990 0.00000000099999999990 0.00000000099999999990 0.00000000099999999990 
0.59506565370528397008 0.00000000099999999994 0.00000000099999999994 0.00000000099999999994 0.00000000099999999994 0.40493433729471628446 0.00000000099999999994 0.00000000099999999994 0.00000000099999999994 0.00000000099999999994 0.00000000099999999994 
0.00000000099999999993 0.00000000099999999993 0.99999999000000006077 0.00000000099999999993 0.00000000099999999993 0.00000000099999999993 0.00000000099999999993 0.00000000099999999993 0.00000000099999999993 0.00000000099999999993 0.00000000099999999993 
0.42196518403570071332 0.00000000099999999997 0.00000000099999999997 0.30918972524915849798 0.00000000099999999997 0.00000000099999999997 0.00000000099999999997 0.08346622447776279319 0.18537885923737784655 0.00000000099999999997 0.00000000099999999997 
0.29744374620254515618 0.00000000099999999998 0.00943505365819546048 0.00000000115021297287 0.14116182710478919482 0.08062553577545530925 0.29424876268691158021 0.04257881217035822813 0.13315422457751016627 0.00135203467402181731 0.00000000099999999998 
0.00000000099999999984 0.00000000099999999984 0.00000000099999999984 0.99999999000000006077 0.00000000099999999984 0.00000000099999999984 0.00000000099999999984 0.00000000099999999984 0.00000000099999999984 0.00000000099999999984 0.00000000099999999984 
0.20111999173295858068 0.17848419869603443511 0.00000000099999999999 0.00000000099999999999 0.00000000099999999999 0.24383072865179483690 0.00021388766104852579 0.07398852632411412333 0.29815398909906848379 0.00420867383498079155 0.00000000099999999999 
0.32551171565347991610 0.00000000099999999998 0.00000000099999999998 0.00000000099999999998 0.00000000099999999998 0.00000000099999999998 0.40506315965947781166 0.00000000099999999998 0.26361716023397702147 0.00580795745306512002 0.00000000099999999998 
0.12581474700482547791 0.07579232141896233288 0.04805020575853606590 0.04390150479065851180 0.15113283183909209662 0.10365216920604618245 0.05705365766681080170 0.11092419111483774186 0.25751540859328392319 0.02616296160694676909 0.00000000099999999999 
0.44799040183531307902 0.00000000099999999996 0.00000000099999999996 0.00000000099999999996 0.00000000099999999996 0.00000000099999999996 0.00000000099999999996 0.11927808882383882094 0.43273150134084781282 0.00000000099999999996 0.00000000099999999996 
0.00000000099999999986 0.00000000099999999986 0.00000000099999999986 0.00000000099999999986 0.00000000099999999986 0.99999999000000017180 0.00000000099999999986 0.00000000099999999986 0.00000000099999999986 0.00000000099999999986 0.00000000099999999986 
0.12916234467266896058 0.00010377342886600840 0.00000000099999999999 0.12429398367636115830 0.13062331372273219832 0.31868841739319508921 0.19110544609368868008 0.00000000099999999999 0.10602271701248799918 0.00000000099999999999 0.00000000099999999999 
0.17271569617609203173 0.00000000099999999997 0.00000000099999999997 0.17592155467270934044 0.00000000099999999997 0.13580046991548411217 0.21071176540095287733 0.00000000099999999997 0.30485050783476158598 0.00000000099999999997 0.00000000099999999997 
0.17552358151985231194 0.07928252499472358827 0.00000000099999999998 0.20833768038036548642 0.27232691560834226818 0.17988605897714537996 0.00000000099999999998 0.00006668263524792345 0.08457655188432294802 0.00000000099999999998 0.00000000099999999998 
0.00000000475319385301 0.00000000099999999996 0.98051121686208519979 0.00000000099999999996 0.01948877038472112549 0.00000000099999999996 0.00000000099999999996 0.00000000099999999996 0.00000000099999999996 0.00000000099999999996 0.00000000099999999996 
0.00000000099999999979 0.99999999000000028282 0.00000000099999999979 0.00000000099999999979 0.00000000099999999979 0.00000000099999999979 0.00000000099999999979 0.00000000099999999979 0.00000000099999999979 0.00000000099999999979 0.00000000099999999979 
0.00000000099999999958 0.00000000099999999958 0.00000000099999999958 0.00000000099999999958 0.00000000099999999958 0.00000000099999999958 0.00000000099999999958 0.99999999000000006077 0.00000000099999999958 0.00000000099999999958 0.00000000099999999958 
0.00000000099999999994 0.00000000099999999994 0.00000000099999999994 0.57047928266489644766 0.00000000099999999994 0.00000000099999999994 0.42952070833510364034 0.00000000099999999994 0.00000000099999999994 0.00000000099999999994 0.00000000099999999994 
0.00000000099999999989 0.00000000099999999989 0.00000000099999999989 0.00000000099999999989 0.00000000099999999989 0.00000000099999999989 0.99999998999999994975 0.00000000099999999989 0.00000000099999999989 0.00000000099999999989 0.00000000099999999989 
0.00000000099999999955 0.00000000099999999955 0.00000000099999999955 0.00000000099999999955 0.00000000099999999955 0.00000000099999999955 0.00000000099999999955 0.00000000099999999955 0.00000000099999999955 0.99999998999999994975 0.00000000099999999955 
0.00000000099999999949 0.00000000099999999949 0.00000000099999999949 0.00000000099999999949 0.00000000099999999949 0.00000000099999999949 0.00000000099999999949 0.00000000099999999949 0.00000000099999999949 0.99999999000000006077 0.00000000099999999949 
0.00000000099999999997 0.00000000099999999997 0.00000000099999999997 0.39810093189953676962 0.28138403216315921451 0.32051502793730390906 0.00000000099999999997 0.00000000099999999997 0.00000000099999999997 0.00000000099999999997 0.00000000099999999997 
0.00000000099999999984 0.00000000099999999984 0.00000000099999999984 0.00000000099999999984 0.00000000099999999984 0.00000000099999999984 0.00000000099999999984 0.00000000099999999984 0.99999999000000006077 0.00000000099999999984 0.00000000099999999984 
0.00000000099999999986 0.00000000099999999986 0.00000000099999999986 0.00000000099999999986 0.99999999000000006077 0.00000000099999999986 0.00000000099999999986 0.00000000099999999986 0.00000000099999999986 0.00000000099999999986 0.00000000099999999986 
0.00000000099999999989 0.00000000099999999989 0.89837702069146552208 0.00000000099999999989 0.00000000099999999989 0.00000000099999999989 0.00000000099999999989 0.10162297030853459368 0.00000000099999999989 0.00000000099999999989 0.00000000099999999989 
0.00000000099999999974 0.00000000099999999974 0.09404148363566527946 0.00000000099999999974 0.00000000099999999974 0.00000000099999999974 0.00000000099999999974 0.54849003312193700399 0.00000000099999999974 0.35746847524239760974 0.00000000099999999974 
0.00000000099999999980 0.99999999000000017180 0.00000000099999999980 0.00000000099999999980 0.00000000099999999980 0.00000000099999999980 0.00000000099999999980 0.00000000099999999980 0.00000000099999999980 0.00000000099999999980 0.00000000099999999980 
0.00000000099999999946 0.00000000099999999946 0.00000000099999999946 0.00000000099999999946 0.00000000099999999946 0.00000000099999999946 0.00000000099999999946 0.00000000099999999946 0.00000000099999999946 0.00000000099999999946 0.99999998999999994975 
0.00000000099999999934 0.00000000099999999934 0.00000000099999999934 0.00000000099999999934 0.00000000099999999934 0.00000000099999999934 0.00000000099999999934 0.00000000099999999934 0.00000000099999999934 0.00000000099999999934 0.99999999000000006077 
0.00000000099999999934 0.00000000099999999934 0.00000000099999999934 0.00000000099999999934 0.00000000099999999934 0.00000000099999999934 0.00000000099999999934 0.00000000099999999934 0.00000000099999999934 0.00000000099999999934 0.99999999000000006077 
0.00000000099999999957 0.00000000099999999957 0.00000000099999999957 0.00000000099999999957 0.00000000099999999957 0.00000000099999999957 0.00000000099999999957 0.00000000099999999957 0.00000000099999999957 0.99999999000000006077 0.00000000099999999957 
0.00000000099999999950 0.00000000099999999950 0.00000000099999999950 0.00000000099999999950 0.00000000099999999950 0.00000000099999999950 0.00000000099999999950 0.00000000099999999950 0.00000000099999999950 0.99999999000000006077 0.00000000099999999950 
0.00000000099999999994 0.00000000099999999994 0.00000000099999999994 0.51915733186140455846 0.00000000099999999994 0.00000000099999999994 0.48084265913859564057 0.00000000099999999994 0.00000000099999999994 0.00000000099999999994 0.00000000099999999994 
0.00001110289274974504 0.00000000099999999995 0.98601286499094975557 0.00000000099999999995 0.01397602411630063761 0.00000000099999999995 0.00000000099999999995 0.00000000099999999995 0.00000000099999999995 0.00000000099999999995 0.00000000099999999995 
0.00000000099999999953 0.00000000099999999953 0.00000000099999999953 0.00000000099999999953 0.00000000099999999953 0.00000000099999999953 0.00000000099999999953 0.00000000099999999953 0.00000000099999999953 0.99999999000000006077 0.00000000099999999953 
0.00000000099999999987 0.00000000099999999987 0.00000000099999999987 0.00000000099999999987 0.00000000099999999987 0.00000000099999999987 0.99999998999999994975 0.00000000099999999987 0.00000000099999999987 0.00000000099999999987 0.00000000099999999987 
0.00000000099999999992 0.00000000099999999992 0.99999999000000006077 0.00000000099999999992 0.00000000099999999992 0.00000000099999999992 0.00000000099999999992 0.00000000099999999992 0.00000000099999999992 0.00000000099999999992 0.00000000099999999992 
0.00000000099999999958 0.00000000099999999958 0.00000000099999999958 0.00000000099999999958 0.00000000099999999958 0.00000000099999999958 0.00000000099999999958 0.00000000099999999958 0.00000000099999999958 0.99999998999999994975 0.00000000099999999958 
0.17875011595356860017 0.02078896149743213184 0.00190948324559233077 0.13266708823789583049 0.13003107936647370635 0.05365206671015501638 0.15692227145861487037 0.08444342685720165886 0.23930259116674845732 0.00153291450631744004 0.00000000099999999999 
0.00000000099999999954 0.00000000099999999954 0.00000000099999999954 0.00000000099999999954 0.00000000099999999954 0.00000000099999999954 0.00000000099999999954 0.00000000099999999954 0.00000000099999999954 0.99999998999999994975 0.00000000099999999954 
0.00000000099999999993 0.00000000099999999993 0.99999999000000006077 0.00000000099999999993 0.00000000099999999993 0.00000000099999999993 0.00000000099999999993 0.00000000099999999993 0.00000000099999999993 0.00000000099999999993 0.00000000099999999993 
0.00000000099999999989 0.00000000099999999989 0.99999999000000006077 0.00000000099999999989 0.00000000099999999989 0.00000000099999999989 0.00000000099999999989 0.00000000099999999989 0.00000000099999999989 0.00000000099999999989 0.00000000099999999989 
0.00000000099999999947 0.00000000099999999947 0.00000000099999999947 0.00000000099999999947 0.00000000099999999947 0.00000000099999999947 0.00000000099999999947 0.00000000099999999947 0.00000000099999999947 0.99999998999999994975 0.00000000099999999947 
0.00000000099999999951 0.00000000099999999951 0.00000000099999999951 0.00000000099999999951 0.00000000099999999951 0.00000000099999999951 0.00000000099999999951 0.00000000099999999951 0.00000000099999999951 0.99999999000000006077 0.00000000099999999951 
0.00000000099999999994 0.00000000099999999994 0.99142758913869100112 0.00000000099999999994 0.00000000099999999994 0.00000000099999999994 0.00000000099999999994 0.00000000099999999994 0.00857240186130920311 0.00000000099999999994 0.00000000099999999994 
0.00000000099999999995 0.00493648494458212485 0.99506350605541804555 0.00000000099999999995 0.00000000099999999995 0.00000000099999999995 0.00000000099999999995 0.00000000099999999995 0.00000000099999999995 0.00000000099999999995 0.00000000099999999995 
0.00000000099999999993 0.00000000099999999993 0.95676264007298639225 0.00000000099999999993 0.00000000099999999993 0.04323735092701375127 0.00000000099999999993 0.00000000099999999993 0.00000000099999999993 0.00000000099999999993 0.00000000099999999993 
0.00000000099999999959 0.00000000099999999959 0.00000000099999999959 0.00000000099999999959 0.00000000099999999959 0.00000000099999999959 0.00000000099999999959 0.00000000099999999959 0.00000000099999999959 0.99999999000000006077 0.00000000099999999959 
0.27217845114477540180 0.19708476607048155960 0.02149988066691404381 0.00000000099999999998 0.00000000099999999998 0.00000000099999999998 0.00000000099999999998 0.07743678951428861756 0.43180010660354029017 0.00000000099999999998 0.00000000099999999998 
0.00000000099999999986 0.00000000099999999986 0.00000000099999999986 0.00000000099999999986 0.00000000099999999986 0.99999999000000017180 0.00000000099999999986 0.00000000099999999986 0.00000000099999999986 0.00000000099999999986 0.00000000099999999986 
0.00000000099999999986 0.00000000099999999986 0.00000000099999999986 0.00000000099999999986 0.00000000099999999986 0.00000000099999999986 0.99999999000000006077 0.00000000099999999986 0.00000000099999999986 0.00000000099999999986 0.00000000099999999986 
0.00000000099999999978 0.99999999000000017180 0.00000000099999999978 0.00000000099999999978 0.00000000099999999978 0.00000000099999999978 0.00000000099999999978 0.00000000099999999978 0.00000000099999999978 0.00000000099999999978 0.00000000099999999978 
0.00000000099999999993 0.00000000099999999993 0.99999999000000006077 0.00000000099999999993 0.00000000099999999993 0.00000000099999999993 0.00000000099999999993 0.00000000099999999993 0.00000000099999999993 0.00000000099999999993 0.00000000099999999993 
0.00000000099999999994 0.00000000099999999994 0.00000000099999999994 0.58119290661698297384 0.00000000099999999994 0.41880708438301711416 0.00000000099999999994 0.00000000099999999994 0.00000000099999999994 0.00000000099999999994 0.00000000099999999994 
0.00000000099999999944 0.00000000099999999944 0.00000000099999999944 0.00000000099999999944 0.00000000099999999944 0.00000000099999999944 0.00000000099999999944 0.00000000099999999944 0.00000000099999999944 0.00000000099999999944 0.99999998999999994975 
0.00000000099999999984 0.00000000099999999984 0.00000000099999999984 0.00000000099999999984 0.00000000099999999984 0.00000000099999999984 0.00000000099999999984 0.00000000099999999984 0.99999998999999994975 0.00000000099999999984 0.00000000099999999984 
0.00000000099999999944 0.00000000099999999944 0.00000000099999999944 0.00000000099999999944 0.00000000099999999944 0.00000000099999999944 0.00000000099999999944 0.00000000099999999944 0.00000000099999999944 0.00000000099999999944 0.99999998999999994975 
0.34486249266918933554 0.00000000099999999996 0.00000000099999999996 0.49738892501449333272 0.00000000099999999996 0.00000000099999999996 0.00000000099999999996 0.15774857431631736371 0.00000000099999999996 0.00000000099999999996 0.00000000099999999996 
0.00000000099999999946 0.00000000099999999946 0.00000000099999999946 0.00000000099999999946 0.00000000099999999946 0.00000000099999999946 0.00000000099999999946 0.00000000099999999946 0.00000000099999999946 0.00000000099999999946 0.99999998999999994975 
0.00000000099999999995 0.00000000099999999995 0.00000000099999999995 0.00000000099999999995 0.45763603536419938944 0.54236395563580064305 0.00000000099999999995 0.00000000099999999995 0.00000000099999999995 0.00000000099999999995 0.00000000099999999995 
0.00000000099999999994 0.00000000099999999994 0.00000000099999999994 0.00000000099999999994 0.00000000099999999994 0.00000000099999999994 0.64625013046486523560 0.35374986053513479689 0.00000000099999999994 0.00000000099999999994 0.00000000099999999994 
0.00000000099999999990 0.00000000099999999990 0.99999999000000006077 0.00000000099999999990 0.00000000099999999990 0.00000000099999999990 0.00000000099999999990 0.00000000099999999990 0.00000000099999999990 0.00000000099999999990 0.00000000099999999990 
0.52316124350046189218 0.47683874749953819583 0.00000000099999999992 0.00000000099999999992 0.00000000099999999992 0.00000000099999999992 0.00000000099999999992 0.00000000099999999992 0.00000000099999999992 0.00000000099999999992 0.00000000099999999992 
0.00000000099999999946 0.00000000099999999946 0.00000000099999999946 0.00000000099999999946 0.00000000099999999946 0.00000000099999999946 0.00000000099999999946 0.00000000099999999946 0.00000000099999999946 0.00000000099999999946 0.99999999000000006077 
0.00000000099999999951 0.00000000099999999951 0.00000000099999999951 0.00000000099999999951 0.00000000099999999951 0.00000000099999999951 0.00000000099999999951 0.00000000099999999951 0.00000000099999999951 0.00000000099999999951 0.99999998999999994975 
0.99999999000000028282 0.00000000099999999987 0.00000000099999999987 0.00000000099999999987 0.00000000099999999987 0.00000000099999999987 0.00000000099999999987 0.00000000099999999987 0.00000000099999999987 0.00000000099999999987 0.00000000099999999987 
0.00000000099999999992 0.00000000099999999992 0.99999999000000017180 0.00000000099999999992 0.00000000099999999992 0.00000000099999999992 0.00000000099999999992 0.00000000099999999992 0.00000000099999999992 0.00000000099999999992 0.00000000099999999992 
0.00000000099999999962 0.00000000099999999962 0.00000000099999999962 0.00000000099999999962 0.00000000099999999962 0.00000000099999999962 0.00000000099999999962 0.00000000099999999962 0.00000000099999999962 0.99999999000000006077 0.00000000099999999962 
0.00000000099999999992 0.00000000099999999992 0.99999999000000006077 0.00000000099999999992 0.00000000099999999992 0.00000000099999999992 0.00000000099999999992 0.00000000099999999992 0.00000000099999999992 0.00000000099999999992 0.00000000099999999992 
0.28841496863846677323 0.25544618723832285268 0.02089464231104159325 0.15899717223889475726 0.00000000099999999999 0.20808611909268598383 0.05712071304369204655 0.01104019343689593112 0.00000000099999999999 0.00000000099999999999 0.00000000099999999999 
0.00000000099999999939 0.00000000099999999939 0.00000000099999999939 0.00000000099999999939 0.00000000099999999939 0.00000000099999999939 0.00000000099999999939 0.00000000099999999939 0.00000000099999999939 0.00000000099999999939 0.99999998999999994975 
0.00000000099999999942 0.00000000099999999942 0.00000000099999999942 0.00000000099999999942 0.00000000099999999942 0.00000000099999999942 0.00000000099999999942 0.00000000099999999942 0.00000000099999999942 0.99999999000000006077 0.00000000099999999942 
0.00000000099999999953 0.00000000099999999953 0.00000000099999999953 0.00000000099999999953 0.00000000099999999953 0.00000000099999999953 0.00000000099999999953 0.00000000099999999953 0.00000000099999999953 0.00000000099999999953 0.99999998999999994975 
0.00000000099999999984 0.00000000099999999984 0.00000000099999999984 0.00000000099999999984 0.99999999000000006077 0.00000000099999999984 0.00000000099999999984 0.00000000099999999984 0.00000000099999999984 0.00000000099999999984 0.00000000099999999984 
0.00000000099999999987 0.00000000099999999987 0.99999999000000006077 0.00000000099999999987 0.00000000099999999987 0.00000000099999999987 0.00000000099999999987 0.00000000099999999987 0.00000000099999999987 0.00000000099999999987 0.00000000099999999987 
0.00000000099999999991 0.00000000099999999991 0.99999999000000006077 0.00000000099999999991 0.00000000099999999991 0.00000000099999999991 0.00000000099999999991 0.00000000099999999991 0.00000000099999999991 0.00000000099999999991 0.00000000099999999991 
0.00000000099999999998 0.09890613821037896880 0.21677817719935391083 0.00000000099999999998 0.12216576482406064919 0.00000000099999999998 0.30515449949377582151 0.05532870984557245603 0.20166670542685816159 0.00000000099999999998 0.00000000099999999998 
0.29878852899283125932 0.06625272846314347874 0.00000000099999999999 0.00000000099999999999 0.20825616116788869814 0.31156826589399999605 0.00000000099999999999 0.09558762849637200687 0.00000000099999999999 0.01954668198576464677 0.00000000099999999999 
0.00000000099999999987 0.00000000099999999987 0.00000000099999999987 0.00000000099999999987 0.00000000099999999987 0.00000000099999999987 0.99999999000000006077 0.00000000099999999987 0.00000000099999999987 0.00000000099999999987 0.00000000099999999987 
0.00000000099999999986 0.00000000099999999986 0.00000000099999999986 0.00000000099999999986 0.99999999000000017180 0.00000000099999999986 0.00000000099999999986 0.00000000099999999986 0.00000000099999999986 0.00000000099999999986 0.00000000099999999986 
0.00000000099999999993 0.48676087502129100626 0.00000000099999999993 0.51323911597870897072 0.00000000099999999993 0.00000000099999999993 0.00000000099999999993 0.00000000099999999993 0.00000000099999999993 0.00000000099999999993 0.00000000099999999993 
0.00000000099999999996 0.28149505764708693256 0.00000000099999999996 0.00000001480924217564 0.00000000099999999996 0.21694200001006294642 0.00000000099999999996 0.08259156583645120564 0.41897135569715665548 0.00000000099999999996 0.00000000099999999996 
0.00000000099999999990 0.00000000099999999990 0.00000000099999999990 0.00000000099999999990 0.00000000099999999990 0.00000000099999999990 0.99999999000000006077 0.00000000099999999990 0.00000000099999999990 0.00000000099999999990 0.00000000099999999990 
0.25322716692693170160 0.00000000099999999997 0.00000000099999999997 0.07038814093521697512 0.21050727710953778815 0.40844595931867871963 0.00000000099999999997 0.00000000099999999997 0.05743144970963489498 0.00000000099999999997 0.00000000099999999997 
0.29129812500394186570 0.00000000099999999998 0.01911658241506915615 0.21883445997670267213 0.18058120707818114958 0.00000000099999999998 0.08431128378831409531 0.00000000099999999998 0.20585833673779105335 0.00000000099999999998 0.00000000099999999998 
0.00000000099999999994 0.00000000099999999994 0.99999999000000006077 0.00000000099999999994 0.00000000099999999994 0.00000000099999999994 0.00000000099999999994 0.00000000099999999994 0.00000000099999999994 0.00000000099999999994 0.00000000099999999994 
0.00000000099999999996 0.00000000099999999996 0.96696452819722400474 0.00000000099999999996 0.00000000099999999996 0.00000000099999999996 0.03303546280277596531 0.00000000099999999996 0.00000000099999999996 0.00000000099999999996 0.00000000099999999996 
0.00000000099999999966 0.00000000099999999966 0.00000000099999999966 0.00000000099999999966 0.00000000099999999966 0.00000000099999999966 0.00000000099999999966 0.00000000099999999966 0.00000000099999999966 0.00000000099999999966 0.99999998999999994975 
0.00975611134977991470 0.00000000099999999995 0.99024387965022031555 0.00000000099999999995 0.00000000099999999995 0.00000000099999999995 0.00000000099999999995 0.00000000099999999995 0.00000000099999999995 0.00000000099999999995 0.00000000099999999995 
0.00000000099999999995 0.00000000099999999995 0.96506568748507604028 0.00000000099999999995 0.00000000099999999995 0.00000000099999999995 0.03493430351492408936 0.00000000099999999995 0.00000000099999999995 0.00000000099999999995 0.00000000099999999995 
0.99999999000000028282 0.00000000099999999987 0.00000000099999999987 0.00000000099999999987 0.00000000099999999987 0.00000000099999999987 0.00000000099999999987 0.00000000099999999987 0.00000000099999999987 0.00000000099999999987 0.00000000099999999987 
0.00000000099999999933 0.00000000099999999933 0.00000000099999999933 0.00000000099999999933 0.00000000099999999933 0.00000000099999999933 0.00000000099999999933 0.00000000099999999933 0.00000000099999999933 0.00000000099999999933 0.99999998999999994975 
0.47569432284916196574 0.51845299783033071961 0.00000000099999999995 0.00000000099999999995 0.00000000099999999995 0.00585267132050753831 0.00000000099999999995 0.00000000099999999995 0.00000000099999999995 0.00000000099999999995 0.00000000099999999995 
0.22536161354076608698 0.00000000099999999997 0.00000000099999999997 0.30527961990370916512 0.26754632043839432498 0.20181243911713048211 0.00000000099999999997 0.00000000099999999997 0.00000000099999999997 0.00000000099999999997 0.00000000099999999997 
0.00000000099999999997 0.00000000099999999997 0.00000000099999999997 0.00000000099999999997 0.00000000099999999997 0.27443789972292048640 0.55698134334176407911 0.16858074893531535543 0.00000000099999999997 0.00000000099999999997 0.00000000099999999997 
0.27751873659894854551 0.00000000099999999999 0.01179230085319896842 0.26330431481699112517 0.00000000099999999999 0.05184196588440138226 0.23781280140483657126 0.07497879876224507190 0.08275107767937835146 0.00000000099999999999 0.00000000099999999999 
0.00000000099999999987 0.00000000099999999987 0.00000000099999999987 0.00000000099999999987 0.00000000099999999987 0.00000000099999999987 0.99999998999999994975 0.00000000099999999987 0.00000000099999999987 0.00000000099999999987 0.00000000099999999987 
0.00000000099999999984 0.00000000099999999984 0.00000000099999999984 0.00000000099999999984 0.99999999000000006077 0.00000000099999999984 0.00000000099999999984 0.00000000099999999984 0.00000000099999999984 0.00000000099999999984 0.00000000099999999984 
0.16495312378404244913 0.21548446078916766444 0.00000000099999999998 0.00962433218656144271 0.00000000099999999998 0.20341964572097984143 0.09305408411041109218 0.23637903741860150086 0.07708531199023592462 0.00000000099999999998 0.00000000099999999998 
0.00000000099999999995 0.48906917302758096122 0.00000000099999999995 0.00000000099999999995 0.00000000099999999995 0.00000000099999999995 0.00000000099999999995 0.00000000099999999995 0.51093081797241879372 0.00000000099999999995 0.00000000099999999995 
0.07176927939769928155 0.00000000099999999999 0.00000000099999999999 0.13383935291506282583 0.11506354078337220626 0.00860264963880901651 0.26706200430692861314 0.12739772441919411383 0.25216022675458354962 0.02410521878435036361 0.00000000099999999999 
0.17735958878390553628 0.09336492689711835269 0.00000000099999999999 0.19720061262576879524 0.32464931837338839582 0.13250940999667837339 0.00000000099999999999 0.07491604361650235078 0.00000008934883210514 0.00000000735780629326 0.00000000099999999999 
0.22599971034546814663 0.00000000099999999996 0.00000000099999999996 0.16462139642607193091 0.00000000099999999996 0.27246579178084684436 0.12688367847552076140 0.00000000099999999996 0.21002941697209229210 0.00000000099999999996 0.00000000099999999996 
0.00000000099999999995 0.00000000099999999995 0.00000000099999999995 0.00000000099999999995 0.00000000099999999995 0.57687006734955648124 0.00000000099999999995 0.42312992365044360676 0.00000000099999999995 0.00000000099999999995 0.00000000099999999995 
0.28186371876106580681 0.11727700450559006007 0.00000000099999999998 0.15003235852443261300 0.00000000099999999998 0.11879727393065568630 0.15177065326287272895 0.00000000099999999998 0.17421258961307428681 0.00604639740230893900 0.00000000099999999998 
0.00000000099999999977 0.00000000099999999977 0.00000000099999999977 0.00000000099999999977 0.00000000099999999977 0.00000000099999999977 0.00000000099999999977 0.99999999000000006077 0.00000000099999999977 0.00000000099999999977 0.00000000099999999977 
0.22071351827286866953 0.00000000099999999997 0.00000000099999999997 0.00000000099999999997 0.28011468151054053077 0.00000000099999999997 0.00000000099999999997 0.22759765913596494147 0.27157413408062580640 0.00000000099999999997 0.00000000099999999997 
0.37353832587264962362 0.00000000099999999996 0.00000000099999999996 0.00000000099999999996 0.00000000099999999996 0.51775297790547392118 0.00000000099999999996 0.10870868822187647329 0.00000000099999999996 0.00000000099999999996 0.00000000099999999996 
0.43516019527981342208 0.00000000099999999997 0.00000000099999999997 0.00000000099999999997 0.00000000099999999997 0.00000000099999999997 0.00000000099999999997 0.00000000099999999997 0.56483979572018627735 0.00000000099999999997 0.00000000099999999997 
0.00000000099999999994 0.64938211523376299095 0.00000000099999999994 0.00000000099999999994 0.00000000099999999994 0.00000000099999999994 0.00000000099999999994 0.00000000099999999994 0.35061787576623709706 0.00000000099999999994 0.00000000099999999994 
0.00000000099999999997 0.17656091300644000119 0.00000000099999999997 0.32460803363065121596 0.00000000099999999997 0.00000000130397013184 0.25476045295776322819 0.06215271217500731998 0.18191788192616809017 0.00000000099999999997 0.00000000099999999997 
0.00000000099999999987 0.00000000099999999987 0.00000000099999999987 0.00000000099999999987 0.00000000099999999987 0.00000000099999999987 0.99999998999999994975 0.00000000099999999987 0.00000000099999999987 0.00000000099999999987 0.00000000099999999987 
0.00000000100000000000 0.00000000100000000000 0.00000000100000000000 0.19236346441054716361 0.36356492207891955015 0.22104580895412428987 0.00000000100000000000 0.11352553939254667048 0.04547304030164529137 0.00000000100000000000 0.06402721986221728001 
0.99999999000000017180 0.00000000099999999985 0.00000000099999999985 0.00000000099999999985 0.00000000099999999985 0.00000000099999999985 0.00000000099999999985 0.00000000099999999985 0.00000000099999999985 0.00000000099999999985 0.00000000099999999985 
0.00000000099999999996 0.00000000099999999996 0.00000000099999999996 0.00000000099999999996 0.40941618319912143065 0.00000000099999999996 0.45899339242436787423 0.13159041637651069934 0.00000000099999999996 0.00000000099999999996 0.00000000099999999996 
0.22797072544916030523 0.00000000099999999996 0.00007988553229083513 0.00014382823751475730 0.00000000099999999996 0.00000715161957809987 0.22304136460227860783 0.13270794296116367184 0.41604909759801378399 0.00000000099999999996 0.00000000099999999996 
0.00000000099999999998 0.24802330907019670692 0.00000000099999999998 0.00000314319367053365 0.27299561154245860495 0.23862976233750932131 0.00000000099999999998 0.09709709455900943087 0.13876188834324029719 0.00448918695391514570 0.00000000099999999998 
0.00000000099999999988 0.00000000099999999988 0.00000000099999999988 0.00000000099999999988 0.00000000099999999988 0.99999999000000006077 0.00000000099999999988 0.00000000099999999988 0.00000000099999999988 0.00000000099999999988 0.00000000099999999988 
0.27428636249312066120 0.25297111669700778069 0.00000000099999999999 0.00000000099999999999 0.00286337354344657876 0.28599997039456881431 0.00000000099999999999 0.10145619651704743114 0.08242297535480877513 0.00000000099999999999 0.00000000099999999999 
0.37356480349354709292 0.00000000099999999997 0.00000000099999999997 0.38536341118251232762 0.00000162047152842773 0.00000000099999999997 0.24107015785241220351 0.00000000099999999997 0.00000000099999999997 0.00000000099999999997 0.00000000099999999997 
0.00000000099999999980 0.00000000099999999980 0.00000000099999999980 0.00000000099999999980 0.00000000099999999980 0.00000000099999999980 0.00000000099999999980 0.99999999000000006077 0.00000000099999999980 0.00000000099999999980 0.00000000099999999980 
0.27927949672842078410 0.00000000099999999995 0.00000000099999999995 0.43158566422471406065 0.00000050576477283234 0.00000000099999999995 0.00000000099999999995 0.00000000099999999995 0.28913432628209234654 0.00000000099999999995 0.00000000099999999995 
0.00000000099999999993 0.00000000099999999993 0.99999999000000006077 0.00000000099999999993 0.00000000099999999993 0.00000000099999999993 0.00000000099999999993 0.00000000099999999993 0.00000000099999999993 0.00000000099999999993 0.00000000099999999993 
0.00000000099999999996 0.00000000099999999996 0.97593867131784273194 0.00000000099999999996 0.00000000099999999996 0.00000000099999999996 0.00000000099999999996 0.02406131968215734218 0.00000000099999999996 0.00000000099999999996 0.00000000099999999996 
0.00000000099999999956 0.00000000099999999956 0.00000000099999999956 0.00000000099999999956 0.00000000099999999956 0.00000000099999999956 0.00000000099999999956 0.00000000099999999956 0.00000000099999999956 0.00000000099999999956 0.99999998999999994975 
0.00000000099999999945 0.00000000099999999945 0.00000000099999999945 0.00000000099999999945 0.00000000099999999945 0.00000000099999999945 0.00000000099999999945 0.00000000099999999945 0.00000000099999999945 0.99999998999999994975 0.00000000099999999945 
0.00000000099999999997 0.00000000099999999997 0.86678602378127300732 0.00000000099999999997 0.10559928066112625467 0.00000000099999999997 0.00000000099999999997 0.00000000099999999997 0.00000000099999999997 0.02761468755760081162 0.00000000099999999997 
0.00000000099999999984 0.00000000099999999984 0.00000000099999999984 0.00000000099999999984 0.00000000099999999984 0.99999999000000017180 0.00000000099999999984 0.00000000099999999984 0.00000000099999999984 0.00000000099999999984 0.00000000099999999984 
0.00000000099999999983 0.00000000099999999983 0.00000000099999999983 0.99999999000000017180 0.00000000099999999983 0.00000000099999999983 0.00000000099999999983 0.00000000099999999983 0.00000000099999999983 0.00000000099999999983 0.00000000099999999983 
0.00000000099999999995 0.00000000099999999995 0.95789245761171848415 0.00000000099999999995 0.00000000099999999995 0.00000000099999999995 0.00000000099999999995 0.04210753338828165937 0.00000000099999999995 0.00000000099999999995 0.00000000099999999995 
0.00000000099999999998 0.18728142235774003499 0.00025048563516018828 0.00000000099999999998 0.19538382139677029636 0.35279859930984808214 0.03794350226413122779 0.09118966111935362939 0.13515250391699662469 0.00000000099999999998 0.00000000099999999998 
0.00000000099999999998 0.00000000099999999998 0.00000000099999999998 0.18274513082214352555 0.11409224416060272100 0.25249278382708606472 0.27908616349891579578 0.01925034919501103850 0.14544770621561209367 0.00688561828062882620 0.00000000099999999998 
0.00000000099999999984 0.00000000099999999984 0.00000000099999999984 0.00000000099999999984 0.00000000099999999984 0.00000000099999999984 0.00000000099999999984 0.00000000099999999984 0.99999999000000006077 0.00000000099999999984 0.00000000099999999984 
0.00000000099999999941 0.00000000099999999941 0.00000000099999999941 0.00000000099999999941 0.00000000099999999941 0.00000000099999999941 0.00000000099999999941 0.00000000099999999941 0.00000000099999999941 0.00000000099999999941 0.99999999000000006077 
0.00000000099999999944 0.00000000099999999944 0.00000000099999999944 0.00000000099999999944 0.00000000099999999944 0.00000000099999999944 0.00000000099999999944 0.00000000099999999944 0.00000000099999999944 0.00000000099999999944 0.99999998999999994975 
0.00000000099999999934 0.00000000099999999934 0.00000000099999999934 0.00000000099999999934 0.00000000099999999934 0.00000000099999999934 0.00000000099999999934 0.00000000099999999934 0.00000000099999999934 0.00000000099999999934 0.99999999000000006077 
0.00000000099999999936 0.00000000099999999936 0.00000000099999999936 0.00000000099999999936 0.00000000099999999936 0.00000000099999999936 0.00000000099999999936 0.00000000099999999936 0.00000000099999999936 0.00000000099999999936 0.99999998999999994975 
0.00000000099999999938 0.00000000099999999938 0.00000000099999999938 0.00000000099999999938 0.00000000099999999938 0.00000000099999999938 0.00000000099999999938 0.00000000099999999938 0.00000000099999999938 0.00000000099999999938 0.99999998999999994975 
0.00000000099999999997 0.00000000099999999997 0.99999999000000017180 0.00000000099999999997 0.00000000099999999997 0.00000000099999999997 0.00000000099999999997 0.00000000099999999997 0.00000000099999999997 0.00000000099999999997 0.00000000099999999997 
0.00000000099999999985 0.00000000099999999985 0.00000000099999999985 0.00000000099999999985 0.99999999000000006077 0.00000000099999999985 0.00000000099999999985 0.00000000099999999985 0.00000000099999999985 0.00000000099999999985 0.00000000099999999985 
0.00000000099999999937 0.00000000099999999937 0.00000000099999999937 0.00000000099999999937 0.00000000099999999937 0.00000000099999999937 0.00000000099999999937 0.00000000099999999937 0.00000000099999999937 0.00000000099999999937 0.99999999000000006077 
0.00000000099999999947 0.00000000099999999947 0.00000000099999999947 0.00000000099999999947 0.00000000099999999947 0.00000000099999999947 0.00000000099999999947 0.00000000099999999947 0.00000000099999999947 0.00000000099999999947 0.99999998999999994975 
0.00000000099999999942 0.00000000099999999942 0.00000000099999999942 0.00000000099999999942 0.00000000099999999942 0.00000000099999999942 0.00000000099999999942 0.00000000099999999942 0.00000000099999999942 0.99999999000000006077 0.00000000099999999942 
0.00000000099999999944 0.00000000099999999944 0.00000000099999999944 0.00000000099999999944 0.00000000099999999944 0.00000000099999999944 0.00000000099999999944 0.00000000099999999944 0.00000000099999999944 0.99999998999999994975 0.00000000099999999944 
0.00000000099999999979 0.99999999000000028282 0.00000000099999999979 0.00000000099999999979 0.00000000099999999979 0.00000000099999999979 0.00000000099999999979 0.00000000099999999979 0.00000000099999999979 0.00000000099999999979 0.00000000099999999979 
0.00000000099999999941 0.00000000099999999941 0.00000000099999999941 0.00000000099999999941 0.00000000099999999941 0.00000000099999999941 0.00000000099999999941 0.00000000099999999941 0.00000000099999999941 0.00000000099999999941 0.99999998999999994975 
0.33444177964175147988 0.00000000099999999997 0.00000000099999999997 0.00000000099999999997 0.17479707789152681974 0.26553524647454640473 0.22522588899217521607 0.00000000099999999997 0.00000000099999999997 0.00000000099999999997 0.00000000099999999997 
0.00000000099999999981 0.00000000099999999981 0.00000000099999999981 0.00000000099999999981 0.00000000099999999981 0.00000000099999999981 0.00000000099999999981 0.00000000099999999981 0.99999998999999994975 0.00000000099999999981 0.00000000099999999981 
0.07277518906950782018 0.00000000099999999994 0.92722480193049239272 0.00000000099999999994 0.00000000099999999994 0.00000000099999999994 0.00000000099999999994 0.00000000099999999994 0.00000000099999999994 0.00000000099999999994 0.00000000099999999994 
0.31079265279337991990 0.00000000099999999996 0.00000000099999999996 0.30049289467303269552 0.00000000099999999996 0.38871443733451094271 0.00000000099999999996 0.00000000819907653123 0.00000000099999999996 0.00000000099999999996 0.00000000099999999996 
