0.02006105069583597952 0.00000000099999999999 0.00000000099999999999 0.00000000099999999999 0.00000000099999999999 0.10666191175347355946 0.26804036680496412526 0.13988102204987831745 0.46535564469584794756 
0.00000000099999999984 0.00000000099999999984 0.00000000099999999984 0.99999999200000000421 0.00000000099999999984 0.00000000099999999984 0.00000000099999999984 0.00000000099999999984 0.00000000099999999984 
0.00000000099999999991 0.00000000099999999991 0.00000000099999999991 0.00000000099999999991 0.99999999200000000421 0.00000000099999999991 0.00000000099999999991 0.00000000099999999991 0.00000000099999999991 
0.00000000099999999999 0.21107513575867969946 0.00000000099999999999 0.03349315005050456512 0.00000000099999999999 0.12335148651766947303 0.12599580243588215378 0.18952326477392114623 0.31656115746334290151 
0.00449181497088595779 0.23819416027770010102 0.00000000099999999999 0.00000000099999999999 0.00000000099999999999 0.12579352019546996555 0.01950321868789124669 0.22429974940226632407 0.38771753346578635702 
0.00000000099999999998 0.00000000099999999998 0.00000000099999999998 0.00000000099999999998 0.02453078475182187551 0.12886975087890106817 0.24632460209654072347 0.24982770105601945221 0.35044715721671693132 
0.00000000099999999995 0.00000000099999999995 0.00000000099999999995 0.30758982812105739590 0.69241016487894269105 0.00000000099999999995 0.00000000099999999995 0.00000000099999999995 0.00000000099999999995 
0.00000000099999999991 0.00000000099999999991 0.00000000099999999991 0.55084052816030104616 0.44915946483969892977 0.00000000099999999991 0.00000000099999999991 0.00000000099999999991 0.00000000099999999991 
0.00959072323554637125 0.32451585272050359476 0.00000000099999999998 0.00000000099999999998 0.00000000099999999998 0.12373962758676343432 0.23561155833011834804 0.30654223412706810281 0.00000000099999999998 
0.00000000099999999993 0.00000000099999999993 0.00000000099999999993 0.52646442258394754443 0.47353557041605248701 0.00000000099999999993 0.00000000099999999993 0.00000000099999999993 0.00000000099999999993 
0.00000000099999999992 0.99999999200000022626 0.00000000099999999992 0.00000000099999999992 0.00000000099999999992 0.00000000099999999992 0.00000000099999999992 0.00000000099999999992 0.00000000099999999992 
0.00000000359708305669 0.22913238691179321771 0.00000000099999999998 0.00000000099999999998 0.01754639694870323979 0.08757014777606002276 0.28240875376754753789 0.00000005011417896747 0.38334225888463391296 
0.00000000099999999997 0.71722014005512380042 0.00000000099999999997 0.00000000099999999997 0.00000000099999999997 0.00000000099999999997 0.00000000099999999997 0.00000000099999999997 0.28277985294487650858 
0.01003110121029602252 0.00000000099999999999 0.00000000099999999999 0.00000000099999999999 0.00000000099999999999 0.01254147195359154622 0.26540816906070302528 0.23914515034162803220 0.47287410343378138977 
0.00807271020408554738 0.38334241272575336756 0.00003783943975412223 0.00000000099999999999 0.00000000099999999999 0.19060115755318127184 0.00000000099999999999 0.00000000274377690451 0.41794587433344876359 
0.02688284053988190467 0.15702085383375008476 0.00000000099999999999 0.00000000099999999999 0.05528910912057621169 0.13589786664887620882 0.17159802605482685212 0.22201635207553588325 0.23129494972655281759 
0.00000000099999999990 0.00000000099999999990 0.00000000099999999990 0.00000000099999999990 0.00000000099999999990 0.00000000099999999990 0.00000000099999999990 0.99999999200000000421 0.00000000099999999990 
0.00000000099999999996 0.00000000099999999996 0.00000000099999999996 0.00000000099999999996 0.00000000099999999996 0.00000000099999999996 0.54317028066186012758 0.45682971233813990386 0.00000000099999999996 
0.00633285811924046409 0.09739331592970036644 0.00000000099999999999 0.00000000099999999999 0.00000000099999999999 0.10738240264891792120 0.33419555216699753375 0.14862643524836524622 0.30606943288677840309 
0.00000000099999999998 0.20518172723184235906 0.00000000099999999998 0.00000023632525059912 0.00000000099999999998 0.12769717734894120431 0.11569758346940636762 0.31021658224489323530 0.24120669037966621651 
0.00000000099999999998 0.48062654181930924979 0.00000000099999999998 0.00000000099999999998 0.00000000099999999998 0.00000000892219948371 0.29031553169597268393 0.00000000099999999998 0.22905791256251850641 
0.00000000099999999992 0.00000000099999999992 0.00000000099999999992 0.00000000099999999992 0.99999999200000000421 0.00000000099999999992 0.00000000099999999992 0.00000000099999999992 0.00000000099999999992 
0.00000000099999999998 0.24125909610285276030 0.00000000099999999998 0.01897611280360685798 0.00000000099999999998 0.16412031035187277239 0.00000000099999999998 0.22434805749209540959 0.35129641924957216714 
0.00000000099999999972 0.00000000099999999972 0.00000000099999999972 0.00000000099999999972 0.00000000099999999972 0.99999999200000011523 0.00000000099999999972 0.00000000099999999972 0.00000000099999999972 
0.00000000099999999998 0.42743638897072877558 0.00000000099999999998 0.00000000099999999998 0.03286929920527383031 0.07571074933917432137 0.12668022484626556556 0.19012772681625747517 0.14717560782229988092 
0.00000000099999999998 0.24054207455793544246 0.00000000099999999998 0.00000000099999999998 0.00000000099999999998 0.02518699443344755984 0.00603161447904597154 0.17905115552217854002 0.54918815700739254115 
0.99999999200000011523 0.00000000099999999964 0.00000000099999999964 0.00000000099999999964 0.00000000099999999964 0.00000000099999999964 0.00000000099999999964 0.00000000099999999964 0.00000000099999999964 
0.99999999200000011523 0.00000000099999999959 0.00000000099999999959 0.00000000099999999959 0.00000000099999999959 0.00000000099999999959 0.00000000099999999959 0.00000000099999999959 0.00000000099999999959 
0.00000000099999999999 0.34011923990969128440 0.00000000099999999999 0.00000000099999999999 0.00000000099999999999 0.00000000099999999999 0.21281535889101879655 0.00000000099999999999 0.44706539519928978343 
0.00363812054041235105 0.39343496829057389430 0.00000000099999999998 0.00000000099999999998 0.00000000099999999998 0.10674469837466372957 0.27583140567479480509 0.00091292424455607360 0.21943787987499910330 
0.00000000099999999998 0.28882491135316168407 0.00000000099999999998 0.00000000251977768483 0.01371786139351528246 0.03693098469974898101 0.35892776505241613672 0.18184214235976003948 0.11975633062162020781 
0.00000000099999999991 0.00000000099999999991 0.00000000099999999991 0.00000000099999999991 0.99999999200000000421 0.00000000099999999991 0.00000000099999999991 0.00000000099999999991 0.00000000099999999991 
0.35444118542275965256 0.00000000099999999986 0.00000000099999999986 0.00000000099999999986 0.17404320032238229654 0.47151560825485799855 0.00000000099999999986 0.00000000099999999986 0.00000000099999999986 
0.00000000099999999998 0.34754258891285133570 0.00000000099999999998 0.00000000099999999998 0.00000000099999999998 0.13005800148999069332 0.25383091266192908675 0.26856849193522858155 0.00000000099999999998 
0.00000000099999999957 0.00000000099999999957 0.99999999200000000421 0.00000000099999999957 0.00000000099999999957 0.00000000099999999957 0.00000000099999999957 0.00000000099999999957 0.00000000099999999957 
0.00000000099999999947 0.00000000099999999947 0.99999999200000011523 0.00000000099999999947 0.00000000099999999947 0.00000000099999999947 0.00000000099999999947 0.00000000099999999947 0.00000000099999999947 
0.00000000099999999948 0.00000000099999999948 0.99999999200000011523 0.00000000099999999948 0.00000000099999999948 0.00000000099999999948 0.00000000099999999948 0.00000000099999999948 0.00000000099999999948 
0.99999999200000022626 0.00000000099999999966 0.00000000099999999966 0.00000000099999999966 0.00000000099999999966 0.00000000099999999966 0.00000000099999999966 0.00000000099999999966 0.00000000099999999966 
0.99999999200000011523 0.00000000099999999961 0.00000000099999999961 0.00000000099999999961 0.00000000099999999961 0.00000000099999999961 0.00000000099999999961 0.00000000099999999961 0.00000000099999999961 
0.00000000099999999995 0.51541029412664118858 0.00000000099999999995 0.00000000099999999995 0.00000000099999999995 0.00000000099999999995 0.00000000099999999995 0.00000000099999999995 0.48458969887335889837 
0.00000000099999999995 0.00000000099999999995 0.00000000099999999995 0.56596351491053964455 0.43403647808946044240 0.00000000099999999995 0.00000000099999999995 0.00000000099999999995 0.00000000099999999995 
0.99999999200000022626 0.00000000099999999962 0.00000000099999999962 0.00000000099999999962 0.00000000099999999962 0.00000000099999999962 0.00000000099999999962 0.00000000099999999962 0.00000000099999999962 
0.00363626210441289448 0.22210192237572146112 0.00000000099999999999 0.00000000321145359460 0.01892840966559601948 0.11622944075113077200 0.00221428797952634340 0.22340610831932741775 0.41348356459283153175 
0.00000000099999999982 0.00000000099999999982 0.00000000099999999982 0.99999999200000000421 0.00000000099999999982 0.00000000099999999982 0.00000000099999999982 0.00000000099999999982 0.00000000099999999982 
0.99999999200000011523 0.00000000099999999967 0.00000000099999999967 0.00000000099999999967 0.00000000099999999967 0.00000000099999999967 0.00000000099999999967 0.00000000099999999967 0.00000000099999999967 
0.00225394383286432048 0.24990074577683435431 0.00000000099999999999 0.00000000099999999999 0.00355470633883527790 0.10566094359609974618 0.00000000099999999999 0.31698792519270951873 0.32164173226265685424 
0.99999999200000022626 0.00000000099999999963 0.00000000099999999963 0.00000000099999999963 0.00000000099999999963 0.00000000099999999963 0.00000000099999999963 0.00000000099999999963 0.00000000099999999963 
0.00000000099999999989 0.00000000099999999989 0.00000000099999999989 0.00000000099999999989 0.99999999200000011523 0.00000000099999999989 0.00000000099999999989 0.00000000099999999989 0.00000000099999999989 
0.00000000099999999991 0.00000000099999999991 0.00000000099999999991 0.29557464474006706068 0.70442534825993297076 0.00000000099999999991 0.00000000099999999991 0.00000000099999999991 0.00000000099999999991 
0.99999999200000011523 0.00000000099999999958 0.00000000099999999958 0.00000000099999999958 0.00000000099999999958 0.00000000099999999958 0.00000000099999999958 0.00000000099999999958 0.00000000099999999958 
0.99999999200000022626 0.00000000099999999961 0.00000000099999999961 0.00000000099999999961 0.00000000099999999961 0.00000000099999999961 0.00000000099999999961 0.00000000099999999961 0.00000000099999999961 
0.00000000099999999985 0.00000000099999999985 0.00000000099999999985 0.99999999200000000421 0.00000000099999999985 0.00000000099999999985 0.00000000099999999985 0.00000000099999999985 0.00000000099999999985 
0.00000000099999999989 0.00000000099999999989 0.00000000099999999989 0.00000000099999999989 0.99999999200000000421 0.00000000099999999989 0.00000000099999999989 0.00000000099999999989 0.00000000099999999989 
0.00000000099999999993 0.00000000099999999993 0.00000000099999999993 0.00000000099999999993 0.99999999200000000421 0.00000000099999999993 0.00000000099999999993 0.00000000099999999993 0.00000000099999999993 
0.99999999200000011523 0.00000000099999999968 0.00000000099999999968 0.00000000099999999968 0.00000000099999999968 0.00000000099999999968 0.00000000099999999968 0.00000000099999999968 0.00000000099999999968 
0.00606172955365350593 0.00000007898664207486 0.00000000099999999999 0.03556901178493220711 0.00000000099999999999 0.00000000099999999999 0.00000000099999999999 0.46012345687621686308 0.49824571879855528156 
0.00000000099999999990 0.00000000099999999990 0.00000000099999999990 0.00000000099999999990 0.00000000099999999990 0.00000000099999999990 0.00000000099999999990 0.99999999200000000421 0.00000000099999999990 
0.00000000099999999989 0.00000000099999999989 0.00000000099999999989 0.00000000099999999989 0.00000000099999999989 0.00000000099999999989 0.00000000099999999989 0.00000000099999999989 0.99999999199999989319 
0.00000000099999999998 0.03844967506464497253 0.00000000099999999998 0.02171323759282751953 0.00000000099999999998 0.17389999644263717804 0.37173441180606181522 0.00000006222921071789 0.39420261386461785680 
0.00000000099999999994 0.00000000099999999994 0.00000000099999999994 0.33280175834516501077 0.66719823465483507619 0.00000000099999999994 0.00000000099999999994 0.00000000099999999994 0.00000000099999999994 
0.00000000099999999992 0.99999999200000022626 0.00000000099999999992 0.00000000099999999992 0.00000000099999999992 0.00000000099999999992 0.00000000099999999992 0.00000000099999999992 0.00000000099999999992 
0.00000000099999999955 0.00000000099999999955 0.99999999200000000421 0.00000000099999999955 0.00000000099999999955 0.00000000099999999955 0.00000000099999999955 0.00000000099999999955 0.00000000099999999955 
0.00000000099999999987 0.00000000099999999987 0.00000000099999999987 0.00000000099999999987 0.00000000099999999987 0.00000000099999999987 0.00000000099999999987 0.99999999199999989319 0.00000000099999999987 
0.00000000099999999956 0.00000000099999999956 0.99999999200000011523 0.00000000099999999956 0.00000000099999999956 0.00000000099999999956 0.00000000099999999956 0.00000000099999999956 0.00000000099999999956 
0.00000000099999999996 0.71314783388551006293 0.00000000099999999996 0.00000000099999999996 0.00020223653681904389 0.28664992357767093978 0.00000000099999999996 0.00000000099999999996 0.00000000099999999996 
0.00000000099999999957 0.00000000099999999957 0.99999999200000000421 0.00000000099999999957 0.00000000099999999957 0.00000000099999999957 0.00000000099999999957 0.00000000099999999957 0.00000000099999999957 
0.00000000099999999988 0.00000000099999999988 0.00000000099999999988 0.00000000099999999988 0.00000000099999999988 0.00000000099999999988 0.99999999200000000421 0.00000000099999999988 0.00000000099999999988 
0.00000001420439507569 0.23640329638016976954 0.00000000099999999999 0.01167772077177270905 0.00000000099999999999 0.12277912911368477067 0.15005695677210079131 0.00000000099999999999 0.47908287975787677837 
0.00000000099999999982 0.00000000099999999982 0.00000000099999999982 0.99999999200000011523 0.00000000099999999982 0.00000000099999999982 0.00000000099999999982 0.00000000099999999982 0.00000000099999999982 
0.00000000099999999996 0.00000000099999999996 0.00000000099999999996 0.00000000099999999996 0.00000000099999999996 0.19892197101206818277 0.39809610288033236980 0.00357738504157528508 0.39940453606602416281 
0.00000000099999999957 0.00000000099999999957 0.99999999200000000421 0.00000000099999999957 0.00000000099999999957 0.00000000099999999957 0.00000000099999999957 0.00000000099999999957 0.00000000099999999957 
0.00000000099999999961 0.00000000099999999961 0.99999999200000000421 0.00000000099999999961 0.00000000099999999961 0.00000000099999999961 0.00000000099999999961 0.00000000099999999961 0.00000000099999999961 
0.00952366646811461139 0.28072426875688699655 0.00000000099999999999 0.07300300979011833946 0.00008852141880337246 0.11291953162377191267 0.23156262710856725939 0.00000000099999999999 0.29217837283373759849 
0.00000000099999999993 0.00000000099999999993 0.00000000099999999993 0.32621712565406013606 0.67378286734593995089 0.00000000099999999993 0.00000000099999999993 0.00000000099999999993 0.00000000099999999993 
0.99999999200000022626 0.00000000099999999970 0.00000000099999999970 0.00000000099999999970 0.00000000099999999970 0.00000000099999999970 0.00000000099999999970 0.00000000099999999970 0.00000000099999999970 
0.00000000099999999983 0.00000000099999999983 0.00000000099999999983 0.99999999200000011523 0.00000000099999999983 0.00000000099999999983 0.00000000099999999983 0.00000000099999999983 0.00000000099999999983 
0.00000000099999999999 0.20731500298346239308 0.00000000099999999999 0.00000000099999999999 0.02750350514422219075 0.14484311380428346872 0.38227400056276378271 0.06865410191418014341 0.16941027259108801251 
0.00000000099999999952 0.00000000099999999952 0.99999999200000011523 0.00000000099999999952 0.00000000099999999952 0.00000000099999999952 0.00000000099999999952 0.00000000099999999952 0.00000000099999999952 
0.99999999200000022626 0.00000000099999999955 0.00000000099999999955 0.00000000099999999955 0.00000000099999999955 0.00000000099999999955 0.00000000099999999955 0.00000000099999999955 0.00000000099999999955 
0.00000000099999999963 0.00000000099999999963 0.99999999200000011523 0.00000000099999999963 0.00000000099999999963 0.00000000099999999963 0.00000000099999999963 0.00000000099999999963 0.00000000099999999963 
0.01137472265498621835 0.27887023244671932387 0.00000000100000000000 0.00000000100000000000 0.00000000100000000000 0.23908598664151217705 0.00000000100000000000 0.07743230246238566594 0.39323675179439648852 
0.00000000099999999986 0.00000000099999999986 0.00000000099999999986 0.00000000099999999986 0.99999999200000000421 0.00000000099999999986 0.00000000099999999986 0.00000000099999999986 0.00000000099999999986 
0.00000000099999999988 0.00000000099999999988 0.00000000099999999988 0.00000000099999999988 0.99999999200000000421 0.00000000099999999988 0.00000000099999999988 0.00000000099999999988 0.00000000099999999988 
0.00000000099999999998 0.22726770658065725828 0.00000000099999999998 0.00000000099999999998 0.23142644429407463469 0.21621656905101596657 0.00000000504404680179 0.32508927103020535121 0.00000000099999999998 
0.01724646323055262220 0.32410562808217596720 0.00000000099999999999 0.00000057367886564788 0.00000000099999999999 0.25008189663882107734 0.22659974092670104318 0.18076689192684317065 0.00119880351604032399 
0.00000000099999999997 0.47509310283915745510 0.00000000099999999997 0.00000000099999999997 0.00000007706694621028 0.00000000099999999997 0.00000000099999999997 0.17688787597607594226 0.34801893911782016966 
0.00000000099999999990 0.00000000099999999990 0.00000000099999999990 0.00000000099999999990 0.00000000099999999990 0.00000000099999999990 0.99999999200000000421 0.00000000099999999990 0.00000000099999999990 
0.00000000099999999996 0.72215088303435914785 0.00000000099999999996 0.00000000099999999996 0.00000000099999999996 0.27784910996564099461 0.00000000099999999996 0.00000000099999999996 0.00000000099999999996 
0.00000000099999999997 0.18428178665122266211 0.00000000099999999997 0.00000000099999999997 0.00000000099999999997 0.13157891504451307840 0.29640467038414963774 0.18299687915368226254 0.20473774476643238907 
0.00000000099999999990 0.00000000099999999990 0.00000000099999999990 0.00000000099999999990 0.00000000099999999990 0.00000000099999999990 0.00000000099999999990 0.99999999199999989319 0.00000000099999999990 
0.00000000099999999998 0.27129371078040553922 0.00000000099999999998 0.00000000099999999998 0.00350551510764949897 0.02641229638725820644 0.06923261151899944010 0.39434027916729608165 0.23521558403839123996 
0.00000000099999999998 0.43192019121244878965 0.00000000099999999998 0.05408524117005818199 0.00000000099999999998 0.09356567381150968088 0.00000000099999999998 0.15092872388719802412 0.26950016591878539485 
0.00000000099999999992 0.00000000099999999992 0.00000000099999999992 0.67316511126588540748 0.32683488173411462396 0.00000000099999999992 0.00000000099999999992 0.00000000099999999992 0.00000000099999999992 
0.00000000099999999993 0.00000000099999999993 0.00000000099999999993 0.00000000099999999993 0.99999999200000011523 0.00000000099999999993 0.00000000099999999993 0.00000000099999999993 0.00000000099999999993 
0.00000000099999999973 0.00000000099999999973 0.99999999200000011523 0.00000000099999999973 0.00000000099999999973 0.00000000099999999973 0.00000000099999999973 0.00000000099999999973 0.00000000099999999973 
0.00000000099999999996 0.00000000099999999996 0.00000000099999999996 0.53237428664146579926 0.46762570635853428769 0.00000000099999999996 0.00000000099999999996 0.00000000099999999996 0.00000000099999999996 
0.00000000099999999992 0.00000000099999999992 0.00000000099999999992 0.00000000099999999992 0.99999999200000000421 0.00000000099999999992 0.00000000099999999992 0.00000000099999999992 0.00000000099999999992 
0.00412823108160695774 0.13997088501194687726 0.00000000099999999999 0.01721999753673883471 0.00000000099999999999 0.04697765817874614835 0.34312951562446625253 0.00000000099999999999 0.44857370956649500471 
0.00000000099999999947 0.00000000099999999947 0.99999999200000000421 0.00000000099999999947 0.00000000099999999947 0.00000000099999999947 0.00000000099999999947 0.00000000099999999947 0.00000000099999999947 
0.00000000099999999998 0.18783963604211259546 0.00000000099999999998 0.00000000099999999998 0.00000000099999999998 0.18662921414417082966 0.42284495085408441151 0.20268618960911527482 0.00000000535051689970 
0.00000000099999999999 0.42811049536792017411 0.00000000099999999999 0.00000188224765265061 0.01662098712969580644 0.00000000099999999999 0.30096282303720917062 0.08634729179046767011 0.16795651742705450249 
0.00000566416039151474 0.00000000099999999999 0.00000000099999999999 0.00000000099999999999 0.00000000099999999999 0.18898533655119240104 0.25495639473168796307 0.21085176587968182393 0.34520083467704637536 
0.00000000099999999998 0.49839323676274771557 0.00000000099999999998 0.00000000099999999998 0.01965957085829696596 0.00000000099999999998 0.00000000265348387946 0.00000000099999999998 0.48194718472547143362 
0.00000000099999999992 0.00000000099999999992 0.00000000099999999992 0.00000000099999999992 0.00000000099999999992 0.00000000099999999992 0.00000000099999999992 0.00000000099999999992 0.99999999200000000421 
0.00000000099999999999 0.26470677965009709043 0.00000000099999999999 0.03212752908367501326 0.00000252272103614060 0.21096866656434815068 0.00000000099999999999 0.16400379752304111713 0.32819070145780249170 
0.00000000099999999997 0.00000000099999999997 0.00000000099999999997 0.00000000099999999997 0.00000000099999999997 0.29405494401910314828 0.00000000099999999997 0.00000000099999999997 0.70594504898089682765 
0.00000000099999999995 0.00000000099999999995 0.00000000099999999995 0.00000000099999999995 0.00000000099999999995 0.24983873056773325816 0.00000000099999999995 0.75016126243226666226 0.00000000099999999995 
0.02780306620751394134 0.13846997620220763414 0.00000000100000000000 0.01043614346702124301 0.00000000100000000000 0.05522058984904189283 0.27050145282052928675 0.22193812389059253132 0.27563064556309352371 
0.00348224117182766328 0.33600034732696848483 0.00000000099999999999 0.00000500315979847001 0.00000000099999999999 0.07853638449693649271 0.37235023149624912886 0.20962578934821976540 0.00000000099999999999 
0.00000000099999999996 0.33850952202924183831 0.00000000099999999996 0.00000000099999999996 0.00000000099999999996 0.00000000099999999996 0.00000000099999999996 0.32647707137267328870 0.33501340059808476513 
0.01716659059445312108 0.00000000099999999998 0.00000000099999999998 0.00000000099999999998 0.00352215106489563992 0.00000000099999999998 0.00000000099999999998 0.28719850797749341131 0.69211274536315781081 
0.00000000099999999995 0.00000000099999999995 0.00000000099999999995 0.00000000099999999995 0.00000000099999999995 0.00000000099999999995 0.00000000099999999995 0.52962010932631820026 0.47037988367368160914 
0.00000000099999999996 0.64456735975385193171 0.00000000099999999996 0.00000000099999999996 0.00000000099999999996 0.35543263324614821075 0.00000000099999999996 0.00000000099999999996 0.00000000099999999996 
0.00000000099999999997 0.20630405611685789791 0.00000000099999999997 0.00000000099999999997 0.00000000099999999997 0.17741013607172020916 0.34842092870369256730 0.26786487410772941153 0.00000000099999999997 
0.00000000099999999998 0.26615203241581708582 0.00000000099999999998 0.00000000099999999998 0.02922597305303028387 0.18241715391231444476 0.16067924416436810131 0.13615491299302839856 0.22537068046144159705 
0.00000000099999999999 0.00000000707625410886 0.00000000099999999999 0.00007445566898656739 0.00000000099999999999 0.12217466594838219396 0.00000000099999999999 0.43133936050070564860 0.44641150680567148745 
0.00000000099999999999 0.00000008993766324692 0.00000000099999999999 0.02340878741573321903 0.00000000099999999999 0.10629465824880568459 0.18812273700641352070 0.15598404822398634351 0.52618967616739809046 
0.00000000099999999999 0.23489029714250386771 0.00000000099999999999 0.00489129331250759414 0.00000000099999999999 0.03741537432578687095 0.17863788921946488486 0.16769281263269616988 0.37647233036704064180 
0.00000000099999999998 0.20956575433186641622 0.00000000099999999998 0.00000000099999999998 0.02134331224196391735 0.21382639083228438537 0.22988288596837705424 0.22194720125838773850 0.10343445236712045521 
0.00000001964054227626 0.11190747420655432209 0.06820407001673847724 0.00000000100000000000 0.02229229603929918507 0.13890653037863212593 0.25696370323697648175 0.15748202120108478752 0.24424388428017232422 
0.00000000099999999985 0.00000000099999999985 0.00000000099999999985 0.00000000099999999985 0.00000000099999999985 0.99999999200000000421 0.00000000099999999985 0.00000000099999999985 0.00000000099999999985 
0.00000000099999999994 0.00000000099999999994 0.00000000099999999994 0.00000000099999999994 0.00000000099999999994 0.37494796912660249832 0.62505202387339764414 0.00000000099999999994 0.00000000099999999994 
0.00000000099999999997 0.25985571233603355079 0.00000000099999999997 0.03242156671525779632 0.00000000099999999997 0.10292591852735671898 0.22614112978787517805 0.18823445954879092223 0.19042121008468568255 
0.00964619564509548028 0.12831452556525901887 0.00000000099999999998 0.00000000099999999998 0.00000000099999999998 0.23647068164860143846 0.25648419574282887989 0.17050946308543885044 0.19857493531277639609 
0.00000000099999999991 0.00000000099999999991 0.00000000099999999991 0.00000000099999999991 0.00000000099999999991 0.00000000099999999991 0.00000000099999999991 0.99999999199999989319 0.00000000099999999991 
0.00000000099999999996 0.00000000099999999996 0.00000000099999999996 0.00000000099999999996 0.00000000099999999996 0.37343264990544022819 0.62656734309455985876 0.00000000099999999996 0.00000000099999999996 
0.00000000099999999998 0.54669553278909399641 0.00000000099999999998 0.00000006045158362211 0.00000000099999999998 0.00000000099999999998 0.45329538010086106725 0.00000901805773546703 0.00000000460072598008 
0.00000000099999999996 0.00000000099999999996 0.00000000099999999996 0.00000000099999999996 0.00000000099999999996 0.11210934722324338020 0.54064087096205315497 0.34724977581470328758 0.00000000099999999996 
0.00000000099999999990 0.99999999200000011523 0.00000000099999999990 0.00000000099999999990 0.00000000099999999990 0.00000000099999999990 0.00000000099999999990 0.00000000099999999990 0.00000000099999999990 
0.00000000099999999993 0.00000000099999999993 0.00000000099999999993 0.46516729614471241661 0.53483269685528778137 0.00000000099999999993 0.00000000099999999993 0.00000000099999999993 0.00000000099999999993 
0.00000000099999999991 0.00000000099999999991 0.00000000099999999991 0.00000000099999999991 0.99999999200000000421 0.00000000099999999991 0.00000000099999999991 0.00000000099999999991 0.00000000099999999991 
0.00000000099999999965 0.00000000099999999965 0.99999999200000000421 0.00000000099999999965 0.00000000099999999965 0.00000000099999999965 0.00000000099999999965 0.00000000099999999965 0.00000000099999999965 
0.99999999200000022626 0.00000000099999999956 0.00000000099999999956 0.00000000099999999956 0.00000000099999999956 0.00000000099999999956 0.00000000099999999956 0.00000000099999999956 0.00000000099999999956 
0.03608689521941539635 0.00000000099999999999 0.00000000099999999999 0.24113850014059173832 0.64734423956763376129 0.00000000099999999999 0.00000000099999999999 0.00000000188892027001 0.07543035918343879431 
0.00000000099999999997 0.00000000099999999997 0.00000000099999999997 0.00000000099999999997 0.00000000099999999997 0.06684863140705873952 0.29437576920181951490 0.37341822979779459857 0.26535736459332709414 
0.00000000099999999997 0.37842355080542866563 0.00000000099999999997 0.00001170934196075296 0.00000000099999999997 0.00000000099999999997 0.00000000099999999997 0.62156473385261035158 0.00000000099999999997 
0.00000000099999999992 0.00000000099999999992 0.00000000099999999992 0.00000000099999999992 0.99999999200000011523 0.00000000099999999992 0.00000000099999999992 0.00000000099999999992 0.00000000099999999992 
0.00000000099999999996 0.00000000099999999996 0.00000000099999999996 0.00000000099999999996 0.00000000099999999996 0.00000000099999999996 0.28540994826002624718 0.00000000099999999996 0.71459004473997367324 
0.00000000099999999997 0.00000000099999999997 0.00000000099999999997 0.00000000099999999997 0.00000000099999999997 0.00000000099999999997 0.54626582237040066659 0.00000000099999999997 0.45373417062959925383 
0.00006849854268649800 0.18850005985977882905 0.00000000099999999999 0.00000000099999999999 0.00000000099999999999 0.17021033644597008405 0.00001291294907572496 0.29761680653236327609 0.34359138267012567791 
0.00000000099999999953 0.00000000099999999953 0.99999999200000000421 0.00000000099999999953 0.00000000099999999953 0.00000000099999999953 0.00000000099999999953 0.00000000099999999953 0.00000000099999999953 
0.00000000099999999955 0.00000000099999999955 0.99999999200000000421 0.00000000099999999955 0.00000000099999999955 0.00000000099999999955 0.00000000099999999955 0.00000000099999999955 0.00000000099999999955 
0.00000000099999999947 0.00000000099999999947 0.99999999200000011523 0.00000000099999999947 0.00000000099999999947 0.00000000099999999947 0.00000000099999999947 0.00000000099999999947 0.00000000099999999947 
0.00000000099999999949 0.00000000099999999949 0.99999999200000011523 0.00000000099999999949 0.00000000099999999949 0.00000000099999999949 0.00000000099999999949 0.00000000099999999949 0.00000000099999999949 
0.00000000099999999951 0.00000000099999999951 0.99999999200000000421 0.00000000099999999951 0.00000000099999999951 0.00000000099999999951 0.00000000099999999951 0.00000000099999999951 0.00000000099999999951 
0.00000000099999999997 0.00000000099999999997 0.00000000099999999997 0.28768927176356756670 0.71231072123643257576 0.00000000099999999997 0.00000000099999999997 0.00000000099999999997 0.00000000099999999997 
0.00230791384870467986 0.49791078115340031696 0.00000000099999999999 0.00000000099999999999 0.00000000099999999999 0.16309060176138537313 0.00000000099999999999 0.00000000099999999999 0.33669069823650971118 
0.00000000099999999950 0.00000000099999999950 0.99999999200000011523 0.00000000099999999950 0.00000000099999999950 0.00000000099999999950 0.00000000099999999950 0.00000000099999999950 0.00000000099999999950 
0.00000000099999999957 0.00000000099999999957 0.99999999200000000421 0.00000000099999999957 0.00000000099999999957 0.00000000099999999957 0.00000000099999999957 0.00000000099999999957 0.00000000099999999957 
0.99999999200000022626 0.00000000099999999955 0.00000000099999999955 0.00000000099999999955 0.00000000099999999955 0.00000000099999999955 0.00000000099999999955 0.00000000099999999955 0.00000000099999999955 
0.99999999200000011523 0.00000000099999999955 0.00000000099999999955 0.00000000099999999955 0.00000000099999999955 0.00000000099999999955 0.00000000099999999955 0.00000000099999999955 0.00000000099999999955 
0.00000000099999999996 0.00000000099999999996 0.00000000099999999996 0.00000000099999999996 0.00000000099999999996 0.00000000099999999996 0.00000000099999999996 0.52515666324141829779 0.47484332975858151160 
0.00000000099999999953 0.00000000099999999953 0.99999999200000011523 0.00000000099999999953 0.00000000099999999953 0.00000000099999999953 0.00000000099999999953 0.00000000099999999953 0.00000000099999999953 
0.00000000099999999988 0.00000000099999999988 0.00000000099999999988 0.00000000099999999988 0.00000000099999999988 0.00000000099999999988 0.99999999199999989319 0.00000000099999999988 0.00000000099999999988 
0.00000000099999999988 0.00000000099999999988 0.00000000099999999988 0.00000000099999999988 0.00000000099999999988 0.00000000099999999988 0.00000000099999999988 0.99999999199999989319 0.00000000099999999988 
0.00000000099999999994 0.00000000099999999994 0.00000000099999999994 0.00000000099999999994 0.99999999200000011523 0.00000000099999999994 0.00000000099999999994 0.00000000099999999994 0.00000000099999999994 
0.00000000099999999995 0.39137986323766199570 0.00000000099999999995 0.00000000099999999995 0.00000000099999999995 0.00000000099999999995 0.60862012976233792472 0.00000000099999999995 0.00000000099999999995 
0.00000000099999999982 0.00000000099999999982 0.00000000099999999982 0.99999999200000000421 0.00000000099999999982 0.00000000099999999982 0.00000000099999999982 0.00000000099999999982 0.00000000099999999982 
0.00000000099999999989 0.00000000099999999989 0.00000000099999999989 0.00000000099999999989 0.00000000099999999989 0.00000000099999999989 0.00000000099999999989 0.00000000099999999989 0.99999999199999989319 
0.00000000099999999992 0.00000000099999999992 0.00000000099999999992 0.51034176887126458944 0.48965822412873555303 0.00000000099999999992 0.00000000099999999992 0.00000000099999999992 0.00000000099999999992 
0.00381915060684268797 0.00000000099999999998 0.00000000099999999998 0.00000000099999999998 0.00676630466187515094 0.10064484132307728592 0.45494812146506119488 0.00000000099999999998 0.43382157794314352151 
0.00000000099999999990 0.00000000099999999990 0.00000000099999999990 0.00000000099999999990 0.00000000099999999990 0.00000000099999999990 0.99999999199999989319 0.00000000099999999990 0.00000000099999999990 
0.00000000099999999957 0.00000000099999999957 0.99999999200000000421 0.00000000099999999957 0.00000000099999999957 0.00000000099999999957 0.00000000099999999957 0.00000000099999999957 0.00000000099999999957 
0.00000000099999999988 0.00000000099999999988 0.00000000099999999988 0.00000000099999999988 0.99999999200000011523 0.00000000099999999988 0.00000000099999999988 0.00000000099999999988 0.00000000099999999988 
0.00000000099999999950 0.00000000099999999950 0.99999999200000011523 0.00000000099999999950 0.00000000099999999950 0.00000000099999999950 0.00000000099999999950 0.00000000099999999950 0.00000000099999999950 
0.00000000099999999950 0.00000000099999999950 0.99999999200000000421 0.00000000099999999950 0.00000000099999999950 0.00000000099999999950 0.00000000099999999950 0.00000000099999999950 0.00000000099999999950 
0.00000000099999999999 0.13868528742412941646 0.00000000099999999999 0.00000000099999999999 0.00000585330504171519 0.01830097547643122144 0.37560064471986992496 0.21070578732443298597 0.25670144875009465180 
0.00000000099999999998 0.24638293097483532357 0.00000000099999999998 0.02394791923652089816 0.00000000099999999998 0.00000000099999999998 0.09695975416833746419 0.22082418632919262325 0.41188520529111355417 
0.00000000099999999998 0.29836602028922742935 0.00000000099999999998 0.00000000099999999998 0.00000000099999999998 0.12856197763555546332 0.22747894538388033214 0.04021508595061268343 0.30537796674072398284 
0.00000000099999999992 0.00000000099999999992 0.00000000099999999992 0.00000000099999999992 0.00000000099999999992 0.00000000099999999992 0.00000000099999999992 0.00000000099999999992 0.99999999199999989319 
0.00000000099999999985 0.00000000099999999985 0.00000000099999999985 0.00000000099999999985 0.00000000099999999985 0.99999999200000011523 0.00000000099999999985 0.00000000099999999985 0.00000000099999999985 
0.00000000099999999986 0.00000000099999999986 0.00000000099999999986 0.00000000099999999986 0.00000000099999999986 0.99999999200000011523 0.00000000099999999986 0.00000000099999999986 0.00000000099999999986 
0.00000000099999999989 0.99999999200000011523 0.00000000099999999989 0.00000000099999999989 0.00000000099999999989 0.00000000099999999989 0.00000000099999999989 0.00000000099999999989 0.00000000099999999989 
0.00000000099999999989 0.00000000099999999989 0.00000000099999999989 0.99999999200000011523 0.00000000099999999989 0.00000000099999999989 0.00000000099999999989 0.00000000099999999989 0.00000000099999999989 
0.00000000099999999996 0.42974579033234794334 0.00000000099999999996 0.00000000099999999996 0.00000000099999999996 0.19030058427174934010 0.37995361939590266420 0.00000000099999999996 0.00000000099999999996 
0.00000000099999999950 0.00000000099999999950 0.99999999200000011523 0.00000000099999999950 0.00000000099999999950 0.00000000099999999950 0.00000000099999999950 0.00000000099999999950 0.00000000099999999950 
0.00000000099999999990 0.00000000099999999990 0.00000000099999999990 0.00000000099999999990 0.00000000099999999990 0.00000000099999999990 0.00000000099999999990 0.00000000099999999990 0.99999999200000000421 
0.00000000099999999984 0.00000000099999999984 0.99999999200000011523 0.00000000099999999984 0.00000000099999999984 0.00000000099999999984 0.00000000099999999984 0.00000000099999999984 0.00000000099999999984 
0.00000000099999999957 0.00000000099999999957 0.99999999200000011523 0.00000000099999999957 0.00000000099999999957 0.00000000099999999957 0.00000000099999999957 0.00000000099999999957 0.00000000099999999957 
0.00000000099999999997 0.00000000099999999997 0.00000000099999999997 0.00000000099999999997 0.00000000099999999997 0.13391670657650017739 0.44309225403882079863 0.42299101623201368350 0.00000001815266541751 
0.00000000099999999991 0.99999999200000011523 0.00000000099999999991 0.00000000099999999991 0.00000000099999999991 0.00000000099999999991 0.00000000099999999991 0.00000000099999999991 0.00000000099999999991 
0.00000000099999999998 0.00000000099999999998 0.00000000099999999998 0.01344042427611825963 0.00000000099999999998 0.13579837443827083576 0.22102101360977727262 0.25729597481088711808 0.37244420886494650214 
0.00000000099999999961 0.00000000099999999961 0.99999999200000011523 0.00000000099999999961 0.00000000099999999961 0.00000000099999999961 0.00000000099999999961 0.00000000099999999961 0.00000000099999999961 
0.00000000099999999992 0.00000000099999999992 0.00000000099999999992 0.44955065679246564159 0.55044933620753444536 0.00000000099999999992 0.00000000099999999992 0.00000000099999999992 0.00000000099999999992 
0.00000000099999999988 0.00000000099999999988 0.00000000099999999988 0.00000000099999999988 0.99999999200000011523 0.00000000099999999988 0.00000000099999999988 0.00000000099999999988 0.00000000099999999988 
0.00000000099999999956 0.00000000099999999956 0.99999999200000000421 0.00000000099999999956 0.00000000099999999956 0.00000000099999999956 0.00000000099999999956 0.00000000099999999956 0.00000000099999999956 
0.00000000099999999997 0.00000000099999999997 0.00000000099999999997 0.00000000099999999997 0.00000000099999999997 0.37528685650801313356 0.00000000099999999997 0.00000000099999999997 0.62471313649198678686 
0.00000000099999999997 0.00000000099999999997 0.00000000099999999997 0.00000000099999999997 0.00000000099999999997 0.00000000099999999997 0.00000000099999999997 0.00000000099999999997 0.99999999200000000421 
0.00000000099999999958 0.00000000099999999958 0.99999999200000011523 0.00000000099999999958 0.00000000099999999958 0.00000000099999999958 0.00000000099999999958 0.00000000099999999958 0.00000000099999999958 
0.00000000099999999998 0.00000000099999999998 0.00000000099999999998 0.00000000099999999998 0.00000000099999999998 0.18814569064461061920 0.42470667565927683329 0.00000000099999999998 0.38714762769611249515 
0.00000000099999999990 0.00000000099999999990 0.00000000099999999990 0.57063013677056551032 0.42936985622943457663 0.00000000099999999990 0.00000000099999999990 0.00000000099999999990 0.00000000099999999990 
0.10482485454554348048 0.00000000099999999998 0.09920059952882732957 0.00000000099999999998 0.21307906245947483281 0.00000000099999999998 0.58289547846615430426 0.00000000099999999998 0.00000000099999999998 
