0.17242601106985683268 0.00000000099999999999 0.80550069787503764118 0.00000000099999999999 0.02207328705510554906 0.00000000099999999999 0.00000000099999999999 
0.00000000099999999994 0.00000000099999999994 0.00000000099999999994 0.00000000099999999994 0.00000000099999999994 0.00000000099999999994 0.99999999400000005867 
0.00000000099999999993 0.00000000099999999993 0.00000000099999999993 0.00000000099999999993 0.00000000099999999993 0.00000000099999999993 0.99999999399999994765 
0.23579450617560446246 0.23021033437105534181 0.50477347497069235960 0.00000000099999999998 0.00000000099999999998 0.00000000099999999998 0.02922168148264783771 
0.17580217314859225564 0.16582036851653450538 0.64712949235841898954 0.00000000099999999999 0.01124796297645418684 0.00000000099999999999 0.00000000099999999999 
0.13670636749342132688 0.12883446830493444635 0.71356433427367182976 0.00000000099999999998 0.00063131925027577101 0.00000000099999999998 0.02026350867769660669 
0.00000000099999999995 0.00000000099999999995 0.00000000099999999995 0.00000000099999999995 0.00000000099999999995 0.00000000099999999995 0.99999999400000005867 
0.00000000099999999991 0.00000000099999999991 0.00000000099999999991 0.00000000099999999991 0.00000000099999999991 0.00000000099999999991 0.99999999399999994765 
0.22274279013198977628 0.38289073415540936240 0.38095401535575046381 0.00000000099999999998 0.01341244573290725946 0.00000000099999999998 0.00000001262394312547 
0.00000000099999999994 0.00000000099999999994 0.00000000099999999994 0.00000000099999999994 0.00000000099999999994 0.00000000099999999994 0.99999999400000005867 
0.00000000099999999995 0.99999999400000005867 0.00000000099999999995 0.00000000099999999995 0.00000000099999999995 0.00000000099999999995 0.00000000099999999995 
0.18759817599741820948 0.36317367932956612364 0.43239362529802727320 0.00000000099999999997 0.00433992497900317388 0.00000000099999999997 0.01249459239598533881 
0.16289503514495878855 0.30003020861433810085 0.53378691349515794418 0.00000000099999999999 0.00328783974554521961 0.00000000099999999999 0.00000000099999999999 
0.18112370647109743427 0.30572321577589867125 0.49808938601301322446 0.00000000099999999999 0.01506368873999076353 0.00000000099999999999 0.00000000099999999999 
0.11286628221751904277 0.45806554290960027620 0.40770800902072101835 0.00480246711231963573 0.01655769673983995688 0.00000000100000000000 0.00000000100000000000 
0.16874549217117176814 0.35806389168586799654 0.39317301932461834468 0.00000000099999999999 0.02761181778609614682 0.00000000099999999999 0.05240577703224570671 
0.00000000099999999994 0.99999999400000016969 0.00000000099999999994 0.00000000099999999994 0.00000000099999999994 0.00000000099999999994 0.00000000099999999994 
0.16281596190485025932 0.46187142350891774445 0.37046979619337300216 0.00000000099999999999 0.00000000099999999999 0.00484281539285906157 0.00000000099999999999 
0.15579078867003232078 0.22886836264588569789 0.60002079852877820976 0.00000000099999999999 0.00556321097562703735 0.00975683717967676389 0.00000000099999999999 
0.00000000446234828254 0.43082559235274975329 0.56827496891211282115 0.00000000099999999996 0.00089943127278927198 0.00000000099999999996 0.00000000099999999996 
0.09455128037419323339 0.43256168486116997052 0.47288703076463678432 0.00000000099999999999 0.00000000099999999999 0.00000000099999999999 0.00000000099999999999 
0.00000000099999999996 0.00015272075208831796 0.00000000099999999996 0.00000000099999999996 0.00000000099999999996 0.00000000099999999996 0.99984727424791175476 
0.31851325041523298465 0.68148674220991034556 0.00000000099999999996 0.00000000099999999996 0.00000000099999999996 0.00000000099999999996 0.00000000337485686720 
0.99999999400000005867 0.00000000099999999979 0.00000000099999999979 0.00000000099999999979 0.00000000099999999979 0.00000000099999999979 0.00000000099999999979 
0.00003714877700661656 0.57467196902130990299 0.39769747456554094267 0.00000000099999999996 0.00000000099999999996 0.00000000099999999996 0.02759340463614264050 
0.27610264587648275514 0.15156722230663360884 0.57233012781688363813 0.00000000099999999998 0.00000000099999999998 0.00000000099999999998 0.00000000099999999998 
0.00000000099999999975 0.00000000099999999975 0.00000000099999999975 0.00000000099999999975 0.99999999399999994765 0.00000000099999999975 0.00000000099999999975 
0.00000000099999999972 0.00000000099999999972 0.00000000099999999972 0.00000000099999999972 0.99999999399999994765 0.00000000099999999972 0.00000000099999999972 
0.20640846233386309083 0.33860328142845808053 0.45039428823138993874 0.00000000099999999999 0.00459396500628888454 0.00000000099999999999 0.00000000099999999999 
0.99999999400000016969 0.00000000099999999988 0.00000000099999999988 0.00000000099999999988 0.00000000099999999988 0.00000000099999999988 0.00000000099999999988 
0.15226102184220222102 0.40379776795349159313 0.42598941908483062280 0.00000000099999999998 0.00000000099999999998 0.00000000099999999998 0.01795178811947577974 
0.05785185120999811192 0.00000000099999999994 0.00000000099999999994 0.00000000099999999994 0.00000000099999999994 0.00000000099999999994 0.94214814379000189071 
0.48707642754447794120 0.00000000099999999988 0.00000000099999999988 0.00000000099999999988 0.35632805560032326797 0.00000000099999999988 0.15659551285519873742 
0.17620815855516092086 0.62116900911933103924 0.20262282832550806977 0.00000000099999999997 0.00000000099999999997 0.00000000099999999997 0.00000000099999999997 
0.00000000099999999974 0.00000000099999999974 0.00000000099999999974 0.38779958674385245354 0.00000000099999999974 0.61220040825614741031 0.00000000099999999974 
0.00000000099999999964 0.00000000099999999964 0.00000000099999999964 0.99999999400000005867 0.00000000099999999964 0.00000000099999999964 0.00000000099999999964 
0.00000000099999999964 0.00000000099999999964 0.00000000099999999964 0.99999999399999994765 0.00000000099999999964 0.00000000099999999964 0.00000000099999999964 
0.00000000099999999977 0.00000000099999999977 0.00000000099999999977 0.00000000099999999977 0.99999999400000005867 0.00000000099999999977 0.00000000099999999977 
0.00000000099999999974 0.00000000099999999974 0.00000000099999999974 0.00000000099999999974 0.99999999399999994765 0.00000000099999999974 0.00000000099999999974 
0.11479290358004046180 0.42619174914359164719 0.45901534327636805966 0.00000000099999999998 0.00000000099999999998 0.00000000099999999998 0.00000000099999999998 
0.00000000099999999996 0.00000000099999999996 0.00000000099999999996 0.00000000099999999996 0.00000000099999999996 0.00000000099999999996 0.99999999400000005867 
0.00000000099999999975 0.00000000099999999975 0.00000000099999999975 0.00000000099999999975 0.99999999400000005867 0.00000000099999999975 0.00000000099999999975 
0.22901857327074745529 0.37406784427646472269 0.37422822135212335803 0.00000000099999999998 0.00587149783727741910 0.00000000099999999998 0.01681386126338705461 
0.00000000099999999993 0.00000000099999999993 0.00000000099999999993 0.00000000099999999993 0.00000000099999999993 0.00000000099999999993 0.99999999400000005867 
0.00000000099999999978 0.00000000099999999978 0.00000000099999999978 0.00000000099999999978 0.99999999399999994765 0.00000000099999999978 0.00000000099999999978 
0.20148776859524317184 0.41616336162837069823 0.37141522834988466295 0.00000000099999999998 0.00312176469384452954 0.00000000099999999998 0.00781187473265697579 
0.00000000099999999975 0.00000000099999999975 0.00000000099999999975 0.00000000099999999975 0.99999999399999994765 0.00000000099999999975 0.00000000099999999975 
0.00000000099999999994 0.00000000099999999994 0.00000000099999999994 0.00000000099999999994 0.00000000099999999994 0.00000000099999999994 0.99999999400000005867 
0.00000000099999999990 0.00000000099999999990 0.00000000099999999990 0.00000000099999999990 0.00000000099999999990 0.00000000099999999990 0.99999999400000005867 
0.00000000099999999972 0.00000000099999999972 0.00000000099999999972 0.00000000099999999972 0.99999999399999994765 0.00000000099999999972 0.00000000099999999972 
0.00000000099999999974 0.00000000099999999974 0.00000000099999999974 0.00000000099999999974 0.99999999399999994765 0.00000000099999999974 0.00000000099999999974 
0.00000000099999999994 0.00000000099999999994 0.00000000099999999994 0.00000000099999999994 0.00000000099999999994 0.00000000099999999994 0.99999999399999994765 
0.00000000099999999994 0.00000000099999999994 0.00000000099999999994 0.00000000099999999994 0.00000000099999999994 0.00000000099999999994 0.99999999399999994765 
0.00000000099999999995 0.00000000099999999995 0.00000000099999999995 0.00000000099999999995 0.00000000099999999995 0.00000000099999999995 0.99999999400000005867 
0.00000000099999999978 0.00000000099999999978 0.00000000099999999978 0.00000000099999999978 0.99999999400000005867 0.00000000099999999978 0.00000000099999999978 
0.12967359870052008741 0.22026614873109309767 0.59210899965858887484 0.00000000099999999999 0.01603462821487245532 0.00000000099999999999 0.04191662269492566623 
0.00000000099999999997 0.00000000099999999997 0.97375627572567236001 0.00000000099999999997 0.02624371927432766691 0.00000000099999999997 0.00000000099999999997 
0.00000016395170227359 0.24251190179810858116 0.73708239952380782967 0.00000000099999999998 0.00000000099999999998 0.00000000099999999998 0.02040553172638141788 
0.27188376942499015154 0.00000000099999999998 0.72804439200336856786 0.00000000099999999998 0.00007183457164134830 0.00000000099999999998 0.00000000099999999998 
0.00000000099999999994 0.00000000099999999994 0.00000000099999999994 0.00000000099999999994 0.00000000099999999994 0.00000000099999999994 0.99999999400000005867 
0.26370589486745776853 0.73629410013254237288 0.00000000099999999998 0.00000000099999999998 0.00000000099999999998 0.00000000099999999998 0.00000000099999999998 
0.00000000099999999967 0.00000000099999999967 0.00000000099999999967 0.99999999399999994765 0.00000000099999999967 0.00000000099999999967 0.00000000099999999967 
0.00000000389024501629 0.34009671516934247837 0.65319934953887903717 0.00000000099999999996 0.00000017401510829944 0.00000000099999999996 0.00670375538642537482 
0.00000000099999999965 0.00000000099999999965 0.00000000099999999965 0.00000000099999999965 0.00000000099999999965 0.99999999399999994765 0.00000000099999999965 
0.38399390636510216668 0.60684524152987073808 0.00000000099999999996 0.00000000099999999996 0.00000000099999999996 0.00000000099999999996 0.00916084810502719102 
0.00000000099999999966 0.00000000099999999966 0.00000000099999999966 0.00000000099999999966 0.00000000099999999966 0.99999999400000005867 0.00000000099999999966 
0.00000014883404512455 0.39198804469605380563 0.60133683460142273169 0.00000000099999999998 0.00000000099999999998 0.00000000099999999998 0.00667496886847836635 
0.07770892810999931177 0.40595386795747240294 0.50578610511413668593 0.00000000099999999999 0.00481168270671193578 0.00000000099999999999 0.00573941411167974008 
0.00000000099999999992 0.00000000099999999992 0.00000000099999999992 0.00000000099999999992 0.00000000099999999992 0.00000000099999999992 0.99999999400000005867 
0.00000000099999999994 0.00000000099999999994 0.99999999399999994765 0.00000000099999999994 0.00000000099999999994 0.00000000099999999994 0.00000000099999999994 
0.00000000099999999968 0.00000000099999999968 0.00000000099999999968 0.99999999400000005867 0.00000000099999999968 0.00000000099999999968 0.00000000099999999968 
0.00000000099999999971 0.00000000099999999971 0.00000000099999999971 0.99999999399999994765 0.00000000099999999971 0.00000000099999999971 0.00000000099999999971 
0.00115605840072958619 0.35627960394054081217 0.55324636015622452589 0.00000000099999999998 0.00785111422010504809 0.00000000099999999998 0.08146686128239986890 
0.00000000099999999992 0.00000000099999999992 0.00000000099999999992 0.00000000099999999992 0.00000000099999999992 0.00000000099999999992 0.99999999399999994765 
0.00000000099999999979 0.00000000099999999979 0.00000000099999999979 0.00000000099999999979 0.99999999399999994765 0.00000000099999999979 0.00000000099999999979 
0.00000000099999999993 0.00000000099999999993 0.00000000099999999993 0.00000000099999999993 0.00000000099999999993 0.00000000099999999993 0.99999999399999994765 
0.12376016971802222821 0.31245891917173318486 0.53353450568921445551 0.00000000099999999999 0.00000000099999999999 0.00053227641408474017 0.02971412700694547535 
0.00000000099999999965 0.00000000099999999965 0.00000000099999999965 0.00000000099999999965 0.00000000099999999965 0.99999999400000005867 0.00000000099999999965 
0.00000000099999999970 0.00000000099999999970 0.00000000099999999970 0.00000000099999999970 0.99999999399999994765 0.00000000099999999970 0.00000000099999999970 
0.00000000099999999971 0.00000000099999999971 0.00000000099999999971 0.99999999399999994765 0.00000000099999999971 0.00000000099999999971 0.00000000099999999971 
0.23793874562841554887 0.00000000099999999999 0.74867820290842979070 0.00000000099999999999 0.01338304746315472846 0.00000000099999999999 0.00000000099999999999 
0.00000000099999999991 0.00000000099999999991 0.00000000099999999991 0.00000000099999999991 0.00000000099999999991 0.00000000099999999991 0.99999999400000005867 
0.00000000099999999993 0.00000000099999999993 0.00000000099999999993 0.00000000099999999993 0.00000000099999999993 0.00000000099999999993 0.99999999400000005867 
0.22685401163002624769 0.54341432711389747734 0.00000000099999999996 0.00000000099999999996 0.00000000099999999996 0.00000000099999999996 0.22973165725607644361 
0.15640056048054423732 0.19682252877693090509 0.62559094455979402660 0.00000000099999999999 0.02118547760770154650 0.00000000099999999999 0.00000048657502932838 
0.00092604943118642930 0.51797598305175107658 0.47943917047220596661 0.00000000099999999997 0.00000000099999999997 0.00000000099999999997 0.00165879404485654892 
0.00136589121689676025 0.36469204529045878838 0.62214345078705446390 0.00000000099999999998 0.00000000099999999998 0.00000000099999999998 0.01179860970558999599 
0.14666458465158688229 0.44287530238334937849 0.41046010896506379684 0.00000000099999999998 0.00000000099999999998 0.00000000099999999998 0.00000000099999999998 
0.27181777651572192056 0.36747962109222020999 0.36070259839205809360 0.00000000099999999996 0.00000000099999999996 0.00000000099999999996 0.00000000099999999996 
0.00000000099999999995 0.00000000464800255241 0.99999999035199760300 0.00000000099999999995 0.00000000099999999995 0.00000000099999999995 0.00000000099999999995 
0.08564869394225720078 0.29773960525950965428 0.61001239230704284999 0.00000000099999999998 0.00657887952096313389 0.00000000099999999998 0.00002042697022737882 
0.18354523297838198914 0.27215115888169416625 0.51362663754629411805 0.00000000099999999999 0.00000000099999999999 0.00000000099999999999 0.03067696759362989814 
0.00000000099999999994 0.00000000099999999994 0.00000000099999999994 0.00000000099999999994 0.00000000099999999994 0.00000000099999999994 0.99999999400000005867 
0.00000000099999999997 0.00000000099999999997 0.02043823444795548824 0.00000000099999999997 0.00000000099999999997 0.00000000099999999997 0.97956176055204446929 
0.00000000099999999981 0.00000000099999999981 0.00000000099999999981 0.31007567838992161624 0.00000000099999999981 0.68992431661007835864 0.00000000099999999981 
0.00000000099999999995 0.00000000099999999995 0.00000000099999999995 0.00000000099999999995 0.00000000099999999995 0.00000000099999999995 0.99999999399999994765 
0.00000000099999999996 0.00000000099999999996 0.01742619677003942949 0.00000000099999999996 0.00000000099999999996 0.00000000099999999996 0.98257379822996060437 
0.00000000099999999998 0.33679302909321479076 0.64837031760943364400 0.00000000099999999998 0.00403846450135396471 0.00000000099999999998 0.01079818579599751104 
0.00000000099999999962 0.00000000099999999962 0.00000000099999999962 0.00000000099999999962 0.00000000099999999962 0.99999999399999994765 0.00000000099999999962 
0.11430639286229173079 0.36773509977417917494 0.51400969543855590249 0.00000000099999999999 0.00394880892497326882 0.00000000099999999999 0.00000000099999999999 
0.00000000099999999997 0.00000000099999999997 0.99999992369677803694 0.00000000099999999997 0.00000007130322203193 0.00000000099999999997 0.00000000099999999997 
0.00019564590992823577 0.32890488522783045688 0.66825430737143687310 0.00000000099999999999 0.00264515849080453926 0.00000000099999999999 0.00000000099999999999 
0.00000009556558430110 0.33676206309802364514 0.64189552665991667091 0.00000000099999999999 0.00000000200892107944 0.00000000099999999999 0.02134231066755438652 
0.00000000099999999994 0.00000000099999999994 0.99999999400000005867 0.00000000099999999994 0.00000000099999999994 0.00000000099999999994 0.00000000099999999994 
0.99999999400000016969 0.00000000099999999988 0.00000000099999999988 0.00000000099999999988 0.00000000099999999988 0.00000000099999999988 0.00000000099999999988 
0.07899296865893531971 0.12351791985150029074 0.79748900885854923093 0.00000000099999999999 0.00000009963101518261 0.00000000099999999999 0.00000000099999999999 
0.40953676016469348076 0.59046323483530649412 0.00000000099999999997 0.00000000099999999997 0.00000000099999999997 0.00000000099999999997 0.00000000099999999997 
0.11368948576259085836 0.37174258095443030170 0.47498554771254442031 0.00000000100000000000 0.02886475042280847725 0.00251127284287632965 0.00820636130474976071 
0.20771968430359430413 0.00000000099999999998 0.78382820035941780379 0.00000000099999999998 0.00845211133698788898 0.00000000099999999998 0.00000000099999999998 
0.00000000099999999994 0.00000000099999999994 0.99999999399999994765 0.00000000099999999994 0.00000000099999999994 0.00000000099999999994 0.00000000099999999994 
0.00000000099999999998 0.00000000099999999998 0.95443054007470584654 0.00000000099999999998 0.02990029151975340943 0.00000000099999999998 0.01566916440554078083 
0.00000000099999999995 0.00000000099999999995 0.99999999400000005867 0.00000000099999999995 0.00000000099999999995 0.00000000099999999995 0.00000000099999999995 
0.07031872309556677636 0.51665776495241810817 0.41273912562289766237 0.00000000099999999998 0.00000000099999999998 0.00000000099999999998 0.00028438332911764463 
0.17270152193633905857 0.39657911943753404449 0.43071935462612687129 0.00000000099999999998 0.00000000099999999998 0.00000000099999999998 0.00000000099999999998 
0.26774183644730037424 0.00005127974615935590 0.70406591869492585190 0.00000000099999999997 0.00000000099999999997 0.00000000099999999997 0.02814096211161454947 
0.13880494596339451596 0.32676278518847595711 0.52290193246478045008 0.00000000099999999999 0.00461232199460538932 0.00000000099999999999 0.00691801238874362439 
0.25272323770544136146 0.13494432397626968112 0.58163015900606729325 0.00000000099999999999 0.00000000099999999999 0.00000000099999999999 0.03070227631222173167 
0.19205102561481579571 0.45994203533181743371 0.34800693505336688371 0.00000000099999999998 0.00000000099999999998 0.00000000099999999998 0.00000000099999999998 
0.20345668341214268038 0.46064250305850679146 0.31899329497481970774 0.00000000099999999998 0.00000000099999999998 0.00000000099999999998 0.01690751555453099200 
0.15067132969084826022 0.24281620566827591401 0.51665857251401536843 0.06956530916872927239 0.00350601409198658329 0.00000128630609784751 0.01678128256004680907 
0.14137328194348691701 0.37592560518897416566 0.48270110886753903046 0.00000000099999999997 0.00000000099999999997 0.00000000099999999997 0.00000000099999999997 
0.23073856070886908376 0.22458771929698684300 0.53662821611167677016 0.00000000099999999996 0.00000000099999999996 0.00000000099999999996 0.00804550088246733242 
0.18598864695219854970 0.42739536167346614537 0.36884665222809764895 0.00000000099999999996 0.00000000099999999996 0.00000000099999999996 0.01776933614623781021 
0.20772792298535996958 0.30579347069287077243 0.47310337058379980935 0.00000000099999999998 0.01337523273796943635 0.00000000099999999998 0.00000000099999999998 
0.16843320945825862589 0.32272503558052756389 0.50109280440502090848 0.00000000099999999997 0.00000000099999999997 0.00000000099999999997 0.00774894755619282179 
0.35119032025950736031 0.30230655590148841627 0.34645566181097259273 0.00000000099999999999 0.00004745902803163695 0.00000000099999999999 0.00000000099999999999 
0.14119280097000772023 0.46963009678662037683 0.37299244151908378386 0.00000000099999999998 0.00760224812968509495 0.00000000099999999998 0.00858241059460297662 
0.08230444370989108138 0.47427658563625768595 0.44341896665385138743 0.00000000099999999998 0.00000000099999999998 0.00000000099999999998 0.00000000099999999998 
0.00000000099999999991 0.99999999400000016969 0.00000000099999999991 0.00000000099999999991 0.00000000099999999991 0.00000000099999999991 0.00000000099999999991 
0.00000000099999999993 0.00000000099999999993 0.00000000099999999993 0.00000000099999999993 0.00000000099999999993 0.00000000099999999993 0.99999999400000005867 
0.00000000099999999996 0.00000000099999999996 0.00411633276640364486 0.00000000099999999996 0.00000000099999999996 0.00000000099999999996 0.99588366223359625629 
0.00000000099999999971 0.00000000099999999971 0.00000000099999999971 0.00000000099999999971 0.00000000099999999971 0.99999999400000005867 0.00000000099999999971 
0.00000000099999999971 0.00000000099999999971 0.00000000099999999971 0.00000000099999999971 0.99999999400000005867 0.00000000099999999971 0.00000000099999999971 
0.00000000715172962582 0.00000000099999999999 0.06605981175176967035 0.00000000099999999999 0.03679066809260130716 0.00000000099999999999 0.89714951000389941971 
0.00000000099999999996 0.00000000099999999996 0.99999999399999994765 0.00000000099999999996 0.00000000099999999996 0.00000000099999999996 0.00000000099999999996 
0.00000000099999999994 0.99999999400000005867 0.00000000099999999994 0.00000000099999999994 0.00000000099999999994 0.00000000099999999994 0.00000000099999999994 
0.03584428140240503852 0.00000000099999999997 0.00000000099999999997 0.00000000099999999997 0.00150302830420531155 0.00000000099999999997 0.96265268629338962558 
0.20635761557009321687 0.00000000099999999997 0.79214412405276712903 0.00000000099999999997 0.00000000099999999997 0.00000000099999999997 0.00149825637713963040 
0.08381720179974731788 0.29183887081226161930 0.61395513926380995695 0.00000000099999999996 0.01038878512418117336 0.00000000099999999996 0.00000000099999999996 
0.99999999400000016969 0.00000000099999999986 0.00000000099999999986 0.00000000099999999986 0.00000000099999999986 0.00000000099999999986 0.00000000099999999986 
0.00000000099999999965 0.00000000099999999965 0.00000000099999999965 0.00000000099999999965 0.00000000099999999965 0.99999999400000005867 0.00000000099999999965 
0.00000000099999999967 0.00000000099999999967 0.00000000099999999967 0.99999999399999994765 0.00000000099999999967 0.00000000099999999967 0.00000000099999999967 
0.00000000099999999962 0.00000000099999999962 0.00000000099999999962 0.00000000099999999962 0.00000000099999999962 0.99999999399999994765 0.00000000099999999962 
0.00000000099999999969 0.00000000099999999969 0.00000000099999999969 0.39551987831233959003 0.00000000099999999969 0.60448011668766021831 0.00000000099999999969 
0.00000000099999999963 0.00000000099999999963 0.00000000099999999963 0.00000000099999999963 0.00000000099999999963 0.99999999399999994765 0.00000000099999999963 
0.00000000099999999997 0.00000000099999999997 0.00000000099999999997 0.00000000099999999997 0.00000000099999999997 0.00000000099999999997 0.99999999400000005867 
0.27533649451320413304 0.32490027230060664065 0.39128903934854825097 0.00000000099999999999 0.00847419083764097344 0.00000000099999999999 0.00000000099999999999 
0.00000000099999999964 0.00000000099999999964 0.00000000099999999964 0.00000000099999999964 0.00000000099999999964 0.99999999400000005867 0.00000000099999999964 
0.00000000099999999967 0.00000000099999999967 0.00000000099999999967 0.00000000099999999967 0.00000000099999999967 0.99999999400000005867 0.00000000099999999967 
0.00000000099999999970 0.00000000099999999970 0.00000000099999999970 0.00000000099999999970 0.99999999399999994765 0.00000000099999999970 0.00000000099999999970 
0.00000000099999999970 0.00000000099999999970 0.00000000099999999970 0.00000000099999999970 0.99999999400000005867 0.00000000099999999970 0.00000000099999999970 
0.27224811338146087669 0.26046824059397849505 0.46728364202456074139 0.00000000099999999998 0.00000000099999999998 0.00000000099999999998 0.00000000099999999998 
0.00000000099999999966 0.00000000099999999966 0.00000000099999999966 0.99999999400000005867 0.00000000099999999966 0.00000000099999999966 0.00000000099999999966 
0.00000000099999999997 0.00000000099999999997 0.99999999400000005867 0.00000000099999999997 0.00000000099999999997 0.00000000099999999997 0.00000000099999999997 
0.08535419940923059945 0.50929339625087699517 0.40535240033989261565 0.00000000099999999997 0.00000000099999999997 0.00000000099999999997 0.00000000099999999997 
0.00000000099999999996 0.05735456706795664938 0.00000000099999999996 0.00000000099999999996 0.00000000099999999996 0.00000000099999999996 0.94264542793204342264 
0.10368408471748780109 0.47416944687536949354 0.42105362759041864429 0.00000000099999999997 0.00000000099999999997 0.00000000099999999997 0.00109283781672424416 
0.00000000099999999991 0.00000000099999999991 0.00000000099999999991 0.00000000099999999991 0.00000000099999999991 0.00000000099999999991 0.99999999400000005867 
0.00000000099999999996 0.00000000099999999996 0.99999999400000005867 0.00000000099999999996 0.00000000099999999996 0.00000000099999999996 0.00000000099999999996 
0.00000000099999999992 0.00000000099999999992 0.00000000099999999992 0.00000000099999999992 0.00000000099999999992 0.00000000099999999992 0.99999999400000005867 
0.00000000099999999995 0.99999999400000005867 0.00000000099999999995 0.00000000099999999995 0.00000000099999999995 0.00000000099999999995 0.00000000099999999995 
0.11856160093809532674 0.45306774604593480493 0.41774610567547720841 0.00000000099999999999 0.01062454434049271527 0.00000000099999999999 0.00000000099999999999 
0.00000000099999999974 0.00000000099999999974 0.00000000099999999974 0.43151106710086462037 0.00000000099999999974 0.56848892789913541002 0.00000000099999999974 
0.00000000099999999994 0.00000000099999999994 0.00000000099999999994 0.00000000099999999994 0.00000000099999999994 0.00000000099999999994 0.99999999399999994765 
0.00000000099999999964 0.00000000099999999964 0.00000000099999999964 0.99999999400000005867 0.00000000099999999964 0.00000000099999999964 0.00000000099999999964 
0.00000000099999999964 0.00000000099999999964 0.00000000099999999964 0.99999999400000005867 0.00000000099999999964 0.00000000099999999964 0.00000000099999999964 
0.14779374454287091956 0.41486450839254285228 0.43592619397647475177 0.00000000099999999999 0.00000000099999999999 0.00000000099999999999 0.00141555008811159399 
0.00000000277836655829 0.38523568973122679360 0.59229203120078666167 0.00000000099999999997 0.00000000099999999997 0.00000000099999999997 0.02247227328962008580 
0.15082489930953238422 0.00000000099999999996 0.84917509569046767393 0.00000000099999999996 0.00000000099999999996 0.00000000099999999996 0.00000000099999999996 
0.08333717462529133257 0.24016973841320712890 0.67583598242663600608 0.00000000099999999998 0.00065710153486570576 0.00000000099999999998 0.00000000099999999998 
0.45143726136884981814 0.54856273363115015673 0.00000000099999999996 0.00000000099999999996 0.00000000099999999996 0.00000000099999999996 0.00000000099999999996 
0.25227541132975178639 0.74772458367024829951 0.00000000099999999996 0.00000000099999999996 0.00000000099999999996 0.00000000099999999996 0.00000000099999999996 
0.10632176067944661135 0.34498473372997690012 0.54869350159057672656 0.00000000099999999998 0.00000000099999999998 0.00000000099999999998 0.00000000099999999998 
0.00000000099999999995 0.01653835206281799655 0.00000012655911170277 0.00000000099999999995 0.00000000099999999995 0.00000000099999999995 0.98346151737807030457 
0.19093322948466712186 0.42779198273530810726 0.38127478378002499504 0.00000000099999999997 0.00000000099999999997 0.00000000099999999997 0.00000000099999999997 
0.00000000099999999965 0.00000000099999999965 0.00000000099999999965 0.99999999400000005867 0.00000000099999999965 0.00000000099999999965 0.00000000099999999965 
0.00000001521411080427 0.00000000099999999997 0.99999997978588917036 0.00000000099999999997 0.00000000099999999997 0.00000000099999999997 0.00000000099999999997 
0.00000000099999999985 0.00000000099999999985 0.00000000099999999985 0.00000000099999999985 0.00000000099999999985 0.99999999399999994765 0.00000000099999999985 
0.00000000099999999969 0.00000000099999999969 0.00000000099999999969 0.99999999399999994765 0.00000000099999999969 0.00000000099999999969 0.00000000099999999969 
0.18898834716296616931 0.34991382046906976955 0.44433700723581137648 0.00000000099999999998 0.00000000099999999998 0.00000000099999999998 0.01676082213215296032 
0.06855382238226705172 0.49529840270058367313 0.42980042126959461246 0.00000000099999999998 0.00634735064755481953 0.00000000099999999998 0.00000000099999999998 
0.37061661046582350387 0.00000422334180574453 0.62937915662812948803 0.00000000099999999998 0.00000000099999999998 0.00000000099999999998 0.00000000656424145705 
0.00000000099999999976 0.00000000099999999976 0.00000000099999999976 0.42865442835391981413 0.00000000099999999976 0.57134556664608004972 0.00000000099999999976 
0.00000000099999999992 0.00000000099999999992 0.00000000099999999992 0.00000000099999999992 0.00000000099999999992 0.00000000099999999992 0.99999999399999994765 
0.00000000099999999993 0.00000000099999999993 0.00000000099999999993 0.00000000099999999993 0.00000000099999999993 0.00000000099999999993 0.99999999400000005867 
0.00000000099999999969 0.00000000099999999969 0.00000000099999999969 0.99999999400000005867 0.00000000099999999969 0.00000000099999999969 0.00000000099999999969 
0.32013502826498507758 0.21172836234604550110 0.45978640695234890279 0.00000000099999999998 0.00000000099999999998 0.00000000099999999998 0.00835019943662051664 
0.16378657067247170964 0.16078927967173742286 0.62452541387782090077 0.00000000099999999999 0.01237286732503034212 0.00000000099999999999 0.03852586645293960832 
0.00000000099999999974 0.00000000099999999974 0.00000000099999999974 0.48754565681918765607 0.00000000099999999974 0.51245433818081231880 0.00000000099999999974 
0.23031964329293549976 0.34807921442056211081 0.42050190510348633977 0.00000000099999999998 0.00109919547257285831 0.00000000099999999998 0.00000003971044310635 
0.00000000099999999991 0.00000000099999999991 0.00000000099999999991 0.00000000099999999991 0.00000000099999999991 0.00000000099999999991 0.99999999400000005867 
0.00000000099999999999 0.58847316923535264444 0.00000000099999999999 0.00000000099999999999 0.10127960801006895275 0.10278922998999542870 0.20745798976458304508 
0.20873854808171860009 0.39359203331597880648 0.37494176981694921080 0.00250801388220703173 0.00000000099999999999 0.00000000099999999999 0.02021963290314632636 
0.00000000099999999994 0.99999999400000016969 0.00000000099999999994 0.00000000099999999994 0.00000000099999999994 0.00000000099999999994 0.00000000099999999994 
0.00000000099999999994 0.99999999400000016969 0.00000000099999999994 0.00000000099999999994 0.00000000099999999994 0.00000000099999999994 0.00000000099999999994 
0.99999999400000005867 0.00000000099999999987 0.00000000099999999987 0.00000000099999999987 0.00000000099999999987 0.00000000099999999987 0.00000000099999999987 
0.17371708631432486447 0.82628290868567533245 0.00000000099999999995 0.00000000099999999995 0.00000000099999999995 0.00000000099999999995 0.00000000099999999995 
0.06086629654999101136 0.40911107564069637554 0.53002262380931264296 0.00000000099999999998 0.00000000099999999998 0.00000000099999999998 0.00000000099999999998 
0.00000000135691972157 0.00000000099999999997 0.98927219326704585178 0.00000000099999999997 0.01072780137603449729 0.00000000099999999997 0.00000000099999999997 
0.00000000099999999995 0.99999999400000016969 0.00000000099999999995 0.00000000099999999995 0.00000000099999999995 0.00000000099999999995 0.00000000099999999995 
0.00000000099999999994 0.00000000099999999994 0.00000000099999999994 0.00000000099999999994 0.00000000099999999994 0.00000000099999999994 0.99999999400000005867 
0.34520947837388865631 0.00000000099999999997 0.65478249602285032438 0.00000000099999999997 0.00000000099999999997 0.00000000099999999997 0.00000802160326113261 
0.00000000099999999992 0.99999999400000016969 0.00000000099999999992 0.00000000099999999992 0.00000000099999999992 0.00000000099999999992 0.00000000099999999992 
0.20828903724566658062 0.31411882572421212512 0.43755425508227197007 0.00000000099999999999 0.00141423917438488400 0.00000000099999999999 0.03862364077346445990 
0.00108992802713350203 0.38199931238018991486 0.60694958840407009504 0.00000000099999999997 0.00000000099999999997 0.00000000099999999997 0.00996116818860651870 
0.08572409022396643152 0.38933661074562719850 0.49401239481527770003 0.00004155626169353228 0.00055614444914868716 0.00000000100000000000 0.03032920250428657732 
0.00000000099999999997 0.35661054091875787897 0.64338945408124226244 0.00000000099999999997 0.00000000099999999997 0.00000000099999999997 0.00000000099999999997 
0.10663435319109464128 0.26683567000484886833 0.61599818199502132110 0.00000000099999999999 0.00000000099999999999 0.00000000099999999999 0.01053179180903543975 
0.00000000099999999995 0.03139134774711453690 0.00000000099999999995 0.00000000099999999995 0.00000000099999999995 0.00000000099999999995 0.96860864725288542409 
0.00000000099999999994 0.99999999400000005867 0.00000000099999999994 0.00000000099999999994 0.00000000099999999994 0.00000000099999999994 0.00000000099999999994 
0.22269646856785352274 0.27143434942495830997 0.49746475562996872455 0.00000000099999999998 0.00836697872090714362 0.00000000099999999998 0.00003744565631231470 
0.21939045024627612523 0.17185675647895629070 0.60083087531993861763 0.00676621675653791242 0.00000000100000000000 0.00000000100000000000 0.00115569919829110819 
0.00000000099999999996 0.00000000099999999996 0.00000000099999999996 0.00000000099999999996 0.00000000099999999996 0.00000000099999999996 0.99999999400000005867 
0.00000000099999999999 0.37813365857279346294 0.58140799809337795345 0.01982529093429850550 0.00000000099999999999 0.00000000099999999999 0.02063304939952999989 
0.19001736157106616232 0.25403833852091267653 0.54942137491888320966 0.00000000099999999999 0.00476980141149283866 0.00000000099999999999 0.00175312157764506054 
0.09774267535647369887 0.10207018451787069901 0.31605462253002963857 0.00000000099999999998 0.00870046276025015879 0.00000000099999999998 0.47543205283537581796 
0.31599448791255502211 0.00000000099999999996 0.68034372609798121623 0.00000000099999999996 0.00000000099999999996 0.00000000099999999996 0.00366178198946371172 
0.00000000099999999971 0.00000000099999999971 0.00000000099999999971 0.99999999399999994765 0.00000000099999999971 0.00000000099999999971 0.00000000099999999971 
0.00001229824532518275 0.37139169469664534695 0.60149113616724148024 0.00000000099999999999 0.01648249390254285726 0.00000000099999999999 0.01062237498824517012 
0.19603789295804621706 0.28863035525921393321 0.49651920892941364682 0.00000000099999999999 0.00006394362680117316 0.00000000099999999999 0.01874859722652504751 
