0.77448722425702132277 0.00000000099999999998 0.01741461678408725428 0.00000000099999999998 0.00000000099999999998 0.00000000099999999998 0.20809815395889136314 0.00000000099999999998 
0.00000000099999999993 0.00000000099999999993 0.00000000099999999993 0.00000000099999999993 0.99999999299999997593 0.00000000099999999993 0.00000000099999999993 0.00000000099999999993 
0.00000000099999999994 0.00000000099999999994 0.00000000099999999994 0.00000000099999999994 0.99999999300000008695 0.00000000099999999994 0.00000000099999999994 0.00000000099999999994 
0.53489835939480889770 0.00761714952484521864 0.00000000099999999998 0.42178267004324865308 0.03570181703709733589 0.00000000099999999998 0.00000000099999999998 0.00000000099999999998 
0.70059634873445431058 0.01067969778562119845 0.00000000099999999999 0.00000000099999999999 0.00000000099999999999 0.00000000099999999999 0.07724033138354247097 0.21148361809638213660 
0.85239601284614019416 0.00000000099999999998 0.00000000099999999998 0.00000000099999999998 0.00021803573205901635 0.00000000099999999998 0.14738594642180091743 0.00000000099999999998 
0.00000000099999999993 0.00000000099999999993 0.00000000099999999993 0.00000000099999999993 0.93993414440231515261 0.00000000099999999993 0.06006584959768477422 0.00000000099999999993 
0.00000000099999999992 0.00000000099999999992 0.00000000099999999992 0.00000000099999999992 0.99999999299999997593 0.00000000099999999992 0.00000000099999999992 0.00000000099999999992 
0.60215787682366206379 0.02152448273610368251 0.00000000099999999998 0.23396152941327919006 0.00836396325951122184 0.00000000099999999998 0.00000000099999999998 0.13399214476744400470 
0.00000000099999999994 0.00000000099999999994 0.00000000099999999994 0.00000000099999999994 0.99999999299999997593 0.00000000099999999994 0.00000000099999999994 0.00000000099999999994 
0.40516387907426659742 0.00603034621348988529 0.00000029001525726806 0.29127802750837727963 0.00979551453022123146 0.00000000099999999999 0.00000000099999999999 0.28773194065838764155 
0.68332640976293723689 0.01071612631959325233 0.00000000099999999998 0.00000000099999999998 0.02969781683573712722 0.00000000099999999998 0.00000000100149774068 0.27625964308023476246 
0.46400578015037252655 0.00577672603272574164 0.00000000099999999999 0.28526078149533817818 0.00000000099999999999 0.00000000099999999999 0.05484885505429031027 0.19010785426727339065 
0.40587926015393588353 0.00000000099999999999 0.01031616422772087954 0.19348976359072428410 0.00000000099999999999 0.00000000099999999999 0.11966116501314370824 0.27065364401447522535 
0.59965993999709366058 0.01649047386571140736 0.00000000099999999999 0.00000000099999999999 0.00000000099999999999 0.00000000099999999999 0.16765824121132608115 0.21619134092586889118 
0.51836484541436056439 0.00000000099999999999 0.02860855911944789123 0.11913764665223749994 0.04497128103159644952 0.00000000099999999999 0.11117392701905925989 0.17774373876329843669 
0.00000000099999999987 0.00000000099999999987 0.00000000099999999987 0.00000000099999999987 0.00000000099999999987 0.00000000099999999987 0.00000000099999999987 0.99999999300000008695 
0.31031193234496712297 0.00000000099999999998 0.00000000099999999998 0.31508419423150418881 0.00000000099999999998 0.00000000099999999998 0.10734927613421109405 0.26725459328931755465 
0.80036296888715641185 0.01052107202432982745 0.00000000099999999999 0.14421952420437597620 0.00000000099999999999 0.00000000099999999999 0.04489643088413787508 0.00000000099999999999 
0.99717769242951392883 0.00282230157048619403 0.00000000099999999997 0.00000000099999999997 0.00000000099999999997 0.00000000099999999997 0.00000000099999999997 0.00000000099999999997 
0.62078730114307068000 0.00000000099999999999 0.00000000099999999999 0.29559416443560510013 0.00000000099999999999 0.00000000099999999999 0.08341016076448744265 0.00020836965683702016 
0.00001231783280389031 0.00000000099999999997 0.00000000099999999997 0.00000000099999999997 0.99998767616719608231 0.00000000099999999997 0.00000000099999999997 0.00000000099999999997 
0.00000000099999999989 0.00000000099999999989 0.00000000099999999989 0.99999999300000008695 0.00000000099999999989 0.00000000099999999989 0.00000000099999999989 0.00000000099999999989 
0.00000000099999999978 0.00000000099999999978 0.00000000099999999978 0.00000000099999999978 0.00000000099999999978 0.00000000099999999978 0.00000000099999999978 0.99999999299999997593 
0.45244475987761595404 0.00000000099999999998 0.00000000099999999998 0.22851060726885641383 0.00655202273955221483 0.00000000099999999998 0.12510363098064217202 0.18738897613333324599 
0.51919999738738376038 0.00000000099999999999 0.00600758801560600467 0.30162321017775850507 0.00000000099999999999 0.00000000099999999999 0.00000000099999999999 0.17316920041925176754 
0.00000000099999999969 0.00000000099999999969 0.99999999300000008695 0.00000000099999999969 0.00000000099999999969 0.00000000099999999969 0.00000000099999999969 0.00000000099999999969 
0.00000000099999999951 0.99999999300000008695 0.00000000099999999951 0.00000000099999999951 0.00000000099999999951 0.00000000099999999951 0.00000000099999999951 0.00000000099999999951 
0.00000000099999999992 0.00000000099999999992 0.00000000099999999992 0.99999999299999997593 0.00000000099999999992 0.00000000099999999992 0.00000000099999999992 0.00000000099999999992 
0.42402600617703056773 0.00000000099999999998 0.01181225688886622729 0.33277131014734140368 0.00000000099999999998 0.00000000099999999998 0.00000000099999999998 0.23139042278676177911 
0.00000000099999999970 0.00000000099999999970 0.00000000099999999970 0.00000000099999999970 0.00000000099999999970 0.00000000099999999970 0.99999999299999997593 0.00000000099999999970 
0.00000000099999999994 0.00000000099999999994 0.00000000099999999994 0.00000000099999999994 0.93708813573248017637 0.00000000099999999994 0.00000000099999999994 0.06291185826751978516 
0.00000000099999999987 0.37215736956586331630 0.00000000099999999987 0.00000000099999999987 0.14618419602144847036 0.00000000099999999987 0.00000000099999999987 0.48165842941268821598 
0.45740090766136409783 0.00000000099999999998 0.00000000099999999998 0.28709196753974913774 0.00000000099999999998 0.00000000099999999998 0.09173811827786018669 0.16376900252102669087 
0.00000000099999999967 0.00000000099999999967 0.00000000099999999967 0.00000000099999999967 0.00000000099999999967 0.99999999300000008695 0.00000000099999999967 0.00000000099999999967 
0.00000000099999999958 0.00000000099999999958 0.00000000099999999958 0.00000000099999999958 0.00000000099999999958 0.99999999300000008695 0.00000000099999999958 0.00000000099999999958 
0.00000000099999999958 0.00000000099999999958 0.00000000099999999958 0.00000000099999999958 0.00000000099999999958 0.99999999300000008695 0.00000000099999999958 0.00000000099999999958 
0.00000000099999999969 0.00000000099999999969 0.99999999300000008695 0.00000000099999999969 0.00000000099999999969 0.00000000099999999969 0.00000000099999999969 0.00000000099999999969 
0.00000000099999999966 0.00000000099999999966 0.99999999300000008695 0.00000000099999999966 0.00000000099999999966 0.00000000099999999966 0.00000000099999999966 0.00000000099999999966 
0.37205777445128207503 0.00000000099999999997 0.00000000099999999997 0.34090545579433312318 0.00000000099999999997 0.00000000099999999997 0.11752113252933742149 0.16951563322504745179 
0.00000000099999999996 0.00000000099999999996 0.00000000099999999996 0.00000000099999999996 0.99999999299999997593 0.00000000099999999996 0.00000000099999999996 0.00000000099999999996 
0.00000000099999999967 0.00000000099999999967 0.99999999300000008695 0.00000000099999999967 0.00000000099999999967 0.00000000099999999967 0.00000000099999999967 0.00000000099999999967 
0.00000000099999999996 0.00000000099999999996 0.00000000099999999996 0.67001901632005300691 0.00000000099999999996 0.00000000099999999996 0.00000000099999999996 0.32998097767994716278 
0.00000000099999999993 0.00000000099999999993 0.00000000099999999993 0.00000000099999999993 0.99999999300000008695 0.00000000099999999993 0.00000000099999999993 0.00000000099999999993 
0.00000000099999999959 0.99999999300000008695 0.00000000099999999959 0.00000000099999999959 0.00000000099999999959 0.00000000099999999959 0.00000000099999999959 0.00000000099999999959 
0.44025326304305434366 0.00000000099999999999 0.00970526747287722528 0.30225819030604145210 0.01248315741014027584 0.00000000099999999999 0.00000000099999999999 0.23530011876788681224 
0.00000000099999999969 0.00000000099999999969 0.99999999299999997593 0.00000000099999999969 0.00000000099999999969 0.00000000099999999969 0.00000000099999999969 0.00000000099999999969 
0.00000000099999999995 0.00000000099999999995 0.00000000099999999995 0.00000000099999999995 0.99999999300000008695 0.00000000099999999995 0.00000000099999999995 0.00000000099999999995 
0.00000000099999999990 0.00000000099999999990 0.00000000099999999990 0.00000000099999999990 0.99999999300000008695 0.00000000099999999990 0.00000000099999999990 0.00000000099999999990 
0.00000000099999999953 0.99999999300000008695 0.00000000099999999953 0.00000000099999999953 0.00000000099999999953 0.00000000099999999953 0.00000000099999999953 0.00000000099999999953 
0.00000000099999999972 0.19877213601298879264 0.80122785798701134929 0.00000000099999999972 0.00000000099999999972 0.00000000099999999972 0.00000000099999999972 0.00000000099999999972 
0.00000000099999999995 0.00000000099999999995 0.00000000099999999995 0.00000000099999999995 0.99999999300000008695 0.00000000099999999995 0.00000000099999999995 0.00000000099999999995 
0.00000000099999999995 0.00000000099999999995 0.00000000099999999995 0.00000000099999999995 0.99999999299999997593 0.00000000099999999995 0.00000000099999999995 0.00000000099999999995 
0.00000000099999999995 0.00000000099999999995 0.00000000099999999995 0.00000000099999999995 0.99999999299999997593 0.00000000099999999995 0.00000000099999999995 0.00000000099999999995 
0.00000000099999999972 0.00000000099999999972 0.99999999299999997593 0.00000000099999999972 0.00000000099999999972 0.00000000099999999972 0.00000000099999999972 0.00000000099999999972 
0.45546449208254607965 0.01713607124995923658 0.00000000099999999999 0.33952383433822025394 0.04926873722016874430 0.00000000099999999999 0.00000000099999999999 0.13860686210910586058 
0.52355407995096603369 0.00000000099999999999 0.02235858165376268872 0.39853054020168571236 0.00000000099999999999 0.00000000099999999999 0.05555679419358547366 0.00000000099999999999 
0.79878852561828739276 0.00000000099999999994 0.00000000099999999994 0.00000000099999999994 0.00000000099999999994 0.00000000099999999994 0.20121146838171269366 0.00000000099999999994 
0.00000000099999999989 0.00000000099999999989 0.00000000099999999989 0.99999999299999997593 0.00000000099999999989 0.00000000099999999989 0.00000000099999999989 0.00000000099999999989 
0.00000000099999999993 0.00000000099999999993 0.00000000099999999993 0.00000000099999999993 0.99999999299999997593 0.00000000099999999993 0.00000000099999999993 0.00000000099999999993 
0.63835786943509864599 0.00071453368204938393 0.00837812089074501352 0.20505585889506419695 0.00125698449450158969 0.00000344101546976720 0.00000000100000000000 0.14623319058707134888 
0.00000000099999999964 0.00000000099999999964 0.00000000099999999964 0.00000000099999999964 0.00000000099999999964 0.99999999300000008695 0.00000000099999999964 0.00000000099999999964 
0.99361891387035716772 0.00638106732739035249 0.00000000099999999997 0.00000000099999999997 0.00000001380225260160 0.00000000099999999997 0.00000000099999999997 0.00000000099999999997 
0.00000000099999999965 0.00000000099999999965 0.00000000099999999965 0.00000000099999999965 0.00000000099999999965 0.99999999299999997593 0.00000000099999999965 0.00000000099999999965 
0.63148736851611819709 0.00000000099999999999 0.00000000099999999999 0.00000000099999999999 0.03681453267136228225 0.00000000099999999999 0.00000000099999999999 0.33169809381251957880 
0.00000000099999999966 0.00000000099999999966 0.00000000099999999966 0.00000000099999999966 0.00000000099999999966 0.99999999300000008695 0.00000000099999999966 0.00000000099999999966 
0.77203324218771895993 0.00000000099999999996 0.00000000099999999996 0.00000000099999999996 0.00000000099999999996 0.00000000099999999996 0.22796675181228115425 0.00000000099999999996 
0.71489062706895367683 0.00000000099999999999 0.00656998936057577500 0.00000000099999999999 0.00000000099999999999 0.00000000099999999999 0.10250655255866492066 0.17603282701180550385 
0.00000000099999999991 0.00000000099999999991 0.00000000099999999991 0.00000000099999999991 0.99999999300000008695 0.00000000099999999991 0.00000000099999999991 0.00000000099999999991 
0.81820352218529579513 0.00000000099999999997 0.00000000099999999997 0.00000000099999999997 0.00000000099999999997 0.00000000099999999997 0.00000000099999999997 0.18179647181470437456 
0.00000000099999999966 0.00000000099999999966 0.00000000099999999966 0.00000000099999999966 0.00000000099999999966 0.99999999300000008695 0.00000000099999999966 0.00000000099999999966 
0.00000000099999999968 0.00000000099999999968 0.00000000099999999968 0.00000000099999999968 0.00000000099999999968 0.99999999300000008695 0.00000000099999999968 0.00000000099999999968 
0.46923437551950836211 0.01028624362370402986 0.00000000099999999999 0.17566925387749410259 0.06957967976587435543 0.00000000099999999999 0.10235670880739243527 0.17287373640602668456 
0.00000000099999999991 0.00000000099999999991 0.00000000099999999991 0.00000000099999999991 0.99999999300000008695 0.00000000099999999991 0.00000000099999999991 0.00000000099999999991 
0.00000000099999999973 0.00000000099999999973 0.99999999299999997593 0.00000000099999999973 0.00000000099999999973 0.00000000099999999973 0.00000000099999999973 0.00000000099999999973 
0.00000000099999999993 0.00000000099999999993 0.00000000099999999993 0.00000000099999999993 0.99999999300000008695 0.00000000099999999993 0.00000000099999999993 0.00000000099999999993 
0.62894955623311876725 0.00000000099999999998 0.00000000099999999998 0.01668004721909178978 0.00382958776122558492 0.00000000099999999998 0.17238717243879037033 0.17815363334777359339 
0.00000000099999999962 0.00000000099999999962 0.00000000099999999962 0.00000000099999999962 0.00000000099999999962 0.99999999299999997593 0.00000000099999999962 0.00000000099999999962 
0.00000000099999999961 0.00000000099999999961 0.99999999300000008695 0.00000000099999999961 0.00000000099999999961 0.00000000099999999961 0.00000000099999999961 0.00000000099999999961 
0.00000000099999999969 0.00000000099999999969 0.00000000099999999969 0.00000000099999999969 0.00000000099999999969 0.99999999300000008695 0.00000000099999999969 0.00000000099999999969 
0.64720346160623054566 0.00000000099999999999 0.02136456219611246668 0.26312067166355684877 0.00000000099999999999 0.00000000099999999999 0.06831130053410019998 0.00000000099999999999 
0.00000000099999999992 0.00000000099999999992 0.00000000099999999992 0.00000000099999999992 0.99999999299999997593 0.00000000099999999992 0.00000000099999999992 0.00000000099999999992 
0.00000000099999999993 0.00000000099999999993 0.00000000099999999993 0.00000000099999999993 0.99999999300000008695 0.00000000099999999993 0.00000000099999999993 0.00000000099999999993 
0.34208017514505317802 0.00000000099999999998 0.00000000099999999998 0.25434572007849115538 0.20537520344473333966 0.00000000099999999998 0.14390134435487958453 0.05429755397684266766 
0.65624674050933251568 0.00000000099999999999 0.02695120583697591457 0.15466921109272907531 0.01049743470794885225 0.00000000099999999999 0.00024453266971002127 0.15139087318330363141 
0.38922149961640717386 0.00000000099999999995 0.00000000099999999995 0.40525606939217789781 0.00000000099999999995 0.00000000099999999995 0.20092117313687804514 0.00460125385453678641 
0.51048460223213443232 0.00000000099999999997 0.00000000099999999997 0.17608645696527691626 0.00000000099999999997 0.00000000099999999997 0.15280363831490806348 0.16062529848768064555 
0.36679102547221104080 0.00000000099999999998 0.00000000099999999998 0.34531056750038729986 0.00000000099999999998 0.00000000099999999998 0.08299646656877428252 0.20490193645862750382 
0.51866616614821048348 0.00000000099999999997 0.00000000099999999997 0.35881727666234436436 0.00000000099999999997 0.00000000099999999997 0.00000000099999999997 0.12251655218944530745 
0.63358086333868579576 0.00000000099999999998 0.00000000099999999998 0.15844415118916896357 0.00000000099999999998 0.00000000099999999998 0.07715667022933674069 0.13081831124280859924 
0.48653191280108482042 0.01097625617941673341 0.00000000099999999999 0.25802460398229004612 0.00541694206101315211 0.00000000099999999999 0.03541919737899713178 0.20363108559719803048 
0.45890955930249499595 0.00000000099999999999 0.00000000099999999999 0.28437863126808948788 0.03596052084906843638 0.00000000099999999999 0.02834726159310924434 0.19240402398723788213 
0.00000000099999999992 0.00000000099999999992 0.00000000099999999992 0.00000000099999999992 0.95444447311035807147 0.00000000099999999992 0.04555552088964190394 0.00000000099999999992 
0.01275266128884219169 0.00000000099999999997 0.00000000099999999997 0.00000000099999999997 0.98724733271115783229 0.00000000099999999997 0.00000000099999999997 0.00000000099999999997 
0.00000000099999999979 0.00000000099999999979 0.00000000099999999979 0.00000000099999999979 0.00000000099999999979 0.99999999299999997593 0.00000000099999999979 0.00000000099999999979 
0.00000000099999999996 0.00000000099999999996 0.00000000099999999996 0.00000000099999999996 0.99999999300000008695 0.00000000099999999996 0.00000000099999999996 0.00000000099999999996 
0.00000000099999999997 0.00000000099999999997 0.00000000099999999997 0.00000000099999999997 0.99999999300000008695 0.00000000099999999997 0.00000000099999999997 0.00000000099999999997 
0.75895612978357640532 0.00000000099999999999 0.00986493708118530745 0.00000072318667584861 0.03420431170105088514 0.00000000099999999999 0.00000000099999999999 0.19697389524751160450 
0.00000000099999999957 0.00000000099999999957 0.00000000099999999957 0.00000000099999999957 0.00000000099999999957 0.99999999300000008695 0.00000000099999999957 0.00000000099999999957 
0.35012610381354697386 0.00000000099999999998 0.00000000099999999998 0.34570936863458812116 0.00000000099999999998 0.00000000099999999998 0.14722468211325656640 0.15693984143860836844 
0.68973621671005114209 0.00000000099999999999 0.00954763940184993887 0.06284128977850504671 0.00941274431918944290 0.00000000099999999999 0.08627371970774573573 0.14218838808265882312 
0.72549366132646186944 0.00000000099999999999 0.00371442166228535533 0.00000000099999999999 0.00000000099999999999 0.00000000099999999999 0.09614318954220905933 0.17464872346904383726 
0.70275598438257669276 0.01462832916573541045 0.00000000099999999999 0.00000000099999999999 0.03631769142380828624 0.00000000099999999999 0.00002624077454987597 0.24627175125332964600 
0.70972827026591522870 0.00000000099999999999 0.00000000099999999999 0.00000000099999999999 0.00000000099999999999 0.00000000099999999999 0.07084880673422075392 0.21942291799986426981 
0.00000000099999999996 0.00000000099999999996 0.00000000099999999996 0.74344191471392406800 0.00000000099999999996 0.00000000099999999996 0.00000000099999999996 0.25655807928607593515 
0.80950887575854924005 0.00000000099999999999 0.00000000099999999999 0.00000000099999999999 0.00028682087370221352 0.00000000099999999999 0.00000000099999999999 0.19020429836774879750 
0.00000000099999999991 0.00000000099999999991 0.00000000099999999991 0.99999999299999997593 0.00000000099999999991 0.00000000099999999991 0.00000000099999999991 0.00000000099999999991 
0.94465591299321849394 0.00000000099999999999 0.03656298590490580230 0.00000000099999999999 0.01878109610187582088 0.00000000099999999999 0.00000000099999999999 0.00000000099999999999 
0.39382667950034838666 0.00000000099999999998 0.01015350366202563692 0.32961906361081927397 0.00000000099999999998 0.00000000099999999998 0.10027571305370430732 0.16612503717310239670 
0.99999999300000008695 0.00000000099999999995 0.00000000099999999995 0.00000000099999999995 0.00000000099999999995 0.00000000099999999995 0.00000000099999999995 0.00000000099999999995 
0.56027335512980336318 0.00000000099999999999 0.02750102113682526342 0.12659019465081039479 0.03202694988602475951 0.00000000099999999999 0.00000000099999999999 0.25360847619653631435 
0.46051567863817277626 0.00906219320313044439 0.00000000099999999998 0.26040885149642750696 0.00000000099999999998 0.00000000099999999998 0.08905357571973666897 0.18095969794253258245 
0.74439626989425888848 0.00000000180628896108 0.00000000099999999999 0.00000000099999999999 0.00000000099999999999 0.00000000099999999999 0.10464816174523662584 0.15095556255421571645 
0.65979145258051252743 0.00000000099999999998 0.00000000099999999998 0.00004434990309262843 0.00000000099999999998 0.00000000099999999998 0.11726446411048306595 0.22289972940591187833 
0.48652550396239419017 0.00000000099999999998 0.00000000099999999998 0.21674429929694530306 0.04008143559326426963 0.00000000099999999998 0.00000000099999999998 0.25664875714739610046 
0.57015816367839389223 0.00000000099999999999 0.00994888061082858065 0.18217894058186939743 0.01035061073631127031 0.00000000099999999999 0.04549082467960565562 0.18187257771299136788 
0.43163941137110456436 0.00000000099999999999 0.00000000099999999999 0.38100451588191008856 0.04562009053885335980 0.00000000099999999999 0.00000000099999999999 0.14173597820813185755 
0.52840774679745450282 0.00000000099999999999 0.00000000099999999999 0.33217866669899120957 0.00510829929175904938 0.00000000099999999999 0.00000000099999999999 0.13430528321179521778 
0.48235046117358187923 0.00000046196862051343 0.00000000099999999998 0.21957748987593739276 0.02402184132106134282 0.00000000099999999998 0.00000000099999999998 0.27404974266079878964 
0.56784216386063990356 0.02138747249377904655 0.00000000100000000000 0.13743085824648809679 0.01555999980671324105 0.06189656157664370772 0.05743265017627475350 0.13845029283946125309 
0.70604128874165594798 0.00000000099999999997 0.00000000099999999997 0.00000000099999999997 0.00000000099999999997 0.00000000099999999997 0.09837734338784595578 0.19558136287049820989 
0.49671133180735393964 0.00000000099999999995 0.00000000099999999995 0.00000000099999999995 0.00000000099999999995 0.00000000099999999995 0.18011193600140545934 0.32317672719124040936 
0.00000000099999999988 0.00000000099999999988 0.00000000099999999988 0.00000000099999999988 0.00000000099999999988 0.00000000099999999988 0.00000000099999999988 0.99999999299999997593 
0.48340592322068803854 0.01140710490418334055 0.00695427825006833273 0.31251909149994744341 0.00000000099999999999 0.00000000099999999999 0.00000000099999999999 0.18571359912511281598 
0.33890681405611355892 0.00000000099999999997 0.00000000099999999997 0.50204498926393881231 0.01169557216126710167 0.00000000099999999997 0.00000000099999999997 0.14735262051868056044 
0.00000000099999999996 0.00000000099999999996 0.00000000099999999996 0.47112852003919791777 0.00000000099999999996 0.00000000099999999996 0.00000000099999999996 0.52887147396080191886 
0.42119593597273125019 0.01065696709310127652 0.00000000099999999999 0.30721984717785200125 0.00746823280948943034 0.00000000099999999999 0.00000017938503385662 0.25345883556179205076 
0.66003291841353117775 0.00000000099999999997 0.00000000099999999997 0.00000000099999999997 0.00000000099999999997 0.00000000099999999997 0.15972731776777723822 0.18023975881869175319 
0.57633157698738368691 0.00000000099999999998 0.00000000099999999998 0.26626000063850430166 0.03142538375278954715 0.00000000099999999998 0.03316475393822392037 0.09281828168309856630 
0.00000000099999999992 0.00000000099999999992 0.00000000099999999992 0.00000000099999999992 0.99999999300000008695 0.00000000099999999992 0.00000000099999999992 0.00000000099999999992 
0.00000000099999999996 0.00000000099999999996 0.00000000099999999996 0.01303535812323754553 0.98696463587676241946 0.00000000099999999996 0.00000000099999999996 0.00000000099999999996 
0.00000000099999999971 0.00000000099999999971 0.00000000099999999971 0.00000000099999999971 0.00000000099999999971 0.99999999299999997593 0.00000000099999999971 0.00000000099999999971 
0.00000000099999999963 0.00000000099999999963 0.99999999300000008695 0.00000000099999999963 0.00000000099999999963 0.00000000099999999963 0.00000000099999999963 0.00000000099999999963 
0.00000000099999999998 0.02923372879516333150 0.00000000099999999998 0.00000000099999999998 0.86070491620812916711 0.00000000099999999998 0.11006134999670749708 0.00000000099999999998 
0.99883204959008387025 0.00000000099999999995 0.00000000099999999995 0.00000000099999999995 0.00116794440991618473 0.00000000099999999995 0.00000000099999999995 0.00000000099999999995 
0.74312352176300011664 0.00000000099999999999 0.00176806520799721568 0.22429919751560731256 0.03080921151339521824 0.00000000099999999999 0.00000000099999999999 0.00000000099999999999 
0.00000000099999999998 0.00000000099999999998 0.00459856205512890540 0.02858005171324695670 0.96682138123162419951 0.00000000099999999998 0.00000000099999999998 0.00000000099999999998 
0.51210147486378998494 0.00000000099999999998 0.00000000099999999998 0.38149677319002445186 0.00000000099999999998 0.00000000099999999998 0.10640172177972287426 0.00000002616646278131 
0.68625091035499163894 0.01674505350137728971 0.00000000099999999998 0.00000000099999999998 0.00000000099999999998 0.00000000099999999998 0.07066917417211712737 0.22633485797151417507 
0.00000000099999999989 0.00000000099999999989 0.00000000099999999989 0.99999999299999997593 0.00000000099999999989 0.00000000099999999989 0.00000000099999999989 0.00000000099999999989 
0.00000000099999999962 0.00000000099999999962 0.00000000099999999962 0.00000000099999999962 0.00000000099999999962 0.99999999300000008695 0.00000000099999999962 0.00000000099999999962 
0.00000000099999999966 0.00000000099999999966 0.00000000099999999966 0.00000000099999999966 0.00000000099999999966 0.99999999299999997593 0.00000000099999999966 0.00000000099999999966 
0.00000000099999999958 0.00000000099999999958 0.00000000099999999958 0.00000000099999999958 0.00000000099999999958 0.99999999300000008695 0.00000000099999999958 0.00000000099999999958 
0.00000000099999999959 0.00000000099999999959 0.00000000099999999959 0.00000000099999999959 0.00000000099999999959 0.99999999299999997593 0.00000000099999999959 0.00000000099999999959 
0.00000000099999999959 0.00000000099999999959 0.00000000099999999959 0.00000000099999999959 0.00000000099999999959 0.99999999300000008695 0.00000000099999999959 0.00000000099999999959 
0.00000000099999999996 0.00000000099999999996 0.00000000099999999996 0.00000000099999999996 0.94268027893580219612 0.00000000099999999996 0.05731971506419780010 0.00000000099999999996 
0.55599523768006942070 0.00547495223269089861 0.00000000099999999999 0.16889020058106210542 0.00000000099999999999 0.00000000099999999999 0.15761917945267678309 0.11202042705350083451 
0.00000000099999999960 0.00000000099999999960 0.00000000099999999960 0.00000000099999999960 0.00000000099999999960 0.99999999300000008695 0.00000000099999999960 0.00000000099999999960 
0.00000000099999999966 0.00000000099999999966 0.00000000099999999966 0.00000000099999999966 0.00000000099999999966 0.99999999300000008695 0.00000000099999999966 0.00000000099999999966 
0.00000000099999999961 0.00000000099999999961 0.99999999299999997593 0.00000000099999999961 0.00000000099999999961 0.00000000099999999961 0.00000000099999999961 0.00000000099999999961 
0.00000000099999999951 0.99999999300000019797 0.00000000099999999951 0.00000000099999999951 0.00000000099999999951 0.00000000099999999951 0.00000000099999999951 0.00000000099999999951 
0.00000000099999999988 0.00000000099999999988 0.00000000099999999988 0.99999999299999997593 0.00000000099999999988 0.00000000099999999988 0.00000000099999999988 0.00000000099999999988 
0.00000000099999999963 0.00000000099999999963 0.00000000099999999963 0.00000000099999999963 0.00000000099999999963 0.99999999299999997593 0.00000000099999999963 0.00000000099999999963 
0.67761741497685457070 0.00000000099999999998 0.00000000099999999998 0.00000000099999999998 0.00000000099999999998 0.00000000099999999998 0.12093389660532510854 0.20144868341782037890 
0.61512643336352168522 0.00000000099999999998 0.00366530980110457922 0.08721574693967888703 0.00000000099999999998 0.00000000099999999998 0.12466455474781840129 0.16932795214787649263 
0.00000000099999999995 0.00000000099999999995 0.00000000099999999995 0.00000000099999999995 0.91453680204895004824 0.00000000099999999995 0.08546319195105001043 0.00000000099999999995 
0.60331156040817535136 0.00000000099999999998 0.00000000099999999998 0.14122699913397018801 0.01868951029324718294 0.00000000099999999998 0.00000000099999999998 0.23677192616460734920 
0.00000000099999999991 0.00000000099999999991 0.00000000099999999991 0.00000000099999999991 0.99999999300000008695 0.00000000099999999991 0.00000000099999999991 0.00000000099999999991 
0.67441992084642188310 0.00000000099999999998 0.00000000099999999998 0.00000002701152809575 0.00000000099999999998 0.00000000099999999998 0.15442537754389695781 0.17115467059815314688 
0.00000000099999999991 0.00000000099999999991 0.00000000099999999991 0.00000000099999999991 0.99999999300000008695 0.00000000099999999991 0.00000000099999999991 0.00000000099999999991 
0.46865271071956682292 0.00000000099999999999 0.01296847655450974850 0.17451831145814289403 0.00000000099999999999 0.00000000099999999999 0.11676989909802226730 0.22709059916975812832 
0.80945295173284803614 0.00000000099999999999 0.01703720196008660231 0.00000000099999999999 0.00000000099999999999 0.00000000099999999999 0.05726392929239922103 0.11624591301466621895 
0.00000000099999999967 0.00000000099999999967 0.00000000099999999967 0.00000000099999999967 0.00000000099999999967 0.99999999299999997593 0.00000000099999999967 0.00000000099999999967 
0.00000000099999999993 0.00000000099999999993 0.00000000099999999993 0.00000000099999999993 0.99999999299999997593 0.00000000099999999993 0.00000000099999999993 0.00000000099999999993 
0.00000000099999999961 0.00000000099999999961 0.00000000099999999961 0.00000000099999999961 0.00000000099999999961 0.99999999300000008695 0.00000000099999999961 0.00000000099999999961 
0.00000000099999999959 0.00000000099999999959 0.00000000099999999959 0.00000000099999999959 0.00000000099999999959 0.99999999299999997593 0.00000000099999999959 0.00000000099999999959 
0.63407189427005017368 0.00000000099999999999 0.00000000099999999999 0.00000043686074677743 0.00989826531066179648 0.00000000099999999999 0.00000000099999999999 0.35602939955854134846 
0.34563209695419594425 0.00000000099999999995 0.00000000099999999995 0.45528312033699008810 0.00000000099999999995 0.00000000099999999995 0.19908477770881394253 0.00000000099999999995 
0.99801997935002750850 0.00000000099999999996 0.00000000099999999996 0.00000000099999999996 0.00198001464997255060 0.00000000099999999996 0.00000000099999999996 0.00000000099999999996 
0.49143634181131568006 0.00496403854677951017 0.00000000099999999999 0.28920136730493700705 0.00000000155252088955 0.00000000099999999999 0.02491107320924640378 0.18948717557520045052 
0.63187626987313350035 0.00000000099999999999 0.00782775049331124045 0.00000000194167925291 0.00000000099999999999 0.00000000099999999999 0.14422223514279824963 0.21607373954907790892 
0.48503122913564511443 0.00000000099999999998 0.00852725853951214786 0.20774520238652582904 0.01305943494852773896 0.00000000099999999998 0.05038295331348902062 0.23525391967630010503 
0.59020781103779662580 0.00000000099999999998 0.00000000099999999998 0.37034203648175539891 0.00000000099999999998 0.00000000099999999998 0.03945014748044808200 0.00000000099999999998 
0.00000000099999999996 0.00000000099999999996 0.00000000099999999996 0.03361089922305839084 0.96638909477694168171 0.00000000099999999996 0.00000000099999999996 0.00000000099999999996 
0.86063397532997076844 0.00000000099999999996 0.00000000099999999996 0.00000000099999999996 0.00000000099999999996 0.00000000099999999996 0.13936601867002929023 0.00000000099999999996 
0.00000000099999999960 0.00000000099999999960 0.00000000099999999960 0.00000000099999999960 0.00000000099999999960 0.99999999300000008695 0.00000000099999999960 0.00000000099999999960 
0.43244115219268897121 0.00000000099999999999 0.00000302367961443665 0.48071466179104632710 0.00006824784363148294 0.00000000099999999999 0.00000000099999999999 0.08677291149301870343 
0.00000000099999999987 0.00000000099999999987 0.00000000099999999987 0.00000000099999999987 0.00000000099999999987 0.99999999299999997593 0.00000000099999999987 0.00000000099999999987 
0.00000000099999999965 0.00000000099999999965 0.00000000099999999965 0.00000000099999999965 0.00000000099999999965 0.99999999300000008695 0.00000000099999999965 0.00000000099999999965 
0.53249121546791167159 0.00000000099999999997 0.00000000099999999997 0.19661279429773315108 0.00000000099999999997 0.00000000099999999997 0.19924682355306955195 0.07164916268128579402 
0.58969355763349573518 0.01058552321682319081 0.00000000099999999998 0.29287921853112991455 0.00000000099999999998 0.00000000099999999998 0.00000000099999999998 0.10684169661855126565 
0.98466487308397721012 0.00000000099999999997 0.00000000099999999997 0.00000000099999999997 0.01533512091602294396 0.00000000099999999997 0.00000000099999999997 0.00000000099999999997 
0.00000000099999999969 0.00000000099999999969 0.00000000099999999969 0.00000000099999999969 0.00000000099999999969 0.99999999299999997593 0.00000000099999999969 0.00000000099999999969 
0.00000000099999999992 0.00000000099999999992 0.00000000099999999992 0.00000000099999999992 0.99999999299999997593 0.00000000099999999992 0.00000000099999999992 0.00000000099999999992 
0.00000000099999999992 0.00000000099999999992 0.00000000099999999992 0.00000000099999999992 0.99999999300000008695 0.00000000099999999992 0.00000000099999999992 0.00000000099999999992 
0.00000000099999999965 0.00000000099999999965 0.00000000099999999965 0.00000000099999999965 0.00000000099999999965 0.99999999299999997593 0.00000000099999999965 0.00000000099999999965 
0.61868520399571036439 0.00000000099999999999 0.00398870531352909889 0.36685652515384487016 0.01046956153691582653 0.00000000099999999999 0.00000000099999999999 0.00000000099999999999 
0.65411502417979605628 0.01368965159058753260 0.00000000099999999999 0.13910090480334910690 0.03762514282904901725 0.00000000099999999999 0.05383311465537565788 0.10163615994184263536 
0.00000000099999999966 0.00000000099999999966 0.00000000099999999966 0.00000000099999999966 0.00000000099999999966 0.99999999299999997593 0.00000000099999999966 0.00000000099999999966 
0.00000000099999999991 0.00000000099999999991 0.00000000099999999991 0.00000000099999999991 0.00000000099999999991 0.00000000099999999991 0.41172122259236576536 0.58827877140763418229 
0.00000000099999999990 0.00000000099999999990 0.00000000099999999990 0.00000000099999999990 0.99999999299999997593 0.00000000099999999990 0.00000000099999999990 0.00000000099999999990 
0.00000000099999999975 0.00000000099999999975 0.00000000099999999975 0.00000000099999999975 0.00000000099999999975 0.00000000099999999975 0.99999999299999997593 0.00000000099999999975 
0.51966815643125952029 0.00000000099999999998 0.00000000099999999998 0.38570047336582219399 0.00728409887249632532 0.00000000099999999998 0.08734726733042205704 0.00000000099999999998 
0.51908090981171106648 0.00364138593867476684 0.01009845620344837838 0.24193360771115587915 0.02964216489629513743 0.00000000099999999999 0.04929397944314900526 0.14630949499556580862 
0.66252923124545104461 0.02062945157423668949 0.00000000099999999998 0.20607535935297796592 0.00222952403674715402 0.00000000099999999998 0.00000000099999999998 0.10853643079058729326 
0.36778993237152590723 0.00924147801519174285 0.00179490481604619389 0.42746955072752912397 0.00000000099999999998 0.00000000099999999998 0.00000000099999999998 0.19370413106970701955 
0.00000000099999999987 0.00000000099999999987 0.00000000099999999987 0.00000000099999999987 0.00000000099999999987 0.00000000099999999987 0.00000000099999999987 0.99999999299999997593 
0.51773733196935889378 0.00000000099999999999 0.00000000099999999999 0.22953499009518052443 0.00000000099999999999 0.00000000099999999999 0.06801296681211732587 0.18471470712334345232 
0.00000000099999999988 0.00000000099999999988 0.00000000099999999988 0.00000000099999999988 0.00000000099999999988 0.00000000099999999988 0.00000000099999999988 0.99999999300000008695 
0.51350185173513152037 0.00000000099999999998 0.00000000099999999998 0.13784351566417826773 0.00000000099999999998 0.00000000099999999998 0.21585820542913147779 0.13279642317155890274 
0.00000000099999999995 0.00000000099999999995 0.00000000099999999995 0.00000000099999999995 0.99999999299999997593 0.00000000099999999995 0.00000000099999999995 0.00000000099999999995 
0.00000000099999999990 0.00000000099999999990 0.00000000099999999990 0.99999999299999997593 0.00000000099999999990 0.00000000099999999990 0.00000000099999999990 0.00000000099999999990 
0.62060710269407692863 0.00000004473939170135 0.00564296605942992639 0.15278409465375517029 0.00000000099999999999 0.00000000099999999999 0.08680470635862151674 0.13416108349472477546 
0.00000000099999999993 0.00000000099999999993 0.00000000099999999993 0.99999999300000008695 0.00000000099999999993 0.00000000099999999993 0.00000000099999999993 0.00000000099999999993 
0.98012758486803530644 0.00000000099999999996 0.00000000099999999996 0.00000000099999999996 0.01987240913196491529 0.00000000099999999996 0.00000000099999999996 0.00000000099999999996 
0.79426657725123539500 0.00525915011034337309 0.00000000099999999998 0.15553944000231303968 0.04493482863610815531 0.00000000099999999998 0.00000000099999999998 0.00000000099999999998 
0.99999999300000019797 0.00000000099999999997 0.00000000099999999997 0.00000000099999999997 0.00000000099999999997 0.00000000099999999997 0.00000000099999999997 0.00000000099999999997 
0.67513303053095197193 0.00000000100000000000 0.00002966271443475218 0.00078626050473013420 0.01321421018768652311 0.00000000100000000000 0.04040271260364299705 0.27043412145855372231 
0.00000000099999999995 0.00000000099999999995 0.00000000099999999995 0.04201083768177858724 0.95798915631822145755 0.00000000099999999995 0.00000000099999999995 0.00000000099999999995 
0.61381192134123374604 0.01678104154181442320 0.00000000099999999997 0.17040396426815643260 0.00000000099999999997 0.00000000099999999997 0.19900306884879551128 0.00000000099999999997 
0.54202756036674715201 0.01404035173895257227 0.00000000099999999999 0.33865299324471587195 0.01000415053468342239 0.00000000099999999999 0.00000000099999999999 0.09527494111490111828 
0.57993278251347257779 0.00513961303951634627 0.00000000100000000000 0.18336301423327419635 0.01449881279012347340 0.01026877137097033724 0.00000038923233129126 0.20679661582031191869 
0.00000000099999999996 0.00000000099999999996 0.00000000099999999996 0.00000000099999999996 0.99999999300000008695 0.00000000099999999996 0.00000000099999999996 0.00000000099999999996 
0.65661992149390635554 0.00055313837783770741 0.00000000100000000000 0.15787525483587910857 0.02653669775311236559 0.01953152957272054693 0.02814944032773487523 0.11073401663880914902 
0.67802822968037768092 0.00000000099999999999 0.01151253414888026017 0.00000000099999999999 0.01537588285049874132 0.00000000099999999999 0.00000000099999999999 0.29508334932024332664 
0.00000000099999999973 0.00000000099999999973 0.00000000099999999973 0.00000000099999999973 0.00000000099999999973 0.00000000099999999973 0.99999999299999997593 0.00000000099999999973 
