0.25180890564913782637 0.44253998822655643552 0.02099730911506165684 0.00000000100000000000 0.00000000100000000000 0.28465379400924400999 0.00000000100000000000 
0.00000000099999999994 0.00000000099999999994 0.00000000099999999994 0.99999999399999994765 0.00000000099999999994 0.00000000099999999994 0.00000000099999999994 
0.00000000099999999993 0.00000000099999999993 0.00000000099999999993 0.99999999400000005867 0.00000000099999999993 0.00000000099999999993 0.00000000099999999993 
0.31886222167420213980 0.29715581084679815183 0.00040247527558341266 0.03098769095640395085 0.00000000099999999999 0.35259179924701217201 0.00000000099999999999 
0.35766995334299994669 0.41820268315690273253 0.00796579533915922275 0.00000000099999999999 0.00000000099999999999 0.21616156516093806839 0.00000000099999999999 
0.31736097323568918105 0.29000939162249195213 0.00221616741247018757 0.02234429244040728527 0.00000000099999999998 0.36806917328894128705 0.00000000099999999998 
0.00000000099999999995 0.00000000099999999995 0.00000000099999999995 0.99999999399999994765 0.00000000099999999995 0.00000000099999999995 0.00000000099999999995 
0.00000000099999999991 0.00000000099999999991 0.00000000099999999991 0.99999999399999994765 0.00000000099999999991 0.00000000099999999991 0.00000000099999999991 
0.49479109799159581851 0.00000000099999999997 0.00375833882018221420 0.00000000099999999997 0.00000000099999999997 0.50145055918822178942 0.00000000099999999997 
0.00000000099999999994 0.00000000099999999994 0.00000000099999999994 0.99999999399999994765 0.00000000099999999994 0.00000000099999999994 0.00000000099999999994 
0.26282070906409671363 0.00000000099999999998 0.00000000099999999998 0.00000000099999999998 0.00000000099999999998 0.73717928593590309472 0.00000000099999999998 
0.39030040860316567164 0.29618020403057637724 0.00496080243113633090 0.01267167321162189324 0.00000000099999999997 0.29588690972349956931 0.00000000099999999997 
0.00000000099999999994 0.00000000099999999994 0.00000000099999999994 0.00000000099999999994 0.00000000099999999994 0.99999999399999994765 0.00000000099999999994 
0.43890666762534985557 0.31208410965548943894 0.01160512936250097070 0.00000000099999999999 0.00000000099999999999 0.23740409035665963056 0.00000000099999999999 
0.41666077933573258951 0.24351888784569969415 0.01391718011020720396 0.00000000100000000000 0.00786855804420955561 0.31803459266415085027 0.00000000100000000000 
0.33708247682793368583 0.28898293362683213914 0.02820600054737455731 0.05236451122194506896 0.00000000099999999999 0.29336407577591455675 0.00000000099999999999 
0.39376045846953466878 0.08895645771980556504 0.00000000099999999998 0.00000000099999999998 0.00000000099999999998 0.51728307981065968502 0.00000000099999999998 
0.59636862018878011860 0.00000000099999999998 0.00000000099999999998 0.00000000099999999998 0.00000000099999999998 0.40363137481122002281 0.00000000099999999998 
0.28486385241802564261 0.35658800225038095322 0.00499048815069952009 0.00000000100000000000 0.00913262739789826548 0.34442502778299577404 0.00000000100000000000 
0.00000000099999999991 0.99999999400000016969 0.00000000099999999991 0.00000000099999999991 0.00000000099999999991 0.00000000099999999991 0.00000000099999999991 
0.32079985678600547727 0.26925223070961973315 0.00000000099999999999 0.00000000099999999999 0.00000000099999999999 0.40994790850437479168 0.00000000099999999999 
0.00000000099999999996 0.00000000099999999996 0.00000000099999999996 0.99999999400000005867 0.00000000099999999996 0.00000000099999999996 0.00000000099999999996 
0.60858338972434089520 0.37844781539895239186 0.00000000099999999997 0.01296876022604641181 0.00000000099999999997 0.00000003165066045581 0.00000000099999999997 
0.99999999400000016969 0.00000000099999999987 0.00000000099999999987 0.00000000099999999987 0.00000000099999999987 0.00000000099999999987 0.00000000099999999987 
0.00000000099999999992 0.00000000099999999992 0.00000000099999999992 0.00000000099999999992 0.00000000099999999992 0.99999999400000005867 0.00000000099999999992 
0.30183537299346713256 0.29751299055503011015 0.00000000099999999998 0.00000000099999999998 0.00000000099999999998 0.40065163245150287041 0.00000000099999999998 
0.00000000099999999976 0.00000000099999999976 0.99999999399999994765 0.00000000099999999976 0.00000000099999999976 0.00000000099999999976 0.00000000099999999976 
0.00000000099999999972 0.00000000099999999972 0.99999999400000005867 0.00000000099999999972 0.00000000099999999972 0.00000000099999999972 0.00000000099999999972 
0.38151087801237287822 0.00000000099999999998 0.00000000099999999998 0.00000000099999999998 0.00000000099999999998 0.61848911698762687461 0.00000000099999999998 
0.00000000099999999991 0.00000000099999999991 0.00000000099999999991 0.00000000099999999991 0.00000000099999999991 0.99999999400000005867 0.00000000099999999991 
0.29853421963439413789 0.31294380714253744458 0.00000000099999999998 0.01726295319696320718 0.00000000099999999998 0.37125901702610514254 0.00000000099999999998 
0.00000000099999999996 0.00000000099999999996 0.00000000099999999996 0.99999999400000005867 0.00000000099999999996 0.00000000099999999996 0.00000000099999999996 
0.45887614918889102489 0.00000000099999999990 0.35424956589701356302 0.18687428091409541420 0.00000000099999999990 0.00000000099999999990 0.00000000099999999990 
0.36320331738011490952 0.30349428799478339602 0.00000000099999999997 0.00000000099999999997 0.00000000099999999997 0.33330239062510175208 0.00000000099999999997 
0.00000000099999999968 0.00000000099999999968 0.00000000099999999968 0.00000000099999999968 0.00000000099999999968 0.00000000099999999968 0.99999999400000005867 
0.00000000099999999963 0.00000000099999999963 0.00000000099999999963 0.00000000099999999963 0.00000000099999999963 0.00000000099999999963 0.99999999400000005867 
0.00000000099999999963 0.00000000099999999963 0.00000000099999999963 0.00000000099999999963 0.99999999400000005867 0.00000000099999999963 0.00000000099999999963 
0.00000000099999999977 0.00000000099999999977 0.99999999400000005867 0.00000000099999999977 0.00000000099999999977 0.00000000099999999977 0.00000000099999999977 
0.00000000099999999974 0.00000000099999999974 0.99999999399999994765 0.00000000099999999974 0.00000000099999999974 0.00000000099999999974 0.00000000099999999974 
0.38369855289014420663 0.32336031995985181631 0.00000000099999999997 0.00000000099999999997 0.00000000099999999997 0.29294112315000414570 0.00000000099999999997 
0.00000000099999999996 0.00000000099999999996 0.00000000099999999996 0.99999999400000005867 0.00000000099999999996 0.00000000099999999996 0.00000000099999999996 
0.00000000099999999975 0.00000000099999999975 0.99999999399999994765 0.00000000099999999975 0.00000000099999999975 0.00000000099999999975 0.00000000099999999975 
0.65371657233583024826 0.34433616012088275049 0.00194726354328707014 0.00000000099999999998 0.00000000099999999998 0.00000000099999999998 0.00000000099999999998 
0.00000000099999999993 0.00000000099999999993 0.00000000099999999993 0.99999999400000005867 0.00000000099999999993 0.00000000099999999993 0.00000000099999999993 
0.00000000099999999978 0.00000000099999999978 0.99999999399999994765 0.00000000099999999978 0.00000000099999999978 0.00000000099999999978 0.00000000099999999978 
0.34218162469165586126 0.21475857906311054957 0.00343637528052155843 0.00880590784680620672 0.00000000099999999998 0.43081751111790561604 0.00000000099999999998 
0.00000000099999999975 0.00000000099999999975 0.99999999399999994765 0.00000000099999999975 0.00000000099999999975 0.00000000099999999975 0.00000000099999999975 
0.00000000099999999994 0.00000000099999999994 0.00000000099999999994 0.99999999399999994765 0.00000000099999999994 0.00000000099999999994 0.00000000099999999994 
0.00000000099999999990 0.00000000099999999990 0.00000000099999999990 0.99999999400000005867 0.00000000099999999990 0.00000000099999999990 0.00000000099999999990 
0.00000000099999999972 0.00000000099999999972 0.99999999399999994765 0.00000000099999999972 0.00000000099999999972 0.00000000099999999972 0.00000000099999999972 
0.00000000099999999975 0.00000000099999999975 0.99999999399999994765 0.00000000099999999975 0.00000000099999999975 0.00000000099999999975 0.00000000099999999975 
0.00000000099999999994 0.00000000099999999994 0.00000000099999999994 0.99999999400000005867 0.00000000099999999994 0.00000000099999999994 0.00000000099999999994 
0.00000000099999999994 0.00000000099999999994 0.00000000099999999994 0.99999999399999994765 0.00000000099999999994 0.00000000099999999994 0.00000000099999999994 
0.00000000099999999995 0.00000000099999999995 0.00000000099999999995 0.99999999400000005867 0.00000000099999999995 0.00000000099999999995 0.00000000099999999995 
0.00000000099999999978 0.00000000099999999978 0.99999999400000005867 0.00000000099999999978 0.00000000099999999978 0.00000000099999999978 0.00000000099999999978 
0.31538790872563715606 0.20804832247776317011 0.01440878543894281300 0.03847972991748889460 0.00000000099999999999 0.42367525144016787708 0.00000000099999999999 
0.20089577121827550954 0.42835865215822227503 0.02553293872935950837 0.00000000099999999999 0.00000000099999999999 0.34521263489414272252 0.00000000099999999999 
0.00000000099999999991 0.99999999400000016969 0.00000000099999999991 0.00000000099999999991 0.00000000099999999991 0.00000000099999999991 0.00000000099999999991 
0.57579813140272662064 0.42420186359727352077 0.00000000099999999997 0.00000000099999999997 0.00000000099999999997 0.00000000099999999997 0.00000000099999999997 
0.00000000099999999994 0.00000000099999999994 0.00000000099999999994 0.99999999399999994765 0.00000000099999999994 0.00000000099999999994 0.00000000099999999994 
0.00000000099999999994 0.00000000099999999994 0.00000000099999999994 0.00000000099999999994 0.00000000099999999994 0.99999999399999994765 0.00000000099999999994 
0.00000000099999999973 0.00000000099999999973 0.00000000099999999973 0.00000000099999999973 0.63152192713116861444 0.00000000099999999973 0.36847806786883147145 
0.00000000099999999990 0.99999999400000005867 0.00000000099999999990 0.00000000099999999990 0.00000000099999999990 0.00000000099999999990 0.00000000099999999990 
0.00000000099999999973 0.00000000099999999973 0.00000000099999999973 0.00000000099999999973 0.63088466726761549541 0.00000000099999999973 0.36911532773238447946 
0.33067186021796901585 0.20336237985116023541 0.00000000099999999999 0.03513980047115587702 0.00000000099999999999 0.43082595645971488718 0.00000000099999999999 
0.00000000099999999968 0.00000000099999999968 0.00000000099999999968 0.00000000099999999968 0.99999999399999994765 0.00000000099999999968 0.00000000099999999968 
0.30928891943927883101 0.35516403589519984774 0.00138747429677419515 0.00207505540150220791 0.00000000099999999998 0.33208451296724478263 0.00000000099999999998 
0.00000000099999999994 0.99999999400000005867 0.00000000099999999994 0.00000000099999999994 0.00000000099999999994 0.00000000099999999994 0.00000000099999999994 
0.00000000099999999992 0.00000000099999999992 0.00000000099999999992 0.99999999400000005867 0.00000000099999999992 0.00000000099999999992 0.00000000099999999992 
0.38224481797040454900 0.33645212397401380588 0.00000000099999999996 0.00000000099999999996 0.00000000099999999996 0.28130305405558170273 0.00000000099999999996 
0.00000000099999999972 0.00000000099999999972 0.00000000099999999972 0.00000000099999999972 0.21579718694877944585 0.00000000099999999972 0.78420280805122066781 
0.00000000099999999968 0.00000000099999999968 0.00000000099999999968 0.00000000099999999968 0.99999999400000005867 0.00000000099999999968 0.00000000099999999968 
0.24656411269607983461 0.36966686757362599014 0.00980782822820470794 0.07862327132369328897 0.00000000099999999998 0.29533791817839605276 0.00000000099999999998 
0.00000000099999999992 0.00000000099999999992 0.00000000099999999992 0.99999999399999994765 0.00000000099999999992 0.00000000099999999992 0.00000000099999999992 
0.00000000099999999979 0.00000000099999999979 0.99999999399999994765 0.00000000099999999979 0.00000000099999999979 0.00000000099999999979 0.00000000099999999979 
0.00000000099999999993 0.00000000099999999993 0.00000000099999999993 0.99999999399999994765 0.00000000099999999993 0.00000000099999999993 0.00000000099999999993 
0.52868221282489258339 0.29201280362749920672 0.00000000099999999999 0.02811107604419405340 0.00000000099999999999 0.15119390450341407828 0.00000000099999999999 
0.00000000099999999971 0.00000000099999999971 0.00000000099999999971 0.00000000099999999971 0.58496504915371194677 0.00000000099999999971 0.41503494584628808362 
0.00000000099999999970 0.00000000099999999970 0.99999999400000005867 0.00000000099999999970 0.00000000099999999970 0.00000000099999999970 0.00000000099999999970 
0.00000000099999999977 0.00000000099999999977 0.00000000099999999977 0.00000000099999999977 0.63694777065259577942 0.00000000099999999977 0.36305222434740441750 
0.23699901508345394552 0.44795535520472101743 0.01780613634242796117 0.00000000100000000000 0.00000000100000000000 0.29600329128676167167 0.00123620008263551151 
0.00000000099999999991 0.00000000099999999991 0.00000000099999999991 0.99999999399999994765 0.00000000099999999991 0.00000000099999999991 0.00000000099999999991 
0.00000000099999999993 0.00000000099999999993 0.00000000099999999993 0.99999999400000005867 0.00000000099999999993 0.00000000099999999993 0.00000000099999999993 
0.32632212827139578382 0.20244715800775375802 0.00000000099999999998 0.22721930449418803466 0.00000000099999999998 0.24401140622666248059 0.00000000099999999998 
0.37801231230377246861 0.18268845394532470805 0.01973239443855849887 0.00053829527755061373 0.00000000099999999999 0.41902854203479361628 0.00000000099999999999 
0.33766669541026550494 0.26617538964283860015 0.00000000099999999998 0.00369088336090583847 0.00000000099999999998 0.39246702858598991881 0.00000000099999999998 
0.49450969243234127459 0.50549030256765870028 0.00000000099999999996 0.00000000099999999996 0.00000000099999999996 0.00000000099999999996 0.00000000099999999996 
0.29356337601977205987 0.22045338402125455590 0.00000000099999999998 0.00000000099999999998 0.00000000099999999998 0.48598323595897346960 0.00000000099999999998 
0.31667022870648370292 0.27978510435507325527 0.00000000099999999996 0.00000000099999999996 0.00000000099999999996 0.40354466293844309943 0.00000000099999999996 
0.29961986615545604939 0.35350278176115712547 0.00000000099999999997 0.00175133517797104905 0.00000000099999999997 0.34512601390541580715 0.00000000099999999997 
0.30187836034912818306 0.38541474399194286526 0.00350456116966116511 0.00121644611218862421 0.00000000099999999998 0.30798588637707907667 0.00000000099999999998 
0.18513598485846374797 0.24263488918179890175 0.00000000099999999999 0.03525830668280954122 0.00000000099999999999 0.53697081627692777595 0.00000000099999999999 
0.00000000099999999994 0.00000000099999999994 0.00000000099999999994 0.99999999399999994765 0.00000000099999999994 0.00000000099999999994 0.00000000099999999994 
0.00000000099999999997 0.01610368300116801765 0.00000000099999999997 0.98389631199883198498 0.00000000099999999997 0.00000000099999999997 0.00000000099999999997 
0.00000000099999999978 0.00000000099999999978 0.00000000099999999978 0.00000000099999999978 0.99999999399999994765 0.00000000099999999978 0.00000000099999999978 
0.00000000099999999995 0.00000000099999999995 0.00000000099999999995 0.99999999399999994765 0.00000000099999999995 0.00000000099999999995 0.00000000099999999995 
0.00000000099999999996 0.01667990053045825469 0.00000000099999999996 0.98332009446954171672 0.00000000099999999996 0.00000000099999999996 0.00000000099999999996 
0.27434125192201103127 0.39454618869272273241 0.00521447674104353644 0.01612186679586130253 0.00000000099999999998 0.30977621384836129259 0.00000000099999999998 
0.00000000099999999963 0.00000000099999999963 0.00000000099999999963 0.00000000099999999963 0.99999999400000005867 0.00000000099999999963 0.00000000099999999963 
0.99999999400000016969 0.00000000099999999993 0.00000000099999999993 0.00000000099999999993 0.00000000099999999993 0.00000000099999999993 0.00000000099999999993 
0.28818409719457399598 0.33404638617727250294 0.00281740713969035007 0.00981881942665071943 0.00000000099999999998 0.36513328806181238884 0.00000000099999999998 
0.23031466972531974835 0.45529417246320441626 0.00566084527498614092 0.00000000099999999999 0.00000000099999999999 0.30873030953648961106 0.00000000099999999999 
0.22053888345220956646 0.29963876141670053865 0.00149489626149000641 0.01811296247938489964 0.00000000099999999999 0.46021449439021505645 0.00000000099999999999 
0.00000000099999999991 0.99999999400000016969 0.00000000099999999991 0.00000000099999999991 0.00000000099999999991 0.00000000099999999991 0.00000000099999999991 
0.42826543909813369337 0.00000000099999999997 0.00000000099999999997 0.02541669618020823279 0.00000000099999999997 0.54631786072165788859 0.00000000099999999997 
0.35876643235480709659 0.64034839542227495190 0.00000000099999999998 0.00000000099999999998 0.00000000099999999998 0.00088516822291797269 0.00000000099999999998 
0.38280800331438841200 0.29770531714776576893 0.00346652724825451250 0.00581352792276859653 0.00000000099999999999 0.31020662236682283730 0.00000000099999999999 
0.18110629264753894119 0.42549946174457692338 0.02810582720510948831 0.00701292807130442144 0.00000000100000000000 0.35668742391901653299 0.00158806541245351800 
0.35349423957560466292 0.19278501395675082253 0.01035921589207162291 0.00000000099999999999 0.00000000099999999999 0.44336152757557290016 0.00000000099999999999 
0.00000000099999999995 0.44990768840237155279 0.00000000099999999995 0.00000000099999999995 0.00000000099999999995 0.55009230659762820004 0.00000000099999999995 
0.00000000099999999998 0.83589928314951844612 0.01917786246791920376 0.01005028631301915949 0.00000000099999999998 0.13487256506954301005 0.00000000099999999998 
0.34695718132235175979 0.29727533764039104636 0.00721353858399292284 0.00000000099999999997 0.00000000099999999997 0.34855393945326429428 0.00000000099999999997 
0.00000000099999999997 0.44264662952466404811 0.00000000099999999997 0.00000000099999999997 0.00000000099999999997 0.55735336547533576024 0.00000000099999999997 
0.00000000099999999994 0.00000000099999999994 0.00000000099999999994 0.00000000099999999994 0.00000000099999999994 0.99999999399999994765 0.00000000099999999994 
0.44452607532281085412 0.53371350283130081227 0.00000000099999999996 0.02176041784588841899 0.00000000099999999996 0.00000000099999999996 0.00000000099999999996 
0.39455460359432431572 0.34260964251254327761 0.00392255848678902102 0.00623081770059032407 0.00000000099999999999 0.25268237570575313722 0.00000000099999999999 
0.34328702525061421946 0.33106129820085389293 0.00000000099999999999 0.03139901434571994165 0.00000000099999999999 0.29425265920281185039 0.00000000099999999999 
0.26644735852987838642 0.20119931381338843068 0.00000000099999999998 0.00000000099999999998 0.00000000099999999998 0.53235332365673304622 0.00000000099999999998 
0.49039296316530911479 0.00000000099999999997 0.00000000099999999997 0.01253573633691458175 0.00000000099999999997 0.49707129649777620495 0.00000000099999999997 
0.22415044981903767263 0.28439948004418702521 0.00308207260582512308 0.01526779492247403759 0.00000000100000000000 0.40117746642858820305 0.07192273517988798104 
0.40670770876100204028 0.40940347937338328332 0.00000000099999999997 0.00000000099999999997 0.00000000099999999997 0.18388880786561481728 0.00000000099999999997 
0.99999999400000005867 0.00000000099999999990 0.00000000099999999990 0.00000000099999999990 0.00000000099999999990 0.00000000099999999990 0.00000000099999999990 
0.41795166178770026821 0.00000000099999999995 0.00000000099999999995 0.01093253214186181224 0.00000000099999999995 0.57111580207043766144 0.00000000099999999995 
0.39280558825685785163 0.27741514991061622109 0.01285213953064343571 0.00000000099999999998 0.00000000099999999998 0.31692711930188249836 0.00000000099999999998 
0.26599714067898633241 0.20029861283618094481 0.00000000099999999997 0.00573532617931043001 0.00000000099999999997 0.52796891730552220068 0.00000000099999999997 
0.99999999400000016969 0.00000000099999999994 0.00000000099999999994 0.00000000099999999994 0.00000000099999999994 0.00000000099999999994 0.00000000099999999994 
0.37708067950343110430 0.25456053978259596260 0.00761716717216279291 0.00655406496643107413 0.00000000099999999998 0.35418754657537904196 0.00000000099999999998 
0.21417731892672625671 0.42472392979033873894 0.00000000099999999997 0.00000000099999999997 0.00000000099999999997 0.36109874728293495094 0.00000000099999999997 
0.00000000099999999991 0.00000000099999999991 0.00000000099999999991 0.00000000099999999991 0.00000000099999999991 0.99999999400000005867 0.00000000099999999991 
0.00000000099999999993 0.00000000099999999993 0.00000000099999999993 0.99999999400000005867 0.00000000099999999993 0.00000000099999999993 0.00000000099999999993 
0.00000000099999999997 0.00000000099999999997 0.00000000099999999997 0.99999998915184373782 0.00000000099999999997 0.00000000584815614884 0.00000000099999999997 
0.00000000099999999972 0.00000000099999999972 0.00000000099999999972 0.00000000099999999972 0.00000000099999999972 0.00000000099999999972 0.99999999400000005867 
0.00000000099999999971 0.00000000099999999971 0.99999999400000005867 0.00000000099999999971 0.00000000099999999971 0.00000000099999999971 0.00000000099999999971 
0.00000000099999999999 0.05700966787716996859 0.03772859827060069671 0.90526172985222930212 0.00000000099999999999 0.00000000099999999999 0.00000000099999999999 
0.42611817027891046861 0.57388182472108961729 0.00000000099999999996 0.00000000099999999996 0.00000000099999999996 0.00000000099999999996 0.00000000099999999996 
0.00000000099999999992 0.99999999400000005867 0.00000000099999999992 0.00000000099999999992 0.00000000099999999992 0.00000000099999999992 0.00000000099999999992 
0.00987577992812103955 0.00000000099999999997 0.00360258787757183419 0.98652162819430710972 0.00000000099999999997 0.00000000099999999997 0.00000000099999999997 
0.30178544262370216034 0.39274371129669777281 0.00000000099999999998 0.00989986494737731156 0.00000000099999999998 0.29557097813222266147 0.00000000099999999998 
0.26649234536148197483 0.39127503709530592202 0.00993669205640510672 0.00000000099999999996 0.00000000099999999996 0.33229592248680694944 0.00000000099999999996 
0.46269555036905896106 0.00000000099999999997 0.00000000099999999997 0.00000000099999999997 0.00000000099999999997 0.53730444463094073626 0.00000000099999999997 
0.00000000099999999966 0.00000000099999999966 0.00000000099999999966 0.00000000099999999966 0.99999999400000005867 0.00000000099999999966 0.00000000099999999966 
0.00000000099999999968 0.00000000099999999968 0.00000000099999999968 0.00000000099999999968 0.99999999400000005867 0.00000000099999999968 0.00000000099999999968 
0.00000000099999999963 0.00000000099999999963 0.00000000099999999963 0.00000000099999999963 0.99999999399999994765 0.00000000099999999963 0.00000000099999999963 
0.00000000099999999964 0.00000000099999999964 0.00000000099999999964 0.00000000099999999964 0.00000000099999999964 0.00000000099999999964 0.99999999400000005867 
0.00000000099999999964 0.00000000099999999964 0.00000000099999999964 0.00000000099999999964 0.00000000099999999964 0.00000000099999999964 0.99999999399999994765 
0.00000000099999999997 0.00000000099999999997 0.00000000099999999997 0.99999999399999994765 0.00000000099999999997 0.00000000099999999997 0.00000000099999999997 
0.38287067848899919431 0.26912574416790518983 0.00723342288029858900 0.00000000099999999999 0.00000000099999999999 0.34077015146279698854 0.00000000099999999999 
0.00000000099999999969 0.00000000099999999969 0.00000000099999999969 0.00000000099999999969 0.30399417824606111971 0.00000000099999999969 0.69600581675393879966 
0.00000000099999999974 0.00000000099999999974 0.00000000099999999974 0.00000000099999999974 0.65834182908691585290 0.00000000099999999974 0.34165816591308412198 
0.00000000099999999970 0.00000000099999999970 0.99999999399999994765 0.00000000099999999970 0.00000000099999999970 0.00000000099999999970 0.00000000099999999970 
0.00000000099999999970 0.00000000099999999970 0.99999999400000005867 0.00000000099999999970 0.00000000099999999970 0.00000000099999999970 0.00000000099999999970 
0.51997448267859902593 0.00000000099999999996 0.00000000099999999996 0.00000000099999999996 0.00000000099999999996 0.48002551232140094895 0.00000000099999999996 
0.00000000099999999966 0.00000000099999999966 0.00000000099999999966 0.00000000099999999966 0.99999999399999994765 0.00000000099999999966 0.00000000099999999966 
0.41179004886884634784 0.58820994613115384908 0.00000000099999999998 0.00000000099999999998 0.00000000099999999998 0.00000000099999999998 0.00000000099999999998 
0.37586244082945746703 0.37454120232523774314 0.00000000099999999998 0.00000000099999999998 0.00000000099999999998 0.24959635284530481969 0.00000000099999999998 
0.06165965501885477956 0.00000000099999999996 0.00000000099999999996 0.93834033998114529940 0.00000000099999999996 0.00000000099999999996 0.00000000099999999996 
0.43297797729060866212 0.23495526574043357204 0.00000000099999999997 0.00068219251780656269 0.00000000099999999997 0.33138456145115108287 0.00000000099999999997 
0.00000000099999999991 0.00000000099999999991 0.00000000099999999991 0.99999999399999994765 0.00000000099999999991 0.00000000099999999991 0.00000000099999999991 
0.32479997582796810152 0.43033552508768047051 0.00033963983756399481 0.01416809680856512960 0.00000000099999999998 0.23035676043822220227 0.00000000099999999998 
0.00000000099999999992 0.00000000099999999992 0.00000000099999999992 0.99999999399999994765 0.00000000099999999992 0.00000000099999999992 0.00000000099999999992 
0.62423454602941130798 0.37154567829646828470 0.00421977167412052913 0.00000000099999999998 0.00000000099999999998 0.00000000099999999998 0.00000000099999999998 
0.56496055429101788015 0.43503944070898220575 0.00000000099999999998 0.00000000099999999998 0.00000000099999999998 0.00000000099999999998 0.00000000099999999998 
0.00000000099999999969 0.00000000099999999969 0.00000000099999999969 0.00000000099999999969 0.99999999399999994765 0.00000000099999999969 0.00000000099999999969 
0.00000000099999999994 0.00000000099999999994 0.00000000099999999994 0.99999999399999994765 0.00000000099999999994 0.00000000099999999994 0.00000000099999999994 
0.00000000099999999965 0.00000000099999999965 0.00000000099999999965 0.00000000099999999965 0.99999999399999994765 0.00000000099999999965 0.00000000099999999965 
0.00000000099999999963 0.00000000099999999963 0.00000000099999999963 0.00000000099999999963 0.00000000099999999963 0.00000000099999999963 0.99999999400000005867 
0.38313761029402559899 0.26119174051336746523 0.00000000099999999999 0.00097810505364268746 0.00000000099999999999 0.35469254113896414582 0.00000000099999999999 
0.41211874581012841734 0.16395821560347914603 0.00000000099999999997 0.01546169576565392841 0.00000000099999999997 0.40846133982073840052 0.00000000099999999997 
0.24913775929460099667 0.38857577736266496471 0.00000000099999999997 0.00000000224598667606 0.00000000099999999997 0.36228645809674719924 0.00000000099999999997 
0.39725859252840223235 0.23971598944951452714 0.00000000099999999998 0.00000000099999999998 0.00000000099999999998 0.36302541402208321486 0.00000000099999999998 
0.32590692877400306848 0.26813640401254151824 0.00941574833949978228 0.00014495129958725885 0.00000000099999999999 0.39639596557436840296 0.00000000099999999999 
0.41948613953044994185 0.15733253062906560338 0.00615519305276812732 0.00862554467826415379 0.00000000099999999997 0.40840059010945212181 0.00000000099999999997 
0.35982666930884121825 0.42503186326797198769 0.00000000099999999998 0.00000000099999999998 0.00000000099999999998 0.21514146342318676841 0.00000000099999999998 
0.00000000099999999995 0.03957420833944898242 0.00000000099999999995 0.96042578666055111736 0.00000000099999999995 0.00000000099999999995 0.00000000099999999995 
0.21220900803393874523 0.25325878877560553670 0.00000000099999999996 0.00000000099999999996 0.00000000099999999996 0.53453219919045558139 0.00000000099999999996 
0.00000000099999999965 0.00000000099999999965 0.00000000099999999965 0.00000000099999999965 0.00000000099999999965 0.00000000099999999965 0.99999999399999994765 
0.22888953746463944205 0.32292510896063741921 0.00000000099999999999 0.00000000099999999999 0.00000000099999999999 0.44818534957472327962 0.00000000099999999999 
0.00000000099999999985 0.00000000099999999985 0.00000000099999999985 0.00000000099999999985 0.00000000099999999985 0.00000000099999999985 0.99999999400000005867 
0.00000000099999999967 0.00000000099999999967 0.00000000099999999967 0.00000000099999999967 0.00000000099999999967 0.00000000099999999967 0.99999999399999994765 
0.36801004729506581192 0.26407844663773233362 0.00000000099999999998 0.01357378113347180483 0.00000000099999999998 0.35433772193373003212 0.00000000099999999998 
0.27751414744637092902 0.43586948281481951994 0.00265456829525583188 0.00000000099999999998 0.00000000099999999998 0.28396179844355368127 0.00000000099999999998 
0.26477585161773020683 0.32900707115334865138 0.00000000099999999999 0.01396808036179630376 0.00000000099999999999 0.39224899386712480664 0.00000000099999999999 
0.00000000099999999972 0.00000000099999999972 0.00000000099999999972 0.00000000099999999972 0.00000000099999999972 0.00000000099999999972 0.99999999399999994765 
0.00000000099999999992 0.00000000099999999992 0.00000000099999999992 0.99999999399999994765 0.00000000099999999992 0.00000000099999999992 0.00000000099999999992 
0.00000000099999999992 0.00000000099999999992 0.00000000099999999992 0.99999999399999994765 0.00000000099999999992 0.00000000099999999992 0.00000000099999999992 
0.00000000099999999968 0.00000000099999999968 0.00000000099999999968 0.00000000099999999968 0.00000000099999999968 0.00000000099999999968 0.99999999400000005867 
0.00000000099999999994 0.00000000099999999994 0.00000000099999999994 0.00000000099999999994 0.00000000099999999994 0.99999999400000005867 0.00000000099999999994 
0.32041284593606500497 0.30039437203079666361 0.01373522603863183353 0.03523760413171280609 0.00000000099999999999 0.33021994986279351592 0.00000000099999999999 
0.00000000099999999968 0.00000000099999999968 0.00000000099999999968 0.00000000099999999968 0.99999999399999994765 0.00000000099999999968 0.00000000099999999968 
0.44486387667539156743 0.27817902753629164536 0.00330231858262203769 0.00000000099999999997 0.00000000099999999997 0.27365477420569472855 0.00000000099999999997 
0.00000000099999999991 0.00000000099999999991 0.00000000099999999991 0.99999999400000005867 0.00000000099999999991 0.00000000099999999991 0.00000000099999999991 
0.59060672110488188213 0.00000000099999999999 0.10635871384514269944 0.19816120909265547145 0.10487335295732007345 0.00000000099999999999 0.00000000099999999999 
0.15854115724319114977 0.29435521151427207487 0.00000000099999999999 0.02968174515039083763 0.00000000099999999999 0.51742188309214587338 0.00000000099999999999 
0.00000000099999999993 0.00000000099999999993 0.00000000099999999993 0.00000000099999999993 0.00000000099999999993 0.99999999400000005867 0.00000000099999999993 
0.00000000099999999993 0.00000000099999999993 0.00000000099999999993 0.00000000099999999993 0.00000000099999999993 0.99999999400000005867 0.00000000099999999993 
0.63164884491175177228 0.36835115008824820260 0.00000000099999999997 0.00000000099999999997 0.00000000099999999997 0.00000000099999999997 0.00000000099999999997 
0.42327083056223607782 0.00000000099999999996 0.00000000099999999996 0.00000000099999999996 0.00000000099999999996 0.57672916443776378603 0.00000000099999999996 
0.38127834594128789947 0.28707023721157870488 0.00000000099999999998 0.00000000099999999998 0.00000000099999999998 0.33165141284713350878 0.00000000099999999998 
0.58620604425965772144 0.00000000099999999997 0.00000000099999999997 0.00000000099999999997 0.00000000099999999997 0.41379395074034241997 0.00000000099999999997 
0.99999999400000016969 0.00000000099999999995 0.00000000099999999995 0.00000000099999999995 0.00000000099999999995 0.00000000099999999995 0.00000000099999999995 
0.00000000099999999994 0.00000000099999999994 0.00000000099999999994 0.99999999400000005867 0.00000000099999999994 0.00000000099999999994 0.00000000099999999994 
0.37312179550460128352 0.31248390777266055185 0.00574792199811155480 0.01047795941212763260 0.00000000099999999997 0.29816841331249915870 0.00000000099999999997 
0.43156531488855692791 0.00000001397817225726 0.00000000099999999998 0.00000000099999999998 0.00000000099999999998 0.56843466713327084339 0.00000000099999999998 
0.32306431403188889950 0.22421114973123934533 0.00000000099999999999 0.04317975954725874338 0.00000000099999999999 0.40954477368961306194 0.00000000099999999999 
0.00000000099999999991 0.99999999400000005867 0.00000000099999999991 0.00000000099999999991 0.00000000099999999991 0.00000000099999999991 0.00000000099999999991 
0.00000000099999999998 0.50218600088261033942 0.00000000099999999998 0.01647838730204677360 0.00000000099999999998 0.48133560781534279194 0.00000000099999999998 
0.00000000099999999991 0.99999999400000016969 0.00000000099999999991 0.00000000099999999991 0.00000000099999999991 0.00000000099999999991 0.00000000099999999991 
0.50471475855556824364 0.49528523644443167573 0.00000000099999999998 0.00000000099999999998 0.00000000099999999998 0.00000000099999999998 0.00000000099999999998 
0.00000000099999999995 0.00000000099999999995 0.00000000099999999995 0.96562495756401722780 0.00000000099999999995 0.03437503743598280953 0.00000000099999999995 
0.19659006408332063698 0.26488334892894543904 0.01591042974902534893 0.01299912943457465046 0.00000000099999999998 0.50961702580413381636 0.00000000099999999998 
0.24202081562034025164 0.39855014829449292302 0.00886615319319422786 0.00000000099999999998 0.00000000099999999998 0.35056287989197248978 0.00000000099999999998 
0.36106323430322989632 0.24411536082036217055 0.00000000100000000000 0.00274761523746724651 0.00000000100000000000 0.38117450234333088988 0.01089928529560985765 
0.00000000099999999996 0.00000000099999999996 0.00000000099999999996 0.99999999399999994765 0.00000000099999999996 0.00000000099999999996 0.00000000099999999996 
0.37279552990926950740 0.24931580393138286222 0.00000000100000000000 0.02116175450943156081 0.01879066573615416694 0.33793624391376175797 0.00000000100000000000 
0.31625103563726914002 0.30945616341978321451 0.00634089947636740960 0.00287246664334801565 0.00000000099999999999 0.36507943282323213063 0.00000000099999999999 
0.51200278511574826013 0.00000000099999999997 0.00000000099999999997 0.48799720988425177026 0.00000000099999999997 0.00000000099999999997 0.00000000099999999997 
0.00000000099999999996 0.41126818562224065623 0.00000000099999999996 0.00003666395270854079 0.00000000099999999996 0.58869514642505060831 0.00000000099999999996 
0.00000000099999999968 0.00000000099999999968 0.00000000099999999968 0.00000000099999999968 0.00000000099999999968 0.00000000099999999968 0.99999999399999994765 
0.99999999400000005867 0.00000000099999999994 0.00000000099999999994 0.00000000099999999994 0.00000000099999999994 0.00000000099999999994 0.00000000099999999994 
0.39296793106927213612 0.11081448069077910745 0.00000000099999999998 0.01755569502670989782 0.00000000099999999998 0.47866189021323890529 0.00000000099999999998 
