0.02268363061497247549 0.48047207950741094296 0.00001561059088251680 0.49666858372737271443 0.00016009555936132201 
0.00000000099999999996 0.00000000099999999996 0.00000000099999999996 0.00000000099999999996 0.99999999600000000211 
0.00000000099999999996 0.00000000099999999996 0.00000000099999999996 0.00000000099999999996 0.99999999600000000211 
0.00077358409367816387 0.55789552287642074635 0.00000000099999999999 0.40582549289655156510 0.03550539913334956749 
0.01012319410997449855 0.51937104712231596526 0.00000000100000000000 0.47050575676770933775 0.00000000100000000000 
0.00348529185398605825 0.55363010476931739934 0.00000000099999999999 0.41850194984890315419 0.02438265252779356698 
0.00000000099999999997 0.00000000099999999997 0.00000000099999999997 0.00000000099999999997 0.99999999600000000211 
0.00000000099999999995 0.00000000099999999995 0.00000000099999999995 0.00000000099999999995 0.99999999599999989108 
0.01605539312618727010 0.61823353905146105625 0.00000000099999999999 0.36552870288311778424 0.00018236393923399502 
0.00000000099999999996 0.00000000099999999996 0.00000000099999999996 0.00000000099999999996 0.99999999599999989108 
0.00917236483787193559 0.56279763140928595888 0.00000000100000000000 0.41480802009166467537 0.01322198266117759202 
0.00690832118960853832 0.48424877072772215536 0.00000000099999999999 0.49418991798464134702 0.01465298909802790518 
0.00371933824792919582 0.44192320413429131420 0.00000000100000000000 0.55435743221049438301 0.00000002440728502847 
0.01571312116230810449 0.48961068297347654088 0.00000000100000000000 0.49274893125783109094 0.00192726360638437112 
0.01703551637835424432 0.41684437526851453315 0.00483801034722848924 0.56128209700590270259 0.00000000100000000000 
0.02940599470468466259 0.58667462189476327072 0.00000000099999999999 0.32781820879848810879 0.05610117360206385434 
0.00000000099999999999 0.51799004612627408406 0.00000000099999999999 0.48200927052114239668 0.00000068135258350163 
0.00003101955705280996 0.64559497318168845847 0.00345594485323373092 0.35091806140802495051 0.00000000099999999999 
0.00835602804203208240 0.57883226982552060669 0.00670343067913165610 0.40610818517799629479 0.00000008627531930001 
0.00000000099999999997 0.99999999600000011313 0.00000000099999999997 0.00000000099999999997 0.00000000099999999997 
0.00000000099999999999 0.53355484081027870769 0.00000000099999999999 0.46644515618972137716 0.00000000099999999999 
0.00000000099999999997 0.00000000099999999997 0.00000000099999999997 0.00000000099999999997 0.99999999600000000211 
0.00000000099999999999 0.61745058551128950697 0.00000000099999999999 0.36049922832222652813 0.02205018416648389656 
0.00000000099999999997 0.99999999600000011313 0.00000000099999999997 0.00000000099999999997 0.00000000099999999997 
0.00000000099999999998 0.46807297191280644588 0.00000000099999999998 0.50715399224263446598 0.02477303384455898164 
0.00247366597631825226 0.42828790301498353976 0.00000000099999999999 0.56923842900869825456 0.00000000099999999999 
0.99999999600000011313 0.00000000099999999983 0.00000000099999999983 0.00000000099999999983 0.00000000099999999983 
0.99999999600000011313 0.00000000099999999980 0.00000000099999999980 0.00000000099999999980 0.00000000099999999980 
0.00746014877449818845 0.50665071129910177472 0.00000000100000000000 0.48588913547658740821 0.00000000344981274372 
0.00000000099999999997 0.99999999600000011313 0.00000000099999999997 0.00000000099999999997 0.00000000099999999997 
0.00000000099999999998 0.68059074621796522564 0.00000000099999999998 0.29857632707672282502 0.02083292470531203713 
0.00000000099999999997 0.00000000099999999997 0.00000000099999999997 0.00000000099999999997 0.99999999599999989108 
0.35910504544033039487 0.41849852068286702567 0.00000000099999999996 0.00000000099999999996 0.22239643187680269154 
0.00000000099999999999 0.56693985991427353621 0.00000000099999999999 0.43306013708572643761 0.00000000099999999999 
0.00000000099999999980 0.00000000099999999980 0.99999999600000000211 0.00000000099999999980 0.00000000099999999980 
0.00000000099999999975 0.00000000099999999975 0.99999999599999989108 0.00000000099999999975 0.00000000099999999975 
0.00000000099999999975 0.00000000099999999975 0.99999999599999989108 0.00000000099999999975 0.00000000099999999975 
0.99999999600000000211 0.00000000099999999984 0.00000000099999999984 0.00000000099999999984 0.00000000099999999984 
0.99999999600000000211 0.00000000099999999982 0.00000000099999999982 0.00000000099999999982 0.00000000099999999982 
0.00000000099999999996 0.00000000099999999996 0.00000000099999999996 0.99999999599999989108 0.00000000099999999996 
0.00000000099999999997 0.00000000099999999997 0.00000000099999999997 0.00000000099999999997 0.99999999599999989108 
0.99999999600000011313 0.00000000099999999982 0.00000000099999999982 0.00000000099999999982 0.00000000099999999982 
0.00000000099999999998 0.00000000099999999998 0.00000000099999999998 0.99999999599999989108 0.00000000099999999998 
0.00000000099999999995 0.00000000099999999995 0.00000000099999999995 0.00000000099999999995 0.99999999599999989108 
0.99999999600000000211 0.00000000099999999985 0.00000000099999999985 0.00000000099999999985 0.00000000099999999985 
0.00455174817721320634 0.52545566730231529906 0.00000000099999999999 0.45913472541043964803 0.01085785811003190521 
0.99999999600000011313 0.00000000099999999983 0.00000000099999999983 0.00000000099999999983 0.00000000099999999983 
0.00000000099999999996 0.00000000099999999996 0.00000000099999999996 0.00000000099999999996 0.99999999600000000211 
0.00000000099999999994 0.00000000099999999994 0.00000000099999999994 0.00000000099999999994 0.99999999599999989108 
0.99999999600000011313 0.00000000099999999980 0.00000000099999999980 0.00000000099999999980 0.00000000099999999980 
0.99999999600000011313 0.00000000099999999982 0.00000000099999999982 0.00000000099999999982 0.00000000099999999982 
0.00000000099999999996 0.00000000099999999996 0.00000000099999999996 0.00000000099999999996 0.99999999599999989108 
0.00000000099999999996 0.00000000099999999996 0.00000000099999999996 0.00000000099999999996 0.99999999599999989108 
0.00000000099999999997 0.00000000099999999997 0.00000000099999999997 0.00000000099999999997 0.99999999599999989108 
0.99999999600000000211 0.00000000099999999985 0.00000000099999999985 0.00000000099999999985 0.00000000099999999985 
0.01636125962599379799 0.60209025846469887977 0.00000000100000000000 0.33820641446810190134 0.04334206644120550816 
0.02171826496452053737 0.97828173203547952319 0.00000000099999999999 0.00000000099999999999 0.00000000099999999999 
0.00000000099999999996 0.00000000099999999996 0.00000000099999999996 0.99999999600000000211 0.00000000099999999996 
0.00000000099999999999 0.63058465526479845487 0.00000000099999999999 0.35786359717563864802 0.01155174555956293286 
0.00000000099999999996 0.00000000099999999996 0.00000000099999999996 0.00000000099999999996 0.99999999599999989108 
0.00632264144388446254 0.62298701905035358539 0.00000000100000000000 0.37069033750576207975 0.00000000100000000000 
0.00000000099999999979 0.00000000099999999979 0.99999999599999989108 0.00000000099999999979 0.00000000099999999979 
0.00000000099999999997 0.99999999600000011313 0.00000000099999999997 0.00000000099999999997 0.00000000099999999997 
0.00000000099999999979 0.00000000099999999979 0.99999999599999989108 0.00000000099999999979 0.00000000099999999979 
0.00000000099999999999 0.58059510602373276544 0.00000000099999999999 0.38216100833769606204 0.03724388363857118744 
0.00000000099999999980 0.00000000099999999980 0.99999999600000000211 0.00000000099999999980 0.00000000099999999980 
0.00328991542808804507 0.49272708641938661733 0.00000000099999999999 0.50041962411482965312 0.00356337303769565465 
0.00650451680583007640 0.38072667641876989375 0.00000000100000000000 0.60977688981813960023 0.00299191595726028704 
0.00000000099999999994 0.00000000099999999994 0.00000000099999999994 0.00000000099999999994 0.99999999599999989108 
0.00000000099999999997 0.60100543515757143265 0.00000000099999999997 0.39899456184242854118 0.00000000099999999997 
0.00000000099999999980 0.00000000099999999980 0.99999999599999989108 0.00000000099999999980 0.00000000099999999980 
0.00000000099999999982 0.00000000099999999982 0.99999999599999989108 0.00000000099999999982 0.00000000099999999982 
0.01092981269976035091 0.31446934141871552004 0.00000000099999999999 0.59617798255282139497 0.07842286232870282481 
0.00000000099999999995 0.00000000099999999995 0.00000000099999999995 0.00000000099999999995 0.99999999600000000211 
0.99999999600000000211 0.00000000099999999985 0.00000000099999999985 0.00000000099999999985 0.00000000099999999985 
0.00000000099999999995 0.00000000099999999995 0.00000000099999999995 0.00000000099999999995 0.99999999600000000211 
0.00000000099999999999 0.43710484247250169787 0.00000000099999999999 0.53029010021019196142 0.03260505531730624462 
0.00000000099999999978 0.00000000099999999978 0.99999999600000000211 0.00000000099999999978 0.00000000099999999978 
0.99999999600000011313 0.00000000099999999979 0.00000000099999999979 0.00000000099999999979 0.00000000099999999979 
0.00000000099999999982 0.00000000099999999982 0.99999999600000000211 0.00000000099999999982 0.00000000099999999982 
0.00000000099999999998 0.00000000099999999998 0.00000000099999999998 0.99999999599999989108 0.00000000099999999998 
0.00000000099999999994 0.00000000099999999994 0.00000000099999999994 0.00000000099999999994 0.99999999599999989108 
0.00000000099999999995 0.00000000099999999995 0.00000000099999999995 0.00000000099999999995 0.99999999599999989108 
0.00217879739402977377 0.45921369511974452493 0.00000000099999999999 0.30842382621008201937 0.23018368027614372062 
0.02274092951159873213 0.48214727135674395608 0.00000000100000000000 0.49402625443412645501 0.00108554369753094144 
0.00000000099999999999 0.65055616904576052395 0.00000000099999999999 0.34403561960588935342 0.00540820934835010460 
0.00000000099999999999 0.52724026219959718720 0.00000000099999999999 0.45362233386577538452 0.01913740193462737729 
0.00000000099999999998 0.99999999385018523146 0.00000000099999999998 0.00000000314981476023 0.00000000099999999998 
0.00000000099999999996 0.99999999600000011313 0.00000000099999999996 0.00000000099999999996 0.00000000099999999996 
0.00000000099999999998 0.57383951152489376391 0.00000000099999999998 0.41946109866152159196 0.00669938781358469116 
0.00586925736562462098 0.56724309857086618880 0.00000000099999999999 0.41939204235045191016 0.00749560071305743238 
0.00000000099999999999 0.57152049789095649146 0.00000000099999999999 0.39127292939505087244 0.03720657071399272736 
0.00000000099999999996 0.00000000099999999996 0.00000000099999999996 0.00000000099999999996 0.99999999599999989108 
0.00000000099999999998 0.00000000099999999998 0.00000000099999999998 0.01638499518660817625 0.98361500181339189819 
0.00000000099999999988 0.00000000099999999988 0.99999999600000000211 0.00000000099999999988 0.00000000099999999988 
0.00000000099999999997 0.00000000099999999997 0.00000000099999999997 0.00000000099999999997 0.99999999600000000211 
0.00000000099999999998 0.00000000099999999998 0.00000000099999999998 0.00004158552819258256 0.99995841147180741793 
0.00781807603883315043 0.42990795722452423977 0.00000000099999999999 0.54200902372303316756 0.02026494201360937164 
0.00000000099999999975 0.00000000099999999975 0.99999999600000000211 0.00000000099999999975 0.00000000099999999975 
0.00307020515341862666 0.43835422790304234830 0.00000000099999999999 0.55857556494353899357 0.00000000099999999999 
0.00110621437804936818 0.38361647596889220102 0.00000000099999999999 0.60493684972474670580 0.01034045892831172639 
0.00646072432589763716 0.54947209573956901085 0.00047053646292860118 0.44359664093008960295 0.00000000254151520091 
0.00386087840547794233 0.48388129155399489667 0.00000000100000000000 0.49014531247682280313 0.02211251656370439786 
0.00000000099999999995 0.00000000099999999995 0.00000000099999999995 0.99999999599999989108 0.00000000099999999995 
0.00000000099999999999 0.40859168494562819740 0.00000000099999999999 0.55879955507590994834 0.03260875797846163326 
0.00298607633810595496 0.39414818470882156953 0.00000000099999999999 0.60286573695307243970 0.00000000099999999999 
0.00000000099999999998 0.99999999600000000211 0.00000000099999999998 0.00000000099999999998 0.00000000099999999998 
0.02944607780448467091 0.46234597656395143295 0.00258326599719471044 0.49705449211924540576 0.00857018751512374395 
0.01179845489630093960 0.56725862991481035280 0.00000000099999999999 0.42091880133076531312 0.00002411285812348803 
0.00000000099999999998 0.43004157911183676921 0.00000000099999999998 0.56995841788816314910 0.00000000099999999998 
0.02535427751529556809 0.47170641263388501940 0.00000000100000000000 0.48167430389766058285 0.02126500495315892039 
0.01072494265017867078 0.46712033351088999567 0.00000000099999999998 0.52215472183893130165 0.00000000099999999998 
0.00000000099999999999 0.59961534604061739184 0.00000000099999999999 0.39415347384049420620 0.00623117811888857648 
0.00000000099999999999 0.48700740123526198300 0.00000000099999999999 0.51299259576473776878 0.00000000099999999999 
0.00000000099999999999 0.45794765697644934654 0.00000000099999999999 0.51309510437067396005 0.02895723665287671181 
0.00459995365781593578 0.60229287191495173293 0.00000000100000000000 0.38313693470263315843 0.00997023872459929135 
0.00000000099999999999 0.62842823386343993342 0.00000000099999999999 0.32881892795447076328 0.04275283618208940845 
0.00000000099999999999 0.47747636603851734138 0.00000000099999999999 0.52252261349760098508 0.00000101846388174348 
0.00000000099999999999 0.46650512905124419394 0.00000000099999999999 0.51435638963047558558 0.01913847931828013826 
0.00451048497172478607 0.49320080353956335939 0.06784213210293943419 0.41298585312397145808 0.02146072626180093798 
0.00000000099999999998 0.42714094354797310649 0.00000000099999999998 0.57285905345202670080 0.00000000099999999998 
0.00000000099999999998 0.44747378147947558524 0.00000000099999999998 0.54113405889652688163 0.01139215762399747346 
0.00000000099999999998 0.52113302905917269214 0.00000000099999999998 0.45638507938965477972 0.02248188955117252225 
0.01518111783732349444 0.54207586624995796054 0.00000000099999999999 0.44274301391271853046 0.00000000099999999999 
0.00000000099999999998 0.51956140787347659948 0.00000000099999999998 0.47013178157702356641 0.01030680854949996353 
0.00492569293194992670 0.50639728299373232279 0.00342858295931298875 0.48493593150057640040 0.00031250961442845987 
0.00803404294173856032 0.56587591325968400469 0.00000000099999999999 0.41806005119157074734 0.00802999160700685298 
0.00000000099999999999 0.45976488972645584985 0.00000000099999999999 0.54023510727354406846 0.00000000099999999999 
0.00000000099999999997 0.98222874642409185864 0.00000000099999999997 0.00000000099999999997 0.01777125057590819152 
0.00000000099999999995 0.00000000099999999995 0.00000000099999999995 0.00000000099999999995 0.99999999599999989108 
0.00000000099999999998 0.00020304137626251314 0.00000000099999999998 0.00000000099999999998 0.99979695562373738227 
0.00000000099999999983 0.00000000099999999983 0.99999999600000000211 0.00000000099999999983 0.00000000099999999983 
0.99999999600000000211 0.00000000099999999980 0.00000000099999999980 0.00000000099999999980 0.00000000099999999980 
0.03849370344881251210 0.00000313384158855584 0.00000000100000000000 0.05275621775363952687 0.90874694395595934093 
0.00000000099999999998 0.42309089392525944806 0.00000000099999999998 0.56765653481589761764 0.00925256925884284168 
0.00060627729236766654 0.54801342216352344483 0.00000000100000000000 0.42667459861108064656 0.02470570093302830103 
0.00413166900476766730 0.00000000099999999999 0.00000000099999999999 0.00000000099999999999 0.99586832799523239412 
0.00000000099999999999 0.49053769340010283662 0.00000000099999999999 0.49596526533625406863 0.01349703926364288070 
0.01071197402404876903 0.42481611969139115859 0.00000000099999999998 0.56447189200835101719 0.00000001327620908296 
0.00000000099999999997 0.99999999600000000211 0.00000000099999999997 0.00000000099999999997 0.00000000099999999997 
0.00000000099999999978 0.00000000099999999978 0.99999999600000000211 0.00000000099999999978 0.00000000099999999978 
0.00000000099999999979 0.00000000099999999979 0.99999999600000000211 0.00000000099999999979 0.00000000099999999979 
0.00000000099999999975 0.00000000099999999975 0.99999999600000000211 0.00000000099999999975 0.00000000099999999975 
0.00000000099999999976 0.00000000099999999976 0.99999999600000000211 0.00000000099999999976 0.00000000099999999976 
0.00000000099999999976 0.00000000099999999976 0.99999999599999989108 0.00000000099999999976 0.00000000099999999976 
0.00000000099999999998 0.00000000099999999998 0.00000000099999999998 0.00000000099999999998 0.99999999599999989108 
0.01094510004674704821 0.53907096004559329483 0.00000000100000000000 0.44998387413001023072 0.00000006477764937954 
0.00000000099999999976 0.00000000099999999976 0.99999999599999989108 0.00000000099999999976 0.00000000099999999976 
0.00000000099999999980 0.00000000099999999980 0.99999999600000000211 0.00000000099999999980 0.00000000099999999980 
0.99999999600000000211 0.00000000099999999979 0.00000000099999999979 0.00000000099999999979 0.00000000099999999979 
0.99999999600000011313 0.00000000099999999979 0.00000000099999999979 0.00000000099999999979 0.00000000099999999979 
0.00000000099999999997 0.99999999600000011313 0.00000000099999999997 0.00000000099999999997 0.00000000099999999997 
0.00000000099999999978 0.00000000099999999978 0.99999999600000000211 0.00000000099999999978 0.00000000099999999978 
0.00000000099999999997 0.00000000099999999997 0.00000000099999999997 0.99999999599999989108 0.00000000099999999997 
0.00000000099999999997 0.99999999600000000211 0.00000000099999999997 0.00000000099999999997 0.00000000099999999997 
0.00000000099999999998 0.00000000099999999998 0.00000000099999999998 0.04686101974201507814 0.95313897725798490956 
0.00000000099999999998 0.48201074795933190886 0.00000000099999999998 0.51174942737677786564 0.00623982266389024303 
0.00000000099999999994 0.00000000099999999994 0.00000000099999999994 0.00000000099999999994 0.99999999599999989108 
0.00000000099999999996 0.00000000099999999996 0.00000000099999999996 0.99999999599999989108 0.00000000099999999996 
0.00000000099999999995 0.00000000099999999995 0.00000000099999999995 0.00000000099999999995 0.99999999600000000211 
0.00000000099999999997 0.00000000099999999997 0.00000000099999999997 0.99999999600000000211 0.00000000099999999997 
0.01244299768188209150 0.66901500525169332878 0.00000000100000000000 0.31854199506642466577 0.00000000100000000000 
0.00000000099999999980 0.00000000099999999980 0.99999999599999989108 0.00000000099999999980 0.00000000099999999980 
0.00000000099999999996 0.00000000099999999996 0.00000000099999999996 0.00000000099999999996 0.99999999599999989108 
0.00000000099999999977 0.00000000099999999977 0.99999999600000000211 0.00000000099999999977 0.00000000099999999977 
0.00000000099999999976 0.00000000099999999976 0.99999999600000000211 0.00000000099999999976 0.00000000099999999976 
0.00000000099999999999 0.55320609788831542897 0.00000000099999999999 0.44249186292510234164 0.00430203718658229636 
0.00000000099999999996 0.00000000099999999996 0.00000000099999999996 0.99999999600000000211 0.00000000099999999996 
0.00000000099999999998 0.43730404737461697762 0.00000000099999999998 0.56185002878334477927 0.00084592184203820622 
0.00291333679002672230 0.49979688527308058221 0.00000000099999999999 0.49728752985723623237 0.00000224707965640697 
0.00000000099999999997 0.99999999600000000211 0.00000000099999999997 0.00000000099999999997 0.00000000099999999997 
0.00705646041711729087 0.48273678847826617666 0.00000000099999999999 0.49634645104227448353 0.01386029906234215528 
0.00000000099999999999 0.63673311651207631368 0.00000000099999999999 0.36326688048792377117 0.00000000099999999999 
0.00000000099999999998 0.00449917929832238054 0.00000000099999999998 0.00000001431905203297 0.99550080438262544824 
0.00000000099999999998 0.60377664580941903250 0.00000000099999999998 0.39622335119058088582 0.00000000099999999998 
0.00000000099999999977 0.00000000099999999977 0.99999999600000000211 0.00000000099999999977 0.00000000099999999977 
0.00000000099999999999 0.44341334271831994718 0.00000000099999999999 0.55658665428167997113 0.00000000099999999999 
0.00000000099999999992 0.00000000099999999992 0.99999999599999989108 0.00000000099999999992 0.00000000099999999992 
0.00000000099999999980 0.00000000099999999980 0.99999999599999989108 0.00000000099999999980 0.00000000099999999980 
0.00000000099999999999 0.61492678038761205972 0.00000000099999999999 0.36233310548735425671 0.02274011212503376789 
0.00711426502393160479 0.51014258251266619837 0.00000000099999999999 0.48274315046340210422 0.00000000099999999999 
0.00000000099999999999 0.63091187742289378537 0.00000000099999999999 0.35172111155581742281 0.01736700902128887267 
0.00000000099999999982 0.00000000099999999982 0.99999999600000000211 0.00000000099999999982 0.00000000099999999982 
0.00000000099999999995 0.00000000099999999995 0.00000000099999999995 0.00000000099999999995 0.99999999599999989108 
0.00000000099999999995 0.00000000099999999995 0.00000000099999999995 0.00000000099999999995 0.99999999600000000211 
0.00000000099999999979 0.00000000099999999979 0.99999999599999989108 0.00000000099999999979 0.00000000099999999979 
0.00557276506948829482 0.56695701451242019875 0.00000000099999999999 0.42437439429743922803 0.00309582512065242075 
0.01404884460967430020 0.52803428790002693294 0.00000000100000000000 0.42056659837520882217 0.03735026811509013084 
0.00000000099999999980 0.00000000099999999980 0.99999999599999989108 0.00000000099999999980 0.00000000099999999980 
0.00452248428310771632 0.40961926042266816328 0.00000000099999999999 0.58585784282074782059 0.00000041147347609543 
0.00000000099999999994 0.00000000099999999994 0.00000000099999999994 0.00000000099999999994 0.99999999600000000211 
0.11107204191205422017 0.23344209948166227964 0.10575425542847737004 0.31837103097995245182 0.23136057219785366446 
0.00000000100000000000 0.60339766946284634219 0.00003955948877578540 0.37299481059619354895 0.02356795945218445945 
0.01166069620066578771 0.63047573005999157925 0.00000000099999999999 0.32669685327103936689 0.03116671946830335688 
0.01428602066891980840 0.65698380223997232541 0.00000000099999999999 0.32873017509110774581 0.00000000099999999999 
0.00987927331840233146 0.60834038943716450820 0.00000000099999999999 0.38178033524443316660 0.00000000099999999999 
0.00306611699851361795 0.44390406931730097551 0.00000000099999999999 0.55302981168418541280 0.00000000099999999999 
0.00000000099999999999 0.46810043658012778778 0.00000000099999999999 0.53189934607636635278 0.00000021534350575458 
0.00000000099999999997 0.00000000099999999997 0.00000000099999999997 0.99999999599999989108 0.00000000099999999997 
0.00348594876195724426 0.46630501396354562260 0.00717786079160294670 0.50302851045926677553 0.02000266602362756746 
0.00000000099999999996 0.00000000099999999996 0.00000000099999999996 0.00000000099999999996 0.99999999599999989108 
0.00813586858208538086 0.52270898970189194621 0.00000000099999999999 0.45446996233719499925 0.01468517837882772625 
0.00286077610863676038 0.62289183585572893698 0.00000000099999999999 0.37424738603563434403 0.00000000099999999999 
0.00000000099999999998 0.98383152102659587879 0.00000000099999999998 0.00000000099999999998 0.01616847597340409504 
0.00000000099999999998 0.55986350609444834880 0.00000000099999999998 0.42742984867480254829 0.01270664323074904671 
0.00044345889853757695 0.40133921669374156282 0.00000000100000000000 0.56671537311137709647 0.03150195029634369343 
0.00000000099999999999 0.49415495066671105695 0.00000000099999999999 0.50584504633328886136 0.00000000099999999999 
0.00000000099999999998 0.00000000099999999998 0.00000000099999999998 0.99999999599999989108 0.00000000099999999998 
0.00000000099999999998 0.00839222617602190801 0.00000000099999999998 0.00000000099999999998 0.99160777082397810744 
0.01692709291632481933 0.47653392484417655961 0.00000000099999999999 0.49096930653690074031 0.01556967470259795240 
0.01071560849822534786 0.49946342385797865004 0.00000000099999999999 0.48762413243545094099 0.00219683420834499701 
0.00000000099999999998 0.00000000099999999998 0.00000000099999999998 0.99999999599999989108 0.00000000099999999998 
0.00000000099999999997 0.00000000099999999997 0.00000000099999999997 0.00000000099999999997 0.99999999599999989108 
0.00000000100000000000 0.48952063292558661844 0.01827224681173038323 0.46848668891431649586 0.02372043034836642666 
0.00734879371306750885 0.48303720756776996614 0.00000000100000000000 0.50532536370609371090 0.00428863401306876953 
0.00816773868558419262 0.17923822454785401370 0.00000000099999999999 0.33750343671684845948 0.47509059904971334687 
0.00000000099999999998 0.47289116921703405749 0.00000000099999999998 0.50716188575994813892 0.01994694302301765892 
0.00000000099999999981 0.00000000099999999981 0.99999999600000000211 0.00000000099999999981 0.00000000099999999981 
0.01617356472913486151 0.29390360280612792820 0.00000000099999999999 0.68365307339077774351 0.00626975807395937102 
0.00000000099999999997 0.00000000099999999997 0.00000000099999999997 0.99999999599999989108 0.00000000099999999997 
