0.01986399068841059393 0.00000010022732097486 0.35925714885325504833 0.53072849650955955525 0.00000000100000000000 0.08702457314794150023 0.00312568957351218486 
0.00000000099999999991 0.99999999400000016969 0.00000000099999999991 0.00000000099999999991 0.00000000099999999991 0.00000000099999999991 0.00000000099999999991 
0.00000000099999999995 0.33978408030471629608 0.00000000099999999995 0.00000000099999999995 0.00000000099999999995 0.00000000099999999995 0.66021591469528351226 
0.00000000099999999999 0.03521739314563693962 0.38566868173754792481 0.31944180940200278540 0.00000000099999999999 0.25967211251558830476 0.00000000119922399969 
0.00821124609612578805 0.00000035729468109814 0.32616412711606840302 0.48382693541787136216 0.00000000099999999999 0.18179733207525333727 0.00000000099999999999 
0.00125958187345199006 0.02857920544152426148 0.32998924144003083381 0.47925198500948046343 0.00000000099999999999 0.16091998423551256980 0.00000000099999999999 
0.00000000099999999995 0.27464927657719967469 0.00000000099999999995 0.00000000099999999995 0.00000000099999999995 0.00000000099999999995 0.72535071842280007814 
0.00000000099999999989 0.99999999400000005867 0.00000000099999999989 0.00000000099999999989 0.00000000099999999989 0.00000000099999999989 0.00000000099999999989 
0.01508043259354908960 0.00926372002283933245 0.50948310576689948004 0.18908796141059730500 0.00000000099999999999 0.27708477820611493447 0.00000000099999999999 
0.00000000099999999995 0.63261027454851459506 0.00000000099999999995 0.00000000099999999995 0.00000000099999999995 0.00000000099999999995 0.36738972045148537982 
0.00073925618880675483 0.01359580263535312139 0.76966002970655267301 0.00000000099999999999 0.00000000099999999999 0.21600490846928754873 0.00000000099999999999 
0.00397807760105817199 0.02050395978628301308 0.25436279954798202141 0.44288229009231588895 0.00000000099999999998 0.27827287097236086399 0.00000000099999999998 
0.00000000099999999996 0.00000000099999999996 0.99999999400000005867 0.00000000099999999996 0.00000000099999999996 0.00000000099999999996 0.00000000099999999996 
0.01315984896017149096 0.00000000099999999999 0.23678456299465019952 0.40574871107941795634 0.00000000099999999999 0.33930787973210474462 0.00499899523365563737 
0.01240050182981291584 0.00000000099999999999 0.00000000099999999999 0.73012359258066938938 0.00000000099999999999 0.25747590158951760841 0.00000000099999999999 
0.02841219555849139669 0.05550955224167770929 0.31116923840433696746 0.37733522442212114045 0.00000000099999999999 0.22757378667854077925 0.00000000169483213595 
0.00000000099999999999 0.00716387934686575113 0.29595104790736581624 0.44255971835999263764 0.00000000099999999999 0.25432535138577577749 0.00000000099999999999 
0.00000000099999999998 0.00000000099999999998 0.63150407939761632470 0.00000000099999999998 0.00000000099999999998 0.36849591560238348364 0.00000000099999999998 
0.00538386502170108694 0.00000000100000000000 0.36879902347278753494 0.40881492317098239164 0.00793479094424229259 0.20472118687934587333 0.00434620951094079680 
0.00000000099999999996 0.00000000099999999996 0.00000000099999999996 0.99999999399999994765 0.00000000099999999996 0.00000000099999999996 0.00000000099999999996 
0.00000000099999999996 0.00000000099999999996 0.99999999399999994765 0.00000000099999999996 0.00000000099999999996 0.00000000099999999996 0.00000000099999999996 
0.00000000099999999990 0.99999999400000016969 0.00000000099999999990 0.00000000099999999990 0.00000000099999999990 0.00000000099999999990 0.00000000099999999990 
0.00000000099999999999 0.00000000099999999999 0.26650578458346213528 0.43497580555390114032 0.00000000099999999999 0.27587678066204551763 0.02264162620059110773 
0.00000000099999999985 0.00000000099999999985 0.00000000099999999985 0.00000000099999999985 0.00000000099999999985 0.99999999399999994765 0.00000000099999999985 
0.00000000099999999998 0.03457901421759217858 0.61842143448996844679 0.34699954729243948082 0.00000000099999999998 0.00000000099999999998 0.00000000099999999998 
0.00000000099999999997 0.00000000099999999997 0.00000000635059536720 0.62685753117414932944 0.00000000099999999997 0.37314245847525517874 0.00000000099999999997 
0.99999999400000016969 0.00000000099999999974 0.00000000099999999974 0.00000000099999999974 0.00000000099999999974 0.00000000099999999974 0.00000000099999999974 
0.99999999400000005867 0.00000000099999999970 0.00000000099999999970 0.00000000099999999970 0.00000000099999999970 0.00000000099999999970 0.00000000099999999970 
0.00368348798615137285 0.00000000099999999999 0.55754292460331034142 0.21357768239553720502 0.00000000099999999999 0.22519590201500103155 0.00000000099999999999 
0.00000000099999999990 0.00000000099999999990 0.00000000099999999990 0.00000000099999999990 0.00000000099999999990 0.99999999399999994765 0.00000000099999999990 
0.00000000099999999995 0.00000000099999999995 0.99999999400000005867 0.00000000099999999995 0.00000000099999999995 0.00000000099999999995 0.00000000099999999995 
0.00000000099999999991 0.99999999400000005867 0.00000000099999999991 0.00000000099999999991 0.00000000099999999991 0.00000000099999999991 0.00000000099999999991 
0.35467798504460112952 0.20276515369372269393 0.00000000099999999992 0.00000000099999999992 0.00000000099999999992 0.44255685726167620642 0.00000000099999999992 
0.00000000099999999998 0.00000000099999999998 0.38480800986330959690 0.38071648929577711629 0.00000000099999999998 0.23447549684091328892 0.00000000099999999998 
0.00000000099999999969 0.00000000099999999969 0.00000000099999999969 0.00000000099999999969 0.99999999399999994765 0.00000000099999999969 0.00000000099999999969 
0.00000000099999999961 0.00000000099999999961 0.00000000099999999961 0.00000000099999999961 0.99999999399999994765 0.00000000099999999961 0.00000000099999999961 
0.00000000099999999962 0.00000000099999999962 0.00000000099999999962 0.00000000099999999962 0.99999999400000005867 0.00000000099999999962 0.00000000099999999962 
0.99999999400000005867 0.00000000099999999975 0.00000000099999999975 0.00000000099999999975 0.00000000099999999975 0.00000000099999999975 0.00000000099999999975 
0.99999999400000005867 0.00000000099999999971 0.00000000099999999971 0.00000000099999999971 0.00000000099999999971 0.00000000099999999971 0.00000000099999999971 
0.00000000099999999998 0.00000000099999999998 0.65229494529572307204 0.22483406798146263195 0.00000000099999999998 0.12287098272281408995 0.00000000099999999998 
0.00000000099999999991 0.00000000099999999991 0.00000000099999999991 0.00000000099999999991 0.00000000099999999991 0.00000000099999999991 0.99999999400000005867 
0.99999999400000016969 0.00000000099999999972 0.00000000099999999972 0.00000000099999999972 0.00000000099999999972 0.00000000099999999972 0.00000000099999999972 
0.00000000099999999998 0.00000000099999999998 0.00000000099999999998 0.62955798367326631926 0.00000000099999999998 0.34465972620627677303 0.02578228612045701737 
0.00000000099999999989 0.00000000099999999989 0.00000000099999999989 0.00000000099999999989 0.00000000099999999989 0.00000000099999999989 0.99999999399999994765 
0.99999999400000005867 0.00000000099999999976 0.00000000099999999976 0.00000000099999999976 0.00000000099999999976 0.00000000099999999976 0.00000000099999999976 
0.00000000099999999998 0.00007442418008764224 0.00000000099999999998 0.67909238592557241709 0.00000000099999999998 0.32083318589433990065 0.00000000099999999998 
0.99999999400000016969 0.00000000099999999973 0.00000000099999999973 0.00000000099999999973 0.00000000099999999973 0.00000000099999999973 0.00000000099999999973 
0.00000000099999999995 0.34052346100567804088 0.00000000099999999995 0.00000000099999999995 0.00000000099999999995 0.00000000099999999995 0.65947653399432171195 
0.00000000099999999988 0.00000000099999999988 0.00000000099999999988 0.00000000099999999988 0.00000000099999999988 0.00000000099999999988 0.99999999399999994765 
0.99999999400000016969 0.00000000099999999969 0.00000000099999999969 0.00000000099999999969 0.00000000099999999969 0.00000000099999999969 0.00000000099999999969 
0.99999999400000005867 0.00000000099999999972 0.00000000099999999972 0.00000000099999999972 0.00000000099999999972 0.00000000099999999972 0.00000000099999999972 
0.00000000099999999995 0.54774457989413638526 0.00000000099999999995 0.00000000099999999995 0.00000000099999999995 0.00000000099999999995 0.45225541510586370064 
0.00000000099999999995 0.58142582018734245697 0.00000000099999999995 0.00000000099999999995 0.00000000099999999995 0.00000000099999999995 0.41857417481265779546 
0.00000000099999999996 0.32136533510468562325 0.00000000099999999996 0.00000000099999999996 0.00000000099999999996 0.00000000099999999996 0.67863465989531424061 
0.99999999400000005867 0.00000000099999999976 0.00000000099999999976 0.00000000099999999976 0.00000000099999999976 0.00000000099999999976 0.00000000099999999976 
0.01298162014358195983 0.04314246405272970097 0.28904812434120052966 0.48881255787586364026 0.00000000100000000000 0.16601489458608043037 0.00000033800054392940 
0.02287726335758635821 0.00000000099999999999 0.47225478233970957787 0.50426363116329153691 0.00000000099999999999 0.00060432013941254682 0.00000000099999999999 
0.00000000099999999998 0.00669541722326716902 0.00000000099999999998 0.75803818367084219165 0.00000000099999999998 0.23526440249496843871 0.00000199361092217819 
0.00000000099999999999 0.00737825227432239300 0.67909450948833527395 0.00000000099999999999 0.00000000099999999999 0.31352723423734246699 0.00000000099999999999 
0.00000000099999999990 0.99999999400000016969 0.00000000099999999990 0.00000000099999999990 0.00000000099999999990 0.00000000099999999990 0.00000000099999999990 
0.00280903141762504178 0.00000000100000000000 0.46417895644055068294 0.36319186343327075628 0.00000000100000000000 0.16982014570855349933 0.00000000100000000000 
0.00000000099999999967 0.00000000099999999967 0.00000000099999999967 0.00000000099999999967 0.99999999400000005867 0.00000000099999999967 0.00000000099999999967 
0.00001387143150430345 0.01708603759458640625 0.38465452814299044837 0.59782362214263851108 0.00000000099999999998 0.00042193868828029713 0.00000000099999999998 
0.00000000099999999968 0.00000000099999999968 0.00000000099999999968 0.00000000099999999968 0.99999999399999994765 0.00000000099999999968 0.00000000099999999968 
0.00000000099999999999 0.00000000099999999999 0.37208906159872651154 0.28075691084347675908 0.00000000099999999999 0.30317786558418202691 0.04397615897361478732 
0.00000000099999999968 0.00000000099999999968 0.00000000099999999968 0.00000000099999999968 0.99999999399999994765 0.00000000099999999968 0.00000000099999999968 
0.00000000099999999999 0.00000000099999999999 0.43113733847988777725 0.44436902287448926119 0.00000000099999999999 0.10534489514223815965 0.01914874050338482084 
0.00000000099999999998 0.00000000099999999998 0.00000000099999999998 0.99999999400000005867 0.00000000099999999998 0.00000000099999999998 0.00000000099999999998 
0.00000000099999999990 0.00000000099999999990 0.00000000099999999990 0.00000000099999999990 0.00000000099999999990 0.00000000099999999990 0.99999999399999994765 
0.00000000099999999997 0.00000000099999999997 0.37067129350806660160 0.37902845558224573796 0.00000000099999999997 0.25030024690968777357 0.00000000099999999997 
0.00000000099999999968 0.00000000099999999968 0.00000000099999999968 0.00000000099999999968 0.99999999400000005867 0.00000000099999999968 0.00000000099999999968 
0.00000000099999999971 0.00000000099999999971 0.00000000099999999971 0.00000000099999999971 0.99999999400000005867 0.00000000099999999971 0.00000000099999999971 
0.00651260241394995259 0.00000000099999999999 0.43772963734564879212 0.45766128208474010641 0.00000000099999999999 0.00000000099999999999 0.09809647515566111142 
0.00000000099999999991 0.00000000099999999991 0.00000000099999999991 0.00000000099999999991 0.00000000099999999991 0.00000000099999999991 0.99999999400000005867 
0.99999999400000005867 0.00000000099999999977 0.00000000099999999977 0.00000000099999999977 0.00000000099999999977 0.00000000099999999977 0.00000000099999999977 
0.00000000099999999988 0.99999999400000016969 0.00000000099999999988 0.00000000099999999988 0.00000000099999999988 0.00000000099999999988 0.00000000099999999988 
0.00000000099999999999 0.00011296523084197246 0.33655185014538713251 0.45819390561681183627 0.00000000099999999999 0.16899784143327051256 0.03614343557368861898 
0.00000000099999999965 0.00000000099999999965 0.00000000099999999965 0.00000000099999999965 0.99999999399999994765 0.00000000099999999965 0.00000000099999999965 
0.99999999400000016969 0.00000000099999999967 0.00000000099999999967 0.00000000099999999967 0.00000000099999999967 0.00000000099999999967 0.00000000099999999967 
0.00000000099999999973 0.00000000099999999973 0.00000000099999999973 0.00000000099999999973 0.99999999400000005867 0.00000000099999999973 0.00000000099999999973 
0.01502617989603699696 0.01117625184415601061 0.52530794013552961630 0.44848541821885901104 0.00000000099999999999 0.00000420790541833846 0.00000000099999999999 
0.00000000099999999986 0.99999999400000005867 0.00000000099999999986 0.00000000099999999986 0.00000000099999999986 0.00000000099999999986 0.00000000099999999986 
0.00000000099999999988 0.99999999400000016969 0.00000000099999999988 0.00000000099999999988 0.00000000099999999988 0.00000000099999999988 0.00000000099999999988 
0.00000000099999999998 0.00000000099999999998 0.25529768469842328837 0.22652646942406640118 0.00000000099999999998 0.28072409795951142053 0.23745174491799889149 
0.02287414323241460795 0.00000000099999999999 0.52161551200983302667 0.34992752278087735363 0.00000000099999999999 0.10399924495589286944 0.00158357502098198074 
0.00000000099999999997 0.00000002392065171017 0.70158143700772057638 0.00000000099999999997 0.00000000099999999997 0.29841853507162757753 0.00000000099999999997 
0.00000000099999999996 0.00000000099999999996 0.99999999400000005867 0.00000000099999999996 0.00000000099999999996 0.00000000099999999996 0.00000000099999999996 
0.00000000099999999996 0.00000000099999999996 0.99999999400000005867 0.00000000099999999996 0.00000000099999999996 0.00000000099999999996 0.00000000099999999996 
0.00000000099999999997 0.00000000099999999997 0.40158294235299712982 0.25742178178255326060 0.00000000099999999997 0.34099527186444961169 0.00000000099999999997 
0.00000000099999999997 0.00000000099999999997 0.63498989325482779744 0.25669283768576900417 0.00000000099999999997 0.09133691012749035887 0.01698035593191273007 
0.00377609512796428601 0.00864171125400988414 0.52228029881660775757 0.41307041058483334739 0.00000000099999999999 0.05223148221658460016 0.00000000099999999999 
0.00000000099999999999 0.03786142106212058572 0.47978429114515752651 0.26401544971528234651 0.00000000099999999999 0.21833883507743961916 0.00000000099999999999 
0.00000000099999999995 0.57513256040600058139 0.00000000099999999995 0.00000000099999999995 0.00000000099999999995 0.00000000099999999995 0.42486743459399956002 
0.00000000099999999998 0.57449971002798294606 0.00004168540340904616 0.00000000099999999998 0.00000000099999999998 0.00000000099999999998 0.42545860056860818066 
0.00000000099999999980 0.00000000099999999980 0.00000000099999999980 0.00000000099999999980 0.99999999399999994765 0.00000000099999999980 0.00000000099999999980 
0.00000000099999999997 0.56903810821513167717 0.00000000099999999997 0.00000000099999999997 0.00000000099999999997 0.00000000099999999997 0.43096188678486857526 
0.00000000099999999997 0.56257343051180719318 0.00000000099999999997 0.00000000099999999997 0.00000000099999999997 0.00000000099999999997 0.43742656448819294823 
0.00418661828084951424 0.00611949011512491481 0.36667477017507976722 0.52989691393194615632 0.00000000099999999999 0.08092409978731832099 0.01219810670968145792 
0.00000000099999999961 0.00000000099999999961 0.00000000099999999961 0.00000000099999999961 0.99999999399999994765 0.00000000099999999961 0.00000000099999999961 
0.00339186192951227263 0.00000000099999999999 0.47427862694753503137 0.39340315667792041809 0.00000000099999999999 0.12892635144503236666 0.00000000099999999999 
0.00000000099999999995 0.00000000099999999995 0.99999999400000005867 0.00000000099999999995 0.00000000099999999995 0.00000000099999999995 0.00000000099999999995 
0.00377322014942551524 0.00809063850074232677 0.30171494048503078034 0.46910134978461637267 0.00000000100000000000 0.21731984908018492364 0.00000000100000000000 
0.00000000099999999999 0.00000000099999999999 0.38304270278912383452 0.58294179791000511059 0.00000000099999999999 0.00000000099999999999 0.03401549530087104312 
0.00000000099999999994 0.00000000099999999994 0.00000000099999999994 0.99999999399999994765 0.00000000099999999994 0.00000000099999999994 0.00000000099999999994 
0.00000000099999999999 0.04517231801491806281 0.30994984167307504386 0.34629157775333063718 0.00000000099999999999 0.29858625955867634794 0.00000000099999999999 
0.00000000099999999998 0.00000000099999999998 0.00000000099999999998 0.77928050958573602536 0.00000000099999999998 0.22071948541426383850 0.00000000099999999998 
0.00000000099999999993 0.00000000099999999993 0.00000000099999999993 0.00000000099999999993 0.00000000099999999993 0.99999999400000005867 0.00000000099999999993 
0.02747024305708433214 0.00183093471655182915 0.20984863952585755542 0.57470508589553426226 0.00225612483672994616 0.17393735708844806909 0.00995161487979405110 
0.00000000099999999996 0.00000000099999999996 0.99999999400000005867 0.00000000099999999996 0.00000000099999999996 0.00000000099999999996 0.00000000099999999996 
0.00000000099999999995 0.00000000099999999995 0.00000000099999999995 0.99999999400000005867 0.00000000099999999995 0.00000000099999999995 0.00000000099999999995 
0.00937346090338521919 0.00000135970350137347 0.00000000099999999999 0.99062517539311345516 0.00000000099999999999 0.00000000099999999999 0.00000000099999999999 
0.00879983402204305258 0.00000000099999999998 0.49806603511425451281 0.49227500734311285813 0.00000000099999999998 0.00085912052058967922 0.00000000099999999998 
0.00000000099999999996 0.00000000099999999996 0.99999999399999994765 0.00000000099999999996 0.00000000099999999996 0.00000000099999999996 0.00000000099999999996 
0.00000000099999999999 0.00000000099999999999 0.51486205972715337609 0.48513700841670570618 0.00000000099999999999 0.00000092785614091626 0.00000000099999999999 
0.00000000099999999998 0.03556634778822902881 0.14542384980593769939 0.50655314367588599733 0.00000000099999999998 0.31245665572994713033 0.00000000099999999998 
0.00000000099999999997 0.00000000099999999997 0.00000000099999999997 0.99999999399999994765 0.00000000099999999997 0.00000000099999999997 0.00000000099999999997 
0.00000000099999999999 0.04412390954808672466 0.31897034921323291767 0.36961456637223666366 0.00000000099999999999 0.26729117186644374415 0.00000000099999999999 
0.00000000099999999999 0.00000000099999999999 0.34352802382035785289 0.36280101716337576079 0.00000000099999999999 0.28768603174797297006 0.00598492426829343692 
0.00000000099999999998 0.00000000099999999998 0.00000000099999999998 0.62292416925097005009 0.00000000099999999998 0.36537597796183907128 0.01169984878719082522 
0.00319163987184992387 0.03342517757972651715 0.39775960138855043224 0.29433024691528736350 0.06691635420199963658 0.20437697904258594894 0.00000000100000000000 
0.00000000099999999995 0.00000000099999999995 0.00000000099999999995 0.99999999400000005867 0.00000000099999999995 0.00000000099999999995 0.00000000099999999995 
0.00000000099999999997 0.00000000099999999997 0.46813645268460030158 0.27963860454285749402 0.00000000099999999997 0.22630362422381689047 0.02592131554872551327 
0.00000000099999999998 0.00000002749849592662 0.40608373665270580677 0.30083637077705199792 0.00000000099999999998 0.27130083343373778693 0.02177902963800838754 
0.01207856733589090549 0.00000000099999999999 0.38598403050450746932 0.29402494538241591426 0.00000000099999999999 0.30791245377718556853 0.00000000099999999999 
0.00000000099999999998 0.01371112988987332505 0.48287333423334832805 0.24955437049576248421 0.00000000099999999998 0.25386116238101585907 0.00000000099999999998 
0.00400702609913067449 0.00000000100000000000 0.30350341144584891406 0.31481729131483410233 0.00000000100000000000 0.37767226814018622916 0.00000000100000000000 
0.00134371000724845414 0.00000000099999999998 0.50471186363980558021 0.28749422673558439056 0.00000000099999999998 0.17941153902360046368 0.02703865859376131109 
0.00000000099999999998 0.00000000099999999998 0.35179325565456437408 0.54762763693925431419 0.00000000099999999998 0.10057910340618129996 0.00000000099999999998 
0.00000000099999999997 0.00000000099999999997 0.64750692600013037836 0.17694398311204850849 0.00000000099999999997 0.13164002385270803797 0.04390906403511298656 
0.00000000099999999994 0.40025891165854715625 0.00000000099999999994 0.00000000099999999994 0.00000000099999999994 0.00000000099999999994 0.59974108334145270760 
0.00000000099999999993 0.00000000099999999993 0.00000000099999999993 0.00000000099999999993 0.00000000099999999993 0.00000000099999999993 0.99999999399999994765 
0.00000000099999999974 0.00000000099999999974 0.00000000099999999974 0.00000000099999999974 0.99999999400000005867 0.00000000099999999974 0.00000000099999999974 
0.99999999400000016969 0.00000000099999999968 0.00000000099999999968 0.00000000099999999968 0.00000000099999999968 0.00000000099999999968 0.00000000099999999968 
0.03860619916907229859 0.00000000099999999999 0.00000000099999999999 0.00000000099999999999 0.00000000099999999999 0.00000000099999999999 0.96139379583092754444 
0.00000000099999999995 0.00000000099999999995 0.00000000099999999995 0.99999999400000005867 0.00000000099999999995 0.00000000099999999995 0.00000000099999999995 
0.00000000099999999999 0.02573568477149601810 0.52383831480843690009 0.45042599642006703187 0.00000000099999999999 0.00000000099999999999 0.00000000099999999999 
0.00000000099999999993 0.00000000099999999993 0.00000000099999999993 0.00000000099999999993 0.00000000099999999993 0.00000000099999999993 0.99999999400000005867 
0.00000000099999999999 0.01462604959924953402 0.27185576487794371747 0.47647144827157300595 0.00000000099999999999 0.23704036456108978914 0.00000637069014400762 
0.00913097382472127968 0.00000000099999999998 0.26239904740701325281 0.58687424147531086494 0.00000000099999999998 0.14159429136598869481 0.00000144392696604829 
0.00000000099999999989 0.00000000099999999989 0.00000000099999999989 0.00000000099999999989 0.00000000099999999989 0.99999999400000005867 0.00000000099999999989 
0.00000000099999999965 0.00000000099999999965 0.00000000099999999965 0.00000000099999999965 0.99999999399999994765 0.00000000099999999965 0.00000000099999999965 
0.00000000099999999967 0.00000000099999999967 0.00000000099999999967 0.00000000099999999967 0.99999999400000005867 0.00000000099999999967 0.00000000099999999967 
0.00000000099999999961 0.00000000099999999961 0.00000000099999999961 0.00000000099999999961 0.99999999400000005867 0.00000000099999999961 0.00000000099999999961 
0.00000000099999999962 0.00000000099999999962 0.00000000099999999962 0.00000000099999999962 0.99999999400000005867 0.00000000099999999962 0.00000000099999999962 
0.00000000099999999963 0.00000000099999999963 0.00000000099999999963 0.00000000099999999963 0.99999999400000005867 0.00000000099999999963 0.00000000099999999963 
0.00000000099999999991 0.99999999400000005867 0.00000000099999999991 0.00000000099999999991 0.00000000099999999991 0.00000000099999999991 0.00000000099999999991 
0.00886088086678531867 0.00240426491068970608 0.39991483717379788798 0.35078166649161274249 0.00000000100000000000 0.23803834855711436536 0.00000000100000000000 
0.00000000099999999963 0.00000000099999999963 0.00000000099999999963 0.00000000099999999963 0.99999999400000005867 0.00000000099999999963 0.00000000099999999963 
0.00000000099999999968 0.00000000099999999968 0.00000000099999999968 0.00000000099999999968 0.99999999399999994765 0.00000000099999999968 0.00000000099999999968 
0.99999999400000016969 0.00000000099999999967 0.00000000099999999967 0.00000000099999999967 0.00000000099999999967 0.00000000099999999967 0.00000000099999999967 
0.99999999400000016969 0.00000000099999999967 0.00000000099999999967 0.00000000099999999967 0.00000000099999999967 0.00000000099999999967 0.00000000099999999967 
0.00000000099999999997 0.00000000099999999997 0.54736656733992294921 0.00000000099999999997 0.00000000099999999997 0.45263342766007691464 0.00000000099999999997 
0.00000000099999999966 0.00000000099999999966 0.00000000099999999966 0.00000000099999999966 0.99999999400000005867 0.00000000099999999966 0.00000000099999999966 
0.00000000099999999999 0.01579474944269341694 0.32202385964980512201 0.66218138690750150133 0.00000000099999999999 0.00000000099999999999 0.00000000099999999999 
0.00000000099999999995 0.00000000099999999995 0.00000000099999999995 0.99999999399999994765 0.00000000099999999995 0.00000000099999999995 0.00000000099999999995 
0.00000000099999999992 0.99999999400000005867 0.00000000099999999992 0.00000000099999999992 0.00000000099999999992 0.00000000099999999992 0.00000000099999999992 
0.00000000099999999998 0.01739837493888281295 0.53525478512332147485 0.28608926675411050500 0.00000000099999999998 0.16125757018368527818 0.00000000099999999998 
0.00000000099999999992 0.33094378170661548078 0.00000000099999999992 0.00000000099999999992 0.00000000099999999992 0.00000000099999999992 0.66905621329338438308 
0.00000000099999999998 0.00000000099999999998 0.00000000099999999998 0.78495239705001951247 0.00000000099999999998 0.19590935756580807325 0.01913824138417240944 
0.00000000099999999989 0.00000000099999999989 0.00000000099999999989 0.00000000099999999989 0.00000000099999999989 0.00000000099999999989 0.99999999400000005867 
0.00050567510740333874 0.00000000099999999997 0.00000000099999999997 0.99949431989259673870 0.00000000099999999997 0.00000000099999999997 0.00000000099999999997 
0.01127646823706503557 0.00000000099999999999 0.47371049305618329051 0.42195983227253502923 0.00000000099999999999 0.09305320343421669138 0.00000000099999999999 
0.00000000099999999968 0.00000000099999999968 0.00000000099999999968 0.00000000099999999968 0.99999999399999994765 0.00000000099999999968 0.00000000099999999968 
0.00000000099999999994 0.28237966718458401560 0.00000000099999999994 0.00000000099999999994 0.00000000099999999994 0.00000000099999999994 0.71762032781541573723 
0.00000000099999999963 0.00000000099999999963 0.00000000099999999963 0.00000000099999999963 0.99999999400000005867 0.00000000099999999963 0.00000000099999999963 
0.00000000099999999963 0.00000000099999999963 0.00000000099999999963 0.00000000099999999963 0.99999999399999994765 0.00000000099999999963 0.00000000099999999963 
0.00000000099999999998 0.00000000099999999998 0.00000000099999999998 0.59378934652823434082 0.00000000099999999998 0.40621064847176557855 0.00000000099999999998 
0.00000000099999999998 0.02157102269237867395 0.34123811792203706528 0.63719085538558417614 0.00000000099999999998 0.00000000099999999998 0.00000000099999999998 
0.00000000099999999997 0.01568469199671806633 0.31847990752297805628 0.49457572526688642345 0.00000000099999999997 0.17125967221341742430 0.00000000099999999997 
0.00000000099999999999 0.00000000099999999999 0.45419169292319311326 0.35014777250340511916 0.00000000099999999999 0.19566053057340179744 0.00000000099999999999 
0.00000000099999999998 0.00000000288790224405 0.59913314928288730066 0.00000000099999999998 0.00000000099999999998 0.40086684382921056180 0.00000000099999999998 
0.00424663074216852666 0.02091796762906102461 0.35962352422420346132 0.45189373444519825851 0.00000000099999999998 0.16331814095936872389 0.00000000099999999998 
0.00000000099999999997 0.00000000099999999997 0.70232382172827489963 0.29767617327172513075 0.00000000099999999997 0.00000000099999999997 0.00000000099999999997 
0.00000000099999999997 0.30488560020904020842 0.01063874843496689752 0.00000000099999999997 0.00000000099999999997 0.00000000099999999997 0.68447564735599286667 
0.00000000099999999998 0.00000000099999999998 0.60067348013269628026 0.22430916505035597419 0.00000000099999999998 0.17501735081694760887 0.00000000099999999998 
0.00000000099999999963 0.00000000099999999963 0.00000000099999999963 0.00000000099999999963 0.99999999399999994765 0.00000000099999999963 0.00000000099999999963 
0.00000000099999999999 0.00000000099999999999 0.44769603328416096577 0.39635278216031150089 0.00000000099999999999 0.15595118055552753544 0.00000000099999999999 
0.00000000099999999988 0.00000000099999999988 0.00000000099999999988 0.00000000099999999988 0.99999999400000005867 0.00000000099999999988 0.00000000099999999988 
0.00000000099999999968 0.00000000099999999968 0.00000000099999999968 0.00000000099999999968 0.99999999400000005867 0.00000000099999999968 0.00000000099999999968 
0.00000000099999999999 0.02870607121047826643 0.31079656511377118377 0.50589700688251115768 0.00000000099999999999 0.15460035379323949778 0.00000000099999999999 
0.00000000099999999995 0.00000000099999999995 0.99999999399999994765 0.00000000099999999995 0.00000000099999999995 0.00000000099999999995 0.00000000099999999995 
0.00000000099999999992 0.00000000099999999992 0.00000000099999999992 0.00000000099999999992 0.00000000099999999992 0.99999999400000005867 0.00000000099999999992 
0.00000000099999999971 0.00000000099999999971 0.00000000099999999971 0.00000000099999999971 0.99999999399999994765 0.00000000099999999971 0.00000000099999999971 
0.00000000099999999990 0.00000000099999999990 0.00000000099999999990 0.00000000099999999990 0.00000000099999999990 0.00000000099999999990 0.99999999399999994765 
0.00000000099999999989 0.99999999400000005867 0.00000000099999999989 0.00000000099999999989 0.00000000099999999989 0.00000000099999999989 0.00000000099999999989 
0.00000000099999999968 0.00000000099999999968 0.00000000099999999968 0.00000000099999999968 0.99999999400000005867 0.00000000099999999968 0.00000000099999999968 
0.00000000099999999994 0.00000000099999999994 0.00000000099999999994 0.00000000099999999994 0.00000000099999999994 0.99999999399999994765 0.00000000099999999994 
0.00699507387624016385 0.00000000099999999999 0.22425177663242462645 0.40703049540209057522 0.00000000099999999999 0.31479043801982731221 0.04693221406941735369 
0.00000000099999999969 0.00000000099999999969 0.00000000099999999969 0.00000000099999999969 0.99999999400000005867 0.00000000099999999969 0.00000000099999999969 
0.00387613325743086518 0.00906010850171369911 0.42525845928445910049 0.37336776024067103164 0.00000000099999999999 0.18843753671572543995 0.00000000099999999999 
0.00000000099999999992 0.57900674552586983701 0.00000000099999999992 0.00000000099999999992 0.00000000099999999992 0.00000000099999999992 0.42099324947413030440 
0.10718187460813981271 0.00000000100000000000 0.56525843901632810695 0.00000000100000000000 0.10379735660979230727 0.00000000100000000000 0.22376232676573984404 
0.00000000099999999999 0.01861234653416186935 0.76463399809820464803 0.00000000099999999999 0.00000000099999999999 0.21675365136763347085 0.00000000099999999999 
0.00742970630361146963 0.00000000099999999999 0.44858070546091743935 0.27228832320013762747 0.00000000099999999999 0.23357166684455948902 0.03812959619077400247 
0.01188037411732912121 0.00000000099999999999 0.47616050979095991824 0.26731744001269008848 0.00000000099999999999 0.24464167307902090487 0.00000000099999999999 
0.00000000099999999989 0.00000000099999999989 0.00000000099999999989 0.00000000099999999989 0.00000000099999999989 0.99999999399999994765 0.00000000099999999989 
0.00000000099999999998 0.00000000099999999998 0.61419953827560236359 0.29207736510706433508 0.00000000099999999998 0.09372309261733326180 0.00000000099999999998 
0.00000000099999999999 0.01024931747060149612 0.49140090156197463456 0.38133363650557849933 0.00000000099999999999 0.11701614146184542709 0.00000000099999999999 
0.00000071056811240135 0.00000000099999999997 0.00000000099999999997 0.99999928443188756955 0.00000000099999999997 0.00000000099999999997 0.00000000099999999997 
0.00000000099999999999 0.00000000099999999999 0.55978554701270033522 0.36011591738060622081 0.00000000099999999999 0.04229268646779826141 0.03780584613889506618 
0.00000000099999999990 0.00000000099999999990 0.00000000099999999990 0.00000000099999999990 0.00000000099999999990 0.00000000099999999990 0.99999999400000005867 
0.00000000099999999998 0.00000000099999999998 0.65900055709740867904 0.00000000099999999998 0.00000000099999999998 0.32872124505550726070 0.01227819384708413522 
0.00000000099999999996 0.00000000099999999996 0.00000000099999999996 0.99999999399999994765 0.00000000099999999996 0.00000000099999999996 0.00000000099999999996 
0.00002996242735280911 0.04787987779741408045 0.47025491717698464367 0.28881975229623496615 0.00000000099999999999 0.19301548830201351037 0.00000000099999999999 
0.00000000099999999998 0.01679085399391995470 0.48484338287366907094 0.49836575913241093483 0.00000000099999999998 0.00000000099999999998 0.00000000099999999998 
0.00000000099999999999 0.04472085990841128539 0.44234825590994641953 0.44839786302818313013 0.00000000099999999999 0.06453301815345932613 0.00000000099999999999 
0.00000000099999999998 0.00000000099999999998 0.64972370498003473305 0.35027629001996529734 0.00000000099999999998 0.00000000099999999998 0.00000000099999999998 
0.00000000099999999999 0.00000000099999999999 0.37590390597220546542 0.44927358252587634713 0.00000000099999999999 0.15450275542171412746 0.02031975308020407545 
0.00000000099999999992 0.00000000099999999992 0.00000000099999999992 0.00000000099999999992 0.00000000099999999992 0.00000000099999999992 0.99999999399999994765 
0.00000000099999999996 0.00000000099999999996 0.99999999400000005867 0.00000000099999999996 0.00000000099999999996 0.00000000099999999996 0.00000000099999999996 
0.00531514535580710195 0.00000000099999999999 0.00000000099999999999 0.65233906065526525708 0.00000000099999999999 0.34234578998892750690 0.00000000099999999999 
0.00000000099999999999 0.00000000099999999999 0.00000000099999999999 0.68710189306248103946 0.00051526126641853788 0.31238284167110019762 0.00000000099999999999 
0.00000000099999999997 0.32313128338937591177 0.00000000099999999997 0.00000000099999999997 0.00000000099999999997 0.00000000099999999997 0.67686871161062400759 
0.00000000100000000000 0.00000000100000000000 0.40792346932526130088 0.43051590883626278394 0.01819502904367156781 0.11511172376533500283 0.02825386702946923456 
0.00408813329008000242 0.00843440116277039548 0.26675896697240891742 0.56219063351586606725 0.00000000099999999999 0.15798874960926520550 0.00053911444960958409 
0.00000000263312206336 0.48403769024342502281 0.51596230312345292557 0.00000000099999999998 0.00000000099999999998 0.00000000099999999998 0.00000000099999999998 
0.00000000099999999997 0.00000000099999999997 0.00000004040990347049 0.66571047849722109202 0.00000000099999999997 0.31545978551803843803 0.01882969257483700989 
0.00000000099999999970 0.00000000099999999970 0.00000000099999999970 0.00000000099999999970 0.99999999399999994765 0.00000000099999999970 0.00000000099999999970 
0.00070069877740361536 0.00000000099999999998 0.00000000099999999998 0.99929929622259650035 0.00000000099999999998 0.00000000099999999998 0.00000000099999999998 
0.00000000099999999998 0.00000000137262400817 0.00000000099999999998 0.70737798726078415790 0.00000000099999999998 0.27260445501894092768 0.02001755334765090849 
