0.01192374269300617955 0.97523115444153563036 0.01284510286545811550 
0.00000000099999999998 0.00000000099999999998 0.99999999800000005656 
0.00000000099999999997 0.00000000099999999997 0.99999999799999994554 
0.00000000099999999999 0.95557467843083787606 0.04442532056916211058 
0.00016213808652018063 0.99841153156399631285 0.00142633034948350438 
0.00000000099999999999 0.96666775886666544970 0.03333224013333457858 
0.00000000099999999998 0.00000000099999999998 0.99999999799999994554 
0.00000000099999999997 0.00000000099999999997 0.99999999799999994554 
0.00000000100000000000 0.98734353996460499925 0.01265645903539505332 
0.00000000099999999998 0.00000000099999999998 0.99999999799999994554 
0.00000001460841909824 0.98144801979943607773 0.01855196559214472574 
0.00000000099999999999 0.97462207349007867752 0.02537792550992143056 
0.00000000122204262632 0.99364903324695363906 0.00635096553100382780 
0.00147083802963357481 0.98145106278104787823 0.01707809918931862611 
0.01621935448007134212 0.98151786452958134088 0.00226278099034735647 
0.01292540169586135768 0.91957106659124543402 0.06750353171289333321 
0.00000000099999999999 0.99289791126704640689 0.00710208773295376624 
0.00731394680773163677 0.99268605219226846437 0.00000000100000000000 
0.01162229234954191039 0.98204835459610051451 0.00632935305435748403 
0.00000000099999999999 0.99713320571878105714 0.00286679328121887660 
0.00000000100000000000 0.99721882659583305220 0.00278117240416703637 
0.00000000099999999998 0.00000000099999999998 0.99999999799999994554 
0.00000000099999999999 0.97007260132131234442 0.02992739767868764222 
0.00000000099999999999 0.96151301448354953294 0.03848698451645051616 
0.00000000099999999999 0.96628948682690241068 0.03371051217309765924 
0.00000000099999999999 0.99999999800000005656 0.00000000099999999999 
0.78865691996894682347 0.03971808492718998523 0.17162499510386308721 
0.80499266739531138981 0.00145990331690255912 0.19354742928778603805 
0.00016531977976566359 0.99327785892531039735 0.00655682129492392123 
0.00000000100000000000 0.99999989742297723527 0.00000010157702268505 
0.00000000099999999999 0.97140953735124768720 0.02859046164875228557 
0.00000000099999999998 0.00000000099999999998 0.99999999800000005656 
0.24169218269060191440 0.45068321194046578881 0.30762460536893226903 
0.00000000099999999999 0.99986226826586555028 0.00013773073413454634 
0.99999999799999994554 0.00000000099999999989 0.00000000099999999989 
0.99999999800000005656 0.00000000099999999986 0.00000000099999999986 
0.99999999800000005656 0.00000000099999999987 0.00000000099999999987 
0.79588704677410659905 0.06172724802999712823 0.14238570519589613395 
0.80086625469136485389 0.02733099059784661888 0.17180275471078856886 
0.00000000099999999999 0.99815849057370420461 0.00184150842629572241 
0.00000000099999999998 0.00000000099999999998 0.99999999799999994554 
0.78698070092725058711 0.06015020248395224617 0.15286909658879713203 
0.00000000100000000000 0.97004660388815588945 0.02995339511184411455 
0.00000000099999999997 0.00000000099999999997 0.99999999800000005656 
0.78823887326384844965 0.02615274211263696538 0.18560838462351453293 
0.00000000099999999999 0.97624903716140465360 0.02375096183859536081 
0.78984701275865421000 0.03951910555535603775 0.17063388168598961347 
0.00000000099999999998 0.00000000099999999998 0.99999999800000005656 
0.00000000099999999996 0.00000000099999999996 0.99999999799999994554 
0.79243486072907320938 0.01667945236278827251 0.19088568690813853546 
0.80232631402249554586 0.03693998523272670059 0.16073370074477769109 
0.00000000099999999998 0.00000000099999999998 0.99999999799999994554 
0.00000000099999999998 0.00000000099999999998 0.99999999799999994554 
0.00000000099999999998 0.00000000645331055060 0.99999999254668936466 
0.79286100283495153374 0.03664183707850408173 0.17049716008654433597 
0.00568890513384994953 0.94301032913534510449 0.05130076573080494251 
0.01476188996644276635 0.97433137173205597303 0.01090673830150124153 
0.00000000099999999999 0.97270177262619283987 0.02729822637380724393 
0.00000000099999999999 0.98161907722861663217 0.01838092177138350367 
0.00000000099999999998 0.00000000099999999998 0.99999999799999994554 
0.00497507970847653903 0.99447761827938352397 0.00054730201213987943 
0.99999999799999994554 0.00000000099999999988 0.00000000099999999988 
0.00000000099999999999 0.98459581088852632380 0.01540418811147356744 
0.99999999799999994554 0.00000000099999999989 0.00000000099999999989 
0.00000000100000000000 0.95360476155511009200 0.04639523744488987383 
0.99999999800000005656 0.00000000099999999988 0.00000000099999999988 
0.00000000099999999999 0.98631258611502647948 0.01368741288497353145 
0.00077139606527220641 0.98242855084002456145 0.01680005309470329611 
0.00000000099999999997 0.00000000099999999997 0.99999999799999994554 
0.00000000099999999999 0.99999733450171901517 0.00000266449828088204 
0.99999999799999994554 0.00000000099999999988 0.00000000099999999988 
0.99999999800000005656 0.00000000099999999989 0.00000000099999999989 
0.00000000100000000000 0.90823970426889766294 0.09176029473110243473 
0.00000000099999999997 0.00000000099999999997 0.99999999800000005656 
0.77086756573724435349 0.06965099765278956467 0.15948143660996608184 
0.00000000099999999997 0.00000000099999999997 0.99999999800000005656 
0.00000000185745918201 0.95967256210791895832 0.04032743603462187604 
0.99999999800000005656 0.00000000099999999987 0.00000000099999999987 
0.81085596165521323098 0.02684600964828179684 0.16229802869650494790 
0.99999999800000005656 0.00000000099999999991 0.00000000099999999991 
0.01442743964846153991 0.98098403275564971526 0.00458852759588862166 
0.00000000099999999997 0.00000000099999999997 0.99999999800000005656 
0.00000000099999999998 0.00000000099999999998 0.99999999799999994554 
0.00000000099999999999 0.76312350895549529994 0.23687649004450475609 
0.00001121823828909818 0.99103484546994979887 0.00895393629176106931 
0.00000000099999999999 0.98566289600566525664 0.01433710299433475083 
0.00000000099999999999 0.97137579175890376160 0.02862420724109614178 
0.00000000099999999999 0.99853415019172020450 0.00146584880827987755 
0.00000000099999999999 0.99999999799999994554 0.00000000099999999999 
0.00000000099999999999 0.98302929384287907055 0.01697070515712105487 
0.00000000099999999999 0.98209740162660463803 0.01790259737339551169 
0.00000000100000000000 0.96048524980082461422 0.03951474919917554590 
0.00000000099999999998 0.00000000099999999998 0.99999999799999994554 
0.00000000099999999999 0.00055400303689890056 0.99944599596310101930 
0.99999999800000005656 0.00000000099999999992 0.00000000099999999992 
0.00000000099999999998 0.00000000099999999998 0.99999999800000005656 
0.00000000099999999999 0.00000000297744204999 0.99999999602255784659 
0.00000000099999999999 0.97091880188190038403 0.02908119711809965466 
0.99999999799999994554 0.00000000099999999986 0.00000000099999999986 
0.00000321483746166492 0.99999677358697669494 0.00000001157556160822 
0.00000000099999999999 0.97791344841886640449 0.02208655058113359951 
0.00867979581006307448 0.98696762658480541308 0.00435257760513155494 
0.00000000344358528537 0.96967865583452061973 0.03032134072189406060 
0.00000000564722323279 0.99327513612101081542 0.00672485823176595127 
0.00000000100000000000 0.95952024316684159100 0.04047975583315834014 
0.00000000100000000000 0.99596328119639176979 0.00403671780360832094 
0.00000000100000000000 0.97999081292455059167 0.02000918607544937763 
0.01918844143056821355 0.95885711062748502087 0.02195444794194679333 
0.00000034171346244287 0.98970488834976511061 0.01029476993677251942 
0.00000000099999999999 0.99962299396633802484 0.00037700503366189247 
0.01575737085031290313 0.95313422107674394823 0.03110840807294311741 
0.00000000099999999999 0.99999976405206847385 0.00000023494793166296 
0.00000000100000000000 0.98464029033280930925 0.01535970866719085608 
0.00000000099999999999 0.99851947519210215720 0.00148052380789777892 
0.00000000099999999999 0.96404433021388702407 0.03595566878611292788 
0.00000000100000000000 0.98025283216552328014 0.01974716683447677937 
0.00000000100000000000 0.95660456416144212799 0.04339543483855794193 
0.00000000100000000000 0.99366516405886562424 0.00633483494113436588 
0.00000000099999999999 0.97048806390488384643 0.02951193509511627205 
0.07530898897861976193 0.89386078049206663110 0.03083023052931348207 
0.00000000099999999999 0.99306165853416017431 0.00693834046583981928 
0.00000000099999999999 0.97857865986419056981 0.02142133913580940643 
0.00000000099999999999 0.96945028470419225552 0.03054971429580783521 
0.00000002034899535254 0.99648204254727890117 0.00351793710372576675 
0.00000000099999999999 0.98379677825703637506 0.01620322074296361159 
0.00416977959092483877 0.98614391958300073870 0.00968630082607449885 
0.00000000099999999999 0.97656717033555751062 0.02343282866444236848 
0.00000000099999999999 0.99999996582972283665 0.00000003317027726536 
0.00000000099999999999 0.96312422551224075029 0.03687577348775937514 
0.00000000099999999997 0.00000000099999999997 0.99999999799999994554 
0.00000000099999999999 0.00000010486344858518 0.99999989413655132608 
0.99999999799999994554 0.00000000099999999991 0.00000000099999999991 
0.81587460230057395894 0.01946932247048147394 0.16465607522894445958 
0.01396152885470969100 0.06312871028849736943 0.92290976085679288232 
0.00000000099999999999 0.98352712061700420243 0.01647287838299578769 
0.00000000813517119725 0.96752404316234719150 0.03247594870248160515 
0.00000000099999999999 0.00000000099999999999 0.99999999800000005656 
0.00000000099999999999 0.97774683322809230468 0.02225316577190780340 
0.00000000099999999999 0.99152663271977214965 0.00847336628022786649 
0.00000000099999999999 0.99999999800000005656 0.00000000099999999999 
0.99999999799999994554 0.00000000099999999987 0.00000000099999999987 
0.99999999800000005656 0.00000000099999999987 0.00000000099999999987 
0.99999999799999994554 0.00000000099999999986 0.00000000099999999986 
0.99999999800000005656 0.00000000099999999986 0.00000000099999999986 
0.99999999799999994554 0.00000000099999999988 0.00000000099999999988 
0.00000000099999999999 0.00000000099999999999 0.99999999799999994554 
0.00008938054326228626 0.99291005247451724625 0.00700056698222048957 
0.99999999799999994554 0.00000000099999999987 0.00000000099999999987 
0.99999999799999994554 0.00000000099999999988 0.00000000099999999988 
0.81899792144577221453 0.00000000100000000000 0.18100207755422789702 
0.81100902970764499056 0.02558048664837809030 0.16341048364397689485 
0.00000000100000000000 0.99999814236176498561 0.00000185663823499903 
0.99999999799999994554 0.00000000099999999988 0.00000000099999999988 
0.00000000100000000000 0.98135081203060181565 0.01864918696939837223 
0.00000000099999999999 0.99999999788877080853 0.00000000111122926644 
0.00000000099999999999 0.03696276873866623236 0.96303723026133380980 
0.00000000099999999999 0.98492951226032821044 0.01507048673967174499 
0.00000000099999999997 0.00000000099999999997 0.99999999799999994554 
0.00000000099999999999 0.97177007616476007712 0.02822992283523994769 
0.00000000099999999997 0.00000000099999999997 0.99999999800000005656 
0.00221809216216384535 0.97796155191156752817 0.01982035592626869847 
0.00244791529690367412 0.99693490193619971329 0.00061718276689664566 
0.99999999800000005656 0.00000000099999999988 0.00000000099999999988 
0.00000000099999999998 0.00000000099999999998 0.99999999799999994554 
0.99999999799999994554 0.00000000099999999986 0.00000000099999999986 
0.99999999800000005656 0.00000000099999999988 0.00000000099999999988 
0.00000000099999999999 0.98666998417932405552 0.01333001482067586695 
0.00000000099999999999 0.96963033513560181742 0.03036966386439821433 
0.00000000099999999999 0.98990024073526972082 0.01009975826473026583 
0.00000000099999999999 0.99077309221676301831 0.00922690678323690415 
0.00000000100000000000 0.98524946658243583997 0.01475053241756418484 
0.00000000099999999999 0.97527520144895896159 0.02472479755104115690 
0.00000000099999999999 0.99999999799999994554 0.00000000099999999999 
0.00000000099999999998 0.00377551465869131958 0.99622448434130872474 
0.00000000099999999999 0.99999586167659981761 0.00000413732340008162 
0.99999999800000005656 0.00000000099999999987 0.00000000099999999987 
0.00000000100000000000 0.99800118073757304593 0.00199881826242700317 
0.99999999799999994554 0.00000000099999999996 0.00000000099999999996 
0.99999999799999994554 0.00000000099999999989 0.00000000099999999989 
0.00000000099999999999 0.97294976540384903174 0.02705023359615092021 
0.00000000100000000000 0.99999994020706939324 0.00000005879293074077 
0.00000000100000000000 0.97713706599473215686 0.02286293300526798591 
0.99999999800000005656 0.00000000099999999990 0.00000000099999999990 
0.00000000099999999997 0.00000000099999999997 0.99999999799999994554 
0.00000000099999999997 0.00000000099999999997 0.99999999800000005656 
0.99999999800000005656 0.00000000099999999989 0.00000000099999999989 
0.00000000100000000000 0.98798623582736866400 0.01201376317263130530 
0.00000000434983258491 0.95244459655342228466 0.04755539909674517951 
0.99999999800000005656 0.00000000099999999989 0.00000000099999999989 
0.00000000099999999999 0.98736753243293340354 0.01263246656706660913 
0.00000000099999999997 0.00000000099999999997 0.99999999799999994554 
0.18741229102396411710 0.55132828698124358713 0.26125942199479235128 
0.00043648075544436011 0.96800982209546415636 0.03155369714909155021 
0.00000000100000000000 0.95801451726390929320 0.04198548173609071427 
0.00000000100000000000 0.99478824958509970422 0.00521174941490025901 
0.00000000099999999999 0.99932062302484103711 0.00067937597515914611 
0.00000000099999999999 0.99999999800000005656 0.00000000099999999999 
0.00000000099999999999 0.98881674629551974398 0.01118325270448024440 
0.00000000100000000000 0.98543322542719180568 0.01456677357280820873 
0.01101115949508800831 0.96156926165153511210 0.02741957885337691775 
0.00000000099999999998 0.00000000099999999998 0.99999999799999994554 
0.00000000099999999999 0.97428852961529643917 0.02571146938470365156 
0.00000000100000000000 0.99999994285602011868 0.00000005614397991017 
0.00000000100000000000 0.94932294538025008279 0.05067705361974999406 
0.00000000099999999999 0.98104436247833826101 0.01895563652166178809 
0.00189689472323919194 0.95863833906714213118 0.03946476620961877901 
0.00000000099999999999 0.99999749531147130721 0.00000250368852863390 
0.00000000100000000000 0.97838473106937817736 0.02161526793062172255 
0.00000000099999999999 0.00289130078037727828 0.99710869821962277992 
0.00000000100000000000 0.97118758949643047007 0.02881240950356946107 
0.00000000100000000000 0.98911844868947262910 0.01088155031052751021 
0.01061944133844221205 0.97630893344047320337 0.01307162522108465570 
0.00000000099999999999 0.00000018778297268982 0.99999981121702741227 
0.01970012256851701865 0.95003216535632817319 0.03026771207515483939 
0.00000001514487974959 0.98541445014649364786 0.01458553470862652621 
0.00000000099999999999 0.51389718144860285776 0.48610281755139717053 
0.00000000099999999999 0.97126983635558761243 0.02873016264441242279 
0.99999999799999994554 0.00000000099999999990 0.00000000099999999990 
0.00000046959496176127 0.97050715352995986507 0.02949237687507842362 
0.00000000100000000000 0.96982274761369013927 0.03017725138630998616 
