0.00000000099999999992 0.00000000099999999992 0.00000000099999999992 0.00000000099999999992 0.00000000099999999992 0.00000000099999999992 0.00000000099999999992 0.00000000099999999992 0.99999999100000003249 0.00000000099999999992 
0.00000000099999999992 0.99999999100000014352 0.00000000099999999992 0.00000000099999999992 0.00000000099999999992 0.00000000099999999992 0.00000000099999999992 0.00000000099999999992 0.00000000099999999992 0.00000000099999999992 
0.00000000099999999993 0.99999999100000025454 0.00000000099999999993 0.00000000099999999993 0.00000000099999999993 0.00000000099999999993 0.00000000099999999993 0.00000000099999999993 0.00000000099999999993 0.00000000099999999993 
0.10070007003431175052 0.03454320478905288649 0.00000000099999999998 0.00590048274648491671 0.00000000099999999998 0.00000000099999999998 0.30394096579735085939 0.40426807722892948993 0.15064719540386997676 0.00000000099999999998 
0.23788170555536425343 0.00000000099999999999 0.06579452403115117198 0.00000000099999999999 0.00000000099999999999 0.00000000099999999999 0.18704646672623689851 0.24693124356971607458 0.26234605511753134044 0.00000000099999999999 
0.00000000099999999998 0.02128568308285515992 0.00000000099999999998 0.00528544176296920701 0.00000000099999999998 0.00000000099999999998 0.22685805298716477107 0.46552038775420873096 0.28105042941280206081 0.00000000099999999998 
0.00000000099999999995 0.98219181583818127024 0.01780817616181877214 0.00000000099999999995 0.00000000099999999995 0.00000000099999999995 0.00000000099999999995 0.00000000099999999995 0.00000000099999999995 0.00000000099999999995 
0.00000000099999999990 0.99999999100000014352 0.00000000099999999990 0.00000000099999999990 0.00000000099999999990 0.00000000099999999990 0.00000000099999999990 0.00000000099999999990 0.00000000099999999990 0.00000000099999999990 
0.00001012032518025402 0.00000000099999999998 0.02852278300927516691 0.01716104881465703794 0.00000000099999999998 0.00000000099999999998 0.47100466712551303239 0.33739454075886043949 0.14590683596651407572 0.00000000099999999998 
0.00000000099999999993 0.99999999100000025454 0.00000000099999999993 0.00000000099999999993 0.00000000099999999993 0.00000000099999999993 0.00000000099999999993 0.00000000099999999993 0.00000000099999999993 0.00000000099999999993 
0.22991016285401313923 0.00000000099999999999 0.04192663852880369746 0.00000000099999999999 0.00000000099999999999 0.00382467965707499824 0.38453166197015836714 0.31555041059845845286 0.02425644239149123138 0.00000000099999999999 
0.10759348474783206329 0.01139012809381097571 0.01748591131539195542 0.00121626975496188822 0.00000000099999999998 0.00000000099999999998 0.00000000244464531847 0.38462209193960833487 0.43458406623157747051 0.04310804347217207094 
0.00000000099999999990 0.00000000099999999990 0.00000000099999999990 0.00000000099999999990 0.00000000099999999990 0.00000000099999999990 0.99999999100000003249 0.00000000099999999990 0.00000000099999999990 0.00000000099999999990 
0.00000000099999999999 0.00000000099999999999 0.01693059525321884140 0.01081298360753136199 0.00000000099999999999 0.00000000099999999999 0.29320834234162379550 0.23670496320929707013 0.35971249973379521014 0.08263061185453370039 
0.00000000099999999992 0.00000000099999999992 0.00000000099999999992 0.00000000099999999992 0.00000000099999999992 0.00000000099999999992 0.00000000099999999992 0.00000000099999999992 0.99999999100000003249 0.00000000099999999992 
0.11341165700147080864 0.04484345434788234580 0.04802942414730474591 0.00000000099999999999 0.00000000099999999999 0.02789461556694020072 0.17401602509535743502 0.29599565025483537406 0.27359057751309290296 0.02221859407311600407 
0.00000000099999999997 0.00000000099999999997 0.00000000099999999997 0.00000000099999999997 0.00000000099999999997 0.00000000099999999997 0.31008793853674943009 0.68991205346325068515 0.00000000099999999997 0.00000000099999999997 
0.00000000099999999994 0.00000000099999999994 0.00000000099999999994 0.00000000099999999994 0.00000000099999999994 0.00000000099999999994 0.00000000099999999994 0.99999999099999992147 0.00000000099999999994 0.00000000099999999994 
0.13162376462050331960 0.00000000099999999999 0.00000000099999999999 0.00000000099999999999 0.00000000099999999999 0.00000000099999999999 0.12016581438469692289 0.21808675398337212803 0.47899449418912271037 0.05112916782230501195 
0.44666638508323813772 0.00000000099999999996 0.00000000099999999996 0.00323173242261337850 0.00000000099999999996 0.00000000099999999996 0.00000000099999999996 0.55010137674530656948 0.00000049974884168095 0.00000000099999999996 
0.17435604399848383950 0.00000000099999999997 0.00000000099999999997 0.00000000099999999997 0.00000000099999999997 0.00000000099999999997 0.16304814054243349508 0.21539078118616289403 0.37000490718298706394 0.07720012208993268232 
0.00000000099999999994 0.95335743735904998619 0.00000000099999999994 0.00000000099999999994 0.00000000099999999994 0.00000000099999999994 0.00000000099999999994 0.00000000099999999994 0.00000000099999999994 0.04664255464095013598 
0.03221163100610133223 0.01152424250417000834 0.01596219435913802040 0.00000000099999999998 0.00000000099999999998 0.00000000099999999998 0.13072801982539039578 0.37368686120980670884 0.35272024970061094384 0.08316679839478269276 
0.00000000099999999927 0.00000000099999999927 0.99999999100000003249 0.00000000099999999927 0.00000000099999999927 0.00000000099999999927 0.00000000099999999927 0.00000000099999999927 0.00000000099999999927 0.00000000099999999927 
0.25231872374849090290 0.01822664199420137923 0.00000000099999999996 0.00000000099999999996 0.00000000099999999996 0.00000000099999999996 0.11820330140347690140 0.48067611958775258163 0.00000000099999999996 0.13057520826607821318 
0.00000000099999999998 0.00000000099999999998 0.00000000099999999998 0.00000000099999999998 0.00000000099999999998 0.00194341287355460717 0.28466797084481781921 0.45416046256161879402 0.25922814772000873917 0.00000000099999999998 
0.00000000099999999954 0.00000000099999999954 0.00000000099999999954 0.00000000099999999954 0.00000000099999999954 0.99999999100000003249 0.00000000099999999954 0.00000000099999999954 0.00000000099999999954 0.00000000099999999954 
0.00000000099999999941 0.00000000099999999941 0.00000000099999999941 0.99999999100000014352 0.00000000099999999941 0.00000000099999999941 0.00000000099999999941 0.00000000099999999941 0.00000000099999999941 0.00000000099999999941 
0.00000000099999999991 0.00000000099999999991 0.00000000099999999991 0.00000000099999999991 0.00000000099999999991 0.00000000099999999991 0.64795562728832323263 0.00000000099999999991 0.00000000099999999991 0.35204436471167682710 
0.00000000099999999986 0.00000000099999999986 0.00000000099999999986 0.00000000099999999986 0.00000000099999999986 0.00000000099999999986 0.99999999099999992147 0.00000000099999999986 0.00000000099999999986 0.00000000099999999986 
0.05712249707289002859 0.00856807702657434375 0.02568449055867825723 0.00000000099999999997 0.00000000099999999997 0.00000000099999999997 0.18751580068210982333 0.37245014604042292472 0.26151158721542694385 0.08714739840389770786 
0.00000000099999999978 0.72671075664929984939 0.27328923535070021034 0.00000000099999999978 0.00000000099999999978 0.00000000099999999978 0.00000000099999999978 0.00000000099999999978 0.00000000099999999978 0.00000000099999999978 
0.00000000099999999959 0.00000000099999999959 0.61928690194059266005 0.38071309005940739967 0.00000000099999999959 0.00000000099999999959 0.00000000099999999959 0.00000000099999999959 0.00000000099999999959 0.00000000099999999959 
0.00000000099999999991 0.00000000099999999991 0.00000000099999999991 0.00000000099999999991 0.00000000099999999991 0.00000000099999999991 0.00000000099999999991 0.99999999100000003249 0.00000000099999999991 0.00000000099999999991 
0.00000000099999999954 0.00000000099999999954 0.00000000099999999954 0.00000000099999999954 0.99999999100000003249 0.00000000099999999954 0.00000000099999999954 0.00000000099999999954 0.00000000099999999954 0.00000000099999999954 
0.00000000099999999943 0.00000000099999999943 0.00000000099999999943 0.00000000099999999943 0.99999999100000014352 0.00000000099999999943 0.00000000099999999943 0.00000000099999999943 0.00000000099999999943 0.00000000099999999943 
0.00000000099999999943 0.00000000099999999943 0.00000000099999999943 0.00000000099999999943 0.99999999100000014352 0.00000000099999999943 0.00000000099999999943 0.00000000099999999943 0.00000000099999999943 0.00000000099999999943 
0.00000000099999999948 0.00000000099999999948 0.00000000099999999948 0.99999999100000014352 0.00000000099999999948 0.00000000099999999948 0.00000000099999999948 0.00000000099999999948 0.00000000099999999948 0.00000000099999999948 
0.00000000099999999950 0.00000000099999999950 0.00000000099999999950 0.00000000099999999950 0.00000000099999999950 0.99999999100000014352 0.00000000099999999950 0.00000000099999999950 0.00000000099999999950 0.00000000099999999950 
0.36397125234036564745 0.00000000099999999996 0.01613913794933779719 0.00000000099999999996 0.00000000099999999996 0.00000000099999999996 0.22133628157633825073 0.00000000099999999996 0.28597778575000082357 0.11257553738395732756 
0.00000000099999999995 0.99999999100000025454 0.00000000099999999995 0.00000000099999999995 0.00000000099999999995 0.00000000099999999995 0.00000000099999999995 0.00000000099999999995 0.00000000099999999995 0.00000000099999999995 
0.00000000099999999941 0.00000000099999999941 0.00000000099999999941 0.99999999100000014352 0.00000000099999999941 0.00000000099999999941 0.00000000099999999941 0.00000000099999999941 0.00000000099999999941 0.00000000099999999941 
0.21965016004658058368 0.00182109449636653673 0.04419697546938643890 0.00000000099999999998 0.00000000099999999998 0.00000018481719636437 0.00000000099999999998 0.43166740646696200034 0.17860326424580560967 0.12406091145770235806 
0.00000000099999999992 0.99999999100000025454 0.00000000099999999992 0.00000000099999999992 0.00000000099999999992 0.00000000099999999992 0.00000000099999999992 0.00000000099999999992 0.00000000099999999992 0.00000000099999999992 
0.00000000099999999956 0.00000000099999999956 0.00000000099999999956 0.00000000099999999956 0.00000000099999999956 0.99999999100000003249 0.00000000099999999956 0.00000000099999999956 0.00000000099999999956 0.00000000099999999956 
0.05746743940141689488 0.00819857135571537728 0.01494903454199147420 0.00000000099999999998 0.00000000099999999998 0.00808455197363116065 0.33858478757752813459 0.35467091070953216114 0.21804470144018472944 0.00000000099999999998 
0.00000000099999999951 0.00000000099999999951 0.00000000099999999951 0.00000000099999999951 0.00000000099999999951 0.99999999100000003249 0.00000000099999999951 0.00000000099999999951 0.00000000099999999951 0.00000000099999999951 
0.00000000099999999994 0.99999999100000025454 0.00000000099999999994 0.00000000099999999994 0.00000000099999999994 0.00000000099999999994 0.00000000099999999994 0.00000000099999999994 0.00000000099999999994 0.00000000099999999994 
0.00000000099999999988 0.99999999100000025454 0.00000000099999999988 0.00000000099999999988 0.00000000099999999988 0.00000000099999999988 0.00000000099999999988 0.00000000099999999988 0.00000000099999999988 0.00000000099999999988 
0.00000000099999999946 0.00000000099999999946 0.00000000099999999946 0.00000000099999999946 0.00000000099999999946 0.99999999100000003249 0.00000000099999999946 0.00000000099999999946 0.00000000099999999946 0.00000000099999999946 
0.00000000099999999960 0.00000000099999999960 0.00000000099999999960 0.50165020073637389686 0.00000000099999999960 0.49834979126362605184 0.00000000099999999960 0.00000000099999999960 0.00000000099999999960 0.00000000099999999960 
0.00000000099999999994 0.99999999100000025454 0.00000000099999999994 0.00000000099999999994 0.00000000099999999994 0.00000000099999999994 0.00000000099999999994 0.00000000099999999994 0.00000000099999999994 0.00000000099999999994 
0.00000000099999999994 0.99986038547436473234 0.00000000099999999994 0.00000000099999999994 0.00000000099999999994 0.00000000099999999994 0.00000000099999999994 0.00013960652563534663 0.00000000099999999994 0.00000000099999999994 
0.00000000099999999994 0.99999999100000014352 0.00000000099999999994 0.00000000099999999994 0.00000000099999999994 0.00000000099999999994 0.00000000099999999994 0.00000000099999999994 0.00000000099999999994 0.00000000099999999994 
0.00000000099999999957 0.00000000099999999957 0.00000000099999999957 0.00000000099999999957 0.00000000099999999957 0.99999999100000003249 0.00000000099999999957 0.00000000099999999957 0.00000000099999999957 0.00000000099999999957 
0.00000000099999999999 0.01433446818467886720 0.03252966079229450275 0.00000000099999999999 0.00000000099999999999 0.00729650413633221428 0.43292643787351114959 0.00000000099999999999 0.51291292401318311356 0.00000000099999999999 
0.00000000099999999997 0.00000000099999999997 0.00000000099999999997 0.00000000099999999997 0.00000000099999999997 0.02302162058447851725 0.00000000099999999997 0.41654901291021212417 0.56042935950530925471 0.00000000099999999997 
0.00000000099999999988 0.00000000099999999988 0.00000000099999999988 0.00000000099999999988 0.00000000099999999988 0.00000000099999999988 0.00000000099999999988 0.00000000099999999988 0.99999999100000003249 0.00000000099999999988 
0.00000000099999999997 0.00000000099999999997 0.00000000099999999997 0.00000000099999999997 0.00000000099999999997 0.00000000099999999997 0.40151604703509946592 0.00000000099999999997 0.59848394496490042727 0.00000000099999999997 
0.00000000099999999992 0.99999999100000014352 0.00000000099999999992 0.00000000099999999992 0.00000000099999999992 0.00000000099999999992 0.00000000099999999992 0.00000000099999999992 0.00000000099999999992 0.00000000099999999992 
0.40470795450129687376 0.00000000099999999998 0.00000000099999999998 0.00000000099999999998 0.00000000099999999998 0.00000000099999999998 0.00000000099999999998 0.59529203749870285289 0.00000000099999999998 0.00000000099999999998 
0.00000000099999999950 0.00000000099999999950 0.00000000099999999950 0.00000000099999999950 0.99999999100000014352 0.00000000099999999950 0.00000000099999999950 0.00000000099999999950 0.00000000099999999950 0.00000000099999999950 
0.99999999100000025454 0.00000000099999999983 0.00000000099999999983 0.00000000099999999983 0.00000000099999999983 0.00000000099999999983 0.00000000099999999983 0.00000000099999999983 0.00000000099999999983 0.00000000099999999983 
0.00000000099999999952 0.00000000099999999952 0.00000000099999999952 0.00000000099999999952 0.99999999100000014352 0.00000000099999999952 0.00000000099999999952 0.00000000099999999952 0.00000000099999999952 0.00000000099999999952 
0.44975766668249783642 0.00456862078362121112 0.06614174907862528652 0.00000000099999999997 0.00000000099999999997 0.00000000099999999997 0.00000261914785368364 0.47952854968272939917 0.00000000099999999997 0.00000079062467279386 
0.00000000099999999953 0.00000000099999999953 0.00000000099999999953 0.00000000099999999953 0.99999999100000014352 0.00000000099999999953 0.00000000099999999953 0.00000000099999999953 0.00000000099999999953 0.00000000099999999953 
0.00000000099999999997 0.00000000099999999997 0.00000000099999999997 0.00000000099999999997 0.00000000099999999997 0.00000000099999999997 0.00000000436653466984 0.51587476435189338897 0.32928995738541694260 0.15483526789615506547 
0.00000000099999999995 0.00000000099999999995 0.00000000099999999995 0.00000000099999999995 0.00000000099999999995 0.00000000099999999995 0.00000000099999999995 0.99999999099999992147 0.00000000099999999995 0.00000000099999999995 
0.00000000099999999991 0.99999999100000014352 0.00000000099999999991 0.00000000099999999991 0.00000000099999999991 0.00000000099999999991 0.00000000099999999991 0.00000000099999999991 0.00000000099999999991 0.00000000099999999991 
0.00000000099999999996 0.00000000099999999996 0.00000528453412200004 0.00000000099999999996 0.00000000099999999996 0.00000000099999999996 0.33072703447410800592 0.32894569407225160429 0.34032198091951831875 0.00000000099999999996 
0.00000000099999999954 0.00000000099999999954 0.00000000099999999954 0.00000000099999999954 0.99999999100000003249 0.00000000099999999954 0.00000000099999999954 0.00000000099999999954 0.00000000099999999954 0.00000000099999999954 
0.00000000099999999957 0.00000000099999999957 0.00000000099999999957 0.00000000099999999957 0.99999999100000014352 0.00000000099999999957 0.00000000099999999957 0.00000000099999999957 0.00000000099999999957 0.00000000099999999957 
0.15642280379533091139 0.07412877392767204532 0.00000000099999999998 0.00000000099999999998 0.00000000099999999998 0.00216376144027351398 0.00000000099999999998 0.37544441507884751541 0.36764000771622706853 0.02420023404164893532 
0.00000000099999999991 0.99999999100000014352 0.00000000099999999991 0.00000000099999999991 0.00000000099999999991 0.00000000099999999991 0.00000000099999999991 0.00000000099999999991 0.00000000099999999991 0.00000000099999999991 
0.00000000099999999957 0.00000000099999999957 0.00000000099999999957 0.00000000099999999957 0.00000000099999999957 0.99999999100000014352 0.00000000099999999957 0.00000000099999999957 0.00000000099999999957 0.00000000099999999957 
0.00000000099999999992 0.99999999100000014352 0.00000000099999999992 0.00000000099999999992 0.00000000099999999992 0.00000000099999999992 0.00000000099999999992 0.00000000099999999992 0.00000000099999999992 0.00000000099999999992 
0.13533309272147645008 0.02408540521423622668 0.00760387722613381327 0.00000000099999999997 0.00000000099999999997 0.00000000099999999997 0.28371956132192222011 0.09004373418905269044 0.28271451601183678060 0.17649981031534187070 
0.00000000099999999949 0.00000000099999999949 0.00000000099999999949 0.00000000099999999949 0.99999999100000014352 0.00000000099999999949 0.00000000099999999949 0.00000000099999999949 0.00000000099999999949 0.00000000099999999949 
0.00000000099999999936 0.00000000099999999936 0.00000000099999999936 0.99999999100000003249 0.00000000099999999936 0.00000000099999999936 0.00000000099999999936 0.00000000099999999936 0.00000000099999999936 0.00000000099999999936 
0.00000000099999999958 0.00000000099999999958 0.00000000099999999958 0.00000000099999999958 0.99999999100000003249 0.00000000099999999958 0.00000000099999999958 0.00000000099999999958 0.00000000099999999958 0.00000000099999999958 
0.00000000099999999991 0.00000000099999999991 0.00000000099999999991 0.00000000099999999991 0.00000000099999999991 0.00000000099999999991 0.00000000099999999991 0.00000000099999999991 0.99999999100000003249 0.00000000099999999991 
0.00000000099999999989 0.99999999100000025454 0.00000000099999999989 0.00000000099999999989 0.00000000099999999989 0.00000000099999999989 0.00000000099999999989 0.00000000099999999989 0.00000000099999999989 0.00000000099999999989 
0.00000000099999999991 0.99999999100000025454 0.00000000099999999991 0.00000000099999999991 0.00000000099999999991 0.00000000099999999991 0.00000000099999999991 0.00000000099999999991 0.00000000099999999991 0.00000000099999999991 
0.00000000099999999997 0.21724770351292096993 0.04345617401701815791 0.00000000099999999997 0.00000000099999999997 0.00000000099999999997 0.38545925822221549506 0.27278025926284732439 0.00000000099999999997 0.08105659998499800678 
0.00000000099999999999 0.00000000099999999999 0.00885570234599706956 0.01557082957518060931 0.00000000099999999999 0.00007847206314908281 0.00001074200789580850 0.43752095233232035643 0.53330268650662748797 0.00466061216882967221 
0.20529467373155380061 0.00555418775570324080 0.00000000099999999997 0.00000000099999999997 0.00000000099999999997 0.00000000099999999997 0.00000000099999999997 0.46078198126822245140 0.32830058108527376826 0.00006857115924667989 
0.00000000099999999996 0.00213669972254869637 0.00000001494656768317 0.00000000099999999996 0.00000000099999999996 0.00000000099999999996 0.25957309020319990767 0.64681000429937118845 0.00000000099999999996 0.09148018582831260459 
0.99999999100000014352 0.00000000099999999989 0.00000000099999999989 0.00000000099999999989 0.00000000099999999989 0.00000000099999999989 0.00000000099999999989 0.00000000099999999989 0.00000000099999999989 0.00000000099999999989 
0.17117471864903091583 0.00000000099999999997 0.00001224142247960655 0.00000000099999999997 0.00000000099999999997 0.00000000099999999997 0.19534316147285110676 0.34265077331153709350 0.27881265983155023580 0.01200644131255100902 
0.00000709908046577641 0.00000001009155999724 0.02118600199173669915 0.00000000099999999997 0.00000000099999999997 0.00000000099999999997 0.34051738882000237574 0.63828949501623510887 0.00000000099999999997 0.00000000099999999997 
0.12825422483994552980 0.00717131236289855582 0.00000000099999999999 0.00331936163311305705 0.00000000099999999999 0.00000000099999999999 0.32213153491802726247 0.35687229129385400483 0.18225126972971633643 0.00000000222244519334 
0.15768841109731665528 0.03503820045772489816 0.00000000099999999998 0.00000000099999999998 0.00000000099999999998 0.00000000099999999998 0.23909607406606744884 0.39535071249505349122 0.17282659688383744667 0.00000000099999999998 
0.00000000099999999993 0.99999999100000014352 0.00000000099999999993 0.00000000099999999993 0.00000000099999999993 0.00000000099999999993 0.00000000099999999993 0.00000000099999999993 0.00000000099999999993 0.00000000099999999993 
0.04437965072788170595 0.95562034127211858969 0.00000000099999999995 0.00000000099999999995 0.00000000099999999995 0.00000000099999999995 0.00000000099999999995 0.00000000099999999995 0.00000000099999999995 0.00000000099999999995 
0.00000000099999999971 0.00000000099999999971 0.00000000099999999971 0.00000000099999999971 0.99999999100000003249 0.00000000099999999971 0.00000000099999999971 0.00000000099999999971 0.00000000099999999971 0.00000000099999999971 
0.00000000099999999995 0.97796768347413287614 0.00000000099999999995 0.00000000099999999995 0.00000000099999999995 0.00000000099999999995 0.00000000099999999995 0.00000000099999999995 0.02203230852586738481 0.00000000099999999995 
0.00000000099999999996 0.96332572311729880443 0.00849495778337146235 0.00000000099999999996 0.00000000099999999996 0.00000000099999999996 0.00000000099999999996 0.00000000099999999996 0.02817931209932984793 0.00000000099999999996 
0.00000000099999999994 0.00000000099999999994 0.00000000099999999994 0.00000000099999999994 0.00000000099999999994 0.00000000099999999994 0.00000000099999999994 0.00000000099999999994 0.99999999099999992147 0.00000000099999999994 
0.00000000099999999942 0.00000000099999999942 0.00000000099999999942 0.00000000099999999942 0.99999999100000014352 0.00000000099999999942 0.00000000099999999942 0.00000000099999999942 0.00000000099999999942 0.00000000099999999942 
0.00000107228278818710 0.00000000099999999998 0.00000000099999999998 0.00000000099999999998 0.00000000099999999998 0.00000000099999999998 0.24567634686101252894 0.30587912570193009909 0.35749375005992534149 0.09094970009434401315 
0.25876529937987774455 0.01109415875991489470 0.01047534396480854710 0.00000000099999999999 0.00000000099999999999 0.00546933577297719232 0.27892187677518276434 0.29781721061198246359 0.13745677173525633341 0.00000000099999999999 
0.00000000099999999999 0.00000000099999999999 0.00362936640093000813 0.00000000099999999999 0.00000000099999999999 0.00406295937077266311 0.00000000099999999999 0.69558223840465271959 0.29672542982364458197 0.00000000099999999999 
0.12690378177086242273 0.00964672557556200960 0.02382776681450809314 0.00000000099999999999 0.00000000099999999999 0.00000000099999999999 0.04805931062709545287 0.34484656972953736664 0.37944260875388663434 0.06727323372854807082 
0.34118619818296475055 0.00000000099999999996 0.04434638418056597448 0.00000000099999999996 0.00000000099999999996 0.00000000099999999996 0.00000000099999999996 0.25763923356429535572 0.35682817807217387385 0.00000000099999999996 
0.00000000099999999998 0.03326962938346121612 0.01103957288109372673 0.00000000099999999998 0.00000000099999999998 0.00000000099999999998 0.30236458957549172677 0.59714135829269321398 0.00055817735108659055 0.05562666851617344838 
0.00000000099999999998 0.00000000099999999998 0.00719578375379304695 0.00000000099999999998 0.00000000099999999998 0.00000000099999999998 0.00000000099999999998 0.52381668487414101421 0.46898752437206597810 0.00000000099999999998 
0.00000000099999999995 0.00000000099999999995 0.00000000099999999995 0.00000000099999999995 0.00000000099999999995 0.00000000099999999995 0.00000000099999999995 0.99999999099999992147 0.00000000099999999995 0.00000000099999999995 
0.17480876562972882948 0.01299469559765888300 0.00235473069982064043 0.02978183851281730396 0.00000000100000000000 0.00000000100000000000 0.09136825073560772559 0.49340732225046679549 0.17655188156667317445 0.01873251300722646520 
0.00000000141582604142 0.00000000099999999998 0.00447950751331574210 0.00000000099999999998 0.00000000099999999998 0.01295607478132292448 0.30871303594323273867 0.67385137534630268341 0.00000000099999999998 0.00000000099999999998 
0.34629377682525025461 0.00000000099999999992 0.00000000099999999992 0.00000000099999999992 0.00000000099999999992 0.00000000099999999992 0.00000000099999999992 0.00000000099999999992 0.65370621517474947204 0.00000000099999999992 
0.00000000099999999996 0.00000000099999999996 0.00000000099999999996 0.00000000099999999996 0.00000000099999999996 0.00783761623068570355 0.00000000099999999996 0.99216237576931420872 0.00000000099999999996 0.00000000099999999996 
0.00000000099999999988 0.00000000099999999988 0.00000000099999999988 0.00000000099999999988 0.00000000099999999988 0.00000000099999999988 0.99999999100000003249 0.00000000099999999988 0.00000000099999999988 0.00000000099999999988 
0.00000000099999999993 0.00000000099999999993 0.00000000099999999993 0.00000000099999999993 0.00000000099999999993 0.00000000099999999993 0.00000000099999999993 0.99999999099999992147 0.00000000099999999993 0.00000000099999999993 
0.00000000099999999996 0.00000000099999999996 0.00000000099999999996 0.00000000099999999996 0.00000000099999999996 0.00000000099999999996 0.33130206555525282264 0.66869792644474723708 0.00000000099999999996 0.00000000099999999996 
0.00000000099999999995 0.00000000357196899258 0.06877205694325808083 0.00000000099999999995 0.00000000099999999995 0.00000000099999999995 0.00000000099999999995 0.93122793248477298000 0.00000000099999999995 0.00000000099999999995 
0.00000000099999999997 0.00000000099999999997 0.00000011489206300283 0.00000000099999999997 0.00000000099999999997 0.00000000099999999997 0.00000000099999999997 0.47129153123851813545 0.36483051446357744885 0.16387783340584130554 
0.00000000099999999998 0.02018502014889837423 0.02217964159776567717 0.00000000099999999998 0.00000000099999999998 0.00000000099999999998 0.32579001624268677517 0.25372224071225957243 0.37812307629838953771 0.00000000099999999998 
0.00000000099999999989 0.00000000099999999989 0.00000000099999999989 0.00000000099999999989 0.00000000099999999989 0.00000000099999999989 0.99999999099999992147 0.00000000099999999989 0.00000000099999999989 0.00000000099999999989 
0.00000000099999999992 0.00000000099999999992 0.00000000099999999992 0.00000000099999999992 0.00000000099999999992 0.00000000099999999992 0.00000000099999999992 0.99999999099999992147 0.00000000099999999992 0.00000000099999999992 
0.24815074550021776201 0.00635719497834373592 0.06500577592482299771 0.00000000100000000000 0.06602016174928354575 0.00000000100000000000 0.00081985495244146398 0.23511356610859573957 0.33822619536058451395 0.04030650342571007183 
0.08915060524431486777 0.00000000099999999996 0.00024569791226969491 0.00000000099999999996 0.00000000099999999996 0.00000000099999999996 0.00000000099999999996 0.37223133143736159001 0.45459076620002336622 0.08378159420603066565 
0.12728325257719133590 0.00527816431782479872 0.04207776565718552436 0.00000000099999999997 0.00000000099999999997 0.00000000099999999997 0.13174168224349058764 0.44632305482219214454 0.21501605475027585346 0.03228002263183996079 
0.00000000099999999997 0.00425518802376878297 0.02558753489323804461 0.00000000099999999997 0.00000000099999999997 0.00000000099999999997 0.23680899020526324783 0.52779936794714921167 0.14205688219746454015 0.06349203273311618267 
0.00000000099999999992 0.00000000099999999992 0.00000000099999999992 0.00000000099999999992 0.00000000099999999992 0.00000000099999999992 0.00000000099999999992 0.00000000099999999992 0.99999999100000003249 0.00000000099999999992 
0.13468671472432902636 0.00567603858665553709 0.03464301521717884358 0.00000000099999999997 0.00000000099999999997 0.00000000099999999997 0.33084297272123325273 0.44055091649623456806 0.00298449672860091452 0.05061584252576775689 
0.04766788142312238657 0.00000000100000000000 0.04550143970705009672 0.00000000100000000000 0.00000000100000000000 0.00321265408044070239 0.25942560179974905044 0.32996128929768131499 0.28225863248467658595 0.03197249820727991743 
0.27890706301247486509 0.00000000099999999998 0.02100421558760728891 0.00000000099999999998 0.00000000099999999998 0.00000024980769566048 0.28678158657510544050 0.36477154119312721336 0.00000000099999999998 0.04853533982398951924 
0.00000000099999999993 0.00000000099999999993 0.00000000099999999993 0.00000000099999999993 0.00000000099999999993 0.00000000099999999993 0.00000000099999999993 0.82035342070344252630 0.00000000099999999993 0.17964657129655733914 
0.00000000099999999986 0.00000000099999999986 0.00000000099999999986 0.00000000099999999986 0.00000000099999999986 0.00000000099999999986 0.99999999099999992147 0.00000000099999999986 0.00000000099999999986 0.00000000099999999986 
0.00000000099999999991 0.99999999100000014352 0.00000000099999999991 0.00000000099999999991 0.00000000099999999991 0.00000000099999999991 0.00000000099999999991 0.00000000099999999991 0.00000000099999999991 0.00000000099999999991 
0.00000000099999999995 0.97353172938967735828 0.00000000099999999995 0.00000000099999999995 0.00000000099999999995 0.00000000099999999995 0.02646826261032296512 0.00000000099999999995 0.00000000099999999995 0.00000000099999999995 
0.00000000099999999961 0.00000000099999999961 0.00000000099999999961 0.00000000099999999961 0.99999999100000014352 0.00000000099999999961 0.00000000099999999961 0.00000000099999999961 0.00000000099999999961 0.00000000099999999961 
0.00000000099999999946 0.00000000099999999946 0.00000000099999999946 0.00000000099999999946 0.00000000099999999946 0.99999999100000014352 0.00000000099999999946 0.00000000099999999946 0.00000000099999999946 0.00000000099999999946 
0.00000000099999999999 0.88978958023241749853 0.07381527400515550119 0.00000000099999999999 0.00000000099999999999 0.03639367036000910882 0.00000000099999999999 0.00000000099999999999 0.00000000114337141813 0.00000146925904652370 
0.00000000099999999996 0.00000000099999999996 0.00000000099999999996 0.00000000099999999996 0.00000000099999999996 0.00000000099999999996 0.00000002982682558621 0.44657666381356969643 0.55342329935960465903 0.00000000099999999996 
0.99999999100000025454 0.00000000099999999984 0.00000000099999999984 0.00000000099999999984 0.00000000099999999984 0.00000000099999999984 0.00000000099999999984 0.00000000099999999984 0.00000000099999999984 0.00000000099999999984 
0.00000000099999999994 0.94092365452906823187 0.00000000099999999994 0.00000000099999999994 0.00000000099999999994 0.00000000099999999994 0.00000000099999999994 0.00000000099999999994 0.00000000099999999994 0.05907633747093207072 
0.00000000099999999991 0.00000000099999999991 0.00000000099999999991 0.00000000099999999991 0.00000000099999999991 0.00000000099999999991 0.00000000099999999991 0.00000000099999999991 0.99999999099999992147 0.00000000099999999991 
0.00000000099999999998 0.00000000099999999998 0.00225941229624957319 0.00000000099999999998 0.00000000099999999998 0.01145976835915025853 0.31903674568498407993 0.34379405174715305105 0.27946812921844221833 0.04398188869402076817 
0.00001293102999209065 0.00000000099999999998 0.01480440960023971138 0.00000000099999999998 0.00000000099999999998 0.00000000099999999998 0.38432602637638196841 0.42643913999575172591 0.11844559343927255068 0.05597189555836214192 
0.00000000099999999949 0.00000000099999999949 0.00000000099999999949 0.00000000099999999949 0.99999999100000003249 0.00000000099999999949 0.00000000099999999949 0.00000000099999999949 0.00000000099999999949 0.00000000099999999949 
0.00000000099999999952 0.00000000099999999952 0.00000000099999999952 0.00000000099999999952 0.99999999100000014352 0.00000000099999999952 0.00000000099999999952 0.00000000099999999952 0.00000000099999999952 0.00000000099999999952 
0.00000000099999999942 0.00000000099999999942 0.00000000099999999942 0.00000000099999999942 0.99999999100000003249 0.00000000099999999942 0.00000000099999999942 0.00000000099999999942 0.00000000099999999942 0.00000000099999999942 
0.00000000099999999944 0.00000000099999999944 0.00000000099999999944 0.00000000099999999944 0.99999999100000014352 0.00000000099999999944 0.00000000099999999944 0.00000000099999999944 0.00000000099999999944 0.00000000099999999944 
0.00000000099999999945 0.00000000099999999945 0.00000000099999999945 0.00000000099999999945 0.99999999100000003249 0.00000000099999999945 0.00000000099999999945 0.00000000099999999945 0.00000000099999999945 0.00000000099999999945 
0.00000000099999999996 0.99999999100000025454 0.00000000099999999996 0.00000000099999999996 0.00000000099999999996 0.00000000099999999996 0.00000000099999999996 0.00000000099999999996 0.00000000099999999996 0.00000000099999999996 
0.23117950862995997885 0.00000000099999999999 0.01840518662990127396 0.00000000099999999999 0.00000000099999999999 0.00000000099999999999 0.35097608044661204874 0.00000000099999999999 0.39943921829352657671 0.00000000099999999999 
0.00000000099999999945 0.00000000099999999945 0.00000000099999999945 0.00000000099999999945 0.99999999100000003249 0.00000000099999999945 0.00000000099999999945 0.00000000099999999945 0.00000000099999999945 0.00000000099999999945 
0.00000000099999999954 0.00000000099999999954 0.00000000099999999954 0.00000000099999999954 0.99999999100000014352 0.00000000099999999954 0.00000000099999999954 0.00000000099999999954 0.00000000099999999954 0.00000000099999999954 
0.00000000099999999944 0.00000000099999999944 0.00000000099999999944 0.00000000099999999944 0.00000000099999999944 0.99999999100000014352 0.00000000099999999944 0.00000000099999999944 0.00000000099999999944 0.00000000099999999944 
0.00000000099999999939 0.00000000099999999939 0.00000000099999999939 0.99999999100000003249 0.00000000099999999939 0.00000000099999999939 0.00000000099999999939 0.00000000099999999939 0.00000000099999999939 0.00000000099999999939 
0.00000000099999999986 0.00000000099999999986 0.00000000099999999986 0.00000000099999999986 0.00000000099999999986 0.00000000099999999986 0.99999999100000003249 0.00000000099999999986 0.00000000099999999986 0.00000000099999999986 
0.00000000099999999949 0.00000000099999999949 0.00000000099999999949 0.00000000099999999949 0.99999999100000003249 0.00000000099999999949 0.00000000099999999949 0.00000000099999999949 0.00000000099999999949 0.00000000099999999949 
0.00000000099999999990 0.00000000099999999990 0.00000000099999999990 0.00000000099999999990 0.00000000099999999990 0.00000000099999999990 0.00000000099999999990 0.00000000099999999990 0.99999999099999992147 0.00000000099999999990 
0.15542820657367972803 0.00000000099999999998 0.00000000099999999998 0.00000000099999999998 0.00000000099999999998 0.00000000099999999998 0.27058752027120680506 0.15711798643669347419 0.38348786025244419040 0.03337842146597577025 
0.06786076489894397878 0.93213922652224956433 0.00000000157880667232 0.00000000099999999996 0.00000000099999999996 0.00000000099999999996 0.00000000099999999996 0.00000000099999999996 0.00000000099999999996 0.00000000099999999996 
0.18828897977885872272 0.00075544565166554096 0.00000000099999999997 0.00000000099999999997 0.00000000099999999997 0.00000000099999999997 0.16199391539647850502 0.26537089368415567314 0.30408063805842733274 0.07951012343041422015 
0.00000000099999999989 0.99999999100000014352 0.00000000099999999989 0.00000000099999999989 0.00000000099999999989 0.00000000099999999989 0.00000000099999999989 0.00000000099999999989 0.00000000099999999989 0.00000000099999999989 
0.00000000099999999998 0.00000000099999999998 0.04473756091434183402 0.00000000099999999998 0.00000000099999999998 0.00000000099999999998 0.02147228205283952321 0.37334176349019154717 0.50285945285474087374 0.05758893568788632511 
0.00000000099999999991 0.99999999100000014352 0.00000000099999999991 0.00000000099999999991 0.00000000099999999991 0.00000000099999999991 0.00000000099999999991 0.00000000099999999991 0.00000000099999999991 0.00000000099999999991 
0.00000000099999999961 0.00000000099999999961 0.00000000099999999961 0.00000000099999999961 0.00000000099999999961 0.00000000099999999961 0.00000000099999999961 0.00000000099999999961 0.00000000099999999961 0.99999999100000003249 
0.33542632423654167306 0.00000000099999999999 0.04197001017342464474 0.00000000099999999999 0.00000000099999999999 0.00265171172177186597 0.00261172110796168344 0.37878325983496791141 0.15036275036124527316 0.08819421956408676766 
0.00000000099999999954 0.00000000099999999954 0.00000000099999999954 0.00000000099999999954 0.99999999100000014352 0.00000000099999999954 0.00000000099999999954 0.00000000099999999954 0.00000000099999999954 0.00000000099999999954 
0.00000000099999999991 0.99999999100000025454 0.00000000099999999991 0.00000000099999999991 0.00000000099999999991 0.00000000099999999991 0.00000000099999999991 0.00000000099999999991 0.00000000099999999991 0.00000000099999999991 
0.00000000099999999947 0.00000000099999999947 0.00000000099999999947 0.00000000099999999947 0.99999999100000014352 0.00000000099999999947 0.00000000099999999947 0.00000000099999999947 0.00000000099999999947 0.00000000099999999947 
0.00000000099999999945 0.00000000099999999945 0.00000000099999999945 0.00000000099999999945 0.99999999100000003249 0.00000000099999999945 0.00000000099999999945 0.00000000099999999945 0.00000000099999999945 0.00000000099999999945 
0.00000000099999999998 0.00000000099999999998 0.03525091154713460434 0.00000000099999999998 0.00000000099999999998 0.00000000099999999998 0.37334468620956873242 0.31039232529921823023 0.23409538078614747225 0.04691669115793101891 
0.06665188275673339380 0.01436824427956230263 0.00000000099999999997 0.00000000099999999997 0.00000000099999999997 0.00000000099999999997 0.23874207494038404698 0.35998726073991649255 0.20884656299371984201 0.11140397028968376802 
0.16877090035054539974 0.00224553414324169670 0.00000000099999999996 0.00000000099999999996 0.00000000099999999996 0.00000000099999999996 0.11343442230473954613 0.44318917365073073888 0.27235996455074251710 0.00000000099999999996 
0.00000000099999999988 0.00000000099999999988 0.00000000099999999988 0.00000000099999999988 0.00000000099999999988 0.00000000099999999988 0.99999999099999992147 0.00000000099999999988 0.00000000099999999988 0.00000000099999999988 
0.00000000099999999999 0.00000000099999999999 0.03347215894701406624 0.00000000099999999999 0.00000000099999999999 0.00641661997154812508 0.20567151535545724617 0.50123106307208054044 0.18753542543718873525 0.06567321321671135137 
0.00000000099999999995 0.00000000099999999995 0.00000000099999999995 0.00000000099999999995 0.00000000099999999995 0.00000000099999999995 0.00000000099999999995 0.99999999099999992147 0.00000000099999999995 0.00000000099999999995 
0.99999999100000014352 0.00000000099999999982 0.00000000099999999982 0.00000000099999999982 0.00000000099999999982 0.00000000099999999982 0.00000000099999999982 0.00000000099999999982 0.00000000099999999982 0.00000000099999999982 
