0.97536272647828248239 0.01192440815267117524 0.01271286536904638921 
0.00000000099999999998 0.00000000099999999998 0.99999999800000005656 
0.00000000099999999997 0.00000000099999999997 0.99999999800000005656 
0.95569038541649442564 0.00000000099999999999 0.04430961358350567897 
0.99858031379095846258 0.00014481131353992875 0.00127487489550159264 
0.96676452309127602902 0.00000000099999999999 0.03323547590872401314 
0.00000000099999999998 0.00000000099999999998 0.99999999800000005656 
0.00000000099999999997 0.00000000099999999997 0.99999999799999994554 
0.98748369192240448289 0.00000000100000000000 0.01251630707759559570 
0.00000000099999999998 0.00000000099999999998 0.99999999799999994554 
0.98153020994152961887 0.00000000425568004259 0.01846978580279029850 
0.97474506851994624501 0.00000000099999999999 0.02525493048005368266 
0.99381036610726436464 0.00000000100000000000 0.00618963289273576339 
0.98158977245484324570 0.00146487540190456912 0.01694535214325212924 
0.98168379696704122228 0.01622265577695725450 0.00209354725600157093 
0.91965483649656365461 0.01292619259570687226 0.06741897090772958068 
0.99306060388906658432 0.00000000099999999999 0.00693939511093358274 
0.99268727141966506267 0.00731272758033491097 0.00000000100000000000 
0.98219662689137499090 0.01162657910216590568 0.00617679400645905659 
0.99730691898545087426 0.00000000099999999999 0.00269308001454923555 
0.99740738952519947258 0.00000000100000000000 0.00259260947480069058 
0.00000000099999999998 0.00000000099999999998 0.99999999799999994554 
0.97017725418399902715 0.00000000099999999999 0.02982274481600101501 
0.96161540269029777139 0.00000000099999999999 0.03838459630970234709 
0.96641482924844435143 0.00000000099999999999 0.03358516975155573930 
0.99999999800000005656 0.00000000099999999999 0.00000000099999999999 
0.03948931417794481619 0.78864851634611099485 0.17186216947594415427 
0.00022031513153644808 0.80521428547503060003 0.19456539939343309165 
0.99345781680612488262 0.00015145882644231683 0.00639072436743289615 
0.99999998062319284120 0.00000000100000000000 0.00000001837680708022 
0.97154096594883176952 0.00000000099999999999 0.02845903305116820672 
0.00000000099999999998 0.00000000099999999998 0.99999999800000005656 
0.45063199000010023543 0.24169310145739417162 0.30767490854250556520 
0.99990660052646684886 0.00000000099999999999 0.00009339847353318069 
0.00000000099999999989 0.99999999799999994554 0.00000000099999999989 
0.00000000099999999986 0.99999999800000005656 0.00000000099999999986 
0.00000000099999999987 0.99999999800000005656 0.00000000099999999987 
0.06153501912463972545 0.79587611526132617801 0.14258886561403413817 
0.02712085925090145649 0.80084674783871245829 0.17203239291038610603 
0.99833006224256404249 0.00000000099999999999 0.00166993675743595024 
0.00000000099999999998 0.00000000099999999998 0.99999999800000005656 
0.05994492696820769712 0.78696837516373985277 0.15308669786805248481 
0.97016736736697917198 0.00000000100000000000 0.02983263163302083548 
0.00000000099999999997 0.00000000099999999997 0.99999999799999994554 
0.02592482057361840397 0.78823665828393507660 0.18583852114244658882 
0.97637157572375232739 0.00000000099999999999 0.02362842327624761415 
0.03931206718306817088 0.78983442096335476634 0.17085351185357719461 
0.00000000099999999998 0.00000000099999999998 0.99999999800000005656 
0.00000000099999999996 0.00000000099999999996 0.99999999800000005656 
0.01645599152247072955 0.79242566509477063708 0.19111834338275865419 
0.03671664695362676645 0.80231800862627955517 0.16096534442009374777 
0.00000000099999999998 0.00000000099999999998 0.99999999799999994554 
0.00000000099999999998 0.00000000099999999998 0.99999999800000005656 
0.00000000138604862273 0.00000000099999999998 0.99999999761395130804 
0.03643616516145704171 0.79284594071002589821 0.17071789412851703926 
0.94311941569717394618 0.00569348676034863322 0.05118709754247739024 
0.97446561400957754095 0.01476367726575631215 0.01077070872466617812 
0.97281178176348503950 0.00000000099999999999 0.02718821723651490205 
0.98170855154216418725 0.00000000099999999999 0.01829144745783585144 
0.00000000099999999998 0.00000000099999999998 0.99999999799999994554 
0.99458106895707909523 0.00497615175132749311 0.00044277929159347362 
0.00000000099999999988 0.99999999800000005656 0.00000000099999999988 
0.98464322906287082837 0.00000000099999999999 0.01535676993712915307 
0.00000000099999999989 0.99999999800000005656 0.00000000099999999989 
0.95373254001192175888 0.00000000100000000000 0.04626745898807817919 
0.00000000099999999988 0.99999999799999994554 0.00000000099999999988 
0.98644974748402169951 0.00000000099999999999 0.01355025151597826980 
0.98256332365268361784 0.00075955958398279879 0.01667711676333357568 
0.00000000099999999997 0.00000000099999999997 0.99999999800000005656 
0.99999899086172983065 0.00000000099999999999 0.00000100813827017018 
0.00000000099999999988 0.99999999800000005656 0.00000000099999999988 
0.00000000099999999989 0.99999999799999994554 0.00000000099999999989 
0.90834137314676666186 0.00000000100000000000 0.09165862585323336642 
0.00000000099999999997 0.00000000099999999997 0.99999999799999994554 
0.06945293041657560340 0.77085074891201033065 0.15969632067141403819 
0.00000000099999999997 0.00000000099999999997 0.99999999799999994554 
0.95979511985257148776 0.00000000100000000000 0.04020487914742846419 
0.00000000099999999987 0.99999999800000005656 0.00000000099999999987 
0.02659280449201010393 0.81085176968109096141 0.16255542582689891384 
0.00000000099999999991 0.99999999799999994554 0.00000000099999999991 
0.98114928063618023213 0.01443009442807805486 0.00442062493574165664 
0.00000000099999999997 0.00000000099999999997 0.99999999799999994554 
0.00000000099999999998 0.00000000099999999998 0.99999999800000005656 
0.76321251080361707242 0.00000000099999999999 0.23678748819638292811 
0.99123522081954928975 0.00000738795540350543 0.00875739122504720462 
0.98580063974903620050 0.00000000099999999999 0.01419935925096372197 
0.97149543254138426285 0.00000000099999999999 0.02850456645861587646 
0.99868636288328715978 0.00000000099999999999 0.00131363611671290559 
0.99999999799999994554 0.00000000099999999999 0.00000000099999999999 
0.98315657524961408420 0.00000000099999999999 0.01684342375038589204 
0.98223251846576586921 0.00000000099999999999 0.01776748053423405846 
0.96060201032711822755 0.00000000100000000000 0.03939798867288168277 
0.00000000099999999998 0.00000000099999999998 0.99999999800000005656 
0.00050350191746220024 0.00000000099999999999 0.99949649708253773817 
0.00000000099999999992 0.99999999800000005656 0.00000000099999999992 
0.00000000099999999998 0.00000000099999999998 0.99999999800000005656 
0.00000000099999999999 0.00000000099999999999 0.99999999799999994554 
0.97104181719789695038 0.00000000099999999999 0.02895818180210319587 
0.00000000099999999986 0.99999999799999994554 0.00000000099999999986 
0.99999801920600928096 0.00000197978815834623 0.00000000100583241080 
0.97803777065817332215 0.00000000099999999999 0.02196222834182669920 
0.98714715954850451585 0.00867995263550243833 0.00417288781599301460 
0.96980882682903202241 0.00000000100000000000 0.03019117217096800587 
0.99344100079171848705 0.00000000136141613362 0.00655899784686537254 
0.95962430073360371896 0.00000000100000000000 0.04037569826639630932 
0.99616788290682756202 0.00000000100000000000 0.00383211609317247494 
0.98011560855155965832 0.00000000100000000000 0.01988439044844034567 
0.95896083712580093561 0.01919032161571182157 0.02184884125848733302 
0.98985746270805075042 0.00000016379981706420 0.01014237349213225302 
0.99970721840595710983 0.00000000099999999999 0.00029278059404288110 
0.95323753277285905305 0.01575785831529269432 0.03100460891184828038 
0.99999994577396134066 0.00000000099999999999 0.00000005322603872584 
0.98478066256874097206 0.00000000100000000000 0.01521933643125894693 
0.99867391268545646632 0.00000000099999999999 0.00132608631454350450 
0.96417163813501438607 0.00000000099999999999 0.03582836086498562139 
0.98035245044763152933 0.00000000100000000000 0.01964754855236860304 
0.95672671915807416809 0.00000000100000000000 0.04327327984192571447 
0.99384509036567891815 0.00000000100000000000 0.00615490863432109538 
0.97060955471022158925 0.00000000099999999999 0.02939044428977854659 
0.89399255331506122246 0.07531115343282410168 0.03069629325211475912 
0.99322026718851619265 0.00000000099999999999 0.00677973181148368211 
0.97870161500848595892 0.00000000099999999999 0.02129838399151407283 
0.96955389024305493884 0.00000000099999999999 0.03044610875694507210 
0.99673082987348415873 0.00000000647680462384 0.00326916364971111288 
0.98393205489501966987 0.00000000099999999999 0.01606794410498021616 
0.98629203692344746823 0.00417071888934650303 0.00953724418720602353 
0.97662477028312499883 0.00000000099999999999 0.02337522871687493231 
0.99999999469718814371 0.00000000099999999999 0.00000000430281199181 
0.96323378634405398824 0.00000000099999999999 0.03676621265594606780 
0.00000000099999999997 0.00000000099999999997 0.99999999800000005656 
0.00000003612964152274 0.00000000099999999999 0.99999996287035852749 
0.00000000099999999991 0.99999999800000005656 0.00000000099999999991 
0.01922869662025877488 0.81587928195315517765 0.16489202142658615502 
0.06313214441127489029 0.01395301999297480361 0.92291483559575038242 
0.98362402602520504491 0.00000000099999999999 0.01637597297479487929 
0.96764089271708786377 0.00000000224988550218 0.03235910503302672631 
0.00000000099999999999 0.00000000099999999999 0.99999999799999994554 
0.97787259187118402703 0.00000000099999999999 0.02212740712881588676 
0.99166981831628275845 0.00000000099999999999 0.00833018068371734616 
0.99999999799999994554 0.00000000099999999999 0.00000000099999999999 
0.00000000099999999987 0.99999999799999994554 0.00000000099999999987 
0.00000000099999999987 0.99999999799999994554 0.00000000099999999987 
0.00000000099999999986 0.99999999800000005656 0.00000000099999999986 
0.00000000099999999986 0.99999999800000005656 0.00000000099999999986 
0.00000000099999999988 0.99999999800000005656 0.00000000099999999988 
0.00000000099999999999 0.00000000099999999999 0.99999999800000005656 
0.99308547740170405316 0.00007750438089111930 0.00683701821740488082 
0.00000000099999999987 0.99999999800000005656 0.00000000099999999987 
0.00000000099999999988 0.99999999800000005656 0.00000000099999999988 
0.00000000100000000000 0.81893562865834768072 0.18106437034165237532 
0.02541815970438173963 0.81098989564116574780 0.16359194465445245359 
0.99999938368993790405 0.00000000100000000000 0.00000061531006219303 
0.00000000099999999988 0.99999999799999994554 0.00000000099999999988 
0.98149045096916587294 0.00000000100000000000 0.01850954803083420044 
0.99999999800000005656 0.00000000099999999999 0.00000000099999999999 
0.03695920869660898611 0.00000000099999999999 0.96304079030339106993 
0.98506283790901982833 0.00000000099999999999 0.01493716109098016179 
0.00000000099999999997 0.00000000099999999997 0.99999999799999994554 
0.97187107081708401513 0.00000000099999999999 0.02812892818291603744 
0.00000000099999999997 0.00000000099999999997 0.99999999800000005656 
0.97808821809606349973 0.00221684006439531968 0.01969494183954108302 
0.99704047691310138113 0.00244542206662452972 0.00051410102027408492 
0.00000000099999999988 0.99999999800000005656 0.00000000099999999988 
0.00000000099999999998 0.00000000099999999998 0.99999999799999994554 
0.00000000099999999986 0.99999999800000005656 0.00000000099999999986 
0.00000000099999999988 0.99999999799999994554 0.00000000099999999988 
0.98679841313874172570 0.00000000099999999999 0.01320158586125818809 
0.96973863779785718364 0.00000000099999999999 0.03026136120214284117 
0.99004352493566993854 0.00000000099999999999 0.00995647406433010362 
0.99081643574200661817 0.00000000099999999999 0.00918356325799335113 
0.98538192155133441652 0.00000000100000000000 0.01461807744866552503 
0.97538685334284247475 0.00000000099999999999 0.02461314565715761252 
0.99999999800000005656 0.00000000099999999999 0.00000000099999999999 
0.00371385836546018209 0.00000000099999999998 0.99628614063453979632 
0.99999824613901400205 0.00000000099999999999 0.00000175286098590710 
0.00000000099999999987 0.99999999799999994554 0.00000000099999999987 
0.99818159989426513690 0.00000000100000000000 0.00181839910573490787 
0.00000000099999999996 0.99999999800000005656 0.00000000099999999996 
0.00000000099999999989 0.99999999800000005656 0.00000000099999999989 
0.97307564394070844571 0.00000000099999999999 0.02692435505929166237 
0.99999999065964151335 0.00000000100000000000 0.00000000834035843218 
0.97726622547105690408 0.00000000100000000000 0.02273377352894306869 
0.00000000099999999990 0.99999999799999994554 0.00000000099999999990 
0.00000000099999999997 0.00000000099999999997 0.99999999800000005656 
0.00000000099999999997 0.00000000099999999997 0.99999999799999994554 
0.00000000099999999989 0.99999999800000005656 0.00000000099999999989 
0.98813699613293881630 0.00000000100000000000 0.01186300286706120852 
0.95253254367542949943 0.00000000100000000000 0.04746745532457061906 
0.00000000099999999989 0.99999999800000005656 0.00000000099999999989 
0.98751529651535296939 0.00000000099999999999 0.01248470248464695828 
0.00000000099999999997 0.00000000099999999997 0.99999999799999994554 
0.55135570607956085887 0.18741086643618382057 0.26123342748425526505 
0.96816433609900365287 0.00041335228990193359 0.03142231161109448195 
0.95812561242283267315 0.00000000100000000000 0.04187438657716735513 
0.99495768272867424198 0.00000000100000000000 0.00504231627132580105 
0.99943607861821726068 0.00000000099999999999 0.00056392038178285911 
0.99999999799999994554 0.00000000099999999999 0.00000000099999999999 
0.98886236059822285593 0.00000000099999999999 0.01113763840177705959 
0.98556798494441089087 0.00000000100000000000 0.01443201405558909751 
0.96167321101545333306 0.01100816939655500579 0.02731861958799171319 
0.00000000099999999998 0.00000000099999999998 0.99999999800000005656 
0.97439111343106266094 0.00000000099999999999 0.02560888556893746101 
0.99999999081533796907 0.00000000100000000000 0.00000000818466210811 
0.94943900826867300147 0.00000000100000000000 0.05056099073132698518 
0.98118228439023147391 0.00000000099999999999 0.01881771460976859600 
0.95875193098053645979 0.00189431236759924834 0.03935375665186421901 
0.99999907125349574155 0.00000000099999999999 0.00000092774650426679 
0.97851467427883287442 0.00000000100000000000 0.02148532472116715386 
0.00281806383720557135 0.00000000099999999999 0.99718193516279451938 
0.97128046671671197654 0.00000000100000000000 0.02871953228328802746 
0.98926210411631665398 0.00000000100000000000 0.01073789488368326502 
0.97644334627457607390 0.01062019733252061310 0.01293645639290334944 
0.00000006773194218113 0.00000000099999999999 0.99999993126805786225 
0.95012341089118312887 0.01970093130251507688 0.03017565780630186018 
0.98555528332342057229 0.00000000450340933959 0.01444471217317011211 
0.51395228454368691029 0.00000000099999999999 0.48604771445631317350 
0.97141856751556721061 0.00000000099999999999 0.02858143148443287318 
0.00000000099999999990 0.99999999800000005656 0.00000000099999999990 
0.97062290939373663257 0.00000022785859819543 0.02937686274766517641 
0.96992644844582354136 0.00000000100000000000 0.03007355055417642101 
