0.00000000099999999992 0.00000000099999999992 0.00000000099999999992 0.00000000099999999992 0.00000000099999999992 0.00000000099999999992 0.00000000099999999992 0.40340846758620380053 0.59659152341379617646 0.00000000099999999992 0.00000000099999999992 
0.00000000099999999992 0.00000000099999999992 0.00000000099999999992 0.00000000099999999992 0.00000000099999999992 0.00000000099999999992 0.00000000099999999992 0.00000000099999999992 0.00000000099999999992 0.99999998999999994975 0.00000000099999999992 
0.00000000099999999991 0.00000000099999999991 0.00000000099999999991 0.00000000099999999991 0.00000000099999999991 0.00000000099999999991 0.00000000099999999991 0.00000000099999999991 0.00000000099999999991 0.99999999000000006077 0.00000000099999999991 
0.00000000099999999998 0.00000000099999999998 0.23316196236227459959 0.00438405796836092987 0.25426499418431014465 0.11892175924691877897 0.00000000099999999998 0.00000000099999999998 0.35566266343037961084 0.03360455780775598728 0.00000000099999999998 
0.00000143050214728739 0.00000000099999999999 0.25896802670340079988 0.03911951806151876126 0.24767296982652725612 0.19308885887969229334 0.00000000099999999999 0.00000223395130813322 0.18364916300602918131 0.00000000099999999999 0.07749779606937648446 
0.00000000099999999996 0.00000000099999999996 0.00000000099999999996 0.00000000099999999996 0.39503136651111137034 0.25390304292908061345 0.00000000099999999996 0.13981180000278708997 0.21125378355702090216 0.00000000099999999996 0.00000000099999999996 
0.00000000099999999992 0.00000000099999999992 0.00000000099999999992 0.00000000099999999992 0.00000000099999999992 0.00000000099999999992 0.00000000099999999992 0.03525343363907947752 0.00000000099999999992 0.96474655736092063130 0.00000000099999999992 
0.00000000099999999988 0.00000000099999999988 0.00000000099999999988 0.00000000099999999988 0.00000000099999999988 0.00000000099999999988 0.00000000099999999988 0.00000000099999999988 0.00000000099999999988 0.99999999000000006077 0.00000000099999999988 
0.00000000099999999987 0.00000000099999999987 0.00000000099999999987 0.99999999000000006077 0.00000000099999999987 0.00000000099999999987 0.00000000099999999987 0.00000000099999999987 0.00000000099999999987 0.00000000099999999987 0.00000000099999999987 
0.00000000099999999992 0.00000000099999999992 0.00000000099999999992 0.00000000099999999992 0.00000000099999999992 0.00000000099999999992 0.00000000099999999992 0.00000000099999999992 0.00000000099999999992 0.99999998999999994975 0.00000000099999999992 
0.00000000099999999995 0.00000000099999999995 0.46316558454608103279 0.53683440645391911072 0.00000000099999999995 0.00000000099999999995 0.00000000099999999995 0.00000000099999999995 0.00000000099999999995 0.00000000099999999995 0.00000000099999999995 
0.00365322565433464589 0.00000000099999999997 0.03282177725415927338 0.18334113259561563014 0.14435172864437328943 0.30051757937960038580 0.00000000099999999997 0.08379908713002974519 0.22899461927191094857 0.00001035392055310367 0.02251049414942312560 
0.00000000099999999999 0.00000000099999999999 0.02041106499852710435 0.27612128189978951687 0.36532634942548586343 0.00000826219259971568 0.00000000099999999999 0.09102678360614781250 0.22424503712660617816 0.00000000099999999999 0.02286121675084371030 
0.01069087101488534232 0.00000000099999999998 0.25276658793710699014 0.00000000099999999998 0.50184795619768163277 0.11770804666813312889 0.00000000099999999998 0.07989679232953986188 0.00000000700310805149 0.00000000099999999998 0.03708973484954507932 
0.01167836175742250487 0.00000000099999999999 0.32381306359286915475 0.00018272936663137336 0.00000000099999999999 0.34409832387554212252 0.00000002093527727500 0.00000000099999999999 0.32022749547225765054 0.00000000099999999999 0.00000000099999999999 
0.02053623230960345894 0.00000000099999999998 0.28032808720949231596 0.16965961907775289896 0.11689130735776631642 0.05299525849460010735 0.00000000099999999998 0.11273676303383782515 0.15984331136152363229 0.04442829265651586368 0.04258112649890769680 
0.00000000099999999993 0.00000000099999999993 0.56796552466514715896 0.43203446633485281803 0.00000000099999999993 0.00000000099999999993 0.00000000099999999993 0.00000000099999999993 0.00000000099999999993 0.00000000099999999993 0.00000000099999999993 
0.00000000099999999987 0.00000000099999999987 0.99999999000000017180 0.00000000099999999987 0.00000000099999999987 0.00000000099999999987 0.00000000099999999987 0.00000000099999999987 0.00000000099999999987 0.00000000099999999987 0.00000000099999999987 
0.00044313364158686286 0.00000403555740019461 0.12657832835655358217 0.21306948264684355543 0.16996043383606132537 0.18803521799144259918 0.00000000100000000000 0.11800193929677935123 0.18390695775733681416 0.00000000100000000000 0.00000046891599575906 
0.00000000099999999995 0.00000000099999999995 0.22268245182807067106 0.00000000099999999995 0.00000000099999999995 0.45965255236098895297 0.00000000099999999995 0.00000000099999999995 0.27426615872638393512 0.00000000099999999995 0.04339883008455667351 
0.00000000099999999990 0.00000000099999999990 0.00000000099999999990 0.00000000099999999990 0.00000000099999999990 0.00000000099999999990 0.00000000099999999990 0.00000000099999999990 0.99999999000000006077 0.00000000099999999990 0.00000000099999999990 
0.00000000099999999994 0.00000000099999999994 0.00000000099999999994 0.00000000099999999994 0.00000000099999999994 0.00000000099999999994 0.00000000099999999994 0.00000000099999999994 0.00000000099999999994 0.97674768698132685696 0.02325230401867312696 
0.00000000099999999994 0.00000000099999999994 0.00000000099999999994 0.33609999341440632836 0.00000000099999999994 0.00000000099999999994 0.00000000099999999994 0.00000000099999999994 0.66389999758559359311 0.00000000099999999994 0.00000000099999999994 
0.00000000099999999936 0.00000000099999999936 0.00000000099999999936 0.00000000099999999936 0.00000000099999999936 0.00000000099999999936 0.00000000099999999936 0.00000000099999999936 0.00000000099999999936 0.00000000099999999936 0.99999998999999994975 
0.00000000099999999985 0.00000000099999999985 0.00000000099999999985 0.99999999000000006077 0.00000000099999999985 0.00000000099999999985 0.00000000099999999985 0.00000000099999999985 0.00000000099999999985 0.00000000099999999985 0.00000000099999999985 
0.00000000099999999996 0.00000000099999999996 0.00000000099999999996 0.39728122913720370635 0.27137738364102581556 0.00000000099999999996 0.00000000099999999996 0.00000000099999999996 0.33134137922177048230 0.00000000099999999996 0.00000000099999999996 
0.99999999000000028282 0.00000000099999999957 0.00000000099999999957 0.00000000099999999957 0.00000000099999999957 0.00000000099999999957 0.00000000099999999957 0.00000000099999999957 0.00000000099999999957 0.00000000099999999957 0.00000000099999999957 
0.99999999000000017180 0.00000000099999999953 0.00000000099999999953 0.00000000099999999953 0.00000000099999999953 0.00000000099999999953 0.00000000099999999953 0.00000000099999999953 0.00000000099999999953 0.00000000099999999953 0.00000000099999999953 
0.00000000099999999996 0.00000000099999999996 0.00000000099999999996 0.40548142869624509421 0.43543413699943894768 0.00000000099999999996 0.00000000099999999996 0.15908442101631972698 0.00000000628799639436 0.00000000099999999996 0.00000000099999999996 
0.00145188831895193965 0.00000000099999999997 0.06344573788096896649 0.39050419914263312382 0.25761381460413645961 0.12613114858389823381 0.00000000099999999997 0.00000000099999999997 0.10308794289082373608 0.00000000099999999997 0.05776526457858762592 
0.00000000099999999968 0.00000000099999999968 0.00000000099999999968 0.00000000099999999968 0.00000000099999999968 0.00000000099999999968 0.00000000099999999968 0.99999999000000006077 0.00000000099999999968 0.00000000099999999968 0.00000000099999999968 
0.00000000099999999977 0.00000000099999999977 0.00000000099999999977 0.00000000099999999977 0.00000000099999999977 0.00000000099999999977 0.00000000099999999977 0.00000000099999999977 0.00000000099999999977 0.75731059436572578658 0.24268939663427413489 
0.35778675658922254321 0.00000000099999999957 0.00000000099999999957 0.00000000099999999957 0.00000000099999999957 0.00000000099999999957 0.00000000099999999957 0.00000000099999999957 0.00000000099999999957 0.00000000099999999957 0.64221323441077726724 
0.00000000099999999994 0.00000000099999999994 0.00000000099999999994 0.00000000099999999994 0.00000000099999999994 0.45072805360739148783 0.00000000099999999994 0.00000000099999999994 0.54927193739260848915 0.00000000099999999994 0.00000000099999999994 
0.00000000099999999939 0.99999999000000028282 0.00000000099999999939 0.00000000099999999939 0.00000000099999999939 0.00000000099999999939 0.00000000099999999939 0.00000000099999999939 0.00000000099999999939 0.00000000099999999939 0.00000000099999999939 
0.00000000099999999933 0.00000000099999999933 0.00000000099999999933 0.00000000099999999933 0.00000000099999999933 0.00000000099999999933 0.99999999000000006077 0.00000000099999999933 0.00000000099999999933 0.00000000099999999933 0.00000000099999999933 
0.00000000099999999934 0.00000000099999999934 0.00000000099999999934 0.00000000099999999934 0.00000000099999999934 0.00000000099999999934 0.99999998999999994975 0.00000000099999999934 0.00000000099999999934 0.00000000099999999934 0.00000000099999999934 
0.99999999000000028282 0.00000000099999999958 0.00000000099999999958 0.00000000099999999958 0.00000000099999999958 0.00000000099999999958 0.00000000099999999958 0.00000000099999999958 0.00000000099999999958 0.00000000099999999958 0.00000000099999999958 
0.99999999000000017180 0.00000000099999999953 0.00000000099999999953 0.00000000099999999953 0.00000000099999999953 0.00000000099999999953 0.00000000099999999953 0.00000000099999999953 0.00000000099999999953 0.00000000099999999953 0.00000000099999999953 
0.00000000099999999996 0.00000000099999999996 0.27343683710511013096 0.00000000099999999996 0.00000000099999999996 0.37087612183613716255 0.00000000099999999996 0.00000000099999999996 0.30124216131925907192 0.00000000099999999996 0.05444487273949354805 
0.00000000099999999995 0.00000000099999999995 0.00000000099999999995 0.00000000099999999995 0.00000000099999999995 0.00000000099999999995 0.00000000099999999995 0.00000000099999999995 0.00000000099999999995 0.99999999000000006077 0.00000000099999999995 
0.99999999000000028282 0.00000000099999999955 0.00000000099999999955 0.00000000099999999955 0.00000000099999999955 0.00000000099999999955 0.00000000099999999955 0.00000000099999999955 0.00000000099999999955 0.00000000099999999955 0.00000000099999999955 
0.00000000099999999997 0.00000000099999999997 0.37066246692133036911 0.00000000099999999997 0.00000000099999999997 0.40097543239796323844 0.00000000099999999997 0.00000000099999999997 0.15112103924036446312 0.00002541798995581935 0.07721563745038619031 
0.00000000099999999990 0.00000000099999999990 0.00000000099999999990 0.00000000099999999990 0.00000000099999999990 0.00000000099999999990 0.00000000099999999990 0.00000000099999999990 0.00000000099999999990 0.99999998999999994975 0.00000000099999999990 
0.99999999000000017180 0.00000000099999999960 0.00000000099999999960 0.00000000099999999960 0.00000000099999999960 0.00000000099999999960 0.00000000099999999960 0.00000000099999999960 0.00000000099999999960 0.00000000099999999960 0.00000000099999999960 
0.00000003165732326779 0.00000000099999999997 0.29717807107370253217 0.00000018558568858821 0.00000000099999999997 0.39026235826412913887 0.00000000099999999997 0.10444583210565262787 0.17722171343545753408 0.00000000099999999997 0.03089180387804640882 
0.99999999000000028282 0.00000000099999999955 0.00000000099999999955 0.00000000099999999955 0.00000000099999999955 0.00000000099999999955 0.00000000099999999955 0.00000000099999999955 0.00000000099999999955 0.00000000099999999955 0.00000000099999999955 
0.00000000099999999992 0.00000000099999999992 0.00000000099999999992 0.00000000099999999992 0.00000000099999999992 0.00000000099999999992 0.00000000099999999992 0.00000000099999999992 0.00000000099999999992 0.99999999000000006077 0.00000000099999999992 
0.00000000099999999986 0.00000000099999999986 0.00000000099999999986 0.00000000099999999986 0.00000000099999999986 0.00000000099999999986 0.00000000099999999986 0.00000000099999999986 0.00000000099999999986 0.99999999000000006077 0.00000000099999999986 
0.99999999000000028282 0.00000000099999999949 0.00000000099999999949 0.00000000099999999949 0.00000000099999999949 0.00000000099999999949 0.00000000099999999949 0.00000000099999999949 0.00000000099999999949 0.00000000099999999949 0.00000000099999999949 
0.99999999000000017180 0.00000000099999999954 0.00000000099999999954 0.00000000099999999954 0.00000000099999999954 0.00000000099999999954 0.00000000099999999954 0.00000000099999999954 0.00000000099999999954 0.00000000099999999954 0.00000000099999999954 
0.00000000099999999993 0.00000000099999999993 0.00000000099999999993 0.00000000099999999993 0.00000000099999999993 0.00000000099999999993 0.00000000099999999993 0.00000000099999999993 0.00000000099999999993 0.99999998999999994975 0.00000000099999999993 
0.00000000099999999993 0.00000000099999999993 0.00000000099999999993 0.00000000099999999993 0.00000000099999999993 0.00000000099999999993 0.00000000099999999993 0.00000000099999999993 0.00000000099999999993 0.99999998999999994975 0.00000000099999999993 
0.00000000099999999993 0.00000000099999999993 0.00000000099999999993 0.00000000099999999993 0.01611526658097274176 0.00000000099999999993 0.00000000099999999993 0.00000000099999999993 0.00000000099999999993 0.98388472441902730115 0.00000000099999999993 
0.99999999000000017180 0.00000000099999999962 0.00000000099999999962 0.00000000099999999962 0.00000000099999999962 0.00000000099999999962 0.00000000099999999962 0.00000000099999999962 0.00000000099999999962 0.00000000099999999962 0.00000000099999999962 
0.00000000099999999989 0.00000000099999999989 0.99999999000000006077 0.00000000099999999989 0.00000000099999999989 0.00000000099999999989 0.00000000099999999989 0.00000000099999999989 0.00000000099999999989 0.00000000099999999989 0.00000000099999999989 
0.02542133762895246521 0.00000000099999999998 0.16322196640670874612 0.00000033853357100805 0.34303802816537171116 0.16025664077147022679 0.00000000099999999998 0.00000000099999999998 0.30806168349392587524 0.00000000099999999998 0.00000000099999999998 
0.00000000099999999993 0.00000000099999999993 0.00000000099999999993 0.00000000099999999993 0.56724930002642381943 0.43275069097357626857 0.00000000099999999993 0.00000000099999999993 0.00000000099999999993 0.00000000099999999993 0.00000000099999999993 
0.00000000099999999996 0.00000000099999999996 0.33670680760307436508 0.00000000099999999996 0.27968315459225290276 0.00000000099999999996 0.00000000099999999996 0.00000000099999999996 0.38361002980467284740 0.00000000099999999996 0.00000000099999999996 
0.00000000099999999991 0.00000000099999999991 0.00000000099999999991 0.00000000099999999991 0.00000000099999999991 0.00000000099999999991 0.00000000099999999991 0.00000000099999999991 0.00000000099999999991 0.99999998999999994975 0.00000000099999999991 
0.00000000099999999989 0.00000000099999999989 0.00000000099999999989 0.00000000099999999989 0.00000000099999999989 0.99999999000000017180 0.00000000099999999989 0.00000000099999999989 0.00000000099999999989 0.00000000099999999989 0.00000000099999999989 
0.00000000099999999940 0.00000000099999999940 0.00000000099999999940 0.00000000099999999940 0.00000000099999999940 0.00000000099999999940 0.99999999000000006077 0.00000000099999999940 0.00000000099999999940 0.00000000099999999940 0.00000000099999999940 
0.00000000099999999984 0.00000000099999999984 0.99999999000000006077 0.00000000099999999984 0.00000000099999999984 0.00000000099999999984 0.00000000099999999984 0.00000000099999999984 0.00000000099999999984 0.00000000099999999984 0.00000000099999999984 
0.00000000099999999936 0.99999999000000017180 0.00000000099999999936 0.00000000099999999936 0.00000000099999999936 0.00000000099999999936 0.00000000099999999936 0.00000000099999999936 0.00000000099999999936 0.00000000099999999936 0.00000000099999999936 
0.00000000099999999997 0.00000000099999999997 0.00000000099999999997 0.35649373707958487145 0.00000000099999999997 0.33749734529309116660 0.00000000099999999997 0.00000000099999999997 0.19709929401486653289 0.00000000099999999997 0.10890961661245747438 
0.00000000099999999936 0.99999999000000017180 0.00000000099999999936 0.00000000099999999936 0.00000000099999999936 0.00000000099999999936 0.00000000099999999936 0.00000000099999999936 0.00000000099999999936 0.00000000099999999936 0.00000000099999999936 
0.00000000099999999967 0.00000000099999999967 0.00000000099999999967 0.00000000099999999967 0.00000000099999999967 0.00000000099999999967 0.00000000099999999967 0.99999998999999994975 0.00000000099999999967 0.00000000099999999967 0.00000000099999999967 
0.00000000099999999996 0.00000000099999999996 0.00000000099999999996 0.00000000099999999996 0.00000067533085166819 0.46320112698565329978 0.00000000099999999996 0.22874946814783320148 0.21758903901422346761 0.00000000099999999996 0.09045968452143829386 
0.00000000099999999989 0.00000000099999999989 0.00000000099999999989 0.00000000099999999989 0.00000000099999999989 0.00000000099999999989 0.00000000099999999989 0.00000000099999999989 0.00000000099999999989 0.99999999000000006077 0.00000000099999999989 
0.00000000099999999984 0.00000000099999999984 0.00000000099999999984 0.00000000099999999984 0.00000000099999999984 0.00000000099999999984 0.00000000099999999984 0.00000000099999999984 0.99999999000000006077 0.00000000099999999984 0.00000000099999999984 
0.00000000099999999942 0.00000000099999999942 0.00000000099999999942 0.00000000099999999942 0.00000000099999999942 0.00000000099999999942 0.99999998999999994975 0.00000000099999999942 0.00000000099999999942 0.00000000099999999942 0.00000000099999999942 
0.00000000099999999942 0.99999999000000028282 0.00000000099999999942 0.00000000099999999942 0.00000000099999999942 0.00000000099999999942 0.00000000099999999942 0.00000000099999999942 0.00000000099999999942 0.00000000099999999942 0.00000000099999999942 
0.00000000099999999990 0.00000000099999999990 0.00000000099999999990 0.00000000099999999990 0.00000000099999999990 0.99999999000000006077 0.00000000099999999990 0.00000000099999999990 0.00000000099999999990 0.00000000099999999990 0.00000000099999999990 
0.00000000099999999990 0.00000000099999999990 0.00000000099999999990 0.00000000099999999990 0.00000000099999999990 0.00000000099999999990 0.00000000099999999990 0.00000000099999999990 0.00000000099999999990 0.99999998999999994975 0.00000000099999999990 
0.99999999000000017180 0.00000000099999999963 0.00000000099999999963 0.00000000099999999963 0.00000000099999999963 0.00000000099999999963 0.00000000099999999963 0.00000000099999999963 0.00000000099999999963 0.00000000099999999963 0.00000000099999999963 
0.00000000099999999991 0.00000000099999999991 0.00000000099999999991 0.00000000099999999991 0.00000000099999999991 0.00000000099999999991 0.00000000099999999991 0.00000000099999999991 0.00000000099999999991 0.99999998999999994975 0.00000000099999999991 
0.00000000099999999998 0.00000000099999999998 0.21739999131423637380 0.00077490530080895153 0.33514996071290964474 0.00000000099999999998 0.00000000099999999998 0.22101747468995322499 0.17694826994926091124 0.01166877949863454923 0.03704061453419646432 
0.00000000099999999936 0.99999999000000028282 0.00000000099999999936 0.00000000099999999936 0.00000000099999999936 0.00000000099999999936 0.00000000099999999936 0.00000000099999999936 0.00000000099999999936 0.00000000099999999936 0.00000000099999999936 
0.99999999000000028282 0.00000000099999999945 0.00000000099999999945 0.00000000099999999945 0.00000000099999999945 0.00000000099999999945 0.00000000099999999945 0.00000000099999999945 0.00000000099999999945 0.00000000099999999945 0.00000000099999999945 
0.00000000099999999956 0.58609078897636746053 0.00000000099999999956 0.00000000099999999956 0.00000000099999999956 0.00000000099999999956 0.41390920202363273850 0.00000000099999999956 0.00000000099999999956 0.00000000099999999956 0.00000000099999999956 
0.00000000099999999988 0.00000000099999999988 0.00000000099999999988 0.00000000099999999988 0.00000000099999999988 0.00000000099999999988 0.00000000099999999988 0.00000000099999999988 0.99999999000000006077 0.00000000099999999988 0.00000000099999999988 
0.00000000099999999986 0.00000000099999999986 0.00000000099999999986 0.00000000099999999986 0.00000000099999999986 0.00000000099999999986 0.00000000099999999986 0.00000000099999999986 0.00000000099999999986 0.99999999000000006077 0.00000000099999999986 
0.00000000099999999991 0.00000000099999999991 0.00000000099999999991 0.00000000099999999991 0.00000000099999999991 0.00000000099999999991 0.00000000099999999991 0.00000000099999999991 0.00000000099999999991 0.99999999000000006077 0.00000000099999999991 
0.00000000099999999996 0.00000000099999999996 0.32579423597683176972 0.00001525370741879129 0.00000000099999999996 0.00000000099999999996 0.00000000099999999996 0.14878533701335064365 0.23231892547737476029 0.20750310245135672460 0.08558314037366709925 
0.00958798058706992161 0.00000000099999999998 0.00000000099999999998 0.00002449367650891331 0.50900504377030697523 0.00000000099999999998 0.00000000099999999998 0.00000000099999999998 0.48128322486196839503 0.00000000099999999998 0.00009925110414585728 
0.00000000099999999995 0.00000000099999999995 0.29065757851908413656 0.33776285817446877191 0.00000000099999999995 0.22753105818674648764 0.00000000099999999995 0.14404849811970069084 0.00000000099999999995 0.00000000099999999995 0.00000000099999999995 
0.00000000099999999996 0.00000000099999999996 0.10926949630014468062 0.10408103973490484551 0.09227475997447220912 0.32339099463315496008 0.00000000099999999996 0.16252524518373770435 0.20845845917358579724 0.00000000099999999996 0.00000000099999999996 
0.00000000099999999998 0.00000000099999999998 0.20613668304199497805 0.28069748676346045757 0.00000047919550042867 0.29710397510762170947 0.00000000099999999998 0.00000000099999999998 0.17315805229957392797 0.00000000099999999998 0.04290331859184847579 
0.00000000099999999996 0.00000000099999999996 0.00000502498782860694 0.15367928090981922140 0.33390685127703018109 0.11450934114958989662 0.00000000099999999996 0.00053702786990361651 0.39736246880582865026 0.00000000099999999996 0.00000000099999999996 
0.00000000099999999993 0.00000000099999999993 0.55851690440283885408 0.00000000099999999993 0.00000001731669635165 0.44148307028046490652 0.00000000099999999993 0.00000000099999999993 0.00000000099999999993 0.00000000099999999993 0.00000000099999999993 
0.00000000099999999995 0.00000000099999999995 0.00000000099999999995 0.00000000099999999995 0.46794543278608685677 0.00000000099999999995 0.00000000099999999995 0.00000000099999999995 0.53205455821391323123 0.00000000099999999995 0.00000000099999999995 
0.00000000099999999998 0.00000000099999999998 0.00000057501428626528 0.28649477365585324096 0.00025394594796356582 0.34385010048560060714 0.00000000099999999998 0.00000000099999999998 0.35251611101894664291 0.01688448887734979656 0.00000000099999999998 
0.00000000099999999992 0.00000000099999999992 0.00000000099999999992 0.00000000099999999992 0.00000000099999999992 0.00000000099999999992 0.00000000099999999992 0.00000000099999999992 0.00000000099999999992 0.99999998999999994975 0.00000000099999999992 
0.00000000099999999996 0.00000000099999999996 0.02261641847541633055 0.00000000099999999996 0.00000000099999999996 0.00000000099999999996 0.00000000099999999996 0.00000000099999999996 0.00000000099999999996 0.97738357252458374358 0.00000000099999999996 
0.00000000099999999959 0.00000000099999999959 0.00000000099999999959 0.00000000099999999959 0.00000000099999999959 0.00000000099999999959 0.99999999000000006077 0.00000000099999999959 0.00000000099999999959 0.00000000099999999959 0.00000000099999999959 
0.00000000099999999995 0.00000000099999999995 0.00000000099999999995 0.00000000099999999995 0.00000000099999999995 0.00050090201033533524 0.00000000099999999995 0.00000000099999999995 0.00000000099999999995 0.99949908898966466353 0.00000000099999999995 
0.00000000099999999995 0.00000000099999999995 0.00000000099999999995 0.00000000099999999995 0.02446262855955103760 0.00000000099999999995 0.00000000099999999995 0.00000000099999999995 0.00000000099999999995 0.97553736244044897408 0.00000000099999999995 
0.00000000099999999997 0.00000000099999999997 0.00000000099999999997 0.23693687107081784493 0.27093401720427379153 0.23694627324426267845 0.00000000099999999997 0.06825861764382040731 0.17328203366678771036 0.01364218217003745903 0.00000000099999999997 
0.00000000099999999929 0.99999999000000028282 0.00000000099999999929 0.00000000099999999929 0.00000000099999999929 0.00000000099999999929 0.00000000099999999929 0.00000000099999999929 0.00000000099999999929 0.00000000099999999929 0.00000000099999999929 
0.00000000099999999998 0.00000000099999999998 0.07941505780442596751 0.00000072908641269953 0.24098571985771383153 0.25223819788549295406 0.00000000099999999998 0.07495665518075486644 0.35240363518519968178 0.00000000099999999998 0.00000000099999999998 
0.00000000099999999998 0.00000000099999999998 0.17361585342143706634 0.23642998464476522313 0.27082207641241157203 0.00016868765824500030 0.00000000099999999998 0.12838339684582797395 0.15037319649530253574 0.00000000099999999998 0.04020680052201083821 
0.00362298001077664914 0.00000000099999999998 0.00000000099999999998 0.14004424964565120870 0.39143923278854220182 0.23952691186060245943 0.00000000099999999998 0.07870459243327662668 0.09696845695502361029 0.00000000099999999998 0.04969357230612715670 
0.00000000099999999987 0.00000000099999999987 0.00000000099999999987 0.99999999000000017180 0.00000000099999999987 0.00000000099999999987 0.00000000099999999987 0.00000000099999999987 0.00000000099999999987 0.00000000099999999987 0.00000000099999999987 
0.00000000099999999986 0.00000000099999999986 0.00000000099999999986 0.00000000099999999986 0.00000000099999999986 0.99999999000000017180 0.00000000099999999986 0.00000000099999999986 0.00000000099999999986 0.00000000099999999986 0.00000000099999999986 
0.00000000099999999987 0.00000000099999999987 0.00000000099999999987 0.00000000099999999987 0.00000000099999999987 0.00000000099999999987 0.00000000099999999987 0.00000000099999999987 0.99999999000000006077 0.00000000099999999987 0.00000000099999999987 
0.00023749266313272450 0.00000000099999999998 0.00000000099999999998 0.11133046039066504806 0.38271721161777044751 0.15740069494117775450 0.00000000099999999998 0.00000000099999999998 0.34824269859503165225 0.00000000099999999998 0.00007143679222251698 
0.00000000099999999998 0.00000000099999999998 0.38651347232928029429 0.00000000099999999998 0.15690728203232362503 0.23032727573853384317 0.00000000099999999998 0.00000000099999999998 0.15560042666635448549 0.00000000099999999998 0.07065153723350789394 
0.02835913039610351086 0.00000000100000000000 0.19171829178135157967 0.14664487582038721047 0.21284866300431976027 0.25128133845792260948 0.00000000100000000000 0.07537737154730352052 0.07088690891517890336 0.00017839131721768804 0.02270502676021527236 
0.00000000099999999988 0.00000000099999999988 0.00000000099999999988 0.00000000099999999988 0.00000000099999999988 0.99999999000000017180 0.00000000099999999988 0.00000000099999999988 0.00000000099999999988 0.00000000099999999988 0.00000000099999999988 
0.00000000099999999985 0.00000000099999999985 0.00000000099999999985 0.00000000099999999985 0.00000000099999999985 0.99999999000000017180 0.00000000099999999985 0.00000000099999999985 0.00000000099999999985 0.00000000099999999985 0.00000000099999999985 
0.00777950516565371550 0.00000000099999999998 0.00000000099999999998 0.00000000099999999998 0.37358211345772368572 0.39035385419045792732 0.00000000099999999998 0.21758859465438792902 0.00000000099999999998 0.00000000099999999998 0.01069592653177682540 
0.00000000099999999985 0.00000000099999999985 0.99999999000000006077 0.00000000099999999985 0.00000000099999999985 0.00000000099999999985 0.00000000099999999985 0.00000000099999999985 0.00000000099999999985 0.00000000099999999985 0.00000000099999999985 
0.00000000099999999996 0.00000000099999999996 0.00000000099999999996 0.26056025997858989207 0.00000000099999999996 0.42039352728243184476 0.00000000099999999996 0.00000000099999999996 0.31904620473897826738 0.00000000099999999996 0.00000000099999999996 
0.00000000099999999995 0.00000000099999999995 0.00000000099999999995 0.32944245618497258743 0.00000000099999999995 0.00000000099999999995 0.00000000099999999995 0.00000000099999999995 0.67055753481502733404 0.00000000099999999995 0.00000000099999999995 
0.00000000099999999995 0.00000000099999999995 0.00000000165447952047 0.00000000099999999995 0.55028934780959293249 0.00000000099999999995 0.00000000099999999995 0.00000000099999999995 0.31404875475408633445 0.00000000099999999995 0.13566188878184146094 
0.00000000099999999999 0.00000000099999999999 0.16775348628208375246 0.08226649177587007367 0.16256712290203242932 0.24233954133373039608 0.00000000099999999999 0.12101553571965523171 0.22385834061272735784 0.00000000099999999999 0.00019947737390072222 
0.00000000099999999990 0.00000000099999999990 0.00000000099999999990 0.00000000099999999990 0.99999999000000006077 0.00000000099999999990 0.00000000099999999990 0.00000000099999999990 0.00000000099999999990 0.00000000099999999990 0.00000000099999999990 
0.00000000099999999998 0.00000000099999999998 0.10616503925747679260 0.22518689642206718426 0.29320208270122766203 0.11511730190687988196 0.00000000099999999998 0.00000000099999999998 0.21170759124793209205 0.00000000099999999998 0.04862108346441637585 
0.00000000099999999994 0.00000000099999999994 0.00000000099999999994 0.37117265578863339881 0.00000000099999999994 0.62882733521136668919 0.00000000099999999994 0.00000000099999999994 0.00000000099999999994 0.00000000099999999994 0.00000000099999999994 
0.00000000100000000000 0.00000000100000000000 0.04243725101784321524 0.22483826088715599956 0.23756339284840924386 0.09595569468988626727 0.07184044990651713980 0.05562452306494038851 0.21405257990590600969 0.00000161514165629767 0.05768623053768538039 
0.00000000099999999994 0.00000000099999999994 0.00000000099999999994 0.27633306651040007162 0.00000000099999999994 0.00000000099999999994 0.00000000099999999994 0.06878094596623678114 0.65488597952336313757 0.00000000099999999994 0.00000000099999999994 
0.00000000099999999994 0.00000000099999999994 0.20514202074645679352 0.21336053662225751282 0.00000000099999999994 0.25682228926635636279 0.00000000099999999994 0.13559720305661904227 0.18662436896389672514 0.00245357634441360425 0.00000000099999999994 
0.00000000099999999988 0.00000000099999999988 0.00000000099999999988 0.00000000099999999988 0.00000000099999999988 0.99999999000000006077 0.00000000099999999988 0.00000000099999999988 0.00000000099999999988 0.00000000099999999988 0.00000000099999999988 
0.00936140156929997358 0.00000000099999999997 0.14899403987994724874 0.16174284862928137163 0.26010087301544670968 0.00000000099999999997 0.00000000099999999997 0.05254819628956521049 0.34601915565125479501 0.00000000099999999997 0.02123348096520479358 
0.00000000099999999997 0.00000000099999999997 0.16298132864829442679 0.16411992992833362992 0.19288448072049840798 0.18920548630759131958 0.00000000099999999997 0.03350362125744738018 0.16650777437375885448 0.00000000099999999997 0.09079737476407612196 
0.00103743339130933990 0.00000000099999999999 0.20190275019280215507 0.07023192239440088913 0.25984827263487453308 0.00000000099999999999 0.00000000099999999999 0.06605938759282313499 0.36555922288578657220 0.00000000099999999999 0.03536100690800340896 
0.00000000099999999996 0.00000000099999999996 0.24312608576039385078 0.05601134959189805335 0.00000000099999999996 0.48640993171831048425 0.00000000099999999996 0.11033661264159302928 0.00087775337596820676 0.00000000099999999996 0.10323826191183646528 
0.00000000099999999996 0.00000000099999999996 0.13050117994986776271 0.16120021468833262146 0.23098096554620539678 0.22377687727521242134 0.00000000099999999996 0.18271741155144538560 0.05337105796280289249 0.00000000099999999996 0.01745228902613365010 
0.00000000099999999983 0.00000000099999999983 0.00000000099999999983 0.99999999000000006077 0.00000000099999999983 0.00000000099999999983 0.00000000099999999983 0.00000000099999999983 0.00000000099999999983 0.00000000099999999983 0.00000000099999999983 
0.00000000099999999991 0.00000000099999999991 0.00000000099999999991 0.00000000099999999991 0.00000000099999999991 0.00000000099999999991 0.00000000099999999991 0.00000000099999999991 0.00000000099999999991 0.99999998999999994975 0.00000000099999999991 
0.00000000099999999996 0.00000000099999999996 0.00000000099999999996 0.00000000099999999996 0.00000000099999999996 0.00000000178775712980 0.00000000099999999996 0.00054541681055138346 0.00000000099999999996 0.99945457340169141514 0.00000000099999999996 
0.00000000099999999946 0.99999999000000028282 0.00000000099999999946 0.00000000099999999946 0.00000000099999999946 0.00000000099999999946 0.00000000099999999946 0.00000000099999999946 0.00000000099999999946 0.00000000099999999946 0.00000000099999999946 
0.99999999000000017180 0.00000000099999999948 0.00000000099999999948 0.00000000099999999948 0.00000000099999999948 0.00000000099999999948 0.00000000099999999948 0.00000000099999999948 0.00000000099999999948 0.00000000099999999948 0.00000000099999999948 
0.03343276133961400887 0.00000000099999999998 0.00000000099999999998 0.00000000099999999998 0.00000000099999999998 0.00000000099999999998 0.00000000099999999998 0.02526538143060535341 0.00000000099999999998 0.88204579333008281683 0.05925605689969781070 
0.00000000099999999994 0.00000000099999999994 0.00000000099999999994 0.00000000099999999994 0.62922982137268479441 0.00000000099999999994 0.00000000099999999994 0.00000000099999999994 0.37077016962731546013 0.00000000099999999994 0.00000000099999999994 
0.00000000099999999972 0.00000000099999999972 0.00000000099999999972 0.00000000099999999972 0.00000000099999999972 0.00000000099999999972 0.00000000099999999972 0.00000000099999999972 0.00000000099999999972 0.00000000099999999972 0.99999999000000006077 
0.00000000099999999994 0.00000000099999999994 0.00000000099999999994 0.00000000099999999994 0.00000000099999999994 0.00000000099999999994 0.00000000099999999994 0.04604515730298708309 0.00000000099999999994 0.95395483369701283838 0.00000000099999999994 
0.00000000099999999987 0.00000000099999999987 0.00000000099999999987 0.00000000099999999987 0.99999999000000006077 0.00000000099999999987 0.00000000099999999987 0.00000000099999999987 0.00000000099999999987 0.00000000099999999987 0.00000000099999999987 
0.00000000099999999986 0.00000000099999999986 0.00000000099999999986 0.00000000099999999986 0.99999999000000006077 0.00000000099999999986 0.00000000099999999986 0.00000000099999999986 0.00000000099999999986 0.00000000099999999986 0.00000000099999999986 
0.00000000099999999995 0.00000000099999999995 0.41781421538174273733 0.00000000099999999995 0.00000000099999999995 0.00000000227348083964 0.00000000099999999995 0.00000000099999999995 0.57799380410875000891 0.00000000099999999995 0.00419197123602626631 
0.00000000099999999937 0.99999999000000028282 0.00000000099999999937 0.00000000099999999937 0.00000000099999999937 0.00000000099999999937 0.00000000099999999937 0.00000000099999999937 0.00000000099999999937 0.00000000099999999937 0.00000000099999999937 
0.00000000099999999948 0.34538597740080306808 0.00000000099999999948 0.00000000099999999948 0.00000000099999999948 0.00000000099999999948 0.65461401359919679788 0.00000000099999999948 0.00000000099999999948 0.00000000099999999948 0.00000000099999999948 
0.00000000099999999929 0.99999999000000017180 0.00000000099999999929 0.00000000099999999929 0.00000000099999999929 0.00000000099999999929 0.00000000099999999929 0.00000000099999999929 0.00000000099999999929 0.00000000099999999929 0.00000000099999999929 
0.00000000099999999942 0.54230783354262313001 0.00000000099999999942 0.00000000099999999942 0.00000000099999999942 0.00000000099999999942 0.45769215745737718004 0.00000000099999999942 0.00000000099999999942 0.00000000099999999942 0.00000000099999999942 
0.00000000099999999936 0.00000000099999999936 0.00000000099999999936 0.00000000099999999936 0.00000000099999999936 0.00000000099999999936 0.99999998999999994975 0.00000000099999999936 0.00000000099999999936 0.00000000099999999936 0.00000000099999999936 
0.00000000099999999995 0.00000000099999999995 0.00000000099999999995 0.00000000099999999995 0.00000000099999999995 0.00000000099999999995 0.00000000099999999995 0.00000000099999999995 0.00000000099999999995 0.99999998999999994975 0.00000000099999999995 
0.00000000235052951558 0.00000000099999999999 0.27518186859602483674 0.19909151060396265698 0.16087940912744627675 0.00000000099999999999 0.00000000099999999999 0.00061712372025190046 0.36423008060178480028 0.00000000099999999999 0.00000000099999999999 
0.00000000099999999943 0.40543480574741325162 0.00000000099999999943 0.00000000099999999943 0.00000000099999999943 0.00000000099999999943 0.59456518525258661434 0.00000000099999999943 0.00000000099999999943 0.00000000099999999943 0.00000000099999999943 
0.00000000099999999939 0.99999999000000017180 0.00000000099999999939 0.00000000099999999939 0.00000000099999999939 0.00000000099999999939 0.00000000099999999939 0.00000000099999999939 0.00000000099999999939 0.00000000099999999939 0.00000000099999999939 
0.99999999000000028282 0.00000000099999999945 0.00000000099999999945 0.00000000099999999945 0.00000000099999999945 0.00000000099999999945 0.00000000099999999945 0.00000000099999999945 0.00000000099999999945 0.00000000099999999945 0.00000000099999999945 
0.99999999000000017180 0.00000000099999999946 0.00000000099999999946 0.00000000099999999946 0.00000000099999999946 0.00000000099999999946 0.00000000099999999946 0.00000000099999999946 0.00000000099999999946 0.00000000099999999946 0.00000000099999999946 
0.00000000099999999984 0.00000000099999999984 0.99999999000000017180 0.00000000099999999984 0.00000000099999999984 0.00000000099999999984 0.00000000099999999984 0.00000000099999999984 0.00000000099999999984 0.00000000099999999984 0.00000000099999999984 
0.00000000099999999938 0.00000000099999999938 0.00000000099999999938 0.00000000099999999938 0.00000000099999999938 0.00000000099999999938 0.99999998999999994975 0.00000000099999999938 0.00000000099999999938 0.00000000099999999938 0.00000000099999999938 
0.00000000099999999992 0.00000000099999999992 0.00000000099999999992 0.00000000099999999992 0.77284158143017844811 0.00000000099999999992 0.00000000099999999992 0.22715840956982172316 0.00000000099999999992 0.00000000099999999992 0.00000000099999999992 
0.00000000099999999994 0.00000000099999999994 0.56405900183024015870 0.00000000099999999994 0.43594098916975992930 0.00000000099999999994 0.00000000099999999994 0.00000000099999999994 0.00000000099999999994 0.00000000099999999994 0.00000000099999999994 
0.00000000099999999994 0.00000000099999999994 0.00000000099999999994 0.07159640796448742128 0.00000000099999999994 0.00000000099999999994 0.00000000099999999994 0.00000000099999999994 0.00000000099999999994 0.92840358303551251407 0.00000000099999999994 
0.00000000099999999996 0.00000000099999999996 0.00000000099999999996 0.37069134934598235720 0.39016066957543538152 0.00000000099999999996 0.00000000099999999996 0.00000000099999999996 0.23914797307858229325 0.00000000099999999996 0.00000000099999999996 
