0.00000000099999999995 0.00000000099999999995 0.00000000099999999995 0.00000000099999999995 0.00000000099999999995 0.99999999500000003039 
0.00000000099999999995 0.99999999500000014141 0.00000000099999999995 0.00000000099999999995 0.00000000099999999995 0.00000000099999999995 
0.00000000099999999995 0.99999999500000003039 0.00000000099999999995 0.00000000099999999995 0.00000000099999999995 0.00000000099999999995 
0.00000000099999999999 0.03675847954829526004 0.16686335471008323372 0.54649916070625592646 0.00000000099999999999 0.24987900303536564328 
0.00000000100000000000 0.00000000100000000000 0.33816209782448186649 0.32246584240262937682 0.00628819453505368407 0.33308386323783512051 
0.00000000099999999999 0.01884507115472867575 0.32744214992272402398 0.29065607226202361257 0.00063343241121328778 0.36242327324931061794 
0.00000000099999999996 0.99999999500000014141 0.00000000099999999996 0.00000000099999999996 0.00000000099999999996 0.00000000099999999996 
0.00000000099999999994 0.99999999500000003039 0.00000000099999999994 0.00000000099999999994 0.00000000099999999994 0.00000000099999999994 
0.00000000099999999999 0.00004530876521793654 0.29221890422828206146 0.69767389492976594756 0.01006189007673413856 0.00000000099999999999 
0.00000000099999999995 0.99999999500000014141 0.00000000099999999995 0.00000000099999999995 0.00000000099999999995 0.00000000099999999995 
0.00000000100000000000 0.01053927400368561383 0.15800709431773690694 0.49002589446953509489 0.00794756444651533583 0.33348017176252708893 
0.00000000099999999999 0.01116121550114896645 0.13327126668362573869 0.41835924729777734798 0.00369579318741467986 0.43351247633003325843 
0.00000000099999999999 0.00000000099999999999 0.33856517600850200012 0.66142257389152059321 0.00001224709997744688 0.00000000099999999999 
0.00000000099999999999 0.00000402563939664950 0.17150827786943603770 0.47642935204283209938 0.01441665490431820636 0.33764168854401682696 
0.00000000099999999993 0.00000000099999999993 0.00000000099999999993 0.00000000099999999993 0.00000000099999999993 0.99999999499999991937 
0.00000000099999999999 0.05161565848115793470 0.24257237514961724201 0.35781837336194127763 0.02753222314491179934 0.32046136886237164276 
0.00000000099999999998 0.00000000099999999998 0.00000000099999999998 0.48172647581526084615 0.00000000099999999998 0.51827352018473904494 
0.00442622646217341945 0.00000000099999999999 0.34614744876019287734 0.45780802221019700760 0.00166673679906135272 0.18995156476837543602 
0.00758142189476361354 0.00000000100000000000 0.30206464643109204316 0.41474783430906386750 0.00513297888209713910 0.27047311748298319412 
0.00000000099999999997 0.00000000099999999997 0.36923784236149526095 0.00000000099999999997 0.00000000099999999997 0.63076215363850463014 
0.00000000099999999998 0.00000000099999999998 0.00000000099999999998 0.99999999500000003039 0.00000000099999999998 0.00000000099999999998 
0.00000000099999999997 0.97555008208336702058 0.00000000099999999997 0.00000000099999999997 0.00000000099999999997 0.02444991391663311683 
0.00000000099999999999 0.02075246218875104534 0.25739263877287132942 0.36342102988947039277 0.00000000099999999999 0.35843386714890740352 
0.00000000099999999989 0.00000000099999999989 0.99999999500000003039 0.00000000099999999989 0.00000000099999999989 0.00000000099999999989 
0.00000000099999999997 0.01013890326556838098 0.41896385050238749148 0.00000049211548908916 0.00000000099999999997 0.57089675211655499520 
0.00000000099999999999 0.00000000099999999999 0.22788574572505565508 0.39361568543521413543 0.00000000099999999999 0.37849856583973012780 
0.00000000099999999978 0.00000000099999999978 0.00000000099999999978 0.00000000099999999978 0.99999999499999991937 0.00000000099999999978 
0.00000000099999999975 0.00000000099999999975 0.00000000099999999975 0.00000000099999999975 0.99999999499999991937 0.00000000099999999975 
0.00000000100000000000 0.00000000100000000000 0.32200303180859107810 0.28611425326591771734 0.00437780995938807059 0.38750490296610301533 
0.00000000099999999995 0.00000000099999999995 0.00000000099999999995 0.99999999500000003039 0.00000000099999999995 0.00000000099999999995 
0.00000000099999999999 0.01809471908460763556 0.20726365294310386544 0.40789624502229082648 0.00000000099999999999 0.36674538094999770133 
0.00000000099999999996 0.96363456589184903756 0.03636543010815098537 0.00000000099999999996 0.00000000099999999996 0.00000000099999999996 
0.00000000099999999993 0.17856825877651449908 0.46546282105033509602 0.00000000099999999993 0.35596891717315021220 0.00000000099999999993 
0.00000000099999999995 0.00000000099999999995 0.00000000099999999995 0.99999999499999991937 0.00000000099999999995 0.00000000099999999995 
0.99999999500000003039 0.00000000099999999975 0.00000000099999999975 0.00000000099999999975 0.00000000099999999975 0.00000000099999999975 
0.99999999500000014141 0.00000000099999999968 0.00000000099999999968 0.00000000099999999968 0.00000000099999999968 0.00000000099999999968 
0.99999999500000014141 0.00000000099999999969 0.00000000099999999969 0.00000000099999999969 0.00000000099999999969 0.00000000099999999969 
0.00000000099999999979 0.00000000099999999979 0.00000000099999999979 0.00000000099999999979 0.99999999500000003039 0.00000000099999999979 
0.00000000099999999976 0.00000000099999999976 0.00000000099999999976 0.00000000099999999976 0.99999999500000003039 0.00000000099999999976 
0.00000000099999999999 0.00000000099999999999 0.31156064073543010551 0.33541842489200096589 0.00000000099999999999 0.35302093137256906896 
0.00000000099999999997 0.99999999500000003039 0.00000000099999999997 0.00000000099999999997 0.00000000099999999997 0.00000000099999999997 
0.00000000099999999977 0.00000000099999999977 0.00000000099999999977 0.00000000099999999977 0.99999999499999991937 0.00000000099999999977 
0.00000000099999999999 0.01716935332487043789 0.27472836992106564047 0.32630040809220162146 0.00652486360369403714 0.37527700405816821760 
0.00000000099999999995 0.99999999500000003039 0.00000000099999999995 0.00000000099999999995 0.00000000099999999995 0.00000000099999999995 
0.00000000099999999980 0.00000000099999999980 0.00000000099999999980 0.00000000099999999980 0.99999999499999991937 0.00000000099999999980 
0.00000000099999999999 0.01093117597703040234 0.13962671061373951864 0.54927335417463551970 0.00382183247186537733 0.29634692576272919640 
0.00000000099999999978 0.00000000099999999978 0.00000000099999999978 0.00000000099999999978 0.99999999500000003039 0.00000000099999999978 
0.00000000099999999996 0.99999999500000003039 0.00000000099999999996 0.00000000099999999996 0.00000000099999999996 0.00000000099999999996 
0.00000000099999999993 0.99999999500000014141 0.00000000099999999993 0.00000000099999999993 0.00000000099999999993 0.00000000099999999993 
0.00000000099999999975 0.00000000099999999975 0.00000000099999999975 0.00000000099999999975 0.99999999499999991937 0.00000000099999999975 
0.00000000099999999977 0.00000000099999999977 0.00000000099999999977 0.00000000099999999977 0.99999999499999991937 0.00000000099999999977 
0.00000000099999999996 0.99999999500000014141 0.00000000099999999996 0.00000000099999999996 0.00000000099999999996 0.00000000099999999996 
0.00000000099999999996 0.99999999500000014141 0.00000000099999999996 0.00000000099999999996 0.00000000099999999996 0.00000000099999999996 
0.00000000099999999997 0.99999764253408740533 0.00000235346591261806 0.00000000099999999997 0.00000000099999999997 0.00000000099999999997 
0.00000000099999999981 0.00000000099999999981 0.00000000099999999981 0.00000000099999999981 0.99999999500000003039 0.00000000099999999981 
0.00000000100000000000 0.03924849933917789330 0.31804051537210964451 0.35511691074222073716 0.01400327679547907697 0.27359079675101272144 
0.00000000100000000000 0.00000000100000000000 0.31361015077146336960 0.33548537750424045623 0.02420700156515407861 0.32669746815914219029 
0.00000000099999999992 0.00000000099999999992 0.00000000099999999992 0.00000000099999999992 0.00000000099999999992 0.99999999500000003039 
0.00000000099999999999 0.01015554251607586785 0.13755821455261349473 0.57367632245711963623 0.00000000099999999999 0.27860991847419103173 
0.00000000099999999995 0.99999999500000014141 0.00000000099999999995 0.00000000099999999995 0.00000000099999999995 0.00000000099999999995 
0.00000000099999999997 0.00000000099999999997 0.00000000099999999997 0.99999999499999991937 0.00000000099999999997 0.00000000099999999997 
0.99999999500000014141 0.00000000099999999973 0.00000000099999999973 0.00000000099999999973 0.00000000099999999973 0.00000000099999999973 
0.00000000099999999992 0.00000000099999999992 0.99999999500000003039 0.00000000099999999992 0.00000000099999999992 0.00000000099999999992 
0.99999999500000003039 0.00000000099999999973 0.00000000099999999973 0.00000000099999999973 0.00000000099999999973 0.00000000099999999973 
0.00000000099999999999 0.03118012382338125610 0.30354684892391431417 0.66527302252797815285 0.00000000099999999999 0.00000000272472627990 
0.99999999500000003039 0.00000000099999999974 0.00000000099999999974 0.00000000099999999974 0.00000000099999999974 0.00000000099999999974 
0.00000000099999999999 0.00371071038680563080 0.25564089661893318883 0.34522634511552213743 0.00000551992810592217 0.39541652695063322920 
0.00000000100000000000 0.00094245507309852422 0.24780142716071046349 0.34440912927268146904 0.00248312158642518752 0.40436386590708428557 
0.00000000099999999994 0.99999999500000014141 0.00000000099999999994 0.00000000099999999994 0.00000000099999999994 0.00000000099999999994 
0.00000000099999999997 0.00000000099999999997 0.22018829135209022629 0.46839514328041775837 0.00000000099999999997 0.31141656236749198916 
0.99999999500000003039 0.00000000099999999974 0.00000000099999999974 0.00000000099999999974 0.00000000099999999974 0.00000000099999999974 
0.99999999500000003039 0.00000000099999999976 0.00000000099999999976 0.00000000099999999976 0.00000000099999999976 0.00000000099999999976 
0.00000000099999999999 0.07899092932987367144 0.19290489080769734898 0.29062741256736246420 0.00547415832132459954 0.43200260797374206989 
0.00000000099999999994 0.99999999500000003039 0.00000000099999999994 0.00000000099999999994 0.00000000099999999994 0.00000000099999999994 
0.00000000099999999982 0.00000000099999999982 0.00000000099999999982 0.00000000099999999982 0.99999999500000003039 0.00000000099999999982 
0.00000000099999999995 0.99999999500000014141 0.00000000099999999995 0.00000000099999999995 0.00000000099999999995 0.00000000099999999995 
0.00000000099999999999 0.03047936240829659041 0.26494438059571751021 0.36742397043957175651 0.00000000099999999999 0.33715228455641427230 
0.99999999500000003039 0.00000000099999999971 0.00000000099999999971 0.00000000099999999971 0.00000000099999999971 0.00000000099999999971 
0.00000000099999999973 0.00000000099999999973 0.00000000099999999973 0.00000000099999999973 0.99999999500000003039 0.00000000099999999973 
0.99999999500000014141 0.00000000099999999978 0.00000000099999999978 0.00000000099999999978 0.00000000099999999978 0.00000000099999999978 
0.00190435450307617363 0.00000000100000000000 0.32736312802790118459 0.36998287800801143987 0.01562937656615887017 0.28512026189485217831 
0.00000000099999999993 0.99999999500000014141 0.00000000099999999993 0.00000000099999999993 0.00000000099999999993 0.00000000099999999993 
0.00000000099999999994 0.99999999500000003039 0.00000000099999999994 0.00000000099999999994 0.00000000099999999994 0.00000000099999999994 
0.00000000099999999999 0.22593309074440096063 0.21172965991011571951 0.29896493393720657838 0.00019869166933817568 0.26317362273893840641 
0.00000000100000000000 0.00081639084300154526 0.25594471599259860373 0.36982833779940521568 0.02028959300875292013 0.35312096135624176929 
0.00000000099999999992 0.00000000099999999992 0.00000000099999999992 0.00000000099999999992 0.00000000099999999992 0.99999999499999991937 
0.00000000099999999999 0.01666445627104065630 0.36081465288784003720 0.45314705720566783587 0.00000000099999999999 0.16937383163545161047 
0.00000000099999999999 0.00000000099999999999 0.38609886883689908954 0.34314380372125508067 0.00000000099999999999 0.27075732444184580361 
0.00000000099999999997 0.00000000099999999997 0.00000076182800405814 0.68083177785997139875 0.00000000099999999997 0.31916745731202472713 
0.00000000099999999998 0.00000001824660420250 0.42311141658492068540 0.31675028067486415972 0.00000000099999999998 0.26013828249361103939 
0.00000000099999999999 0.00678344228173194137 0.32138440323275463406 0.43926005917161231595 0.00535212977569228879 0.22721996453820866857 
0.00000000099999999998 0.03304026098058541333 0.18523149537601577008 0.78172824064339885286 0.00000000099999999998 0.00000000099999999998 
0.00000000099999999996 0.99999999500000003039 0.00000000099999999996 0.00000000099999999996 0.00000000099999999996 0.00000000099999999996 
0.00000000099999999998 0.98065208951133397974 0.01934790648866608481 0.00000000099999999998 0.00000000099999999998 0.00000000099999999998 
0.99999999500000003039 0.00000000099999999984 0.00000000099999999984 0.00000000099999999984 0.00000000099999999984 0.00000000099999999984 
0.00000000099999999997 0.99999999500000014141 0.00000000099999999997 0.00000000099999999997 0.00000000099999999997 0.00000000099999999997 
0.00000000099999999998 0.99477064017831851039 0.00000000099999999998 0.00000000099999999998 0.00000000099999999998 0.00522935582168157758 
0.00000000099999999999 0.01606466525248570476 0.34429158803099862984 0.40121750737480238458 0.00392500209910998880 0.23450123624260321709 
0.99999999500000003039 0.00000000099999999968 0.00000000099999999968 0.00000000099999999968 0.00000000099999999968 0.00000000099999999968 
0.00000000099999999999 0.00000000099999999999 0.29030998804065849539 0.40294185486437217314 0.00157726889235646145 0.30517088620261278997 
0.00000000099999999993 0.00000000099999999993 0.99999999499999991937 0.00000000099999999993 0.00000000099999999993 0.00000000099999999993 
0.00000000100000000000 0.00000000100000000000 0.26949305411216778472 0.25761452756730124358 0.00041722468778758524 0.47247519163274326326 
0.00000000100000000000 0.01687897218886741726 0.30666639579868404386 0.36153805133924826753 0.00197877736289550805 0.31293780231030482453 
0.00000000099999999992 0.00000000099999999992 0.99999999500000003039 0.00000000099999999992 0.00000000099999999992 0.00000000099999999992 
0.00000000099999999997 0.00000005413213384694 0.00000000099999999997 0.99999994186786611561 0.00000000099999999997 0.00000000099999999997 
0.00000000099999999999 0.00000000099999999999 0.36762924399047075541 0.15934076585993717234 0.00000000099999999999 0.47302998714959210158 
0.00000000099999999999 0.00207625445082215568 0.00010746832972701861 0.70212080282937006093 0.00174258333530679797 0.29395289005477392985 
0.00000000100000000000 0.00001849259433578021 0.23501269338050656543 0.73313520441985680076 0.03182946536329870485 0.00000414324200224094 
0.00000000099999999994 0.00000000099999999994 0.99999999499999991937 0.00000000099999999994 0.00000000099999999994 0.00000000099999999994 
0.00000000099999999998 0.00000000099999999998 0.17363587747710171327 0.49267272880892909459 0.00000000099999999998 0.33369139071396924923 
0.00000000099999999996 0.00000000099999999996 0.99999999499999991937 0.00000000099999999996 0.00000000099999999996 0.00000000099999999996 
0.00000000099999999997 0.00000000099999999997 0.44328073008839918856 0.00000000099999999997 0.00000000099999999997 0.55671926591160070252 
0.00000000099999999999 0.00011351123877446041 0.19878870205498319623 0.38313753580850690161 0.00000000099999999999 0.41796024889773542021 
0.00000000099999999998 0.00000000099999999998 0.36900294008304324045 0.63099705591695676166 0.00000000099999999998 0.00000000099999999998 
0.00000000099999999996 0.00000000099999999996 0.00000000099999999996 0.99999999500000003039 0.00000000099999999996 0.00000000099999999996 
0.00000000099999999999 0.00528899326180251161 0.25500974090013589501 0.32983054859287858074 0.00148960715933387877 0.40838110908584912551 
0.00000000099999999999 0.03368548204679459174 0.25518024345758938409 0.44721891976561922721 0.00000000099999999999 0.26391535272999683270 
0.00000000099999999999 0.00000000099999999999 0.15603232902104471891 0.65685653179247105449 0.00000000099999999999 0.18711113618648436696 
0.00000000099999999999 0.01763571168570449502 0.28847548230827890769 0.35372152513845944721 0.00000000099999999999 0.34016727886755721011 
0.06687887890678291536 0.01938571342036638986 0.34800689067704082547 0.40128027579026970262 0.00892316060012410088 0.15552508060541606061 
0.00000000099999999996 0.00000000099999999996 0.26136918097044575804 0.00000000099999999996 0.00000000099999999996 0.73863081502955418856 
0.00000000099999999997 0.00118518126132694315 0.48648935117134184392 0.00000000099999999997 0.00000000099999999997 0.51232546456733119022 
0.00000000099999999998 0.01649096982032116632 0.17493692949698622097 0.43668612849997617831 0.00000000099999999998 0.37188597018271640771 
0.00000000099999999999 0.00000000099999999999 0.19629243987348324318 0.54538364201901801120 0.01327338697439817312 0.24505052913310054752 
0.00000000099999999998 0.00514454380119985007 0.26299962739455651217 0.61242945083334732193 0.00000000099999999998 0.11942637597089636459 
0.00000000099999999998 0.00000000099999999998 0.00000000099999999998 0.99999999499999991937 0.00000000099999999998 0.00000000099999999998 
0.00000000099999999999 0.00578694149773984357 0.34884959281258276498 0.47397789871288975583 0.00605187195992075867 0.16533369401686687228 
0.00000000099999999998 0.00000000099999999998 0.12836550905742674655 0.53368558735949267469 0.00000000099999999998 0.33794890058308052483 
0.00000000099999999997 0.02809831918451020233 0.10270415974280815152 0.52504264263850264349 0.00000000099999999997 0.34415487643417896901 
0.00000000099999999995 0.99999999500000003039 0.00000000099999999995 0.00000000099999999995 0.00000000099999999995 0.00000000099999999995 
0.00000000099999999998 0.99999999500000014141 0.00000000099999999998 0.00000000099999999998 0.00000000099999999998 0.00000000099999999998 
0.99999999500000014141 0.00000000099999999979 0.00000000099999999979 0.00000000099999999979 0.00000000099999999979 0.00000000099999999979 
0.00000000099999999974 0.00000000099999999974 0.00000000099999999974 0.00000000099999999974 0.99999999499999991937 0.00000000099999999974 
0.00000000099999999999 0.88520630605439354355 0.08001014668009369391 0.00000000099999999999 0.03478354426551272943 0.00000000099999999999 
0.00000000099999999998 0.00550056688717203215 0.40585378047984438377 0.28342280853369994364 0.00000000099999999998 0.30522284209928357557 
0.00000000100000000000 0.02145346709885095904 0.33123615027105179909 0.47402565293806253610 0.00039922203705525288 0.17288550665497950942 
0.00000000099999999998 0.99580009841014893723 0.00000000099999999998 0.00000000099999999998 0.00419989758985111431 0.00000000099999999998 
0.00000000099999999999 0.00947469787249872498 0.23251132880582392470 0.42451108187301367369 0.00000000099999999999 0.33350288944866374186 
0.00000000099999999998 0.00000000099999999998 0.00000057756758048130 0.69209710015311043385 0.00794682919607227721 0.29995549108323688037 
0.00000000099999999995 0.00000000099999999995 0.00000000099999999995 0.99999999499999991937 0.00000000099999999995 0.00000000099999999995 
0.99999999500000003039 0.00000000099999999972 0.00000000099999999972 0.00000000099999999972 0.00000000099999999972 0.00000000099999999972 
0.99999999500000003039 0.00000000099999999974 0.00000000099999999974 0.00000000099999999974 0.00000000099999999974 0.00000000099999999974 
0.99999999500000014141 0.00000000099999999968 0.00000000099999999968 0.00000000099999999968 0.00000000099999999968 0.00000000099999999968 
0.99999999500000014141 0.00000000099999999969 0.00000000099999999969 0.00000000099999999969 0.00000000099999999969 0.00000000099999999969 
0.99999999500000014141 0.00000000099999999970 0.00000000099999999970 0.00000000099999999970 0.00000000099999999970 0.00000000099999999970 
0.00000000099999999998 0.99999999500000014141 0.00000000099999999998 0.00000000099999999998 0.00000000099999999998 0.00000000099999999998 
0.00000000099999999999 0.00000000099999999999 0.17164747270069943830 0.60726960982622535390 0.00678430658540147332 0.21429860888767371385 
0.99999999500000003039 0.00000000099999999970 0.00000000099999999970 0.00000000099999999970 0.00000000099999999970 0.00000000099999999970 
0.99999999500000014141 0.00000000099999999974 0.00000000099999999974 0.00000000099999999974 0.00000000099999999974 0.00000000099999999974 
0.00000000099999999973 0.00000000099999999973 0.00000000099999999973 0.00000000099999999973 0.99999999499999991937 0.00000000099999999973 
0.00000000099999999973 0.00000000099999999973 0.00000000099999999973 0.00000000099999999973 0.99999999500000003039 0.00000000099999999973 
0.00000000099999999998 0.00000000099999999998 0.21292029017870764407 0.39016810529787526729 0.00000000099999999998 0.39691160152341720124 
0.99999999500000014141 0.00000000099999999972 0.00000000099999999972 0.00000000099999999972 0.00000000099999999972 0.00000000099999999972 
0.00000000099999999999 0.00692092804563067179 0.37030039240652867782 0.26033908675941497268 0.00000000099999999999 0.36243959078842558075 
0.00000000099999999998 0.00000000099999999998 0.19711104532650103316 0.51450407553387034199 0.00000000099999999998 0.28838487613962865419 
0.00000000099999999997 0.94019393312117627293 0.00000000099999999997 0.00000000099999999997 0.00000000099999999997 0.05980606287882398592 
0.00000000099999999998 0.00584889919921001943 0.30888500603142782230 0.49204758964243200392 0.00000000099999999998 0.19321850312693028551 
0.00000000099999999993 0.99999999500000003039 0.00000000099999999993 0.00000000099999999993 0.00000000099999999993 0.00000000099999999993 
0.00000000099999999998 0.00000000099999999998 0.37643184912589705560 0.00000000099999999998 0.00000000099999999998 0.62356814687410289100 
0.00000000099999999994 0.99999999500000003039 0.00000000099999999994 0.00000000099999999994 0.00000000099999999994 0.00000000099999999994 
0.00000000099999999999 0.00358365027180434711 0.24213323862150054611 0.35003933273247567204 0.01417890422568435053 0.39006487314853499626 
0.00000000099999999999 0.00000000099999999999 0.18518740633750210844 0.56915717155818368322 0.01019301026162577027 0.23546240984268854146 
0.99999999500000003039 0.00000000099999999974 0.00000000099999999974 0.00000000099999999974 0.00000000099999999974 0.00000000099999999974 
0.00000000099999999995 0.99999999500000014141 0.00000000099999999995 0.00000000099999999995 0.00000000099999999995 0.00000000099999999995 
0.99999999500000003039 0.00000000099999999970 0.00000000099999999970 0.00000000099999999970 0.00000000099999999970 0.00000000099999999970 
0.99999999500000003039 0.00000000099999999970 0.00000000099999999970 0.00000000099999999970 0.00000000099999999970 0.00000000099999999970 
0.00000000099999999997 0.00000000099999999997 0.00000000099999999997 0.99999999499999991937 0.00000000099999999997 0.00000000099999999997 
0.00000000099999999997 0.00000000099999999997 0.36505586417606222804 0.00000000099999999997 0.00000000099999999997 0.63494413182393760753 
0.00000000099999999997 0.00000000099999999997 0.25505664033174901828 0.74494335566825098383 0.00000000099999999997 0.00000000099999999997 
0.00000000099999999999 0.00000000099999999999 0.34004688399497329243 0.31252849111962771600 0.00000020667170862213 0.34742441621369024585 
0.00000000099999999999 0.00000000099999999999 0.27302865509219070850 0.23234237217208292270 0.00612683088891944044 0.48850213984680690427 
0.00000000099999999999 0.01018059794099992685 0.38061399953182833977 0.42166763865447282056 0.00300417249692568229 0.18453359037577332646 
0.00000000099999999997 0.00000000099999999997 0.47422618772834979062 0.00000000099999999997 0.00000000099999999997 0.52577380827165021149 
0.00000000099999999997 0.98341733757073102051 0.00000000099999999997 0.01658265842926900588 0.00000000099999999997 0.00000000099999999997 
0.00000000099999999998 0.00000000099999999998 0.15885547441536340685 0.67482547304354956186 0.00000000099999999998 0.16631904954108692185 
0.99999999500000014141 0.00000000099999999970 0.00000000099999999970 0.00000000099999999970 0.00000000099999999970 0.00000000099999999970 
0.00000000099999999999 0.00000000099999999999 0.29620126164524690493 0.34143699873552230128 0.00000000099999999999 0.36236173661923082312 
0.99999999500000003039 0.00000000099999999990 0.00000000099999999990 0.00000000099999999990 0.00000000099999999990 0.00000000099999999990 
0.99999999500000003039 0.00000000099999999974 0.00000000099999999974 0.00000000099999999974 0.00000000099999999974 0.00000000099999999974 
0.00000000099999999999 0.01665130753910866110 0.14994471457423352856 0.50268748273165897444 0.00000000099999999999 0.33071649315499884736 
0.00000000099999999999 0.00000000099999999999 0.32097207101713798316 0.67637935661982340196 0.00264856787739936725 0.00000000248563934394 
0.00000000099999999999 0.01087719083549450010 0.11290474695827991403 0.46165264773291120326 0.00000000099999999999 0.41456541247331440969 
0.99999999500000003039 0.00000000099999999977 0.00000000099999999977 0.00000000099999999977 0.00000000099999999977 0.00000000099999999977 
0.00000000099999999994 0.99999999500000014141 0.00000000099999999994 0.00000000099999999994 0.00000000099999999994 0.00000000099999999994 
0.00000000099999999994 0.99999999500000003039 0.00000000099999999994 0.00000000099999999994 0.00000000099999999994 0.00000000099999999994 
0.99999999500000003039 0.00000000099999999974 0.00000000099999999974 0.00000000099999999974 0.00000000099999999974 0.00000000099999999974 
0.00000000099999999999 0.00000000099999999999 0.00000000099999999999 0.60295370403197345865 0.00000000099999999999 0.39704629196802659896 
0.00000000099999999999 0.00630845624596789670 0.22462502400356570975 0.00000000099999999999 0.00000000099999999999 0.76906651675046633354 
0.99999999500000003039 0.00000000099999999975 0.00000000099999999975 0.00000000099999999975 0.00000000099999999975 0.00000000099999999975 
0.00000000099999999999 0.00000000099999999999 0.41770780689420716758 0.22578454798674368886 0.00255142652656103726 0.35395621659248804880 
0.00000000099999999993 0.99999999500000014141 0.00000000099999999993 0.00000000099999999993 0.00000000099999999993 0.00000000099999999993 
0.09102364385664456214 0.18239208365246575849 0.00000000099999999999 0.00000000099999999999 0.10449178075790367670 0.62209248973298603147 
0.00000000099999999999 0.02226840784179481489 0.35073895908032792779 0.46409452654290894724 0.00000000099999999999 0.16289810453496847420 
0.00000000099999999997 0.00000000099999999997 0.00000000099999999997 0.99999999500000003039 0.00000000099999999997 0.00000000099999999997 
0.00000000099999999999 0.00000000099999999999 0.16737728939254811755 0.64222271848380463322 0.01633724891085418934 0.17406274121279308176 
0.00000000099999999999 0.00000000099999999999 0.26184396869820975029 0.38780686810477260629 0.00726109024504836484 0.34308807095196924841 
0.00000000099999999999 0.00000000099999999999 0.21152430779284667195 0.44055135801782790983 0.00000002709426624253 0.34792430509505906100 
0.00000000099999999999 0.00000000099999999999 0.46335625059319685004 0.00001892848841271672 0.00000000099999999999 0.53662481791839045098 
0.00000000099999999993 0.00000000099999999993 0.99999999500000003039 0.00000000099999999993 0.00000000099999999993 0.00000000099999999993 
0.00000000099999999994 0.00000000099999999994 0.00000000099999999994 0.00000000099999999994 0.00000000099999999994 0.99999999500000003039 
0.00000000099999999996 0.99999999500000014141 0.00000000099999999996 0.00000000099999999996 0.00000000099999999996 0.00000000099999999996 
0.00000000099999999998 0.00000000099999999998 0.41510241037158618349 0.00000000099999999998 0.00000000099999999998 0.58489758562841376310 
0.00000000099999999998 0.00000000099999999998 0.48670036800230559448 0.00000245662841915467 0.00000000099999999998 0.51329717236927507873 
0.00000000099999999999 0.04616924183908825696 0.32492894738243505159 0.56888310011907672337 0.00000000099999999999 0.06001870865940007321 
0.00000000099999999998 0.00182525396638431219 0.41082801371010480018 0.58734672887114569573 0.00000000099999999998 0.00000000145236524461 
0.00000000099999999999 0.02373388902320355126 0.24801655591918539412 0.72824955089179554957 0.00000000099999999999 0.00000000216581548244 
0.00000000099999999997 0.00000000099999999997 0.32545974078048850453 0.67454025521951155309 0.00000000099999999997 0.00000000099999999997 
0.00000000099999999998 0.00000000099999999998 0.62076837460930700541 0.00000000099999999998 0.00000000099999999998 0.37923162139069288568 
0.00000000099999999997 0.98123207516104737902 0.00000000099999999997 0.01876792083895270982 0.00000000099999999997 0.00000000099999999997 
0.00000000099999999994 0.00000000099999999994 0.00000000099999999994 0.00000000099999999994 0.00000000099999999994 0.99999999499999991937 
0.00000000099999999999 0.00000000099999999999 0.28860948178443801559 0.70559054246433361435 0.00579997275122854598 0.00000000099999999999 
0.00692949928793104315 0.00001351439204456628 0.39285940765988358603 0.33338598054487511568 0.00000000100000000000 0.26681159711526564182 
0.00000000099999999997 0.99999999500000014141 0.00000000099999999997 0.00000000099999999997 0.00000000099999999997 0.00000000099999999997 
0.01824623569276874469 0.02179899809793195420 0.23176187439063974938 0.41267526317819858139 0.00000000100000000000 0.31551762764046104026 
0.00000000099999999999 0.00906013581861705823 0.29617983520720259083 0.69476002445958695564 0.00000000251459340004 0.00000000099999999999 
0.00000000099999999998 0.47761363020733660356 0.00000000099999999998 0.00000000099999999998 0.00296260316504292406 0.51942376362762043840 
0.00000000099999999997 0.00820715907256356486 0.42338949317006596695 0.56840334475737042119 0.00000000099999999997 0.00000000099999999997 
0.99999999500000014141 0.00000000099999999976 0.00000000099999999976 0.00000000099999999976 0.00000000099999999976 0.00000000099999999976 
0.00000000099999999999 0.01259624373825195438 0.18352237531833867634 0.40136349055705861089 0.01418013332887197234 0.38833775605747877790 
0.00000000099999999999 0.01842101058135058381 0.22132116333868392943 0.31395696008162293777 0.00000000099999999999 0.44630086399834256738 
