0.00000000099999999996 0.00000000099999999996 0.65571434072005829741 0.00000000099999999996 0.00000000099999999996 0.00000000099999999996 0.34428565227994184506 0.00000000099999999996 0.00000000099999999996 
0.00000000099999999993 0.99999999200000022626 0.00000000099999999993 0.00000000099999999993 0.00000000099999999993 0.00000000099999999993 0.00000000099999999993 0.00000000099999999993 0.00000000099999999993 
0.00000000099999999992 0.99999999200000011523 0.00000000099999999992 0.00000000099999999992 0.00000000099999999992 0.00000000099999999992 0.00000000099999999992 0.00000000099999999992 0.00000000099999999992 
0.05326373126548287346 0.02682837461854890859 0.25075884405637793861 0.00000000099999999998 0.00000000099999999998 0.00000000099999999998 0.09874408997909296659 0.29587296327196627166 0.27453199380853088307 
0.15414043419147621661 0.00000000099999999999 0.26128362351484868409 0.00000000099999999999 0.00000000099999999999 0.00000004585409039389 0.29213326732466887714 0.28526706780659488727 0.00717555830832089861 
0.04883862283506980317 0.00780610177430583578 0.31318253483008628990 0.00000000099999999997 0.00000000099999999997 0.00000000099999999997 0.00000000099999999997 0.15911934782696393609 0.47105338873357399665 
0.00000000099999999994 0.99999999200000022626 0.00000000099999999994 0.00000000099999999994 0.00000000099999999994 0.00000000099999999994 0.00000000099999999994 0.00000000099999999994 0.00000000099999999994 
0.00000000099999999990 0.99999999200000011523 0.00000000099999999990 0.00000000099999999990 0.00000000099999999990 0.00000000099999999990 0.00000000099999999990 0.00000000099999999990 0.00000000099999999990 
0.02257980013677613265 0.00000000099999999998 0.00000000099999999998 0.00000000099999999998 0.00000000099999999998 0.00928011657697531446 0.22481277387979828331 0.14168769128086144971 0.60163961412558886188 
0.00000000099999999993 0.99999999200000022626 0.00000000099999999993 0.00000000099999999993 0.00000000099999999993 0.00000000099999999993 0.00000000099999999993 0.00000000099999999993 0.00000000099999999993 
0.00000000099999999993 0.00000000099999999993 0.00000000099999999993 0.00000000099999999993 0.00000000099999999993 0.00000000099999999993 0.00000000099999999993 0.99999999200000000421 0.00000000099999999993 
0.10996290726959200013 0.00621515207839838137 0.16950865398912837168 0.00000000099999999997 0.00000000099999999997 0.00094742784581387514 0.13332451390693053628 0.38491576896724211121 0.19512557394289467561 
0.00000000099999999999 0.00000000099999999999 0.28131862885401220931 0.00000000099999999999 0.00000000099999999999 0.00000000099999999999 0.08217056150886334343 0.44132419712883735885 0.19518660750828689676 
0.04663013022250173112 0.00000000099999999999 0.26322569349219060442 0.00000000099999999999 0.00000000099999999999 0.00950310268655216867 0.00495774232791853110 0.28351897385328506118 0.39216435441755181923 
0.00000000099999999998 0.00000000099999999998 0.13193946898655953270 0.00000000099999999998 0.00000000099999999998 0.01153245638890929015 0.00000000099999999998 0.57225199592581776908 0.28427607369871349396 
0.09659075421103921477 0.04823026432840690769 0.08766923862639741660 0.00000000099999999999 0.00000000099999999999 0.02596415717452189853 0.19730803943497399189 0.21982532816272268295 0.32441221606193798577 
0.03325097366472618693 0.00000000099999999999 0.10269277197643943145 0.00000000099999999999 0.00000000099999999999 0.00000000099999999999 0.23487599924053711997 0.30744633662051290557 0.32173391449778443452 
0.09326425452648326453 0.00000000099999999998 0.00000000099999999998 0.00000000099999999998 0.00000000099999999998 0.00000000099999999998 0.31545762976595526084 0.00000000099999999998 0.59127810970756145004 
0.00003016245817939146 0.00000000100000000000 0.12137401504678482778 0.00000000100000000000 0.00000000100000000000 0.00198118812428797839 0.32154471728214994997 0.30670169024377602618 0.24836822384482176718 
0.00000000099999999990 0.00000000099999999990 0.00000000099999999990 0.00000000099999999990 0.00000000099999999990 0.00000000099999999990 0.99999999200000000421 0.00000000099999999990 0.00000000099999999990 
0.00000000099999999998 0.00000000099999999998 0.26056634080388785257 0.00000000099999999998 0.00000000099999999998 0.00000000099999999998 0.16843470796451068261 0.22801037935034026982 0.34298856688126094783 
0.00000000099999999995 0.99959537814075349882 0.00000000099999999995 0.00000000099999999995 0.00000000099999999995 0.00000000099999999995 0.00040408106545934940 0.00000000099999999995 0.00000053479378725946 
0.00000382731595650453 0.00000000099999999996 0.46865457129906545886 0.00000000099999999996 0.00000000099999999996 0.00000000099999999996 0.00000000099999999996 0.00000000099999999996 0.53134159538497782727 
0.99999999200000022626 0.00000000099999999959 0.00000000099999999959 0.00000000099999999959 0.00000000099999999959 0.00000000099999999959 0.00000000099999999959 0.00000000099999999959 0.00000000099999999959 
0.00000000099999999995 0.01183016303798826128 0.31366898746728683056 0.00000000099999999995 0.00000000099999999995 0.00000000099999999995 0.27674745102336356650 0.39775339347136123846 0.00000000099999999995 
0.07934726443637900306 0.00000000099999999997 0.44096498094917246924 0.00000000099999999997 0.00000000099999999997 0.00000000099999999997 0.11492676189481945692 0.36476098771962917056 0.00000000099999999997 
0.00000000099999999966 0.00000000099999999966 0.00000000099999999966 0.00000000099999999966 0.00000000099999999966 0.99999999200000011523 0.00000000099999999966 0.00000000099999999966 0.00000000099999999966 
0.00000000099999999962 0.00000000099999999962 0.00000000099999999962 0.00000000099999999962 0.00000000099999999962 0.99999999200000000421 0.00000000099999999962 0.00000000099999999962 0.00000000099999999962 
0.00013023029251617234 0.00000000099999999998 0.50995810594812029937 0.00000000099999999998 0.00000000099999999998 0.00000000099999999998 0.00000000099999999998 0.00005307067124486036 0.48985858808811877374 
0.00000000099999999996 0.00000000099999999996 0.00000000099999999996 0.00000000099999999996 0.00000000099999999996 0.00000000099999999996 0.00000000099999999996 0.48853265182655614129 0.51146734117344383463 
0.06250998123685089225 0.01289948843639560430 0.34195327416278531452 0.00000000099999999997 0.00000000099999999997 0.00000000099999999997 0.16303381106444386761 0.20772016986357419444 0.21188327223595002091 
0.17168270758011025534 0.82831728541988991488 0.00000000099999999986 0.00000000099999999986 0.00000000099999999986 0.00000000099999999986 0.00000000099999999986 0.00000000099999999986 0.00000000099999999986 
0.62885886163729798337 0.00000000099999999975 0.00000000099999999975 0.00000000099999999975 0.00000000099999999975 0.37114113136270210358 0.00000000099999999975 0.00000000099999999975 0.00000000099999999975 
0.00000003152024948202 0.00000000099999999997 0.07594720618941536161 0.00000000099999999997 0.00000000099999999997 0.00000000099999999997 0.29780263059105593904 0.20968961225206478316 0.41656051544721439672 
0.00000000099999999961 0.00000000099999999961 0.00000000099999999961 0.55945299471031884053 0.44054699828968124642 0.00000000099999999961 0.00000000099999999961 0.00000000099999999961 0.00000000099999999961 
0.00000000099999999948 0.00000000099999999948 0.00000000099999999948 0.00000000099999999948 0.99999999200000000421 0.00000000099999999948 0.00000000099999999948 0.00000000099999999948 0.00000000099999999948 
0.00000000099999999954 0.00000000099999999954 0.00000000099999999954 0.52894200201779051351 0.47105799098220951793 0.00000000099999999954 0.00000000099999999954 0.00000000099999999954 0.00000000099999999954 
0.00000000099999999968 0.00000000099999999968 0.00000000099999999968 0.00000000099999999968 0.00000000099999999968 0.99999999200000011523 0.00000000099999999968 0.00000000099999999968 0.00000000099999999968 
0.00000000099999999963 0.00000000099999999963 0.00000000099999999963 0.00000000099999999963 0.00000000099999999963 0.99999999200000000421 0.00000000099999999963 0.00000000099999999963 0.00000000099999999963 
0.00000000099999999994 0.00000000099999999994 0.42693852245709973392 0.00000000099999999994 0.00000000099999999994 0.00000000099999999994 0.57306147054290013099 0.00000000099999999994 0.00000000099999999994 
0.00000000099999999995 0.99999999200000022626 0.00000000099999999995 0.00000000099999999995 0.00000000099999999995 0.00000000099999999995 0.00000000099999999995 0.00000000099999999995 0.00000000099999999995 
0.00000000099999999965 0.00000000099999999965 0.00000000099999999965 0.00000000099999999965 0.00000000099999999965 0.99999999200000011523 0.00000000099999999965 0.00000000099999999965 0.00000000099999999965 
0.19358609566346215991 0.00000000099999999997 0.41179664756282080562 0.00000000099999999997 0.00000000099999999997 0.00000000099999999997 0.39461724385896673750 0.00000000099999999997 0.00000000791475040291 
0.00000000099999999991 0.99999999200000011523 0.00000000099999999991 0.00000000099999999991 0.00000000099999999991 0.00000000099999999991 0.00000000099999999991 0.00000000099999999991 0.00000000099999999991 
0.00000000099999999969 0.00000000099999999969 0.00000000099999999969 0.00000000099999999969 0.00000000099999999969 0.99999999200000000421 0.00000000099999999969 0.00000000099999999969 0.00000000099999999969 
0.06506975882682940193 0.00000000099999999997 0.00000000099999999997 0.00000000099999999997 0.00000000099999999997 0.00000282093405388366 0.00000000099999999997 0.55701601850037008035 0.37791139673874674099 
0.00000000099999999965 0.00000000099999999965 0.00000000099999999965 0.00000000099999999965 0.00000000099999999965 0.99999999200000000421 0.00000000099999999965 0.00000000099999999965 0.00000000099999999965 
0.00000000099999999993 0.99999999200000011523 0.00000000099999999993 0.00000000099999999993 0.00000000099999999993 0.00000000099999999993 0.00000000099999999993 0.00000000099999999993 0.00000000099999999993 
0.00000000099999999988 0.99999999200000011523 0.00000000099999999988 0.00000000099999999988 0.00000000099999999988 0.00000000099999999988 0.00000000099999999988 0.00000000099999999988 0.00000000099999999988 
0.00000000099999999960 0.00000000099999999960 0.00000000099999999960 0.00000000099999999960 0.00000000099999999960 0.99999999200000011523 0.00000000099999999960 0.00000000099999999960 0.00000000099999999960 
0.00000000099999999964 0.00000000099999999964 0.00000000099999999964 0.00000000099999999964 0.00000000099999999964 0.99999999200000000421 0.00000000099999999964 0.00000000099999999964 0.00000000099999999964 
0.00000000099999999993 0.99999999200000011523 0.00000000099999999993 0.00000000099999999993 0.00000000099999999993 0.00000000099999999993 0.00000000099999999993 0.00000000099999999993 0.00000000099999999993 
0.00000000099999999994 0.99999999200000022626 0.00000000099999999994 0.00000000099999999994 0.00000000099999999994 0.00000000099999999994 0.00000000099999999994 0.00000000099999999994 0.00000000099999999994 
0.00000000099999999995 0.99999999200000011523 0.00000000099999999995 0.00000000099999999995 0.00000000099999999995 0.00000000099999999995 0.00000000099999999995 0.00000000099999999995 0.00000000099999999995 
0.00000000099999999970 0.00000000099999999970 0.00000000099999999970 0.00000000099999999970 0.00000000099999999970 0.99999999200000011523 0.00000000099999999970 0.00000000099999999970 0.00000000099999999970 
0.00000000099999999994 0.00000000099999999994 0.00000000099999999994 0.00000000099999999994 0.00000000099999999994 0.00000000099999999994 0.00000000099999999994 0.00000000099999999994 0.99999999199999989319 
0.00000000099999999989 0.00000000099999999989 0.99999999200000000421 0.00000000099999999989 0.00000000099999999989 0.00000000099999999989 0.00000000099999999989 0.00000000099999999989 0.00000000099999999989 
0.00000000099999999990 0.00000000099999999990 0.00000000099999999990 0.00000000099999999990 0.00000000099999999990 0.00000000099999999990 0.00000000099999999990 0.99999999199999989319 0.00000000099999999990 
0.00000000099999999995 0.00000000099999999995 0.44162663540122742978 0.00000000099999999995 0.00000000099999999995 0.00000000099999999995 0.00000000099999999995 0.00000000099999999995 0.55837335759877237962 
0.00000000099999999992 0.99999999200000011523 0.00000000099999999992 0.00000000099999999992 0.00000000099999999992 0.00000000099999999992 0.00000000099999999992 0.00000000099999999992 0.00000000099999999992 
0.00000000099999999997 0.00000000099999999997 0.28903793898556612296 0.00000000099999999997 0.00000000099999999997 0.00000000099999999997 0.00002578206353364134 0.71093627295090022766 0.00000000099999999997 
0.00000000099999999961 0.00000000099999999961 0.00000000099999999961 0.31876132411107110931 0.68123866888892881111 0.00000000099999999961 0.00000000099999999961 0.00000000099999999961 0.00000000099999999961 
0.00000000099999999987 0.00000000099999999987 0.00000000099999999987 0.00000000099999999987 0.00000000099999999987 0.00000000099999999987 0.99999999200000000421 0.00000000099999999987 0.00000000099999999987 
0.00000000099999999955 0.00000000099999999955 0.00000000099999999955 0.00000000099999999955 0.99999999200000000421 0.00000000099999999955 0.00000000099999999955 0.00000000099999999955 0.00000000099999999955 
0.25252846451399341143 0.00000000099999999995 0.00000000099999999995 0.00000000099999999995 0.00000000099999999995 0.00000000099999999995 0.00000000099999999995 0.74747152848600628694 0.00000000099999999995 
0.00000000099999999949 0.00000000099999999949 0.00000000099999999949 0.99999999200000011523 0.00000000099999999949 0.00000000099999999949 0.00000000099999999949 0.00000000099999999949 0.00000000099999999949 
0.03586588473008876787 0.00081735941206128183 0.11038878960545202290 0.00000000099999999998 0.00000000099999999998 0.00000000099999999998 0.35825370054050248436 0.21687917715148519182 0.27779508556041021539 
0.08698728952130038716 0.00000000099999999997 0.00000000099999999997 0.00000000099999999997 0.00000000099999999997 0.00000000099999999997 0.41687091906267786934 0.49614178541602171890 0.00000000099999999997 
0.00000000099999999990 0.99999999200000011523 0.00000000099999999990 0.00000000099999999990 0.00000000099999999990 0.00000000099999999990 0.00000000099999999990 0.00000000099999999990 0.00000000099999999990 
0.00000000099999999989 0.00000000099999999989 0.00000000099999999989 0.00000000099999999989 0.00000000099999999989 0.00000000099999999989 0.00000000099999999989 0.00000000099999999989 0.99999999199999989319 
0.00000000099999999955 0.00000000099999999955 0.00000000099999999955 0.00000000099999999955 0.99999999200000011523 0.00000000099999999955 0.00000000099999999955 0.00000000099999999955 0.00000000099999999955 
0.00000000099999999949 0.00000000099999999949 0.00000000099999999949 0.99999999200000000421 0.00000000099999999949 0.00000000099999999949 0.00000000099999999949 0.00000000099999999949 0.00000000099999999949 
0.00000000164249536317 0.08083097380670642429 0.34310207669093029104 0.00000000099999999998 0.00000000099999999998 0.00304163923065025373 0.38338663242194243042 0.18963867320727514909 0.00000000099999999998 
0.00000000099999999991 0.99999999200000022626 0.00000000099999999991 0.00000000099999999991 0.00000000099999999991 0.00000000099999999991 0.00000000099999999991 0.00000000099999999991 0.00000000099999999991 
0.00000000099999999971 0.00000000099999999971 0.00000000099999999971 0.00000000099999999971 0.00000000099999999971 0.99999999200000000421 0.00000000099999999971 0.00000000099999999971 0.00000000099999999971 
0.00000000099999999992 0.99999999200000011523 0.00000000099999999992 0.00000000099999999992 0.00000000099999999992 0.00000000099999999992 0.00000000099999999992 0.00000000099999999992 0.00000000099999999992 
0.08845571301323375268 0.02126716382900495361 0.00000000099999999998 0.00000000099999999998 0.00000000099999999998 0.00000000099999999998 0.38892034063532532340 0.00000000099999999998 0.50135677752243601457 
0.00000000099999999953 0.00000000099999999953 0.00000000099999999953 0.00000000099999999953 0.99999999200000000421 0.00000000099999999953 0.00000000099999999953 0.00000000099999999953 0.00000000099999999953 
0.00000000099999999958 0.00000000099999999958 0.00000000099999999958 0.00000000099999999958 0.00000000099999999958 0.99999999200000011523 0.00000000099999999958 0.00000000099999999958 0.00000000099999999958 
0.00000000099999999961 0.00000000099999999961 0.00000000099999999961 0.00000000099999999961 0.99999999200000000421 0.00000000099999999961 0.00000000099999999961 0.00000000099999999961 0.00000000099999999961 
0.00000000099999999987 0.00000000099999999987 0.99999999200000000421 0.00000000099999999987 0.00000000099999999987 0.00000000099999999987 0.00000000099999999987 0.00000000099999999987 0.00000000099999999987 
0.00000000099999999989 0.99999999200000022626 0.00000000099999999989 0.00000000099999999989 0.00000000099999999989 0.00000000099999999989 0.00000000099999999989 0.00000000099999999989 0.00000000099999999989 
0.00000000099999999992 0.99999999200000011523 0.00000000099999999992 0.00000000099999999992 0.00000000099999999992 0.00000000099999999992 0.00000000099999999992 0.00000000099999999992 0.00000000099999999992 
0.16216131951734200078 0.21376891024959096543 0.00000000099999999997 0.00000000099999999997 0.00000000099999999997 0.00000000099999999997 0.17607412420690651822 0.15315356220907783147 0.29484207981708265844 
0.00000000099999999997 0.00000000099999999997 0.99999999200000000421 0.00000000099999999997 0.00000000099999999997 0.00000000099999999997 0.00000000099999999997 0.00000000099999999997 0.00000000099999999997 
0.00000000099999999994 0.00000000099999999994 0.38544978647915911774 0.00000000099999999994 0.00000000099999999994 0.00000000099999999994 0.00000000099999999994 0.61455020652084058064 0.00000000099999999994 
0.08032723936264933584 0.00901683465642667478 0.13682030849941123618 0.00000000099999999998 0.00000000099999999998 0.00000000099999999998 0.28681082600100943347 0.23594417481099927425 0.25108061366950401583 
0.16632093065750372385 0.00000000099999999998 0.00000000099999999998 0.00000000099999999998 0.00000000099999999998 0.00000000099999999998 0.19123174426619737876 0.41511645861229051757 0.22733086146400835470 
0.00000000099999999995 0.00000000099999999995 0.19755671407618594082 0.00000000099999999995 0.00000000099999999995 0.00000000099999999995 0.13736104382617758679 0.22558260673110647199 0.43949963036653005855 
0.04005504338739208220 0.00406416661716960202 0.25691091835304286084 0.00000000099999999996 0.00000000099999999996 0.00000000099999999996 0.24408946246260948554 0.17129834900181667434 0.28358205717796919343 
0.00000000099999999997 0.00000000099999999997 0.34961691366166108841 0.00000000099999999997 0.00000000099999999997 0.00000000099999999997 0.24417837652485449573 0.00000000099999999997 0.40620470381348439126 
0.00000000099999999998 0.02639437869388600727 0.20743120123835931401 0.00000000099999999998 0.00000000099999999998 0.00000000099999999998 0.00000000099999999998 0.43573208682412450932 0.33044232824363012346 
0.00000000099999999993 0.99999999200000022626 0.00000000099999999993 0.00000000099999999993 0.00000000099999999993 0.00000000099999999993 0.00000000099999999993 0.00000000099999999993 0.00000000099999999993 
0.00000000099999999996 0.98133815334334884017 0.00000000099999999996 0.00000000099999999996 0.00000000099999999996 0.00000000099999999996 0.00000000099999999996 0.01866183965665139943 0.00000000099999999996 
0.00000000099999999975 0.00000000099999999975 0.00000000099999999975 0.25952839507224628735 0.74047159792775385512 0.00000000099999999975 0.00000000099999999975 0.00000000099999999975 0.00000000099999999975 
0.00000000099999999995 0.99999999200000011523 0.00000000099999999995 0.00000000099999999995 0.00000000099999999995 0.00000000099999999995 0.00000000099999999995 0.00000000099999999995 0.00000000099999999995 
0.00000000099999999996 0.98510649387044479930 0.01489349912955542470 0.00000000099999999996 0.00000000099999999996 0.00000000099999999996 0.00000000099999999996 0.00000000099999999996 0.00000000099999999996 
0.08444268730166032411 0.00759685926944881403 0.00000000099999999998 0.00000000099999999998 0.00000000099999999998 0.00141048408970811208 0.24985079240750754370 0.34088331725216958201 0.31581585667950562435 
0.00000000099999999949 0.00000000099999999949 0.00000000099999999949 0.00000000099999999949 0.99999999200000000421 0.00000000099999999949 0.00000000099999999949 0.00000000099999999949 0.00000000099999999949 
0.00000000099999999993 0.00000000099999999993 0.00000000099999999993 0.00000000099999999993 0.00000000099999999993 0.00000000099999999993 0.00000000099999999993 0.00000000099999999993 0.99999999199999989319 
0.05173954493556268130 0.01145721623524970437 0.14993404869270518520 0.00000000099999999998 0.00000000099999999998 0.00343049310924284845 0.37959608362098812284 0.13304434391662936510 0.27079826748962199101 
0.00000000099999999993 0.00000000099999999993 0.00000000099999999993 0.00000000099999999993 0.00000000099999999993 0.00000000099999999993 0.00000000099999999993 0.99999999200000000421 0.00000000099999999993 
0.00000000099999999998 0.00000535376646178259 0.25591810736364978274 0.00000000099999999998 0.00000000099999999998 0.00000000099999999998 0.30063730587484222001 0.44343922799504614796 0.00000000099999999998 
0.26897410636475327372 0.00000000099999999996 0.00000000099999999996 0.00000000099999999996 0.00000000099999999996 0.00000000099999999996 0.47764597509539807874 0.00000000099999999996 0.25337991253984859519 
0.00000000099999999988 0.00000000099999999988 0.99999999200000000421 0.00000000099999999988 0.00000000099999999988 0.00000000099999999988 0.00000000099999999988 0.00000000099999999988 0.00000000099999999988 
0.07877690165813978906 0.00000000099999999999 0.27178899234891007453 0.00000000099999999999 0.00000000099999999999 0.00000000099999999999 0.32523120763932072963 0.23433121925103356231 0.08987167510259581882 
0.02920134682962530898 0.00339850575642550775 0.28518202603184455990 0.00000000099999999999 0.00000000099999999999 0.00202501459743026184 0.12180915671624360785 0.23574977569882285544 0.32263417236960800771 
0.08020734519614818037 0.00000000099999999999 0.14677237345686378056 0.00000000099999999999 0.00000002244854389147 0.02939909257463671835 0.30094490134310497575 0.44267626198070242349 0.00000000099999999999 
0.03291063089535364861 0.00000000099999999998 0.23703754254640904686 0.00000000099999999998 0.00000000099999999998 0.00636085317440145646 0.15034041528424851863 0.17118772452543168372 0.40216283057415558311 
0.00000000099999999994 0.00000000099999999994 0.00000000099999999994 0.00000000099999999994 0.00000000099999999994 0.00000000099999999994 0.00000000099999999994 0.58551754505763864422 0.41448244794236144273 
0.00000000099999999991 0.00000000099999999991 0.99999999200000000421 0.00000000099999999991 0.00000000099999999991 0.00000000099999999991 0.00000000099999999991 0.00000000099999999991 0.00000000099999999991 
0.00000000099999999991 0.00000000099999999991 0.00000000099999999991 0.00000000099999999991 0.00000000099999999991 0.00000000099999999991 0.99999999199999989319 0.00000000099999999991 0.00000000099999999991 
0.00000000099999999995 0.00000000099999999995 0.00000000099999999995 0.00000000099999999995 0.00000000099999999995 0.00000000099999999995 0.34695087921466050140 0.65304911378533958555 0.00000000099999999995 
0.00000000099999999996 0.00000000099999999996 0.00000000099999999996 0.00000000099999999996 0.00000000099999999996 0.00000000099999999996 0.41552177369979587107 0.00000000099999999996 0.58447821930020416037 
0.05860021218625276890 0.02601682767218247219 0.38119128878962527107 0.00000000099999999997 0.00000000099999999997 0.00000000099999999997 0.26453422129194803514 0.00000463520035883966 0.26965281185963263511 
0.07560620080274725596 0.00000000099999999998 0.34024432138027177475 0.00000000099999999998 0.00000000099999999998 0.00000000099999999998 0.00000105593880446283 0.26594179079094965035 0.31820662708722685652 
0.13357665242383603976 0.00858191550132843435 0.31304067505306609753 0.00000000099999999997 0.00000000099999999997 0.00000000099999999997 0.00000000099999999997 0.00000000099999999997 0.54480075202176914129 
0.00000000099999999997 0.00000000099999999997 0.00000000099999999997 0.00000000099999999997 0.00000000099999999997 0.00000000099999999997 0.09035573357489799784 0.50749110874652092473 0.40215315167858106671 
0.18040346757063344119 0.00000000099999999996 0.00000000099999999996 0.00000000099999999996 0.00000000099999999996 0.00000000099999999996 0.00000000099999999996 0.52274567610101774218 0.29685085032834884755 
0.16191536612315976518 0.00000000100000000000 0.28999918581078232283 0.00000000100000000000 0.07302594083365515631 0.00000237093836517119 0.16999835837318635900 0.30471898296808980211 0.00033979295276146012 
0.09477184112438259700 0.00000000099999999997 0.22047747588431879096 0.00000000099999999997 0.00000000099999999997 0.00000000099999999997 0.29708671289686411354 0.17179126838208488848 0.21587269771234940396 
0.99999999200000022626 0.00000000099999999977 0.00000000099999999977 0.00000000099999999977 0.00000000099999999977 0.00000000099999999977 0.00000000099999999977 0.00000000099999999977 0.00000000099999999977 
0.00000000099999999990 0.00000000099999999990 0.00000000099999999990 0.00000000099999999990 0.00000000099999999990 0.00000000099999999990 0.00000000099999999990 0.99999999199999989319 0.00000000099999999990 
0.00000000099999999989 0.00000000099999999989 0.99999999200000000421 0.00000000099999999989 0.00000000099999999989 0.00000000099999999989 0.00000000099999999989 0.00000000099999999989 0.00000000099999999989 
0.00001532949647955754 0.00000243991035320864 0.21377608854003571359 0.00000000099999999997 0.00000000099999999997 0.00000000099999999997 0.16586717406451587098 0.34902281162332149389 0.27131615336529413263 
0.15550748260570460002 0.00000000099999999996 0.00000000099999999996 0.00000000099999999996 0.00000000099999999996 0.00000000099999999996 0.00000000099999999996 0.00000000099999999996 0.84449251039429529264 
0.11153187025409955213 0.00000000099999999997 0.00000000099999999997 0.00000000099999999997 0.00000000099999999997 0.00404748330946760361 0.31933726169356263513 0.34517287559272857855 0.21991050515014165523 
0.00000000099999999989 0.00000000099999999989 0.00000000099999999989 0.00000000099999999989 0.00000000099999999989 0.00000000099999999989 0.99999999199999989319 0.00000000099999999989 0.00000000099999999989 
0.00000000099999999989 0.00000000099999999989 0.00000000099999999989 0.00000000099999999989 0.00000000099999999989 0.00000000099999999989 0.00000000099999999989 0.99999999199999989319 0.00000000099999999989 
0.00000000099999999992 0.99999999200000011523 0.00000000099999999992 0.00000000099999999992 0.00000000099999999992 0.00000000099999999992 0.00000000099999999992 0.00000000099999999992 0.00000000099999999992 
0.00000000099999999996 0.99529470734689884370 0.00080413995757667089 0.00000000099999999996 0.00000000099999999996 0.00000000099999999996 0.00000000099999999996 0.00000000099999999996 0.00390114669552465466 
0.00000000099999999961 0.00000000099999999961 0.00000000099999999961 0.00000000099999999961 0.99999999200000011523 0.00000000099999999961 0.00000000099999999961 0.00000000099999999961 0.00000000099999999961 
0.00000000099999999959 0.00000000099999999959 0.00000000099999999959 0.00000000099999999959 0.00000000099999999959 0.99999999200000011523 0.00000000099999999959 0.00000000099999999959 0.00000000099999999959 
0.00000000099999999998 0.88368705167818450974 0.08559273799182613718 0.00000000099999999998 0.00000000099999999998 0.03072020432998956788 0.00000000099999999998 0.00000000099999999998 0.00000000099999999998 
0.00000000099999999996 0.00000052006332794249 0.21479213146938250234 0.00000000099999999996 0.00000000099999999996 0.00000000099999999996 0.32555979576475913007 0.00000000099999999996 0.45964754770253052341 
0.00000000099999999989 0.00000000099999999989 0.00000000099999999989 0.00000000099999999989 0.00000000099999999989 0.00000000099999999989 0.99999999199999989319 0.00000000099999999989 0.00000000099999999989 
0.04073950534093247200 0.95926048765906768434 0.00000000099999999996 0.00000000099999999996 0.00000000099999999996 0.00000000099999999996 0.00000000099999999996 0.00000000099999999996 0.00000000099999999996 
0.08201974604480478936 0.00637120673903449758 0.29982144849304026568 0.00000000099999999998 0.00000000099999999998 0.00000000099999999998 0.24693273980091620667 0.14269285615889457097 0.22216199976330960886 
0.00022972508192109882 0.00000000099999999996 0.17016096088880588999 0.00000000099999999996 0.00000000099999999996 0.00856603207470210681 0.24177077854695869230 0.19970295954919412007 0.37956954085841820845 
0.08308811175169407426 0.00000000099999999996 0.49379571955639672831 0.00000000099999999996 0.00000000099999999996 0.00000000099999999996 0.00000000099999999996 0.00000000099999999996 0.42311616269190943651 
0.00000000099999999947 0.00000000099999999947 0.00000000099999999947 0.99999999200000011523 0.00000000099999999947 0.00000000099999999947 0.00000000099999999947 0.00000000099999999947 0.00000000099999999947 
0.00000000099999999948 0.00000000099999999948 0.00000000099999999948 0.99999999200000011523 0.00000000099999999948 0.00000000099999999948 0.00000000099999999948 0.00000000099999999948 0.00000000099999999948 
0.00000000099999999953 0.00000000099999999953 0.00000000099999999953 0.61607199562033643225 0.38392799737966365470 0.00000000099999999953 0.00000000099999999953 0.00000000099999999953 0.00000000099999999953 
0.00000000099999999955 0.00000000099999999955 0.00000000099999999955 0.57122638216360888119 0.42877361083639120576 0.00000000099999999955 0.00000000099999999955 0.00000000099999999955 0.00000000099999999955 
0.00000000099999999951 0.00000000099999999951 0.00000000099999999951 0.00000000099999999951 0.99999999200000000421 0.00000000099999999951 0.00000000099999999951 0.00000000099999999951 0.00000000099999999951 
0.00000000099999999996 0.98583950785019647256 0.01416048514980375837 0.00000000099999999996 0.00000000099999999996 0.00000000099999999996 0.00000000099999999996 0.00000000099999999996 0.00000000099999999996 
0.08488199826400544268 0.00000000099999999999 0.27208681151855546032 0.00000000099999999999 0.00000000099999999999 0.00349789619695626284 0.17338868395238096753 0.29187270717022867350 0.17427189989787314484 
0.00000000099999999956 0.00000000099999999956 0.00000000099999999956 0.34968652523578674929 0.65031346776421328215 0.00000000099999999956 0.00000000099999999956 0.00000000099999999956 0.00000000099999999956 
0.00000000099999999955 0.00000000099999999955 0.00000000099999999955 0.00000000099999999955 0.99999999200000011523 0.00000000099999999955 0.00000000099999999955 0.00000000099999999955 0.00000000099999999955 
0.00000000099999999957 0.00000000099999999957 0.00000000099999999957 0.00000000099999999957 0.00000000099999999957 0.99999999200000000421 0.00000000099999999957 0.00000000099999999957 0.00000000099999999957 
0.00000000099999999958 0.00000000099999999958 0.00000000099999999958 0.00000000099999999958 0.00000000099999999958 0.99999999200000000421 0.00000000099999999958 0.00000000099999999958 0.00000000099999999958 
0.00000000099999999989 0.00000000099999999989 0.00000000099999999989 0.00000000099999999989 0.00000000099999999989 0.00000000099999999989 0.00000000099999999989 0.00000000099999999989 0.99999999199999989319 
0.00000000099999999947 0.00000000099999999947 0.00000000099999999947 0.99999999200000011523 0.00000000099999999947 0.00000000099999999947 0.00000000099999999947 0.00000000099999999947 0.00000000099999999947 
0.00000000099999999997 0.00000000099999999997 0.00000000099999999997 0.00000000099999999997 0.00000000099999999997 0.00000000099999999997 0.47320242963565334327 0.00000000099999999997 0.52679756336434657715 
0.00000000099999999989 0.00000000099999999989 0.00000000099999999989 0.00000000099999999989 0.00000000099999999989 0.00000000099999999989 0.00000000099999999989 0.00000000099999999989 0.99999999199999989319 
0.04957703155145833096 0.95042296144854176987 0.00000000099999999996 0.00000000099999999996 0.00000000099999999996 0.00000000099999999996 0.00000000099999999996 0.00000000099999999996 0.00000000099999999996 
0.00000000099999999989 0.00000000099999999989 0.00000000099999999989 0.00000000099999999989 0.00000000099999999989 0.00000000099999999989 0.99999999199999989319 0.00000000099999999989 0.00000000099999999989 
0.00000000099999999989 0.99999999200000022626 0.00000000099999999989 0.00000000099999999989 0.00000000099999999989 0.00000000099999999989 0.00000000099999999989 0.00000000099999999989 0.00000000099999999989 
0.08629492865339653818 0.00000000099999999996 0.41144495639133704668 0.00000000099999999996 0.00000000099999999996 0.00000000099999999996 0.00000000099999999996 0.50226010895526618238 0.00000000099999999996 
0.00000000099999999991 0.99999999200000011523 0.00000000099999999991 0.00000000099999999991 0.00000000099999999991 0.00000000099999999991 0.00000000099999999991 0.00000000099999999991 0.00000000099999999991 
0.00000000099999999991 0.00000000099999999991 0.00000000099999999991 0.00000000099999999991 0.00000000099999999991 0.00000000099999999991 0.99999999199999989319 0.00000000099999999991 0.00000000099999999991 
0.07720329228768886554 0.00000000099999999998 0.00000000099999999998 0.00000000099999999998 0.00000000099999999998 0.00000000099999999998 0.49211191614298116503 0.00000000099999999998 0.43068478556932998647 
0.00000000099999999961 0.00000000099999999961 0.00000000099999999961 0.57562325645154810427 0.42437673654845198268 0.00000000099999999961 0.00000000099999999961 0.00000000099999999961 0.00000000099999999961 
0.00000000099999999993 0.99999999200000022626 0.00000000099999999993 0.00000000099999999993 0.00000000099999999993 0.00000000099999999993 0.00000000099999999993 0.00000000099999999993 0.00000000099999999993 
0.00000000099999999945 0.00000000099999999945 0.00000000099999999945 0.99999999200000011523 0.00000000099999999945 0.00000000099999999945 0.00000000099999999945 0.00000000099999999945 0.00000000099999999945 
0.00000000099999999949 0.00000000099999999949 0.00000000099999999949 0.00000000099999999949 0.99999999200000000421 0.00000000099999999949 0.00000000099999999949 0.00000000099999999949 0.00000000099999999949 
0.08669173017191043884 0.00000000099999999998 0.00000000099999999998 0.00000000099999999998 0.00000000099999999998 0.00000000099999999998 0.21302750557384747543 0.31304701862871542328 0.38723374062552678998 
0.09282583354008037968 0.00439466778619512864 0.29070451418492082585 0.00000000099999999997 0.00000000099999999997 0.00000000099999999997 0.00013947806308219090 0.37795082869234319922 0.23398467473337819511 
0.00000000099999999996 0.00209939073600373411 0.26121672994868039286 0.00000000099999999996 0.00000000099999999996 0.00000000099999999996 0.19138444942581056551 0.30131890859509569136 0.24398051729440950464 
0.12886506774185002566 0.00000000099999999997 0.00759828615549405090 0.00000000099999999997 0.00000000099999999997 0.00000000099999999997 0.21555529830646968925 0.24816263738475560774 0.39981870641143063549 
0.15701711281411617760 0.00000000099999999998 0.31806724993050766725 0.00000000099999999998 0.00000000099999999998 0.00361826825735298441 0.20100836815626119125 0.32028899684176181939 0.00000000099999999998 
0.08244177962933199599 0.00369146512846640689 0.23596360761803059081 0.00000000099999999997 0.00000000099999999997 0.00307671783232694052 0.17827591531675723857 0.20974956399547653452 0.28680094847961012938 
0.06020658936546791767 0.00000000099999999997 0.19037714297658853146 0.00000000099999999997 0.00000000099999999997 0.00000000099999999997 0.44155266727584407960 0.00000000099999999997 0.30786359538209934206 
0.00000000099999999994 0.96636745513058663892 0.03363253786941356599 0.00000000099999999994 0.00000000099999999994 0.00000000099999999994 0.00000000099999999994 0.00000000099999999994 0.00000000099999999994 
0.07339766035440024872 0.00000000099999999996 0.34909432669090101342 0.00000000099999999996 0.00000000099999999996 0.00000000099999999996 0.23596474573240447392 0.34153675110827125261 0.00000651211402291938 
0.00000000099999999956 0.00000000099999999956 0.00000000099999999956 0.33499861476668418847 0.66500137823331595399 0.00000000099999999956 0.00000000099999999956 0.00000000099999999956 0.00000000099999999956 
0.00000000099999999988 0.00000000099999999988 0.99999999200000011523 0.00000000099999999988 0.00000000099999999988 0.00000000099999999988 0.00000000099999999988 0.00000000099999999988 0.00000000099999999988 
0.00000000099999999977 0.00000000099999999977 0.00000000099999999977 0.99999999200000000421 0.00000000099999999977 0.00000000099999999977 0.00000000099999999977 0.00000000099999999977 0.00000000099999999977 
0.00000000099999999955 0.00000000099999999955 0.00000000099999999955 0.00000000099999999955 0.99999999200000011523 0.00000000099999999955 0.00000000099999999955 0.00000000099999999955 0.00000000099999999955 
0.07382773391376050431 0.01049441261437206174 0.21081456696000508422 0.00000000099999999997 0.00000000099999999997 0.00000000099999999997 0.20786543193544662622 0.00000000099999999997 0.49699785057641571173 
0.00000000099999999996 0.00000000099999999996 0.00000000099999999996 0.00000000099999999996 0.00000000099999999996 0.00000000099999999996 0.54058013197684962048 0.00000000099999999996 0.45941986102315029994 
0.06125242212944219389 0.00583619235074550515 0.26629882532472859413 0.00000000099999999998 0.00000000099999999998 0.00000000099999999998 0.00000000099999999998 0.35259135398787644355 0.31402120220720719512 
0.00000000099999999965 0.00000000099999999965 0.00000000099999999965 0.62466070715248045442 0.37533928584751968804 0.00000000099999999965 0.00000000099999999965 0.00000000099999999965 0.00000000099999999965 
0.00000000099999999991 0.99999999200000022626 0.00000000099999999991 0.00000000099999999991 0.00000000099999999991 0.00000000099999999991 0.00000000099999999991 0.00000000099999999991 0.00000000099999999991 
0.00000000099999999992 0.99999999200000022626 0.00000000099999999992 0.00000000099999999992 0.00000000099999999992 0.00000000099999999992 0.00000000099999999992 0.00000000099999999992 0.00000000099999999992 
0.00000000099999999956 0.00000000099999999956 0.00000000099999999956 0.00000000099999999956 0.99999999200000000421 0.00000000099999999956 0.00000000099999999956 0.00000000099999999956 0.00000000099999999956 
0.00000000099999999993 0.00000000099999999993 0.00000000099999999993 0.00000000099999999993 0.00000000099999999993 0.00000000099999999993 0.00000000099999999993 0.99999999200000000421 0.00000000099999999993 
0.04075804220642512132 0.02086456187946761007 0.41733544354592772008 0.00000000099999999999 0.00000000099999999999 0.00696794046608146048 0.00000000099999999999 0.51407400790209789587 0.00000000099999999999 
0.00000000099999999951 0.00000000099999999951 0.00000000099999999951 0.99999999200000011523 0.00000000099999999951 0.00000000099999999951 0.00000000099999999951 0.00000000099999999951 0.00000000099999999951 
0.18415827984793706196 0.00000000099999999997 0.00000000099999999997 0.00000000099999999997 0.00000000099999999997 0.00000000099999999997 0.37338175287403091440 0.00000010210777969139 0.44245986017025229486 
0.00000000099999999989 0.99999999200000022626 0.00000000099999999989 0.00000000099999999989 0.00000000099999999989 0.00000000099999999989 0.00000000099999999989 0.00000000099999999989 0.00000000099999999989 
0.00000000099999999999 0.21530079028274268227 0.22958806111554588836 0.10456759735620128893 0.00000000099999999999 0.10456021480228154530 0.34598333244322854174 0.00000000099999999999 0.00000000099999999999 
