0.02606861345131623875 0.00802976078865894061 0.96556999220864347944 0.00033163355138123680 
0.00000000099999999996 0.99999999699999997382 0.00000000099999999996 0.00000000099999999996 
0.00000000099999999996 0.99999999700000008485 0.00000000099999999996 0.00000000099999999996 
0.00551421301598628132 0.04289929253314638674 0.95158649345086743221 0.00000000099999999999 
0.01321139444268182479 0.00046956889427298348 0.98631903566304512943 0.00000000100000000000 
0.00636951896613695886 0.03063591377618264666 0.96299456625768042883 0.00000000099999999999 
0.00000000099999999997 0.99999999699999997382 0.00000000099999999997 0.00000000099999999997 
0.00000000099999999995 0.99999999700000008485 0.00000000099999999995 0.00000000099999999995 
0.01971475298130660053 0.00901459379423576873 0.97127065222445763126 0.00000000099999999999 
0.00000000099999999997 0.99999999700000008485 0.00000000099999999997 0.00000000099999999997 
0.01377229826392269672 0.01783931664012029794 0.96838838409595684453 0.00000000100000000000 
0.01151236232696374942 0.02269497922761916017 0.96579265744541697991 0.00000000099999999999 
0.00884363450926753912 0.00521894902834955932 0.98593741546238289342 0.00000000100000000000 
0.01965693612127844547 0.01067329039706464353 0.96966977248165675540 0.00000000100000000000 
0.02162534390044590013 0.00132936042131515672 0.97096069874552703993 0.00608459693271189931 
0.03330717890402048326 0.06108434507884420023 0.90560847501713537255 0.00000000099999999999 
0.00019477623864763672 0.00758326547536211561 0.99222195728599027476 0.00000000100000000000 
0.00653938006754526888 0.00000000100000000000 0.98807841255788519952 0.00538220637456946621 
0.01147844828723209275 0.00335985744971143210 0.97699583631662201277 0.00816585794643452829 
0.00793513437457827979 0.00090138157158796937 0.99116348305383383810 0.00000000099999999998 
0.00000995343285023143 0.00404485866934656008 0.99594518689780309195 0.00000000100000000000 
0.00000000099999999998 0.99999999699999997382 0.00000000099999999998 0.00000000099999999998 
0.00000000099999999999 0.03037099308785158949 0.96962900491214842891 0.00000000099999999999 
0.00408171338777871522 0.03792845448172681849 0.95798983113049451799 0.00000000099999999999 
0.00000014615237328686 0.03342338766027921210 0.96657646518734752217 0.00000000099999999999 
0.00689414821128639648 0.00000000099999999999 0.99310584978871352391 0.00000000099999999999 
0.99999999699999997382 0.00000000099999999988 0.00000000099999999988 0.00000000099999999988 
0.99999999699999997382 0.00000000099999999986 0.00000000099999999986 0.00000000099999999986 
0.01169930730141373679 0.00543406955508612347 0.98286662214350006828 0.00000000100000000000 
0.01499699764017008337 0.00000000099999999999 0.98500300035982990554 0.00000000099999999999 
0.00000000099999999999 0.02969579820958099040 0.97030419979041893086 0.00000000099999999999 
0.00000000099999999998 0.99999999699999997382 0.00000000099999999998 0.00000000099999999998 
0.36099682492355739116 0.24047039981218631954 0.39853277426425626206 0.00000000099999999997 
0.00106227854807975633 0.00047424156182466543 0.99846347889009567922 0.00000000099999999999 
0.00000000099999999986 0.00000000099999999986 0.00000000099999999986 0.99999999700000008485 
0.00000000099999999982 0.00000000099999999982 0.00000000099999999982 0.99999999700000008485 
0.00000000099999999982 0.00000000099999999982 0.00000000099999999982 0.99999999699999997382 
0.99999999700000008485 0.00000000099999999988 0.00000000099999999988 0.00000000099999999988 
0.99999999700000008485 0.00000000099999999987 0.00000000099999999987 0.00000000099999999987 
0.00359959498724068613 0.00221905187052100130 0.99418135214223835039 0.00000000099999999999 
0.00000000099999999998 0.99999999700000008485 0.00000000099999999998 0.00000000099999999998 
0.99999999699999997382 0.00000000099999999987 0.00000000099999999987 0.00000000099999999987 
0.01217023865912633326 0.02786998426907346879 0.95995977607180016378 0.00000000099999999999 
0.00000000099999999996 0.99999999699999997382 0.00000000099999999996 0.00000000099999999996 
0.99999999699999997382 0.00000000099999999989 0.00000000099999999989 0.00000000099999999989 
0.00997421800578060687 0.01962950189446818067 0.97039627909975123554 0.00000000099999999999 
0.99999999699999997382 0.00000000099999999987 0.00000000099999999987 0.00000000099999999987 
0.00000000099999999997 0.99999999699999997382 0.00000000099999999997 0.00000000099999999997 
0.00000000099999999995 0.99999999699999997382 0.00000000099999999995 0.00000000099999999995 
0.99999999699999997382 0.00000000099999999986 0.00000000099999999986 0.00000000099999999986 
0.99999999699999997382 0.00000000099999999987 0.00000000099999999987 0.00000000099999999987 
0.00000000099999999997 0.99999999700000008485 0.00000000099999999997 0.00000000099999999997 
0.00000000099999999996 0.99999999700000008485 0.00000000099999999996 0.00000000099999999996 
0.00000000099999999997 0.99999999699999997382 0.00000000099999999997 0.00000000099999999997 
0.99999999699999997382 0.00000000099999999989 0.00000000099999999989 0.00000000099999999989 
0.01958870467030385254 0.04873363383112613856 0.93167766000436746943 0.00000000149420250122 
0.03019216334790814776 0.00229416459677753756 0.96751367105531438373 0.00000000100000000000 
0.00000000099999999999 0.02979223018110642093 0.97020776781889339624 0.00000000099999999999 
0.00447084534436401927 0.01761291818341640530 0.97791623547221950830 0.00000000099999999999 
0.00000000099999999996 0.99999999699999997382 0.00000000099999999996 0.00000000099999999996 
0.00978990408742928808 0.00068486436119746558 0.98791822605955559311 0.00160700549181767025 
0.00000000099999999985 0.00000000099999999985 0.00000000099999999985 0.99999999700000008485 
0.00933850897983023488 0.01014088689376167404 0.98052060312640809681 0.00000000099999999998 
0.00000000099999999985 0.00000000099999999985 0.00000000099999999985 0.99999999699999997382 
0.00115362873718526798 0.04670236737717908121 0.95214400288563560970 0.00000000100000000000 
0.00000000099999999986 0.00000000099999999986 0.00000000099999999986 0.99999999700000008485 
0.00570052804853614023 0.01270177125238707710 0.98159769969907673115 0.00000000099999999999 
0.01070757289674449664 0.01544650895400917143 0.97384585759452646503 0.00000006055471995578 
0.00000000099999999995 0.99999999700000008485 0.00000000099999999995 0.00000000099999999995 
0.00000000099999999998 0.00000348160440746243 0.99999651639559250516 0.00000000099999999998 
0.00000000099999999985 0.00000000099999999985 0.00000000099999999985 0.99999999699999997382 
0.00000000099999999987 0.00000000099999999987 0.00000000099999999987 0.99999999699999997382 
0.01485314233962047557 0.08731364026653140598 0.89783321639384816581 0.00000000099999999999 
0.00000000099999999995 0.99999999699999997382 0.00000000099999999995 0.00000000099999999995 
0.99999999699999997382 0.00000000099999999989 0.00000000099999999989 0.00000000099999999989 
0.00000000099999999996 0.99999999700000008485 0.00000000099999999996 0.00000000099999999996 
0.00000000100000000000 0.04210434212303075519 0.95671084538889294979 0.00118481148807633480 
0.00000000099999999984 0.00000000099999999984 0.00000000099999999984 0.99999999700000008485 
0.99999999699999997382 0.00000000099999999985 0.00000000099999999985 0.00000000099999999985 
0.00000000099999999987 0.00000000099999999987 0.00000000099999999987 0.99999999699999997382 
0.02163964872481844576 0.00250441362506934398 0.97265298087184648423 0.00320295677826574901 
0.00000000099999999995 0.99999999700000008485 0.00000000099999999995 0.00000000099999999995 
0.00000000099999999996 0.99999999699999997382 0.00000000099999999996 0.00000000099999999996 
0.00460733075033745599 0.23611926263640711787 0.75927340561325529222 0.00000000099999999999 
0.02490229859637429349 0.00627102667153092881 0.96882667373209474526 0.00000000100000000000 
0.00000035217059408918 0.01480458700641521831 0.98519505982299071523 0.00000000099999999999 
0.00000000099999999999 0.02895727540325138821 0.97104272259674861978 0.00000000099999999999 
0.00258294423105296213 0.00064328094637646621 0.99677377382257059679 0.00000000100000000000 
0.00000000099999999998 0.00000000099999999998 0.99999999699999997382 0.00000000099999999998 
0.00076118445209329567 0.01506094878832653708 0.98417786575958010609 0.00000000099999999999 
0.01062757632117836137 0.01337559626294039863 0.97599682641588125787 0.00000000099999999999 
0.00000002048060887920 0.04200410517366734431 0.95799587289026921777 0.00000000145545450054 
0.00000000099999999996 0.99999999700000008485 0.00000000099999999996 0.00000000099999999996 
0.00000000099999999998 0.99997929294187437588 0.00002070505812567035 0.00000000099999999998 
0.00000000099999999991 0.00000000099999999991 0.00000000099999999991 0.99999999700000008485 
0.00000000099999999998 0.99999999699999997382 0.00000000099999999998 0.00000000099999999998 
0.00000000099999999998 0.99999999700000008485 0.00000000099999999998 0.00000000099999999998 
0.01047982436966352245 0.02755515138312037912 0.96196502324721611110 0.00000000099999999999 
0.00000000099999999982 0.00000000099999999982 0.00000000099999999982 0.99999999699999997382 
0.00827178449079094512 0.00000000404010922421 0.99172821046909975795 0.00000000100000000000 
0.00844070982910497154 0.02137182894262612542 0.97018746022826884978 0.00000000099999999999 
0.01002455303439307027 0.00481373895594846331 0.98315146342755965758 0.00201024458209888082 
0.00701365612711997259 0.02912898662624168605 0.96385735624663826382 0.00000000100000000000 
0.00041936273045585585 0.00702633246575399238 0.99206708126318843277 0.00048722354060177218 
0.00008916913260237189 0.04260081815969061353 0.95730994137527281040 0.00000007133243411602 
0.00903373979522084994 0.00199972260672287138 0.98896653659805622283 0.00000000100000000000 
0.01123739909883027764 0.01666987441599997524 0.97209272548516967305 0.00000000100000000000 
0.03205403944254026083 0.01637948039079212270 0.94713485107858874645 0.00443162908807873904 
0.01504015875280070684 0.00786337309706899856 0.97709646715013021012 0.00000000099999999999 
0.00000000099999999999 0.00078286303905001221 0.99921713496094999307 0.00000000099999999999 
0.02870448702626184068 0.02724798288602398033 0.94308036050210064527 0.00096716958561353340 
0.01408863922069002531 0.00000000099999999999 0.98591135877931002085 0.00000000099999999999 
0.00060398057254042203 0.01499000728655225725 0.98440601114090742207 0.00000000100000000000 
0.00146838033570600144 0.00182714062215581785 0.99670447804213802012 0.00000000099999999999 
0.00000000099999999999 0.03771027884295904964 0.96228971915704097917 0.00000000099999999999 
0.01094281564508325401 0.01891782690317199422 0.97013935645174476097 0.00000000100000000000 
0.00000000099999999999 0.04462210247675605507 0.95537789552324381415 0.00000000099999999999 
0.00189622399284192938 0.00763588389653331936 0.99046789111062472077 0.00000000100000000000 
0.00239503545563178079 0.02946534612765249958 0.96813961741671572536 0.00000000099999999999 
0.00704194475579490373 0.02799790844367741963 0.89685206458530752904 0.06810808221522005046 
0.00000000099999999999 0.00744208162150843990 0.99255791637849155595 0.00000000099999999999 
0.00000000099999999998 0.02188763694256016037 0.97811236105743981639 0.00000000099999999998 
0.00000024075259345227 0.03080290217102011480 0.96919685607638650371 0.00000000099999999998 
0.01927486874931694585 0.00237400820525028155 0.97835112204543284165 0.00000000099999999999 
0.00000000099999999998 0.01825075694173367361 0.98174924105826633092 0.00000000099999999998 
0.00850564450169900323 0.00769990430298368462 0.98017118087450438857 0.00362327032081292489 
0.00886599793562768169 0.01567032528923675491 0.97546367577513548586 0.00000000099999999999 
0.00296849693659526287 0.00000000358410632427 0.99703149847929850580 0.00000000099999999999 
0.00000000099999999998 0.03752054806824695748 0.96247944993175316153 0.00000000099999999998 
0.00000000099999999996 0.99999999700000008485 0.00000000099999999996 0.00000000099999999996 
0.00000000099999999998 0.99999999700000008485 0.00000000099999999998 0.00000000099999999998 
0.00000000099999999988 0.00000000099999999988 0.00000000099999999988 0.99999999700000008485 
0.99999999700000008485 0.00000000099999999985 0.00000000099999999985 0.00000000099999999985 
0.03979549949698619332 0.91391424784437635953 0.04629025165863744073 0.00000000100000000000 
0.00000000099999999998 0.01724710532854097436 0.98275289267145904404 0.00000000099999999998 
0.00458508929170763253 0.03217521515696033368 0.96323969226794059484 0.00000000328339143565 
0.00395530797413484736 0.99604469002586526472 0.00000000099999999999 0.00000000099999999999 
0.00000000099999999999 0.02291828929066250936 0.97708170870933752639 0.00000000099999999999 
0.01522402871895327768 0.00331193325725202695 0.98146403702379458878 0.00000000099999999998 
0.00612136161451403218 0.00000000099999999999 0.99387863638548579193 0.00000000099999999999 
0.00000000099999999984 0.00000000099999999984 0.00000000099999999984 0.99999999699999997382 
0.00000000099999999985 0.00000000099999999985 0.00000000099999999985 0.99999999700000008485 
0.00000000099999999982 0.00000000099999999982 0.00000000099999999982 0.99999999700000008485 
0.00000000099999999983 0.00000000099999999983 0.00000000099999999983 0.99999999700000008485 
0.00000000099999999983 0.00000000099999999983 0.00000000099999999983 0.99999999699999997382 
0.00000000099999999998 0.99999999700000008485 0.00000000099999999998 0.00000000099999999998 
0.01464586725870622129 0.00583558154339562912 0.97951855019789824119 0.00000000100000000000 
0.00000000099999999983 0.00000000099999999983 0.00000000099999999983 0.99999999699999997382 
0.00000000099999999985 0.00000000099999999985 0.00000000099999999985 0.99999999700000008485 
0.99999999699999997382 0.00000000099999999985 0.00000000099999999985 0.00000000099999999985 
0.99999999700000008485 0.00000000099999999985 0.00000000099999999985 0.00000000099999999985 
0.00000000099999999999 0.00002455571026504798 0.99997544228973489489 0.00000000099999999999 
0.00000000099999999984 0.00000000099999999984 0.00000000099999999984 0.99999999699999997382 
0.00000000179407450205 0.02050344960329921265 0.97943784414198442612 0.00005870446064177014 
0.00238928393396794407 0.00000000108001940671 0.99761071398601253168 0.00000000099999999999 
0.00000000099999999998 0.96153718874050497778 0.03846280925949487756 0.00000000099999999998 
0.00003894597557659829 0.01540116258486719757 0.98455989043955616236 0.00000000099999999999 
0.00000000099999999995 0.99999999699999997382 0.00000000099999999995 0.00000000099999999995 
0.00887262007231262063 0.02625765009164523697 0.96486972883604216200 0.00000000099999999999 
0.00000000099999999995 0.99999999700000008485 0.00000000099999999995 0.00000000099999999995 
0.02049036249025983081 0.01656906831340293484 0.96294056819633710997 0.00000000100000000000 
0.01616151193936098823 0.00012280905814287299 0.98371567800249615221 0.00000000100000000000 
0.00000000099999999986 0.00000000099999999986 0.00000000099999999986 0.99999999700000008485 
0.00000000099999999996 0.99999999700000008485 0.00000000099999999996 0.00000000099999999996 
0.00000000099999999983 0.00000000099999999983 0.00000000099999999983 0.99999999700000008485 
0.00000000099999999983 0.00000000099999999983 0.00000000099999999983 0.99999999700000008485 
0.00124817718296532090 0.01313384085774503898 0.98561798095928965235 0.00000000100000000000 
0.00053257639726527579 0.03221217001625201193 0.96725525258648259452 0.00000000099999999999 
0.00000000099999999998 0.01165992073070131613 0.98834007726929862248 0.00000000099999999998 
0.00620840094810858750 0.00521717197565633659 0.98857442607623502440 0.00000000099999999999 
0.01580546673034969804 0.01061464567787949106 0.97357988659177074897 0.00000000099999999999 
0.01061823633600851927 0.02236882859532952558 0.96701293406866184466 0.00000000099999999999 
0.00000007084350301780 0.00000000099999999999 0.99999992715649699271 0.00000000099999999999 
0.00000000099999999998 0.99841346576645872979 0.00158653223354119494 0.00000000099999999998 
0.00012519806942317563 0.00000599665202229374 0.99986880427855451270 0.00000000099999999999 
0.00000000099999999983 0.00000000099999999983 0.00000000099999999983 0.99999999699999997382 
0.00334434485566651417 0.00279816301366562483 0.99385749113066779170 0.00000000100000000000 
0.00000000099999999994 0.00000000099999999994 0.00000000099999999994 0.99999999699999997382 
0.00000000099999999985 0.00000000099999999985 0.00000000099999999985 0.99999999699999997382 
0.00001339456743329454 0.02820644694464110799 0.97178015748792556661 0.00000000099999999999 
0.01265774435117721260 0.00000000099999999999 0.98734225364882266529 0.00000000099999999999 
0.00000000100000000000 0.02444045575793328887 0.97555635864957579440 0.00000318459249081470 
0.00000000099999999987 0.00000000099999999987 0.00000000099999999987 0.99999999700000008485 
0.00000000099999999996 0.99999999699999997382 0.00000000099999999996 0.00000000099999999996 
0.00000000099999999996 0.99999999699999997382 0.00000000099999999996 0.00000000099999999996 
0.00000000099999999985 0.00000000099999999985 0.00000000099999999985 0.99999999700000008485 
0.01012132065256641546 0.01113604014757825326 0.97874263819985540813 0.00000000100000000000 
0.01605372663646386505 0.04405561476373402729 0.93989065759980194859 0.00000000100000000000 
0.00000000099999999986 0.00000000099999999986 0.00000000099999999986 0.99999999700000008485 
0.01082456374987143637 0.00946456810066529167 0.97971086714946331586 0.00000000099999999999 
0.00000000099999999995 0.99999999699999997382 0.00000000099999999995 0.00000000099999999995 
0.11193302208496863637 0.23678240161579525158 0.54453575894363492882 0.10674881735560115548 
0.00000000100000000000 0.03209456943093166176 0.96330412494955608427 0.00460130461951228920 
0.01599252498591964208 0.03807394400532358031 0.94593353000875668446 0.00000000099999999999 
0.01840912190731081727 0.00314453521607420839 0.97844634187661483349 0.00000000099999999999 
0.01470255321591308617 0.00025965839111937963 0.98503778739296754541 0.00000000099999999999 
0.00602190340991398242 0.00000000099999999999 0.99397809459008590327 0.00000000099999999999 
0.00000000099999999999 0.01116698071380783051 0.98883301728619221738 0.00000000099999999999 
0.01647625064454894678 0.01050430275218334694 0.97301944560326769640 0.00000000099999999999 
0.00822663722755104417 0.02675149026150996923 0.95669251598727256258 0.00832935652366642229 
0.00000000099999999997 0.99999999699999997382 0.00000000099999999997 0.00000000099999999997 
0.01041057789939695000 0.02284816670477499839 0.96674125439582814234 0.00000000099999999999 
0.01017505438369391106 0.00000000106786424572 0.98982494354844186013 0.00000000099999999999 
0.00555124167806709309 0.04968836873476997762 0.94476038858716293589 0.00000000100000000000 
0.00000000099999999999 0.02141942402953393720 0.97858057397046593895 0.00000000099999999999 
0.00552884896089520742 0.03730793815189300394 0.95472990421325043542 0.00243330867396118885 
0.00053046873610837605 0.00000167288856282542 0.99946785737532872762 0.00000000099999999999 
0.00222906080953567303 0.01896306025220361943 0.97880787793826073973 0.00000000100000000000 
0.00000000099999999998 0.99834816142191251664 0.00165183657808737057 0.00000000099999999998 
0.02086277156994137405 0.02380780184334948396 0.95532942558670919109 0.00000000099999999999 
0.01363880100725403145 0.01012978864045724001 0.97623140935228869264 0.00000000099999999999 
0.00018717820346353598 0.01459088415301991459 0.97411592576169991897 0.01110601188181655104 
0.00000000099999999998 0.99999998068732842693 0.00000001731267156690 0.00000000099999999998 
0.00000005881233294785 0.02963935915850838751 0.95108963834077120403 0.01927094368838742910 
0.01254436393355067361 0.01324029971222624204 0.97421533535422311090 0.00000000100000000000 
0.01191659430692119416 0.48193768671018305527 0.50614571798289575977 0.00000000099999999999 
0.00000000099999999998 0.03038372800492642259 0.96961626999507366520 0.00000000099999999998 
0.00000000099999999986 0.00000000099999999986 0.00000000099999999986 0.99999999700000008485 
0.01977415438317957005 0.02107682250709129457 0.95914902210972896590 0.00000000099999999999 
0.00785927104690115237 0.02962532332119752546 0.96251540463190132790 0.00000000100000000000 
