0.00000000099999999999 0.31363475750585140256 0.00000000099999999999 0.01287637091444664324 0.00000000099999999999 0.67348886857970180486 
0.00000000099999999995 0.00000000099999999995 0.00000000099999999995 0.00000000099999999995 0.99999999500000003039 0.00000000099999999995 
0.00000000099999999996 0.00000028209061760217 0.00000000099999999996 0.00000000099999999996 0.99999971390938235949 0.00000000099999999996 
0.22668355175542348467 0.00000537353794173376 0.00000000099999999999 0.00417185464913189495 0.03730752039656604069 0.73183169866093678024 
0.28039475111851930311 0.07755245148255301979 0.00000000100000000000 0.01151517012666338283 0.00000000100000000000 0.63053762527226431267 
0.21838532318022044199 0.18538755113992172463 0.00000000099999999999 0.00003951424696849243 0.02193101520988421926 0.57425659522300520621 
0.00000000099999999997 0.00000301651541167967 0.00000000099999999997 0.00000000099999999997 0.99999697948458832197 0.00000000099999999997 
0.00000000099999999994 0.00000000099999999994 0.00000000099999999994 0.00000000099999999994 0.99999999499999991937 0.00000000099999999994 
0.33820536951583635155 0.12485505372707639271 0.00000000099999999999 0.01416730577001782364 0.00023039686567171609 0.52254187312139777077 
0.00000000099999999995 0.00000000099999999995 0.00000000099999999995 0.00000000099999999995 0.99999999500000003039 0.00000000099999999995 
0.99999999500000003039 0.00000000099999999995 0.00000000099999999995 0.00000000099999999995 0.00000000099999999995 0.00000000099999999995 
0.39670133727544293345 0.00001136405925900142 0.00000000099999999999 0.00544003330069460934 0.01763087501364827420 0.58021638935095520839 
0.47126455871464612013 0.16141685221525212124 0.00000000099999999999 0.00000000099999999999 0.00000000099999999999 0.36731858607010187123 
0.34644823308812078277 0.14645958817469800772 0.00000000099999999999 0.01284387264276878014 0.00000000099999999999 0.49424830409441239398 
0.00000000099999999999 0.00000000099999999999 0.00000000099999999999 0.01365296137717212852 0.00000000099999999999 0.98634703462282780073 
0.25873201896282105317 0.14586331699326032796 0.00000000099999999999 0.02721148368982503202 0.05005319824544826601 0.51813998110864523117 
0.27173265961283471492 0.10085207495343151418 0.00000000099999999999 0.00000000099999999999 0.00002546722389009923 0.62738979620984358654 
0.45111701273849652560 0.17707306167855371704 0.00000000099999999999 0.00000000099999999999 0.00000000099999999999 0.37180992258294986996 
0.21860827348903666412 0.19578646553296016886 0.00000000100000000000 0.00152310795066724837 0.00000000100000000000 0.58408215102733573865 
0.00000000099999999997 0.00000000099999999997 0.00000000099999999997 0.00000000099999999997 0.00000000099999999997 0.99999999500000003039 
0.27387125574437665154 0.16950288506339700190 0.00000000099999999999 0.00000000099999999999 0.00000000099999999999 0.55662585619222626487 
0.00000000099999999997 0.00000000099999999997 0.00000000099999999997 0.00000000099999999997 0.99999999500000003039 0.00000000099999999997 
0.31680795748498630227 0.00000000099999999999 0.00000000099999999999 0.00000000099999999999 0.02384131478204200641 0.65935072473297162698 
0.99999999500000003039 0.00000000099999999988 0.00000000099999999988 0.00000000099999999988 0.00000000099999999988 0.00000000099999999988 
0.40648204112298896851 0.10564158531843555189 0.00000000099999999998 0.00000000099999999998 0.02071202208984247728 0.46716434946873297562 
0.25241501192748239113 0.09856043208543764644 0.00000000099999999999 0.00236152270397984795 0.00000000099999999999 0.64666303128310009818 
0.00000000099999999979 0.00000000099999999979 0.00000000099999999979 0.99999999500000003039 0.00000000099999999979 0.00000000099999999979 
0.00000000099999999976 0.00000000099999999976 0.00000000099999999976 0.99999999500000003039 0.00000000099999999976 0.00000000099999999976 
0.44920513408622148033 0.20814011583935063121 0.00000000099999999999 0.00000000099999999999 0.00000000099999999999 0.34265474707442805657 
0.99999999500000014141 0.00000000099999999993 0.00000000099999999993 0.00000000099999999993 0.00000000099999999993 0.00000000099999999993 
0.00000000099999999984 0.99999999500000014141 0.00000000099999999984 0.00000000099999999984 0.00000000099999999984 0.00000000099999999984 
0.01798324772907193905 0.00000000099999999997 0.00000000099999999997 0.00000000099999999997 0.98201674827092810816 0.00000000099999999997 
0.46256890950200046930 0.00000000099999999993 0.00000000099999999993 0.35643852256164471060 0.18099256493635476617 0.00000000099999999993 
0.29617305679829886156 0.13451911824258225292 0.00000000099999999998 0.00000000099999999998 0.00000000099999999998 0.56930782195911877608 
0.00000000099999999975 0.00000000099999999975 0.99999999499999991937 0.00000000099999999975 0.00000000099999999975 0.00000000099999999975 
0.00000000099999999969 0.00000000099999999969 0.99999999500000003039 0.00000000099999999969 0.00000000099999999969 0.00000000099999999969 
0.00000000099999999969 0.00000000099999999969 0.99999999500000003039 0.00000000099999999969 0.00000000099999999969 0.00000000099999999969 
0.00000000099999999980 0.00000000099999999980 0.00000000099999999980 0.99999999499999991937 0.00000000099999999980 0.00000000099999999980 
0.00000000099999999977 0.00000000099999999977 0.00000000099999999977 0.99999999499999991937 0.00000000099999999977 0.00000000099999999977 
0.28499173558395485273 0.17312120838331127026 0.00000000099999999998 0.00000000099999999998 0.00000000099999999998 0.54188705303273387859 
0.00000000099999999997 0.00000000099999999997 0.00000000099999999997 0.00000000099999999997 0.99999999500000003039 0.00000000099999999997 
0.00000000099999999978 0.00000000099999999978 0.00000000099999999978 0.99999999499999991937 0.00000000099999999978 0.00000000099999999978 
0.00000000442914196360 0.00000000099999999998 0.00000000099999999998 0.00211392503067082960 0.02377346815376702588 0.97411260038642022430 
0.00000000099999999995 0.00000000099999999995 0.00000000099999999995 0.00000000099999999995 0.99999999500000003039 0.00000000099999999995 
0.00000000099999999981 0.00000000099999999981 0.00000000099999999981 0.99999999500000003039 0.00000000099999999981 0.00000000099999999981 
0.27898872124114876270 0.00000000099999999999 0.00000000099999999999 0.01010642537595429075 0.01370028598319675446 0.69720456539970010468 
0.00000000099999999978 0.00000000099999999978 0.00000000099999999978 0.99999999500000003039 0.00000000099999999978 0.00000000099999999978 
0.00000000099999999996 0.00000000099999999996 0.00000000099999999996 0.00000000099999999996 0.99999999499999991937 0.00000000099999999996 
0.00000000099999999993 0.00000000099999999993 0.00000000099999999993 0.00000000099999999993 0.99999999500000003039 0.00000000099999999993 
0.00000000099999999975 0.00000000099999999975 0.00000000099999999975 0.99999999499999991937 0.00000000099999999975 0.00000000099999999975 
0.00000000099999999977 0.00000000099999999977 0.00000000099999999977 0.99999999499999991937 0.00000000099999999977 0.00000000099999999977 
0.00000000099999999996 0.00000000099999999996 0.00000000099999999996 0.00000000099999999996 0.99999999499999991937 0.00000000099999999996 
0.00000000099999999996 0.00000000099999999996 0.00000000099999999996 0.00000000099999999996 0.99999999500000003039 0.00000000099999999996 
0.00000000099999999996 0.00000000099999999996 0.00000000099999999996 0.00000000099999999996 0.99999999500000003039 0.00000000099999999996 
0.00000000099999999981 0.00000000099999999981 0.00000000099999999981 0.99999999499999991937 0.00000000099999999981 0.00000000099999999981 
0.20939286387802386047 0.06615583444307869543 0.00000000100000000000 0.01667246222873364214 0.04339458379413047712 0.66438425465603334619 
0.00000000099999999998 0.00000000099999999998 0.00000000099999999998 0.02115579529199571041 0.00000000099999999998 0.97884420070800437497 
0.00000000099999999996 0.00000000099999999996 0.00000000099999999996 0.00000000099999999996 0.00000000099999999996 0.99999999499999991937 
0.28590357907103292057 0.13711901746218019271 0.00000000099999999999 0.00000017660785856442 0.00642885836702512727 0.57054836749190307454 
0.00000000099999999995 0.00000000099999999995 0.00000000099999999995 0.00000000099999999995 0.99999999500000003039 0.00000000099999999995 
0.28496448581126815336 0.17594474683750713218 0.00000000100000000000 0.00096854075540280709 0.00000000100000000000 0.53812222459582181866 
0.00000000099999999973 0.00000000099999999973 0.99999999500000003039 0.00000000099999999973 0.00000000099999999973 0.00000000099999999973 
0.00000000099999999996 0.00000000099999999996 0.00000000099999999996 0.00000000099999999996 0.00000000099999999996 0.99999999500000003039 
0.00000000099999999974 0.00000000099999999974 0.99999999500000003039 0.00000000099999999974 0.00000000099999999974 0.00000000099999999974 
0.36050569155876655003 0.08011498275353942655 0.00000000099999999999 0.00000000099999999999 0.03249132062425458961 0.52688800306343930302 
0.00000000099999999974 0.00000000099999999974 0.99999999500000003039 0.00000000099999999974 0.00000000099999999974 0.00000000099999999974 
0.00000000099999999984 0.99999999500000014141 0.00000000099999999984 0.00000000099999999984 0.00000000099999999984 0.00000000099999999984 
0.28492173624243799512 0.16065018114841617125 0.00000000100000000000 0.00281372077395596835 0.00203446571612586830 0.54957989511906391034 
0.00000000099999999994 0.00000000099999999994 0.00000000099999999994 0.00000000099999999994 0.99999999499999991937 0.00000000099999999994 
0.33635995503936838569 0.11611191715771120025 0.00000000099999999997 0.00000000099999999997 0.00000000099999999997 0.54752812480292034625 
0.00000000099999999975 0.00000000099999999975 0.99999999500000003039 0.00000000099999999975 0.00000000099999999975 0.00000000099999999975 
0.00000000099999999976 0.00000000099999999976 0.99999999499999991937 0.00000000099999999976 0.00000000099999999976 0.00000000099999999976 
0.27534875356043297945 0.15455620163318911642 0.00000000099999999999 0.00730513034662015181 0.07577841602176496605 0.48701149743799265757 
0.00000000099999999994 0.00000000099999999994 0.00000000099999999994 0.00000000099999999994 0.99999999499999991937 0.00000000099999999994 
0.00000000099999999981 0.00000000099999999981 0.00000000099999999981 0.99999999499999991937 0.00000000099999999981 0.00000000099999999981 
0.00000000099999999995 0.00000000099999999995 0.00000000099999999995 0.00000000099999999995 0.99999999499999991937 0.00000000099999999995 
0.26023363200749738411 0.23469505580818786350 0.00000000099999999999 0.00000000099999999999 0.02405761463901664315 0.48101369554529815886 
0.00000000099999999972 0.00000000099999999972 0.99999999500000003039 0.00000000099999999972 0.00000000099999999972 0.00000000099999999972 
0.00000000099999999973 0.00000000099999999973 0.00000000099999999973 0.99999999499999991937 0.00000000099999999973 0.00000000099999999973 
0.00000000099999999977 0.00000000099999999977 0.99999999500000003039 0.00000000099999999977 0.00000000099999999977 0.00000000099999999977 
0.18672368039589248845 0.07430665867603764019 0.00027089950308861082 0.02289111814311362014 0.00000000100000000000 0.71580764228186766207 
0.00000000099999999993 0.00000000099999999993 0.00000000099999999993 0.00000000099999999993 0.99999999500000003039 0.00000000099999999993 
0.00000000099999999994 0.00000000099999999994 0.00000000099999999994 0.00000000099999999994 0.99999999499999991937 0.00000000099999999994 
0.18814561920161015918 0.14638544338469511308 0.00000000099999999999 0.00058071634539349647 0.22243013696539928881 0.44245808310290185572 
0.30063483044075212103 0.00000000100000000000 0.00000000100000000000 0.02463337452506792966 0.00298255430099278636 0.67174923873318714840 
0.18498747071726850955 0.21405722989371300802 0.00000000099999999998 0.00000000099999999998 0.00000000099999999998 0.60095529638901834524 
0.99999999500000003039 0.00000000099999999994 0.00000000099999999994 0.00000000099999999994 0.00000000099999999994 0.00000000099999999994 
0.40038751978542197474 0.00161197621529940395 0.00000000099999999999 0.00044968821946868661 0.00000000099999999999 0.59755081377981000834 
0.34171938353739822469 0.14277979718440333978 0.00000000099999999997 0.00000000099999999997 0.00000000099999999997 0.51550081627819821506 
0.21438641588589271714 0.17368509618391164695 0.00000000099999999998 0.00000000099999999998 0.00150098164372566389 0.61042750428646985750 
0.46527575510526103519 0.00000000099999999999 0.00000000099999999999 0.00259217156247785324 0.00417136682958899312 0.52796070450267196250 
0.29794667842711652916 0.00000000099999999999 0.00000000099999999999 0.00000000099999999999 0.03539296836976573574 0.66666035020311764647 
0.00000000099999999995 0.00000000099999999995 0.00000000099999999995 0.00000000099999999995 0.99999999499999991937 0.00000000099999999995 
0.00000000099999999997 0.00000000099999999997 0.00000000099999999997 0.00000000099999999997 0.98261345569544589207 0.01738654030455403024 
0.00000000099999999985 0.00000000099999999985 0.99999999499999991937 0.00000000099999999985 0.00000000099999999985 0.00000000099999999985 
0.00000000099999999997 0.00000000099999999997 0.00000000099999999997 0.00000000099999999997 0.99999999499999991937 0.00000000099999999997 
0.00000000099999999998 0.00000000099999999998 0.00000000099999999998 0.00000000099999999998 0.99999999499999991937 0.00000000099999999998 
0.32576041521180099103 0.12235360969278256948 0.00000000099999999999 0.00494063466102770150 0.01564596960115135008 0.53129936983323744482 
0.00000000099999999968 0.00000000099999999968 0.99999999500000003039 0.00000000099999999968 0.00000000099999999968 0.00000000099999999968 
0.27389225367808728295 0.10689071720762793882 0.00000000099999999999 0.00300253752173058885 0.00000000099999999999 0.61621448959255420430 
0.29716159724623097960 0.22139841152492734100 0.00000000099999999999 0.00000000099999999999 0.00302620699093004769 0.47841378223791186652 
0.39278708716021593084 0.04640550414035555377 0.00000000100000000000 0.00825970928944177139 0.00000000100000000000 0.55254769740998688210 
0.29632681405409183606 0.15207883003956645940 0.00000000100000000000 0.00139247832609571873 0.01648184221340727104 0.53372003436683868038 
0.25334621692295777873 0.00000000099999999999 0.00000000099999999999 0.00000000099999999999 0.00000000099999999999 0.74665377907704200133 
0.35136125379638682986 0.14859062869197198209 0.00000000099999999999 0.00000000099999999999 0.03115326953246470507 0.46889484597917652220 
0.13115093243783473853 0.00000000099999999999 0.00000000099999999999 0.00000000099999999999 0.00000000099999999999 0.86884906356216540235 
0.00000000099999999999 0.12740483168567726113 0.00000000099999999999 0.00000105010345478504 0.00000999870127541995 0.87258411750959263831 
0.21024927896919198833 0.09256375638110538040 0.00172104586229008595 0.02994490312028540505 0.00938030952590414822 0.65614070614122299574 
0.30698384035314579821 0.20295536817305581678 0.00000000099999999999 0.00705535847059921006 0.00000000099999999999 0.48300543100319909273 
0.00000000099999999995 0.00000000099999999995 0.00000000099999999995 0.00000000099999999995 0.00000000099999999995 0.99999999500000003039 
0.35258885341401852154 0.12003420711188152181 0.00000000100000000000 0.02279884734841068974 0.01733061968740396558 0.48724747143828539553 
0.26437080201130824797 0.11519292134594667776 0.00000000099999999998 0.00862212659229926424 0.00000000099999999998 0.61181414805044587180 
0.40769070478684810155 0.00000000099999999999 0.00000000099999999999 0.00000000099999999999 0.00206816611206510088 0.59024112610108669941 
0.32649683141476537607 0.14594515727570372965 0.00000000099999999999 0.00000000099999999999 0.00000000099999999999 0.52755800830953070157 
0.34189312645643876731 0.00000000099999999998 0.00000000099999999998 0.00000000099999999998 0.03352360987873011233 0.62458326066483105254 
0.21869226599907123920 0.15535779448007649983 0.00000000099999999999 0.00384066249236333359 0.00671007982840754729 0.61539919620008121104 
0.39292499757198190435 0.07158274281363719016 0.00000000099999999999 0.00000000099999999999 0.03043976362392405641 0.50505249399045681891 
0.21739825794809988779 0.18913323293474065823 0.00000000099999999999 0.00000000099999999999 0.00000000099999999999 0.59346850611715940005 
0.35520639361538347556 0.00000000099999999999 0.00000000099999999999 0.00000000099999999999 0.02246313639526115527 0.62233046698935534646 
0.36197477313821441181 0.00000036381196975332 0.06929262773390776342 0.01229444652903028887 0.01893028221243492001 0.53750750657444279490 
0.30255749302997525518 0.01245832184209926495 0.00000000099999999999 0.00000000099999999999 0.00506678222494433544 0.67991740090298102839 
0.49724537591556600136 0.13240508983271423449 0.00000000099999999997 0.00000000099999999997 0.00270683915463232772 0.36764269309708746958 
0.55369891104862500875 0.00799188350264494647 0.00000000099999999998 0.00000000099999999998 0.00685845269958550163 0.43145075074914468471 
0.42375688602897132462 0.09608428337412687481 0.00000000099999999999 0.01342618687636394463 0.00000000099999999999 0.46673264172053791077 
0.36815676439693673094 0.12102771821276783748 0.00000000099999999998 0.00000000099999999998 0.00592620278202397790 0.50488931260827141223 
0.54851234242093260818 0.00143725224614391057 0.00000000100000000000 0.00224225658238058753 0.00000000100000000000 0.44780814675054309015 
0.34080764983825811987 0.13929343386163123286 0.00000000099999999999 0.00729122227299934273 0.00635277888378701829 0.50625491414332424167 
0.23628122977285001549 0.21684230274451746223 0.00000000099999999998 0.00000000099999999998 0.00000000099999999998 0.54687646448263238508 
0.39618109696380759965 0.16937393921866344959 0.00000000099999999997 0.00000000099999999997 0.01685100973267726274 0.41759395208485172724 
0.00000000099999999995 0.00000000099999999995 0.00000000099999999995 0.00000000099999999995 0.99999999500000003039 0.00000000099999999995 
0.00000000099999999998 0.00000235289871160271 0.00000000099999999998 0.00000000099999999998 0.99999764310128835820 0.00000000099999999998 
0.00000000099999999979 0.00000000099999999979 0.99999999500000003039 0.00000000099999999979 0.00000000099999999979 0.00000000099999999979 
0.00000000099999999974 0.00000000099999999974 0.00000000099999999974 0.99999999499999991937 0.00000000099999999974 0.00000000099999999974 
0.00000000099999999999 0.09433388234865457134 0.00000000099999999999 0.02633372761474675125 0.87933238703659855062 0.00000000099999999999 
0.00000000099999999997 0.00000000099999999997 0.00000000099999999997 0.00000000099999999997 0.00000000099999999997 0.99999999499999991937 
0.00000000099999999998 0.29536743487482852721 0.00000000099999999998 0.00000000099999999998 0.00000000099999999998 0.70463256112517125285 
0.00000000099999999998 0.03330591989463966424 0.00000000099999999998 0.00000009293113661381 0.96669398417422380820 0.00000000099999999998 
0.26439501290758110619 0.11223387838478998679 0.00000000099999999999 0.00000000099999999999 0.01416424768572083041 0.60920685902190807592 
0.33488047006551330265 0.09265215649030944522 0.00000000099999999998 0.01152216057882341806 0.00000000099999999998 0.56094521086535376053 
0.20280242568932682623 0.14335128358800544590 0.00000000099999999999 0.00000000099999999999 0.00000000099999999999 0.65384628772266772945 
0.00000000099999999972 0.00000000099999999972 0.99999999499999991937 0.00000000099999999972 0.00000000099999999972 0.00000000099999999972 
0.00000000099999999974 0.00000000099999999974 0.99999999500000003039 0.00000000099999999974 0.00000000099999999974 0.00000000099999999974 
0.00000000099999999969 0.00000000099999999969 0.99999999499999991937 0.00000000099999999969 0.00000000099999999969 0.00000000099999999969 
0.00000000099999999970 0.00000000099999999970 0.99999999500000003039 0.00000000099999999970 0.00000000099999999970 0.00000000099999999970 
0.00000000099999999970 0.00000000099999999970 0.99999999499999991937 0.00000000099999999970 0.00000000099999999970 0.00000000099999999970 
0.00000000099999999998 0.00000000099999999998 0.00000000099999999998 0.00000000099999999998 0.99999999499999991937 0.00000000099999999998 
0.38638671177853506356 0.00000000100000000000 0.00000000100000000000 0.01422828754473167735 0.00000000100000000000 0.59938499767673314444 
0.00000000099999999970 0.00000000099999999970 0.99999999499999991937 0.00000000099999999970 0.00000000099999999970 0.00000000099999999970 
0.00000000099999999975 0.00000000099999999975 0.99999999499999991937 0.00000000099999999975 0.00000000099999999975 0.00000000099999999975 
0.00000000099999999973 0.00000000099999999973 0.00000000099999999973 0.99999999499999991937 0.00000000099999999973 0.00000000099999999973 
0.00000000099999999973 0.00000000099999999973 0.00000000099999999973 0.99999999500000003039 0.00000000099999999973 0.00000000099999999973 
0.20072860028686215217 0.15612904954680709158 0.00000000099999999998 0.00000000099999999998 0.00000000099999999998 0.64314234716633067457 
0.00000000099999999972 0.00000000099999999972 0.99999999500000003039 0.00000000099999999972 0.00000000099999999972 0.00000000099999999972 
0.29871758350521554481 0.16783481036491215699 0.00000000099999999999 0.00000000099999999999 0.00489766345511431344 0.52854994067475791208 
0.00000000099999999997 0.18800322541858507930 0.00000000099999999997 0.00000000099999999997 0.00000000099999999997 0.81199677058141483954 
0.00000000099999999998 0.04704277526219693972 0.00000000099999999998 0.00000000099999999998 0.95295722073780297912 0.00000000099999999998 
0.99999999500000014141 0.00000000099999999993 0.00000000099999999993 0.00000000099999999993 0.00000000099999999993 0.00000000099999999993 
0.00000000099999999993 0.00000000099999999993 0.00000000099999999993 0.00000000099999999993 0.99999999499999991937 0.00000000099999999993 
0.30671618311306092508 0.00000000099999999999 0.00000000099999999999 0.00678097182634671003 0.02011744190377091554 0.66638540115682132203 
0.00000000099999999994 0.00000000099999999994 0.00000000099999999994 0.00000000099999999994 0.99999999499999991937 0.00000000099999999994 
0.28640064168945311707 0.16049546185863705627 0.00000000099999999999 0.01299844160186039606 0.00420886659888714074 0.53589658725116240401 
0.00000000099999999997 0.37234456178942909599 0.00000000099999999997 0.00000000099999999997 0.00000000099999999997 0.62765543421057090612 
0.00000000099999999975 0.00000000099999999975 0.99999999500000003039 0.00000000099999999975 0.00000000099999999975 0.00000000099999999975 
0.00000000099999999995 0.00000000099999999995 0.00000000099999999995 0.00000000099999999995 0.99999999500000003039 0.00000000099999999995 
0.00000000099999999970 0.00000000099999999970 0.99999999499999991937 0.00000000099999999970 0.00000000099999999970 0.00000000099999999970 
0.00000000099999999970 0.00000000099999999970 0.99999999499999991937 0.00000000099999999970 0.00000000099999999970 0.00000000099999999970 
0.33250683582725454324 0.00000000099999999999 0.00000000099999999999 0.00000000099999999999 0.00663990311172050780 0.66085325806102479529 
0.30398783525742029132 0.16493363755410500593 0.00000000099999999998 0.00000000099999999998 0.01743792095839462319 0.51364060423008006673 
0.00000000099999999996 0.00000000099999999996 0.00000000099999999996 0.00000000099999999996 0.00000000099999999996 0.99999999499999991937 
0.38295495020471792547 0.00000000293938405923 0.00000000099999999999 0.00524745383368676547 0.00000000099999999999 0.61179759102221120681 
0.37680777017350969293 0.23786474304066532182 0.00000000099999999999 0.00000000099999999999 0.00000000099999999999 0.38532748378582504234 
0.42370678727822452814 0.00000000099999999998 0.00000000099999999998 0.00811948996349299082 0.01309097883708164843 0.55508274192120077295 
0.10067444213538764841 0.29685172663953868222 0.00000000099999999997 0.00000000099999999997 0.00000000099999999997 0.60247382822507367095 
0.00000000099999999997 0.00000000099999999997 0.00000000099999999997 0.00000000099999999997 0.97635668624397531357 0.02364330975602476140 
0.36454807066581318420 0.13672566437626926250 0.00000000099999999998 0.00000000099999999998 0.00000000099999999998 0.49872626195791774917 
0.00000000099999999970 0.00000000099999999970 0.99999999500000003039 0.00000000099999999970 0.00000000099999999970 0.00000000099999999970 
0.46266082758941246000 0.00000000099999999999 0.00000000099999999999 0.00000000099999999999 0.00000000099999999999 0.53733916841058759761 
0.00000000099999999991 0.00000000099999999991 0.99999999499999991937 0.00000000099999999991 0.00000000099999999991 0.00000000099999999991 
0.00000000099999999974 0.00000000099999999974 0.99999999500000003039 0.00000000099999999974 0.00000000099999999974 0.00000000099999999974 
0.15063393817061482283 0.25446572868607542084 0.00000000099999999998 0.00000000099999999998 0.01050028109428358808 0.58440005004902606522 
0.00000000099999999997 0.00000000099999999997 0.00000000099999999997 0.00000000099999999997 0.00000000099999999997 0.99999999500000003039 
0.20538930220267384574 0.00000000099999999999 0.00000000099999999999 0.00000000099999999999 0.02188201424453782920 0.77272868055278820520 
0.00000000099999999977 0.00000000099999999977 0.99999999500000003039 0.00000000099999999977 0.00000000099999999977 0.00000000099999999977 
0.00000000099999999994 0.00000000099999999994 0.00000000099999999994 0.00000000099999999994 0.99999999500000003039 0.00000000099999999994 
0.00000000099999999994 0.00000000099999999994 0.00000000099999999994 0.00000000099999999994 0.99999999500000003039 0.00000000099999999994 
0.00000000099999999974 0.00000000099999999974 0.99999999499999991937 0.00000000099999999974 0.00000000099999999974 0.00000000099999999974 
0.42814665057165701700 0.00000000099999999999 0.00000000099999999999 0.00290659645296119547 0.00419235510748751546 0.56475439586789422108 
0.45383790385515931920 0.00000001364614167194 0.00000000100000000000 0.01393217510325434581 0.03482520444327377035 0.49740470195217101335 
0.00000000099999999975 0.00000000099999999975 0.99999999499999991937 0.00000000099999999975 0.00000000099999999975 0.00000000099999999975 
0.99999999500000014141 0.00000000099999999994 0.00000000099999999994 0.00000000099999999994 0.00000000099999999994 0.00000000099999999994 
0.00000000099999999993 0.00000000099999999993 0.00000000099999999993 0.00000000099999999993 0.99999999499999991937 0.00000000099999999993 
0.00000000099999999990 0.99999999500000003039 0.00000000099999999990 0.00000000099999999990 0.00000000099999999990 0.00000000099999999990 
0.22541011612086217508 0.20901906868175529342 0.00000000099999999999 0.00000000099999999999 0.01254593560902126856 0.55302487758836116338 
0.32054179866948212529 0.12218982222108644431 0.00000000099999999999 0.01057542139763396720 0.02660730285579195054 0.52008565385600546982 
0.35707630288324360146 0.00000000099999999999 0.00000000099999999999 0.01767498007613363398 0.00000000099999999999 0.62524871404062254410 
0.32198979748472050799 0.00000000099999999998 0.00000000099999999998 0.00983885870043411936 0.00000000099999999998 0.66817134081484519381 
0.99999999500000003039 0.00000000099999999993 0.00000000099999999993 0.00000000099999999993 0.00000000099999999993 0.00000000099999999993 
0.27095276857762712330 0.16488670679718264722 0.00000000099999999999 0.00000000099999999999 0.00161927958216369176 0.56254124304302643989 
0.49064953948052275612 0.00371713204414266234 0.00000000099999999999 0.01034115745881522032 0.00000265668320509654 0.49528951333331427964 
0.21810576475844728472 0.42442481903263534759 0.00000000099999999997 0.00000000099999999997 0.00000000099999999997 0.35746941320891739702 
0.00000000099999999996 0.00000000099999999996 0.00000000099999999996 0.00000000099999999996 0.99999999500000003039 0.00000000099999999996 
0.36012697883527222675 0.04574084233188460691 0.00000000099999999999 0.00700218808218901721 0.01004453648739139608 0.57708545326326265990 
0.00000000099999999997 0.36687021444850892449 0.00000000099999999997 0.00000000099999999997 0.00000000099999999997 0.63312978155149091108 
0.22712989931321422854 0.20036418793001689598 0.00000000099999999999 0.00000000099999999999 0.03527520977909633093 0.53723070097767244846 
0.23240760411998445667 0.19161289523614427610 0.00000000099999999998 0.00000000099999999998 0.00645744618618048893 0.56952205245769071951 
0.00000000099999999998 0.00000000099999999998 0.00000000099999999998 0.00000000099999999998 0.02294899233988134321 0.97705100366011865543 
0.00000000099999999997 0.23156571320881419451 0.00000000099999999997 0.00000000099999999997 0.00000000099999999997 0.76843428279118586310 
0.25625343025844371514 0.13215807373019042292 0.00000000099999999999 0.00000000099999999999 0.00594250106906833286 0.60564599294229759519 
0.01770482476315748954 0.00000000099999999997 0.00000000099999999997 0.00000000099999999997 0.98229517123684262359 0.00000000099999999997 
0.00000000099999999984 0.99999999500000014141 0.00000000099999999984 0.00000000099999999984 0.00000000099999999984 0.00000000099999999984 
0.22329711586700212722 0.00000000099999999999 0.00000000099999999999 0.01320704935259813494 0.00013356477412672734 0.76336226800627315914 
0.42822697911371299107 0.00000000100000000000 0.00871066156074050933 0.00000000100000000000 0.00225340921209433260 0.56080894811345205486 
0.00000000099999999997 0.02050123416836668530 0.00000000099999999997 0.00000000099999999997 0.97949876183163331334 0.00000000099999999997 
0.22190510084320552719 0.07651459117937907395 0.01902992016840370643 0.00000000100000000000 0.02450463697543558972 0.65804574983357588813 
0.33689371324047856504 0.00000000100000000000 0.00000000100000000000 0.00599581039914076890 0.00927318400425470452 0.64783729035612591662 
0.19307769131898158688 0.14346881532458211073 0.00000000099999999999 0.00480638831031083170 0.46948204854392122654 0.18916505550220411025 
0.41145492494988633592 0.00000000099999999997 0.00000000099999999997 0.00000000099999999997 0.01804418413164637913 0.57050088791846731429 
0.00000000099999999976 0.00000000099999999976 0.99999999500000003039 0.00000000099999999976 0.00000000099999999976 0.00000000099999999976 
0.35089355938323207873 0.01762209403308821754 0.00000000099999999999 0.01797517805412365138 0.01562694614126944673 0.59788222138828661656 
0.37237305590593616778 0.08140713683057176908 0.00000000099999999999 0.00147238882269213407 0.02166762856031471604 0.52307978888048511923 
