0.00000000099999999992 0.00000000099999999992 0.00000000099999999992 0.99999999100000003249 0.00000000099999999992 0.00000000099999999992 0.00000000099999999992 0.00000000099999999992 0.00000000099999999992 0.00000000099999999992 
0.99999999100000025454 0.00000000099999999987 0.00000000099999999987 0.00000000099999999987 0.00000000099999999987 0.00000000099999999987 0.00000000099999999987 0.00000000099999999987 0.00000000099999999987 0.00000000099999999987 
0.99999999100000025454 0.00000000099999999989 0.00000000099999999989 0.00000000099999999989 0.00000000099999999989 0.00000000099999999989 0.00000000099999999989 0.00000000099999999989 0.00000000099999999989 0.00000000099999999989 
0.00000000099999999993 0.00000000099999999993 0.99999999100000003249 0.00000000099999999993 0.00000000099999999993 0.00000000099999999993 0.00000000099999999993 0.00000000099999999993 0.00000000099999999993 0.00000000099999999993 
0.00000000099999999994 0.99999999100000014352 0.00000000099999999994 0.00000000099999999994 0.00000000099999999994 0.00000000099999999994 0.00000000099999999994 0.00000000099999999994 0.00000000099999999994 0.00000000099999999994 
0.00000000099999999991 0.00000000099999999991 0.00000000099999999991 0.99999999100000014352 0.00000000099999999991 0.00000000099999999991 0.00000000099999999991 0.00000000099999999991 0.00000000099999999991 0.00000000099999999991 
0.00000000099999999983 0.00000000099999999983 0.00000000099999999983 0.00000000099999999983 0.00000000099999999983 0.00000000099999999983 0.00000000099999999983 0.99999999100000003249 0.00000000099999999983 0.00000000099999999983 
0.99999999100000014352 0.00000000099999999986 0.00000000099999999986 0.00000000099999999986 0.00000000099999999986 0.00000000099999999986 0.00000000099999999986 0.00000000099999999986 0.00000000099999999986 0.00000000099999999986 
0.00000000099999999996 0.00000000099999999996 0.00000000099999999996 0.00000000099999999996 0.00000000099999999996 0.00000000099999999996 0.21902612736296656060 0.00000000099999999996 0.78097386463703333259 0.00000000099999999996 
0.49735847232172991639 0.00000000099999999993 0.00000000099999999993 0.00000000099999999993 0.00000000099999999993 0.00000000099999999993 0.00000000099999999993 0.50264151967826986578 0.00000000099999999993 0.00000000099999999993 
0.00000000099999999993 0.00000000099999999993 0.99999999100000014352 0.00000000099999999993 0.00000000099999999993 0.00000000099999999993 0.00000000099999999993 0.00000000099999999993 0.00000000099999999993 0.00000000099999999993 
0.00000000099999999998 0.19985749516257333980 0.01788961181861504698 0.31569903408059918348 0.00000000099999999998 0.00000000540516079959 0.15252294075778677351 0.00825672791014268360 0.24824915315691647999 0.05752502970820580486 
0.00000000099999999998 0.00000000099999999998 0.08874814088462369688 0.41686598274562841615 0.00000000099999999998 0.00000000099999999998 0.07508009440897253639 0.00000000099999999998 0.41910572857071182185 0.00020004839006372042 
0.00000000099999999999 0.21290995762047185136 0.23158625149473993643 0.16999804563497603049 0.00000000099999999999 0.01072731442202154613 0.10888262267514241255 0.00000000099999999999 0.15036028596254250034 0.11553551919010579541 
0.00000000099999999992 0.99999999100000025454 0.00000000099999999992 0.00000000099999999992 0.00000000099999999992 0.00000000099999999992 0.00000000099999999992 0.00000000099999999992 0.00000000099999999992 0.00000000099999999992 
0.05013049851144030927 0.27224446962411169570 0.09504905579661708515 0.12396975178884975244 0.00000000099999999999 0.02520148566801653361 0.13396203044616819544 0.00000000099999999999 0.14158952555075074442 0.15785318061404562950 
0.00000000099999999991 0.00000000099999999991 0.00000000099999999991 0.00000000099999999991 0.00000000099999999991 0.00000000099999999991 0.00000000099999999991 0.00000000099999999991 0.99999999100000003249 0.00000000099999999991 
0.00000000099999999996 0.00000000099999999996 0.45936838503841420644 0.00000000099999999996 0.00000000099999999996 0.00000000099999999996 0.15542540448534783448 0.00000000099999999996 0.06606173022525299587 0.31914447425098485533 
0.00000000099999999998 0.39611726471633113000 0.00000000099999999998 0.00000000099999999998 0.00000000099999999998 0.00000000099999999998 0.00000005579454224079 0.00000000099999999998 0.30542785358008350816 0.29845481990904304537 
0.00000000099999999993 0.99999999100000014352 0.00000000099999999993 0.00000000099999999993 0.00000000099999999993 0.00000000099999999993 0.00000000099999999993 0.00000000099999999993 0.00000000099999999993 0.00000000099999999993 
0.00000000099999999993 0.00000000099999999993 0.00000000099999999993 0.99999999100000003249 0.00000000099999999993 0.00000000099999999993 0.00000000099999999993 0.00000000099999999993 0.00000000099999999993 0.00000000099999999993 
0.47463167804620609580 0.00000000099999999995 0.00000000099999999995 0.00000000099999999995 0.00000000099999999995 0.00000000099999999995 0.00000000099999999995 0.50699156735793859951 0.00000000099999999995 0.01837674759585527715 
0.00000000099999999990 0.00000000099999999990 0.99999999100000014352 0.00000000099999999990 0.00000000099999999990 0.00000000099999999990 0.00000000099999999990 0.00000000099999999990 0.00000000099999999990 0.00000000099999999990 
0.00000000099999999964 0.00000000099999999964 0.00000000099999999964 0.00000000099999999964 0.00000000099999999964 0.00000000099999999964 0.99999999099999992147 0.00000000099999999964 0.00000000099999999964 0.00000000099999999964 
0.00000000099999999997 0.15499441793882026697 0.00000001301514051337 0.38804865999138887789 0.00000000099999999997 0.00000000099999999997 0.00007324678618118002 0.04006818731837240993 0.33643420625304287785 0.08038126569705383861 
0.00000000099999999996 0.00000000099999999996 0.00000000099999999996 0.42009343160577594656 0.00000000099999999996 0.00000000099999999996 0.00000000099999999996 0.00000000099999999996 0.57990656039422372459 0.00000000099999999996 
0.00000000099999999960 0.00000000099999999960 0.00000000099999999960 0.00000000099999999960 0.00000000099999999960 0.99999999100000014352 0.00000000099999999960 0.00000000099999999960 0.00000000099999999960 0.00000000099999999960 
0.00000000099999999954 0.00000000099999999954 0.00000000099999999954 0.00000000099999999954 0.00000000099999999954 0.99999999100000014352 0.00000000099999999954 0.00000000099999999954 0.00000000099999999954 0.00000000099999999954 
0.00000000099999999990 0.00000000099999999990 0.00000000099999999990 0.00000000099999999990 0.00000000099999999990 0.00000000099999999990 0.00000000099999999990 0.00000000099999999990 0.99999999099999992147 0.00000000099999999990 
0.00000000099999999988 0.00000000099999999988 0.00000000099999999988 0.00000000099999999988 0.00000000099999999988 0.00000000099999999988 0.00000000099999999988 0.00000000099999999988 0.99999999100000003249 0.00000000099999999988 
0.00000000099999999995 0.00000000099999999995 0.00000000099999999995 0.00000000099999999995 0.00000000099999999995 0.00000000099999999995 0.00000000099999999995 0.00000000099999999995 0.53386741308469742862 0.46613257891530263111 
0.70549956311410677579 0.00000000099999999989 0.00000000099999999989 0.00000000099999999989 0.00000000099999999989 0.00000000099999999989 0.11333912574027184272 0.18116130414562145456 0.00000000099999999989 0.00000000099999999989 
0.11730211770560194928 0.00000000099999999980 0.00000000099999999980 0.00000000099999999980 0.00000000099999999980 0.35534723974306936523 0.52735063555132866142 0.00000000099999999980 0.00000000099999999980 0.00000000099999999980 
0.00000000099999999990 0.00000000099999999990 0.99999999100000003249 0.00000000099999999990 0.00000000099999999990 0.00000000099999999990 0.00000000099999999990 0.00000000099999999990 0.00000000099999999990 0.00000000099999999990 
0.00000000099999999952 0.00000000099999999952 0.00000000099999999952 0.00000000099999999952 0.99999999100000014352 0.00000000099999999952 0.00000000099999999952 0.00000000099999999952 0.00000000099999999952 0.00000000099999999952 
0.00000000099999999940 0.00000000099999999940 0.00000000099999999940 0.00000000099999999940 0.99999999100000014352 0.00000000099999999940 0.00000000099999999940 0.00000000099999999940 0.00000000099999999940 0.00000000099999999940 
0.00000000099999999941 0.00000000099999999941 0.00000000099999999941 0.00000000099999999941 0.99999999100000003249 0.00000000099999999941 0.00000000099999999941 0.00000000099999999941 0.00000000099999999941 0.00000000099999999941 
0.00000000099999999961 0.00000000099999999961 0.00000000099999999961 0.00000000099999999961 0.00000000099999999961 0.99999999100000014352 0.00000000099999999961 0.00000000099999999961 0.00000000099999999961 0.00000000099999999961 
0.00000000099999999955 0.00000000099999999955 0.00000000099999999955 0.00000000099999999955 0.00000000099999999955 0.99999999100000014352 0.00000000099999999955 0.00000000099999999955 0.00000000099999999955 0.00000000099999999955 
0.00000000099999999998 0.22466595946698514341 0.27242520137947578984 0.00000291677573030145 0.00000000099999999998 0.00000000099999999998 0.07630791055647137555 0.00000000099999999998 0.29099017513998404194 0.13560783268135337409 
0.69093060371322356783 0.00000000099999999996 0.00000000099999999996 0.00000000099999999996 0.00000000099999999996 0.00000000099999999996 0.00000000099999999996 0.30906938828677665843 0.00000000099999999996 0.00000000099999999996 
0.00000000099999999957 0.00000000099999999957 0.00000000099999999957 0.00000000099999999957 0.00000000099999999957 0.99999999100000003249 0.00000000099999999957 0.00000000099999999957 0.00000000099999999957 0.00000000099999999957 
0.00000000099999999997 0.50473948259908629765 0.49012558207757134232 0.00000000099999999997 0.00000000099999999997 0.00000000099999999997 0.00000000099999999997 0.00513492832334251203 0.00000000099999999997 0.00000000099999999997 
0.99999999100000014352 0.00000000099999999986 0.00000000099999999986 0.00000000099999999986 0.00000000099999999986 0.00000000099999999986 0.00000000099999999986 0.00000000099999999986 0.00000000099999999986 0.00000000099999999986 
0.00000000099999999963 0.00000000099999999963 0.00000000099999999963 0.00000000099999999963 0.00000000099999999963 0.99999999100000003249 0.00000000099999999963 0.00000000099999999963 0.00000000099999999963 0.00000000099999999963 
0.00000000099999999999 0.31030353841241675728 0.29343640393302289349 0.00000000099999999999 0.00000000099999999999 0.00302069703711973147 0.07256661840196462765 0.00584655257515056745 0.31482618564032560649 0.00000000099999999999 
0.00000000099999999958 0.00000000099999999958 0.00000000099999999958 0.00000000099999999958 0.00000000099999999958 0.99999999100000014352 0.00000000099999999958 0.00000000099999999958 0.00000000099999999958 0.00000000099999999958 
0.00000000099999999985 0.00000000099999999985 0.00000000099999999985 0.00000000099999999985 0.00000000099999999985 0.00000000099999999985 0.00000000099999999985 0.99999999100000003249 0.00000000099999999985 0.00000000099999999985 
0.99999999100000014352 0.00000000099999999988 0.00000000099999999988 0.00000000099999999988 0.00000000099999999988 0.00000000099999999988 0.00000000099999999988 0.00000000099999999988 0.00000000099999999988 0.00000000099999999988 
0.00000000099999999953 0.00000000099999999953 0.00000000099999999953 0.00000000099999999953 0.00000000099999999953 0.99999999100000014352 0.00000000099999999953 0.00000000099999999953 0.00000000099999999953 0.00000000099999999953 
0.00000000099999999956 0.00000000099999999956 0.00000000099999999956 0.00000000099999999956 0.00000000099999999956 0.99999999100000014352 0.00000000099999999956 0.00000000099999999956 0.00000000099999999956 0.00000000099999999956 
0.62425941859438893733 0.00000000099999999995 0.00000000099999999995 0.00000000099999999995 0.00000000099999999995 0.00000000099999999995 0.00000000099999999995 0.37574057340561117790 0.00000000099999999995 0.00000000099999999995 
0.00000000099999999983 0.00000000099999999983 0.00000000099999999983 0.00000000099999999983 0.00000000099999999983 0.00000000099999999983 0.00000000099999999983 0.99999999100000003249 0.00000000099999999983 0.00000000099999999983 
0.41615746232732103715 0.00000000099999999995 0.00000000099999999995 0.00000000099999999995 0.00000000099999999995 0.00000000099999999995 0.00000000099999999995 0.58384252967267880052 0.00000000099999999995 0.00000000099999999995 
0.00000000099999999964 0.00000000099999999964 0.00000000099999999964 0.00000000099999999964 0.00000000099999999964 0.99999999100000003249 0.00000000099999999964 0.00000000099999999964 0.00000000099999999964 0.00000000099999999964 
0.03792361887966464590 0.15092302116996461625 0.35745881683049129940 0.04486582288633853693 0.00000000099999999999 0.00916620708099975812 0.13288348660776816423 0.00000000099999999999 0.07651200206403697968 0.19026702248073623647 
0.00000000099999999998 0.16798645064674086469 0.38466697397589927343 0.35360949711814221308 0.00000000099999999998 0.01950404682645206014 0.00000000099999999998 0.00000000099999999998 0.00000000099999999998 0.07423302643276569190 
0.00000000099999999995 0.72426156108408945578 0.00000000099999999995 0.27573843091591082599 0.00000000099999999995 0.00000000099999999995 0.00000000099999999995 0.00000000099999999995 0.00000000099999999995 0.00000000099999999995 
0.00000000099999999988 0.00000000099999999988 0.99999999100000003249 0.00000000099999999988 0.00000000099999999988 0.00000000099999999988 0.00000000099999999988 0.00000000099999999988 0.00000000099999999988 0.00000000099999999988 
0.48491177183203554302 0.00000000099999999993 0.00000000099999999993 0.00000000099999999993 0.00000000099999999993 0.00000000099999999993 0.00000000099999999993 0.51508822016796429466 0.00000000099999999993 0.00000000099999999993 
0.00000000099999999996 0.00000000099999999996 0.00000000099999999996 0.34590885107148799937 0.00000000099999999996 0.00000000099999999996 0.00000000099999999996 0.00000000099999999996 0.65409114092851172728 0.00000000099999999996 
0.00000000099999999949 0.00000000099999999949 0.00000000099999999949 0.00000000099999999949 0.99999999100000003249 0.00000000099999999949 0.00000000099999999949 0.00000000099999999949 0.00000000099999999949 0.00000000099999999949 
0.00000000099999999996 0.14941048092269734737 0.37404874470359067429 0.00000000099999999996 0.00000000099999999996 0.00000000099999999996 0.00217909960224939303 0.00000000099999999996 0.00265835631762597864 0.47170331345383681443 
0.00000000099999999950 0.00000000099999999950 0.00000000099999999950 0.00000000099999999950 0.99999999100000003249 0.00000000099999999950 0.00000000099999999950 0.00000000099999999950 0.00000000099999999950 0.00000000099999999950 
0.02704519969503333190 0.32042908464084879361 0.05211164819902762424 0.00000000099999999998 0.00000000099999999998 0.00000000099999999998 0.19167424718090519953 0.00000000099999999998 0.40873981528418501519 0.00000000099999999998 
0.00000000099999999951 0.00000000099999999951 0.00000000099999999951 0.00000000099999999951 0.99999999100000003249 0.00000000099999999951 0.00000000099999999951 0.00000000099999999951 0.00000000099999999951 0.00000000099999999951 
0.00000000099999999982 0.00000000099999999982 0.00000000099999999982 0.00000000099999999982 0.00000000099999999982 0.00000000099999999982 0.00000000099999999982 0.00000000099999999982 0.00000000099999999982 0.99999999099999992147 
0.00000000099999999997 0.41049233744300928084 0.00000000099999999997 0.58950765455699083439 0.00000000099999999997 0.00000000099999999997 0.00000000099999999997 0.00000000099999999997 0.00000000099999999997 0.00000000099999999997 
0.99999999100000025454 0.00000000099999999985 0.00000000099999999985 0.00000000099999999985 0.00000000099999999985 0.00000000099999999985 0.00000000099999999985 0.00000000099999999985 0.00000000099999999985 0.00000000099999999985 
0.00000000099999999990 0.99999999100000025454 0.00000000099999999990 0.00000000099999999990 0.00000000099999999990 0.00000000099999999990 0.00000000099999999990 0.00000000099999999990 0.00000000099999999990 0.00000000099999999990 
0.00000000099999999951 0.00000000099999999951 0.00000000099999999951 0.00000000099999999951 0.99999999100000014352 0.00000000099999999951 0.00000000099999999951 0.00000000099999999951 0.00000000099999999951 0.00000000099999999951 
0.00000000099999999956 0.00000000099999999956 0.00000000099999999956 0.00000000099999999956 0.99999999100000003249 0.00000000099999999956 0.00000000099999999956 0.00000000099999999956 0.00000000099999999956 0.00000000099999999956 
0.00000000099999999999 0.12617968149307925985 0.17729438303101333063 0.35986405272774629749 0.00000000099999999999 0.00484163929198158562 0.03496054800664722545 0.09472980053159579805 0.20212989191793642729 0.00000000099999999999 
0.50817542984597552369 0.00000000099999999992 0.00000000099999999992 0.00000000099999999992 0.00000000099999999992 0.00000000099999999992 0.00000000099999999992 0.49182456215402470256 0.00000000099999999992 0.00000000099999999992 
0.00000000099999999966 0.00000000099999999966 0.00000000099999999966 0.00000000099999999966 0.00000000099999999966 0.99999999100000014352 0.00000000099999999966 0.00000000099999999966 0.00000000099999999966 0.00000000099999999966 
0.99999999100000014352 0.00000000099999999986 0.00000000099999999986 0.00000000099999999986 0.00000000099999999986 0.00000000099999999986 0.00000000099999999986 0.00000000099999999986 0.00000000099999999986 0.00000000099999999986 
0.01844083575797650018 0.51736161806271219188 0.00000000099999999998 0.00000000099999999998 0.00000000099999999998 0.00000000099999999998 0.12652066967589933877 0.00000000099999999998 0.00000000099999999998 0.33767687050341216315 
0.00000000099999999946 0.00000000099999999946 0.00000000099999999946 0.00000000099999999946 0.99999999100000003249 0.00000000099999999946 0.00000000099999999946 0.00000000099999999946 0.00000000099999999946 0.00000000099999999946 
0.00000000099999999948 0.00000000099999999948 0.00000000099999999948 0.00000000099999999948 0.00000000099999999948 0.99999999100000003249 0.00000000099999999948 0.00000000099999999948 0.00000000099999999948 0.00000000099999999948 
0.00000000099999999958 0.00000000099999999958 0.00000000099999999958 0.00000000099999999958 0.99999999100000003249 0.00000000099999999958 0.00000000099999999958 0.00000000099999999958 0.00000000099999999958 0.00000000099999999958 
0.00000000099999999990 0.00000000099999999990 0.00000000099999999990 0.99999999100000003249 0.00000000099999999990 0.00000000099999999990 0.00000000099999999990 0.00000000099999999990 0.00000000099999999990 0.00000000099999999990 
0.00000000099999999977 0.00000000099999999977 0.00000000099999999977 0.00000000099999999977 0.00000000099999999977 0.00000000099999999977 0.00000000099999999977 0.99999999100000003249 0.00000000099999999977 0.00000000099999999977 
0.99999999100000014352 0.00000000099999999987 0.00000000099999999987 0.00000000099999999987 0.00000000099999999987 0.00000000099999999987 0.00000000099999999987 0.00000000099999999987 0.00000000099999999987 0.00000000099999999987 
0.20950224333659861475 0.19483237100262826291 0.14255623800770442222 0.00000000099999999999 0.00000000099999999999 0.00000000099999999999 0.12350588735819821584 0.00861246535397705917 0.18195155899153636625 0.13903923294935718880 
0.00000000099999999999 0.34049863969331378710 0.00083971687494151129 0.64252687090276228155 0.00000000099999999999 0.01613476652898241867 0.00000000099999999999 0.00000000099999999999 0.00000000099999999999 0.00000000099999999999 
0.00000000099999999998 0.23250034476723749344 0.35430745430868265666 0.11575821262843893900 0.00000000099999999998 0.00000000099999999998 0.00000000099999999998 0.00000000099999999998 0.20089584051606704240 0.09653814277957416257 
0.00000000099999999998 0.00696024138388730371 0.26262779313982670404 0.31580202874507434796 0.00000000099999999998 0.00000000099999999998 0.13104636024229859848 0.00007999418709409111 0.17195881161074114130 0.11152476769107794174 
0.00000000099999999996 0.00000000099999999996 0.71872843820757792432 0.00000000099999999996 0.00000000099999999996 0.00000000099999999996 0.28127155019672622771 0.00000000099999999996 0.00000000459569584551 0.00000000099999999996 
0.00000000099999999994 0.00000000099999999994 0.59086112792592582199 0.00000000099999999994 0.00000000099999999994 0.00000000099999999994 0.00000000099999999994 0.00000000099999999994 0.00000000099999999994 0.40913886407407423773 
0.00000000099999999992 0.00000000099999999992 0.99999999100000014352 0.00000000099999999992 0.00000000099999999992 0.00000000099999999992 0.00000000099999999992 0.00000000099999999992 0.00000000099999999992 0.00000000099999999992 
0.00000000099999999998 0.00000000099999999998 0.47871005685423606568 0.26478258650841102195 0.00000000099999999998 0.00000000099999999998 0.11525136704343783012 0.00000000099999999998 0.00000000099999999998 0.14125598359391508541 
0.03273465871535261029 0.42452502279376763683 0.15446757996675081204 0.18038865866961548146 0.00000000099999999998 0.00000000099999999998 0.00000000099999999998 0.00000000099999999998 0.20788407485451340651 0.00000000099999999998 
0.70185775868343247552 0.00000000099999999994 0.00000000099999999994 0.00000000099999999994 0.00000000099999999994 0.00000000099999999994 0.00000000099999999994 0.29814223331656769522 0.00000000099999999994 0.00000000099999999994 
0.49240735764140036723 0.01842006404832540953 0.00000000099999999996 0.00000000099999999996 0.00000000099999999996 0.00000000099999999996 0.00000000099999999996 0.48917257131027425121 0.00000000099999999996 0.00000000099999999996 
0.00000000099999999970 0.00000000099999999970 0.00000000099999999970 0.00000000099999999970 0.99999999100000003249 0.00000000099999999970 0.00000000099999999970 0.00000000099999999970 0.00000000099999999970 0.00000000099999999970 
0.44414636069923929540 0.00000000099999999995 0.00000000099999999995 0.00000000099999999995 0.00000000099999999995 0.00000000099999999995 0.00000000099999999995 0.55585363130076059779 0.00000000099999999995 0.00000000099999999995 
0.47498069209979132399 0.00000000099999999996 0.00000000099999999996 0.00001593484298633100 0.00000000099999999996 0.00000000099999999996 0.00000000099999999996 0.52500336605722219829 0.00000000099999999996 0.00000000099999999996 
0.01495504853722430874 0.28454525163404620347 0.31966603462278120329 0.10706106766764506011 0.00000000099999999999 0.00051724957046000324 0.11693430756703966644 0.00000000099999999999 0.15632103732846183708 0.00000000107234178520 
0.00000000099999999940 0.00000000099999999940 0.00000000099999999940 0.00000000099999999940 0.99999999100000014352 0.00000000099999999940 0.00000000099999999940 0.00000000099999999940 0.00000000099999999940 0.00000000099999999940 
0.00000000099999999998 0.30633894459354038542 0.34843622708939397947 0.04392458449308760116 0.00000000099999999998 0.00000000099999999998 0.08400436003142326691 0.00000000099999999998 0.00000000099999999998 0.21729587879255501948 
0.00850154036264900818 0.18899008671887196353 0.21759876529972860260 0.12106916607214343595 0.00000000099999999999 0.00000000099999999999 0.12872901012472298676 0.00000000099999999999 0.12565548696701547837 0.20945594145486853832 
0.00000000099999999993 0.00000000099999999993 0.00000000099999999993 0.99999999100000003249 0.00000000099999999993 0.00000000099999999993 0.00000000099999999993 0.00000000099999999993 0.00000000099999999993 0.00000000099999999993 
0.00000000099999999999 0.45471061908366000592 0.00673013660850613378 0.02313366489802130485 0.00000000099999999999 0.00000000103484593794 0.05037286923029725416 0.02448079640943778834 0.31301816899553469575 0.12755374173969691309 
0.00000000099999999994 0.76723519090243841312 0.00000000099999999994 0.00000000099999999994 0.00000000099999999994 0.00000000099999999994 0.23276480109756184089 0.00000000099999999994 0.00000000099999999994 0.00000000099999999994 
0.00000000099999999993 0.00000000099999999993 0.00000000099999999993 0.99999999100000003249 0.00000000099999999993 0.00000000099999999993 0.00000000099999999993 0.00000000099999999993 0.00000000099999999993 0.00000000099999999993 
0.00000000099999999998 0.62329055872156169382 0.05236133929098132911 0.32434803702308656614 0.00000000099999999998 0.00000000099999999998 0.00000005896437046647 0.00000000099999999998 0.00000000099999999998 0.00000000099999999998 
0.00000000099999999998 0.00000000099999999998 0.54083819179868153348 0.00000000099999999998 0.00000000099999999998 0.00000000099999999998 0.00000000099999999998 0.00000000099999999998 0.23565732482566081885 0.22350447637565765135 
0.00000000099999999995 0.98962934861934948039 0.00000000099999999995 0.00000000099999999995 0.00000000099999999995 0.01037064338065064699 0.00000000099999999995 0.00000000099999999995 0.00000000099999999995 0.00000000099999999995 
0.00000000099999999998 0.33233763555061190953 0.32503140761687904225 0.00000000099999999998 0.00000000099999999998 0.00000000099999999998 0.00000000099999999998 0.00000000099999999998 0.00000000099999999998 0.34263094983250913517 
0.00000000099999999989 0.99999999100000025454 0.00000000099999999989 0.00000000099999999989 0.00000000099999999989 0.00000000099999999989 0.00000000099999999989 0.00000000099999999989 0.00000000099999999989 0.00000000099999999989 
0.00000000099999999992 0.00000000099999999992 0.00000000099999999992 0.99999999100000014352 0.00000000099999999992 0.00000000099999999992 0.00000000099999999992 0.00000000099999999992 0.00000000099999999992 0.00000000099999999992 
0.00000000099999999998 0.29723568422627999475 0.17900485258459755689 0.00000000099999999998 0.00000000099999999998 0.00751199864740743819 0.14099566223733156489 0.00000000099999999998 0.25023415003591353845 0.12501764826846989420 
0.00000000099999999990 0.00000000099999999990 0.00000000099999999990 0.99999999100000014352 0.00000000099999999990 0.00000000099999999990 0.00000000099999999990 0.00000000099999999990 0.00000000099999999990 0.00000000099999999990 
0.00000000099999999996 0.00000023894627742008 0.00026511494975812018 0.59244504928100705232 0.00000000099999999996 0.00000000099999999996 0.00467709730701703838 0.00000000099999999996 0.04613982340488465700 0.35647267211105571061 
0.00000391573384309000 0.24238615377507422011 0.37259717459593499900 0.16934217626063302609 0.00000000099999999998 0.00000000099999999998 0.12888214453281737759 0.02374328891684544460 0.06304514318485199276 0.00000000099999999998 
0.00000000099999999998 0.43657825174750342079 0.15546210715393604662 0.00000000870637435200 0.00000000099999999998 0.00000000099999999998 0.01416913642615744325 0.00000000099999999998 0.00000054600139131076 0.39378994596463728906 
0.00000000099999999993 0.00000000099999999993 0.99999999100000014352 0.00000000099999999993 0.00000000099999999993 0.00000000099999999993 0.00000000099999999993 0.00000000099999999993 0.00000000099999999993 0.00000000099999999993 
0.00000000099999999998 0.15399616516005490419 0.14629707834600358396 0.25693757724608506932 0.00000000099999999998 0.00000000099999999998 0.03679982573711383653 0.00000000099999999998 0.40596934851074262252 0.00000000099999999998 
0.00000000099999999993 0.99999999100000025454 0.00000000099999999993 0.00000000099999999993 0.00000000099999999993 0.00000000099999999993 0.00000000099999999993 0.00000000099999999993 0.00000000099999999993 0.00000000099999999993 
0.00000000100000000000 0.00000000100000000000 0.00086619643628357314 0.48253799987364165425 0.06790218502231601394 0.00000000100000000000 0.23442038899912848171 0.01423740792807607486 0.20003581774055409492 0.00000000100000000000 
0.00000000099999999995 0.78428165453969467258 0.00000000099999999995 0.00000000099999999995 0.00000000099999999995 0.00000000099999999995 0.21571833746030541490 0.00000000099999999995 0.00000000099999999995 0.00000000099999999995 
0.00000000099999999980 0.00000000099999999980 0.00000000099999999980 0.00000000099999999980 0.00000000099999999980 0.00000000099999999980 0.99999999099999992147 0.00000000099999999980 0.00000000099999999980 0.00000000099999999980 
0.00000000099999999995 0.00000692873497372667 0.00000000099999999995 0.66231632006780161159 0.00000000099999999995 0.00000000099999999995 0.33105913117021140701 0.00000000099999999995 0.00661634816314254567 0.00000126686387090207 
0.00000000099999999997 0.00000000099999999997 0.43154752273678792518 0.35394037237630426862 0.00000000099999999997 0.00743664489442498553 0.08101252304326696241 0.00000000099999999997 0.00000000137077816188 0.12606293157843762032 
0.00000000099999999995 0.00000000099999999995 0.00000000099999999995 0.00000000099999999995 0.00000000099999999995 0.00000000099999999995 0.25059573554963088249 0.00000000099999999995 0.74940425645036901070 0.00000000099999999995 
0.00000000099999999984 0.00000000099999999984 0.00000000099999999984 0.00000000099999999984 0.00000000099999999984 0.00000000099999999984 0.99999999099999992147 0.00000000099999999984 0.00000000099999999984 0.00000000099999999984 
0.00000000099999999999 0.35852769537502399144 0.25736118941002661398 0.00000012069647429126 0.00000000099999999999 0.00521714448488646253 0.13113410956675516927 0.00002193612366462009 0.24600336607438846870 0.00173443626878048919 
0.00000000099999999997 0.15201840677903105670 0.00000000099999999997 0.27776953536795689903 0.00000000099999999997 0.00000000099999999997 0.00162034961084353102 0.00000000099999999997 0.27147562587762830155 0.29711607736454015427 
0.00000000099999999988 0.00000000099999999988 0.00000000099999999988 0.00000000099999999988 0.00000000099999999988 0.00000000099999999988 0.00000000099999999988 0.00000000099999999988 0.99999999099999992147 0.00000000099999999988 
0.99999999100000025454 0.00000000099999999988 0.00000000099999999988 0.00000000099999999988 0.00000000099999999988 0.00000000099999999988 0.00000000099999999988 0.00000000099999999988 0.00000000099999999988 0.00000000099999999988 
0.00000000099999999984 0.00000000099999999984 0.00000000099999999984 0.00000000099999999984 0.00000000099999999984 0.00000000099999999984 0.00000000099999999984 0.99999999100000003249 0.00000000099999999984 0.00000000099999999984 
0.00000000099999999960 0.00000000099999999960 0.00000000099999999960 0.00000000099999999960 0.99999999100000003249 0.00000000099999999960 0.00000000099999999960 0.00000000099999999960 0.00000000099999999960 0.00000000099999999960 
0.00000000099999999951 0.00000000099999999951 0.00000000099999999951 0.00000000099999999951 0.00000000099999999951 0.99999999100000003249 0.00000000099999999951 0.00000000099999999951 0.00000000099999999951 0.00000000099999999951 
0.53398047342900689660 0.00000000099999999999 0.00000000099999999999 0.00000000099999999999 0.00000000099999999999 0.03206254807236067622 0.00000000099999999999 0.34683892348006811757 0.00000000099999999999 0.08711804901856452787 
0.00000000099999999997 0.00000000920554340017 0.29775267989249104561 0.15610027426255054794 0.00000000099999999997 0.00000000099999999997 0.07895787256390568443 0.00000000099999999997 0.18419934892975209362 0.28298981114575716411 
0.00013079190550678384 0.01695157650753291445 0.00000044805328569593 0.00012222185209821991 0.00000000099999999996 0.00000000099999999996 0.00000000099999999996 0.00000000099999999996 0.48707875404276534947 0.49571620363881102600 
0.00000000099999999985 0.00000000099999999985 0.00000000099999999985 0.00000000099999999985 0.00000000099999999985 0.00000000099999999985 0.00000000099999999985 0.99999999099999992147 0.00000000099999999985 0.00000000099999999985 
0.00000000099999999997 0.00000000776246316829 0.00000000099999999997 0.39122141397818188668 0.00000000099999999997 0.00000000099999999997 0.07781157111235655066 0.00000000105899134133 0.20596498454038006387 0.32500201754762703121 
0.00000000099999999992 0.00000000099999999992 0.00000000099999999992 0.99999999100000014352 0.00000000099999999992 0.00000000099999999992 0.00000000099999999992 0.00000000099999999992 0.00000000099999999992 0.00000000099999999992 
0.00000000099999999989 0.00000000099999999989 0.00000000099999999989 0.00000000099999999989 0.00000000099999999989 0.00000000099999999989 0.00000000099999999989 0.00000000099999999989 0.99999999099999992147 0.00000000099999999989 
0.00000000099999999947 0.00000000099999999947 0.00000000099999999947 0.00000000099999999947 0.99999999100000003249 0.00000000099999999947 0.00000000099999999947 0.00000000099999999947 0.00000000099999999947 0.00000000099999999947 
0.00000000099999999950 0.00000000099999999950 0.00000000099999999950 0.00000000099999999950 0.99999999100000003249 0.00000000099999999950 0.00000000099999999950 0.00000000099999999950 0.00000000099999999950 0.00000000099999999950 
0.00000000099999999940 0.00000000099999999940 0.00000000099999999940 0.00000000099999999940 0.99999999100000003249 0.00000000099999999940 0.00000000099999999940 0.00000000099999999940 0.00000000099999999940 0.00000000099999999940 
0.00000000099999999942 0.00000000099999999942 0.00000000099999999942 0.00000000099999999942 0.99999999100000014352 0.00000000099999999942 0.00000000099999999942 0.00000000099999999942 0.00000000099999999942 0.00000000099999999942 
0.00000000099999999944 0.00000000099999999944 0.00000000099999999944 0.00000000099999999944 0.99999999100000003249 0.00000000099999999944 0.00000000099999999944 0.00000000099999999944 0.00000000099999999944 0.00000000099999999944 
0.31081234134575741468 0.00000000099999999994 0.00000000099999999994 0.00000000099999999994 0.00000000099999999994 0.00000000099999999994 0.00000000099999999994 0.68918765065424236749 0.00000000099999999994 0.00000000099999999994 
0.00000000099999999998 0.42659226686262857742 0.00000000099999999998 0.00000000099999999998 0.00000000099999999998 0.00000000099999999998 0.24741875451851161327 0.00000000099999999998 0.32598897161885970197 0.00000000099999999998 
0.00000000099999999943 0.00000000099999999943 0.00000000099999999943 0.00000000099999999943 0.99999999100000014352 0.00000000099999999943 0.00000000099999999943 0.00000000099999999943 0.00000000099999999943 0.00000000099999999943 
0.00000000099999999951 0.00000000099999999951 0.00000000099999999951 0.00000000099999999951 0.99999999100000003249 0.00000000099999999951 0.00000000099999999951 0.00000000099999999951 0.00000000099999999951 0.00000000099999999951 
0.00000000099999999949 0.00000000099999999949 0.00000000099999999949 0.00000000099999999949 0.00000000099999999949 0.99999999100000014352 0.00000000099999999949 0.00000000099999999949 0.00000000099999999949 0.00000000099999999949 
0.00000000099999999949 0.00000000099999999949 0.00000000099999999949 0.00000000099999999949 0.00000000099999999949 0.99999999100000014352 0.00000000099999999949 0.00000000099999999949 0.00000000099999999949 0.00000000099999999949 
0.00000000099999999997 0.14689422659891532286 0.42302158443530568643 0.33835941467582020259 0.00000000099999999997 0.00000000099999999997 0.00528173739941585531 0.00000000099999999997 0.00000000099999999997 0.08644303189054318437 
0.00000000099999999947 0.00000000099999999947 0.00000000099999999947 0.00000000099999999947 0.99999999100000014352 0.00000000099999999947 0.00000000099999999947 0.00000000099999999947 0.00000000099999999947 0.00000000099999999947 
0.00000000099999999998 0.43448714104923186197 0.21502449033288034697 0.00000018240688693901 0.00000000099999999998 0.00000000099999999998 0.17385350255681505938 0.00000000099999999998 0.00000000099999999998 0.17663467865418600034 
0.00000000099999999991 0.26079875711486266709 0.00000000099999999991 0.00000000099999999991 0.00000000099999999991 0.00000000099999999991 0.00000000099999999991 0.00000000099999999991 0.00000000099999999991 0.73920123488513700405 
0.00000000099999999988 0.00000000099999999988 0.00000000099999999988 0.00000000099999999988 0.00000000099999999988 0.00000000099999999988 0.00000000099999999988 0.99999999100000003249 0.00000000099999999988 0.00000000099999999988 
0.00000000136272020328 0.14654442193521063920 0.35356326000068560855 0.00000000427996368957 0.00000000099999999998 0.00000000099999999998 0.11529609746430424799 0.00000000099999999998 0.15802337767825655468 0.22657283427885893667 
0.99999999100000014352 0.00000000099999999985 0.00000000099999999985 0.00000000099999999985 0.00000000099999999985 0.00000000099999999985 0.00000000099999999985 0.00000000099999999985 0.00000000099999999985 0.00000000099999999985 
0.00000000099999999990 0.99999999100000025454 0.00000000099999999990 0.00000000099999999990 0.00000000099999999990 0.00000000099999999990 0.00000000099999999990 0.00000000099999999990 0.00000000099999999990 0.00000000099999999990 
0.99999999100000014352 0.00000000099999999987 0.00000000099999999987 0.00000000099999999987 0.00000000099999999987 0.00000000099999999987 0.00000000099999999987 0.00000000099999999987 0.00000000099999999987 0.00000000099999999987 
0.00000000099999999999 0.24209974212604962185 0.00011221448666116790 0.12196747357082408925 0.00000000099999999999 0.00118972965730656686 0.22299811121776369482 0.00000043214390494894 0.00999172571462474471 0.40164056908286505099 
0.00000000099999999984 0.00000000099999999984 0.00000000099999999984 0.00000000099999999984 0.00000000099999999984 0.00000000099999999984 0.00000000099999999984 0.00000000099999999984 0.00000003934724946504 0.99999995265275043455 
0.00000000099999999951 0.00000000099999999951 0.00000000099999999951 0.00000000099999999951 0.99999999100000003249 0.00000000099999999951 0.00000000099999999951 0.00000000099999999951 0.00000000099999999951 0.00000000099999999951 
0.00000000099999999981 0.00000000099999999981 0.00000000099999999981 0.00000000099999999981 0.00000000099999999981 0.00000000099999999981 0.00000000099999999981 0.99999999099999992147 0.00000000099999999981 0.00000000099999999981 
0.00000000099999999944 0.00000000099999999944 0.00000000099999999944 0.00000000099999999944 0.99999999100000014352 0.00000000099999999944 0.00000000099999999944 0.00000000099999999944 0.00000000099999999944 0.00000000099999999944 
0.00000000099999999944 0.00000000099999999944 0.00000000099999999944 0.00000000099999999944 0.99999999100000003249 0.00000000099999999944 0.00000000099999999944 0.00000000099999999944 0.00000000099999999944 0.00000000099999999944 
0.00000000099999999998 0.57737973102346251686 0.30510510041728172714 0.00000000099999999998 0.00000000099999999998 0.00000000099999999998 0.11751516155925588458 0.00000000099999999998 0.00000000099999999998 0.00000000099999999998 
0.01186409100661864509 0.38389371650529069413 0.04080144344155174629 0.00000000099999999997 0.00000000099999999997 0.00000000099999999997 0.00070972265091934520 0.00000000099999999997 0.34637084472770318655 0.21636017766791620920 
0.00000000099999999995 0.48981227098389801267 0.00000000099999999995 0.51018772101610199154 0.00000000099999999995 0.00000000099999999995 0.00000000099999999995 0.00000000099999999995 0.00000000099999999995 0.00000000099999999995 
0.00000000099999999998 0.30582912193257594247 0.00000029090922930237 0.25291133109521329869 0.00000000099999999998 0.00000000099999999998 0.18384321722091445661 0.00000000099999999998 0.25741603384206696026 0.00000000099999999998 
0.00000000099999999995 0.00000000099999999995 0.00000000099999999995 0.69305710307136703108 0.00000000099999999995 0.00000000099999999995 0.00000000099999999995 0.00000000099999999995 0.00000000099999999995 0.30694288892863308416 
0.00000000099999999991 0.00000000099999999991 0.99999999100000003249 0.00000000099999999991 0.00000000099999999991 0.00000000099999999991 0.00000000099999999991 0.00000000099999999991 0.00000000099999999991 0.00000000099999999991 
0.00000000099999999996 0.32010757079339718922 0.44491074565214572267 0.00000000099999999996 0.00000000099999999996 0.00000000099999999996 0.00000000099999999996 0.00000000099999999996 0.00000002638605902478 0.23498165116839811462 
