0.01927074500085938086 0.00013708301437915518 0.01102808988806912131 0.11706999327987656356 0.51762774471793226994 0.33486634309888352323 0.00000000100000000000 
0.00000000099999999995 0.00000000099999999995 0.27610921643010305493 0.00000000099999999995 0.00000000099999999995 0.00000000099999999995 0.72389077856989691995 
0.00000000099999999993 0.00000000099999999993 0.00000000099999999993 0.00000000099999999993 0.00000000099999999993 0.00000000099999999993 0.99999999400000005867 
0.00000000099999999999 0.00000000099999999999 0.00000000099999999999 0.27753978221668829107 0.54376636363330066448 0.13584188817573200625 0.04285196297427892181 
0.00628305974035237632 0.00000000099999999999 0.00000000099999999999 0.25456383072845251148 0.62949052558793283652 0.10966258094326238048 0.00000000099999999999 
0.00185621987070413302 0.00000000099999999999 0.00000001944311808410 0.23201612043008826292 0.43675844567862920353 0.30337094831563943265 0.02599824526182084941 
0.00000000099999999996 0.00000000099999999996 0.43176563658944905333 0.00000000099999999996 0.00000000099999999996 0.00000000099999999996 0.56823435841055092155 
0.00000000099999999993 0.00000000099999999993 0.30046091388481538376 0.00000000099999999993 0.00000000099999999993 0.00000000099999999993 0.69953908111518459112 
0.00000000099999999994 0.00000000099999999994 0.00000000099999999994 0.99999999400000005867 0.00000000099999999994 0.00000000099999999994 0.00000000099999999994 
0.00000000099999999987 0.00000000099999999987 0.99999999399999994765 0.00000000099999999987 0.00000000099999999987 0.00000000099999999987 0.00000000099999999987 
0.00668129484055981441 0.00000000100000000000 0.00000003647168408858 0.21902121840321428503 0.35009574433835766172 0.41138833152278719840 0.01281337342339696102 
0.00471814541527608260 0.00000000099999999999 0.00683851550507508753 0.19753637367826218374 0.34597673263716710590 0.43639706188063021042 0.00853316988358938239 
0.00349110334715753727 0.00000000099999999999 0.00000000099999999999 0.20689432015340339377 0.64956278774965503509 0.13180595979611173241 0.00824582695367221362 
0.01248692231576773413 0.00000000100000000000 0.00392625667308975530 0.28033400426054333465 0.36847591890907677170 0.33477689584152237057 0.00000000100000000000 
0.01761687889183739461 0.00505933596930846496 0.00000000100000000000 0.31199236117349299358 0.52171362641157192908 0.14361779555378931250 0.00000000100000000000 
0.02808241160889755894 0.00000000099999999999 0.00000000099999999999 0.24239786194640444705 0.40721260983155055380 0.26353672874376604662 0.05877038586938138076 
0.00000000099999999993 0.00000000099999999993 0.00000000099999999993 0.00000000099999999993 0.00000000099999999993 0.99999999399999994765 0.00000000099999999993 
0.00000000099999999994 0.00000000099999999994 0.00000000099999999994 0.00000000099999999994 0.00000000099999999994 0.99999999399999994765 0.00000000099999999994 
0.00650714315208167360 0.00622662925228617374 0.00000000100000000000 0.31332297408012033113 0.43627232465566495589 0.22964101634330943980 0.00802991151653746973 
0.00368744938596799604 0.00000000099999999998 0.00000000099999999998 0.15619748399120184090 0.57092539125673691380 0.26918616777603787682 0.00000350559005540439 
0.00000000099999999999 0.00000000099999999999 0.00000000099999999999 0.21449408217405724342 0.57999935219160525524 0.20550656153007285099 0.00000000110426460833 
0.00000000099999999987 0.00000000099999999987 0.99999999400000005867 0.00000000099999999987 0.00000000099999999987 0.00000000099999999987 0.00000000099999999987 
0.00000000099999999999 0.00000000099999999999 0.00000000099999999999 0.38837058720675043944 0.39941038444861759471 0.18684848230993802987 0.02537054303469386471 
0.00000000099999999988 0.00000000099999999988 0.00000000099999999988 0.99999999399999994765 0.00000000099999999988 0.00000000099999999988 0.00000000099999999988 
0.00000000099999999997 0.00000000099999999997 0.02014151374671857564 0.00000000099999999997 0.40869261529511874409 0.57116586695816262687 0.00000000099999999997 
0.00196309835532222816 0.00000000099999999999 0.00000000099999999999 0.22070560893438440075 0.52377735554514537331 0.25355393416514787619 0.00000000099999999999 
0.99999999400000016969 0.00000000099999999974 0.00000000099999999974 0.00000000099999999974 0.00000000099999999974 0.00000000099999999974 0.00000000099999999974 
0.99999999400000016969 0.00000000099999999970 0.00000000099999999970 0.00000000099999999970 0.00000000099999999970 0.00000000099999999970 0.00000000099999999970 
0.00460766370110861530 0.00000000099999999999 0.00911537571185522255 0.30080214323596538017 0.36875618175041335878 0.31671863360065732884 0.00000000099999999999 
0.00192821036272723895 0.00000000099999999998 0.00000000099999999998 0.52961007624899070212 0.46844414844463305725 0.00001756194364910027 0.00000000099999999998 
0.00000000099999999998 0.00000000099999999998 0.01231185223261961267 0.00192253459553765440 0.40121890618381667037 0.58454669536973224986 0.00000000961829360739 
0.00000000099999999987 0.00000000099999999987 0.99999999400000005867 0.00000000099999999987 0.00000000099999999987 0.00000000099999999987 0.00000000099999999987 
0.35286099684787675113 0.00000000099999999992 0.22509519887782711289 0.42204380027429599931 0.00000000099999999992 0.00000000099999999992 0.00000000099999999992 
0.00000000099999999996 0.00000000099999999996 0.00000000099999999996 0.33319752542376390725 0.00000000099999999996 0.66680246957623601212 0.00000000099999999996 
0.00000000099999999969 0.99999999400000005867 0.00000000099999999969 0.00000000099999999969 0.00000000099999999969 0.00000000099999999969 0.00000000099999999969 
0.00000000099999999961 0.99999999400000016969 0.00000000099999999961 0.00000000099999999961 0.00000000099999999961 0.00000000099999999961 0.00000000099999999961 
0.00000000099999999962 0.99999999400000016969 0.00000000099999999962 0.00000000099999999962 0.00000000099999999962 0.00000000099999999962 0.00000000099999999962 
0.99999999400000005867 0.00000000099999999975 0.00000000099999999975 0.00000000099999999975 0.00000000099999999975 0.00000000099999999975 0.00000000099999999975 
0.99999999400000005867 0.00000000099999999971 0.00000000099999999971 0.00000000099999999971 0.00000000099999999971 0.00000000099999999971 0.00000000099999999971 
0.00000000099999999998 0.00000000099999999998 0.00000000099999999998 0.22851690252407808046 0.77148309247592194993 0.00000000099999999998 0.00000000099999999998 
0.00000000099999999992 0.00000000099999999992 0.00000000099999999992 0.00000000099999999992 0.00000000099999999992 0.00000000099999999992 0.99999999400000005867 
0.99999999400000016969 0.00000000099999999972 0.00000000099999999972 0.00000000099999999972 0.00000000099999999972 0.00000000099999999972 0.00000000099999999972 
0.00566799649972652558 0.00000000099999999999 0.02339417135291174329 0.26848582431045220353 0.35617873214081469113 0.34627327369609461893 0.00000000099999999999 
0.00000000099999999991 0.00000000099999999991 0.00000000099999999991 0.00000000099999999991 0.00000000099999999991 0.00000000099999999991 0.99999999400000005867 
0.99999999400000016969 0.00000000099999999976 0.00000000099999999976 0.00000000099999999976 0.00000000099999999976 0.00000000099999999976 0.00000000099999999976 
0.00000000099999999999 0.00000000099999999999 0.02181485808195574722 0.38209623450293855873 0.59608886790779846976 0.00000003650730726165 0.00000000099999999999 
0.99999999400000005867 0.00000000099999999973 0.00000000099999999973 0.00000000099999999973 0.00000000099999999973 0.00000000099999999973 0.00000000099999999973 
0.00000000099999999992 0.00000000099999999992 0.00000000099999999992 0.00000000099999999992 0.00000000099999999992 0.00000000099999999992 0.99999999400000005867 
0.00000000099999999993 0.00000000099999999993 0.26546438422671042590 0.00000000099999999993 0.00000000099999999993 0.00000000099999999993 0.73453561077328943796 
0.99999999400000005867 0.00000000099999999969 0.00000000099999999969 0.00000000099999999969 0.00000000099999999969 0.00000000099999999969 0.00000000099999999969 
0.99999999400000016969 0.00000000099999999972 0.00000000099999999972 0.00000000099999999972 0.00000000099999999972 0.00000000099999999972 0.00000000099999999972 
0.00000000099999999993 0.00000000099999999993 0.00000000099999999993 0.00000000099999999993 0.00000000099999999993 0.00000000099999999993 0.99999999399999994765 
0.00000000099999999995 0.00000000099999999995 0.50711268345941984403 0.00000000099999999995 0.00000000099999999995 0.00000000099999999995 0.49288731154058018635 
0.00000000099999999993 0.00000000099999999993 0.00000000099999999993 0.00000000099999999993 0.00000000099999999993 0.00000000099999999993 0.99999999400000005867 
0.99999999400000016969 0.00000000099999999976 0.00000000099999999976 0.00000000099999999976 0.00000000099999999976 0.00000000099999999976 0.00000000099999999976 
0.01228608112777199168 0.00000000099999999999 0.04700607689733198036 0.30514684065490227383 0.63556099831999379735 0.00000000099999999999 0.00000000099999999999 
0.01857194746840732172 0.00000000099999999997 0.00000000099999999997 0.00000000099999999997 0.98142804753159262887 0.00000000099999999997 0.00000000099999999997 
0.00000000099999999995 0.00000000099999999995 0.00000000099999999995 0.00000000099999999995 0.99999999400000005867 0.00000000099999999995 0.00000000099999999995 
0.00000000099999999999 0.00000000099999999999 0.00000000099999999999 0.42903590211128916909 0.46993414447868142592 0.08381084980659443684 0.01721910060343501830 
0.00000000099999999995 0.00000000099999999995 0.29708272897490389797 0.00000000099999999995 0.00000000099999999995 0.00000000099999999995 0.70291726602509607691 
0.00000000099999999999 0.00000000099999999999 0.00000000099999999999 0.00000000099999999999 0.53178834601232327639 0.46821164898767669849 0.00000000099999999999 
0.00000000099999999967 0.99999999400000005867 0.00000000099999999967 0.00000000099999999967 0.00000000099999999967 0.00000000099999999967 0.00000000099999999967 
0.00000000099999999995 0.00000000099999999995 0.00000000099999999995 0.00000000099999999995 0.99999999400000005867 0.00000000099999999995 0.00000000099999999995 
0.00000000099999999968 0.99999999400000016969 0.00000000099999999968 0.00000000099999999968 0.00000000099999999968 0.00000000099999999968 0.00000000099999999968 
0.00000000099999999999 0.00000000099999999999 0.00000108570620227803 0.38876213949684745863 0.35817563561545007200 0.21806545188377182698 0.03499568529772826425 
0.00000000099999999968 0.99999999400000016969 0.00000000099999999968 0.00000000099999999968 0.00000000099999999968 0.00000000099999999968 0.00000000099999999968 
0.00000000099999999994 0.00000000099999999994 0.00000000099999999994 0.00000000099999999994 0.00000000099999999994 0.99999999400000005867 0.00000000099999999994 
0.00000000099999999999 0.00000000099999999999 0.00000000099999999999 0.00000000099999999999 0.51749760296842772789 0.48249609514373342778 0.00000629788783890642 
0.00000000099999999993 0.00000000099999999993 0.29082442311100720200 0.00000000099999999993 0.00000000099999999993 0.00000000099999999993 0.70917557188899271736 
0.00000000099999999991 0.00000000099999999991 0.00000000099999999991 0.99999999399999994765 0.00000000099999999991 0.00000000099999999991 0.00000000099999999991 
0.00000000099999999968 0.99999999400000016969 0.00000000099999999968 0.00000000099999999968 0.00000000099999999968 0.00000000099999999968 0.00000000099999999968 
0.00000000099999999971 0.99999999400000005867 0.00000000099999999971 0.00000000099999999971 0.00000000099999999971 0.00000000099999999971 0.00000000099999999971 
0.00666721451850404035 0.00000000099999999999 0.02936124813499498346 0.21503210527664368135 0.25068711182589187292 0.44752601905211786271 0.05072630019184759531 
0.00000000099999999986 0.00000000099999999986 0.99999999400000005867 0.00000000099999999986 0.00000000099999999986 0.00000000099999999986 0.00000000099999999986 
0.99999999400000016969 0.00000000099999999977 0.00000000099999999977 0.00000000099999999977 0.00000000099999999977 0.00000000099999999977 0.00000000099999999977 
0.00000000099999999991 0.00000000099999999991 0.00000000099999999991 0.00000000099999999991 0.00000000099999999991 0.00000000099999999991 0.99999999399999994765 
0.00000000099999999998 0.00000000099999999998 0.00000000099999999998 0.72134141253883554690 0.00000000099999999998 0.26519622142813564780 0.01346236203302887506 
0.00000000099999999965 0.99999999400000005867 0.00000000099999999965 0.00000000099999999965 0.00000000099999999965 0.00000000099999999965 0.00000000099999999965 
0.99999999400000016969 0.00000000099999999967 0.00000000099999999967 0.00000000099999999967 0.00000000099999999967 0.00000000099999999967 0.00000000099999999967 
0.00000000099999999973 0.99999999400000005867 0.00000000099999999973 0.00000000099999999973 0.00000000099999999973 0.00000000099999999973 0.00000000099999999973 
0.00000000099999999997 0.00000000099999999997 0.00000000099999999997 0.00000000099999999997 0.99999999399999994765 0.00000000099999999997 0.00000000099999999997 
0.00000000099999999983 0.00000000099999999983 0.99999999399999994765 0.00000000099999999983 0.00000000099999999983 0.00000000099999999983 0.00000000099999999983 
0.00000000099999999992 0.00000000099999999992 0.00000000099999999992 0.00000000099999999992 0.00000000099999999992 0.00000000099999999992 0.99999999400000005867 
0.00000000099999999998 0.00000000099999999998 0.00000012619709199815 0.00000000383948091179 0.76648618128831225160 0.00000000099999999998 0.23351368567511485153 
0.02045244244532914632 0.00000000099999999999 0.00000000099999999999 0.29917074628107942491 0.36080888144550654628 0.30917606881593723278 0.01039185901214756749 
0.00000000099999999993 0.00000000099999999993 0.00000000099999999993 0.00000000099999999993 0.00000000099999999993 0.99999999400000005867 0.00000000099999999993 
0.00000000099999999993 0.00000000099999999993 0.00000000099999999993 0.00000000099999999993 0.00000000099999999993 0.99999999399999994765 0.00000000099999999993 
0.00000000099999999999 0.00000000099999999999 0.00000000099999999999 0.44856956075152709662 0.55048227572345975744 0.00094815952501316214 0.00000000099999999999 
0.00000000099999999997 0.00000000099999999997 0.00000000099999999997 0.31899122059469220414 0.28565466731833510927 0.39535410808697268870 0.00000000099999999997 
0.00000000099999999996 0.00000000099999999996 0.00000000099999999996 0.00000000099999999996 0.99999999400000005867 0.00000000099999999996 0.00000000099999999996 
0.00000000099999999997 0.00000000099999999997 0.00000000099999999997 0.00000000099999999997 0.99999999400000005867 0.00000000099999999997 0.00000000099999999997 
0.00000000099999999998 0.00000000099999999998 0.00000000099999999998 0.46055216666111742363 0.35619995074207444485 0.14086102947919310058 0.04238685011761492843 
0.00000000099999999991 0.00000000099999999991 0.00000000099999999991 0.00000000099999999991 0.00000000099999999991 0.00000000099999999991 0.99999999400000005867 
0.00000000099999999989 0.00000000099999999989 0.99999999400000005867 0.00000000099999999989 0.00000000099999999989 0.00000000099999999989 0.00000000099999999989 
0.00000000099999999980 0.99999999400000005867 0.00000000099999999980 0.00000000099999999980 0.00000000099999999980 0.00000000099999999980 0.00000000099999999980 
0.00000000099999999997 0.00000000099999999997 0.20968021224703844996 0.00000000099999999997 0.00000000099999999997 0.00000000099999999997 0.79031978275296144165 
0.00000000099999999994 0.00000000099999999994 0.00000000099999999994 0.00000000099999999994 0.00000000099999999994 0.00000000099999999994 0.99999999399999994765 
0.00000000099999999999 0.00000000099999999999 0.02043891250386289590 0.43284673059652734040 0.41469836576519697457 0.13201598813441287050 0.00000000099999999999 
0.00000000099999999961 0.99999999400000016969 0.00000000099999999961 0.00000000099999999961 0.00000000099999999961 0.00000000099999999961 0.00000000099999999961 
0.00000000099999999993 0.00000000099999999993 0.00000000099999999993 0.99999999399999994765 0.00000000099999999993 0.00000000099999999993 0.00000000099999999993 
0.00131403412996992149 0.00000000099999999999 0.02301168765060650559 0.29827665236306721841 0.45923511023291985200 0.21816251362343641595 0.00000000099999999999 
0.00000000099999999999 0.00000000099999999999 0.00000000099999999999 0.00000000099999999999 0.38433122621538107211 0.61566876878461895828 0.00000000099999999999 
0.00199905381547342206 0.00000000100000000000 0.00000042278351960015 0.28746319752164467554 0.31625139666235274616 0.37485077907137692721 0.01943514914563251525 
0.00000000099999999998 0.00000000099999999998 0.00591202530647497605 0.32658048684923041138 0.66750748384429470228 0.00000000099999999998 0.00000000099999999998 
0.00000000099999999999 0.00000000099999999999 0.03693684494817726927 0.32554057221413190693 0.39033933475715248962 0.24718018946489428433 0.00000305661564405933 
0.00000000099999999999 0.00000000099999999999 0.00000000099999999999 0.36301416658909541058 0.23057732739068800831 0.40640850202021661097 0.00000000099999999999 
0.00715743980324988482 0.00000000099999999999 0.01917730190351859404 0.00000000099999999999 0.60331347074526697760 0.37035178454796457981 0.00000000099999999999 
0.02785978376106639301 0.00000000864320960650 0.01883933333695095996 0.14339064676307569646 0.45052274145210591261 0.35938748504359152580 0.00000000100000000000 
0.00000000099999999998 0.00000000099999999998 0.00000000099999999998 0.52774905201235289276 0.00000000099999999998 0.47225094298764697109 0.00000000099999999998 
0.00000000099999999997 0.00000000099999999997 0.00000000099999999997 0.43116911642211014355 0.56883087857788972030 0.00000000099999999997 0.00000000099999999997 
0.00000000099999999996 0.00000000099999999996 0.00000000099999999996 0.00000000099999999996 0.00000000099999999996 0.99999999399999994765 0.00000000099999999996 
0.01016974825654696352 0.00000000099999999998 0.00000000099999999998 0.37625517966629057343 0.61353917116344558469 0.00003589791371689908 0.00000000099999999998 
0.00000000099999999998 0.00000000099999999998 0.00000000099999999998 0.00000000099999999998 0.49240724666416046951 0.49550059687484082627 0.01209215246099880174 
0.00000000099999999999 0.00000000099999999999 0.00070914728808594652 0.30354239713634140196 0.45388247741889403697 0.24186597515667868086 0.00000000099999999999 
0.00000000099999999998 0.00000000099999999998 0.00000000099999999998 0.38235295936317087451 0.58142286155405986658 0.00000000099999999998 0.03622417508276937204 
0.00192303548168236025 0.00000000099999999999 0.01225823808500203262 0.32767543365473744688 0.31206245484516303978 0.34608083593341509854 0.00000000099999999999 
0.00000000099999999999 0.00000000099999999999 0.04755592852187768421 0.32269530045724942324 0.41324982883263239319 0.21649893918824050787 0.00000000099999999999 
0.00000000099999999997 0.00000000099999999997 0.00000000099999999997 0.00000000099999999997 0.99999999399999994765 0.00000000099999999997 0.00000000099999999997 
0.00000000099999999997 0.00000000099999999997 0.00970076387905961617 0.40873835332482494342 0.00000000099999999997 0.58156087879611539915 0.00000000099999999997 
0.00000708706778247470 0.06844873327875423963 0.03225609049736637146 0.06048578281528962930 0.45417380436999693627 0.38462850097081024980 0.00000000100000000000 
0.00000000099999999998 0.00000000099999999998 0.00796269516703621352 0.28577948231106042876 0.31989117812572159805 0.38636664139618182023 0.00000000099999999998 
0.00000000099999999998 0.00000000099999999998 0.00000000099999999998 0.23073340130976197071 0.35192539171073294879 0.40258568158003793513 0.01475552239946712439 
0.00000000099999999996 0.00000000099999999996 0.00000000099999999996 0.26233482342297731460 0.00000000099999999996 0.73766517157702249374 0.00000000099999999996 
0.01338678371204516347 0.00000000099999999998 0.00000000099999999998 0.00000000099999999998 0.40726763788245456954 0.57934557440550016327 0.00000000099999999998 
0.00000000099999999998 0.00000000099999999998 0.00000000099999999998 0.13721132973641939068 0.49585130620300688076 0.35371088291294716655 0.01322647814762651676 
0.00059987353899016967 0.00000000100000000000 0.00000000100000000000 0.45795054181467337306 0.43086664166283999977 0.11058292101674148389 0.00000001996675501345 
0.00310251151709645600 0.00000000099999999998 0.00000000099999999998 0.32172601817378920774 0.40113707988435964857 0.25413402875992108232 0.01990035966483360078 
0.00000000099999999993 0.00000000099999999993 0.00000000099999999993 0.00000000099999999993 0.00000000099999999993 0.99999999399999994765 0.00000000099999999993 
0.00000000099999999997 0.00000000099999999997 0.00000000099999999997 0.22544824546571345936 0.46704540057026333599 0.26265163016989462319 0.04485472079412854834 
0.00000000099999999994 0.00000000099999999994 0.41064042205317358158 0.00000000099999999994 0.00000000099999999994 0.00000000099999999994 0.58935957294682628227 
0.00000000099999999997 0.00000000099999999997 0.50416876964600421118 0.00000000099999999997 0.00000000099999999997 0.00000000099999999997 0.49583122535399570818 
0.00000000099999999974 0.99999999400000005867 0.00000000099999999974 0.00000000099999999974 0.00000000099999999974 0.00000000099999999974 0.00000000099999999974 
0.99999999400000005867 0.00000000099999999968 0.00000000099999999968 0.00000000099999999968 0.00000000099999999968 0.00000000099999999968 0.00000000099999999968 
0.03656158211153540810 0.00000000099999999999 0.29082318471467688559 0.00000000099999999999 0.07362627444236631569 0.00000000099999999999 0.59898895573142119098 
0.00000000099999999995 0.00000000099999999995 0.00000000099999999995 0.00000000099999999995 0.99999999400000005867 0.00000000099999999995 0.00000000099999999995 
0.00000000099999999999 0.00000000099999999999 0.00000000099999999999 0.00000000099999999999 0.60969603926038096198 0.37194461780029264286 0.01835933893932637645 
0.00000000099999999998 0.00000000099999999998 0.49447078914686548590 0.00000000099999999998 0.00000000099999999998 0.00000000099999999998 0.50552920585313432245 
0.00000000099999999998 0.00000000099999999998 0.00000000099999999998 0.31480447389837723504 0.49206794043231100177 0.17037798607761273084 0.02274959659169901310 
0.01063459638901807953 0.00000000099999999998 0.00000000099999999998 0.28305883818302712829 0.48294135153405748362 0.22336521089389715922 0.00000000099999999998 
0.00071057379620571642 0.00000000099999999999 0.00000000099999999999 0.28686680222334748347 0.49630733855479025607 0.21611528242565639091 0.00000000099999999999 
0.00000000099999999965 0.99999999400000005867 0.00000000099999999965 0.00000000099999999965 0.00000000099999999965 0.00000000099999999965 0.00000000099999999965 
0.00000000099999999967 0.99999999400000005867 0.00000000099999999967 0.00000000099999999967 0.00000000099999999967 0.00000000099999999967 0.00000000099999999967 
0.00000000099999999961 0.99999999400000005867 0.00000000099999999961 0.00000000099999999961 0.00000000099999999961 0.00000000099999999961 0.00000000099999999961 
0.00000000099999999962 0.99999999400000016969 0.00000000099999999962 0.00000000099999999962 0.00000000099999999962 0.00000000099999999962 0.00000000099999999962 
0.00000000099999999963 0.99999999400000005867 0.00000000099999999963 0.00000000099999999963 0.00000000099999999963 0.00000000099999999963 0.00000000099999999963 
0.00000000099999999996 0.00000000099999999996 0.56615473897052503993 0.00000000099999999996 0.00000000099999999996 0.00000000099999999996 0.43384525602947493494 
0.00000000099999999997 0.00000000099999999997 0.00000000099999999997 0.00000000099999999997 0.99999999399999994765 0.00000000099999999997 0.00000000099999999997 
0.00000000099999999963 0.99999999400000016969 0.00000000099999999963 0.00000000099999999963 0.00000000099999999963 0.00000000099999999963 0.00000000099999999963 
0.00000000099999999968 0.99999999400000005867 0.00000000099999999968 0.00000000099999999968 0.00000000099999999968 0.00000000099999999968 0.00000000099999999968 
0.99999999400000016969 0.00000000099999999967 0.00000000099999999967 0.00000000099999999967 0.00000000099999999967 0.00000000099999999967 0.00000000099999999967 
0.99999999400000016969 0.00000000099999999967 0.00000000099999999967 0.00000000099999999967 0.00000000099999999967 0.00000000099999999967 0.00000000099999999967 
0.00000000099999999999 0.00000000099999999999 0.00000000099999999999 0.30662726444623683575 0.52691876285471994645 0.16645396869904319215 0.00000000099999999999 
0.00000000099999999965 0.99999999400000005867 0.00000000099999999965 0.00000000099999999965 0.00000000099999999965 0.00000000099999999965 0.00000000099999999965 
0.00000000099999999999 0.00000000099999999999 0.00000011646511903645 0.39118158806454572662 0.60855549528493135814 0.00000000099999999999 0.00026279718540377751 
0.00000000099999999998 0.00000000099999999998 0.00000000099999999998 0.43038420787031106407 0.56918204580356668298 0.00043374232612235821 0.00000000099999999998 
0.00000000099999999989 0.00000000099999999989 0.99999999400000005867 0.00000000099999999989 0.00000000099999999989 0.00000000099999999989 0.00000000099999999989 
0.00000000099999999998 0.00000000099999999998 0.00008761341111060727 0.29979514490230674273 0.36737584290148245225 0.32482783367184125956 0.00791356311325880010 
0.00000000099999999993 0.00000000099999999993 0.34978672972073482361 0.00000000099999999993 0.00000000099999999993 0.00000000099999999993 0.65021326527926515126 
0.00256437865195646144 0.00000000099999999999 0.00000000099999999999 0.25935801683502895942 0.42618211756672125246 0.28736754944631193176 0.02452793549998161585 
0.00000000099999999990 0.00000000099999999990 0.00000000099999999990 0.00000000099999999990 0.00000000099999999990 0.00000000099999999990 0.99999999399999994765 
0.01357949542852672845 0.00000000099999999999 0.01910446516404587514 0.38189755975840583568 0.32610832582977361538 0.25931015181924771396 0.00000000099999999999 
0.01108602003404379234 0.00000000099999999999 0.00000000099999999999 0.31811028801638613350 0.40662710486283232258 0.26417658408673772019 0.00000000099999999999 
0.00000000099999999968 0.99999999400000016969 0.00000000099999999968 0.00000000099999999968 0.00000000099999999968 0.00000000099999999968 0.00000000099999999968 
0.00000000099999999992 0.00000000099999999992 0.00000000099999999992 0.00000000099999999992 0.00000000099999999992 0.00000000099999999992 0.99999999400000005867 
0.00000000099999999963 0.99999999400000016969 0.00000000099999999963 0.00000000099999999963 0.00000000099999999963 0.00000000099999999963 0.00000000099999999963 
0.00000000099999999963 0.99999999400000005867 0.00000000099999999963 0.00000000099999999963 0.00000000099999999963 0.00000000099999999963 0.00000000099999999963 
0.00000000099999999999 0.00000000099999999999 0.00000000099999999999 0.25981613607474662864 0.32994090515700702504 0.39853355996474426615 0.01170939580350193777 
0.00000000099999999998 0.00000000099999999998 0.02831889631564617205 0.23236083409392485621 0.52375905484376961141 0.21556121174665932028 0.00000000099999999998 
0.00000000099999999997 0.00000000099999999997 0.00238762999697469600 0.34819656027973078238 0.64941580572329460352 0.00000000099999999997 0.00000000099999999997 
0.00000000099999999998 0.00000000099999999998 0.00000000099999999998 0.52180485114324670626 0.47819514385675332413 0.00000000099999999998 0.00000000099999999998 
0.00000000099999999994 0.00000000099999999994 0.00000000099999999994 0.00000000099999999994 0.00000000099999999994 0.99999999399999994765 0.00000000099999999994 
0.00268254087044389423 0.00000000099999999998 0.02685519667520466780 0.37608002800749495975 0.36096938954221391427 0.23341284290464242579 0.00000000099999999998 
0.00000000099999999998 0.00000000099999999998 0.00000000099999999998 0.36499976817420498598 0.51040207028722295313 0.12459815753857193810 0.00000000099999999998 
0.00000000099999999994 0.00000000099999999994 0.00000000099999999994 0.00000000099999999994 0.00000000099999999994 0.00000000099999999994 0.99999999400000005867 
0.00000000099999999997 0.00000000099999999997 0.00000000099999999997 0.00000000431219877508 0.53836764086990207545 0.46163235081789916192 0.00000000099999999997 
0.00000000099999999963 0.99999999400000005867 0.00000000099999999963 0.00000000099999999963 0.00000000099999999963 0.00000000099999999963 0.00000000099999999963 
0.00000000099999999998 0.00000000099999999998 0.00000000099999999998 0.00000000099999999998 0.47508560070896294070 0.52491439429103703418 0.00000000099999999998 
0.00000000099999999988 0.99999999400000005867 0.00000000099999999988 0.00000000099999999988 0.00000000099999999988 0.00000000099999999988 0.00000000099999999988 
0.00000000099999999968 0.99999999400000005867 0.00000000099999999968 0.00000000099999999968 0.00000000099999999968 0.00000000099999999968 0.00000000099999999968 
0.00000000099999999998 0.00000000099999999998 0.01365038640322738597 0.00000000099999999998 0.52938587422793159654 0.45618716461719893696 0.00077657175164206661 
0.00206034504351040653 0.00000000099999999998 0.00000000099999999998 0.24333275561839928791 0.75460689533809033325 0.00000000099999999998 0.00000000099999999998 
0.00000000099999999999 0.00000000099999999999 0.02368697255868642410 0.23403572013046960998 0.28601067363790899645 0.45626663067293488085 0.00000000099999999999 
0.00000000099999999971 0.99999999400000005867 0.00000000099999999971 0.00000000099999999971 0.00000000099999999971 0.00000000099999999971 0.00000000099999999971 
0.00000000099999999994 0.00000000099999999994 0.47301489849612254890 0.00000000099999999994 0.00000000099999999994 0.00000000099999999994 0.52698509650387748149 
0.00000000099999999985 0.00000000099999999985 0.99999999400000005867 0.00000000099999999985 0.00000000099999999985 0.00000000099999999985 0.00000000099999999985 
0.00000000099999999968 0.99999999400000016969 0.00000000099999999968 0.00000000099999999968 0.00000000099999999968 0.00000000099999999968 0.00000000099999999968 
0.00000000099999999994 0.00000000099999999994 0.00000000099999999994 0.99999999400000005867 0.00000000099999999994 0.00000000099999999994 0.00000000099999999994 
0.01310412767061588414 0.00000000099999999999 0.00000000099999999999 0.22305409001105577782 0.39205774289175232550 0.32980790621960431874 0.04197613120697172434 
0.00000000099999999969 0.99999999400000016969 0.00000000099999999969 0.00000000099999999969 0.00000000099999999969 0.00000000099999999969 0.00000000099999999969 
0.00000000571087687769 0.00000000099999999998 0.01869914415209140285 0.31486585737290145870 0.28296949327335224611 0.38346549749077801783 0.00000000099999999998 
0.00000000099999999993 0.00000000099999999993 0.31059963354151737258 0.00000000099999999993 0.00000000099999999993 0.00000000099999999993 0.68940036145848249127 
0.10033441756883046403 0.09578515355560157651 0.19074695495160332026 0.00000000099999999999 0.00000000099999999999 0.61313347092396464078 0.00000000099999999999 
0.00000000099999999998 0.00000000099999999998 0.00000000099999999998 0.00000000099999999998 0.99999999399999994765 0.00000000099999999998 0.00000000099999999998 
0.00913397358613742515 0.00000000099999999999 0.00000000099999999999 0.07664294490384301883 0.43482352665845558359 0.44549353612208530961 0.03390601672947864131 
0.01637646633644826086 0.00000000099999999999 0.00000000099999999999 0.23914384752132958334 0.62543221627726408585 0.11891251054366970552 0.00013495732128843873 
0.00000000099999999998 0.00000000099999999998 0.00000000099999999998 0.47508991146720652710 0.00000220402340153567 0.52490788050939185538 0.00000000099999999998 
0.00000000099999999996 0.00000000099999999996 0.00000000099999999996 0.31390580245730026476 0.00000000099999999996 0.68609419254269965460 0.00000000099999999996 
0.00000000099999999999 0.00000000099999999999 0.00000000099999999999 0.45673381855622863235 0.53709719545834266885 0.00616898198542853698 0.00000000099999999999 
0.00636861391963423201 0.00000000099999999999 0.01006423714622376245 0.48145441624344775811 0.50211272969069431493 0.00000000099999999999 0.00000000099999999999 
0.00000000099999999995 0.00000000099999999995 0.00000000099999999995 0.00000000099999999995 0.00000000099999999995 0.99999999399999994765 0.00000000099999999995 
0.00000000099999999993 0.00000000099999999993 0.00000000099999999993 0.00000000099999999993 0.00000000099999999993 0.00000000099999999993 0.99999999399999994765 
0.00000000597294358493 0.00000000099999999998 0.00000002604552995666 0.00000000099999999998 0.54903466341546958152 0.43594620759926105968 0.01501909496679585884 
0.00278376891490075525 0.00000000099999999999 0.00000000099999999999 0.21706034631366424859 0.59671146264766661282 0.18344441912376838189 0.00000000099999999999 
0.00000000099999999999 0.00000000099999999999 0.04767596135278436703 0.31265748071389415363 0.37625926688180838520 0.26340728805151303327 0.00000000099999999999 
0.00000000099999999997 0.00000000099999999997 0.00000005082205119476 0.00000000099999999997 0.53557749011162592012 0.46442245506632290342 0.00000000099999999997 
0.00000000099999999997 0.00000000099999999997 0.05468244007006440449 0.00000000099999999997 0.94531755492993552181 0.00000000099999999997 0.00000000099999999997 
0.00000000099999999995 0.00000000099999999995 0.00000000099999999995 0.00000000099999999995 0.99999999399999994765 0.00000000099999999995 0.00000000099999999995 
0.00000000099999999999 0.00000000099999999999 0.00000000099999999999 0.50099292351284341329 0.48108643639575981998 0.00000000099999999999 0.01792063609139687638 
0.00000000099999999994 0.00000000099999999994 0.00000000099999999994 0.00000000099999999994 0.00000000099999999994 0.00000000099999999994 0.99999999400000005867 
0.01464477174463861553 0.00000000099999999999 0.00000705778332486153 0.10836472793852294783 0.45970972307449753380 0.39910886459557742834 0.01816485386343870412 
0.00803506517682215683 0.00000000099999999999 0.00206530992295497415 0.27961929294036913518 0.53529716239957614299 0.17498316756027751384 0.00000000099999999999 
0.00000000099999999999 0.00400547482677454311 0.00000000099999999999 0.50468390342375302193 0.48816690738739365596 0.00000000099999999999 0.00314371136207885170 
0.00000000099999999997 0.00000000099999999997 0.21678546620186567306 0.00000000099999999997 0.00000000099999999997 0.00000365775901412810 0.78321087203912009844 
0.00000000099999999999 0.01698354615914246177 0.00000000099999999999 0.40434433421365184591 0.55733427583511829795 0.00000000099999999999 0.02133784079208754861 
0.00000000099999999994 0.00000000099999999994 0.00000000099999999994 0.99999999399999994765 0.00000000099999999994 0.00000000099999999994 0.00000000099999999994 
0.00803917312735075509 0.00000000099999999999 0.11595436027641085885 0.19359308962129007092 0.12236566777233459646 0.19773594554744569618 0.36231176265516812363 
0.00000000099999999997 0.00000000099999999997 0.00000000099999999997 0.44957771780004773809 0.52925374527688096027 0.00000000099999999997 0.02116853292307145640 
0.00000000099999999970 0.99999999400000005867 0.00000000099999999970 0.00000000099999999970 0.00000000099999999970 0.00000000099999999970 0.00000000099999999970 
0.00000000099999999994 0.00000000099999999994 0.00000000099999999994 0.99999999399999994765 0.00000000099999999994 0.00000000099999999994 0.00000000099999999994 
0.00000000099999999999 0.00000000099999999999 0.00004529261363486500 0.47370241177424199375 0.30008293688269321864 0.20623875993891260805 0.01993059679051742417 
