0.66115882216697619000 0.00000123931276092413 0.00038403321522273822 0.31601820298170874013 0.02243770232333138631 
0.00000000099999999996 0.00000000099999999996 0.99999999600000000211 0.00000000099999999996 0.00000000099999999996 
0.00000000099999999996 0.00000000099999999996 0.99999999600000000211 0.00000000099999999996 0.00000000099999999996 
0.54535051886944296839 0.00000000099999999999 0.03410076640118991226 0.41898328316297878127 0.00156543056638824363 
0.60294998488660545011 0.00000000100000000000 0.00000000100000000000 0.38697136766351175607 0.01007864544988273763 
0.55226501606121225496 0.00000000099999999999 0.02531266372953549365 0.41944821138734778021 0.00297410782190442573 
0.00000000099999999997 0.00000000099999999997 0.99999999599999989108 0.00000000099999999997 0.00000000099999999997 
0.00000000099999999995 0.00000000099999999995 0.99999999600000000211 0.00000000099999999995 0.00000000099999999995 
0.44771122590637957295 0.00000000099999999999 0.00000037527831542020 0.53646828426477000118 0.01582011355053482282 
0.00000000099999999996 0.00000000099999999996 0.99999999599999989108 0.00000000099999999996 0.00000000099999999996 
0.43059493527139447444 0.00000000099999999999 0.01095367299228114030 0.55200301781169525128 0.00644837292462912062 
0.68760393571923439371 0.00000000099999999999 0.01410794774295635531 0.29159634410762785839 0.00669177143018125867 
0.47103407989923629096 0.00000000099999999999 0.00000000099999999999 0.52571919263498545494 0.00324672546577826687 
0.64193364048332823835 0.00000000100000000000 0.00383049047468996462 0.33922991663512941374 0.01500595140685251003 
0.65468285451852337165 0.00587123325545551005 0.00000000100000000000 0.32221846430320150168 0.01722744692281979323 
0.57966927294658820990 0.00000000099999999999 0.05519078085929628175 0.33479497099428956464 0.03034497419982584016 
0.49953754371401282164 0.00000000099999999999 0.00000826015090609008 0.50045419413508096529 0.00000000099999999999 
0.47793030146823195503 0.00082451569686542718 0.00000000099999999999 0.51930534196035627037 0.00193983987454627595 
0.60601633373838637020 0.00822196965428271392 0.00000000100000000000 0.37804824684679438906 0.00771344876053657591 
0.68928419293349718622 0.00000000099999999998 0.00000000099999999998 0.30551971895180224381 0.00519608611470081562 
0.55433056674365510652 0.00000000099999999999 0.00000000099999999999 0.44566943025634492281 0.00000000099999999999 
0.00000000099999999997 0.00000000099999999997 0.99999999600000000211 0.00000000099999999997 0.00000000099999999997 
0.61740466131808702244 0.00000000099999999999 0.02362375168235109762 0.35897158499956177691 0.00000000099999999999 
0.99999999600000011313 0.00000000099999999997 0.00000000099999999997 0.00000000099999999997 0.00000000099999999997 
0.37392221626941130053 0.00000000099999999998 0.02489959223121938209 0.60117818949936918660 0.00000000099999999998 
0.53747739717477349686 0.00000000099999999999 0.00000000099999999999 0.46160026699871120615 0.00092233382651540072 
0.00000000099999999983 0.00000000099999999983 0.00000000099999999983 0.00000000099999999983 0.99999999600000000211 
0.00000000099999999980 0.00000000099999999980 0.00000000099999999980 0.00000000099999999980 0.99999999600000000211 
0.00000000099999999996 0.00000000099999999996 0.00000000099999999996 0.99999999600000000211 0.00000000099999999996 
0.36267353146850872525 0.00000000099999999998 0.00000000099999999998 0.63102234278199009765 0.00630412374950127963 
0.32237100598237994342 0.00000000099999999998 0.01501996282031523022 0.66260902919730468863 0.00000000099999999998 
0.00000000099999999997 0.00000000099999999997 0.99999999600000000211 0.00000000099999999997 0.00000000099999999997 
0.42123731452296675482 0.00000000099999999996 0.21872142618313356044 0.00000000099999999996 0.36004125729389968580 
0.53498314873360330868 0.00000000099999999999 0.00000000099999999999 0.46501684826639660963 0.00000000099999999999 
0.00000000099999999980 0.99999999600000000211 0.00000000099999999980 0.00000000099999999980 0.00000000099999999980 
0.00000000099999999975 0.99999999600000011313 0.00000000099999999975 0.00000000099999999975 0.00000000099999999975 
0.00000000099999999975 0.99999999600000000211 0.00000000099999999975 0.00000000099999999975 0.00000000099999999975 
0.00000000099999999984 0.00000000099999999984 0.00000000099999999984 0.00000000099999999984 0.99999999600000000211 
0.00000000099999999982 0.00000000099999999982 0.00000000099999999982 0.00000000099999999982 0.99999999600000000211 
0.49245555748961727938 0.00000000099999999999 0.00000000099999999999 0.50754443951038263894 0.00000000099999999999 
0.00000000099999999997 0.00000000099999999997 0.99999999599999989108 0.00000000099999999997 0.00000000099999999997 
0.00000000099999999982 0.00000000099999999982 0.00000000099999999982 0.00000000099999999982 0.99999999600000000211 
0.69761743825458111257 0.00000000099999999999 0.01919245806435770918 0.27382555806909186780 0.00936454461196924159 
0.00000000099999999995 0.00000000099999999995 0.99999999599999989108 0.00000000099999999995 0.00000000099999999995 
0.00000000099999999985 0.00000000099999999985 0.00000000099999999985 0.00000000099999999985 0.99999999599999989108 
0.54577752683038160963 0.00000000099999999999 0.01140760352353346538 0.43676439101970376822 0.00605047762638123970 
0.00000000099999999983 0.00000000099999999983 0.00000000099999999983 0.00000000099999999983 0.99999999599999989108 
0.00000000099999999996 0.00000000099999999996 0.99999999600000000211 0.00000000099999999996 0.00000000099999999996 
0.00000000099999999994 0.00000000099999999994 0.99999999600000000211 0.00000000099999999994 0.00000000099999999994 
0.00000000099999999980 0.00000000099999999980 0.00000000099999999980 0.00000000099999999980 0.99999999599999989108 
0.00000000099999999982 0.00000000099999999982 0.00000000099999999982 0.00000000099999999982 0.99999999599999989108 
0.00000000099999999996 0.00000000099999999996 0.99999999599999989108 0.00000000099999999996 0.00000000099999999996 
0.00000000099999999996 0.00000000099999999996 0.99999999599999989108 0.00000000099999999996 0.00000000099999999996 
0.00000000099999999997 0.00000000099999999997 0.99999999599999989108 0.00000000099999999997 0.00000000099999999997 
0.00000000099999999985 0.00000000099999999985 0.00000000099999999985 0.00000000099999999985 0.99999999600000000211 
0.60620791061253120890 0.00000000100000000000 0.04249636550204206192 0.33477079608780091480 0.01652492679762572816 
0.47496894847920023697 0.00000000100000000000 0.00000000100000000000 0.49969549254182255016 0.02533555697897721046 
0.99999999600000011313 0.00000000099999999997 0.00000000099999999997 0.00000000099999999997 0.00000000099999999997 
0.58228053089247810981 0.00000000099999999999 0.00952818752646225967 0.40714033665023691144 0.00105094393082271484 
0.00000000099999999996 0.00000000099999999996 0.99999999599999989108 0.00000000099999999996 0.00000000099999999996 
0.00000000099999999996 0.00000000099999999996 0.00000000099999999996 0.99999999600000000211 0.00000000099999999996 
0.00000000099999999979 0.99999999600000000211 0.00000000099999999979 0.00000000099999999979 0.00000000099999999979 
0.99935852239577693812 0.00000000099999999998 0.00000079524715947782 0.00000000099999999998 0.00064068035706357296 
0.00000000099999999979 0.99999999600000000211 0.00000000099999999979 0.00000000099999999979 0.00000000099999999979 
0.46191676244251289596 0.00000000099999999999 0.03591630607789837726 0.50216692947958863069 0.00000000099999999999 
0.00000000099999999980 0.99999999600000000211 0.00000000099999999980 0.00000000099999999980 0.00000000099999999980 
0.50109992916819035003 0.00000000099999999999 0.00600774935608895406 0.49119390141699031949 0.00169841905873059033 
0.99999999600000011313 0.00000000099999999999 0.00000000099999999999 0.00000000099999999999 0.00000000099999999999 
0.00000000099999999994 0.00000000099999999994 0.99999999599999989108 0.00000000099999999994 0.00000000099999999994 
0.99999999600000011313 0.00000000099999999996 0.00000000099999999996 0.00000000099999999996 0.00000000099999999996 
0.00000000099999999980 0.99999999600000000211 0.00000000099999999980 0.00000000099999999980 0.00000000099999999980 
0.00000000099999999982 0.99999999600000000211 0.00000000099999999982 0.00000000099999999982 0.00000000099999999982 
0.52045859856989440395 0.00000000099999999999 0.08027082602551294244 0.38789511229253048619 0.01137546211206214367 
0.00000000099999999995 0.00000000099999999995 0.99999999600000000211 0.00000000099999999995 0.00000000099999999995 
0.00000000099999999985 0.00000000099999999985 0.00000000099999999985 0.00000000099999999985 0.99999999600000000211 
0.00000000099999999995 0.00000000099999999995 0.99999999599999989108 0.00000000099999999995 0.00000000099999999995 
0.62945324262646296098 0.00050838941330519903 0.03421800740003123203 0.33582035956020062084 0.00000000100000000000 
0.00000000099999999978 0.99999999600000011313 0.00000000099999999978 0.00000000099999999978 0.00000000099999999978 
0.00000000099999999979 0.00000000099999999979 0.00000000099999999979 0.00000000099999999979 0.99999999600000000211 
0.00000000099999999982 0.99999999600000011313 0.00000000099999999982 0.00000000099999999982 0.00000000099999999982 
0.57747102139109018903 0.00290812642050732994 0.00000000100000000000 0.40154348310849957704 0.01807736807990300079 
0.00000000099999999994 0.00000000099999999994 0.99999999599999989108 0.00000000099999999994 0.00000000099999999994 
0.00000000099999999995 0.00000000099999999995 0.99999999599999989108 0.00000000099999999995 0.00000000099999999995 
0.50468033961820535360 0.00000000099999999999 0.22983139186374379470 0.26264598258252486174 0.00284228493552595362 
0.42269479859736475147 0.00000000099999999999 0.00000075797173713596 0.55559680097500063756 0.02170764145589735780 
0.42500136046601916240 0.00000000099999999998 0.00070905169601519983 0.57428958583796552162 0.00000000099999999998 
0.57734149718265248552 0.00000000099999999999 0.01902189246875964426 0.40363660834858799964 0.00000000099999999999 
0.50345661847835665448 0.00000000099999999999 0.00000000099999999999 0.49654337852164331935 0.00000000099999999999 
0.46248696339546158107 0.00000000099999999997 0.00000000099999999997 0.53751303360453817071 0.00000000099999999997 
0.46061504198841202173 0.00000000099999999998 0.00289250210127724866 0.53649245391031064045 0.00000000099999999998 
0.55916631114119397239 0.00000000099999999999 0.00703540514902636135 0.42632173912958981621 0.00747654358018990609 
0.54503136902638549266 0.00000000099999999999 0.03372053133381360673 0.42124809763980086696 0.00000000099999999999 
0.00000000099999999996 0.00000000099999999996 0.99999999600000000211 0.00000000099999999996 0.00000000099999999996 
0.00947070284876026097 0.00000000099999999998 0.99052929415123980306 0.00000000099999999998 0.00000000099999999998 
0.00000000099999999988 0.99999999600000011313 0.00000000099999999988 0.00000000099999999988 0.00000000099999999988 
0.00000000099999999997 0.00000000099999999997 0.99999999600000000211 0.00000000099999999997 0.00000000099999999997 
0.00000005373500084358 0.00000000099999999998 0.99999994326499908048 0.00000000099999999998 0.00000000099999999998 
0.65395861479514605374 0.00000000099999999999 0.01842137894880307991 0.31973907238484539084 0.00788093287120546562 
0.00000000099999999975 0.99999999600000011313 0.00000000099999999975 0.00000000099999999975 0.00000000099999999975 
0.56116557589596061106 0.00000000099999999999 0.00000000099999999999 0.43499308285832993803 0.00384133924570955604 
0.50485290648405978242 0.00000000099999999999 0.01217710465184410236 0.48011556509557867800 0.00285442276851731675 
0.71753750405749316954 0.00000000100000000000 0.00000088916069078497 0.27817217275543859589 0.00428943302637755947 
0.47313845486029182386 0.00000000100000000000 0.01979441439524013205 0.50516237727714752292 0.00190475246732051563 
0.99999999600000011313 0.00000000099999999997 0.00000000099999999997 0.00000000099999999997 0.00000000099999999997 
0.53775840298430566122 0.00000000100000000000 0.03457177355317692102 0.42766982146251736330 0.00000000100000000000 
0.99999999600000000211 0.00000000099999999998 0.00000000099999999998 0.00000000099999999998 0.00000000099999999998 
0.48539456299245009596 0.00000000099999999999 0.00521086102268254053 0.50293866072953785640 0.00645591425532942350 
0.59135944655209926601 0.00364211767278413119 0.00769080274380198534 0.36819647655174958523 0.02911115647956508817 
0.00000000099999999996 0.00000000099999999996 0.00000000099999999996 0.99999999599999989108 0.00000000099999999996 
0.45811504210599029996 0.00000000099999999998 0.00000000099999999998 0.54188495489400956284 0.00000000099999999998 
0.95187449960378311964 0.00000000100000000000 0.02184114646178108785 0.00000000203548173181 0.02628435089895394747 
0.61176367544573317936 0.00000000099999999999 0.00000000099999999999 0.37911888464195070414 0.00911743791231623725 
0.67688955147213680785 0.00000000100000000000 0.00385128327604230235 0.31925916325182079891 0.00000000100000000000 
0.63345473972109034300 0.00000000099999999999 0.00000000099999999999 0.36654525727890974185 0.00000000099999999999 
0.71981055968712248649 0.00000000099999999999 0.03057586834256940597 0.24961356997030809124 0.00000000099999999999 
0.59751221960902300978 0.00000000100000000000 0.01090072244823242498 0.38583947040296651121 0.00574758653977808058 
0.67544647536377722119 0.00000000099999999999 0.03409487116528645001 0.29045865147093630210 0.00000000099999999999 
0.47356891415846763538 0.00000000099999999999 0.00000000099999999999 0.52643108284153228293 0.00000000099999999999 
0.50674631613633358551 0.00000000099999999999 0.01742448877991212980 0.47582919308375420941 0.00000000099999999999 
0.50624151200285250063 0.06823113696806440420 0.01962062539404154163 0.40211242806847480313 0.00379429756656677860 
0.99999999600000011313 0.00000000099999999997 0.00000000099999999997 0.00000000099999999997 0.00000000099999999997 
0.74949970783432862120 0.00000000099999999998 0.01622194864565210115 0.23427834152001936197 0.00000000099999999998 
0.58025031870071985818 0.00000000099999999998 0.02248751418871011709 0.39726216511057005354 0.00000000099999999998 
0.51330357862989572926 0.00000000099999999999 0.00000000099999999999 0.47203591371065717341 0.01466050565944726838 
0.43396652192244011825 0.00000000099999999998 0.00727837641888445016 0.55875509965867542483 0.00000000099999999998 
0.99999999600000000211 0.00000000099999999999 0.00000000099999999999 0.00000000099999999999 0.00000000099999999999 
0.54741014118608410932 0.00000000099999999999 0.00865030803398730147 0.43632555231681902086 0.00761399746310957581 
0.55245660971238075287 0.00000000099999999999 0.00000000099999999999 0.44754338728761933197 0.00000000099999999999 
0.00000000099999999994 0.00000000099999999994 0.00000000099999999994 0.99999999599999989108 0.00000000099999999994 
0.00000000099999999995 0.00000000099999999995 0.99999999599999989108 0.00000000099999999995 0.00000000099999999995 
0.00000000099999999998 0.00000000099999999998 0.99999999394617178350 0.00000000305382823215 0.00000000099999999998 
0.00000000099999999983 0.99999999600000000211 0.00000000099999999983 0.00000000099999999983 0.00000000099999999983 
0.00000000099999999980 0.00000000099999999980 0.00000000099999999980 0.00000000099999999980 0.99999999600000000211 
0.05388226002279745963 0.00000000100000000000 0.90720491544808523621 0.00000001933354162146 0.03891280419557580084 
0.64230737981318042351 0.00000000099999999998 0.01037328086640770287 0.34731933732041203600 0.00000000099999999998 
0.43500773401036046950 0.00000000100000000000 0.02381505277805552254 0.54117721121158390840 0.00000000100000000000 
0.00000000099999999999 0.00000000099999999999 0.99599064905728673658 0.00000000099999999999 0.00400934794271327888 
0.66084185738605483174 0.00000000099999999999 0.01549274643774941652 0.32366539417619583086 0.00000000099999999999 
0.56432636491860777017 0.00000000099999999998 0.00000000570372643368 0.42459994788856192383 0.01107368048910397675 
0.53420842162312254242 0.00000000099999999999 0.00000000099999999999 0.46546059244085563611 0.00033098393602185630 
0.00000000099999999978 0.99999999600000011313 0.00000000099999999978 0.00000000099999999978 0.00000000099999999978 
0.00000000099999999979 0.99999999600000000211 0.00000000099999999979 0.00000000099999999979 0.00000000099999999979 
0.00000000099999999975 0.99999999600000011313 0.00000000099999999975 0.00000000099999999975 0.00000000099999999975 
0.00000000099999999976 0.99999999600000011313 0.00000000099999999976 0.00000000099999999976 0.00000000099999999976 
0.00000000099999999976 0.99999999600000011313 0.00000000099999999976 0.00000000099999999976 0.00000000099999999976 
0.00000000099999999998 0.00000000099999999998 0.99999999599999989108 0.00000000099999999998 0.00000000099999999998 
0.73129431312235493312 0.00000000099999999999 0.00000000099999999999 0.25960234675907706281 0.00910333811856804155 
0.00000000099999999977 0.99999999600000000211 0.00000000099999999977 0.00000000099999999977 0.00000000099999999977 
0.00000000099999999980 0.99999999600000011313 0.00000000099999999980 0.00000000099999999980 0.00000000099999999980 
0.00000000099999999979 0.00000000099999999979 0.00000000099999999979 0.00000000099999999979 0.99999999600000000211 
0.00000000099999999979 0.00000000099999999979 0.00000000099999999979 0.00000000099999999979 0.99999999599999989108 
0.58950271725735159389 0.00000000099999999999 0.00000000099999999999 0.41049727974264832442 0.00000000099999999999 
0.00000000099999999978 0.99999999600000000211 0.00000000099999999978 0.00000000099999999978 0.00000000099999999978 
0.99999999600000011313 0.00000000099999999998 0.00000000099999999998 0.00000000099999999998 0.00000000099999999998 
0.53030773288973254154 0.00000000099999999999 0.00000000099999999999 0.46969226411026737678 0.00000000099999999999 
0.00001857687777845316 0.00000000099999999998 0.96335060331394295474 0.03663081780827858597 0.00000000099999999998 
0.55608318644373488926 0.00000000099999999999 0.00744714997596987970 0.43646966158029526506 0.00000000099999999999 
0.00000000099999999994 0.00000000099999999994 0.99999999599999989108 0.00000000099999999994 0.00000000099999999994 
0.99975008827231448549 0.00000000099999999998 0.00024990872768541303 0.00000000099999999998 0.00000000099999999998 
0.00000000099999999995 0.00000000099999999995 0.99999999599999989108 0.00000000099999999995 0.00000000099999999995 
0.98336924297712857701 0.00000000099999999999 0.00000000099999999999 0.00000000099999999999 0.01663075402287142110 
0.00000000099999999996 0.00000000099999999996 0.00000000099999999996 0.99999999600000000211 0.00000000099999999996 
0.00000000099999999980 0.99999999600000000211 0.00000000099999999980 0.00000000099999999980 0.00000000099999999980 
0.00000000099999999996 0.00000000099999999996 0.99999999600000000211 0.00000000099999999996 0.00000000099999999996 
0.00000000099999999977 0.99999999600000000211 0.00000000099999999977 0.00000000099999999977 0.00000000099999999977 
0.00000000099999999976 0.99999999600000000211 0.00000000099999999976 0.00000000099999999976 0.00000000099999999976 
0.66183048827044532736 0.00000000099999999999 0.00692713669919439116 0.33124237303036019320 0.00000000099999999999 
0.44439094249230320921 0.00000000099999999998 0.02199576204187438100 0.53361329346582242472 0.00000000099999999998 
0.56936502631854235545 0.00000000099999999998 0.00144386932611507263 0.42919110235534252418 0.00000000099999999998 
0.99999999600000011313 0.00000000099999999998 0.00000000099999999998 0.00000000099999999998 0.00000000099999999998 
0.62970413629288957136 0.00000000099999999999 0.00238353543017651940 0.35445060479413575960 0.01346172248279811287 
0.51578034263494831890 0.00000000099999999999 0.01432206115095621159 0.46411809663087816302 0.00577949858321737033 
0.42842766811825661044 0.00000000099999999998 0.00000000099999999998 0.57157232888174336338 0.00000000099999999998 
0.00000000099999999997 0.00000000099999999997 0.98685492303595789831 0.01314507396404203388 0.00000000099999999997 
0.50831987265903155748 0.00000000099999999998 0.00000000099999999998 0.49168012434096836083 0.00000000099999999998 
0.00000000099999999977 0.99999999600000011313 0.00000000099999999977 0.00000000099999999977 0.00000000099999999977 
0.61547421915207500831 0.00000000100000000000 0.00000000100000000000 0.38452577581623792469 0.00000000303168703739 
0.00000000099999999992 0.99999999600000011313 0.00000000099999999992 0.00000000099999999992 0.00000000099999999992 
0.00000000099999999980 0.99999999600000000211 0.00000000099999999980 0.00000000099999999980 0.00000000099999999980 
0.54336895613474034405 0.00000000099999999999 0.02086043994200187379 0.43577060192325756116 0.00000000099999999999 
0.99999999600000000211 0.00000000099999999998 0.00000000099999999998 0.00000000099999999998 0.00000000099999999998 
0.68728878632169343454 0.00000000099999999999 0.01619332917905902738 0.29651788249924754259 0.00000000099999999999 
0.00000000099999999982 0.99999999600000011313 0.00000000099999999982 0.00000000099999999982 0.00000000099999999982 
0.00000000099999999995 0.00000000099999999995 0.99999999600000000211 0.00000000099999999995 0.00000000099999999995 
0.00000000099999999995 0.00000000099999999995 0.99999999599999989108 0.00000000099999999995 0.00000000099999999995 
0.00000000099999999979 0.99999999600000000211 0.00000000099999999979 0.00000000099999999979 0.00000000099999999979 
0.56167972371591445846 0.00000000100000000000 0.00171381632855773305 0.43119896672203422705 0.00540749223349358717 
0.58653000506500718725 0.00000000100000000000 0.03690686966586631534 0.36173040651340970797 0.01483271775571672231 
0.00000000099999999980 0.99999999600000000211 0.00000000099999999980 0.00000000099999999980 0.00000000099999999980 
0.99999999600000000211 0.00000000099999999998 0.00000000099999999998 0.00000000099999999998 0.00000000099999999998 
0.00000000099999999994 0.00000000099999999994 0.99999999599999989108 0.00000000099999999994 0.00000000099999999994 
0.00000000100000000000 0.10305309098365576792 0.21704505861905162845 0.57659109452226231518 0.10331075487503037225 
0.00000000099999999996 0.00000000099999999996 0.00000000099999999996 0.99999999600000000211 0.00000000099999999996 
0.00000000099999999996 0.00000000099999999996 0.00000000099999999996 0.99999999599999989108 0.00000000099999999996 
0.46624179527856801641 0.00000000099999999999 0.00000000099999999999 0.52151488882122687407 0.01224331390020504465 
0.99518525427188742061 0.00000000099999999998 0.00000000099999999998 0.00000000099999999998 0.00481474272811274230 
0.38968193988093247082 0.00000000099999999998 0.00000000099999999998 0.61031805711906750300 0.00000000099999999998 
0.54476034298305719972 0.00000000099999999999 0.00016894610595260683 0.45507070891099032917 0.00000000099999999999 
0.61397766533275743850 0.00000000099999999999 0.00260500870204969856 0.37013681557269784150 0.01328050939249505145 
0.51780973363931115383 0.00679178270517934168 0.02131924703023027612 0.45088386994665913265 0.00319536667862018852 
0.00000000099999999997 0.00000000099999999997 0.99999999599999989108 0.00000000099999999997 0.00000000099999999997 
0.63554733578600619559 0.00000000099999999999 0.01324300024934934109 0.34376506193078060214 0.00744460103386379579 
0.00000000099999999995 0.00000000099999999995 0.00000000099999999995 0.99999999600000000211 0.00000000099999999995 
0.41137116210809587802 0.00000000099999999999 0.04172716807317139454 0.54690148326161669434 0.00000018555711608126 
0.52964780849621206915 0.00000000099999999998 0.01054210905261267726 0.45981008045117527372 0.00000000099999999998 
0.00000000099999999996 0.00000000099999999996 0.00000000099999999996 0.99999999600000000211 0.00000000099999999996 
0.54593364315351466942 0.00000000099999999999 0.00000000099999999999 0.45406635384648530440 0.00000000099999999999 
0.99999040325861054956 0.00000000099999999999 0.00000959374138940547 0.00000000099999999999 0.00000000099999999999 
0.00000000099999999997 0.00000000099999999997 0.96302337766939438701 0.03697661933060552436 0.00000000099999999997 
0.32503074839034301613 0.00000000099999999999 0.00851705106122194362 0.65076302744817859924 0.01568917210025634959 
0.68845655102076763754 0.00000000099999999999 0.00033191939018532520 0.30022155389179927543 0.01098997469724796727 
0.64047939084131444432 0.01019252820900216384 0.00710819111111147227 0.34221988883857190622 0.00000000100000000000 
0.00000000099999999997 0.00000000099999999997 0.99999999599999989108 0.00000000099999999997 0.00000000099999999997 
0.55063868620656442054 0.01870716264091807496 0.02418158165211154592 0.40647256850040586196 0.00000000100000000000 
0.65829559956661420905 0.00000000100000000000 0.00648564887185695393 0.32760270600283170062 0.00761604455869707882 
0.35012194404566909789 0.00000000099999999999 0.47820700906432284105 0.16236329719508943437 0.00930774869491863416 
0.52153574857620443872 0.00000000099999999998 0.02016420866981111226 0.45830004075398433905 0.00000000099999999998 
0.00000000099999999981 0.99999999600000011313 0.00000000099999999981 0.00000000099999999981 0.00000000099999999981 
0.68870476516608736262 0.00000000099999999999 0.01481429341606728400 0.27878404083051722129 0.01769689958732806670 
0.64227560986118814590 0.00000000100000000000 0.02265827122675012975 0.33259225730293678902 0.00247386060912488728 
