0.29672486788741392338 0.00000000099999999999 0.00000000099999999999 0.17745019577419893220 0.16377935145927807747 0.01374169109165399548 0.00000000099999999999 0.00000000099999999999 0.34830388978745518980 
0.00000000099999999993 0.00000000099999999993 0.00000000099999999993 0.00000000099999999993 0.00000000099999999993 0.00000000099999999993 0.99999999200000000421 0.00000000099999999993 0.00000000099999999993 
0.00000000099999999992 0.00000000099999999992 0.00000000099999999992 0.00000000099999999992 0.00000000099999999992 0.00000000099999999992 0.99999999200000000421 0.00000000099999999992 0.00000000099999999992 
0.22289957074681829297 0.17971313478770403749 0.00000000099999999999 0.25853030331276294351 0.00000000099999999999 0.00022753278285603788 0.02715980739518324832 0.00000000099999999999 0.31146964797467557862 
0.28823347271889021570 0.21723445959292700391 0.00000000099999999999 0.21285462517826359008 0.00000000099999999999 0.00414676600703353833 0.00000000099999999999 0.00000000099999999999 0.27753067250288582235 
0.18048771854900100275 0.25354123234216469074 0.00000000099999999997 0.18088280335208170579 0.08204125047110247260 0.00000000099999999997 0.01829254311001966143 0.00000000099999999997 0.28475444917563036418 
0.00000000099999999994 0.00000000099999999994 0.00000000099999999994 0.00000000099999999994 0.00000000099999999994 0.00000000099999999994 0.99999999199999989319 0.00000000099999999994 0.00000000099999999994 
0.00000000099999999990 0.00000000099999999990 0.00000000099999999990 0.00000000099999999990 0.00000000099999999990 0.00000000099999999990 0.99999999200000000421 0.00000000099999999990 0.00000000099999999990 
0.00000018442992518637 0.31703232233706224452 0.00000000099999999997 0.00000000099999999997 0.00000000099999999997 0.00655466418854766357 0.00000000099999999997 0.00000000099999999997 0.67641282404446478882 
0.00000000099999999993 0.00000000099999999993 0.00000000099999999993 0.00000000099999999993 0.00000000099999999993 0.00000000099999999993 0.99999999200000000421 0.00000000099999999993 0.00000000099999999993 
0.99999999200000011523 0.00000000099999999994 0.00000000099999999994 0.00000000099999999994 0.00000000099999999994 0.00000000099999999994 0.00000000099999999994 0.00000000099999999994 0.00000000099999999994 
0.48083900804110057958 0.14385480745732714958 0.00000000099999999997 0.00089450683631253376 0.09982793578446720606 0.00422282065008409025 0.01584011365109503494 0.00000000099999999997 0.25452080557961348495 
0.43650249509127081460 0.22197337511676218380 0.00000000099999999998 0.23204739090252346490 0.07537595344421793575 0.00000000099999999998 0.00000000099999999998 0.00000000099999999998 0.03410078144522579735 
0.43938549748433758380 0.22356103668625723624 0.00000000099999999998 0.19058384568844158324 0.14236282222001533926 0.00410679392094809737 0.00000000099999999998 0.00000000099999999998 0.00000000099999999998 
0.21237753166094658352 0.11365516386352170208 0.00231214451227956547 0.31561897278644318598 0.09072215456833561398 0.01261555874570243971 0.00000000100000000000 0.00000000502490725486 0.25269846783786364952 
0.26729303798558951000 0.17127734705080013833 0.00000000099999999998 0.13087398828993734856 0.09898175856087466917 0.02612491809091221570 0.04911320213887963859 0.00000000099999999998 0.25633574588300639396 
0.33494606981076141539 0.10167809825851299721 0.00000000099999999998 0.24018102712200972704 0.05929723671659346829 0.00000000099999999998 0.00000000099999999998 0.00000000099999999998 0.26389756409212239419 
0.99999999200000011523 0.00000000099999999994 0.00000000099999999994 0.00000000099999999994 0.00000000099999999994 0.00000000099999999994 0.00000000099999999994 0.00000000099999999994 0.00000000099999999994 
0.36399996885180302408 0.10691612843375795927 0.00000000099999999999 0.00000003407483268656 0.16211721013927243851 0.00016054294037954280 0.00000000099999999999 0.00000000099999999999 0.36680611255995421160 
0.00000000099999999990 0.00000000099999999990 0.00000000099999999990 0.00000000099999999990 0.00000000099999999990 0.00000000099999999990 0.00000000099999999990 0.00000000099999999990 0.99999999199999989319 
0.49437070816005229679 0.01734883525155375000 0.00000000099999999997 0.00000000099999999997 0.12151202735309957204 0.00000000099999999997 0.00000000099999999997 0.00000000099999999997 0.36676842423529465442 
0.00000000099999999994 0.00000000099999999994 0.00000000099999999994 0.00000000099999999994 0.02983544068828637361 0.00000000099999999994 0.97016455231171361273 0.00000000099999999994 0.00000000099999999994 
0.99999999200000011523 0.00000000099999999992 0.00000000099999999992 0.00000000099999999992 0.00000000099999999992 0.00000000099999999992 0.00000000099999999992 0.00000000099999999992 0.00000000099999999992 
0.00000000099999999973 0.99999999200000011523 0.00000000099999999973 0.00000000099999999973 0.00000000099999999973 0.00000000099999999973 0.00000000099999999973 0.00000000099999999973 0.00000000099999999973 
0.57795890884067246951 0.00000000099999999996 0.00000000099999999996 0.10516983447565764198 0.03598753679295268321 0.00000000099999999996 0.02501874919020472682 0.00000000099999999996 0.25586496670051256386 
0.33213601623226085557 0.20417395535508831017 0.00000000099999999998 0.26556632326266649269 0.00000003982080015065 0.00000000099999999998 0.00000000099999999998 0.00000000099999999998 0.19812366132918443618 
0.00000000099999999967 0.00000000099999999967 0.00000000099999999967 0.00000000099999999967 0.00000000099999999967 0.99999999200000000421 0.00000000099999999967 0.00000000099999999967 0.00000000099999999967 
0.00000000099999999961 0.00000000099999999961 0.00000000099999999961 0.00000000099999999961 0.00000000099999999961 0.99999999200000000421 0.00000000099999999961 0.00000000099999999961 0.00000000099999999961 
0.00000000099999999991 0.00000000099999999991 0.00000000099999999991 0.99999999200000011523 0.00000000099999999991 0.00000000099999999991 0.00000000099999999991 0.00000000099999999991 0.00000000099999999991 
0.00000000099999999984 0.99999999200000011523 0.00000000099999999984 0.00000000099999999984 0.00000000099999999984 0.00000000099999999984 0.00000000099999999984 0.00000000099999999984 0.00000000099999999984 
0.46196880006641938277 0.00000001628534662349 0.00000000099999999996 0.00000000099999999996 0.20114016303845150269 0.00000000099999999996 0.01095813881964810034 0.00000000099999999996 0.32593287779013441208 
0.00000000099999999991 0.08208684265654173084 0.00000000099999999991 0.00000000099999999991 0.00000000099999999991 0.00000000099999999991 0.91791315034345821733 0.00000000099999999991 0.00000000099999999991 
0.00000000099999999983 0.49259411261695429385 0.00000000099999999983 0.00000000099999999983 0.00000000099999999983 0.35433251957317374314 0.15307336180987177188 0.00000000099999999983 0.00000000099999999983 
0.41428848768433323979 0.00368931316121201254 0.00000000099999999996 0.00000027375327553219 0.12024827037783492045 0.00000000099999999996 0.00000000099999999996 0.00000000099999999996 0.46177365102334438918 
0.00000000099999999956 0.00000000099999999956 0.99999999200000000421 0.00000000099999999956 0.00000000099999999956 0.00000000099999999956 0.00000000099999999956 0.00000000099999999956 0.00000000099999999956 
0.00000000099999999948 0.00000000099999999948 0.99999999200000000421 0.00000000099999999948 0.00000000099999999948 0.00000000099999999948 0.00000000099999999948 0.00000000099999999948 0.00000000099999999948 
0.00000000099999999948 0.00000000099999999948 0.99999999200000011523 0.00000000099999999948 0.00000000099999999948 0.00000000099999999948 0.00000000099999999948 0.00000000099999999948 0.00000000099999999948 
0.00000000099999999968 0.00000000099999999968 0.00000000099999999968 0.00000000099999999968 0.00000000099999999968 0.99999999200000000421 0.00000000099999999968 0.00000000099999999968 0.00000000099999999968 
0.00000000099999999963 0.00000000099999999963 0.00000000099999999963 0.00000000099999999963 0.00000000099999999963 0.99999999200000000421 0.00000000099999999963 0.00000000099999999963 0.00000000099999999963 
0.32994187132633878701 0.02025484153470346466 0.00000000099999999995 0.56177321471522312368 0.08777778148290750482 0.00000000099999999995 0.00000000099999999995 0.00000000099999999995 0.00025228694082723746 
0.00000000099999999995 0.00000000099999999995 0.00000000099999999995 0.00000000099999999995 0.00000000099999999995 0.00000000099999999995 0.99999999199999989319 0.00000000099999999995 0.00000000099999999995 
0.00000000099999999965 0.00000000099999999965 0.00000000099999999965 0.00000000099999999965 0.00000000099999999965 0.99999999200000011523 0.00000000099999999965 0.00000000099999999965 0.00000000099999999965 
0.00000000099999999989 0.00000000099999999989 0.00000000099999999989 0.99999999200000011523 0.00000000099999999989 0.00000000099999999989 0.00000000099999999989 0.00000000099999999989 0.00000000099999999989 
0.00000000099999999991 0.00000000099999999991 0.00000000099999999991 0.00000000099999999991 0.00000000099999999991 0.00000000099999999991 0.99999999199999989319 0.00000000099999999991 0.00000000099999999991 
0.00000000099999999970 0.00000000099999999970 0.00000000099999999970 0.00000000099999999970 0.00000000099999999970 0.99999999200000011523 0.00000000099999999970 0.00000000099999999970 0.00000000099999999970 
0.00000000099999999989 0.00000000099999999989 0.00000000099999999989 0.99999999200000000421 0.00000000099999999989 0.00000000099999999989 0.00000000099999999989 0.00000000099999999989 0.00000000099999999989 
0.00000000099999999966 0.00000000099999999966 0.00000000099999999966 0.00000000099999999966 0.00000000099999999966 0.99999999200000011523 0.00000000099999999966 0.00000000099999999966 0.00000000099999999966 
0.00000000099999999993 0.00000000099999999993 0.00000000099999999993 0.00000000099999999993 0.00000000099999999993 0.00000000099999999993 0.99999999200000000421 0.00000000099999999993 0.00000000099999999993 
0.00000000099999999988 0.00000000099999999988 0.00000000099999999988 0.00000000099999999988 0.00000000099999999988 0.00000000099999999988 0.99999999199999989319 0.00000000099999999988 0.00000000099999999988 
0.00000000099999999961 0.00000000099999999961 0.00000000099999999961 0.00000000099999999961 0.00000000099999999961 0.99999999200000011523 0.00000000099999999961 0.00000000099999999961 0.00000000099999999961 
0.00000000099999999964 0.00000000099999999964 0.00000000099999999964 0.00000000099999999964 0.00000000099999999964 0.99999999200000000421 0.00000000099999999964 0.00000000099999999964 0.00000000099999999964 
0.00000000099999999993 0.00000000099999999993 0.00000000099999999993 0.00000000099999999993 0.00000000099999999993 0.00000000099999999993 0.99999999199999989319 0.00000000099999999993 0.00000000099999999993 
0.00000000099999999993 0.00000000099999999993 0.00000000099999999993 0.00000000099999999993 0.00000000099999999993 0.00000000099999999993 0.99999999199999989319 0.00000000099999999993 0.00000000099999999993 
0.00212694907779021605 0.00000000099999999995 0.00000000099999999995 0.00000000099999999995 0.00000000099999999995 0.00000000099999999995 0.99787304392220987914 0.00000000099999999995 0.00000000099999999995 
0.00000000099999999970 0.00000000099999999970 0.00000000099999999970 0.00000000099999999970 0.00000000099999999970 0.99999999200000000421 0.00000000099999999970 0.00000000099999999970 0.00000000099999999970 
0.38432723016336500788 0.34348373791429465118 0.00000000099999999999 0.15553022069174826658 0.07788541626038608667 0.00717212687686458617 0.02802925358459041477 0.00000000099999999999 0.00357201250875095700 
0.99999999200000022626 0.00000000099999999994 0.00000000099999999994 0.00000000099999999994 0.00000000099999999994 0.00000000099999999994 0.00000000099999999994 0.00000000099999999994 0.00000000099999999994 
0.00000000099999999996 0.00000000099999999996 0.00000000099999999996 0.51330913840999647935 0.00000000099999999996 0.00000000099999999996 0.00000000099999999996 0.00000000099999999996 0.48669085459000366312 
0.28112575345230922386 0.20504160938886870080 0.00000000099999999999 0.17048795224984356067 0.00000000099999999999 0.00000000099999999999 0.00451688013642432499 0.00000000099999999999 0.33882780077255425510 
0.00000000099999999992 0.00000000099999999992 0.00000000099999999992 0.00000000099999999992 0.00000000099999999992 0.00000000099999999992 0.99999999200000000421 0.00000000099999999992 0.00000000099999999992 
0.99999999200000022626 0.00000000099999999993 0.00000000099999999993 0.00000000099999999993 0.00000000099999999993 0.00000000099999999993 0.00000000099999999993 0.00000000099999999993 0.00000000099999999993 
0.00000000099999999951 0.00000000099999999951 0.00000000099999999951 0.00000000099999999951 0.00000000099999999951 0.00000000099999999951 0.00000000099999999951 0.99999999200000000421 0.00000000099999999951 
0.00000000099999999988 0.00000000099999999988 0.00000000099999999988 0.00000000099999999988 0.00000000099999999988 0.00000000099999999988 0.00000000099999999988 0.00000000099999999988 0.99999999200000000421 
0.00000000099999999953 0.00000000099999999953 0.00000000099999999953 0.00000000099999999953 0.00000000099999999953 0.00000000099999999953 0.00000000099999999953 0.99999999200000000421 0.00000000099999999953 
0.26580830453732218199 0.28551033654467122824 0.00000000099999999998 0.03372600736298674712 0.04135006446505242600 0.00000000099999999998 0.02409080070846086191 0.00000000099999999998 0.34951448338150659101 
0.00000000099999999953 0.00000000099999999953 0.00000000099999999953 0.00000000099999999953 0.00000000099999999953 0.00000000099999999953 0.00000000099999999953 0.99999999199999989319 0.00000000099999999953 
0.00000000099999999977 0.00000000099999999977 0.00000000099999999977 0.00000000099999999977 0.99999999200000000421 0.00000000099999999977 0.00000000099999999977 0.00000000099999999977 0.00000000099999999977 
0.27828992441591798856 0.00564176403369519384 0.00000000099999999999 0.11901442461788032390 0.10673064595895979945 0.00019687179943416282 0.00061355305969027310 0.00000000099999999999 0.48951281411442232328 
0.00000000099999999990 0.00000000099999999990 0.00000000099999999990 0.00000000099999999990 0.00000000099999999990 0.00000000099999999990 0.99999999200000000421 0.00000000099999999990 0.00000000099999999990 
0.00000000099999999990 0.00000000099999999990 0.00000000099999999990 0.00000000099999999990 0.00000000099999999990 0.00000000099999999990 0.00000000099999999990 0.00000000099999999990 0.99999999199999989319 
0.00000000099999999955 0.00000000099999999955 0.99999999200000000421 0.00000000099999999955 0.00000000099999999955 0.00000000099999999955 0.00000000099999999955 0.00000000099999999955 0.00000000099999999955 
0.00000000099999999958 0.00000000099999999958 0.99999999200000011523 0.00000000099999999958 0.00000000099999999958 0.00000000099999999958 0.00000000099999999958 0.00000000099999999958 0.00000000099999999958 
0.00000000099999999991 0.00000000099999999991 0.00000000099999999991 0.99999999200000000421 0.00000000099999999991 0.00000000099999999991 0.00000000099999999991 0.00000000099999999991 0.00000000099999999991 
0.00000000099999999991 0.00000000099999999991 0.00000000099999999991 0.00000000099999999991 0.00000000099999999991 0.00000000099999999991 0.99999999200000000421 0.00000000099999999991 0.00000000099999999991 
0.00000000099999999971 0.00000000099999999971 0.00000000099999999971 0.00000000099999999971 0.00000000099999999971 0.99999999200000011523 0.00000000099999999971 0.00000000099999999971 0.00000000099999999971 
0.00000000099999999992 0.00000000099999999992 0.00000000099999999992 0.00000000099999999992 0.00000000099999999992 0.00000000099999999992 0.99999999200000000421 0.00000000099999999992 0.00000000099999999992 
0.00000000099999999997 0.20714295230668697267 0.00000000099999999997 0.00000000099999999997 0.34350116325657265026 0.00000000099999999997 0.00714271355077227867 0.00000000099999999997 0.44221316588596815134 
0.00000000099999999958 0.00000000099999999958 0.41412271867719752105 0.00000000099999999958 0.00000000099999999958 0.00000000099999999958 0.00000000099999999958 0.58587727432280234385 0.00000000099999999958 
0.00000000099999999958 0.00000000099999999958 0.00000000099999999958 0.00000000099999999958 0.00000000099999999958 0.99999999200000011523 0.00000000099999999958 0.00000000099999999958 0.00000000099999999958 
0.00000000099999999959 0.00000000099999999959 0.99999999200000000421 0.00000000099999999959 0.00000000099999999959 0.00000000099999999959 0.00000000099999999959 0.00000000099999999959 0.00000000099999999959 
0.28806142148137098280 0.00000000099999999999 0.00000000099999999999 0.22679440080622809139 0.00000000099999999999 0.01893795499224219803 0.00000000099999999999 0.00000000099999999999 0.46620621772015885531 
0.00000000099999999988 0.00000000099999999988 0.00000000099999999988 0.00000000099999999988 0.00000000099999999988 0.00000000099999999988 0.99999999200000000421 0.00000000099999999988 0.00000000099999999988 
0.00000000099999999992 0.00000000099999999992 0.00000000099999999992 0.00000000099999999992 0.00000000099999999992 0.00000000099999999992 0.99999999200000000421 0.00000000099999999992 0.00000000099999999992 
0.00000000099999999997 0.25564714533181798206 0.00000000099999999997 0.25402568275254144847 0.10767310107511116057 0.00000000099999999997 0.21852045079383949910 0.00000000099999999997 0.16413361604669002292 
0.56531783181993133791 0.13635049299302609560 0.00000000099999999999 0.00000017719127084587 0.00000000099999999999 0.01889822899602035949 0.00000000099999999999 0.00000000099999999999 0.27943326499975140731 
0.99999999200000022626 0.00000000099999999990 0.00000000099999999990 0.00000000099999999990 0.00000000099999999990 0.00000000099999999990 0.00000000099999999990 0.00000000099999999990 0.00000000099999999990 
0.39118903026555756908 0.00000000099999999996 0.00000000099999999996 0.00000022528879413997 0.09882073674803171226 0.00000000099999999996 0.00931224961732102056 0.00000000099999999996 0.50067775408029546735 
0.19694161714992444723 0.19995692814281942895 0.00000000099999999998 0.29503704940024133574 0.00000000099999999998 0.00000000099999999998 0.00000000099999999998 0.00000000099999999998 0.30806440030701487398 
0.29880947599092705369 0.18722207342493041304 0.00000000099999999996 0.13898482040240345281 0.00000000099999999996 0.00000000099999999996 0.00000000099999999996 0.00000000099999999996 0.37498362518173911084 
0.37396409649512246665 0.03924946654478783659 0.00000000099999999996 0.17403470308185728377 0.00000000099999999996 0.00000000099999999996 0.00002449957394521592 0.00000000099999999996 0.41272723030428737356 
0.44865808947859925349 0.04176814175700174769 0.00000000099999999997 0.00000000154360082789 0.00000000099999999997 0.00000000099999999997 0.00000000099999999997 0.00000000099999999997 0.50957376222079797667 
0.43756651388442552308 0.15168657360662027300 0.00000000099999999998 0.14017761416085644521 0.00000000099999999998 0.00000000099999999998 0.02874874606809304720 0.00000000099999999998 0.24182054828000493218 
0.00000000099999999993 0.00000000099999999993 0.00000000099999999993 0.00000000099999999993 0.00000000099999999993 0.00000000099999999993 0.99999999200000000421 0.00000000099999999993 0.00000000099999999993 
0.00000000099999999996 0.00000000099999999996 0.00000000099999999996 0.02287372961000064611 0.00000000099999999996 0.00000000099999999996 0.97712626338999941655 0.00000000099999999996 0.00000000099999999996 
0.00000000099999999967 0.00000000099999999967 0.00000000099999999967 0.00000000099999999967 0.00000000099999999967 0.00000000099999999967 0.00000000099999999967 0.99999999199999989319 0.00000000099999999967 
0.00000000099999999995 0.00000000099999999995 0.00000000099999999995 0.00000000099999999995 0.00000000099999999995 0.00000000099999999995 0.99999999199999989319 0.00000000099999999995 0.00000000099999999995 
0.00000000099999999995 0.00000000099999999995 0.00000000099999999995 0.03025592004777401950 0.00000000099999999995 0.00000000099999999995 0.96974407295222586622 0.00000000099999999995 0.00000000099999999995 
0.31532476333620568232 0.00000000129750383693 0.00000000099999999998 0.17130338811310599767 0.13878456231563401913 0.00000087318362028077 0.00627484800387883603 0.00000000099999999998 0.36831156175005136388 
0.00000000099999999948 0.00000000099999999948 0.99999999200000000421 0.00000000099999999948 0.00000000099999999948 0.00000000099999999948 0.00000000099999999948 0.00000000099999999948 0.00000000099999999948 
0.14829124182661748699 0.12893445835382222331 0.00000000099999999998 0.28367224391257417349 0.10407861052295684645 0.00006189826465913930 0.00000000099999999998 0.00000000099999999998 0.33496154411937006934 
0.24499470354783881021 0.08548044972244461803 0.00000000099999999998 0.24343654178114848552 0.12611981975299924041 0.00183077242585033832 0.00376175210225932616 0.00000000099999999998 0.29437595866745919215 
0.41713281629375864590 0.00000000099999999998 0.00000000099999999998 0.00000000099999999998 0.00000000099999999998 0.00001080459986766431 0.00000000099999999998 0.00000000099999999998 0.58285637310637350428 
0.82870247348061676362 0.00000000099999999995 0.00000000099999999995 0.00000000117524882120 0.17129751934413464665 0.00000000099999999995 0.00000000099999999995 0.00000000099999999995 0.00000000099999999995 
0.00000000099999999993 0.00000000099999999993 0.00000000099999999993 0.56320118005908370584 0.00000000099999999993 0.00000000099999999993 0.00000000099999999993 0.00000000099999999993 0.43679881294091632560 
0.00000000099999999995 0.36645988350242164611 0.00000000099999999995 0.63354010949757821880 0.00000000099999999995 0.00000000099999999995 0.00000000099999999995 0.00000000099999999995 0.00000000099999999995 
0.26395845482110891211 0.08129370703717182789 0.00000000099999999998 0.13740688455417382485 0.00000000099999999998 0.00000000099999999998 0.00000000099999999998 0.00000000099999999998 0.51734094858754520185 
0.40482577201458663785 0.29485011828583274074 0.00000000099999999998 0.00000000099999999998 0.00000000099999999998 0.00289605602161163234 0.00000000127764723670 0.00000000099999999998 0.29742804840032183167 
0.22605956819137779101 0.10768191463020192200 0.00000000100000000000 0.12542684548576010783 0.01823223859475414307 0.02800440192085335012 0.00971659997192558626 0.00000005981179259046 0.48487837039333447908 
0.27400123236235740531 0.09962246807881786070 0.00000000099999999998 0.33430963694663251573 0.07627353776338992308 0.00820124490776825976 0.00000000099999999998 0.00000000099999999998 0.20759187694103400923 
0.00000000099999999987 0.00000000099999999987 0.00000000099999999987 0.99999999200000000421 0.00000000099999999987 0.00000000099999999987 0.00000000099999999987 0.00000000099999999987 0.00000000099999999987 
0.99999999200000022626 0.00000000099999999994 0.00000000099999999994 0.00000000099999999994 0.00000000099999999994 0.00000000099999999994 0.00000000099999999994 0.00000000099999999994 0.00000000099999999994 
0.00000000099999999988 0.00000000099999999988 0.00000000099999999988 0.99999999200000000421 0.00000000099999999988 0.00000000099999999988 0.00000000099999999988 0.00000000099999999988 0.00000000099999999988 
0.40428939570560545880 0.00035541360578578553 0.00000000099999999997 0.00000000099999999997 0.00000000099999999997 0.00000000099999999997 0.00094926600386430594 0.00000000099999999997 0.59440591968474421058 
0.00000000099999999995 0.37665267756671239052 0.00000000099999999995 0.00000000099999999995 0.00000000099999999995 0.00000000099999999995 0.00000000099999999995 0.00000000099999999995 0.62334731543328736336 
0.37767499313373048553 0.19156860340058246006 0.00000000099999999997 0.00013116513550958156 0.00000000099999999997 0.00000000099999999997 0.02702496736331551699 0.00000000099999999997 0.40360026696686196468 
0.23808070598377523153 0.14201589868952993467 0.00000000099999999998 0.32669434023809129641 0.17922907755231834437 0.00000000099999999998 0.00000000099999999998 0.00000000099999999998 0.11397997353628515349 
0.32571379549419943178 0.21859186369968558461 0.00000000099999999999 0.15969711348832732467 0.00596207883085066864 0.00000000099999999999 0.03087208736580947591 0.00000000099999999999 0.25916305812112749862 
0.00000000099999999988 0.99999999200000022626 0.00000000099999999988 0.00000000099999999988 0.00000000099999999988 0.00000000099999999988 0.00000000099999999988 0.00000000099999999988 0.00000000099999999988 
0.06660744183829199472 0.24949620163863753253 0.00000000099999999997 0.32194892528794644138 0.00000000099999999997 0.00000000099999999997 0.01338294345247975636 0.00000000099999999997 0.34856448378264431875 
0.44871433547983774481 0.16254675799455448049 0.06856715073615513023 0.00000018084564145787 0.00001525485344878897 0.00306632113445373406 0.01470797236904354717 0.00003218350733398445 0.30234984307953111093 
0.00000000099999999992 0.00000000099999999992 0.00000000099999999992 0.00000000099999999992 0.00000000099999999992 0.00000000099999999992 0.00000000099999999992 0.00000000099999999992 0.99999999200000000421 
0.20365316227935953419 0.13638902898516502837 0.00000000099999999996 0.32330902670489253259 0.03066418383059003883 0.00000000099999999996 0.00629005482504490111 0.00000000099999999996 0.29969454037494802634 
0.57148645335376324628 0.30010557727086800694 0.00000000099999999994 0.00000000099999999994 0.12840796337536877769 0.00000000099999999994 0.00000000099999999994 0.00000000099999999994 0.00000000099999999994 
0.99999999200000022626 0.00000000099999999992 0.00000000099999999992 0.00000000099999999992 0.00000000099999999992 0.00000000099999999992 0.00000000099999999992 0.00000000099999999992 0.00000000099999999992 
0.50151402038215897594 0.33718093423988859669 0.00000000099999999996 0.15755900231568095715 0.00374603806227171874 0.00000000099999999996 0.00000000099999999996 0.00000000099999999996 0.00000000099999999996 
0.00000000099999999988 0.99999999200000022626 0.00000000099999999988 0.00000000099999999988 0.00000000099999999988 0.00000000099999999988 0.00000000099999999988 0.00000000099999999988 0.00000000099999999988 
0.00000000099999999997 0.00000000099999999997 0.00000000099999999997 0.51808537084660710725 0.00000002404958855325 0.00000000099999999997 0.00000000099999999997 0.00000000099999999997 0.48191459910380440856 
0.00000000099999999993 0.00000000099999999993 0.00000000099999999993 0.00000000099999999993 0.25687255369627542967 0.00000000099999999993 0.00000000099999999993 0.00000000099999999993 0.74312743930372449075 
0.42671898025840443447 0.02671354306901975798 0.00000000099999999996 0.14468783451509706350 0.09018138381402801551 0.00000000099999999996 0.02560865115933077391 0.00000000099999999996 0.28608960418411993887 
0.00000000099999999992 0.00000000099999999992 0.00000000099999999992 0.00000000099999999992 0.00000000099999999992 0.00000000099999999992 0.99999999200000000421 0.00000000099999999992 0.00000000099999999992 
0.00000000099999999996 0.02129794388591203791 0.00000000099999999996 0.00000000099999999996 0.00000000099999999996 0.00000000099999999996 0.97870204911408786863 0.00000000099999999996 0.00000000099999999996 
0.00000000099999999958 0.00000000099999999958 0.00000000099999999958 0.00000000099999999958 0.00000000099999999958 0.00000000099999999958 0.00000000099999999958 0.99999999200000000421 0.00000000099999999958 
0.00000000099999999960 0.00000000099999999960 0.00000000099999999960 0.00000000099999999960 0.00000000099999999960 0.99999999200000000421 0.00000000099999999960 0.00000000099999999960 0.00000000099999999960 
0.00000000099999999999 0.00000000336471324458 0.00000000099999999999 0.06501428675713047389 0.00000000099999999999 0.03843848604545992143 0.89654721883269627991 0.00000000099999999999 0.00000000099999999999 
0.15470702259378663057 0.17435793342994213018 0.00000000099999999997 0.14311206332320974832 0.11992083297469792458 0.00000000099999999997 0.00504101926241062349 0.00000000099999999997 0.40286112541595292535 
0.00000000099999999992 0.00000000099999999992 0.00000000099999999992 0.00000000099999999992 0.00000000099999999992 0.00000000099999999992 0.00000000099999999992 0.00000000099999999992 0.99999999200000000421 
0.00000000099999999996 0.00000000099999999996 0.00000000099999999996 0.00000000099999999996 0.04300209857861748974 0.00000000099999999996 0.95699789442138250006 0.00000000099999999996 0.00000000099999999996 
0.30008203452946274892 0.20210018132316862061 0.00000000099999999997 0.24934438446022513802 0.12439614205826343696 0.00000000099999999997 0.00033054278495060497 0.00000000099999999997 0.12374671184392956047 
0.26272335150185976982 0.14868337301731054945 0.00000000099999999996 0.14134401438987220789 0.07285541680239585038 0.00892504748794850991 0.00000000099999999996 0.00000000099999999996 0.36546879380061314535 
0.41040142038609728203 0.58959857261390280492 0.00000000099999999995 0.00000000099999999995 0.00000000099999999995 0.00000000099999999995 0.00000000099999999995 0.00000000099999999995 0.00000000099999999995 
0.00000000099999999953 0.00000000099999999953 0.99999999200000011523 0.00000000099999999953 0.00000000099999999953 0.00000000099999999953 0.00000000099999999953 0.00000000099999999953 0.00000000099999999953 
0.00000000099999999960 0.00000000099999999960 0.34430519156777744660 0.00000000099999999960 0.00000000099999999960 0.00000000099999999960 0.00000000099999999960 0.65569480143222236279 0.00000000099999999960 
0.00000000099999999946 0.00000000099999999946 0.00000000099999999946 0.00000000099999999946 0.00000000099999999946 0.00000000099999999946 0.00000000099999999946 0.99999999200000000421 0.00000000099999999946 
0.00000000099999999956 0.00000000099999999956 0.65948542498779672005 0.00000000099999999956 0.00000000099999999956 0.00000000099999999956 0.00000000099999999956 0.34051456801220331139 0.00000000099999999956 
0.00000000099999999950 0.00000000099999999950 0.99999999200000011523 0.00000000099999999950 0.00000000099999999950 0.00000000099999999950 0.00000000099999999950 0.00000000099999999950 0.00000000099999999950 
0.00000000099999999996 0.00000000099999999996 0.00000000099999999996 0.00000000099999999996 0.00000000099999999996 0.00000000099999999996 0.99999999200000000421 0.00000000099999999996 0.00000000099999999996 
0.30768200654599059396 0.25743324028592312613 0.00000000099999999999 0.16088844763900914114 0.02313020064162753589 0.00477949851721137624 0.00000000099999999999 0.00000000099999999999 0.24608660337023832709 
0.00000000099999999955 0.00000000099999999955 0.33360452931054906944 0.00000000099999999955 0.00000000099999999955 0.00000000099999999955 0.00000000099999999955 0.66639546368945079546 0.00000000099999999955 
0.00000000099999999955 0.00000000099999999955 0.99999999200000011523 0.00000000099999999955 0.00000000099999999955 0.00000000099999999955 0.00000000099999999955 0.00000000099999999955 0.00000000099999999955 
0.00000000099999999958 0.00000000099999999958 0.00000000099999999958 0.00000000099999999958 0.00000000099999999958 0.99999999200000000421 0.00000000099999999958 0.00000000099999999958 0.00000000099999999958 
0.00000000099999999958 0.00000000099999999958 0.00000000099999999958 0.00000000099999999958 0.00000000099999999958 0.99999999200000011523 0.00000000099999999958 0.00000000099999999958 0.00000000099999999958 
0.00000000099999999994 0.52673833204884246140 0.00000000099999999994 0.47326166095115762555 0.00000000099999999994 0.00000000099999999994 0.00000000099999999994 0.00000000099999999994 0.00000000099999999994 
0.00000000099999999952 0.00000000099999999952 0.99999999200000000421 0.00000000099999999952 0.00000000099999999952 0.00000000099999999952 0.00000000099999999952 0.00000000099999999952 0.00000000099999999952 
0.00000000099999999997 0.00000000099999999997 0.00000000099999999997 0.32199294796508165506 0.00000000106698427224 0.00000000099999999997 0.00000000099999999997 0.00000000099999999997 0.67800704496793395837 
0.00000000099999999996 0.32944243746778401061 0.00000000099999999996 0.00000000099999999996 0.15521155661021035499 0.00000000099999999996 0.00000000099999999996 0.00000000099999999996 0.51534599992200558205 
0.00000000099999999996 0.00000000099999999996 0.00000000099999999996 0.00000000099999999996 0.04822391554824080606 0.00000000099999999996 0.95177485775062353746 0.00000000099999999996 0.00000122070113564422 
0.33630414068309094633 0.12029998246122350358 0.00000000099999999997 0.11024877379616748740 0.07601556029453017393 0.00000000099999999997 0.00222849369655167160 0.00000000099999999997 0.35490304606843631197 
0.00000000099999999989 0.00000000099999999989 0.00000000099999999989 0.00000000099999999989 0.00000000099999999989 0.00000000099999999989 0.99999999200000000421 0.00000000099999999989 0.00000000099999999989 
0.00000000099999999988 0.00000000099999999988 0.00000000099999999988 0.99999999200000011523 0.00000000099999999988 0.00000000099999999988 0.00000000099999999988 0.00000000099999999988 0.00000000099999999988 
0.00000000099999999991 0.00000000099999999991 0.00000000099999999991 0.00000000099999999991 0.00000000099999999991 0.00000000099999999991 0.99999999199999989319 0.00000000099999999991 0.00000000099999999991 
0.00000000099999999976 0.00000000099999999976 0.00000000099999999976 0.00000000099999999976 0.99999999200000011523 0.00000000099999999976 0.00000000099999999976 0.00000000099999999976 0.00000000099999999976 
0.00000000099999999999 0.20840569643884732098 0.00000000099999999999 0.13851734611472418801 0.13247463591561822738 0.00613002049051217159 0.00000000099999999999 0.00000000099999999999 0.51447229704029795450 
0.00000000099999999962 0.00000000099999999962 0.36762098892070976808 0.00000000099999999962 0.00000000099999999962 0.00000000099999999962 0.00000000099999999962 0.63237900407929004132 0.00000000099999999962 
0.00000000099999999993 0.00000000099999999993 0.00000000099999999993 0.00000000099999999993 0.00000000099999999993 0.00000000099999999993 0.99999999200000000421 0.00000000099999999993 0.00000000099999999993 
0.00000000099999999949 0.00000000099999999949 0.00000000099999999949 0.00000000099999999949 0.00000000099999999949 0.00000000099999999949 0.00000000099999999949 0.99999999200000000421 0.00000000099999999949 
0.00000000099999999950 0.00000000099999999950 0.99999999200000000421 0.00000000099999999950 0.00000000099999999950 0.00000000099999999950 0.00000000099999999950 0.00000000099999999950 0.00000000099999999950 
0.25174003758485369309 0.38195105930873696209 0.00000000099999999997 0.23643694684192148592 0.10693437424091351007 0.00000000099999999997 0.00000000099999999997 0.00000000099999999997 0.02293757802357459033 
0.00000000099999999987 0.00000000099999999987 0.00000000099999999987 0.99999999200000000421 0.00000000099999999987 0.00000000099999999987 0.00000000099999999987 0.00000000099999999987 0.00000000099999999987 
0.00000000099999999994 0.32079066943410183832 0.00000000099999999994 0.00000000099999999994 0.00000000099999999994 0.00000000099999999994 0.00000000099999999994 0.00000000099999999994 0.67920932356589791556 
0.25502189833485489068 0.21054833377498174962 0.00000000099999999998 0.30425123249800373193 0.00000000242006549327 0.00000153783968547237 0.00000000099999999998 0.00000000099999999998 0.23017699213240885858 
0.28644244073055014077 0.22968313597936618198 0.00000000099999999997 0.00000000099999999997 0.18382353855583480340 0.00000000099999999997 0.00000000099999999997 0.00000000099999999997 0.30005087973424893200 
0.00000000099999999996 0.26715205118411838869 0.00000000099999999996 0.00000000099999999996 0.00000000099999999996 0.00000000099999999996 0.00000000099999999996 0.00000000099999999996 0.73284794181588153172 
0.00000000099999999996 0.00000000099999999996 0.00000000099999999996 0.44532099636576660817 0.00000000099999999996 0.00000000099999999996 0.00000000099999999996 0.00000000099999999996 0.55467899663423336776 
0.03045389182913687057 0.00000000099999999995 0.00000000099999999995 0.00000000099999999995 0.00000000099999999995 0.00000000099999999995 0.96954610117086315046 0.00000000099999999995 0.00000000099999999995 
0.54843310624878205406 0.00000000099999999995 0.00000000099999999995 0.00000000099999999995 0.12187569348334822972 0.00000000099999999995 0.00000000099999999995 0.00000000099999999995 0.32969119426786991367 
0.00000000099999999948 0.00000000099999999948 0.00000000099999999948 0.00000000099999999948 0.00000000099999999948 0.00000000099999999948 0.00000000099999999948 0.99999999199999989319 0.00000000099999999948 
0.99999999200000011523 0.00000000099999999992 0.00000000099999999992 0.00000000099999999992 0.00000000099999999992 0.00000000099999999992 0.00000000099999999992 0.00000000099999999992 0.00000000099999999992 
0.00000000099999999979 0.00000000099999999979 0.00000000099999999979 0.00000000099999999979 0.00000000099999999979 0.00000000099999999979 0.00000000099999999979 0.99999999199999989319 0.00000000099999999979 
0.00000000099999999956 0.00000000099999999956 0.99999999200000000421 0.00000000099999999956 0.00000000099999999956 0.00000000099999999956 0.00000000099999999956 0.00000000099999999956 0.00000000099999999956 
0.20775056405909508861 0.18703943433150138631 0.00000000099999999997 0.23558208462615026768 0.14834754856855081329 0.00000000099999999997 0.00573790027889447933 0.00000000099999999997 0.21554246513580810340 
0.00000000099999999991 0.00000000099999999991 0.00000000099999999991 0.00000000099999999991 0.00000000099999999991 0.00000000099999999991 0.00000000099999999991 0.00000000099999999991 0.99999999200000000421 
0.26181768960861634410 0.22385858984935919080 0.00000000099999999998 0.10382120090363793075 0.04624361053019776513 0.00000000099999999998 0.00693932839821715091 0.00000000099999999998 0.35731957770997163637 
0.00000000099999999965 0.00000000099999999965 0.35988444040715195094 0.00000000099999999965 0.00000000099999999965 0.00000000099999999965 0.00000000099999999965 0.64011555259284791397 0.00000000099999999965 
0.00000000099999999991 0.00000000099999999991 0.00000000099999999991 0.00000000099999999991 0.00000000099999999991 0.00000000099999999991 0.99999999200000000421 0.00000000099999999991 0.00000000099999999991 
0.00000000099999999991 0.00000000099999999991 0.00000000099999999991 0.00000000099999999991 0.00000000099999999991 0.00000000099999999991 0.99999999200000000421 0.00000000099999999991 0.00000000099999999991 
0.00000000099999999954 0.00000000099999999954 0.00000000099999999954 0.00000000099999999954 0.00000000099999999954 0.00000000099999999954 0.00000000099999999954 0.99999999200000000421 0.00000000099999999954 
0.00000000099999999997 0.36845358092193053468 0.00000000099999999997 0.36990092820729203460 0.00000000099999999997 0.00000000099999999997 0.00000000099999999997 0.00000000099999999997 0.26164548487077748939 
0.58610717775816190134 0.00000000099999999999 0.00000000099999999999 0.27738162135773497541 0.10750878699452036391 0.00000000099999999999 0.02900240318088644076 0.00000000099999999999 0.00000000670869647526 
0.00000000099999999963 0.00000000099999999963 0.43739819791307105179 0.00000000099999999963 0.00000000099999999963 0.00000000099999999963 0.00000000099999999963 0.56260179508692886863 0.00000000099999999963 
0.26038137872758004843 0.22868505188674753681 0.00000000099999999997 0.14757628003563852404 0.16344755729614426909 0.00000000099999999997 0.00000000099999999997 0.00000000099999999997 0.19990972805388967926 
0.00000000099999999989 0.00000000099999999989 0.00000000099999999989 0.00000000099999999989 0.00000000099999999989 0.00000000099999999989 0.99999999200000000421 0.00000000099999999989 0.00000000099999999989 
0.00000000099999999985 0.00000000099999999985 0.00000000099999999985 0.00000000099999999985 0.99999999200000000421 0.00000000099999999985 0.00000000099999999985 0.00000000099999999985 0.00000000099999999985 
