0.15361260414367233773 0.01661827305877439445 0.13721043236037713808 0.00000000099999999999 0.00000000099999999999 0.13317777428095453618 0.26310870262401658826 0.00000000099999999999 0.00000000099999999999 0.29627220953220501087 
0.00000000099999999992 0.00000000099999999992 0.00000000099999999992 0.00000000099999999992 0.00000000099999999992 0.00000000099999999992 0.00000000099999999992 0.99999999100000003249 0.00000000099999999992 0.00000000099999999992 
0.00000000099999999991 0.00000000099999999991 0.00000000099999999991 0.00000000099999999991 0.00000000099999999991 0.00000000099999999991 0.00000000099999999991 0.99999999099999992147 0.00000000099999999991 0.00000000099999999991 
0.08043051708797067934 0.00000000099999999998 0.24551885931934977481 0.00000000099999999998 0.00000000099999999998 0.25411937019596886334 0.10910990310419023397 0.03078624350403874957 0.00000000099999999998 0.28003510278848159354 
0.23853912262102680564 0.00000000099999999998 0.35164272153314141134 0.00000000099999999998 0.06991394838616812879 0.22009598600936619572 0.00000000128639355697 0.00000000099999999998 0.00000000099999999998 0.11980821616390392725 
0.00042105609835898318 0.00000000099999999997 0.14825504964702898580 0.00000000099999999997 0.04011375204776944370 0.16314811803963369385 0.12607204566270474588 0.00751819991021578267 0.00000000099999999997 0.51447177559428847182 
0.00000000099999999994 0.00000000099999999994 0.00000000099999999994 0.00000000099999999994 0.00000000099999999994 0.00000000099999999994 0.00000000099999999994 0.99999999100000003249 0.00000000099999999994 0.00000000099999999994 
0.00000000099999999989 0.00000000099999999989 0.00000000099999999989 0.00000000099999999989 0.00000000099999999989 0.00000000099999999989 0.00000000099999999989 0.99999999100000003249 0.00000000099999999989 0.00000000099999999989 
0.20845074599275770222 0.01056224509728526453 0.17718774311125629062 0.00000000099999999998 0.05875918537162318905 0.19040885959261605320 0.13251740136198669751 0.00000000099999999998 0.00000000099999999998 0.22211381647247477322 
0.00000000099999999992 0.00000000099999999992 0.00000000099999999992 0.00000000099999999992 0.00000000099999999992 0.00000000099999999992 0.00000000099999999992 0.99999999099999992147 0.00000000099999999992 0.00000000099999999992 
0.00000000099999999992 0.00000000099999999992 0.99999999100000003249 0.00000000099999999992 0.00000000099999999992 0.00000000099999999992 0.00000000099999999992 0.00000000099999999992 0.00000000099999999992 0.00000000099999999992 
0.12586257935339015268 0.00939896246175184885 0.22792664510002658140 0.00000000099999999997 0.00000000099999999997 0.00000000099999999997 0.11038471071964771342 0.00310643903300104364 0.00000000099999999997 0.52332065933218241405 
0.00000000099999999989 0.00000000099999999989 0.99999999100000003249 0.00000000099999999989 0.00000000099999999989 0.00000000099999999989 0.00000000099999999989 0.00000000099999999989 0.00000000099999999989 0.00000000099999999989 
0.21470089452283094844 0.01253762988361424406 0.04666921252669069958 0.00000000099999999999 0.05359988717680052445 0.17882878294129955776 0.19435016255135409424 0.00000000099999999999 0.00000000099999999999 0.29931342739740984804 
0.00000000099999999989 0.00000000099999999989 0.99999999100000003249 0.00000000099999999989 0.00000000099999999989 0.00000000099999999989 0.00000000099999999989 0.00000000099999999989 0.00000000099999999989 0.00000000099999999989 
0.15990442595001072568 0.02613565981138524924 0.16826771782657040655 0.00000000099999999998 0.05350669041639355417 0.20570859681907405214 0.05714282081918675704 0.04831196154056984632 0.00000000099999999998 0.28102212481680943768 
0.99999999100000014352 0.00000000099999999989 0.00000000099999999989 0.00000000099999999989 0.00000000099999999989 0.00000000099999999989 0.00000000099999999989 0.00000000099999999989 0.00000000099999999989 0.00000000099999999989 
0.42352175480817833009 0.00000000099999999998 0.00000000099999999998 0.00000000099999999998 0.01432077480486532682 0.25756465431760083851 0.00660377774444487805 0.00000000099999999998 0.00000000099999999998 0.29798903332491055718 
0.00000000099999999993 0.00000000099999999993 0.00000000099999999993 0.00000000099999999993 0.00000000099999999993 0.00000000099999999993 0.00000000099999999993 0.00000000099999999993 0.00000000099999999993 0.99999999100000003249 
0.01722748971030450132 0.00000000099999999995 0.17877066951142306372 0.00000000099999999995 0.00000000099999999995 0.36896033100626290935 0.17685267546963209795 0.00000000099999999995 0.00000000099999999995 0.25818882930237752049 
0.00000000099999999997 0.00000000099999999997 0.40417443155918914011 0.00000000099999999997 0.00000000099999999997 0.00477302460540904739 0.23180960132405201146 0.00000000099999999997 0.00000000099999999997 0.35924293651134986405 
0.00000000099999999994 0.00000000099999999994 0.00000000099999999994 0.00000000099999999994 0.00000000099999999994 0.00000000099999999994 0.00000000099999999994 0.98612929698309104154 0.00000000099999999994 0.01387069501690901124 
0.00000000099999999980 0.00000000099999999980 0.00000000099999999980 0.00000000099999999980 0.00000000099999999980 0.00000000099999999980 0.99999999099999992147 0.00000000099999999980 0.00000000099999999980 0.00000000099999999980 
0.00000000099999999943 0.00000000099999999943 0.00000000099999999943 0.00000000099999999943 0.99999999100000003249 0.00000000099999999943 0.00000000099999999943 0.00000000099999999943 0.00000000099999999943 0.00000000099999999943 
0.37440976379430573884 0.00000000099999999995 0.62525486549313114004 0.00000000099999999995 0.00000000099999999995 0.00000000099999999995 0.00033038969893630087 0.00000497501362684448 0.00000000099999999995 0.00000000099999999995 
0.42582607982197984153 0.00000000099999999994 0.00000000099999999994 0.00000000099999999994 0.00000000099999999994 0.57417391217802005166 0.00000000099999999994 0.00000000099999999994 0.00000000099999999994 0.00000000099999999994 
0.00000000099999999961 0.99999999100000025454 0.00000000099999999961 0.00000000099999999961 0.00000000099999999961 0.00000000099999999961 0.00000000099999999961 0.00000000099999999961 0.00000000099999999961 0.00000000099999999961 
0.00000000099999999958 0.99999999100000025454 0.00000000099999999958 0.00000000099999999958 0.00000000099999999958 0.00000000099999999958 0.00000000099999999958 0.00000000099999999958 0.00000000099999999958 0.00000000099999999958 
0.48889137824324518933 0.00000000099999999996 0.00000000099999999996 0.00000000099999999996 0.07022455769620376820 0.44088405706055106004 0.00000000099999999996 0.00000000099999999996 0.00000000099999999996 0.00000000099999999996 
0.00000000099999999994 0.00000000099999999994 0.51639439999673819592 0.00000000099999999994 0.00000000099999999994 0.48360559200326186380 0.00000000099999999994 0.00000000099999999994 0.00000000099999999994 0.00000000099999999994 
0.30439468688105170147 0.00000000099999999996 0.00000000099999999996 0.00000000099999999996 0.03876076816390583435 0.39592249224488940129 0.26092204671015295503 0.00000000099999999996 0.00000000099999999996 0.00000000099999999996 
0.00000000099999999979 0.00000000099999999979 0.00000000099999999979 0.00000000099999999979 0.23819598296112937108 0.00000000099999999979 0.00000000099999999979 0.76180400903887057762 0.00000000099999999979 0.00000000099999999979 
0.00000000099999999962 0.35682674410274300980 0.00000000099999999962 0.00000000099999999962 0.64317324789725693890 0.00000000099999999962 0.00000000099999999962 0.00000000099999999962 0.00000000099999999962 0.00000000099999999962 
0.18966924521669553672 0.00000000099999999995 0.00000000099999999995 0.00000000099999999995 0.00000000099999999995 0.00000004709251058524 0.32009960833209011311 0.00000000099999999995 0.00000000099999999995 0.49023109335870368453 
0.00000000099999999947 0.00000000099999999947 0.00000000099999999947 0.00000000099999999947 0.00000000099999999947 0.00000000099999999947 0.00000000099999999947 0.00000000099999999947 0.99999999099999992147 0.00000000099999999947 
0.00000000099999999937 0.00000000099999999937 0.00000000099999999937 0.99999999100000014352 0.00000000099999999937 0.00000000099999999937 0.00000000099999999937 0.00000000099999999937 0.00000000099999999937 0.00000000099999999937 
0.00000000099999999942 0.00000000099999999942 0.00000000099999999942 0.00000000099999999942 0.00000000099999999942 0.00000000099999999942 0.00000000099999999942 0.00000000099999999942 0.99999999100000003249 0.00000000099999999942 
0.00000000099999999963 0.99999999100000025454 0.00000000099999999963 0.00000000099999999963 0.00000000099999999963 0.00000000099999999963 0.00000000099999999963 0.00000000099999999963 0.00000000099999999963 0.00000000099999999963 
0.00000000099999999957 0.99999999100000014352 0.00000000099999999957 0.00000000099999999957 0.00000000099999999957 0.00000000099999999957 0.00000000099999999957 0.00000000099999999957 0.00000000099999999957 0.00000000099999999957 
0.52238060348194603755 0.00000000099999999995 0.47761938495530542603 0.00000000099999999995 0.00000000099999999995 0.00000000456274863431 0.00000000099999999995 0.00000000099999999995 0.00000000099999999995 0.00000000099999999995 
0.00000000099999999995 0.00000000099999999995 0.00000000099999999995 0.00000000099999999995 0.00000000099999999995 0.00000000099999999995 0.00000000099999999995 0.99999999100000003249 0.00000000099999999995 0.00000000099999999995 
0.00000000099999999960 0.99999999100000014352 0.00000000099999999960 0.00000000099999999960 0.00000000099999999960 0.00000000099999999960 0.00000000099999999960 0.00000000099999999960 0.00000000099999999960 0.00000000099999999960 
0.99999999100000025454 0.00000000099999999990 0.00000000099999999990 0.00000000099999999990 0.00000000099999999990 0.00000000099999999990 0.00000000099999999990 0.00000000099999999990 0.00000000099999999990 0.00000000099999999990 
0.00000000099999999991 0.00000000099999999991 0.00000000099999999991 0.00000000099999999991 0.00000000099999999991 0.00000000099999999991 0.00000000099999999991 0.99999999099999992147 0.00000000099999999991 0.00000000099999999991 
0.00000000099999999964 0.99999999100000014352 0.00000000099999999964 0.00000000099999999964 0.00000000099999999964 0.00000000099999999964 0.00000000099999999964 0.00000000099999999964 0.00000000099999999964 0.00000000099999999964 
0.33972436179559251102 0.00224534615280814294 0.21216732660995404891 0.00000000099999999998 0.03930156992316285319 0.09323092865142024177 0.07903441819062484441 0.00035844431478838018 0.00000000099999999998 0.23393760236164892752 
0.00000000099999999960 0.99999999100000014352 0.00000000099999999960 0.00000000099999999960 0.00000000099999999960 0.00000000099999999960 0.00000000099999999960 0.00000000099999999960 0.00000000099999999960 0.00000000099999999960 
0.00000000099999999992 0.00000000099999999992 0.00000000099999999992 0.00000000099999999992 0.00000000099999999992 0.00000000099999999992 0.00000000099999999992 0.99999999100000003249 0.00000000099999999992 0.00000000099999999992 
0.00000000099999999988 0.00000000099999999988 0.00000000099999999988 0.00000000099999999988 0.00000000099999999988 0.00000000099999999988 0.00000000099999999988 0.99999999099999992147 0.00000000099999999988 0.00000000099999999988 
0.00000000099999999955 0.99999999100000014352 0.00000000099999999955 0.00000000099999999955 0.00000000099999999955 0.00000000099999999955 0.00000000099999999955 0.00000000099999999955 0.00000000099999999955 0.00000000099999999955 
0.00000000099999999959 0.99999999100000025454 0.00000000099999999959 0.00000000099999999959 0.00000000099999999959 0.00000000099999999959 0.00000000099999999959 0.00000000099999999959 0.00000000099999999959 0.00000000099999999959 
0.00000000099999999993 0.00000000099999999993 0.00000000099999999993 0.00000000099999999993 0.00000000099999999993 0.00000000099999999993 0.00000000099999999993 0.99999999100000003249 0.00000000099999999993 0.00000000099999999993 
0.00170196788898496873 0.00000000099999999993 0.00000000099999999993 0.00000000099999999993 0.00000000099999999993 0.00000000099999999993 0.00000000099999999993 0.99829802411101498105 0.00000000099999999993 0.00000000099999999993 
0.00000000099999999995 0.00000000099999999995 0.00000018855327129303 0.00000000099999999995 0.00000000099999999995 0.00000000099999999995 0.00000000099999999995 0.99999980344672878552 0.00000000099999999995 0.00000000099999999995 
0.00000000099999999965 0.99999999100000014352 0.00000000099999999965 0.00000000099999999965 0.00000000099999999965 0.00000000099999999965 0.00000000099999999965 0.00000000099999999965 0.00000000099999999965 0.00000000099999999965 
0.00000000099999999996 0.00000000099999999996 0.00000000099999999996 0.00000000099999999996 0.00000789607362595138 0.00000000099999999996 0.00000000099999999996 0.00698065075495606178 0.00000000099999999996 0.99301144617141801074 
0.00000000099999999982 0.00000000099999999982 0.00000000099999999982 0.00000000099999999982 0.00000000099999999982 0.00000000099999999982 0.99999999099999992147 0.00000000099999999982 0.00000000099999999982 0.00000000099999999982 
0.00000000099999999994 0.00000000099999999994 0.61584791683203621293 0.00000000099999999994 0.00000000099999999994 0.00000000099999999994 0.00000000099999999994 0.00000000099999999994 0.00000000099999999994 0.38415207516796384679 
0.00000000099999999985 0.00000000099999999985 0.00000000099999999985 0.00000000099999999985 0.00000000099999999985 0.99999999100000014352 0.00000000099999999985 0.00000000099999999985 0.00000000099999999985 0.00000000099999999985 
0.00000000099999999992 0.00000000099999999992 0.00000000099999999992 0.00000000099999999992 0.00000000099999999992 0.00000000099999999992 0.00000000099999999992 0.99999999099999992147 0.00000000099999999992 0.00000000099999999992 
0.00000000099999999995 0.00000000099999999995 0.51061776108618117664 0.00000000099999999995 0.00000000099999999995 0.48938223091381888308 0.00000000099999999995 0.00000000099999999995 0.00000000099999999995 0.00000000099999999995 
0.00000000099999999948 0.00000000099999999948 0.00000000099999999948 0.00000000099999999948 0.00000000099999999948 0.00000000099999999948 0.00000000099999999948 0.00000000099999999948 0.99999999099999992147 0.00000000099999999948 
0.00000000099999999982 0.00000000099999999982 0.00000000099999999982 0.00000000099999999982 0.00000000099999999982 0.99999999100000014352 0.00000000099999999982 0.00000000099999999982 0.00000000099999999982 0.00000000099999999982 
0.00000000099999999955 0.00000000099999999955 0.00000000099999999955 0.47873124805345157462 0.00000000099999999955 0.00000000099999999955 0.00000000099999999955 0.00000000099999999955 0.52126874394654820755 0.00000000099999999955 
0.00000000099999999994 0.00000000099999999994 0.88542434825264504372 0.00000000099999999994 0.11457564374735493273 0.00000000099999999994 0.00000000099999999994 0.00000000099999999994 0.00000000099999999994 0.00000000099999999994 
0.00000000099999999949 0.00000000099999999949 0.00000000099999999949 0.00000000099999999949 0.00000000099999999949 0.00000000099999999949 0.00000000099999999949 0.00000000099999999949 0.99999999099999992147 0.00000000099999999949 
0.00000000099999999990 0.00000000099999999990 0.00000000099999999990 0.00000000099999999990 0.00000000099999999990 0.00000000099999999990 0.00000000099999999990 0.00000000099999999990 0.00000000099999999990 0.99999999099999992147 
0.00000000099999999997 0.00000000099999999997 0.34976664930169798495 0.00000000099999999997 0.00000003261443553093 0.00000000099999999997 0.00000000099999999997 0.00000000099999999997 0.00000000099999999997 0.65023331108386639432 
0.00000000099999999989 0.00000000099999999989 0.00000000099999999989 0.00000000099999999989 0.00000000099999999989 0.00000000099999999989 0.00000000099999999989 0.99999999099999992147 0.00000000099999999989 0.00000000099999999989 
0.00001784171791932710 0.00000000099999999993 0.28270543796982039453 0.00000000099999999993 0.00000000099999999993 0.00000000099999999993 0.00000000099999999993 0.00000000099999999993 0.00000000099999999993 0.71727671331226017237 
0.00000000099999999951 0.00000000099999999951 0.00000000099999999951 0.00000000099999999951 0.00000000099999999951 0.00000000099999999951 0.00000000099999999951 0.00000000099999999951 0.99999999100000003249 0.00000000099999999951 
0.00000000099999999952 0.00000000099999999952 0.00000000099999999952 0.00000000099999999952 0.00000000099999999952 0.00000000099999999952 0.00000000099999999952 0.00000000099999999952 0.99999999100000003249 0.00000000099999999952 
0.45841391221000254985 0.00813365881140801911 0.27819008893202029631 0.00000000099999999997 0.00000000099999999997 0.17910252164748172166 0.00000000099999999997 0.07615981339908747816 0.00000000099999999997 0.00000000099999999997 
0.00000000099999999991 0.00000000099999999991 0.00000000099999999991 0.00000000099999999991 0.00000000099999999991 0.00000000099999999991 0.00000000099999999991 0.99999999100000003249 0.00000000099999999991 0.00000000099999999991 
0.00000000099999999967 0.99999999100000025454 0.00000000099999999967 0.00000000099999999967 0.00000000099999999967 0.00000000099999999967 0.00000000099999999967 0.00000000099999999967 0.00000000099999999967 0.00000000099999999967 
0.00000000099999999991 0.00000000099999999991 0.00000000099999999991 0.00000000099999999991 0.00000000099999999991 0.00000000099999999991 0.00000000099999999991 0.99999999099999992147 0.00000000099999999991 0.00000000099999999991 
0.30615432088535504684 0.00000000099999999999 0.17221774783521245911 0.00000000099999999999 0.00101981918045923018 0.14622950615031038435 0.00000000099999999999 0.02788999543388928637 0.00000000099999999999 0.34648860651477358941 
0.00000000099999999944 0.00000000099999999944 0.00000000099999999944 0.00000000099999999944 0.00000000099999999944 0.00000000099999999944 0.00000000099999999944 0.00000000099999999944 0.99999999100000003249 0.00000000099999999944 
0.00000000099999999951 0.99999999100000014352 0.00000000099999999951 0.00000000099999999951 0.00000000099999999951 0.00000000099999999951 0.00000000099999999951 0.00000000099999999951 0.00000000099999999951 0.00000000099999999951 
0.00000000099999999947 0.00000000099999999947 0.00000000099999999947 0.99999999100000014352 0.00000000099999999947 0.00000000099999999947 0.00000000099999999947 0.00000000099999999947 0.00000000099999999947 0.00000000099999999947 
0.23517461676197382037 0.00687259525655200751 0.34260917347174957293 0.00000000099999999998 0.00000000099999999998 0.11381630714746546196 0.30152730236225916416 0.00000000099999999998 0.00000000099999999998 0.00000000099999999998 
0.00000000099999999988 0.00000000099999999988 0.00000000099999999988 0.00000000099999999988 0.00000000099999999988 0.00000000099999999988 0.00000000099999999988 0.99999999100000003249 0.00000000099999999988 0.00000000099999999988 
0.00000000099999999991 0.00000000099999999991 0.00000000099999999991 0.00000000099999999991 0.00000000099999999991 0.00000000099999999991 0.00000000099999999991 0.99999999099999992147 0.00000000099999999991 0.00000000099999999991 
0.16586635795496632029 0.00000000099999999997 0.15898154795396618466 0.00000000099999999997 0.06143327916830434998 0.20014702947045803771 0.00000000175605681942 0.21977730270762474429 0.00000000099999999997 0.19379447798862339813 
0.00000000099999999998 0.00000000099999999998 0.31670091727465560227 0.00000000099999999998 0.00000000099999999998 0.00000000099999999998 0.68329903604371655668 0.00000000099999999998 0.00000000099999999998 0.00000003968162778194 
0.00000000099999999979 0.00000000099999999979 0.00000000099999999979 0.00000000099999999979 0.00000000099999999979 0.00000000099999999979 0.99999999099999992147 0.00000000099999999979 0.00000000099999999979 0.00000000099999999979 
0.99999999100000014352 0.00000000099999999990 0.00000000099999999990 0.00000000099999999990 0.00000000099999999990 0.00000000099999999990 0.00000000099999999990 0.00000000099999999990 0.00000000099999999990 0.00000000099999999990 
0.59726179292152126177 0.00000000099999999996 0.36606662191951111485 0.00000000099999999996 0.03667157815896770340 0.00000000099999999996 0.00000000099999999996 0.00000000099999999996 0.00000000099999999996 0.00000000099999999996 
0.09012303371444620181 0.00000000099999999995 0.00000002841992958509 0.00000000099999999995 0.00000000099999999995 0.33699203168216662618 0.26308336923369229909 0.00000000099999999995 0.00000000099999999995 0.30980153194976534081 
0.30611150100645773131 0.00000000099999999996 0.21050787278944435577 0.00000000099999999996 0.04987779978967677580 0.00000000099999999996 0.22208083277716483828 0.00000000099999999996 0.00000000099999999996 0.21142198863725636393 
0.23456673911737624394 0.00000000099999999996 0.00000000099999999996 0.00000000099999999996 0.01205140574019612255 0.00000000099999999996 0.46926414308910729956 0.00000000099999999996 0.00000000099999999996 0.28411770605332037354 
0.00000000099999999996 0.00000000099999999996 0.62084391031280528050 0.00000000099999999996 0.00000000099999999996 0.00000000099999999996 0.37735527948157665534 0.00180080320561789914 0.00000000099999999996 0.00000000099999999996 
0.00000000099999999992 0.00000000099999999992 0.00000000099999999992 0.00000000099999999992 0.00000000099999999992 0.00000000099999999992 0.00000000099999999992 0.99999999100000003249 0.00000000099999999992 0.00000000099999999992 
0.00000000099999999995 0.00000000099999999995 0.00000000099999999995 0.00000000099999999995 0.04170751296724072715 0.00000000099999999995 0.00000000099999999995 0.95829247903275938114 0.00000000099999999995 0.00000000099999999995 
0.00000000099999999964 0.00000000099999999964 0.00000000099999999964 0.00000000099999999964 0.00000000099999999964 0.00000000099999999964 0.00000000099999999964 0.00000000099999999964 0.99999999100000003249 0.00000000099999999964 
0.00000000099999999995 0.00000000099999999995 0.00000000099999999995 0.00000000099999999995 0.00000000099999999995 0.00000000099999999995 0.00000000099999999995 0.99999999100000003249 0.00000000099999999995 0.00000000099999999995 
0.00000000099999999994 0.00000000099999999994 0.00000000099999999994 0.00000000099999999994 0.00000000099999999994 0.00000000099999999994 0.04559224232646652553 0.95440774967353347868 0.00000000099999999994 0.00000000099999999994 
0.00000000099999999992 0.00000000099999999992 0.00000000099999999992 0.00000000099999999992 0.00000000099999999992 0.00000000099999999992 0.00000000099999999992 0.00000000099999999992 0.00000000099999999992 0.99999999100000003249 
0.00000000099999999935 0.00000000099999999935 0.00000000099999999935 0.99999999100000003249 0.00000000099999999935 0.00000000099999999935 0.00000000099999999935 0.00000000099999999935 0.00000000099999999935 0.00000000099999999935 
0.31857916322519996832 0.00000000099999999998 0.00000000099999999998 0.00000000099999999998 0.00000000099999999998 0.12736463417257409825 0.27396932095454962219 0.00000000099999999998 0.00000000099999999998 0.28008687564767620337 
0.39726292920416977905 0.00000000099999999998 0.32978555205493931268 0.00000000099999999998 0.00147938674218193490 0.01038263112864489662 0.00000000636938909025 0.00662298611552742701 0.00000000099999999998 0.25446650538514758999 
0.00000000099999999998 0.00000000099999999998 0.34506110454967864332 0.00000000099999999998 0.03411690776743433323 0.00037937319570004619 0.17951126840373490823 0.00000000099999999998 0.00000000099999999998 0.44093134108345205524 
0.00000000099999999998 0.00000000099999999998 0.31629443592940259533 0.00000000099999999998 0.03958043283148542785 0.00000000099999999998 0.24560123968011118856 0.00000001194646114267 0.00000000099999999998 0.39852387461253968581 
0.99999999100000014352 0.00000000099999999989 0.00000000099999999989 0.00000000099999999989 0.00000000099999999989 0.00000000099999999989 0.00000000099999999989 0.00000000099999999989 0.00000000099999999989 0.00000000099999999989 
0.20730645160546218309 0.00000000099999999997 0.35445060244008413930 0.00000000099999999997 0.04432510313391865159 0.22407711694174736738 0.15092834511917868623 0.01891237675960892595 0.00000000099999999997 0.00000000099999999997 
0.00000000284020566851 0.00000000099999999997 0.14989997870333976460 0.00000000099999999997 0.00000014953360247668 0.00009613370497122369 0.25358662601799286662 0.00000000099999999997 0.00000000099999999997 0.59641710519988788697 
0.00000000099999999992 0.00000000099999999992 0.00000000099999999992 0.00000000099999999992 0.00000000099999999992 0.61855360043753915278 0.38144639156246101797 0.00000000099999999992 0.00000000099999999992 0.00000000099999999992 
0.00000000099999999999 0.02750693290224811086 0.42956257845608836199 0.00000000104442824656 0.00016032857546069876 0.13524435468405907046 0.00000000099999999999 0.00000000099999999999 0.00000000099999999999 0.40752580033771568235 
0.29763568617818803030 0.00397110416795330885 0.14959187958005018548 0.00000000099999999998 0.03287498387521580606 0.09712597531891993541 0.26413936830060308347 0.00000000099999999998 0.00000000099999999998 0.15466099957906967455 
0.20272997379480039992 0.00000000099999999996 0.19649004824733887209 0.00000000099999999996 0.00000000099999999996 0.06915006675826358695 0.14839927492740481729 0.00000000099999999996 0.00000000099999999996 0.38323063127219231250 
0.17448718978336436036 0.01982676910755750907 0.00000000099999999999 0.00000000099999999999 0.05322471439959734762 0.17101527277227482338 0.29055950716387463073 0.00004669547670861798 0.00000000099999999999 0.29083984829662296034 
0.99999999100000014352 0.00000000099999999988 0.00000000099999999988 0.00000000099999999988 0.00000000099999999988 0.00000000099999999988 0.00000000099999999988 0.00000000099999999988 0.00000000099999999988 0.00000000099999999988 
0.00000000099999999996 0.00000000099999999996 0.32766265526350418780 0.00000000099999999996 0.00000000099999999996 0.00000000099999999996 0.00000000099999999996 0.00000000099999999996 0.00000000099999999996 0.67233733673649564988 
0.27275595839755051308 0.00000000099999999995 0.00000000099999999995 0.00000000099999999995 0.05361228239652436611 0.00000000099999999995 0.00000000099999999995 0.00000000099999999995 0.00000000099999999995 0.67363175220592497183 
0.00002488873904197377 0.00000000099999999995 0.00012952711456523330 0.00000000099999999995 0.14165445232798112851 0.61417884773504216600 0.24400570255991291257 0.00000019594719332486 0.00000000099999999995 0.00000638257626329919 
0.00000000099999999998 0.00000000099999999998 0.00000000099999999998 0.00000000099999999998 0.03705511210672216005 0.33276379430862629283 0.25382576932849948426 0.00000000099999999998 0.00000000099999999998 0.37635531825615198276 
0.00000000099999999998 0.00000000099999999998 0.11716988841525122211 0.00000000099999999998 0.03500752915227449413 0.26471115649807847037 0.22508245391831699367 0.03180237757644374663 0.00000000099999999998 0.32622659043963514458 
0.00000000099999999996 0.00000000099999999996 0.46836389360141511551 0.00000000099999999996 0.03065687887345673948 0.29201986347732106220 0.00000000099999999996 0.00000000099999999996 0.00000000099999999996 0.20895935804780715883 
0.33876693674037505755 0.00000000099999999997 0.43504212129087077576 0.00000000099999999997 0.03624255521590701717 0.00000000930806220453 0.00032109468271677538 0.01704182071704802084 0.00000000099999999997 0.17258545904502012314 
0.13171221673538135999 0.00358323848715866441 0.30007750371973174186 0.07221742985703268058 0.05167454960721768603 0.00000000100000000000 0.21595158537253603126 0.00000592041482933542 0.00000000100000000000 0.22477755380611258440 
0.28473797853770699273 0.00000000099999999996 0.33435113331385230007 0.00000000099999999996 0.00000000099999999996 0.00000029498684574089 0.00000000099999999996 0.00000000099999999996 0.00000000099999999996 0.38091058716159503783 
0.99999999100000014352 0.00000000099999999987 0.00000000099999999987 0.00000000099999999987 0.00000000099999999987 0.00000000099999999987 0.00000000099999999987 0.00000000099999999987 0.00000000099999999987 0.00000000099999999987 
0.24258653029114268795 0.00000000099999999995 0.37756992259656591004 0.00000000099999999995 0.08781838062436739256 0.00000000099999999995 0.05494542480592673472 0.00000000099999999995 0.00000000099999999995 0.23707973668199733286 
0.14632135445025928888 0.00755737793034382769 0.19213772808552223581 0.00000000099999999997 0.03308035491576145903 0.19241548752320355997 0.29890149910866303795 0.00000000099999999997 0.00000000099999999997 0.12958619498624665556 
0.48854879766053010970 0.00000000099999999995 0.00000000099999999995 0.00000000099999999995 0.04805164548094183891 0.00000000099999999995 0.46339954985852810365 0.00000000099999999995 0.00000000099999999995 0.00000000099999999995 
0.30476532051790750089 0.00000000099999999999 0.27386345690726371371 0.00000000099999999999 0.09484681455376138548 0.05278478876366430456 0.00000000099999999999 0.00000000099999999999 0.00000000099999999999 0.27373961425740317432 
0.40570335026567716508 0.00000075579640320950 0.21041614729775309778 0.00000000099999999997 0.02635359409597807720 0.22787534226779010416 0.12965080627639852251 0.00000000099999999997 0.00000000099999999997 0.00000000099999999997 
0.38880296149200477274 0.00000000099999999995 0.00000000099999999995 0.00000000099999999995 0.00000000099999999995 0.00000000099999999995 0.00000000099999999995 0.00000000099999999995 0.00000000099999999995 0.61119703050799489841 
0.00000000099999999983 0.00000000099999999983 0.00000000099999999983 0.00000000099999999983 0.00000000099999999983 0.00000000099999999983 0.99999999100000003249 0.00000000099999999983 0.00000000099999999983 0.00000000099999999983 
0.00000000099999999991 0.00000000099999999991 0.00000000099999999991 0.00000000099999999991 0.00000000099999999991 0.00000000099999999991 0.00000000099999999991 0.99999999100000003249 0.00000000099999999991 0.00000000099999999991 
0.00000000099999999996 0.00000000099999999996 0.00000000099999999996 0.00000000099999999996 0.00000000099999999996 0.00000000099999999996 0.00402781896593111446 0.99597213552957364335 0.00000000099999999996 0.00000003850449521068 
0.00000000099999999947 0.00000000099999999947 0.00000000099999999947 0.99999999100000014352 0.00000000099999999947 0.00000000099999999947 0.00000000099999999947 0.00000000099999999947 0.00000000099999999947 0.00000000099999999947 
0.00000000099999999953 0.99999999100000014352 0.00000000099999999953 0.00000000099999999953 0.00000000099999999953 0.00000000099999999953 0.00000000099999999953 0.00000000099999999953 0.00000000099999999953 0.00000000099999999953 
0.00000000099999999998 0.03565933919261962681 0.00000000099999999998 0.00000000099999999998 0.01361443339720208937 0.06458820370014824175 0.00000000099999999998 0.88613801771003009033 0.00000000099999999998 0.00000000099999999998 
0.14615200422292026761 0.00000000099999999997 0.00000503471942923291 0.00000000099999999997 0.01208581356484894273 0.19505696744584349878 0.20151473386098414653 0.00048711210459197494 0.00000000099999999997 0.44469833108138190347 
0.00000000099999999984 0.00000000099999999984 0.00000000099999999984 0.00000000099999999984 0.00000000099999999984 0.99999999100000003249 0.00000000099999999984 0.00000000099999999984 0.00000000099999999984 0.00000000099999999984 
0.00000000099999999997 0.00507342157064195019 0.00000000099999999997 0.00000000099999999997 0.00000000099999999997 0.00000000099999999997 0.00000008549063945411 0.99492648593871857443 0.00000000099999999997 0.00000000099999999997 
0.00000000099999999994 0.00000000099999999994 0.00000000099999999994 0.00000000099999999994 0.00000000099999999994 0.31781766013195772436 0.00000000099999999994 0.00000000099999999994 0.00000000099999999994 0.68218233186804211332 
0.12993493041181403136 0.00647033500764408655 0.28998738526108913671 0.00000000099999999996 0.02468002344394979244 0.17063901227561284468 0.00000000099999999996 0.00000000099999999996 0.00000000099999999996 0.37828830959989012683 
0.00000000099999999982 0.00000000099999999982 0.00000000099999999982 0.00000000099999999982 0.00000000099999999982 0.99999999100000014352 0.00000000099999999982 0.00000000099999999982 0.00000000099999999982 0.00000000099999999982 
0.00000000099999999946 0.00000000099999999946 0.00000000099999999946 0.00000000099999999946 0.00000000099999999946 0.00000000099999999946 0.00000000099999999946 0.00000000099999999946 0.99999999100000003249 0.00000000099999999946 
0.00000000099999999954 0.00000000099999999954 0.00000000099999999954 0.21165184144820539669 0.00000000099999999954 0.00000000099999999954 0.00000000099999999954 0.00000000099999999954 0.78834815055179452425 0.00000000099999999954 
0.00000000099999999940 0.00000000099999999940 0.00000000099999999940 0.00000000099999999940 0.00000000099999999940 0.00000000099999999940 0.00000000099999999940 0.00000000099999999940 0.99999999099999992147 0.00000000099999999940 
0.00000000099999999938 0.00000000099999999938 0.00000000099999999938 0.99999999100000003249 0.00000000099999999938 0.00000000099999999938 0.00000000099999999938 0.00000000099999999938 0.00000000099999999938 0.00000000099999999938 
0.00000000099999999944 0.00000000099999999944 0.00000000099999999944 0.00000000099999999944 0.00000000099999999944 0.00000000099999999944 0.00000000099999999944 0.00000000099999999944 0.99999999099999992147 0.00000000099999999944 
0.00000000099999999995 0.00000000099999999995 0.02099437895635335866 0.00000000099999999995 0.00000000099999999995 0.00000000099999999995 0.00000000099999999995 0.97900561304364652759 0.00000000099999999995 0.00000000099999999995 
0.00000000099999999990 0.00000000099999999990 0.99999999100000014352 0.00000000099999999990 0.00000000099999999990 0.00000000099999999990 0.00000000099999999990 0.00000000099999999990 0.00000000099999999990 0.00000000099999999990 
0.00000000099999999949 0.00000000099999999949 0.00000000099999999949 0.50785857928327327038 0.00000000099999999949 0.00000000099999999949 0.00000000099999999949 0.00000000099999999949 0.49214141271672662281 0.00000000099999999949 
0.00000000099999999949 0.00000000099999999949 0.00000000099999999949 0.00000000099999999949 0.00000000099999999949 0.00000000099999999949 0.00000000099999999949 0.00000000099999999949 0.99999999099999992147 0.00000000099999999949 
0.00000000099999999951 0.99999999100000025454 0.00000000099999999951 0.00000000099999999951 0.00000000099999999951 0.00000000099999999951 0.00000000099999999951 0.00000000099999999951 0.00000000099999999951 0.00000000099999999951 
0.00000000099999999952 0.99999999100000025454 0.00000000099999999952 0.00000000099999999952 0.00000000099999999952 0.00000000099999999952 0.00000000099999999952 0.00000000099999999952 0.00000000099999999952 0.00000000099999999952 
0.37041788716799067815 0.00000000099999999996 0.25811835082436523914 0.00000000099999999996 0.00000000099999999996 0.37146375500764416966 0.00000000099999999996 0.00000000099999999996 0.00000000099999999996 0.00000000099999999996 
0.00000000099999999947 0.00000000099999999947 0.00000000099999999947 0.00000000099999999947 0.00000000099999999947 0.00000000099999999947 0.00000000099999999947 0.00000000099999999947 0.99999999100000003249 0.00000000099999999947 
0.99999999100000014352 0.00000000099999999989 0.00000000099999999989 0.00000000099999999989 0.00000000099999999989 0.00000000099999999989 0.00000000099999999989 0.00000000099999999989 0.00000000099999999989 0.00000000099999999989 
0.00000000099999999994 0.00000000099999999994 0.00000000099999999994 0.00000000099999999994 0.00000000099999999994 0.47881824235522668642 0.00000000099999999994 0.00000000099999999994 0.00000000099999999994 0.52118174964477326228 
0.00000000099999999996 0.00000000099999999996 0.01202798237632774457 0.00000000099999999996 0.03734383439987841447 0.00001359315618330173 0.00000000099999999996 0.95061458406761045747 0.00000000099999999996 0.00000000099999999996 
0.28237978828689247468 0.00000000099999999997 0.23789943375374691947 0.00000000099999999997 0.02513978736721467558 0.00102993483292562879 0.16291578613205798254 0.00310059649053183797 0.00000000099999999997 0.28753467013663053242 
0.00000000099999999988 0.00000000099999999988 0.00000000099999999988 0.00000000099999999988 0.00000000099999999988 0.00000000099999999988 0.00000000099999999988 0.99999999099999992147 0.00000000099999999988 0.00000000099999999988 
0.22447430527384940047 0.00000000099999999997 0.28382566663613012503 0.00000000099999999997 0.06395152045264740348 0.00000000099999999997 0.11084785391395005072 0.00396280732406258194 0.00000000099999999997 0.31293784239936034419 
0.00000000099999999990 0.00000000099999999990 0.00000000099999999990 0.00000000099999999990 0.00000000099999999990 0.00000000099999999990 0.00000000099999999990 0.99999999100000003249 0.00000000099999999990 0.00000000099999999990 
0.00000000099999999991 0.00000000099999999991 0.00000000099999999991 0.00000000099999999991 0.00000000099999999991 0.00000000099999999991 0.00000000099999999991 0.00000000099999999991 0.00000000099999999991 0.99999999100000003249 
0.00000000099999999985 0.00000000099999999985 0.00000000099999999985 0.00000000099999999985 0.00000000099999999985 0.99999999100000014352 0.00000000099999999985 0.00000000099999999985 0.00000000099999999985 0.00000000099999999985 
0.00000000099999999956 0.00000000099999999956 0.00000000099999999956 0.50268740589806892860 0.00000000099999999956 0.00000000099999999956 0.00000000099999999956 0.00000000099999999956 0.49731258610193102010 0.00000000099999999956 
0.00000000099999999992 0.00000000099999999992 0.00000000099999999992 0.00000000099999999992 0.00000000099999999992 0.00000000099999999992 0.00000000099999999992 0.99999999099999992147 0.00000000099999999992 0.00000000099999999992 
0.00000000099999999950 0.00000000099999999950 0.00000000099999999950 0.33079335094212258817 0.00000000099999999950 0.00000000099999999950 0.00000000099999999950 0.00000000099999999950 0.66920664105787730502 0.00000000099999999950 
0.00000000099999999943 0.00000000099999999943 0.00000000099999999943 0.00000000099999999943 0.00000000099999999943 0.00000000099999999943 0.00000000099999999943 0.00000000099999999943 0.99999999100000003249 0.00000000099999999943 
0.15939831208232144166 0.00000000099999999998 0.42077747110747826254 0.00000000099999999998 0.04998282027544177081 0.00008517181472903690 0.06837628094541396695 0.00000000099999999998 0.00000000099999999998 0.30137993977461541295 
0.99999999100000014352 0.00000000099999999989 0.00000000099999999989 0.00000000099999999989 0.00000000099999999989 0.00000000099999999989 0.00000000099999999989 0.00000000099999999989 0.00000000099999999989 0.00000000099999999989 
0.00000000099999999987 0.00000000099999999987 0.99999999100000003249 0.00000000099999999987 0.00000000099999999987 0.00000000099999999987 0.00000000099999999987 0.00000000099999999987 0.00000000099999999987 0.00000000099999999987 
0.35994408007375233716 0.00000000099999999997 0.18413894135578159905 0.00000000099999999997 0.05945614101012705599 0.00000003718271948657 0.12739685999903591074 0.00000000099999999997 0.00000000099999999997 0.26906393637858361245 
0.00000000099999999995 0.00000000099999999995 0.58251591600876362342 0.00000000099999999995 0.03066296260996017806 0.38682111438127619873 0.00000000099999999995 0.00000000099999999995 0.00000000099999999995 0.00000000099999999995 
0.00000000099999999990 0.00000000099999999990 0.99999999100000003249 0.00000000099999999990 0.00000000099999999990 0.00000000099999999990 0.00000000099999999990 0.00000000099999999990 0.00000000099999999990 0.00000000099999999990 
0.64363727376065071883 0.00000000099999999991 0.00000000099999999991 0.00000000099999999991 0.00000000099999999991 0.00000000099999999991 0.35636271823934950742 0.00000000099999999991 0.00000000099999999991 0.00000000099999999991 
