0.30297771398954592703 0.00000000099999999998 0.00000000099999999998 0.00000000099999999998 0.00000000099999999998 0.44841376111690678385 0.23738880279635860004 0.01121971809718868597 
0.00000000099999999994 0.00000000099999999994 0.00000000099999999994 0.00000000099999999994 0.99999999300000008695 0.00000000099999999994 0.00000000099999999994 0.00000000099999999994 
0.00000000099999999995 0.00000000099999999995 0.00000000099999999995 0.00000000099999999995 0.99999999300000008695 0.00000000099999999995 0.00000000099999999995 0.00000000099999999995 
0.38382421637659419611 0.00000000099999999999 0.32520484883763239869 0.00000000099999999999 0.04109903647811044558 0.24987189430766304499 0.00000000099999999999 0.00000000099999999999 
0.13764183098776611169 0.00000000099999999999 0.23543403318955208325 0.20024625638864140820 0.00000000099999999999 0.38074065145691510237 0.04593722497712524055 0.00000000099999999999 
0.06965449688409912354 0.00000000099999999999 0.40021358876973145424 0.00000034989004045285 0.00463787228631345159 0.34395997948682532908 0.18153371068299015145 0.00000000099999999999 
0.00000000099999999996 0.00000000099999999996 0.00000000099999999996 0.00000000099999999996 0.99999999299999997593 0.00000000099999999996 0.00000000099999999996 0.00000000099999999996 
0.00000000099999999992 0.00000000099999999992 0.00000000099999999992 0.00000000099999999992 0.99999999300000008695 0.00000000099999999992 0.00000000099999999992 0.00000000099999999992 
0.00000000099999999995 0.00000000099999999995 0.99999999300000008695 0.00000000099999999995 0.00000000099999999995 0.00000000099999999995 0.00000000099999999995 0.00000000099999999995 
0.00000000099999999994 0.00000000099999999994 0.00000000099999999994 0.00000000099999999994 0.99999999300000008695 0.00000000099999999994 0.00000000099999999994 0.00000000099999999994 
0.12960129196081299208 0.00000000099999999999 0.38375185411225781751 0.07967312779775660714 0.00914672044555515235 0.34995026388823174956 0.04310959911285956042 0.00476714168252609632 
0.11644899290459721775 0.00000000099999999999 0.23135006057487578213 0.07377079319386338485 0.00000053739541301595 0.39317435659431010375 0.18525525274425183597 0.00000000559268869284 
0.00000000099999999999 0.00000000099999999999 0.46914234488150763358 0.00000000099999999999 0.00000000099999999999 0.40570345928968154503 0.12515419082881085178 0.00000000099999999999 
0.39624830261973109646 0.00000000099999999999 0.12694761613374802578 0.00000122306524677810 0.00000000099999999999 0.33919308536292208656 0.13137637417066819201 0.00623339664768391040 
0.54353848699681173162 0.00000000099999999999 0.00000000099999999999 0.00000000099999999999 0.00000000099999999999 0.44918395234379882019 0.00000053861720824693 0.00727701804218136832 
0.20378961881410062595 0.00000000099999999999 0.28390959348866873224 0.08118992215443490701 0.04554370975251366416 0.25891479167633490999 0.10038301156146216264 0.02626935155248497078 
0.33191303562155566320 0.00000000099999999998 0.00000000099999999998 0.00000000099999999998 0.00000000099999999998 0.66808695837844433996 0.00000000099999999998 0.00000000099999999998 
0.39370246252207596882 0.00000000099999999999 0.34446889207103603692 0.07761471970821048894 0.00000000099999999999 0.18416593494402344611 0.00004798775465398973 0.00000000099999999999 
0.30594806025782400605 0.00000000099999999998 0.69405193374217599711 0.00000000099999999998 0.00000000099999999998 0.00000000099999999998 0.00000000099999999998 0.00000000099999999998 
0.61820221043887779722 0.00000000099999999997 0.26072848304071832848 0.12106930152040402959 0.00000000099999999997 0.00000000099999999997 0.00000000099999999997 0.00000000099999999997 
0.20148609051543406312 0.00000000099999999998 0.11282414869647744426 0.00000000099999999998 0.00000000099999999998 0.57361494064968221451 0.11207481613840625245 0.00000000099999999998 
0.00000000990441873937 0.00000000099999999997 0.00000000099999999997 0.00000000099999999997 0.99999998409558132906 0.00000000099999999997 0.00000000099999999997 0.00000000099999999997 
0.39044632483985319826 0.00000000099999999999 0.22539886822243707099 0.05985559543388441206 0.02112123890058935013 0.30150337388530784599 0.00167459671792800783 0.00000000099999999999 
0.00000000099999999967 0.00000000099999999967 0.00000000099999999967 0.99999999299999997593 0.00000000099999999967 0.00000000099999999967 0.00000000099999999967 0.00000000099999999967 
0.17409996857321891062 0.00000000099999999998 0.34365669974659424080 0.03074623586329048447 0.01653288277312759194 0.30417968991230948106 0.13078452113145930258 0.00000000099999999998 
0.20523982932036180515 0.00000000099999999998 0.38653106593021413495 0.06338816856657999987 0.00000000099999999998 0.24925982884211927981 0.09558110434072483730 0.00000000099999999998 
0.00000000099999999969 0.00000000099999999969 0.00000000099999999969 0.00000000099999999969 0.00000000099999999969 0.00000000099999999969 0.00000000099999999969 0.99999999300000008695 
0.00000000099999999965 0.00000000099999999965 0.00000000099999999965 0.00000000099999999965 0.00000000099999999965 0.00000000099999999965 0.00000000099999999965 0.99999999299999997593 
0.00000000099999999994 0.00000000099999999994 0.99999999299999997593 0.00000000099999999994 0.00000000099999999994 0.00000000099999999994 0.00000000099999999994 0.00000000099999999994 
0.00000000099999999993 0.00000000099999999993 0.99999999300000008695 0.00000000099999999993 0.00000000099999999993 0.00000000099999999993 0.00000000099999999993 0.00000000099999999993 
0.00000000099999999995 0.00000000099999999995 0.00000000099999999995 0.00000000099999999995 0.00000000099999999995 0.56199246380986944693 0.43800753019013050071 0.00000000099999999995 
0.00000000099999999990 0.00000000099999999990 0.00000000099999999990 0.13086431778902918310 0.86913567621097076454 0.00000000099999999990 0.00000000099999999990 0.00000000099999999990 
0.00000000099999999983 0.00000000099999999983 0.00000000099999999983 0.57824909420880987732 0.05334834351964289068 0.00000000099999999983 0.00000000099999999983 0.36840255727154713750 
0.46569186256647382427 0.00000000099999999997 0.00000000100039933950 0.00000000099999999997 0.00000000099999999997 0.53430813143312694269 0.00000000099999999997 0.00000000099999999997 
0.00000000099999999963 0.99999999300000008695 0.00000000099999999963 0.00000000099999999963 0.00000000099999999963 0.00000000099999999963 0.00000000099999999963 0.00000000099999999963 
0.00000000099999999955 0.99999999300000008695 0.00000000099999999955 0.00000000099999999955 0.00000000099999999955 0.00000000099999999955 0.00000000099999999955 0.00000000099999999955 
0.00000000099999999955 0.99999999300000019797 0.00000000099999999955 0.00000000099999999955 0.00000000099999999955 0.00000000099999999955 0.00000000099999999955 0.00000000099999999955 
0.00000000099999999970 0.00000000099999999970 0.00000000099999999970 0.00000000099999999970 0.00000000099999999970 0.00000000099999999970 0.00000000099999999970 0.99999999300000008695 
0.00000000099999999966 0.00000000099999999966 0.00000000099999999966 0.00000000099999999966 0.00000000099999999966 0.00000000099999999966 0.00000000099999999966 0.99999999299999997593 
0.00000010081719382623 0.00000000099999999998 0.29927602738718700470 0.14237633615979469748 0.00000000099999999998 0.41798386995656761078 0.14036366267925673434 0.00000000099999999998 
0.00000000099999999996 0.00000000099999999996 0.00000000099999999996 0.00000000099999999996 0.99999999300000008695 0.00000000099999999996 0.00000000099999999996 0.00000000099999999996 
0.00000000099999999967 0.00000000099999999967 0.00000000099999999967 0.00000000099999999967 0.00000000099999999967 0.00000000099999999967 0.00000000099999999967 0.99999999299999997593 
0.42889338442565377862 0.00000000099999999999 0.00000000099999999999 0.20043681614333178076 0.00000000099999999999 0.29246301423053505664 0.07820678120047928894 0.00000000099999999999 
0.00000000099999999993 0.00000000099999999993 0.00000000099999999993 0.00000000099999999993 0.99999999300000008695 0.00000000099999999993 0.00000000099999999993 0.00000000099999999993 
0.00000000099999999971 0.00000000099999999971 0.00000000099999999971 0.00000000099999999971 0.00000000099999999971 0.00000000099999999971 0.00000000099999999971 0.99999999299999997593 
0.17787341370674036867 0.00000000099999999999 0.36389437003734154130 0.05571044678263373934 0.00183687338125670583 0.31207549722080352161 0.08817233798643737963 0.00043705988478661025 
0.00000000099999999968 0.00000000099999999968 0.00000000099999999968 0.00000000099999999968 0.00000000099999999968 0.00000000099999999968 0.00000000099999999968 0.99999999299999997593 
0.00000000099999999995 0.00000000099999999995 0.00000000099999999995 0.00000000099999999995 0.99999999300000008695 0.00000000099999999995 0.00000000099999999995 0.00000000099999999995 
0.00000000099999999991 0.00000000099999999991 0.00000000099999999991 0.00000000099999999991 0.99999999299999997593 0.00000000099999999991 0.00000000099999999991 0.00000000099999999991 
0.00000000099999999964 0.00000000099999999964 0.00000000099999999964 0.00000000099999999964 0.00000000099999999964 0.00000000099999999964 0.00000000099999999964 0.99999999299999997593 
0.00000000099999999967 0.00000000099999999967 0.00000000099999999967 0.00000000099999999967 0.00000000099999999967 0.00000000099999999967 0.00000000099999999967 0.99999999299999997593 
0.00000000099999999995 0.00000000099999999995 0.00000000099999999995 0.00000000099999999995 0.99999999300000008695 0.00000000099999999995 0.00000000099999999995 0.00000000099999999995 
0.00000000099999999995 0.00000000099999999995 0.00000000099999999995 0.00000000099999999995 0.99999999300000008695 0.00000000099999999995 0.00000000099999999995 0.00000000099999999995 
0.00000030782296903374 0.00000000099999999997 0.00000000099999999997 0.00000000099999999997 0.99999968617703105522 0.00000000099999999997 0.00000000099999999997 0.00000000099999999997 
0.00000000099999999973 0.00000000099999999973 0.00000000099999999973 0.00000000099999999973 0.00000000099999999973 0.00000000099999999973 0.00000000099999999973 0.99999999299999997593 
0.00000000099999999997 0.00000000099999999997 0.99999716043815156663 0.00000000099999999997 0.00000283356184836889 0.00000000099999999997 0.00000000099999999997 0.00000000099999999997 
0.99999999300000008695 0.00000000099999999991 0.00000000099999999991 0.00000000099999999991 0.00000000099999999991 0.00000000099999999991 0.00000000099999999991 0.00000000099999999991 
0.99999999300000008695 0.00000000099999999990 0.00000000099999999990 0.00000000099999999990 0.00000000099999999990 0.00000000099999999990 0.00000000099999999990 0.00000000099999999990 
0.49504697975328404436 0.00000000099999999999 0.00000000112290074589 0.05828670833887872327 0.00352131849987736330 0.44314498928505902109 0.00000000099999999999 0.00000000099999999999 
0.00000000099999999994 0.00000000099999999994 0.00000000099999999994 0.00000000099999999994 0.99999999299999997593 0.00000000099999999994 0.00000000099999999994 0.00000000099999999994 
0.22452245491750510986 0.00000000099999999999 0.41524435056505676345 0.00000000099999999999 0.00000000099999999999 0.35996089407897807755 0.00000000099999999999 0.00027229643846022190 
0.00000000099999999961 0.99999999300000008695 0.00000000099999999961 0.00000000099999999961 0.00000000099999999961 0.00000000099999999961 0.00000000099999999961 0.00000000099999999961 
0.99999999300000019797 0.00000000099999999990 0.00000000099999999990 0.00000000099999999990 0.00000000099999999990 0.00000000099999999990 0.00000000099999999990 0.00000000099999999990 
0.00000000099999999962 0.99999999300000008695 0.00000000099999999962 0.00000000099999999962 0.00000000099999999962 0.00000000099999999962 0.00000000099999999962 0.00000000099999999962 
0.00000000099999999997 0.00000000099999999997 0.70651028336333854263 0.29348971063666146053 0.00000000099999999997 0.00000000099999999997 0.00000000099999999997 0.00000000099999999997 
0.00000000099999999963 0.99999999300000019797 0.00000000099999999963 0.00000000099999999963 0.00000000099999999963 0.00000000099999999963 0.00000000099999999963 0.00000000099999999963 
0.00069870983888576743 0.00000000099999999993 0.38722356489277975911 0.00000000099999999993 0.00000000099999999993 0.00000000099999999993 0.61207772026833429102 0.00000000099999999993 
0.00000005649610122327 0.00000000099999999997 0.00000000099999999997 0.18153183085916357875 0.00000000099999999997 0.43363570146885249690 0.38483240717588274027 0.00000000099999999997 
0.00000000099999999993 0.00000000099999999993 0.00000000099999999993 0.00000000099999999993 0.99999999299999997593 0.00000000099999999993 0.00000000099999999993 0.00000000099999999993 
0.20705401251176883126 0.00000000099999999997 0.35036772013887601540 0.00000000099999999997 0.00000000099999999997 0.44257826234935526699 0.00000000099999999997 0.00000000099999999997 
0.00000000099999999963 0.99999999300000019797 0.00000000099999999963 0.00000000099999999963 0.00000000099999999963 0.00000000099999999963 0.00000000099999999963 0.00000000099999999963 
0.00000000099999999966 0.99999999300000019797 0.00000000099999999966 0.00000000099999999966 0.00000000099999999966 0.00000000099999999966 0.00000000099999999966 0.00000000099999999966 
0.63254608084230001808 0.00000000099999999998 0.00000000099999999998 0.30781275146425041145 0.05964116269344980209 0.00000000099999999998 0.00000000099999999998 0.00000000099999999998 
0.00000000099999999993 0.00000000099999999993 0.00000000099999999993 0.00000000099999999993 0.99999999299999997593 0.00000000099999999993 0.00000000099999999993 0.00000000099999999993 
0.00000000099999999974 0.00000000099999999974 0.00000000099999999974 0.00000000099999999974 0.00000000099999999974 0.00000000099999999974 0.00000000099999999974 0.99999999300000008695 
0.00000000099999999994 0.00000000099999999994 0.00000000099999999994 0.00000000099999999994 0.99999999299999997593 0.00000000099999999994 0.00000000099999999994 0.00000000099999999994 
0.00000000099999999998 0.00000000099999999998 0.24544294389676749035 0.11522095483663390147 0.00000138356131591622 0.38309097808820613551 0.25624373661707644523 0.00000000099999999998 
0.00000000099999999959 0.99999999300000019797 0.00000000099999999959 0.00000000099999999959 0.00000000099999999959 0.00000000099999999959 0.00000000099999999959 0.00000000099999999959 
0.00000000099999999961 0.00000000099999999961 0.00000000099999999961 0.00000000099999999961 0.00000000099999999961 0.00000000099999999961 0.00000000099999999961 0.99999999299999997593 
0.00000000099999999968 0.99999999300000008695 0.00000000099999999968 0.00000000099999999968 0.00000000099999999968 0.00000000099999999968 0.00000000099999999968 0.00000000099999999968 
0.00000000099999999995 0.00000000099999999995 0.00000000099999999995 0.00000000099999999995 0.00000000099999999995 0.99999999300000008695 0.00000000099999999995 0.00000000099999999995 
0.00000000099999999991 0.00000000099999999991 0.00000000099999999991 0.00000000099999999991 0.99999999300000008695 0.00000000099999999991 0.00000000099999999991 0.00000000099999999991 
0.00000000099999999993 0.00000000099999999993 0.00000000099999999993 0.00000000099999999993 0.99999999299999997593 0.00000000099999999993 0.00000000099999999993 0.00000000099999999993 
0.00000000099999999980 0.00000000099999999980 0.00000000099999999980 0.00000000099999999980 0.00000000099999999980 0.00000000099999999980 0.99999999299999997593 0.00000000099999999980 
0.00000000099999999999 0.00000000099999999999 0.00000000099999999999 0.00000000099999999999 0.00000000099999999999 0.98021814500712556306 0.00000000099999999999 0.01978184899287453724 
0.53313016821470726736 0.00000000099999999995 0.00000000099999999995 0.11007358887897324140 0.00000000099999999995 0.00000000099999999995 0.35679623790631942448 0.00000000099999999995 
0.00000000099999999993 0.00000000099999999993 0.00000000099999999993 0.00000000099999999993 0.00000000099999999993 0.99999999300000008695 0.00000000099999999993 0.00000000099999999993 
0.00000000099999999999 0.00000000099999999999 0.50715195956828507118 0.13599123213949071420 0.00000000099999999999 0.35685680329222418949 0.00000000099999999999 0.00000000099999999999 
0.38007173603923566363 0.00000000099999999997 0.37226177588856901313 0.00604249552427105555 0.00000000099999999997 0.24161864532515314741 0.00000534422277108213 0.00000000099999999997 
0.23778905399404928755 0.00000000099999999998 0.11103693808260987896 0.05893049001446235696 0.00000000099999999998 0.43532983296722838062 0.15691368194165009053 0.00000000099999999998 
0.37113352927026532768 0.00000000099999999999 0.18355300629424700642 0.02330787218700810723 0.00000000145763644190 0.37070656206097246654 0.05129902672987051576 0.00000000099999999999 
0.09685551152033511357 0.00000000099999999999 0.34146245971151079068 0.12313293877348591154 0.02781247065170759994 0.41073661634296049217 0.00000000099999999999 0.00000000099999999999 
0.00000000099999999995 0.00000000099999999995 0.00000000099999999995 0.00000000099999999995 0.99999999300000008695 0.00000000099999999995 0.00000000099999999995 0.00000000099999999995 
0.00000000099999999996 0.00000000099999999996 0.00000000099999999996 0.05117577575309195659 0.94882421824690810208 0.00000000099999999996 0.00000000099999999996 0.00000000099999999996 
0.00000000099999999977 0.99999999300000019797 0.00000000099999999977 0.00000000099999999977 0.00000000099999999977 0.00000000099999999977 0.00000000099999999977 0.00000000099999999977 
0.00000000099999999997 0.00000000099999999997 0.00000000099999999997 0.00000000099999999997 0.99999999300000008695 0.00000000099999999997 0.00000000099999999997 0.00000000099999999997 
0.00000000099999999996 0.00000000099999999996 0.00000000099999999996 0.03821639661164200064 0.96178359738835794701 0.00000000099999999996 0.00000000099999999996 0.00000000099999999996 
0.35645728562868689293 0.00000000099999999999 0.37658630775517393241 0.11988376010105715463 0.00000019909053337385 0.02955992170957629644 0.11751252371497233895 0.00000000099999999999 
0.00000000099999999954 0.99999999300000008695 0.00000000099999999954 0.00000000099999999954 0.00000000099999999954 0.00000000099999999954 0.00000000099999999954 0.00000000099999999954 
0.17628526223505674997 0.00000000099999999999 0.19145764086973654505 0.13363597022160544903 0.00000000099999999999 0.49768018619780274303 0.00000000099999999999 0.00094093747579855819 
0.00000000099999999999 0.00000000099999999999 0.41655009172573165266 0.00000000099999999999 0.01362542155675242582 0.56982448171751598487 0.00000000099999999999 0.00000000099999999999 
0.30923346677801094584 0.00000000100000000000 0.20702442296578049685 0.06455083029216571178 0.00000000100000000000 0.31093810731995819019 0.10623480012920058502 0.00201837051488407138 
0.00000000099999999996 0.00000000099999999996 0.99999999299999997593 0.00000000099999999996 0.00000000099999999996 0.00000000099999999996 0.00000000099999999996 0.00000000099999999996 
0.00000000099999999981 0.00000000099999999981 0.00000000099999999981 0.99999999299999997593 0.00000000099999999981 0.00000000099999999981 0.00000000099999999981 0.00000000099999999981 
0.00000000099999999994 0.00000000099999999994 0.00000000099999999994 0.00000000099999999994 0.00000000099999999994 0.99999999299999997593 0.00000000099999999994 0.00000000099999999994 
0.34719597963728104917 0.00000000099999999999 0.21323348079311432723 0.09061281089343350970 0.00000000099999999999 0.34895772467617114376 0.00000000099999999999 0.00000000099999999999 
0.99999999300000019797 0.00000000099999999992 0.00000000099999999992 0.00000000099999999992 0.00000000099999999992 0.00000000099999999992 0.00000000099999999992 0.00000000099999999992 
0.10408993999510682271 0.00000000100000000000 0.29615524785046776213 0.04807937669034220013 0.00304777230559001707 0.42548215548102358285 0.09483705448788921910 0.02830845218958039089 
0.22957977644100219239 0.00000000099999999999 0.27103568248949000408 0.08998546111618573040 0.00435443696302502750 0.39482150560589351906 0.00000000099999999999 0.01022313538440356578 
0.00000000099999999993 0.00000000099999999993 0.99999999300000008695 0.00000000099999999993 0.00000000099999999993 0.00000000099999999993 0.00000000099999999993 0.00000000099999999993 
0.36515096819668402262 0.00000000099999999999 0.00000000099999999999 0.16879108532329406556 0.01708057320247378247 0.43066908884243498834 0.00000000104121581081 0.01830828139389724732 
0.30089969312798192647 0.00000000099999999997 0.69910030087201802118 0.00000000099999999997 0.00000000099999999997 0.00000000099999999997 0.00000000099999999997 0.00000000099999999997 
0.32970848713255351825 0.00000000099999999997 0.00000000099999999997 0.00000000099999999997 0.00000000099999999997 0.44460291118383071796 0.22568859668361562765 0.00000000099999999997 
0.00004753524339087215 0.00000000099999999998 0.31151959766548509290 0.08121592391742722683 0.00000000099999999998 0.60721693917369679028 0.00000000099999999998 0.00000000099999999998 
0.64829816874728507514 0.00000000099999999995 0.00000000099999999995 0.35170182525271503904 0.00000000099999999995 0.00000000099999999995 0.00000000099999999995 0.00000000099999999995 
0.15730390169340888185 0.00000000099999999999 0.29028155648637576913 0.01127240656563037804 0.00000000099999999999 0.29328345576207109913 0.24785867649251394629 0.00000000099999999999 
0.42572372889115689398 0.00000000099999999999 0.21977570121094169853 0.01331543536053895853 0.03477840869927217859 0.30640672283809022858 0.00000000099999999999 0.00000000099999999999 
0.09663035185416529727 0.00000000099999999997 0.46526486859117638373 0.00000000099999999997 0.00000000099999999997 0.25532361794148616951 0.18278115761317229038 0.00000000099999999997 
0.00000000099999999998 0.00000000099999999998 0.38911300996757008930 0.12105802452928308977 0.00306220869252243552 0.36422234002003089914 0.12254441379059355377 0.00000000099999999998 
0.14405509704736688126 0.07030988494425828572 0.24955972084628766372 0.03078450452531785939 0.01988487395915619280 0.48103272582269523960 0.00000000100000000000 0.00437319185491782513 
0.21433346431659411335 0.00000000099999999998 0.16089366986678854676 0.12306233359019046192 0.00000000099999999998 0.35121600951517706335 0.15049451971124963578 0.00000000099999999998 
0.00000000099999999996 0.00000000099999999996 0.00000000099999999996 0.19896641217537239243 0.00000000099999999996 0.52825134180394195393 0.27278224102068554524 0.00000000099999999996 
0.08916806462267487521 0.00000000099999999997 0.24698403321843559466 0.05463860516425125130 0.00000593777869365427 0.42313084968214620396 0.18607250753379830921 0.00000000099999999997 
0.00000000099999999994 0.00000000099999999994 0.00000000099999999994 0.00000000099999999994 0.00000000099999999994 0.99999999300000008695 0.00000000099999999994 0.00000000099999999994 
0.33688568339089436376 0.00000000099999999998 0.34916667533134437829 0.02869943008883451066 0.00536778860239440700 0.27988041958653242514 0.00000000099999999998 0.00000000099999999998 
0.00000000099999999997 0.00000000099999999997 0.00000000099999999997 0.00000000099999999997 0.00000000099999999997 0.99999999300000008695 0.00000000099999999997 0.00000000099999999997 
0.22059628466751113329 0.00000000099999999999 0.25578013905796020966 0.15049506106679977346 0.00125280032595835806 0.30736021705961807937 0.06253972478851570205 0.00197577203363680882 
0.00000000099999999994 0.00000000099999999994 0.00000000099999999994 0.00000000099999999994 0.00000000099999999994 0.99999999300000008695 0.00000000099999999994 0.00000000099999999994 
0.00000000099999999996 0.00000000099999999996 0.55652570375651888579 0.00000000099999999996 0.00000000099999999996 0.24769116870750707005 0.19578312253597399129 0.00000000099999999996 
0.00000000099999999994 0.00000000099999999994 0.00000000099999999994 0.00000000099999999994 0.99999999300000008695 0.00000000099999999994 0.00000000099999999994 0.00000000099999999994 
0.00000000099999999997 0.00000000099999999997 0.00000000099999999997 0.00466075806867000120 0.99533923593133000196 0.00000000099999999997 0.00000000099999999997 0.00000000099999999997 
0.00000000099999999970 0.99999999300000008695 0.00000000099999999970 0.00000000099999999970 0.00000000099999999970 0.00000000099999999970 0.00000000099999999970 0.00000000099999999970 
0.00000000099999999962 0.00000000099999999962 0.00000000099999999962 0.00000000099999999962 0.00000000099999999962 0.00000000099999999962 0.00000000099999999962 0.99999999300000008695 
0.00000000099999999999 0.00000000099999999999 0.00000000099999999999 0.07218632117146672744 0.89026586327811640942 0.00000000099999999999 0.00000000099999999999 0.03754781055041694904 
0.22104865233339812680 0.00000000099999999997 0.24808678272497775019 0.03618747418115859232 0.00000000099999999997 0.30153390606582269884 0.19314318169464292363 0.00000000099999999997 
0.68651415820940031587 0.00000000099999999996 0.00000000099999999996 0.00000000099999999996 0.00000000099999999996 0.00000000099999999996 0.31348583579059974280 0.00000000099999999996 
0.00000000099999999997 0.00000000099999999997 0.00000000099999999997 0.00000000099999999997 0.96156735237831814089 0.00000000099999999997 0.03843264162168186920 0.00000000099999999997 
0.42704590944931652974 0.00000000099999999998 0.24852594717431256144 0.00000000099999999998 0.01603018314911232658 0.30839795622725857394 0.00000000099999999998 0.00000000099999999998 
0.20381171201241085611 0.00000000099999999998 0.25897656017116632565 0.00000000099999999998 0.00000000099999999998 0.52497740058802300211 0.00000000099999999998 0.01223432322839988588 
0.59329177145210409972 0.00000000099999999997 0.40670822254789595895 0.00000000099999999997 0.00000000099999999997 0.00000000099999999997 0.00000000099999999997 0.00000000099999999997 
0.00000000099999999959 0.99999999300000008695 0.00000000099999999959 0.00000000099999999959 0.00000000099999999959 0.00000000099999999959 0.00000000099999999959 0.00000000099999999959 
0.00000000099999999962 0.99999999300000019797 0.00000000099999999962 0.00000000099999999962 0.00000000099999999962 0.00000000099999999962 0.00000000099999999962 0.00000000099999999962 
0.00000000099999999954 0.99999999300000019797 0.00000000099999999954 0.00000000099999999954 0.00000000099999999954 0.00000000099999999954 0.00000000099999999954 0.00000000099999999954 
0.00000000099999999956 0.99999999300000008695 0.00000000099999999956 0.00000000099999999956 0.00000000099999999956 0.00000000099999999956 0.00000000099999999956 0.00000000099999999956 
0.00000000099999999957 0.99999999300000008695 0.00000000099999999957 0.00000000099999999957 0.00000000099999999957 0.00000000099999999957 0.00000000099999999957 0.00000000099999999957 
0.00000000099999999997 0.00000000099999999997 0.00000000099999999997 0.00000000099999999997 0.99999999300000008695 0.00000000099999999997 0.00000000099999999997 0.00000000099999999997 
0.00000000099999999995 0.00000000099999999995 0.00000000099999999995 0.00000000099999999995 0.00000000099999999995 0.99999999300000008695 0.00000000099999999995 0.00000000099999999995 
0.00000000099999999956 0.99999999300000019797 0.00000000099999999956 0.00000000099999999956 0.00000000099999999956 0.00000000099999999956 0.00000000099999999956 0.00000000099999999956 
0.00000000099999999963 0.99999999300000008695 0.00000000099999999963 0.00000000099999999963 0.00000000099999999963 0.00000000099999999963 0.00000000099999999963 0.00000000099999999963 
0.00000000099999999961 0.00000000099999999961 0.00000000099999999961 0.00000000099999999961 0.00000000099999999961 0.00000000099999999961 0.00000000099999999961 0.99999999299999997593 
0.00000000099999999961 0.00000000099999999961 0.00000000099999999961 0.00000000099999999961 0.00000000099999999961 0.00000000099999999961 0.00000000099999999961 0.99999999300000008695 
0.00000000099999999994 0.00000000099999999994 0.99999999299999997593 0.00000000099999999994 0.00000000099999999994 0.00000000099999999994 0.00000000099999999994 0.00000000099999999994 
0.00000000099999999959 0.99999999300000008695 0.00000000099999999959 0.00000000099999999959 0.00000000099999999959 0.00000000099999999959 0.00000000099999999959 0.00000000099999999959 
0.00000000099999999995 0.00000000099999999995 0.00000000099999999995 0.00000000099999999995 0.00000000099999999995 0.99999999300000008695 0.00000000099999999995 0.00000000099999999995 
0.24476333851398313080 0.00000000099999999998 0.36772458121616785620 0.00000000099999999998 0.00000000099999999998 0.31410341429474303299 0.07340866197510606539 0.00000000099999999998 
0.06305459009270095172 0.00000000099999999997 0.00000000099999999997 0.00000000099999999997 0.93694540390729896817 0.00000000099999999997 0.00000000099999999997 0.00000000099999999997 
0.00000000099999999998 0.00000000099999999998 0.31234157178780658226 0.09332690141767899239 0.00000000099999999998 0.47788693723374880973 0.11644458556076549283 0.00000000099999999998 
0.00000000099999999991 0.00000000099999999991 0.00000000099999999991 0.00000000099999999991 0.99999999299999997593 0.00000000099999999991 0.00000000099999999991 0.00000000099999999991 
0.00000000099999999998 0.00000000099999999998 0.19999973610961035986 0.26432548578613490609 0.00000000099999999998 0.43869208034270029684 0.09698269376155432830 0.00000000099999999998 
0.00000000099999999993 0.00000000099999999993 0.00000000099999999993 0.00000000099999999993 0.99999999299999997593 0.00000000099999999993 0.00000000099999999993 0.00000000099999999993 
0.00000000099999999997 0.00000000099999999997 0.00000000099999999997 0.00000000099999999997 0.00000000099999999997 0.63981966330354722583 0.36018033069645277733 0.00000000099999999997 
0.21136055203777120992 0.00000000099999999999 0.29938251216811584410 0.08363964017734264178 0.00000000099999999999 0.27553021413833550524 0.12307843266253544467 0.00700864681589935101 
0.00000000099999999963 0.99999999300000019797 0.00000000099999999963 0.00000000099999999963 0.00000000099999999963 0.00000000099999999963 0.00000000099999999963 0.00000000099999999963 
0.00000000099999999994 0.00000000099999999994 0.00000000099999999994 0.00000000099999999994 0.99999999299999997593 0.00000000099999999994 0.00000000099999999994 0.00000000099999999994 
0.00000000099999999957 0.99999999300000008695 0.00000000099999999957 0.00000000099999999957 0.00000000099999999957 0.00000000099999999957 0.00000000099999999957 0.00000000099999999957 
0.00000000099999999956 0.99999999300000008695 0.00000000099999999956 0.00000000099999999956 0.00000000099999999956 0.00000000099999999956 0.00000000099999999956 0.00000000099999999956 
0.00000000099999999997 0.00000000099999999997 0.00000000099999999997 0.00000000099999999997 0.00000000099999999997 0.78118933452560734843 0.21881065947439265473 0.00000000099999999997 
0.00000000099999999998 0.00000000099999999998 0.37685777000934284064 0.13019959685302268104 0.00000000099999999998 0.32792439750704516221 0.16501823163058920718 0.00000000099999999998 
0.00000000099999999993 0.00000000099999999993 0.00000000099999999993 0.00000000099999999993 0.00000000099999999993 0.99999999300000008695 0.00000000099999999993 0.00000000099999999993 
0.00000000099999999998 0.00000000099999999998 0.54464377950786690974 0.06760443184153412666 0.00000000099999999998 0.38755128800534072164 0.00020049664525812196 0.00000000099999999998 
0.00000000099999999997 0.00000000099999999997 0.00000000099999999997 0.09417489552842502054 0.00000000099999999997 0.52066851703216676661 0.38515658243940809058 0.00000000099999999997 
0.10956281983970209137 0.00000000099999999998 0.22600146202106713433 0.04309817252090501760 0.00778988254960551185 0.49025277495149333085 0.12220237936612163288 0.00109250775110533715 
0.00000000099999999981 0.00000000099999999981 0.00000000099999999981 0.99999999299999997593 0.00000000099999999981 0.00000000099999999981 0.00000000099999999981 0.00000000099999999981 
0.01944650338952859034 0.00000000099999999997 0.00000000099999999997 0.00000000099999999997 0.98055349061047147874 0.00000000099999999997 0.00000000099999999997 0.00000000099999999997 
0.25210622410978689167 0.00000000099999999997 0.20738788312245573509 0.06920171674650264781 0.00000000099999999997 0.33401951826349657315 0.13728465475775813998 0.00000000099999999997 
0.00000000099999999957 0.99999999300000008695 0.00000000099999999957 0.00000000099999999957 0.00000000099999999957 0.00000000099999999957 0.00000000099999999957 0.00000000099999999957 
0.31535863545415854237 0.00000000099999999999 0.30772141446769696316 0.00000000099999999999 0.00000000099999999999 0.37691994507814446935 0.00000000099999999999 0.00000000099999999999 
0.00000000099999999986 0.99999999300000019797 0.00000000099999999986 0.00000000099999999986 0.00000000099999999986 0.00000000099999999986 0.00000000099999999986 0.00000000099999999986 
0.00000000099999999963 0.99999999300000008695 0.00000000099999999963 0.00000000099999999963 0.00000000099999999963 0.00000000099999999963 0.00000000099999999963 0.00000000099999999963 
0.32652790775302753534 0.00000000099999999998 0.17973837787168456259 0.00887263719542124261 0.01309203261045028405 0.36019529405234890218 0.11157374851706736152 0.00000000099999999998 
0.38435945676318028497 0.00000000099999999998 0.24088579024052564348 0.04359302949257243265 0.00000000099999999998 0.32931461895661506833 0.00000000099999999998 0.00184710154710656521 
0.41199390074145147977 0.00000000099999999999 0.25684298326225607489 0.00895578340006117357 0.01844765330795301167 0.30375967628827821310 0.00000000099999999999 0.00000000099999999999 
0.00000000099999999966 0.99999999300000008695 0.00000000099999999966 0.00000000099999999966 0.00000000099999999966 0.00000000099999999966 0.00000000099999999966 0.00000000099999999966 
0.00000000099999999993 0.00000000099999999993 0.00000000099999999993 0.00000000099999999993 0.99999999300000008695 0.00000000099999999993 0.00000000099999999993 0.00000000099999999993 
0.00000000099999999993 0.00000000099999999993 0.00000000099999999993 0.00000000099999999993 0.99999999299999997593 0.00000000099999999993 0.00000000099999999993 0.00000000099999999993 
0.00000000099999999962 0.99999999300000019797 0.00000000099999999962 0.00000000099999999962 0.00000000099999999962 0.00000000099999999962 0.00000000099999999962 0.00000000099999999962 
0.00000000099999999995 0.00000000099999999995 0.99999999299999997593 0.00000000099999999995 0.00000000099999999995 0.00000000099999999995 0.00000000099999999995 0.00000000099999999995 
0.00000000099999999993 0.00000000099999999993 0.00000000099999999993 0.00000000099999999993 0.00000000099999999993 0.00000000099999999993 0.99999999299999997593 0.00000000099999999993 
0.00000000099999999964 0.99999999300000019797 0.00000000099999999964 0.00000000099999999964 0.00000000099999999964 0.00000000099999999964 0.00000000099999999964 0.00000000099999999964 
0.20983807611519858516 0.00000000099999999998 0.12089419601750474309 0.11892160276510944927 0.00000000099999999998 0.39336304064594712626 0.15698308145624001453 0.00000000099999999998 
0.00000000099999999991 0.00000000099999999991 0.00000000099999999991 0.00000000099999999991 0.99999999300000008695 0.00000000099999999991 0.00000000099999999991 0.00000000099999999991 
0.00000000099999999983 0.00000000099999999983 0.00000000099999999983 0.00000000099999999983 0.00000000099999999983 0.00000000099999999983 0.99999999299999997593 0.00000000099999999983 
0.00000000099999999997 0.00000000099999999997 0.58906372599808043411 0.07270327626440159507 0.00000000099999999997 0.00000000099999999997 0.33823299273751800120 0.00000000099999999997 
0.00000000099999999994 0.00000000099999999994 0.99999999300000008695 0.00000000099999999994 0.00000000099999999994 0.00000000099999999994 0.00000000099999999994 0.00000000099999999994 
0.00000000099999999994 0.00000000099999999994 0.99999999300000008695 0.00000000099999999994 0.00000000099999999994 0.00000000099999999994 0.00000000099999999994 0.00000000099999999994 
0.99999999300000019797 0.00000000099999999991 0.00000000099999999991 0.00000000099999999991 0.00000000099999999991 0.00000000099999999991 0.00000000099999999991 0.00000000099999999991 
0.00000000099999999998 0.00000000099999999998 0.29421010296327398947 0.13127652525541463890 0.00000000099999999998 0.57451336678131126323 0.00000000099999999998 0.00000000099999999998 
0.00000000099999999997 0.00000000099999999997 0.56367742392563335851 0.43632257007436658913 0.00000000099999999997 0.00000000099999999997 0.00000000099999999997 0.00000000099999999997 
0.00000000099999999999 0.00000000099999999999 0.34365387926262797036 0.12834821155242817636 0.00000000099999999999 0.43733263082050516379 0.08617827773337997932 0.00448699763105870134 
0.00000000099999999994 0.00000000099999999994 0.00000000099999999994 0.00000000099999999994 0.00000000099999999994 0.44306928961326130789 0.55693070438673852873 0.00000000099999999994 
0.00000000099999999995 0.00000000099999999995 0.00000000099999999995 0.00000000099999999995 0.99999999299999997593 0.00000000099999999995 0.00000000099999999995 0.00000000099999999995 
0.99999999300000008695 0.00000000099999999991 0.00000000099999999991 0.00000000099999999991 0.00000000099999999991 0.00000000099999999991 0.00000000099999999991 0.00000000099999999991 
0.00000000099999999993 0.00000000099999999993 0.99999999299999997593 0.00000000099999999993 0.00000000099999999993 0.00000000099999999993 0.00000000099999999993 0.00000000099999999993 
0.35946761673671223658 0.00000000099999999999 0.40249260744614756558 0.12541281531138931404 0.01549181459654236891 0.00000000099999999999 0.09713514290920838290 0.00000000099999999999 
0.39396834098571220650 0.00000000099999999998 0.14183857675230621131 0.00000000099999999998 0.00399453960093867390 0.36395286318597491748 0.09624567647506802881 0.00000000099999999998 
0.25646261011760534965 0.00000000099999999999 0.46341229857213162013 0.00005196425327376284 0.03152278175875464217 0.24855034229823474989 0.00000000099999999999 0.00000000099999999999 
0.99999999300000008695 0.00000000099999999992 0.00000000099999999992 0.00000000099999999992 0.00000000099999999992 0.00000000099999999992 0.00000000099999999992 0.00000000099999999992 
0.22062445705980673893 0.00000000099999999999 0.27105992638207215828 0.21375300528707510961 0.00000000099999999999 0.16078106776712053350 0.13378154050392543351 0.00000000099999999999 
0.00000000099999999995 0.00000000099999999995 0.00000000099999999995 0.00000000099999999995 0.93942503092622653416 0.00000000099999999995 0.06057496307377351064 0.00000000099999999995 
0.00000000099999999980 0.00000000099999999980 0.00000000099999999980 0.00000000099999999980 0.00000000099999999980 0.00000000099999999980 0.99999999299999997593 0.00000000099999999980 
0.38359674894128364953 0.00000000099999999999 0.31237703618519058191 0.06743055726496233193 0.00458955298877980998 0.22800952198336496557 0.00000000900993940832 0.00399657262647910242 
0.00000000099999999999 0.00014751486762570892 0.37908093765032641054 0.20088475439091632579 0.00000000099999999999 0.41988678909113180682 0.00000000099999999999 0.00000000099999999999 
0.00000000099999999997 0.00000000099999999997 0.00000000099999999997 0.00000000099999999997 0.99999984095665006567 0.00000015304334984370 0.00000000099999999997 0.00000000099999999997 
0.16331736647190428502 0.01727316344080662841 0.43133149163399736592 0.00737334937994486329 0.02001376447219900892 0.29201527861347409409 0.06867558498767373232 0.00000000100000000000 
0.07200287425380996753 0.00000000099999999999 0.29765631083745125451 0.13943553214301815379 0.00122097659684110792 0.48835480474323444966 0.00000000099999999999 0.00132949942564508086 
0.18372340292383498861 0.00000000099999999999 0.00000000099999999999 0.05446508060766343945 0.47519993429471829582 0.27675028042015853424 0.00000000099999999999 0.00986129875362495335 
