0.02049238976656056824 0.22371472052801030794 0.00000000100000000000 0.00000000100000000000 0.27159962550938854253 0.35048709892893581408 0.00000000100000000000 0.13370616226710477226 
0.00000000099999999993 0.00000000099999999993 0.00000000099999999993 0.99999999300000008695 0.00000000099999999993 0.00000000099999999993 0.00000000099999999993 0.00000000099999999993 
0.00000000099999999993 0.00000000099999999993 0.00000000099999999993 0.99999999300000008695 0.00000000099999999993 0.00000000099999999993 0.00000000099999999993 0.00000000099999999993 
0.00000000099999999998 0.29391940733686411358 0.00000000099999999998 0.02372936745523974295 0.37460259687145314178 0.00000000099999999998 0.00000000099999999998 0.30774862433644301074 
0.00563449099714400260 0.30339445946940435395 0.00000000099999999999 0.00000000099999999999 0.31729919857089783353 0.14928558262825755709 0.00000000099999999999 0.22438626533429617549 
0.00025619747464359532 0.31314033491790710384 0.00000000099999999998 0.02041145251661787008 0.37687914293312263503 0.18577809441109371935 0.00000000099999999998 0.10353477574661509863 
0.00000000099999999994 0.00000000099999999994 0.00000000099999999994 0.99999999299999997593 0.00000000099999999994 0.00000000099999999994 0.00000000099999999994 0.00000000099999999994 
0.00000000099999999990 0.00000000099999999990 0.00000000099999999990 0.99999999299999997593 0.00000000099999999990 0.00000000099999999990 0.00000000099999999990 0.00000000099999999990 
0.01385850263262323155 0.50297709690916525549 0.00000000099999999998 0.00000000099999999998 0.43060873667568522194 0.00000000099999999998 0.00000000099999999998 0.05255565978252636772 
0.00000000099999999993 0.00000000099999999993 0.00000000099999999993 0.99999999300000008695 0.00000000099999999993 0.00000000099999999993 0.00000000099999999993 0.00000000099999999993 
0.00391615485402924384 0.16264871494962920839 0.00000000099999999999 0.00226777490456653383 0.32427190848683218327 0.25648205882089369911 0.00000000099999999999 0.25041338598404933036 
0.00087231676963837412 0.09301498687763395945 0.00000000099999999997 0.00667918837312626943 0.32346568273799936044 0.34987141381572911536 0.00000000099999999997 0.22609640942587294621 
0.00000000099999999998 0.00000000099999999998 0.00000000099999999998 0.00000000099999999998 0.77004741223713579767 0.00000000099999999998 0.00000000099999999998 0.22995258176286426099 
0.01212941811741478221 0.00865167202651159588 0.00000000099999999999 0.00000000099999999999 0.37165151347304309359 0.39052838270778794660 0.00000000099999999999 0.21703901067524267177 
0.01543483112207046960 0.25744269894401672349 0.00000000100000000000 0.00000000100000000000 0.31393708884760501698 0.29892151754674106678 0.00480324486570420095 0.10946061667386237926 
0.02648650357760171797 0.27215503848444366763 0.00000000099999999998 0.05146216768215884640 0.21620739878724640204 0.25132231988401515510 0.00000000099999999998 0.18236656958453426047 
0.00000000099999999990 0.00000000099999999990 0.00000000099999999990 0.00000000099999999990 0.00000000099999999990 0.99999999300000008695 0.00000000099999999990 0.00000000099999999990 
0.00000000099999999998 0.47993950547634139925 0.00000000099999999998 0.00000000099999999998 0.00000000099999999998 0.27595262993767655235 0.00000000099999999998 0.24410785958598185674 
0.00498534290397772192 0.33381058473718372426 0.00147240616359108154 0.00000000099999999999 0.44302875065489771833 0.00000000099999999999 0.00000000099999999999 0.21670291254034979023 
0.00000000099999999991 0.99999999300000008695 0.00000000099999999991 0.00000000099999999991 0.00000000099999999991 0.00000000099999999991 0.00000000099999999991 0.00000000099999999991 
0.00000000099999999999 0.22020882227509103179 0.00000000099999999999 0.00000000099999999999 0.46560705585509876148 0.20772457186763462755 0.00000000099999999999 0.10645954600217574781 
0.00000000099999999995 0.01121089163619808440 0.00000000099999999995 0.98877489768587389918 0.00000000099999999995 0.00001420567792812286 0.00000000099999999995 0.00000000099999999995 
0.00000000099999999997 0.34713209439207903806 0.00000000099999999997 0.01011093529933732721 0.00000000099999999997 0.34331083015939256597 0.00000000099999999997 0.29944613614919113331 
0.00000000099999999978 0.00000000099999999978 0.00000000099999999978 0.00000000099999999978 0.00000000099999999978 0.00000000099999999978 0.00000000099999999978 0.99999999300000008695 
0.00000000099999999990 0.00000000099999999990 0.00000000099999999990 0.00000000099999999990 0.00000000099999999990 0.99999999300000008695 0.00000000099999999990 0.00000000099999999990 
0.00000000099999999997 0.00000000099999999997 0.00000000099999999997 0.00000000099999999997 0.30994274741282218377 0.35394404728691397644 0.00000000099999999997 0.33611320030026392569 
0.99999999300000019797 0.00000000099999999971 0.00000000099999999971 0.00000000099999999971 0.00000000099999999971 0.00000000099999999971 0.00000000099999999971 0.00000000099999999971 
0.99999999300000008695 0.00000000099999999966 0.00000000099999999966 0.00000000099999999966 0.00000000099999999966 0.00000000099999999966 0.00000000099999999966 0.00000000099999999966 
0.00000000099999999997 0.00000000099999999997 0.00000000099999999997 0.00000000099999999997 0.00000000099999999997 0.60701069936360974033 0.00000000099999999997 0.39298929463639037385 
0.00000000099999999996 0.00000000099999999996 0.00000000099999999996 0.00000000099999999996 0.56754390698135559479 0.00000000099999999996 0.00000000099999999996 0.43245608701864446388 
0.00000000099999999989 0.00000000099999999989 0.00000000099999999989 0.00000000099999999989 0.00000000099999999989 0.99999999300000008695 0.00000000099999999989 0.00000000099999999989 
0.00000000099999999994 0.00000000099999999994 0.00000000099999999994 0.96209270491070164599 0.00000000099999999994 0.00000000099999999994 0.00000000099999999994 0.03790728908929841962 
0.35540718140453780860 0.00000000099999999987 0.00000000099999999987 0.16967390264375495357 0.00000000099999999987 0.00000000099999999987 0.00000000099999999987 0.47491891095170735149 
0.00000000099999999997 0.25113921794353227801 0.00000000099999999997 0.00000000099999999997 0.24471287570376198950 0.47198127857241617411 0.00000000099999999997 0.03216662378028956742 
0.00000000099999999961 0.00000000099999999961 0.00000000099999999961 0.00000000099999999961 0.00000000099999999961 0.00000000099999999961 0.99999999299999997593 0.00000000099999999961 
0.00000000099999999954 0.00000000099999999954 0.00000000099999999954 0.00000000099999999954 0.00000000099999999954 0.00000000099999999954 0.99999999299999997593 0.00000000099999999954 
0.00000000099999999954 0.00000000099999999954 0.00000000099999999954 0.00000000099999999954 0.00000000099999999954 0.00000000099999999954 0.99999999299999997593 0.00000000099999999954 
0.99999999300000019797 0.00000000099999999972 0.00000000099999999972 0.00000000099999999972 0.00000000099999999972 0.00000000099999999972 0.00000000099999999972 0.00000000099999999972 
0.99999999300000019797 0.00000000099999999968 0.00000000099999999968 0.00000000099999999968 0.00000000099999999968 0.00000000099999999968 0.00000000099999999968 0.00000000099999999968 
0.00000000099999999997 0.00000000373329332317 0.00000000099999999997 0.00000000099999999997 0.55905592182589047834 0.25643030681965800488 0.00000000099999999997 0.18451376362115828877 
0.00000000099999999996 0.00000000099999999996 0.00000000099999999996 0.99999999299999997593 0.00000000099999999996 0.00000000099999999996 0.00000000099999999996 0.00000000099999999996 
0.99999999300000008695 0.00000000099999999970 0.00000000099999999970 0.00000000099999999970 0.00000000099999999970 0.00000000099999999970 0.00000000099999999970 0.00000000099999999970 
0.00000000099999999995 0.00000000099999999995 0.00000000099999999995 0.00000000099999999995 0.00000000099999999995 0.58280258284808372782 0.00000000099999999995 0.41719741115191644187 
0.00000000099999999992 0.00000000099999999992 0.00000000099999999992 0.99999999300000008695 0.00000000099999999992 0.00000000099999999992 0.00000000099999999992 0.00000000099999999992 
0.99999999300000019797 0.00000000099999999974 0.00000000099999999974 0.00000000099999999974 0.00000000099999999974 0.00000000099999999974 0.00000000099999999974 0.00000000099999999974 
0.00213466253491008309 0.00000665071452189864 0.00000000099999999997 0.00000000099999999997 0.38072546265746826100 0.39616397120369556406 0.00000000099999999997 0.22096924988940408463 
0.99999999300000008695 0.00000000099999999970 0.00000000099999999970 0.00000000099999999970 0.00000000099999999970 0.00000000099999999970 0.00000000099999999970 0.00000000099999999970 
0.00000000099999999993 0.00000000099999999993 0.00000000099999999993 0.99999999300000008695 0.00000000099999999993 0.00000000099999999993 0.00000000099999999993 0.00000000099999999993 
0.00000000099999999989 0.00000000099999999989 0.00000000099999999989 0.99999999299999997593 0.00000000099999999989 0.00000000099999999989 0.00000000099999999989 0.00000000099999999989 
0.99999999300000019797 0.00000000099999999966 0.00000000099999999966 0.00000000099999999966 0.00000000099999999966 0.00000000099999999966 0.00000000099999999966 0.00000000099999999966 
0.99999999300000019797 0.00000000099999999969 0.00000000099999999969 0.00000000099999999969 0.00000000099999999969 0.00000000099999999969 0.00000000099999999969 0.00000000099999999969 
0.00000000099999999994 0.00000000099999999994 0.00000000099999999994 0.99999999299999997593 0.00000000099999999994 0.00000000099999999994 0.00000000099999999994 0.00000000099999999994 
0.00000000099999999994 0.00000000099999999994 0.00000000099999999994 0.99999999299999997593 0.00000000099999999994 0.00000000099999999994 0.00000000099999999994 0.00000000099999999994 
0.00000000099999999995 0.00000000099999999995 0.00000000099999999995 0.99999969312818381972 0.00000030087181624206 0.00000000099999999995 0.00000000099999999995 0.00000000099999999995 
0.99999999300000019797 0.00000000099999999974 0.00000000099999999974 0.00000000099999999974 0.00000000099999999974 0.00000000099999999974 0.00000000099999999974 0.00000000099999999974 
0.00182400364714503356 0.68909149486224097192 0.00000000099999999998 0.02660801574401604197 0.00000000099999999998 0.00000000099999999998 0.00000000099999999998 0.28247648174659795162 
0.01974575923424544410 0.40325771532524107288 0.00000000099999999999 0.00000000099999999999 0.32525152937596424341 0.01009445434603869346 0.00000000099999999999 0.24165053871851044365 
0.00000000099999999996 0.00000000099999999996 0.00000000099999999996 0.00031297009745410911 0.71799001107302884428 0.28169701382951689572 0.00000000099999999996 0.00000000099999999996 
0.00000000099999999996 0.59797155031860560470 0.00000000099999999996 0.00000000099999999996 0.00000000099999999996 0.00000000099999999996 0.00000000099999999996 0.40202844368139456499 
0.00000000099999999993 0.00000000099999999993 0.00000000099999999993 0.99999999299999997593 0.00000000099999999993 0.00000000099999999993 0.00000000099999999993 0.00000000099999999993 
0.00000000099999999991 0.00000000099999999991 0.00000000099999999991 0.00000000099999999991 0.00000000099999999991 0.00000000099999999991 0.00000000099999999991 0.99999999300000008695 
0.00000000099999999960 0.00000000099999999960 0.99999999300000008695 0.00000000099999999960 0.00000000099999999960 0.00000000099999999960 0.00000000099999999960 0.00000000099999999960 
0.00000000099999999988 0.99999999300000019797 0.00000000099999999988 0.00000000099999999988 0.00000000099999999988 0.00000000099999999988 0.00000000099999999988 0.00000000099999999988 
0.00000000099999999961 0.00000000099999999961 0.99999999300000008695 0.00000000099999999961 0.00000000099999999961 0.00000000099999999961 0.00000000099999999961 0.00000000099999999961 
0.00000000099999999998 0.11661272645572902384 0.00000000099999999998 0.02912718554573127949 0.41887735573466061689 0.17636347747307964950 0.00000000099999999998 0.25901925179079954287 
0.00000000099999999961 0.00000000099999999961 0.00000000099999999961 0.00000000099999999961 0.00000000099999999961 0.00000000099999999961 0.99999999299999997593 0.00000000099999999961 
0.00000000099999999998 0.30049159766730837440 0.00000000099999999998 0.00000000099999999998 0.31048270371763947439 0.38902569361505201506 0.00000000099999999998 0.00000000099999999998 
0.00000000099999999997 0.00000000099999999997 0.00000000099999999997 0.00000000099999999997 0.53351155158333718465 0.46648844241666276300 0.00000000099999999997 0.00000000099999999997 
0.00000000099999999991 0.00000000099999999991 0.00000000099999999991 0.99999999300000008695 0.00000000099999999991 0.00000000099999999991 0.00000000099999999991 0.00000000099999999991 
0.00000000099999999990 0.99999999300000008695 0.00000000099999999990 0.00000000099999999990 0.00000000099999999990 0.00000000099999999990 0.00000000099999999990 0.00000000099999999990 
0.00000000099999999961 0.00000000099999999961 0.00000000099999999961 0.00000000099999999961 0.00000000099999999961 0.00000000099999999961 0.99999999299999986491 0.00000000099999999961 
0.00000000099999999964 0.00000000099999999964 0.99999999300000008695 0.00000000099999999964 0.00000000099999999964 0.00000000099999999964 0.00000000099999999964 0.00000000099999999964 
0.01029592597920572956 0.19886675298746028795 0.00000000099999999998 0.07530967654444742365 0.30766935667598960258 0.38503817809586615706 0.00000000099999999998 0.02282010771703080892 
0.00000000099999999992 0.00000000099999999992 0.00000000099999999992 0.99999999300000008695 0.00000000099999999992 0.00000000099999999992 0.00000000099999999992 0.00000000099999999992 
0.99999999300000008695 0.00000000099999999975 0.00000000099999999975 0.00000000099999999975 0.00000000099999999975 0.00000000099999999975 0.00000000099999999975 0.00000000099999999975 
0.00000000099999999992 0.00000000099999999992 0.00000000099999999992 0.99999999299999997593 0.00000000099999999992 0.00000000099999999992 0.00000000099999999992 0.00000000099999999992 
0.00000000099999999999 0.33292073261916599325 0.00000000099999999999 0.03372200715779194446 0.47960024997221001319 0.04020700778214338078 0.00000000099999999999 0.11354999946868864213 
0.00000000099999999964 0.00000000099999999964 0.61363737730956713357 0.00000000099999999964 0.00000000099999999964 0.00000000099999999964 0.38636261669043292510 0.00000000099999999964 
0.99999999300000019797 0.00000000099999999964 0.00000000099999999964 0.00000000099999999964 0.00000000099999999964 0.00000000099999999964 0.00000000099999999964 0.00000000099999999964 
0.00000000099999999963 0.00000000099999999963 0.00000000099999999963 0.00000000099999999963 0.00000000099999999963 0.00000000099999999963 0.99999999299999986491 0.00000000099999999963 
0.00863628687101334128 0.00000000099999999999 0.00000000099999999999 0.00000000099999999999 0.61869406168858731565 0.00000001384598419313 0.00000000099999999999 0.37266963359441507286 
0.00000000099999999990 0.00000000099999999990 0.00000000099999999990 0.99999999299999997593 0.00000000099999999990 0.00000000099999999990 0.00000000099999999990 0.00000000099999999990 
0.00000000099999999992 0.00000000099999999992 0.00000000099999999992 0.99999999299999997593 0.00000000099999999992 0.00000000099999999992 0.00000000099999999992 0.00000000099999999992 
0.00000000099999999996 0.31825404066813345327 0.00000000099999999996 0.23178695750949371290 0.00005392576869960389 0.44990507205367319399 0.00000000099999999996 0.00000000099999999996 
0.02016093626361102273 0.23688751605610933182 0.00000000099999999999 0.00000000099999999999 0.17173562981637208180 0.39087148856812781172 0.00000000099999999999 0.18034442629577979167 
0.00000000099999999989 0.00000000099999999989 0.00000000099999999989 0.00000000099999999989 0.00000000099999999989 0.99999999300000008695 0.00000000099999999989 0.00000000099999999989 
0.00000000099999999997 0.22487655642669010514 0.00000000099999999997 0.00257444540341978962 0.32431485261010384313 0.44823414155978619222 0.00000000099999999997 0.00000000099999999997 
0.00000000099999999998 0.22416408602529641625 0.00000000099999999998 0.00000000099999999998 0.41724089493321619981 0.19277433335978497175 0.00000000099999999998 0.16582068168170238653 
0.00000000099999999996 0.34415148712286192101 0.00000000099999999996 0.00000000099999999996 0.14214773885533932285 0.28041515491286167494 0.00000000099999999996 0.23328561510893700004 
0.00000000099999999996 0.46509588877233848381 0.00000000099999999996 0.00000000099999999996 0.53490410517109432398 0.00000000105656702006 0.00000000099999999996 0.00000000099999999996 
0.00000000099999999998 0.42582504223405720500 0.00000000099999999998 0.00222967479031437998 0.23232370059184120903 0.15829200503844320647 0.00000000099999999998 0.18132957434534388574 
0.00000000099999999998 0.13877569215658744350 0.00000000099999999998 0.02614602235882048167 0.67619411355152247989 0.01914205961489464161 0.00000000099999999998 0.13974210931817496184 
0.00000000099999999993 0.00000000099999999993 0.00000000099999999993 0.99999999299999997593 0.00000000099999999993 0.00000000099999999993 0.00000000099999999993 0.00000000099999999993 
0.00000000099999999997 0.00000000099999999997 0.00000000099999999997 0.98062571193941827641 0.01937428206058173369 0.00000000099999999997 0.00000000099999999997 0.00000000099999999997 
0.00000000099999999971 0.00000000099999999971 0.99999999300000008695 0.00000000099999999971 0.00000000099999999971 0.00000000099999999971 0.00000000099999999971 0.00000000099999999971 
0.00000000099999999995 0.00000000099999999995 0.00000000099999999995 0.99999999300000008695 0.00000000099999999995 0.00000000099999999995 0.00000000099999999995 0.00000000099999999995 
0.00000000099999999996 0.00000000099999999996 0.00000000099999999996 0.98625921191835030921 0.01374078208164960548 0.00000000099999999996 0.00000000099999999996 0.00000000099999999996 
0.00486616044684174635 0.29695374607413427270 0.00000000099999999998 0.01291299231830481987 0.51409465076890359381 0.14967347831929678215 0.00000000099999999998 0.02149897007251867775 
0.00000000099999999955 0.00000000099999999955 0.00000000099999999955 0.00000000099999999955 0.00000000099999999955 0.00000000099999999955 0.99999999299999997593 0.00000000099999999955 
0.00491220726209119427 0.39994725862680990947 0.00000000099999999999 0.00000000099999999999 0.49286957302964135019 0.06116931084921033157 0.00000000099999999999 0.04110164723224724037 
0.00000000099999999997 0.23417736929071253371 0.00000000099999999997 0.00000000099999999997 0.76582262470928763598 0.00000000099999999997 0.00000000099999999997 0.00000000099999999997 
0.00000000099999999998 0.00000000099999999998 0.00000000099999999998 0.00000000099999999998 0.68311825230503164796 0.31688174169496829968 0.00000000099999999998 0.00000000099999999998 
0.00000000099999999998 0.00000000307910448948 0.00000000099999999998 0.00192611836840507391 0.63664006546332718717 0.36143377433826001655 0.00000000099999999998 0.00000003575090337714 
0.00000000099999999994 0.00000000099999999994 0.00000000099999999994 0.00000000099999999994 0.99999999300000008695 0.00000000099999999994 0.00000000099999999994 0.00000000099999999994 
0.00000000099999999995 0.00000000099999999995 0.00000000099999999995 0.00000000099999999995 0.00000000099999999995 0.46311929263875822871 0.00000000099999999995 0.53688070136124177445 
0.00000000099999999999 0.34091971157979056306 0.00000000099999999999 0.00000000099999999999 0.31519685388138185544 0.17307201965302254631 0.00000000099999999999 0.17081141088580506504 
0.00000000099999999998 0.39832974618200528427 0.00000000099999999998 0.00000000099999999998 0.00000000099999999998 0.28654558432130278200 0.00000000099999999998 0.31512466449669196411 
0.02956540366255024088 0.17517488514626908258 0.00185648681798396124 0.00521530673051991654 0.50370923549906543304 0.19497837607744572530 0.00000000100000000000 0.08950030506616574177 
0.01031454202237122413 0.20092187981092643478 0.00000000099999999999 0.00000000099999999999 0.41388970649294098969 0.24395224496867715103 0.00000000099999999999 0.13092162370508406144 
0.00000000099999999992 0.00000000099999999992 0.00000000099999999992 0.00000000099999999992 0.99999999299999997593 0.00000000099999999992 0.00000000099999999992 0.00000000099999999992 
0.02182954775810815734 0.15178960043033415395 0.00000000100000000000 0.01558546719988759995 0.31774475303172461382 0.29434583767031091694 0.00000000100000000000 0.19870479190963460936 
0.00250536604869692169 0.53783751628446585524 0.00000000099999999996 0.00000000099999999996 0.45965711266683728642 0.00000000099999999996 0.00000000099999999996 0.00000000099999999996 
0.00000000099999999995 0.00000000099999999995 0.00000000099999999995 0.00000000099999999995 0.33805674925983242307 0.66194324474016763560 0.00000000099999999995 0.00000000099999999995 
0.00000000099999999997 0.40980902293795945512 0.00000000099999999997 0.00000000099999999997 0.37737605891867886942 0.21281491314336162257 0.00000000099999999997 0.00000000099999999997 
0.00000000099999999996 0.00000000099999999996 0.00000000099999999996 0.00182638788583606927 0.62985822668459234830 0.00000000099999999996 0.00000000099999999996 0.36831538042957162604 
0.00175627756006150790 0.25747911225619146691 0.00000000099999999999 0.00507400569529942082 0.31755925618059066551 0.32233512889852528049 0.00000000099999999999 0.09579621740933159935 
0.00000000099999999997 0.48333724131094929488 0.00000000099999999997 0.01668913079073984160 0.00000000099999999997 0.00000000099999999997 0.00000000099999999997 0.49997362289831087656 
0.00000000099999999996 0.00000000099999999996 0.00000000099999999996 0.00000000099999999996 0.76062469159479584313 0.00000000099999999996 0.00000000099999999996 0.23937530240520410452 
0.00000000099999999996 0.00000000099999999996 0.00000000099999999996 0.00000000099999999996 0.42845079262673324560 0.57154920137326681306 0.00000000099999999996 0.00000000099999999996 
0.00236543302800437411 0.02735084082825526772 0.00000000100000000000 0.00115034982308682651 0.42665761326680845533 0.25775857461185919250 0.07092080131815202415 0.21379638612383380925 
0.00000000099999999995 0.46144489531834070872 0.00000000099999999995 0.00000000099999999995 0.00000000099999999995 0.53855509868165918341 0.00000000099999999995 0.00000000099999999995 
0.00000000099999999996 0.08855195133459342616 0.00000000099999999996 0.00367264380081453465 0.34130264662355630501 0.36283447414940400710 0.00000000099999999996 0.20363828109163173430 
0.00000000099999999994 0.00000000099999999994 0.00000000099999999994 0.00000000099999999994 0.99999912045245464842 0.00000087354754535191 0.00000000099999999994 0.00000000099999999994 
0.00026034941160239989 0.00000000099999999996 0.00000000099999999996 0.00000000099999999996 0.06790135729927514185 0.52252563112405592261 0.00000000099999999996 0.40931265816506656741 
0.00000000099999999997 0.20965461840549429184 0.00000000099999999997 0.00459335209498257062 0.34520550436344299428 0.23609999311080992479 0.00000000099999999997 0.20444652902527027383 
0.00014530585535294259 0.20226709677063581250 0.00000000103628537460 0.00000000100000000000 0.38360142983322548238 0.10072755179125861269 0.00000000100000000000 0.31325861271324167978 
0.00751003412069210785 0.29771089932966171565 0.00000000099999999998 0.00392399670924205909 0.38267766685011933570 0.18255038267114348516 0.00000000099999999998 0.12562701831914130368 
0.00000000099999999996 0.20696513351837897421 0.00000000099999999996 0.00000000099999999996 0.20642692273296031624 0.58660793874866079545 0.00000000099999999996 0.00000000099999999996 
0.00000000099999999994 0.00000000099999999994 0.00000000099999999994 0.00000000099999999994 0.99999999300000008695 0.00000000099999999994 0.00000000099999999994 0.00000000099999999994 
0.00000000099999999992 0.00000000099999999992 0.00000000099999999992 0.99999999300000008695 0.00000000099999999992 0.00000000099999999992 0.00000000099999999992 0.00000000099999999992 
0.00000000099999999996 0.00609866732572730309 0.00000000099999999996 0.99390132667427266711 0.00000000099999999996 0.00000000099999999996 0.00000000099999999996 0.00000000099999999996 
0.00000000099999999965 0.00000000099999999965 0.99999999300000008695 0.00000000099999999965 0.00000000099999999965 0.00000000099999999965 0.00000000099999999965 0.00000000099999999965 
0.99999999300000019797 0.00000000099999999965 0.00000000099999999965 0.00000000099999999965 0.00000000099999999965 0.00000000099999999965 0.00000000099999999965 0.00000000099999999965 
0.03560982880820513091 0.00000000099999999999 0.00000000099999999999 0.89175032252460328941 0.00000000099999999999 0.00000000099999999999 0.00000000099999999999 0.07263984366719161700 
0.00000000099999999994 0.00000000099999999994 0.00000000099999999994 0.00000000099999999994 0.99999999300000008695 0.00000000099999999994 0.00000000099999999994 0.00000000099999999994 
0.00000000099999999997 0.58242585246132538845 0.00000000099999999997 0.00000000099999999997 0.00000000099999999997 0.41757414153867467022 0.00000000099999999997 0.00000000099999999997 
0.00492389324948444822 0.00000000099999999998 0.00000000099999999998 0.99507600104542903718 0.00000000099999999998 0.00000005478116482002 0.00000000099999999998 0.00000004692392182858 
0.00000000099999999997 0.18041570969460943297 0.00000000099999999997 0.00000000099999999997 0.46902703126726269511 0.00000025556509104117 0.00000000099999999997 0.35055699947303681219 
0.01109966601818771804 0.13330871793251480861 0.00000000099999999996 0.00000000099999999996 0.46626690932131326095 0.20408249533244504637 0.00000000099999999996 0.18524220839553914852 
0.00000000099999999986 0.00000000099999999986 0.00000000099999999986 0.00000000099999999986 0.00000000099999999986 0.00000000099999999986 0.00000000099999999986 0.99999999299999997593 
0.00000000099999999964 0.00000000099999999964 0.35578068490550063263 0.00000000099999999964 0.00000000099999999964 0.00000000099999999964 0.64421930909449931502 0.00000000099999999964 
0.00000000099999999967 0.00000000099999999967 0.44928719261757432690 0.00000000099999999967 0.00000000099999999967 0.00000000099999999967 0.55071280138242562074 0.00000000099999999967 
0.00000000099999999954 0.00000000099999999954 0.99999999300000008695 0.00000000099999999954 0.00000000099999999954 0.00000000099999999954 0.00000000099999999954 0.00000000099999999954 
0.00000000099999999955 0.00000000099999999955 0.99999999299999997593 0.00000000099999999955 0.00000000099999999955 0.00000000099999999955 0.00000000099999999955 0.00000000099999999955 
0.00000000099999999957 0.00000000099999999957 0.00000000099999999957 0.00000000099999999957 0.00000000099999999957 0.00000000099999999957 0.99999999299999986491 0.00000000099999999957 
0.00000000099999999997 0.00000000099999999997 0.00000000099999999997 0.99999999299999997593 0.00000000099999999997 0.00000000099999999997 0.00000000099999999997 0.00000000099999999997 
0.00864176811464667169 0.20342405326422507983 0.00000000099999999999 0.00000000099999999999 0.38732864323895538350 0.16028273424141353809 0.00000000099999999999 0.24032279814075940827 
0.00000000099999999963 0.00000000099999999963 0.59877137668293323181 0.00000000099999999963 0.00000000099999999963 0.00000000099999999963 0.40122861731706677135 0.00000000099999999963 
0.00000000099999999967 0.00000000099999999967 0.65055644221187636234 0.00000000099999999967 0.00000000099999999967 0.00000000099999999967 0.34944355178812358531 0.00000000099999999967 
0.99999999300000019797 0.00000000099999999964 0.00000000099999999964 0.00000000099999999964 0.00000000099999999964 0.00000000099999999964 0.00000000099999999964 0.00000000099999999964 
0.99999999300000008695 0.00000000099999999964 0.00000000099999999964 0.00000000099999999964 0.00000000099999999964 0.00000000099999999964 0.00000000099999999964 0.00000000099999999964 
0.00000000099999999991 0.99999999300000008695 0.00000000099999999991 0.00000000099999999991 0.00000000099999999991 0.00000000099999999991 0.00000000099999999991 0.00000000099999999991 
0.00000000099999999959 0.00000000099999999959 0.99999999300000008695 0.00000000099999999959 0.00000000099999999959 0.00000000099999999959 0.00000000099999999959 0.00000000099999999959 
0.00000000099999999998 0.24855326336031463574 0.00000000099999999998 0.00000000099999999998 0.75144673063968525639 0.00000000099999999998 0.00000000099999999998 0.00000000099999999998 
0.00000000099999999990 0.99999999300000008695 0.00000000099999999990 0.00000000099999999990 0.00000000099999999990 0.00000000099999999990 0.00000000099999999990 0.00000000099999999990 
0.00000000099999999995 0.00000000099999999995 0.00000000099999999995 0.93602188781281592256 0.00000000099999999995 0.06397810618718413611 0.00000000099999999995 0.00000000099999999995 
0.00000000099999999997 0.22137024193350485213 0.00000000099999999997 0.00522576180239005261 0.49978609010054819706 0.15271669902442158717 0.00000000099999999997 0.12090120413913549302 
0.00000000099999999990 0.00000000099999999990 0.00000000099999999990 0.99999999299999997593 0.00000000099999999990 0.00000000099999999990 0.00000000099999999990 0.00000000099999999990 
0.00000000099999999997 0.00000000099999999997 0.00000000099999999997 0.00000004931180475568 0.76515424465482562155 0.23484568779678216544 0.00000000099999999997 0.00000001423658735937 
0.00000000099999999991 0.00000000099999999991 0.00000000099999999991 0.99999999300000008695 0.00000000099999999991 0.00000000099999999991 0.00000000099999999991 0.00000000099999999991 
0.01410645791769984080 0.08847888485607174891 0.00000000099999999998 0.00000000099999999998 0.40132517608365358974 0.36286535577643375117 0.00000000099999999998 0.13322412236614111780 
0.00000000099999999992 0.99999999300000019797 0.00000000099999999992 0.00000000099999999992 0.00000000099999999992 0.00000000099999999992 0.00000000099999999992 0.00000000099999999992 
0.00000000099999999968 0.00000000099999999968 0.42543520006511137410 0.00000000099999999968 0.00000000099999999968 0.00000000099999999968 0.57456479393488857355 0.00000000099999999968 
0.00000000099999999993 0.00000000099999999993 0.00000000099999999993 0.99999999300000008695 0.00000000099999999993 0.00000000099999999993 0.00000000099999999993 0.00000000099999999993 
0.00000000099999999957 0.00000000099999999957 0.00000000099999999957 0.00000000099999999957 0.00000000099999999957 0.00000000099999999957 0.99999999299999986491 0.00000000099999999957 
0.00000000099999999963 0.00000000099999999963 0.58316834122336391744 0.00000000099999999963 0.00000000099999999963 0.00000000099999999963 0.41683165277663608572 0.00000000099999999963 
0.00000000099999999999 0.18293680631701689232 0.00000000099999999999 0.00000000099999999999 0.47751887121539682290 0.16293251039402445457 0.00000000099999999999 0.17661180807356194333 
0.00000000099999999996 0.00000000099999999996 0.00000000099999999996 0.00000145437699300389 0.55460875270828891015 0.44538978791471817154 0.00000000099999999996 0.00000000099999999996 
0.00000000099999999992 0.00000000099999999992 0.00000000099999999992 0.00000000099999999992 0.99999999300000008695 0.00000000099999999992 0.00000000099999999992 0.00000000099999999992 
0.00000000099999999998 0.22934203095689456586 0.00000000099999999998 0.00000000099999999998 0.54743622622686471946 0.15897960033737978947 0.00000000099999999998 0.06424213847886089956 
0.00000000099999999997 0.26116028630156523649 0.00000000099999999997 0.00000000099999999997 0.00000000099999999997 0.39234871148845679167 0.00000000099999999997 0.34649099720997783569 
0.00536426711150158643 0.24793343322919952909 0.00000000099999999997 0.00913321831439617079 0.38322020056005384747 0.24177604397758062360 0.00000000099999999997 0.11257283480726809621 
0.00000000099999999991 0.99999999300000019797 0.00000000099999999991 0.00000000099999999991 0.00000000099999999991 0.00000000099999999991 0.00000000099999999991 0.00000000099999999991 
0.00000000099999999995 0.00000000099999999995 0.00000000099999999995 0.98232514344039811860 0.00000000099999999995 0.00000000099999999995 0.00000000099999999995 0.01767485055960203721 
0.00000000099999999996 0.19694402680491238100 0.00000000099999999996 0.00000000099999999996 0.40049157221170983423 0.17195621504245531264 0.00000000099999999996 0.23060818194092247424 
0.00000000099999999957 0.00000000099999999957 0.99999999299999997593 0.00000000099999999957 0.00000000099999999957 0.00000000099999999957 0.00000000099999999957 0.00000000099999999957 
0.00000000099999999989 0.00000000099999999989 0.00000000099999999989 0.00000000099999999989 0.00000000099999999989 0.00000000099999999989 0.00000000099999999989 0.99999999300000008695 
0.00000000099999999982 0.00000000099999999982 0.99999999300000008695 0.00000000099999999982 0.00000000099999999982 0.00000000099999999982 0.00000000099999999982 0.00000000099999999982 
0.00000000099999999960 0.00000000099999999960 0.00000000099999999960 0.00000000099999999960 0.00000000099999999960 0.00000000099999999960 0.99999999299999986491 0.00000000099999999960 
0.00000000099999999997 0.28892254546195611509 0.00000000099999999997 0.00000208379956332997 0.00000001336127655033 0.48717184830193438483 0.00000000099999999997 0.22390350607526957050 
0.00000000099999999990 0.99999999300000019797 0.00000000099999999990 0.00000000099999999990 0.00000000099999999990 0.00000000099999999990 0.00000000099999999990 0.00000000099999999990 
0.00000000099999999999 0.25064660043841019421 0.00000000099999999999 0.00979509230910922436 0.29626984899116087790 0.21832980594866396862 0.00000000099999999999 0.22495864931265552311 
0.00000000099999999971 0.00000000099999999971 0.64890971001444208710 0.00000000099999999971 0.00000000099999999971 0.00000000099999999971 0.35109028398555774952 0.00000000099999999971 
0.00000000099999999992 0.00000000099999999992 0.00000000099999999992 0.99999999300000008695 0.00000000099999999992 0.00000000099999999992 0.00000000099999999992 0.00000000099999999992 
0.00000000099999999992 0.00000000099999999992 0.00000000099999999992 0.99999999299999997593 0.00000000099999999992 0.00000000099999999992 0.00000000099999999992 0.00000000099999999992 
0.00000000099999999961 0.00000000099999999961 0.99999999300000008695 0.00000000099999999961 0.00000000099999999961 0.00000000099999999961 0.00000000099999999961 0.00000000099999999961 
0.00000000099999999997 0.00000000099999999997 0.00000000099999999997 0.00000000099999999997 0.78602139238304569169 0.00000000099999999997 0.00000000099999999997 0.21397860161695439474 
0.01032359777921719110 0.00000000802140644546 0.00000000099999999999 0.03321811062038947104 0.45544582642223968572 0.32585374872467337548 0.00000000099999999999 0.17515870643207379076 
0.00000000099999999960 0.00000000099999999960 0.00000000099999999960 0.00000000099999999960 0.00000000099999999960 0.00000000099999999960 0.99999999299999986491 0.00000000099999999960 
0.00000000099999999996 0.24317747217491075817 0.00000000099999999996 0.00000000099999999996 0.00000000099999999996 0.58090458266632449824 0.00000000099999999996 0.17591794015876477397 
0.00000000099999999990 0.00000000099999999990 0.00000000099999999990 0.99999999300000008695 0.00000000099999999990 0.00000000099999999990 0.00000000099999999990 0.00000000099999999990 
0.10492785445725637261 0.00000000099999999998 0.09540777985423506968 0.17696620055528566873 0.00000000099999999998 0.62269816113322284945 0.00000000099999999998 0.00000000099999999998 
0.00000000099999999996 0.00000000099999999996 0.00000000099999999996 0.00000000099999999996 0.99999999299999997593 0.00000000099999999996 0.00000000099999999996 0.00000000099999999996 
0.01084184350527533924 0.00000000099999999998 0.00000000099999999998 0.01547647320320166310 0.39992835136565296761 0.38310142629965027172 0.00000000099999999998 0.19065190262621967143 
0.00545467457132588120 0.00000000099999999995 0.00000000099999999995 0.00000000099999999995 0.99454531942867407945 0.00000000099999999995 0.00000000099999999995 0.00000000099999999995 
0.00000000099999999987 0.00000000099999999987 0.00000000099999999987 0.00000000099999999987 0.00000000099999999987 0.00000000099999999987 0.00000000099999999987 0.99999999300000008695 
0.00000000099999999989 0.00000000099999999989 0.00000000099999999989 0.00000000099999999989 0.00000000099999999989 0.99999999299999997593 0.00000000099999999989 0.00000000099999999989 
0.00000000099999999998 0.37813335877248360761 0.00000000099999999998 0.00000000099999999998 0.62186663522751628452 0.00000000099999999998 0.00000000099999999998 0.00000000099999999998 
0.00615912826732276358 0.00000000099999999998 0.00000000099999999998 0.00000000099999999998 0.55428768317345367134 0.28268586008352108996 0.00000000099999999998 0.15686732447570253535 
0.00000000099999999991 0.00000000099999999991 0.00000000099999999991 0.00000000099999999991 0.00000000099999999991 0.99999999300000008695 0.00000000099999999991 0.00000000099999999991 
0.00000000099999999994 0.00000000099999999994 0.00000000099999999994 0.99999999300000008695 0.00000000099999999994 0.00000000099999999994 0.00000000099999999994 0.00000000099999999994 
0.00000000099999999994 0.00000000099999999994 0.00000000099999999994 0.00000000099999999994 0.00000000099999999994 0.48605069124116040413 0.00000000099999999994 0.51394930275883954351 
0.00000000099999999990 0.99999999300000008695 0.00000000099999999990 0.00000000099999999990 0.00000000099999999990 0.00000000099999999990 0.00000000099999999990 0.00000000099999999990 
0.00000000099999999997 0.61697368807902974730 0.00000000099999999997 0.03363345127594288136 0.34939285564502725601 0.00000000099999999997 0.00000000099999999997 0.00000000099999999997 
0.00000000099999999997 0.37106721367309936088 0.00000000099999999997 0.01344748839594735353 0.32931395519412398620 0.20123932332684207891 0.00000000099999999997 0.08493201640998711277 
0.00000000099999999996 0.00000000099999999996 0.00000000099999999996 0.00000000099999999996 0.99999999299999997593 0.00000000099999999996 0.00000000099999999996 0.00000000099999999996 
0.00000000099999999996 0.35405571044852651719 0.00000000099999999996 0.00000000099999999996 0.64594428355147337495 0.00000000099999999996 0.00000000099999999996 0.00000000099999999996 
0.00000000099999999999 0.37960100617845854432 0.00000000099999999999 0.00092014144340667344 0.51862370084791264979 0.10085499464168828920 0.00000000099999999999 0.00000015388853382470 
0.00000000099999999996 0.00000000099999999996 0.00000000099999999996 0.97560744674214638916 0.00000000099999999996 0.02439254725785362787 0.00000000099999999996 0.00000000099999999996 
0.00753046879740399376 0.41474366246922095280 0.00000000099999999997 0.00000000099999999997 0.00000000099999999997 0.57772586373337497800 0.00000000099999999997 0.00000000099999999997 
0.00000000099999999998 0.17424580715893800420 0.00000000099999999998 0.00000000099999999998 0.45578757368978117803 0.00000000099999999998 0.00000000099999999998 0.36996661415128084816 
0.00000000099999999997 0.00000000099999999997 0.00000000099999999997 0.00000000099999999997 0.81148544756197937833 0.00000000099999999997 0.00000000099999999997 0.18851454643802059707 
0.00000000099999999996 0.00000000099999999996 0.00000000099999999996 0.98367890142834879530 0.00000000099999999996 0.01632109257165113500 0.00000000099999999996 0.00000000099999999996 
0.00000000099999999999 0.21110091971743064065 0.00000000099999999999 0.00000025499224683837 0.77114887266421405787 0.00000000099999999999 0.01774994862610839580 0.00000000099999999999 
0.00490958750114483394 0.32606548831419057688 0.00000000099999999999 0.00000000099999999999 0.52227230649899081261 0.00000000099999999999 0.00000000099999999999 0.14675261368567377174 
0.00850856525070699601 0.16403526705920759565 0.00000000099999999998 0.47272114053877833939 0.00000000099999999998 0.29634714294286895742 0.00000000099999999998 0.05838788120843799168 
