0.02377963747248177870 0.00014906760865148822 0.79028519309126021852 0.18101317163849095504 0.00477293018911552173 
0.00000000099999999996 0.00000000099999999996 0.00000000099999999996 0.00000000099999999996 0.99999999600000000211 
0.00000000099999999996 0.00000000099999999996 0.00000000099999999996 0.00000000099999999996 0.99999999600000000211 
0.00193694675256723893 0.00000000099999999999 0.68781437941336265318 0.27591755755519331572 0.03433111527887661857 
0.01010252069327304686 0.00000000099999999999 0.70349511023084521089 0.28640236707588168086 0.00000000099999999999 
0.00367466915282418536 0.00000000099999999999 0.69657978167377954115 0.27458769872760879771 0.02515784944578734750 
0.00000000099999999997 0.00000000099999999997 0.00000000099999999997 0.00000000099999999997 0.99999999600000000211 
0.00000000099999999995 0.00000000099999999995 0.00000000099999999995 0.00000000099999999995 0.99999999599999989108 
0.01110718559825091441 0.00000000099999999999 0.98889281140174911666 0.00000000099999999999 0.00000000099999999999 
0.00000000099999999996 0.00000000099999999996 0.00000000099999999996 0.00000000099999999996 0.99999999600000000211 
0.00750706347619018582 0.00000000099999999999 0.97918708994620151653 0.00000000099999999999 0.01330584457760831431 
0.00818204292418541791 0.00000000099999999999 0.75070970594293739975 0.22488121059835666782 0.01622703953452046127 
0.00437019764168541588 0.00000000100000000000 0.72228159097697175461 0.27334820938134274382 0.00000000100000000000 
0.01743712699434033647 0.00000000099999999999 0.77626572810915539513 0.20123097778812107372 0.00506616610838315357 
0.01863292033214129784 0.00231013194222214361 0.97905694572563661815 0.00000000100000000000 0.00000000100000000000 
0.03086760164777018964 0.00000000099999999999 0.71537333216192533492 0.19789944502765235979 0.05585962016265218211 
0.00000000099999999998 0.00000000099999999998 0.99999999599999989108 0.00000000099999999998 0.00000000099999999998 
0.00000000099999999999 0.00000000099999999999 0.99999999600000000211 0.00000000099999999999 0.00000000099999999999 
0.01058685127179091051 0.00385813477727633665 0.86134723582270356079 0.12420777712822922423 0.00000000100000000000 
0.00333840182191205486 0.00000000099999999998 0.89613848376113580674 0.10052311241695198463 0.00000000099999999998 
0.00000000099999999998 0.00000000099999999998 0.99999999599999989108 0.00000000099999999998 0.00000000099999999998 
0.00000000099999999997 0.00000000099999999997 0.00000000099999999997 0.00000000099999999997 0.99999999599999989108 
0.00000000099999999999 0.00000000099999999999 0.65712326780373597757 0.32112988575021300663 0.02174684444605088501 
0.00000000099999999989 0.00000000099999999989 0.00000000099999999989 0.99999999599999989108 0.00000000099999999989 
0.00000000099999999998 0.00000000099999999998 0.88691775780390813555 0.07849807188667157209 0.03458416830942026565 
0.00182878110182246390 0.00000000099999999999 0.69795155624340854406 0.30021966065476884955 0.00000000099999999999 
0.99999999600000011313 0.00000000099999999983 0.00000000099999999983 0.00000000099999999983 0.00000000099999999983 
0.99999999600000000211 0.00000000099999999980 0.00000000099999999980 0.00000000099999999980 0.00000000099999999980 
0.00721732416456268532 0.00000000100000000000 0.70641638221497637939 0.28636629162046095542 0.00000000100000000000 
0.00824805153651393848 0.00000000099999999999 0.66102693975748494370 0.33072500670600113448 0.00000000099999999999 
0.00000000099999999999 0.00000000099999999999 0.81030333888833849798 0.16524711131564312483 0.02444954779601822906 
0.00000000099999999997 0.00000000099999999997 0.00000000099999999997 0.03499017391997985560 0.96500982308002014598 
0.35609235674253975068 0.00000000099999999995 0.00000000099999999995 0.46743887032493175449 0.17646877093252841262 
0.00000000099999999999 0.00000000099999999999 0.83542551640761342213 0.16457448059238649618 0.00000000099999999999 
0.00000000099999999980 0.99999999600000000211 0.00000000099999999980 0.00000000099999999980 0.00000000099999999980 
0.00000000099999999975 0.99999999600000011313 0.00000000099999999975 0.00000000099999999975 0.00000000099999999975 
0.00000000099999999975 0.99999999600000000211 0.00000000099999999975 0.00000000099999999975 0.00000000099999999975 
0.99999999600000011313 0.00000000099999999984 0.00000000099999999984 0.00000000099999999984 0.00000000099999999984 
0.99999999600000011313 0.00000000099999999982 0.00000000099999999982 0.00000000099999999982 0.00000000099999999982 
0.00000000189307562894 0.00000000099999999999 0.70267084889928477232 0.29732914720763942151 0.00000000099999999999 
0.00000000099999999997 0.00000000099999999997 0.00000000099999999997 0.00000000099999999997 0.99999999599999989108 
0.99999999600000000211 0.00000000099999999982 0.00000000099999999982 0.00000000099999999982 0.00000000099999999982 
0.00907944248322886324 0.00000000099999999999 0.71636170228305895424 0.25334029039275951511 0.02121856384095265405 
0.00000000099999999995 0.00000000099999999995 0.00000000099999999995 0.00000000099999999995 0.99999999599999989108 
0.99999999600000011313 0.00000000099999999984 0.00000000099999999984 0.00000000099999999984 0.00000000099999999984 
0.00770664566975061242 0.00000000099999999999 0.79145387346470663648 0.18702605101045252645 0.01381342885509014538 
0.99999999600000000211 0.00000000099999999983 0.00000000099999999983 0.00000000099999999983 0.00000000099999999983 
0.00000000099999999996 0.00000000099999999996 0.00000000099999999996 0.00000000099999999996 0.99999999599999989108 
0.00000000099999999994 0.00000000099999999994 0.00000000099999999994 0.00000000099999999994 0.99999999599999989108 
0.99999999600000011313 0.00000000099999999980 0.00000000099999999980 0.00000000099999999980 0.00000000099999999980 
0.99999999600000011313 0.00000000099999999982 0.00000000099999999982 0.00000000099999999982 0.00000000099999999982 
0.00000000099999999996 0.00000000099999999996 0.00000000099999999996 0.00000000099999999996 0.99999999599999989108 
0.00000000099999999996 0.00000000099999999996 0.00000000099999999996 0.00000000099999999996 0.99999999600000000211 
0.00000000099999999997 0.00000000099999999997 0.00000000099999999997 0.00000000099999999997 0.99999999599999989108 
0.99999999600000011313 0.00000000099999999985 0.00000000099999999985 0.00000000099999999985 0.00000000099999999985 
0.01556218838069027381 0.00000000100000000000 0.62408778860904878805 0.32049191139110172477 0.03985811061915924686 
0.02455065887812659178 0.00000000099999999999 0.97544933812187351041 0.00000000099999999999 0.00000000099999999999 
0.00000000099999999999 0.00000000099999999999 0.69037261835282393019 0.29491045532248333361 0.01471692432469264358 
0.00000000099999999993 0.00000000099999999993 0.00000000099999999993 0.99999999599999989108 0.00000000099999999993 
0.00000000099999999996 0.00000000099999999996 0.00000000099999999996 0.00000000099999999996 0.99999999599999989108 
0.00213483617636533573 0.00000000100000000000 0.99786516082363452274 0.00000000100000000000 0.00000000100000000000 
0.00000000099999999979 0.99999999600000000211 0.00000000099999999979 0.00000000099999999979 0.00000000099999999979 
0.01089038241634887258 0.00000000099999999998 0.89606523812817395758 0.08941673749986085717 0.00362764095561643332 
0.00000000099999999979 0.99999999600000011313 0.00000000099999999979 0.00000000099999999979 0.00000000099999999979 
0.00000000099999999999 0.00000000099999999999 0.69203740784530753949 0.27314116627432488693 0.03482142388036751218 
0.00000000099999999980 0.99999999600000000211 0.00000000099999999980 0.00000000099999999980 0.00000000099999999980 
0.00000000099999999999 0.00000000099999999999 0.99731798658952708347 0.00000000099999999999 0.00268201041047290119 
0.00609056942368686044 0.00000000100000000000 0.66719360284180584397 0.31740800062125912318 0.00930782611324808273 
0.00000000099999999994 0.00000000099999999994 0.00000000099999999994 0.00000000099999999994 0.99999999600000000211 
0.00000000099999999998 0.00000000099999999998 0.75971614573784673752 0.24028385126215304202 0.00000000099999999998 
0.00000000099999999980 0.99999999600000000211 0.00000000099999999980 0.00000000099999999980 0.00000000099999999980 
0.00000000099999999982 0.99999999600000011313 0.00000000099999999982 0.00000000099999999982 0.00000000099999999982 
0.01180471475188540897 0.00000000099999999999 0.72516017406603439088 0.18031105588128076844 0.08272405430079952937 
0.00000000099999999995 0.00000000099999999995 0.00000000099999999995 0.00000000099999999995 0.99999999600000000211 
0.99999999600000000211 0.00000000099999999985 0.00000000099999999985 0.00000000099999999985 0.00000000099999999985 
0.00000000099999999995 0.00000000099999999995 0.00000000099999999995 0.00000000099999999995 0.99999999599999989108 
0.00000000099999999999 0.00000000099999999999 0.66981494121306017764 0.29619518696742913599 0.03398986981951063885 
0.00000000099999999978 0.99999999600000011313 0.00000000099999999978 0.00000000099999999978 0.00000000099999999978 
0.99999999600000000211 0.00000000099999999979 0.00000000099999999979 0.00000000099999999979 0.00000000099999999979 
0.00000000099999999982 0.99999999600000011313 0.00000000099999999982 0.00000000099999999982 0.00000000099999999982 
0.01915340488336803038 0.00252439210316339740 0.74826980180358226846 0.23005240020988620975 0.00000000100000000000 
0.00000000099999999994 0.00000000099999999994 0.00000000099999999994 0.00000000099999999994 0.99999999600000000211 
0.00000000099999999995 0.00000000099999999995 0.00000000099999999995 0.00000000099999999995 0.99999999600000000211 
0.00086740641426079183 0.00000000099999999999 0.51702667601829999100 0.25104360925783164582 0.23106230730960761188 
0.02399435788604108166 0.00000000100000000000 0.87022791107458263848 0.09883600535476867732 0.00694172468460749811 
0.00000000099999999999 0.00000000099999999999 0.79654417050652737142 0.19352723411228575645 0.00992859338118671532 
0.00000000099999999998 0.00000000099999999998 0.97715374873789440091 0.00167645142826672788 0.02116979783383881111 
0.00000000099999999995 0.00000000099999999995 0.00000000099999999995 0.99999999600000000211 0.00000000099999999995 
0.00000000099999999998 0.00000000099999999998 0.81274675031782728230 0.18725324668217269153 0.00000000099999999998 
0.00000000099999999997 0.00000000099999999997 0.99999987661933997796 0.00000000099999999997 0.00000012038065989330 
0.00879988645536381418 0.00000000099999999999 0.82223927984100364519 0.16057658771016164456 0.00838424499347087578 
0.00000000099999999999 0.00000000099999999999 0.64976188524765710053 0.31820828302238829410 0.03202982972995455785 
0.00000000099999999996 0.00000000099999999996 0.00000000099999999996 0.00000000099999999996 0.99999999600000000211 
0.00000000099999999998 0.00000000099999999998 0.00000000099999999998 0.00102365534050765489 0.99897634165949245055 
0.00000000099999999988 0.99999999600000011313 0.00000000099999999988 0.00000000099999999988 0.00000000099999999988 
0.00000000099999999997 0.00000000099999999997 0.00000000099999999997 0.00000000099999999997 0.99999999600000000211 
0.00000000099999999998 0.00000000099999999998 0.00000000099999999998 0.00000000099999999998 0.99999999600000000211 
0.00664769727990870141 0.00000000099999999999 0.70041164642655839856 0.27209262598847983039 0.02084802930505320201 
0.00000000099999999975 0.99999999600000011313 0.00000000099999999975 0.00000000099999999975 0.00000000099999999975 
0.00430470719480749615 0.00000000099999999999 0.73562970185894283048 0.26006558894624953737 0.00000000099999999999 
0.00517741051523558718 0.00000000099999999999 0.74227772121714230558 0.23837488044825627664 0.01416998681936579296 
0.00701166192217535407 0.00000000100000000000 0.68938078413650960563 0.30360755194131500145 0.00000000100000000000 
0.00431115274097948736 0.00000000100000000000 0.77304685148398222250 0.19949702391119597533 0.02314497086384227631 
0.00000000099999999993 0.00000000099999999993 0.00000000099999999993 0.99999999599999989108 0.00000000099999999993 
0.00000000100000000000 0.00000000100000000000 0.73058029955552250545 0.23337836890380733723 0.03604132954066997796 
0.00323436602390052372 0.00000000099999999999 0.67492065456759453568 0.32184497740850476211 0.00000000099999999999 
0.00881262331828575052 0.00000000100000000000 0.77889354447887027000 0.20154758741459088967 0.01074624378825303483 
0.03064151245853617353 0.00316959137449680838 0.74643096448273227317 0.20956697018216249861 0.01019096150207223460 
0.01279301733522206046 0.00000000099999999999 0.72770052051117473102 0.25865190107017571597 0.00085456008342752593 
0.00000000099999999998 0.00000000099999999998 0.84402253101498414534 0.15597746598501582849 0.00000000099999999998 
0.02610087701470895777 0.00000000100000000000 0.71163772506840428100 0.24023376522320749604 0.02202763169367939061 
0.01008606895469139550 0.00000000099999999998 0.73724481866185165302 0.25266911038345685192 0.00000000099999999998 
0.00000000099999999999 0.00000000099999999999 0.72571306293725645897 0.26825339665130765177 0.00603353841143594669 
0.00000000099999999999 0.00000000099999999999 0.83449710553681344383 0.16550289146318644673 0.00000000099999999999 
0.00000000099999999999 0.00000000099999999999 0.67215043086811232520 0.29900210991686237971 0.02884745721502524063 
0.00552537627099749466 0.00000000099999999999 0.70581403230466532861 0.27813525201434169398 0.01052533840999553792 
0.00000000099999999999 0.00000000099999999999 0.58490334211367978057 0.38476371386732238777 0.03033294201899772863 
0.00000000099999999999 0.00000000099999999999 0.72167129589188960814 0.27832865901616815618 0.00000004309194214707 
0.00000000099999999999 0.00000000099999999999 0.71957800334569987921 0.25841596596877675074 0.02200602868552335029 
0.00462070279538047933 0.06823347546090399729 0.70183764156098982223 0.20338273519040897530 0.02192544499231668942 
0.00000000099999999999 0.00000000099999999999 0.72846547251051252392 0.27153452283594592398 0.00000000265354157493 
0.00000000099999999998 0.00000000099999999998 0.66031219462868340209 0.32799235838929186038 0.01169544498202454777 
0.00000000099999999998 0.00000000099999999998 0.88434714520990442832 0.09433714133122507450 0.02131571145887033517 
0.01678669211406782005 0.00000000099999999999 0.77869000079794947755 0.20452330508798277631 0.00000000099999999999 
0.00000000099999999998 0.00000000099999999998 0.76848879440179040934 0.21984956554084594815 0.01166163805736366611 
0.00463345234950493599 0.00298740375291696881 0.71268051084294237185 0.27949412375891857785 0.00020450929571711357 
0.00775071835023494454 0.00000000099999999999 0.74252542593433923379 0.23778811773244171168 0.01193573698298409924 
0.00000000099999999998 0.00000000099999999998 0.99999999599999989108 0.00000000099999999998 0.00000000099999999998 
0.00000000099999999998 0.00000000099999999998 0.81758680789598592309 0.14719713336017836713 0.03521605674383571083 
0.00000000099999999995 0.00000000099999999995 0.00000000099999999995 0.00000000099999999995 0.99999999600000000211 
0.00000000099999999998 0.00000000099999999998 0.00000000099999999998 0.00000000099999999998 0.99999999600000000211 
0.00000000099999999983 0.99999999600000011313 0.00000000099999999983 0.00000000099999999983 0.00000000099999999983 
0.99999999600000000211 0.00000000099999999979 0.00000000099999999979 0.00000000099999999979 0.00000000099999999979 
0.03898254900967866587 0.00000000100000000000 0.00000000100000000000 0.05119438487430606061 0.90982306411601532314 
0.00000000099999999998 0.00000000099999999998 0.98750472655437049330 0.00007939742849969101 0.01241587401712964701 
0.00000007671397822088 0.00000000100000000000 0.97414069329237995554 0.00000000100000000000 0.02585922799364170910 
0.00417616074532311220 0.00000000099999999999 0.00000000099999999999 0.00000000099999999999 0.99582383625467685295 
0.00000000099999999999 0.00000000099999999999 0.58500803363867437401 0.40662178141908611462 0.00837018294223940834 
0.01043925125377239554 0.00000000099999999998 0.68383984182655133122 0.30572090491967635062 0.00000000099999999998 
0.00153626748361772249 0.00000000099999999999 0.69238927513197257024 0.30607445538440969379 0.00000000099999999999 
0.00000000099999999978 0.99999999600000011313 0.00000000099999999978 0.00000000099999999978 0.00000000099999999978 
0.00000000099999999979 0.99999999600000011313 0.00000000099999999979 0.00000000099999999979 0.00000000099999999979 
0.00000000099999999975 0.99999999600000011313 0.00000000099999999975 0.00000000099999999975 0.00000000099999999975 
0.00000000099999999976 0.99999999600000011313 0.00000000099999999976 0.00000000099999999976 0.00000000099999999976 
0.00000000099999999976 0.99999999600000011313 0.00000000099999999976 0.00000000099999999976 0.00000000099999999976 
0.00000000099999999998 0.00000000099999999998 0.00000000099999999998 0.00000000099999999998 0.99999999599999989108 
0.01030195337820605239 0.00000000099999999999 0.68031574103828329481 0.30938230358351070937 0.00000000099999999999 
0.00000000099999999976 0.99999999600000011313 0.00000000099999999976 0.00000000099999999976 0.00000000099999999976 
0.00000000099999999980 0.99999999600000011313 0.00000000099999999980 0.00000000099999999980 0.00000000099999999980 
0.99999999600000000211 0.00000000099999999979 0.00000000099999999979 0.00000000099999999979 0.00000000099999999979 
0.99999999600000000211 0.00000000099999999979 0.00000000099999999979 0.00000000099999999979 0.00000000099999999979 
0.00000000099999999999 0.00000000099999999999 0.67210793910099653203 0.32789205789900333077 0.00000000099999999999 
0.00000000099999999978 0.99999999600000000211 0.00000000099999999978 0.00000000099999999978 0.00000000099999999978 
0.00000000100000000000 0.00000000100000000000 0.78981024203337146794 0.19572226841728848634 0.01446748754934015779 
0.00000000099999999999 0.00000000099999999999 0.79777961459346613537 0.20222038240653372743 0.00000000099999999999 
0.00000000099999999998 0.00000000099999999998 0.04855890034907128783 0.00000000099999999998 0.95144109665092868600 
0.00000000099999999998 0.00000000099999999998 0.99999999599999989108 0.00000000099999999998 0.00000000099999999998 
0.00000000099999999994 0.00000000099999999994 0.00000000099999999994 0.00000000099999999994 0.99999999600000000211 
0.00000000099999999993 0.00000000099999999993 0.00000000099999999993 0.99999999599999989108 0.00000000099999999993 
0.00000000099999999995 0.00000000099999999995 0.00000000099999999995 0.00000000099999999995 0.99999999600000000211 
0.01651477571755448348 0.00000000099999999999 0.67513713863753144206 0.30058522552162986186 0.00776285912328408736 
0.00906622933185003907 0.00000000099999999999 0.99093376766815011170 0.00000000099999999999 0.00000000099999999999 
0.00000000099999999980 0.99999999600000000211 0.00000000099999999980 0.00000000099999999980 0.00000000099999999980 
0.00000000099999999996 0.00000000099999999996 0.00000000099999999996 0.00000000099999999996 0.99999999600000000211 
0.00000000099999999976 0.99999999600000000211 0.00000000099999999976 0.00000000099999999976 0.00000000099999999976 
0.00000000099999999976 0.99999999600000011313 0.00000000099999999976 0.00000000099999999976 0.00000000099999999976 
0.00000000672796740605 0.00000000100000000000 0.83795940986671779704 0.15201309459987924488 0.01002748780543566073 
0.00000000099999999998 0.00000000099999999998 0.67543369762594496208 0.30275438115588065857 0.02181191921817409590 
0.00000000099999999998 0.00000000099999999998 0.78558622613753503749 0.20967997265009841179 0.00473379921236653789 
0.00000000099999999999 0.00000000099999999999 0.59334147189565034086 0.40665852510434957745 0.00000000099999999999 
0.01311336466487040241 0.00000000099999999999 0.73750205380132161093 0.24579943536478382482 0.00358514516902410296 
0.00712189439239463342 0.00000000099999999999 0.70012628830031675697 0.28015730035096436668 0.01259451595632441086 
0.00000000099999999999 0.00000000099999999999 0.80882790919709945943 0.19117208780290054215 0.00000000099999999999 
0.00000000099999999997 0.00000000099999999997 0.00596071089816220621 0.00000000099999999997 0.99403928610183767134 
0.00000000099999999998 0.00000000099999999998 0.77966330791566418323 0.22033668908433570732 0.00000000099999999998 
0.00000000099999999976 0.99999999600000000211 0.00000000099999999976 0.00000000099999999976 0.00000000099999999976 
0.00000002301443116117 0.00000000100000000000 0.70162996986629955209 0.29837000511926925483 0.00000000100000000000 
0.00000000099999999992 0.99999999600000000211 0.00000000099999999992 0.00000000099999999992 0.00000000099999999992 
0.00000000099999999979 0.99999999600000011313 0.00000000099999999979 0.00000000099999999979 0.00000000099999999979 
0.00000000099999999998 0.00000000099999999998 0.98100394171665616927 0.00000000099999999998 0.01899605528334386007 
0.00948520587510009831 0.00000000099999999999 0.83568440978101865557 0.15483038234388124543 0.00000000099999999999 
0.00000000099999999999 0.00000000099999999999 0.77708693207374146539 0.20427708972774463736 0.01863597619851377687 
0.00000000099999999982 0.99999999600000011313 0.00000000099999999982 0.00000000099999999982 0.00000000099999999982 
0.00000000099999999995 0.00000000099999999995 0.00000000099999999995 0.00000000099999999995 0.99999999599999989108 
0.00000000099999999995 0.00000000099999999995 0.00000000099999999995 0.00000000099999999995 0.99999999599999989108 
0.00000000099999999979 0.99999999600000000211 0.00000000099999999979 0.00000000099999999979 0.00000000099999999979 
0.00000000099999999995 0.00000000099999999995 0.00000000099999999995 0.99999999600000000211 0.00000000099999999995 
0.01370217521796418363 0.00000000100000000000 0.66675813186703103419 0.28233879048761484354 0.03720090142738990968 
0.00000000099999999980 0.99999999600000011313 0.00000000099999999980 0.00000000099999999980 0.00000000099999999980 
0.00512027078260479489 0.00000000099999999999 0.66683845768753868821 0.32541613658492002381 0.00262513394493661418 
0.00000000099999999994 0.00000000099999999994 0.00000000099999999994 0.00000000099999999994 0.99999999599999989108 
0.10947310660723848230 0.10429271354553744378 0.56273039698798743569 0.00000000100000000000 0.22350378185923680530 
0.00000000100000000000 0.00000050455883992534 0.69159349099205102984 0.28484821290367201563 0.02355779054543713155 
0.01533940855528751271 0.00000000099999999999 0.95981895269279549066 0.00000000099999999999 0.02484163675191694565 
0.01489903862078258319 0.00000000099999999999 0.90356626734672285117 0.07918225077254406608 0.00235244225995056471 
0.01038119266176811689 0.00000000099999999999 0.62145198449696070764 0.36816682084127111407 0.00000000099999999999 
0.00000000099999999998 0.00000000099999999998 0.99999999600000000211 0.00000000099999999998 0.00000000099999999998 
0.00000000099999999999 0.00000000099999999999 0.71188666082970197824 0.28811333617029799559 0.00000000099999999999 
0.01252440090226543228 0.00000000099999999999 0.69071761680423260366 0.29469806246466628830 0.00205991882883558783 
0.00165330258507175032 0.00224161737431012977 0.97376578038395655845 0.00000000100000000000 0.02233929865666162834 
0.00000000099999999997 0.00000000099999999997 0.00000000099999999997 0.00000000099999999997 0.99999999600000000211 
0.00897173273883385136 0.00000000099999999999 0.81738072822812335438 0.15642844474408226785 0.01721909328896055122 
0.00000000099999999998 0.00000000099999999998 0.99999999600000000211 0.00000000099999999998 0.00000000099999999998 
0.00000000099999999999 0.00000000099999999999 0.95387600364880509307 0.00000000099999999999 0.04612399335119489463 
0.00000000099999999999 0.00000000099999999999 0.86079048775925237624 0.12441195914550241819 0.01479755109524510254 
0.00296676956968246934 0.00000000100000000000 0.69504942638161903989 0.27160639627849997302 0.03037740677019854993 
0.00000000099999999998 0.00000000099999999998 0.99999999599999989108 0.00000000099999999998 0.00000000099999999998 
0.00000008445001795677 0.00000000100000000000 0.72546555736818740812 0.26354285012489725437 0.01099150705689735594 
0.00000000099999999997 0.00000000099999999997 0.01204589425753051050 0.00000000099999999997 0.98795410274246953097 
0.01650922991416590296 0.00000000099999999999 0.96735075392457348098 0.00000000099999999999 0.01614001416126061017 
0.00740571000045140478 0.00000000099999999999 0.62833900442203449721 0.36425528357751402186 0.00000000099999999999 
0.00000000100000000000 0.00040665462359462982 0.57368070045842400884 0.42565173705060610487 0.00026090686737528421 
0.00000000099999999997 0.00000000099999999997 0.00000000099999999997 0.00000000099999999997 0.99999999600000000211 
0.00000000100000000000 0.01902931722796965749 0.77397184953593833878 0.18156227821116785459 0.02543655402492412537 
0.00507101271906486382 0.00000000100000000000 0.65733464371949312799 0.33514010426994417235 0.00245423829149804843 
0.01074193265486503984 0.00000000099999999999 0.45646646334050355875 0.05317448338215707837 0.47961711962247416396 
0.00000000099999999992 0.00000000099999999992 0.00000000099999999992 0.99999999599999989108 0.00000000099999999992 
0.00000000099999999981 0.99999999600000000211 0.00000000099999999981 0.00000000099999999981 0.00000000099999999981 
0.01742535641997725038 0.00000000099999999999 0.74487158860289459650 0.22338078556075399717 0.01432226841637415996 
0.00000000099999999999 0.00000000099999999999 0.61431663747426834554 0.36846203328684856704 0.01722132723888302949 
