0.31142000997833579889 0.00000000265296280429 0.00000000099999999999 0.30930050269241426975 0.00000000099999999999 0.13272296765314470224 0.00000000099999999999 0.23059315116637255083 0.01596336085676985928 0.00000000099999999999 0.00000000099999999999 
0.00000000099999999984 0.00000000099999999984 0.99999999000000017180 0.00000000099999999984 0.00000000099999999984 0.00000000099999999984 0.00000000099999999984 0.00000000099999999984 0.00000000099999999984 0.00000000099999999984 0.00000000099999999984 
0.00000000099999999991 0.00000000099999999991 0.49800358743266587291 0.00000000099999999991 0.00000000099999999991 0.00000000099999999991 0.00000000099999999991 0.00000000099999999991 0.00000000099999999991 0.00000000099999999991 0.50199640356733388202 
0.22580508857462014416 0.15280355369642714680 0.03194616538163814329 0.21242439733882245712 0.00000000099999999998 0.19861640150370535318 0.07731670485063556197 0.10108768465415114701 0.00000000099999999998 0.00000000099999999998 0.00000000099999999998 
0.18774298006249143245 0.26666101968866784411 0.00000000099999999998 0.19125140367955992260 0.00000000099999999998 0.20328580259889153514 0.04040225211461660054 0.11065653685577266085 0.00000000099999999998 0.00000000099999999998 0.00000000099999999998 
0.33027262415083141756 0.00000000099999999997 0.00000000099999999997 0.00000000099999999997 0.00000000099999999997 0.26063387431643048053 0.00000116864790871582 0.39025689119795625714 0.00000000099999999997 0.00000000099999999997 0.01883543568687302827 
0.00000000099999999985 0.00000000099999999985 0.99999999000000017180 0.00000000099999999985 0.00000000099999999985 0.00000000099999999985 0.00000000099999999985 0.00000000099999999985 0.00000000099999999985 0.00000000099999999985 0.00000000099999999985 
0.00000000099999999977 0.00000000099999999977 0.00000000099999999977 0.00000000099999999977 0.00000000099999999977 0.00000000099999999977 0.00000000099999999977 0.00000000099999999977 0.00000000099999999977 0.00000000099999999977 0.99999998999999994975 
0.00000000099999999991 0.00000000099999999991 0.00000000099999999991 0.99999999000000017180 0.00000000099999999991 0.00000000099999999991 0.00000000099999999991 0.00000000099999999991 0.00000000099999999991 0.00000000099999999991 0.00000000099999999991 
0.00000000099999999992 0.00000000099999999992 0.62049245030742250506 0.00000000099999999992 0.00000000099999999992 0.00000000099999999992 0.00000000099999999992 0.00000000099999999992 0.00000000099999999992 0.00000000099999999992 0.37950754069257747192 
0.00000000099999999991 0.00000000099999999991 0.00000000099999999991 0.99999999000000017180 0.00000000099999999991 0.00000000099999999991 0.00000000099999999991 0.00000000099999999991 0.00000000099999999991 0.00000000099999999991 0.00000000099999999991 
0.29085093368114961487 0.23100959103635540504 0.01054765695195077242 0.01230120318487287409 0.00000000099999999997 0.14536402028897230099 0.03651116202930740351 0.26967297785387028819 0.00374245197352131385 0.00000000099999999997 0.00000000099999999997 
0.00000000099999999997 0.27799419324014040811 0.00000000099999999997 0.45593950704579383482 0.00000000099999999997 0.00000000099999999997 0.00000000099999999997 0.26606629171406592782 0.00000000099999999997 0.00000000099999999997 0.00000000099999999997 
0.31538987442450167054 0.31437608339267747448 0.00000000099999999998 0.00000000099999999998 0.00000000099999999998 0.26173909591942134956 0.10344806268916108272 0.00000000099999999998 0.00504687757423853169 0.00000000099999999998 0.00000000099999999998 
0.00000000099999999985 0.99999999000000017180 0.00000000099999999985 0.00000000099999999985 0.00000000099999999985 0.00000000099999999985 0.00000000099999999985 0.00000000099999999985 0.00000000099999999985 0.00000000099999999985 0.00000000099999999985 
0.24807246344180508557 0.10007538653962859410 0.01660146385639958005 0.20994144622458782434 0.00000000099999999998 0.16557071980061913163 0.07254155727861250069 0.12567137991555998866 0.02712310505833038024 0.00000000099999999998 0.03440247588445698862 
0.99999999000000028282 0.00000000099999999989 0.00000000099999999989 0.00000000099999999989 0.00000000099999999989 0.00000000099999999989 0.00000000099999999989 0.00000000099999999989 0.00000000099999999989 0.00000000099999999989 0.00000000099999999989 
0.00000000099999999987 0.00000000099999999987 0.00000000099999999987 0.00000000099999999987 0.00000000099999999987 0.99999999000000006077 0.00000000099999999987 0.00000000099999999987 0.00000000099999999987 0.00000000099999999987 0.00000000099999999987 
0.23466753947639693023 0.15717796060257049895 0.00505070980471893083 0.30383942543622427523 0.00000000125837437081 0.11047251030498027313 0.02143772858899620215 0.16413190409875358378 0.00322221842898484049 0.00000000099999999999 0.00000000099999999999 
0.00000000099999999994 0.22167394770293569195 0.00000000099999999994 0.00000000099999999994 0.00000000099999999994 0.29411476955748788731 0.00000000099999999994 0.48421127473957636944 0.00000000099999999994 0.00000000099999999994 0.00000000099999999994 
0.00000000099999999996 0.27310880049087155053 0.00000000099999999996 0.29593780895964727495 0.00000000099999999996 0.00000000099999999996 0.00000000099999999996 0.43095338254948101220 0.00000000099999999996 0.00000000099999999996 0.00000000099999999996 
0.00000000099999999994 0.00000000099999999994 0.45541514255688408941 0.00000000099999999994 0.00000000099999999994 0.00000000099999999994 0.00000000099999999994 0.00000000099999999994 0.00000000099999999994 0.00000000099999999994 0.54458484844311561002 
0.28661595681631996113 0.00000000099999999997 0.00000000099999999997 0.37841058652213477309 0.00000000099999999997 0.23955223002903183738 0.07960572035327379004 0.00000000099999999997 0.00000000099999999997 0.00000000099999999997 0.01581550027923962765 
0.00000000099999999947 0.00000000099999999947 0.00000000099999999947 0.00000000099999999947 0.00000000099999999947 0.00000000099999999947 0.99999999000000006077 0.00000000099999999947 0.00000000099999999947 0.00000000099999999947 0.00000000099999999947 
0.00000000099999999991 0.00000000099999999991 0.00000000099999999991 0.00000000099999999991 0.00000000099999999991 0.00000000099999999991 0.00000000099999999991 0.99999998999999994975 0.00000000099999999991 0.00000000099999999991 0.00000000099999999991 
0.12665839419774468921 0.10933044274793400630 0.00000000099999999997 0.28064237442299605485 0.00000000099999999997 0.15940043704225062560 0.11676332060571226190 0.20720502598336243416 0.00000000099999999997 0.00000000099999999997 0.00000000099999999997 
0.00000000099999999956 0.00000000099999999956 0.00000000099999999956 0.00000000099999999956 0.00000000099999999956 0.00000000099999999956 0.00000000099999999956 0.00000000099999999956 0.99999999000000006077 0.00000000099999999956 0.00000000099999999956 
0.00000000099999999951 0.00000000099999999951 0.00000000099999999951 0.00000000099999999951 0.00000000099999999951 0.00000000099999999951 0.00000000099999999951 0.00000000099999999951 0.99999998999999994975 0.00000000099999999951 0.00000000099999999951 
0.00012959044655305244 0.17302767320032927389 0.00000000099999999997 0.30131570525242673542 0.00000000099999999997 0.46206830242617913385 0.06345872267451166393 0.00000000099999999997 0.00000000099999999997 0.00000000099999999997 0.00000000099999999997 
0.00000000099999999983 0.99999999000000017180 0.00000000099999999983 0.00000000099999999983 0.00000000099999999983 0.00000000099999999983 0.00000000099999999983 0.00000000099999999983 0.00000000099999999983 0.00000000099999999983 0.00000000099999999983 
0.00000000099999999995 0.00000000099999999995 0.00000000099999999995 0.58884392651815964381 0.00000000099999999995 0.00000000099999999995 0.00000000099999999995 0.41115606448184044419 0.00000000099999999995 0.00000000099999999995 0.00000000099999999995 
0.00000000099999999981 0.00000000099999999981 0.00000000099999999981 0.00000000099999999981 0.00000000099999999981 0.00000000099999999981 0.00000000099999999981 0.00000000099999999981 0.00000000099999999981 0.00000000099999999981 0.99999998999999994975 
0.00000000099999999973 0.00000000099999999973 0.00000000099999999973 0.00000000099999999973 0.00000000099999999973 0.00000000099999999973 0.49603146370010442467 0.00000000099999999973 0.35950579222345485642 0.00000000099999999973 0.14446273607644075088 
0.27506972534543189246 0.00009397609418019447 0.00008044536369950327 0.18612129028531598784 0.00000000099999999996 0.23107257246737131218 0.00000000099999999996 0.30756198544400109585 0.00000000099999999996 0.00000000099999999996 0.00000000099999999996 
0.00000000099999999942 0.00000000099999999942 0.00000000099999999942 0.00000000099999999942 0.00000000099999999942 0.00000000099999999942 0.00000000099999999942 0.00000000099999999942 0.00000000099999999942 0.99999998999999994975 0.00000000099999999942 
0.00000000099999999933 0.00000000099999999933 0.00000000099999999933 0.00000000099999999933 0.00000000099999999933 0.00000000099999999933 0.00000000099999999933 0.00000000099999999933 0.00000000099999999933 0.99999998999999994975 0.00000000099999999933 
0.00000000099999999940 0.00000000099999999940 0.00000000099999999940 0.00000000099999999940 0.58855304925717166764 0.00000000099999999940 0.00000000099999999940 0.00000000099999999940 0.00000000099999999940 0.41144694174282842036 0.00000000099999999940 
0.00000000099999999959 0.00000000099999999959 0.00000000099999999959 0.00000000099999999959 0.00000000099999999959 0.00000000099999999959 0.00000000099999999959 0.00000000099999999959 0.99999998999999994975 0.00000000099999999959 0.00000000099999999959 
0.00000000099999999952 0.00000000099999999952 0.00000000099999999952 0.00000000099999999952 0.00000000099999999952 0.00000000099999999952 0.00000000099999999952 0.00000000099999999952 0.99999998999999994975 0.00000000099999999952 0.00000000099999999952 
0.00000000099999999983 0.99999999000000017180 0.00000000099999999983 0.00000000099999999983 0.00000000099999999983 0.00000000099999999983 0.00000000099999999983 0.00000000099999999983 0.00000000099999999983 0.00000000099999999983 0.00000000099999999983 
0.00000000099999999994 0.00000000099999999994 0.48015428827645245669 0.00000000099999999994 0.00000000099999999994 0.00000000099999999994 0.00000000099999999994 0.00000000099999999994 0.00000000099999999994 0.00000000099999999994 0.51984570272354735376 
0.00000000099999999955 0.00000000099999999955 0.00000000099999999955 0.00000000099999999955 0.00000000099999999955 0.00000000099999999955 0.00000000099999999955 0.00000000099999999955 0.99999999000000006077 0.00000000099999999955 0.00000000099999999955 
0.40966167016087839947 0.00000000099999999995 0.00000000099999999995 0.00000000099999999995 0.00000000099999999995 0.59017794000701540025 0.00016038183210603647 0.00000000099999999995 0.00000000099999999995 0.00000000099999999995 0.00000000099999999995 
0.00000000099999999981 0.00000000099999999981 0.99999999000000006077 0.00000000099999999981 0.00000000099999999981 0.00000000099999999981 0.00000000099999999981 0.00000000099999999981 0.00000000099999999981 0.00000000099999999981 0.00000000099999999981 
0.00000000099999999960 0.00000000099999999960 0.00000000099999999960 0.00000000099999999960 0.00000000099999999960 0.00000000099999999960 0.00000000099999999960 0.00000000099999999960 0.99999998999999994975 0.00000000099999999960 0.00000000099999999960 
0.47613683222568115028 0.00000000099999999995 0.00000000099999999995 0.00000000099999999995 0.00000000099999999995 0.52386315877431888222 0.00000000099999999995 0.00000000099999999995 0.00000000099999999995 0.00000000099999999995 0.00000000099999999995 
0.00000000099999999955 0.00000000099999999955 0.00000000099999999955 0.00000000099999999955 0.00000000099999999955 0.00000000099999999955 0.00000000099999999955 0.00000000099999999955 0.99999999000000006077 0.00000000099999999955 0.00000000099999999955 
0.00000000099999999991 0.00000000099999999991 0.48997238186604291643 0.00000000099999999991 0.00000000099999999991 0.00000000099999999991 0.00000000099999999991 0.00000000099999999991 0.00000000099999999991 0.00000000099999999991 0.51002760913395706055 
0.00000000099999999979 0.00000000099999999979 0.99999999000000006077 0.00000000099999999979 0.00000000099999999979 0.00000000099999999979 0.00000000099999999979 0.00000000099999999979 0.00000000099999999979 0.00000000099999999979 0.00000000099999999979 
0.00000000099999999949 0.00000000099999999949 0.00000000099999999949 0.00000000099999999949 0.00000000099999999949 0.00000000099999999949 0.00000000099999999949 0.00000000099999999949 0.99999998999999994975 0.00000000099999999949 0.00000000099999999949 
0.00000000099999999954 0.00000000099999999954 0.00000000099999999954 0.00000000099999999954 0.00000000099999999954 0.00000000099999999954 0.00000000099999999954 0.00000000099999999954 0.99999998999999994975 0.00000000099999999954 0.00000000099999999954 
0.00000000099999999992 0.00000000099999999992 0.68349063809313226336 0.00000000099999999992 0.00000000099999999992 0.00000000099999999992 0.00000000099999999992 0.00000000099999999992 0.00000000099999999992 0.00000000099999999992 0.31650935290686782464 
0.00000000099999999992 0.00000000099999999992 0.43163342285749706218 0.00000000099999999992 0.00000000099999999992 0.00000000099999999992 0.00000000099999999992 0.00000000099999999992 0.00000000099999999992 0.00000000099999999992 0.56836656814250274827 
0.00000000099999999987 0.00000000099999999987 0.99999999000000017180 0.00000000099999999987 0.00000000099999999987 0.00000000099999999987 0.00000000099999999987 0.00000000099999999987 0.00000000099999999987 0.00000000099999999987 0.00000000099999999987 
0.00000000099999999961 0.00000000099999999961 0.00000000099999999961 0.00000000099999999961 0.00000000099999999961 0.00000000099999999961 0.00000000099999999961 0.00000000099999999961 0.99999999000000006077 0.00000000099999999961 0.00000000099999999961 
0.46112239176549779662 0.30176573331994482885 0.04031854205572837913 0.00000000099999999998 0.00000000099999999998 0.07388407205713687365 0.00000189093842179954 0.11173339113318500604 0.01117397473008543279 0.00000000099999999998 0.00000000099999999998 
0.00000000099999999988 0.00000000099999999988 0.00000000099999999988 0.00000000099999999988 0.00000000099999999988 0.99999999000000017180 0.00000000099999999988 0.00000000099999999988 0.00000000099999999988 0.00000000099999999988 0.00000000099999999988 
0.00000000099999999979 0.99999999000000028282 0.00000000099999999979 0.00000000099999999979 0.00000000099999999979 0.00000000099999999979 0.00000000099999999979 0.00000000099999999979 0.00000000099999999979 0.00000000099999999979 0.00000000099999999979 
0.00000000099999999994 0.00000004256243447951 0.00000000099999999994 0.75358501914169362390 0.00000000099999999994 0.00000000099999999994 0.24641493029587199781 0.00000000099999999994 0.00000000099999999994 0.00000000099999999994 0.00000000099999999994 
0.00000000099999999991 0.00000000099999999991 0.47588772531003248334 0.00000000099999999991 0.00000000099999999991 0.00000000099999999991 0.00000000099999999991 0.00000000099999999991 0.00000000099999999991 0.00000000099999999991 0.52411226568996738262 
0.27487819740375063482 0.10645133098512171710 0.00000000099999999999 0.33697493503432146555 0.00000000099999999999 0.28155289615585227248 0.00000000460173700491 0.00000000099999999999 0.00014263081921695562 0.00000000099999999999 0.00000000099999999999 
0.00000000099999999948 0.00000000099999999948 0.00000000099999999948 0.00000000099999999948 0.61639316193814286393 0.00000000099999999948 0.00000000099999999948 0.00000000099999999948 0.00000000099999999948 0.38360682906185711305 0.00000000099999999948 
0.00000000099999999985 0.00000000099999999985 0.00000000099999999985 0.00000000099999999985 0.00000000099999999985 0.99999999000000006077 0.00000000099999999985 0.00000000099999999985 0.00000000099999999985 0.00000000099999999985 0.00000000099999999985 
0.00000000099999999949 0.00000000099999999949 0.00000000099999999949 0.00000000099999999949 0.36261582370812311948 0.00000000099999999949 0.00000000099999999949 0.00000000099999999949 0.00000000099999999949 0.63738416729187674648 0.00000000099999999949 
0.00000000099999999991 0.00000000099999999991 0.00000000099999999991 0.00000000099999999991 0.00000000099999999991 0.99999999000000006077 0.00000000099999999991 0.00000000099999999991 0.00000000099999999991 0.00000000099999999991 0.00000000099999999991 
0.00000000099999999937 0.00000000099999999937 0.00000000099999999937 0.00000000099999999937 0.99999999000000017180 0.00000000099999999937 0.00000000099999999937 0.00000000099999999937 0.00000000099999999937 0.00000000099999999937 0.00000000099999999937 
0.46485084175267160633 0.00000000099999999995 0.00000000099999999995 0.00000000099999999995 0.00000000099999999995 0.00000000099999999995 0.00000000099999999995 0.53514914924732837065 0.00000000099999999995 0.00000000099999999995 0.00000000099999999995 
0.00000000099999999988 0.00000000099999999988 0.00000000099999999988 0.00000000099999999988 0.00000000099999999988 0.00000000099999999988 0.00000000099999999988 0.99999999000000006077 0.00000000099999999988 0.00000000099999999988 0.00000000099999999988 
0.00000000099999999981 0.00000000099999999981 0.99999999000000006077 0.00000000099999999981 0.00000000099999999981 0.00000000099999999981 0.00000000099999999981 0.00000000099999999981 0.00000000099999999981 0.00000000099999999981 0.00000000099999999981 
0.00000000099999999984 0.00000000099999999984 0.00000000099999999984 0.00000000099999999984 0.00000000099999999984 0.00000000099999999984 0.00000000099999999984 0.99999999000000006077 0.00000000099999999984 0.00000000099999999984 0.00000000099999999984 
0.00000000099999999941 0.00000000099999999941 0.00000000099999999941 0.00000000099999999941 0.00000000099999999941 0.00000000099999999941 0.00000000099999999941 0.00000000099999999941 0.00000000099999999941 0.99999998999999994975 0.00000000099999999941 
0.00000000099999999938 0.00000000099999999938 0.00000000099999999938 0.00000000099999999938 0.99999999000000017180 0.00000000099999999938 0.00000000099999999938 0.00000000099999999938 0.00000000099999999938 0.00000000099999999938 0.00000000099999999938 
0.15067032194712781656 0.20904591073024567094 0.08008418501931134637 0.21697843557951407290 0.00000000099999999998 0.33870565538281355300 0.00000000099999999998 0.00003992734470926120 0.00447555999627827650 0.00000000099999999998 0.00000000099999999998 
0.00000000099999999989 0.00000000099999999989 0.47097365465989782241 0.00000000099999999989 0.00000000099999999989 0.00000000099999999989 0.00000000099999999989 0.00000000099999999989 0.00000000099999999989 0.00000000099999999989 0.52902633634010198804 
0.00000000099999999963 0.00000000099999999963 0.00000000099999999963 0.00000000099999999963 0.00000000099999999963 0.00000000099999999963 0.00000000099999999963 0.00000000099999999963 0.99999998999999994975 0.00000000099999999963 0.00000000099999999963 
0.00000000099999999978 0.00000000099999999978 0.00000000099999999978 0.00000000099999999978 0.00000000099999999978 0.00000000099999999978 0.00000000099999999978 0.00000000099999999978 0.00000000099999999978 0.00000000099999999978 0.99999998999999994975 
0.35421357070729747596 0.31948049713168275021 0.03573056495146083311 0.11477507957950175421 0.00000000099999999999 0.06292129613133393140 0.04248853675720268980 0.07038785925076417038 0.00000000099999999999 0.00000000099999999999 0.00000259249075655908 
0.00000000099999999938 0.00000000099999999938 0.00000000099999999938 0.00000000099999999938 0.00000000099999999938 0.00000000099999999938 0.00000000099999999938 0.00000000099999999938 0.00000000099999999938 0.99999999000000006077 0.00000000099999999938 
0.00000000099999999945 0.00000000099999999945 0.00000000099999999945 0.00000000099999999945 0.00000000099999999945 0.00000000099999999945 0.00000000099999999945 0.00000000099999999945 0.99999998999999994975 0.00000000099999999945 0.00000000099999999945 
0.00000000099999999957 0.00000000099999999957 0.00000000099999999957 0.00000000099999999957 0.33755932408464578431 0.00000000099999999957 0.00000000099999999957 0.00000000099999999957 0.00000000099999999957 0.66244066691535419267 0.00000000099999999957 
0.00000000099999999989 0.00000000099999999989 0.00000000099999999989 0.99999999000000006077 0.00000000099999999989 0.00000000099999999989 0.00000000099999999989 0.00000000099999999989 0.00000000099999999989 0.00000000099999999989 0.00000000099999999989 
0.00000000099999999985 0.00000000099999999985 0.40636519141391713728 0.00000000099999999985 0.00000000099999999985 0.00000000099999999985 0.00000000099999999985 0.00000000099999999985 0.00000000099999999985 0.00000000099999999985 0.59363479958608256215 
0.00000000099999999977 0.00000000099999999977 0.00000000099999999977 0.00000000099999999977 0.00000000099999999977 0.00000000099999999977 0.00000000099999999977 0.00000000099999999977 0.00000000099999999977 0.00000000099999999977 0.99999998999999994975 
0.00000000099999999994 0.00000000099999999994 0.22891755316743891968 0.00000000099999999994 0.00000000099999999994 0.00000000099999999994 0.00000130037385522501 0.77108113845870585035 0.00000000099999999994 0.00000000099999999994 0.00000000099999999994 
0.04936691487414181928 0.00000000099999999999 0.00000062217623297483 0.45772293335194969011 0.00000000099999999999 0.16921552176598519956 0.01093603745414093581 0.29138568736074083043 0.02137227901680869777 0.00000000099999999999 0.00000000099999999999 
0.00000000099999999988 0.00000000099999999988 0.00000000099999999988 0.99999999000000017180 0.00000000099999999988 0.00000000099999999988 0.00000000099999999988 0.00000000099999999988 0.00000000099999999988 0.00000000099999999988 0.00000000099999999988 
0.00000000099999999994 0.00000000099999999994 0.00000000099999999994 0.53537629542624798340 0.00000000099999999994 0.00000000099999999994 0.00000000099999999994 0.46462369557375216012 0.00000000099999999994 0.00000000099999999994 0.00000000099999999994 
0.00000000099999999993 0.81771013480831966636 0.00000000099999999993 0.00000000099999999993 0.00000000099999999993 0.00000000099999999993 0.18228985619168061594 0.00000000099999999993 0.00000000099999999993 0.00000000099999999993 0.00000000099999999993 
0.21741987521442684983 0.23843963974654719395 0.00000000099999999996 0.01997135178251860377 0.00000000099999999996 0.23704437574893774676 0.03781771364276281105 0.24930703886480681808 0.00000000099999999996 0.00000000099999999996 0.00000000099999999996 
0.00000000099999999993 0.00000330806245974366 0.00000000099999999993 0.00000000099999999993 0.00000000099999999993 0.55153832378681078019 0.00000000099999999993 0.44845836015072937375 0.00000000099999999993 0.00000000099999999993 0.00000000099999999993 
0.00000000099999999989 0.00000000099999999989 0.00000000099999999989 0.00000000099999999989 0.00000000099999999989 0.00000000099999999989 0.00000000099999999989 0.99999999000000006077 0.00000000099999999989 0.00000000099999999989 0.00000000099999999989 
0.33086642369097174488 0.00000000099999999996 0.00000000099999999996 0.64879763507229815112 0.00000000099999999996 0.00000000099999999996 0.00000000099999999996 0.00000000099999999996 0.00000000099999999996 0.00000000099999999996 0.02033593323673040312 
0.00000000099999999991 0.00000000099999999991 0.69357812809195129589 0.00000000099999999991 0.00000000099999999991 0.00000000099999999991 0.00000000099999999991 0.00000000099999999991 0.00000000099999999991 0.00000000099999999991 0.30642186290804879212 
0.00000000099999999996 0.00708705440891693392 0.44917526234289312237 0.00000000099999999996 0.00000000099999999996 0.00000000099999999996 0.00000000099999999996 0.00000000099999999996 0.00000000099999999996 0.00000000099999999996 0.54373767524818983343 
0.00000000099999999958 0.00000000099999999958 0.00000000099999999958 0.00000000099999999958 0.00000000099999999958 0.00000000099999999958 0.00000000099999999958 0.00000000099999999958 0.00000000099999999958 0.99999999000000006077 0.00000000099999999958 
0.00000000099999999987 0.00000000099999999987 0.99999999000000017180 0.00000000099999999987 0.00000000099999999987 0.00000000099999999987 0.00000000099999999987 0.00000000099999999987 0.00000000099999999987 0.00000000099999999987 0.00000000099999999987 
0.00000000099999999994 0.00000000099999999994 0.47139877259486223648 0.00000000099999999994 0.00000000099999999994 0.00000000099999999994 0.00000000099999999994 0.00000000099999999994 0.00000000099999999994 0.00000000099999999994 0.52860121840513751845 
0.16833148064741268457 0.20182781501297319959 0.01331026570902291324 0.18989036476140983001 0.00000000099999999998 0.20458340960487608751 0.00000000099999999998 0.21896000157924974672 0.00271511715089735534 0.00000000099999999998 0.00038154253415842394 
0.00000000099999999930 0.00000000099999999930 0.00000000099999999930 0.00000000099999999930 0.99999999000000017180 0.00000000099999999930 0.00000000099999999930 0.00000000099999999930 0.00000000099999999930 0.00000000099999999930 0.00000000099999999930 
0.28616173821029594615 0.19870236358897921947 0.00000000099999999998 0.28091024008569959181 0.00000000099999999998 0.21046482126023863257 0.01901722965313861619 0.00474360220164812309 0.00000000099999999998 0.00000000099999999998 0.00000000099999999998 
0.00000000099999999990 0.00000000099999999990 0.00000000099999999990 0.99999999000000017180 0.00000000099999999990 0.00000000099999999990 0.00000000099999999990 0.00000000099999999990 0.00000000099999999990 0.00000000099999999990 0.00000000099999999990 
0.10781865655597951126 0.12435754141806719397 0.00000000099999999999 0.11200884305758436466 0.00000000099999999999 0.18203843509903741560 0.00000001150208750171 0.46086452321037751911 0.00000000099999999999 0.00000000099999999999 0.01291198515686655182 
0.40569731962001898129 0.00000000099999999997 0.01282445035373681180 0.46926596566933009846 0.00000000099999999997 0.10794282008623118374 0.00000000099999999997 0.00426943827068292092 0.00000000099999999997 0.00000000099999999997 0.00000000099999999997 
0.00000000099999999993 0.54156536416869915929 0.00000000099999999993 0.00000000099999999993 0.00000000099999999993 0.45843462683130092872 0.00000000099999999993 0.00000000099999999993 0.00000000099999999993 0.00000000099999999993 0.00000000099999999993 
0.28172643461592977721 0.00012641761603664913 0.00000000099999999998 0.30522955570494753053 0.00000000099999999998 0.26053739665215852606 0.10755626108273072528 0.00907969501545028042 0.00000000099999999998 0.00000000099999999998 0.03574423531274650845 
0.49219689398080884724 0.00000000099999999998 0.00000000099999999998 0.06406038066091071514 0.00000000099999999998 0.11956692200549394467 0.04439392616215402654 0.27978187119063252508 0.00000000099999999998 0.00000000099999999998 0.00000000099999999998 
0.34898968757923959361 0.00000023963359049035 0.00000000099999999997 0.00000000099999999997 0.00000000099999999997 0.59342679622187621824 0.05737654056476165776 0.00009307972274498343 0.00000000099999999997 0.00000000099999999997 0.00011365127778692694 
0.66012160318847612483 0.00000000099999999997 0.00000000099999999997 0.31468104513528072363 0.00000000099999999997 0.00000000099999999997 0.00000000099999999997 0.00000000099999999997 0.02519734367624331187 0.00000000099999999997 0.00000000099999999997 
0.17082415795967789696 0.13161853258474223716 0.00000000099999999998 0.25885557435256989489 0.00000000099999999998 0.39485441780656771460 0.04384717689238724903 0.00000007621586844247 0.00000004809159789155 0.00000000099999999998 0.00000001309658871598 
0.48963556839027005951 0.27858397971880649591 0.00000000099999999994 0.00000008888207959904 0.00000000099999999994 0.23178035600884414058 0.00000000099999999994 0.00000000099999999994 0.00000000099999999994 0.00000000099999999994 0.00000000099999999994 
0.24413265504757986069 0.00000000099999999999 0.00000000099999999999 0.14640315775880538562 0.00000000099999999999 0.28459636187540726660 0.08617501064601706950 0.19926996054468440467 0.01957119371066743871 0.00000000099999999999 0.01985165641683853816 
0.00000000099999999993 0.54238238219703027720 0.00000000099999999993 0.00000000099999999993 0.00000000099999999993 0.45761760880296986631 0.00000000099999999993 0.00000000099999999993 0.00000000099999999993 0.00000000099999999993 0.00000000099999999993 
0.00000000099999999986 0.00000000099999999986 0.00000000099999999986 0.00000000099999999986 0.00000000099999999986 0.00000000099999999986 0.00000000099999999986 0.99999998999999994975 0.00000000099999999986 0.00000000099999999986 0.00000000099999999986 
0.00000000099999999988 0.00000000099999999988 0.00000000099999999988 0.00000000099999999988 0.00000000099999999988 0.00000000099999999988 0.00000000099999999988 0.99999999000000006077 0.00000000099999999988 0.00000000099999999988 0.00000000099999999988 
0.26130282128896953342 0.00000000099999999996 0.00000000099999999996 0.35382259334140608864 0.00000000099999999996 0.19252417498357479730 0.14790266139374905197 0.00478303040220241435 0.00000000099999999996 0.00000000099999999996 0.03966471359009800246 
0.61588783052000195539 0.00000000099999999997 0.00000000099999999997 0.00000000099999999997 0.00000000099999999997 0.38411216047999818812 0.00000000099999999997 0.00000000099999999997 0.00000000099999999997 0.00000000099999999997 0.00000000099999999997 
0.32585876785290796009 0.17680271029110891656 0.02620428269967061893 0.19783488875108881655 0.00000000099999999998 0.18401506143753454392 0.08928330552646808471 0.00000000099999999998 0.00000000099999999998 0.00000000099999999998 0.00000097944122130916 
0.00000000099999999995 0.52269999720992788017 0.00000000099999999995 0.00000000099999999995 0.00000000099999999995 0.00000000099999999995 0.00000010114089622318 0.47729989364917607686 0.00000000099999999995 0.00000000099999999995 0.00000000099999999995 
0.38085100430354063006 0.00000000099999999995 0.00000000099999999995 0.00000000099999999995 0.00000000099999999995 0.61914898669645945795 0.00000000099999999995 0.00000000099999999995 0.00000000099999999995 0.00000000099999999995 0.00000000099999999995 
0.39038730627405837659 0.20193028872635401805 0.00000000100000000000 0.25865123649067428557 0.00000000100000000000 0.00120020396316533563 0.04779991247478631439 0.00000032118911597600 0.00000000100000000000 0.07101588015430743139 0.02901484772753831418 
0.44135667497242137003 0.00000000099999999995 0.00000000099999999995 0.00000000099999999995 0.00000000099999999995 0.00000000099999999995 0.04680006963327324604 0.51184324739430531181 0.00000000099999999995 0.00000000099999999995 0.00000000099999999995 
0.00000000099999999987 0.00000000099999999987 0.00000000099999999987 0.00000000099999999987 0.00000000099999999987 0.99999999000000006077 0.00000000099999999987 0.00000000099999999987 0.00000000099999999987 0.00000000099999999987 0.00000000099999999987 
0.28834494307662933421 0.28116402616607588660 0.02409644160865408516 0.00000000099999999995 0.00000000099999999995 0.36477012816097853509 0.04162445428207126041 0.00000000170559091089 0.00000000099999999995 0.00000000099999999995 0.00000000099999999995 
0.37377859930637885588 0.00000000099999999996 0.00000000099999999996 0.52131081183171867899 0.00000000099999999996 0.00000000099999999996 0.09645111996167711477 0.00000000099999999996 0.00845946190022528466 0.00000000099999999996 0.00000000099999999996 
0.21576759603740225391 0.12604590940444512781 0.01372267837837019486 0.26665133018340231308 0.00000000099999999997 0.18586742132584033182 0.03409600361387422895 0.15784905705666552045 0.00000000099999999997 0.00000000099999999997 0.00000000099999999997 
0.00000000099999999997 0.36766948926738313164 0.00000000099999999997 0.00000000099999999997 0.00000000099999999997 0.00000000099999999997 0.26644394357554718189 0.36588655915706952415 0.00000000099999999997 0.00000000099999999997 0.00000000099999999997 
0.13396795090059052113 0.18851386500887104547 0.00831252808684570729 0.24550048576896371655 0.00000000099999999997 0.41625712190529035039 0.00744801606977522988 0.00000002825966353026 0.00000000099999999997 0.00000000099999999997 0.00000000099999999997 
0.99999999000000017180 0.00000000099999999986 0.00000000099999999986 0.00000000099999999986 0.00000000099999999986 0.00000000099999999986 0.00000000099999999986 0.00000000099999999986 0.00000000099999999986 0.00000000099999999986 0.00000000099999999986 
0.00000000099999999992 0.00000000099999999992 0.00626758930619269149 0.62796226081814354725 0.00000000099999999992 0.00000000099999999992 0.00000000099999999992 0.36577014187566381231 0.00000000099999999992 0.00000000099999999992 0.00000000099999999992 
0.00000000099999999990 0.00000000099999999990 0.50870468941315361011 0.00000000099999999990 0.00000000099999999990 0.00000000099999999990 0.00000000099999999990 0.00000000099999999990 0.00000000099999999990 0.00000000099999999990 0.49129530158684642238 
0.00012491022827847904 0.00000000099999999996 0.51815596382110151730 0.00000000099999999996 0.00000000099999999996 0.00000000099999999996 0.00000000099999999996 0.00000000099999999996 0.00000000099999999996 0.00000000099999999996 0.48171911795062033468 
0.00000000099999999948 0.00000000099999999948 0.00000000099999999948 0.00000000099999999948 0.00000000099999999948 0.00000000099999999948 0.00000000099999999948 0.00000000099999999948 0.00000000099999999948 0.99999998999999994975 0.00000000099999999948 
0.00000000099999999947 0.00000000099999999947 0.00000000099999999947 0.00000000099999999947 0.00000000099999999947 0.00000000099999999947 0.00000000099999999947 0.00000000099999999947 0.99999999000000006077 0.00000000099999999947 0.00000000099999999947 
0.00000000099999999999 0.00000000099999999999 0.49316616561927500983 0.00000000099999999999 0.00000000099999999999 0.05934048399547484087 0.00000000099999999999 0.00000000099999999999 0.03801334613729043244 0.00000000099999999999 0.40947999724795974830 
0.00000000099999999994 0.00000000099999999994 0.00000000099999999994 0.00000000099999999994 0.00000000099999999994 0.50296744403550264213 0.00000000099999999994 0.49703254696449744587 0.00000000099999999994 0.00000000099999999994 0.00000000099999999994 
0.20359880049959824810 0.00000000099999999998 0.01937985313742980956 0.30355568680601557885 0.00000000099999999998 0.00000000099999999998 0.00000000099999999998 0.47346565255695649554 0.00000000099999999998 0.00000000099999999998 0.00000000099999999998 
0.00000000099999999988 0.00000000099999999988 0.99999999000000017180 0.00000000099999999988 0.00000000099999999988 0.00000000099999999988 0.00000000099999999988 0.00000000099999999988 0.00000000099999999988 0.00000000099999999988 0.00000000099999999988 
0.60189778099026780556 0.25614935060987042981 0.00000001897962646674 0.02950751451033200093 0.00000000099999999996 0.00000000099999999996 0.11244186769287689565 0.00000000099999999996 0.00000000099999999996 0.00000000099999999996 0.00000346221702656564 
0.57922790889214670340 0.42077208210785332909 0.00000000099999999994 0.00000000099999999994 0.00000000099999999994 0.00000000099999999994 0.00000000099999999994 0.00000000099999999994 0.00000000099999999994 0.00000000099999999994 0.00000000099999999994 
0.00000000099999999967 0.00000000099999999967 0.00000000099999999967 0.00000000099999999967 0.00000000099999999967 0.00000000099999999967 0.99999999000000006077 0.00000000099999999967 0.00000000099999999967 0.00000000099999999967 0.00000000099999999967 
0.00000000099999999935 0.00000000099999999935 0.00000000099999999935 0.00000000099999999935 0.99999999000000017180 0.00000000099999999935 0.00000000099999999935 0.00000000099999999935 0.00000000099999999935 0.00000000099999999935 0.00000000099999999935 
0.00000000099999999936 0.00000000099999999936 0.00000000099999999936 0.00000000099999999936 0.99999999000000017180 0.00000000099999999936 0.00000000099999999936 0.00000000099999999936 0.00000000099999999936 0.00000000099999999936 0.00000000099999999936 
0.00000000099999999930 0.00000000099999999930 0.00000000099999999930 0.00000000099999999930 0.99999999000000017180 0.00000000099999999930 0.00000000099999999930 0.00000000099999999930 0.00000000099999999930 0.00000000099999999930 0.00000000099999999930 
0.00000000099999999933 0.00000000099999999933 0.00000000099999999933 0.00000000099999999933 0.00000000099999999933 0.00000000099999999933 0.00000000099999999933 0.00000000099999999933 0.00000000099999999933 0.99999998999999994975 0.00000000099999999933 
0.00000000099999999935 0.00000000099999999935 0.00000000099999999935 0.00000000099999999935 0.00000000099999999935 0.00000000099999999935 0.00000000099999999935 0.00000000099999999935 0.00000000099999999935 0.99999998999999994975 0.00000000099999999935 
0.00000000099999999983 0.00000000099999999983 0.00000000099999999983 0.00000000099999999983 0.00000000099999999983 0.00000000099999999983 0.00000000099999999983 0.00000000099999999983 0.00000000099999999983 0.00000000099999999983 0.99999999000000006077 
0.00000000099999999989 0.00000000099999999989 0.00000000099999999989 0.99999999000000017180 0.00000000099999999989 0.00000000099999999989 0.00000000099999999989 0.00000000099999999989 0.00000000099999999989 0.00000000099999999989 0.00000000099999999989 
0.00000000099999999942 0.00000000099999999942 0.00000000099999999942 0.00000000099999999942 0.25936513466093275015 0.00000000099999999942 0.00000000099999999942 0.00000000099999999942 0.00000000099999999942 0.74063485633906711580 0.00000000099999999942 
0.00000000099999999940 0.00000000099999999940 0.00000000099999999940 0.00000000099999999940 0.00000000099999999940 0.00000000099999999940 0.00000000099999999940 0.00000000099999999940 0.00000000099999999940 0.99999999000000006077 0.00000000099999999940 
0.00000000099999999946 0.00000000099999999946 0.00000000099999999946 0.00000000099999999946 0.00000000099999999946 0.00000000099999999946 0.00000000099999999946 0.00000000099999999946 0.99999998999999994975 0.00000000099999999946 0.00000000099999999946 
0.00000000099999999946 0.00000000099999999946 0.00000000099999999946 0.00000000099999999946 0.00000000099999999946 0.00000000099999999946 0.00000000099999999946 0.00000000099999999946 0.99999998999999994975 0.00000000099999999946 0.00000000099999999946 
0.00000000099999999993 0.55098854804631813842 0.00000000099999999993 0.00000000099999999993 0.00000000099999999993 0.44901137513988392813 0.00000006881379812525 0.00000000099999999993 0.00000000099999999993 0.00000000099999999993 0.00000000099999999993 
0.00000000099999999947 0.00000000099999999947 0.00000000099999999947 0.00000000099999999947 0.38839192528390481529 0.00000000099999999947 0.00000000099999999947 0.00000000099999999947 0.00000000099999999947 0.61160806571609505067 0.00000000099999999947 
0.00000000099999999982 0.99999999000000028282 0.00000000099999999982 0.00000000099999999982 0.00000000099999999982 0.00000000099999999982 0.00000000099999999982 0.00000000099999999982 0.00000000099999999982 0.00000000099999999982 0.00000000099999999982 
0.55846958556474346480 0.14023675640385405150 0.00000000099999999995 0.00000000099999999995 0.00000000099999999995 0.00000000099999999995 0.00000000099999999995 0.30129365003140279322 0.00000000099999999995 0.00000000099999999995 0.00000000099999999995 
0.00000000099999999984 0.00000000099999999984 0.00000000099999999984 0.00000000099999999984 0.00000000099999999984 0.00000000099999999984 0.00000000099999999984 0.00000000099999999984 0.00000000099999999984 0.00000000099999999984 0.99999998999999994975 
0.00000000099999999996 0.00000000099999999996 0.00000000099999999996 0.40158496840166196806 0.00000000099999999996 0.26035416872970101876 0.00000000099999999996 0.33806085486863696188 0.00000000099999999996 0.00000000099999999996 0.00000000099999999996 
