0.14052642021657299476 0.00000000099999999998 0.00000000099999999998 0.00000000099999999998 0.00000000099999999998 0.49732355299113883973 0.00000000099999999998 0.00000000099999999998 0.34025224932641440212 0.02189777146587389492 
0.00000000099999999992 0.40295496657435075916 0.00000000099999999992 0.00000000099999999992 0.00000000099999999992 0.00000000099999999992 0.59704502542564918954 0.00000000099999999992 0.00000000099999999992 0.00000000099999999992 
0.00000000099999999992 0.53068798102030645403 0.00000000099999999992 0.00000000099999999992 0.00000000099999999992 0.00000000099999999992 0.46931201097969366121 0.00000000099999999992 0.00000000099999999992 0.00000000099999999992 
0.29039409878949251631 0.00000000099999999998 0.00000000099999999998 0.21590983286678144815 0.11899766428658603568 0.16966220609564372501 0.03445388589271507901 0.00000000099999999998 0.17058230806878110775 0.00000000099999999998 
0.00000000099999999998 0.00000000099999999998 0.00000000099999999998 0.29229323584585442664 0.24072499420376797241 0.46693393654298681605 0.00000000099999999998 0.00000000099999999998 0.00000000099999999998 0.00004782740739073320 
0.11938665675392819143 0.02140636076669812093 0.00000000099999999997 0.00000000099999999997 0.07690456925089761420 0.34640212439223616592 0.00000000099999999997 0.00000000099999999997 0.43590028383623996566 0.00000000099999999997 
0.00000000099999999992 0.40883983153376879383 0.00000000099999999992 0.00000000099999999992 0.00000000099999999992 0.00000000099999999992 0.59116016046623109936 0.00000000099999999992 0.00000000099999999992 0.00000000099999999992 
0.00000000099999999989 0.46451470888072321497 0.00000000099999999989 0.00000000099999999989 0.00000000099999999989 0.00000000099999999989 0.53548528311927667822 0.00000000099999999989 0.00000000099999999989 0.00000000099999999989 
0.21232745333574287727 0.00000000099999999998 0.00000000099999999998 0.25046661621666510555 0.14806828099938409982 0.17514871496839728993 0.01015760640557676446 0.00000000099999999998 0.19206725662641954688 0.01176406844781428124 
0.00000000099999999992 0.47621124787158636282 0.00000000099999999992 0.00000000099999999992 0.00000000099999999992 0.00000000099999999992 0.52378874412841358588 0.00000000099999999992 0.00000000099999999992 0.00000000099999999992 
0.00000000099999999990 0.00000000099999999990 0.00000000099999999990 0.99999999100000003249 0.00000000099999999990 0.00000000099999999990 0.00000000099999999990 0.00000000099999999990 0.00000000099999999990 0.00000000099999999990 
0.00133809575697468397 0.01192619383695848155 0.00000000099999999997 0.25421071329745603684 0.11051968714324422738 0.28823460976352255347 0.00002553478544287542 0.00000000099999999997 0.33166188025007653506 0.00208328316632464027 
0.00000000099999999989 0.00000000099999999989 0.00000000099999999989 0.99999999100000014352 0.00000000099999999989 0.00000000099999999989 0.00000000099999999989 0.00000000099999999989 0.00000000099999999989 0.00000000099999999989 
0.19067569007935483705 0.00002281700447393770 0.00000000099999999999 0.17075074547947763359 0.16594025320924021827 0.32507999484921012989 0.00000000099999999999 0.00000000099999999999 0.13562328283503877202 0.01190721354320472582 
0.00000000099999999988 0.00000000099999999988 0.00000000099999999988 0.00000000099999999988 0.00000000099999999988 0.99999999100000003249 0.00000000099999999988 0.00000000099999999988 0.00000000099999999988 0.00000000099999999988 
0.11679636666957599056 0.00000000099999999998 0.00000000099999999998 0.12747412266608845743 0.15792663954569727269 0.25412634361531594163 0.05477574245374258050 0.00000000099999999998 0.26200185235189288324 0.02689892969768695533 
0.17149072513230165238 0.00000000099999999997 0.00000000099999999997 0.00000000099999999997 0.00000000099999999997 0.46210351320768705552 0.00000000099999999997 0.00000000099999999997 0.36640575466001124028 0.00000000099999999997 
0.69233342392129371135 0.00000000099999999994 0.00000000099999999994 0.00000000099999999994 0.30766656807870645940 0.00000000099999999994 0.00000000099999999994 0.00000000099999999994 0.00000000099999999994 0.00000000099999999994 
0.04777413934818470348 0.00000000100000000000 0.00264188222606962387 0.23463767810798649704 0.13538579943842193876 0.23316543268164419134 0.00064456032391114017 0.00000000100000000000 0.34188578285143716995 0.00386472302234478664 
0.20880151234556931783 0.00000000099999999996 0.00000000099999999996 0.00000031916201809853 0.17318392345854488612 0.28637697006806367428 0.01415351163570577851 0.00000000099999999996 0.31748375933009825856 0.00000000099999999996 
0.11455420664980120460 0.00000000099999999998 0.00000000099999999998 0.26118937301518535543 0.00000000099999999998 0.30612500546419391112 0.00000000099999999998 0.00000000099999999998 0.31813140887081942099 0.00000000099999999998 
0.00000000099999999981 0.00000000099999999981 0.00000000099999999981 0.00000000099999999981 0.00000000099999999981 0.00000000099999999981 0.99999999100000003249 0.00000000099999999981 0.00000000099999999981 0.00000000099999999981 
0.99999999100000025454 0.00000000099999999985 0.00000000099999999985 0.00000000099999999985 0.00000000099999999985 0.00000000099999999985 0.00000000099999999985 0.00000000099999999985 0.00000000099999999985 0.00000000099999999985 
0.00000000099999999970 0.00000000099999999970 0.00000000099999999970 0.00000000099999999970 0.99999999100000003249 0.00000000099999999970 0.00000000099999999970 0.00000000099999999970 0.00000000099999999970 0.00000000099999999970 
0.00000000099999999989 0.00000000099999999989 0.00000000099999999989 0.99999999100000003249 0.00000000099999999989 0.00000000099999999989 0.00000000099999999989 0.00000000099999999989 0.00000000099999999989 0.00000000099999999989 
0.00000000099999999996 0.00000000099999999996 0.00000000099999999996 0.48037439320196306802 0.17791058871647338901 0.34171501108156365767 0.00000000099999999996 0.00000000099999999996 0.00000000099999999996 0.00000000099999999996 
0.00000000099999999962 0.00000000099999999962 0.00000000099999999962 0.00000000099999999962 0.00000000099999999962 0.00000000099999999962 0.00000000099999999962 0.00000000099999999962 0.00000000099999999962 0.99999999100000003249 
0.00000000099999999956 0.00000000099999999956 0.00000000099999999956 0.00000000099999999956 0.00000000099999999956 0.00000000099999999956 0.00000000099999999956 0.00000000099999999956 0.00000000099999999956 0.99999999099999992147 
0.00000000099999999989 0.00000000099999999989 0.00000000099999999989 0.99999999100000014352 0.00000000099999999989 0.00000000099999999989 0.00000000099999999989 0.00000000099999999989 0.00000000099999999989 0.00000000099999999989 
0.00000000099999999994 0.00000000099999999994 0.00000000099999999994 0.60843444144959157871 0.00000000099999999994 0.39156555055040848101 0.00000000099999999994 0.00000000099999999994 0.00000000099999999994 0.00000000099999999994 
0.38159191277911402862 0.00000000099999999994 0.00000000099999999994 0.00000000099999999994 0.00000000099999999994 0.00000000099999999994 0.00000000099999999994 0.00000000099999999994 0.61840807922088580906 0.00000000099999999994 
0.00000000099999999986 0.99999999100000014352 0.00000000099999999986 0.00000000099999999986 0.00000000099999999986 0.00000000099999999986 0.00000000099999999986 0.00000000099999999986 0.00000000099999999986 0.00000000099999999986 
0.00000000099999999982 0.16926890649639192432 0.00000000099999999982 0.00000000099999999982 0.47485448661044382668 0.00000000099999999982 0.00000000099999999982 0.00000000099999999982 0.00000000099999999982 0.35587659989316439146 
0.52434883815026667175 0.00000000099999999993 0.00000000099999999993 0.00000000099999999993 0.00000000099999999993 0.00000000099999999993 0.00000000099999999993 0.00000000099999999993 0.47565115384973344348 0.00000000099999999993 
0.00000000099999999947 0.00000000099999999947 0.00000000099999999947 0.00000000099999999947 0.00000000099999999947 0.00000000099999999947 0.00000000099999999947 0.99999999100000003249 0.00000000099999999947 0.00000000099999999947 
0.00000000099999999946 0.00000000099999999946 0.58745764710880232773 0.00000000099999999946 0.00000000099999999946 0.00000000099999999946 0.00000000099999999946 0.41254234489119773199 0.00000000099999999946 0.00000000099999999946 
0.00000000099999999941 0.00000000099999999941 0.99999999100000003249 0.00000000099999999941 0.00000000099999999941 0.00000000099999999941 0.00000000099999999941 0.00000000099999999941 0.00000000099999999941 0.00000000099999999941 
0.00000000099999999963 0.00000000099999999963 0.00000000099999999963 0.00000000099999999963 0.00000000099999999963 0.00000000099999999963 0.00000000099999999963 0.00000000099999999963 0.00000000099999999963 0.99999999099999992147 
0.00000000099999999958 0.00000000099999999958 0.00000000099999999958 0.00000000099999999958 0.00000000099999999958 0.00000000099999999958 0.00000000099999999958 0.00000000099999999958 0.00000000099999999958 0.99999999100000003249 
0.00000000852767712641 0.00000000099999999995 0.00000000099999999995 0.60632940703895366052 0.00008218538146750380 0.39358839305190163049 0.00000000099999999995 0.00000000099999999995 0.00000000099999999995 0.00000000099999999995 
0.00000000099999999987 0.99999999100000014352 0.00000000099999999987 0.00000000099999999987 0.00000000099999999987 0.00000000099999999987 0.00000000099999999987 0.00000000099999999987 0.00000000099999999987 0.00000000099999999987 
0.00000000099999999960 0.00000000099999999960 0.00000000099999999960 0.00000000099999999960 0.00000000099999999960 0.00000000099999999960 0.00000000099999999960 0.00000000099999999960 0.00000000099999999960 0.99999999099999992147 
0.56843031930397458495 0.00000000099999999994 0.00000000099999999994 0.00000000099999999994 0.43156967269602564130 0.00000000099999999994 0.00000000099999999994 0.00000000099999999994 0.00000000099999999994 0.00000000099999999994 
0.00000000099999999980 0.00000000099999999980 0.00000000099999999980 0.00000000099999999980 0.00000000099999999980 0.00000000099999999980 0.99999999100000003249 0.00000000099999999980 0.00000000099999999980 0.00000000099999999980 
0.00000000099999999965 0.00000000099999999965 0.00000000099999999965 0.00000000099999999965 0.00000000099999999965 0.00000000099999999965 0.00000000099999999965 0.00000000099999999965 0.00000000099999999965 0.99999999100000003249 
0.13678447067491758538 0.01118852666936745281 0.00000000099999999998 0.21675082686002983268 0.10184092216241817652 0.29079850792373251878 0.00000000099999999998 0.00000000099999999998 0.24022899727098576128 0.00240774543854867717 
0.00000000099999999961 0.00000000099999999961 0.00000000099999999961 0.00000000099999999961 0.00000000099999999961 0.00000000099999999961 0.00000000099999999961 0.00000000099999999961 0.00000000099999999961 0.99999999100000003249 
0.00000000099999999985 0.99999999100000014352 0.00000000099999999985 0.00000000099999999985 0.00000000099999999985 0.00000000099999999985 0.00000000099999999985 0.00000000099999999985 0.00000000099999999985 0.00000000099999999985 
0.00000000099999999981 0.99999999100000025454 0.00000000099999999981 0.00000000099999999981 0.00000000099999999981 0.00000000099999999981 0.00000000099999999981 0.00000000099999999981 0.00000000099999999981 0.00000000099999999981 
0.00000000099999999955 0.00000000099999999955 0.00000000099999999955 0.00000000099999999955 0.00000000099999999955 0.00000000099999999955 0.00000000099999999955 0.00000000099999999955 0.00000000099999999955 0.99999999099999992147 
0.00000000099999999959 0.00000000099999999959 0.00000000099999999959 0.00000000099999999959 0.00000000099999999959 0.00000000099999999959 0.00000000099999999959 0.00000000099999999959 0.00000000099999999959 0.99999999100000003249 
0.00000000099999999986 0.99999999100000014352 0.00000000099999999986 0.00000000099999999986 0.00000000099999999986 0.00000000099999999986 0.00000000099999999986 0.00000000099999999986 0.00000000099999999986 0.00000000099999999986 
0.00000000099999999992 0.66864344482813353743 0.00000000099999999992 0.00000000099999999992 0.00000000099999999992 0.00000000099999999992 0.33135654717186657781 0.00000000099999999992 0.00000000099999999992 0.00000000099999999992 
0.00000000099999999994 0.45021138691657425213 0.00000000099999999994 0.00994182189605810097 0.00000000099999999994 0.00000000099999999994 0.53984678418736753436 0.00000000099999999994 0.00000000099999999994 0.00000000099999999994 
0.00000000099999999966 0.00000000099999999966 0.00000000099999999966 0.00000000099999999966 0.00000000099999999966 0.00000000099999999966 0.00000000099999999966 0.00000000099999999966 0.00000000099999999966 0.99999999099999992147 
0.25322446176288548880 0.03683940610325205783 0.00000000099999999999 0.06905961073608861411 0.01291669514069167420 0.37457427431713735677 0.00000070687146398717 0.00000000099999999999 0.24139784291238247649 0.01198700015609842004 
0.99999999100000025454 0.00000000099999999987 0.00000000099999999987 0.00000000099999999987 0.00000000099999999987 0.00000000099999999987 0.00000000099999999987 0.00000000099999999987 0.00000000099999999987 0.00000000099999999987 
0.00000000099999999988 0.00000000099999999988 0.00000000099999999988 0.00000000099999999988 0.00000000099999999988 0.99999999100000014352 0.00000000099999999988 0.00000000099999999988 0.00000000099999999988 0.00000000099999999988 
0.99999999100000025454 0.00000000099999999985 0.00000000099999999985 0.00000000099999999985 0.00000000099999999985 0.00000000099999999985 0.00000000099999999985 0.00000000099999999985 0.00000000099999999985 0.00000000099999999985 
0.00000000099999999991 0.68045559516015219348 0.00000000099999999991 0.00000000099999999991 0.00000000099999999991 0.00000000099999999991 0.31954439683984781073 0.00000000099999999991 0.00000000099999999991 0.00000000099999999991 
0.00000000099999999989 0.00000000099999999989 0.00000000099999999989 0.99999999100000014352 0.00000000099999999989 0.00000000099999999989 0.00000000099999999989 0.00000000099999999989 0.00000000099999999989 0.00000000099999999989 
0.00000000099999999946 0.00000000099999999946 0.00000000099999999946 0.00000000099999999946 0.00000000099999999946 0.00000000099999999946 0.00000000099999999946 0.99999999099999992147 0.00000000099999999946 0.00000000099999999946 
0.00000000099999999981 0.00000000099999999981 0.00000000099999999981 0.00000000099999999981 0.99999999100000003249 0.00000000099999999981 0.00000000099999999981 0.00000000099999999981 0.00000000099999999981 0.00000000099999999981 
0.00000000099999999947 0.00000000099999999947 0.99999999100000014352 0.00000000099999999947 0.00000000099999999947 0.00000000099999999947 0.00000000099999999947 0.00000000099999999947 0.00000000099999999947 0.00000000099999999947 
0.14624977515438999931 0.03741341541224812994 0.00000000099999999998 0.42177093334212700793 0.19494318492387516240 0.19962268616735970306 0.00000000099999999998 0.00000000099999999998 0.00000000099999999998 0.00000000099999999998 
0.00000000099999999947 0.00000000099999999947 0.00000000099999999947 0.00000000099999999947 0.00000000099999999947 0.00000000099999999947 0.00000000099999999947 0.99999999100000003249 0.00000000099999999947 0.00000000099999999947 
0.00000000099999999989 0.00000000099999999989 0.00000000099999999989 0.00000000099999999989 0.00000000099999999989 0.00000000099999999989 0.00000000099999999989 0.00000000099999999989 0.99999999099999992147 0.00000000099999999989 
0.00000000099999999991 0.00000000099999999991 0.00000000099999999991 0.00000000099999999991 0.00000000099999999991 0.00000000099999999991 0.00000000099999999991 0.00000000099999999991 0.99999999100000003249 0.00000000099999999991 
0.00000000099999999989 0.42534532724816376259 0.00000000099999999989 0.00000000099999999989 0.00000000099999999989 0.00000000099999999989 0.57465466475183601958 0.00000000099999999989 0.00000000099999999989 0.00000000099999999989 
0.00000000099999999992 0.00000000099999999992 0.00000000099999999992 0.00000000099999999992 0.23250661468890071459 0.00000000099999999992 0.00000000099999999992 0.00000000099999999992 0.76749337731109923411 0.00000000099999999992 
0.00000000099999999947 0.00000000099999999947 0.00000000099999999947 0.00000000099999999947 0.00000000099999999947 0.00000000099999999947 0.00000000099999999947 0.99999999100000003249 0.00000000099999999947 0.00000000099999999947 
0.00000000099999999950 0.00000000099999999950 0.99999999100000003249 0.00000000099999999950 0.00000000099999999950 0.00000000099999999950 0.00000000099999999950 0.00000000099999999950 0.00000000099999999950 0.00000000099999999950 
0.12506308883755593020 0.00189716296560632600 0.00000000099999999998 0.24301975917692558715 0.09575025262089757738 0.31033138178534341867 0.07489333519029583996 0.00000000099999999998 0.14239781236961968069 0.00664720505375553279 
0.00000000099999999991 0.62304975955034058721 0.00000000099999999991 0.00000000099999999991 0.00000000099999999991 0.00000000099999999991 0.37695023244965952802 0.00000000099999999991 0.00000000099999999991 0.00000000099999999991 
0.00000000099999999967 0.00000000099999999967 0.00000000099999999967 0.00000000099999999967 0.00000000099999999967 0.00000000099999999967 0.00000000099999999967 0.00000000099999999967 0.00000000099999999967 0.99999999099999992147 
0.00000000099999999990 0.41630467302713269895 0.00000000099999999990 0.00000000099999999990 0.00000000099999999990 0.00000000099999999990 0.58369531897286719424 0.00000000099999999990 0.00000000099999999990 0.00000000099999999990 
0.02207226004651867760 0.03338698662558401559 0.00000000099999999999 0.05109786780291555169 0.18052380984923283025 0.34640569743639887390 0.00000000099999999999 0.00000000099999999999 0.36651337423935009818 0.00000000099999999999 
0.00000000099999999944 0.00000000099999999944 0.99999999100000014352 0.00000000099999999944 0.00000000099999999944 0.00000000099999999944 0.00000000099999999944 0.00000000099999999944 0.00000000099999999944 0.00000000099999999944 
0.00000000099999999952 0.00000000099999999952 0.00000000099999999952 0.00000000099999999952 0.00000000099999999952 0.00000000099999999952 0.00000000099999999952 0.00000000099999999952 0.00000000099999999952 0.99999999100000003249 
0.00000000099999999953 0.00000000099999999953 0.00000000099999999953 0.00000000099999999953 0.00000000099999999953 0.00000000099999999953 0.00000000099999999953 0.99999999099999992147 0.00000000099999999953 0.00000000099999999953 
0.00000000099999999990 0.00000000099999999990 0.00000000099999999990 0.00000000099999999990 0.00000000099999999990 0.99999999100000003249 0.00000000099999999990 0.00000000099999999990 0.00000000099999999990 0.00000000099999999990 
0.00000000099999999976 0.00000000099999999976 0.00000000099999999976 0.00000000099999999976 0.00000000099999999976 0.00000000099999999976 0.99999999099999992147 0.00000000099999999976 0.00000000099999999976 0.00000000099999999976 
0.00000000099999999991 0.66327041916677842437 0.00000000099999999991 0.00000000099999999991 0.00000000099999999991 0.00000000099999999991 0.33672957283322185740 0.00000000099999999991 0.00000000099999999991 0.00000000099999999991 
0.11685328582781330520 0.23176365965357570431 0.00000000099999999996 0.00000000099999999996 0.24896414863898053138 0.00000008073549512923 0.00000000099999999996 0.00000000099999999996 0.40241882014413526969 0.00000000099999999996 
0.33313025355507319691 0.01073647595117317895 0.00000000099999999998 0.00060107839182153226 0.00000000099999999998 0.53074172491559978848 0.00000000099999999998 0.00000000099999999998 0.10812640661896873173 0.01666405656736349994 
0.99999999100000025454 0.00000000099999999985 0.00000000099999999985 0.00000000099999999985 0.00000000099999999985 0.00000000099999999985 0.00000000099999999985 0.00000000099999999985 0.00000000099999999985 0.00000000099999999985 
0.18361305966882618401 0.01223390560314320356 0.00000000099999999997 0.19317914224058696515 0.18972175474576269405 0.00613428223977340731 0.00000026956034098455 0.00000000099999999997 0.41511758294156653193 0.00000000099999999997 
0.23215945662725973042 0.00000000099999999997 0.00000000099999999997 0.44049550939127152249 0.18011973820439478033 0.00000010437884601743 0.00000000099999999997 0.00000000099999999997 0.14722518639822793074 0.00000000099999999997 
0.40796066427660054865 0.00000000099999999994 0.00000000099999999994 0.00000000099999999994 0.02154891012523679067 0.19879735129248787828 0.00000000099999999994 0.00000000099999999994 0.37169306830567466760 0.00000000099999999994 
0.24086469756966913391 0.01009766903926449452 0.00000000099999999996 0.19041425513805623759 0.12475409655433662703 0.08780449737815325395 0.00000000099999999996 0.00000000099999999996 0.34606478032052018223 0.00000000099999999996 
0.55602072215971387603 0.00000000099999999995 0.00000000099999999995 0.00000000099999999995 0.00000000099999999995 0.44397926984028623920 0.00000000099999999995 0.00000000099999999995 0.00000000099999999995 0.00000000099999999995 
0.16160839501598797674 0.00000000099999999998 0.00000000099999999998 0.40931870186943231094 0.11085494073169710472 0.28584729727262425669 0.03237066011025824946 0.00000000099999999998 0.00000000099999999998 0.00000000099999999998 
0.00000000099999999991 0.42756920736795744897 0.00000000099999999991 0.00000000099999999991 0.00000000099999999991 0.00000000099999999991 0.57243078463204244422 0.00000000099999999991 0.00000000099999999991 0.00000000099999999991 
0.00000000099999999992 0.99999998825707792083 0.00000000099999999992 0.00000000099999999992 0.00000000099999999992 0.00000000099999999992 0.00000000374292214360 0.00000000099999999992 0.00000000099999999992 0.00000000099999999992 
0.00000000099999999962 0.00000000099999999962 0.99999999100000014352 0.00000000099999999962 0.00000000099999999962 0.00000000099999999962 0.00000000099999999962 0.00000000099999999962 0.00000000099999999962 0.00000000099999999962 
0.00000000099999999985 0.00000000099999999985 0.00000000099999999985 0.00000000099999999985 0.00000000099999999985 0.00000000099999999985 0.99999999099999992147 0.00000000099999999985 0.00000000099999999985 0.00000000099999999985 
0.00000000099999999993 0.78180471583826582904 0.00000000099999999993 0.00000000099999999993 0.00000000099999999993 0.00000000099999999993 0.21819527616173445272 0.00000000099999999993 0.00000000099999999993 0.00000000099999999993 
0.04529336174116151831 0.01645689582576743970 0.00000000099999999998 0.26519336603394610963 0.17983605915428510502 0.11884963130311058943 0.00000000099999999998 0.00000000099999999998 0.37065454263636449239 0.00371614030536477182 
0.00000000099999999939 0.00000000099999999939 0.99999999100000014352 0.00000000099999999939 0.00000000099999999939 0.00000000099999999939 0.00000000099999999939 0.00000000099999999939 0.00000000099999999939 0.00000000099999999939 
0.33768127204001124886 0.00000000099999999998 0.00000000099999999998 0.00000000099999999998 0.17388667305487964798 0.28073147949323368211 0.00000000099999999998 0.00000000099999999998 0.20770056941187522992 0.00000000099999999998 
0.05837277748137525285 0.00109052817666022953 0.00000000099999999998 0.32759330258051733153 0.14682742467764325900 0.20137717814839309338 0.00658980863480783732 0.00000000099999999998 0.25814897730060304415 0.00000000099999999998 
0.00000000099999999996 0.00000000099999999996 0.00000000099999999996 0.00000000099999999996 0.26800511304634477838 0.00000000099999999996 0.00000000099999999996 0.00000000099999999996 0.73199487895365511481 0.00000000099999999996 
0.00000000099999999991 0.00000000099999999991 0.00000000099999999991 0.99999999100000014352 0.00000000099999999991 0.00000000099999999991 0.00000000099999999991 0.00000000099999999991 0.00000000099999999991 0.00000000099999999991 
0.00000000099999999981 0.00000000099999999981 0.00000000099999999981 0.00000000099999999981 0.99999999100000014352 0.00000000099999999981 0.00000000099999999981 0.00000000099999999981 0.00000000099999999981 0.00000000099999999981 
0.43975729164963572870 0.00000000099999999995 0.00000000099999999995 0.00000000099999999995 0.00000000099999999995 0.55336066697248198487 0.00688203437788232394 0.00000000099999999995 0.00000000099999999995 0.00000000099999999995 
0.00000000099999999997 0.00000000099999999997 0.00000000099999999997 0.00000000099999999997 0.27296332541459522592 0.40128849711020775359 0.00000000099999999997 0.00000000099999999997 0.32574817047519710744 0.00000000099999999997 
0.99999999100000025454 0.00000000099999999986 0.00000000099999999986 0.00000000099999999986 0.00000000099999999986 0.00000000099999999986 0.00000000099999999986 0.00000000099999999986 0.00000000099999999986 0.00000000099999999986 
0.00000000100000000000 0.00921282550499440307 0.00000000100000000000 0.13545190499882839297 0.16532301125944917630 0.35059042187742051055 0.00000000100000000000 0.00000000100000000000 0.31097546447180224316 0.02844636788750538881 
0.34071179921054511874 0.00458217186153923872 0.00000000099999999998 0.21620468386109931158 0.11708753001074598266 0.10898889403361292083 0.00000000099999999998 0.00000000099999999998 0.20786909163027564307 0.00455582639218169751 
0.00000000099999999986 0.00000000099999999986 0.00000000099999999986 0.00000000099999999986 0.00000000099999999986 0.99999999100000003249 0.00000000099999999986 0.00000000099999999986 0.00000000099999999986 0.00000000099999999986 
0.00000000099999999998 0.00000000099999999998 0.00000000099999999998 0.48433492417887225034 0.51349247501390005155 0.00000000099999999998 0.00000000099999999998 0.00000000099999999998 0.00000000099999999998 0.00217259380722767620 
0.18224365944715609222 0.00000000099999999997 0.00000000099999999997 0.25454782431039552071 0.12186285001987635923 0.21988375951575087064 0.00000000099999999997 0.00000000099999999997 0.21433932003141514810 0.00712258267540601554 
0.00000000099999999988 0.00000000099999999988 0.00000000099999999988 0.00000000099999999988 0.00000000099999999988 0.00000000099999999988 0.00000000099999999988 0.00000000099999999988 0.99999999100000003249 0.00000000099999999988 
0.00000000099999999989 0.00000000099999999989 0.00000000099999999989 0.00000000099999999989 0.00000000099999999989 0.00000000099999999989 0.00000000099999999989 0.00000000099999999989 0.99999999100000003249 0.00000000099999999989 
0.19106741304237404022 0.02896903344792362001 0.00000000099999999997 0.19565336217565484911 0.20370138243678070911 0.38060880389726697848 0.00000000099999999997 0.00000000099999999997 0.00000000099999999997 0.00000000099999999997 
0.20492399166526156784 0.00000000099999999999 0.00000000099999999999 0.05173088841736141891 0.05313053854109450053 0.32224646309454019200 0.00838671192470602511 0.00000000099999999999 0.35958132317300950387 0.00000008018402677057 
0.32590936326975250559 0.02961116603946161580 0.00000000099999999998 0.15908832483410212388 0.19930308134811297593 0.28608805950857080225 0.00000000099999999998 0.00000000099999999998 0.00000000099999999998 0.00000000099999999998 
0.00000000099999999996 0.00000001828369780741 0.00000000099999999996 0.40334234020034681611 0.00000000099999999996 0.38118887581760779737 0.00000000099999999996 0.00000000099999999996 0.21546875969834758391 0.00000000099999999996 
0.13556794190759843821 0.01310099681941583397 0.00000000099999999997 0.22287865412433346957 0.23490155881697744045 0.20108745313606091187 0.00172258819492364466 0.00000000099999999997 0.19074080400069035046 0.00000000099999999997 
0.00000000100000000000 0.00000000100000000000 0.04831203719686562315 0.33251365340078342658 0.16341058150051934739 0.40402785833684989880 0.02998804554109759518 0.01884572359442657913 0.00000029434320580377 0.00290180408625162608 
0.00000000099999999996 0.00000000099999999996 0.00000000099999999996 0.00000000099999999996 0.20778329828188496498 0.45565541120701930078 0.00000000099999999996 0.00000000099999999996 0.33656128351109559915 0.00000000099999999996 
0.00000000099999999979 0.00000000099999999979 0.00000000099999999979 0.00000000099999999979 0.99999999100000003249 0.00000000099999999979 0.00000000099999999979 0.00000000099999999979 0.00000000099999999979 0.00000000099999999979 
0.02415056734794147550 0.00000000099999999996 0.00000000099999999996 0.26819319665703272859 0.11797128851678567729 0.40633496918160716405 0.02174763078334214159 0.00000000099999999996 0.16160234351329078040 0.00000000099999999996 
0.24608881976662713709 0.00000000099999999996 0.00000000099999999996 0.24727849724008607590 0.00000000099999999996 0.50650277841826107927 0.00000000099999999996 0.00000000099999999996 0.00000000099999999996 0.00012989857502582043 
0.29843629298042545495 0.00000000099999999997 0.00000000099999999997 0.26149008306785553879 0.05980145475487100987 0.18924444510601104441 0.00623256659377755418 0.00000000099999999997 0.18479515349705935567 0.00000000099999999997 
0.26630517556969024451 0.00000000099999999999 0.00000000099999999999 0.00000160513240436114 0.22603998248362033863 0.50762506863666789769 0.00000000099999999999 0.00000000099999999999 0.00002816317761728074 0.00000000099999999999 
0.27410507317323229426 0.00000000099999999997 0.00000000099999999997 0.33301039184239461521 0.27960446971575281250 0.00000000099999999997 0.00000000099999999997 0.00000000099999999997 0.11328005926862044772 0.00000000099999999997 
0.00000000099999999995 0.00000000099999999995 0.00000000099999999995 0.00000000099999999995 0.13144889905699910782 0.30184889722334062867 0.00000000099999999995 0.00000000099999999995 0.56670219671966015618 0.00000000099999999995 
0.00000000099999999993 0.00000000099999999993 0.00000000099999999993 0.58389769274171454683 0.00000000099999999993 0.00000000099999999993 0.00000000099999999993 0.00000000099999999993 0.41610229925828545738 0.00000000099999999993 
0.00000000099999999991 0.61913436864688187189 0.00000000099999999991 0.00000000099999999991 0.00000000099999999991 0.00000000099999999991 0.38086562335311829885 0.00000000099999999991 0.00000000099999999991 0.00000000099999999991 
0.00000000099999999988 0.99999999100000014352 0.00000000099999999988 0.00000000099999999988 0.00000000099999999988 0.00000000099999999988 0.00000000099999999988 0.00000000099999999988 0.00000000099999999988 0.00000000099999999988 
0.00000000099999999953 0.00000000099999999953 0.00000000099999999953 0.00000000099999999953 0.00000000099999999953 0.00000000099999999953 0.00000000099999999953 0.99999999100000003249 0.00000000099999999953 0.00000000099999999953 
0.00000000099999999954 0.00000000099999999954 0.00000000099999999954 0.00000000099999999954 0.00000000099999999954 0.00000000099999999954 0.00000000099999999954 0.00000000099999999954 0.00000000099999999954 0.99999999100000003249 
0.00000000099999999999 0.44955509841306273700 0.00000000099999999999 0.00000000099999999999 0.05265820389886301939 0.00000000099999999999 0.45951710321275984761 0.00000000099999999999 0.00000000099999999999 0.03826958847531433672 
0.00000055576961313513 0.00000000099999999996 0.00000000099999999996 0.00000000099999999996 0.19329111787975208903 0.45634881191204379469 0.00592960099965281554 0.00000000099999999996 0.34442990843893811492 0.00000000099999999996 
0.27127996618479954805 0.00000000099999999995 0.00000000099999999995 0.00000000099999999995 0.00000000099999999995 0.00000000099999999995 0.00000000099999999995 0.00000000099999999995 0.72872002581520012310 0.00000000099999999995 
0.00000000099999999996 0.41724148472450256486 0.00000000099999999996 0.00000000099999999996 0.00000000099999999996 0.00000000099999999996 0.58275850727549738384 0.00000000099999999996 0.00000000099999999996 0.00000000099999999996 
0.05997188619560363254 0.01375403055634487164 0.00000000099999999998 0.22446249162789086440 0.12965844220063882375 0.25508647147098001406 0.00000000099999999998 0.00000000099999999998 0.31706667394854198827 0.00000000099999999998 
0.00000000099999999996 0.00000000099999999996 0.00000000099999999996 0.26151217078028010654 0.08883589409879652510 0.42032491551709744160 0.00000000099999999996 0.00000000099999999996 0.21966893051464975173 0.00965808408917622624 
0.00000000841239475328 0.00000000099999999995 0.00000000099999999995 0.62375791505945510362 0.37624206952815020255 0.00000000099999999995 0.00000000099999999995 0.00000000099999999995 0.00000000099999999995 0.00000000099999999995 
0.00000000099999999951 0.00000000099999999951 0.67851358925610349981 0.00000000099999999951 0.00000000099999999951 0.00000000099999999951 0.00000000099999999951 0.32148640274389667093 0.00000000099999999951 0.00000000099999999951 
0.00000000099999999954 0.00000000099999999954 0.62949284280740469555 0.00000000099999999954 0.00000000099999999954 0.00000000099999999954 0.00000000099999999954 0.37050714919259541968 0.00000000099999999954 0.00000000099999999954 
0.00000000099999999938 0.00000000099999999938 0.99999999100000003249 0.00000000099999999938 0.00000000099999999938 0.00000000099999999938 0.00000000099999999938 0.00000000099999999938 0.00000000099999999938 0.00000000099999999938 
0.00000000099999999941 0.00000000099999999941 0.00000000099999999941 0.00000000099999999941 0.00000000099999999941 0.00000000099999999941 0.00000000099999999941 0.99999999100000003249 0.00000000099999999941 0.00000000099999999941 
0.00000000099999999942 0.00000000099999999942 0.99999999100000014352 0.00000000099999999942 0.00000000099999999942 0.00000000099999999942 0.00000000099999999942 0.00000000099999999942 0.00000000099999999942 0.00000000099999999942 
0.00000000099999999984 0.00000000099999999984 0.00000000099999999984 0.00000000099999999984 0.00000000099999999984 0.00000000099999999984 0.99999999100000003249 0.00000000099999999984 0.00000000099999999984 0.00000000099999999984 
0.00000000099999999997 0.00000000099999999997 0.00000000099999999997 0.35746638571287103758 0.14197710147906339451 0.50055650580806565486 0.00000000099999999997 0.00000000099999999997 0.00000000099999999997 0.00000000099999999997 
0.00000000099999999949 0.00000000099999999949 0.60154607765950141030 0.00000000099999999949 0.00000000099999999949 0.00000000099999999949 0.00000000099999999949 0.39845391434049864943 0.00000000099999999949 0.00000000099999999949 
0.00000000099999999946 0.00000000099999999946 0.99999999100000014352 0.00000000099999999946 0.00000000099999999946 0.00000000099999999946 0.00000000099999999946 0.00000000099999999946 0.00000000099999999946 0.00000000099999999946 
0.00000000099999999952 0.00000000099999999952 0.00000000099999999952 0.00000000099999999952 0.00000000099999999952 0.00000000099999999952 0.00000000099999999952 0.00000000099999999952 0.00000000099999999952 0.99999999099999992147 
0.00000000099999999952 0.00000000099999999952 0.00000000099999999952 0.00000000099999999952 0.00000000099999999952 0.00000000099999999952 0.00000000099999999952 0.00000000099999999952 0.00000000099999999952 0.99999999099999992147 
0.76619756843391451095 0.00000000099999999992 0.00000000099999999992 0.00000000099999999992 0.00000000099999999992 0.00000000099999999992 0.00000000099999999992 0.00000000099999999992 0.23380242356608577081 0.00000000099999999992 
0.00000000099999999944 0.00000000099999999944 0.99999999100000003249 0.00000000099999999944 0.00000000099999999944 0.00000000099999999944 0.00000000099999999944 0.00000000099999999944 0.00000000099999999944 0.00000000099999999944 
0.00000000099999999995 0.00000000099999999995 0.00000000099999999995 0.00000000099999999995 0.32216828067799613278 0.67783171132200381592 0.00000000099999999995 0.00000000099999999995 0.00000000099999999995 0.00000000099999999995 
0.00000000099999999994 0.00000000099999999994 0.00000000099999999994 0.00000000099999999994 0.00000000099999999994 0.61338428623150054175 0.00000000099999999994 0.00000000099999999994 0.38661570576849946246 0.00000000099999999994 
0.05594250635163384999 0.46524627520098849054 0.00000000099999999995 0.00000000099999999995 0.00000000099999999995 0.00000000099999999995 0.47881121144737770479 0.00000000099999999995 0.00000000099999999995 0.00000000099999999995 
0.12784500408893020862 0.00000035290808676342 0.00000000099999999996 0.35142016311804236128 0.21821284369603397013 0.29628366493304231222 0.00617687298781679269 0.00000000099999999996 0.00006109526804771637 0.00000000099999999996 
0.00000000099999999978 0.00000000099999999978 0.00000000099999999978 0.00000000099999999978 0.00000000099999999978 0.00000000099999999978 0.99999999100000003249 0.00000000099999999978 0.00000000099999999978 0.00000000099999999978 
0.00001891440005813108 0.01344203099593432177 0.00000000099999999998 0.17477162015775293824 0.21064516018019019405 0.36324701045686502709 0.00000000099999999998 0.00000000099999999998 0.23787525596786973647 0.00000000484132974641 
0.00000000099999999982 0.99999999100000014352 0.00000000099999999982 0.00000000099999999982 0.00000000099999999982 0.00000000099999999982 0.00000000099999999982 0.00000000099999999982 0.00000000099999999982 0.00000000099999999982 
0.00000000099999999998 0.00000034278029719677 0.00000000099999999998 0.00000000099999999998 0.23377298965370607586 0.37690536229639071131 0.00000002856122750501 0.00000000099999999998 0.37924959047790252065 0.01007168223047606032 
0.23023285384894104366 0.00000000099999999998 0.00000000099999999998 0.00000000099999999998 0.10061131119483548990 0.18421082809944197556 0.00000000099999999998 0.00000000099999999998 0.47731780780391330765 0.00762719405286832117 
0.00000000099999999956 0.00000000099999999956 0.42887918455896983927 0.00000000099999999956 0.00000000099999999956 0.00000000099999999956 0.00000000099999999956 0.57112080744102999841 0.00000000099999999956 0.00000000099999999956 
0.00000000099999999982 0.99999999100000025454 0.00000000099999999982 0.00000000099999999982 0.00000000099999999982 0.00000000099999999982 0.00000000099999999982 0.00000000099999999982 0.00000000099999999982 0.00000000099999999982 
0.00000000099999999941 0.00000000099999999941 0.00000000099999999941 0.00000000099999999941 0.00000000099999999941 0.00000000099999999941 0.00000000099999999941 0.99999999100000003249 0.00000000099999999941 0.00000000099999999941 
0.00000000099999999950 0.00000000099999999950 0.56517460104424643852 0.00000000099999999950 0.00000000099999999950 0.00000000099999999950 0.00000000099999999950 0.43482539095575367671 0.00000000099999999950 0.00000000099999999950 
0.00000000099999999988 0.00000000099999999988 0.00000000099999999988 0.00000000099999999988 0.00000000099999999988 0.99999999100000003249 0.00000000099999999988 0.00000000099999999988 0.00000000099999999988 0.00000000099999999988 
0.25426770034599327497 0.00000000099999999996 0.00000000099999999996 0.33340491574358022131 0.15510734712701845783 0.23164092004060859997 0.02557911174279943120 0.00000000099999999996 0.00000000099999999996 0.00000000099999999996 
0.00000000099999999986 0.00000000099999999986 0.00000000099999999986 0.00000000099999999986 0.00000000099999999986 0.99999999100000003249 0.00000000099999999986 0.00000000099999999986 0.00000000099999999986 0.00000000099999999986 
0.00000480302659139212 0.00000000099999999998 0.00000000099999999998 0.26761246842503638721 0.21479632338686183157 0.32073035695515900168 0.00000000099999999998 0.00000000099999999998 0.19685604320635152753 0.00000000099999999998 
0.00000000099999999990 0.00000000099999999990 0.00000000099999999990 0.00000000099999999990 0.00000000099999999990 0.00000000099999999990 0.00000000099999999990 0.00000000099999999990 0.99999999099999992147 0.00000000099999999990 
0.07063123496416229274 0.00000000099999999997 0.00000000099999999997 0.26454597043604122231 0.18845512946384768149 0.18986710800719283632 0.01915182322160256106 0.00000000099999999997 0.26454889002096010353 0.00279984088619313542 
0.70208428170178516226 0.00000000099999999992 0.00000000099999999992 0.00000000099999999992 0.29791571029821489747 0.00000000099999999992 0.00000000099999999992 0.00000000099999999992 0.00000000099999999992 0.00000000099999999992 
