0.33626032524360605080 0.00000000100000000000 0.00000000100000000000 0.20713410830139192265 0.02403813304019983971 0.29664713616746130054 0.13549797417322365090 0.00000000100000000000 0.00042232007411734156 
0.00000000099999999993 0.99999999200000011523 0.00000000099999999993 0.00000000099999999993 0.00000000099999999993 0.00000000099999999993 0.00000000099999999993 0.00000000099999999993 0.00000000099999999993 
0.00000000099999999992 0.99999999200000022626 0.00000000099999999992 0.00000000099999999992 0.00000000099999999992 0.00000000099999999992 0.00000000099999999992 0.00000000099999999992 0.00000000099999999992 
0.21766053584868302884 0.02746454971001097145 0.00000000099999999998 0.19790238414659680477 0.00000000099999999998 0.15631782124940807321 0.23848043772772606341 0.00000000099999999998 0.16217426831757519867 
0.32952870905226588905 0.00000000099999999999 0.00000000099999999999 0.20864127211335614653 0.00121513378250253821 0.12895404313536917851 0.18645616836081893575 0.00000000099999999999 0.14520467055568736514 
0.15971414343855375173 0.01936896822186613687 0.00000000099999999998 0.33145373623891349890 0.00000000099999999998 0.25842291458986743624 0.08348889546578239229 0.00000000099999999998 0.14755133904501679942 
0.00000000099999999994 0.99999999200000022626 0.00000000099999999994 0.00000000099999999994 0.00000000099999999994 0.00000000099999999994 0.00000000099999999994 0.00000000099999999994 0.00000000099999999994 
0.00000000099999999990 0.99999999200000022626 0.00000000099999999990 0.00000000099999999990 0.00000000099999999990 0.00000000099999999990 0.00000000099999999990 0.00000000099999999990 0.00000000099999999990 
0.00000000099999999993 0.00000000099999999993 0.00000000099999999993 0.00000000099999999993 0.00000000099999999993 0.99999999200000011523 0.00000000099999999993 0.00000000099999999993 0.00000000099999999993 
0.00000000099999999993 0.99999999200000022626 0.00000000099999999993 0.00000000099999999993 0.00000000099999999993 0.00000000099999999993 0.00000000099999999993 0.00000000099999999993 0.00000000099999999993 
0.34448866136363642809 0.00000000099999999995 0.00000000099999999995 0.00017612614506734155 0.00000000099999999995 0.00000044747107568812 0.00209500302080116788 0.00000000099999999995 0.65323975799941935705 
0.29553009367232574434 0.00937701108693913404 0.00000000099999999997 0.25299091642013760151 0.00148467469980291598 0.10601706378450015400 0.14349085361160041074 0.00000000099999999997 0.19110938472469402027 
0.00000000099999999997 0.00000000099999999997 0.00000000099999999997 0.17899798294968147228 0.00000000099999999997 0.18187201291506163714 0.35548040300817979054 0.00000000099999999997 0.28364959612707718595 
0.36481342317009285425 0.00000000099999999998 0.00000000099999999998 0.29111244747281139755 0.00915799823829908412 0.15384179155342095346 0.00000047928290666487 0.00000000099999999998 0.18107385728246899737 
0.99999999200000011523 0.00000000099999999989 0.00000000099999999989 0.00000000099999999989 0.00000000099999999989 0.00000000099999999989 0.00000000099999999989 0.00000000099999999989 0.00000000099999999989 
0.25720258985256555517 0.04998198356253207714 0.00000000099999999998 0.18296999685907117117 0.02560621918384690249 0.22046124380655979236 0.08681460657736252140 0.00000000099999999998 0.17696335815806199521 
0.99999999200000011523 0.00000000099999999988 0.00000000099999999988 0.00000000099999999988 0.00000000099999999988 0.00000000099999999988 0.00000000099999999988 0.00000000099999999988 0.00000000099999999988 
0.00000000099999999983 0.00000000099999999983 0.00000000099999999983 0.00000000099999999983 0.00000000099999999983 0.00000000099999999983 0.00000000099999999983 0.00000000099999999983 0.99999999200000000421 
0.00000000099999999996 0.00000000099999999996 0.00000000099999999996 0.00000000099999999996 0.00000000099999999996 0.65962142700353099123 0.00000000099999999996 0.00000000099999999996 0.34037856599646909572 
0.40006961517715089460 0.00000000099999999995 0.00000000099999999995 0.27967813720166051494 0.00000000099999999995 0.32025224162118859361 0.00000000099999999995 0.00000000099999999995 0.00000000099999999995 
0.17716485312291771481 0.00000000099999999998 0.00000000099999999998 0.24232538746718168543 0.00000000099999999998 0.20820003028631889341 0.23308463825073730269 0.00000000099999999998 0.13922508687284437801 
0.00216995876930035003 0.99783003423069982496 0.00000000099999999995 0.00000000099999999995 0.00000000099999999995 0.00000000099999999995 0.00000000099999999995 0.00000000099999999995 0.00000000099999999995 
0.32084301181274582637 0.01796110979242719966 0.00000000099999999998 0.21377077038992842173 0.00000000099999999998 0.10216313609826006836 0.34526196790663854497 0.00000000099999999998 0.00000000099999999998 
0.00000000099999999979 0.00000000099999999979 0.00000000099999999979 0.00000000099999999979 0.00000000099999999979 0.00000000099999999979 0.99999999200000000421 0.00000000099999999979 0.00000000099999999979 
0.00000000099999999993 0.00000000099999999993 0.00000000099999999993 0.46945779094773298912 0.00000000099999999993 0.00000000099999999993 0.00000000099999999993 0.00000000099999999993 0.53054220205226687579 
0.23565131452794663147 0.00000000099999999997 0.00000000099999999997 0.32448887954347749307 0.00000000099999999997 0.00000000099999999997 0.23785109021847269939 0.00000000099999999997 0.20200871071010326196 
0.00000000099999999967 0.00000000099999999967 0.00000000099999999967 0.00000000099999999967 0.99999999200000000421 0.00000000099999999967 0.00000000099999999967 0.00000000099999999967 0.00000000099999999967 
0.00000000099999999961 0.00000000099999999961 0.00000000099999999961 0.00000000099999999961 0.99999999200000000421 0.00000000099999999961 0.00000000099999999961 0.00000000099999999961 0.00000000099999999961 
0.00000000099999999996 0.00000000099999999996 0.00000000099999999996 0.00092622920807872708 0.00000000099999999996 0.24420430179678906391 0.32325198898565038474 0.00000000099999999996 0.43161747500948188794 
0.23403416927846151796 0.00000000099999999997 0.00000000099999999997 0.00000000099999999997 0.00000000099999999997 0.30148621519075302633 0.17202010428563177524 0.00000000099999999997 0.29245950624515376637 
0.00000000232995383379 0.00214491323571947608 0.00000000099999999997 0.19863655035062816046 0.00000000099999999997 0.31753122668675493045 0.25550783506535135192 0.00000000099999999997 0.22617946933159219225 
0.00000000099999999994 0.98102718322035520337 0.00000000099999999994 0.00000000099999999994 0.00000000099999999994 0.00000000099999999994 0.01897280977964478643 0.00000000099999999994 0.00000000099999999994 
0.00000000099999999985 0.17437136083763662975 0.00000000099999999985 0.00000000099999999985 0.35529322886030312301 0.00000000099999999985 0.47033540430206027816 0.00000000099999999985 0.00000000099999999985 
0.39765033933487098361 0.00000000099999999996 0.00000000099999999996 0.35522997877739970196 0.00000000099999999996 0.24709979072153417934 0.00001852176472349395 0.00000000099999999996 0.00000136540147170617 
0.00000000099999999955 0.00000000099999999955 0.99999999200000000421 0.00000000099999999955 0.00000000099999999955 0.00000000099999999955 0.00000000099999999955 0.00000000099999999955 0.00000000099999999955 
0.00000000099999999949 0.00000000099999999949 0.99999999200000000421 0.00000000099999999949 0.00000000099999999949 0.00000000099999999949 0.00000000099999999949 0.00000000099999999949 0.00000000099999999949 
0.00000000099999999951 0.00000000099999999951 0.99999999200000000421 0.00000000099999999951 0.00000000099999999951 0.00000000099999999951 0.00000000099999999951 0.00000000099999999951 0.00000000099999999951 
0.00000000099999999968 0.00000000099999999968 0.00000000099999999968 0.00000000099999999968 0.99999999200000011523 0.00000000099999999968 0.00000000099999999968 0.00000000099999999968 0.00000000099999999968 
0.00000000099999999963 0.00000000099999999963 0.00000000099999999963 0.00000000099999999963 0.99999999200000000421 0.00000000099999999963 0.00000000099999999963 0.00000000099999999963 0.00000000099999999963 
0.00000000099999999995 0.00000000099999999995 0.00000000099999999995 0.00005419171879412350 0.00000000099999999995 0.52853270286792630728 0.47141309655900354159 0.00000000099999999995 0.00000000385427619280 
0.00000000099999999995 0.99999998664049827291 0.00000000099999999995 0.00000000635950189276 0.00000000099999999995 0.00000000099999999995 0.00000000099999999995 0.00000000099999999995 0.00000000099999999995 
0.00000000099999999965 0.00000000099999999965 0.00000000099999999965 0.00000000099999999965 0.99999999200000011523 0.00000000099999999965 0.00000000099999999965 0.00000000099999999965 0.00000000099999999965 
0.43467083726540756139 0.01252573627361055174 0.00000000099999999998 0.26055946479651492798 0.00080257706393867462 0.00000000099999999998 0.29144138060052821038 0.00000000099999999998 0.00000000099999999998 
0.00000000099999999991 0.99999999200000011523 0.00000000099999999991 0.00000000099999999991 0.00000000099999999991 0.00000000099999999991 0.00000000099999999991 0.00000000099999999991 0.00000000099999999991 
0.00000000099999999969 0.00000000099999999969 0.00000000099999999969 0.00000000099999999969 0.99999999200000000421 0.00000000099999999969 0.00000000099999999969 0.00000000099999999969 0.00000000099999999969 
0.39911617345587763195 0.01063792390867304358 0.00000000099999999997 0.21236199123318158510 0.00052380303959637825 0.18504297522904467055 0.19231713013362652931 0.00000000099999999997 0.00000000099999999997 
0.00000000099999999966 0.00000000099999999966 0.00000000099999999966 0.00000000099999999966 0.99999999200000000421 0.00000000099999999966 0.00000000099999999966 0.00000000099999999966 0.00000000099999999966 
0.00000000099999999993 0.99999999200000011523 0.00000000099999999993 0.00000000099999999993 0.00000000099999999993 0.00000000099999999993 0.00000000099999999993 0.00000000099999999993 0.00000000099999999993 
0.00000000099999999988 0.99999999200000022626 0.00000000099999999988 0.00000000099999999988 0.00000000099999999988 0.00000000099999999988 0.00000000099999999988 0.00000000099999999988 0.00000000099999999988 
0.00000000099999999961 0.00000000099999999961 0.00000000099999999961 0.00000000099999999961 0.99999999200000011523 0.00000000099999999961 0.00000000099999999961 0.00000000099999999961 0.00000000099999999961 
0.00000000099999999964 0.00000000099999999964 0.00000000099999999964 0.00000000099999999964 0.99999999200000011523 0.00000000099999999964 0.00000000099999999964 0.00000000099999999964 0.00000000099999999964 
0.00000000099999999993 0.99999999200000022626 0.00000000099999999993 0.00000000099999999993 0.00000000099999999993 0.00000000099999999993 0.00000000099999999993 0.00000000099999999993 0.00000000099999999993 
0.00000000099999999993 0.99050092411743528853 0.00000000099999999993 0.00949906888256485046 0.00000000099999999993 0.00000000099999999993 0.00000000099999999993 0.00000000099999999993 0.00000000099999999993 
0.00000000099999999994 0.98409191527992512238 0.00000000099999999994 0.00000000099999999994 0.00000000099999999994 0.00000000099999999994 0.00000000099999999994 0.00000000099999999994 0.01590807772007504436 
0.00000000099999999970 0.00000000099999999970 0.00000000099999999970 0.00000000099999999970 0.99999999200000000421 0.00000000099999999970 0.00000000099999999970 0.00000000099999999970 0.00000000099999999970 
0.28241824770240714360 0.04054492992738965157 0.00000000099999999999 0.00000107198583286657 0.00943921772106688130 0.28405369145234771189 0.21444432024014895011 0.00000000099999999999 0.16909851897080677152 
0.00000000099999999999 0.00000000099999999999 0.00000000099999999999 0.25266738884223022277 0.01950207583414116999 0.41117496372259815240 0.31643181588944868654 0.00000000099999999999 0.00022375171158171847 
0.00000000099999999994 0.00000000099999999994 0.00000000099999999994 0.66217502478648049280 0.00000000099999999994 0.00000000099999999994 0.00000000099999999994 0.00000000099999999994 0.33782496821351948313 
0.30653502324711373594 0.00000000099999999997 0.00000000099999999997 0.00000000099999999997 0.00000000099999999997 0.30258425980850750525 0.39088071094437876196 0.00000000099999999997 0.00000000099999999997 
0.00000000099999999992 0.99999999200000011523 0.00000000099999999992 0.00000000099999999992 0.00000000099999999992 0.00000000099999999992 0.00000000099999999992 0.00000000099999999992 0.00000000099999999992 
0.00000000099999999984 0.00000000099999999984 0.00000000099999999984 0.00000000099999999984 0.00000000099999999984 0.00000000099999999984 0.00000000099999999984 0.00000000099999999984 0.99999999199999989319 
0.00000000099999999960 0.00000000099999999960 0.42685471606208619244 0.00000000099999999960 0.00000000099999999960 0.00000000099999999960 0.00000000099999999960 0.57314527693791361695 0.00000000099999999960 
0.00000000099999999990 0.00000000099999999990 0.00000000099999999990 0.00000000099999999990 0.00000000099999999990 0.99999999200000011523 0.00000000099999999990 0.00000000099999999990 0.00000000099999999990 
0.00000000099999999951 0.00000000099999999951 0.00000000099999999951 0.00000000099999999951 0.00000000099999999951 0.00000000099999999951 0.00000000099999999951 0.99999999200000000421 0.00000000099999999951 
0.17781664117298609518 0.02969895494693005483 0.00000000099999999998 0.05509069034854606473 0.00000000099999999998 0.29365347140083530864 0.17542415404407413204 0.00000000099999999998 0.26831608508662824208 
0.00000000099999999950 0.00000000099999999950 0.00000000099999999950 0.00000000099999999950 0.00000000099999999950 0.00000000099999999950 0.00000000099999999950 0.99999999199999989319 0.00000000099999999950 
0.00000000099999999995 0.00000000099999999995 0.00000000099999999995 0.00000000099999999995 0.00000000099999999995 0.69917453856182554262 0.00000000099999999995 0.00000000099999999995 0.30082545443817454434 
0.00000000099999999991 0.00000000099999999991 0.00000000099999999991 0.99999999200000000421 0.00000000099999999991 0.00000000099999999991 0.00000000099999999991 0.00000000099999999991 0.00000000099999999991 
0.00000000099999999990 0.99999999200000011523 0.00000000099999999990 0.00000000099999999990 0.00000000099999999990 0.00000000099999999990 0.00000000099999999990 0.00000000099999999990 0.00000000099999999990 
0.53884834402471393222 0.00000000099999999993 0.00000000099999999993 0.00000255606247027093 0.00000000099999999993 0.46114909391281583284 0.00000000099999999993 0.00000000099999999993 0.00000000099999999993 
0.00000000099999999956 0.00000000099999999956 0.99999999200000000421 0.00000000099999999956 0.00000000099999999956 0.00000000099999999956 0.00000000099999999956 0.00000000099999999956 0.00000000099999999956 
0.00000000099999999958 0.00000000099999999958 0.99999999200000000421 0.00000000099999999958 0.00000000099999999958 0.00000000099999999958 0.00000000099999999958 0.00000000099999999958 0.00000000099999999958 
0.16470905685250791795 0.07400383311978840639 0.00000000099999999998 0.39927089431533790975 0.00369161002024636243 0.11768498874425953327 0.00000851563549828956 0.00000000099999999998 0.24063109931236181804 
0.00000000099999999991 0.99999999200000022626 0.00000000099999999991 0.00000000099999999991 0.00000000099999999991 0.00000000099999999991 0.00000000099999999991 0.00000000099999999991 0.00000000099999999991 
0.00000000099999999971 0.00000000099999999971 0.00000000099999999971 0.00000000099999999971 0.99999999200000011523 0.00000000099999999971 0.00000000099999999971 0.00000000099999999971 0.00000000099999999971 
0.00000000099999999992 0.99999999200000022626 0.00000000099999999992 0.00000000099999999992 0.00000000099999999992 0.00000000099999999992 0.00000000099999999992 0.00000000099999999992 0.00000000099999999992 
0.20424763024703454506 0.02479964952049357532 0.00000000099999999999 0.19427095003486508085 0.00000000099999999999 0.39612262307299000996 0.00000000099999999999 0.00000000099999999999 0.18055914312461682214 
0.00000000099999999958 0.00000000099999999958 0.44374008728686969993 0.00000000099999999958 0.00000000099999999958 0.00000000099999999958 0.00000000099999999958 0.55625990571312999844 0.00000000099999999958 
0.00000000099999999958 0.00000000099999999958 0.00000000099999999958 0.00000000099999999958 0.99999999200000000421 0.00000000099999999958 0.00000000099999999958 0.00000000099999999958 0.00000000099999999958 
0.00000000099999999965 0.00000000099999999965 0.39604846819060429697 0.00000000099999999965 0.00000000099999999965 0.00000000099999999965 0.00000000099999999965 0.60395152480939551243 0.00000000099999999965 
0.00000000099999999987 0.00000000099999999987 0.00000000099999999987 0.00000000099999999987 0.00000000099999999987 0.00000000099999999987 0.99999999200000000421 0.00000000099999999987 0.00000000099999999987 
0.00000000099999999988 0.99999999200000022626 0.00000000099999999988 0.00000000099999999988 0.00000000099999999988 0.00000000099999999988 0.00000000099999999988 0.00000000099999999988 0.00000000099999999988 
0.00000000099999999992 0.99999999200000011523 0.00000000099999999992 0.00000000099999999992 0.00000000099999999992 0.00000000099999999992 0.00000000099999999992 0.00000000099999999992 0.00000000099999999992 
0.24606507223163587295 0.23073324008323056744 0.00000000099999999997 0.04280736102242233693 0.00000000099999999997 0.24812450271781696931 0.23226952764648656213 0.00000000099999999997 0.00000029329840776955 
0.13435447855712942533 0.00000000099999999999 0.00000000099999999999 0.20727041309378077538 0.02018094155351603247 0.23955272679017627913 0.29870314324726116029 0.00000000099999999999 0.09993829375813648164 
0.35922341594914281027 0.00000000099999999996 0.00000000099999999996 0.22965644364907836228 0.00000000099999999996 0.16538251581512194988 0.00000000793090500714 0.00000000099999999996 0.24573761265575189139 
0.00000000099999999992 0.00000000099999999992 0.00000000099999999992 0.99999999200000011523 0.00000000099999999992 0.00000000099999999992 0.00000000099999999992 0.00000000099999999992 0.00000000099999999992 
0.00000000099999999990 0.00000000099999999990 0.00000000099999999990 0.00000000099999999990 0.00000000099999999990 0.00000000099999999990 0.99999999200000000421 0.00000000099999999990 0.00000000099999999990 
0.99999999200000011523 0.00000000099999999990 0.00000000099999999990 0.00000000099999999990 0.00000000099999999990 0.00000000099999999990 0.00000000099999999990 0.00000000099999999990 0.00000000099999999990 
0.08421424636033873756 0.00000163078061419955 0.00000000099999999996 0.21566147259379939150 0.00000000099999999996 0.31328970919009430096 0.22323190834988934639 0.00000000099999999996 0.16360102972526394116 
0.15416838527273768467 0.00169706309712840489 0.00000000099999999998 0.23695042797168128224 0.00308773204994849211 0.31740743884130662167 0.25045883474298774596 0.00000000099999999998 0.03623011602420969646 
0.30157147769371650536 0.03164641730990841451 0.00000000099999999998 0.31180201357620479508 0.00000000099999999998 0.20698956975637289313 0.14799051766379739403 0.00000000099999999998 0.00000000099999999998 
0.00000000099999999993 0.99999999200000011523 0.00000000099999999993 0.00000000099999999993 0.00000000099999999993 0.00000000099999999993 0.00000000099999999993 0.00000000099999999993 0.00000000099999999993 
0.00000000099999999997 0.98938470647565124327 0.00000000099999999997 0.01061528652434889052 0.00000000099999999997 0.00000000099999999997 0.00000000099999999997 0.00000000099999999997 0.00000000099999999997 
0.00000000099999999968 0.00000000099999999968 0.99999999200000011523 0.00000000099999999968 0.00000000099999999968 0.00000000099999999968 0.00000000099999999968 0.00000000099999999968 0.00000000099999999968 
0.00000000099999999995 0.99999999200000022626 0.00000000099999999995 0.00000000099999999995 0.00000000099999999995 0.00000000099999999995 0.00000000099999999995 0.00000000099999999995 0.00000000099999999995 
0.00000000099999999995 0.97923078591145240601 0.00000000099999999995 0.02076920708854776074 0.00000000099999999995 0.00000000099999999995 0.00000000099999999995 0.00000000099999999995 0.00000000099999999995 
0.00000000099999999997 0.00207334421262521515 0.00000000099999999997 0.44136075508703498382 0.00000000099999999997 0.55656589470033979161 0.00000000099999999997 0.00000000099999999997 0.00000000099999999997 
0.00000000099999999944 0.00000000099999999944 0.00000000099999999944 0.00000000099999999944 0.00000000099999999944 0.00000000099999999944 0.00000000099999999944 0.99999999199999989319 0.00000000099999999944 
0.23863285290702065944 0.00000000099999999999 0.00000000099999999999 0.24380329462676028629 0.00091656254372196415 0.33035451889917150092 0.18629275962493860308 0.00000000099999999999 0.00000000839838702818 
0.00000000099999999997 0.00000000099999999997 0.00000000099999999997 0.23943189021411970252 0.00000000099999999997 0.41015644080503677049 0.20342227946232949165 0.00000000099999999997 0.14698938451851401021 
0.29538711783647153553 0.00000000099999999997 0.00000000099999999997 0.70461287516352832938 0.00000000099999999997 0.00000000099999999997 0.00000000099999999997 0.00000000099999999997 0.00000000099999999997 
0.01798942752932701505 0.00349704774752092459 0.00000000099999999999 0.39047499267499419240 0.00000000099999999999 0.30954334491924462291 0.00001424444038968765 0.00000000099999999999 0.27848093968852355440 
0.00000000099999999989 0.00000000099999999989 0.00000000099999999989 0.99999999200000011523 0.00000000099999999989 0.00000000099999999989 0.00000000099999999989 0.00000000099999999989 0.00000000099999999989 
0.00000000099999999986 0.00000000099999999986 0.00000000099999999986 0.00000000099999999986 0.00000000099999999986 0.00000000099999999986 0.99999999199999989319 0.00000000099999999986 0.00000000099999999986 
0.43928524804232604861 0.00000000099999999998 0.00000000099999999998 0.35843973121750855038 0.00000000099999999998 0.20218331702164507591 0.00009169871852033628 0.00000000099999999998 0.00000000099999999998 
0.44972278158877065923 0.00000000099999999997 0.00000000099999999997 0.00000000156896406813 0.00000000099999999997 0.00000000099999999997 0.21561430789468016833 0.00000000099999999997 0.33466290394758507754 
0.27273203206105883778 0.01119934221380190081 0.00000000100000000000 0.37734857685263289984 0.02709743913195554813 0.24802192999798478024 0.00496914603474222540 0.00269741494675403062 0.05593411776106974737 
0.00000000099999999997 0.00000000099999999997 0.00000000099999999997 0.00000000099999999997 0.00000000099999999997 0.42663668738326054886 0.32711087365701985163 0.00000000099999999997 0.24625243295971940838 
0.39201628693707674111 0.00000000099999999994 0.00000000099999999994 0.00000000099999999994 0.00000000099999999994 0.60798370606292329033 0.00000000099999999994 0.00000000099999999994 0.00000000099999999994 
0.00000000099999999993 0.00000000099999999993 0.00000000099999999993 0.99999999200000011523 0.00000000099999999993 0.00000000099999999993 0.00000000099999999993 0.00000000099999999993 0.00000000099999999993 
0.15031566752072220150 0.00000000099999999997 0.00000000099999999997 0.22483517284256840374 0.00661292846624418965 0.29829181851002467551 0.12212109132882360829 0.00000000099999999997 0.19782331833161695411 
0.00000000099999999992 0.00000000099999999992 0.00000000099999999992 0.99999999200000000421 0.00000000099999999992 0.00000000099999999992 0.00000000099999999992 0.00000000099999999992 0.00000000099999999992 
0.00000000099999999997 0.00000000099999999997 0.00000000099999999997 0.45792383013706294825 0.00000000099999999997 0.40245189659376490177 0.13962426726917212538 0.00000000099999999997 0.00000000099999999997 
0.17216433679774237331 0.02462290012876210132 0.00000000099999999997 0.33329192100599919213 0.00000000099999999997 0.29819421881905000538 0.17172661924844642711 0.00000000099999999997 0.00000000099999999997 
0.34767780422265426310 0.00622523162866238811 0.00000000099999999999 0.23516954590081848298 0.00304549693063577804 0.28240550085474080966 0.11060427409587854364 0.00000000099999999999 0.01487214436660970474 
0.60959896344679165292 0.01761430368863605572 0.00000000099999999997 0.00000000099999999997 0.00000000099999999997 0.00000000099999999997 0.37278672686457242635 0.00000000099999999997 0.00000000099999999997 
0.26198851478685036831 0.00000000099999999998 0.00000000099999999998 0.17941586099271125687 0.00000000099999999998 0.17806861198749346364 0.13476760336077625579 0.00000000099999999998 0.24575940487216865749 
0.43760488107861572615 0.00497657608340051297 0.00000000099999999995 0.55741853683798370245 0.00000000099999999995 0.00000000099999999995 0.00000000099999999995 0.00000000099999999995 0.00000000099999999995 
0.26322694327029511063 0.00494422412418283556 0.06707397539932186126 0.17229422537974539709 0.00191714133593571612 0.00258577350659350974 0.27368874584016661400 0.00000000100000000000 0.21426897014375892447 
0.99999999200000022626 0.00000000099999999988 0.00000000099999999988 0.00000000099999999988 0.00000000099999999988 0.00000000099999999988 0.00000000099999999988 0.00000000099999999988 0.00000000099999999988 
0.00000000099999999994 0.00000000099999999994 0.00000000099999999994 0.55960365747911022805 0.00000000099999999994 0.00000000099999999994 0.19810785607002237563 0.00000000099999999994 0.24228848045086737173 
0.31731825113454981135 0.00000000099999999994 0.00000000099999999994 0.30046643651750970516 0.00000000099999999994 0.00000000099999999994 0.00000455885183730889 0.00000000099999999994 0.38221074849610314761 
0.56680349691891918074 0.00000000099999999996 0.00000000099999999996 0.02854999873120493345 0.00000000099999999996 0.00000000099999999996 0.40464649823992848710 0.00000000099999999996 0.00000000110994761967 
0.00000000099999999995 0.00000000099999999995 0.00000000099999999995 0.19695360062167788229 0.00000000099999999995 0.20452256225916734533 0.19997394992367673039 0.00000000099999999995 0.39854988219547815564 
0.37024630308249029120 0.00000000099999999999 0.00000000099999999999 0.28298151214307060153 0.00000126993865789740 0.00000000099999999999 0.34676543720197794407 0.00000000099999999999 0.00000547363380317019 
0.08960625865603723261 0.00447128624423909389 0.00000000099999999998 0.21224868914112618445 0.00155159879657037797 0.36829413397431565169 0.12723994354919010430 0.00000000099999999998 0.19658808763852134160 
0.31965410596612742200 0.00000000099999999996 0.00000000099999999996 0.43047559890431219554 0.00000000099999999996 0.16921426857471952299 0.00000000099999999996 0.00000000099999999996 0.08065602155484094538 
0.00000000099999999991 0.00000000099999999991 0.00000000099999999991 0.00000000099999999991 0.00000000099999999991 0.99999999200000011523 0.00000000099999999991 0.00000000099999999991 0.00000000099999999991 
0.00000000099999999992 0.99999999200000011523 0.00000000099999999992 0.00000000099999999992 0.00000000099999999992 0.00000000099999999992 0.00000000099999999992 0.00000000099999999992 0.00000000099999999992 
0.00000000099999999996 0.99999999200000011523 0.00000000099999999996 0.00000000099999999996 0.00000000099999999996 0.00000000099999999996 0.00000000099999999996 0.00000000099999999996 0.00000000099999999996 
0.00000000099999999956 0.00000000099999999956 0.00000000099999999956 0.00000000099999999956 0.00000000099999999956 0.00000000099999999956 0.00000000099999999956 0.99999999200000000421 0.00000000099999999956 
0.00000000099999999960 0.00000000099999999960 0.00000000099999999960 0.00000000099999999960 0.99999999200000000421 0.00000000099999999960 0.00000000099999999960 0.00000000099999999960 0.00000000099999999960 
0.00000000099999999998 0.88423811994287315752 0.00000000099999999998 0.00000000099999999998 0.03240214795600986075 0.00000000099999999998 0.08335972610111704040 0.00000000099999999998 0.00000000099999999998 
0.00000000099999999995 0.00000000099999999995 0.00000000099999999995 0.54706384982114564242 0.00000000099999999995 0.45293614317885427800 0.00000000099999999995 0.00000000099999999995 0.00000000099999999995 
0.00000000099999999992 0.00000000099999999992 0.00000000099999999992 0.00000000099999999992 0.00000000099999999992 0.99999999200000011523 0.00000000099999999992 0.00000000099999999992 0.00000000099999999992 
0.00000000099999999997 0.99549755794653727037 0.00000000099999999997 0.00000000099999999997 0.00450243505346279316 0.00000000099999999997 0.00000000099999999997 0.00000000099999999997 0.00000000099999999997 
0.07316401134443255294 0.00001243362812458006 0.00000000099999999997 0.29074283490862545820 0.00000000099999999997 0.24465370391624963187 0.15354928765902639554 0.00000000099999999997 0.23787772554354130738 
0.33543262126048434268 0.00000000099999999995 0.00000000099999999995 0.66287970202597989999 0.00168762035971737711 0.00000000099999999995 0.00000000099999999995 0.00000000099999999995 0.00000005135381838461 
0.57388605820327964757 0.00000000099999999994 0.00000000099999999994 0.00000000099999999994 0.00000000099999999994 0.00000000099999999994 0.42611393479672055040 0.00000000099999999994 0.00000000099999999994 
0.00000000099999999959 0.00000000099999999959 0.71129849168271475079 0.00000000099999999959 0.00000000099999999959 0.00000000099999999959 0.00000000099999999959 0.28870150131728533616 0.00000000099999999959 
0.00000000099999999955 0.00000000099999999955 0.99999999200000000421 0.00000000099999999955 0.00000000099999999955 0.00000000099999999955 0.00000000099999999955 0.00000000099999999955 0.00000000099999999955 
0.00000000099999999949 0.00000000099999999949 0.99999999200000011523 0.00000000099999999949 0.00000000099999999949 0.00000000099999999949 0.00000000099999999949 0.00000000099999999949 0.00000000099999999949 
0.00000000099999999950 0.00000000099999999950 0.99999999200000011523 0.00000000099999999950 0.00000000099999999950 0.00000000099999999950 0.00000000099999999950 0.00000000099999999950 0.00000000099999999950 
0.00000000099999999956 0.00000000099999999956 0.44053031289996141817 0.00000000099999999956 0.00000000099999999956 0.00000000099999999956 0.00000000099999999956 0.55946968010003850225 0.00000000099999999956 
0.00000000099999999996 0.99999999200000011523 0.00000000099999999996 0.00000000099999999996 0.00000000099999999996 0.00000000099999999996 0.00000000099999999996 0.00000000099999999996 0.00000000099999999996 
0.00000000099999999988 0.00000000099999999988 0.00000000099999999988 0.00000000099999999988 0.00000000099999999988 0.00000000099999999988 0.99999999200000000421 0.00000000099999999988 0.00000000099999999988 
0.00000000099999999957 0.00000000099999999957 0.51283101970783695478 0.00000000099999999957 0.00000000099999999957 0.00000000099999999957 0.00000000099999999957 0.48716897329216296564 0.00000000099999999957 
0.00000000099999999952 0.00000000099999999952 0.00000000099999999952 0.00000000099999999952 0.00000000099999999952 0.00000000099999999952 0.00000000099999999952 0.99999999199999989319 0.00000000099999999952 
0.00000000099999999958 0.00000000099999999958 0.00000000099999999958 0.00000000099999999958 0.99999999200000000421 0.00000000099999999958 0.00000000099999999958 0.00000000099999999958 0.00000000099999999958 
0.00000000099999999958 0.00000000099999999958 0.00000000099999999958 0.00000000099999999958 0.99999999200000000421 0.00000000099999999958 0.00000000099999999958 0.00000000099999999958 0.00000000099999999958 
0.38004898898005123886 0.00000000099999999996 0.00000000099999999996 0.00000000099999999996 0.00000000099999999996 0.00000034433063882298 0.26664931035699274142 0.00000000099999999996 0.35330135133231699296 
0.00000000099999999951 0.00000000099999999951 0.99999999200000011523 0.00000000099999999951 0.00000000099999999951 0.00000000099999999951 0.00000000099999999951 0.00000000099999999951 0.00000000099999999951 
0.00000000099999999992 0.00000000099999999992 0.00000000099999999992 0.99999999200000000421 0.00000000099999999992 0.00000000099999999992 0.00000000099999999992 0.00000000099999999992 0.00000000099999999992 
0.99999999200000022626 0.00000000099999999988 0.00000000099999999988 0.00000000099999999988 0.00000000099999999988 0.00000000099999999988 0.00000000099999999988 0.00000000099999999988 0.00000000099999999988 
0.00000000099999999996 0.94875866005025710770 0.00000000099999999996 0.00071336062171235446 0.00000000099999999996 0.00000000099999999996 0.00000000099999999996 0.00000000099999999996 0.05052797332803056485 
0.00000000099999999996 0.00000000099999999996 0.00000000099999999996 0.39093722546755305114 0.00000000099999999996 0.42476824262740453531 0.00000001472158714437 0.00000000099999999996 0.18429451218345518915 
0.00000000099999999988 0.99999999200000011523 0.00000000099999999988 0.00000000099999999988 0.00000000099999999988 0.00000000099999999988 0.00000000099999999988 0.00000000099999999988 0.00000000099999999988 
0.00000000099999999990 0.00000000099999999990 0.00000000099999999990 0.99999999200000000421 0.00000000099999999990 0.00000000099999999990 0.00000000099999999990 0.00000000099999999990 0.00000000099999999990 
0.00000000099999999991 0.99999999200000011523 0.00000000099999999991 0.00000000099999999991 0.00000000099999999991 0.00000000099999999991 0.00000000099999999991 0.00000000099999999991 0.00000000099999999991 
0.16491865121994744858 0.00264852973432655719 0.00000000099999999999 0.31303200112180112891 0.01420083337981556046 0.24394632956995337958 0.16424212823902187286 0.00000000099999999999 0.09701152473513412200 
0.00000000099999999993 0.00000000099999999993 0.00000000099999999993 0.00000000099999999993 0.00000000099999999993 0.99999999200000011523 0.00000000099999999993 0.00000000099999999993 0.00000000099999999993 
0.00000000099999999961 0.00000000099999999961 0.41684091429516623162 0.00000000099999999961 0.00000000099999999961 0.00000000099999999961 0.00000000099999999961 0.58315907870483352227 0.00000000099999999961 
0.00000000099999999992 0.99999999200000022626 0.00000000099999999992 0.00000000099999999992 0.00000000099999999992 0.00000000099999999992 0.00000000099999999992 0.00000000099999999992 0.00000000099999999992 
0.00000000099999999957 0.00000000099999999957 0.48553966782274898817 0.00000000099999999957 0.00000000099999999957 0.00000000099999999957 0.00000000099999999957 0.51446032517725093225 0.00000000099999999957 
0.00000000099999999950 0.00000000099999999950 0.99999999200000011523 0.00000000099999999950 0.00000000099999999950 0.00000000099999999950 0.00000000099999999950 0.00000000099999999950 0.00000000099999999950 
0.99999999200000011523 0.00000000099999999988 0.00000000099999999988 0.00000000099999999988 0.00000000099999999988 0.00000000099999999988 0.00000000099999999988 0.00000000099999999988 0.00000000099999999988 
0.07861929536331450918 0.01819737712600682719 0.00000000099999999997 0.26705253978342857746 0.00000000099999999997 0.24339308390061703546 0.20370516869446578245 0.00000000099999999997 0.18903253213216744677 
0.00000000213415765188 0.00000000099999999994 0.00000000099999999994 0.61143978018901057325 0.00000000099999999994 0.00000002932538978110 0.38856018335144210107 0.00000000099999999994 0.00000000099999999994 
0.13723170972038400972 0.00000000099999999998 0.00000000099999999998 0.23068380993338277740 0.00000000099999999998 0.27228394920196902218 0.26250568449373357094 0.00000000099999999998 0.09729484265053046921 
0.27914007193881984481 0.00000000099999999998 0.00000000099999999998 0.21571692501430955735 0.00000171713694577127 0.12281357570121684275 0.12540563909821947353 0.00000000099999999998 0.25692206811048856618 
0.35806950177211027686 0.00000000099999999995 0.00000000099999999995 0.64193049122788969907 0.00000000099999999995 0.00000000099999999995 0.00000000099999999995 0.00000000099999999995 0.00000000099999999995 
0.00000000099999999991 0.00000000099999999991 0.00000000099999999991 0.00000000099999999991 0.00000000099999999991 0.99999999200000000421 0.00000000099999999991 0.00000000099999999991 0.00000000099999999991 
0.00000000099999999995 0.97721437906837860243 0.00000000099999999995 0.00000000099999999995 0.00000000099999999995 0.02278561393162157819 0.00000000099999999995 0.00000000099999999995 0.00000000099999999995 
0.14520040887515225925 0.00000000099999999996 0.00000000099999999996 0.21665729256241833545 0.00000000099999999996 0.26680405575266963325 0.22098737853644156992 0.00000000099999999996 0.15035086027331831526 
0.00000000099999999947 0.00000000099999999947 0.00000000099999999947 0.00000000099999999947 0.00000000099999999947 0.00000000099999999947 0.00000000099999999947 0.99999999199999989319 0.00000000099999999947 
0.24319584515602063468 0.00000000099999999997 0.00000000099999999997 0.23157270203043642254 0.00000000099999999997 0.00000000099999999997 0.19797885222265546035 0.00000000099999999997 0.32725259559088754058 
0.00000000099999999977 0.00000000099999999977 0.00000000099999999977 0.00000000099999999977 0.00000000099999999977 0.00000000099999999977 0.00000000099999999977 0.99999999200000000421 0.00000000099999999977 
0.00000000099999999952 0.00000000099999999952 0.00000000099999999952 0.00000000099999999952 0.00000000099999999952 0.00000000099999999952 0.00000000099999999952 0.99999999199999989319 0.00000000099999999952 
0.25991400237521167238 0.00000000099999999996 0.00000000099999999996 0.26544073286723213201 0.00000000099999999996 0.00000000099999999996 0.12064095290424969864 0.00000000099999999996 0.35400430685330658287 
0.23255955391801666488 0.00000000099999999997 0.00000000099999999997 0.00000000099999999997 0.00000000099999999997 0.45872976667577086696 0.30871067340621244357 0.00000000099999999997 0.00000000099999999997 
0.99999999200000011523 0.00000000099999999989 0.00000000099999999989 0.00000000099999999989 0.00000000099999999989 0.00000000099999999989 0.00000000099999999989 0.00000000099999999989 0.00000000099999999989 
0.00000000099999999966 0.00000000099999999966 0.50084078800052123093 0.00000000099999999966 0.00000000099999999966 0.00000000099999999966 0.00000000099999999966 0.49915920499947874500 0.00000000099999999966 
0.00000000099999999991 0.99999999200000022626 0.00000000099999999991 0.00000000099999999991 0.00000000099999999991 0.00000000099999999991 0.00000000099999999991 0.00000000099999999991 0.00000000099999999991 
0.00000000099999999992 0.99999999200000022626 0.00000000099999999992 0.00000000099999999992 0.00000000099999999992 0.00000000099999999992 0.00000000099999999992 0.00000000099999999992 0.00000000099999999992 
0.00000000099999999955 0.00000000099999999955 0.99999999200000000421 0.00000000099999999955 0.00000000099999999955 0.00000000099999999955 0.00000000099999999955 0.00000000099999999955 0.00000000099999999955 
0.00000000099999999994 0.00000000099999999994 0.00000000099999999994 0.00000000099999999994 0.00000000099999999994 0.99999999200000011523 0.00000000099999999994 0.00000000099999999994 0.00000000099999999994 
0.47085474345695338405 0.03398036102529384400 0.00000000099999999999 0.00000000099999999999 0.00000000099999999999 0.37500787267101470812 0.12015701784673828156 0.00000000099999999999 0.00000000099999999999 
0.00000000099999999952 0.00000000099999999952 0.00000000099999999952 0.00000000099999999952 0.00000000099999999952 0.00000000099999999952 0.00000000099999999952 0.99999999199999989319 0.00000000099999999952 
0.05910773153018890336 0.00000000099999999997 0.00000000099999999997 0.49837011174016021542 0.00000000099999999997 0.15228473266276815190 0.18079483953321096035 0.00000000099999999997 0.10944258053367178496 
0.00000000099999999989 0.99999999200000011523 0.00000000099999999989 0.00000000099999999989 0.00000000099999999989 0.00000000099999999989 0.00000000099999999989 0.00000000099999999989 0.00000000099999999989 
0.00000000099999999992 0.00000000099999999992 0.08152037848749249527 0.00000000099999999992 0.06392206160063280962 0.00000000099999999992 0.00000000099999999992 0.00000000099999999992 0.85455755391187460113 
