0.00000000099999999999 0.56424741332312000619 0.00000000099999999999 0.00000000099999999999 0.02375122243772013336 0.41200136023915984174 0.00000000099999999999 
0.00000000099999999994 0.00000000099999999994 0.00000000099999999994 0.99999999399999994765 0.00000000099999999994 0.00000000099999999994 0.00000000099999999994 
0.00000000099999999994 0.00000000099999999994 0.00000000099999999994 0.99999999400000005867 0.00000000099999999994 0.00000000099999999994 0.00000000099999999994 
0.36231910402477951472 0.35345423687105237409 0.00000000099999999999 0.03459204957815103371 0.00000000099999999999 0.24963460652601718315 0.00000000099999999999 
0.23376741634099434952 0.47423344470371059378 0.00000000099999999999 0.00000000099999999999 0.00000000099999999999 0.22488907036606214929 0.06711006558923300613 
0.12789283219068756092 0.48135031650444015661 0.00000000099999999999 0.02144339586723431265 0.00237143692418546924 0.35527411876199604945 0.01166789875145631331 
0.00000000099999999996 0.00000000099999999996 0.00000000099999999996 0.98425092123906954278 0.00000000099999999996 0.00000000099999999996 0.01574907376093042169 
0.00000000099999999993 0.00000000099999999993 0.00000000099999999993 0.99999999400000005867 0.00000000099999999993 0.00000000099999999993 0.00000000099999999993 
0.99999999400000005867 0.00000000099999999995 0.00000000099999999995 0.00000000099999999995 0.00000000099999999995 0.00000000099999999995 0.00000000099999999995 
0.00000000099999999995 0.00000000099999999995 0.00000000099999999995 0.99999999400000005867 0.00000000099999999995 0.00000000099999999995 0.00000000099999999995 
0.00000000099999999995 0.00000000099999999995 0.00000000099999999995 0.00000000099999999995 0.00000000099999999995 0.99999999400000005867 0.00000000099999999995 
0.27031626547815740258 0.37624139451431154457 0.00000000099999999999 0.00925524632020533963 0.00563041081115957763 0.31870856191694468817 0.01984811995922150865 
0.22898056824687498811 0.34512156847924635450 0.00000000100000000000 0.00000000100000000000 0.00316887889783591583 0.40542085888654122439 0.01730812348950160409 
0.26796387598618132131 0.33107957391020176319 0.00000000099999999999 0.00000000099999999999 0.01428913174031928510 0.36462206475654673765 0.02204535160675100830 
0.00000000100000000000 0.48960964465161938008 0.00000000100000000000 0.00000000100000000000 0.01615247070353231437 0.47963282560151326850 0.01460505604333496577 
0.29323100533974860715 0.33517624142912544327 0.00000000099999999999 0.04638356723315713304 0.02535781246926856539 0.25323322498399569724 0.04661814754470466893 
0.31054146308866331649 0.27873545151369033546 0.00000000099999999999 0.00000000099999999999 0.00000000099999999999 0.41072085837969518618 0.00000222401795118352 
0.53853904147461828522 0.00000000099999999997 0.00000000099999999997 0.00000000099999999997 0.00000000099999999997 0.46146095352538174517 0.00000000099999999997 
0.34306691203579425808 0.39809468524658753186 0.00297697717496037259 0.00000000100000000000 0.00639443278519119356 0.24946699075746675556 0.00000000100000000000 
0.18845577478908207003 0.58980000637772234118 0.00000000099999999998 0.00000000099999999998 0.00245326509067628380 0.21929095074251941933 0.00000000099999999998 
0.00000000099999999998 0.58041918832391803384 0.00000000099999999998 0.00000000099999999998 0.00000000099999999998 0.41958080667608205205 0.00000000099999999998 
0.00000000099999999997 0.00000000099999999997 0.00000000099999999997 0.98970103252763486079 0.00000000099999999997 0.01029896247236519215 0.00000000099999999997 
0.40427999278779797043 0.00000000198151357722 0.00000000099999999998 0.00000000099999999998 0.00000000099999999998 0.59572000123068835631 0.00000000099999999998 
0.00000000099999999952 0.00000000099999999952 0.00000000099999999952 0.00000000099999999952 0.00000000099999999952 0.00000000099999999952 0.99999999399999994765 
0.00000000099999999998 0.33679646766170262540 0.00000000099999999998 0.01793919123606454655 0.00000000099999999998 0.64526433710223274343 0.00000000099999999998 
0.00000000099999999997 0.99999999400000005867 0.00000000099999999997 0.00000000099999999997 0.00000000099999999997 0.00000000099999999997 0.00000000099999999997 
0.00000000099999999972 0.00000000099999999972 0.00000000099999999972 0.00000000099999999972 0.99999999399999994765 0.00000000099999999972 0.00000000099999999972 
0.00000000099999999973 0.00000000099999999973 0.00000000099999999973 0.00000000099999999973 0.99999999400000005867 0.00000000099999999973 0.00000000099999999973 
0.26588940793019261166 0.21348497283643552702 0.00000000099999999999 0.00000000099999999999 0.00061950259172320035 0.50104653071937810260 0.01895958392227032469 
0.99999999400000005867 0.00000000099999999992 0.00000000099999999992 0.00000000099999999992 0.00000000099999999992 0.00000000099999999992 0.00000000099999999992 
0.00000000099999999998 0.40111293292692729029 0.00000000099999999998 0.00000000099999999998 0.00000000099999999998 0.54850618299216569174 0.05038088008090695763 
0.00000000099999999986 0.00000000099999999986 0.00000000099999999986 0.73426588624668487348 0.00000000099999999986 0.00000000099999999986 0.26573410875331521241 
0.00000000099999999974 0.00000000099999999974 0.00000000099999999974 0.00000000099999999974 0.35735010462101290951 0.00000000099999999974 0.64264989037898700985 
0.00006212583663072265 0.47744693803393911669 0.00000000099999999998 0.00000000099999999998 0.00000000099999999998 0.52249093212943009679 0.00000000099999999998 
0.00000000099999999968 0.00000000099999999968 0.99999999400000005867 0.00000000099999999968 0.00000000099999999968 0.00000000099999999968 0.00000000099999999968 
0.00000000099999999960 0.00000000099999999960 0.99999999400000005867 0.00000000099999999960 0.00000000099999999960 0.00000000099999999960 0.00000000099999999960 
0.00000000099999999960 0.00000000099999999960 0.99999999399999994765 0.00000000099999999960 0.00000000099999999960 0.00000000099999999960 0.00000000099999999960 
0.00000000099999999974 0.00000000099999999974 0.00000000099999999974 0.00000000099999999974 0.99999999400000005867 0.00000000099999999974 0.00000000099999999974 
0.00000000099999999970 0.00000000099999999970 0.00000000099999999970 0.00000000099999999970 0.99999999400000005867 0.00000000099999999970 0.00000000099999999970 
0.00000000099999999996 0.99999999400000005867 0.00000000099999999996 0.00000000099999999996 0.00000000099999999996 0.00000000099999999996 0.00000000099999999996 
0.00000000099999999996 0.00000000099999999996 0.00000000099999999996 0.99999999399999994765 0.00000000099999999996 0.00000000099999999996 0.00000000099999999996 
0.00000000099999999971 0.00000000099999999971 0.00000000099999999971 0.00000000099999999971 0.99999999400000005867 0.00000000099999999971 0.00000000099999999971 
0.99999999400000016969 0.00000000099999999995 0.00000000099999999995 0.00000000099999999995 0.00000000099999999995 0.00000000099999999995 0.00000000099999999995 
0.00000000099999999994 0.00000000099999999994 0.00000000099999999994 0.99999999400000005867 0.00000000099999999994 0.00000000099999999994 0.00000000099999999994 
0.00000000099999999974 0.00000000099999999974 0.00000000099999999974 0.00000000099999999974 0.99999999400000005867 0.00000000099999999974 0.00000000099999999974 
0.44963254234874078241 0.30108777286617521840 0.00000000099999999999 0.00156519724053768498 0.00003244939756677444 0.22159381931433488888 0.02608821783264450925 
0.00000000099999999971 0.00000000099999999971 0.00000000099999999971 0.00000000099999999971 0.99999999400000005867 0.00000000099999999971 0.00000000099999999971 
0.00000000099999999995 0.00000000099999999995 0.00000000099999999995 0.99999999400000005867 0.00000000099999999995 0.00000000099999999995 0.00000000099999999995 
0.00000000099999999992 0.00000000099999999992 0.00000000099999999992 0.99999999399999994765 0.00000000099999999992 0.00000000099999999992 0.00000000099999999992 
0.00000000099999999967 0.00000000099999999967 0.00000000099999999967 0.00000000099999999967 0.99999999400000005867 0.00000000099999999967 0.00000000099999999967 
0.00000000099999999970 0.00000000099999999970 0.00000000099999999970 0.00000000099999999970 0.99999999399999994765 0.00000000099999999970 0.00000000099999999970 
0.00000000099999999995 0.00000000099999999995 0.00000000099999999995 0.99999999399999994765 0.00000000099999999995 0.00000000099999999995 0.00000000099999999995 
0.00000000099999999996 0.00000000099999999996 0.00000000099999999996 0.99999999400000005867 0.00000000099999999996 0.00000000099999999996 0.00000000099999999996 
0.00000000099999999996 0.00000000099999999996 0.00000000099999999996 0.99999999399999994765 0.00000000099999999996 0.00000000099999999996 0.00000000099999999996 
0.00000000099999999975 0.00000000099999999975 0.00000000099999999975 0.00000000099999999975 0.99999999400000005867 0.00000000099999999975 0.00000000099999999975 
0.35777664522176294559 0.31402283140130216044 0.00000000100000000000 0.03555692829225267498 0.01141069073500938953 0.25720736850794895245 0.02402553484172382375 
0.00000000099999999999 0.63916367566172027637 0.00000000099999999999 0.00000000099999999999 0.02589292684591161520 0.33494339349236812442 0.00000000099999999999 
0.00000000099999999995 0.99999999400000005867 0.00000000099999999995 0.00000000099999999995 0.00000000099999999995 0.00000000099999999995 0.00000000099999999995 
0.27835100115769462192 0.31034934927365875890 0.00000000099999999999 0.00576283497847933021 0.00000000099999999999 0.39743815867797294139 0.00809865391219438679 
0.00000000099999999995 0.00000000099999999995 0.00000000099999999995 0.99999999400000005867 0.00000000099999999995 0.00000000099999999995 0.00000000099999999995 
0.51693186562590509592 0.47994944540856560034 0.00000000099999999999 0.00000000099999999999 0.00311868496552938652 0.00000000099999999999 0.00000000099999999999 
0.00000000099999999965 0.00000000099999999965 0.99999999400000005867 0.00000000099999999965 0.00000000099999999965 0.00000000099999999965 0.00000000099999999965 
0.43551041938162138312 0.56448957561837864727 0.00000000099999999997 0.00000000099999999997 0.00000000099999999997 0.00000000099999999997 0.00000000099999999997 
0.00000000099999999966 0.00000000099999999966 0.99999999399999994765 0.00000000099999999966 0.00000000099999999966 0.00000000099999999966 0.00000000099999999966 
0.56206268636116274440 0.21840211415922611282 0.00000000099999999998 0.00822093652871886370 0.00000000099999999998 0.14430691283311378181 0.06700734811777842026 
0.00000000099999999967 0.00000000099999999967 0.99999999399999994765 0.00000000099999999967 0.00000000099999999967 0.00000000099999999967 0.00000000099999999967 
0.00000166034974556950 0.43665942462650575440 0.00000000099999999998 0.00305802604273142748 0.00000000099999999998 0.56028088598101710716 0.00000000099999999998 
0.00000000099999999999 0.58742598243791399604 0.00000000099999999999 0.00000000099999999999 0.00312245018503336160 0.37059925537673171769 0.03885230900032101559 
0.00000000099999999993 0.00000000099999999993 0.00000000099999999993 0.99999999400000005867 0.00000000099999999993 0.00000000099999999993 0.00000000099999999993 
0.19311226902540568062 0.39193193533959869157 0.00000000099999999997 0.00000000099999999997 0.00000000099999999997 0.40587401650612592308 0.00908177612886991621 
0.00000000099999999968 0.00000000099999999968 0.99999999399999994765 0.00000000099999999968 0.00000000099999999968 0.00000000099999999968 0.00000000099999999968 
0.00000000099999999970 0.00000000099999999970 0.99999999400000005867 0.00000000099999999970 0.00000000099999999970 0.00000000099999999970 0.00000000099999999970 
0.10775222841976304922 0.45478720634458785765 0.00000000099999999999 0.07947900510162106413 0.00955154685074826627 0.34843001128327966143 0.00000000099999999999 
0.00000000099999999994 0.00000000099999999994 0.00000000099999999994 0.99999999399999994765 0.00000000099999999994 0.00000000099999999994 0.00000000099999999994 
0.00000000099999999977 0.00000000099999999977 0.00000000099999999977 0.00000000099999999977 0.99999999399999994765 0.00000000099999999977 0.00000000099999999977 
0.00000000099999999995 0.00000000099999999995 0.00000000099999999995 0.99999999399999994765 0.00000000099999999995 0.00000000099999999995 0.00000000099999999995 
0.22090129081105686071 0.43712292373848571359 0.00000000099999999999 0.03292858799395362301 0.00000000099999999999 0.30791730984272852600 0.00112988561377540373 
0.00000000099999999964 0.00000000099999999964 0.99999999400000005867 0.00000000099999999964 0.00000000099999999964 0.00000000099999999964 0.00000000099999999964 
0.00000000099999999965 0.00000000099999999965 0.00000000099999999965 0.00000000099999999965 0.99999999400000005867 0.00000000099999999965 0.00000000099999999965 
0.00000000099999999971 0.00000000099999999971 0.99999999399999994765 0.00000000099999999971 0.00000000099999999971 0.00000000099999999971 0.00000000099999999971 
0.00000000099999999996 0.99999999400000005867 0.00000000099999999996 0.00000000099999999996 0.00000000099999999996 0.00000000099999999996 0.00000000099999999996 
0.00000000099999999992 0.00000000099999999992 0.00000000099999999992 0.99999999399999994765 0.00000000099999999992 0.00000000099999999992 0.00000000099999999992 
0.00000000099999999993 0.00000000099999999993 0.00000000099999999993 0.99999999399999994765 0.00000000099999999993 0.00000000099999999993 0.00000000099999999993 
0.25441599743782039589 0.26005140032382417781 0.00000000099999999999 0.21924232449795819089 0.00000000099999999999 0.22273744583029780886 0.04355282991009960109 
0.18058133783054794441 0.55245777278254726284 0.00000000099999999999 0.00000000099999999999 0.02034444235990838859 0.22522272575798948924 0.02139371926900697496 
0.00000000099999999993 0.00000000099999999993 0.00000000099999999993 0.00000000099999999993 0.00000000099999999993 0.99999999399999994765 0.00000000099999999993 
0.00000000099999999994 0.00000000099999999994 0.00000000099999999994 0.00000000099999999994 0.00000000099999999994 0.99999999399999994765 0.00000000099999999994 
0.22039398824074013516 0.42844625837518246492 0.00000000099999999999 0.00000000099999999999 0.00000000099999999999 0.31108944899107993098 0.04007030139299757460 
0.32421233290144158001 0.39662507428784909980 0.00000000099999999997 0.00000000099999999997 0.00000000099999999997 0.27916258881070943332 0.00000000099999999997 
0.00000000099999999998 0.52623626714283755490 0.00000000099999999998 0.00000000099999999998 0.00000000099999999998 0.44443317326800668710 0.02933055558915588501 
0.05200290673224194221 0.50273464595329964144 0.00000000099999999999 0.00000000099999999999 0.00526405752879022335 0.42954805058085843150 0.01045033720480988311 
0.48841196136287007290 0.30339299239780836981 0.00000000099999999999 0.03450214028151225854 0.00000000099999999999 0.17369290295780939748 0.00000000099999999999 
0.00000000099999999994 0.00000000099999999994 0.00000000099999999994 0.99999999399999994765 0.00000000099999999994 0.00000000099999999994 0.00000000099999999994 
0.00000000099999999998 0.01994608434984308787 0.00000000099999999998 0.98005391065015701191 0.00000000099999999998 0.00000000099999999998 0.00000000099999999998 
0.00000000099999999979 0.00000000099999999979 0.99999999400000005867 0.00000000099999999979 0.00000000099999999979 0.00000000099999999979 0.00000000099999999979 
0.00000000099999999996 0.00000000099999999996 0.00000000099999999996 0.99999999399999994765 0.00000000099999999996 0.00000000099999999996 0.00000000099999999996 
0.00000000099999999997 0.00000000099999999997 0.00000000099999999997 0.97717506225046024682 0.00000000099999999997 0.00000000099999999997 0.02282493274953984949 
0.20799270611675516052 0.46877617579326347208 0.00000000099999999999 0.01660592166362142783 0.00561754684884794870 0.30100745780142890151 0.00000019077608324289 
0.00000000099999999959 0.00000000099999999959 0.99999999399999994765 0.00000000099999999959 0.00000000099999999959 0.00000000099999999959 0.00000000099999999959 
0.24266054280876722671 0.41603093487764708502 0.00000000099999999999 0.00000000099999999999 0.00187956972433600674 0.33942894958924957338 0.00000000099999999999 
0.18132619543753353275 0.45320626226460769548 0.00000000099999999999 0.01084109464237864411 0.00335763046861412614 0.35126531220881807016 0.00000350397804796667 
0.00000000139090950988 0.52952754211745722834 0.00000000099999999999 0.00000000099999999999 0.00181185106887941320 0.41866964769612569075 0.04999095572662822645 
0.36296914897262688715 0.15874244075448781799 0.00000000099999999999 0.01275585038096190352 0.00000000099999999999 0.44789619195603214141 0.01763636593589126833 
0.00000000099999999996 0.97113310141312558788 0.00000000099999999996 0.00000000099999999996 0.00000000099999999996 0.00000000099999999996 0.02886689358687457088 
0.37257096848266313405 0.32706046161847912579 0.00000000099999999999 0.02771303529759596221 0.00000000099999999999 0.24778477823236513822 0.02487075436889679345 
0.00000000099999999998 0.98693932709966369909 0.00000000099999999998 0.00000000099999999998 0.00000000099999999998 0.00000000099999999998 0.01306066790033640762 
0.46926222773937154020 0.25998405839028376763 0.00000000099999999999 0.00345562948890709189 0.00394351844081684312 0.26130075951500819631 0.00205380542561249026 
0.99871710293749171861 0.00000000099999999996 0.00000000099999999996 0.00000000099999999996 0.00128289206250838290 0.00000000099999999996 0.00000000099999999996 
0.26250326525181105763 0.22291873038206866386 0.00000000099999999999 0.00000000099999999999 0.00853660652015461943 0.49615531452407268809 0.00988608132189284367 
0.50240443288587710580 0.49759556211412292459 0.00000000099999999996 0.00000000099999999996 0.00000000099999999996 0.00000000099999999996 0.00000000099999999996 
0.00000000100000000000 0.68009448319781251602 0.00000000100000000000 0.01634748531893332260 0.02827213369455649702 0.26020021856883362998 0.01508567721986427135 
0.00000000099999999994 0.00000000099999999994 0.00000000099999999994 0.00000000099999999994 0.00000000099999999994 0.99999999400000005867 0.00000000099999999994 
0.00000000099999999995 0.99999999400000005867 0.00000000099999999995 0.00000000099999999995 0.00000000099999999995 0.00000000099999999995 0.00000000099999999995 
0.16489921034135757161 0.61896230097155258143 0.00000000099999999999 0.00000000099999999999 0.00000000099999999999 0.20169371232307090058 0.01444477336401889418 
0.30968492070294822982 0.62043165560426372096 0.00000000099999999998 0.00169855198142034535 0.00000000099999999998 0.00000000099999999998 0.06818486871136779370 
0.23102887900731444715 0.35888057884970681055 0.00000000100000000000 0.00375615667690683535 0.00369770421433182920 0.38977699795365067237 0.01285968229808943583 
0.29099566424363365602 0.36297722534876264433 0.00000000099999999999 0.02826993507501954911 0.00000000099999999999 0.28878893261877863763 0.02896824071380551743 
0.38322546572626314809 0.46485695596444054356 0.00000000099999999999 0.00000000099999999999 0.00000000099999999999 0.13845927192972146136 0.01345830337957494745 
0.99999999400000016969 0.00000000099999999993 0.00000000099999999993 0.00000000099999999993 0.00000000099999999993 0.00000000099999999993 0.00000000099999999993 
0.15191195448493249875 0.45543255229054513400 0.06999157315561149728 0.00955675177990228039 0.00000000100000000000 0.25356373365311835055 0.05954343363589021526 
0.00000001063327664311 0.63997530685674841600 0.00000000099999999998 0.00000000099999999998 0.00000000099999999998 0.36002467683515393393 0.00000000267482094181 
0.00000000099999999998 0.48831559387046535869 0.00000000099999999998 0.00015627893418612693 0.00000000099999999998 0.45274146344579990764 0.05878666074954852494 
0.37909283809224786355 0.00000000099999999997 0.00000000099999999997 0.00000000099999999997 0.00000000099999999997 0.60253223630886287854 0.01837492159888896165 
0.14658140145228326645 0.52737599278066626951 0.00000000099999999999 0.00000000099999999999 0.01263427936022329910 0.29071481619600414437 0.02269350821082311356 
0.04712344801428182406 0.30461617767354037811 0.00000000099999999998 0.00000017051896189749 0.00000000099999999998 0.60781008938095582028 0.04045011241226006971 
0.27335510791349787452 0.43967719824004408702 0.00192353647467844433 0.00000000100000000000 0.00064108804245116720 0.24229601421989910293 0.04210705410942933158 
0.45900679540178102034 0.10854291173751934307 0.00000000099999999999 0.00000034452933071846 0.00000000099999999999 0.40876122833903072440 0.02368871799233824432 
0.28909968668550267701 0.53622185301298685989 0.00000000099999999999 0.00000000099999999999 0.00000000099999999999 0.17327523596744603962 0.00140322133406430558 
0.00000000099999999992 0.00000000099999999992 0.00000000099999999992 0.00000000099999999992 0.00000000099999999992 0.99999999400000005867 0.00000000099999999992 
0.00000000099999999993 0.00000000099999999993 0.00000000099999999993 0.99999999400000005867 0.00000000099999999993 0.00000000099999999993 0.00000000099999999993 
0.00000000099999999997 0.00000000099999999997 0.00000000099999999997 0.99071859381075444428 0.00000000099999999997 0.00928140118924550804 0.00000000099999999997 
0.00000000099999999973 0.00000000099999999973 0.99999999399999994765 0.00000000099999999973 0.00000000099999999973 0.00000000099999999973 0.00000000099999999973 
0.00000000099999999967 0.00000000099999999967 0.00000000099999999967 0.00000000099999999967 0.99999999399999994765 0.00000000099999999967 0.00000000099999999967 
0.00000000099999999999 0.00000000099999999999 0.00000000099999999999 0.89294875503320847443 0.02843608957291796774 0.00000000099999999999 0.07861515139387341422 
0.00000000099999999995 0.99999999400000016969 0.00000000099999999995 0.00000000099999999995 0.00000000099999999995 0.00000000099999999995 0.00000000099999999995 
0.35240377080365792306 0.64367550141397211760 0.00000000099999999999 0.00392072378236997445 0.00000000099999999999 0.00000000099999999999 0.00000000099999999999 
0.00000000099999999999 0.00000000099999999999 0.00000000099999999999 0.99534583589261316217 0.00463480848468683648 0.00000000099999999999 0.00001935162270011196 
0.35825530803763966370 0.63277614500389445240 0.00000000099999999998 0.00896831741376384779 0.00000000099999999998 0.00000022654470207377 0.00000000099999999998 
0.39697764107879845996 0.57944748009211233253 0.00000000099999999998 0.00000000099999999998 0.00815628860309209995 0.00000002255351894469 0.01541856567247835465 
0.99999999400000016969 0.00000000099999999992 0.00000000099999999992 0.00000000099999999992 0.00000000099999999992 0.00000000099999999992 0.00000000099999999992 
0.00000000099999999964 0.00000000099999999964 0.99999999400000005867 0.00000000099999999964 0.00000000099999999964 0.00000000099999999964 0.00000000099999999964 
0.00000000099999999966 0.00000000099999999966 0.99999999399999994765 0.00000000099999999966 0.00000000099999999966 0.00000000099999999966 0.00000000099999999966 
0.00000000099999999959 0.00000000099999999959 0.99999999400000005867 0.00000000099999999959 0.00000000099999999959 0.00000000099999999959 0.00000000099999999959 
0.00000000099999999961 0.00000000099999999961 0.99999999400000005867 0.00000000099999999961 0.00000000099999999961 0.00000000099999999961 0.00000000099999999961 
0.00000000099999999962 0.00000000099999999962 0.99999999400000005867 0.00000000099999999962 0.00000000099999999962 0.00000000099999999962 0.00000000099999999962 
0.00000000099999999997 0.00000000099999999997 0.00000000099999999997 0.99999999399999994765 0.00000000099999999997 0.00000000099999999997 0.00000000099999999997 
0.49950266641541346546 0.30948772373883970399 0.00000000099999999999 0.00000000099999999999 0.00373341061811153195 0.15563181535050324422 0.03164438187713217165 
0.00000000099999999962 0.00000000099999999962 0.99999999399999994765 0.00000000099999999962 0.00000000099999999962 0.00000000099999999962 0.00000000099999999962 
0.00000000099999999967 0.00000000099999999967 0.99999999400000005867 0.00000000099999999967 0.00000000099999999967 0.00000000099999999967 0.00000000099999999967 
0.00000000099999999965 0.00000000099999999965 0.00000000099999999965 0.00000000099999999965 0.99999999400000005867 0.00000000099999999965 0.00000000099999999965 
0.00000000099999999965 0.00000000099999999965 0.00000000099999999965 0.00000000099999999965 0.99999999399999994765 0.00000000099999999965 0.00000000099999999965 
0.53342195705603923095 0.00000000099999999997 0.00000000099999999997 0.00000000099999999997 0.00000000099999999997 0.46657803794396085495 0.00000000099999999997 
0.00000000099999999964 0.00000000099999999964 0.99999999399999994765 0.00000000099999999964 0.00000000099999999964 0.00000000099999999964 0.00000000099999999964 
0.00000000099999999995 0.99999999400000016969 0.00000000099999999995 0.00000000099999999995 0.00000000099999999995 0.00000000099999999995 0.00000000099999999995 
0.46260746445375444669 0.33907758382727953839 0.00000000099999999998 0.00000000099999999998 0.00000000099999999998 0.19825256257084811207 0.00006238614811793125 
0.02904114629827523816 0.00000014334936144398 0.00000000099999999998 0.95465289029466138260 0.00000000099999999998 0.00000000099999999998 0.01630581705770195108 
0.28316984462289968016 0.40138622407928420399 0.00000000099999999998 0.00466011873998342478 0.00000000099999999998 0.31078380955783274642 0.00000000099999999998 
0.00000000099999999992 0.00000000099999999992 0.00000000099999999992 0.99999999400000005867 0.00000000099999999992 0.00000000099999999992 0.00000000099999999992 
0.18390325674293100944 0.40512707401598180290 0.00000000099999999999 0.00391285985269920669 0.00000000099999999999 0.36382094651097252047 0.04323586087741562722 
0.00000000099999999993 0.00000000099999999993 0.00000000099999999993 0.99999999399999994765 0.00000000099999999993 0.00000000099999999993 0.00000000099999999993 
0.10329257739887315326 0.43220415626316233126 0.00000000099999999999 0.00000000596541723398 0.01314194264902648381 0.41248542505807095360 0.03887589166544991315 
0.38145935330516900219 0.37685849508464902557 0.00000000099999999999 0.00000000099999999999 0.00908771742976200933 0.20894401028035952672 0.02365042190006052050 
0.00000000099999999967 0.00000000099999999967 0.99999999399999994765 0.00000000099999999967 0.00000000099999999967 0.00000000099999999967 0.00000000099999999967 
0.00000000099999999994 0.00000000099999999994 0.00000000099999999994 0.99999999400000005867 0.00000000099999999994 0.00000000099999999994 0.00000000099999999994 
0.00000000099999999962 0.00000000099999999962 0.99999999400000005867 0.00000000099999999962 0.00000000099999999962 0.00000000099999999962 0.00000000099999999962 
0.00000000099999999962 0.00000000099999999962 0.99999999399999994765 0.00000000099999999962 0.00000000099999999962 0.00000000099999999962 0.00000000099999999962 
0.99999999400000016969 0.00000000099999999994 0.00000000099999999994 0.00000000099999999994 0.00000000099999999994 0.00000000099999999994 0.00000000099999999994 
0.00000000099999999994 0.00000000099999999994 0.00000000099999999994 0.00000000099999999994 0.00000000099999999994 0.99999999400000005867 0.00000000099999999994 
0.58972229182930868685 0.41027770317069128803 0.00000000099999999996 0.00000000099999999996 0.00000000099999999996 0.00000000099999999996 0.00000000099999999996 
0.28706022255597596349 0.29435463111753934484 0.00000000099999999998 0.00000000099999999998 0.00000000099999999998 0.37340729764068686380 0.04517784568579785720 
0.00000000099999999998 0.48213864903715564214 0.00000000099999999998 0.00000000099999999998 0.00551002762412185296 0.46878280704092717412 0.04356851329779529852 
0.20850488167124714423 0.50948878988763901532 0.00000000099999999999 0.00405242513697674431 0.00463108947633350618 0.24741484974639399441 0.02590796308140948245 
0.19389744639750830513 0.32631558167160928940 0.00000000099999999998 0.00000000099999999998 0.00000000099999999998 0.47978696793088237982 0.00000000099999999998 
0.00000000099999999996 0.03358621307564529229 0.00000000099999999996 0.96641378192435478667 0.00000000099999999996 0.00000000099999999996 0.00000000099999999996 
0.03978160253255345197 0.59631338835502378792 0.00000000099999999998 0.00000000099999999998 0.00000000099999999998 0.36069580953665419942 0.00320919657576881597 
0.00000000099999999961 0.00000000099999999961 0.99999999400000005867 0.00000000099999999961 0.00000000099999999961 0.00000000099999999961 0.00000000099999999961 
0.00000000099999999997 0.45936823078583299829 0.00000000099999999997 0.00000000099999999997 0.00000000099999999997 0.54063176421416692108 0.00000000099999999997 
0.00000000099999999988 0.00000000099999999988 0.99999999399999994765 0.00000000099999999988 0.00000000099999999988 0.00000000099999999988 0.00000000099999999988 
0.00000000099999999967 0.00000000099999999967 0.99999999400000005867 0.00000000099999999967 0.00000000099999999967 0.00000000099999999967 0.00000000099999999967 
0.23303933677750029996 0.53868454005765920023 0.00000000099999999999 0.02428083670973545105 0.00000000099999999999 0.20023130057292631845 0.00376398388217875392 
0.29035289136675002108 0.50723972953667695318 0.00000000099999999999 0.00000000099999999999 0.00304047104719519122 0.19936690504937790158 0.00000000099999999999 
0.42080303462091206423 0.33160685318633903451 0.00000000099999999999 0.01492391728248659497 0.00000000099999999999 0.23266619189847845273 0.00000000101178391661 
0.00000000099999999970 0.00000000099999999970 0.99999999400000005867 0.00000000099999999970 0.00000000099999999970 0.00000000099999999970 0.00000000099999999970 
0.00000000099999999993 0.00000000099999999993 0.00000000099999999993 0.99999999400000005867 0.00000000099999999993 0.00000000099999999993 0.00000000099999999993 
0.00000000099999999994 0.00000000099999999994 0.00000000099999999994 0.99999999399999994765 0.00000000099999999994 0.00000000099999999994 0.00000000099999999994 
0.00000000099999999967 0.00000000099999999967 0.99999999399999994765 0.00000000099999999967 0.00000000099999999967 0.00000000099999999967 0.00000000099999999967 
0.41398367146673137329 0.33884389769352840638 0.00000000099999999999 0.00210507946347725456 0.00017503412771254162 0.24489231524855051281 0.00000000099999999999 
0.00000000099999999998 0.00000000099999999998 0.00000000099999999998 0.00000000099999999998 0.00000000099999999998 0.99999999400000005867 0.00000000099999999998 
0.00000000099999999968 0.00000000099999999968 0.99999999400000005867 0.00000000099999999968 0.00000000099999999968 0.00000000099999999968 0.00000000099999999968 
0.00000000099999999998 0.51737629730027223651 0.00000000099999999998 0.00000000099999999998 0.00000000099999999998 0.43071024748735664556 0.05191345121237121718 
0.00000000099999999992 0.00000000099999999992 0.00000000099999999992 0.99999999400000005867 0.00000000099999999992 0.00000000099999999992 0.00000000099999999992 
0.00000000099999999999 0.00000000099999999999 0.10010056456133363534 0.19594506518405263584 0.10535041413140885935 0.59860395312320469063 0.00000000099999999999 
0.99999999400000005867 0.00000000099999999995 0.00000000099999999995 0.00000000099999999995 0.00000000099999999995 0.00000000099999999995 0.00000000099999999995 
0.99999999400000005867 0.00000000099999999994 0.00000000099999999994 0.00000000099999999994 0.00000000099999999994 0.00000000099999999994 0.00000000099999999994 
0.99999999400000016969 0.00000000099999999994 0.00000000099999999994 0.00000000099999999994 0.00000000099999999994 0.00000000099999999994 0.00000000099999999994 
0.00000000099999999997 0.99990978664597629511 0.00000000099999999997 0.00000000099999999997 0.00000000099999999997 0.00000000099999999997 0.00009020835402380012 
0.18415056719441919020 0.32584085823727215736 0.00000000099999999999 0.00000000099999999999 0.00000000099999999999 0.46765393487099116143 0.02235463669731756198 
0.25108826128836825298 0.42733279236158611125 0.00000000099999999999 0.00000000099999999999 0.00000000099999999999 0.29114784200863558228 0.03043110134141020773 
0.00000000099999999998 0.91140518363816835912 0.00000000099999999998 0.00000000099999999998 0.00009206139335827720 0.00000000099999999998 0.08850275096847347311 
0.00000000099999999994 0.00000000099999999994 0.00000000099999999994 0.00000000099999999994 0.00000000099999999994 0.99999999400000005867 0.00000000099999999994 
0.00000000099999999995 0.00000000099999999995 0.00000000099999999995 0.99999999399999994765 0.00000000099999999995 0.00000000099999999995 0.00000000099999999995 
0.15283080859258399431 0.00000000099999999996 0.00000000099999999996 0.00000000099999999996 0.00000000099999999996 0.84716918640741600832 0.00000000099999999996 
0.23225973176208467019 0.31763389195242258678 0.00000000099999999999 0.00000000099999999999 0.00287519473521849044 0.44090269859395020413 0.00632848095632405645 
0.46012052592064567325 0.00000000099999999998 0.00000000099999999998 0.03372187751773349229 0.00000000099999999998 0.49411270060817558125 0.01204489295344529642 
0.00000000099999999994 0.99999999400000016969 0.00000000099999999994 0.00000000099999999994 0.00000000099999999994 0.00000000099999999994 0.00000000099999999994 
0.42939516933749061200 0.54803591596039902267 0.00000000099999999998 0.02256891070211039865 0.00000000099999999998 0.00000000099999999998 0.00000000099999999998 
0.00000000099999999994 0.99999999400000016969 0.00000000099999999994 0.00000000099999999994 0.00000000099999999994 0.00000000099999999994 0.00000000099999999994 
0.20882945385718792997 0.47943182029635389441 0.00000000099999999999 0.00150770322005741976 0.00000000099999999999 0.27085128559173610174 0.03937973503466472153 
0.03160970322507863223 0.00000000099999999996 0.00000000099999999996 0.96839029177492130795 0.00000000099999999996 0.00000000099999999996 0.00000000099999999996 
0.00000000099999999994 0.00000000099999999994 0.00000000099999999994 0.00000000099999999994 0.00000000099999999994 0.99999999400000005867 0.00000000099999999994 
0.54998031578719241974 0.43922624436475660170 0.00000000099999999999 0.00000000099999999999 0.00084719005734222380 0.00000000099999999999 0.00994624679070863112 
0.23183307772117855983 0.52806365074711714147 0.00659673788933107762 0.00141658028429529886 0.00000000100000000000 0.20905281424225044540 0.02303713811582746782 
0.00000000099999999997 0.00000000099999999997 0.00000000099999999997 0.98942107268125079056 0.00000000099999999997 0.01057892231874926064 0.00000000099999999997 
0.36138603242556144313 0.32753599155851853553 0.01796633018524543615 0.01968844031919646242 0.00000000100000000000 0.27342320351147797464 0.00000000100000000000 
0.32158845281156178686 0.42938117939349146335 0.00000000100000000000 0.00225957694967183305 0.00000000262833853903 0.21573269718197263245 0.03103809003496366473 
0.00000000099999999998 0.23400941157789537095 0.00000000099999999998 0.46376160759021511915 0.00758130279270999383 0.27307360058972074413 0.02157407544945885713 
0.54991205206232984803 0.43883227513329298164 0.00000000099999999997 0.00159568219815025940 0.00000000099999999997 0.00000000099999999997 0.00965998760622685006 
0.00000000099999999969 0.00000000099999999969 0.99999999400000005867 0.00000000099999999969 0.00000000099999999969 0.00000000099999999969 0.00000000099999999969 
0.23369467143683220201 0.31993053494839995832 0.00000000099999999999 0.01132278357103719095 0.01308562910692070633 0.42196637893681004927 0.00000000099999999999 
0.24142613800601522844 0.45433888858712834224 0.00000000099999999999 0.01917420532334717168 0.00007715261707661490 0.25883134823344083886 0.02615226623299172007 
