0.24530923565131379505 0.41655691477889128516 0.00000000100000000000 0.31690810244029449239 0.02122573780415233299 0.00000000832534797836 
0.00000000099999999995 0.00000000099999999995 0.00000000099999999995 0.00000000099999999995 0.00000000099999999995 0.99999999500000003039 
0.00000000099999999995 0.00000000099999999995 0.00000000099999999995 0.00000000099999999995 0.00000000099999999995 0.99999999499999991937 
0.16229726125954571647 0.21859722028864289611 0.00000000099999999999 0.58370261508398235684 0.00000000099999999999 0.03540290136782903857 
0.30272362693470511452 0.31295517883070050891 0.00000000099999999999 0.37892702305321185330 0.00539416918138242198 0.00000000099999999999 
0.21032180227673646922 0.44290447375056529733 0.00000000099999999999 0.32114042621069288641 0.00052012265270769110 0.02511317410929768748 
0.00000000099999999996 0.00000000099999999996 0.00000000099999999996 0.00000000099999999996 0.00000000099999999996 0.99999999499999991937 
0.00000000099999999994 0.00000000099999999994 0.00000000099999999994 0.00000000099999999994 0.00000000099999999994 0.99999999499999991937 
0.22800115692465816597 0.27412107634739518724 0.00000000099999999999 0.48353722326227049910 0.01434054146567616435 0.00000000099999999999 
0.00000000099999999995 0.00000000099999999995 0.00000000099999999995 0.00000000099999999995 0.00000000099999999995 0.99999999499999991937 
0.00000000099999999997 0.00000000099999999997 0.00000000099999999997 0.99999999500000003039 0.00000000099999999997 0.00000000099999999997 
0.20775623577625004779 0.28699758153975230002 0.00000000099999999999 0.48554921883973878316 0.00611643000387957717 0.01358053284037928632 
0.34161943307835046513 0.00000000099999999999 0.00000000099999999999 0.65838056292164959249 0.00000000099999999999 0.00000000099999999999 
0.22104756273500397734 0.34070309768336698442 0.00000000099999999999 0.42353082856403406753 0.01455263824294568582 0.00016587177464946068 
0.19061034675825910822 0.21527790923353887220 0.00298316733299296664 0.57365107502417755914 0.01747750065103139544 0.00000000100000000000 
0.19390881963486705786 0.30837679728834810344 0.00000000099999999999 0.41625272691759879207 0.02839087755533589719 0.05307077760385017773 
0.00000000099999999998 0.32746669691752361420 0.00000000099999999998 0.67253329908247627689 0.00000000099999999998 0.00000000099999999998 
0.11822742786227766199 0.36358249579796358963 0.00000240316103659989 0.51657187522030023619 0.00161579695842184066 0.00000000099999999999 
0.12125996596188831633 0.44727656456488096293 0.00110521697338667965 0.42241925146552666837 0.00793900003431738908 0.00000000100000000000 
0.00000000099999999995 0.99999999500000014141 0.00000000099999999995 0.00000000099999999995 0.00000000099999999995 0.00000000099999999995 
0.23327828219369597940 0.30789620742871542936 0.00000000099999999999 0.45882550737758864834 0.00000000099999999999 0.00000000099999999999 
0.00000000099999999997 0.01584339626378193297 0.00000000099999999997 0.00000000099999999997 0.00000000099999999997 0.98415659973621816281 
0.36848421230432981677 0.00000000099999999998 0.00000000099999999998 0.62796362098291447218 0.00000000099999999998 0.00355216371275567230 
0.99999999500000003039 0.00000000099999999986 0.00000000099999999986 0.00000000099999999986 0.00000000099999999986 0.00000000099999999986 
0.15848361701265645252 0.26283375785703588789 0.00000000099999999998 0.55301384597411040733 0.00000000099999999998 0.02566877715619715963 
0.29791247012426580465 0.28982362314328335984 0.00000000099999999999 0.41226390365555376505 0.00000000107689696568 0.00000000099999999999 
0.00000000099999999978 0.00000000099999999978 0.00000000099999999978 0.00000000099999999978 0.99999999499999991937 0.00000000099999999978 
0.00000000099999999975 0.00000000099999999975 0.00000000099999999975 0.00000000099999999975 0.99999999499999991937 0.00000000099999999975 
0.29751439111988714492 0.00000000099999999999 0.00000000099999999999 0.70248560488011291270 0.00000000099999999999 0.00000000099999999999 
0.24978694493798797582 0.20403848703143515064 0.00000000099999999999 0.53784985606487289989 0.00832470996570397644 0.00000000099999999999 
0.00000001001522150950 0.37335585210502347797 0.00000000099999999998 0.61465939506315636631 0.00000000099999999998 0.01198474081659848395 
0.05175933046696720718 0.00000000099999999996 0.00000000099999999996 0.00000000099999999996 0.00000000099999999996 0.94824066553303276716 
0.48216699238884608292 0.00000000099999999992 0.00000000099999999992 0.00000000099999999992 0.35289949851723645402 0.16493350609391749240 
0.00000000099999999998 0.51004401835183688085 0.00000000099999999998 0.48995597764816312125 0.00000000099999999998 0.00000000099999999998 
0.00000000099999999975 0.00000000099999999975 0.99999999499999991937 0.00000000099999999975 0.00000000099999999975 0.00000000099999999975 
0.00000000099999999968 0.00000000099999999968 0.99999999499999991937 0.00000000099999999968 0.00000000099999999968 0.00000000099999999968 
0.00000000099999999969 0.00000000099999999969 0.99999999500000003039 0.00000000099999999969 0.00000000099999999969 0.00000000099999999969 
0.00000000099999999979 0.00000000099999999979 0.00000000099999999979 0.00000000099999999979 0.99999999500000003039 0.00000000099999999979 
0.00000000099999999976 0.00000000099999999976 0.00000000099999999976 0.00000000099999999976 0.99999999499999991937 0.00000000099999999976 
0.39896940259181801203 0.00140592280385782469 0.00000000099999999998 0.59962467160432419977 0.00000000099999999998 0.00000000099999999998 
0.00000000099999999997 0.00000000099999999997 0.00000000099999999997 0.00000000099999999997 0.00000000099999999997 0.99999999499999991937 
0.00000000099999999977 0.00000000099999999977 0.00000000099999999977 0.00000000099999999977 0.99999999499999991937 0.00000000099999999977 
0.25082066662091251352 0.23295379627151452384 0.00000000099999999999 0.49095404425017896699 0.00680071884000336534 0.01847077301739060567 
0.00000000099999999995 0.00000000099999999995 0.00000000099999999995 0.00000000099999999995 0.00000000099999999995 0.99999999500000003039 
0.00000000099999999980 0.00000000099999999980 0.00000000099999999980 0.00000000099999999980 0.99999999500000003039 0.00000000099999999980 
0.00000000099999999997 0.00000000099999999997 0.00000000099999999997 0.99999999500000003039 0.00000000099999999997 0.00000000099999999997 
0.00000000099999999978 0.00000000099999999978 0.00000000099999999978 0.00000000099999999978 0.99999999499999991937 0.00000000099999999978 
0.00000000099999999996 0.00000000099999999996 0.00000000099999999996 0.00000000099999999996 0.00000000099999999996 0.99999999499999991937 
0.00000000099999999993 0.00000000099999999993 0.00000000099999999993 0.00000000099999999993 0.00000000099999999993 0.99999999499999991937 
0.00000000099999999975 0.00000000099999999975 0.00000000099999999975 0.00000000099999999975 0.99999999500000003039 0.00000000099999999975 
0.00000000099999999977 0.00000000099999999977 0.00000000099999999977 0.00000000099999999977 0.99999999500000003039 0.00000000099999999977 
0.00000000099999999996 0.00000000099999999996 0.00000000099999999996 0.00000000099999999996 0.00000000099999999996 0.99999999500000003039 
0.00000000099999999996 0.00000000099999999996 0.00000000099999999996 0.00000000099999999996 0.00000000099999999996 0.99999999499999991937 
0.00000000099999999997 0.00000000099999999997 0.00000000099999999997 0.00000000099999999997 0.00000000099999999997 0.99999999500000003039 
0.00000000099999999980 0.00000000099999999980 0.00000000099999999980 0.00000000099999999980 0.99999999500000003039 0.00000000099999999980 
0.18135538897846725792 0.18667748784060117506 0.00000000100000000000 0.58221187182643152624 0.01325694642207835006 0.03649830393242164961 
0.18445879199073186849 0.25797012274367742135 0.00000000100000000000 0.53364418999184781711 0.02392689327374273103 0.00000000100000000000 
0.19463549300268498388 0.43313629605267478517 0.00000000099999999999 0.35582638784417891520 0.00000000099999999999 0.01640182110046142436 
0.26153599422034284894 0.23908627101311330510 0.00000000099999999999 0.49479323202529290615 0.00000000099999999999 0.00458450074125090010 
0.00000000099999999995 0.00000000099999999995 0.00000000099999999995 0.00000000099999999995 0.00000000099999999995 0.99999999499999991937 
0.00000000099999999999 0.33360576489656029731 0.00000000099999999999 0.66410320845905157494 0.00229102364438793808 0.00000000099999999999 
0.00000000099999999973 0.00000000099999999973 0.99999999500000003039 0.00000000099999999973 0.00000000099999999973 0.00000000099999999973 
0.00000000099999999993 0.99999999500000003039 0.00000000099999999993 0.00000000099999999993 0.00000000099999999993 0.00000000099999999993 
0.00000000099999999973 0.00000000099999999973 0.99999999500000003039 0.00000000099999999973 0.00000000099999999973 0.00000000099999999973 
0.24796504284677645114 0.15777067897554544751 0.00000000099999999999 0.56113031031511595437 0.00000000099999999999 0.03313396586256211335 
0.00000000099999999974 0.00000000099999999974 0.99999999499999991937 0.00000000099999999974 0.00000000099999999974 0.00000000099999999974 
0.00000000099999999995 0.99999999500000014141 0.00000000099999999995 0.00000000099999999995 0.00000000099999999995 0.00000000099999999995 
0.24879372512766367853 0.50136498809765772666 0.00000000100000000000 0.24304513835304894509 0.00391077632113974883 0.00288537110048977781 
0.00000000099999999994 0.00000000099999999994 0.00000000099999999994 0.00000000099999999994 0.00000000099999999994 0.99999999500000003039 
0.15931051393994161147 0.53445252970192269615 0.00000000099999999997 0.30623695335813572171 0.00000000099999999997 0.00000000099999999997 
0.00000000099999999974 0.00000000099999999974 0.99999999499999991937 0.00000000099999999974 0.00000000099999999974 0.00000000099999999974 
0.00000000099999999976 0.00000000099999999976 0.99999999499999991937 0.00000000099999999976 0.00000000099999999976 0.00000000099999999976 
0.21909533984603224432 0.26784249947378607759 0.00000000099999999999 0.42552842176197624990 0.01035023762107149803 0.07718350029713383353 
0.00000000099999999994 0.00000000099999999994 0.00000000099999999994 0.00000000099999999994 0.00000000099999999994 0.99999999500000003039 
0.00000000099999999982 0.00000000099999999982 0.00000000099999999982 0.00000000099999999982 0.99999999499999991937 0.00000000099999999982 
0.00000000099999999995 0.00000000099999999995 0.00000000099999999995 0.00000000099999999995 0.00000000099999999995 0.99999999499999991937 
0.24501030197677706179 0.36974602624203795065 0.00000000099999999999 0.35394752268034113118 0.00000000099999999999 0.03129614710084403090 
0.00000000099999999971 0.00000000099999999971 0.99999999499999991937 0.00000000099999999971 0.00000000099999999971 0.00000000099999999971 
0.00000000099999999973 0.00000000099999999973 0.00000000099999999973 0.00000000099999999973 0.99999999499999991937 0.00000000099999999973 
0.00000000099999999977 0.00000000099999999977 0.99999999499999991937 0.00000000099999999977 0.00000000099999999977 0.00000000099999999977 
0.99999999500000003039 0.00000000099999999993 0.00000000099999999993 0.00000000099999999993 0.00000000099999999993 0.00000000099999999993 
0.00000000099999999993 0.00000000099999999993 0.00000000099999999993 0.00000000099999999993 0.00000000099999999993 0.99999999500000003039 
0.00000000099999999994 0.00000000099999999994 0.00000000099999999994 0.00000000099999999994 0.00000000099999999994 0.99999999499999991937 
0.17997438497399417812 0.16943303998375752739 0.00000000099999999999 0.42370669916572351044 0.00000000099999999999 0.22688587387652481286 
0.29682736220929839543 0.14835151452871411792 0.00000000099999999999 0.53201639508018527813 0.02280472618180229283 0.00000000099999999999 
0.00000000099999999995 0.00000000099999999995 0.00000000099999999995 0.99999999500000003039 0.00000000099999999995 0.00000000099999999995 
0.15105443194866305379 0.44104314215870921156 0.00000000099999999998 0.38814827487094732961 0.00000000099999999998 0.01975414902168035058 
0.35245961625164090592 0.00000000099999999998 0.00000000099999999998 0.64754037974835920721 0.00000000099999999998 0.00000000099999999998 
0.18172848807915459313 0.42992905783572660239 0.00000000099999999998 0.38834245108511888933 0.00000000099999999998 0.00000000099999999998 
0.00000000099999999997 0.45033062604666951323 0.00000000099999999997 0.54966936995333037785 0.00000000099999999997 0.00000000099999999997 
0.30445103380940335969 0.32042237554133518040 0.00000000099999999999 0.37176887668912983465 0.00332051110547651246 0.00003720185465505893 
0.17298140710995543734 0.00000000099999999998 0.00000000099999999998 0.80004984036837289985 0.00000000099999999998 0.02696874952167160194 
0.00000000099999999995 0.00000000099999999995 0.00000000099999999995 0.00000000099999999995 0.00000000099999999995 0.99999999500000003039 
0.02503495688111911574 0.00000000099999999998 0.00000000099999999998 0.00000000099999999998 0.00000000099999999998 0.97496503911888099392 
0.00000000099999999984 0.00000000099999999984 0.99999999500000003039 0.00000000099999999984 0.00000000099999999984 0.00000000099999999984 
0.00000000099999999997 0.00000000099999999997 0.00000000099999999997 0.00000000099999999997 0.00000000099999999997 0.99999999499999991937 
0.00000000099999999998 0.00000000099999999998 0.00000000099999999998 0.00000000099999999998 0.00000000099999999998 0.99999999500000003039 
0.22281590849849486347 0.40499972567109204791 0.00000000099999999999 0.34959043229639907846 0.00570590149195182843 0.01688803104206229588 
0.00000000099999999968 0.00000000099999999968 0.99999999499999991937 0.00000000099999999968 0.00000000099999999968 0.00000000099999999968 
0.31712111064134446137 0.28167459035386027688 0.00000000099999999999 0.40042073678594858333 0.00078356021884676719 0.00000000099999999999 
0.18387816039208432217 0.27904199160778558886 0.00000000099999999999 0.52244902316598307301 0.00261397992468842674 0.01201684390945860319 
0.00000000099999999997 0.99999999500000014141 0.00000000099999999997 0.00000000099999999997 0.00000000099999999997 0.00000000099999999997 
0.00000000099999999997 0.00000000099999999997 0.00000000099999999997 0.99999998364671172091 0.00000000099999999997 0.00000001235328828311 
0.46035657763028892120 0.35233134540939275992 0.00000000099999999998 0.18731207396031832046 0.00000000099999999998 0.00000000099999999998 
0.42829097335809435121 0.00000000099999999998 0.00000000099999999998 0.56155693663668393434 0.00000000099999999998 0.01015208700522179409 
0.36523497565236456852 0.63476502034763560012 0.00000000099999999998 0.00000000099999999998 0.00000000099999999998 0.00000000099999999998 
0.20615063504013833584 0.35025694531684165023 0.00000000100000000000 0.43192674017400767283 0.00619577704457211376 0.00546990142444038832 
0.10142234285962778428 0.41838356707737972551 0.00000000100000000000 0.44259342494048897754 0.02985235099499942979 0.00774831312750413805 
0.00000000099999999997 0.00000000099999999997 0.00000000099999999997 0.99999999499999991937 0.00000000099999999997 0.00000000099999999997 
0.00000000099999999995 0.00000000099999999995 0.00000000099999999995 0.99999999499999991937 0.00000000099999999995 0.00000000099999999995 
0.22656330671027027912 0.50251697789658955617 0.00000000100000000000 0.22747550078593081757 0.02191221470522614415 0.02153199890198317576 
0.18568788062612834322 0.36640196527862883835 0.00000000099999999998 0.43958536565371780780 0.00832478644152511923 0.00000000099999999998 
0.23209683266676858771 0.44918512993227116548 0.00000000099999999999 0.31393751745678122322 0.00000000099999999999 0.00478051794417906628 
0.32740470697579998616 0.67259528902419996044 0.00000000099999999997 0.00000000099999999997 0.00000000099999999997 0.00000000099999999997 
0.99999999500000003039 0.00000000099999999993 0.00000000099999999993 0.00000000099999999993 0.00000000099999999993 0.00000000099999999993 
0.19939268761818595976 0.29273126749188049800 0.00000000099999999999 0.49532073545206545262 0.00443986809994241678 0.00811544033792556581 
0.25046339295091057942 0.30458818058479802948 0.00000000099999999999 0.41309125227315302009 0.00000000099999999999 0.03185717219113831655 
0.24028988819706570412 0.21761376842756061101 0.00000000099999999999 0.54209634037537379747 0.00000000099999999999 0.00000000099999999999 
0.16067473954589178708 0.34233253174924999085 0.00000000099999999999 0.47737268304253432927 0.00000000099999999999 0.01962004366232379671 
0.29939238483785884926 0.31619746896785383417 0.06902221727367832682 0.29706321514110040072 0.00016893174456979366 0.01815578203493891513 
0.43547734425956619031 0.56452265174043403384 0.00000000099999999997 0.00000000099999999997 0.00000000099999999997 0.00000000099999999997 
0.42764132785169928219 0.29865487042849647725 0.00000000099999999997 0.26946641020643902209 0.00000000099999999997 0.00423738951336531840 
0.21207665534685724018 0.26866529582390291653 0.00000000099999999998 0.50023817228916034328 0.00000000099999999998 0.01901987454007943862 
0.35518918334849819418 0.19213137781251113378 0.00000000099999999999 0.44288087855103680512 0.00979855828795394949 0.00000000099999999999 
0.24107970734739772589 0.25891053434585997728 0.00000000099999999998 0.49319076945386469690 0.00000000099999999998 0.00681898685287766690 
0.99999999500000003039 0.00000000099999999994 0.00000000099999999994 0.00000000099999999994 0.00000000099999999994 0.00000000099999999994 
0.14484177053313959660 0.24429783650285438745 0.00000000099999999999 0.59312224720679229684 0.00467119322435719225 0.01306695153285653346 
0.00000000099999999994 0.99999999500000014141 0.00000000099999999994 0.00000000099999999994 0.00000000099999999994 0.00000000099999999994 
0.00000000099999999995 0.00000000099999999995 0.00000000099999999995 0.99999999499999991937 0.00000000099999999995 0.00000000099999999995 
0.00000000099999999994 0.00000000099999999994 0.00000000099999999994 0.00000000099999999994 0.00000000099999999994 0.99999999499999991937 
0.00000000099999999998 0.00000000099999999998 0.00000000099999999998 0.00000000099999999998 0.00000000099999999998 0.99999999499999991937 
0.00000000099999999979 0.00000000099999999979 0.99999999500000003039 0.00000000099999999979 0.00000000099999999979 0.00000000099999999979 
0.00000000099999999974 0.00000000099999999974 0.00000000099999999974 0.00000000099999999974 0.99999999499999991937 0.00000000099999999974 
0.00000000099999999999 0.06779198583206645645 0.00000000099999999999 0.00000000099999999999 0.03602712851161161967 0.89618088265632200873 
0.21134094398275793392 0.52462979474761795018 0.00000000099999999998 0.25827826866402570083 0.00000000099999999998 0.00575099060559843087 
0.00000000099999999995 0.99999999500000014141 0.00000000099999999995 0.00000000099999999995 0.00000000099999999995 0.00000000099999999995 
0.00000000099999999998 0.00000000099999999998 0.00000000099999999998 0.00000000099999999998 0.00421728953676491110 0.99578270646323518989 
0.41014733740201458900 0.58338416953542293619 0.00000000099999999998 0.00000000212191070881 0.00000000099999999998 0.00646848894065185295 
0.27918228384282600674 0.45541402033594285959 0.00000000099999999998 0.25696087005212880916 0.00844282376910225792 0.00000000099999999998 
0.25023871933841890236 0.14074777377541763945 0.00000000099999999999 0.60647488330921328625 0.00253862157695010447 0.00000000099999999999 
0.00000000099999999972 0.00000000099999999972 0.99999999500000003039 0.00000000099999999972 0.00000000099999999972 0.00000000099999999972 
0.00000000099999999974 0.00000000099999999974 0.99999999499999991937 0.00000000099999999974 0.00000000099999999974 0.00000000099999999974 
0.00000000099999999968 0.00000000099999999968 0.99999999500000003039 0.00000000099999999968 0.00000000099999999968 0.00000000099999999968 
0.00000000099999999969 0.00000000099999999969 0.99999999499999991937 0.00000000099999999969 0.00000000099999999969 0.00000000099999999969 
0.00000000099999999970 0.00000000099999999970 0.99999999499999991937 0.00000000099999999970 0.00000000099999999970 0.00000000099999999970 
0.00000000099999999998 0.00000000099999999998 0.00000000099999999998 0.00000000099999999998 0.00000000099999999998 0.99999999500000003039 
0.42144777925550297448 0.00000000099999999999 0.00000000099999999999 0.57855221674449708313 0.00000000099999999999 0.00000000099999999999 
0.00000000099999999970 0.00000000099999999970 0.99999999499999991937 0.00000000099999999970 0.00000000099999999970 0.00000000099999999970 
0.00000000099999999974 0.00000000099999999974 0.99999999500000003039 0.00000000099999999974 0.00000000099999999974 0.00000000099999999974 
0.00000000099999999973 0.00000000099999999973 0.00000000099999999973 0.00000000099999999973 0.99999999500000003039 0.00000000099999999973 
0.00000000099999999973 0.00000000099999999973 0.00000000099999999973 0.00000000099999999973 0.99999999499999991937 0.00000000099999999973 
0.00000000099999999995 0.00000000099999999995 0.00000000099999999995 0.99999999499999991937 0.00000000099999999995 0.00000000099999999995 
0.00000000099999999972 0.00000000099999999972 0.99999999500000003039 0.00000000099999999972 0.00000000099999999972 0.00000000099999999972 
0.30237567457412550809 0.38829696577174976913 0.00000000099999999999 0.30415002289048403972 0.00000000099999999999 0.00517733476364070928 
0.00000000099999999995 0.99999999500000003039 0.00000000099999999995 0.00000000099999999995 0.00000000099999999995 0.00000000099999999995 
0.05748834524000936280 0.00000000099999999997 0.00000000099999999997 0.00000000099999999997 0.00000000099999999997 0.94251165075999077114 
0.28101822578896207272 0.38013174175291963852 0.00000000099999999998 0.33701217457885246365 0.00000000099999999998 0.00183785587926575829 
0.00000000099999999993 0.00000000099999999993 0.00000000099999999993 0.00000000099999999993 0.00000000099999999993 0.99999999499999991937 
0.31271068988222505691 0.21264621056368984697 0.00000000099999999999 0.45747283120659276712 0.00096460543488742913 0.01620566191260520289 
0.00000000099999999994 0.00000000099999999994 0.00000000099999999994 0.00000000099999999994 0.00000000099999999994 0.99999999500000003039 
0.45641865337321813056 0.53896879266287589516 0.00000000099999999999 0.00000000099999999999 0.00461255096390601055 0.00000000099999999999 
0.00000000099999999996 0.99999999500000003039 0.00000000099999999996 0.00000000099999999996 0.00000000099999999996 0.00000000099999999996 
0.00000000099999999974 0.00000000099999999974 0.99999999500000003039 0.00000000099999999974 0.00000000099999999974 0.00000000099999999974 
0.00000000099999999995 0.00000000099999999995 0.00000000099999999995 0.00000000099999999995 0.00000000099999999995 0.99999999499999991937 
0.00000000099999999970 0.00000000099999999970 0.99999999499999991937 0.00000000099999999970 0.00000000099999999970 0.00000000099999999970 
0.00000000099999999970 0.00000000099999999970 0.99999999500000003039 0.00000000099999999970 0.00000000099999999970 0.00000000099999999970 
0.00000000099999999997 0.00000000099999999997 0.00000000099999999997 0.99999999499999991937 0.00000000099999999997 0.00000000099999999997 
0.40897561523620912238 0.00000000099999999998 0.00000000099999999998 0.59085920841301819983 0.00000000099999999998 0.00016517335077266519 
0.23814175320943875569 0.32415535063847389363 0.00000000099999999998 0.43770286123244062093 0.00000000099999999998 0.00000003291964687231 
0.29550342739331902919 0.21203650938771151369 0.00000000099999999999 0.49246006021896948646 0.00000000099999999999 0.00000000099999999999 
0.21221286223371618740 0.47678351852166744873 0.00000000099999999999 0.29797441709920630126 0.01302920014541022672 0.00000000099999999999 
0.32348057738726904153 0.29350636439982985548 0.00000000099999999999 0.36923387540054930511 0.00447603112592395800 0.00930315068642783780 
0.00000000099999999998 0.34627169038591532058 0.00000000099999999998 0.65372830561408457051 0.00000000099999999998 0.00000000099999999998 
0.00000000099999999997 0.01873443154987285836 0.00000000099999999997 0.00000000099999999997 0.00000000099999999997 0.98126556445012724783 
0.22733438427928245873 0.41085120662044782858 0.00000000099999999998 0.36181440610026976978 0.00000000099999999998 0.00000000099999999998 
0.00000000099999999970 0.00000000099999999970 0.99999999500000003039 0.00000000099999999970 0.00000000099999999970 0.00000000099999999970 
0.30339098287444871138 0.00000000099999999999 0.00000000099999999999 0.69660901312555123521 0.00000000099999999999 0.00000000099999999999 
0.00000000099999999990 0.00000000099999999990 0.99999999499999991937 0.00000000099999999990 0.00000000099999999990 0.00000000099999999990 
0.00000000099999999974 0.00000000099999999974 0.99999999500000003039 0.00000000099999999974 0.00000000099999999974 0.00000000099999999974 
0.23767868538022696168 0.50617811414167823703 0.00000000099999999999 0.23832892112770945325 0.00000000099999999999 0.01781427735038535604 
0.19300407482093812073 0.37471068314771055485 0.00000000099999999999 0.42637045607323192931 0.00591478395811933892 0.00000000099999999999 
0.14973301244595546566 0.41461034248037792471 0.00000000099999999999 0.42358315148131553407 0.00000000099999999999 0.01207349159235105059 
0.00000000099999999976 0.00000000099999999976 0.99999999499999991937 0.00000000099999999976 0.00000000099999999976 0.00000000099999999976 
0.00000000099999999994 0.00000000099999999994 0.00000000099999999994 0.00000000099999999994 0.00000000099999999994 0.99999999500000003039 
0.00000000099999999994 0.00000000099999999994 0.00000000099999999994 0.00000000099999999994 0.00000000099999999994 0.99999999499999991937 
0.00000000099999999974 0.00000000099999999974 0.99999999500000003039 0.00000000099999999974 0.00000000099999999974 0.00000000099999999974 
0.29022929261552909974 0.23794461272898731474 0.00000000099999999999 0.47007419243390424768 0.00132637293228550913 0.00042552828929375290 
0.00000000099999999999 0.00000000099999999999 0.00000000099999999999 0.97740783818482912526 0.00000000099999999999 0.02259215781517091848 
0.00000000099999999975 0.00000000099999999975 0.99999999500000003039 0.00000000099999999975 0.00000000099999999975 0.00000000099999999975 
0.56079986505654211282 0.43920013094345794480 0.00000000099999999997 0.00000000099999999997 0.00000000099999999997 0.00000000099999999997 
0.00000000099999999993 0.00000000099999999993 0.00000000099999999993 0.00000000099999999993 0.00000000099999999993 0.99999999500000003039 
0.00000000100000000000 0.56029751322531051727 0.10160947350684497448 0.00000000100000000000 0.10886041121348330463 0.22923260005436121856 
0.19495083509686778056 0.27119311337820084518 0.00000000100000000000 0.51274340389264660978 0.00000000100000000000 0.02111264563228470309 
0.00000000099999999997 0.00000000099999999997 0.00000000099999999997 0.99999999499999991937 0.00000000099999999997 0.00000000099999999997 
0.23871814625480522465 0.00000000099999999998 0.00000000099999999998 0.75425657941293156039 0.00702527133226327812 0.00000000099999999998 
0.67711597861629080342 0.32288401738370930971 0.00000000099999999997 0.00000000099999999997 0.00000000099999999997 0.00000000099999999997 
0.27917029475688237561 0.16774225180742119434 0.00000000099999999999 0.55246641918156447204 0.00062103225413191613 0.00000000099999999999 
0.30680180376131782616 0.23498989865652858411 0.00000000099999999999 0.45820829458215367458 0.00000000099999999999 0.00000000099999999999 
0.99999999500000003039 0.00000000099999999992 0.00000000099999999992 0.00000000099999999992 0.00000000099999999992 0.00000000099999999992 
0.00000000100000000000 0.54021103168599049482 0.00000000100000000000 0.44826522905631049909 0.00000000100000000000 0.01152373625769909614 
0.00000000099999999996 0.00000000099999999996 0.00000000099999999996 0.00000000099999999996 0.00000000099999999996 0.99999999500000003039 
0.40959576589525037438 0.00000000099999999998 0.00000000099999999998 0.59040423010474951671 0.00000000099999999998 0.00000000099999999998 
0.00000000099999999995 0.99999999500000014141 0.00000000099999999995 0.00000000099999999995 0.00000000099999999995 0.00000000099999999995 
0.00000000099999999999 0.57682296279022071683 0.00000000099999999999 0.38389325947352059831 0.00000000099999999999 0.03928377473625881133 
0.00000000099999999994 0.99999999500000014141 0.00000000099999999994 0.00000000099999999994 0.00000000099999999994 0.00000000099999999994 
0.13139804388330209028 0.27818135711221009254 0.00000000100000000000 0.56144095281928418917 0.00194266023766865355 0.02703698494753496370 
0.00000000099999999994 0.99999999500000014141 0.00000000099999999994 0.00000000099999999994 0.00000000099999999994 0.00000000099999999994 
0.37048224643225735608 0.40243128895375351872 0.00000000099999999999 0.22476178032466770373 0.00000000099999999999 0.00232468228932145894 
0.00000000099999999997 0.00000000099999999997 0.00000000099999999997 0.02919347811345177762 0.00000000099999999997 0.97080651788654825918 
0.00000000099999999998 0.37036998482188376869 0.00000000099999999998 0.61220995625096485959 0.01345873327782323714 0.00396132364932822324 
0.30219468483756045663 0.35836419674982522565 0.00000000099999999999 0.33085058757344265601 0.00859052883917181542 0.00000000099999999999 
0.41251340768589828123 0.19990936807124806696 0.00125826740359048046 0.38482622839102731405 0.00000000100000000000 0.00149272744823575353 
0.00000000099999999997 0.00000000099999999997 0.00000000099999999997 0.00000000099999999997 0.00000000099999999997 0.99999999500000003039 
0.21135372285274414694 0.29002346159342506926 0.01793407087894153401 0.45916134531126145957 0.00000000100000000000 0.02152739836362786360 
0.25510533436733129342 0.22742865602848827411 0.00000000100000000000 0.51213392172803962055 0.00342561809931040502 0.00190646877683042651 
0.21509538764101429620 0.15790678121291384928 0.00000000099999999999 0.14743520600206677651 0.00474470157842708969 0.47481792256557803222 
0.25753501758330604732 0.29743480866505822569 0.00000000099999999998 0.42768876370919095553 0.00000000099999999998 0.01734140804244481068 
0.00000000099999999976 0.00000000099999999976 0.99999999500000003039 0.00000000099999999976 0.00000000099999999976 0.00000000099999999976 
0.41746377790940197849 0.00000000099999999999 0.00000000099999999999 0.57163979613274873426 0.01089642295784919515 0.00000000099999999999 
0.38494898912296843241 0.17776697291991483407 0.00000000099999999999 0.42200012596866726122 0.00000000099999999999 0.01528390998844950457 
