0.23919229071569567124 0.16816423954541143138 0.00000000099999999999 0.00701324144664516782 0.00000000099999999999 0.19791386741275535099 0.00000000099999999999 0.36057917776862452586 0.01461385840259107893 0.01252332170827669122 
0.00000000099999999987 0.00000000099999999987 0.99999999100000014352 0.00000000099999999987 0.00000000099999999987 0.00000000099999999987 0.00000000099999999987 0.00000000099999999987 0.00000000099999999987 0.00000000099999999987 
0.00000000099999999990 0.00000000099999999990 0.99999999100000003249 0.00000000099999999990 0.00000000099999999990 0.00000000099999999990 0.00000000099999999990 0.00000000099999999990 0.00000000099999999990 0.00000000099999999990 
0.00520167225994451737 0.45307114453588603897 0.03095819503637414760 0.00000000099999999998 0.00000000099999999998 0.26000853082617131351 0.00000000099999999998 0.25076045234162397390 0.00000000099999999998 0.00000000099999999998 
0.25056592895506918373 0.14087528703865873081 0.00000000099999999998 0.00000000099999999998 0.00000000099999999998 0.41831527457308304019 0.16822023695179486036 0.00566036272779856311 0.00000000099999999998 0.01636290575359547125 
0.18400146989128415842 0.15937358026686188062 0.00000000099999999998 0.03575448176243683357 0.00000000099999999998 0.15938001486484734692 0.02899773689905375817 0.42434447063413788248 0.00000000099999999998 0.00814824268137823854 
0.00000000099999999993 0.00000000099999999993 0.45423292659967001716 0.53310421288001319517 0.00000000099999999993 0.00000000099999999993 0.00000000099999999993 0.00000000099999999993 0.00000000099999999993 0.01266285352031687982 
0.00000000099999999985 0.00000000099999999985 0.99999999100000014352 0.00000000099999999985 0.00000000099999999985 0.00000000099999999985 0.00000000099999999985 0.00000000099999999985 0.00000000099999999985 0.00000000099999999985 
0.79191962157636131003 0.00000000099999999994 0.00000000099999999994 0.00000000099999999994 0.00000000099999999994 0.00000000099999999994 0.20808037042363880520 0.00000000099999999994 0.00000000099999999994 0.00000000099999999994 
0.00000000099999999988 0.00000000099999999988 0.99999999100000014352 0.00000000099999999988 0.00000000099999999988 0.00000000099999999988 0.00000000099999999988 0.00000000099999999988 0.00000000099999999988 0.00000000099999999988 
0.46969887468945642484 0.00000000099999999999 0.00000018367241180469 0.00000000099999999999 0.00000000099999999999 0.37127987134075390863 0.15305563608067851433 0.00000000429013601728 0.00000000099999999999 0.00596542592656332249 
0.20170911402056301842 0.10471973847406747249 0.00000562908651264781 0.01319155992752460774 0.00000000099999999998 0.36481378065494718399 0.13295513718064358444 0.17982438062045000282 0.00278065803529133114 0.00000000099999999998 
0.00000000099999999996 0.00000000099999999996 0.00000000099999999996 0.00000000099999999996 0.00000000099999999996 0.95741818424028746204 0.00000000099999999996 0.00000000099999999996 0.00000000099999999996 0.04258180775971250748 
0.30853434924248329674 0.23323686465866722006 0.00000000099999999999 0.00000000099999999999 0.00000000099999999999 0.37890782947199891373 0.04760498941254290989 0.00030676390576327443 0.01132853809514052651 0.02008066221340380417 
0.40023331686227558990 0.00000000099999999998 0.00000000099999999998 0.00000000099999999998 0.00000000099999999998 0.59064766620485753545 0.00000000099999999998 0.00000000099999999998 0.00911900993286676557 0.00000000099999999998 
0.27469186040614140820 0.19124342551068518326 0.01480291843230431732 0.03541231292836537897 0.00000000099999999999 0.16327404186555874444 0.10946204808959056343 0.17373670825132267459 0.02387312174980032661 0.01350356176623157371 
0.51920179270597599519 0.21829671987467128003 0.00000000099999999997 0.00000000099999999997 0.00000000099999999997 0.00000000099999999997 0.04854627167005142602 0.19353933729738376224 0.00000000099999999997 0.02041587345191778549 
0.80840076296347485041 0.00000000099999999994 0.00000000099999999994 0.00000000099999999994 0.00000000099999999994 0.00000000099999999994 0.19159922903652520931 0.00000000099999999994 0.00000000099999999994 0.00000000099999999994 
0.29107042006529831868 0.15791925384978203195 0.00000000099999999999 0.00000000099999999999 0.00000000099999999999 0.15071749797622280287 0.00000014570661378115 0.38525390820048605045 0.00220858676510326656 0.01283018443649376790 
0.00000000099999999996 0.64074801300526462722 0.00000000099999999996 0.00000000099999999996 0.00000000099999999996 0.35925197899473559904 0.00000000099999999996 0.00000000099999999996 0.00000000099999999996 0.00000000099999999996 
0.13653107431314817632 0.18895997092713887056 0.00000000099999999999 0.00000000099999999999 0.00000000099999999999 0.46410073359530834569 0.01001219181654740276 0.20039598344876649594 0.00000000099999999999 0.00000004189909067051 
0.00000000099999999991 0.00000000099999999991 0.99999999100000003249 0.00000000099999999991 0.00000000099999999991 0.00000000099999999991 0.00000000099999999991 0.00000000099999999991 0.00000000099999999991 0.00000000099999999991 
0.00000000099999999989 0.99999999100000025454 0.00000000099999999989 0.00000000099999999989 0.00000000099999999989 0.00000000099999999989 0.00000000099999999989 0.00000000099999999989 0.00000000099999999989 0.00000000099999999989 
0.00000000099999999956 0.00000000099999999956 0.00000000099999999956 0.00000000099999999956 0.00000000099999999956 0.00000000099999999956 0.99999999099999992147 0.00000000099999999956 0.00000000099999999956 0.00000000099999999956 
0.26330580554599447574 0.06663851088883586404 0.00000000099999999998 0.03116009021262034634 0.00000000099999999998 0.42155134005898281524 0.03422720791432686677 0.15368651344749006959 0.00000000099999999998 0.02943052893174957774 
0.30954136119117126036 0.30183703998876626473 0.00000000099999999998 0.00000000099999999998 0.00000000099999999998 0.32042825263769392219 0.05277840246831804610 0.00000038101049568064 0.00000000099999999998 0.01541455870355503896 
0.00000000099999999960 0.00000000099999999960 0.00000000099999999960 0.00000000099999999960 0.00000000099999999960 0.00000000099999999960 0.00000000099999999960 0.00000000099999999960 0.99999999100000003249 0.00000000099999999960 
0.00000000099999999955 0.00000000099999999955 0.00000000099999999955 0.00000000099999999955 0.00000000099999999955 0.00000000099999999955 0.00000000099999999955 0.00000000099999999955 0.99999999100000003249 0.00000000099999999955 
0.38404748762799811868 0.17676033162368215423 0.00000000099999999998 0.00000000099999999998 0.00000000099999999998 0.30096118954010153690 0.09534437392395728184 0.00000000099999999998 0.00000000099999999998 0.04288661228426112609 
0.69336580007802417480 0.30663419192197610696 0.00000000099999999995 0.00000000099999999995 0.00000000099999999995 0.00000000099999999995 0.00000000099999999995 0.00000000099999999995 0.00000000099999999995 0.00000000099999999995 
0.00000000099999999989 0.00000000099999999989 0.00000000099999999989 0.00000000099999999989 0.00000000099999999989 0.00000000099999999989 0.00000000099999999989 0.79903331582773740038 0.00000000099999999989 0.20096667617226268709 
0.00000000099999999987 0.00000000099999999987 0.85514163113480068379 0.00000000099999999987 0.00000000099999999987 0.00000000099999999987 0.14485836086519948696 0.00000000099999999987 0.00000000099999999987 0.00000000099999999987 
0.00000000099999999977 0.00000000099999999977 0.03188479545285301253 0.00000000099999999977 0.00000000099999999977 0.00000000099999999977 0.60020187384788925566 0.00000000099999999977 0.36791332369925777712 0.00000000099999999977 
0.45288463237591564114 0.54711535962408464062 0.00000000099999999995 0.00000000099999999995 0.00000000099999999995 0.00000000099999999995 0.00000000099999999995 0.00000000099999999995 0.00000000099999999995 0.00000000099999999995 
0.00000000099999999952 0.00000000099999999952 0.00000000099999999952 0.00000000099999999952 0.99999999100000014352 0.00000000099999999952 0.00000000099999999952 0.00000000099999999952 0.00000000099999999952 0.00000000099999999952 
0.00000000099999999941 0.00000000099999999941 0.00000000099999999941 0.00000000099999999941 0.99999999100000014352 0.00000000099999999941 0.00000000099999999941 0.00000000099999999941 0.00000000099999999941 0.00000000099999999941 
0.00000000099999999941 0.00000000099999999941 0.00000000099999999941 0.00000000099999999941 0.99999999100000014352 0.00000000099999999941 0.00000000099999999941 0.00000000099999999941 0.00000000099999999941 0.00000000099999999941 
0.00000000099999999961 0.00000000099999999961 0.00000000099999999961 0.00000000099999999961 0.00000000099999999961 0.00000000099999999961 0.00000000099999999961 0.00000000099999999961 0.99999999100000003249 0.00000000099999999961 
0.00000000099999999955 0.00000000099999999955 0.00000000099999999955 0.00000000099999999955 0.00000000099999999955 0.00000000099999999955 0.00000000099999999955 0.00000000099999999955 0.99999999099999992147 0.00000000099999999955 
0.00000000099999999996 0.00000000099999999996 0.00000000099999999996 0.00000000099999999996 0.00000000099999999996 0.80539121654295953157 0.17103795907422394973 0.00000000099999999996 0.00000000099999999996 0.02357081738281662994 
0.00000000099999999985 0.00000000099999999985 0.00000000099999999985 0.99999999100000014352 0.00000000099999999985 0.00000000099999999985 0.00000000099999999985 0.00000000099999999985 0.00000000099999999985 0.00000000099999999985 
0.00000000099999999958 0.00000000099999999958 0.00000000099999999958 0.00000000099999999958 0.00000000099999999958 0.00000000099999999958 0.00000000099999999958 0.00000000099999999958 0.99999999100000003249 0.00000000099999999958 
0.00000000099999999998 0.35095962590152152139 0.00000000099999999998 0.00000000099999999998 0.00000000099999999998 0.43813345846122891958 0.21090690863724964599 0.00000000099999999998 0.00000000099999999998 0.00000000099999999998 
0.00000000099999999986 0.00000000099999999986 0.99999999100000003249 0.00000000099999999986 0.00000000099999999986 0.00000000099999999986 0.00000000099999999986 0.00000000099999999986 0.00000000099999999986 0.00000000099999999986 
0.00000000099999999963 0.00000000099999999963 0.00000000099999999963 0.00000000099999999963 0.00000000099999999963 0.00000000099999999963 0.00000000099999999963 0.00000000099999999963 0.99999999099999992147 0.00000000099999999963 
0.52522299441811892695 0.37378581523056447766 0.00000000099999999998 0.00000000099999999998 0.00000000099999999998 0.00000165543753300481 0.10098915590893128846 0.00000037400485227851 0.00000000099999999998 0.00000000099999999998 
0.00000000099999999958 0.00000000099999999958 0.00000000099999999958 0.00000000099999999958 0.00000000099999999958 0.00000000099999999958 0.00000000099999999958 0.00000000099999999958 0.99999999100000003249 0.00000000099999999958 
0.00000000099999999993 0.00000000099999999993 0.43924593578815029904 0.55985144554133547956 0.00000000099999999993 0.00000000099999999993 0.00000000099999999993 0.00000000099999999993 0.00000000099999999993 0.00090261167051431984 
0.00000000099999999987 0.00000000099999999987 0.99999999100000003249 0.00000000099999999987 0.00000000099999999987 0.00000000099999999987 0.00000000099999999987 0.00000000099999999987 0.00000000099999999987 0.00000000099999999987 
0.00000000099999999952 0.00000000099999999952 0.00000000099999999952 0.00000000099999999952 0.00000000099999999952 0.00000000099999999952 0.00000000099999999952 0.00000000099999999952 0.99999999099999992147 0.00000000099999999952 
0.00000000099999999956 0.00000000099999999956 0.00000000099999999956 0.00000000099999999956 0.00000000099999999956 0.00000000099999999956 0.00000000099999999956 0.00000000099999999956 0.99999999100000003249 0.00000000099999999956 
0.00000000099999999994 0.00000000099999999994 0.47961821897356032851 0.52038177302643973121 0.00000000099999999994 0.00000000099999999994 0.00000000099999999994 0.00000000099999999994 0.00000000099999999994 0.00000000099999999994 
0.00000000099999999984 0.00000000099999999984 0.00000000099999999984 0.99999999100000014352 0.00000000099999999984 0.00000000099999999984 0.00000000099999999984 0.00000000099999999984 0.00000000099999999984 0.00000000099999999984 
0.00000000099999999986 0.00000000099999999986 0.00000000099999999986 0.99999999100000014352 0.00000000099999999986 0.00000000099999999986 0.00000000099999999986 0.00000000099999999986 0.00000000099999999986 0.00000000099999999986 
0.00000000099999999964 0.00000000099999999964 0.00000000099999999964 0.00000000099999999964 0.00000000099999999964 0.00000000099999999964 0.00000000099999999964 0.00000000099999999964 0.99999999100000003249 0.00000000099999999964 
0.19234568351576092349 0.32828337218486525195 0.04348038467508678895 0.00000000099999999999 0.00000000099999999999 0.28869687845024599726 0.01471928597785969114 0.12050274961547945141 0.01197164258070167880 0.00000000099999999999 
0.45677840447778089716 0.53107394974883992411 0.00000000099999999997 0.00000000099999999997 0.00000000099999999997 0.00000000099999999997 0.00000000099999999997 0.00000000099999999997 0.01214763877337943915 0.00000000099999999997 
0.00000000099999999992 0.00000000099999999992 0.00000000099999999992 0.00000000099999999992 0.00000000099999999992 0.99999999100000003249 0.00000000099999999992 0.00000000099999999992 0.00000000099999999992 0.00000000099999999992 
0.00000000099999999998 0.55338013883890291300 0.00000000099999999998 0.00000317338949141881 0.00000000099999999998 0.29423043683420740946 0.00000000099999999998 0.13893939037334732123 0.00000000099999999998 0.01344685556405123342 
0.00000000099999999988 0.00000000099999999988 0.99999999100000014352 0.00000000099999999988 0.00000000099999999988 0.00000000099999999988 0.00000000099999999988 0.00000000099999999988 0.00000000099999999988 0.00000000099999999988 
0.99999999100000025454 0.00000000099999999990 0.00000000099999999990 0.00000000099999999990 0.00000000099999999990 0.00000000099999999990 0.00000000099999999990 0.00000000099999999990 0.00000000099999999990 0.00000000099999999990 
0.00000000099999999949 0.00000000099999999949 0.00000000099999999949 0.00000000099999999949 0.99999999100000003249 0.00000000099999999949 0.00000000099999999949 0.00000000099999999949 0.00000000099999999949 0.00000000099999999949 
0.00000000099999999989 0.99999999100000025454 0.00000000099999999989 0.00000000099999999989 0.00000000099999999989 0.00000000099999999989 0.00000000099999999989 0.00000000099999999989 0.00000000099999999989 0.00000000099999999989 
0.00000000099999999951 0.00000000099999999951 0.00000000099999999951 0.00000000099999999951 0.99999999100000014352 0.00000000099999999951 0.00000000099999999951 0.00000000099999999951 0.00000000099999999951 0.00000000099999999951 
0.25902164123135601459 0.23621236967118247607 0.00000000099999999998 0.01586789850451390468 0.00000000099999999998 0.12017858610052649382 0.19701908650786059685 0.13922599020050557828 0.00000000099999999998 0.03247442478405498240 
0.00000000099999999952 0.00000000099999999952 0.00000000099999999952 0.00000000099999999952 0.99999999100000014352 0.00000000099999999952 0.00000000099999999952 0.00000000099999999952 0.00000000099999999952 0.00000000099999999952 
0.42617126707224961546 0.00000000099999999996 0.00000000099999999996 0.00000000099999999996 0.00000000099999999996 0.00000000099999999996 0.00000000099999999996 0.51838428113641699113 0.00000000099999999996 0.05544444479133327219 
0.00000000099999999996 0.00000000099999999996 0.00000000099999999996 0.00000000099999999996 0.00000000099999999996 0.35707005046013334804 0.00000000099999999996 0.64292994153986660066 0.00000000099999999996 0.00000000099999999996 
0.00000000099999999986 0.00000000099999999986 0.99999999100000003249 0.00000000099999999986 0.00000000099999999986 0.00000000099999999986 0.00000000099999999986 0.00000000099999999986 0.00000000099999999986 0.00000000099999999986 
0.00000000099999999996 0.42448245204767659500 0.00000000099999999996 0.00000000099999999996 0.00000000099999999996 0.57551753470845856686 0.00000000099999999996 0.00000000624386483034 0.00000000099999999996 0.00000000099999999996 
0.00000000099999999952 0.00000000099999999952 0.00000000099999999952 0.00000000099999999952 0.99999999100000003249 0.00000000099999999952 0.00000000099999999952 0.00000000099999999952 0.00000000099999999952 0.00000000099999999952 
0.00000000099999999955 0.00000000099999999955 0.00000000099999999955 0.00000000099999999955 0.99999999100000014352 0.00000000099999999955 0.00000000099999999955 0.00000000099999999955 0.00000000099999999955 0.00000000099999999955 
0.24014890280440462367 0.00000000099999999999 0.00000000099999999999 0.09825418598534181591 0.00000000099999999999 0.47008699822905269938 0.03445629278945731150 0.15188796312900448848 0.00516565306273881336 0.00000000099999999999 
0.00000000099999999987 0.00000000099999999987 0.99999999100000003249 0.00000000099999999987 0.00000000099999999987 0.00000000099999999987 0.00000000099999999987 0.00000000099999999987 0.00000000099999999987 0.00000000099999999987 
0.00000000099999999965 0.00000000099999999965 0.00000000099999999965 0.00000000099999999965 0.00000000099999999965 0.00000000099999999965 0.00000000099999999965 0.00000000099999999965 0.99999999100000003249 0.00000000099999999965 
0.00000000099999999987 0.00000000099999999987 0.99999999100000014352 0.00000000099999999987 0.00000000099999999987 0.00000000099999999987 0.00000000099999999987 0.00000000099999999987 0.00000000099999999987 0.00000000099999999987 
0.00489214799114529898 0.10417048536111772616 0.02211518949815714785 0.00000000099999999999 0.00000000099999999999 0.42320960692781939283 0.08806091009756052135 0.31369801567963767619 0.00000000099999999999 0.04385364144456215668 
0.00000000099999999946 0.00000000099999999946 0.00000000099999999946 0.00000000099999999946 0.99999999100000003249 0.00000000099999999946 0.00000000099999999946 0.00000000099999999946 0.00000000099999999946 0.00000000099999999946 
0.00000000099999999949 0.00000000099999999949 0.00000000099999999949 0.00000000099999999949 0.00000000099999999949 0.00000000099999999949 0.00000000099999999949 0.00000000099999999949 0.99999999099999992147 0.00000000099999999949 
0.00000000099999999958 0.00000000099999999958 0.00000000099999999958 0.00000000099999999958 0.99999999100000014352 0.00000000099999999958 0.00000000099999999958 0.00000000099999999958 0.00000000099999999958 0.00000000099999999958 
0.00000000099999999994 0.00000000099999999994 0.00000000099999999994 0.00000000099999999994 0.00000000099999999994 0.99999999100000003249 0.00000000099999999994 0.00000000099999999994 0.00000000099999999994 0.00000000099999999994 
0.00000000099999999977 0.00000000099999999977 0.00000000099999999977 0.99999999100000003249 0.00000000099999999977 0.00000000099999999977 0.00000000099999999977 0.00000000099999999977 0.00000000099999999977 0.00000000099999999977 
0.00000000099999999981 0.00000000099999999981 0.00000000099999999981 0.99999999100000003249 0.00000000099999999981 0.00000000099999999981 0.00000000099999999981 0.00000000099999999981 0.00000000099999999981 0.00000000099999999981 
0.00000000099999999998 0.33750890590914606193 0.00000000099999999998 0.22738121548617912238 0.00000000099999999998 0.18032783334148744236 0.08492478310619688830 0.16985337203633224523 0.00000000099999999998 0.00000388612065831150 
0.00000411298167975405 0.17493330884816968296 0.00000000099999999999 0.00000000099999999999 0.00000000099999999999 0.27578137349375303478 0.15055889083704016018 0.37669059049067799005 0.02203171934867920873 0.00000000099999999999 
0.17201974991216345545 0.39210089625979027694 0.00000000099999999998 0.00244741763907976211 0.00000000099999999998 0.16910973246846702778 0.10207139539618555191 0.13755603860088994050 0.00000000099999999998 0.02469476672342407406 
0.00000000099999999997 0.00000000099999999997 0.00000000099999999997 0.00000000099999999997 0.00000000099999999997 0.50254365070202855481 0.00000000099999999997 0.48430551335973370808 0.00000000099999999997 0.01315082893823769396 
0.14877047914689509045 0.21816180146279287588 0.00000000099999999999 0.00000000099999999999 0.00000000099999999999 0.33797731764083482897 0.13164045082933681363 0.16344994592014033818 0.00000000099999999999 0.00000000099999999999 
0.50352902175699798537 0.46525212437884783112 0.00000000099999999995 0.00000000099999999995 0.00000000099999999995 0.00000000099999999995 0.03113490659453306206 0.00008394126962123123 0.00000000099999999995 0.00000000099999999995 
0.22421754408086036481 0.11008718123651360654 0.00000000099999999998 0.00279925040065186204 0.00000000099999999998 0.35441309738408455221 0.11964566891902016221 0.18883725397886938491 0.00000000099999999998 0.00000000099999999998 
0.00000000099999999997 0.49752858662460658357 0.00000000099999999997 0.00000000099999999997 0.00000000099999999997 0.50247140537539347616 0.00000000099999999997 0.00000000099999999997 0.00000000099999999997 0.00000000099999999997 
0.00000000099999999997 0.35862186577524984843 0.02263101973158365005 0.00000000099999999997 0.00000000099999999997 0.00000000204833881704 0.00000000099999999997 0.61874710644482766586 0.00000000099999999997 0.00000000099999999997 
0.00000000099999999989 0.00000000099999999989 0.99999999100000014352 0.00000000099999999989 0.00000000099999999989 0.00000000099999999989 0.00000000099999999989 0.00000000099999999989 0.00000000099999999989 0.00000000099999999989 
0.00000000099999999997 0.00000000099999999997 0.47300883338760252306 0.52699115860710810111 0.00000000099999999997 0.00000000100528954186 0.00000000099999999997 0.00000000099999999997 0.00000000099999999997 0.00000000099999999997 
0.00000000099999999970 0.00000000099999999970 0.00000000099999999970 0.00000000099999999970 0.99999999100000014352 0.00000000099999999970 0.00000000099999999970 0.00000000099999999970 0.00000000099999999970 0.00000000099999999970 
0.00000000099999999995 0.00000000099999999995 0.51671962747157296203 0.48328036452842709769 0.00000000099999999995 0.00000000099999999995 0.00000000099999999995 0.00000000099999999995 0.00000000099999999995 0.00000000099999999995 
0.00000000099999999987 0.00000000099999999987 0.00000000099999999987 0.99999999100000003249 0.00000000099999999987 0.00000000099999999987 0.00000000099999999987 0.00000000099999999987 0.00000000099999999987 0.00000000099999999987 
0.18550162582124371524 0.04362765025868158703 0.01859132766677559778 0.00000000099999999999 0.00000000099999999999 0.37227244898649608507 0.04040212965503239134 0.32587083151008194859 0.00217304946499169644 0.01156093463669708582 
0.00000000099999999940 0.00000000099999999940 0.00000000099999999940 0.00000000099999999940 0.99999999100000014352 0.00000000099999999940 0.00000000099999999940 0.00000000099999999940 0.00000000099999999940 0.00000000099999999940 
0.01329631601159745810 0.25023982233470998260 0.00000000099999999999 0.00000000099999999999 0.00000000099999999999 0.43890940144712298210 0.02367027793695722707 0.27277283815204161899 0.00111134011757069899 0.00000000099999999999 
0.00000000099999999998 0.00000000099999999998 0.00000000099999999998 0.00000000099999999998 0.00000000099999999998 0.52212503116880248921 0.00000000099999999998 0.46379535649251052432 0.00000000099999999998 0.01407960533868710985 
0.20828696685640496478 0.06909116376400981085 0.00000000099999999999 0.00000000099999999999 0.00000000099999999999 0.34299146730782925641 0.03204647801561368026 0.33228973038746195678 0.00499405330769846483 0.01030013736098189109 
0.18752020361536425597 0.00000000099999999999 0.00000000099999999999 0.01678483038560421928 0.00000000099999999999 0.30687348633424471611 0.04887691592201492269 0.42811351079404902364 0.00000000099999999999 0.01183104894872296677 
0.00000000099999999990 0.00000000099999999990 0.00000000099999999990 0.00000000099999999990 0.00000000099999999990 0.99999999100000003249 0.00000000099999999990 0.00000000099999999990 0.00000000099999999990 0.00000000099999999990 
0.22894733716733273177 0.22951520027512004041 0.03113895567283200827 0.00000000099999999998 0.00000000099999999998 0.37460276245767382131 0.13508983234890259428 0.00070590807813870210 0.00000000099999999998 0.00000000099999999998 
0.09533109124560930348 0.27819115238261954426 0.00000000763892359219 0.00000000099999999999 0.00000000099999999999 0.36990066160599605061 0.02810866282627591181 0.22846394122265800686 0.00000448007791753374 0.00000000099999999999 
0.00000000099999999990 0.99999999100000025454 0.00000000099999999990 0.00000000099999999990 0.00000000099999999990 0.00000000099999999990 0.00000000099999999990 0.00000000099999999990 0.00000000099999999990 0.00000000099999999990 
0.00000000099999999993 0.00000000099999999993 0.00000000099999999993 0.00000000099999999993 0.00000000099999999993 0.00000000099999999993 0.00000000099999999993 0.99999999099999992147 0.00000000099999999993 0.00000000099999999993 
0.00000000099999999990 0.00000000099999999990 0.00000000099999999990 0.00000000099999999990 0.00000000099999999990 0.00000000099999999990 0.00000000099999999990 0.99999999099999992147 0.00000000099999999990 0.00000000099999999990 
0.99999999100000014352 0.00000000099999999985 0.00000000099999999985 0.00000000099999999985 0.00000000099999999985 0.00000000099999999985 0.00000000099999999985 0.00000000099999999985 0.00000000099999999985 0.00000000099999999985 
0.00000000099999999999 0.00444622233751262690 0.00000000099999999999 0.02796197872133578122 0.00000000099999999999 0.31484713943785164192 0.07630085362060889942 0.55718335835753662888 0.01926044352515429367 0.00000000099999999999 
0.27539695676902514743 0.22080870639254429610 0.00000000099999999998 0.00000000099999999998 0.00000000099999999998 0.48752906338563511968 0.00000000099999999998 0.00000000099999999998 0.00720942647206808136 0.00905584198072734506 
0.00000000099999999988 0.00000000099999999988 0.00000000099999999988 0.00000000099999999988 0.00000000099999999988 0.00000000099999999988 0.00000000099999999988 0.99999999099999992147 0.00000000099999999988 0.00000000099999999988 
0.00000000099999999989 0.00000000099999999989 0.00000000099999999989 0.00000000099999999989 0.00000000099999999989 0.00000000099999999989 0.00000000099999999989 0.99999999099999992147 0.00000000099999999989 0.00000000099999999989 
0.16478348273585954886 0.25718010124356954771 0.02664988863814062720 0.00000000099999999998 0.00000000099999999998 0.24172846524152807879 0.16957607237415639467 0.14008198576674579794 0.00000000099999999998 0.00000000099999999998 
0.18687764817668470196 0.41081631167936816240 0.00451419682123980256 0.00000000099999999999 0.00000000099999999999 0.07362841369565341354 0.00028616761075177401 0.31236366567341544709 0.00000000099999999999 0.01151359334288675623 
0.00000000099999999993 0.99999999100000025454 0.00000000099999999993 0.00000000099999999993 0.00000000099999999993 0.00000000099999999993 0.00000000099999999993 0.00000000099999999993 0.00000000099999999993 0.00000000099999999993 
0.31613633431239501759 0.16544537217596030909 0.00000000099999999999 0.00000000099999999999 0.00000000099999999999 0.36425788479697912559 0.00000000099999999999 0.14900517881250463503 0.00000000099999999999 0.00515522490216082339 
0.29601822447289966034 0.26750624850124987697 0.00000000099999999998 0.02773272191618202098 0.00000000099999999998 0.17151644253157818931 0.08163851632956864446 0.15492732050722535231 0.00000000099999999998 0.00066052274129616180 
0.27777419343038245447 0.00407189045924267849 0.02260296664607068517 0.00000067994906199607 0.06980763063382754152 0.38506026153839689741 0.00996487068747099747 0.23005886915543777294 0.00065862814953067687 0.00000000935057839236 
0.01525291698235264545 0.34475637367628769736 0.00000000099999999997 0.00000000099999999997 0.00000000099999999997 0.55050187348252255237 0.06356890053997085732 0.00077674771724963799 0.00000000099999999997 0.02514318360161659285 
0.00000000099999999996 0.00000000099999999996 0.00000000099999999996 0.00000000099999999996 0.00000000099999999996 0.76507398496711753744 0.23492600604183100366 0.00000000099999999996 0.00000000099999999996 0.00000000199105146376 
0.34278964374540255022 0.00000000133055569775 0.01511886637920084424 0.00000000099999999997 0.00000000099999999997 0.36270247208996481136 0.08915658054546571343 0.16776503847861590213 0.00000000099999999997 0.02246739443079434628 
0.37328118160147749638 0.18211545578083015995 0.00000000099999999998 0.00000000099999999998 0.00000000099999999998 0.29096581635870244487 0.00000000099999999998 0.12292782103899008161 0.00910025870770722264 0.02160946251229279788 
0.35232963312374332432 0.20869845298576455983 0.00000000099999999997 0.01045006371713429368 0.00000000099999999997 0.37651220349786440611 0.05200964167549335104 0.00000000099999999997 0.00000000099999999997 0.00000000099999999997 
0.00000036319839152345 0.32673990683312248429 0.00000000099999999999 0.00000000099999999999 0.00000000099999999999 0.51698465091679723926 0.15627507305168866769 0.00000000099999999999 0.00000000099999999999 0.00000000099999999999 
0.17173882721140174001 0.23292222706128215548 0.00000000146408258739 0.00430584862638214248 0.00000000099999999999 0.29411005948694124434 0.10237686716575085388 0.17525931390979507252 0.00256189526231287087 0.01672495881205131665 
0.00000000099999999988 0.00000000099999999988 0.00000000099999999988 0.00000000099999999988 0.00000000099999999988 0.00000000099999999988 0.00000000099999999988 0.99999999099999992147 0.00000000099999999988 0.00000000099999999988 
0.22389269768756620005 0.00000000099999999997 0.00000000099999999997 0.02313426000269718993 0.00000000099999999997 0.21559250994028120174 0.00000000099999999997 0.53738052636945543572 0.00000000099999999997 0.00000000099999999997 
0.00000000099999999993 0.00000000099999999993 0.57002627468431599222 0.42997371731568406750 0.00000000099999999993 0.00000000099999999993 0.00000000099999999993 0.00000000099999999993 0.00000000099999999993 0.00000000099999999993 
0.00000000099999999985 0.00000000099999999985 0.00000000099999999985 0.99999999100000014352 0.00000000099999999985 0.00000000099999999985 0.00000000099999999985 0.00000000099999999985 0.00000000099999999985 0.00000000099999999985 
0.00000000099999999961 0.00000000099999999961 0.00000000099999999961 0.00000000099999999961 0.99999999100000003249 0.00000000099999999961 0.00000000099999999961 0.00000000099999999961 0.00000000099999999961 0.00000000099999999961 
0.00000000099999999950 0.00000000099999999950 0.00000000099999999950 0.00000000099999999950 0.00000000099999999950 0.00000000099999999950 0.00000000099999999950 0.00000000099999999950 0.99999999100000003249 0.00000000099999999950 
0.00000000099999999997 0.00000000099999999997 0.42402356671007512823 0.46620265318886711103 0.00000000099999999997 0.00000000099999999997 0.00000000099999999997 0.00000000099999999997 0.00000038566989008405 0.10977338843116768441 
0.42534333510264632494 0.22059955055520791278 0.00000000099999999997 0.00619472340841187730 0.00000000099999999997 0.34786238493373417002 0.00000000099999999997 0.00000000099999999997 0.00000000099999999997 0.00000000099999999997 
0.00000000099999999992 0.99999999100000014352 0.00000000099999999992 0.00000000099999999992 0.00000000099999999992 0.00000000099999999992 0.00000000099999999992 0.00000000099999999992 0.00000000099999999992 0.00000000099999999992 
0.00000000099999999987 0.00000000099999999987 0.00000000099999999987 0.99999999100000014352 0.00000000099999999987 0.00000000099999999987 0.00000000099999999987 0.00000000099999999987 0.00000000099999999987 0.00000000099999999987 
0.00000053618298414516 0.25998186632320208211 0.00000811783819025774 0.00976047566963907098 0.00000000099999999997 0.45236151239716854144 0.00000000099999999997 0.27788748758881598455 0.00000000099999999997 0.00000000099999999997 
0.27926245187169035367 0.00000000099999999998 0.00000000099999999998 0.00000000099999999998 0.00000000099999999998 0.48812224584586638709 0.00000000099999999998 0.21055339268679743037 0.01008637108108975146 0.01197553351455584933 
0.00000000099999999990 0.99999999100000025454 0.00000000099999999990 0.00000000099999999990 0.00000000099999999990 0.00000000099999999990 0.00000000099999999990 0.00000000099999999990 0.00000000099999999990 0.00000000099999999990 
0.00000000099999999947 0.00000000099999999947 0.00000000099999999947 0.00000000099999999947 0.99999999100000014352 0.00000000099999999947 0.00000000099999999947 0.00000000099999999947 0.00000000099999999947 0.00000000099999999947 
0.00000000099999999950 0.00000000099999999950 0.00000000099999999950 0.00000000099999999950 0.99999999100000014352 0.00000000099999999950 0.00000000099999999950 0.00000000099999999950 0.00000000099999999950 0.00000000099999999950 
0.00000000099999999941 0.00000000099999999941 0.00000000099999999941 0.00000000099999999941 0.99999999100000014352 0.00000000099999999941 0.00000000099999999941 0.00000000099999999941 0.00000000099999999941 0.00000000099999999941 
0.00000000099999999942 0.00000000099999999942 0.00000000099999999942 0.00000000099999999942 0.99999999100000003249 0.00000000099999999942 0.00000000099999999942 0.00000000099999999942 0.00000000099999999942 0.00000000099999999942 
0.00000000099999999944 0.00000000099999999944 0.00000000099999999944 0.00000000099999999944 0.99999999100000014352 0.00000000099999999944 0.00000000099999999944 0.00000000099999999944 0.00000000099999999944 0.00000000099999999944 
0.00000000099999999987 0.00000000099999999987 0.00000000099999999987 0.99999999100000014352 0.00000000099999999987 0.00000000099999999987 0.00000000099999999987 0.00000000099999999987 0.00000000099999999987 0.00000000099999999987 
0.00000000099999999994 0.00000000099999999994 0.00000000099999999994 0.00000000099999999994 0.00000000099999999994 0.99999999100000014352 0.00000000099999999994 0.00000000099999999994 0.00000000099999999994 0.00000000099999999994 
0.00000000099999999944 0.00000000099999999944 0.00000000099999999944 0.00000000099999999944 0.99999999100000003249 0.00000000099999999944 0.00000000099999999944 0.00000000099999999944 0.00000000099999999944 0.00000000099999999944 
0.00000000099999999952 0.00000000099999999952 0.00000000099999999952 0.00000000099999999952 0.99999999100000014352 0.00000000099999999952 0.00000000099999999952 0.00000000099999999952 0.00000000099999999952 0.00000000099999999952 
0.00000000099999999950 0.00000000099999999950 0.00000000099999999950 0.00000000099999999950 0.00000000099999999950 0.00000000099999999950 0.00000000099999999950 0.00000000099999999950 0.99999999099999992147 0.00000000099999999950 
0.00000000099999999949 0.00000000099999999949 0.00000000099999999949 0.00000000099999999949 0.00000000099999999949 0.00000000099999999949 0.00000000099999999949 0.00000000099999999949 0.99999999099999992147 0.00000000099999999949 
0.34624936022906310784 0.43970552995507966587 0.00000000099999999997 0.00000000099999999997 0.00000000099999999997 0.21404510281585739651 0.00000000099999999997 0.00000000099999999997 0.00000000099999999997 0.00000000099999999997 
0.00000000099999999947 0.00000000099999999947 0.00000000099999999947 0.00000000099999999947 0.99999999100000003249 0.00000000099999999947 0.00000000099999999947 0.00000000099999999947 0.00000000099999999947 0.00000000099999999947 
0.00000000099999999993 0.00000000099999999993 0.00000000099999999993 0.00000000099999999993 0.00000000099999999993 0.99999999100000003249 0.00000000099999999993 0.00000000099999999993 0.00000000099999999993 0.00000000099999999993 
0.00000000099999999990 0.99999999100000014352 0.00000000099999999990 0.00000000099999999990 0.00000000099999999990 0.00000000099999999990 0.00000000099999999990 0.00000000099999999990 0.00000000099999999990 0.00000000099999999990 
0.00000000099999999994 0.00000000099999999994 0.99999999100000014352 0.00000000099999999994 0.00000000099999999994 0.00000000099999999994 0.00000000099999999994 0.00000000099999999994 0.00000000099999999994 0.00000000099999999994 
0.26757667151482134038 0.00000000165088211654 0.00000000099999999998 0.00000000099999999998 0.00000000099999999998 0.47328902472856410055 0.15607695245818004048 0.09514148910283277971 0.00000000099999999998 0.00791585654471938654 
0.00000000099999999985 0.00000000099999999985 0.99999999100000003249 0.00000000099999999985 0.00000000099999999985 0.00000000099999999985 0.00000000099999999985 0.00000000099999999985 0.00000000099999999985 0.00000000099999999985 
0.00000000099999999994 0.00000000099999999994 0.00000000099999999994 0.00000000099999999994 0.00000000099999999994 0.94544019662366474144 0.00000000099999999994 0.00000000099999999994 0.00000000099999999994 0.05455979537633531135 
0.00000000099999999991 0.00000000099999999991 0.48201347392932480940 0.51798651807067530584 0.00000000099999999991 0.00000000099999999991 0.00000000099999999991 0.00000000099999999991 0.00000000099999999991 0.00000000099999999991 
0.00000000099999999993 0.00000000099999999993 0.00000000099999999993 0.00000000099999999993 0.00000000099999999993 0.99999999100000003249 0.00000000099999999993 0.00000000099999999993 0.00000000099999999993 0.00000000099999999993 
0.99999999100000014352 0.00000000099999999990 0.00000000099999999990 0.00000000099999999990 0.00000000099999999990 0.00000000099999999990 0.00000000099999999990 0.00000000099999999990 0.00000000099999999990 0.00000000099999999990 
0.00000000099999999951 0.00000000099999999951 0.00000000099999999951 0.00000000099999999951 0.99999999100000014352 0.00000000099999999951 0.00000000099999999951 0.00000000099999999951 0.00000000099999999951 0.00000000099999999951 
0.00000000099999999981 0.00000000099999999981 0.00000000099999999981 0.99999999100000014352 0.00000000099999999981 0.00000000099999999981 0.00000000099999999981 0.00000000099999999981 0.00000000099999999981 0.00000000099999999981 
0.00000000099999999944 0.00000000099999999944 0.00000000099999999944 0.00000000099999999944 0.99999999100000014352 0.00000000099999999944 0.00000000099999999944 0.00000000099999999944 0.00000000099999999944 0.00000000099999999944 
0.00000000099999999943 0.00000000099999999943 0.00000000099999999943 0.00000000099999999943 0.99999999100000003249 0.00000000099999999943 0.00000000099999999943 0.00000000099999999943 0.00000000099999999943 0.00000000099999999943 
0.27591382692796267984 0.21704310495491566102 0.00000522996729699345 0.00297453487774852927 0.00000000099999999999 0.31023117750284928684 0.00000001387363757821 0.17494615178966710367 0.00000000099999999999 0.01888595810592221674 
0.31164975807866296398 0.00000000099999999998 0.01519446486451684307 0.00000000099999999998 0.00000000099999999998 0.58738175033117057122 0.06593233827108781198 0.00000000099999999998 0.00000000099999999998 0.01984168345456168228 
0.00000000099999999996 0.24986117939344118510 0.00000000099999999996 0.00000000099999999996 0.00000000099999999996 0.29582267336087714193 0.00000000099999999996 0.45431614024568173216 0.00000000099999999996 0.00000000099999999996 
0.04644336162196876366 0.21429210292792849613 0.00000000099999999999 0.00000000099999999999 0.00000000099999999999 0.46139941082848295872 0.05451278757198305819 0.22335233204963678144 0.00000000099999999999 0.00000000099999999999 
0.00000000099999999995 0.00000000099999999995 0.00000000099999999995 0.00000000099999999995 0.00000000099999999995 0.00000000099999999995 0.28046621715879338499 0.71935368216599959723 0.00000000099999999995 0.00018009367520721600 
0.00000265232813161923 0.30362404541539100844 0.00000000099999999998 0.00081517462655903556 0.00000000099999999998 0.22051719612190204267 0.12073861601897060980 0.32659762666082287064 0.00000000099999999998 0.02770468582822288930 
0.00000000099999999976 0.00000000099999999976 0.00000000099999999976 0.00000000099999999976 0.00000000099999999976 0.00000000099999999976 0.99999999099999992147 0.00000000099999999976 0.00000000099999999976 0.00000000099999999976 
