0.00000000099999999991 0.00000000099999999991 0.00000000099999999991 0.00000000099999999991 0.00000000099999999991 0.00000000099999999991 0.00000000099999999991 0.00000000099999999991 0.00000000099999999991 0.99999999100000003249 
0.00000000099999999993 0.00000000099999999993 0.00000000099999999993 0.00000000099999999993 0.00000000099999999993 0.99999999100000003249 0.00000000099999999993 0.00000000099999999993 0.00000000099999999993 0.00000000099999999993 
0.00000000099999999994 0.00000000099999999994 0.00046938306043665164 0.00000000099999999994 0.00000000099999999994 0.99953060893956346966 0.00000000099999999994 0.00000000099999999994 0.00000000099999999994 0.00000000099999999994 
0.00000000099999999998 0.00000000099999999998 0.00000000099999999998 0.08329213887907827019 0.00000000099999999998 0.01924329967318567577 0.00000000099999999998 0.43454640794084753441 0.00000000099999999998 0.46291814750688858870 
0.00000000099999999999 0.07781648623388652541 0.00033824668841675194 0.00000000099999999999 0.31233431882105627819 0.00000000099999999999 0.17474279026547265281 0.00380889103661676042 0.00046300785272716631 0.43049625610182379321 
0.00000000099999999998 0.00000000099999999998 0.06687041315157923882 0.00000000099999999998 0.00060936913321175425 0.00328015333075600641 0.28486857596166903495 0.27691894554786866678 0.00000000099999999998 0.36745253887491530209 
0.00000000099999999995 0.00000000099999999995 0.00939600825033268423 0.00000000099999999995 0.00000000099999999995 0.99060398374966729396 0.00000000099999999995 0.00000000099999999995 0.00000000099999999995 0.00000000099999999995 
0.00000000099999999990 0.00000000099999999990 0.00000000099999999990 0.00000000099999999990 0.00000000099999999990 0.99999999100000014352 0.00000000099999999990 0.00000000099999999990 0.00000000099999999990 0.00000000099999999990 
0.00000000099999999996 0.00000000099999999996 0.00000000099999999996 0.00000000099999999996 0.00000000099999999996 0.00000000099999999996 0.56835159950563562958 0.43164839249436448565 0.00000000099999999996 0.00000000099999999996 
0.00000000099999999993 0.00000000099999999993 0.00000000099999999993 0.00000000099999999993 0.00000000099999999993 0.99999999100000014352 0.00000000099999999993 0.00000000099999999993 0.00000000099999999993 0.00000000099999999993 
0.00000000099999999994 0.00000000099999999994 0.00000000099999999994 0.00000000099999999994 0.00000000099999999994 0.00000000099999999994 0.00000000099999999994 0.99999999099999992147 0.00000000099999999994 0.00000000099999999994 
0.00000000099999999999 0.03953099744121485459 0.00000000217892238400 0.10091697147142034141 0.16963264589406537586 0.00157338383325576281 0.32215077244223283559 0.00000060705025254706 0.00193908800562657153 0.36425553068300936532 
0.00000000099999999999 0.05587074238137190035 0.05758015178461084460 0.03693120581470805269 0.04787265589104330865 0.00000000099999999999 0.19474140145680524094 0.46401964171145926308 0.00000000099999999999 0.14298419796000139126 
0.00000000099999999999 0.05931665329643680262 0.08218814401780236145 0.11896352088063869012 0.16301042079533872853 0.00000000099999999999 0.22228531436146370392 0.03158557490559322362 0.00631975473411875831 0.31633061500860770732 
0.00000000099999999989 0.00000000099999999989 0.00000000099999999989 0.00000000099999999989 0.00000000099999999989 0.00000000099999999989 0.00000000099999999989 0.00000000099999999989 0.00000000099999999989 0.99999999100000003249 
0.00000000099999999999 0.06114607980642076945 0.05352501392305109018 0.00000000099999999999 0.15845602291845581333 0.04328132888939922179 0.21896030431843577224 0.11605781804645756705 0.02692464155893462344 0.32164878853884526499 
0.00000000099999999999 0.00000000099999999999 0.05020456931522132571 0.00004451765846934402 0.26127943199237357863 0.00000000099999999999 0.33708220697798552123 0.18901564750742641530 0.00000000099999999999 0.16237362254852369392 
0.00000000099999999993 0.00000000099999999993 0.00000000099999999993 0.00000000099999999993 0.00000000099999999993 0.00000000099999999993 0.99999999100000003249 0.00000000099999999993 0.00000000099999999993 0.00000000099999999993 
0.00000000099999999998 0.00000000099999999998 0.11745174298368452059 0.00001341033298610851 0.00000000134027951144 0.00000000099999999998 0.00002624068390275819 0.40245425624681679944 0.00000000099999999998 0.48005434441233030274 
0.00000000099999999998 0.00000000099999999998 0.02576081142495022930 0.06335271771483004521 0.35551383402241182319 0.00000000099999999998 0.25543677026660466245 0.00000001540650748479 0.00000000099999999998 0.29993584716469584572 
0.00000000099999999999 0.00000000099999999999 0.00000000369122168707 0.12158124610854353920 0.17614281962441746821 0.00000000099999999999 0.20448372924179675225 0.34274785380437428062 0.00000000099999999999 0.15504434352964616139 
0.00000000099999999996 0.00000000099999999996 0.00000004624176166394 0.00000000099999999996 0.00000000099999999996 0.98461524370471764644 0.00000000099999999996 0.00000000099999999996 0.00000000099999999996 0.01538470305352072388 
0.00000000099999999981 0.00000000099999999981 0.00000000099999999981 0.99999999100000003249 0.00000000099999999981 0.00000000099999999981 0.00000000099999999981 0.00000000099999999981 0.00000000099999999981 0.00000000099999999981 
0.00000000099999999951 0.99999999100000014352 0.00000000099999999951 0.00000000099999999951 0.00000000099999999951 0.00000000099999999951 0.00000000099999999951 0.00000000099999999951 0.00000000099999999951 0.00000000099999999951 
0.00000000099999999998 0.00000000099999999998 0.03999677178128506483 0.13803858869504864737 0.21216863267171312546 0.01683305270690866121 0.39928496203255720021 0.19367798811248723712 0.00000000099999999998 0.00000000099999999998 
0.00000000099999999998 0.00000000099999999998 0.01838936976603544951 0.19802887683648903727 0.39969649161798653791 0.00000000099999999998 0.20010350001183715984 0.00000000099999999998 0.00000000099999999998 0.18378175676765182156 
0.00000000099999999960 0.00000000099999999960 0.00000000099999999960 0.00000000099999999960 0.00000000099999999960 0.00000000099999999960 0.00000000099999999960 0.00000000099999999960 0.99999999099999992147 0.00000000099999999960 
0.00000000099999999955 0.00000000099999999955 0.00000000099999999955 0.00000000099999999955 0.00000000099999999955 0.00000000099999999955 0.00000000099999999955 0.00000000099999999955 0.99999999099999992147 0.00000000099999999955 
0.00000000099999999984 0.00000000099999999984 0.00000000099999999984 0.99999999100000003249 0.00000000099999999984 0.00000000099999999984 0.00000000099999999984 0.00000000099999999984 0.00000000099999999984 0.00000000099999999984 
0.00000000099999999988 0.00000000099999999988 0.00000000099999999988 0.00000000099999999988 0.99999999100000003249 0.00000000099999999988 0.00000000099999999988 0.00000000099999999988 0.00000000099999999988 0.00000000099999999988 
0.00000000099999999997 0.07253493732058116650 0.14731803508037799588 0.00000000099999999997 0.31376611139609988932 0.00000000099999999997 0.00000000099999999997 0.32322183024098039006 0.00000000099999999997 0.14315908096196083843 
0.00000000099999999983 0.19465347267857613378 0.00000000099999999983 0.00000000099999999983 0.00000000099999999983 0.80534651932142387043 0.00000000099999999983 0.00000000099999999983 0.00000000099999999983 0.00000000099999999983 
0.00000000099999999969 0.63076198037995179213 0.00000000099999999969 0.00000000099999999969 0.00000000099999999969 0.00000000099999999969 0.00000000099999999969 0.00000000099999999969 0.36923801162004832310 0.00000000099999999969 
0.00000000099999999997 0.00000000099999999997 0.00000000172677032894 0.17512072166520112337 0.34562771965534527796 0.00000000099999999997 0.27681384374517564728 0.20243761318744527000 0.00000000099999999997 0.00000009602006231137 
0.99999999100000025454 0.00000000099999999952 0.00000000099999999952 0.00000000099999999952 0.00000000099999999952 0.00000000099999999952 0.00000000099999999952 0.00000000099999999952 0.00000000099999999952 0.00000000099999999952 
0.99999999100000014352 0.00000000099999999941 0.00000000099999999941 0.00000000099999999941 0.00000000099999999941 0.00000000099999999941 0.00000000099999999941 0.00000000099999999941 0.00000000099999999941 0.00000000099999999941 
0.99999999100000014352 0.00000000099999999941 0.00000000099999999941 0.00000000099999999941 0.00000000099999999941 0.00000000099999999941 0.00000000099999999941 0.00000000099999999941 0.00000000099999999941 0.00000000099999999941 
0.00000000099999999961 0.00000000099999999961 0.00000000099999999961 0.00000000099999999961 0.00000000099999999961 0.00000000099999999961 0.00000000099999999961 0.00000000099999999961 0.99999999099999992147 0.00000000099999999961 
0.00000000099999999955 0.00000000099999999955 0.00000000099999999955 0.00000000099999999955 0.00000000099999999955 0.00000000099999999955 0.00000000099999999955 0.00000000099999999955 0.99999999099999992147 0.00000000099999999955 
0.00000000099999999983 0.00000000099999999983 0.00000000099999999983 0.99999999100000003249 0.00000000099999999983 0.00000000099999999983 0.00000000099999999983 0.00000000099999999983 0.00000000099999999983 0.00000000099999999983 
0.00000000099999999995 0.00000000099999999995 0.00000000099999999995 0.00000000099999999995 0.00000000099999999995 0.99999789280556072857 0.00000000099999999995 0.00000209919443929567 0.00000000099999999995 0.00000000099999999995 
0.00000000099999999958 0.00000000099999999958 0.00000000099999999958 0.00000000099999999958 0.00000000099999999958 0.00000000099999999958 0.00000000099999999958 0.00000000099999999958 0.99999999099999992147 0.00000000099999999958 
0.00000000099999999981 0.00000000099999999981 0.00000000099999999981 0.99999999100000003249 0.00000000099999999981 0.00000000099999999981 0.00000000099999999981 0.00000000099999999981 0.00000000099999999981 0.00000000099999999981 
0.00000000099999999992 0.00000000099999999992 0.00000000099999999992 0.00000000099999999992 0.00000000099999999992 0.99999999100000014352 0.00000000099999999992 0.00000000099999999992 0.00000000099999999992 0.00000000099999999992 
0.00000000099999999962 0.00000000099999999962 0.00000000099999999962 0.00000000099999999962 0.00000000099999999962 0.00000000099999999962 0.00000000099999999962 0.00000000099999999962 0.99999999099999992147 0.00000000099999999962 
0.00000000099999999998 0.01767845557355943523 0.00000000099999999998 0.20940669471101575061 0.35997014159474233219 0.00001778162221661399 0.00000000099999999998 0.00000000099999999998 0.00000000099999999998 0.41292692149846599303 
0.00000000099999999958 0.00000000099999999958 0.00000000099999999958 0.00000000099999999958 0.00000000099999999958 0.00000000099999999958 0.00000000099999999958 0.00000000099999999958 0.99999999100000003249 0.00000000099999999958 
0.00000000099999999994 0.00000000099999999994 0.00000000099999999994 0.00000000099999999994 0.00000000099999999994 0.99999999100000014352 0.00000000099999999994 0.00000000099999999994 0.00000000099999999994 0.00000000099999999994 
0.00000000099999999989 0.00000000099999999989 0.00000000099999999989 0.00000000099999999989 0.00000000099999999989 0.99999999100000003249 0.00000000099999999989 0.00000000099999999989 0.00000000099999999989 0.00000000099999999989 
0.00000000099999999953 0.00000000099999999953 0.00000000099999999953 0.00000000099999999953 0.00000000099999999953 0.00000000099999999953 0.00000000099999999953 0.00000000099999999953 0.99999999099999992147 0.00000000099999999953 
0.00000000099999999956 0.00000000099999999956 0.00000000099999999956 0.00000000099999999956 0.00000000099999999956 0.00000000099999999956 0.00000000099999999956 0.00000000099999999956 0.99999999100000003249 0.00000000099999999956 
0.00000000099999999994 0.00000000099999999994 0.00000000099999999994 0.00000000099999999994 0.00000000099999999994 0.99999999100000003249 0.00000000099999999994 0.00000000099999999994 0.00000000099999999994 0.00000000099999999994 
0.00000000099999999995 0.00000000099999999995 0.00000000099999999995 0.00000000099999999995 0.00000000099999999995 0.99998657198071450036 0.00001342001928558847 0.00000000099999999995 0.00000000099999999995 0.00000000099999999995 
0.00000000099999999996 0.00000000099999999996 0.00000000099999999996 0.00000000099999999996 0.00000000099999999996 0.99989718582487918663 0.00009666075843118100 0.00000614641668962945 0.00000000099999999996 0.00000000099999999996 
0.00000000099999999964 0.00000000099999999964 0.00000000099999999964 0.00000000099999999964 0.00000000099999999964 0.00000000099999999964 0.00000000099999999964 0.00000000099999999964 0.99999999099999992147 0.00000000099999999964 
0.00000000099999999998 0.04234497086333328247 0.00000000099999999998 0.00000000099999999998 0.00000000099999999998 0.01436448468011219427 0.00000000099999999998 0.38664646111643452553 0.00498886938923791007 0.55165520895088193676 
0.00000000099999999998 0.00000000099999999998 0.00000000099999999998 0.00102367413682398728 0.10164232772824226270 0.00000000099999999998 0.36725880515025249862 0.42943568434405321455 0.01877322808348647412 0.08186627655714162621 
0.00000000099999999988 0.00000000099999999988 0.00000000099999999988 0.00000000099999999988 0.00000000099999999988 0.00000000099999999988 0.00000000099999999988 0.00000000099999999988 0.00000000099999999988 0.99999999100000003249 
0.00000000099999999998 0.00000000099999999998 0.00420310746671156369 0.22558033208037681083 0.21478824130597976017 0.00000000099999999998 0.00000012786908446234 0.28847762755070160967 0.00000000099999999998 0.26695055972714581971 
0.00000000099999999993 0.00000000099999999993 0.00000000099999999993 0.00000000099999999993 0.00000000099999999993 0.99999999100000014352 0.00000000099999999993 0.00000000099999999993 0.00000000099999999993 0.00000000099999999993 
0.00000000099999999996 0.00000000099999999996 0.00000000099999999996 0.00000000099999999996 0.67910654063297615224 0.00000000099999999996 0.00000000099999999996 0.32089345136702401851 0.00000000099999999996 0.00000000099999999996 
0.99999999100000014352 0.00000000099999999949 0.00000000099999999949 0.00000000099999999949 0.00000000099999999949 0.00000000099999999949 0.00000000099999999949 0.00000000099999999949 0.00000000099999999949 0.00000000099999999949 
0.00000000099999999996 0.00000000099999999996 0.00000000099999999996 0.00000000099999999996 0.00000000099999999996 0.00000000099999999996 0.46590474164980399951 0.00000000099999999996 0.00000000099999999996 0.53409525035019600470 
0.99999999100000025454 0.00000000099999999950 0.00000000099999999950 0.00000000099999999950 0.00000000099999999950 0.00000000099999999950 0.00000000099999999950 0.00000000099999999950 0.00000000099999999950 0.00000000099999999950 
0.00000000099999999998 0.13578564079322963387 0.01052027821566380375 0.05547219165451815204 0.38924093264043801987 0.00540841599976128653 0.14219846995014467916 0.26137406774624438732 0.00000000099999999998 0.00000000099999999998 
0.99999999100000025454 0.00000000099999999951 0.00000000099999999951 0.00000000099999999951 0.00000000099999999951 0.00000000099999999951 0.00000000099999999951 0.00000000099999999951 0.00000000099999999951 0.00000000099999999951 
0.00000000099999999969 0.00000000099999999969 0.99999999100000014352 0.00000000099999999969 0.00000000099999999969 0.00000000099999999969 0.00000000099999999969 0.00000000099999999969 0.00000000099999999969 0.00000000099999999969 
0.00000000099999999990 0.00000000099999999990 0.00000000099999999990 0.00000000099999999990 0.99999999100000003249 0.00000000099999999990 0.00000000099999999990 0.00000000099999999990 0.00000000099999999990 0.00000000099999999990 
0.00000000099999999991 0.00000000099999999991 0.00000000099999999991 0.00000000099999999991 0.00000000099999999991 0.99999999100000003249 0.00000000099999999991 0.00000000099999999991 0.00000000099999999991 0.00000000099999999991 
0.00000000099999999996 0.00000000294388173494 0.05807948101074644071 0.00000000099999999996 0.33583128333050799030 0.00000000099999999996 0.16337396460290104505 0.23267518879575629920 0.00000000099999999996 0.21004007531620649818 
0.99999999100000014352 0.00000000099999999952 0.00000000099999999952 0.00000000099999999952 0.00000000099999999952 0.00000000099999999952 0.00000000099999999952 0.00000000099999999952 0.00000000099999999952 0.00000000099999999952 
0.99999999100000025454 0.00000000099999999956 0.00000000099999999956 0.00000000099999999956 0.00000000099999999956 0.00000000099999999956 0.00000000099999999956 0.00000000099999999956 0.00000000099999999956 0.00000000099999999956 
0.00000000099999999994 0.00000000099999999994 0.00000000099999999994 0.00000000099999999994 0.00000000099999999994 0.02387866619602818652 0.97612132580397170667 0.00000000099999999994 0.00000000099999999994 0.00000000099999999994 
0.00000000099999999992 0.00000000099999999992 0.00000000099999999992 0.00000000099999999992 0.00000000099999999992 0.99999999100000003249 0.00000000099999999992 0.00000000099999999992 0.00000000099999999992 0.00000000099999999992 
0.00000000099999999966 0.00000000099999999966 0.00000000099999999966 0.00000000099999999966 0.00000000099999999966 0.00000000099999999966 0.00000000099999999966 0.00000000099999999966 0.99999999099999992147 0.00000000099999999966 
0.00000000099999999993 0.00000000099999999993 0.00000000099999999993 0.00000000099999999993 0.00000000099999999993 0.99999999100000014352 0.00000000099999999993 0.00000000099999999993 0.00000000099999999993 0.00000000099999999993 
0.00000000099999999996 0.00000020464463832824 0.29242554300375606102 0.00000000099999999996 0.00000000099999999996 0.00000000099999999996 0.00000000099999999996 0.70757424535160551304 0.00000000099999999996 0.00000000099999999996 
0.99999999100000025454 0.00000000099999999946 0.00000000099999999946 0.00000000099999999946 0.00000000099999999946 0.00000000099999999946 0.00000000099999999946 0.00000000099999999946 0.00000000099999999946 0.00000000099999999946 
0.00000000099999999949 0.00000000099999999949 0.00000000099999999949 0.00000000099999999949 0.00000000099999999949 0.00000000099999999949 0.00000000099999999949 0.00000000099999999949 0.99999999099999992147 0.00000000099999999949 
0.99999999100000025454 0.00000000099999999958 0.00000000099999999958 0.00000000099999999958 0.00000000099999999958 0.00000000099999999958 0.00000000099999999958 0.00000000099999999958 0.00000000099999999958 0.00000000099999999958 
0.00000000099999999992 0.00000000099999999992 0.00000000099999999992 0.00000000099999999992 0.00000000099999999992 0.00000000099999999992 0.99999999100000003249 0.00000000099999999992 0.00000000099999999992 0.00000000099999999992 
0.00000000099999999988 0.00000000099999999988 0.00000000099999999988 0.00000000099999999988 0.00000000099999999988 0.99999999100000014352 0.00000000099999999988 0.00000000099999999988 0.00000000099999999988 0.00000000099999999988 
0.00000000099999999992 0.00000000099999999992 0.00000000099999999992 0.00000000099999999992 0.00000000099999999992 0.99999999100000003249 0.00000000099999999992 0.00000000099999999992 0.00000000099999999992 0.00000000099999999992 
0.00000000099999999998 0.05895286049761760266 0.06682308101407172241 0.25868814055981487199 0.00000000135449632593 0.21558284723808815442 0.00000000099999999998 0.00000000184729076231 0.00000000099999999998 0.39995306448862044668 
0.00000000099999999999 0.00000000099999999999 0.00000000099999999999 0.03140082374928248460 0.12295209005000412583 0.00000001936689166735 0.35774766737574542619 0.33597043166876616738 0.02082400772496770941 0.13110495706434252550 
0.00000000099999999995 0.00000000099999999995 0.00000000099999999995 0.34165702955688603826 0.65834296244311407698 0.00000000099999999995 0.00000000099999999995 0.00000000099999999995 0.00000000099999999995 0.00000000099999999995 
0.00000000099999999997 0.00054366370262615485 0.13283135445158195109 0.00001920334273580844 0.00000000099999999997 0.00000000099999999997 0.52293544799802249567 0.31903734074226147710 0.00000000099999999997 0.02463298576277224081 
0.00000000099999999998 0.08738682298506876556 0.00000000099999999998 0.15052098346740558354 0.22673450558387628351 0.00000000099999999998 0.14108194722164604795 0.39427573574200325268 0.00000000099999999998 0.00000000099999999998 
0.00000000099999999989 0.00000000099999999989 0.00000000099999999989 0.00000000099999999989 0.99999999100000014352 0.00000000099999999989 0.00000000099999999989 0.00000000099999999989 0.00000000099999999989 0.00000000099999999989 
0.00000000099999999997 0.00000000099999999997 0.00000001843750879952 0.00000000099999999997 0.00000000099999999997 0.00000000099999999997 0.32253872671398492455 0.43861548296029961858 0.00000000099999999997 0.23884576588820674581 
0.00000000099999999997 0.00000000099999999997 0.00000000099999999997 0.19500788649471692549 0.00000000099999999997 0.00000000099999999997 0.31871211334869237186 0.48627999315659081736 0.00000000099999999997 0.00000000099999999997 
0.00000000099999999993 0.00000000099999999993 0.00000000099999999993 0.00000000099999999993 0.00000000099999999993 0.00000000099999999993 0.00000000099999999993 0.99999999100000003249 0.00000000099999999993 0.00000000099999999993 
0.00000000099999999994 0.00000000099999999994 0.00000000099999999994 0.00000000099999999994 0.00000000099999999994 0.99999999100000014352 0.00000000099999999994 0.00000000099999999994 0.00000000099999999994 0.00000000099999999994 
0.00000000099999999995 0.04565285477904416911 0.00000000099999999995 0.00000000099999999995 0.00000000099999999995 0.95434713722095587674 0.00000000099999999995 0.00000000099999999995 0.00000000099999999995 0.00000000099999999995 
0.99999999100000025454 0.00000000099999999970 0.00000000099999999970 0.00000000099999999970 0.00000000099999999970 0.00000000099999999970 0.00000000099999999970 0.00000000099999999970 0.00000000099999999970 0.00000000099999999970 
0.00000000099999999996 0.00000000099999999996 0.00000000099999999996 0.00000000099999999996 0.00000000099999999996 0.99999999100000014352 0.00000000099999999996 0.00000000099999999996 0.00000000099999999996 0.00000000099999999996 
0.00000000099999999995 0.04427556351326126377 0.00000000099999999995 0.00000000099999999995 0.00000000099999999995 0.95572442848673888616 0.00000000099999999995 0.00000000099999999995 0.00000000099999999995 0.00000000099999999995 
0.00000000099999999998 0.09253808864060802941 0.00000005046174994628 0.00000000099999999998 0.00000000099999999998 0.00000000099999999998 0.38913932969469572365 0.51832252520294630482 0.00000000099999999998 0.00000000099999999998 
0.99999999100000014352 0.00000000099999999940 0.00000000099999999940 0.00000000099999999940 0.00000000099999999940 0.00000000099999999940 0.00000000099999999940 0.00000000099999999940 0.00000000099999999940 0.00000000099999999940 
0.00000000099999999998 0.00000000099999999998 0.00000000099999999998 0.21448518981164127473 0.00000000099999999998 0.00000000099999999998 0.37714244492802567743 0.40837235826033296826 0.00000000099999999998 0.00000000099999999998 
0.00000000099999999991 0.00000000099999999991 0.00000000099999999991 0.00000000099999999991 0.00000000099999999991 0.00000000099999999991 0.00000000099999999991 0.99999999099999992147 0.00000000099999999991 0.00000000099999999991 
0.00000000099999999999 0.04970818175648109016 0.00000000099999999999 0.00000000099999999999 0.41072452950275445405 0.00000000099999999999 0.30899883142521245016 0.00000000099999999999 0.00000000099999999999 0.23056845131555195327 
0.00000000099999999999 0.04193139404071126453 0.04986031569734586388 0.06576917146383461088 0.37442548782191176215 0.00017041072797746156 0.00000005593341804041 0.32351224883094115148 0.00000000099999999999 0.14433091348386001274 
0.00000000099999999979 0.99999999100000014352 0.00000000099999999979 0.00000000099999999979 0.00000000099999999979 0.00000000099999999979 0.00000000099999999979 0.00000000099999999979 0.00000000099999999979 0.00000000099999999979 
0.00000000099999999995 0.00000000099999999995 0.00000000099999999995 0.54525038242063716964 0.45474960957936289008 0.00000000099999999995 0.00000000099999999995 0.00000000099999999995 0.00000000099999999995 0.00000000099999999995 
0.00000000099999999998 0.03075708427815908308 0.00000000099999999998 0.00003669307648177286 0.34054771867409394659 0.00000000099999999998 0.19937772024486818956 0.00000000099999999998 0.00000000099999999998 0.42928077872639708312 
0.00000000099999999995 0.00000000099999999995 0.00000000099999999995 0.31804857587757967563 0.68195141612242038409 0.00000000099999999995 0.00000000099999999995 0.00000000099999999995 0.00000000099999999995 0.00000000099999999995 
0.00000000099999999998 0.00000000099999999998 0.00000000099999999998 0.00000000099999999998 0.63327276245461949777 0.00000000099999999998 0.00000000099999999998 0.00000000099999999998 0.01684831183577953015 0.34987891870960091678 
0.00000000099999999991 0.00000000099999999991 0.00000000099999999991 0.00000000099999999991 0.00000000099999999991 0.00000000099999999991 0.00000000099999999991 0.99999999100000003249 0.00000000099999999991 0.00000000099999999991 
0.00000000099999999995 0.00000000099999999995 0.00000000099999999995 0.00000000099999999995 0.00000000099999999995 0.00000000099999999995 0.00000000099999999995 0.48287619852689517286 0.00000000099999999995 0.51712379347310466482 
0.00000000099999999999 0.05813363438560224805 0.07487298181803167529 0.00000000099999999999 0.35998388783206236585 0.00000000099999999999 0.48987694666385300790 0.00000000099999999999 0.01713254430045071594 0.00000000099999999999 
0.00000000099999999998 0.00000000099999999998 0.00000065576965942696 0.00000002158209054095 0.00000000099999999998 0.00000000099999999998 0.44498269435326281984 0.25363914922435559784 0.00538128109719348754 0.29599619397343807092 
0.00000000099999999988 0.00000000099999999988 0.00000000099999999988 0.00000000099999999988 0.99999999100000003249 0.00000000099999999988 0.00000000099999999988 0.00000000099999999988 0.00000000099999999988 0.00000000099999999988 
0.00000000099999999998 0.06889658452896220420 0.00000000099999999998 0.00000000099999999998 0.34622172033365239407 0.00000000099999999998 0.28243147857960348990 0.30245021055778203989 0.00000000099999999998 0.00000000099999999998 
0.00000000099999999997 0.12191803434944892270 0.00000000099999999997 0.00000002270151014386 0.42369987789197399719 0.00000679831503699340 0.45437526174203002327 0.00000000099999999997 0.00000000099999999997 0.00000000099999999997 
0.00000000099999999998 0.00031948859997987393 0.00455457997325970330 0.17276032839699456689 0.42023088777531975024 0.00000000099999999998 0.00000000099999999998 0.00000000099999999998 0.00000000099999999998 0.40213471025444608165 
0.00000000099999999999 0.04358082615124990455 0.04699563784675183514 0.03530423137343464274 0.11794869396152249386 0.02204054277870965903 0.00000000200917003710 0.30735395406272159047 0.00000000099999999999 0.42677610981643981924 
0.00000000099999999997 0.00000000099999999997 0.00000000099999999997 0.26249093833326508918 0.51796966252990161994 0.00000000099999999997 0.00000314647018013493 0.00000848444722977894 0.00000000099999999997 0.21952776321942341076 
0.00000000099999999998 0.00000000099999999998 0.00000000114001752322 0.16851544114954783438 0.38122449864905361139 0.00694139262086461515 0.44331866144051640388 0.00000000099999999998 0.00000000099999999998 0.00000000099999999998 
0.07174133659391263018 0.07997487281019369232 0.00057267321109472384 0.02956831817081127453 0.00000000182360876846 0.00169124262541460024 0.45394429265642716187 0.08262134668657632186 0.00171160245519982163 0.27817431296676109476 
0.00000000099999999996 0.00000000099999999996 0.00000000099999999996 0.00000000099999999996 0.00000000099999999996 0.00000000099999999996 0.56544680870674490780 0.00000000099999999996 0.00000000099999999996 0.43455318329325515192 
0.00000000099999999990 0.00000000099999999990 0.00000000099999999990 0.00000000099999999990 0.00000000099999999990 0.00000000099999999990 0.99999999100000003249 0.00000000099999999990 0.00000000099999999990 0.00000000099999999990 
0.00000000099999999993 0.00000000099999999993 0.00000000099999999993 0.00000000099999999993 0.00000000099999999993 0.00000000099999999993 0.99999999099999992147 0.00000000099999999993 0.00000000099999999993 0.00000000099999999993 
0.00000000099999999998 0.00000000099999999998 0.00000001756829082826 0.00201158326481526775 0.22024565745634971936 0.00000000099999999998 0.54684650093560072115 0.00000000099999999998 0.00279448128926144219 0.22810175548568206727 
0.00000000099999999993 0.00000000099999999993 0.00000000099999999993 0.00000000099999999993 0.00000000099999999993 0.00000000099999999993 0.00000000099999999993 0.99999999099999992147 0.00000000099999999993 0.00000000099999999993 
0.00000000099999999999 0.07053281804928120124 0.07705621036615950548 0.00009460189343344129 0.00000000144936765673 0.00000000099999999999 0.63700143803203845838 0.21531492620971964813 0.00000000099999999999 0.00000000099999999999 
0.00000000099999999998 0.06272481180221582686 0.00004520743950774932 0.26539708130275219133 0.00000060914321432871 0.00000000099999999998 0.00000000099999999998 0.67156021046589753354 0.00000000099999999998 0.00027207584641217899 
0.00000000099999999997 0.00000000099999999997 0.08359281741554988598 0.00000000099999999997 0.52521767668728913669 0.00000000099999999997 0.19151285952287414038 0.00000000617903857173 0.00000000099999999997 0.19967663519524836424 
0.00000000099999999991 0.00000000099999999991 0.00000000099999999991 0.00000000099999999991 0.00000000099999999991 0.00000000099999999991 0.00000000099999999991 0.99999999100000003249 0.00000000099999999991 0.00000000099999999991 
0.00000000099999999993 0.00000000099999999993 0.00000000099999999993 0.00000000099999999993 0.00000000099999999993 0.99999999100000014352 0.00000000099999999993 0.00000000099999999993 0.00000000099999999993 0.00000000099999999993 
0.00000000099999999997 0.00000000099999999997 0.00392437338332759719 0.00000000099999999997 0.00000000099999999997 0.99607561851720893831 0.00000000099999999997 0.00000000099999999997 0.00000000099999999997 0.00000000109946362177 
0.99999999100000025454 0.00000000099999999960 0.00000000099999999960 0.00000000099999999960 0.00000000099999999960 0.00000000099999999960 0.00000000099999999960 0.00000000099999999960 0.00000000099999999960 0.00000000099999999960 
0.00000000099999999951 0.00000000099999999951 0.00000000099999999951 0.00000000099999999951 0.00000000099999999951 0.00000000099999999951 0.00000000099999999951 0.00000000099999999951 0.99999999099999992147 0.00000000099999999951 
0.00000000100000000000 0.00000018363971391081 0.05639110990734028106 0.00000007126326929178 0.00000000100000000000 0.90569732393619073463 0.00000000100000000000 0.00000000100000000000 0.03791130214059514059 0.00000000511289059464 
0.00000000099999999995 0.00000000099999999995 0.00000000099999999995 0.00000000099999999995 0.00000000099999999995 0.00000000099999999995 0.63869218339570466014 0.00000000099999999995 0.00000000099999999995 0.36130780860429528856 
0.00000000099999999989 0.00000000099999999989 0.00000000099999999989 0.00000000099999999989 0.99999999100000014352 0.00000000099999999989 0.00000000099999999989 0.00000000099999999989 0.00000000099999999989 0.00000000099999999989 
0.00000000099999999995 0.00000000099999999995 0.04246668059389427374 0.00000000099999999995 0.00000000099999999995 0.95753331140610586925 0.00000000099999999995 0.00000000099999999995 0.00000000099999999995 0.00000000099999999995 
0.00000000099999999998 0.00000020933631120031 0.00000393752442488917 0.16286434419850823185 0.47580224964463058157 0.00252078587566714968 0.00000000807863409317 0.00000000099999999998 0.00000000099999999998 0.35880846234182406373 
0.00000000099999999997 0.05754407493343492025 0.00000047198453903256 0.00000000099999999997 0.63308285706495870393 0.00000000099999999997 0.12758226116830287400 0.00000000099999999997 0.00206551596018731808 0.17972481488857733334 
0.00000000099999999997 0.00003921722528868425 0.00224160309922455695 0.31428465719037412818 0.32483288855120295846 0.00000000099999999997 0.00000000099999999997 0.00000000099999999997 0.00000000099999999997 0.35860162893390984395 
0.99999999100000025454 0.00000000099999999947 0.00000000099999999947 0.00000000099999999947 0.00000000099999999947 0.00000000099999999947 0.00000000099999999947 0.00000000099999999947 0.00000000099999999947 0.00000000099999999947 
0.99999999100000025454 0.00000000099999999951 0.00000000099999999951 0.00000000099999999951 0.00000000099999999951 0.00000000099999999951 0.00000000099999999951 0.00000000099999999951 0.00000000099999999951 0.00000000099999999951 
0.99999999100000014352 0.00000000099999999940 0.00000000099999999940 0.00000000099999999940 0.00000000099999999940 0.00000000099999999940 0.00000000099999999940 0.00000000099999999940 0.00000000099999999940 0.00000000099999999940 
0.99999999100000025454 0.00000000099999999943 0.00000000099999999943 0.00000000099999999943 0.00000000099999999943 0.00000000099999999943 0.00000000099999999943 0.00000000099999999943 0.00000000099999999943 0.00000000099999999943 
0.99999999100000025454 0.00000000099999999944 0.00000000099999999944 0.00000000099999999944 0.00000000099999999944 0.00000000099999999944 0.00000000099999999944 0.00000000099999999944 0.00000000099999999944 0.00000000099999999944 
0.00000000099999999996 0.00000000099999999996 0.00000000099999999996 0.00000000099999999996 0.00000000099999999996 0.99999999100000003249 0.00000000099999999996 0.00000000099999999996 0.00000000099999999996 0.00000000099999999996 
0.00000000099999999990 0.00000000099999999990 0.00000000099999999990 0.00000000099999999990 0.00000000099999999990 0.00000000099999999990 0.00000000099999999990 0.00000000099999999990 0.00000000099999999990 0.99999999100000003249 
0.99999999100000014352 0.00000000099999999943 0.00000000099999999943 0.00000000099999999943 0.00000000099999999943 0.00000000099999999943 0.00000000099999999943 0.00000000099999999943 0.00000000099999999943 0.00000000099999999943 
0.99999999100000014352 0.00000000099999999952 0.00000000099999999952 0.00000000099999999952 0.00000000099999999952 0.00000000099999999952 0.00000000099999999952 0.00000000099999999952 0.00000000099999999952 0.00000000099999999952 
0.00000000099999999948 0.00000000099999999948 0.00000000099999999948 0.00000000099999999948 0.00000000099999999948 0.00000000099999999948 0.00000000099999999948 0.00000000099999999948 0.99999999100000003249 0.00000000099999999948 
0.00000000099999999949 0.00000000099999999949 0.00000000099999999949 0.00000000099999999949 0.00000000099999999949 0.00000000099999999949 0.00000000099999999949 0.00000000099999999949 0.99999999100000003249 0.00000000099999999949 
0.00000000099999999996 0.00000000099999999996 0.00000000444904853276 0.00000000099999999996 0.00000000099999999996 0.00000000099999999996 0.00000000099999999996 0.51547610979461300218 0.00000000099999999996 0.48452387875633845526 
0.99999999100000025454 0.00000000099999999947 0.00000000099999999947 0.00000000099999999947 0.00000000099999999947 0.00000000099999999947 0.00000000099999999947 0.00000000099999999947 0.00000000099999999947 0.00000000099999999947 
0.00000000099999999998 0.00000000099999999998 0.00000000181560736837 0.00000000099999999998 0.00000000099999999998 0.00000000099999999998 0.50007222438421006228 0.49992776680018252700 0.00000000099999999998 0.00000000099999999998 
0.00000000099999999995 0.00000000099999999995 0.00000000099999999995 0.00000000099999999995 0.54376613414837282612 0.00000000099999999995 0.00000000099999999995 0.00000000099999999995 0.00000000099999999995 0.45623385785162728912 
0.00000000099999999997 0.00000000099999999997 0.00000000099999999997 0.00000000103409690487 0.00000000099999999997 0.94703829841376185872 0.00000000222293250593 0.05296169232920877601 0.00000000099999999997 0.00000000099999999997 
0.00000000099999999996 0.00000000099999999996 0.02986331288097679448 0.00000095439254698820 0.00000000099999999996 0.00000000099999999996 0.62749763812450254363 0.34263808860197375594 0.00000000099999999996 0.00000000099999999996 
0.00000000099999999989 0.00000000099999999989 0.00000000099999999989 0.00000000099999999989 0.00000000099999999989 0.99999999100000014352 0.00000000099999999989 0.00000000099999999989 0.00000000099999999989 0.00000000099999999989 
0.00000000099999999998 0.14094807724955082939 0.06624640433176415266 0.18691865319684874969 0.27464628296790649653 0.00000000099999999998 0.00107106382300689563 0.00000018429205327547 0.00000000099999999998 0.33016933113886964835 
0.00000000099999999992 0.00000000099999999992 0.00000000099999999992 0.00000000099999999992 0.00000000099999999992 0.99999999100000003249 0.00000000099999999992 0.00000000099999999992 0.00000000099999999992 0.00000000099999999992 
0.00000000099999999985 0.00000000099999999985 0.00000000099999999985 0.99999999100000003249 0.00000000099999999985 0.00000000099999999985 0.00000000099999999985 0.00000000099999999985 0.00000000099999999985 0.00000000099999999985 
0.00000000099999999990 0.00000000099999999990 0.00000000099999999990 0.00000000099999999990 0.99999999100000014352 0.00000000099999999990 0.00000000099999999990 0.00000000099999999990 0.00000000099999999990 0.00000000099999999990 
0.99999999100000014352 0.00000000099999999952 0.00000000099999999952 0.00000000099999999952 0.00000000099999999952 0.00000000099999999952 0.00000000099999999952 0.00000000099999999952 0.00000000099999999952 0.00000000099999999952 
0.00000000099999999992 0.00000000099999999992 0.00000000099999999992 0.00000000099999999992 0.00000000099999999992 0.99999999100000003249 0.00000000099999999992 0.00000000099999999992 0.00000000099999999992 0.00000000099999999992 
0.99999999100000014352 0.00000000099999999945 0.00000000099999999945 0.00000000099999999945 0.00000000099999999945 0.00000000099999999945 0.00000000099999999945 0.00000000099999999945 0.00000000099999999945 0.00000000099999999945 
0.99999999100000025454 0.00000000099999999943 0.00000000099999999943 0.00000000099999999943 0.00000000099999999943 0.00000000099999999943 0.00000000099999999943 0.00000000099999999943 0.00000000099999999943 0.00000000099999999943 
0.00000000099999999989 0.00000000099999999989 0.00000000099999999989 0.00000000099999999989 0.00000000099999999989 0.00000000099999999989 0.00000000099999999989 0.00000000099999999989 0.00000000099999999989 0.99999999100000003249 
0.00000000099999999996 0.00000000099999999996 0.00000000099999999996 0.44540684518470646802 0.00000000099999999996 0.00000000099999999996 0.26650057856360165331 0.28809256925169174357 0.00000000099999999996 0.00000000099999999996 
0.00000000099999999997 0.00000000099999999997 0.00000000099999999997 0.00000000099999999997 0.34623297192458057925 0.00000000099999999997 0.15597548625705001668 0.27387258740394848644 0.00000000099999999997 0.22391894841442105957 
0.00000000099999999998 0.08333939993344927077 0.00000000099999999998 0.09150002562604610257 0.25120163726804206616 0.00000000099999999998 0.00038984573842620798 0.21071413896926452503 0.00000000099999999998 0.36285494846477184261 
0.00000000099999999997 0.00185181127962026669 0.17063127325027951930 0.00000000099999999997 0.21358290205809976614 0.00000000099999999997 0.34959513346278098256 0.00000000099999999997 0.00000000099999999997 0.26433887494921948225 
0.00000000099999999991 0.00000000099999999991 0.00000000099999999991 0.00000000099999999991 0.00000000099999999991 0.00000000099999999991 0.99999999099999992147 0.00000000099999999991 0.00000000099999999991 0.00000000099999999991 
0.00000000099999999989 0.00000000099999999989 0.00000000099999999989 0.00000000099999999989 0.00000000099999999989 0.00000000099999999989 0.00000000099999999989 0.99999999100000003249 0.00000000099999999989 0.00000000099999999989 
