0.00000000099999999991 0.99999999200000022626 0.00000000099999999991 0.00000000099999999991 0.00000000099999999991 0.00000000099999999991 0.00000000099999999991 0.00000000099999999991 0.00000000099999999991 
0.99999999200000022626 0.00000000099999999994 0.00000000099999999994 0.00000000099999999994 0.00000000099999999994 0.00000000099999999994 0.00000000099999999994 0.00000000099999999994 0.00000000099999999994 
0.95951533685245626870 0.00000000099999999992 0.00000000099999999992 0.00000000099999999992 0.00000000099999999992 0.00000000099999999992 0.00000000099999999992 0.04048465614754376274 0.00000000099999999992 
0.03477163938098987855 0.09398452604644620678 0.25971944002469243840 0.15887926652751627188 0.00000000099999999999 0.45033350740939570578 0.00231161761095949759 0.00000000099999999999 0.00000000099999999999 
0.00000000099999999999 0.22761281984492465202 0.19960313705050067301 0.19491734444718786246 0.00000000099999999999 0.27687873758935882540 0.00000000099999999999 0.01076820500548820655 0.09021975306253975091 
0.01551990845351825660 0.30713229132367192431 0.00000000099999999998 0.24706975059209476675 0.00000000099999999998 0.42871465919150758550 0.00000000099999999998 0.00156338643920749714 0.00000000099999999998 
0.93366818223702907620 0.00000000099999999991 0.00000000099999999991 0.00000000099999999991 0.00000000099999999991 0.00000000099999999991 0.00000000099999999991 0.06633181076297106626 0.00000000099999999991 
0.99999999200000011523 0.00000000099999999991 0.00000000099999999991 0.00000000099999999991 0.00000000099999999991 0.00000000099999999991 0.00000000099999999991 0.00000000099999999991 0.00000000099999999991 
0.00000000099999999990 0.00000000099999999990 0.00000000099999999990 0.99999999200000000421 0.00000000099999999990 0.00000000099999999990 0.00000000099999999990 0.00000000099999999990 0.00000000099999999990 
0.99999999200000011523 0.00000000099999999994 0.00000000099999999994 0.00000000099999999994 0.00000000099999999994 0.00000000099999999994 0.00000000099999999994 0.00000000099999999994 0.00000000099999999994 
0.00003593942643739924 0.00000000099999999999 0.21494795949665496115 0.39546351677090352261 0.00000000099999999999 0.34789725360203271887 0.00284942981956028693 0.00000000099999999999 0.03880589788441116128 
0.01170164363883650395 0.20513335586850028891 0.15267028768858212362 0.23942939044170069574 0.00000000099999999998 0.36455405017763564679 0.00626409202603713747 0.00000000099999999998 0.02024717815870753779 
0.00000000099999999999 0.22523711353556233328 0.00000000099999999999 0.22521247947819883484 0.00000000099999999999 0.47855605518926408459 0.00000000099999999999 0.00356563616026698985 0.06742871163670764723 
0.00000000099999999999 0.16562760901271122993 0.37043369512549861877 0.00000000099999999999 0.00000000099999999999 0.43926243726500729947 0.00645117150164420221 0.01822508309513858407 0.00000000099999999999 
0.00000000099999999990 0.00000000099999999990 0.99999999200000011523 0.00000000099999999990 0.00000000099999999990 0.00000000099999999990 0.00000000099999999990 0.00000000099999999990 0.00000000099999999990 
0.04362870182388549345 0.18031410555246554783 0.15848109725397940828 0.24863831914639555887 0.00000000099999999999 0.27294419725453283876 0.02385144314433631021 0.02501498091389694686 0.04712715391050777136 
0.00000000099999999996 0.00000000099999999996 0.59792828659537444747 0.40207170640462558397 0.00000000099999999996 0.00000000099999999996 0.00000000099999999996 0.00000000099999999996 0.00000000099999999996 
0.00000000099999999991 0.00000000099999999991 0.00000000099999999991 0.99999999200000000421 0.00000000099999999991 0.00000000099999999991 0.00000000099999999991 0.00000000099999999991 0.00000000099999999991 
0.00000000099999999999 0.24765848316395250306 0.12553394814588555994 0.29473511003328817237 0.00000000099999999999 0.29200518618698806383 0.00000000099999999999 0.04006726846988572371 0.00000000099999999999 
0.00000000099999999997 0.25589099789409619490 0.45471312736157137868 0.28939215590966355096 0.00000000099999999997 0.00000000099999999997 0.00000000099999999997 0.00000371383466907543 0.00000000099999999997 
0.00000000099999999998 0.41540782560514422084 0.00109019748612884226 0.13890101541393901075 0.00000000099999999998 0.44460095649478797997 0.00000000099999999998 0.00000000099999999998 0.00000000099999999998 
0.97332004199256150212 0.00000000099999999996 0.00000000099999999996 0.02667995100743867851 0.00000000099999999996 0.00000000099999999996 0.00000000099999999996 0.00000000099999999996 0.00000000099999999996 
0.00000000099999999989 0.00000000099999999989 0.99999999200000000421 0.00000000099999999989 0.00000000099999999989 0.00000000099999999989 0.00000000099999999989 0.00000000099999999989 0.00000000099999999989 
0.00000000099999999947 0.00000000099999999947 0.00000000099999999947 0.00000000099999999947 0.00000000099999999947 0.00000000099999999947 0.00000000099999999947 0.00000000099999999947 0.99999999200000000421 
0.02402231629546916492 0.31239517135969319117 0.20271923282240825182 0.26620198447165588362 0.00000000099999999998 0.17576612749499823107 0.00000000099999999998 0.01889516455577531714 0.00000000099999999998 
0.00000000099999999998 0.23800136979785449509 0.29485219846825416745 0.19074531035538366819 0.00000000099999999998 0.26186451669457144753 0.00000000099999999998 0.01453660068393633313 0.00000000099999999998 
0.00000000099999999965 0.00000000099999999965 0.00000000099999999965 0.00000000099999999965 0.00000000099999999965 0.00000000099999999965 0.99999999200000000421 0.00000000099999999965 0.00000000099999999965 
0.00000000099999999962 0.00000000099999999962 0.00000000099999999962 0.00000000099999999962 0.00000000099999999962 0.00000000099999999962 0.99999999200000000421 0.00000000099999999962 0.00000000099999999962 
0.00000000099999999999 0.22244524716463554004 0.00009981324778532834 0.34999013291334962750 0.00000000099999999999 0.35918238514346845225 0.00000000099999999999 0.03757214361840947175 0.03071027491235157891 
0.00000000099999999991 0.00000000099999999991 0.00000000099999999991 0.00000000099999999991 0.00000000099999999991 0.99999999200000011523 0.00000000099999999991 0.00000000099999999991 0.00000000099999999991 
0.00000000099999999992 0.00000000099999999992 0.00000000099999999992 0.00000000099999999992 0.00000000099999999992 0.88376249298115294728 0.00000000099999999992 0.11623750001884709804 0.00000000099999999992 
0.75868554228322815369 0.00000000099999999982 0.00000000099999999982 0.00000000099999999982 0.00000000099999999982 0.00000000099999999982 0.00000000099999999982 0.00000000099999999982 0.24131445071677209979 
0.00000000099999999967 0.00000000099999999967 0.00000000099999999967 0.00000000099999999967 0.00000000099999999967 0.00000000099999999967 0.35939431239600649892 0.00000000099999999967 0.64060568060399347701 
0.00000000099999999998 0.10079107809017630315 0.30440290687498922084 0.24205962619916834844 0.00000000099999999998 0.35274638383566625510 0.00000000099999999998 0.00000000099999999998 0.00000000099999999998 
0.00000000099999999957 0.00000000099999999957 0.00000000099999999957 0.00000000099999999957 0.99999999200000000421 0.00000000099999999957 0.00000000099999999957 0.00000000099999999957 0.00000000099999999957 
0.00000000099999999948 0.00000000099999999948 0.00000000099999999948 0.00000000099999999948 0.99999999200000000421 0.00000000099999999948 0.00000000099999999948 0.00000000099999999948 0.00000000099999999948 
0.00000000099999999948 0.00000000099999999948 0.00000000099999999948 0.00000000099999999948 0.99999999200000011523 0.00000000099999999948 0.00000000099999999948 0.00000000099999999948 0.00000000099999999948 
0.00000000099999999965 0.00000000099999999965 0.00000000099999999965 0.00000000099999999965 0.00000000099999999965 0.00000000099999999965 0.99999999199999989319 0.00000000099999999965 0.00000000099999999965 
0.00000000099999999960 0.00000000099999999960 0.00000000099999999960 0.00000000099999999960 0.00000000099999999960 0.00000000099999999960 0.99999999199999989319 0.00000000099999999960 0.00000000099999999960 
0.00000000099999999996 0.00000000099999999996 0.47588529860099393343 0.50186246125533884310 0.00000000099999999996 0.00000000099999999996 0.00000000099999999996 0.02225223414366733071 0.00000000099999999996 
0.99999999200000011523 0.00000000099999999995 0.00000000099999999995 0.00000000099999999995 0.00000000099999999995 0.00000000099999999995 0.00000000099999999995 0.00000000099999999995 0.00000000099999999995 
0.00000000099999999963 0.00000000099999999963 0.00000000099999999963 0.00000000099999999963 0.00000000099999999963 0.00000000099999999963 0.99999999200000000421 0.00000000099999999963 0.00000000099999999963 
0.00000000099999999990 0.00000000099999999990 0.99999999200000000421 0.00000000099999999990 0.00000000099999999990 0.00000000099999999990 0.00000000099999999990 0.00000000099999999990 0.00000000099999999990 
0.99999999200000022626 0.00000000099999999993 0.00000000099999999993 0.00000000099999999993 0.00000000099999999993 0.00000000099999999993 0.00000000099999999993 0.00000000099999999993 0.00000000099999999993 
0.00000000099999999967 0.00000000099999999967 0.00000000099999999967 0.00000000099999999967 0.00000000099999999967 0.00000000099999999967 0.99999999200000000421 0.00000000099999999967 0.00000000099999999967 
0.00000000099999999993 0.00000000099999999993 0.00000000099999999993 0.00000000099999999993 0.00000000099999999993 0.99999999200000000421 0.00000000099999999993 0.00000000099999999993 0.00000000099999999993 
0.00000000099999999963 0.00000000099999999963 0.00000000099999999963 0.00000000099999999963 0.00000000099999999963 0.00000000099999999963 0.99999999200000000421 0.00000000099999999963 0.00000000099999999963 
0.99403580994926710179 0.00000000099999999995 0.00000000099999999995 0.00000000099999999995 0.00000000099999999995 0.00000000099999999995 0.00000000099999999995 0.00596418305073307797 0.00000000099999999995 
0.99999999200000022626 0.00000000099999999991 0.00000000099999999991 0.00000000099999999991 0.00000000099999999991 0.00000000099999999991 0.00000000099999999991 0.00000000099999999991 0.00000000099999999991 
0.00000000099999999957 0.00000000099999999957 0.00000000099999999957 0.00000000099999999957 0.00000000099999999957 0.00000000099999999957 0.99999999199999989319 0.00000000099999999957 0.00000000099999999957 
0.00000000099999999961 0.00000000099999999961 0.00000000099999999961 0.00000000099999999961 0.00000000099999999961 0.00000000099999999961 0.99999999200000000421 0.00000000099999999961 0.00000000099999999961 
0.99999999200000011523 0.00000000099999999995 0.00000000099999999995 0.00000000099999999995 0.00000000099999999995 0.00000000099999999995 0.00000000099999999995 0.00000000099999999995 0.00000000099999999995 
0.99893897923368246694 0.00106101376631769525 0.00000000099999999995 0.00000000099999999995 0.00000000099999999995 0.00000000099999999995 0.00000000099999999995 0.00000000099999999995 0.00000000099999999995 
0.99999999200000022626 0.00000000099999999996 0.00000000099999999996 0.00000000099999999996 0.00000000099999999996 0.00000000099999999996 0.00000000099999999996 0.00000000099999999996 0.00000000099999999996 
0.00000000099999999969 0.00000000099999999969 0.00000000099999999969 0.00000000099999999969 0.00000000099999999969 0.00000000099999999969 0.99999999200000000421 0.00000000099999999969 0.00000000099999999969 
0.03427730100324249962 0.00000000099999999999 0.22702484898176270023 0.20308385800166589563 0.00000000099999999999 0.48181504343514558464 0.01355285574367303021 0.00000000099999999999 0.04024608983451040400 
0.00000000099999999998 0.60230224827328038284 0.00000000099999999998 0.00000000099999999998 0.00000000099999999998 0.38064860713994758123 0.01704913858677221949 0.00000000099999999998 0.00000000099999999998 
0.00000000099999999988 0.00000000099999999988 0.99999999200000011523 0.00000000099999999988 0.00000000099999999988 0.00000000099999999988 0.00000000099999999988 0.00000000099999999988 0.00000000099999999988 
0.00000329481790293551 0.16548821049311587816 0.35482963774645542854 0.00000000619678087572 0.00000000099999999999 0.45454544704187987980 0.00000000099999999999 0.02513340070386482772 0.00000000099999999999 
0.99999999200000011523 0.00000000099999999992 0.00000000099999999992 0.00000000099999999992 0.00000000099999999992 0.00000000099999999992 0.00000000099999999992 0.00000000099999999992 0.00000000099999999992 
0.00000000099999999999 0.14008961549358950327 0.00000000099999999999 0.39208081168458858157 0.00000000099999999999 0.45833865297902542935 0.00000000099999999999 0.00643078281904389728 0.00306013302375269473 
0.00000000099999999955 0.00000000099999999955 0.00000000099999999955 0.00000000099999999955 0.99999999200000011523 0.00000000099999999955 0.00000000099999999955 0.00000000099999999955 0.00000000099999999955 
0.00000000099999999998 0.24985015970754428927 0.20586865100079623780 0.30578989086036090228 0.00000000099999999998 0.23456555491286729120 0.00020704601738589858 0.00371869450104538512 0.00000000099999999998 
0.00000000099999999956 0.00000000099999999956 0.00000000099999999956 0.00000000099999999956 0.99999999200000011523 0.00000000099999999956 0.00000000099999999956 0.00000000099999999956 0.00000000099999999956 
0.00000000099999999976 0.00000000099999999976 0.00000000099999999976 0.00000000099999999976 0.00000000099999999976 0.00000000099999999976 0.00000000099999999976 0.00000000099999999976 0.99999999199999989319 
0.00000000099999999957 0.00000000099999999957 0.00000000099999999957 0.00000000099999999957 0.99999999200000000421 0.00000000099999999957 0.00000000099999999957 0.00000000099999999957 0.00000000099999999957 
0.00000000099999999996 0.47959946319514151769 0.00000000099999999996 0.46784807388410015738 0.00000000099999999996 0.00000000099999999996 0.00000000099999999996 0.05255245692075830727 0.00000000099999999996 
0.00000000099999999999 0.35991111202164716154 0.17799115657650868561 0.05328034624900553073 0.00000000099999999999 0.35593723991307035792 0.00000000107604244518 0.00000000099999999999 0.05288014116372577456 
0.99999999200000022626 0.00000000099999999991 0.00000000099999999991 0.00000000099999999991 0.00000000099999999991 0.00000000099999999991 0.00000000099999999991 0.00000000099999999991 0.00000000099999999991 
0.00000000099999999997 0.25993505939529548687 0.10606946297171189475 0.16497333748775161455 0.00000000099999999997 0.46645375763019536475 0.00000000099999999997 0.00256837851504567241 0.00000000099999999997 
0.00000000099999999958 0.00000000099999999958 0.00000000099999999958 0.00000000099999999958 0.99999999200000011523 0.00000000099999999958 0.00000000099999999958 0.00000000099999999958 0.00000000099999999958 
0.00000000099999999960 0.00000000099999999960 0.00000000099999999960 0.00000000099999999960 0.99999999200000000421 0.00000000099999999960 0.00000000099999999960 0.00000000099999999960 0.00000000099999999960 
0.08465897649648911061 0.26425770106047485886 0.33282404860631004118 0.17323824535017903758 0.00000000099999999999 0.14000043436585726808 0.00502059112068960461 0.00000000099999999999 0.00000000099999999999 
0.99999999200000011523 0.00000000099999999993 0.00000000099999999993 0.00000000099999999993 0.00000000099999999993 0.00000000099999999993 0.00000000099999999993 0.00000000099999999993 0.00000000099999999993 
0.00000000099999999969 0.00000000099999999969 0.00000000099999999969 0.00000000099999999969 0.00000000099999999969 0.00000000099999999969 0.99999999199999989319 0.00000000099999999969 0.00000000099999999969 
0.99999999200000022626 0.00000000099999999994 0.00000000099999999994 0.00000000099999999994 0.00000000099999999994 0.00000000099999999994 0.00000000099999999994 0.00000000099999999994 0.00000000099999999994 
0.01978932648629825458 0.23328388769266866776 0.22043825087078941505 0.34323298526606577097 0.00000000099999999999 0.10917874475369629406 0.00000000099999999999 0.03940474472059984218 0.03467205820988186055 
0.00000000099999999953 0.00000000099999999953 0.00000000099999999953 0.00000000099999999953 0.99999999200000000421 0.00000000099999999953 0.00000000099999999953 0.00000000099999999953 0.00000000099999999953 
0.00000000099999999955 0.00000000099999999955 0.00000000099999999955 0.00000000099999999955 0.00000000099999999955 0.00000000099999999955 0.99999999199999989319 0.00000000099999999955 0.00000000099999999955 
0.00000000099999999962 0.00000000099999999962 0.00000000099999999962 0.00000000099999999962 0.99999999200000011523 0.00000000099999999962 0.00000000099999999962 0.00000000099999999962 0.00000000099999999962 
0.00000000099999999989 0.99999999200000011523 0.00000000099999999989 0.00000000099999999989 0.00000000099999999989 0.00000000099999999989 0.00000000099999999989 0.00000000099999999989 0.00000000099999999989 
0.99999999200000022626 0.00000000099999999989 0.00000000099999999989 0.00000000099999999989 0.00000000099999999989 0.00000000099999999989 0.00000000099999999989 0.00000000099999999989 0.00000000099999999989 
0.98394061212364414271 0.00000000099999999993 0.00000000099999999993 0.00000000099999999993 0.00000000099999999993 0.00000000099999999993 0.00000000099999999993 0.01605938087635587486 0.00000000099999999993 
0.21634092636792093267 0.00000000099999999998 0.22432637379355785390 0.17823964024910285420 0.00000000099999999998 0.31472854221441187716 0.00000000099999999998 0.01536736608275814098 0.05099714829224830798 
0.00000000099999999999 0.45218700090934216274 0.00000987782350426926 0.42936279468061649967 0.00000000099999999999 0.06969784391273378676 0.02213586784969505047 0.00000000099999999999 0.02660661182410830813 
0.00000000099999999997 0.00000000099999999997 0.49032754422292873508 0.00000000099999999997 0.00000000099999999997 0.49184290525537205374 0.00000000099999999997 0.01782954452169908596 0.00000000099999999997 
0.00000000099999999997 0.45847198494809987546 0.00000000099999999997 0.00000000099999999997 0.00000000099999999997 0.53575306655539378653 0.00000000099999999997 0.00577494249650616943 0.00000000099999999997 
0.00000000099999999998 0.00000000099999999998 0.32181932934645252065 0.29548648095903740085 0.00000000099999999998 0.34697811779624926354 0.00000000099999999998 0.00000000099999999998 0.03571606689826101882 
0.00000000099999999997 0.00021954799417859381 0.17675128055003611061 0.24095421864380073274 0.00000000099999999997 0.57559863740807359900 0.00000000099999999997 0.00647631140391097433 0.00000000099999999997 
0.00000000099999999996 0.00000000099999999996 0.00000000099999999996 0.51854545000299523405 0.00000000099999999996 0.48145454299700485290 0.00000000099999999996 0.00000000099999999996 0.00000000099999999996 
0.00000000099999999998 0.25967344093616634426 0.19519512060853083657 0.24210487973023533947 0.00000000099999999998 0.24244881774070431435 0.00000137125752700087 0.00000000099999999998 0.06057636672683613249 
0.00000000099999999993 0.00000000099999999993 0.00000000099999999993 0.00000000099999999993 0.00000000099999999993 0.99999999200000011523 0.00000000099999999993 0.00000000099999999993 0.00000000099999999993 
0.99999999200000011523 0.00000000099999999994 0.00000000099999999994 0.00000000099999999994 0.00000000099999999994 0.00000000099999999994 0.00000000099999999994 0.00000000099999999994 0.00000000099999999994 
0.95957901724160543644 0.00000000099999999996 0.00000000099999999996 0.00000000099999999996 0.00000000099999999996 0.00000000099999999996 0.00000000099999999996 0.00000000099999999996 0.04042097575839468521 
0.00000000099999999974 0.00000000099999999974 0.00000000099999999974 0.00000000099999999974 0.99999999200000011523 0.00000000099999999974 0.00000000099999999974 0.00000000099999999974 0.00000000099999999974 
0.99999999200000022626 0.00000000099999999996 0.00000000099999999996 0.00000000099999999996 0.00000000099999999996 0.00000000099999999996 0.00000000099999999996 0.00000000099999999996 0.00000000099999999996 
0.96684266706730714880 0.00000000099999999996 0.00000000099999999996 0.00000000099999999996 0.00000000099999999996 0.00000000099999999996 0.00000000099999999996 0.00000000099999999996 0.03315732593269300754 
0.01747752535038851404 0.31426154087081392685 0.06084579317686911182 0.34618438449379729249 0.00000000099999999999 0.25186245012565183776 0.00000000099999999999 0.00936830298247932035 0.00000000099999999999 
0.00000000099999999947 0.00000000099999999947 0.00000000099999999947 0.00000000099999999947 0.99999999200000011523 0.00000000099999999947 0.00000000099999999947 0.00000000099999999947 0.00000000099999999947 
0.00000000099999999999 0.26166225815674254429 0.29754090249817738423 0.21160023577475869927 0.00000000099999999999 0.22919659141634388111 0.00000000379254867171 0.00000000536142877115 0.00000000099999999999 
0.00000000099999999990 0.00000000099999999990 0.00000000099999999990 0.99999999200000000421 0.00000000099999999990 0.00000000099999999990 0.00000000099999999990 0.00000000099999999990 0.00000000099999999990 
0.00000000099999999999 0.35746433105777353223 0.14870107587000239158 0.08085750129371875594 0.00000000099999999999 0.38187731844165495598 0.00298870419221366600 0.00000000099999999999 0.02811106614463663653 
0.00902674482378510237 0.15947935170956401008 0.18250614642635684670 0.33219311237449866692 0.00000000099999999999 0.21675148685949824356 0.00000000099999999999 0.01074953799657535174 0.08929361780972179530 
0.00000000099999999994 0.62922381026053164632 0.31693229562655056419 0.00000000099999999994 0.00000000099999999994 0.00000000099999999994 0.00000000099999999994 0.00000000099999999994 0.05384388811291804938 
0.02293252362632897806 0.26461120507747415420 0.06264733047973249092 0.00000647981178213245 0.00000000099999999999 0.57819039931065319138 0.00000000099999999999 0.00000000099999999999 0.07161205869402914592 
0.00000000099999999994 0.00000000099999999994 0.99999999200000000421 0.00000000099999999994 0.00000000099999999994 0.00000000099999999994 0.00000000099999999994 0.00000000099999999994 0.00000000099999999994 
0.00000000099999999998 0.00000000099999999998 0.46043063425868280270 0.00000000099999999998 0.00000000099999999998 0.47946067520616569846 0.00000000099999999998 0.06005235633136136314 0.00005632920379032855 
0.00000000100000000000 0.32288891976913558501 0.00000009730890484910 0.14921894616073391737 0.00000000100000000000 0.46231592741053079143 0.03148672782423860006 0.00000000100000000000 0.03408937852645611832 
0.00000000099999999998 0.00000000099999999998 0.00000000099999999998 0.58494255915693027514 0.00000000099999999998 0.39997689390081481164 0.00000000099999999998 0.00000035376598044391 0.01508018817627449631 
0.00000000099999999997 0.26719542023707809619 0.08998721585275601398 0.26194480172837653065 0.00000000099999999997 0.38087255718178947284 0.00000000099999999997 0.00000000099999999997 0.00000000099999999997 
0.00522397765891773665 0.51598313520847982616 0.00000000099999999999 0.00000000099999999999 0.00000000099999999999 0.45685312166530644973 0.01460588438767913659 0.00733387707961698655 0.00000000099999999999 
0.00000000099999999996 0.00000000099999999996 0.51048272207352929364 0.48951727092647079331 0.00000000099999999996 0.00000000099999999996 0.00000000099999999996 0.00000000099999999996 0.00000000099999999996 
0.00000000099999999994 0.00000000099999999994 0.00000000099999999994 0.00000000099999999994 0.00000000099999999994 0.99999999200000000421 0.00000000099999999994 0.00000000099999999994 0.00000000099999999994 
0.00000000099999999997 0.40124979930969290054 0.00000000099999999997 0.25291132124363757683 0.00000000099999999997 0.33537349608765354425 0.00000000099999999997 0.00000000099999999997 0.01046537835901603132 
0.01439714360150892367 0.33059786312440969658 0.27846560198807063236 0.23673747256855851018 0.00000000099999999998 0.07385831157596127461 0.00000000099999999998 0.00000000099999999998 0.06594360414149108562 
0.00338899326365403814 0.19427608303261434397 0.09003406082189424620 0.20183889874669122544 0.00000000099999999999 0.49096173416381960752 0.00000000099999999999 0.01950022697132645574 0.00000000099999999999 
0.02376277960153370603 0.00000000099999999998 0.28473592118516877214 0.00000000099999999998 0.00000000099999999998 0.69150129321329734111 0.00000000099999999998 0.00000000099999999998 0.00000000099999999998 
0.00000000099999999999 0.07010666120360377340 0.24738890686879608238 0.25491052913188166906 0.00000000099999999999 0.35642277938339944621 0.00000000099999999999 0.01119028509716780972 0.05998083531515112365 
0.02056168028907535278 0.00000000099999999998 0.28420169403786454954 0.33599437200434822959 0.00000000099999999998 0.35709662296551680782 0.00000000099999999998 0.00214562670319491883 0.00000000099999999998 
0.00000008048603270800 0.52155802680847807018 0.03464382846507453595 0.00000000100459440247 0.07161668570399321032 0.28731882167812827777 0.00000001635462073776 0.00000000100000000000 0.08486253849907819669 
0.00000000099999999996 0.50523079320269292936 0.49476919979730732413 0.00000000099999999996 0.00000000099999999996 0.00000000099999999996 0.00000000099999999996 0.00000000099999999996 0.00000000099999999996 
0.00000000099999999996 0.59306587286239009771 0.33127594367590595947 0.00000000099999999996 0.00000000099999999996 0.00000000099999999996 0.00000000099999999996 0.00000000099999999996 0.07565817746170402924 
0.00523221936222954039 0.16668062978675393659 0.24699445211210821483 0.17099460219196394029 0.00000000099999999997 0.33789332276812972244 0.00000000099999999997 0.02088591675237387243 0.05131885502644079056 
0.00000000099999999998 0.31580486983317407335 0.21444570571714000051 0.14026134200504988825 0.00000000099999999998 0.27101526356312582999 0.00641669943783519311 0.03574805896830023089 0.01630805847537484740 
0.00240852322139494760 0.12085529237685656290 0.23484118329141678849 0.22237366657360055355 0.00000000099999999997 0.35355945400590788052 0.00000000099999999997 0.00000000099999999997 0.06596187753082333183 
0.00000000099999999998 0.61509590624777088497 0.28847094862335065368 0.00000000099999999998 0.00000000099999999998 0.00000000099999999998 0.00000000099999999998 0.00000000099999999998 0.09643313912887856165 
0.00000000099999999999 0.10044224625120391770 0.25391988829984007969 0.36500155595701216926 0.00000000099999999999 0.20207366048296576677 0.00000000099999999999 0.00527192561402349893 0.07329072039495468371 
0.00000000099999999998 0.37594180326046788831 0.09215856889161311294 0.21977351970042927065 0.00000000099999999998 0.29758025601132104265 0.00000000099999999998 0.01454584813616869449 0.00000000099999999998 
0.01097126801299326722 0.00000000099999999995 0.00000000099999999995 0.34164052879605794066 0.00000000099999999995 0.64738819719094875538 0.00000000099999999995 0.00000000099999999995 0.00000000099999999995 
0.99999999200000022626 0.00000000099999999993 0.00000000099999999993 0.00000000099999999993 0.00000000099999999993 0.00000000099999999993 0.00000000099999999993 0.00000000099999999993 0.00000000099999999993 
0.99968450908658867959 0.00000000099999999998 0.00000000099999999998 0.00000000099999999998 0.00000000099999999998 0.00000000212543909609 0.00000000099999999998 0.00031548278797237345 0.00000000099999999998 
0.00000000099999999965 0.00000000099999999965 0.00000000099999999965 0.00000000099999999965 0.99999999200000000421 0.00000000099999999965 0.00000000099999999965 0.00000000099999999965 0.00000000099999999965 
0.00000000099999999956 0.00000000099999999956 0.00000000099999999956 0.00000000099999999956 0.00000000099999999956 0.00000000099999999956 0.99999999200000000421 0.00000000099999999956 0.00000000099999999956 
0.88074122529254372793 0.00000000099999999997 0.00000000099999999997 0.00000000099999999997 0.00000000099999999997 0.00000000099999999997 0.00000000099999999997 0.11925876770745645616 0.00000000099999999997 
0.00000000099999999995 0.55517644590855053099 0.00000000099999999995 0.44482354709144972249 0.00000000099999999995 0.00000000099999999995 0.00000000099999999995 0.00000000099999999995 0.00000000099999999995 
0.00000000099999999991 0.00000000099999999991 0.00000000099999999991 0.99999999200000000421 0.00000000099999999991 0.00000000099999999991 0.00000000099999999991 0.00000000099999999991 0.00000000099999999991 
0.92225891705143503430 0.00000000099999999992 0.00000000099999999992 0.00000000099999999992 0.00000000099999999992 0.00000000099999999992 0.00000000099999999992 0.07774107594856502490 0.00000000099999999992 
0.00092030152486742469 0.37708365725280451608 0.24896051966622831375 0.00000000099999999997 0.00000000099999999997 0.37303551655609984428 0.00000000099999999997 0.00000000099999999997 0.00000000099999999997 
0.00000000099999999998 0.49498808504906727235 0.12643456185558904492 0.05710690919510387487 0.00000000099999999998 0.29462467530732822096 0.00893974195756888981 0.01006045150115338765 0.00784557313418938161 
0.00000000099999999993 0.00000000099999999993 0.00000000099999999993 0.00000000099999999993 0.00000000099999999993 0.96115701093776817476 0.00000000099999999993 0.03884298206223188443 0.00000000099999999993 
0.00000000099999999953 0.00000000099999999953 0.00000000099999999953 0.00000000099999999953 0.99999999200000011523 0.00000000099999999953 0.00000000099999999953 0.00000000099999999953 0.00000000099999999953 
0.00000000099999999956 0.00000000099999999956 0.00000000099999999956 0.00000000099999999956 0.99999999200000000421 0.00000000099999999956 0.00000000099999999956 0.00000000099999999956 0.00000000099999999956 
0.00000000099999999947 0.00000000099999999947 0.00000000099999999947 0.00000000099999999947 0.99999999200000011523 0.00000000099999999947 0.00000000099999999947 0.00000000099999999947 0.00000000099999999947 
0.00000000099999999949 0.00000000099999999949 0.00000000099999999949 0.00000000099999999949 0.99999999200000000421 0.00000000099999999949 0.00000000099999999949 0.00000000099999999949 0.00000000099999999949 
0.00000000099999999951 0.00000000099999999951 0.00000000099999999951 0.00000000099999999951 0.99999999200000011523 0.00000000099999999951 0.00000000099999999951 0.00000000099999999951 0.00000000099999999951 
0.97664810175437422046 0.00000000099999999996 0.00000000099999999996 0.00000000099999999996 0.00000000099999999996 0.00000000099999999996 0.00000000099999999996 0.02335189124562602955 0.00000000099999999996 
0.00000000099999999999 0.45766237003878207368 0.00000000099999999999 0.00000000099999999999 0.00000000099999999999 0.50214123269760879698 0.00000000099999999999 0.00208854552085964776 0.03810784674274915462 
0.00000000099999999950 0.00000000099999999950 0.00000000099999999950 0.00000000099999999950 0.99999999200000011523 0.00000000099999999950 0.00000000099999999950 0.00000000099999999950 0.00000000099999999950 
0.00000000099999999958 0.00000000099999999958 0.00000000099999999958 0.00000000099999999958 0.99999999200000000421 0.00000000099999999958 0.00000000099999999958 0.00000000099999999958 0.00000000099999999958 
0.00000000099999999955 0.00000000099999999955 0.00000000099999999955 0.00000000099999999955 0.00000000099999999955 0.00000000099999999955 0.99999999200000000421 0.00000000099999999955 0.00000000099999999955 
0.00000000099999999955 0.00000000099999999955 0.00000000099999999955 0.00000000099999999955 0.00000000099999999955 0.00000000099999999955 0.99999999199999989319 0.00000000099999999955 0.00000000099999999955 
0.00000000099999999997 0.00000000099999999997 0.21844157333814503974 0.30827656923972829306 0.00000000099999999997 0.46234993683637409800 0.00000000099999999997 0.01093191558575261346 0.00000000099999999997 
0.00000000099999999953 0.00000000099999999953 0.00000000099999999953 0.00000000099999999953 0.99999999200000011523 0.00000000099999999953 0.00000000099999999953 0.00000000099999999953 0.00000000099999999953 
0.00000000099999999989 0.99999999200000022626 0.00000000099999999989 0.00000000099999999989 0.00000000099999999989 0.00000000099999999989 0.00000000099999999989 0.00000000099999999989 0.00000000099999999989 
0.00000000099999999994 0.00000000099999999994 0.00000000099999999994 0.00000000099999999994 0.00000000099999999994 0.99999999200000011523 0.00000000099999999994 0.00000000099999999994 0.00000000099999999994 
0.94042676768544619659 0.05957322531455389036 0.00000000099999999997 0.00000000099999999997 0.00000000099999999997 0.00000000099999999997 0.00000000099999999997 0.00000000099999999997 0.00000000099999999997 
0.00000000099999999995 0.49846691566498202430 0.00000000099999999995 0.50153307733501795163 0.00000000099999999995 0.00000000099999999995 0.00000000099999999995 0.00000000099999999995 0.00000000099999999995 
0.99999999200000022626 0.00000000099999999991 0.00000000099999999991 0.00000000099999999991 0.00000000099999999991 0.00000000099999999991 0.00000000099999999991 0.00000000099999999991 0.00000000099999999991 
0.00000000099999999990 0.00000000099999999990 0.99999999200000000421 0.00000000099999999990 0.00000000099999999990 0.00000000099999999990 0.00000000099999999990 0.00000000099999999990 0.00000000099999999990 
0.99999999200000022626 0.00000000099999999992 0.00000000099999999992 0.00000000099999999992 0.00000000099999999992 0.00000000099999999992 0.00000000099999999992 0.00000000099999999992 0.00000000099999999992 
0.00000000099999999992 0.99999999200000022626 0.00000000099999999992 0.00000000099999999992 0.00000000099999999992 0.00000000099999999992 0.00000000099999999992 0.00000000099999999992 0.00000000099999999992 
0.00000000099999999990 0.00000000099999999990 0.00000000099999999990 0.99999999200000000421 0.00000000099999999990 0.00000000099999999990 0.00000000099999999990 0.00000000099999999990 0.00000000099999999990 
0.00000000099999999958 0.00000000099999999958 0.00000000099999999958 0.00000000099999999958 0.99999999200000000421 0.00000000099999999958 0.00000000099999999958 0.00000000099999999958 0.00000000099999999958 
0.99999999200000022626 0.00000000099999999993 0.00000000099999999993 0.00000000099999999993 0.00000000099999999993 0.00000000099999999993 0.00000000099999999993 0.00000000099999999993 0.00000000099999999993 
0.00000000099999999951 0.00000000099999999951 0.00000000099999999951 0.00000000099999999951 0.99999999200000000421 0.00000000099999999951 0.00000000099999999951 0.00000000099999999951 0.00000000099999999951 
0.00000000099999999949 0.00000000099999999949 0.00000000099999999949 0.00000000099999999949 0.99999999200000000421 0.00000000099999999949 0.00000000099999999949 0.00000000099999999949 0.00000000099999999949 
0.00000000099999999998 0.00000000099999999998 0.37462640972804828188 0.00000000099999999998 0.00000000099999999998 0.56044682139521850850 0.00000000099999999998 0.00000000099999999998 0.06492676287673326829 
0.00000000099999999997 0.57832396231834359845 0.41898617435934676356 0.00000000099999999997 0.00000000099999999997 0.00000000099999999997 0.00000000099999999997 0.00268985732230972267 0.00000000099999999997 
0.00000000099999999997 0.37015456866503138045 0.00000167646555966453 0.25267158803126121835 0.00000000099999999997 0.34956369260861341886 0.00000000099999999997 0.00000000099999999997 0.02760847022953439103 
0.00000000099999999998 0.00000000099999999998 0.31616173887115905927 0.28382146399201690912 0.00000000099999999998 0.38056105344590546169 0.00000000099999999998 0.00000000099999999998 0.01945573869091863500 
0.00000000099999999998 0.00000000099999999998 0.00000020919312115665 0.38745560183513072516 0.00000000099999999998 0.50741882991685194337 0.00000000099999999998 0.04915054770312695526 0.05597480735176931649 
0.00041321336187461063 0.27029466649005934320 0.11241698089102265812 0.34804467263888211326 0.00000000099999999998 0.19967389744190122691 0.00000000099999999998 0.02027410103320618356 0.04888246614305381821 
0.00000000099999999995 0.00000000099999999995 0.34074311547889685192 0.65925687752110317952 0.00000000099999999995 0.00000000099999999995 0.00000000099999999995 0.00000000099999999995 0.00000000099999999995 
0.97630615394109465655 0.00000000099999999997 0.00000000099999999997 0.00000000099999999997 0.00000000099999999997 0.02369383905890552408 0.00000000099999999997 0.00000000099999999997 0.00000000099999999997 
0.00000000099999999997 0.52852642498284629902 0.00000000099999999997 0.13896617907860231433 0.00000000099999999997 0.33013288482219022013 0.00000000099999999997 0.00237450611636136257 0.00000000099999999997 
0.00000000099999999950 0.00000000099999999950 0.00000000099999999950 0.00000000099999999950 0.99999999200000011523 0.00000000099999999950 0.00000000099999999950 0.00000000099999999950 0.00000000099999999950 
0.00000000099999999998 0.21466694619275777933 0.36661782421702626689 0.00000000099999999998 0.00000000099999999998 0.41519192862127063393 0.00000000099999999998 0.00352329596894538711 0.00000000099999999998 
0.00000000099999999984 0.00000000099999999984 0.00000000099999999984 0.00000000099999999984 0.99999999200000011523 0.00000000099999999984 0.00000000099999999984 0.00000000099999999984 0.00000000099999999984 
0.00000000099999999957 0.00000000099999999957 0.00000000099999999957 0.00000000099999999957 0.99999999200000011523 0.00000000099999999957 0.00000000099999999957 0.00000000099999999957 0.00000000099999999957 
0.00000000099999999991 0.99999999200000022626 0.00000000099999999991 0.00000000099999999991 0.00000000099999999991 0.00000000099999999991 0.00000000099999999991 0.00000000099999999991 0.00000000099999999991 
0.00000000099999999989 0.00000000099999999989 0.99999999200000000421 0.00000000099999999989 0.00000000099999999989 0.00000000099999999989 0.00000000099999999989 0.00000000099999999989 0.00000000099999999989 
0.00000000099999999994 0.00000000099999999994 0.00000000099999999994 0.00000000099999999994 0.00000000099999999994 0.99999999200000000421 0.00000000099999999994 0.00000000099999999994 0.00000000099999999994 
0.00000000099999999961 0.00000000099999999961 0.00000000099999999961 0.00000000099999999961 0.99999999200000000421 0.00000000099999999961 0.00000000099999999961 0.00000000099999999961 0.00000000099999999961 
0.99999999200000022626 0.00000000099999999993 0.00000000099999999993 0.00000000099999999993 0.00000000099999999993 0.00000000099999999993 0.00000000099999999993 0.00000000099999999993 0.00000000099999999993 
0.99999999200000022626 0.00000000099999999994 0.00000000099999999994 0.00000000099999999994 0.00000000099999999994 0.00000000099999999994 0.00000000099999999994 0.00000000099999999994 0.00000000099999999994 
0.00000000099999999957 0.00000000099999999957 0.00000000099999999957 0.00000000099999999957 0.99999999200000000421 0.00000000099999999957 0.00000000099999999957 0.00000000099999999957 0.00000000099999999957 
0.00000000099999999998 0.00000000099999999998 0.14818162564232303935 0.18316469092254794582 0.00000000099999999998 0.66865323964018597014 0.00000043879494295886 0.00000000099999999998 0.00000000099999999998 
0.02895834418420861062 0.00000000099999999999 0.39690595369438641526 0.00000000099999999999 0.00000000099999999999 0.57326483169621511582 0.00005073404463030276 0.00082013238055937460 0.00000000099999999999 
0.00000000099999999959 0.00000000099999999959 0.00000000099999999959 0.00000000099999999959 0.99999999200000011523 0.00000000099999999959 0.00000000099999999959 0.00000000099999999959 0.00000000099999999959 
0.00000000099999999998 0.47282601549300801169 0.26727950992990701096 0.20249337324291269424 0.00000000099999999998 0.00000009444332232549 0.00000000099999999998 0.00000000099999999998 0.05740100289085019875 
0.99999999200000022626 0.00000000099999999991 0.00000000099999999991 0.00000000099999999991 0.00000000099999999991 0.00000000099999999991 0.00000000099999999991 0.00000000099999999991 0.00000000099999999991 
0.00000000099999999891 0.00000000099999999891 0.00000000099999999891 0.00000000099999999891 0.00000000099999999891 0.00000000099999999891 0.00000000099999999891 0.99999999200000000421 0.00000000099999999891 
