0.00000000099999999998 0.99263470077278503911 0.00000000099999999998 0.00000000099999999998 0.00736529622721498328 
0.00000000099999999996 0.00000000099999999996 0.00000000099999999996 0.99999999600000000211 0.00000000099999999996 
0.00000000099999999996 0.00000000099999999996 0.00000000099999999996 0.99999999600000000211 0.00000000099999999996 
0.00000000099999999999 0.56203068367551189954 0.40189900214547996660 0.03439261594982789133 0.00167769722918025672 
0.00000000100000000000 0.61649240604223332074 0.37347234293332215449 0.00000000100000000000 0.01003524902444463338 
0.00000000099999999999 0.68208760676849566895 0.28923112846072285276 0.02598558353039119931 0.00269568024039022920 
0.00000000099999999997 0.00000000099999999997 0.00000000099999999997 0.99999999599999989108 0.00000000099999999997 
0.00000000099999999995 0.00000000099999999995 0.00000000099999999995 0.99999999599999989108 0.00000000099999999995 
0.00000000099999999999 0.62604867793904450668 0.35474710558741467947 0.00262961803732026040 0.01657459743622062553 
0.00000000099999999996 0.00000000099999999996 0.00000000099999999996 0.99999999599999989108 0.00000000099999999996 
0.00000000100000000000 0.58620482087860537046 0.39063433258847474194 0.01317658581555833722 0.00998425971736157172 
0.00000000099999999999 0.55963175703971190789 0.41901889358144112085 0.01486639618812614534 0.00648295219072093313 
0.00000000100000000000 0.53912361409351949870 0.45797012412223170319 0.00000033986788229270 0.00290592091636636147 
0.00000000100000000000 0.57164272458163256641 0.41102048467006641053 0.00193066518983358963 0.01540612455846737845 
0.00000000099999999998 0.99999547166239333151 0.00000000099999999998 0.00000000099999999998 0.00000452533760677753 
0.00000000099999999999 0.62453044351203446105 0.29126189572804878081 0.05437531950780022383 0.02983234025211665627 
0.00000000099999999997 0.99999999600000000211 0.00000000099999999997 0.00000000099999999997 0.00000000099999999997 
0.00369100661611353404 0.55355351332436408818 0.44000884722767236168 0.00000000099999999999 0.00274663183185010294 
0.00546238109143592533 0.68494144995465200410 0.30320437992798920934 0.00000026168882255623 0.00639152733710019599 
0.00000000099999999998 0.80093608677872196733 0.19627235719875316122 0.00000000099999999998 0.00279155402252484865 
0.00000000099999999999 0.57747363760758574358 0.42252635939241423024 0.00000000099999999999 0.00000000099999999999 
0.00000000099999999997 0.00803199271801008710 0.00000000099999999997 0.99196800428198983468 0.00000000099999999997 
0.00000000099999999999 0.54883734284091023614 0.43033167734839594676 0.02083097781069379040 0.00000000099999999999 
0.00000000099999999990 0.00000000099999999990 0.99999999599999989108 0.00000000099999999990 0.00000000099999999990 
0.00000000099999999998 0.62062835993966669612 0.35264506483613949905 0.02672657322419377465 0.00000000099999999998 
0.00000000099999999999 0.55466710800007135163 0.44478260015593312771 0.00000000099999999999 0.00055028984399547955 
0.00000000099999999983 0.00000000099999999983 0.00000000099999999983 0.00000000099999999983 0.99999999599999989108 
0.00000000099999999980 0.00000000099999999980 0.00000000099999999980 0.00000000099999999980 0.99999999600000000211 
0.00000000100000000000 0.52763537280350769620 0.46672659993946241652 0.00000000100000000000 0.00563802525702993863 
0.00000000099999999999 0.53116932984231401971 0.45963298253692802531 0.00000000099999999999 0.00919768562075818502 
0.00000000099999999999 0.57283349436404984445 0.40626993564265073688 0.02089656799329940237 0.00000000099999999999 
0.00000000099999999997 0.00000000099999999997 0.00912956917935618152 0.99087042782064382873 0.00000000099999999997 
0.00000000099999999995 0.00000000099999999995 0.45588423853519255413 0.18882280408326321264 0.35529295538154420653 
0.00000000099999999995 0.00000000099999999995 0.99999999600000000211 0.00000000099999999995 0.00000000099999999995 
0.99999999600000011313 0.00000000099999999980 0.00000000099999999980 0.00000000099999999980 0.00000000099999999980 
0.99999999600000000211 0.00000000099999999975 0.00000000099999999975 0.00000000099999999975 0.00000000099999999975 
0.99999999600000011313 0.00000000099999999975 0.00000000099999999975 0.00000000099999999975 0.00000000099999999975 
0.00000000099999999984 0.00000000099999999984 0.00000000099999999984 0.00000000099999999984 0.99999999599999989108 
0.00000000099999999982 0.00000000099999999982 0.00000000099999999982 0.00000000099999999982 0.99999999599999989108 
0.00000000099999999999 0.67645161427007072241 0.32354834235778617835 0.00000000099999999999 0.00000004137214308919 
0.00000000099999999997 0.00000000099999999997 0.00000000099999999997 0.99999999600000000211 0.00000000099999999997 
0.00000000099999999982 0.00000000099999999982 0.00000000099999999982 0.00000000099999999982 0.99999999599999989108 
0.00000000099999999999 0.54204979336527125966 0.43085986986656027442 0.01897939813646943794 0.00811093763169916035 
0.00000000099999999995 0.00000000099999999995 0.00000000099999999995 0.99999999600000000211 0.00000000099999999995 
0.00000000099999999985 0.00000000099999999985 0.00000000099999999985 0.00000000099999999985 0.99999999600000000211 
0.00000000099999999999 0.61718283893468472989 0.36365510027737535381 0.01291392725818973908 0.00624813252975022371 
0.00000000099999999983 0.00000000099999999983 0.00000000099999999983 0.00000000099999999983 0.99999999600000000211 
0.00000000099999999996 0.00000000099999999996 0.00000000099999999996 0.99999999599999989108 0.00000000099999999996 
0.00000000099999999994 0.00000000099999999994 0.00000000099999999994 0.99999999600000000211 0.00000000099999999994 
0.00000000099999999980 0.00000000099999999980 0.00000000099999999980 0.00000000099999999980 0.99999999600000000211 
0.00000000099999999982 0.00000000099999999982 0.00000000099999999982 0.00000000099999999982 0.99999999600000000211 
0.00000000099999999996 0.00000000099999999996 0.00000000099999999996 0.99999999599999989108 0.00000000099999999996 
0.00000000099999999996 0.00000000099999999996 0.00000000099999999996 0.99999999600000000211 0.00000000099999999996 
0.00000000099999999997 0.00000000099999999997 0.01333355611108139570 0.98666644088891863884 0.00000000099999999997 
0.00000000099999999985 0.00000000099999999985 0.00000000099999999985 0.00000000099999999985 0.99999999599999989108 
0.00000000100000000000 0.60380832188572786112 0.33752679824700099198 0.04230126369300743483 0.01636361517426372300 
0.00000000100000000000 0.66351849701049769870 0.30994780318755926762 0.00000000100000000000 0.02653369780194310065 
0.00000000099999999997 0.99947469826627799439 0.00000000099999999997 0.00052529873372210662 0.00000000099999999997 
0.00000000099999999999 0.53329397323629013083 0.45740006099030372511 0.00912295565703540381 0.00018300911637065834 
0.00000000099999999996 0.00000000099999999996 0.00000000099999999996 0.99999999600000000211 0.00000000099999999996 
0.00137061222230797477 0.60432246898172048422 0.38922487947845191281 0.00000000100000000000 0.00508203831751960489 
0.99999999600000011313 0.00000000099999999979 0.00000000099999999979 0.00000000099999999979 0.00000000099999999979 
0.00000000099999999998 0.68760237042412997166 0.29857644722188814157 0.00671156454045609974 0.00710961681352574853 
0.99999999600000011313 0.00000000099999999979 0.00000000099999999979 0.00000000099999999979 0.00000000099999999979 
0.00000000099999999999 0.53849256283010948909 0.42695976305055982625 0.03454767211933067877 0.00000000099999999999 
0.99999999600000011313 0.00000000099999999980 0.00000000099999999980 0.00000000099999999980 0.00000000099999999980 
0.00000000099999999997 0.99999999600000011313 0.00000000099999999997 0.00000000099999999997 0.00000000099999999997 
0.00000000100000000000 0.58761637139496991633 0.39755832663166890129 0.00829261711865359082 0.00653268385470761725 
0.00000000099999999994 0.00000000099999999994 0.00000000099999999994 0.99999999599999989108 0.00000000099999999994 
0.00000000099999999998 0.61887991390128216374 0.38112008309871781009 0.00000000099999999998 0.00000000099999999998 
0.99999999600000000211 0.00000000099999999980 0.00000000099999999980 0.00000000099999999980 0.00000000099999999980 
0.99999999600000000211 0.00000000099999999982 0.00000000099999999982 0.00000000099999999982 0.00000000099999999982 
0.00000000099999999999 0.61356854188917386850 0.29320744915859020541 0.08332043393805624310 0.00990357401417969394 
0.00000000099999999995 0.00000000099999999995 0.00000000099999999995 0.99999999599999989108 0.00000000099999999995 
0.00000000099999999985 0.00000000099999999985 0.00000000099999999985 0.00000000099999999985 0.99999999600000000211 
0.00000000099999999995 0.00000000099999999995 0.00000000099999999995 0.99999999600000000211 0.00000000099999999995 
0.00000000099999999999 0.68040858066761888967 0.28445576437927744262 0.03513565295310362713 0.00000000099999999999 
0.99999999600000000211 0.00000000099999999978 0.00000000099999999978 0.00000000099999999978 0.00000000099999999978 
0.00000000099999999979 0.00000000099999999979 0.00000000099999999979 0.00000000099999999979 0.99999999599999989108 
0.99999999600000000211 0.00000000099999999982 0.00000000099999999982 0.00000000099999999982 0.00000000099999999982 
0.00155769161772042358 0.63787286355287242667 0.34195755259104132495 0.00000000100000000000 0.01861189123836598860 
0.00000000099999999994 0.00000000099999999994 0.00000000099999999994 0.99999999599999989108 0.00000000099999999994 
0.00000000099999999995 0.00000000099999999995 0.00000000099999999995 0.99999999599999989108 0.00000000099999999995 
0.00000000099999999999 0.41652341447461044277 0.35170952832113572262 0.23087084612954902885 0.00089621007470480586 
0.00000000099999999999 0.98735870389525715041 0.00000000099999999999 0.00000000099999999999 0.01264129310474278352 
0.00000000099999999999 0.64771896482518331872 0.34449769402057678347 0.00778333915423984942 0.00000000099999999999 
0.00000000099999999998 0.41357044430411904479 0.57318239141696658567 0.01324716227891442957 0.00000000099999999998 
0.00000000099999999999 0.54630412174229114886 0.45369585611097479338 0.00000000099999999999 0.00000002014673417519 
0.00000000099999999998 0.66831914589969343421 0.33168085110030670615 0.00000000099999999998 0.00000000099999999998 
0.00000000099999999998 0.54522410044158997611 0.44816009386732641451 0.00661580369108369457 0.00000000099999999998 
0.00000000099999999999 0.56626041089688916585 0.41906417352949770772 0.00731077874014222136 0.00736463583347093508 
0.00000000099999999999 0.41920537685947706352 0.55080075867477629181 0.02999386246574658674 0.00000000099999999999 
0.00000000099999999996 0.00000000099999999996 0.00000000099999999996 0.99999999600000000211 0.00000000099999999996 
0.00000000099999999998 0.00012918201845449047 0.00000000099999999998 0.99987081498154550818 0.00000000099999999998 
0.99999999600000011313 0.00000000099999999988 0.00000000099999999988 0.00000000099999999988 0.00000000099999999988 
0.00000000099999999997 0.00000000099999999997 0.00000000099999999997 0.99999999599999989108 0.00000000099999999997 
0.00000000099999999998 0.00000000099999999998 0.00000000099999999998 0.99999999600000000211 0.00000000099999999998 
0.00000000099999999999 0.57932921319877062061 0.39366954702946410638 0.01912604514026202546 0.00787519363150328278 
0.99999999600000011313 0.00000000099999999975 0.00000000099999999975 0.00000000099999999975 0.00000000099999999975 
0.00000000099999999999 0.53111016848048919758 0.46558285919393044283 0.00000000099999999999 0.00330697032558039143 
0.00000000099999999999 0.62517371696624957078 0.35657349382734188081 0.01342637095101119164 0.00482641725539748913 
0.00000000100000000000 0.54011029944860988738 0.45205493696046927798 0.00000000100000000000 0.00783476159092095885 
0.00000000100000000000 0.69154208550632578767 0.28338528981641331050 0.02378191247377415760 0.00129071120348686749 
0.00000000099999999995 0.00000000099999999995 0.99999999600000000211 0.00000000099999999995 0.00000000099999999995 
0.00000000099999999999 0.50551324068782665933 0.45880365050296484375 0.03568310680920845634 0.00000000099999999999 
0.00000000099999999999 0.60042479820466199136 0.39677967190560542443 0.00000000099999999999 0.00279552788973265248 
0.00000000099999999999 0.57145368116008810055 0.41090067495177423629 0.01018358966767159493 0.00746205322046609391 
0.00298221246523667615 0.60920950689446884407 0.34847609546594837671 0.00980321591953473015 0.02952896925481135817 
0.00000000099999999999 0.62025789436836631374 0.36649432567666428984 0.00041040615487193796 0.01283737280009728497 
0.00000000099999999995 0.99999999600000011313 0.00000000099999999995 0.00000000099999999995 0.00000000099999999995 
0.00000000100000000000 0.45255364795440239378 0.50242523587641052529 0.02050826292729652708 0.02451285224189030110 
0.00000000099999999998 0.63743625591171682032 0.35330950789891368835 0.00000000099999999998 0.00925423418936962942 
0.00000000099999999999 0.53214503305954863333 0.46303603950080862717 0.00481892543964282122 0.00000000099999999999 
0.00000000099999999999 0.62614763953474350533 0.37385235746525652401 0.00000000099999999999 0.00000000099999999999 
0.00000000099999999999 0.52487161765413925529 0.44602370602218072149 0.02910467432367996529 0.00000000099999999999 
0.00000000099999999999 0.68799978107047321529 0.29565476084300540416 0.01064578352243697457 0.00569967356408435794 
0.00000000099999999999 0.51511205036813734193 0.45046937366894906907 0.03441857396291349291 0.00000000099999999999 
0.00000000099999999999 0.59961620282484062727 0.40038302343077547540 0.00000077174438389074 0.00000000099999999999 
0.00000000099999999999 0.49149667134695274040 0.48959976995717674475 0.01890355669587055407 0.00000000099999999999 
0.06847088501800151217 0.00000000100000000000 0.93144323513236715328 0.00000000100000000000 0.00008587784963144963 
0.00000000099999999999 0.67996094792409611518 0.31959835708246597807 0.00044069299343790493 0.00000000099999999999 
0.00000000099999999993 0.00000000099999999993 0.99999999599999989108 0.00000000099999999993 0.00000000099999999993 
0.00000000099999999998 0.48035241811615647656 0.50011682724814354728 0.01953075263569993211 0.00000000099999999998 
0.00000000099999999999 0.56347411205996100758 0.42135391800472865587 0.00000000099999999999 0.01517196793531043995 
0.00000000099999999995 0.00000000099999999995 0.99999999600000000211 0.00000000099999999995 0.00000000099999999995 
0.00143104847179612049 0.43566523796717615546 0.55972704074300727584 0.00000000100000000000 0.00317667181802037263 
0.00000000099999999999 0.56102778162277866514 0.42014387051349905144 0.01117793333270526192 0.00765041353101688585 
0.00000000099999999999 0.72405887206926444755 0.27594112493073552628 0.00000000099999999999 0.00000000099999999999 
0.00000000099999999998 0.63264116850631901823 0.33560409653376310768 0.03175473295991777800 0.00000000099999999998 
0.00000000099999999995 0.00000000099999999995 0.00000000099999999995 0.99999999599999989108 0.00000000099999999995 
0.00000000099999999998 0.00000000099999999998 0.00000000099999999998 0.99999999599999989108 0.00000000099999999998 
0.99999999600000011313 0.00000000099999999983 0.00000000099999999983 0.00000000099999999983 0.00000000099999999983 
0.00000000099999999980 0.00000000099999999980 0.00000000099999999980 0.00000000099999999980 0.99999999599999989108 
0.00000000100000000000 0.05754744227832346570 0.00000000100000000000 0.90421646580484271727 0.03823608991683385278 
0.00000000099999999998 0.66947202492068180746 0.31733063939189787295 0.01319733368742037269 0.00000000099999999998 
0.00000000099999999998 0.99999999600000000211 0.00000000099999999998 0.00000000099999999998 0.00000000099999999998 
0.00000000099999999999 0.00000000099999999999 0.00000000592381435861 0.99570162069096379565 0.00429837138522187225 
0.00000000099999999999 0.52163850025397695553 0.46513259203695722643 0.01322890570906592837 0.00000000099999999999 
0.00000000099999999998 0.59546129444166329137 0.39364307164786610516 0.00000000099999999998 0.01089563191047061667 
0.00000000099999999994 0.00000000099999999994 0.99999999599999989108 0.00000000099999999994 0.00000000099999999994 
0.99999999600000000211 0.00000000099999999978 0.00000000099999999978 0.00000000099999999978 0.00000000099999999978 
0.99999999600000000211 0.00000000099999999979 0.00000000099999999979 0.00000000099999999979 0.00000000099999999979 
0.99999999600000011313 0.00000000099999999975 0.00000000099999999975 0.00000000099999999975 0.00000000099999999975 
0.99999999600000011313 0.00000000099999999976 0.00000000099999999976 0.00000000099999999976 0.00000000099999999976 
0.99999999600000000211 0.00000000099999999976 0.00000000099999999976 0.00000000099999999976 0.00000000099999999976 
0.00000000099999999998 0.00000000099999999998 0.00000000099999999998 0.99999999600000000211 0.00000000099999999998 
0.00000000099999999999 0.50568697666660178403 0.48384680250656680878 0.00000000099999999999 0.01046621882683147937 
0.99999999600000000211 0.00000000099999999976 0.00000000099999999976 0.00000000099999999976 0.00000000099999999976 
0.99999999600000011313 0.00000000099999999980 0.00000000099999999980 0.00000000099999999980 0.00000000099999999980 
0.00000000099999999979 0.00000000099999999979 0.00000000099999999979 0.00000000099999999979 0.99999999600000000211 
0.00000000099999999979 0.00000000099999999979 0.00000000099999999979 0.00000000099999999979 0.99999999600000000211 
0.00000000099999999999 0.61839673823421137389 0.38160325876578859994 0.00000000099999999999 0.00000000099999999999 
0.99999999600000011313 0.00000000099999999978 0.00000000099999999978 0.00000000099999999978 0.00000000099999999978 
0.00000000099999999999 0.61912333121582163731 0.36917290211839226544 0.01170376466578610004 0.00000000099999999999 
0.00000000099999999999 0.73260191241920902261 0.26739808458079095121 0.00000000099999999999 0.00000000099999999999 
0.00000000099999999998 0.04486111189281648259 0.00000000099999999998 0.95513888510718347735 0.00000000099999999998 
0.00000000099999999999 0.66202030346395934757 0.33192393780534412695 0.00605575673069665490 0.00000000099999999999 
0.00000000099999999994 0.00000000099999999994 0.00000000099999999994 0.99999999599999989108 0.00000000099999999994 
0.00000000099999999999 0.54657977083640685301 0.43218753383452490624 0.01786114579415371689 0.00337154853491461329 
0.00000000099999999995 0.00000000099999999995 0.00000000099999999995 0.99999999600000000211 0.00000000099999999995 
0.00000000099999999999 0.53866416017509166636 0.43707836170196301406 0.00783767984575768108 0.01641979727718757831 
0.00000000099999999997 0.99999999600000011313 0.00000000099999999997 0.00000000099999999997 0.00000000099999999997 
0.99999999600000011313 0.00000000099999999980 0.00000000099999999980 0.00000000099999999980 0.00000000099999999980 
0.00000000099999999996 0.00000000099999999996 0.00000000099999999996 0.99999999600000000211 0.00000000099999999996 
0.99999999600000011313 0.00000000099999999976 0.00000000099999999976 0.00000000099999999976 0.00000000099999999976 
0.99999999600000000211 0.00000000099999999976 0.00000000099999999976 0.00000000099999999976 0.00000000099999999976 
0.00000000099999999999 0.66332729321561934022 0.33091466482585352171 0.00575803995852706540 0.00000000099999999999 
0.00000000099999999999 0.60851554440113941880 0.36659731621808488988 0.02488713738077567156 0.00000000099999999999 
0.00000000099999999998 0.73187786436009016899 0.26468922436211989035 0.00343290927778985367 0.00000000099999999998 
0.00000000099999999999 0.55467241494680685765 0.44381855463347941182 0.00000000099999999999 0.00150902841971376780 
0.00000000099999999999 0.72121098558770169173 0.26428190134587725701 0.00202842455051802659 0.01247868751590300133 
0.00000000099999999999 0.49405140881632447769 0.48780364887699989573 0.01284904589988646213 0.00529589540678913288 
0.00000000099999999996 0.99999999600000000211 0.00000000099999999996 0.00000000099999999996 0.00000000099999999996 
0.00000000099999999997 0.01197980675655612413 0.00000000099999999997 0.98802019024344400755 0.00000000099999999997 
0.00000000099999999998 0.46413059098019260329 0.53586940601980737053 0.00000000099999999998 0.00000000099999999998 
0.99999999600000011313 0.00000000099999999976 0.00000000099999999976 0.00000000099999999976 0.00000000099999999976 
0.00000000100000000000 0.61344298963117727119 0.38655700736882270263 0.00000000100000000000 0.00000000100000000000 
0.99999999600000011313 0.00000000099999999992 0.00000000099999999992 0.00000000099999999992 0.00000000099999999992 
0.99999999600000011313 0.00000000099999999979 0.00000000099999999979 0.00000000099999999979 0.00000000099999999979 
0.00000000099999999999 0.68865212662337560445 0.29172930391884560608 0.01961856745777877664 0.00000000099999999999 
0.00000000099999999999 0.64598066008959997841 0.34602722370766980653 0.00000000099999999999 0.00799211420273019876 
0.00000000099999999999 0.63704185726512141397 0.34612309550759079446 0.01683504522728784467 0.00000000099999999999 
0.99999999600000011313 0.00000000099999999982 0.00000000099999999982 0.00000000099999999982 0.00000000099999999982 
0.00000000099999999995 0.00000000099999999995 0.00000000099999999995 0.99999999599999989108 0.00000000099999999995 
0.00000000099999999995 0.00000000099999999995 0.00000000099999999995 0.99999999599999989108 0.00000000099999999995 
0.99999999600000000211 0.00000000099999999979 0.00000000099999999979 0.00000000099999999979 0.00000000099999999979 
0.00000000100000000000 0.57672599108820998826 0.41299890944348144339 0.00435061388651850761 0.00592448458179011938 
0.00000000100000000000 0.60524087669509507581 0.34182841983593670321 0.03848741322136952497 0.01444328924759882664 
0.99999999600000011313 0.00000000099999999980 0.00000000099999999980 0.00000000099999999980 0.00000000099999999980 
0.00000000099999999999 0.52080121425824710268 0.47413581917506075758 0.00000886137083439326 0.00505410419585776167 
0.00000000099999999994 0.00000000099999999994 0.00000000099999999994 0.99999999600000000211 0.00000000099999999994 
0.09907878008149390014 0.57203351967177984427 0.00000000100000000000 0.21990947496538235106 0.10897822428134394668 
0.00099997249218475217 0.55816368792934289988 0.41725900255376335846 0.02357733602470899262 0.00000000100000000000 
0.00000000099999999999 0.54777729061780489062 0.40969049981860772291 0.03042819673997216104 0.01210401182361529882 
0.00000000099999999999 0.66160386435764007018 0.32513008722394154404 0.00000002112416088763 0.01326602629425746235 
0.00000000099999999999 0.42205379797175757162 0.56907246360514407435 0.00000000099999999999 0.00887373642309836376 
0.00000000099999999999 0.56685036123866472391 0.43085399574537397438 0.00000000099999999999 0.00229564101596128715 
0.00000000099999999999 0.75640060621036642186 0.23613417823446350430 0.00746521355517006102 0.00000000099999999999 
0.00000000099999999999 0.43396946110563433541 0.55424121995070163571 0.00193682523967266288 0.00985249270399141987 
0.00000000099999999998 0.99999999600000011313 0.00000000099999999998 0.00000000099999999998 0.00000000099999999998 
0.00000000099999999996 0.00000000099999999996 0.00000000099999999996 0.99999999599999989108 0.00000000099999999996 
0.00000000099999999999 0.47399357458240809482 0.51052097302674392942 0.01015234973521354778 0.00533310165563430187 
0.00000000099999999996 0.99999999600000000211 0.00000000099999999996 0.00000000099999999996 0.00000000099999999996 
0.00000000100000000000 0.55221486403464481452 0.40340662978659708182 0.04235646078795114039 0.00202204439080685668 
0.00000000099999999998 0.73468706255075388878 0.25095190814857826211 0.01436102730066775822 0.00000000099999999998 
0.00000000649202105974 0.64327208571445682050 0.32064566120107729219 0.03282720974638086986 0.00325503684606397344 
0.00000000099999999999 0.65668585778422861043 0.34331413921577141890 0.00000000099999999999 0.00000000099999999999 
0.00000000100000000000 0.60642990785221151384 0.38290677677753315322 0.01066329306173318878 0.00000002130852210627 
0.00000000099999999998 0.00438234837109424940 0.00000000949409877521 0.99561764013480702484 0.00000000099999999998 
0.00000000099999999997 0.99999998868594053292 0.00000000099999999997 0.00000000099999999997 0.00000000831405961409 
0.00000000099999999999 0.53067186330490545565 0.45850861540421039564 0.00108228834470099977 0.00973723194618332163 
0.00531673328817695596 0.46796217347664209596 0.52153940411373422847 0.00518168812144677825 0.00000000100000000000 
0.00000000099999999997 0.00000000099999999997 0.00000000099999999997 0.99999999599999989108 0.00000000099999999997 
0.01849276284790816668 0.60580643974942793850 0.35139315060899706245 0.02430764579366679473 0.00000000100000000000 
0.00000000100000000000 0.58792982692791040389 0.39788494365796733820 0.00647731695010978024 0.00770791146401237238 
0.00000000099999999999 0.29678482602291123005 0.21645211355823512633 0.47681256890639722723 0.00995049051245628161 
0.00000000099999999998 0.50480538632052895931 0.47482028119352148732 0.02037433048594947810 0.00000000099999999998 
0.99999999600000000211 0.00000000099999999981 0.00000000099999999981 0.00000000099999999981 0.00000000099999999981 
0.00000000099999999999 0.65316524575772338945 0.31394070648449218242 0.01589615428375125428 0.01699789247403310846 
0.00000000099999999999 0.63262774851892356054 0.33988934643895918342 0.02323081616943609498 0.00425208787268108873 
