0.32967859521882242335 0.06128289613929725071 0.59585269030958243341 0.00000000099999999999 0.00000000099999999999 0.00000000099999999999 0.00000006445689804703 0.01318575087539991357 
0.00000000099999999994 0.00000000099999999994 0.00000000099999999994 0.00000000099999999994 0.00000000099999999994 0.99999999299999997593 0.00000000099999999994 0.00000000099999999994 
0.00000000099999999993 0.05255218786288945454 0.00000000099999999993 0.00000000099999999993 0.00000000099999999993 0.94744780613711065964 0.00000000099999999993 0.00000000099999999993 
0.40295456981091692938 0.00360031611061533341 0.27617053623760301484 0.00000000099999999999 0.00000000099999999999 0.03007700422806980703 0.28719757061279482802 0.00000000099999999999 
0.23826012359903125937 0.01603536468728000014 0.20423483330582992146 0.15094037679280272735 0.00000000099999999999 0.00000000099999999999 0.39052929372328348823 0.00000000589177254559 
0.34587721164731777268 0.00000112595499583897 0.58926622609285883581 0.04780400893791155598 0.00000000099999999999 0.01570320840511582952 0.00000000099999999999 0.00134821696180021690 
0.00000000099999999992 0.07103413846177324131 0.00000000099999999992 0.00000000099999999992 0.00000000099999999992 0.92896585553822685899 0.00000000099999999992 0.00000000099999999992 
0.00000000099999999992 0.00000000099999999992 0.00000000099999999992 0.00000000099999999992 0.00000000099999999992 0.99999999299999997593 0.00000000099999999992 0.00000000099999999992 
0.00000000099999999984 0.00000000099999999984 0.00000000099999999984 0.99999999300000008695 0.00000000099999999984 0.00000000099999999984 0.00000000099999999984 0.00000000099999999984 
0.00000000099999999995 0.00000000099999999995 0.00000000099999999995 0.00000000099999999995 0.00000000099999999995 0.99999999299999997593 0.00000000099999999995 0.00000000099999999995 
0.00000000099999999996 0.00000000099999999996 0.00000000099999999996 0.00000000099999999996 0.00000000099999999996 0.00000000099999999996 0.99999999299999997593 0.00000000099999999996 
0.17729326364123970672 0.00000000099999999998 0.40272261629453415255 0.12489253222819207689 0.00000000099999999998 0.01562718480805512858 0.27344902015103417225 0.00601538087694487335 
0.00000000099999999995 0.00000000099999999995 0.00000000099999999995 0.00000000099999999995 0.00000000099999999995 0.00000000099999999995 0.99999999299999986491 0.00000000099999999995 
0.34461524660466336112 0.01274686210912500360 0.44691484321205943164 0.18397908243800784045 0.00000000099999999999 0.00000000099999999999 0.00000000099999999999 0.01174396263614460242 
0.30014358145779235221 0.00918635371352073335 0.18971367475343509090 0.00000000100000000000 0.00144034960854816981 0.00000000100000000000 0.48190504475458456612 0.01761099371211902187 
0.28919951316136283115 0.05315167667545018376 0.37660340192976177187 0.13485328316168601614 0.00000000099999999999 0.04049256983913490648 0.08490285457955257242 0.02079669965305183665 
0.23361527114592423038 0.03254113903813068975 0.35046181959726940836 0.12800358220095053863 0.00000000099999999998 0.00000000099999999998 0.25537818501772513446 0.00000000099999999998 
0.00000000099999999985 0.00000000099999999985 0.00000000099999999985 0.99999999299999997593 0.00000000099999999985 0.00000000099999999985 0.00000000099999999985 0.00000000099999999985 
0.19104911322752393676 0.03093201717591679070 0.56585213363594277780 0.05804277146530906206 0.00109854893073344602 0.00000000100000000000 0.14853665736508048223 0.00448875719949351926 
0.24132027527484015139 0.04005799844986346336 0.51477320516803071193 0.00000000099999999997 0.00000000099999999997 0.00000000099999999997 0.20384851710726581420 0.00000000099999999997 
0.00000000099999999999 0.00000000099999999999 0.51893395957287014042 0.00000000099999999999 0.00000000099999999999 0.00000000099999999999 0.48106603442712991825 0.00000000099999999999 
0.00000000099999999993 0.08341396364171872746 0.00000000099999999993 0.00000000099999999993 0.00000000099999999993 0.91658603035828123407 0.00000000099999999993 0.00000000099999999993 
0.25274194146929623850 0.00000000655641231737 0.07621218212663724567 0.10278377386878650990 0.00000000099999999999 0.01411509721159619549 0.55414699676727152688 0.00000000099999999999 
0.00000000099999999972 0.00000000099999999972 0.00000000099999999972 0.99999999300000008695 0.00000000099999999972 0.00000000099999999972 0.00000000099999999972 0.00000000099999999972 
0.00000000099999999994 0.10480204983568584820 0.00000000099999999994 0.00000000099999999994 0.00000000099999999994 0.00000000099999999994 0.89519794416431419659 0.00000000099999999994 
0.06252037369957257062 0.02970783914114028326 0.28937663019424747501 0.13654375502516144514 0.00000000099999999998 0.00000000099999999998 0.48185139893987821713 0.00000000099999999998 
0.00000000099999999970 0.00000000099999999970 0.00000000099999999970 0.00000000099999999970 0.00000000099999999970 0.00000000099999999970 0.00000000099999999970 0.99999999300000008695 
0.00000000099999999965 0.00000000099999999965 0.00000000099999999965 0.00000000099999999965 0.00000000099999999965 0.00000000099999999965 0.00000000099999999965 0.99999999299999997593 
0.00000000099999999997 0.04705456583261927173 0.00000000099999999997 0.28702420103131393025 0.00000000099999999997 0.00000000099999999997 0.66592122813606680065 0.00000000099999999997 
0.12346796331912827938 0.00000000099999999998 0.38311866024125101893 0.12768166682362050435 0.00000000099999999998 0.00000000099999999998 0.35629116154514206549 0.00944054507085818721 
0.24214320238620945513 0.10609907136184455745 0.41761695554863048629 0.00000000099999999996 0.00000000099999999996 0.00000000099999999996 0.23414076670331535057 0.00000000099999999996 
0.00000000099999999991 0.00000000099999999991 0.00000000099999999991 0.12699484722294579475 0.00000000099999999991 0.87300514677705431943 0.00000000099999999991 0.00000000099999999991 
0.00000000099999999985 0.00000000099999999985 0.00000000099999999985 0.54886553169869012336 0.00000000099999999985 0.09733895729849152689 0.00000000099999999985 0.35379550600281844952 
0.00000000099999999995 0.00000000099999999995 0.99999999300000008695 0.00000000099999999995 0.00000000099999999995 0.00000000099999999995 0.00000000099999999995 0.00000000099999999995 
0.00000000099999999963 0.00000000099999999963 0.00000000099999999963 0.00000000099999999963 0.99999999300000008695 0.00000000099999999963 0.00000000099999999963 0.00000000099999999963 
0.00000000099999999955 0.00000000099999999955 0.00000000099999999955 0.00000000099999999955 0.99999999300000008695 0.00000000099999999955 0.00000000099999999955 0.00000000099999999955 
0.00000000099999999955 0.00000000099999999955 0.00000000099999999955 0.00000000099999999955 0.99999999300000008695 0.00000000099999999955 0.00000000099999999955 0.00000000099999999955 
0.00000000099999999970 0.00000000099999999970 0.00000000099999999970 0.00000000099999999970 0.00000000099999999970 0.00000000099999999970 0.00000000099999999970 0.99999999299999997593 
0.00000000099999999966 0.00000000099999999966 0.00000000099999999966 0.00000000099999999966 0.00000000099999999966 0.00000000099999999966 0.00000000099999999966 0.99999999300000008695 
0.00000000099999999994 0.00000000099999999994 0.00000000099999999994 0.00000000099999999994 0.00000000099999999994 0.00000000099999999994 0.99999999299999986491 0.00000000099999999994 
0.00000000099999999996 0.00000000099999999996 0.00000000099999999996 0.00000000099999999996 0.00000000099999999996 0.99999999300000008695 0.00000000099999999996 0.00000000099999999996 
0.00000000099999999968 0.00000000099999999968 0.00000000099999999968 0.00000000099999999968 0.00000000099999999968 0.00000000099999999968 0.00000000099999999968 0.99999999299999997593 
0.26253557152924372753 0.00000000099999999999 0.02894377294283624960 0.24260108062106572335 0.00000000099999999999 0.01376534189363935387 0.45128161123342058758 0.00087261977979421481 
0.00000000099999999993 0.00000000099999999993 0.00000000099999999993 0.00000000099999999993 0.00000000099999999993 0.99999999300000008695 0.00000000099999999993 0.00000000099999999993 
0.00000000099999999972 0.00000000099999999972 0.00000000099999999972 0.00000000099999999972 0.00000000099999999972 0.00000000099999999972 0.00000000099999999972 0.99999999299999997593 
0.10407736778195179894 0.00000000099999999998 0.50416941927346026198 0.10611202296249457044 0.00000000099999999998 0.01163164765094858513 0.26507514322825553865 0.00893439710288929968 
0.00000000099999999968 0.00000000099999999968 0.00000000099999999968 0.00000000099999999968 0.00000000099999999968 0.00000000099999999968 0.00000000099999999968 0.99999999300000008695 
0.00000000099999999992 0.06786477595717706202 0.00000000099999999992 0.00000000099999999992 0.00000000099999999992 0.93213521804282295502 0.00000000099999999992 0.00000000099999999992 
0.00000000099999999992 0.00000000099999999992 0.00000000099999999992 0.00000000099999999992 0.00000000099999999992 0.99999999299999997593 0.00000000099999999992 0.00000000099999999992 
0.00000000099999999964 0.00000000099999999964 0.00000000099999999964 0.00000000099999999964 0.00000000099999999964 0.00000000099999999964 0.00000000099999999964 0.99999999299999997593 
0.00000000099999999966 0.00000000099999999966 0.00000000099999999966 0.00000000099999999966 0.00000000099999999966 0.00000000099999999966 0.00000000099999999966 0.99999999299999997593 
0.00000000099999999996 0.00000000099999999996 0.00000000099999999996 0.00000000099999999996 0.00000000099999999996 0.99999999299999997593 0.00000000099999999996 0.00000000099999999996 
0.00000000099999999995 0.00000000099999999995 0.00000000099999999995 0.00000000099999999995 0.00000000099999999995 0.99999999300000008695 0.00000000099999999995 0.00000000099999999995 
0.00000000099999999995 0.00000000099999999995 0.00000000099999999995 0.04425549390266452637 0.00000000099999999995 0.95574450009733546985 0.00000000099999999995 0.00000000099999999995 
0.00000000099999999973 0.00000000099999999973 0.00000000099999999973 0.00000000099999999973 0.00000000099999999973 0.00000000099999999973 0.00000000099999999973 0.99999999299999997593 
0.99999999300000008695 0.00000000099999999991 0.00000000099999999991 0.00000000099999999991 0.00000000099999999991 0.00000000099999999991 0.00000000099999999991 0.00000000099999999991 
0.19817479008984817401 0.00000000099999999999 0.39017310267123800349 0.12254679721439956652 0.00000000099999999999 0.00000000099999999999 0.26248926551079515557 0.02661604151371902219 
0.25214879802364631445 0.01301444074334436561 0.47905186817709066727 0.00000000099999999998 0.00000000099999999998 0.02255476025926380843 0.23323012979665483368 0.00000000099999999998 
0.99999999300000019797 0.00000000099999999988 0.00000000099999999988 0.00000000099999999988 0.00000000099999999988 0.00000000099999999988 0.00000000099999999988 0.00000000099999999988 
0.00000000099999999993 0.00000000099999999993 0.00000000099999999993 0.00000000099999999993 0.00000000099999999993 0.99999999299999997593 0.00000000099999999993 0.00000000099999999993 
0.00000154026006556710 0.00000000099999999999 0.37484084243966869776 0.10183604405337169652 0.00000000099999999999 0.00000000099999999999 0.52040432505594658164 0.00291724519094729720 
0.00000000099999999961 0.00000000099999999961 0.00000000099999999961 0.00000000099999999961 0.99999999300000008695 0.00000000099999999961 0.00000000099999999961 0.00000000099999999961 
0.40020796941579006578 0.02390793199765854984 0.57578158373678101078 0.00010248765924661636 0.00000000099999999998 0.00000000099999999998 0.00000000099999999998 0.00000002419052395177 
0.00000000099999999962 0.00000000099999999962 0.00000000099999999962 0.00000000099999999962 0.99999999299999997593 0.00000000099999999962 0.00000000099999999962 0.00000000099999999962 
0.00000000099999999998 0.03988072684836418275 0.21793230592816409397 0.24032761893369072870 0.00000000099999999998 0.01090880280060429856 0.49095054248917657791 0.00000000099999999998 
0.00000000099999999963 0.00000000099999999963 0.00000000099999999963 0.00000000099999999963 0.99999999300000008695 0.00000000099999999963 0.00000000099999999963 0.00000000099999999963 
0.00000000099999999994 0.13155285005976563584 0.86844714394023436732 0.00000000099999999994 0.00000000099999999994 0.00000000099999999994 0.00000000099999999994 0.00000000099999999994 
0.00000000099999999995 0.00000000099999999995 0.99999999299999997593 0.00000000099999999995 0.00000000099999999995 0.00000000099999999995 0.00000000099999999995 0.00000000099999999995 
0.00000000099999999992 0.00000000099999999992 0.00000000099999999992 0.00000000099999999992 0.00000000099999999992 0.99999999300000008695 0.00000000099999999992 0.00000000099999999992 
0.26040399710223166574 0.02345562304167246939 0.71614037485609582934 0.00000000099999999996 0.00000000099999999996 0.00000000099999999996 0.00000000099999999996 0.00000000099999999996 
0.00000000099999999963 0.00000000099999999963 0.00000000099999999963 0.00000000099999999963 0.99999999299999997593 0.00000000099999999963 0.00000000099999999963 0.00000000099999999963 
0.00000000099999999966 0.00000000099999999966 0.00000000099999999966 0.00000000099999999966 0.99999999299999997593 0.00000000099999999966 0.00000000099999999966 0.00000000099999999966 
0.23034565835255102484 0.00000000099999999999 0.26995126913862144136 0.04452139553153235119 0.00000000099999999999 0.08001478284840353450 0.36273599906308656715 0.01243089306580514100 
0.00000000099999999993 0.00000000099999999993 0.00000000099999999993 0.00000000099999999993 0.00000000099999999993 0.99999999300000008695 0.00000000099999999993 0.00000000099999999993 
0.00000000099999999974 0.00000000099999999974 0.00000000099999999974 0.00000000099999999974 0.00000000099999999974 0.00000000099999999974 0.00000000099999999974 0.99999999300000008695 
0.00000000099999999994 0.00000000099999999994 0.00000000099999999994 0.00000000099999999994 0.00000000099999999994 0.99999999299999997593 0.00000000099999999994 0.00000000099999999994 
0.37241471053456937090 0.07623551413614290673 0.43311938860753057545 0.10102591583296496869 0.00000000099999999998 0.00908602724066262003 0.00811844164812962690 0.00000000099999999998 
0.00000000099999999959 0.00000000099999999959 0.00000000099999999959 0.00000000099999999959 0.99999999300000008695 0.00000000099999999959 0.00000000099999999959 0.00000000099999999959 
0.00000000099999999961 0.00000000099999999961 0.00000000099999999961 0.00000000099999999961 0.00000000099999999961 0.00000000099999999961 0.00000000099999999961 0.99999999300000008695 
0.00000000099999999968 0.00000000099999999968 0.00000000099999999968 0.00000000099999999968 0.99999999300000008695 0.00000000099999999968 0.00000000099999999968 0.00000000099999999968 
0.00000000099999999995 0.00000000099999999995 0.00000000099999999995 0.00000000099999999995 0.00000000099999999995 0.00000000099999999995 0.99999999299999986491 0.00000000099999999995 
0.00000000099999999991 0.00000000099999999991 0.00000000099999999991 0.00000000099999999991 0.00000000099999999991 0.99999999300000008695 0.00000000099999999991 0.00000000099999999991 
0.00000000099999999992 0.04889120964804409553 0.00000000099999999992 0.00000000099999999992 0.00000000099999999992 0.95110878435195600478 0.00000000099999999992 0.00000000099999999992 
0.13300891630601519022 0.03905161609661023103 0.36152435709662289476 0.12102463486142214788 0.00000000099999999998 0.21666576763709249898 0.12872470600223709369 0.00000000099999999998 
0.22373469299093687312 0.00000000099999999999 0.31055686982239399940 0.17043933535649627431 0.00000000099999999999 0.00000000099999999999 0.27425566963048020330 0.02101342919969264450 
0.00000000099999999994 0.00000000099999999994 0.00000000099999999994 0.00000000099999999994 0.00000000099999999994 0.00000000099999999994 0.99999999299999986491 0.00000000099999999994 
0.20909191666327353598 0.02758498471491940829 0.45510853805382261994 0.00000000099999999998 0.00000000099999999998 0.01459838417717876369 0.29361617339080559042 0.00000000099999999998 
0.00000000099999999995 0.00000000099999999995 0.00000000099999999995 0.00000000099999999995 0.00000000099999999995 0.00000000099999999995 0.99999999299999986491 0.00000000099999999995 
0.19356458928951397747 0.00000000099999999998 0.50118241189824253023 0.02838558417584593693 0.00000000099999999998 0.00000000099999999998 0.27686741063639741522 0.00000000099999999998 
0.10787026668180763056 0.00000000099999999997 0.33548362967161909909 0.12348980333396702980 0.00000000099999999997 0.00334845098113703207 0.42980784633146923435 0.00000000099999999997 
0.15922277597411096939 0.00000000099999999999 0.27563704870048971740 0.13166276363005671723 0.00000000099999999999 0.00570990921859797131 0.42435351780323743442 0.00341398267350707940 
0.32953693522353161294 0.00000000099999999998 0.32750262252521028516 0.00002678514727553631 0.00000000099999999998 0.03527427456588022592 0.30765937953810218453 0.00000000099999999998 
0.00000000099999999994 0.00000000099999999994 0.00000000099999999994 0.00000000099999999994 0.00000000099999999994 0.99999999299999997593 0.00000000099999999994 0.00000000099999999994 
0.03469415648139392155 0.00000000099999999996 0.00000000099999999996 0.00000000099999999996 0.00000000099999999996 0.96530583751860610242 0.00000000099999999996 0.00000000099999999996 
0.00000000099999999978 0.00000000099999999978 0.00000000099999999978 0.00000000099999999978 0.99999999300000008695 0.00000000099999999978 0.00000000099999999978 0.00000000099999999978 
0.00000000099999999997 0.00000000099999999997 0.00000000099999999997 0.00000000099999999997 0.00000000099999999997 0.99999999299999997593 0.00000000099999999997 0.00000000099999999997 
0.00000000099999999998 0.00000000099999999998 0.00000342038863282443 0.00000000099999999998 0.00000000099999999998 0.99999608539723616740 0.00000048921413106297 0.00000000099999999998 
0.00000000099999999998 0.01802031119402478648 0.79726865695896842468 0.17636765635427284482 0.00000000099999999998 0.00834337149273402939 0.00000000099999999998 0.00000000099999999998 
0.00000000099999999954 0.00000000099999999954 0.00000000099999999954 0.00000000099999999954 0.99999999299999997593 0.00000000099999999954 0.00000000099999999954 0.00000000099999999954 
0.40059524174292515664 0.00000000099999999999 0.28884648727459161233 0.10776528074643119959 0.00000000099999999999 0.00000000099999999999 0.20279298623605213070 0.00000000099999999999 
0.19998537848586056542 0.02326643049142740338 0.24098218041589386518 0.13178452566032727855 0.00000000099999999999 0.00738327466361773325 0.39659820828287312144 0.00000000099999999999 
0.00000000099999999996 0.00000000099999999996 0.99999999300000008695 0.00000000099999999996 0.00000000099999999996 0.00000000099999999996 0.00000000099999999996 0.00000000099999999996 
0.27721666407441819535 0.02814945326434856870 0.37030972462853783966 0.04860901918089331752 0.00000000100000000000 0.01333824541899117887 0.26237689143281095472 0.00000000100000000000 
0.36702189795937595340 0.00000000099999999997 0.46888563355804874222 0.16409246348257536252 0.00000000099999999997 0.00000000099999999997 0.00000000099999999997 0.00000000099999999997 
0.19870694932410429279 0.00000000099999999998 0.00002201748080324098 0.18695566946784319962 0.00000000099999999998 0.02568965831993139104 0.58862570240731793003 0.00000000099999999998 
0.36914497163792825418 0.00000000099999999998 0.63085502236207180449 0.00000000099999999998 0.00000000099999999998 0.00000000099999999998 0.00000000099999999998 0.00000000099999999998 
0.21452748978555727377 0.04874674412735645335 0.21085326625588679539 0.13498321791960882221 0.00000000099999999999 0.00000000099999999999 0.39088927891159058747 0.00000000099999999999 
0.35976492366732387707 0.01219129644512037189 0.56246991236769028344 0.03143568314683594517 0.00000000100000000000 0.00542419468536224896 0.00000000100000000000 0.02871398768766734652 
0.99999999300000019797 0.00000000099999999990 0.00000000099999999990 0.00000000099999999990 0.00000000099999999990 0.00000000099999999990 0.00000000099999999990 0.00000000099999999990 
0.00000000099999999995 0.00000000099999999995 0.99999999300000008695 0.00000000099999999995 0.00000000099999999995 0.00000000099999999995 0.00000000099999999995 0.00000000099999999995 
0.25528382193352439078 0.02119395479685881253 0.61541286102748715692 0.07002398610416506186 0.00000000100000000000 0.01762939565339557632 0.00000000100000000000 0.02045597848456925938 
0.31332673797332022403 0.02044357787990342540 0.21938907880355013047 0.08659814396730057540 0.00000000099999999998 0.00000000099999999998 0.35572492602374039539 0.00451753335218523910 
0.00000000099999999995 0.00000000099999999995 0.99999999299999997593 0.00000000099999999995 0.00000000099999999995 0.00000000099999999995 0.00000000099999999995 0.00000000099999999995 
0.00000000099999999995 0.00000000099999999995 0.99999999299999997593 0.00000000099999999995 0.00000000099999999995 0.00000000099999999995 0.00000000099999999995 0.00000000099999999995 
0.20342712967282663983 0.00000000099999999997 0.34428066291656633791 0.27709336798876021968 0.00000000099999999997 0.01786640666509253100 0.15733242975675432174 0.00000000099999999997 
0.23880365028563854679 0.03694925062002994004 0.55681882396385684597 0.16741054876074368263 0.00000000099999999999 0.00000000099999999999 0.00001772336973116547 0.00000000099999999999 
0.99999999300000019797 0.00000000099999999990 0.00000000099999999990 0.00000000099999999990 0.00000000099999999990 0.00000000099999999990 0.00000000099999999990 0.00000000099999999990 
0.17022175339702802499 0.02860583135141127678 0.41854659387502624046 0.11357299774431380002 0.00000000099999999999 0.00000000099999999999 0.26905282063222074607 0.00000000099999999999 
0.13069899155973604965 0.01483193174287917790 0.42665732809111089896 0.15889548248374804618 0.00000000099999999999 0.01775866405286141356 0.25115760006966458828 0.00000000099999999999 
0.09710845009506564873 0.01476303787922656277 0.30595005927914165067 0.03560732107460033019 0.06902720030283364394 0.01310902642009271167 0.45944965658422326493 0.00498524836481635189 
0.24270764070841516213 0.04752264416329422120 0.42461663786964748413 0.01488682435941621370 0.00000000099999999998 0.00000000099999999998 0.27026624989922687359 0.00000000099999999998 
0.16172914750469780110 0.03427287485881368168 0.26732874776246728921 0.21016522512126695199 0.00000000099999999997 0.00104154354759800885 0.32546245920515637362 0.00000000099999999997 
0.00000000099999999997 0.03642912836245744412 0.26169739327996927036 0.18365755313921305891 0.00000000099999999997 0.00333936324444459795 0.51487655897391559900 0.00000000099999999997 
0.19469104970348991013 0.02072803011638371315 0.32587817391845963488 0.03098100419942825118 0.00000000099999999999 0.00000000099999999999 0.41166596095645741071 0.01605577910578121631 
0.00000000099999999994 0.00000000099999999994 0.00000000099999999994 0.00000000099999999994 0.00000000099999999994 0.00000000099999999994 0.99999999299999986491 0.00000000099999999994 
0.21989166325510528521 0.00000000099999999999 0.06564739803546858210 0.23846138942312797293 0.00000000099999999999 0.00000000099999999999 0.47599954528629817574 0.00000000099999999999 
0.28071726650881206888 0.00017448436011797239 0.22429754110474384166 0.12498440466059777820 0.00000000099999999999 0.00213835263190446847 0.36048655971106979834 0.00720139002275406968 
0.24209113317934211063 0.01685797439880024756 0.74105088742185765138 0.00000000099999999997 0.00000000099999999997 0.00000000099999999997 0.00000000099999999997 0.00000000099999999997 
0.00000000099999999996 0.00000000099999999996 0.50795617824167738075 0.00000000099999999996 0.00000000099999999996 0.02197478516866415224 0.47006903158965851475 0.00000000099999999996 
0.00000000099999999994 0.00000000099999999994 0.00000000099999999994 0.00000000099999999994 0.00000000099999999994 0.99999999299999997593 0.00000000099999999994 0.00000000099999999994 
0.04128094601631148580 0.00000000099999999996 0.00000000099999999996 0.00000000099999999996 0.00000000099999999996 0.95871904798368856593 0.00000000099999999996 0.00000000099999999996 
0.00000000099999999970 0.00000000099999999970 0.00000000099999999970 0.00000000099999999970 0.99999999300000008695 0.00000000099999999970 0.00000000099999999970 0.00000000099999999970 
0.00000000099999999962 0.00000000099999999962 0.00000000099999999962 0.00000000099999999962 0.00000000099999999962 0.00000000099999999962 0.00000000099999999962 0.99999999299999997593 
0.00000000099999999997 0.14394931426040902256 0.00000000099999999997 0.00000000099999999997 0.00000000099999999997 0.85605067973959103611 0.00000000099999999997 0.00000000099999999997 
0.00000000099999999996 0.00000000099999999996 0.74245772634201645523 0.25754226765798365895 0.00000000099999999996 0.00000000099999999996 0.00000000099999999996 0.00000000099999999996 
0.00000000099999999996 0.10853802671308897254 0.89146196728691107225 0.00000000099999999996 0.00000000099999999996 0.00000000099999999996 0.00000000099999999996 0.00000000099999999996 
0.00000000099999999993 0.09021495125164284701 0.00000000099999999993 0.00000000099999999993 0.00000000099999999993 0.90978504274835714227 0.00000000099999999993 0.00000000099999999993 
0.35349833140470088289 0.00000000099999999998 0.43281759750018333754 0.07417708070670926690 0.00000000099999999998 0.00834595004290395251 0.13116103734550252358 0.00000000099999999998 
0.42541932486922318102 0.00731831850807750442 0.44552557416269539248 0.11620193538343251416 0.00000000099999999998 0.00000000099999999998 0.00027878059535225172 0.00525606448121921938 
0.28272744520206577468 0.03207173281459882452 0.35312022598565012688 0.14592037267517282695 0.00000000099999999998 0.00000000099999999998 0.18616022032251244855 0.00000000099999999998 
0.00000000099999999960 0.00000000099999999960 0.00000000099999999960 0.00000000099999999960 0.99999999299999997593 0.00000000099999999960 0.00000000099999999960 0.00000000099999999960 
0.00000000099999999963 0.00000000099999999963 0.00000000099999999963 0.00000000099999999963 0.99999999300000008695 0.00000000099999999963 0.00000000099999999963 0.00000000099999999963 
0.00000000099999999955 0.00000000099999999955 0.00000000099999999955 0.00000000099999999955 0.99999999299999997593 0.00000000099999999955 0.00000000099999999955 0.00000000099999999955 
0.00000000099999999956 0.00000000099999999956 0.00000000099999999956 0.00000000099999999956 0.99999999299999997593 0.00000000099999999956 0.00000000099999999956 0.00000000099999999956 
0.00000000099999999957 0.00000000099999999957 0.00000000099999999957 0.00000000099999999957 0.99999999300000008695 0.00000000099999999957 0.00000000099999999957 0.00000000099999999957 
0.00000000099999999997 0.01918078715532282527 0.00000000099999999997 0.00000000099999999997 0.00000000099999999997 0.98081920684467727156 0.00000000099999999997 0.00000000099999999997 
0.00000000099999999995 0.00000000099999999995 0.00000000099999999995 0.00000000099999999995 0.00000000099999999995 0.00000000099999999995 0.99999999299999986491 0.00000000099999999995 
0.00000000099999999957 0.00000000099999999957 0.00000000099999999957 0.00000000099999999957 0.99999999300000008695 0.00000000099999999957 0.00000000099999999957 0.00000000099999999957 
0.00000000099999999964 0.00000000099999999964 0.00000000099999999964 0.00000000099999999964 0.99999999299999997593 0.00000000099999999964 0.00000000099999999964 0.00000000099999999964 
0.00000000099999999961 0.00000000099999999961 0.00000000099999999961 0.00000000099999999961 0.00000000099999999961 0.00000000099999999961 0.00000000099999999961 0.99999999300000008695 
0.00000000099999999962 0.00000000099999999962 0.00000000099999999962 0.00000000099999999962 0.00000000099999999962 0.00000000099999999962 0.00000000099999999962 0.99999999300000008695 
0.99999999300000008695 0.00000000099999999988 0.00000000099999999988 0.00000000099999999988 0.00000000099999999988 0.00000000099999999988 0.00000000099999999988 0.00000000099999999988 
0.00000000099999999960 0.00000000099999999960 0.00000000099999999960 0.00000000099999999960 0.99999999300000008695 0.00000000099999999960 0.00000000099999999960 0.00000000099999999960 
0.99999999300000008695 0.00000000099999999988 0.00000000099999999988 0.00000000099999999988 0.00000000099999999988 0.00000000099999999988 0.00000000099999999988 0.00000000099999999988 
0.31788645905431811567 0.06364293117182506787 0.51334344425317157690 0.10512716152068546371 0.00000000099999999997 0.00000000099999999997 0.00000000099999999997 0.00000000099999999997 
0.00000000099999999997 0.00000000099999999997 0.00000000099999999997 0.06435521043129349694 0.00000000099999999997 0.93564478356870650622 0.00000000099999999997 0.00000000099999999997 
0.16068858259024046409 0.01707039730039516118 0.31291859334545035765 0.14889315680939052555 0.00000000099999999998 0.00147797070441100576 0.35895129725011232225 0.00000000099999999998 
0.00000000099999999992 0.00000000099999999992 0.00000000099999999992 0.00000000099999999992 0.00000000099999999992 0.99999999300000008695 0.00000000099999999992 0.00000000099999999992 
0.32653770422965927578 0.04286861532380001338 0.23893929956640130863 0.12769536820995755488 0.00000000099999999998 0.00118552307269061239 0.26277348759749125096 0.00000000099999999998 
0.00000000099999999993 0.00000000099999999993 0.00000000099999999993 0.00000000099999999993 0.00000000099999999993 0.99999999300000008695 0.00000000099999999993 0.00000000099999999993 
0.21235080261398991963 0.06407864944924726580 0.48389404807094421601 0.11208856282994543452 0.00000000099999999999 0.00000000494609007293 0.12171385237354567788 0.00587407871623737369 
0.16974527072861297916 0.01584037472708453576 0.58793492893396348542 0.22378802160557415002 0.00000000099999999999 0.00000000099999999999 0.00000000099999999999 0.00269140100476483127 
0.00000000099999999964 0.00000000099999999964 0.00000000099999999964 0.00000000099999999964 0.99999999300000008695 0.00000000099999999964 0.00000000099999999964 0.00000000099999999964 
0.00000000099999999994 0.00000000099999999994 0.00000000099999999994 0.00000000099999999994 0.00000000099999999994 0.99999999300000008695 0.00000000099999999994 0.00000000099999999994 
0.00000000099999999958 0.00000000099999999958 0.00000000099999999958 0.00000000099999999958 0.99999999299999997593 0.00000000099999999958 0.00000000099999999958 0.00000000099999999958 
0.00000000099999999956 0.00000000099999999956 0.00000000099999999956 0.00000000099999999956 0.99999999299999997593 0.00000000099999999956 0.00000000099999999956 0.00000000099999999956 
0.99999999300000008695 0.00000000099999999989 0.00000000099999999989 0.00000000099999999989 0.00000000099999999989 0.00000000099999999989 0.00000000099999999989 0.00000000099999999989 
0.00000000099999999995 0.05062433843652024146 0.00000000099999999995 0.00000000099999999995 0.00000000099999999995 0.00000000099999999995 0.94937565556347980333 0.00000000099999999995 
0.20451896905667432680 0.00000000099999999997 0.45269661210131562079 0.08510477822756691568 0.00000000099999999997 0.00205511156826367839 0.25562452604617952323 0.00000000099999999997 
0.28548808577589840363 0.00000000099999999998 0.26267164678083959606 0.17453346273360223484 0.00000000099999999998 0.00000000099999999998 0.27730680070965968431 0.00000000099999999998 
0.00000000099999999996 0.05567986009567695016 0.94432013390432312239 0.00000000099999999996 0.00000000099999999996 0.00000000099999999996 0.00000000099999999996 0.00000000099999999996 
0.00000113739710199259 0.04696449763778328540 0.36589148050602898765 0.26212383338391875842 0.00000000099999999998 0.00000000099999999998 0.32501904807516696083 0.00000000099999999998 
0.35443726945432113551 0.00000000099999999996 0.00000000099999999996 0.00000000099999999996 0.00000000099999999996 0.00000000099999999996 0.64556272454567864560 0.00000000099999999996 
0.00000003804676468266 0.00000000099999999997 0.03184995719632027766 0.00000000099999999997 0.00000000099999999997 0.96814999975691495848 0.00000000099999999997 0.00000000099999999997 
0.00000000099999999995 0.00000692859073964438 0.99999306540926047315 0.00000000099999999995 0.00000000099999999995 0.00000000099999999995 0.00000000099999999995 0.00000000099999999995 
0.00000000099999999957 0.00000000099999999957 0.00000000099999999957 0.00000000099999999957 0.99999999299999997593 0.00000000099999999957 0.00000000099999999957 0.00000000099999999957 
0.43981095106779916071 0.00000000099999999997 0.00000000099999999997 0.00000000099999999997 0.00000000099999999997 0.00000000099999999997 0.56018904293220062041 0.00000000099999999997 
0.00000000099999999986 0.00000000099999999986 0.00000000099999999986 0.00000000099999999986 0.99999999300000008695 0.00000000099999999986 0.00000000099999999986 0.00000000099999999986 
0.00000000099999999962 0.00000000099999999962 0.00000000099999999962 0.00000000099999999962 0.99999999300000008695 0.00000000099999999962 0.00000000099999999962 0.00000000099999999962 
0.27057473088323374943 0.05527926920549731254 0.39036442558706402339 0.09611693990872377524 0.00000000099999999998 0.00131568929219152086 0.18634894312328945110 0.00000000099999999998 
0.00000000099999999993 0.00000000099999999993 0.00000000099999999993 0.00000000099999999993 0.00000000099999999993 0.00000000099999999993 0.99999999299999986491 0.00000000099999999993 
0.33118310214770929623 0.00000000099999999998 0.65291872695519193037 0.00000000099999999998 0.00000000099999999998 0.01589816589709882808 0.00000000099999999998 0.00000000099999999998 
0.00000000099999999967 0.00000000099999999967 0.00000000099999999967 0.00000000099999999967 0.99999999299999997593 0.00000000099999999967 0.00000000099999999967 0.00000000099999999967 
0.00000000099999999993 0.00000000099999999993 0.00000000099999999993 0.00000000099999999993 0.00000000099999999993 0.99999999300000008695 0.00000000099999999993 0.00000000099999999993 
0.00000000099999999994 0.00000000099999999994 0.00000000099999999994 0.00000000099999999994 0.00000000099999999994 0.99999999299999997593 0.00000000099999999994 0.00000000099999999994 
0.00000000099999999962 0.00000000099999999962 0.00000000099999999962 0.00000000099999999962 0.99999999299999997593 0.00000000099999999962 0.00000000099999999962 0.00000000099999999962 
0.00000000099999999995 0.00000000099999999995 0.99999999300000008695 0.00000000099999999995 0.00000000099999999995 0.00000000099999999995 0.00000000099999999995 0.00000000099999999995 
0.36247516892794517940 0.00000001830613335288 0.59350610931494951483 0.00000000099999999999 0.00000000099999999999 0.04229842441779572970 0.00001365156695480871 0.00170662546622143605 
0.00000000099999999965 0.00000000099999999965 0.00000000099999999965 0.00000000099999999965 0.99999999300000008695 0.00000000099999999965 0.00000000099999999965 0.00000000099999999965 
0.15498308375547789617 0.00620857762999921410 0.43652710473520067724 0.22728411071897280937 0.00000000099999999999 0.00000000099999999999 0.17431989208504616862 0.00067722907530341292 
0.00000000099999999992 0.00000000099999999992 0.00000000099999999992 0.00000000099999999992 0.00000000099999999992 0.99999999299999997593 0.00000000099999999992 0.00000000099999999992 
0.00000000099999999917 0.99999999300000019797 0.00000000099999999917 0.00000000099999999917 0.00000000099999999917 0.00000000099999999917 0.00000000099999999917 0.00000000099999999917 
0.12129871372563692800 0.02524172496808544872 0.29840671775599914017 0.15574328007545620856 0.00000000100000000000 0.01300463133568353739 0.38630493013913869138 0.00000000100000000000 
0.00000000099999999999 0.02068950405725736297 0.37903194851492966189 0.14530936747171174783 0.00000000099999999999 0.01845533605985658770 0.42799509115493644673 0.00851875074130827199 
0.00000000099999999994 0.00000000099999999994 0.00000000099999999994 0.00000000099999999994 0.00000000099999999994 0.00000000099999999994 0.99999999299999986491 0.00000000099999999994 
0.21498025930860301114 0.00000000099999999999 0.31882123070920970198 0.22300478102030449334 0.00000000099999999999 0.00000000099999999999 0.24252271920335680133 0.00067100675852597969 
0.00000000099999999995 0.00000000099999999995 0.00000000099999999995 0.36788135668782134813 0.00000000099999999995 0.00000000099999999995 0.63211863731217854401 0.00000000099999999995 
0.17094510357060968553 0.01886559588251924408 0.03167406907138745759 0.15907612786008840100 0.00000000099999999998 0.00000000099999999998 0.61943910061539519951 0.00000000099999999998 
0.00000000099999999983 0.00000000099999999983 0.00000000099999999983 0.99999999299999997593 0.00000000099999999983 0.00000000099999999983 0.00000000099999999983 0.00000000099999999983 
0.31232462933967602980 0.14989400802310173799 0.33031649844034727259 0.00000000099999999996 0.00000000099999999996 0.00000000099999999996 0.20746486019687493396 0.00000000099999999996 
0.00859563774952479091 0.00000000099999999995 0.00000000099999999995 0.00000000099999999995 0.00000000099999999995 0.99140435625047507173 0.00000000099999999995 0.00000000099999999995 
0.00000000099999999994 0.00000000099999999994 0.00000000099999999994 0.00000000099999999994 0.00000000099999999994 0.00000000099999999994 0.99999999299999986491 0.00000000099999999994 
0.00000000099999999997 0.09074082153487617042 0.60102767026435588438 0.00000000099999999997 0.00000000099999999997 0.00000000099999999997 0.30823150320076792008 0.00000000099999999997 
0.40182788321235485274 0.02162054311070296317 0.47217102479961448047 0.06818286653968284872 0.00000000099999999999 0.03619767933764482526 0.00000000099999999999 0.00000000099999999999 
0.00000000099999999994 0.00000000099999999994 0.99999999300000008695 0.00000000099999999994 0.00000000099999999994 0.00000000099999999994 0.00000000099999999994 0.00000000099999999994 
0.00000000099999999998 0.00000000099999999998 0.36915282103761948296 0.00000000099999999998 0.00000000099999999998 0.02601522540965345298 0.60483194855272703894 0.00000000099999999998 
0.00000000099999999995 0.00000000099999999995 0.99999999299999997593 0.00000000099999999995 0.00000000099999999995 0.00000000099999999995 0.00000000099999999995 0.00000000099999999995 
0.20224823444546080609 0.05443211175418418563 0.20419486134663694665 0.24722812812470773558 0.00000000099999999998 0.00000000099999999998 0.29189666132901020967 0.00000000099999999998 
0.00000000099999999996 0.00000000099999999996 0.03159664420193442069 0.00000000099999999996 0.00000000099999999996 0.96840334979806563798 0.00000000099999999996 0.00000000099999999996 
0.30147921515443321105 0.06937653141789755507 0.43683926363937064519 0.00000000099999999998 0.00000000099999999998 0.00000000099999999998 0.18373722090126004547 0.00856776588703867838 
0.33811784080955148424 0.02227587988751207615 0.38647624496567151153 0.08890446675267697774 0.00000000099999999999 0.00000000099999999999 0.16075112667044125225 0.00347443891414683619 
0.01832371909604324500 0.00069408334940216992 0.41968809539996881908 0.15045236423366500911 0.00615485549957249089 0.00896067558048061451 0.39572620584086753981 0.00000000100000000000 
0.00000000099999999997 0.00000000099999999997 0.00000000099999999997 0.00000000099999999997 0.00000000099999999997 0.99999999300000008695 0.00000000099999999997 0.00000000099999999997 
0.33751199070691334514 0.00000000099999999999 0.32417712310119867203 0.00000000099999999999 0.01909253765061795158 0.02035392356408142339 0.29886442197718871006 0.00000000099999999999 
0.32278369632775333331 0.00000000099999999999 0.48711076671366143609 0.19010529320607624792 0.00000000099999999999 0.00000023975250897348 0.00000000099999999999 0.00000000099999999999 
0.19109657751367675749 0.06012950823371907005 0.00000000099999999998 0.12267859304993651570 0.00000000099999999998 0.45245961023015274227 0.17363570797251484668 0.00000000099999999998 
