0.96550815970963421719 0.00033080952658866845 0.02613346975500287217 0.00802756100877427548 
0.00000000099999999996 0.00000000099999999996 0.00000000099999999996 0.99999999700000008485 
0.00000000099999999996 0.00000000099999999996 0.00000000099999999996 0.99999999700000008485 
0.95150990857247985666 0.00000000099999999999 0.00559223173536005282 0.04289785869216019426 
0.98628447949499753467 0.00000000100000000000 0.01326655873567221186 0.00044896076933028143 
0.96294443190603140614 0.00000000099999999999 0.00643565827956173002 0.03061990881440691120 
0.00000000099999999997 0.00000000099999999997 0.00000000099999999997 0.99999999700000008485 
0.00000000099999999995 0.00000000099999999995 0.00000000099999999995 0.99999999699999997382 
0.97120108128215820731 0.00000000099999999999 0.01978580851422177822 0.00901310920362016939 
0.00000000099999999997 0.00000000099999999997 0.00000000099999999997 0.99999999699999997382 
0.96832506199948109593 0.00000000100000000000 0.01383784230028380254 0.01783709470023503441 
0.96572968269552683651 0.00000000099999999999 0.01158661419362878864 0.02268370211084430252 
0.98585369737040051685 0.00000000100000000000 0.00893046276329258898 0.00521583886630683571 
0.96960487163487585338 0.00000000100000000000 0.01972592940851217863 0.01066919795661198239 
0.97090062418714373482 0.00606968589028039022 0.02170190649018401488 0.00132778343239188350 
0.90555003803102263049 0.00000000099999999999 0.03337068964469349502 0.06107927132428388889 
0.99207160114696368858 0.00000000100000000000 0.00037903890992698494 0.00754935894310945071 
0.98801748646550080490 0.00535593088266151426 0.00662658165183778458 0.00000000100000000000 
0.97695844001899057041 0.00815398823166283739 0.01154311541377047411 0.00334445633557611506 
0.99109759878576431102 0.00000000099999999998 0.00799887450845242383 0.00090352570578324952 
0.99589731478402787612 0.00000000100000000000 0.00006027108215848086 0.00404241313381376467 
0.00000010467007320411 0.00000000099999999998 0.00000000099999999998 0.99999989332992678115 
0.96962330894485670996 0.00000000099999999999 0.00000000099999999999 0.03037668905514329457 
0.95790303467576265462 0.00000000099999999999 0.00417775813103915625 0.03791920619319826685 
0.96657000297405770706 0.00000000099999999999 0.00000364395824747875 0.03342635206769496020 
0.99302378536236601825 0.00000000099999999999 0.00697621263763405566 0.00000000099999999999 
0.00000000099999999988 0.00000000099999999988 0.99999999699999997382 0.00000000099999999988 
0.00000000099999999986 0.00000000099999999986 0.99999999699999986280 0.00000000099999999986 
0.98278582835945804685 0.00000000100000000000 0.01178229465231957901 0.00543187598822232956 
0.98492746587759583132 0.00000000099999999999 0.01507253212240408126 0.00000000099999999999 
0.97029910087862347723 0.00000000099999999999 0.00000005214559767803 0.02970084597577873561 
0.00000000099999999998 0.00000000099999999998 0.00000000099999999998 0.99999999700000008485 
0.39851370622259807419 0.00000000099999999997 0.36102603351538403720 0.24046025926201777811 
0.99831909105882499222 0.00000000099999999999 0.00121012836928501510 0.00047077957189009322 
0.00000000099999999986 0.99999999700000008485 0.00000000099999999986 0.00000000099999999986 
0.00000000099999999982 0.99999999699999997382 0.00000000099999999982 0.00000000099999999982 
0.00000000099999999982 0.99999999700000008485 0.00000000099999999982 0.00000000099999999982 
0.00000000099999999988 0.00000000099999999988 0.99999999699999997382 0.00000000099999999988 
0.00000000099999999987 0.00000000099999999987 0.99999999699999997382 0.00000000099999999987 
0.99407195366924161473 0.00000000099999999999 0.00371619503594104858 0.00221185029481721883 
0.00000000099999999998 0.00000000099999999998 0.00000000099999999998 0.99999999700000008485 
0.00000000099999999987 0.00000000099999999987 0.99999999699999997382 0.00000000099999999987 
0.95987990046741344941 0.00000000099999999999 0.01224506577960254340 0.02787503275298403721 
0.00000000099999999996 0.00000000099999999996 0.00000000099999999996 0.99999999700000008485 
0.00000000099999999989 0.00000000099999999989 0.99999999699999997382 0.00000000099999999989 
0.97032991857608319464 0.00000000099999999999 0.01004876283776109935 0.01962131758615575858 
0.00000000099999999987 0.00000000099999999987 0.99999999699999997382 0.00000000099999999987 
0.00000000099999999997 0.00000000099999999997 0.00000000099999999997 0.99999999699999997382 
0.00000000099999999995 0.00000000099999999995 0.00000000099999999995 0.99999999700000008485 
0.00000000099999999986 0.00000000099999999986 0.99999999699999986280 0.00000000099999999986 
0.00000000099999999987 0.00000000099999999987 0.99999999699999997382 0.00000000099999999987 
0.00000000099999999997 0.00000000099999999997 0.00000000099999999997 0.99999999699999997382 
0.00000000099999999996 0.00000000099999999996 0.00000000099999999996 0.99999999700000008485 
0.00000001337718590309 0.00000000099999999997 0.00000000099999999997 0.99999998462281403100 
0.00000000099999999989 0.00000000099999999989 0.99999999699999986280 0.00000000099999999989 
0.93163905351811504563 0.00000001609312470013 0.01963929446757431072 0.04872163592118589071 
0.96745115529663217036 0.00000000100000000000 0.03025108600295224603 0.00229775770041563921 
0.97021147193111001439 0.00000000099999999999 0.00000000099999999999 0.02978852606888999707 
0.97784671073644935380 0.00000000099999999999 0.00454682433772024379 0.01760646392583034917 
0.00000000099999999996 0.00000000099999999996 0.00000000099999999996 0.99999999699999997382 
0.98784241307356612793 0.00158888255430334152 0.00988406201448823428 0.00068464235764234733 
0.00000000099999999985 0.99999999700000008485 0.00000000099999999985 0.00000000099999999985 
0.98048476246511118148 0.00000000099999999998 0.00941147837847394232 0.01010375815641482641 
0.00000000099999999985 0.99999999700000008485 0.00000000099999999985 0.00000000099999999985 
0.95200655782289678175 0.00000000100000000000 0.00131751983654656625 0.04667592134055677938 
0.00000000099999999986 0.99999999699999997382 0.00000000099999999986 0.00000000099999999986 
0.98154416133214494877 0.00000000099999999999 0.00575661587019290610 0.01269922179766227142 
0.97377386109043051476 0.00000012175118633942 0.01078292418666385206 0.01544309297171939099 
0.00000000099999999995 0.00000000099999999995 0.00000000099999999995 0.99999999700000008485 
0.99999593244898887789 0.00000000099999999998 0.00000000099999999998 0.00000406555101130716 
0.00000000099999999985 0.99999999700000008485 0.00000000099999999985 0.00000000099999999985 
0.00000000099999999987 0.99999999699999997382 0.00000000099999999987 0.00000000099999999987 
0.89777095779086735217 0.00000000099999999999 0.01492150602000024209 0.08730753518913231259 
0.00000000099999999995 0.00000000099999999995 0.00000000099999999995 0.99999999700000008485 
0.00000000099999999989 0.00000000099999999989 0.99999999699999997382 0.00000000099999999989 
0.00000000099999999996 0.00000000099999999996 0.00000000099999999996 0.99999999699999997382 
0.95664733553458070059 0.00125194792872370710 0.00000000100000000000 0.04210071553669565009 
0.00000000099999999984 0.99999999699999997382 0.00000000099999999984 0.00000000099999999984 
0.00000000099999999985 0.00000000099999999985 0.99999999699999997382 0.00000000099999999985 
0.00000000099999999987 0.99999999699999997382 0.00000000099999999987 0.00000000099999999987 
0.97259026161859729598 0.00319749198963173572 0.02170563093982654651 0.00250661545194446386 
0.00000000099999999995 0.00000000099999999995 0.00000000099999999995 0.99999999700000008485 
0.00000000099999999996 0.00000000099999999996 0.00000000099999999996 0.99999999700000008485 
0.75922928920238796913 0.00000000099999999999 0.00466832536942977418 0.23610238442818229365 
0.96876384518743419161 0.00000000100000000000 0.02495709725117914446 0.00627905656138668007 
0.98517727065149318655 0.00000000099999999999 0.00000673810013312757 0.01481599024837373241 
0.97101599354205347936 0.00000000099999999999 0.00000000099999999999 0.02898400445794652863 
0.99666625364701122436 0.00000000100000000000 0.00270160376679846404 0.00063214158619021249 
0.99999999700000008485 0.00000000099999999998 0.00000000099999999998 0.00000000099999999998 
0.98402821246025573565 0.00000000099999999999 0.00093990149497718829 0.01503188504476727673 
0.97597482114976685796 0.00000000099999999999 0.01068530055397364474 0.01333987729625941629 
0.95798787467526635986 0.00000000583561366517 0.00000089348125781392 0.04201122600786219574 
0.00000000099999999996 0.00000000099999999996 0.00000000099999999996 0.99999999700000008485 
0.00012758682208666069 0.00000000099999999998 0.00000000099999999998 0.99987241117791336720 
0.00000000099999999991 0.99999999699999997382 0.00000000099999999991 0.00000000099999999991 
0.00000000099999999998 0.00000000099999999998 0.00000000099999999998 0.99999999699999997382 
0.00000010110117149099 0.00000000099999999998 0.00000000099999999998 0.99999989689882851085 
0.96191382781293632842 0.00000000099999999999 0.01053191915943510124 0.02755425202762868883 
0.00000000099999999982 0.99999999699999997382 0.00000000099999999982 0.00000000099999999982 
0.99165033300334282096 0.00000000100000000000 0.00834966234306400677 0.00000000365359331626 
0.97011568685941351742 0.00000000099999999999 0.00852272701684577555 0.02136158512374070409 
0.98308884514624228501 0.00199238081305350492 0.01010950983143243075 0.00480926420927171860 
0.96378910792115324302 0.00000000100000000000 0.00708635121558119901 0.02912453986326561314 
0.99204648127323946660 0.00017272377427940801 0.00079629279545002755 0.00698450215703096990 
0.95720193596097069566 0.00000009595183475458 0.00022692393034471898 0.04257104415684976467 
0.98888330572086058368 0.00000000100000000000 0.00911537502559857903 0.00200131825354085821 
0.97200494383743618609 0.00000000100000000000 0.01132354797991241488 0.01667150718265137874 
0.94707240455162722270 0.00442723570448207843 0.03212450457500606177 0.01637585516888467527 
0.97703830831558002856 0.00000000099999999999 0.01510178750994125609 0.00785990317447868639 
0.99918592595714883497 0.00000000099999999999 0.00000000099999999999 0.00081407204285113724 
0.94303414446629574286 0.00093662334156496753 0.02878606887744051060 0.02724316331469884070 
0.98584850374480481605 0.00000000099999999999 0.01415149425519528215 0.00000000099999999999 
0.98424773062407078239 0.00000000100000000000 0.00080100811614422529 0.01495126025978510929 
0.99659678374871751849 0.00000000099999999999 0.00161131220295146656 0.00179190304833085762 
0.96228577137873883007 0.00000000099999999999 0.00000000099999999999 0.03771422662126112241 
0.97007424635593630935 0.00000000100000000000 0.01101641023770873543 0.01890934240635488636 
0.95537303983905974558 0.00000000099999999999 0.00000000099999999999 0.04462695816094024853 
0.99034357258638272548 0.00000000100000000000 0.00204258663194065810 0.00761383978167655493 
0.96804673381696937362 0.00000000099999999999 0.00249872908463206382 0.02945453609839871964 
0.89676877051043146771 0.06799727840510860766 0.00725727921134615601 0.02797667187311381198 
0.99253013183795124608 0.00000000099999999999 0.00000000950188487084 0.00746985766016403877 
0.97809826194701132707 0.00000000099999999998 0.00000000099999999998 0.02190173605298862194 
0.96918104394000303969 0.00000000099999999998 0.00000622304725619473 0.03081273201274088713 
0.97828028009307910207 0.00000000099999999999 0.01934819762965046819 0.00237152127727047754 
0.98174299378563578689 0.00000000099999999998 0.00000000099999999998 0.01825700421436437029 
0.98009700427487511654 0.00361621348978170224 0.00859536679333923470 0.00769141544200386065 
0.97544748212825782563 0.00000000099999999999 0.00891694947078380644 0.01563556740095836325 
0.99692819471229821016 0.00000000099999999999 0.00307180086796091838 0.00000000341974084954 
0.96247411296807094949 0.00000000099999999998 0.00000000099999999998 0.03752588503192919034 
0.00000000099999999996 0.00000000099999999996 0.00000000099999999996 0.99999999699999997382 
0.00000045507541890038 0.00000000099999999998 0.00000000099999999998 0.99999954292458115290 
0.00000000099999999988 0.99999999699999997382 0.00000000099999999988 0.00000000099999999988 
0.00000000099999999985 0.00000000099999999985 0.99999999699999997382 0.00000000099999999985 
0.04631487825535002961 0.00000000100000000000 0.03979967374125945034 0.91388544700339058302 
0.98275514620224524442 0.00000000099999999998 0.00000000099999999998 0.01724485179775483643 
0.96317689743783674317 0.00000000736820857164 0.00467022163117308993 0.03215287356278154207 
0.00000000099999999999 0.00000000099999999999 0.00395655579811575887 0.99604344220188423265 
0.97706574853632244260 0.00000000099999999999 0.00000000099999999999 0.02293424946367755499 
0.98139105735192622149 0.00000000099999999998 0.01529749857048820841 0.00331144307758562181 
0.99378790196981248162 0.00000000099999999999 0.00621209603018763046 0.00000000099999999999 
0.00000000099999999984 0.99999999700000008485 0.00000000099999999984 0.00000000099999999984 
0.00000000099999999985 0.99999999700000008485 0.00000000099999999985 0.00000000099999999985 
0.00000000099999999982 0.99999999700000008485 0.00000000099999999982 0.00000000099999999982 
0.00000000099999999983 0.99999999700000008485 0.00000000099999999983 0.00000000099999999983 
0.00000000099999999983 0.99999999699999997382 0.00000000099999999983 0.00000000099999999983 
0.00000000099999999998 0.00000000099999999998 0.00000000099999999998 0.99999999699999997382 
0.97947251828422765563 0.00000000100000000000 0.01470070013217365627 0.00582678058359880399 
0.00000000099999999983 0.99999999699999997382 0.00000000099999999983 0.00000000099999999983 
0.00000000099999999985 0.99999999700000008485 0.00000000099999999985 0.00000000099999999985 
0.00000000099999999985 0.00000000099999999985 0.99999999699999997382 0.00000000099999999985 
0.00000000099999999985 0.00000000099999999985 0.99999999699999997382 0.00000000099999999985 
0.99997447774713210666 0.00000000099999999999 0.00000000099999999999 0.00002552025286783915 
0.00000000099999999984 0.99999999700000008485 0.00000000099999999984 0.00000000099999999984 
0.97938972765872733817 0.00009413421863629591 0.00000015220637968843 0.02051598591625662660 
0.99751614193500215411 0.00000000099999999999 0.00248385606499780314 0.00000000099999999999 
0.03848299866045609002 0.00000000099999999998 0.00000000099999999998 0.96151699933954404287 
0.98447088557957318500 0.00000000099999999999 0.00013881033700955466 0.01539030308341731747 
0.00000000099999999995 0.00000000099999999995 0.00000000099999999995 0.99999999700000008485 
0.96479875969045525430 0.00000000099999999999 0.00894906381555117363 0.02625217549399356046 
0.00000000099999999995 0.00000000099999999995 0.00000000099999999995 0.99999999699999997382 
0.96286962454260316413 0.00000000100000000000 0.02056646038419848374 0.01656391407319832490 
0.98365586983980968228 0.00000000100000000000 0.01621977334403065449 0.00012435581615972215 
0.00000000099999999986 0.99999999700000008485 0.00000000099999999986 0.00000000099999999986 
0.00000000099999999996 0.00000000099999999996 0.00000000099999999996 0.99999999700000008485 
0.00000000099999999983 0.99999999699999997382 0.00000000099999999983 0.00000000099999999983 
0.00000000099999999983 0.99999999700000008485 0.00000000099999999983 0.00000000099999999983 
0.98548536546626563926 0.00000000100000000000 0.00141082516151189792 0.01310380837222245055 
0.96710766910925682893 0.00000000099999999999 0.00072028553185053419 0.03217204435889255837 
0.98833098839824939930 0.00000000099999999998 0.00000000099999999998 0.01166900960175075962 
0.98855796440200371933 0.00000000099999999999 0.00628940940592430300 0.00515262519207201290 
0.97351503381990622810 0.00000000099999999999 0.01587490304646904660 0.01061006213362481777 
0.96694549369582150078 0.00000000099999999999 0.01069224468544549729 0.02236226061873302501 
0.99999810515533493760 0.00000000099999999999 0.00000189284466501388 0.00000000099999999999 
0.00264006751789874847 0.00000000099999999998 0.00000000099999999998 0.99735993048210114242 
0.99972479048316864603 0.00000000099999999999 0.00026938382533879459 0.00000582469149270496 
0.00000000099999999983 0.99999999699999997382 0.00000000099999999983 0.00000000099999999983 
0.99377446135915492587 0.00000000100000000000 0.00344771167702442784 0.00277782596382051064 
0.00000000099999999994 0.99999999700000008485 0.00000000099999999994 0.00000000099999999994 
0.00000000099999999985 0.99999999700000008485 0.00000000099999999985 0.00000000099999999985 
0.97172349606883468009 0.00000000099999999999 0.00007168010596797713 0.02820482282519741479 
0.98726941049601291134 0.00000000099999999999 0.01273058750398701165 0.00000000099999999999 
0.97553400482364793778 0.00001575732568135748 0.00000000100000000000 0.02445023685067064176 
0.00000000099999999987 0.99999999699999997382 0.00000000099999999987 0.00000000099999999987 
0.00000000099999999996 0.00000000099999999996 0.00000000099999999996 0.99999999699999997382 
0.00000000099999999996 0.00000000099999999996 0.00000000099999999996 0.99999999700000008485 
0.00000000099999999985 0.99999999700000008485 0.00000000099999999985 0.00000000099999999985 
0.97866639365765106806 0.00000000100000000000 0.01020202851630071586 0.01113157682604826344 
0.93985431703288657701 0.00000000100000000000 0.01609290236245843400 0.04405277960465504156 
0.00000000099999999986 0.99999999700000008485 0.00000000099999999986 0.00000000099999999986 
0.97963414675800009057 0.00000000099999999999 0.01090654208088028508 0.00945931016111959365 
0.00000000099999999995 0.00000000099999999995 0.00000000099999999995 0.99999999699999997382 
0.54450837761587556063 0.10674760335751388995 0.11197486405934893583 0.23676915496726164134 
0.96330222899258921565 0.00460207474035740499 0.00000000100000000000 0.03209569526705337295 
0.94586736223134237900 0.00000000099999999999 0.01606249255908042892 0.03807014420957712669 
0.97837540990547744446 0.00000000099999999999 0.01848019299313265890 0.00314439610138995745 
0.98493669437492326058 0.00000000099999999999 0.01480227780757717090 0.00026102681749952216 
0.99390382937382504291 0.00000000099999999999 0.00609616862617499023 0.00000000099999999999 
0.98882790471067727456 0.00000000099999999999 0.00000000099999999999 0.01117209328932275599 
0.97295783968450766377 0.00000000099999999999 0.01654156277652990559 0.01050059653896257342 
0.95664280674622115264 0.00831348158273083684 0.00829233059526408335 0.02675138107578393931 
0.00000000099999999997 0.00000000099999999997 0.00000000099999999997 0.99999999699999997382 
0.96668164460673655647 0.00000000099999999999 0.01047290591203764269 0.02284544848122579616 
0.98974660939380754154 0.00000000099999999999 0.01025338860619250114 0.00000000099999999999 
0.94469276549086711459 0.00000000100000000000 0.00562982025167513972 0.04967741325745782255 
0.97856710298256555092 0.00000000099999999999 0.00000000099999999999 0.02143289501743458891 
0.95468932955279683927 0.00237485915428056315 0.00564906519602335032 0.03728674609689920649 
0.99930117887562242007 0.00000000099999999999 0.00069742119390526418 0.00000139893047224365 
0.97868006404708673962 0.00000000100000000000 0.00239075277228312363 0.01892918218063020797 
0.00247120334946382067 0.00000000099999999998 0.00000000099999999998 0.99752879465053623242 
0.95526848595687852139 0.00000000099999999999 0.02093012654741786480 0.02380138649570372189 
0.97616804446260796446 0.00000000099999999999 0.01370326968668999883 0.01012868485070207887 
0.97399513300407303262 0.01105846706089011304 0.00037391611741105442 0.01457248381762583055 
0.00000103734809794423 0.00000000099999999998 0.00000000099999999998 0.99999896065190208017 
0.95107141228369163066 0.01928140768214427203 0.00000148438521365707 0.02964569564895049025 
0.97412615962653636981 0.00000000100000000000 0.01263604599398250074 0.01323779337948100682 
0.50612336111556444074 0.00000000099999999999 0.01196641345326807278 0.48191022443116748875 
0.96961230448810298288 0.00000000099999999998 0.00000000099999999998 0.03038769351189709103 
0.00000000099999999986 0.99999999699999997382 0.00000000099999999986 0.00000000099999999986 
0.95908117110772750369 0.00000000099999999999 0.01983946582869602904 0.02107936206357639147 
0.96244225860627974356 0.00000000100000000000 0.00793641607083179351 0.02962132432288844611 
