0.01259340570623729456 0.97548740395804034442 0.01191919033572230724 
0.99999999799999994554 0.00000000099999999998 0.00000000099999999998 
0.99999999800000005656 0.00000000099999999997 0.00000000099999999997 
0.04421216777583097945 0.95578783122416888229 0.00000000099999999999 
0.00119343024912843716 0.99870046716344362814 0.00010610258742795155 
0.03315919089626352678 0.96684080810373640436 0.00000000099999999999 
0.99999999800000005656 0.00000000099999999998 0.00000000099999999998 
0.99999999799999994554 0.00000000099999999997 0.00000000099999999997 
0.01240506678712308651 0.98759493221287697473 0.00000000100000000000 
0.99999999799999994554 0.00000000099999999998 0.00000000099999999998 
0.01841540026514718389 0.98158459873485282010 0.00000000100000000000 
0.02515821992874767848 0.97484177907125235674 0.00000000099999999999 
0.00610042485151049765 0.99389957414848950634 0.00000000100000000000 
0.01681366051107285528 0.98172021504371265177 0.00146612444521450553 
0.00199663840487461584 0.98179118853497948649 0.01621217306014594364 
0.06733024472055754162 0.91974588247693167542 0.01292387280251082980 
0.00684021516919759449 0.99315978383080238956 0.00000000099999999999 
0.00000000100000000000 0.99269299687316747693 0.00730700212683257130 
0.00607432044995197609 0.98230122129281349785 0.01162445825723452952 
0.00252963292478547474 0.99747036607521444296 0.00000000099999999999 
0.00251028561066849376 0.99748971338933145603 0.00000000100000000000 
0.99999999800000005656 0.00000000099999999998 0.00000000099999999998 
0.02976085314848036373 0.97023914585151960210 0.00000000099999999999 
0.03830558119584356186 0.96169441780415643173 0.00000000099999999999 
0.03351247126379726382 0.96648752773620283385 0.00000000099999999999 
0.00000000099999999999 0.99999999800000005656 0.00000000099999999999 
0.16995862398893285539 0.04134686523667858299 0.78869451077438867959 
0.18913910379131476658 0.00662463162448183231 0.80423626458420349739 
0.00630497204340133444 0.99358330162318020395 0.00011172633341849829 
0.00000000099999999999 0.99999999800000005656 0.00000000099999999999 
0.02840048759211498755 0.97159951140788491930 0.00000000099999999999 
0.99999999800000005656 0.00000000099999999998 0.00000000099999999998 
0.30698769061339514774 0.45131210284327538673 0.24170020654332943777 
0.00008112094774128097 0.99991887805225876384 0.00000000099999999999 
0.00000000099999999989 0.00000000099999999989 0.99999999800000005656 
0.00000000099999999986 0.00000000099999999986 0.99999999799999994554 
0.00000000099999999987 0.00000000099999999987 0.99999999800000005656 
0.14096855634373647859 0.06306984881752675243 0.79596159483873685225 
0.17022287785172299235 0.02879395537070759264 0.80098316677756953297 
0.00159939677722616526 0.99840060222277382529 0.00000000099999999999 
0.99999999799999994554 0.00000000099999999998 0.00000000099999999998 
0.15136580950272252033 0.06157463709272183172 0.78705955340455568958 
0.02963651967168006232 0.97036347932831990004 0.00000000100000000000 
0.99999999800000005656 0.00000000099999999997 0.00000000099999999997 
0.18396191061757047325 0.02782835532563494169 0.78820973405679461976 
0.02350516507452985945 0.97649483392546998495 0.00000000099999999999 
0.16910172525786923425 0.04097959808206509680 0.78991867666006576609 
0.99999999799999994554 0.00000000099999999998 0.00000000099999999998 
0.99999999800000005656 0.00000000099999999996 0.00000000099999999996 
0.18925903447322708906 0.01827068985497652676 0.79247027567179639806 
0.15917014631432524485 0.03844969625195259616 0.80238015743372215205 
0.99999999800000005656 0.00000000099999999998 0.00000000099999999998 
0.99999999799999994554 0.00000000099999999998 0.00000000099999999998 
0.99999999800000005656 0.00000000099999999998 0.00000000099999999998 
0.16896050968022524597 0.03808909549102132419 0.79295039482875340209 
0.05112403907128557773 0.94318643741465035824 0.00568952351406401460 
0.01060909650193185387 0.97462234408322723223 0.01476855941484087921 
0.02716753138183830227 0.97283246761816155601 0.00000000099999999999 
0.01822945303974803088 0.98177054596025203903 0.00000000099999999999 
0.99999999800000005656 0.00000000099999999998 0.00000000099999999998 
0.00040384172071397737 0.99463312703597284159 0.00496303124331328328 
0.00000000099999999988 0.00000000099999999988 0.99999999799999994554 
0.01531355320402998273 0.98468644579597008892 0.00000000099999999999 
0.00000000099999999989 0.00000000099999999989 0.99999999799999994554 
0.04621731643898631392 0.95378268256101350620 0.00000000100000000000 
0.00000000099999999988 0.00000000099999999988 0.99999999800000005656 
0.01346054763462295294 0.98653945136537701810 0.00000000099999999999 
0.01660734935776056811 0.98266115010470400648 0.00073150053753551149 
0.99999999800000005656 0.00000000099999999997 0.00000000099999999997 
0.00000043101555303660 0.99999956798444700201 0.00000000099999999999 
0.00000000099999999988 0.00000000099999999988 0.99999999799999994554 
0.00000000099999999989 0.00000000099999999989 0.99999999800000005656 
0.09156749890884176291 0.90843250009115816823 0.00000000100000000000 
0.99999999799999994554 0.00000000099999999997 0.00000000099999999997 
0.15799662182823623335 0.07101863453625005540 0.77098474363551372512 
0.99999999800000005656 0.00000000099999999997 0.00000000099999999997 
0.04016750951158103156 0.95983248948841903836 0.00000000100000000000 
0.00000000099999999987 0.00000000099999999987 0.99999999799999994554 
0.16047939306781630608 0.02866112885800129947 0.81085947807418246036 
0.00000000099999999991 0.00000000099999999991 0.99999999800000005656 
0.00433615072156138138 0.98124043374684744023 0.01442341553159127640 
0.99999999800000005656 0.00000000099999999997 0.00000000099999999997 
0.99999999799999994554 0.00000000099999999998 0.00000000099999999998 
0.23674193209267005433 0.76325806690732977966 0.00000000099999999999 
0.00863329047294045943 0.99136298606802930600 0.00000372345903025333 
0.01412878263765225684 0.98587121636234775757 0.00000000099999999999 
0.02830205831980267539 0.97169794068019732514 0.00000000099999999999 
0.00119702697283217497 0.99880297202716783467 0.00000000099999999999 
0.00000000099999999999 0.99999999800000005656 0.00000000099999999999 
0.01671691758803323102 0.98328308141196674175 0.00000000099999999999 
0.01767473163198274994 0.98232526736801728529 0.00000000099999999999 
0.03935888269450689425 0.96064111630549320342 0.00000000100000000000 
0.99999999799999994554 0.00000000099999999998 0.00000000099999999998 
0.99984622066161354947 0.00015377833838635328 0.00000000099999999999 
0.00000000099999999992 0.00000000099999999992 0.99999999799999994554 
0.99999999799999994554 0.00000000099999999998 0.00000000099999999998 
0.99999999800000005656 0.00000000099999999999 0.00000000099999999999 
0.02886674554536381929 0.97113325345463619165 0.00000000099999999999 
0.00000000099999999986 0.00000000099999999986 0.99999999799999994554 
0.00000000100000000000 0.99999896138798105572 0.00000103761201903905 
0.02190473211042088739 0.97809526688957915130 0.00000000099999999999 
0.00412392947854167257 0.98720418902406115169 0.00867188149739712456 
0.03012144362184356050 0.96987855537815648166 0.00000000100000000000 
0.00646652090744666893 0.99353347809255332379 0.00000000100000000000 
0.04034463123924048739 0.95965536776075932579 0.00000000100000000000 
0.00368222984506930747 0.99631776915493064362 0.00000000100000000000 
0.01976880312871889464 0.98023119587128104691 0.00000000100000000000 
0.02176521913910862971 0.95905331012976446914 0.01918147073112677278 
0.01005002313281261675 0.98994991904155049678 0.00000005782563691794 
0.00025877906931995515 0.99974121993067999181 0.00000000099999999999 
0.03092179434517938405 0.95332992168205432648 0.01574828397276620620 
0.00000000510489877452 0.99999999389510130232 0.00000000099999999999 
0.01514011678521644429 0.98485988221478348859 0.00000000100000000000 
0.00124789544113523268 0.99875210355886467894 0.00000000099999999999 
0.03580516263952406714 0.96419483636047587094 0.00000000099999999999 
0.01952804008983727996 0.98047195891016258873 0.00000000100000000000 
0.04322061455849029316 0.95677938444150967268 0.00000000100000000000 
0.00609799931056046168 0.99390199968943937492 0.00000000100000000000 
0.02930408035605999023 0.97069591864394000336 0.00000000099999999999 
0.03057675733889816949 0.89411194483151523738 0.07531129782958662089 
0.00669535670024813505 0.99330464229975179435 0.00000000099999999999 
0.02122126022056498862 0.97877873877943510905 0.00000000099999999999 
0.03036041934849400756 0.96963957965150604501 0.00000000099999999999 
0.00325030992188930778 0.99674968906356520293 0.00000000101454552953 
0.01603143616052828124 0.98396856283947164989 0.00000000099999999999 
0.00945987765328427238 0.98637257517741350199 0.00416754716930220568 
0.02334354006358874134 0.97665645893641128694 0.00000000099999999999 
0.00000000099999999999 0.99999999800000005656 0.00000000099999999999 
0.03671883944083149248 0.96328115955916848723 0.00000000099999999999 
0.99999999799999994554 0.00000000099999999997 0.00000000099999999997 
0.99999999567758834917 0.00000000332241168186 0.00000000099999999999 
0.00000000099999999991 0.00000000099999999991 0.99999999799999994554 
0.16298189215252711914 0.02119620864639919222 0.81582189920107373027 
0.92282507952566661391 0.06317407607925640267 0.01400084439507703893 
0.01635265222930885540 0.98364734677069098900 0.00000000099999999999 
0.03228319020749541995 0.96771680879250454588 0.00000000100000000000 
0.99999999800000005656 0.00000000099999999999 0.00000000099999999999 
0.02206208283304459533 0.97793791616695535662 0.00000000099999999999 
0.00819305226000524231 0.99180694673999481026 0.00000000099999999999 
0.00000000099999999999 0.99999999799999994554 0.00000000099999999999 
0.00000000099999999987 0.00000000099999999987 0.99999999799999994554 
0.00000000099999999987 0.00000000099999999987 0.99999999800000005656 
0.00000000099999999986 0.00000000099999999986 0.99999999799999994554 
0.00000000099999999986 0.00000000099999999986 0.99999999800000005656 
0.00000000099999999988 0.00000000099999999988 0.99999999799999994554 
0.99999999800000005656 0.00000000099999999999 0.00000000099999999999 
0.00675937002503094846 0.99318823311185699954 0.00005239686311201998 
0.00000000099999999987 0.00000000099999999987 0.99999999799999994554 
0.00000000099999999988 0.00000000099999999988 0.99999999800000005656 
0.18041430183278681088 0.00023073192024283676 0.81935496624697035095 
0.16214549245609322092 0.02672583368244640240 0.81112867386146048077 
0.00000027446755119137 0.99999972453244867499 0.00000000100000000000 
0.00000000099999999988 0.00000000099999999988 0.99999999799999994554 
0.01845358015956970188 0.98154641884043036804 0.00000000100000000000 
0.00000000099999999999 0.99999999799999994554 0.00000000099999999999 
0.96300480149516787254 0.03699519750483209329 0.00000000099999999999 
0.01485933044174090820 0.98514066855825899172 0.00000000099999999999 
0.99999999799999994554 0.00000000099999999997 0.00000000099999999997 
0.02805836225278407481 0.97194163674721589796 0.00000000099999999999 
0.99999999800000005656 0.00000000099999999997 0.00000000099999999997 
0.01959228220874065923 0.97820269912557411551 0.00220501866568519967 
0.00045781240579040707 0.99710695657595060926 0.00243523101825896936 
0.00000000099999999988 0.00000000099999999988 0.99999999800000005656 
0.99999999800000005656 0.00000000099999999998 0.00000000099999999998 
0.00000000099999999986 0.00000000099999999986 0.99999999800000005656 
0.00000000099999999988 0.00000000099999999988 0.99999999799999994554 
0.01312775865193989595 0.98687224034805998141 0.00000000099999999999 
0.03019167441664485918 0.96980832458335519686 0.00000000099999999999 
0.00991837964800651797 0.99008161935199345827 0.00000000099999999999 
0.00914825369616116719 0.99085174530383879343 0.00000000099999999999 
0.01452454668307930942 0.98547545231692079692 0.00000000100000000000 
0.02452097033075314667 0.97547902866924696141 0.00000000099999999999 
0.00000000099999999999 0.99999999799999994554 0.00000000099999999999 
0.99674554086993449875 0.00325445813006541677 0.00000000099999999998 
0.00000086040937157371 0.99999913859062850019 0.00000000099999999999 
0.00000000099999999987 0.00000000099999999987 0.99999999799999994554 
0.00175699651057444756 0.99824300248942554603 0.00000000100000000000 
0.00000000099999999996 0.00000000099999999996 0.99999999800000005656 
0.00000000099999999989 0.00000000099999999989 0.99999999800000005656 
0.02686898773369793617 0.97313101126630208171 0.00000000099999999999 
0.00000000100000000000 0.99999999800000005656 0.00000000100000000000 
0.02269067483769728749 0.97730932416230276161 0.00000000100000000000 
0.00000000099999999990 0.00000000099999999990 0.99999999799999994554 
0.99999999799999994554 0.00000000099999999997 0.00000000099999999997 
0.99999999799999994554 0.00000000099999999997 0.00000000099999999997 
0.00000000099999999989 0.00000000099999999989 0.99999999800000005656 
0.01178177980104959562 0.98821821919895047603 0.00000000100000000000 
0.04737937423754943339 0.95262062476245046305 0.00000000100000000000 
0.00000000099999999989 0.00000000099999999989 0.99999999800000005656 
0.01236168942922664590 0.98763830957077336503 0.00000000099999999999 
0.99999999800000005656 0.00000000099999999997 0.00000000099999999997 
0.26094357277335122891 0.55163620211464814425 0.18742022511200059909 
0.03135017067196806811 0.96825737086850527380 0.00039245845952666465 
0.04179840812251561094 0.95820159087748446591 0.00000000100000000000 
0.00493946047039657034 0.99506053852960341111 0.00000000100000000000 
0.00050616092482929156 0.99949383807517078182 0.00000000099999999999 
0.00000000099999999999 0.99999999799999994554 0.00000000099999999999 
0.01110483121339376177 0.98889516778660635499 0.00000000099999999999 
0.01431065352997208315 0.98568934547002795554 0.00000000100000000000 
0.02725657821253747379 0.96173432167568084772 0.01100910011178174268 
0.99999999800000005656 0.00000000099999999998 0.00000000099999999998 
0.02552986316024094884 0.97447013583975894413 0.00000000099999999999 
0.00000000099999999999 0.99999999800000005656 0.00000000099999999999 
0.05049366193937899344 0.94950633706062104178 0.00000000100000000000 
0.01879024553074959067 0.98120975346925043414 0.00000000099999999999 
0.03924288703653620869 0.95885753290767661294 0.00189958005578719203 
0.00000032694520915580 0.99999967205479090016 0.00000000099999999999 
0.02135079197040587809 0.97864920702959401488 0.00000000100000000000 
0.99756409687301383915 0.00243590212698603171 0.00000000099999999999 
0.02862937813868144526 0.97137062086131842342 0.00000000100000000000 
0.01066659103991809271 0.98933340796008195639 0.00000000100000000000 
0.01288582583309826057 0.97649900397806010943 0.01061517018884158836 
0.99999999017143492708 0.00000000882856497799 0.00000000099999999999 
0.03011760197185722743 0.95018481489507045090 0.01969758313307236330 
0.01436730761872374168 0.98563269111704532310 0.00000000126423099887 
0.48598859181077647129 0.51401140718922355699 0.00000000099999999999 
0.02865191494967190763 0.97134808405032813106 0.00000000099999999999 
0.00000000099999999990 0.00000000099999999990 0.99999999799999994554 
0.02923742848630303190 0.97076243401833628432 0.00000013749536066014 
0.03002385060039424944 0.96997614839960566435 0.00000000100000000000 
