0.00000000100000000000 0.22013232660208245650 0.37962272592395768234 0.00000000100000000000 0.34545955359867014378 0.01521996865297424797 0.01536396698688882213 0.02060726321855272866 0.00359419301687405844 
0.00000000099999999993 0.00000000099999999993 0.00000000099999999993 0.56108564443697162005 0.00000000099999999993 0.00000000099999999993 0.00000000099999999993 0.00000000099999999993 0.43891434856302835588 
0.00000000099999999992 0.00000000099999999992 0.00000000099999999992 0.41733038522794690950 0.00000000099999999992 0.04766551132666942137 0.00000000099999999992 0.00000000099999999992 0.53500409744538357515 
0.00000000099999999999 0.29985657372176027780 0.41286946300038351865 0.02491845845828922698 0.24656520969180253933 0.00000000534892526134 0.00000000099999999999 0.00107821420941660285 0.01471207356942246837 
0.00000000099999999999 0.36831391469707852604 0.22196268185222720049 0.00000000099999999999 0.29908234644027126281 0.01328234321484784292 0.09735870979557505189 0.00000000099999999999 0.00000000099999999999 
0.00000000099999999998 0.00000000099999999998 0.55014407470262827182 0.00000000099999999998 0.41208045133510373681 0.01762864582394881030 0.00000000099999999998 0.00000000099999999998 0.02014682313831921839 
0.00000000099999999989 0.00000000099999999989 0.00000000099999999989 0.00000000099999999989 0.00000000099999999989 0.00000000099999999989 0.00000000099999999989 0.00000000099999999989 0.99999999200000000421 
0.00000000099999999984 0.00000000099999999984 0.00000000099999999984 0.99999999200000000421 0.00000000099999999984 0.00000000099999999984 0.00000000099999999984 0.00000000099999999984 0.00000000099999999984 
0.00000000099999999994 0.99999999200000011523 0.00000000099999999994 0.00000000099999999994 0.00000000099999999994 0.00000000099999999994 0.00000000099999999994 0.00000000099999999994 0.00000000099999999994 
0.00000000099999999993 0.00000000099999999993 0.00000000099999999993 0.32507294243420542523 0.00000000099999999993 0.00000000099999999993 0.00000000099999999993 0.00000000099999999993 0.67492705056579438416 
0.00000000099999999997 0.00000000099999999997 0.99999999200000000421 0.00000000099999999997 0.00000000099999999997 0.00000000099999999997 0.00000000099999999997 0.00000000099999999997 0.00000000099999999997 
0.00000000099999999998 0.24803129369203802401 0.28808792925300519272 0.00000000099999999998 0.40215314282531772205 0.00000000099999999998 0.03143765001064493386 0.00577399774926757193 0.02451598346972657869 
0.00000000099999999998 0.00039795821378853691 0.20195968729342225756 0.00000000099999999998 0.75284549497152042363 0.04479685452126875439 0.00000000099999999998 0.00000000099999999998 0.00000000099999999998 
0.00000000099999999999 0.00000080103139439937 0.45092134011638201896 0.00324413251827457240 0.47579815368505534723 0.02756523879066661090 0.03561164529715148130 0.00685868656107565828 0.00000000099999999999 
0.00000000099999999995 0.00000000099999999995 0.99999999200000000421 0.00000000099999999995 0.00000000099999999995 0.00000000099999999995 0.00000000099999999995 0.00000000099999999995 0.00000000099999999995 
0.00000000099999999999 0.34630799542558854398 0.29808184792095532289 0.04349118519158480523 0.19773207460472627672 0.03367221170529774432 0.05460683452515759095 0.02306168885347933267 0.00304616077321032781 
0.00000000099999999993 0.00000000099999999993 0.99999999200000000421 0.00000000099999999993 0.00000000099999999993 0.00000000099999999993 0.00000000099999999993 0.00000000099999999993 0.00000000099999999993 
0.00000000099999999996 0.99999999200000022626 0.00000000099999999996 0.00000000099999999996 0.00000000099999999996 0.00000000099999999996 0.00000000099999999996 0.00000000099999999996 0.00000000099999999996 
0.00000000099999999996 0.99999999200000022626 0.00000000099999999996 0.00000000099999999996 0.00000000099999999996 0.00000000099999999996 0.00000000099999999996 0.00000000099999999996 0.00000000099999999996 
0.00000000099999999995 0.99999999200000011523 0.00000000099999999995 0.00000000099999999995 0.00000000099999999995 0.00000000099999999995 0.00000000099999999995 0.00000000099999999995 0.00000000099999999995 
0.00000000099999999999 0.35581045788255677431 0.29555525503730795123 0.01046020609276726576 0.33817407403673949151 0.00000000295062853864 0.00000000099999999999 0.00000000099999999999 0.00000000099999999999 
0.00000000099999999989 0.00000000099999999989 0.00000000099999999989 0.00000000099999999989 0.00000000099999999989 0.00000000099999999989 0.00000000099999999989 0.00000000099999999989 0.99999999199999989319 
0.00000000099999999997 0.00000000099999999997 0.00000000099999999997 0.00000000099999999997 0.92396573232138778931 0.00000000099999999997 0.07603426067861226989 0.00000000099999999997 0.00000000099999999997 
0.00000000099999999947 0.00000000099999999947 0.00000000099999999947 0.00000000099999999947 0.00000000099999999947 0.00000000099999999947 0.99999999200000000421 0.00000000099999999947 0.00000000099999999947 
0.00000000099999999997 0.36233631111647129908 0.23590939418957312945 0.00000000099999999997 0.34411337933009056300 0.02783306142877510492 0.00000000099999999997 0.00000000099999999997 0.02980784993509000627 
0.00000000099999999998 0.27856128813064851002 0.45374230141687560414 0.00000000099999999998 0.25995822875379326344 0.00773802089537173419 0.00000000099999999998 0.00000015680331096608 0.00000000099999999998 
0.00000000099999999964 0.00000000099999999964 0.00000000099999999964 0.00000000099999999964 0.00000000099999999964 0.00000000099999999964 0.00000000099999999964 0.99999999200000000421 0.00000000099999999964 
0.00000000099999999961 0.00000000099999999961 0.00000000099999999961 0.00000000099999999961 0.00000000099999999961 0.00000000099999999961 0.00000000099999999961 0.99999999200000000421 0.00000000099999999961 
0.00000000099999999998 0.39677843965269987692 0.00000000099999999998 0.00000000099999999998 0.55646938644892784964 0.02708195468723963509 0.01967021421113247098 0.00000000099999999998 0.00000000099999999998 
0.00000000099999999998 0.23760874509633031493 0.52653953893795690799 0.00000000099999999998 0.19115813522390590062 0.00000000099999999998 0.03618611225618394156 0.00850746448562293874 0.00000000099999999998 
0.00000000099999999998 0.32135683754551735980 0.25874665467054869250 0.00000000099999999998 0.30641948923729006582 0.04998471508096418575 0.05501852225537838537 0.00000000099999999998 0.00847377821030138173 
0.00000000099999999984 0.00000000099999999984 0.00000000099999999984 0.00000000099999999984 0.00000000099999999984 0.00000000099999999984 0.24258584746150635425 0.00000000099999999984 0.75741414553849362168 
0.00000000099999999971 0.00000000099999999971 0.00000000099999999971 0.00000000099999999971 0.00000000099999999971 0.00000000099999999971 0.63564908607410142150 0.36435090692589838790 0.00000000099999999971 
0.00000000099999999997 0.41878360095955791120 0.58121634444420000598 0.00000000099999999997 0.00000004859624200449 0.00000000099999999997 0.00000000099999999997 0.00000000099999999997 0.00000000099999999997 
0.99999999200000022626 0.00000000099999999957 0.00000000099999999957 0.00000000099999999957 0.00000000099999999957 0.00000000099999999957 0.00000000099999999957 0.00000000099999999957 0.00000000099999999957 
0.99999999200000011523 0.00000000099999999948 0.00000000099999999948 0.00000000099999999948 0.00000000099999999948 0.00000000099999999948 0.00000000099999999948 0.00000000099999999948 0.00000000099999999948 
0.99999999200000011523 0.00000000099999999948 0.00000000099999999948 0.00000000099999999948 0.00000000099999999948 0.00000000099999999948 0.00000000099999999948 0.00000000099999999948 0.00000000099999999948 
0.00000000099999999965 0.00000000099999999965 0.00000000099999999965 0.00000000099999999965 0.00000000099999999965 0.00000000099999999965 0.00000000099999999965 0.99999999199999989319 0.00000000099999999965 
0.00000000099999999960 0.00000000099999999960 0.00000000099999999960 0.00000000099999999960 0.00000000099999999960 0.00000000099999999960 0.00000000099999999960 0.99999999200000000421 0.00000000099999999960 
0.00000000099999999998 0.30039977256557431895 0.10998087292061856091 0.00000000099999999998 0.55027803513859241402 0.01020093646747085615 0.02914037890774379136 0.00000000099999999998 0.00000000099999999998 
0.00000000099999999986 0.00000000099999999986 0.00000000099999999986 0.99999999200000000421 0.00000000099999999986 0.00000000099999999986 0.00000000099999999986 0.00000000099999999986 0.00000000099999999986 
0.00000000099999999962 0.00000000099999999962 0.00000000099999999962 0.00000000099999999962 0.00000000099999999962 0.00000000099999999962 0.00000000099999999962 0.99999999200000000421 0.00000000099999999962 
0.00000000099999999999 0.40699176003341747121 0.25245322937631742288 0.01529233895296271302 0.22482351066112996052 0.00392789595310992848 0.09372176021145067759 0.00278950281161170549 0.00000000099999999999 
0.00000000099999999983 0.00000000099999999983 0.00000000099999999983 0.99999999200000011523 0.00000000099999999983 0.00000000099999999983 0.00000000099999999983 0.00000000099999999983 0.00000000099999999983 
0.00000000099999999967 0.00000000099999999967 0.00000000099999999967 0.00000000099999999967 0.00000000099999999967 0.00000000099999999967 0.00000000099999999967 0.99999999199999989319 0.00000000099999999967 
0.00000000099999999998 0.21451034894434728439 0.57674185946169076455 0.00000000195451347806 0.15820882635755681433 0.00000000099999999998 0.02723354880066278239 0.00563177875528974095 0.01767363372593917792 
0.00000000099999999962 0.00000000099999999962 0.00000000099999999962 0.00000000099999999962 0.00000000099999999962 0.00000000099999999962 0.00000000099999999962 0.99999999199999989319 0.00000000099999999962 
0.00000000099999999993 0.00000000099999999993 0.00000000099999999993 0.48304287651203747789 0.00000000099999999993 0.03022369568983568691 0.00000000099999999993 0.00000000099999999993 0.48673342179812678632 
0.00000000099999999983 0.00000000099999999983 0.00000000099999999983 0.99999999200000011523 0.00000000099999999983 0.00000000099999999983 0.00000000099999999983 0.00000000099999999983 0.00000000099999999983 
0.00000000099999999957 0.00000000099999999957 0.00000000099999999957 0.00000000099999999957 0.00000000099999999957 0.00000000099999999957 0.00000000099999999957 0.99999999199999989319 0.00000000099999999957 
0.00000000099999999961 0.00000000099999999961 0.00000000099999999961 0.00000000099999999961 0.00000000099999999961 0.00000000099999999961 0.00000000099999999961 0.99999999200000000421 0.00000000099999999961 
0.00000000099999999995 0.00000000099999999995 0.00000000099999999995 0.35338340944869683913 0.00000000099999999995 0.00000000099999999995 0.00000000099999999995 0.00000000099999999995 0.64661658355130302578 
0.00000000099999999988 0.00000000099999999988 0.00000000099999999988 0.00000000099999999988 0.00000000099999999988 0.00000000099999999988 0.00000000099999999988 0.00000000099999999988 0.99999999200000000421 
0.00000000099999999989 0.00000000099999999989 0.00000000099999999989 0.99999999200000000421 0.00000000099999999989 0.00000000099999999989 0.00000000099999999989 0.00000000099999999989 0.00000000099999999989 
0.00000000099999999968 0.00000000099999999968 0.00000000099999999968 0.00000000099999999968 0.00000000099999999968 0.00000000099999999968 0.00000000099999999968 0.99999999200000000421 0.00000000099999999968 
0.00000000099999999996 0.00000000099999999996 0.00000000099999999996 0.04903660304965622163 0.95096338995034390695 0.00000000099999999996 0.00000000099999999996 0.00000000099999999996 0.00000000099999999996 
0.00000000099999999995 0.99999994902493838378 0.00000000099999999995 0.00000000099999999995 0.00000000099999999995 0.00000000099999999995 0.00000000099999999995 0.00000004397506170354 0.00000000099999999995 
0.00000000099999999997 0.00000000099999999997 0.56207071706925360033 0.03183119198587305160 0.39596739563931937500 0.01013069030555388203 0.00000000099999999997 0.00000000099999999997 0.00000000099999999997 
0.00000000099999999999 0.21491277538030470473 0.27360967578641559594 0.02091066472556415978 0.47140370635363981755 0.01916121975968969326 0.00000006270685441252 0.00000189328753167057 0.00000000099999999999 
0.00000000099999999988 0.00000000099999999988 0.00000000099999999988 0.00000000099999999988 0.00000000099999999988 0.00000000099999999988 0.00000000099999999988 0.00000000099999999988 0.99999999199999989319 
0.00000000099999999996 0.99999999200000011523 0.00000000099999999996 0.00000000099999999996 0.00000000099999999996 0.00000000099999999996 0.00000000099999999996 0.00000000099999999996 0.00000000099999999996 
0.99999999200000011523 0.00000000099999999954 0.00000000099999999954 0.00000000099999999954 0.00000000099999999954 0.00000000099999999954 0.00000000099999999954 0.00000000099999999954 0.00000000099999999954 
0.00000000099999999993 0.99999999200000011523 0.00000000099999999993 0.00000000099999999993 0.00000000099999999993 0.00000000099999999993 0.00000000099999999993 0.00000000099999999993 0.00000000099999999993 
0.99999999200000022626 0.00000000099999999956 0.00000000099999999956 0.00000000099999999956 0.00000000099999999956 0.00000000099999999956 0.00000000099999999956 0.00000000099999999956 0.00000000099999999956 
0.00000000099999999997 0.55600839667584234238 0.28275737036518744372 0.01734351199195235949 0.00000000099999999997 0.04326212559315070066 0.10062859137386717667 0.00000000099999999997 0.00000000099999999997 
0.99999999200000011523 0.00000000099999999957 0.00000000099999999957 0.00000000099999999957 0.00000000099999999957 0.00000000099999999957 0.00000000099999999957 0.00000000099999999957 0.00000000099999999957 
0.00000000099999999997 0.55172195375124843952 0.00004324625202712088 0.00000000099999999997 0.33340852116993274779 0.07616102516343203899 0.03866524966335963681 0.00000000099999999997 0.00000000099999999997 
0.00000000099999999999 0.00000000099999999999 0.55234451936172690445 0.00657317375889209746 0.38199153623926374035 0.00000000099999999999 0.05398962715205470053 0.00510113948806256799 0.00000000099999999999 
0.00000000099999999992 0.00000000099999999992 0.00000000099999999992 0.58226924282782310804 0.00000000099999999992 0.00000000099999999992 0.00000000099999999992 0.00000000099999999992 0.41773075017217686788 
0.00000000099999999991 0.00000000099999999991 0.99999999200000000421 0.00000000099999999991 0.00000000099999999991 0.00000000099999999991 0.00000000099999999991 0.00000000099999999991 0.00000000099999999991 
0.99999999200000022626 0.00000000099999999957 0.00000000099999999957 0.00000000099999999957 0.00000000099999999957 0.00000000099999999957 0.00000000099999999957 0.00000000099999999957 0.00000000099999999957 
0.99999999200000011523 0.00000000099999999960 0.00000000099999999960 0.00000000099999999960 0.00000000099999999960 0.00000000099999999960 0.00000000099999999960 0.00000000099999999960 0.00000000099999999960 
0.00000000099999999999 0.19017913398245930856 0.26036566086184204094 0.08799877653465749960 0.44072459453628975989 0.00000000099999999999 0.01116161283438916844 0.00957019273080738329 0.00000002651955492169 
0.00000000099999999986 0.00000000099999999986 0.00000000099999999986 0.00000000099999999986 0.00000000099999999986 0.00000000099999999986 0.00000000099999999986 0.00000000099999999986 0.99999999199999989319 
0.00000000099999999969 0.00000000099999999969 0.00000000099999999969 0.00000000099999999969 0.00000000099999999969 0.00000000099999999969 0.00000000099999999969 0.99999999200000000421 0.00000000099999999969 
0.00000000099999999986 0.00000000099999999986 0.00000000099999999986 0.99999999200000011523 0.00000000099999999986 0.00000000099999999986 0.00000000099999999986 0.00000000099999999986 0.00000000099999999986 
0.00000000099999999999 0.24575976758698614422 0.23576910017508204143 0.01094875150630597073 0.42011556938838023889 0.04323197686390545247 0.02957822438557847211 0.00000000099999999999 0.01459660809376158927 
0.99999999200000011523 0.00000000099999999952 0.00000000099999999952 0.00000000099999999952 0.00000000099999999952 0.00000000099999999952 0.00000000099999999952 0.00000000099999999952 0.00000000099999999952 
0.00000000099999999954 0.00000000099999999954 0.00000000099999999954 0.00000000099999999954 0.00000000099999999954 0.00000000099999999954 0.00000000099999999954 0.99999999200000000421 0.00000000099999999954 
0.99999999200000022626 0.00000000099999999962 0.00000000099999999962 0.00000000099999999962 0.00000000099999999962 0.00000000099999999962 0.00000000099999999962 0.00000000099999999962 0.00000000099999999962 
0.00247113492322847831 0.26241718985663842201 0.30893533961321317793 0.00000000100000000000 0.38827218083367392998 0.00000000100000000000 0.01756211066099378285 0.01863499714998487211 0.00170704496226726956 
0.00000000099999999983 0.00000000099999999983 0.00000000099999999983 0.00000000099999999983 0.00000000099999999983 0.00000000099999999983 0.00000000099999999983 0.00000000099999999983 0.99999999200000000421 
0.00000000099999999987 0.00000000099999999987 0.00000000099999999987 0.00000000099999999987 0.00000000099999999987 0.00000000099999999987 0.00000000099999999987 0.00000000099999999987 0.99999999199999989319 
0.00000000099999999997 0.00000000099999999997 0.66722887166625099997 0.23178505959467371467 0.00000000099999999997 0.00000000099999999997 0.10098606273907520525 0.00000000099999999997 0.00000000099999999997 
0.00000000099999999999 0.49127996615979802053 0.28044094781216960532 0.01582288048309375347 0.19409308089165375200 0.00000000099999999999 0.00000000099999999999 0.01836312065328472160 0.00000000099999999999 
0.00000000099999999995 0.99999999200000022626 0.00000000099999999995 0.00000000099999999995 0.00000000099999999995 0.00000000099999999995 0.00000000099999999995 0.00000000099999999995 0.00000000099999999995 
0.00000000099999999998 0.01308467205998224345 0.42362097075723442741 0.00426442517008406800 0.46809178612651280993 0.03584525792237515385 0.05506243270869080886 0.00000000099999999998 0.00003045325512047029 
0.00000000099999999998 0.49140126924076021897 0.08543080302821816352 0.00000000099999999998 0.33399206933766029115 0.00000000099999999998 0.08917585339336149552 0.00000000099999999998 0.00000000099999999998 
0.00000000099999999997 0.41600132608373058263 0.43513027532497461358 0.00000000099999999997 0.14886839259129491797 0.00000000099999999997 0.00000000099999999997 0.00000000099999999997 0.00000000099999999997 
0.00000000099999999998 0.45049347897451830214 0.30115129285486785804 0.00066543185864405415 0.21224196982398280120 0.00000000099999999998 0.02854671324831844353 0.00000000099999999998 0.00690111023966851964 
0.00000000099999999994 0.00000000099999999994 0.00000000099999999994 0.00000000099999999994 0.99999999200000011523 0.00000000099999999994 0.00000000099999999994 0.00000000099999999994 0.00000000099999999994 
0.00000000099999999997 0.44519682609659283479 0.50658924513977476867 0.04821392276363252460 0.00000000099999999997 0.00000000099999999997 0.00000000099999999997 0.00000000099999999997 0.00000000099999999997 
0.00000000099999999993 0.00000000099999999993 0.00000000099999999993 0.59465145262832252993 0.00000000099999999993 0.00000000099999999993 0.00000000099999999993 0.00000000099999999993 0.40534854037167750151 
0.00000000099999999996 0.00000000099999999996 0.00000000099999999996 0.29610780131224584411 0.00788766755031090547 0.00000000099999999996 0.00000000099999999996 0.00000000099999999996 0.69600452513744315297 
0.99999999200000022626 0.00000000099999999973 0.00000000099999999973 0.00000000099999999973 0.00000000099999999973 0.00000000099999999973 0.00000000099999999973 0.00000000099999999973 0.00000000099999999973 
0.00000000099999999996 0.00000000099999999996 0.00000000099999999996 0.38986078888552105903 0.00000000099999999996 0.00000000099999999996 0.00000000099999999996 0.00000000099999999996 0.61013920411447886138 
0.00000000099999999997 0.00000000099999999997 0.00000000099999999997 0.36815185446931897317 0.00179314852362083836 0.00000000099999999997 0.00000000099999999997 0.00000000099999999997 0.63005499100705997240 
0.00000000099999999999 0.26951745133191695736 0.31204279706452664467 0.02512538242272580394 0.37122533895833920159 0.00712954523076476856 0.01195042790230914365 0.00300905508941727746 0.00000000099999999999 
0.99999999200000022626 0.00000000099999999947 0.00000000099999999947 0.00000000099999999947 0.00000000099999999947 0.00000000099999999947 0.00000000099999999947 0.00000000099999999947 0.00000000099999999947 
0.00000000099999999999 0.18545041352218968878 0.30034432595608628880 0.00000000099999999999 0.46350731667005778958 0.00000000099999999999 0.04633872719143597441 0.00435921266023017555 0.00000000099999999999 
0.00000000099999999999 0.55335241612875085693 0.00000000099999999999 0.00000066002167373760 0.42265511204473871221 0.00000000099999999999 0.01552522951790140208 0.00065520067253949305 0.00781137861439589083 
0.00000000099999999996 0.00000000099999999996 0.99999999200000000421 0.00000000099999999996 0.00000000099999999996 0.00000000099999999996 0.00000000099999999996 0.00000000099999999996 0.00000000099999999996 
0.00000000099999999996 0.99999999200000022626 0.00000000099999999996 0.00000000099999999996 0.00000000099999999996 0.00000000099999999996 0.00000000099999999996 0.00000000099999999996 0.00000000099999999996 
0.00000000099999999994 0.00000000099999999994 0.00000000099999999994 0.00000000099999999994 0.84161690341531136816 0.00000000099999999994 0.15838308958468871879 0.00000000099999999994 0.00000000099999999994 
0.00000000099999999995 0.00000000099999999995 0.99999999200000000421 0.00000000099999999995 0.00000000099999999995 0.00000000099999999995 0.00000000099999999995 0.00000000099999999995 0.00000000099999999995 
0.00000000099999999999 0.18138817508915527910 0.42286305733486584391 0.00000000099999999999 0.37272056413687443266 0.00000000099999999999 0.02138744420022900203 0.00163340627193358937 0.00000734996694186650 
0.00000000099999999998 0.56402326870652408353 0.39686868378793593859 0.00000000099999999998 0.00000000099999999998 0.02873996854689368080 0.00011082401560209573 0.00000006033479366205 0.01025719160825053905 
0.00000000099999999999 0.43437742829714071080 0.52326965887009857514 0.00000000099999999999 0.00000000099999999999 0.00000000099999999999 0.00837000916594392297 0.03012459344127718999 0.00385830622553965264 
0.00000000099999999999 0.47130346463008909730 0.23636151826377321816 0.00000000697251030873 0.26525397339148037990 0.02383727423696967163 0.00001761682479825644 0.00322614368037909497 0.00000000099999999999 
0.00000000099999999992 0.99999999200000011523 0.00000000099999999992 0.00000000099999999992 0.00000000099999999992 0.00000000099999999992 0.00000000099999999992 0.00000000099999999992 0.00000000099999999992 
0.00000000099999999999 0.20046025598869765538 0.19026197830821076074 0.00000000099999999999 0.52252009054527315257 0.01613580980091606359 0.01892906488700512799 0.02465591105801911986 0.02703688741187806888 
0.00000000099999999993 0.00000000099999999993 0.00000000099999999993 0.00000000099999999993 0.99999999200000000421 0.00000000099999999993 0.00000000099999999993 0.00000000099999999993 0.00000000099999999993 
0.00000000099999999995 0.00000000099999999995 0.99999999200000000421 0.00000000099999999995 0.00000000099999999995 0.00000000099999999995 0.00000000099999999995 0.00000000099999999995 0.00000000099999999995 
0.00000000099999999998 0.00000000179830373896 0.51271556319371069943 0.00000000099999999998 0.48728442900798574211 0.00000000099999999998 0.00000000099999999998 0.00000000099999999998 0.00000000099999999998 
0.00000000099999999998 0.35028385166257819394 0.34926380657556183040 0.00000000099999999998 0.23339030859780898752 0.00000000099999999998 0.03576964683799752076 0.00000000099999999998 0.03129238232605335845 
0.00000000099999999999 0.24363688513414766268 0.44647383413455604684 0.00000000099999999999 0.28135654075003996288 0.01834410930369594073 0.00000000099999999999 0.00000238221957995387 0.01018624545798058403 
0.00000000099999999999 0.00000000099999999999 0.48343433520224815547 0.00000000099999999999 0.44813432102785255573 0.00153913806168481135 0.03459270863443554556 0.00000000099999999999 0.03229949307377899537 
0.00000000099999999998 0.00000073827982645976 0.60402794821937699776 0.00301883571291849256 0.37217744867129926023 0.02072423001811592863 0.00005079609846308392 0.00000000099999999998 0.00000000099999999998 
0.00000000099999999997 0.31789092446297012584 0.63565760002886517732 0.00000000849860238347 0.00000000099999999997 0.02412700642081701610 0.00232836411387187317 0.00000000099999999997 0.01999609347487336930 
0.06755459511888910196 0.31483944133801505805 0.08611332594524744033 0.00000000100000000000 0.39412854982980310981 0.00000000100000000000 0.10923746921649991892 0.00000000100000000000 0.02812661555154533435 
0.00000000099999999997 0.00000000099999999997 0.52213697520462154511 0.00000000099999999997 0.40671683942800790357 0.01498432119903535947 0.05616185916833529856 0.00000000099999999997 0.00000000099999999997 
0.00000000099999999973 0.00000000099999999973 0.00000000099999999973 0.00000000099999999973 0.00000000099999999973 0.00000000099999999973 0.99999999200000000421 0.00000000099999999973 0.00000000099999999973 
0.00000000099999999997 0.24525083010678846995 0.32325709833626409262 0.02071723352915688654 0.32111472770307730729 0.02473064392684255069 0.06492946339787050714 0.00000000099999999997 0.00000000099999999997 
0.00000000099999999998 0.14328008459029048516 0.31869223256317563697 0.00000000099999999998 0.46755267904025266112 0.01603223732897113979 0.04079364153808580362 0.01364912193922416909 0.00000000099999999998 
0.00000000099999999997 0.54618785062203056846 0.00000000099999999997 0.00000001753916190522 0.38732531136127468230 0.00000000099999999997 0.06648681547753304555 0.00000000099999999997 0.00000000099999999997 
0.00000000099999999999 0.00000000099999999999 0.35743532451710030573 0.00000000099999999999 0.51926735027072945527 0.00000000099999999999 0.12329731921217031154 0.00000000099999999999 0.00000000099999999999 
0.00000000099999999998 0.39546763737525375548 0.19989526493271589369 0.01775300263249737776 0.30530744333393905476 0.02069543008856666866 0.06088121863702731368 0.00000000099999999998 0.00000000099999999998 
0.00000000099999999998 0.00004085683992160150 0.54285118486523653569 0.00000000099999999998 0.45125627799227741033 0.00583617521028764567 0.00001550109227686443 0.00000000099999999998 0.00000000099999999998 
0.00000000099999999997 0.40208888918385510269 0.40091838391868578340 0.03890013281982668963 0.15809258907763254487 0.00000000099999999997 0.00000000099999999997 0.00000000099999999997 0.00000000099999999997 
0.00000000099999999986 0.00000000099999999986 0.00000000099999999986 0.99999999200000011523 0.00000000099999999986 0.00000000099999999986 0.00000000099999999986 0.00000000099999999986 0.00000000099999999986 
0.00000000099999999989 0.00000000099999999989 0.00000000099999999989 0.00000000099999999989 0.00000000099999999989 0.00000000099999999989 0.00000000099999999989 0.00000000099999999989 0.99999999199999989319 
0.99999999200000022626 0.00000000099999999965 0.00000000099999999965 0.00000000099999999965 0.00000000099999999965 0.00000000099999999965 0.00000000099999999965 0.00000000099999999965 0.00000000099999999965 
0.00000000099999999956 0.00000000099999999956 0.00000000099999999956 0.00000000099999999956 0.00000000099999999956 0.00000000099999999956 0.00000000099999999956 0.99999999199999989319 0.00000000099999999956 
0.00000000099999999999 0.00000000099999999999 0.00000000099999999999 0.53614079964494798514 0.00000000099999999999 0.02864491163651677538 0.05209574421620435936 0.03397132812308976957 0.34914721237924101205 
0.00000000099999999998 0.34569214647567814147 0.28885677730907655114 0.01507709997493572249 0.35037396371874279799 0.00000000099999999998 0.00000000099999999998 0.00000000099999999998 0.00000000852156689946 
0.00000000099999999998 0.71378639501686258484 0.25528007823100595797 0.01186439316198948171 0.00000000099999999998 0.01906912859014198852 0.00000000099999999998 0.00000000099999999998 0.00000000099999999998 
0.00000000099999999991 0.00000000099999999991 0.00000000099999999991 0.00000000099999999991 0.00000000099999999991 0.00000000099999999991 0.00000000099999999991 0.00000000099999999991 0.99999999200000000421 
0.00000000099999999994 0.00000000099999999994 0.00000000099999999994 0.00000000099999999994 0.99999999200000011523 0.00000000099999999994 0.00000000099999999994 0.00000000099999999994 0.00000000099999999994 
0.00000000099999999995 0.00000000099999999995 0.00000000099999999995 0.00000000099999999995 0.99999999200000000421 0.00000000099999999995 0.00000000099999999995 0.00000000099999999995 0.00000000099999999995 
0.00000000099999999997 0.45166438604879449725 0.51907487823326414755 0.00000000099999999997 0.00000000099999999997 0.02926072971794132019 0.00000000099999999997 0.00000000099999999997 0.00000000099999999997 
0.99999999200000022626 0.00000000099999999953 0.00000000099999999953 0.00000000099999999953 0.00000000099999999953 0.00000000099999999953 0.00000000099999999953 0.00000000099999999953 0.00000000099999999953 
0.99999999200000011523 0.00000000099999999956 0.00000000099999999956 0.00000000099999999956 0.00000000099999999956 0.00000000099999999956 0.00000000099999999956 0.00000000099999999956 0.00000000099999999956 
0.99999999200000011523 0.00000000099999999947 0.00000000099999999947 0.00000000099999999947 0.00000000099999999947 0.00000000099999999947 0.00000000099999999947 0.00000000099999999947 0.00000000099999999947 
0.99999999200000011523 0.00000000099999999948 0.00000000099999999948 0.00000000099999999948 0.00000000099999999948 0.00000000099999999948 0.00000000099999999948 0.00000000099999999948 0.00000000099999999948 
0.99999999200000022626 0.00000000099999999950 0.00000000099999999950 0.00000000099999999950 0.00000000099999999950 0.00000000099999999950 0.00000000099999999950 0.00000000099999999950 0.00000000099999999950 
0.00000000099999999990 0.00000000099999999990 0.00000000099999999990 0.00000000099999999990 0.00000000099999999990 0.00000000099999999990 0.00000000099999999990 0.00000000099999999990 0.99999999199999989319 
0.00000000099999999999 0.23591270254355656277 0.39865250285612147119 0.00000000099999999999 0.27790074663790637066 0.00541899084432448126 0.07620552349377701651 0.00590953062431419460 0.00000000099999999999 
0.99999999200000022626 0.00000000099999999949 0.00000000099999999949 0.00000000099999999949 0.00000000099999999949 0.00000000099999999949 0.00000000099999999949 0.00000000099999999949 0.00000000099999999949 
0.99999999200000011523 0.00000000099999999957 0.00000000099999999957 0.00000000099999999957 0.00000000099999999957 0.00000000099999999957 0.00000000099999999957 0.00000000099999999957 0.00000000099999999957 
0.00000000099999999955 0.00000000099999999955 0.00000000099999999955 0.00000000099999999955 0.00000000099999999955 0.00000000099999999955 0.00000000099999999955 0.99999999199999989319 0.00000000099999999955 
0.00000000099999999955 0.00000000099999999955 0.00000000099999999955 0.00000000099999999955 0.00000000099999999955 0.00000000099999999955 0.00000000099999999955 0.99999999199999989319 0.00000000099999999955 
0.00000000099999999995 0.00000000099999999995 0.99999999200000000421 0.00000000099999999995 0.00000000099999999995 0.00000000099999999995 0.00000000099999999995 0.00000000099999999995 0.00000000099999999995 
0.99999999200000011523 0.00000000099999999953 0.00000000099999999953 0.00000000099999999953 0.00000000099999999953 0.00000000099999999953 0.00000000099999999953 0.00000000099999999953 0.00000000099999999953 
0.00000000099999999993 0.00000000099999999993 0.00000000099999999993 0.00000000099999999993 0.99999999200000000421 0.00000000099999999993 0.00000000099999999993 0.00000000099999999993 0.00000000099999999993 
0.00000000099999999997 0.35118363361793253352 0.21070128506429919302 0.00000000099999999997 0.42504024781825944235 0.01307482849950882334 0.00000000099999999997 0.00000000099999999997 0.00000000099999999997 
0.00000000099999999992 0.00000000099999999992 0.00000000099999999992 0.00000000099999999992 0.00000000099999999992 0.00000000099999999992 0.00000000099999999992 0.00000000099999999992 0.99999999199999989319 
0.00000000099999999998 0.35244366900883011828 0.12358134533817524692 0.01162653328265685591 0.49098984964039765755 0.01981141596409399797 0.00154718376584609611 0.00000000099999999998 0.00000000099999999998 
0.00000000099999999983 0.00000000099999999983 0.00000000099999999983 0.99999999200000000421 0.00000000099999999983 0.00000000099999999983 0.00000000099999999983 0.00000000099999999983 0.00000000099999999983 
0.00000000099999999998 0.00000000099999999998 0.33854220700081266715 0.00546066983097935957 0.56090475782141568928 0.03725403552694226544 0.05783832581985004495 0.00000000099999999998 0.00000000099999999998 
0.00000000099999999984 0.00000000099999999984 0.00000000099999999984 0.99999999200000000421 0.00000000099999999984 0.00000000099999999984 0.00000000099999999984 0.00000000099999999984 0.00000000099999999984 
0.00000000099999999995 0.00000000099999999995 0.00000000099999999995 0.00000000099999999995 0.99999999200000000421 0.00000000099999999995 0.00000000099999999995 0.00000000099999999995 0.00000000099999999995 
0.00000000099999999995 0.99999999200000022626 0.00000000099999999995 0.00000000099999999995 0.00000000099999999995 0.00000000099999999995 0.00000000099999999995 0.00000000099999999995 0.00000000099999999995 
0.99999999200000011523 0.00000000099999999957 0.00000000099999999957 0.00000000099999999957 0.00000000099999999957 0.00000000099999999957 0.00000000099999999957 0.00000000099999999957 0.00000000099999999957 
0.00000000099999999993 0.00000000099999999993 0.00000000099999999993 0.40011635596448780205 0.00000000099999999993 0.00000000099999999993 0.00000000099999999993 0.00000000099999999993 0.59988363703551206285 
0.99999999200000011523 0.00000000099999999950 0.00000000099999999950 0.00000000099999999950 0.00000000099999999950 0.00000000099999999950 0.00000000099999999950 0.00000000099999999950 0.00000000099999999950 
0.99999999200000011523 0.00000000099999999949 0.00000000099999999949 0.00000000099999999949 0.00000000099999999949 0.00000000099999999949 0.00000000099999999949 0.00000000099999999949 0.00000000099999999949 
0.00000000099999999999 0.00000000099999999999 0.54749305173498175048 0.00612507791987374883 0.41890221788437764783 0.00000001280071602883 0.02747963566005094671 0.00000000099999999999 0.00000000099999999999 
0.00000000099999999998 0.27392973190860220312 0.22013768855648421785 0.03177138414417989692 0.44967282607021336061 0.01032183382006569665 0.01416653250045444082 0.00000000099999999998 0.00000000099999999998 
0.00000000099999999997 0.29973138598456139370 0.43140705344959595635 0.00000000099999999997 0.25880391951591213973 0.00000000099999999997 0.00000000099999999997 0.00000000099999999997 0.01005763604993041571 
0.00000000099999999994 0.00000000099999999994 0.00000000099999999994 0.00000000099999999994 0.99999999200000000421 0.00000000099999999994 0.00000000099999999994 0.00000000099999999994 0.00000000099999999994 
0.00000000099999999994 0.00000000099999999994 0.87616646152646626700 0.00000000099999999994 0.00000000099999999994 0.12383353147353368118 0.00000000099999999994 0.00000000099999999994 0.00000000099999999994 
0.00000000099999999995 0.00000000099999999995 0.99999999200000011523 0.00000000099999999995 0.00000000099999999995 0.00000000099999999995 0.00000000099999999995 0.00000000099999999995 0.00000000099999999995 
0.00000000099999999993 0.99999999200000022626 0.00000000099999999993 0.00000000099999999993 0.00000000099999999993 0.00000000099999999993 0.00000000099999999993 0.00000000099999999993 0.00000000099999999993 
0.00000000099999999990 0.00000000099999999990 0.00000000099999999990 0.99999999200000011523 0.00000000099999999990 0.00000000099999999990 0.00000000099999999990 0.00000000099999999990 0.00000000099999999990 
0.00000000099999999997 0.49453017335168153457 0.44095752678370775390 0.00000000099999999997 0.00000000099999999997 0.00864088813423296263 0.05587140673037772204 0.00000000099999999997 0.00000000099999999997 
0.99999999200000022626 0.00000000099999999949 0.00000000099999999949 0.00000000099999999949 0.00000000099999999949 0.00000000099999999949 0.00000000099999999949 0.00000000099999999949 0.00000000099999999949 
0.00000000099999999994 0.00000000099999999994 0.00000000099999999994 0.00000000099999999994 0.99999999200000000421 0.00000000099999999994 0.00000000099999999994 0.00000000099999999994 0.00000000099999999994 
0.99999999200000022626 0.00000000099999999984 0.00000000099999999984 0.00000000099999999984 0.00000000099999999984 0.00000000099999999984 0.00000000099999999984 0.00000000099999999984 0.00000000099999999984 
0.99999999200000011523 0.00000000099999999956 0.00000000099999999956 0.00000000099999999956 0.00000000099999999956 0.00000000099999999956 0.00000000099999999956 0.00000000099999999956 0.00000000099999999956 
0.00000000099999999998 0.36830370961248470874 0.24294218084883376085 0.00000000099999999998 0.28061168411270748235 0.05191192661856577906 0.04599722545140655372 0.00000000099999999998 0.01023327035600178105 
0.00000000099999999998 0.41924222110856107504 0.25463873939039632921 0.00000000099999999998 0.32137433333650122780 0.00000000099999999998 0.00000200655971302939 0.00474269560482844243 0.00000000099999999998 
0.00000000099999999998 0.16049714324358585471 0.59932595576466074494 0.00027969237787490563 0.21636398626653050026 0.00000000099999999998 0.00000000099999999998 0.00000000099999999998 0.02353321834734829407 
0.99999999200000022626 0.00000000099999999961 0.00000000099999999961 0.00000000099999999961 0.00000000099999999961 0.00000000099999999961 0.00000000099999999961 0.00000000099999999961 0.00000000099999999961 
0.00000000099999999993 0.00000000099999999993 0.00000000099999999993 0.38230867932358320038 0.00000000099999999993 0.00000000099999999993 0.00000000099999999993 0.00000000099999999993 0.61769131367641672004 
0.00000000099999999985 0.00000000099999999985 0.00000000099999999985 0.00000000099999999985 0.00000000099999999985 0.00000000099999999985 0.00000000099999999985 0.00000000099999999985 0.99999999200000000421 
0.99999999200000011523 0.00000000099999999956 0.00000000099999999956 0.00000000099999999956 0.00000000099999999956 0.00000000099999999956 0.00000000099999999956 0.00000000099999999956 0.00000000099999999956 
0.00000000099999999994 0.00000000099999999994 0.99999999200000000421 0.00000000099999999994 0.00000000099999999994 0.00000000099999999994 0.00000000099999999994 0.00000000099999999994 0.00000000099999999994 
0.00000000100000000000 0.12972997571241678960 0.49215540800852131120 0.04897770755634964224 0.31460690690765003019 0.00664925651481823241 0.00000032551558044967 0.00788040709392889491 0.00000001169073462645 
0.99999999200000011523 0.00000000099999999958 0.00000000099999999958 0.00000000099999999958 0.00000000099999999958 0.00000000099999999958 0.00000000099999999958 0.00000000099999999958 0.00000000099999999958 
0.00000000099999999998 0.00000000099999999998 0.23712487248476757373 0.00000000099999999998 0.67797531374323571907 0.00000000099999999998 0.08489980777199675199 0.00000000099999999998 0.00000000099999999998 
0.00000000099999999991 0.00000000099999999991 0.00000000099999999991 0.55166028354046758864 0.00000000099999999991 0.00000000099999999991 0.00000000099999999991 0.00000000099999999991 0.44833970945953266485 
0.00000000099999999898 0.00000000099999999898 0.00000000099999999898 0.00000000099999999898 0.00000000099999999898 0.99999999200000000421 0.00000000099999999898 0.00000000099999999898 0.00000000099999999898 
