0.02274778336035684564 0.42299571322050433242 0.00065551793437458204 0.00036791208970736173 0.55323307339505700675 
0.00000000099999999996 0.00000000099999999996 0.99999999600000000211 0.00000000099999999996 0.00000000099999999996 
0.00000000099999999996 0.00000000099999999996 0.99999999600000000211 0.00000000099999999996 0.00000000099999999996 
0.00261520182485400297 0.42774571462861521454 0.03546548295814438978 0.00000000099999999999 0.53417359958838639411 
0.01047186146766038856 0.44348000743190441053 0.00000000100000000000 0.00000000100000000000 0.54604812910043509788 
0.00300081179090619897 0.35020781593509392460 0.02415433061904872017 0.00000000099999999999 0.62263704065495117934 
0.00000000099999999997 0.00000000099999999997 0.99999999600000000211 0.00000000099999999997 0.00000000099999999997 
0.00000000099999999995 0.00000000099999999995 0.99999999600000000211 0.00000000099999999995 0.00000000099999999995 
0.01574222411334838187 0.46790813459054220180 0.00117625883754129165 0.00000000099999999999 0.51517338145856794718 
0.00000000099999999996 0.00000000099999999996 0.99999999600000000211 0.00000000099999999996 0.00000000099999999996 
0.00983064213636631809 0.39179198177016655302 0.01339017966739635031 0.00000000100000000000 0.58498719542607080513 
0.00553834523531196530 0.28619067964265260118 0.01471362405106503915 0.00000000099999999999 0.69355735007097041311 
0.00404128280248433180 0.35833372367684895865 0.00000018354334329404 0.00000000100000000000 0.63762480897732343177 
0.01536408642784071500 0.34362135811403304864 0.00313312368850848831 0.00000000100000000000 0.63788143076961778544 
0.01795035889294072443 0.41250082191696946232 0.00000000100000000000 0.00546116412811786713 0.56408765406197192149 
0.03016398334946540985 0.37378562860511177490 0.05481295857417658318 0.00000000099999999999 0.54123742847124622912 
0.00000000099999999999 0.43955253774090047303 0.00018547480882807511 0.00000000099999999999 0.56026198545027150466 
0.00345483427227591356 0.45822416815405925261 0.00000000099999999999 0.00480001865425548103 0.53352097791940933380 
0.00737550115803692515 0.51370740325205543897 0.00000000100000000000 0.00536611042241838011 0.47355098416748930834 
0.00470596805008212209 0.59410207809517823208 0.00000000099999999998 0.00000000099999999998 0.40119195185473965903 
0.00000000099999999999 0.48283953285150288393 0.00000000234014855447 0.00000000099999999999 0.51716046280834859772 
0.00000000099999999997 0.00000000099999999997 0.99999999600000000211 0.00000000099999999997 0.00000000099999999997 
0.00000000099999999999 0.39159515730146771118 0.02362348847742769264 0.00000000099999999999 0.58478135222110450009 
0.00000000099999999994 0.00000000099999999994 0.00000000099999999994 0.00000000099999999994 0.99999999600000000211 
0.00000000099999999998 0.49445626001559639384 0.02629906620791468488 0.00000000099999999998 0.47924467177648888416 
0.00278671072415070942 0.41562444777422707931 0.00000000099999999999 0.00000000099999999999 0.58158883950162221232 
0.99999999600000011313 0.00000000099999999983 0.00000000099999999983 0.00000000099999999983 0.00000000099999999983 
0.99999999600000011313 0.00000000099999999980 0.00000000099999999980 0.00000000099999999980 0.00000000099999999980 
0.00748229084189303961 0.42425524222548693931 0.00000025117471887080 0.00000000100000000000 0.56826221475790128501 
0.00949877995616970998 0.35115554037333662762 0.00000000099999999999 0.00000000099999999999 0.63934567767049366172 
0.00000000099999999999 0.39981173305464573486 0.02159614006023457405 0.00000000099999999999 0.57859212488511979622 
0.00000000099999999997 0.00000000099999999997 0.99999999599999989108 0.00000000099999999997 0.00000000099999999997 
0.35659267773828245973 0.00000000099999999996 0.21024952972584004529 0.00000000099999999996 0.43315779053587755154 
0.00000000099999999998 0.35765125885217291524 0.00000000099999999998 0.00000000099999999998 0.64234873814782700308 
0.00000000099999999980 0.00000000099999999980 0.00000000099999999980 0.99999999599999989108 0.00000000099999999980 
0.00000000099999999975 0.00000000099999999975 0.00000000099999999975 0.99999999600000000211 0.00000000099999999975 
0.00000000099999999975 0.00000000099999999975 0.00000000099999999975 0.99999999600000000211 0.00000000099999999975 
0.99999999600000011313 0.00000000099999999984 0.00000000099999999984 0.00000000099999999984 0.00000000099999999984 
0.99999999600000000211 0.00000000099999999982 0.00000000099999999982 0.00000000099999999982 0.00000000099999999982 
0.00012315559365510962 0.51005949715041520864 0.00000000099999999999 0.00000000099999999999 0.48981734525592957041 
0.00000000099999999997 0.00000000099999999997 0.99999999600000000211 0.00000000099999999997 0.00000000099999999997 
0.99999999600000000211 0.00000000099999999982 0.00000000099999999982 0.00000000099999999982 0.00000000099999999982 
0.00956893929209314681 0.52980962979843726490 0.02106073031220652078 0.00000000099999999999 0.43956069959726290497 
0.00000000099999999995 0.00000000099999999995 0.99999999599999989108 0.00000000099999999995 0.00000000099999999995 
0.99999999600000000211 0.00000000099999999985 0.00000000099999999985 0.00000000099999999985 0.00000000099999999985 
0.00618286275074943301 0.46098581946639721751 0.01214914201806964987 0.00000000099999999999 0.52068217476478373396 
0.99999999600000011313 0.00000000099999999983 0.00000000099999999983 0.00000000099999999983 0.00000000099999999983 
0.00000000099999999996 0.00000000099999999996 0.99999999599999989108 0.00000000099999999996 0.00000000099999999996 
0.00000000099999999994 0.00000000099999999994 0.99999999599999989108 0.00000000099999999994 0.00000000099999999994 
0.99999999600000011313 0.00000000099999999980 0.00000000099999999980 0.00000000099999999980 0.00000000099999999980 
0.99999999600000011313 0.00000000099999999982 0.00000000099999999982 0.00000000099999999982 0.00000000099999999982 
0.00000000099999999996 0.00000000099999999996 0.99999999599999989108 0.00000000099999999996 0.00000000099999999996 
0.00000000099999999996 0.00000000099999999996 0.99999999599999989108 0.00000000099999999996 0.00000000099999999996 
0.00000000099999999997 0.00000000099999999997 0.99999999599999989108 0.00000000099999999997 0.00000000099999999997 
0.99999999600000011313 0.00000000099999999985 0.00000000099999999985 0.00000000099999999985 0.00000000099999999985 
0.01602644263655498419 0.36937076760928588826 0.04228724302126923851 0.00000000100000000000 0.57231554573289000754 
0.02549571485082179761 0.53002316211811983937 0.00000000099999999999 0.00000000099999999999 0.44448112103105846815 
0.00000000099999999999 0.47638086673084817368 0.02000423231128600071 0.00000000099999999999 0.50361489895786581972 
0.00000000099999999998 0.00000000099999999998 0.00000000099999999998 0.00000000099999999998 0.99999999600000000211 
0.00000000099999999996 0.00000000099999999996 0.99999999600000000211 0.00000000099999999996 0.00000000099999999996 
0.00570484761257117074 0.49925526619359883451 0.00000000100000000000 0.00000002963351118727 0.49503985556031881998 
0.00000000099999999979 0.00000000099999999979 0.00000000099999999979 0.99999999600000000211 0.00000000099999999979 
0.00000000099999999993 0.99999999600000011313 0.00000000099999999993 0.00000000099999999993 0.00000000099999999993 
0.00000000099999999979 0.00000000099999999979 0.00000000099999999979 0.99999999600000000211 0.00000000099999999979 
0.00000000099999999999 0.56600220469914430677 0.03659861557793418763 0.00000000099999999999 0.39739917772292149278 
0.00000000099999999980 0.00000000099999999980 0.00000000099999999980 0.99999999599999989108 0.00000000099999999980 
0.00333249886260896357 0.43591047194041260271 0.00542338790619049244 0.00000000099999999999 0.55533364029078791102 
0.00000000099999999998 0.00000000099999999998 0.00000000099999999998 0.00000000099999999998 0.99999999599999989108 
0.00000000099999999994 0.00000000099999999994 0.99999999600000000211 0.00000000099999999994 0.00000000099999999994 
0.00000000099999999998 0.40742249960518417407 0.00000000099999999998 0.00000000099999999998 0.59257749739481568874 
0.00000000099999999980 0.00000000099999999980 0.00000000099999999980 0.99999999600000000211 0.00000000099999999980 
0.00000000099999999982 0.00000000099999999982 0.00000000099999999982 0.99999999600000000211 0.00000000099999999982 
0.01075346910571123478 0.46744555098936874105 0.08139360207202991915 0.00000000099999999999 0.44040737683289016280 
0.00000000099999999995 0.00000000099999999995 0.99999999600000000211 0.00000000099999999995 0.00000000099999999995 
0.99999999600000000211 0.00000000099999999985 0.00000000099999999985 0.00000000099999999985 0.00000000099999999985 
0.00000000099999999995 0.00000000099999999995 0.99999999599999989108 0.00000000099999999995 0.00000000099999999995 
0.00000000100000000000 0.44909756331732375578 0.03519848637178394496 0.00000000100000000000 0.51570394831089227949 
0.00000000099999999978 0.00000000099999999978 0.00000000099999999978 0.99999999600000000211 0.00000000099999999978 
0.99999999600000000211 0.00000000099999999979 0.00000000099999999979 0.00000000099999999979 0.00000000099999999979 
0.00000000099999999982 0.00000000099999999982 0.00000000099999999982 0.99999999599999989108 0.00000000099999999982 
0.01761591238284799035 0.55127760497325628553 0.00000000100000000000 0.00000000100000000000 0.43110648064389600620 
0.00000000099999999994 0.00000000099999999994 0.99999999600000000211 0.00000000099999999994 0.00000000099999999994 
0.00000000099999999995 0.00000000099999999995 0.99999999599999989108 0.00000000099999999995 0.00000000099999999995 
0.00158014694769504195 0.31699294813017708794 0.23043754362470703079 0.00000000099999999999 0.45098936029742081599 
0.01158763419030769959 0.00000000099999999999 0.00000000099999999999 0.00000000099999999999 0.98841236280969224648 
0.00000000099999999999 0.45567165658959973840 0.00700795522269470530 0.00000000099999999999 0.53732038618770550098 
0.00000000099999999999 0.35009558047764210986 0.02259382738358374845 0.00000000099999999999 0.62731059013877399355 
0.00000000099999999999 0.52794470163294848764 0.00000000099999999999 0.00000000099999999999 0.47205529536705154170 
0.00000000099999999998 0.42068438977895294961 0.00000000099999999998 0.00000000099999999998 0.57931560722104691319 
0.00000000099999999998 0.46722917719245532497 0.00735593449927885498 0.00000000099999999998 0.52541488630826582718 
0.00674088974117314707 0.39843592245318371070 0.00656963297023957504 0.00000000099999999999 0.58825355383540356424 
0.00000000099999999999 0.43466376260952427346 0.03468223126777417870 0.00000000099999999999 0.53065400412270158359 
0.00000000099999999996 0.00000000099999999996 0.99999999600000000211 0.00000000099999999996 0.00000000099999999996 
0.00000000099999999998 0.03138657558425129307 0.96861342141574868769 0.00000000099999999998 0.00000000099999999998 
0.00000000099999999988 0.00000000099999999988 0.00000000099999999988 0.99999999599999989108 0.00000000099999999988 
0.00000000099999999997 0.00000000099999999997 0.99999999600000000211 0.00000000099999999997 0.00000000099999999997 
0.00000000099999999998 0.00001872830556036885 0.99998126869443970666 0.00000000099999999998 0.00000000099999999998 
0.00754395092166373991 0.42890726191524480848 0.02029224846001120505 0.00000000099999999999 0.54325653770308013346 
0.00000000099999999975 0.00000000099999999975 0.00000000099999999975 0.99999999600000000211 0.00000000099999999975 
0.00355208550116841966 0.41202740478128230261 0.00000000099999999999 0.00000000099999999999 0.58442050771754916472 
0.00553742852855892975 0.58080968815839417729 0.01479017775886790238 0.00000000099999999999 0.39886270455417899283 
0.00000000099999999998 0.00000000099999999998 0.00000000099999999998 0.00000000099999999998 0.99999999600000000211 
0.00328092766002807418 0.34595336966081496888 0.02293826109393666893 0.00000000100000000000 0.62782744058522022002 
0.00000000099999999995 0.99999999600000000211 0.00000000099999999995 0.00000000099999999995 0.00000000099999999995 
0.00000000100000000000 0.39277574311141932872 0.03630226862319619469 0.00000000100000000000 0.57092198626538448458 
0.00379632821707559000 0.32633114600707169295 0.00000000099999999999 0.00000000099999999999 0.66987252377585249086 
0.00789463593909888427 0.45494565779187018384 0.00905503037909812999 0.00000000100000000000 0.52810467488993273477 
0.02967883524156762765 0.39620761918907237975 0.00845118806774058755 0.00334285044072989059 0.56231950706088951186 
0.01240318791964751914 0.41798918825088116069 0.00048977478713297892 0.00000000099999999999 0.56911784804233822577 
0.00000000099999999993 0.99999999600000011313 0.00000000099999999993 0.00000000099999999993 0.00000000099999999993 
0.02535020136726160236 0.38166235857525265818 0.02198844475678307306 0.00003458783321146942 0.57096440746749110851 
0.01079449147500509756 0.48850914174722626093 0.00000000099999999998 0.00000000099999999998 0.50069636477776857664 
0.00000000099999999999 0.38319826263546225009 0.00486141366389156084 0.00000000099999999999 0.61194032170064616150 
0.00000000099999999999 0.51754032853690401517 0.00000000099999999999 0.00000000099999999999 0.48245966846309606968 
0.00000000099999999997 0.00000000099999999997 0.00032825274829255120 0.00000000099999999997 0.99967174425170746144 
0.00532991961916528222 0.33729735292037343886 0.00938753323513547705 0.00000000099999999999 0.64798519322532566189 
0.00000000099999999999 0.34620224902293494917 0.03508518049910713810 0.00000000099999999999 0.61871256847795774725 
0.00000005786707824772 0.40692583221258787907 0.00002835925574898341 0.00000000100000000000 0.59304574966458500906 
0.00000000099999999999 0.39233045204598776534 0.02246498915933871701 0.00000000099999999999 0.58520455679467353605 
0.00128785206136422374 0.47260259263729520463 0.02207719996112734312 0.06839059307370654039 0.43564176226650680457 
0.00000000099999999999 0.33394837143654709788 0.00000708044304768180 0.00000000099999999999 0.66604454612040508987 
0.00000000099999999998 0.43887468829477865873 0.01433137324184991651 0.00000000099999999998 0.54679393646337126622 
0.00000000099999999998 0.38212596166435530698 0.02249563870057769838 0.00000000099999999998 0.59537839763506705815 
0.00000000099999999997 0.00000000099999999997 0.00000000099999999997 0.00000000099999999997 0.99999999600000000211 
0.00000000099999999998 0.49915537736151355253 0.00982633998391263704 0.00000000099999999998 0.49101828065457386874 
0.00000000099999999998 0.00000000099999999998 0.00000000099999999998 0.00000000099999999998 0.99999999599999989108 
0.00768850752598870379 0.53974395937131824930 0.00735947448903667527 0.00000000099999999999 0.44520805761365650488 
0.00000000099999999999 0.38281069860723043741 0.00000000099999999999 0.00000000099999999999 0.61718929839276959193 
0.00000000099999999998 0.43495453565113728622 0.03058714429286634590 0.00000000099999999998 0.53445831805599630648 
0.00000000099999999995 0.00000000099999999995 0.99999999599999989108 0.00000000099999999995 0.00000000099999999995 
0.00000000099999999997 0.00000000099999999997 0.98813075244761183757 0.00000000099999999997 0.01186924455238812237 
0.00000000099999999983 0.00000000099999999983 0.00000000099999999983 0.99999999600000000211 0.00000000099999999983 
0.99999999600000000211 0.00000000099999999980 0.00000000099999999980 0.00000000099999999980 0.00000000099999999980 
0.03815241356642833787 0.06148502639258699581 0.90036255804098475064 0.00000000099999999999 0.00000000099999999999 
0.00000000099999999998 0.43471388516469228191 0.01246932897546097936 0.00000000099999999998 0.55281678385984678314 
0.00000000099999999995 0.99999999600000011313 0.00000000099999999995 0.00000000099999999995 0.00000000099999999995 
0.00402247156285224800 0.00000000099999999999 0.99597752543714768159 0.00000000099999999999 0.00000000099999999999 
0.00000000099999999999 0.29322192651238787597 0.01473158871724440828 0.00000000099999999999 0.69204648277036773241 
0.01086872912672669569 0.28721199368698124843 0.00000000099999999998 0.00000000099999999998 0.70191927518629215754 
0.00233324271138764944 0.37990392900537267584 0.00000000099999999999 0.00000000099999999999 0.61776282628323964108 
0.00000000099999999978 0.00000000099999999978 0.00000000099999999978 0.99999999599999989108 0.00000000099999999978 
0.00000000099999999979 0.00000000099999999979 0.00000000099999999979 0.99999999600000000211 0.00000000099999999979 
0.00000000099999999975 0.00000000099999999975 0.00000000099999999975 0.99999999600000000211 0.00000000099999999975 
0.00000000099999999976 0.00000000099999999976 0.00000000099999999976 0.99999999599999989108 0.00000000099999999976 
0.00000000099999999976 0.00000000099999999976 0.00000000099999999976 0.99999999599999989108 0.00000000099999999976 
0.00000000099999999998 0.00000000099999999998 0.99999999600000000211 0.00000000099999999998 0.00000000099999999998 
0.01100236686032658381 0.38408079736211014898 0.00000003982277962247 0.00000000100000000000 0.60491679495478356543 
0.00000000099999999976 0.00000000099999999976 0.00000000099999999976 0.99999999600000000211 0.00000000099999999976 
0.00000000099999999980 0.00000000099999999980 0.00000000099999999980 0.99999999599999989108 0.00000000099999999980 
0.99999999600000000211 0.00000000099999999979 0.00000000099999999979 0.00000000099999999979 0.00000000099999999979 
0.99999999600000000211 0.00000000099999999979 0.00000000099999999979 0.00000000099999999979 0.00000000099999999979 
0.00000000099999999999 0.46605311495181961368 0.00000000099999999999 0.00000000099999999999 0.53394688204818030464 
0.00000000099999999978 0.00000000099999999978 0.00000000099999999978 0.99999999599999989108 0.00000000099999999978 
0.00000000100000000000 0.44904900636760375354 0.01268983782428578094 0.00000000100000000000 0.53826115380811057065 
0.00000000099999999999 0.49763548414535013764 0.00000000099999999999 0.00000000099999999999 0.50236451285464989169 
0.00000000099999999998 0.04764819029810268142 0.95235180670189722996 0.00000000099999999998 0.00000000099999999998 
0.00000000099999999998 0.39448333433320698083 0.00663995312947218610 0.00000000099999999998 0.59887671053732083326 
0.00000000099999999994 0.00000000099999999994 0.99999999599999989108 0.00000000099999999994 0.00000000099999999994 
0.00000000099999999997 0.00000000099999999997 0.00000000099999999997 0.00000000099999999997 0.99999999599999989108 
0.00000000099999999995 0.00000000099999999995 0.99999999600000000211 0.00000000099999999995 0.00000000099999999995 
0.01775720218477060131 0.32916934341323311752 0.00736472951159885311 0.00000000100000000000 0.64570872389039735140 
0.01208049130656561193 0.47513293932751521353 0.00000000100000000000 0.00000000100000000000 0.51278656736591898824 
0.00000000099999999980 0.00000000099999999980 0.00000000099999999980 0.99999999599999989108 0.00000000099999999980 
0.00000000099999999996 0.00000000099999999996 0.99999999600000000211 0.00000000099999999996 0.00000000099999999996 
0.00000000099999999977 0.00000000099999999977 0.00000000099999999977 0.99999999599999989108 0.00000000099999999977 
0.00000000099999999976 0.00000000099999999976 0.00000000099999999976 0.99999999599999989108 0.00000000099999999976 
0.00000000099999999999 0.32895564632562107610 0.00524971245025543203 0.00000000099999999999 0.66579463922412340793 
0.00000000099999999998 0.55953000060102509039 0.02532074192012427269 0.00000000099999999998 0.41514925547885078716 
0.00000000099999999998 0.37854639683002916373 0.00334765955323380578 0.00000000099999999998 0.61810594161673693137 
0.00218501811217579897 0.40343745456355029066 0.00003403734857406189 0.00000000099999999999 0.59434348897569977410 
0.00000000099999999997 0.00000000099999999997 0.00000000099999999997 0.00000000099999999997 0.99999999600000000211 
0.00581854449615171274 0.29633952231931365295 0.01433050322380831007 0.00000000099999999998 0.68351142896072625277 
0.00000000099999999994 0.99999999600000000211 0.00000000099999999994 0.00000000099999999994 0.00000000099999999994 
0.00000000099999999997 0.01212382743852577840 0.98787616956147417113 0.00000000099999999997 0.00000000099999999997 
0.00000000099999999998 0.48998624080131730762 0.00000000099999999998 0.00000000099999999998 0.51001375619868272171 
0.00000000099999999977 0.00000000099999999977 0.00000000099999999977 0.99999999599999989108 0.00000000099999999977 
0.00000959629631873018 0.34991666154111633613 0.00000000133269923927 0.00000000100000000000 0.65007373982986560446 
0.00000000099999999992 0.00000000099999999992 0.00000000099999999992 0.99999999600000000211 0.00000000099999999992 
0.00000000099999999980 0.00000000099999999980 0.00000000099999999980 0.99999999599999989108 0.00000000099999999980 
0.00000000099999999999 0.49265553737291767344 0.02106566805567560569 0.00000000099999999999 0.48627879257140677050 
0.00000000099999999994 0.99999999600000000211 0.00000000099999999994 0.00000000099999999994 0.00000000099999999994 
0.00000000099999999999 0.44277794875078907433 0.01708048427430873886 0.00000000099999999999 0.54014156497490217745 
0.00000000099999999982 0.00000000099999999982 0.00000000099999999982 0.99999999599999989108 0.00000000099999999982 
0.00000000099999999995 0.00000000099999999995 0.99999999599999989108 0.00000000099999999995 0.00000000099999999995 
0.00000000099999999995 0.00000000099999999995 0.99999999599999989108 0.00000000099999999995 0.00000000099999999995 
0.00000000099999999979 0.00000000099999999979 0.00000000099999999979 0.99999999600000000211 0.00000000099999999979 
0.00000000099999999998 0.00000000099999999998 0.00000000099999999998 0.00000000099999999998 0.99999999599999989108 
0.00548156152793012608 0.16635105234239688787 0.03357466957376790267 0.00000000100000000000 0.79459271555590516023 
0.00000000099999999980 0.00000000099999999980 0.00000000099999999980 0.99999999599999989108 0.00000000099999999980 
0.00124887850378593715 0.26957732322111643830 0.00000010522120491379 0.00000000099999999999 0.72917369205389281905 
0.00000000099999999994 0.00000000099999999994 0.99999999599999989108 0.00000000099999999994 0.00000000099999999994 
0.11017881346056281056 0.22843124810959941628 0.23237147485060669072 0.10649751334998390495 0.32252095022924720524 
0.00000000099999999999 0.57299055588611658152 0.02111015643809864215 0.00000000099999999999 0.40589928567578476004 
0.01295351192343151790 0.53742107424089691214 0.02874983374996100891 0.00000000099999999999 0.42087557908571054943 
0.01461416151891503819 0.50466592931014975232 0.00000006996629493620 0.00000000099999999999 0.48071983820464009307 
0.00993536071729736285 0.38019633117627010810 0.00000000099999999999 0.00000000099999999999 0.60986830610643250061 
0.00000000099999999998 0.20061222567171374531 0.00000000099999999998 0.00000000099999999998 0.79938777132828620076 
0.00000000099999999997 0.99999999600000000211 0.00000000099999999997 0.00000000099999999997 0.00000000099999999997 
0.01151768559239465042 0.34695238198732203383 0.00234307002663262064 0.00000000099999999999 0.63918686139365066268 
0.00000000099999999999 0.00000000099999999999 0.00000000099999999999 0.00000000099999999999 0.99999999599999989108 
0.00000000099999999997 0.00000000099999999997 0.99999999599999989108 0.00000000099999999997 0.00000000099999999997 
0.00707934736308856415 0.37616669673566499599 0.01612189007678912350 0.00000000099999999999 0.60063206482445719026 
0.00268790408177017144 0.58314894907204029018 0.00000000099999999999 0.00000000099999999999 0.41416314484618960146 
0.00100055699881848896 0.50460027358611181381 0.04236079561749356986 0.00000000099999999999 0.45203837279757613787 
0.00000000099999999998 0.56901194561958123863 0.01214581950784907917 0.00000000099999999998 0.41884223287256977519 
0.00000000099999999995 0.99999999600000000211 0.00000000099999999995 0.00000000099999999995 0.00000000099999999995 
0.00000000099999999999 0.56702186567482781854 0.00000000099999999999 0.00000000099999999999 0.43297813132517221080 
0.00000000099999999999 0.58549135209231306654 0.01224795790098030628 0.00000000099999999999 0.40226068800670661263 
0.00000000099999999998 0.00000000107294103222 0.99191803745185547214 0.00000000099999999998 0.00808195947520358796 
0.01582198426605720826 0.54934977954125752131 0.01998361001762168077 0.00000000099999999999 0.41484462517506376367 
0.01050243168921192322 0.39913936020237184010 0.00244359836947158522 0.00000000099999999999 0.58791460873894463290 
0.00000000100000000000 0.29547160268286443152 0.00899452728558289109 0.00740530287956782732 0.68812856615198481069 
0.00000000099999999997 0.00000000099999999997 0.99894106849243136104 0.00000000099999999997 0.00105892850756861474 
0.00000000100000000000 0.49428808831251247469 0.02499600168679222759 0.01820165497286195186 0.46251425402783347129 
0.00663813552609478566 0.34565980451655053951 0.00448954480763727806 0.00000000100000000000 0.64321251414971736260 
0.01054055208717010264 0.20409715809184914015 0.47687763883052963765 0.00000000099999999999 0.30848464999045122070 
0.00000000099999999998 0.46149009659228124036 0.02295855432079950756 0.00000000099999999998 0.51555134708691907619 
0.00000000099999999981 0.00000000099999999981 0.00000000099999999981 0.99999999600000000211 0.00000000099999999981 
0.01652582392778572176 0.37292725916025792898 0.01354845482662040378 0.00000000099999999999 0.59699846108533594080 
0.00080449254955524340 0.29844063228330897086 0.02075604892694142903 0.00000000099999999999 0.67999882524019428232 
