0.02864161050013382462 0.00596918821932045790 0.96538920128054572789 
0.00000000099999999998 0.00000000099999999998 0.99999999799999994554 
0.00398502453518534416 0.00000000099999999998 0.99601497446481468412 
0.00554478767293702275 0.00000000100000000000 0.99445521132706293788 
0.01557458824153964798 0.00076506645166640025 0.98366034530679391512 
0.00745348351042474013 0.00000000099999999999 0.99254651548957528728 
0.01274097033381279241 0.00000000099999999999 0.98725902866618719944 
0.01009821517823277469 0.00000000099999999999 0.98990178382176730043 
0.02555935072563664257 0.00000000099999999999 0.97444064827436327469 
0.00309905040651069306 0.00000000099999999999 0.99690094859348921119 
0.01510014121162229009 0.00000000100000000000 0.98489985778837774166 
0.01614707126832712336 0.00000000099999999999 0.98385292773167298819 
0.01050320193415253331 0.00012683181539757270 0.98936996625044992815 
0.02113179109193087657 0.00000401264168496093 0.97886419626638421221 
0.02641536609564140714 0.00783948034328247820 0.96574515356107615283 
0.03684891490689928134 0.00000000100000000000 0.96315108409310068449 
0.00435896661218164970 0.00000000100000000000 0.99564103238781842542 
0.01132519838666341296 0.00977771171630829883 0.97889708989702828301 
0.01388860220235999844 0.00932616962792855338 0.97678522816971147247 
0.00876694764008650353 0.00000000099999999998 0.99123305135991346404 
0.00245397848110333631 0.00085997510679855873 0.99668604641209812556 
0.01161586049063575987 0.00000000099999999999 0.98838413850936435168 
0.00037084962144598698 0.00000000100000000000 0.99962914937855396058 
0.00845889291532296236 0.00000000099999999999 0.99154110608467693755 
0.00637507134093360725 0.00000000099999999999 0.99362492765906640368 
0.00636149744820592618 0.00053131244012631933 0.99310719011166770365 
0.99999999799999994554 0.00000000099999999992 0.00000000099999999992 
0.99999999799999994554 0.00000000099999999991 0.00000000099999999991 
0.01684565512160303424 0.00152574246539513136 0.98162860241300187170 
0.01614976166632812321 0.00000000100000000000 0.98385023733367193977 
0.00473506800539957168 0.00000000100000000000 0.99526493099460033864 
0.01064850077388228115 0.00000000099999999999 0.98935149822611778703 
0.36445445889097072278 0.00000000099999999997 0.63554554010902930550 
0.00587543956278223801 0.00000000099999999999 0.99412455943721766971 
0.00000000099999999992 0.99999999799999994554 0.00000000099999999992 
0.00000000099999999989 0.99999999800000005656 0.00000000099999999989 
0.00000000099999999989 0.99999999799999994554 0.00000000099999999989 
0.99999999800000005656 0.00000000099999999993 0.00000000099999999993 
0.99999999800000005656 0.00000000099999999992 0.00000000099999999992 
0.01089822678551440049 0.00000000099999999999 0.98910177221448558615 
0.01244729037085047681 0.00000000099999999999 0.98755270862914956709 
0.99999999799999994554 0.00000000099999999992 0.00000000099999999992 
0.01542209062168558957 0.00000000099999999999 0.98457790837831449249 
0.01018792759686027415 0.00000000099999999999 0.98981207140313975934 
0.99999999799999994554 0.00000000099999999993 0.00000000099999999993 
0.01124626215494469068 0.00000000099999999999 0.98875373684505529770 
0.99999999799999994554 0.00000000099999999992 0.00000000099999999992 
0.00984374788525683650 0.00000000099999999999 0.99015625111474325770 
0.00000000099999999998 0.00000000099999999998 0.99999999799999994554 
0.99999999799999994554 0.00000000099999999991 0.00000000099999999991 
0.99999999799999994554 0.00000000099999999992 0.00000000099999999992 
0.00000000099999999998 0.00000000099999999998 0.99999999800000005656 
0.00451306858502215774 0.00000000099999999999 0.99548693041497782197 
0.00009522642850234752 0.00000000099999999999 0.99990477257149756873 
0.99999999799999994554 0.00000000099999999993 0.00000000099999999993 
0.02051379306179508880 0.00029234888372426342 0.97919385805448067028 
0.02868054779714728983 0.00035576077855387214 0.97096369142429872490 
0.00000118544434786936 0.00032243643726616322 0.99967637811838594430 
0.00790292531840982096 0.00000000100000000000 0.99209707368159028018 
0.00208764209986903124 0.00000000099999999999 0.99791235690013102566 
0.01293024358760238440 0.00705429693648565708 0.98001545947591184316 
0.00000000099999999991 0.99999999799999994554 0.00000000099999999991 
0.01055690495043626505 0.00000000099999999999 0.98944309404956365395 
0.00000000099999999991 0.99999999799999994554 0.00000000099999999991 
0.00777235041977730572 0.00002781788644214299 0.99219983169378045407 
0.00000000099999999991 0.99999999799999994554 0.00000000099999999991 
0.00617274477065279242 0.00000000099999999999 0.99382725422934725668 
0.01499937235720487719 0.00486107642106490320 0.98013955122173024304 
0.00740422360299423411 0.00000000099999999999 0.99259577539700571958 
0.00000000099999999999 0.00000000099999999999 0.99999999800000005656 
0.00000000099999999991 0.99999999799999994554 0.00000000099999999991 
0.00000000099999999992 0.99999999800000005656 0.00000000099999999992 
0.01851242749980000837 0.00000000100000000000 0.98148757150019994011 
0.00000000099999999999 0.00000000099999999999 0.99999999799999994554 
0.99999999799999994554 0.00000000099999999993 0.00000000099999999993 
0.00000180605226029788 0.00000000099999999999 0.99999819294773972800 
0.00007475928017929874 0.00669451673051840029 0.99323072398930234428 
0.00000000099999999990 0.99999999799999994554 0.00000000099999999990 
0.99999999799999994554 0.00000000099999999991 0.00000000099999999991 
0.00000000099999999992 0.99999999799999994554 0.00000000099999999992 
0.02395460928438886833 0.00713071291093555354 0.96891467780467555038 
0.01779002168794690045 0.00000000099999999999 0.98220997731205306192 
0.00000002961486851826 0.00000000100000000000 0.99999996938513147082 
0.00848877863677354773 0.00000000099999999999 0.99151122036322658637 
0.02815892491211389667 0.00000000100000000000 0.97184107408788611426 
0.00479014034956557269 0.00000000099999999999 0.99520985865043443130 
0.00000000100000000000 0.00000000390999231210 0.99999999509000758735 
0.00532890332390115705 0.00000031791766565897 0.99467077875843323831 
0.00000202772696488051 0.00000000099999999999 0.99999797127303502453 
0.00463587813363723796 0.00000000099999999999 0.99536412086636283370 
0.00777555949471963465 0.00000000099999999999 0.99222443950528027568 
0.00188661650466613964 0.00024018550298838813 0.99787319799234541762 
0.00000000099999999998 0.00000000099999999998 0.99999999799999994554 
0.00509267196061574407 0.00000011166440492004 0.99490721637497925300 
0.00000000099999999995 0.99999999799999994554 0.00000000099999999995 
0.01874022148897903570 0.00000000099999999999 0.98125977751102089197 
0.00750772079100910962 0.00000000099999999999 0.99249227820899099672 
0.01278214794118194379 0.00000000099999999999 0.98721785105881798561 
0.00000000099999999989 0.99999999800000005656 0.00000000099999999989 
0.01335537179381455705 0.00135929340964070127 0.98528533479654478722 
0.01643021274200898857 0.00000000099999999999 0.98356978625799107441 
0.01579115749137431982 0.00897507953891397460 0.97523376296971175936 
0.01178788656466018929 0.00004570884085270238 0.98816640459448712441 
0.00159815870446091812 0.00624940448829732972 0.99215243680724174435 
0.00492409637445235648 0.00055305557285727550 0.99452284805269042245 
0.01278652920738737250 0.00000000100000000000 0.98721346979261248578 
0.01323387370039223743 0.00000043192909505577 0.98676569437051275813 
0.03689633389441410172 0.00480419079863283333 0.95829947530695303026 
0.01783708328121645301 0.00000000100000000000 0.98216291571878344691 
0.00000008027105288418 0.00000000099999999999 0.99999991872894711253 
0.03021372794271170656 0.00565317401517734762 0.96413309804211100307 
0.01807626159135265753 0.00000000099999999999 0.98192373740864735687 
0.00669599163656170535 0.00323355428287764278 0.99007045408056060243 
0.00430686307758856076 0.00000000100000000000 0.99569313592241137645 
0.00014250781626132676 0.00000002641292110740 0.99985746577081757724 
0.01508809587721225177 0.00000000561277893163 0.98491189851000882083 
0.00014186466344375732 0.00136300286535308312 0.99849513247120313952 
0.00241663833103585588 0.00000000099999999999 0.99758336066896424743 
0.00544545400141862104 0.00000000099999999999 0.99455454499858142459 
0.01095638397344421422 0.06833327989846865735 0.92071033612808717006 
0.00033998600925964347 0.00000000099999999999 0.99966001299074047637 
0.00001563058076544043 0.00000000099999999999 0.99998436841923443730 
0.00025839625086316134 0.00000000099999999999 0.99974160274913681512 
0.02776181759026843249 0.00000000099999999999 0.97223818140973161661 
0.00000000099999999999 0.00000004870817659417 0.99999995029182342510 
0.01197843720102224375 0.00771511233620264612 0.98030645046277509191 
0.00534951618393640117 0.00000000099999999999 0.99465048281606371905 
0.00817538729427328380 0.00000106397596362032 0.99182354872976319360 
0.00000034665278200003 0.00000000099999999999 0.99999965234721799323 
0.00000000099999999998 0.00000000099999999998 0.99999999799999994554 
0.01317961568089811956 0.00000000100000000000 0.98682038331910193474 
0.00000000099999999992 0.99999999799999994554 0.00000000099999999992 
0.99999999799999994554 0.00000000099999999991 0.00000000099999999991 
0.04233384642466472142 0.00000000100000000000 0.95766615257533527217 
0.00000000099999999999 0.00000000115958793534 0.99999999784041204709 
0.00292616910572760479 0.00000075380696276857 0.99707307708730963380 
0.01606558976785700532 0.00000000099999999999 0.98393440923214303684 
0.00009774330450748023 0.00000013967370771235 0.99990211702178477537 
0.01741813873565395063 0.00000000099999999999 0.98258186026434612970 
0.00525364062222388913 0.00000000099999999999 0.99474635837777614089 
0.00000000099999999990 0.99999999800000005656 0.00000000099999999990 
0.00000000099999999991 0.99999999799999994554 0.00000000099999999991 
0.00000000099999999989 0.99999999799999994554 0.00000000099999999989 
0.00000000099999999990 0.99999999799999994554 0.00000000099999999990 
0.00000000099999999989 0.99999999800000005656 0.00000000099999999989 
0.01880902909987915150 0.00000014001916139144 0.98119083088095948586 
0.01842064757379978032 0.00062780646275380930 0.98095154596344646958 
0.00000000099999999990 0.99999999799999994554 0.00000000099999999990 
0.00000000099999999991 0.99999999800000005656 0.00000000099999999991 
0.99999999799999994554 0.00000000099999999991 0.00000000099999999991 
0.99999999799999994554 0.00000000099999999991 0.00000000099999999991 
0.00642592753059659325 0.00010411257571357068 0.99346995989368980240 
0.00000000099999999990 0.99999999800000005656 0.00000000099999999990 
0.00001307144632098221 0.00667449554084767298 0.99331243301283134173 
0.00811253833257745936 0.00000000334942326405 0.99188745831799929320 
0.01801652569026405970 0.00000000100000000000 0.98198347330973601021 
0.00143210045842087673 0.00000000099999999999 0.99856789854157923525 
0.00427748505658003160 0.00000000099999999999 0.99572251394341981801 
0.01122398169436938757 0.00000000099999999999 0.98877601730563069449 
0.00000007931867949488 0.00000000099999999998 0.99999991968132051490 
0.02544285830482292607 0.00021929090023755315 0.97433785079493950843 
0.01734594643686570778 0.00000000100000000000 0.98265405256313442806 
0.00000000099999999992 0.99999999800000005656 0.00000000099999999992 
0.00245423110958618244 0.00000000100000000000 0.99754576789041382590 
0.00000000099999999990 0.99999999800000005656 0.00000000099999999990 
0.00000000099999999989 0.99999999800000005656 0.00000000099999999989 
0.00762106776509746935 0.00001352564836508058 0.99236540658653749070 
0.00308997327241741825 0.00000000099999999999 0.99691002572758269373 
0.00028349719183891526 0.00000000099999999999 0.99971650180816118425 
0.00552260051482125237 0.00000000666647602189 0.99447739281870273231 
0.02084954503773438911 0.00000000099999999999 0.97915045396226563224 
0.01208387569935922765 0.00000000099999999999 0.98791612330064082492 
0.00793633414782826500 0.00165579327743799209 0.99040787257473372751 
0.00363836488115293821 0.00000000099999999999 0.99636163411884715035 
0.00684945624060088239 0.00000000099999999999 0.99315054275939906869 
0.00000000099999999990 0.99999999800000005656 0.00000000099999999990 
0.00671688454788590354 0.00005382815431719041 0.99322928729779691448 
0.00000000099999999997 0.99999999800000005656 0.00000000099999999997 
0.00000000099999999991 0.99999999800000005656 0.00000000099999999991 
0.00586081466406540227 0.00000000100000000000 0.99413918433593462254 
0.01313429379232486371 0.00000000204778729071 0.98686570415988783544 
0.00000000345208342784 0.00385307351676910520 0.99614692303114749095 
0.00000000099999999992 0.99999999800000005656 0.00000000099999999992 
0.00014472502719236794 0.00000000099999999999 0.99985527397280760109 
0.00000020995882983399 0.00000000099999999999 0.99999978904117026168 
0.00000000099999999991 0.99999999799999994554 0.00000000099999999991 
0.01315629133335049702 0.00000000100000000000 0.98684370766664952779 
0.01731455214234520548 0.00000000100000000000 0.98268544685765468749 
0.00000000099999999991 0.99999999800000005656 0.00000000099999999991 
0.01468694509828441692 0.00000000099999999999 0.98531305390171564085 
0.00000000099999999999 0.00000000099999999999 0.99999999799999994554 
0.11566093205160141166 0.10610878093798342681 0.77823028701041518929 
0.00006618289264401110 0.00850459665217079448 0.99142922045518522278 
0.02080845601257749061 0.00000000099999999999 0.97919154298742261400 
0.02235392234219517327 0.00000000099999999999 0.97764607665780478563 
0.01733048971753070600 0.00000000099999999999 0.98266950928246932229 
0.01545474069981735143 0.00156810544041509131 0.98297715385976758284 
0.00000009304190621534 0.00000016105858780927 0.99999974589950590964 
0.01897447944843308476 0.00000000099999999999 0.98102551955156680474 
0.00986008020136338627 0.00799475457896363893 0.98214516521967287765 
0.01188898240399393832 0.00000000099999999999 0.98811101659600597547 
0.01247531812028671895 0.00000000099999999999 0.98752468087971323474 
0.01059758608016014847 0.00000000866915721443 0.98940240525068268163 
0.01194488554058678598 0.00014784491057874308 0.98790726954883456568 
0.00000000099999999999 0.00000002815012182174 0.99999997084987823914 
0.00667257920910632393 0.00291543620346975275 0.99041198458742385480 
0.00126483398828569908 0.00000021052636701689 0.99873495548534729771 
0.00342763648141069860 0.00000004792045427003 0.99657231559813508337 
0.00003458024771246684 0.00000000099999999999 0.99996541875228761587 
0.02487954790549450068 0.00000000099999999999 0.97512045109450551372 
0.01836191893767896363 0.00000000099999999999 0.98163808006232100567 
0.00451158681335626314 0.01391516093461725272 0.98157325225202651797 
0.00000000099999999999 0.00186526436465292563 0.99813473463534696517 
0.00103500534017953393 0.02163654709708300039 0.97732844756273751230 
0.01577659416035633727 0.00019518613678024568 0.98402821970286347142 
0.01657180773319464132 0.00000000099999999999 0.98342819126680536268 
0.00000000099999999998 0.00000000099999999998 0.99999999800000005656 
0.00000000099999999991 0.99999999800000005656 0.00000000099999999991 
0.01992607765715006390 0.00000000100000000000 0.98007392134284987417 
0.01256699175964893882 0.00000000100000000000 0.98743300724035099059 
