0.00008516004251803436 0.00000000099999999999 0.94710693265408429919 0.02360118298037605991 0.00000000099999999999 0.00000000099999999999 0.02920672132302155194 
0.00000000099999999989 0.99999999400000016969 0.00000000099999999989 0.00000000099999999989 0.00000000099999999989 0.00000000099999999989 0.00000000099999999989 
0.00000000099999999990 0.99999999400000005867 0.00000000099999999990 0.00000000099999999990 0.00000000099999999990 0.00000000099999999990 0.00000000099999999990 
0.00000000099999999999 0.05024360855881332411 0.79540809165892767396 0.00602839629148307823 0.00000000099999999999 0.14549148890866950290 0.00282841258210642967 
0.00000000099999999999 0.00000000099999999999 0.74310464962014255441 0.00455337668026080909 0.00000000099999999999 0.25234183169835910920 0.00000013900123745127 
0.00000000099999999998 0.00002479824823456234 0.74086655280353741482 0.00267139706274984422 0.00000000099999999998 0.21975444794842927121 0.03668280193704909903 
0.00000000099999999989 0.00000000099999999989 0.00000000099999999989 0.00000000099999999989 0.00000000099999999989 0.00000000099999999989 0.99999999399999994765 
0.00000000099999999988 0.99999999400000005867 0.00000000099999999988 0.00000000099999999988 0.00000000099999999988 0.00000000099999999988 0.00000000099999999988 
0.00000000099999999998 0.00042573588035939530 0.67047183425203971119 0.01204331895929680769 0.00000000099999999998 0.31393359290024480668 0.00312551600805942905 
0.00000000099999999993 0.41050683977320634455 0.00000000099999999993 0.00000000099999999993 0.00000000099999999993 0.00000000099999999993 0.58949315522679346380 
0.00000000099999999999 0.02566878485572971977 0.76763492922343634639 0.00936602285792334163 0.00000000099999999999 0.19733026006291051746 0.00000000099999999999 
0.00000000099999999997 0.00000000099999999997 0.76404909531258069499 0.00651095016798987347 0.00000000099999999997 0.19505998144773772918 0.03437997007169156516 
0.00000000099999999999 0.01971909932250871453 0.81822683803311724304 0.00588118212881661752 0.00000000099999999999 0.15617287751555752884 0.00000000099999999999 
0.00000000099999999999 0.00185664973568437793 0.73607410873142942176 0.01416651155513102590 0.00000000099999999999 0.23492388930958257864 0.01297883866817252894 
0.00000000099999999999 0.01676592440111491014 0.95252285619169019260 0.02397071798871952542 0.00674049841847548271 0.00000000099999999999 0.00000000099999999999 
0.00000000099999999998 0.06733058756991801286 0.66654371895732678066 0.02749840994250667137 0.00000000099999999998 0.23862728053024848118 0.00000000099999999998 
0.00000000099999999999 0.01052979732159945760 0.77264021148459116617 0.00000000099999999999 0.00000000099999999999 0.21682994092322691038 0.00000004727058256922 
0.00000000099999999984 0.00000000099999999984 0.00000000099999999984 0.00000000099999999984 0.00000000099999999984 0.99999999399999994765 0.00000000099999999984 
0.00590577306459191039 0.01758647177433544234 0.86022123526578098129 0.01008103041917559131 0.00000145965827112350 0.10620402881784485327 0.00000000100000000000 
0.00000000099999999996 0.01216836806849305209 0.81143693782498038658 0.00436413846315097768 0.00000000099999999996 0.17203055264337546726 0.00000000099999999996 
0.00000000099999999998 0.02165003361341339208 0.97834996138658669729 0.00000000099999999998 0.00000000099999999998 0.00000000099999999998 0.00000000099999999998 
0.00000000099999999995 0.37828826851856034441 0.00000000099999999995 0.00000000099999999995 0.00000000099999999995 0.00000000099999999995 0.62171172648143957495 
0.00000000099999999998 0.00000000099999999998 0.94491935391066528283 0.00000000099999999998 0.00000000099999999998 0.00000000099999999998 0.05508064108933485858 
0.00000000099999999979 0.00000000099999999979 0.00000000099999999979 0.00000000099999999979 0.00000000099999999979 0.99999999399999994765 0.00000000099999999979 
0.00000000099999999997 0.00000000099999999997 0.77158800687970696686 0.00000000099999999997 0.00000000099999999997 0.18154324618830794402 0.04686874293198519531 
0.00000000099999999998 0.00000000099999999998 0.78596906207796923827 0.00262852393248623429 0.00000000099999999998 0.21140240998954457075 0.00000000099999999998 
0.00000000099999999975 0.00000000099999999975 0.00000000099999999975 0.99999999400000005867 0.00000000099999999975 0.00000000099999999975 0.00000000099999999975 
0.00000000099999999972 0.00000000099999999972 0.00000000099999999972 0.99999999400000005867 0.00000000099999999972 0.00000000099999999972 0.00000000099999999972 
0.00000000099999999999 0.00000000099999999999 0.68428500844067530196 0.00000000161427699339 0.00000000099999999999 0.29861398472384204084 0.01710100222120548852 
0.00000000099999999998 0.00000000099999999998 0.74783643096497420810 0.00843542450600686701 0.00000000099999999998 0.24372814052901875526 0.00000000099999999998 
0.00000000099999999998 0.00000000099999999998 0.77138231535635215508 0.00000000099999999998 0.00000000099999999998 0.18478579837819322784 0.04383188226545447347 
0.00000000099999999990 0.00000000099999999990 0.00000000099999999990 0.00000000099999999990 0.00000000099999999990 0.00000000099999999990 0.99999999400000005867 
0.00000000099999999988 0.00000000099999999988 0.00000000099999999988 0.34350169591860690854 0.00000000099999999988 0.50272971048393388926 0.15376858959745914879 
0.00000000099999999997 0.01757834327538321251 0.98242165172461692890 0.00000000099999999997 0.00000000099999999997 0.00000000099999999997 0.00000000099999999997 
0.99999999400000005867 0.00000000099999999966 0.00000000099999999966 0.00000000099999999966 0.00000000099999999966 0.00000000099999999966 0.00000000099999999966 
0.00000000099999999964 0.00000000099999999964 0.00000000099999999964 0.00000000099999999964 0.99999999399999994765 0.00000000099999999964 0.00000000099999999964 
0.00000000099999999965 0.00000000099999999965 0.00000000099999999965 0.00000000099999999965 0.99999999399999994765 0.00000000099999999965 0.00000000099999999965 
0.00000000099999999977 0.00000000099999999977 0.00000000099999999977 0.99999999399999994765 0.00000000099999999977 0.00000000099999999977 0.00000000099999999977 
0.00000000099999999974 0.00000000099999999974 0.00000000099999999974 0.99999999400000005867 0.00000000099999999974 0.00000000099999999974 0.00000000099999999974 
0.00000000099999999998 0.00000000099999999998 0.79945921256648266873 0.00004484764826025080 0.00000000099999999998 0.18728527785672857697 0.01321065892852841747 
0.00000000099999999991 0.99999999400000016969 0.00000000099999999991 0.00000000099999999991 0.00000000099999999991 0.00000000099999999991 0.00000000099999999991 
0.00000000099999999975 0.00000000099999999975 0.00000000099999999975 0.99999999399999994765 0.00000000099999999975 0.00000000099999999975 0.00000000099999999975 
0.00000000099999999998 0.00000001972732703292 0.70658644691900995838 0.00629965409768766960 0.00000000099999999998 0.25514836237523991214 0.03196551488073538783 
0.00000000099999999988 0.99999999400000016969 0.00000000099999999988 0.00000000099999999988 0.00000000099999999988 0.00000000099999999988 0.00000000099999999988 
0.00000000099999999978 0.00000000099999999978 0.00000000099999999978 0.99999999400000005867 0.00000000099999999978 0.00000000099999999978 0.00000000099999999978 
0.00000000099999999997 0.00000303935888878670 0.95877639183823293312 0.00937124966553847839 0.00000000099999999997 0.00000000099999999997 0.03184931613733995442 
0.00000000099999999975 0.00000000099999999975 0.00000000099999999975 0.99999999400000005867 0.00000000099999999975 0.00000000099999999975 0.00000000099999999975 
0.00000000099999999991 0.99999999400000005867 0.00000000099999999991 0.00000000099999999991 0.00000000099999999991 0.00000000099999999991 0.00000000099999999991 
0.00000000099999999988 0.99999999400000005867 0.00000000099999999988 0.00000000099999999988 0.00000000099999999988 0.00000000099999999988 0.00000000099999999988 
0.00000000099999999972 0.00000000099999999972 0.00000000099999999972 0.99999999399999994765 0.00000000099999999972 0.00000000099999999972 0.00000000099999999972 
0.00000000099999999974 0.00000000099999999974 0.00000000099999999974 0.99999999399999994765 0.00000000099999999974 0.00000000099999999974 0.00000000099999999974 
0.00000000099999999993 0.47019598770571913171 0.00000000099999999993 0.00000000099999999993 0.00000000099999999993 0.00000000099999999993 0.52980400729428089868 
0.00000000099999999988 0.00000000099999999988 0.00000000099999999988 0.00000000099999999988 0.00000000099999999988 0.00000000099999999988 0.99999999399999994765 
0.00000000099999999992 0.99999999400000016969 0.00000000099999999992 0.00000000099999999992 0.00000000099999999992 0.00000000099999999992 0.00000000099999999992 
0.00000000099999999978 0.00000000099999999978 0.00000000099999999978 0.99999999400000005867 0.00000000099999999978 0.00000000099999999978 0.00000000099999999978 
0.00000000200377617566 0.06067486979861427127 0.79214704310379369101 0.01741128746899420557 0.00000000100000000000 0.12976679562482171248 0.00000000100000000000 
0.00000000099999999999 0.00000000099999999999 0.95351518796725709404 0.03107968256355667092 0.00000000099999999999 0.00000000099999999999 0.01540512546918635685 
0.00000000099999999997 0.04451275177139801115 0.95548724322860212332 0.00000000099999999997 0.00000000099999999997 0.00000000099999999997 0.00000000099999999997 
0.00000000099999999999 0.02855653863905204676 0.81284164023250027320 0.00298141607004683224 0.00000000099999999999 0.15562040205840080298 0.00000000099999999999 
0.00000000099999999994 0.60863247804292608389 0.00000000099999999994 0.00000000099999999994 0.00000000099999999994 0.00000000099999999994 0.39136751695707405752 
0.00000000100000000000 0.00000000100000000000 0.74753448945477851684 0.00479483245360341065 0.00000427487315915183 0.24763803147180118991 0.00002836974665762409 
0.00000000099999999969 0.00000000099999999969 0.00000000099999999969 0.00000000099999999969 0.99999999400000005867 0.00000000099999999969 0.00000000099999999969 
0.00000000099999999996 0.01948028267858143217 0.79658521957459138552 0.00545320543050641267 0.00000000099999999996 0.17848128931632084582 0.00000000099999999996 
0.00000000099999999970 0.00000000099999999970 0.00000000099999999970 0.00000000099999999970 0.99999999400000005867 0.00000000099999999970 0.00000000099999999970 
0.00000000099999999998 0.04717821358844895979 0.66284429609510331360 0.00000000099999999998 0.00000000099999999998 0.28997748631644770789 0.00000000099999999998 
0.99999999400000016969 0.00000000099999999966 0.00000000099999999966 0.00000000099999999966 0.00000000099999999966 0.00000000099999999966 0.00000000099999999966 
0.00000000099999999998 0.00000000099999999998 0.73470545691617217265 0.00033470028590870096 0.00000000099999999998 0.24625426587439230852 0.01870557392352682757 
0.00000000100000000000 0.02260565429208107047 0.76594161095860657795 0.00707423492106950495 0.00000000100000000000 0.20437849682824274500 0.00000000100000000000 
0.00000000099999999992 0.63937754384004097385 0.00000000099999999992 0.00000000099999999992 0.00000000099999999992 0.00000000099999999992 0.36062245115995905653 
0.00000000099999999996 0.00394965552041631057 0.99605033947958376839 0.00000000099999999996 0.00000000099999999996 0.00000000099999999996 0.00000000099999999996 
0.00000000099999999969 0.00000000099999999969 0.00000000099999999969 0.00000000099999999969 0.99999999399999994765 0.00000000099999999969 0.00000000099999999969 
0.99999999400000005867 0.00000000099999999968 0.00000000099999999968 0.00000000099999999968 0.00000000099999999968 0.00000000099999999968 0.00000000099999999968 
0.00000000099999999998 0.00000000099999999998 0.71162455074081110151 0.01023787681352779193 0.00000000099999999998 0.18444440166562964256 0.09369316778003139445 
0.00000000099999999987 0.00000000099999999987 0.00000000099999999987 0.00000000099999999987 0.00000000099999999987 0.00000000099999999987 0.99999999399999994765 
0.00000000099999999978 0.00000000099999999978 0.00000000099999999978 0.99999999400000005867 0.00000000099999999978 0.00000000099999999978 0.00000000099999999978 
0.00000000099999999989 0.99999999400000005867 0.00000000099999999989 0.00000000099999999989 0.00000000099999999989 0.00000000099999999989 0.00000000099999999989 
0.00000163068212247200 0.04705458431493909910 0.71658636394168617745 0.00000000099999999999 0.00000000099999999999 0.23635741806125240561 0.00000000099999999999 
0.00000000099999999967 0.00000000099999999967 0.00000000099999999967 0.00000000099999999967 0.99999999399999994765 0.00000000099999999967 0.00000000099999999967 
0.00000000099999999970 0.00000000099999999970 0.00000000099999999970 0.99999999399999994765 0.00000000099999999970 0.00000000099999999970 0.00000000099999999970 
0.00000000099999999973 0.00000000099999999973 0.00000000099999999973 0.00000000099999999973 0.99999999399999994765 0.00000000099999999973 0.00000000099999999973 
0.00000000099999999999 0.00000000099999999999 0.95937941756138123139 0.02322703464450737859 0.00000000099999999999 0.00000000099999999999 0.01739354379411137477 
0.00000000099999999985 0.00000000099999999985 0.00000000099999999985 0.00000000099999999985 0.00000000099999999985 0.00000000099999999985 0.99999999400000005867 
0.00000000099999999993 0.46005769542893343305 0.00000000099999999993 0.00000000099999999993 0.00000000099999999993 0.00000000099999999993 0.53994229957106631979 
0.00000000099999999997 0.24185964171253188093 0.57861209420202042164 0.00123912444761806683 0.00000000099999999997 0.17828913663782944288 0.00000000099999999997 
0.00000000099999999999 0.01800149084542556482 0.76041132704345448801 0.02236887886231390954 0.00000000099999999999 0.19921830024880593513 0.00000000099999999999 
0.00000000099999999998 0.00000000099999999998 0.84144550001985563004 0.00000000099999999998 0.00000000099999999998 0.12472212210356400930 0.03383237387658034195 
0.00000000099999999998 0.00000000099999999998 0.83619113150831403392 0.00000000099999999998 0.00000000099999999998 0.12287870136452887226 0.04093016312715699878 
0.00000000099999999999 0.00916372427500804741 0.79329598954992397442 0.00000005147831466323 0.00000000099999999999 0.19754023169675324900 0.00000000099999999999 
0.00000000099999999996 0.00000000099999999996 0.79517580725157366306 0.00000000099999999996 0.00000000099999999996 0.20482418774842631182 0.00000000099999999996 
0.00000000099999999997 0.00000000099999999997 0.78732111758396328138 0.00000000099999999997 0.00000000099999999997 0.18873272379511207841 0.02394615462092467006 
0.00000000099999999998 0.03017018575888360740 0.76101156039032891165 0.00644200516136052715 0.00000000099999999998 0.20237624568942705339 0.00000000099999999998 
0.00000000099999999998 0.05234702279574272865 0.94765297220425737112 0.00000000099999999998 0.00000000099999999998 0.00000000099999999998 0.00000000099999999998 
0.00000000099999999989 0.99999999400000005867 0.00000000099999999989 0.00000000099999999989 0.00000000099999999989 0.00000000099999999989 0.00000000099999999989 
0.00000000099999999996 0.32596127127145874125 0.00000000099999999996 0.00000000099999999996 0.00000000099999999996 0.00000000099999999996 0.67403872372854112260 
0.64135287513991423580 0.00000000099999999981 0.00000000099999999981 0.00000000099999999981 0.35864711986008596112 0.00000000099999999981 0.00000000099999999981 
0.00000000099999999995 0.49101524446063893325 0.00000000099999999995 0.00000000099999999995 0.00000000099999999995 0.00000000099999999995 0.50898475053936098611 
0.00000000099999999996 0.46504945457227242489 0.00000000099999999996 0.00000000099999999996 0.00000000099999999996 0.00000000099999999996 0.53495054042772738345 
0.00000000099999999998 0.00000001186218897008 0.87669709227951597708 0.00949836069044716728 0.00000000099999999998 0.07284914657761226708 0.04095538659023569006 
0.00000000099999999965 0.00000000099999999965 0.00000000099999999965 0.00000000099999999965 0.99999999399999994765 0.00000000099999999965 0.00000000099999999965 
0.00000000099999999999 0.00000000099999999999 0.84213229081019469469 0.00556401225691517849 0.00000000099999999999 0.15230369293289003352 0.00000000099999999999 
0.00000000099999999998 0.00000000099999999998 0.75641698939508605903 0.00341004990480777781 0.00000000099999999998 0.20903087983190857257 0.03114207786819750759 
0.00074981405062678869 0.00000000100000000000 0.82923428153186440337 0.00765130537886191033 0.00002490537441672344 0.14258984156393006426 0.01974985110029998242 
0.00000000099999999999 0.04375823412104520166 0.84131335123042072510 0.00419867783563974105 0.00000000099999999999 0.11067866243509794089 0.00005107237779644392 
0.00000000100000000000 0.00000000100000000000 0.82606446290120505438 0.00000000100000000000 0.00000003562386308331 0.15413269403996660012 0.01980280443496529666 
0.00000000148381861007 0.04728587645231267789 0.75908197079235628646 0.00000000100000000000 0.00000000100000000000 0.19338240194544445427 0.00024974732606787412 
0.00000000099999999999 0.00006382736183228844 0.98624235734167065015 0.00397706211982880656 0.00000000099999999999 0.00000000099999999999 0.00971675017666821794 
0.00000000099999999999 0.00000000099999999999 0.79801746079029090009 0.00761560379752078062 0.00000000099999999999 0.15777160633229825315 0.03659532607989006425 
0.00000000100000000000 0.00000000100000000000 0.79352386252991258253 0.02912167709776143990 0.00483223960373600162 0.14350328006746773668 0.02901893870112230711 
0.00000000099999999999 0.00693879909600133259 0.70777705648181921116 0.01119345572254029121 0.00000000099999999999 0.27320877176864272196 0.00088191493099634547 
0.00000000099999999996 0.01363522334728600738 0.98636477165271396750 0.00000000099999999996 0.00000000099999999996 0.00000000099999999996 0.00000000099999999996 
0.00020979189488719681 0.00000000100000000000 0.72103437100920331204 0.02413345076494581229 0.00000006656921290262 0.21245690872861791587 0.04216541003313280939 
0.00000000099999999997 0.00000000099999999997 0.79428790268087900994 0.00997561350917209808 0.00000000099999999997 0.19573647980994876572 0.00000000099999999997 
0.00000000099999999998 0.03016434740852742477 0.96983564759147267154 0.00000000099999999998 0.00000000099999999998 0.00000000099999999998 0.00000000099999999998 
0.00000000099999999999 0.01328098725376529107 0.82785001631437726832 0.00000000099999999999 0.00000000099999999999 0.15886899243185739761 0.00000000099999999999 
0.00000000099999999998 0.04195735931650150519 0.71083124212875281600 0.00000000099999999998 0.00000000099999999998 0.24721139455474569480 0.00000000099999999998 
0.00000000099999999999 0.00000000175529982392 0.76796787932628618467 0.00653977437931667609 0.00000000099999999999 0.20364254129686851225 0.02184980124222874603 
0.00000000099999999999 0.00000000099999999999 0.78411604840595561239 0.00000000099999999999 0.00000000099999999999 0.15816316773004726604 0.05772077986399711674 
0.00000000099999999999 0.02088493928136272298 0.78408691433786847913 0.00000000099999999999 0.00000000099999999999 0.19502814238076884856 0.00000000099999999999 
0.00000000099999999998 0.01702747115863401453 0.79341557748131197325 0.00000004364613319172 0.00000000099999999998 0.17034056822655013752 0.01921633748737084854 
0.00000000100000000000 0.00000000100000000000 0.75809925984020887224 0.00163936870375016360 0.07257530274871756837 0.12636231234192485395 0.04132375436539845182 
0.00000000099999999996 0.00000000099999999996 0.98044303917423913930 0.00000000099999999996 0.00000000099999999996 0.00000000099999999996 0.01955695582576094313 
0.00000000099999999996 0.02263807245562194856 0.72736566315954098716 0.00000000099999999996 0.00000000099999999996 0.24998734977598097151 0.00000891160885611427 
0.00000000099999999995 0.03001825883372397780 0.67975034165392977936 0.00000000099999999995 0.00000000099999999995 0.29023139551234616862 0.00000000099999999995 
0.00000000099999999998 0.00000000099999999998 0.87058215492423929316 0.01935204220980509676 0.00000000099999999998 0.09527923112744990375 0.01478656873850562464 
0.00000000099999999997 0.02917016146212946665 0.74884899366064106019 0.00000000099999999997 0.00000000099999999997 0.22198084087722960711 0.00000000099999999997 
0.00036374625596776654 0.00745668760350957742 0.68155425517051160256 0.00000000100000000000 0.00000000100000000000 0.31062530797001097760 0.00000000100000000000 
0.00000000099999999997 0.02870330265449180102 0.73545567865586769507 0.00295252333991267903 0.00000000099999999997 0.23288849234972777702 0.00000000099999999997 
0.00000000099999999998 0.00000000099999999998 0.81523485358203462425 0.00000000439918775326 0.00000000099999999998 0.17940181461632956350 0.00536332440244809572 
0.00000000099999999996 0.05814503909260409359 0.94185495590739609639 0.00000000099999999996 0.00000000099999999996 0.00000000099999999996 0.00000000099999999996 
0.00000000099999999993 0.67368331569099393352 0.00000000099999999993 0.00000000099999999993 0.00000000099999999993 0.00000000099999999993 0.32631667930900609687 
0.00000000099999999990 0.00000000099999999990 0.00000000099999999990 0.00000000099999999990 0.00000000099999999990 0.00000000099999999990 0.99999999399999994765 
0.99999999400000005867 0.00000000099999999970 0.00000000099999999970 0.00000000099999999970 0.00000000099999999970 0.00000000099999999970 0.00000000099999999970 
0.00000000099999999971 0.00000000099999999971 0.00000000099999999971 0.99999999400000005867 0.00000000099999999971 0.00000000099999999971 0.00000000099999999971 
0.00000000099999999999 0.48678784699696936444 0.00000000099999999999 0.03695345936074832804 0.00000000099999999999 0.07183313528279486326 0.40442555535948732093 
0.00000000099999999997 0.02456350400268621573 0.76399326098390707429 0.00000000099999999997 0.00000000099999999997 0.21144323101340672943 0.00000000099999999997 
0.00000000099999999999 0.03929747949130779627 0.73950876929687581196 0.00005234744167519667 0.00000000099999999999 0.22114140077014118879 0.00000000099999999999 
0.00000000099999999991 0.00000000099999999991 0.00000000099999999991 0.00000000099999999991 0.00000000099999999991 0.00000000099999999991 0.99999999399999994765 
0.00000000099999999998 0.03622990630994380595 0.83577731856339099181 0.00000000099999999998 0.00000000099999999998 0.12799277112666529455 0.00000000099999999998 
0.00000000099999999997 0.00000000099999999997 0.76080952075218943875 0.01064580942232789401 0.00000000099999999997 0.22141408741408236116 0.00713057941140030072 
0.00000000099999999998 0.00000000099999999998 0.74973529136604621925 0.00000012148425232204 0.00000000099999999998 0.25026458314970140284 0.00000000099999999998 
0.57758377605862309956 0.00000000099999999971 0.00000000099999999971 0.00000000099999999971 0.42241621894137693083 0.00000000099999999971 0.00000000099999999971 
0.99999999400000005867 0.00000000099999999965 0.00000000099999999965 0.00000000099999999965 0.00000000099999999965 0.00000000099999999965 0.00000000099999999965 
0.00000000099999999964 0.00000000099999999964 0.00000000099999999964 0.00000000099999999964 0.99999999400000005867 0.00000000099999999964 0.00000000099999999964 
0.99999999400000016969 0.00000000099999999962 0.00000000099999999962 0.00000000099999999962 0.00000000099999999962 0.00000000099999999962 0.00000000099999999962 
0.00000000099999999965 0.00000000099999999965 0.00000000099999999965 0.00000000099999999965 0.99999999399999994765 0.00000000099999999965 0.00000000099999999965 
0.00000000099999999990 0.00000000099999999990 0.00000000099999999990 0.00000000099999999990 0.00000000099999999990 0.00000000099999999990 0.99999999399999994765 
0.00000000099999999999 0.00000003562661721594 0.97089953198526934841 0.01338436228428014664 0.00000000099999999999 0.00000000099999999999 0.01571606710383348718 
0.99999999400000005867 0.00000000099999999963 0.00000000099999999963 0.00000000099999999963 0.00000000099999999963 0.00000000099999999963 0.00000000099999999963 
0.00000000099999999969 0.00000000099999999969 0.00000000099999999969 0.00000000099999999969 0.99999999400000005867 0.00000000099999999969 0.00000000099999999969 
0.00000000099999999970 0.00000000099999999970 0.00000000099999999970 0.99999999399999994765 0.00000000099999999970 0.00000000099999999970 0.00000000099999999970 
0.00000000099999999970 0.00000000099999999970 0.00000000099999999970 0.99999999400000005867 0.00000000099999999970 0.00000000099999999970 0.00000000099999999970 
0.00000000099999999997 0.00000000099999999997 0.66348504759117832297 0.00000000099999999997 0.00000000099999999997 0.33651494740882148538 0.00000000099999999997 
0.99999999400000016969 0.00000000099999999963 0.00000000099999999963 0.00000000099999999963 0.00000000099999999963 0.00000000099999999963 0.00000000099999999963 
0.00000000099999999999 0.03168982127451383524 0.82421616363049798881 0.00000000099999999999 0.00000000099999999999 0.14409401109498826132 0.00000000099999999999 
0.00000000099999999998 0.00000000099999999998 0.76035192061647927098 0.00000000099999999998 0.00000000099999999998 0.23964807438352070390 0.00000000099999999998 
0.00000000099999999991 0.00000000099999999991 0.00000000099999999991 0.00000000099999999991 0.00000000099999999991 0.00000000099999999991 0.99999999400000005867 
0.00000000099999999997 0.02308359850485751374 0.76675921234083332934 0.00000000099999999997 0.00000000099999999997 0.21015718515430928393 0.00000000099999999997 
0.00000000099999999987 0.99999999400000016969 0.00000000099999999987 0.00000000099999999987 0.00000000099999999987 0.00000000099999999987 0.00000000099999999987 
0.00000000099999999998 0.03183616162842114322 0.77676636425852607637 0.00411576809624680535 0.00000000099999999998 0.18728170301680591159 0.00000000099999999998 
0.00000000099999999988 0.99999999400000016969 0.00000000099999999988 0.00000000099999999988 0.00000000099999999988 0.00000000099999999988 0.00000000099999999988 
0.00000000099999999999 0.00000000099999999999 0.75347189702725869687 0.01548657983330549090 0.00000000099999999999 0.20723637176471212951 0.02380514837472360104 
0.00000000099999999986 0.00000000099999999986 0.00000000099999999986 0.00000000099999999986 0.00000000099999999986 0.99999999399999994765 0.00000000099999999986 
0.99999999400000016969 0.00000000099999999967 0.00000000099999999967 0.00000000099999999967 0.00000000099999999967 0.00000000099999999967 0.00000000099999999967 
0.00000000099999999994 0.44752095394495183811 0.00000000099999999994 0.00000000099999999994 0.00000000099999999994 0.00000000099999999994 0.55247904105504808125 
0.99999999400000016969 0.00000000099999999963 0.00000000099999999963 0.00000000099999999963 0.00000000099999999963 0.00000000099999999963 0.00000000099999999963 
0.00000000099999999965 0.00000000099999999965 0.00000000099999999965 0.00000000099999999965 0.99999999400000005867 0.00000000099999999965 0.00000000099999999965 
0.00000000099999999999 0.00007445257324933245 0.76452705191890391045 0.00000000099999999999 0.00000000099999999999 0.21775057190539398588 0.01764792060245289063 
0.00000000099999999997 0.04343442183005575413 0.81116981264818999176 0.00000000099999999997 0.00000000099999999997 0.14539576152175423540 0.00000000099999999997 
0.00000000099999999997 0.00000000099999999997 0.86033816908285942748 0.00000000099999999997 0.00000000099999999997 0.11476079479479181500 0.02490103212234883595 
0.00000000099999999998 0.00000000099999999998 0.77040607511168435195 0.00091735230426768794 0.00000000099999999998 0.21408195602147767067 0.01459461356257024320 
0.00000000099999999998 0.00736018389616847294 0.68994918730685450559 0.00560284438973529531 0.00000000099999999998 0.29708621567601978253 0.00000156673122198177 
0.00000000099999999997 0.00000000099999999997 0.75860006103224120189 0.00635881451954150266 0.00000000099999999997 0.20147140286900480644 0.03356971857921233621 
0.00000000099999999998 0.00000000099999999998 0.73665715098230377667 0.00000000099999999998 0.00000000099999999998 0.26334284401769625372 0.00000000099999999998 
0.00000000099999999995 0.74350687667890380528 0.00000001948551236177 0.00000000099999999995 0.00000000099999999995 0.00000000099999999995 0.25649309983558399306 
0.00000000099999999997 0.00000000099999999997 0.88014883341587724086 0.00000000099999999997 0.00000000099999999997 0.11572782178330510983 0.00412334080081772428 
0.00000000099999999966 0.00000000099999999966 0.00000000099999999966 0.00000000099999999966 0.99999999400000005867 0.00000000099999999966 0.00000000099999999966 
0.00000000099999999999 0.00000000099999999999 0.98780691547200327740 0.00000167551294102640 0.00000000099999999999 0.00000000099999999999 0.01219140501505576978 
0.00000000099999999986 0.00000000099999999986 0.00000000099999999986 0.00000000099999999986 0.99999999399999994765 0.00000000099999999986 0.00000000099999999986 
0.00000000099999999969 0.00000000099999999969 0.00000000099999999969 0.00000000099999999969 0.99999999399999994765 0.00000000099999999969 0.00000000099999999969 
0.00000000099999999998 0.02983436510600559824 0.69891268125143002354 0.00000000099999999998 0.00000000099999999998 0.27125294964256435604 0.00000000099999999998 
0.00000000099999999999 0.00000000099999999999 0.84821491893175160470 0.01161480904171965055 0.00000000099999999999 0.13488052665562663690 0.00528974237090211116 
0.00000000099999999999 0.04773972240188854160 0.95226021680262351587 0.00000000099999999999 0.00000000099999999999 0.00000005679548796724 0.00000000099999999999 
0.99999999400000016969 0.00000000099999999971 0.00000000099999999971 0.00000000099999999971 0.00000000099999999971 0.00000000099999999971 0.00000000099999999971 
0.00000000099999999989 0.00000000099999999989 0.00000000099999999989 0.00000000099999999989 0.00000000099999999989 0.00000000099999999989 0.99999999399999994765 
0.00000000099999999986 0.00000000099999999986 0.00000000099999999986 0.00000000099999999986 0.00000000099999999986 0.00000000099999999986 0.99999999400000005867 
0.57021916657834559317 0.00000000099999999973 0.00000000099999999973 0.00000000099999999973 0.42978082842165443722 0.00000000099999999973 0.00000000099999999973 
0.00000000099999999998 0.02916925902103752535 0.96419738972321200610 0.00663334725575056173 0.00000000099999999998 0.00000000099999999998 0.00000000099999999998 
0.00000000099999999999 0.00036675620355668489 0.81809084894945405253 0.01548799700007517238 0.00000000099999999999 0.11610046042513480491 0.04995393542177939405 
0.57211380419545709852 0.00000000099999999974 0.00000000099999999974 0.00000000099999999974 0.42788619080454309840 0.00000000099999999974 0.00000000099999999974 
0.00000000099999999997 0.00000000099999999997 0.65103778663103561986 0.00000000099999999997 0.00000000099999999997 0.33987057493075889525 0.00909163443820540200 
0.00000000099999999989 0.99999999400000016969 0.00000000099999999989 0.00000000099999999989 0.00000000099999999989 0.00000000099999999989 0.00000000099999999989 
0.10195219714716023673 0.00000000099999999997 0.00000000099999999997 0.05482063728741763675 0.00000000099999999997 0.84322716156542198984 0.00000000099999999997 
0.00000000099999999999 0.03350263372792691707 0.67587072181537122262 0.00000000099999999999 0.00000000099999999999 0.29062664045670177915 0.00000000099999999999 
0.00000000099999999998 0.04735350131569596860 0.72184810532193000032 0.01107979091020653596 0.00000000099999999998 0.21971859945216742904 0.00000000099999999998 
0.00000000099999999997 0.01512180931474959439 0.96799795884790273970 0.01688022783734767843 0.00000000099999999997 0.00000000099999999997 0.00000000099999999997 
0.00000000099999999997 0.00000000099999999997 0.78014630925238359627 0.01016797384579182402 0.00000000099999999997 0.20391025993917311077 0.00577545396265137165 
0.00000000099999999997 0.00000000099999999997 0.69563551792402167351 0.00000000099999999997 0.00000000099999999997 0.30436447707597824586 0.00000000099999999997 
0.00000000099999999998 0.00000000099999999998 0.65630958873898148642 0.00000000099999999998 0.00000000099999999998 0.34369040626101848845 0.00000000099999999998 
0.00000000099999999998 0.00000000099999999998 0.70635170967072224979 0.00879263903273113517 0.00000000099999999998 0.27325132510326083368 0.01160432319328586794 
0.00145714554209661084 0.00000046602741120616 0.68124809068859903949 0.00000000100000000000 0.00000000100000000000 0.29291417929354113259 0.02438011644835217165 
0.00000000099999999994 0.49556012191843767933 0.00000000099999999994 0.00000000099999999994 0.00000000099999999994 0.00000000099999999994 0.50443987308156212901 
0.00000000099999999997 0.00000000099999999997 0.79797807589065195000 0.00792790080347190347 0.00000000099999999997 0.15840218613312034845 0.03569183417275579445 
0.00000000099999999998 0.00000000099999999998 0.69644794823860334265 0.00088707780176403787 0.00000000099999999998 0.30266496995963260153 0.00000000099999999998 
0.00000000099999999999 0.00000000099999999999 0.69860028105464044845 0.00000000099999999999 0.00000000099999999999 0.24423494822471331078 0.05716476672064626369 
0.00000000099999999997 0.00000000099999999997 0.96124979780541586205 0.00000000099999999997 0.00000000099999999997 0.00000000099999999997 0.03875019719458425160 
0.00000000099999999999 0.00000000099999999999 0.93766994764198541290 0.00004956783566080987 0.00000000099999999999 0.00000000099999999999 0.06228048052235377052 
0.00000000099999999998 0.00000000099999999998 0.75767602457409521932 0.00000000099999999998 0.00000000099999999998 0.24232397042590489433 0.00000000099999999998 
0.00000000099999999999 0.02332907859939431505 0.72332342553994732892 0.00000000099999999999 0.00000000099999999999 0.25334749186065830262 0.00000000099999999999 
0.00000000099999999992 0.99999999400000005867 0.00000000099999999992 0.00000000099999999992 0.00000000099999999992 0.00000000099999999992 0.00000000099999999992 
0.00000000099999999986 0.00000000099999999986 0.00000000099999999986 0.00000000099999999986 0.00000000099999999986 0.99999999399999994765 0.00000000099999999986 
0.00000000099999999998 0.01754452937188926212 0.73751872008357144406 0.00913531476681013130 0.00000000099999999998 0.23580143277772924737 0.00000000099999999998 
0.01059360490897893851 0.03327949163405861249 0.81880416151171364625 0.00000000100000000000 0.00000251809674822530 0.13732022184850051216 0.00000000100000000000 
0.00000000099999999996 0.64674138731594166263 0.00000000099999999996 0.00000000099999999996 0.00000000099999999996 0.00000000099999999996 0.35325860768405847878 
0.00000000099999999999 0.00008532821738279034 0.93953243768609251418 0.00000000099999999999 0.01855850680764131386 0.00000000099999999999 0.04182372428888335436 
0.00000000099999999999 0.00511456142383417099 0.76293370709674657171 0.00733298458757478816 0.00000000099999999999 0.20921906489194910805 0.01539967999989541592 
0.00000000099999999998 0.31542315226162748187 0.33729737528851577721 0.00667237554124133075 0.00000000099999999998 0.17467615412932119279 0.16593094077929412822 
0.00000000099999999997 0.04391849164427594904 0.95608150011556947145 0.00000000099999999997 0.00000000099999999997 0.00000000424015468331 0.00000000099999999997 
0.00000000099999999971 0.00000000099999999971 0.00000000099999999971 0.00000000099999999971 0.99999999399999994765 0.00000000099999999971 0.00000000099999999971 
0.00000000099999999998 0.00000000099999999998 0.80891008093296434822 0.01681836875415140473 0.00000000099999999998 0.13077491566468985029 0.04349663164819437405 
0.00000000099999999999 0.04299727073608839573 0.87395324153044995352 0.00514520734864206027 0.00000000099999999999 0.07790426298449448783 0.00000001540032524370 
