0.28701899090182969587 0.12262278859485958860 0.01777823715648048017 0.22599887077089783616 0.00000000099999999998 0.00000000099999999998 0.00000000099999999998 0.33276860318762563340 0.00000000099999999998 0.01381250438830693844 0.00000000099999999998 
0.00000000099999999993 0.00000000099999999993 0.00000000099999999993 0.00000000099999999993 0.99999999000000006077 0.00000000099999999993 0.00000000099999999993 0.00000000099999999993 0.00000000099999999993 0.00000000099999999993 0.00000000099999999993 
0.00000000099999999992 0.00000000099999999992 0.02718087603885043987 0.00000000099999999992 0.97281911496114970017 0.00000000099999999992 0.00000000099999999992 0.00000000099999999992 0.00000000099999999992 0.00000000099999999992 0.00000000099999999992 
0.14217866307628770906 0.26598768844548908996 0.00000000099999999998 0.36342483289700511229 0.02332095823643889898 0.00000000099999999998 0.00000000099999999998 0.20499860388694454705 0.00000000099999999998 0.00000000099999999998 0.00008924845783468609 
0.00000000099999999998 0.24700711106824260743 0.00000000113576049827 0.34264690169445910506 0.00000000099999999998 0.23507040560403952290 0.17527557438806057322 0.00000000099999999998 0.00000000099999999998 0.00000000099999999998 0.00000000110943786177 
0.00000000099999999998 0.29131338571344556065 0.00051475280570357097 0.24178891993383067049 0.00869297925982354287 0.32882352971489964277 0.00000000099999999998 0.12884950728010363674 0.00000000099999999998 0.00000000099999999998 0.00001692129219361868 
0.00000000099999999990 0.00000000099999999990 0.05595175550858982882 0.00000000099999999990 0.94404823549141025918 0.00000000099999999990 0.00000000099999999990 0.00000000099999999990 0.00000000099999999990 0.00000000099999999990 0.00000000099999999990 
0.00000000099999999989 0.00000000099999999989 0.00000000099999999989 0.00000000099999999989 0.99999999000000006077 0.00000000099999999989 0.00000000099999999989 0.00000000099999999989 0.00000000099999999989 0.00000000099999999989 0.00000000099999999989 
0.00000000099999999987 0.00000000099999999987 0.00000000099999999987 0.00000000099999999987 0.00000000099999999987 0.00000000099999999987 0.00000000099999999987 0.00000000099999999987 0.00000000099999999987 0.00000000099999999987 0.99999999000000006077 
0.00000000099999999992 0.00000000099999999992 0.00000000099999999992 0.00000000099999999992 0.99999999000000006077 0.00000000099999999992 0.00000000099999999992 0.00000000099999999992 0.00000000099999999992 0.00000000099999999992 0.00000000099999999992 
0.00000000099999999998 0.51729891105419611996 0.00000000099999999998 0.00000003512647857495 0.00000000099999999998 0.13736229908949665335 0.00000000099999999998 0.00000040164045853783 0.00000000099999999998 0.00000000099999999998 0.34533834708937005686 
0.19519911786437479928 0.00000000099999999998 0.00000000099999999998 0.27943547925432082879 0.00377520447257989914 0.00000000099999999998 0.08145396879874713947 0.22162849073775370279 0.00000000099999999998 0.00510846721366635219 0.21339926765855729562 
0.00000000099999999989 0.99999999000000017180 0.00000000099999999989 0.00000000099999999989 0.00000000099999999989 0.00000000099999999989 0.00000000099999999989 0.00000000099999999989 0.00000000099999999989 0.00000000099999999989 0.00000000099999999989 
0.00000000099999999985 0.00000000099999999985 0.00000000099999999985 0.00000000099999999985 0.00000000099999999985 0.99999999000000017180 0.00000000099999999985 0.00000000099999999985 0.00000000099999999985 0.00000000099999999985 0.00000000099999999985 
0.99999999000000017180 0.00000000099999999988 0.00000000099999999988 0.00000000099999999988 0.00000000099999999988 0.00000000099999999988 0.00000000099999999988 0.00000000099999999988 0.00000000099999999988 0.00000000099999999988 0.00000000099999999988 
0.05979898612490274629 0.01851302251940400642 0.01767394490666852544 0.19950201503817241444 0.04661660731128296209 0.21329111621376806163 0.09278830003510790680 0.15796844974288049013 0.00000000099999999999 0.02314891108589756455 0.17069864602191514580 
0.00000000099999999996 0.00000000099999999996 0.00000000099999999996 0.68038473968104817846 0.00000000099999999996 0.00000000099999999996 0.00000000099999999996 0.31961525131895190954 0.00000000099999999996 0.00000000099999999996 0.00000000099999999996 
0.00000000099999999995 0.00000000099999999995 0.00000000099999999995 0.00000000099999999995 0.00000000099999999995 0.35168228417524538543 0.00000000099999999995 0.00000000099999999995 0.00000000099999999995 0.00000000099999999995 0.64831770682475453604 
0.24796843993335768164 0.00103097528221594761 0.00000005337437744108 0.33909638338799841240 0.00000000099999999999 0.00000001314532077886 0.00011290719513687960 0.25686870346517720609 0.00000000099999999999 0.00238544946848993954 0.15253707274792577264 
0.00000000099999999978 0.00000000099999999978 0.00000000099999999978 0.00000000099999999978 0.00000000099999999978 0.00000000099999999978 0.99999998999999994975 0.00000000099999999978 0.00000000099999999978 0.00000000099999999978 0.00000000099999999978 
0.44524401421989090455 0.29058172143659499742 0.00000000099999999996 0.00000000099999999996 0.00000000099999999996 0.00000000099999999996 0.00000000099999999996 0.26413409580305891033 0.00000000099999999996 0.00000000099999999996 0.00004016154045530045 
0.00000000331233085008 0.00000000099999999996 0.02388983113729989394 0.00000000099999999996 0.97611015755036933950 0.00000000099999999996 0.00000000099999999996 0.00000000099999999996 0.00000000099999999996 0.00000000099999999996 0.00000000099999999996 
0.53849089353830958959 0.00000000099999999997 0.00000000099999999997 0.23386288234063279390 0.00000009365866052634 0.00000000099999999997 0.00000000428521893391 0.00000000099999999997 0.00000000099999999997 0.00000000099999999997 0.22764612017717833492 
0.00000000099999999949 0.00000000099999999949 0.00000000099999999949 0.00000000099999999949 0.00000000099999999949 0.00000000099999999949 0.99999998999999994975 0.00000000099999999949 0.00000000099999999949 0.00000000099999999949 0.00000000099999999949 
0.00000000099999999995 0.57355510624896888228 0.03452299486193083355 0.00000000099999999995 0.00000000099999999995 0.00000000099999999995 0.00000000099999999995 0.39192189088910034389 0.00000000099999999995 0.00000000099999999995 0.00000000099999999995 
0.00000000099999999989 0.99999999000000028282 0.00000000099999999989 0.00000000099999999989 0.00000000099999999989 0.00000000099999999989 0.00000000099999999989 0.00000000099999999989 0.00000000099999999989 0.00000000099999999989 0.00000000099999999989 
0.00000000099999999956 0.00000000099999999956 0.00000000099999999956 0.00000000099999999956 0.00000000099999999956 0.00000000099999999956 0.00000000099999999956 0.00000000099999999956 0.00000000099999999956 0.99999998999999994975 0.00000000099999999956 
0.00000000099999999950 0.00000000099999999950 0.00000000099999999950 0.00000000099999999950 0.00000000099999999950 0.00000000099999999950 0.00000000099999999950 0.00000000099999999950 0.00000000099999999950 0.99999999000000006077 0.00000000099999999950 
0.00000000099999999998 0.23820973628980077197 0.00883013693554217903 0.00000000099999999998 0.00000000099999999998 0.15892020252940322611 0.00000001668231571551 0.27798395075363152573 0.00000000099999999998 0.00000000099999999998 0.31605595180930662336 
0.00000000099999999995 0.00000000099999999995 0.00000000099999999995 0.37767337078835294673 0.00000000099999999995 0.00000000099999999995 0.00000000099999999995 0.00000000099999999995 0.00000000099999999995 0.00000000099999999995 0.62232662021164675270 
0.00000000099999999988 0.00000000099999999988 0.00000000099999999988 0.00000000099999999988 0.00000000099999999988 0.00000000099999999988 0.00000000099999999988 0.99999998999999994975 0.00000000099999999988 0.00000000099999999988 0.00000000099999999988 
0.00000000099999999984 0.00000000099999999984 0.00000000099999999984 0.00000000099999999984 0.83164399943692646211 0.00000000099999999984 0.16835599156307357038 0.00000000099999999984 0.00000000099999999984 0.00000000099999999984 0.00000000099999999984 
0.00000000099999999968 0.00000000099999999968 0.00000000099999999968 0.00000000099999999968 0.00000000099999999968 0.00000000099999999968 0.63126405820405251390 0.00000000099999999968 0.00000000099999999968 0.36873593279594746308 0.00000000099999999968 
0.99999999000000028282 0.00000000099999999987 0.00000000099999999987 0.00000000099999999987 0.00000000099999999987 0.00000000099999999987 0.00000000099999999987 0.00000000099999999987 0.00000000099999999987 0.00000000099999999987 0.00000000099999999987 
0.00000000099999999947 0.00000000099999999947 0.00000000099999999947 0.00000000099999999947 0.00000000099999999947 0.00000000099999999947 0.00000000099999999947 0.00000000099999999947 0.99999998999999994975 0.00000000099999999947 0.00000000099999999947 
0.00000000099999999935 0.00000000099999999935 0.00000000099999999935 0.00000000099999999935 0.00000000099999999935 0.00000000099999999935 0.00000000099999999935 0.00000000099999999935 0.99999999000000006077 0.00000000099999999935 0.00000000099999999935 
0.00000000099999999934 0.00000000099999999934 0.00000000099999999934 0.00000000099999999934 0.00000000099999999934 0.00000000099999999934 0.00000000099999999934 0.00000000099999999934 0.99999999000000006077 0.00000000099999999934 0.00000000099999999934 
0.00000000099999999957 0.00000000099999999957 0.00000000099999999957 0.00000000099999999957 0.00000000099999999957 0.00000000099999999957 0.00000000099999999957 0.00000000099999999957 0.00000000099999999957 0.99999999000000006077 0.00000000099999999957 
0.00000000099999999950 0.00000000099999999950 0.00000000099999999950 0.00000000099999999950 0.00000000099999999950 0.00000000099999999950 0.00000000099999999950 0.00000000099999999950 0.00000000099999999950 0.99999998999999994975 0.00000000099999999950 
0.00000000099999999987 0.99999999000000028282 0.00000000099999999987 0.00000000099999999987 0.00000000099999999987 0.00000000099999999987 0.00000000099999999987 0.00000000099999999987 0.00000000099999999987 0.00000000099999999987 0.00000000099999999987 
0.00000000099999999995 0.00000000099999999995 0.00000000099999999995 0.00000000099999999995 0.99999999000000006077 0.00000000099999999995 0.00000000099999999995 0.00000000099999999995 0.00000000099999999995 0.00000000099999999995 0.00000000099999999995 
0.00000000099999999953 0.00000000099999999953 0.00000000099999999953 0.00000000099999999953 0.00000000099999999953 0.00000000099999999953 0.00000000099999999953 0.00000000099999999953 0.00000000099999999953 0.99999999000000006077 0.00000000099999999953 
0.00000000099999999989 0.00000000099999999989 0.00000000099999999989 0.99999999000000006077 0.00000000099999999989 0.00000000099999999989 0.00000000099999999989 0.00000000099999999989 0.00000000099999999989 0.00000000099999999989 0.00000000099999999989 
0.00000000099999999991 0.00000000099999999991 0.00000000099999999991 0.00000000099999999991 0.99999999000000006077 0.00000000099999999991 0.00000000099999999991 0.00000000099999999991 0.00000000099999999991 0.00000000099999999991 0.00000000099999999991 
0.00000000099999999958 0.00000000099999999958 0.00000000099999999958 0.00000000099999999958 0.00000000099999999958 0.00000000099999999958 0.00000000099999999958 0.00000000099999999958 0.00000000099999999958 0.99999998999999994975 0.00000000099999999958 
0.00053427819893326137 0.00000021238502929489 0.00000000099999999997 0.52987820078155223325 0.00000000123676594613 0.23845603830678177570 0.00919825803633739572 0.22193300705460020095 0.00000000099999999997 0.00000000099999999997 0.00000000099999999997 
0.00000000099999999954 0.00000000099999999954 0.00000000099999999954 0.00000000099999999954 0.00000000099999999954 0.00000000099999999954 0.00000000099999999954 0.00000000099999999954 0.00000000099999999954 0.99999998999999994975 0.00000000099999999954 
0.00000000099999999992 0.00000000099999999992 0.03457260218641618199 0.00000000099999999992 0.96542738881358391989 0.00000000099999999992 0.00000000099999999992 0.00000000099999999992 0.00000000099999999992 0.00000000099999999992 0.00000000099999999992 
0.00000000099999999989 0.00000000099999999989 0.00000000099999999989 0.00000000099999999989 0.99999999000000017180 0.00000000099999999989 0.00000000099999999989 0.00000000099999999989 0.00000000099999999989 0.00000000099999999989 0.00000000099999999989 
0.00000000099999999947 0.00000000099999999947 0.00000000099999999947 0.00000000099999999947 0.00000000099999999947 0.00000000099999999947 0.00000000099999999947 0.00000000099999999947 0.00000000099999999947 0.99999998999999994975 0.00000000099999999947 
0.00000000099999999951 0.00000000099999999951 0.00000000099999999951 0.00000000099999999951 0.00000000099999999951 0.00000000099999999951 0.00000000099999999951 0.00000000099999999951 0.00000000099999999951 0.99999998999999994975 0.00000000099999999951 
0.00000000099999999994 0.00000000099999999994 0.00000000099999999994 0.00000000099999999994 0.99999999000000006077 0.00000000099999999994 0.00000000099999999994 0.00000000099999999994 0.00000000099999999994 0.00000000099999999994 0.00000000099999999994 
0.00000000099999999994 0.00000000099999999994 0.00000000099999999994 0.00000000099999999994 0.99999999000000017180 0.00000000099999999994 0.00000000099999999994 0.00000000099999999994 0.00000000099999999994 0.00000000099999999994 0.00000000099999999994 
0.00000003329355057257 0.00840208219866127315 0.00000000099999999995 0.00000000099999999995 0.99159766115861625035 0.00000021634917190414 0.00000000099999999995 0.00000000099999999995 0.00000000099999999995 0.00000000099999999995 0.00000000099999999995 
0.00000000099999999960 0.00000000099999999960 0.00000000099999999960 0.00000000099999999960 0.00000000099999999960 0.00000000099999999960 0.00000000099999999960 0.00000000099999999960 0.00000000099999999960 0.99999999000000006077 0.00000000099999999960 
0.00000000099999999998 0.58022720864347543390 0.00000000099999999998 0.00011640783985490247 0.02685552613346032028 0.27563457711883998513 0.11272663455316693504 0.00000000099999999998 0.00000000099999999998 0.00443263221291964951 0.00000700949828278025 
0.99999999000000017180 0.00000000099999999989 0.00000000099999999989 0.00000000099999999989 0.00000000099999999989 0.00000000099999999989 0.00000000099999999989 0.00000000099999999989 0.00000000099999999989 0.00000000099999999989 0.00000000099999999989 
0.99999999000000028282 0.00000000099999999985 0.00000000099999999985 0.00000000099999999985 0.00000000099999999985 0.00000000099999999985 0.00000000099999999985 0.00000000099999999985 0.00000000099999999985 0.00000000099999999985 0.00000000099999999985 
0.00000000099999999988 0.99999999000000017180 0.00000000099999999988 0.00000000099999999988 0.00000000099999999988 0.00000000099999999988 0.00000000099999999988 0.00000000099999999988 0.00000000099999999988 0.00000000099999999988 0.00000000099999999988 
0.00000000099999999991 0.00000000099999999991 0.00000000099999999991 0.00000000099999999991 0.99999999000000017180 0.00000000099999999991 0.00000000099999999991 0.00000000099999999991 0.00000000099999999991 0.00000000099999999991 0.00000000099999999991 
0.00000000099999999997 0.67452344280225329243 0.00000000099999999997 0.00000000099999999997 0.00000000099999999997 0.32547363253482586298 0.00000291666292102459 0.00000000099999999997 0.00000000099999999997 0.00000000099999999997 0.00000000099999999997 
0.00000000099999999944 0.00000000099999999944 0.00000000099999999944 0.00000000099999999944 0.00000000099999999944 0.00000000099999999944 0.00000000099999999944 0.00000000099999999944 0.99999999000000006077 0.00000000099999999944 0.00000000099999999944 
0.00000000099999999980 0.00000000099999999980 0.00000000099999999980 0.00000000099999999980 0.00000000099999999980 0.99999999000000006077 0.00000000099999999980 0.00000000099999999980 0.00000000099999999980 0.00000000099999999980 0.00000000099999999980 
0.00000000099999999945 0.00000000099999999945 0.00000000099999999945 0.00000000099999999945 0.00000000099999999945 0.00000000099999999945 0.00000000099999999945 0.00000000099999999945 0.99999998999999994975 0.00000000099999999945 0.00000000099999999945 
0.00000000099999999975 0.00000000099999999975 0.00000000099999999975 0.00000000099999999975 0.00000000099999999975 0.00000000099999999975 0.99999998999999994975 0.00000000099999999975 0.00000000099999999975 0.00000000099999999975 0.00000000099999999975 
0.00000000099999999946 0.00000000099999999946 0.00000000099999999946 0.00000000099999999946 0.00000000099999999946 0.00000000099999999946 0.00000000099999999946 0.00000000099999999946 0.99999999000000006077 0.00000000099999999946 0.00000000099999999946 
0.00000000099999999989 0.00000000099999999989 0.00000000099999999989 0.00000000099999999989 0.00000000099999999989 0.00000000099999999989 0.00000000099999999989 0.99999998999999994975 0.00000000099999999989 0.00000000099999999989 0.00000000099999999989 
0.00000000099999999994 0.00000000099999999994 0.00000000099999999994 0.00000000099999999994 0.00000000099999999994 0.00000000099999999994 0.21532875349164903866 0.78467123750835110485 0.00000000099999999994 0.00000000099999999994 0.00000000099999999994 
0.00000000099999999990 0.00000000099999999990 0.00000000099999999990 0.00000000099999999990 0.99999999000000006077 0.00000000099999999990 0.00000000099999999990 0.00000000099999999990 0.00000000099999999990 0.00000000099999999990 0.00000000099999999990 
0.00000000099999999996 0.27451582104293825726 0.01497142074544608077 0.41378490791630923029 0.00000000099999999996 0.00030107181457972315 0.00652030211191701077 0.00030588097911210126 0.00000000099999999996 0.00000000099999999996 0.28960059138969768133 
0.00000000099999999947 0.00000000099999999947 0.00000000099999999947 0.00000000099999999947 0.00000000099999999947 0.00000000099999999947 0.00000000099999999947 0.00000000099999999947 0.99999998999999994975 0.00000000099999999947 0.00000000099999999947 
0.00000000099999999950 0.00000000099999999950 0.00000000099999999950 0.00000000099999999950 0.00000000099999999950 0.00000000099999999950 0.00000000099999999950 0.00000000099999999950 0.99999999000000006077 0.00000000099999999950 0.00000000099999999950 
0.00000000099999999992 0.99999999000000017180 0.00000000099999999992 0.00000000099999999992 0.00000000099999999992 0.00000000099999999992 0.00000000099999999992 0.00000000099999999992 0.00000000099999999992 0.00000000099999999992 0.00000000099999999992 
0.00000000099999999991 0.00000000099999999991 0.00000000099999999991 0.00000000099999999991 0.99999999000000017180 0.00000000099999999991 0.00000000099999999991 0.00000000099999999991 0.00000000099999999991 0.00000000099999999991 0.00000000099999999991 
0.00000000099999999962 0.00000000099999999962 0.00000000099999999962 0.00000000099999999962 0.00000000099999999962 0.00000000099999999962 0.00000000099999999962 0.00000000099999999962 0.00000000099999999962 0.99999998999999994975 0.00000000099999999962 
0.00000000099999999993 0.00000000099999999993 0.00000000099999999993 0.00000000099999999993 0.99999999000000006077 0.00000000099999999993 0.00000000099999999993 0.00000000099999999993 0.00000000099999999993 0.00000000099999999993 0.00000000099999999993 
0.20936427173274438363 0.00000000099999999998 0.03030979155599777472 0.21860413925689797798 0.02039656404327614553 0.00000000099999999998 0.06916152143132042740 0.00000000099999999998 0.00000000099999999998 0.00000000099999999998 0.45216370697976338011 
0.00000000099999999940 0.00000000099999999940 0.00000000099999999940 0.00000000099999999940 0.00000000099999999940 0.00000000099999999940 0.00000000099999999940 0.00000000099999999940 0.99999999000000006077 0.00000000099999999940 0.00000000099999999940 
0.00000000099999999943 0.00000000099999999943 0.00000000099999999943 0.00000000099999999943 0.00000000099999999943 0.00000000099999999943 0.00000000099999999943 0.00000000099999999943 0.00000000099999999943 0.99999998999999994975 0.00000000099999999943 
0.00000000099999999953 0.00000000099999999953 0.00000000099999999953 0.00000000099999999953 0.00000000099999999953 0.00000000099999999953 0.00000000099999999953 0.00000000099999999953 0.99999998999999994975 0.00000000099999999953 0.00000000099999999953 
0.99999999000000028282 0.00000000099999999990 0.00000000099999999990 0.00000000099999999990 0.00000000099999999990 0.00000000099999999990 0.00000000099999999990 0.00000000099999999990 0.00000000099999999990 0.00000000099999999990 0.00000000099999999990 
0.00000000099999999987 0.00000000099999999987 0.00000000099999999987 0.00000000099999999987 0.99999999000000017180 0.00000000099999999987 0.00000000099999999987 0.00000000099999999987 0.00000000099999999987 0.00000000099999999987 0.00000000099999999987 
0.00000000099999999991 0.00000000099999999991 0.02599569183423822150 0.00000000099999999991 0.97400429916576192202 0.00000000099999999991 0.00000000099999999991 0.00000000099999999991 0.00000000099999999991 0.00000000099999999991 0.00000000099999999991 
0.74633260221812103286 0.00000000099999999996 0.00000000099999999996 0.00000000099999999996 0.25366738024351553893 0.00000000661337616376 0.00000000392498739375 0.00000000099999999996 0.00000000099999999996 0.00000000099999999996 0.00000000099999999996 
0.49426526337043819037 0.50510178314845266545 0.00000000099999999999 0.00000000099999999999 0.00000000099999999999 0.00000000099999999999 0.00063283348748114938 0.00000000099999999999 0.00000000099999999999 0.00000010851732554170 0.00000000547630267008 
0.35915031372515815455 0.00000000394362228464 0.00629013171807132031 0.30604217819984097515 0.00000000099999999997 0.00000000099999999997 0.00000000099999999997 0.32849491616179915532 0.00000000099999999997 0.00000000099999999997 0.00002245125150833998 
0.00000000099999999990 0.00000000099999999990 0.00000000099999999990 0.99999999000000017180 0.00000000099999999990 0.00000000099999999990 0.00000000099999999990 0.00000000099999999990 0.00000000099999999990 0.00000000099999999990 0.00000000099999999990 
0.00000000099999999997 0.00000000099999999997 0.00000000099999999997 0.00000000099999999997 0.00000000099999999997 0.00000000099999999997 0.14527787424851262843 0.37305068643476979595 0.00000000099999999997 0.00000000099999999997 0.48167143131671746881 
0.00000000099999999996 0.21740988152709445069 0.00000000099999999996 0.00000000099999999996 0.00000000099999999996 0.20769719774866277073 0.00000000099999999996 0.33718091773755953788 0.00000000099999999996 0.00000000099999999996 0.23771199598668329989 
0.00000000099999999994 0.50464033377364292399 0.00000000099999999994 0.00000000099999999994 0.00000000099999999994 0.49535965722635716402 0.00000000099999999994 0.00000000099999999994 0.00000000099999999994 0.00000000099999999994 0.00000000099999999994 
0.00000000099999999997 0.40424721551432352129 0.00000000099999999997 0.00000000099999999997 0.00000000099999999997 0.35304424195222394722 0.09479379615481667298 0.00000000099999999997 0.00000000099999999997 0.00000000099999999997 0.14791473937863594545 
0.23297811048911570841 0.34206583706838855630 0.00000000099999999997 0.41572765856229715320 0.00922818552660192339 0.00000000099999999997 0.00000020235359661819 0.00000000099999999997 0.00000000099999999997 0.00000000099999999997 0.00000000099999999997 
0.00000000099999999994 0.00000000099999999994 0.00000000099999999994 0.00000000099999999994 0.99999999000000006077 0.00000000099999999994 0.00000000099999999994 0.00000000099999999994 0.00000000099999999994 0.00000000099999999994 0.00000000099999999994 
0.00000000099999999996 0.02002086011106649771 0.00000000099999999996 0.00000000099999999996 0.97997441038215327147 0.00000000099999999996 0.00000004647164803702 0.00000000099999999996 0.00000000099999999996 0.00000000099999999996 0.00000467603513231546 
0.00000000099999999967 0.00000000099999999967 0.00000000099999999967 0.00000000099999999967 0.00000000099999999967 0.00000000099999999967 0.00000000099999999967 0.00000000099999999967 0.99999999000000006077 0.00000000099999999967 0.00000000099999999967 
0.00000000099999999996 0.00000000099999999996 0.00000000099999999996 0.00000000099999999996 0.99999999000000017180 0.00000000099999999996 0.00000000099999999996 0.00000000099999999996 0.00000000099999999996 0.00000000099999999996 0.00000000099999999996 
0.00000000099999999993 0.00000000099999999993 0.05426242084308249836 0.00000000099999999993 0.94573757015691761740 0.00000000099999999993 0.00000000099999999993 0.00000000099999999993 0.00000000099999999993 0.00000000099999999993 0.00000000099999999993 
0.21129426669306278219 0.16975487533233232784 0.00827939394808673186 0.09088004161346181775 0.01161712282419666460 0.01665379382595595301 0.00000000099999999998 0.16053871490817431256 0.00000000099999999998 0.00000000099999999998 0.33098178785472964769 
0.00000000099999999933 0.00000000099999999933 0.00000000099999999933 0.00000000099999999933 0.00000000099999999933 0.00000000099999999933 0.00000000099999999933 0.00000000099999999933 0.99999998999999994975 0.00000000099999999933 0.00000000099999999933 
0.49034032287204348810 0.00000000099999999994 0.00000000099999999994 0.00000000099999999994 0.00000000099999999994 0.00000000099999999994 0.00000000099999999994 0.00000000099999999994 0.00000000099999999994 0.00000000099999999994 0.50965966812795626684 
0.00000000099999999996 0.00000000099999999996 0.00000000099999999996 0.00000000099999999996 0.00000000099999999996 0.00000000099999999996 0.00000000099999999996 0.38504511887655407110 0.00000000099999999996 0.00000000099999999996 0.61495487212344579486 
0.99999999000000017180 0.00000000099999999992 0.00000000099999999992 0.00000000099999999992 0.00000000099999999992 0.00000000099999999992 0.00000000099999999992 0.00000000099999999992 0.00000000099999999992 0.00000000099999999992 0.00000000099999999992 
0.00000000099999999995 0.00000000099999999995 0.00000000099999999995 0.88278675168022335829 0.00000000099999999995 0.00000000099999999995 0.11721323931977668809 0.00000000099999999995 0.00000000099999999995 0.00000000099999999995 0.00000000099999999995 
0.00000000099999999993 0.00000000099999999993 0.00000000099999999993 0.00000000099999999993 0.00000000099999999993 0.00000000099999999993 0.21100860168360746627 0.00000000099999999993 0.00000000099999999993 0.00000000099999999993 0.78899138931639245520 
0.00000000099999999987 0.99999999000000017180 0.00000000099999999987 0.00000000099999999987 0.00000000099999999987 0.00000000099999999987 0.00000000099999999987 0.00000000099999999987 0.00000000099999999987 0.00000000099999999987 0.00000000099999999987 
0.69123919040418346782 0.00000000099999999995 0.00000000099999999995 0.00000000099999999995 0.00000000099999999995 0.00000000099999999995 0.30876080059581662018 0.00000000099999999995 0.00000000099999999995 0.00000000099999999995 0.00000000099999999995 
0.99999999000000017180 0.00000000099999999991 0.00000000099999999991 0.00000000099999999991 0.00000000099999999991 0.00000000099999999991 0.00000000099999999991 0.00000000099999999991 0.00000000099999999991 0.00000000099999999991 0.00000000099999999991 
0.00000000099999999997 0.00000000099999999997 0.00000000099999999997 0.71408019065553440807 0.00000000099999999997 0.00000000099999999997 0.00000000099999999997 0.27008360825290123053 0.00000000099999999997 0.01583619309156447316 0.00000000099999999997 
0.00000000099999999996 0.00000000099999999996 0.00000000099999999996 0.00000000099999999996 0.00000000099999999996 0.00000000099999999996 0.00000000099999999996 0.44718433026031478850 0.00000000099999999996 0.00000000099999999996 0.55281566073968513297 
0.00000000099999999992 0.00000000099999999992 0.00000000099999999992 0.76635013416675090703 0.00000000099999999992 0.23364985683324918098 0.00000000099999999992 0.00000000099999999992 0.00000000099999999992 0.00000000099999999992 0.00000000099999999992 
0.00000000099999999997 0.00000000099999999997 0.00000000099999999997 0.00000000099999999997 0.00000000099999999997 0.47372047368337993900 0.00000001718120450879 0.52587370957444257158 0.00000000099999999997 0.00040579256097300387 0.00000000099999999997 
0.00000000099999999997 0.19173904842363165280 0.02138283472419566164 0.24115307671421226665 0.00000000099999999997 0.26899840449070056003 0.00000000099999999997 0.00000000099999999997 0.00000000099999999997 0.00000000126649919694 0.27672662938076048045 
0.00000000099999999986 0.00000000099999999986 0.00000000099999999986 0.00000000099999999986 0.00000000099999999986 0.00000000099999999986 0.00000000099999999986 0.99999999000000006077 0.00000000099999999986 0.00000000099999999986 0.00000000099999999986 
0.00000000099999999997 0.00002207397304621374 0.00000000099999999997 0.35642535313122486462 0.00000000099999999997 0.18282210546723423605 0.00000000099999999997 0.46066537929246992311 0.00000000099999999997 0.00000000099999999997 0.00006508213602484620 
0.34379495816440636125 0.24156870235362878918 0.00000000099999999997 0.00000000099999999997 0.01594820058775426458 0.00393440201296438308 0.11253167671226467494 0.00800348339010354369 0.00000000099999999997 0.00000000099999999997 0.27421857277887828896 
0.00000000099999999997 0.00000000099999999997 0.01264363034826378358 0.53258829365989390769 0.00000000099999999997 0.45476806799184227303 0.00000000099999999997 0.00000000099999999997 0.00000000099999999997 0.00000000099999999997 0.00000000099999999997 
0.10274337887279984260 0.14857962132277729994 0.00000000388420472982 0.11782795672811328946 0.03798259895768653360 0.09581495776662368735 0.00000003937692835533 0.21576873704152296773 0.00000000099999999999 0.00000000099999999999 0.28128270404934335724 
0.00000152660647419876 0.64317042957696302086 0.00000000099999999996 0.21874508030815364990 0.00000000099999999996 0.13808294229339843073 0.00000001521501098525 0.00000000099999999996 0.00000000099999999996 0.00000000099999999996 0.00000000099999999996 
0.00000000099999999994 0.00000000099999999994 0.00000000099999999994 0.75141898601004963876 0.00000000099999999994 0.00000000099999999994 0.00000000099999999994 0.00000000099999999994 0.00000000099999999994 0.00000000099999999994 0.24858100498995053251 
0.12945404915918054534 0.12888677865653008769 0.00000000100000000000 0.28197449497361504189 0.00000000100000000000 0.00000000100000000000 0.13249788653638919222 0.26132812898806329072 0.06585676774436927117 0.00000184913639261842 0.00000004180545994420 
0.38249566620583530518 0.00000000099999999996 0.00296410795104323473 0.43790170233631176000 0.00000000099999999996 0.00000000099999999996 0.17663851650680989502 0.00000000099999999996 0.00000000099999999996 0.00000000099999999996 0.00000000099999999996 
0.26222754979755003024 0.00000000099999999996 0.02002652341805301675 0.25926063896088313854 0.00000000099999999996 0.00008033545514913222 0.08018953985702972909 0.00000000099999999996 0.00000000099999999996 0.00000000099999999996 0.37821540751133503333 
0.00000000099999999991 0.00000000099999999991 0.00000000099999999991 0.99999999000000017180 0.00000000099999999991 0.00000000099999999991 0.00000000099999999991 0.00000000099999999991 0.00000000099999999991 0.00000000099999999991 0.00000000099999999991 
0.38447071214792577498 0.00000000309212942602 0.00000000111733833426 0.00000000099999999998 0.00000000099999999998 0.25341292266388576460 0.00000000099999999998 0.36211635497872063372 0.00000000099999999998 0.00000000099999999998 0.00000000099999999998 
0.20370078859214518774 0.35746542308282175382 0.00000000099999999997 0.16780953159533598673 0.00000000099999999997 0.00000000099999999997 0.08650662522802998744 0.18451762550166733723 0.00000000099999999997 0.00000000099999999997 0.00000000099999999997 
0.29615268899004171255 0.00234575092321533639 0.00000031780128573880 0.18182710150487318979 0.00000000099999999999 0.07964816069529649656 0.11639711253606443986 0.00000000099999999999 0.00000000099999999999 0.00000003771455705341 0.32362882683466620559 
0.00000000099999999998 0.22880342128450870121 0.00188959657071448447 0.37749121821746739469 0.00000000099999999998 0.00000000099999999998 0.12399701694195010282 0.00000302317233909565 0.00000000099999999998 0.00000000099999999998 0.26781571881302024263 
0.00000000099999999986 0.00000000099999999986 0.00000000099999999986 0.00000000099999999986 0.00000000099999999986 0.00000000099999999986 0.00000000099999999986 0.99999999000000006077 0.00000000099999999986 0.00000000099999999986 0.00000000099999999986 
0.00000000099999999994 0.00000000099999999994 0.00000000099999999994 0.00000000099999999994 0.00000004685908299113 0.00000000099999999994 0.00000000099999999994 0.36719309556219120738 0.00000000099999999994 0.00000000099999999994 0.63280684957872557206 
0.00000000099999999992 0.00000000099999999992 0.00000000099999999992 0.00000000099999999992 0.99999999000000006077 0.00000000099999999992 0.00000000099999999992 0.00000000099999999992 0.00000000099999999992 0.00000000099999999992 0.00000000099999999992 
0.00000000099999999997 0.00000000099999999997 0.01025379137434354916 0.00000000099999999997 0.98974607762598532101 0.00000000099999999997 0.00000000099999999997 0.00000012299967119961 0.00000000099999999997 0.00000000099999999997 0.00000000099999999997 
0.00000000099999999956 0.00000000099999999956 0.00000000099999999956 0.00000000099999999956 0.00000000099999999956 0.00000000099999999956 0.00000000099999999956 0.00000000099999999956 0.99999998999999994975 0.00000000099999999956 0.00000000099999999956 
0.00000000099999999945 0.00000000099999999945 0.00000000099999999945 0.00000000099999999945 0.00000000099999999945 0.00000000099999999945 0.00000000099999999945 0.00000000099999999945 0.00000000099999999945 0.99999998999999994975 0.00000000099999999945 
0.00000000099999999999 0.06095091618053662813 0.02912933309245255287 0.00000000099999999999 0.87605962530755909778 0.00000000099999999999 0.00000000553245049983 0.00000000099999999999 0.00000000099999999999 0.03386011388700137931 0.00000000099999999999 
0.00000000099999999980 0.00000000099999999980 0.00000000099999999980 0.00000000099999999980 0.00000000099999999980 0.99999999000000017180 0.00000000099999999980 0.00000000099999999980 0.00000000099999999980 0.00000000099999999980 0.00000000099999999980 
0.00000000099999999989 0.00000000099999999989 0.00000000099999999989 0.00000000099999999989 0.00000000099999999989 0.00000000099999999989 0.00000000099999999989 0.99999998999999994975 0.00000000099999999989 0.00000000099999999989 0.00000000099999999989 
0.00000000099999999991 0.00000000099999999991 0.07389404626453732750 0.00000000099999999991 0.92610594473546281602 0.00000000099999999991 0.00000000099999999991 0.00000000099999999991 0.00000000099999999991 0.00000000099999999991 0.00000000099999999991 
0.38002761983081528863 0.00000000099999999996 0.00000000099999999996 0.00000000099999999996 0.00000000099999999996 0.15366461064337580411 0.00000000099999999996 0.46630577105935089310 0.00000000099999999996 0.00000000099999999996 0.00000199146645806502 
0.22248387871587146924 0.00000000099999999998 0.00871867828191337513 0.18087217231666352646 0.00000000099999999998 0.08795988633092306774 0.04759726454942102281 0.23252018550915443118 0.00000000099999999998 0.00736963167749501210 0.21247829961855813075 
0.00000000099999999996 0.00000000099999999996 0.00000000099999999996 0.00000000099999999996 0.00000000099999999996 0.35429459740360697007 0.00000000099999999996 0.64570539359639289589 0.00000000099999999996 0.00000000099999999996 0.00000000099999999996 
0.00000000099999999942 0.00000000099999999942 0.00000000099999999942 0.00000000099999999942 0.00000000099999999942 0.00000000099999999942 0.00000000099999999942 0.00000000099999999942 0.99999999000000006077 0.00000000099999999942 0.00000000099999999942 
0.00000000099999999945 0.00000000099999999945 0.00000000099999999945 0.00000000099999999945 0.00000000099999999945 0.00000000099999999945 0.00000000099999999945 0.00000000099999999945 0.99999999000000006077 0.00000000099999999945 0.00000000099999999945 
0.00000000099999999934 0.00000000099999999934 0.00000000099999999934 0.00000000099999999934 0.00000000099999999934 0.00000000099999999934 0.00000000099999999934 0.00000000099999999934 0.99999999000000006077 0.00000000099999999934 0.00000000099999999934 
0.00000000099999999936 0.00000000099999999936 0.00000000099999999936 0.00000000099999999936 0.00000000099999999936 0.00000000099999999936 0.00000000099999999936 0.00000000099999999936 0.99999998999999994975 0.00000000099999999936 0.00000000099999999936 
0.00000000099999999939 0.00000000099999999939 0.00000000099999999939 0.00000000099999999939 0.00000000099999999939 0.00000000099999999939 0.00000000099999999939 0.00000000099999999939 0.99999998999999994975 0.00000000099999999939 0.00000000099999999939 
0.00000000099999999996 0.00000000099999999996 0.01771402710202711964 0.00000000099999999996 0.98228596389797284694 0.00000000099999999996 0.00000000099999999996 0.00000000099999999996 0.00000000099999999996 0.00000000099999999996 0.00000000099999999996 
0.33506093118276264464 0.00001115416186847823 0.04330647674646767586 0.37948497490608523730 0.00000000099999999998 0.00000812397520493358 0.00000000099999999998 0.00000000099999999998 0.00000000099999999998 0.00000000099999999998 0.24212833402761110846 
0.00000000099999999937 0.00000000099999999937 0.00000000099999999937 0.00000000099999999937 0.00000000099999999937 0.00000000099999999937 0.00000000099999999937 0.00000000099999999937 0.99999999000000006077 0.00000000099999999937 0.00000000099999999937 
0.00000000099999999947 0.00000000099999999947 0.00000000099999999947 0.00000000099999999947 0.00000000099999999947 0.00000000099999999947 0.00000000099999999947 0.00000000099999999947 0.99999998999999994975 0.00000000099999999947 0.00000000099999999947 
0.00000000099999999943 0.00000000099999999943 0.00000000099999999943 0.00000000099999999943 0.00000000099999999943 0.00000000099999999943 0.00000000099999999943 0.00000000099999999943 0.00000000099999999943 0.99999998999999994975 0.00000000099999999943 
0.00000000099999999944 0.00000000099999999944 0.00000000099999999944 0.00000000099999999944 0.00000000099999999944 0.00000000099999999944 0.00000000099999999944 0.00000000099999999944 0.00000000099999999944 0.99999998999999994975 0.00000000099999999944 
0.00000000099999999996 0.00000001825652929132 0.00000000099999999996 0.43544736617906448783 0.00000000099999999996 0.00000000099999999996 0.00000000099999999996 0.00000000099999999996 0.00000000099999999996 0.00000000099999999996 0.56455260756440617254 
0.00000000099999999941 0.00000000099999999941 0.00000000099999999941 0.00000000099999999941 0.00000000099999999941 0.00000000099999999941 0.00000000099999999941 0.00000000099999999941 0.99999999000000006077 0.00000000099999999941 0.00000000099999999941 
0.00000000099999999986 0.00000000099999999986 0.00000000099999999986 0.00000000099999999986 0.00000000099999999986 0.00000000099999999986 0.00000000099999999986 0.00000000099999999986 0.00000000099999999986 0.00000000099999999986 0.99999998999999994975 
0.00000000099999999980 0.00000000099999999980 0.00000000099999999980 0.00000000099999999980 0.00000000099999999980 0.99999999000000017180 0.00000000099999999980 0.00000000099999999980 0.00000000099999999980 0.00000000099999999980 0.00000000099999999980 
0.07104612310888797078 0.00000000099999999995 0.00000000099999999995 0.00000000099999999995 0.92895386789111211723 0.00000000099999999995 0.00000000099999999995 0.00000000099999999995 0.00000000099999999995 0.00000000099999999995 0.00000000099999999995 
0.00000000099999999988 0.00000000099999999988 0.00000000099999999988 0.00000000099999999988 0.00000000099999999988 0.00000000099999999988 0.00000000099999999988 0.00000000099999999988 0.00000000099999999988 0.00000000099999999988 0.99999999000000006077 
