0.02610245848704104837 0.00031134002705310819 0.96556990199759928917 0.00801629948830656462 
0.00000000099999999996 0.00000000099999999996 0.00000000099999999996 0.99999999699999997382 
0.00000000099999999996 0.00000000099999999996 0.00000000099999999996 0.99999999699999997382 
0.00554677382137643178 0.00000000099999999999 0.95155907522548544009 0.04289414995313826223 
0.01323471775766827709 0.00000000100000000000 0.98631257575814812455 0.00045270548418354696 
0.00639538580895272074 0.00000000099999999999 0.96298426523739155680 0.03062034795365569870 
0.00000000099999999997 0.00000000099999999997 0.00000000099999999997 0.99999999699999997382 
0.00000000099999999995 0.00000000099999999995 0.00000000099999999995 0.99999999699999997382 
0.01974323487091322188 0.00000000099999999999 0.97125499087484545857 0.00900177325424135304 
0.00000000099999999997 0.00000000099999999997 0.00000000099999999997 0.99999999699999997382 
0.01379805925509105212 0.00000000100000000000 0.96836946069520812852 0.01783247904970072448 
0.01154047737944060778 0.00000000099999999999 0.96577880892347711672 0.02268071269708226909 
0.00887831029729787939 0.00000000100000000000 0.98591946590541590378 0.00520222279728613755 
0.01968414137845061335 0.00000000100000000000 0.96965613426001240338 0.01065972336153698206 
0.02165804625458963781 0.00607434202781650858 0.97095050090152357214 0.00131711081607029773 
0.03333258199617292888 0.00000000099999999999 0.90559222775125125526 0.06107518925257583720 
0.00027373535908739035 0.00000000100000000000 0.99217024226960903732 0.00755602137130349100 
0.00657305879289914706 0.00537181034949427670 0.98805512985760657330 0.00000000100000000000 
0.01150519977612543022 0.00815976266549198713 0.97699486817207281675 0.00334016938630969130 
0.00796097368457989243 0.00000000099999999998 0.99115055873368529404 0.00088846658173482196 
0.00002434979475104324 0.00000000100000000000 0.99594525205628392506 0.00403039714896500419 
0.00000000099999999998 0.00000000099999999998 0.00000000165800162625 0.99999999634199843168 
0.00000000099999999999 0.00000000099999999999 0.96963566828915459528 0.03036432971084536414 
0.00411994624310428256 0.00000000099999999999 0.95796349154315896257 0.03791656121373680050 
0.00000062618724896638 0.00000000099999999999 0.96658475869274729231 0.03341461412000358566 
0.00692640874614485445 0.00000000099999999999 0.99307358925385513793 0.00000000099999999999 
0.99999999700000008485 0.00000000099999999988 0.00000000099999999988 0.00000000099999999988 
0.99999999699999997382 0.00000000099999999986 0.00000000099999999986 0.00000000099999999986 
0.01173275995717161686 0.00000000100000000000 0.98284821750182338462 0.00541902154100500858 
0.01502612278028101281 0.00000000099999999999 0.98497387521971901947 0.00000000099999999999 
0.00000000241513278303 0.00000000099999999999 0.97031224986706599012 0.02968774671780114241 
0.00000000099999999998 0.00000000099999999998 0.00000000099999999998 0.99999999699999997382 
0.36100844422495820263 0.00000000099999999997 0.39852912988660055271 0.24046242488844113416 
0.00112266548068530527 0.00000000099999999999 0.99841689351039131228 0.00046044000892325672 
0.00000000099999999986 0.99999999700000008485 0.00000000099999999986 0.00000000099999999986 
0.00000000099999999982 0.99999999699999997382 0.00000000099999999982 0.00000000099999999982 
0.00000000099999999982 0.99999999700000008485 0.00000000099999999982 0.00000000099999999982 
0.99999999700000008485 0.00000000099999999988 0.00000000099999999988 0.00000000099999999988 
0.99999999700000008485 0.00000000099999999987 0.00000000099999999987 0.00000000099999999987 
0.00364632302714196829 0.00000000099999999999 0.99415059797458105173 0.00220307799827703299 
0.00000000099999999998 0.00000000099999999998 0.00000000099999999998 0.99999999699999997382 
0.99999999699999997382 0.00000000099999999987 0.00000000099999999987 0.00000000099999999987 
0.01219926212011550846 0.00000000099999999999 0.95992832159543761694 0.02787241528444686992 
0.00000000099999999996 0.00000000099999999996 0.00000000099999999996 0.99999999700000008485 
0.99999999699999997382 0.00000000099999999989 0.00000000099999999989 0.00000000099999999989 
0.01000394542214546288 0.00000000099999999999 0.97038007434829309794 0.01961597922956134776 
0.99999999700000008485 0.00000000099999999987 0.00000000099999999987 0.00000000099999999987 
0.00000000099999999997 0.00000000099999999997 0.00000000099999999997 0.99999999699999997382 
0.00000000099999999995 0.00000000099999999995 0.00000000099999999995 0.99999999700000008485 
0.99999999699999997382 0.00000000099999999986 0.00000000099999999986 0.00000000099999999986 
0.99999999700000008485 0.00000000099999999987 0.00000000099999999987 0.00000000099999999987 
0.00000000099999999997 0.00000000099999999997 0.00000000099999999997 0.99999999699999997382 
0.00000000099999999996 0.00000000099999999996 0.00000000099999999996 0.99999999699999997382 
0.00000000099999999997 0.00000000099999999997 0.00000000099999999997 0.99999999699999997382 
0.99999999699999997382 0.00000000099999999989 0.00000000099999999989 0.00000000099999999989 
0.01960859513809444163 0.00000000131780204820 0.93167176392752071301 0.04871963961658264120 
0.03021649883138975007 0.00000000100000000000 0.96750264554821541196 0.00228085462039485844 
0.00000000099999999999 0.00000000099999999999 0.97021839846583635136 0.02978159953416363928 
0.00450037450837266744 0.00000000099999999999 0.97789633712810453137 0.01760328736352281473 
0.00000000099999999996 0.00000000099999999996 0.00000000099999999996 0.99999999699999997382 
0.00983293188002032879 0.00158544191988945296 0.98790902369100186409 0.00067260250908839558 
0.00000000099999999985 0.99999999700000008485 0.00000000099999999985 0.00000000099999999985 
0.00936855926352379333 0.00000000099999999998 0.98051117370317397715 0.01012026603330222832 
0.00000000099999999985 0.99999999700000008485 0.00000000099999999985 0.00000000099999999985 
0.00122035397861866351 0.00000000100000000000 0.95209723460269291007 0.04668241041868832070 
0.00000000099999999986 0.99999999699999997382 0.00000000099999999986 0.00000000099999999986 
0.00572306578458948740 0.00000000099999999999 0.98158823537045536423 0.01268869784495508732 
0.01073825017437138145 0.00000002708993045115 0.97382673421243381995 0.01543498852326425676 
0.00000000099999999995 0.00000000099999999995 0.00000000099999999995 0.99999999699999997382 
0.00000000099999999998 0.00000000099999999998 0.99999719778096984868 0.00000280021903002922 
0.00000000099999999985 0.99999999699999997382 0.00000000099999999985 0.00000000099999999985 
0.00000000099999999987 0.99999999700000008485 0.00000000099999999987 0.00000000099999999987 
0.01488038594706311314 0.00000000099999999999 0.89781655158949047468 0.08730306146344628260 
0.00000000099999999995 0.00000000099999999995 0.00000000099999999995 0.99999999699999997382 
0.99999999700000008485 0.00000000099999999989 0.00000000099999999989 0.00000000099999999989 
0.00000000099999999996 0.00000000099999999996 0.00000000099999999996 0.99999999700000008485 
0.00000000100000000000 0.00120304306348010702 0.95670428877578350679 0.04209266716073638281 
0.00000000099999999984 0.99999999700000008485 0.00000000099999999984 0.00000000099999999984 
0.99999999700000008485 0.00000000099999999985 0.00000000099999999985 0.00000000099999999985 
0.00000000099999999987 0.99999999700000008485 0.00000000099999999987 0.00000000099999999987 
0.02166744947838973243 0.00319912871551052396 0.97264220988199334705 0.00249121192410644426 
0.00000000099999999995 0.00000000099999999995 0.00000000099999999995 0.99999999700000008485 
0.00000000099999999996 0.00000000099999999996 0.00000000099999999996 0.99999999699999997382 
0.00463143917623541103 0.00000000099999999999 0.75926355858921323883 0.23610500123455127608 
0.02492469357018770731 0.00000000100000000000 0.96882016160125639104 0.00625514382855585360 
0.00000140025873295377 0.00000000099999999999 0.98519939631926456425 0.01479920242200248592 
0.00000000099999999999 0.00000000099999999999 0.97103231728425465352 0.02896768071574537876 
0.00262921467459442757 0.00000000100000000000 0.99674490383892089262 0.00062588048648456020 
0.00000000099999999998 0.00000000099999999998 0.99999999699999997382 0.00000000099999999998 
0.00083699886463044801 0.00000000099999999999 0.98412488173237799849 0.01503811840299156162 
0.01065235443644680334 0.00000000099999999999 0.97599632842805283950 0.01335131613550030738 
0.00000010242117487252 0.00000000100000000000 0.95800182778513709447 0.04199806879368798984 
0.00000000099999999996 0.00000000099999999996 0.00000000099999999996 0.99999999700000008485 
0.00000000099999999998 0.00000000099999999998 0.00003844845849505168 0.99996154954150495708 
0.00000000099999999991 0.99999999700000008485 0.00000000099999999991 0.00000000099999999991 
0.00000000099999999998 0.00000000099999999998 0.00000000099999999998 0.99999999699999997382 
0.00000000099999999998 0.00000000099999999998 0.00000000289311498273 0.99999999510688497573 
0.01050067236611743060 0.00000000099999999999 0.96195433940526453576 0.02754498722861792315 
0.00000000099999999982 0.99999999700000008485 0.00000000099999999982 0.00000000099999999982 
0.00829986989338126271 0.00000000100000000000 0.99170012810661867242 0.00000000100000000000 
0.00847354106567510361 0.00000000099999999999 0.97016817595931525986 0.02135828197500960063 
0.01006311990512315756 0.00199143702165357562 0.98314753187424241965 0.00479791119898078950 
0.00704242122304385518 0.00000000100000000000 0.96384035393863132235 0.02911722383832473365 
0.00067176393466506336 0.00015029581724224867 0.99218395500092093631 0.00699398524717170095 
0.00014382365267844914 0.00000001662205937049 0.95727712629640970832 0.04257903342885254599 
0.00906623569928173383 0.00000000100000000000 0.98895112967023190986 0.00198263363048627704 
0.01127261784980554404 0.00000000100000000000 0.97206742982239624506 0.01665995132779822530 
0.03208446802654764396 0.00442774060436476082 0.94712020054374768119 0.01636759082533984638 
0.01506582723471150929 0.00000000099999999999 0.97708621673302520350 0.00784795503226317845 
0.00000000099999999999 0.00000000099999999999 0.99921942693358978271 0.00078057106641009582 
0.02874347030205276488 0.00093978805437901919 0.94307839790750624953 0.02723834373606181386 
0.01411349170150544632 0.00000000099999999999 0.98588650629849450269 0.00000000099999999999 
0.00068646833857212420 0.00000000100000000000 0.98435166969057208419 0.01496186097085587183 
0.00152592949582812886 0.00000000099999999999 0.99667533593702561934 0.00179873356714616364 
0.00000000099999999999 0.00000000099999999999 0.96229813889531490290 0.03770185910468505652 
0.01098445346182923971 0.00000000100000000000 0.97010989506517875114 0.01890565047299191254 
0.00000000099999999999 0.00000000099999999999 0.95538603508622388372 0.04461396291377610346 
0.00195380430138117605 0.00000000100000000000 0.99043292456613374330 0.00761327013248513842 
0.00243553587570075622 0.00000000099999999999 0.96811291636156715512 0.02945154676273215380 
0.00715516509546864146 0.06802418521858695499 0.89684283456827729175 0.02797781511766716037 
0.00000000099999999999 0.00000000099999999999 0.99256084621424622849 0.00743915178575376996 
0.00000000099999999998 0.00000000099999999998 0.97811640026835500183 0.02188359773164486044 
0.00000122737709574104 0.00000000099999999998 0.96919964140675451958 0.03079913021614983162 
0.01930397192093384270 0.00000000099999999999 0.97833979028089523844 0.00235623679817086864 
0.00000000099999999998 0.00000000099999999998 0.98168185695097620602 0.01831814104902383319 
0.00854180274440564241 0.00362011227447272144 0.98015536550263837601 0.00768271947848330264 
0.00888736513407553837 0.00000000099999999999 0.97546353433034094227 0.01564909953558365693 
0.00300810331915918111 0.00000000099999999999 0.99699189468084081778 0.00000000099999999999 
0.00000000099999999998 0.00000000099999999998 0.96248600245061388669 0.03751399554938610048 
0.00000000099999999996 0.00000000099999999996 0.00000000099999999996 0.99999999699999997382 
0.00000000099999999998 0.00000000099999999998 0.00000002234618736412 0.99999997565381271158 
0.00000000099999999988 0.99999999699999997382 0.00000000099999999988 0.00000000099999999988 
0.99999999700000008485 0.00000000099999999985 0.00000000099999999985 0.00000000099999999985 
0.03979708593252626048 0.00000000100000000000 0.04630258998462210424 0.91390032308285173990 
0.00000000099999999998 0.00000000099999999998 0.98276227579824226854 0.01723772220175773945 
0.00461744331904925982 0.00000000100000000000 0.96323080504435920624 0.03215175063659157090 
0.00395532975223579584 0.00000000099999999999 0.00000000099999999999 0.99604466824776427547 
0.00000000099999999999 0.00000000099999999999 0.97708599365141390880 0.02291400434858606797 
0.01525392610360409157 0.00000000099999999998 0.98144867888485587404 0.00329739401154007438 
0.00615603471559072069 0.00000000099999999999 0.99384396328440927082 0.00000000099999999999 
0.00000000099999999984 0.99999999699999997382 0.00000000099999999984 0.00000000099999999984 
0.00000000099999999985 0.99999999700000008485 0.00000000099999999985 0.00000000099999999985 
0.00000000099999999982 0.99999999699999997382 0.00000000099999999982 0.00000000099999999982 
0.00000000099999999983 0.99999999700000008485 0.00000000099999999983 0.00000000099999999983 
0.00000000099999999983 0.99999999700000008485 0.00000000099999999983 0.00000000099999999983 
0.00000000099999999998 0.00000000099999999998 0.00000000099999999998 0.99999999699999997382 
0.01466985798565368163 0.00000000100000000000 0.97951208535326350635 0.00581805566108284117 
0.00000000099999999983 0.99999999699999997382 0.00000000099999999983 0.00000000099999999983 
0.00000000099999999985 0.99999999700000008485 0.00000000099999999985 0.00000000099999999985 
0.99999999700000008485 0.00000000099999999985 0.00000000099999999985 0.00000000099999999985 
0.99999999700000008485 0.00000000099999999985 0.00000000099999999985 0.00000000099999999985 
0.00000000099999999999 0.00000000099999999999 0.99997828328179239055 0.00002171471820751008 
0.00000000099999999984 0.99999999699999997382 0.00000000099999999984 0.00000000099999999984 
0.00000001168393388087 0.00005549537441246151 0.97944440752827000018 0.02050008541338367921 
0.00242604532533910542 0.00000000099999999999 0.99757395267466086874 0.00000000099999999999 
0.00000000099999999998 0.00000000099999999998 0.03847216016331184152 0.96152783783668804851 
0.00007586233427342882 0.00000000099999999999 0.98453683138867709168 0.01538730527704948448 
0.00000000099999999995 0.00000000099999999995 0.00000000099999999995 0.99999999700000008485 
0.00890319847277091202 0.00000000099999999999 0.96484909660644235796 0.02624770392078669759 
0.00000000099999999995 0.00000000099999999995 0.00000000099999999995 0.99999999700000008485 
0.02052096502757377872 0.00000000100000000000 0.96292288195448605403 0.01655615201794002553 
0.01618493799566719793 0.00000000100000000000 0.98369826022949780064 0.00011680077483506730 
0.00000000099999999986 0.99999999700000008485 0.00000000099999999986 0.00000000099999999986 
0.00000000099999999996 0.00000000099999999996 0.00000000099999999996 0.99999999700000008485 
0.00000000099999999983 0.99999999699999997382 0.00000000099999999983 0.00000000099999999983 
0.00000000099999999983 0.99999999699999997382 0.00000000099999999983 0.00000000099999999983 
0.00131405407076947778 0.00000000100000000000 0.98557657972383350131 0.01310936520539691258 
0.00061528794939787711 0.00000000099999999999 0.96720012126542820319 0.03218458978517393237 
0.00000000099999999998 0.00000000099999999998 0.98834732660625568279 0.01165267139374429224 
0.00624125615963892419 0.00000000099999999999 0.98857105131604761095 0.00518769152431349401 
0.01583315817401358822 0.00000000099999999999 0.97356552983002586643 0.01060131099596053721 
0.01064826888480393564 0.00000000099999999999 0.96699484569909099907 0.02235688441610508836 
0.00000028290532806824 0.00000000099999999999 0.99999971509467200370 0.00000000099999999999 
0.00000000099999999998 0.00000000099999999998 0.00214426321433887910 0.99785573478566114147 
0.00018010193426798554 0.00000000099999999999 0.99981508652252615299 0.00000481054320587709 
0.00000000099999999983 0.99999999700000008485 0.00000000099999999983 0.00000000099999999983 
0.00338500161008696522 0.00000000100000000000 0.99384067035910828025 0.00277432703080472210 
0.00000000099999999994 0.99999999699999997382 0.00000000099999999994 0.00000000099999999994 
0.00000000099999999985 0.99999999699999997382 0.00000000099999999985 0.00000000099999999985 
0.00003143715362726144 0.00000000099999999999 0.97177073790562962241 0.02819782394074303589 
0.01268552447165949108 0.00000000099999999999 0.98731447352834045272 0.00000000099999999999 
0.00000000100000000000 0.00000518137564582860 0.97556003863367013462 0.02443477899068394188 
0.00000000099999999987 0.99999999700000008485 0.00000000099999999987 0.00000000099999999987 
0.00000000099999999996 0.00000000099999999996 0.00000000099999999996 0.99999999699999997382 
0.00000000099999999996 0.00000000099999999996 0.00000000099999999996 0.99999999699999997382 
0.00000000099999999985 0.99999999700000008485 0.00000000099999999985 0.00000000099999999985 
0.01015382613194462484 0.00000000100000000000 0.97872386015125822922 0.01112231271679705973 
0.01606908212990653534 0.00000000100000000000 0.93988339268937814985 0.04404752418071533615 
0.00000000099999999986 0.99999999699999997382 0.00000000099999999986 0.00000000099999999986 
0.01085762668102573450 0.00000000099999999999 0.97969200060440220224 0.00945037171457199440 
0.00000000099999999995 0.00000000099999999995 0.00000000099999999995 0.99999999700000008485 
0.11194996361064912804 0.10674757980786951650 0.54453144404485709362 0.23677101253662435898 
0.00000000100000000000 0.00458439878706683613 0.96333108872825923275 0.03208451148467379721 
0.01601974121928218323 0.00000000099999999999 0.94591608806642613061 0.03806416971429159996 
0.01843773738088742842 0.00000000099999999999 0.97843254757918574072 0.00312971403992666269 
0.01473452684337428487 0.00000000099999999999 0.98501499853358442937 0.00025047362304140913 
0.00604977050369286031 0.00000000099999999999 0.99395022749630723702 0.00000000099999999999 
0.00000000099999999999 0.00000000099999999999 0.98883467123482593486 0.01116532676517413905 
0.01650254892949086505 0.00000000099999999999 0.97300624335574026347 0.01049120671476889109 
0.00825510356968633258 0.00831896425097025487 0.95668288687544256188 0.02674304530390078996 
0.00000000099999999997 0.00000000099999999997 0.00000000099999999997 0.99999999700000008485 
0.01043551209603110937 0.00000000099999999999 0.96672560602390966711 0.02283888088005920150 
0.01020524789537511148 0.00000000099999999999 0.98979475010462480977 0.00000000099999999999 
0.00558351482461678494 0.00000000100000000000 0.94474157688508919595 0.04967490729029400837 
0.00000000099999999999 0.00000000099999999999 0.97858538824874219397 0.02141460975125782096 
0.00558644396255880953 0.00238890292142605572 0.95474276253342338361 0.03728189058259173683 
0.00059936900435563173 0.00000000099999999999 0.99939952025219613851 0.00000110974344834241 
0.00229501095346692618 0.00000000100000000000 0.97875957004767843994 0.01894541799885473068 
0.00000000099999999998 0.00000000099999999998 0.00202314119195933862 0.99797685680804060215 
0.02088967641173612028 0.00000000099999999999 0.95531260162905007327 0.02379772095921379310 
0.01366454634907724591 0.00000000099999999999 0.97621796936921023669 0.01011748328171259079 
0.00026815089748249250 0.01107741906934550311 0.97408197598454326904 0.01457245404862870207 
0.00000000099999999998 0.00000000099999999998 0.00000007048934614595 0.99999992751065380769 
0.00000022847913298103 0.01927473040774254839 0.95109101079569646764 0.02963403031742804783 
0.01257201332797459534 0.00000000100000000000 0.97420132565436790006 0.01322666001765747910 
0.01193828559050300227 0.00000000099999999999 0.50614100210242973787 0.48192071130706731763 
0.00000000099999999998 0.00000000099999999998 0.96962372330462853753 0.03037627469537130045 
0.00000000099999999986 0.99999999700000008485 0.00000000099999999986 0.00000000099999999986 
0.01979748627322502896 0.00000000099999999999 0.95913631663785170467 0.02106619608892331894 
0.00788992311135992309 0.00000000100000000000 0.96249394640716179339 0.02961612948147826843 
