0.00000000099999999991 0.99999999000000028282 0.00000000099999999991 0.00000000099999999991 0.00000000099999999991 0.00000000099999999991 0.00000000099999999991 0.00000000099999999991 0.00000000099999999991 0.00000000099999999991 0.00000000099999999991 
0.00000000099999999993 0.00000000099999999993 0.00000000099999999993 0.00000000099999999993 0.00000000099999999993 0.00000000099999999993 0.00000000099999999993 0.99999998999999994975 0.00000000099999999993 0.00000000099999999993 0.00000000099999999993 
0.02846615770179161328 0.00000000099999999992 0.00000000099999999992 0.00000000099999999992 0.00000000099999999992 0.00000000099999999992 0.00000000099999999992 0.97153383329820830472 0.00000000099999999992 0.00000000099999999992 0.00000000099999999992 
0.00000000099999999998 0.00000002138403608230 0.00037524501240994895 0.00000000099999999998 0.16882942365025022102 0.00000000099999999998 0.00150398015591300498 0.02922008824598009910 0.14550681264681064597 0.32708289953659674953 0.32748152636800326176 
0.00627222784467158009 0.00000000099999999999 0.00000000099999999999 0.00000000099999999999 0.00000000099999999999 0.00000000099999999999 0.08105446920176144487 0.00000000099999999999 0.34651297005802472739 0.20755733803977052809 0.35860298885577174266 
0.00000023606948895913 0.14530419059086538414 0.00000000099999999994 0.00000000099999999994 0.00000000099999999994 0.00000000099999999994 0.00000000099999999994 0.00000000099999999994 0.00000000099999999994 0.00000000099999999994 0.85469556533964574641 
0.05782286577930973587 0.00000000099999999990 0.00000000099999999990 0.00000000099999999990 0.00000000099999999990 0.00000000099999999990 0.00000000099999999990 0.94217712522069030356 0.00000000099999999990 0.00000000099999999990 0.00000000099999999990 
0.00000000099999999989 0.00000000099999999989 0.00000000099999999989 0.00000000099999999989 0.00000000099999999989 0.00000000099999999989 0.00000000099999999989 0.99999998999999994975 0.00000000099999999989 0.00000000099999999989 0.00000000099999999989 
0.00000000099999999997 0.28462664416652611044 0.30755831807355654695 0.01023874174010802780 0.00000000099999999997 0.00000000099999999997 0.09632235992092420818 0.00000000099999999997 0.00000002656612998731 0.30125386026962031050 0.00000004526313483266 
0.00000000099999999993 0.00000000099999999993 0.00000000099999999993 0.00000000099999999993 0.00000000099999999993 0.00000000099999999993 0.00000000099999999993 0.99999998999999994975 0.00000000099999999993 0.00000000099999999993 0.00000000099999999993 
0.00000000099999999994 0.00000000099999999994 0.43029841298443216591 0.00000000099999999994 0.00000000099999999994 0.00000000099999999994 0.00000000099999999994 0.00000000099999999994 0.00000000099999999994 0.56970157801556764454 0.00000000099999999994 
0.00000000099999999996 0.00000000099999999996 0.54874748406259432620 0.00000000099999999996 0.00000000099999999996 0.00000000099999999996 0.00000000099999999996 0.00000000099999999996 0.00000000099999999996 0.00000000099999999996 0.45125250693740570629 
0.00120777039698068633 0.00000000099999999998 0.34249026795577236504 0.00000000099999999998 0.34313913224279501968 0.00000000099999999998 0.00000000099999999998 0.00000000099999999998 0.31316282240445214580 0.00000000099999999998 0.00000000099999999998 
0.00000000099999999994 0.99999999000000017180 0.00000000099999999994 0.00000000099999999994 0.00000000099999999994 0.00000000099999999994 0.00000000099999999994 0.00000000099999999994 0.00000000099999999994 0.00000000099999999994 0.00000000099999999994 
0.00000000099999999985 0.00000000099999999985 0.00000000099999999985 0.00000000099999999985 0.00000000099999999985 0.00000000099999999985 0.00000000099999999985 0.00000000099999999985 0.00000000099999999985 0.99999999000000006077 0.00000000099999999985 
0.02307648090415023376 0.17911600651578563070 0.05546052627928806794 0.02210515381766092399 0.00000000328946801759 0.00000000099999999999 0.07290624073199195032 0.03970069754041760657 0.13644943222606165101 0.20378722675537022657 0.26739823093980569224 
0.00000000099999999989 0.99999999000000017180 0.00000000099999999989 0.00000000099999999989 0.00000000099999999989 0.00000000099999999989 0.00000000099999999989 0.00000000099999999989 0.00000000099999999989 0.00000000099999999989 0.00000000099999999989 
0.00000000099999999997 0.00000000099999999997 0.44133986598798624623 0.00000000099999999997 0.00000000099999999997 0.00000000099999999997 0.00000000099999999997 0.00000000099999999997 0.00000000099999999997 0.00000000099999999997 0.55866012501201356422 
0.00000000099999999999 0.21249238004686360481 0.00000000099999999999 0.00000002456308080458 0.09679760018270291977 0.00000000099999999999 0.00000000099999999999 0.00000000099999999999 0.18564137282441539600 0.18683233394691145524 0.31823628343602583524 
0.00000000099999999996 0.00000000099999999996 0.00000000099999999996 0.00000000099999999996 0.00000000099999999996 0.00000000099999999996 0.00000000099999999996 0.00000000099999999996 0.27291524296115460269 0.43518441696861981383 0.29190033207022564321 
0.00000000099999999997 0.00008271489292441631 0.31987859383928712864 0.00000000099999999997 0.29562014861493096651 0.00000000099999999997 0.00000000099999999997 0.00000000099999999997 0.13783559261507813409 0.24112731989488617179 0.00545562514289320896 
0.03509288790125734275 0.00000000099999999995 0.00000000099999999995 0.00000000099999999995 0.00000000099999999995 0.00000000099999999995 0.00000000099999999995 0.96490710309874283546 0.00000000099999999995 0.00000000099999999995 0.00000000099999999995 
0.00000000099999999978 0.00000000099999999978 0.00000000099999999978 0.00000000099999999978 0.00000000099999999978 0.00000000099999999978 0.99999999000000006077 0.00000000099999999978 0.00000000099999999978 0.00000000099999999978 0.00000000099999999978 
0.00000000099999999956 0.00000000099999999956 0.00000000099999999956 0.00000000099999999956 0.00000000099999999956 0.00000000099999999956 0.99999998999999994975 0.00000000099999999956 0.00000000099999999956 0.00000000099999999956 0.00000000099999999956 
0.00000000099999999984 0.00000000099999999984 0.00000000099999999984 0.00000000099999999984 0.99999999000000006077 0.00000000099999999984 0.00000000099999999984 0.00000000099999999984 0.00000000099999999984 0.00000000099999999984 0.00000000099999999984 
0.00000000099999999987 0.00000000099999999987 0.00000000099999999987 0.00000000099999999987 0.00000000099999999987 0.00000000099999999987 0.00000000099999999987 0.00000000099999999987 0.99999999000000006077 0.00000000099999999987 0.00000000099999999987 
0.00000000099999999956 0.00000000099999999956 0.00000000099999999956 0.99999999000000006077 0.00000000099999999956 0.00000000099999999956 0.00000000099999999956 0.00000000099999999956 0.00000000099999999956 0.00000000099999999956 0.00000000099999999956 
0.00000000099999999949 0.00000000099999999949 0.00000000099999999949 0.99999999000000006077 0.00000000099999999949 0.00000000099999999949 0.00000000099999999949 0.00000000099999999949 0.00000000099999999949 0.00000000099999999949 0.00000000099999999949 
0.00000000099999999983 0.00000000099999999983 0.00000000099999999983 0.00000000099999999983 0.99999999000000017180 0.00000000099999999983 0.00000000099999999983 0.00000000099999999983 0.00000000099999999983 0.00000000099999999983 0.00000000099999999983 
0.00000000099999999993 0.75441641063192188543 0.00000000099999999993 0.00000000099999999993 0.24558358036807834135 0.00000000099999999993 0.00000000099999999993 0.00000000099999999993 0.00000000099999999993 0.00000000099999999993 0.00000000099999999993 
0.03791704830201175075 0.13541701986238979805 0.00000000099999999996 0.00000000099999999996 0.31333831961673225264 0.00000000099999999996 0.09953946443422714840 0.00000000099999999996 0.00000000099999999996 0.41378814178463896312 0.00000000099999999996 
0.00000000099999999985 0.00000000099999999985 0.00000000099999999985 0.00000000099999999985 0.00000000099999999985 0.00000000099999999985 0.16340398302362474370 0.83659600797637534431 0.00000000099999999985 0.00000000099999999985 0.00000000099999999985 
0.00000000099999999973 0.00000000099999999973 0.00000000099999999973 0.37604537031315854456 0.00000000099999999973 0.00000000099999999973 0.62395462068684137691 0.00000000099999999973 0.00000000099999999973 0.00000000099999999973 0.00000000099999999973 
0.00000000099999999995 0.73895739275370742050 0.00000000099999999995 0.00000000099999999995 0.26104259824629283404 0.00000000099999999995 0.00000000099999999995 0.00000000099999999995 0.00000000099999999995 0.00000000099999999995 0.00000000099999999995 
0.00000000099999999946 0.00000000099999999946 0.00000000099999999946 0.00000000099999999946 0.00000000099999999946 0.99999999000000006077 0.00000000099999999946 0.00000000099999999946 0.00000000099999999946 0.00000000099999999946 0.00000000099999999946 
0.00000000099999999934 0.00000000099999999934 0.00000000099999999934 0.00000000099999999934 0.00000000099999999934 0.99999999000000017180 0.00000000099999999934 0.00000000099999999934 0.00000000099999999934 0.00000000099999999934 0.00000000099999999934 
0.00000000099999999935 0.00000000099999999935 0.00000000099999999935 0.00000000099999999935 0.00000000099999999935 0.99999999000000006077 0.00000000099999999935 0.00000000099999999935 0.00000000099999999935 0.00000000099999999935 0.00000000099999999935 
0.00000000099999999956 0.00000000099999999956 0.00000000099999999956 0.99999999000000017180 0.00000000099999999956 0.00000000099999999956 0.00000000099999999956 0.00000000099999999956 0.00000000099999999956 0.00000000099999999956 0.00000000099999999956 
0.00000000099999999950 0.00000000099999999950 0.00000000099999999950 0.99999999000000017180 0.00000000099999999950 0.00000000099999999950 0.00000000099999999950 0.00000000099999999950 0.00000000099999999950 0.00000000099999999950 0.00000000099999999950 
0.00000000099999999986 0.00000000099999999986 0.00000000099999999986 0.00000000099999999986 0.00000000099999999986 0.00000000099999999986 0.00000000099999999986 0.00000000099999999986 0.99999998999999994975 0.00000000099999999986 0.00000000099999999986 
0.00000000099999999996 0.00000000099999999996 0.00000000099999999996 0.00000000099999999996 0.00000000099999999996 0.00000000099999999996 0.00000000099999999996 0.99999999000000006077 0.00000000099999999996 0.00000000099999999996 0.00000000099999999996 
0.00000000099999999953 0.00000000099999999953 0.00000000099999999953 0.99999999000000017180 0.00000000099999999953 0.00000000099999999953 0.00000000099999999953 0.00000000099999999953 0.00000000099999999953 0.00000000099999999953 0.00000000099999999953 
0.00000000099999999999 0.00000000099999999999 0.19379117833601103293 0.00682630417076996159 0.11974174828314071428 0.00000000099999999999 0.12390976520592729415 0.00000033128313671844 0.21027477133137378873 0.15395159147509626663 0.19150430691454423116 
0.00000000099999999992 0.00000000099999999992 0.00000000099999999992 0.00000000099999999992 0.00000000099999999992 0.00000000099999999992 0.00000000099999999992 0.99999998999999994975 0.00000000099999999992 0.00000000099999999992 0.00000000099999999992 
0.00000000099999999959 0.00000000099999999959 0.00000000099999999959 0.99999999000000006077 0.00000000099999999959 0.00000000099999999959 0.00000000099999999959 0.00000000099999999959 0.00000000099999999959 0.00000000099999999959 0.00000000099999999959 
0.00000000099999999997 0.45421053774327774244 0.00000000099999999997 0.00000000099999999997 0.17250212089556904438 0.00000000099999999997 0.09655839857718566399 0.00000000099999999997 0.00000000099999999997 0.00000000099999999997 0.27672893578396762226 
0.00000000099999999954 0.00000000099999999954 0.00000000099999999954 0.99999999000000017180 0.00000000099999999954 0.00000000099999999954 0.00000000099999999954 0.00000000099999999954 0.00000000099999999954 0.00000000099999999954 0.00000000099999999954 
0.01880422704078860488 0.00000000099999999993 0.00000000099999999993 0.00000000099999999993 0.00000000099999999993 0.00000000099999999993 0.00000000099999999993 0.98119576395921148659 0.00000000099999999993 0.00000000099999999993 0.00000000099999999993 
0.00000000099999999989 0.00000000099999999989 0.00000000099999999989 0.00000000099999999989 0.00000000099999999989 0.00000000099999999989 0.00000000099999999989 0.99999998999999994975 0.00000000099999999989 0.00000000099999999989 0.00000000099999999989 
0.00000000099999999947 0.00000000099999999947 0.00000000099999999947 0.99999999000000017180 0.00000000099999999947 0.00000000099999999947 0.00000000099999999947 0.00000000099999999947 0.00000000099999999947 0.00000000099999999947 0.00000000099999999947 
0.00000000099999999951 0.00000000099999999951 0.00000000099999999951 0.99999999000000017180 0.00000000099999999951 0.00000000099999999951 0.00000000099999999951 0.00000000099999999951 0.00000000099999999951 0.00000000099999999951 0.00000000099999999951 
0.00000000099999999995 0.00000000099999999995 0.00000000099999999995 0.00000000099999999995 0.00000000099999999995 0.00000000099999999995 0.00000000099999999995 0.99999999000000006077 0.00000000099999999995 0.00000000099999999995 0.00000000099999999995 
0.00000000099999999992 0.00000000099999999992 0.00000000099999999992 0.00000000099999999992 0.03085037223868848308 0.00000000099999999992 0.00000000099999999992 0.96914961876131144880 0.00000000099999999992 0.00000000099999999992 0.00000000099999999992 
0.00000000099999999995 0.00000000099999999995 0.00000000099999999995 0.00000000099999999995 0.00906526227327767928 0.00000000099999999995 0.00000000099999999995 0.99093472872672250240 0.00000000099999999995 0.00000000099999999995 0.00000000099999999995 
0.00000000099999999961 0.00000000099999999961 0.00000000099999999961 0.99999999000000006077 0.00000000099999999961 0.00000000099999999961 0.00000000099999999961 0.00000000099999999961 0.00000000099999999961 0.00000000099999999961 0.00000000099999999961 
0.00000000099999999997 0.00000000099999999997 0.37266324341313356028 0.00000000099999999997 0.00000000099999999997 0.00000000099999999997 0.21743833846126237042 0.00463521274585559917 0.00000000099999999997 0.00000000099999999997 0.40526319837974850158 
0.00000000099999999983 0.00000000099999999983 0.00000000099999999983 0.00000000099999999983 0.99999999000000017180 0.00000000099999999983 0.00000000099999999983 0.00000000099999999983 0.00000000099999999983 0.00000000099999999983 0.00000000099999999983 
0.00000000099999999993 0.00000000099999999993 0.00000000099999999993 0.00000000099999999993 0.00000000099999999993 0.00000000099999999993 0.00000000099999999993 0.00000000099999999993 0.63717259063659237306 0.36282740036340754841 0.00000000099999999993 
0.01673564728748365080 0.12838087840359282965 0.01337569475733174640 0.00000000099999999998 0.26251025163674940321 0.00000000099999999998 0.08275847304944908278 0.00000000099999999998 0.14004456506296417140 0.22647331655861424604 0.12972117024381477068 
0.00000000099999999991 0.00000000099999999991 0.00000000099999999991 0.00000000099999999991 0.00000000099999999991 0.00000000099999999991 0.00000000099999999991 0.99999998999999994975 0.00000000099999999991 0.00000000099999999991 0.00000000099999999991 
0.00000000099999999994 0.00000000099999999994 0.00000000099999999994 0.00000000099999999994 0.49281765906028029978 0.00000000099999999994 0.00000000099999999994 0.00000000099999999994 0.00000000099999999994 0.00000000099999999994 0.50718233193971962169 
0.00000000099999999944 0.00000000099999999944 0.00000000099999999944 0.00000000099999999944 0.00000000099999999944 0.99999999000000006077 0.00000000099999999944 0.00000000099999999944 0.00000000099999999944 0.00000000099999999944 0.00000000099999999944 
0.00000000099999999984 0.00000000099999999984 0.00000000099999999984 0.00000000099999999984 0.00000000099999999984 0.00000000099999999984 0.00000000099999999984 0.00000000099999999984 0.00000000099999999984 0.99999998999999994975 0.00000000099999999984 
0.00000000099999999945 0.00000000099999999945 0.00000000099999999945 0.00000000099999999945 0.00000000099999999945 0.99999999000000017180 0.00000000099999999945 0.00000000099999999945 0.00000000099999999945 0.00000000099999999945 0.00000000099999999945 
0.03045343330579793409 0.14941201337087853251 0.29906607127167333937 0.00000000099999999998 0.28333972320455602656 0.00000000099999999998 0.08762122017169057808 0.01443478220651537441 0.00000009524360976243 0.00689603158566604122 0.12877662763961239545 
0.00000000099999999946 0.00000000099999999946 0.00000000099999999946 0.00000000099999999946 0.00000000099999999946 0.99999999000000006077 0.00000000099999999946 0.00000000099999999946 0.00000000099999999946 0.00000000099999999946 0.00000000099999999946 
0.06003464093987876532 0.93996535006012149616 0.00000000099999999992 0.00000000099999999992 0.00000000099999999992 0.00000000099999999992 0.00000000099999999992 0.00000000099999999992 0.00000000099999999992 0.00000000099999999992 0.00000000099999999992 
0.00000000099999999996 0.00000000099999999996 0.00000000099999999996 0.00000000099999999996 0.00000000099999999996 0.00000000099999999996 0.09725263942305646669 0.00000000099999999996 0.36848114915542695691 0.00000000099999999996 0.53426620342151665000 
0.00000000099999999990 0.00000000099999999990 0.00000000099999999990 0.00000000099999999990 0.00000000099999999990 0.00000000099999999990 0.00000000099999999990 0.99999999000000006077 0.00000000099999999990 0.00000000099999999990 0.00000000099999999990 
0.00000000099999999985 0.99999999000000028282 0.00000000099999999985 0.00000000099999999985 0.00000000099999999985 0.00000000099999999985 0.00000000099999999985 0.00000000099999999985 0.00000000099999999985 0.00000000099999999985 0.00000000099999999985 
0.00000000099999999947 0.00000000099999999947 0.00000000099999999947 0.00000000099999999947 0.00000000099999999947 0.99999999000000006077 0.00000000099999999947 0.00000000099999999947 0.00000000099999999947 0.00000000099999999947 0.00000000099999999947 
0.00000000099999999950 0.00000000099999999950 0.00000000099999999950 0.00000000099999999950 0.00000000099999999950 0.99999999000000017180 0.00000000099999999950 0.00000000099999999950 0.00000000099999999950 0.00000000099999999950 0.00000000099999999950 
0.00000000099999999998 0.07906011190860996740 0.27159031238538128283 0.00906501492476783494 0.26912299272954826046 0.00000000099999999998 0.00000000099999999998 0.07257516458946319804 0.13192709632852880897 0.16665342880900727018 0.00000587532469335998 
0.00000000099999999991 0.00000000099999999991 0.00000000099999999991 0.00000000099999999991 0.00000000099999999991 0.00000000099999999991 0.00000000099999999991 0.99999998999999994975 0.00000000099999999991 0.00000000099999999991 0.00000000099999999991 
0.00000000099999999962 0.00000000099999999962 0.00000000099999999962 0.99999999000000006077 0.00000000099999999962 0.00000000099999999962 0.00000000099999999962 0.00000000099999999962 0.00000000099999999962 0.00000000099999999962 0.00000000099999999962 
0.00000000099999999992 0.00000000099999999992 0.00000000099999999992 0.00000000099999999992 0.00000000099999999992 0.00000000099999999992 0.00000000099999999992 0.99999998999999994975 0.00000000099999999992 0.00000000099999999992 0.00000000099999999992 
0.03385156235746793890 0.34647472266432499666 0.23249454380192832725 0.00000000099999999998 0.00000000099999999998 0.00000000099999999998 0.07631517091256012630 0.00618581722613483972 0.30467817803758390216 0.00000000099999999998 0.00000000099999999998 
0.00000000099999999940 0.00000000099999999940 0.00000000099999999940 0.00000000099999999940 0.00000000099999999940 0.99999999000000017180 0.00000000099999999940 0.00000000099999999940 0.00000000099999999940 0.00000000099999999940 0.00000000099999999940 
0.00000000099999999943 0.00000000099999999943 0.00000000099999999943 0.99999999000000017180 0.00000000099999999943 0.00000000099999999943 0.00000000099999999943 0.00000000099999999943 0.00000000099999999943 0.00000000099999999943 0.00000000099999999943 
0.00000000099999999953 0.00000000099999999953 0.00000000099999999953 0.00000000099999999953 0.00000000099999999953 0.99999999000000017180 0.00000000099999999953 0.00000000099999999953 0.00000000099999999953 0.00000000099999999953 0.00000000099999999953 
0.00000000099999999980 0.00000000099999999980 0.00000000099999999980 0.00000000099999999980 0.99999999000000006077 0.00000000099999999980 0.00000000099999999980 0.00000000099999999980 0.00000000099999999980 0.00000000099999999980 0.00000000099999999980 
0.00000000099999999988 0.00000000099999999988 0.00000000099999999988 0.00000000099999999988 0.00000000099999999988 0.00000000099999999988 0.00000000099999999988 0.99999999000000006077 0.00000000099999999988 0.00000000099999999988 0.00000000099999999988 
0.01367788159764052845 0.00000000099999999991 0.00000000099999999991 0.00000000099999999991 0.00000000099999999991 0.00000000099999999991 0.00000000099999999991 0.98632210940235942598 0.00000000099999999991 0.00000000099999999991 0.00000000099999999991 
0.00000000099999999979 0.00000000099999999979 0.00000000099999999979 0.00000000099999999979 0.00000000099999999979 0.00000000099999999979 0.99999998999999994975 0.00000000099999999979 0.00000000099999999979 0.00000000099999999979 0.00000000099999999979 
0.00000000099999999999 0.12375534456647871440 0.11794985727547041554 0.01782364925517277224 0.18736680141475436923 0.00000000099999999999 0.07658600664554164605 0.00000000099999999999 0.00000022307157795773 0.21356711068164241363 0.26295100408936167291 
0.00000000099999999997 0.00000011502646922777 0.16322045782727839791 0.00000000099999999997 0.32368699315108173664 0.00000000099999999997 0.00000000099999999997 0.00000000099999999997 0.18053477221012881326 0.33255765578504165036 0.00000000099999999997 
0.00988235963086185783 0.00117588609110987085 0.26142738336213150463 0.00000000099999999998 0.15908206751215170360 0.00000000099999999998 0.05199302183295782115 0.00213654758127063962 0.00000000099999999998 0.18756786047356807656 0.32673487051594857222 
0.00000000099999999997 0.00000000099999999997 0.14966894690517115740 0.00000000099999999997 0.27613296986911101127 0.00000000099999999997 0.12499972649934192048 0.00000000099999999997 0.24775155842030305298 0.20144679230607265286 0.00000000099999999997 
0.00000000099999999990 0.99999999000000028282 0.00000000099999999990 0.00000000099999999990 0.00000000099999999990 0.00000000099999999990 0.00000000099999999990 0.00000000099999999990 0.00000000099999999990 0.00000000099999999990 0.00000000099999999990 
0.00000000099999999995 0.00000000099999999995 0.12418437687658447077 0.00000000099999999995 0.00030364209823869985 0.00000000099999999995 0.00000000190244691359 0.00000000099999999995 0.00000000099999999995 0.48917959810928030029 0.38633237501344963594 
0.00000000099999999987 0.00000000099999999987 0.99999999000000006077 0.00000000099999999987 0.00000000099999999987 0.00000000099999999987 0.00000000099999999987 0.00000000099999999987 0.00000000099999999987 0.00000000099999999987 0.00000000099999999987 
0.00000000099999999997 0.23607532449301682487 0.00000000099999999997 0.00000000099999999997 0.24520789923118005427 0.00000000099999999997 0.00000000099999999997 0.01837275400757022725 0.00000000099999999997 0.50034366196975854635 0.00000035429847434957 
0.00000000099999999993 0.00000000099999999993 0.00000000099999999993 0.00000000099999999993 0.00000000099999999993 0.00000000099999999993 0.00000000099999999993 0.99999998999999994975 0.00000000099999999993 0.00000000099999999993 0.00000000099999999993 
0.00000000099999999995 0.00000000099999999995 0.00000000099999999995 0.00000000099999999995 0.00000000099999999995 0.00000000099999999995 0.00000000099999999995 0.95925821363897878502 0.04074177736102108094 0.00000000099999999995 0.00000000099999999995 
0.00000000099999999967 0.00000000099999999967 0.00000000099999999967 0.00000000099999999967 0.00000000099999999967 0.99999999000000006077 0.00000000099999999967 0.00000000099999999967 0.00000000099999999967 0.00000000099999999967 0.00000000099999999967 
0.00000000099999999996 0.00000000099999999996 0.00000000099999999996 0.00000000099999999996 0.00000000099999999996 0.00000000099999999996 0.00000000099999999996 0.99999999000000006077 0.00000000099999999996 0.00000000099999999996 0.00000000099999999996 
0.00000000099999999995 0.00000000099999999995 0.00000000099999999995 0.00000000099999999995 0.00000000099999999995 0.00000000099999999995 0.00000000099999999995 0.96209294173116266524 0.03790704926883738113 0.00000000099999999995 0.00000000099999999995 
0.00198013698635199960 0.35137397058849972886 0.26534700591029325434 0.00000000099999999998 0.00000000099999999998 0.00000000099999999998 0.00000000099999999998 0.02424812837937819973 0.15128787406758950618 0.15521581129779932207 0.05054706877008806332 
0.00000000099999999933 0.00000000099999999933 0.00000000099999999933 0.00000000099999999933 0.00000000099999999933 0.99999999000000017180 0.00000000099999999933 0.00000000099999999933 0.00000000099999999933 0.00000000099999999933 0.00000000099999999933 
0.00000000099999999994 0.00000000099999999994 0.34916394251550614269 0.00000000099999999994 0.00000000099999999994 0.00000000099999999994 0.00000000099999999994 0.00000000099999999994 0.00000000099999999994 0.65083604848449372327 0.00000000099999999994 
0.00000000099999999994 0.00000000099999999994 0.00000000099999999994 0.00000000099999999994 0.00000000099999999994 0.00000000099999999994 0.00000000099999999994 0.00000000099999999994 0.67760089570386594637 0.32239909529613403061 0.00000000099999999994 
0.00800949258251517845 0.23482343541788169849 0.01619287533454508154 0.00129785005716864517 0.00000357302709923715 0.00000000099999999999 0.02706374952221794403 0.00000000099999999999 0.30571925444408765138 0.15653993496124971041 0.25034983265323479396 
0.00000000099999999997 0.00000000099999999997 0.00000000099999999997 0.00000000099999999997 0.00000000099999999997 0.00000000099999999997 0.00000000099999999997 0.00000000099999999997 0.63843135096829517483 0.00000000099999999997 0.36156864003170480215 
0.00000000099999999984 0.00000000099999999984 0.00000000099999999984 0.00000000099999999984 0.00000000099999999984 0.00000000099999999984 0.00000000099999999984 0.00000000099999999984 0.99999999000000006077 0.00000000099999999984 0.00000000099999999984 
0.00000000099999999997 0.22930609351786931938 0.00000000099999999997 0.00000000099999999997 0.43956000443587994742 0.00000000099999999997 0.16249790757103485528 0.00000000676233292390 0.00000000099999999997 0.16863598171288290972 0.00000000099999999997 
0.00000000099999999993 0.00000000099999999993 0.00000000099999999993 0.00000000099999999993 0.00000000099999999993 0.00000000099999999993 0.00000000099999999993 0.00000000099999999993 0.00000000099999999993 0.00000000099999999993 0.99999999000000006077 
0.00951005667295333999 0.00000000099999999997 0.00000000099999999997 0.00000000099999999997 0.36180886173715126608 0.00000000099999999997 0.20657994778993243878 0.00000000099999999997 0.00000000099999999997 0.00000000099999999997 0.42210112679996308893 
0.00000000099999999991 0.00000000099999999991 0.00000000099999999991 0.00000000099999999991 0.00000000099999999991 0.00000000099999999991 0.00000000099999999991 0.00000000099999999991 0.00000000099999999991 0.00000000099999999991 0.99999999000000006077 
0.00000000099999999986 0.00000000099999999986 0.00000000099999999986 0.00000000099999999986 0.00000000099999999986 0.00000000099999999986 0.00000000099999999986 0.00000000099999999986 0.00000000099999999986 0.99999998999999994975 0.00000000099999999986 
0.00000000099999999986 0.99999999000000017180 0.00000000099999999986 0.00000000099999999986 0.00000000099999999986 0.00000000099999999986 0.00000000099999999986 0.00000000099999999986 0.00000000099999999986 0.00000000099999999986 0.00000000099999999986 
0.00000000099999999990 0.00000000099999999990 0.00000000099999999990 0.00000000099999999990 0.00000000099999999990 0.00000000099999999990 0.00000000099999999990 0.00000000099999999990 0.00000000099999999990 0.00000000099999999990 0.99999998999999994975 
0.00000000099999999986 0.00000000099999999986 0.00000000099999999986 0.00000000099999999986 0.00000000099999999986 0.00000000099999999986 0.00000000099999999986 0.00000000099999999986 0.99999999000000006077 0.00000000099999999986 0.00000000099999999986 
0.00000000099999999998 0.40259381768525004386 0.34599151733716454471 0.00000000099999999998 0.25141465614110980464 0.00000000099999999998 0.00000000099999999998 0.00000000099999999998 0.00000000099999999998 0.00000000099999999998 0.00000000183647565992 
0.00000000099999999996 0.36250707585206742856 0.36048304307521605860 0.00000000099999999996 0.00000000099999999996 0.00000000099999999996 0.06798757745831678079 0.00000000099999999996 0.00000000099999999996 0.00000000099999999996 0.20902229661439986064 
0.00000000099999999998 0.00548934201485901715 0.20655237093997730335 0.00000000099999999998 0.20017851317162516089 0.00000000099999999998 0.07287849148498197482 0.01750162983745090148 0.21785252368489751995 0.00000000458094668104 0.27954712128526149062 
0.01244075335022539440 0.25639815891414713400 0.06344792948430844071 0.00000000099999999999 0.07620148826729436498 0.00000000099999999999 0.06960317610627186902 0.00000000099999999999 0.15310839473963822055 0.00000000099999999999 0.36880009513811462529 
0.00000000099999999999 0.14618033490157519849 0.02359281643808335341 0.00000000099999999999 0.16941856922293357934 0.00000000099999999999 0.04835196071921432637 0.02603064187684253281 0.00009703830423590733 0.23208764207280777048 0.35424099346430737434 
0.00000000099999999998 0.14850142650415629197 0.18065406052295765460 0.00000000099999999998 0.11088404127863094040 0.00000000099999999998 0.09073450093446172593 0.00000000099999999998 0.33468595592008215656 0.00000000099999999998 0.13454000983971126093 
0.00011495782079234361 0.14390412340488856202 0.06415154721545013317 0.00000000099999999998 0.09644483731030535634 0.00000000099999999998 0.05590080929158811746 0.01078170713359272170 0.15618769640988555691 0.18538483002041583614 0.28712948939308141627 
0.00000000100000000000 0.00011176327039355529 0.10476924548018815009 0.00000000100000000000 0.20259933364426641056 0.06661072634140184634 0.05299073432338323453 0.01831681562840518224 0.00000127601268986229 0.12991192907447118854 0.42468817422480054091 
0.01567829054705827466 0.40322005657601212025 0.28752048915411421159 0.00000000099999999997 0.00000000099999999997 0.00000000099999999997 0.00116276840377158735 0.00000000099999999997 0.00000000099999999997 0.00000818471429885334 0.29241020560474512147 
0.00000000099999999995 0.00000000099999999995 0.45340880105679298717 0.00000000099999999995 0.00000000099999999995 0.00000000099999999995 0.18992362163405301922 0.00000000099999999995 0.00000000099999999995 0.35666756930915383128 0.00000000099999999995 
0.00000000099999999986 0.00000000099999999986 0.99999999000000006077 0.00000000099999999986 0.00000000099999999986 0.00000000099999999986 0.00000000099999999986 0.00000000099999999986 0.00000000099999999986 0.00000000099999999986 0.00000000099999999986 
0.00583069858781272519 0.29133991170794210079 0.23388563522642721870 0.00734294299163627557 0.30745716177723414475 0.00000000099999999998 0.07389022146905233068 0.00000000099999999998 0.00000000099999999998 0.00000000099999999998 0.08025342423989531571 
0.00000000099999999996 0.00000000099999999996 0.27432826783881963939 0.00000000099999999996 0.35146731789168900173 0.00000000099999999996 0.09099654156130014548 0.00000000099999999996 0.17444162807827581774 0.00000000099999999996 0.10876623862991562086 
0.00000000099999999989 0.00000000099999999989 0.99999999000000006077 0.00000000099999999989 0.00000000099999999989 0.00000000099999999989 0.00000000099999999989 0.00000000099999999989 0.00000000099999999989 0.00000000099999999989 0.00000000099999999989 
0.00788998655787039559 0.00000000186296546394 0.21897817190235363549 0.00000000099999999998 0.00000002014270518654 0.00000000099999999998 0.08371809199167776216 0.00000000099999999998 0.23846121914918652629 0.35332177420021110281 0.09763073119302995151 
0.00000000099999999987 0.00000000099999999987 0.00000000099999999987 0.00000000099999999987 0.00000000099999999987 0.00000000099999999987 0.00000000099999999987 0.00000000099999999987 0.00000000099999999987 0.00000000099999999987 0.99999999000000006077 
0.00000000099999999983 0.00000000099999999983 0.00000000099999999983 0.00000000099999999983 0.00000000099999999983 0.00000000099999999983 0.00000000099999999983 0.00000000099999999983 0.00000000099999999983 0.99999998999999994975 0.00000000099999999983 
0.00000000099999999993 0.00000000099999999993 0.00000000099999999993 0.00000000099999999993 0.00000000099999999993 0.00000000099999999993 0.00000000099999999993 0.99999999000000006077 0.00000000099999999993 0.00000000099999999993 0.00000000099999999993 
0.00000000099999999997 0.01188299164462536250 0.00000000099999999997 0.00000000099999999997 0.00000000099999999997 0.00000000099999999997 0.00000000099999999997 0.98811685209366295624 0.00000000099999999997 0.00000000099999999997 0.00000014826171171118 
0.00000000099999999957 0.00000000099999999957 0.00000000099999999957 0.00000000099999999957 0.00000000099999999957 0.99999999000000017180 0.00000000099999999957 0.00000000099999999957 0.00000000099999999957 0.00000000099999999957 0.00000000099999999957 
0.00000000099999999945 0.00000000099999999945 0.00000000099999999945 0.99999999000000006077 0.00000000099999999945 0.00000000099999999945 0.00000000099999999945 0.00000000099999999945 0.00000000099999999945 0.00000000099999999945 0.00000000099999999945 
0.03124472387823316183 0.00000000099999999999 0.00000000099999999999 0.03351874693715633374 0.00000000099999999999 0.00000000099999999999 0.06315995280194598716 0.87207656938266464586 0.00000000099999999999 0.00000000099999999999 0.00000000099999999999 
0.00000000099999999997 0.33198940706406837586 0.32925549708287016326 0.00000000099999999997 0.01655876674929409806 0.00000000099999999997 0.08451134806023039014 0.00000000099999999997 0.13126049547585755262 0.00000000099999999997 0.10642448056767933595 
0.00000000099999999989 0.00000000099999999989 0.00000000099999999989 0.00000000099999999989 0.00000000099999999989 0.00000000099999999989 0.00000000099999999989 0.00000000099999999989 0.99999999000000006077 0.00000000099999999989 0.00000000099999999989 
0.07626082706978637438 0.00000000099999999991 0.00000000099999999991 0.00000000099999999991 0.00000000099999999991 0.00000000099999999991 0.00000000099999999991 0.92373916393021371363 0.00000000099999999991 0.00000000099999999991 0.00000000099999999991 
0.00000000099999999997 0.00000051334562968142 0.00000011127542465866 0.00000000099999999997 0.23920061964760888640 0.00000000099999999997 0.00000000099999999997 0.00000000099999999997 0.30612584223759115032 0.00000000099999999997 0.45467290749374567049 
0.00000000099999999997 0.00000074496250217204 0.27082839600885938447 0.00000000099999999997 0.00000000099999999997 0.00000000099999999997 0.00000000099999999997 0.00000000099999999997 0.28558341549619142841 0.00000000099999999997 0.44358743653244675498 
0.02706553960597493300 0.23350176596253463535 0.00000000099999999997 0.00000000099999999997 0.25278579660282884944 0.00000000099999999997 0.11195114396341877827 0.00000000099999999997 0.00000000099999999997 0.14099249916258227433 0.23370324970266051490 
0.00000000099999999942 0.00000000099999999942 0.00000000099999999942 0.00000000099999999942 0.00000000099999999942 0.99999999000000017180 0.00000000099999999942 0.00000000099999999942 0.00000000099999999942 0.00000000099999999942 0.00000000099999999942 
0.00000000099999999945 0.00000000099999999945 0.00000000099999999945 0.00000000099999999945 0.00000000099999999945 0.99999999000000017180 0.00000000099999999945 0.00000000099999999945 0.00000000099999999945 0.00000000099999999945 0.00000000099999999945 
0.00000000099999999934 0.00000000099999999934 0.00000000099999999934 0.00000000099999999934 0.00000000099999999934 0.99999999000000006077 0.00000000099999999934 0.00000000099999999934 0.00000000099999999934 0.00000000099999999934 0.00000000099999999934 
0.00000000099999999936 0.00000000099999999936 0.00000000099999999936 0.00000000099999999936 0.00000000099999999936 0.99999999000000006077 0.00000000099999999936 0.00000000099999999936 0.00000000099999999936 0.00000000099999999936 0.00000000099999999936 
0.00000000099999999938 0.00000000099999999938 0.00000000099999999938 0.00000000099999999938 0.00000000099999999938 0.99999999000000006077 0.00000000099999999938 0.00000000099999999938 0.00000000099999999938 0.00000000099999999938 0.00000000099999999938 
0.05864872593638362219 0.00000000099999999992 0.00000000099999999992 0.00000000099999999992 0.00000000099999999992 0.00000000099999999992 0.00000000099999999992 0.94135126506361643806 0.00000000099999999992 0.00000000099999999992 0.00000000099999999992 
0.00000000099999999985 0.00000000099999999985 0.00000000099999999985 0.00000000099999999985 0.00000000099999999985 0.00000000099999999985 0.00000000099999999985 0.00000000099999999985 0.00000000099999999985 0.99999999000000006077 0.00000000099999999985 
0.00000000099999999937 0.00000000099999999937 0.00000000099999999937 0.00000000099999999937 0.00000000099999999937 0.99999999000000017180 0.00000000099999999937 0.00000000099999999937 0.00000000099999999937 0.00000000099999999937 0.00000000099999999937 
0.00000000099999999947 0.00000000099999999947 0.00000000099999999947 0.00000000099999999947 0.00000000099999999947 0.99999999000000006077 0.00000000099999999947 0.00000000099999999947 0.00000000099999999947 0.00000000099999999947 0.00000000099999999947 
0.00000000099999999943 0.00000000099999999943 0.00000000099999999943 0.99999999000000006077 0.00000000099999999943 0.00000000099999999943 0.00000000099999999943 0.00000000099999999943 0.00000000099999999943 0.00000000099999999943 0.00000000099999999943 
0.00000000099999999944 0.00000000099999999944 0.00000000099999999944 0.99999999000000017180 0.00000000099999999944 0.00000000099999999944 0.00000000099999999944 0.00000000099999999944 0.00000000099999999944 0.00000000099999999944 0.00000000099999999944 
0.00000000099999999979 0.00000000099999999979 0.00000000099999999979 0.00000000099999999979 0.00000000099999999979 0.00000000099999999979 0.99999999000000006077 0.00000000099999999979 0.00000000099999999979 0.00000000099999999979 0.00000000099999999979 
0.00000000099999999941 0.00000000099999999941 0.00000000099999999941 0.00000000099999999941 0.00000000099999999941 0.99999999000000006077 0.00000000099999999941 0.00000000099999999941 0.00000000099999999941 0.00000000099999999941 0.00000000099999999941 
0.00000000099999999994 0.00000000099999999994 0.38976004726013185886 0.00000000099999999994 0.00000000099999999994 0.00000000099999999994 0.00000000099999999994 0.00000000099999999994 0.61023994373986789608 0.00000000099999999994 0.00000000099999999994 
0.00000000099999999987 0.00000000099999999987 0.00000000099999999987 0.00000000099999999987 0.00000000099999999987 0.00000000099999999987 0.00000000099999999987 0.00000000099999999987 0.00000000099999999987 0.00000000099999999987 0.99999999000000006077 
0.00000000099999999995 0.00000000099999999995 0.06948827091269994816 0.00000000099999999995 0.00000000099999999995 0.00000000099999999995 0.00000000099999999995 0.93051172008730009821 0.00000000099999999995 0.00000000099999999995 0.00000000099999999995 
0.00000000099999999986 0.00000000099999999986 0.99999999000000006077 0.00000000099999999986 0.00000000099999999986 0.00000000099999999986 0.00000000099999999986 0.00000000099999999986 0.00000000099999999986 0.00000000099999999986 0.00000000099999999986 
