0.00000000099999999999 0.01832136462957836831 0.00000000099999999999 0.00000000099999999999 0.12259093268369743168 0.48378635941647896157 0.00000000099999999999 0.10949094366249213783 0.26581039560775304720 
0.00000000099999999993 0.00000000099999999993 0.00000000099999999993 0.99999999200000000421 0.00000000099999999993 0.00000000099999999993 0.00000000099999999993 0.00000000099999999993 0.00000000099999999993 
0.00000000099999999992 0.00000000099999999992 0.00000000099999999992 0.99999999200000011523 0.00000000099999999992 0.00000000099999999992 0.00000000099999999992 0.00000000099999999992 0.00000000099999999992 
0.00000000099999999998 0.00000000099999999998 0.40657821154502876704 0.02952530006796297291 0.07703727977614754918 0.13139052039304194297 0.00000000099999999998 0.16452710279572832497 0.19094158242209063880 
0.00000000099999999999 0.00540734800260406472 0.19277532862872487351 0.00000000099999999999 0.11422449867671712054 0.16282589816624717938 0.00000000099999999999 0.25219455418333225349 0.27257236934237449866 
0.00000000099999999997 0.00000000099999999997 0.38195663492710912879 0.00862887373752643620 0.00000000099999999997 0.35946695083627444589 0.00000000099999999997 0.24994753549909010104 0.00000000099999999997 
0.00000000099999999994 0.00000000099999999994 0.00000000099999999994 0.99999999200000011523 0.00000000099999999994 0.00000000099999999994 0.00000000099999999994 0.00000000099999999994 0.00000000099999999994 
0.00000000099999999990 0.00000000099999999990 0.00000000099999999990 0.99999999200000011523 0.00000000099999999990 0.00000000099999999990 0.00000000099999999990 0.00000000099999999990 0.00000000099999999990 
0.00000000099999999990 0.00000000099999999990 0.00000000099999999990 0.00000000099999999990 0.00000000099999999990 0.99999999200000011523 0.00000000099999999990 0.00000000099999999990 0.00000000099999999990 
0.00000000099999999993 0.00000000099999999993 0.00000000099999999993 0.99999999200000000421 0.00000000099999999993 0.00000000099999999993 0.00000000099999999993 0.00000000099999999993 0.00000000099999999993 
0.00000000099999999998 0.00000000099999999998 0.32933906340727264750 0.00000000099999999998 0.08761290444635334851 0.00000000099999999998 0.00000000099999999998 0.00000000099999999998 0.58304802614637385449 
0.00000000099999999997 0.00001900008618316062 0.00000843451820079200 0.00865842788881589567 0.26324849092223923108 0.21021803626037521839 0.00000000099999999997 0.23020265245484650141 0.28764495586933919169 
0.00000000099999999997 0.00000000099999999997 0.49323872600697044044 0.00000000099999999997 0.00000000099999999997 0.00000000099999999997 0.00000000099999999997 0.00000000099999999997 0.50676126699302947998 
0.00000000099999999999 0.00522095097352697976 0.23157405304850159355 0.00000000099999999999 0.29272058462073324847 0.01296885412590242752 0.00000000099999999999 0.24036027741467999586 0.21715527681665569570 
0.00000000099999999991 0.00000000099999999991 0.00000000099999999991 0.00000000099999999991 0.00000000099999999991 0.00000000099999999991 0.00000000099999999991 0.00000000099999999991 0.99999999199999989319 
0.00000000099999999998 0.02779491122418027357 0.15960430940216968621 0.05082625492772475245 0.15970507820150511846 0.22176093743132033187 0.00000000099999999998 0.14498110918688289495 0.23532739762621696089 
0.00000000099999999998 0.00000000099999999998 0.18457876705020995201 0.00000000099999999998 0.22019621968031993786 0.29210734071146116086 0.00000000099999999998 0.00000000099999999998 0.30311766755800895190 
0.00000000099999999997 0.00000000099999999997 0.36538589278983796271 0.00000000099999999997 0.15795400062722667056 0.47666010058293528662 0.00000000099999999997 0.00000000099999999997 0.00000000099999999997 
0.00000000099999999996 0.00000000099999999996 0.00000000099999999996 0.00000000099999999996 0.00000000099999999996 0.68588212441851026391 0.00000000099999999996 0.00000000099999999996 0.31411786858148982304 
0.00000000099999999991 0.00000000099999999991 0.00000000099999999991 0.00000000099999999991 0.00000000099999999991 0.00000000099999999991 0.00000000099999999991 0.00000000099999999991 0.99999999199999989319 
0.00000000099999999998 0.00000000099999999998 0.38495541055274695719 0.00000000099999999998 0.10947788699906682575 0.00000000766372370013 0.00000000099999999998 0.20413071740959265465 0.30143597337486982557 
0.00000000099999999995 0.00000000099999999995 0.00000000099999999995 0.99530936887611898278 0.00000000099999999995 0.00469062412388099748 0.00000000099999999995 0.00000000099999999995 0.00000000099999999995 
0.00000000099999999995 0.00000000099999999995 0.62590729851987592092 0.00000000099999999995 0.37409269448012416603 0.00000000099999999995 0.00000000099999999995 0.00000000099999999995 0.00000000099999999995 
0.00000000099999999975 0.00000000099999999975 0.00000000099999999975 0.00000000099999999975 0.99999999200000011523 0.00000000099999999975 0.00000000099999999975 0.00000000099999999975 0.00000000099999999975 
0.00000000099999999996 0.00000000099999999996 0.31618292273372411438 0.02299317051543075391 0.00000000099999999996 0.00000000099999999996 0.00000000099999999996 0.23581358250967682233 0.42501031924116816629 
0.00000000099999999998 0.00000000099999999998 0.18247300959846052271 0.00000000099999999998 0.07416521964290277713 0.16403603031767427511 0.00000000099999999998 0.15673520461901327416 0.42259053182194916687 
0.00000000099999999966 0.99999999200000022626 0.00000000099999999966 0.00000000099999999966 0.00000000099999999966 0.00000000099999999966 0.00000000099999999966 0.00000000099999999966 0.00000000099999999966 
0.00000000099999999961 0.99999999200000011523 0.00000000099999999961 0.00000000099999999961 0.00000000099999999961 0.00000000099999999961 0.00000000099999999961 0.00000000099999999961 0.00000000099999999961 
0.00000000099999999992 0.00000000099999999992 0.99999999200000000421 0.00000000099999999992 0.00000000099999999992 0.00000000099999999992 0.00000000099999999992 0.00000000099999999992 0.00000000099999999992 
0.00000000099999999996 0.00000000099999999996 0.33766390175824145814 0.00000000099999999996 0.14071782096483911872 0.00000000099999999996 0.00000000099999999996 0.00000000099999999996 0.52161827127691939854 
0.00000000099999999988 0.00000000099999999988 0.00000000099999999988 0.00000000099999999988 0.00000000099999999988 0.00000000099999999988 0.00000000099999999988 0.99999999200000000421 0.00000000099999999988 
0.00000000099999999994 0.00000000099999999994 0.00000000099999999994 0.97513903756363318198 0.02486095543636679395 0.00000000099999999994 0.00000000099999999994 0.00000000099999999994 0.00000000099999999994 
0.00000000099999999985 0.35572745850181308747 0.00000000099999999985 0.17425993153361210575 0.47001260396457489321 0.00000000099999999985 0.00000000099999999985 0.00000000099999999985 0.00000000099999999985 
0.00000000099999999997 0.00000000099999999997 0.38625472712536856879 0.00000000099999999997 0.18095921582726068322 0.20482541437575188525 0.00000000099999999997 0.20726388935384637557 0.02069674931777257601 
0.44881389255112719150 0.00000000099999999962 0.00000000099999999962 0.00000000099999999962 0.00000000099999999962 0.00000000099999999962 0.55118610044887261790 0.00000000099999999962 0.00000000099999999962 
0.99999999200000011523 0.00000000099999999948 0.00000000099999999948 0.00000000099999999948 0.00000000099999999948 0.00000000099999999948 0.00000000099999999948 0.00000000099999999948 0.00000000099999999948 
0.99999999200000022626 0.00000000099999999949 0.00000000099999999949 0.00000000099999999949 0.00000000099999999949 0.00000000099999999949 0.00000000099999999949 0.00000000099999999949 0.00000000099999999949 
0.00000000099999999968 0.99999999200000022626 0.00000000099999999968 0.00000000099999999968 0.00000000099999999968 0.00000000099999999968 0.00000000099999999968 0.00000000099999999968 0.00000000099999999968 
0.00000000099999999963 0.99999999200000022626 0.00000000099999999963 0.00000000099999999963 0.00000000099999999963 0.00000000099999999963 0.00000000099999999963 0.00000000099999999963 0.00000000099999999963 
0.00000000099999999996 0.00000000099999999996 0.28530783361150763300 0.00000000099999999996 0.00050978204903636022 0.00000000099999999996 0.00000000099999999996 0.29558101633140260178 0.41860136300805317333 
0.00000000099999999995 0.00000000099999999995 0.00000000099999999995 0.99999999200000011523 0.00000000099999999995 0.00000000099999999995 0.00000000099999999995 0.00000000099999999995 0.00000000099999999995 
0.00000000099999999965 0.99999999200000011523 0.00000000099999999965 0.00000000099999999965 0.00000000099999999965 0.00000000099999999965 0.00000000099999999965 0.00000000099999999965 0.00000000099999999965 
0.00000000099999999996 0.00000000099999999996 0.00000000099999999996 0.00000000099999999996 0.42189277406931469105 0.00000000099999999996 0.00000000099999999996 0.00000000099999999996 0.57810721893068528487 
0.00000000099999999991 0.00000000099999999991 0.00000000099999999991 0.99999999200000000421 0.00000000099999999991 0.00000000099999999991 0.00000000099999999991 0.00000000099999999991 0.00000000099999999991 
0.00000000099999999969 0.99999999200000011523 0.00000000099999999969 0.00000000099999999969 0.00000000099999999969 0.00000000099999999969 0.00000000099999999969 0.00000000099999999969 0.00000000099999999969 
0.00000000099999999998 0.00000000099999999998 0.25205444441992375104 0.00342757401740927028 0.19301113686826346094 0.27607838814896845658 0.00000000099999999998 0.00000000099999999998 0.27542845254543524280 
0.00000000099999999966 0.99999999200000011523 0.00000000099999999966 0.00000000099999999966 0.00000000099999999966 0.00000000099999999966 0.00000000099999999966 0.00000000099999999966 0.00000000099999999966 
0.00000000099999999993 0.00000000099999999993 0.00000000099999999993 0.99999999200000011523 0.00000000099999999993 0.00000000099999999993 0.00000000099999999993 0.00000000099999999993 0.00000000099999999993 
0.00000000099999999988 0.00000000099999999988 0.00000000099999999988 0.99999999200000000421 0.00000000099999999988 0.00000000099999999988 0.00000000099999999988 0.00000000099999999988 0.00000000099999999988 
0.00000000099999999961 0.99999999200000011523 0.00000000099999999961 0.00000000099999999961 0.00000000099999999961 0.00000000099999999961 0.00000000099999999961 0.00000000099999999961 0.00000000099999999961 
0.00000000099999999964 0.99999999200000022626 0.00000000099999999964 0.00000000099999999964 0.00000000099999999964 0.00000000099999999964 0.00000000099999999964 0.00000000099999999964 0.00000000099999999964 
0.00000000099999999993 0.00000000099999999993 0.00000000099999999993 0.99999999200000000421 0.00000000099999999993 0.00000000099999999993 0.00000000099999999993 0.00000000099999999993 0.00000000099999999993 
0.00000000099999999993 0.00000000099999999993 0.00000000099999999993 0.99999999200000011523 0.00000000099999999993 0.00000000099999999993 0.00000000099999999993 0.00000000099999999993 0.00000000099999999993 
0.00000000099999999995 0.00000000099999999995 0.00000000099999999995 0.99999999200000000421 0.00000000099999999995 0.00000000099999999995 0.00000000099999999995 0.00000000099999999995 0.00000000099999999995 
0.00000000099999999970 0.99999999200000022626 0.00000000099999999970 0.00000000099999999970 0.00000000099999999970 0.00000000099999999970 0.00000000099999999970 0.00000000099999999970 0.00000000099999999970 
0.00000000099999999994 0.00000000099999999994 0.99999999200000000421 0.00000000099999999994 0.00000000099999999994 0.00000000099999999994 0.00000000099999999994 0.00000000099999999994 0.00000000099999999994 
0.00000000099999999996 0.00931492650239172312 0.63451289947142819337 0.00000000099999999996 0.00000000099999999996 0.35617216802618001381 0.00000000099999999996 0.00000000099999999996 0.00000000099999999996 
0.00000000099999999989 0.00000000099999999989 0.00000000099999999989 0.00000000099999999989 0.00000000099999999989 0.00000000099999999989 0.00000000099999999989 0.00000000099999999989 0.99999999200000000421 
0.00000000099999999997 0.00000000099999999997 0.53628703423204371337 0.00000000099999999997 0.19004632757636641394 0.00000000099999999997 0.00000000099999999997 0.27366663219158970932 0.00000000099999999997 
0.00000000099999999993 0.00000000099999999993 0.00000000099999999993 0.99999999200000011523 0.00000000099999999993 0.00000000099999999993 0.00000000099999999993 0.00000000099999999993 0.00000000099999999993 
0.00000000099999999997 0.00000000099999999997 0.00089029328811951220 0.00000000099999999997 0.00000000099999999997 0.31553422904137645721 0.00000000099999999997 0.00000000099999999997 0.68357547167050392023 
0.00000000099999999952 0.00000000099999999952 0.00000000099999999952 0.00000000099999999952 0.00000000099999999952 0.00000000099999999952 0.99999999199999989319 0.00000000099999999952 0.00000000099999999952 
0.00000000099999999986 0.00000000099999999986 0.00000000099999999986 0.00000000099999999986 0.00000000099999999986 0.99999999200000011523 0.00000000099999999986 0.00000000099999999986 0.00000000099999999986 
0.99999999200000011523 0.00000000099999999955 0.00000000099999999955 0.00000000099999999955 0.00000000099999999955 0.00000000099999999955 0.00000000099999999955 0.00000000099999999955 0.00000000099999999955 
0.00000000099999999997 0.00000000099999999997 0.00000000099999999997 0.01104772077844688553 0.26762294412186976578 0.13079279398044879601 0.00000000099999999997 0.00000000099999999997 0.59053653611923440092 
0.99999999200000011523 0.00000000099999999955 0.00000000099999999955 0.00000000099999999955 0.00000000099999999955 0.00000000099999999955 0.00000000099999999955 0.00000000099999999955 0.00000000099999999955 
0.00000000099999999989 0.00000000099999999989 0.00000000099999999989 0.00000000099999999989 0.00000000099999999989 0.99999999200000000421 0.00000000099999999989 0.00000000099999999989 0.00000000099999999989 
0.00000000099999999996 0.00000000099999999996 0.00000000099999999996 0.00000000099999999996 0.00000000099999999996 0.00000000099999999996 0.00000000099999999996 0.41303859820698002325 0.58696139479302000819 
0.00000000099999999990 0.00000000099999999990 0.00000000099999999990 0.99999999200000000421 0.00000000099999999990 0.00000000099999999990 0.00000000099999999990 0.00000000099999999990 0.00000000099999999990 
0.00000000099999999993 0.00000000099999999993 0.00000000099999999993 0.00000000099999999993 0.32346464118098988694 0.67653535181901003348 0.00000000099999999993 0.00000000099999999993 0.00000000099999999993 
0.99999999200000022626 0.00000000099999999955 0.00000000099999999955 0.00000000099999999955 0.00000000099999999955 0.00000000099999999955 0.00000000099999999955 0.00000000099999999955 0.00000000099999999955 
0.00000000099999999955 0.00000000099999999955 0.00000000099999999955 0.00000000099999999955 0.00000000099999999955 0.00000000099999999955 0.99999999200000000421 0.00000000099999999955 0.00000000099999999955 
0.00000000099999999998 0.00805075796508179786 0.00000000099999999998 0.07442585626988022784 0.07986646527847218735 0.07811079956724992224 0.00000000099999999998 0.34013111586326055802 0.41941500205605519724 
0.00000000099999999991 0.00000000099999999991 0.00000000099999999991 0.99999999200000000421 0.00000000099999999991 0.00000000099999999991 0.00000000099999999991 0.00000000099999999991 0.00000000099999999991 
0.00000000099999999971 0.99999999200000011523 0.00000000099999999971 0.00000000099999999971 0.00000000099999999971 0.00000000099999999971 0.00000000099999999971 0.00000000099999999971 0.00000000099999999971 
0.00000000099999999991 0.00000000099999999991 0.00000000099999999991 0.99999999200000011523 0.00000000099999999991 0.00000000099999999991 0.00000000099999999991 0.00000000099999999991 0.00000000099999999991 
0.00000000099999999999 0.00000000099999999999 0.18913572389263214046 0.02395960978277804354 0.28020296047504072989 0.21388673044254424838 0.00000000099999999999 0.24415314993954198575 0.04866182246746296458 
0.99999999200000011523 0.00000000099999999954 0.00000000099999999954 0.00000000099999999954 0.00000000099999999954 0.00000000099999999954 0.00000000099999999954 0.00000000099999999954 0.00000000099999999954 
0.00000000099999999958 0.99999999200000022626 0.00000000099999999958 0.00000000099999999958 0.00000000099999999958 0.00000000099999999958 0.00000000099999999958 0.00000000099999999958 0.00000000099999999958 
0.99999999200000011523 0.00000000099999999960 0.00000000099999999960 0.00000000099999999960 0.00000000099999999960 0.00000000099999999960 0.00000000099999999960 0.00000000099999999960 0.00000000099999999960 
0.00000000099999999999 0.00541252400825808968 0.34894290117995191425 0.00000000099999999999 0.23355080763898636298 0.00000006554821335847 0.00000000099999999999 0.41209369762459019393 0.00000000099999999999 
0.00000000099999999988 0.00000000099999999988 0.00000000099999999988 0.99999999200000011523 0.00000000099999999988 0.00000000099999999988 0.00000000099999999988 0.00000000099999999988 0.00000000099999999988 
0.00000000099999999991 0.00000000099999999991 0.00000000099999999991 0.99999999200000000421 0.00000000099999999991 0.00000000099999999991 0.00000000099999999991 0.00000000099999999991 0.00000000099999999991 
0.00000000099999999997 0.00000000099999999997 0.32658214023957177208 0.22500474418225302475 0.15700738591155385948 0.00000005722884830221 0.00000000099999999997 0.00000000099999999997 0.29140566843777304662 
0.00000000099999999999 0.01737816514405282273 0.27877134434564071475 0.00097351417283254014 0.21855742841495048867 0.22988452334132569721 0.00000000099999999999 0.00013084949237654461 0.25430417308882113936 
0.00000000099999999995 0.00000000099999999995 0.00000000099999999995 0.00000000099999999995 0.00000000099999999995 0.00000000099999999995 0.00000000099999999995 0.34439845404063185175 0.65560153895936812418 
0.00000000099999999988 0.00000000099999999988 0.00000000099999999988 0.00000000099999999988 0.00000000099999999988 0.00000000099999999988 0.00000000099999999988 0.99999999199999989319 0.00000000099999999988 
0.00000000099999999997 0.00000000099999999997 0.45136154224412622371 0.00000000099999999997 0.00000000099999999997 0.00000000099999999997 0.00000000099999999997 0.33112580515346273780 0.21751264660241112492 
0.00000000099999999996 0.00000000099999999996 0.38423894182256917995 0.00000000099999999996 0.11836813938811227565 0.25530194943813805386 0.00000000099999999996 0.00117673386465945483 0.24091423148652119091 
0.00000000099999999994 0.00000000099999999994 0.63056817394889563833 0.00000000099999999994 0.00000000099999999994 0.00000000099999999994 0.00000000099999999994 0.36943181905110433760 0.00000000099999999994 
0.00000000099999999995 0.00000000099999999995 0.69441359866089880093 0.00000000099999999995 0.30558639433910134153 0.00000000099999999995 0.00000000099999999995 0.00000000099999999995 0.00000000099999999995 
0.00000000099999999998 0.00000000099999999998 0.18697080196471493885 0.02430291313548480631 0.13929991304650019002 0.00000000099999999998 0.00000000099999999998 0.26085984285867558352 0.38856652499462429606 
0.00000000099999999993 0.00000000099999999993 0.00000000099999999993 0.99999999200000000421 0.00000000099999999993 0.00000000099999999993 0.00000000099999999993 0.00000000099999999993 0.00000000099999999993 
0.00000000099999999997 0.00000000099999999997 0.00000000099999999997 0.98759027971025237225 0.00000000099999999997 0.01240971328974760021 0.00000000099999999997 0.00000000099999999997 0.00000000099999999997 
0.00000000099999999965 0.00000000099999999965 0.00000000099999999965 0.00000000099999999965 0.00000000099999999965 0.00000000099999999965 0.99999999200000000421 0.00000000099999999965 0.00000000099999999965 
0.00000000099999999995 0.00000000099999999995 0.00000000099999999995 0.99999887309281421111 0.00000000099999999995 0.00000111990718583710 0.00000000099999999995 0.00000000099999999995 0.00000000099999999995 
0.00000000099999999996 0.00000000099999999996 0.00000000099999999996 0.98378130197427737791 0.00000000099999999996 0.00000000099999999996 0.00000000099999999996 0.01621869102572272639 0.00000000099999999996 
0.00000000099999999991 0.00000000099999999991 0.00000000099999999991 0.00000000099999999991 0.00000000099999999991 0.99999999200000011523 0.00000000099999999991 0.00000000099999999991 0.00000000099999999991 
0.99999999200000022626 0.00000000099999999949 0.00000000099999999949 0.00000000099999999949 0.00000000099999999949 0.00000000099999999949 0.00000000099999999949 0.00000000099999999949 0.00000000099999999949 
0.00000000099999999997 0.00000000099999999997 0.38674149839189342348 0.00000000099999999997 0.23731269038393446036 0.00000000099999999997 0.00000000099999999997 0.37594580522417214707 0.00000000099999999997 
0.00000000099999999997 0.00000000099999999997 0.51630745161199620430 0.00000000099999999997 0.00000000099999999997 0.00029057205443872562 0.00000000099999999997 0.48340197033356491207 0.00000000099999999997 
0.00000000099999999999 0.00000000099999999999 0.00000000099999999999 0.00000000099999999999 0.00000000099999999999 0.25259757597406362617 0.00000000099999999999 0.36305624391417345986 0.38434617411176291712 
0.00000000099999999993 0.00000000099999999993 0.00000000099999999993 0.00000000099999999993 0.00000000099999999993 0.00000000099999999993 0.00000000099999999993 0.00000000099999999993 0.99999999199999989319 
0.00000000099999999986 0.00000000099999999986 0.00000000099999999986 0.00000000099999999986 0.00000000099999999986 0.00000000099999999986 0.00000000099999999986 0.99999999200000000421 0.00000000099999999986 
0.00000000099999999996 0.00000000099999999996 0.63733055287422490931 0.00000000099999999996 0.36266944012577517764 0.00000000099999999996 0.00000000099999999996 0.00000000099999999996 0.00000000099999999996 
0.00000000099999999998 0.00000000099999999998 0.00000000099999999998 0.00000000099999999998 0.31145855140176620379 0.14629860705555622347 0.00000000099999999998 0.25087359711747037050 0.29136923942520726039 
0.00000000099999999998 0.00000000099999999998 0.46053863009308626530 0.00000000099999999998 0.14596284891182639831 0.00000000099999999998 0.00000000099999999998 0.00000000099999999998 0.39349851499508758934 
0.00000000099999999999 0.02597489929897039279 0.00000000099999999999 0.00000000099999999999 0.00000000099999999999 0.28156290518371823728 0.00000000099999999999 0.15773982334571218233 0.53472236717159915553 
0.00000000099999999996 0.00000000099999999996 0.62784217467038905269 0.00000000099999999996 0.00000000099999999996 0.00000000099999999996 0.00000000099999999996 0.37215781832961103426 0.00000000099999999996 
0.00000000099999999987 0.00000000099999999987 0.00000000099999999987 0.00000000099999999987 0.00000000099999999987 0.99999999200000011523 0.00000000099999999987 0.00000000099999999987 0.00000000099999999987 
0.00000000099999999991 0.00000000099999999991 0.00000000099999999991 0.00000000099999999991 0.00000000099999999991 0.00000000099999999991 0.00000000099999999991 0.99999999199999989319 0.00000000099999999991 
0.00000000099999999990 0.00000000099999999990 0.99999999200000000421 0.00000000099999999990 0.00000000099999999990 0.00000000099999999990 0.00000000099999999990 0.00000000099999999990 0.00000000099999999990 
0.00000000099999999991 0.00000000099999999991 0.00000000099999999991 0.00000000099999999991 0.00000000099999999991 0.00000000099999999991 0.00000000099999999991 0.00000000099999999991 0.99999999200000000421 
0.00000000099999999997 0.00000000099999999997 0.29631051401589092453 0.00000000099999999997 0.14846109245843824853 0.24378569484004886103 0.00000000099999999997 0.21069227143049507056 0.10075042325512681418 
0.00000000099999999996 0.00000000099999999996 0.00000000099999999996 0.01239497815977321643 0.31078586756095988308 0.38258333139097966402 0.00000000099999999996 0.15070653232675404465 0.14352928656153318698 
0.00000000099999999998 0.00000000099999999998 0.31682404465637775681 0.00000000099999999998 0.21878019570834406071 0.46439575363527824114 0.00000000099999999998 0.00000000099999999998 0.00000000099999999998 
0.00000000099999999998 0.00000000099999999998 0.46056958411250642493 0.02641458806403195261 0.26209291765919123796 0.16451821283934703333 0.00000000099999999998 0.08640469332492338450 0.00000000099999999998 
0.00000000099999999991 0.00000000099999999991 0.00000000099999999991 0.00000000099999999991 0.00000000099999999991 0.00000000099999999991 0.00000000099999999991 0.00000000099999999991 0.99999999200000000421 
0.00000000099999999996 0.00000000099999999996 0.00000000099999999996 0.01235183094905439871 0.15449962252104404437 0.00000000099999999996 0.00000000099999999996 0.38393839912572441664 0.44921014240417711516 
0.07570293889861899606 0.00003093041549034266 0.24240515744381044283 0.01015050477449192488 0.20204030460432917393 0.00000000100000000000 0.00000000100000000000 0.33111649251256847215 0.13855366935069071688 
0.00000000099999999987 0.00000000099999999987 0.00000000099999999987 0.00000000099999999987 0.99999999200000011523 0.00000000099999999987 0.00000000099999999987 0.00000000099999999987 0.00000000099999999987 
0.00000000099999999985 0.00000000099999999985 0.00000000099999999985 0.00000000099999999985 0.00000000099999999985 0.00000000099999999985 0.00000000099999999985 0.99999999200000000421 0.00000000099999999985 
0.00000000099999999994 0.00000000099999999994 0.00000000099999999994 0.00000000099999999994 0.31565529919433293893 0.00000000099999999994 0.00000000099999999994 0.00000000099999999994 0.68434469380566698149 
0.00000000099999999997 0.00955820208718517229 0.23582490451133075737 0.00000000099999999997 0.24609180342470177161 0.00000000099999999997 0.00000000099999999997 0.36713897339862994196 0.14138611257815236755 
0.00000000099999999991 0.00000000099999999991 0.99999999200000000421 0.00000000099999999991 0.00000000099999999991 0.00000000099999999991 0.00000000099999999991 0.00000000099999999991 0.00000000099999999991 
0.00000000099999999989 0.00000000099999999989 0.00000000099999999989 0.00000000099999999989 0.99999999200000011523 0.00000000099999999989 0.00000000099999999989 0.00000000099999999989 0.00000000099999999989 
0.00000000099999999998 0.00719746197965123041 0.28934854045688895852 0.00717022952704263541 0.06829767462600258576 0.13340799831805383313 0.00000000099999999998 0.20801230264809517090 0.28656579044426566671 
0.00000000099999999997 0.00000000099999999997 0.00000000099999999997 0.00000000099999999997 0.16354977669111592231 0.30051714527367129337 0.00000000099999999997 0.28340029171599090407 0.25253278131922191063 
0.00000000099999999995 0.00000000099999999995 0.37142425355464825376 0.01556563396839488571 0.00000000099999999995 0.00008368118884580454 0.00000000099999999995 0.21082425515633321234 0.40210217213177779083 
0.00000000099999999991 0.00000000099999999991 0.00000000099999999991 0.99999999200000000421 0.00000000099999999991 0.00000000099999999991 0.00000000099999999991 0.00000000099999999991 0.00000000099999999991 
0.00000000099999999996 0.00000000099999999996 0.00000000099999999996 0.99999999200000011523 0.00000000099999999996 0.00000000099999999996 0.00000000099999999996 0.00000000099999999996 0.00000000099999999996 
0.00000000099999999957 0.00000000099999999957 0.00000000099999999957 0.00000000099999999957 0.00000000099999999957 0.00000000099999999957 0.99999999200000000421 0.00000000099999999957 0.00000000099999999957 
0.00000000099999999960 0.99999999200000022626 0.00000000099999999960 0.00000000099999999960 0.00000000099999999960 0.00000000099999999960 0.00000000099999999960 0.00000000099999999960 0.00000000099999999960 
0.00000000099999999999 0.03707922702036704071 0.00000000099999999999 0.90141945280848911892 0.00000000099999999999 0.00000000099999999999 0.00000000099999999999 0.06150131417114381577 0.00000000099999999999 
0.00000000099999999988 0.00000000099999999988 0.00000000099999999988 0.00000000099999999988 0.00000000099999999988 0.99999999200000000421 0.00000000099999999988 0.00000000099999999988 0.00000000099999999988 
0.00000000099999999998 0.00000000099999999998 0.33597109677652547965 0.00853468936670497003 0.00000000099999999998 0.36551442073485890250 0.00000000099999999998 0.00000000099999999998 0.28997978812191060882 
0.00000000099999999996 0.00071423129293252715 0.00000000099999999996 0.95966613735795480711 0.03961962534911270956 0.00000000099999999996 0.00000000099999999996 0.00000000099999999996 0.00000000099999999996 
0.00000000099999999998 0.00000000099999999998 0.28933859739365780372 0.01043970449657170320 0.21964455849170294588 0.19072904840462034937 0.00000000099999999998 0.17922997545769395189 0.11061811275575311742 
0.00000000099999999996 0.00792250351586606949 0.00000000099999999996 0.00000000099999999996 0.20265682735504758627 0.00000000099999999996 0.00000000099999999996 0.31527831523987648321 0.47414234888920980815 
0.00000000099999999997 0.00000000099999999997 0.33186587731519939792 0.00000000099999999997 0.35929265716265768038 0.00277416628029029597 0.00000000099999999997 0.00000000099999999997 0.30606729424185269428 
0.99999999200000022626 0.00000000099999999953 0.00000000099999999953 0.00000000099999999953 0.00000000099999999953 0.00000000099999999953 0.00000000099999999953 0.00000000099999999953 0.00000000099999999953 
0.31756195090357947075 0.00000000099999999959 0.00000000099999999959 0.00000000099999999959 0.00000000099999999959 0.00000000099999999959 0.68243804209642056069 0.00000000099999999959 0.00000000099999999959 
0.00000000099999999947 0.00000000099999999947 0.00000000099999999947 0.00000000099999999947 0.00000000099999999947 0.00000000099999999947 0.99999999200000000421 0.00000000099999999947 0.00000000099999999947 
0.00000000099999999948 0.00000000099999999948 0.00000000099999999948 0.00000000099999999948 0.00000000099999999948 0.00000000099999999948 0.99999999200000000421 0.00000000099999999948 0.00000000099999999948 
0.99999999200000022626 0.00000000099999999951 0.00000000099999999951 0.00000000099999999951 0.00000000099999999951 0.00000000099999999951 0.00000000099999999951 0.00000000099999999951 0.00000000099999999951 
0.00000000099999999996 0.00000000099999999996 0.00000000099999999996 0.99999999200000000421 0.00000000099999999996 0.00000000099999999996 0.00000000099999999996 0.00000000099999999996 0.00000000099999999996 
0.00000000099999999998 0.00000430601112817946 0.00000000099999999998 0.00000000099999999998 0.29330716850244070715 0.00000000099999999998 0.00000000099999999998 0.26033739037276770745 0.44635113011366339686 
0.00000000099999999950 0.00000000099999999950 0.00000000099999999950 0.00000000099999999950 0.00000000099999999950 0.00000000099999999950 0.99999999199999989319 0.00000000099999999950 0.00000000099999999950 
0.46675411994310350705 0.00000000099999999963 0.00000000099999999963 0.00000000099999999963 0.00000000099999999963 0.00000000099999999963 0.53324587305689641337 0.00000000099999999963 0.00000000099999999963 
0.00000000099999999958 0.99999999200000011523 0.00000000099999999958 0.00000000099999999958 0.00000000099999999958 0.00000000099999999958 0.00000000099999999958 0.00000000099999999958 0.00000000099999999958 
0.00000000099999999958 0.99999999200000011523 0.00000000099999999958 0.00000000099999999958 0.00000000099999999958 0.00000000099999999958 0.00000000099999999958 0.00000000099999999958 0.00000000099999999958 
0.00000000099999999987 0.00000000099999999987 0.99999999200000000421 0.00000000099999999987 0.00000000099999999987 0.00000000099999999987 0.00000000099999999987 0.00000000099999999987 0.00000000099999999987 
0.00000000099999999949 0.00000000099999999949 0.00000000099999999949 0.00000000099999999949 0.00000000099999999949 0.00000000099999999949 0.99999999200000000421 0.00000000099999999949 0.00000000099999999949 
0.00000000099999999989 0.00000000099999999989 0.00000000099999999989 0.00000000099999999989 0.00000000099999999989 0.00000000099999999989 0.00000000099999999989 0.99999999199999989319 0.00000000099999999989 
0.00000000099999999996 0.00000000099999999996 0.35008936122553691028 0.00000000099999999996 0.28066794497423230847 0.36924268780023067338 0.00000000099999999996 0.00000000099999999996 0.00000000099999999996 
0.00000000099999999995 0.00000000099999999995 0.00000000099999999995 0.93958060601614945551 0.06041938698385053430 0.00000000099999999995 0.00000000099999999995 0.00000000099999999995 0.00000000099999999995 
0.00000000099999999997 0.00000000099999999997 0.00000000708102051498 0.00000000100612214874 0.22908937804363765922 0.20007198048746663299 0.00000000099999999997 0.28784030769063073674 0.28299832269112235039 
0.00000000099999999989 0.00000000099999999989 0.00000000099999999989 0.99999999200000011523 0.00000000099999999989 0.00000000099999999989 0.00000000099999999989 0.00000000099999999989 0.00000000099999999989 
0.00000000099999999988 0.00000000099999999988 0.00000000099999999988 0.00000000099999999988 0.00000000099999999988 0.00000000099999999988 0.00000000099999999988 0.99999999199999989319 0.00000000099999999988 
0.00000000099999999991 0.00000000099999999991 0.00000000099999999991 0.99999999200000011523 0.00000000099999999991 0.00000000099999999991 0.00000000099999999991 0.00000000099999999991 0.00000000099999999991 
0.00000000099999999988 0.00000000099999999988 0.00000000099999999988 0.00000000099999999988 0.99999999200000000421 0.00000000099999999988 0.00000000099999999988 0.00000000099999999988 0.00000000099999999988 
0.00000000099999999989 0.00000000099999999989 0.00000000099999999989 0.00000000099999999989 0.00000000099999999989 0.99999999200000011523 0.00000000099999999989 0.00000000099999999989 0.00000000099999999989 
0.00000000099999999954 0.00000000099999999954 0.00000000099999999954 0.00000000099999999954 0.00000000099999999954 0.00000000099999999954 0.99999999200000000421 0.00000000099999999954 0.00000000099999999954 
0.00000000099999999993 0.00000000099999999993 0.00000000099999999993 0.99999999200000011523 0.00000000099999999993 0.00000000099999999993 0.00000000099999999993 0.00000000099999999993 0.00000000099999999993 
0.00000000099999999949 0.00000000099999999949 0.00000000099999999949 0.00000000099999999949 0.00000000099999999949 0.00000000099999999949 0.99999999200000000421 0.00000000099999999949 0.00000000099999999949 
0.99999999200000011523 0.00000000099999999949 0.00000000099999999949 0.00000000099999999949 0.00000000099999999949 0.00000000099999999949 0.00000000099999999949 0.00000000099999999949 0.00000000099999999949 
0.00000000099999999995 0.00000000099999999995 0.00000000099999999995 0.00000000099999999995 0.33647874763652529939 0.00000000099999999995 0.00000000099999999995 0.00000000099999999995 0.66352124536347467654 
0.00000000099999999997 0.00000000099999999997 0.36851606802879971481 0.01394915601251146310 0.11707347825817769615 0.00000000099999999997 0.00000000099999999997 0.28836861736474894702 0.21209267633576195378 
0.00000000099999999995 0.00000000099999999995 0.38587095947505845039 0.00000000099999999995 0.00000000099999999995 0.00000000099999999995 0.00000000099999999995 0.00000000099999999995 0.61412903352494130349 
0.00000000099999999996 0.00000000099999999996 0.47927471193152920703 0.00000000099999999996 0.14327073653124419716 0.00000000099999999996 0.00000000099999999996 0.37745454553722662672 0.00000000099999999996 
0.00000000099999999998 0.00620219233409468988 0.12383629342230433046 0.00000000099999999998 0.14440614864520256999 0.17845610730351571527 0.00000000099999999998 0.15653874107979626196 0.39056051421508652943 
0.00000000099999999997 0.00301524549701253633 0.29002871825733073097 0.00830442075635152467 0.20922171452337187669 0.02843784556064076624 0.00000000099999999997 0.19579853405008415534 0.26519351935520857344 
0.00000000099999999994 0.00000000099999999994 0.51283955342391362997 0.00000000099999999994 0.00000000099999999994 0.00000000099999999994 0.00000000099999999994 0.48716043957608629045 0.00000000099999999994 
0.00000000099999999994 0.00000000099999999994 0.03299344477573285667 0.96700654822426734825 0.00000000099999999994 0.00000000099999999994 0.00000000099999999994 0.00000000099999999994 0.00000000099999999994 
0.00000000099999999988 0.00000000099999999988 0.00000000099999999988 0.00000000099999999988 0.00000000099999999988 0.00000000099999999988 0.00000000099999999988 0.99999999200000000421 0.00000000099999999988 
0.99999999200000011523 0.00000000099999999951 0.00000000099999999951 0.00000000099999999951 0.00000000099999999951 0.00000000099999999951 0.00000000099999999951 0.00000000099999999951 0.00000000099999999951 
0.00000000099999999998 0.00000000099999999998 0.40474389821569861647 0.00000000099999999998 0.00000000099999999998 0.00000000099999999998 0.00000000099999999998 0.21449723690404864929 0.38075885888025273740 
0.00000000099999999979 0.00000000099999999979 0.00000000099999999979 0.00000000099999999979 0.00000000099999999979 0.00000000099999999979 0.99999999199999989319 0.00000000099999999979 0.00000000099999999979 
0.45624816448038219008 0.00000000099999999962 0.00000000099999999962 0.00000000099999999962 0.00000000099999999962 0.00000000099999999962 0.54375182851961767483 0.00000000099999999962 0.00000000099999999962 
0.00000000099999999997 0.00000000099999999997 0.19897154374562592283 0.01967187745819815037 0.00782050950661749081 0.34111088157744079430 0.00000000099999999997 0.19047956495448178926 0.24194561975763581585 
0.00000000099999999996 0.00000000099999999996 0.38530357902510409263 0.00000000099999999996 0.19558825722581882345 0.41910815774907705933 0.00000000099999999996 0.00000000099999999996 0.00000000099999999996 
0.00000000099999999998 0.00000000099999999998 0.00000000099999999998 0.00657131547327042230 0.24379887115854187440 0.29145384816336294964 0.00000000099999999998 0.07139204793997233622 0.38678391326485245250 
0.62813905071304898531 0.00000000099999999966 0.00000000099999999966 0.00000000099999999966 0.00000000099999999966 0.00000000099999999966 0.37186094228695110164 0.00000000099999999966 0.00000000099999999966 
0.00000000099999999991 0.00000000099999999991 0.00000000099999999991 0.99999999200000000421 0.00000000099999999991 0.00000000099999999991 0.00000000099999999991 0.00000000099999999991 0.00000000099999999991 
0.00000000099999999991 0.00000000099999999991 0.00000000099999999991 0.99999999200000000421 0.00000000099999999991 0.00000000099999999991 0.00000000099999999991 0.00000000099999999991 0.00000000099999999991 
0.00000000099999999954 0.00000000099999999954 0.00000000099999999954 0.00000000099999999954 0.00000000099999999954 0.00000000099999999954 0.99999999200000000421 0.00000000099999999954 0.00000000099999999954 
0.00000000099999999996 0.00000000099999999996 0.65660929952542790300 0.00000000099999999996 0.34339069347457218395 0.00000000099999999996 0.00000000099999999996 0.00000000099999999996 0.00000000099999999996 
0.00000000099999999999 0.00910380861346148963 0.19804151628355620707 0.03496140150992534806 0.10279015952066927753 0.00001114840950755587 0.00000000099999999999 0.28330631105403486503 0.37178565260884532950 
0.99999999200000022626 0.00000000099999999956 0.00000000099999999956 0.00000000099999999956 0.00000000099999999956 0.00000000099999999956 0.00000000099999999956 0.00000000099999999956 0.00000000099999999956 
0.00000000099999999995 0.00000000099999999995 0.00000000099999999995 0.00000000099999999995 0.46694823106330529683 0.00000000099999999995 0.00000000099999999995 0.53305176193669456808 0.00000000099999999995 
0.00000000099999999989 0.00000000099999999989 0.00000000099999999989 0.99999999200000011523 0.00000000099999999989 0.00000000099999999989 0.00000000099999999989 0.00000000099999999989 0.00000000099999999989 
0.00000000099999999999 0.10519856882192211989 0.00000000099999999999 0.22209275388791119288 0.00000000099999999999 0.00000000099999999999 0.10752711268022313584 0.00000000099999999999 0.56518155960994331810 
