0.00000000099999999999 0.02040506965636439130 0.20238435151573896942 0.00000000099999999999 0.45706032148488034972 0.30126364346169759445 0.01888661088131872098 0.00000000099999999999 
0.00000000099999999994 0.00000000099999999994 0.00000000099999999994 0.00000000099999999994 0.00000000099999999994 0.00000000099999999994 0.00000000099999999994 0.99999999300000008695 
0.00000000099999999993 0.00000000099999999993 0.00000000099999999993 0.00000000099999999993 0.00000000099999999993 0.00000000099999999993 0.03654413519187409837 0.96345585880812600887 
0.01402326960415131545 0.00068889555887241907 0.46132385955911853204 0.00000000099999999999 0.21104615563911113818 0.27846705992221165715 0.00000000099999999999 0.03445075771653489244 
0.09838663398845483299 0.00000000099999999999 0.22791581834369567527 0.00000000099999999999 0.28862365665793870972 0.32141805778279936012 0.06365583022711145122 0.00000000099999999999 
0.00000000099999999998 0.00198392150758664159 0.64175679593094836495 0.00000000099999999998 0.34909858930593667958 0.00000000099999999998 0.00207844491119375504 0.00508224534433463371 
0.00000000099999999995 0.00000000099999999995 0.00000000099999999995 0.00000000099999999995 0.00000000099999999995 0.00000000099999999995 0.03261565346294709178 0.96738434053705280036 
0.00000000099999999992 0.00000000099999999992 0.00000000099999999992 0.00000000099999999992 0.00000000099999999992 0.00000000099999999992 0.00000000099999999992 0.99999999300000008695 
0.06305686151383087246 0.01067779396892441432 0.57463393966883979935 0.00000000099999999998 0.35163140084840505128 0.00000000099999999998 0.00000000099999999998 0.00000000099999999998 
0.00000000099999999995 0.00000000099999999995 0.00000000099999999995 0.00000000099999999995 0.00000000099999999995 0.00000000099999999995 0.00000000099999999995 0.99999999300000008695 
0.11869940443531064311 0.00267050128570586786 0.46726773660134751642 0.00000000099999999999 0.00008037788508239569 0.41128197677236721930 0.00000000099999999999 0.00000000102018648965 
0.12490915601851240724 0.00057851750401357346 0.25486229790006209583 0.00000000099999999999 0.22872025423270345157 0.38110414329622660512 0.00000000769940365093 0.00982562234907827237 
0.11893595529829525947 0.00000000099999999996 0.00000000099999999996 0.00000000099999999996 0.00000000099999999996 0.88106403870170479919 0.00000000099999999996 0.00000000099999999996 
0.12948600432481777167 0.00268071565314129904 0.32889552526139820277 0.00000000099999999999 0.09657076777210298058 0.35392519532476401922 0.08844178966377554130 0.00000000099999999999 
0.00000000099999999993 0.00000000099999999993 0.00000000099999999993 0.00000000099999999993 0.00000000099999999993 0.99999999300000008695 0.00000000099999999993 0.00000000099999999993 
0.07167267581128157483 0.02502292650565367260 0.33396541980779159697 0.00000000099999999999 0.25628265171485947738 0.20977698963012542110 0.05824753456922768940 0.04503180096106057517 
0.06728488960336825864 0.00000000099999999998 0.31036838809462519162 0.00000000099999999998 0.35821465446289579848 0.19504429847650706087 0.06908776636260363646 0.00000000099999999998 
0.07527700088167138537 0.00000000099999999998 0.62630589746767140191 0.00000000099999999998 0.24012039488990799541 0.00000000099999999998 0.05829670276074926105 0.00000000099999999998 
0.03156694703538478336 0.00556259964538214410 0.34874821702529140710 0.00406718958997665490 0.38277081782056543435 0.19763501135551483912 0.02964921652788491888 0.00000000100000000000 
0.00000000099999999997 0.00000000099999999997 0.00000000099999999997 0.00000000099999999997 0.43206152855166646276 0.53850251506525548262 0.02943595138307791154 0.00000000099999999997 
0.00000000099999999994 0.00000000099999999994 0.00000000099999999994 0.00000000099999999994 0.00000000099999999994 0.99999999300000008695 0.00000000099999999994 0.00000000099999999994 
0.00000000099999999993 0.00000000099999999993 0.00000000099999999993 0.00000000099999999993 0.00000000099999999993 0.00000000099999999993 0.07203794690634959808 0.92796204709365037733 
0.04646571489826676477 0.00000000099999999999 0.38643875207148004058 0.00000000099999999999 0.34963668328335373303 0.19725708788931967108 0.00000000099999999999 0.02020175885757983028 
0.99999999300000008695 0.00000000099999999964 0.00000000099999999964 0.00000000099999999964 0.00000000099999999964 0.00000000099999999964 0.00000000099999999964 0.00000000099999999964 
0.00000000099999999997 0.00000000099999999997 0.21390287931854934378 0.00000000099999999997 0.38890348768733939977 0.28438104041471778949 0.09602968871342046353 0.01678290086597302583 
0.14661804592858532215 0.00000000099999999996 0.00000000099999999996 0.00000000099999999996 0.85338194807141465326 0.00000000099999999996 0.00000000099999999996 0.00000000099999999996 
0.00000000099999999969 0.99999999300000008695 0.00000000099999999969 0.00000000099999999969 0.00000000099999999969 0.00000000099999999969 0.00000000099999999969 0.00000000099999999969 
0.00000000099999999965 0.99999999300000019797 0.00000000099999999965 0.00000000099999999965 0.00000000099999999965 0.00000000099999999965 0.00000000099999999965 0.00000000099999999965 
0.15502937802379820886 0.00000000099999999998 0.51538482809561836362 0.00000000099999999998 0.16492016370291118221 0.03180450978276416069 0.13286111739490807926 0.00000000099999999998 
0.99999999300000008695 0.00000000099999999981 0.00000000099999999981 0.00000000099999999981 0.00000000099999999981 0.00000000099999999981 0.00000000099999999981 0.00000000099999999981 
0.07587555459807228397 0.00000000099999999998 0.27226326304159997882 0.00000000099999999998 0.32332535296476838660 0.21899698038848852688 0.10953884546557597635 0.00000000154149501435 
0.16439741352398218321 0.00000000099999999988 0.00000000099999999988 0.00000000099999999988 0.00000000099999999988 0.00000000099999999988 0.00000000099999999988 0.83560258047601776443 
0.62749070831600239906 0.37250813969500184974 0.00000000099999999981 0.00000000099999999981 0.00000000099999999981 0.00000000099999999981 0.00000000099999999981 0.00000114698899586457 
0.01389631323524660560 0.00000000099999999998 0.25676021250952357766 0.00000000099999999998 0.29680109631629664202 0.43254234057879398234 0.00000003436013924591 0.00000000099999999998 
0.00000000099999999964 0.00000000099999999964 0.00000000099999999964 0.99999999300000008695 0.00000000099999999964 0.00000000099999999964 0.00000000099999999964 0.00000000099999999964 
0.00000000099999999955 0.00000000099999999955 0.00000000099999999955 0.99999999299999997593 0.00000000099999999955 0.00000000099999999955 0.00000000099999999955 0.00000000099999999955 
0.00000000099999999955 0.00000000099999999955 0.00000000099999999955 0.99999999299999997593 0.00000000099999999955 0.00000000099999999955 0.00000000099999999955 0.00000000099999999955 
0.00000000099999999970 0.99999999300000008695 0.00000000099999999970 0.00000000099999999970 0.00000000099999999970 0.00000000099999999970 0.00000000099999999970 0.00000000099999999970 
0.00000000099999999966 0.99999999300000019797 0.00000000099999999966 0.00000000099999999966 0.00000000099999999966 0.00000000099999999966 0.00000000099999999966 0.00000000099999999966 
0.07652099835579444231 0.00000000099999999997 0.00000000099999999997 0.00000000099999999997 0.29934569075291500573 0.54824770900830888110 0.07588559788298161746 0.00000000099999999997 
0.00000000099999999996 0.00000000099999999996 0.00000000099999999996 0.00000000099999999996 0.00000000099999999996 0.00000000099999999996 0.00000000099999999996 0.99999999300000008695 
0.00000000099999999968 0.99999999300000008695 0.00000000099999999968 0.00000000099999999968 0.00000000099999999968 0.00000000099999999968 0.00000000099999999968 0.00000000099999999968 
0.13235608535050316648 0.00000001728085881903 0.41502345149954944503 0.00000000099999999999 0.00000031270567245282 0.44470731399610419210 0.00000000099999999999 0.00791281716731191166 
0.00000000099999999993 0.00000000099999999993 0.00000000099999999993 0.00000000099999999993 0.00000000099999999993 0.00000000099999999993 0.00000000099999999993 0.99999999299999997593 
0.00000000099999999972 0.99999999300000019797 0.00000000099999999972 0.00000000099999999972 0.00000000099999999972 0.00000000099999999972 0.00000000099999999972 0.00000000099999999972 
0.08022592608924108970 0.00462390919795095147 0.37559336399686754637 0.00000000099999999999 0.25319201629198051506 0.28214273170927189893 0.00000000099999999999 0.00422205071468794314 
0.00000000099999999968 0.99999999300000008695 0.00000000099999999968 0.00000000099999999968 0.00000000099999999968 0.00000000099999999968 0.00000000099999999968 0.00000000099999999968 
0.00000000099999999995 0.00000000099999999995 0.00000000099999999995 0.00000000099999999995 0.00000000099999999995 0.00000000099999999995 0.00000900636329202733 0.99999098763670801748 
0.00000000099999999991 0.00000000099999999991 0.00000000099999999991 0.00000000099999999991 0.00000000099999999991 0.00000000099999999991 0.00000000099999999991 0.99999999300000008695 
0.00000000099999999963 0.99999999300000008695 0.00000000099999999963 0.00000000099999999963 0.00000000099999999963 0.00000000099999999963 0.00000000099999999963 0.00000000099999999963 
0.00000000099999999966 0.99999999300000019797 0.00000000099999999966 0.00000000099999999966 0.00000000099999999966 0.00000000099999999966 0.00000000099999999966 0.00000000099999999966 
0.00000000099999999995 0.00000000099999999995 0.00000000099999999995 0.00000000099999999995 0.00000000099999999995 0.00000000099999999995 0.00000000099999999995 0.99999999299999997593 
0.00000000099999999995 0.00000000099999999995 0.00000000099999999995 0.00000000099999999995 0.00000000099999999995 0.00000000099999999995 0.00000000099999999995 0.99999999299999997593 
0.00000000099999999996 0.00000000099999999996 0.00000000099999999996 0.00000000099999999996 0.00000000099999999996 0.00000000099999999996 0.00000000099999999996 0.99999999300000008695 
0.00000000099999999973 0.99999999300000008695 0.00000000099999999973 0.00000000099999999973 0.00000000099999999973 0.00000000099999999973 0.00000000099999999973 0.00000000099999999973 
0.07713099676852205877 0.01251167183736832597 0.46957385277866792173 0.00000000099999999999 0.15425414686060828773 0.25305260861472361755 0.00000000099999999999 0.03347672114010990380 
0.00000000099999999998 0.01932005452242389898 0.52806537411990472908 0.00000000099999999998 0.45261456635767138845 0.00000000099999999998 0.00000000099999999998 0.00000000099999999998 
0.00000000099999999991 0.00000000099999999991 0.00000000099999999991 0.00000000099999999991 0.00000000099999999991 0.99999999299999997593 0.00000000099999999991 0.00000000099999999991 
0.03555672208631439901 0.00000000099999999999 0.53303191773420921518 0.00000000099999999999 0.18204999481579983711 0.21321921567496127103 0.03614214668871533476 0.00000000099999999999 
0.00000000099999999994 0.00000000099999999994 0.00000000099999999994 0.00000000099999999994 0.00000000099999999994 0.00000000099999999994 0.00000000099999999994 0.99999999300000008695 
0.08547580002466054205 0.00118629820259240695 0.24112265226671847351 0.00000000100000000000 0.36343750813709480019 0.26335024718989047399 0.04542749217904342579 0.00000000100000000000 
0.00000000099999999961 0.00000000099999999961 0.00000000099999999961 0.99999999299999997593 0.00000000099999999961 0.00000000099999999961 0.00000000099999999961 0.00000000099999999961 
0.00000000099999999991 0.00000000099999999991 0.00000000099999999991 0.00000000099999999991 0.99999999300000008695 0.00000000099999999991 0.00000000099999999991 0.00000000099999999991 
0.00000000099999999962 0.00000000099999999962 0.00000000099999999962 0.99999999300000008695 0.00000000099999999962 0.00000000099999999962 0.00000000099999999962 0.00000000099999999962 
0.13980917990291027997 0.00000000099999999999 0.35265188525487833893 0.00000000099999999999 0.32058887180764927827 0.13323451927723078958 0.03527565862173458189 0.01843988313559683651 
0.00000000099999999963 0.00000000099999999963 0.00000000099999999963 0.99999999299999997593 0.00000000099999999963 0.00000000099999999963 0.00000000099999999963 0.00000000099999999963 
0.00000000099999999992 0.00000000099999999992 0.00000000099999999992 0.00000000099999999992 0.65403949280884132733 0.00000000099999999992 0.34596050119115867583 0.00000000099999999992 
0.00000000099999999993 0.00000000099999999993 0.00000000099999999993 0.00000000099999999993 0.00000000099999999993 0.99999999299999997593 0.00000000099999999993 0.00000000099999999993 
0.00000000099999999993 0.00000000099999999993 0.00000000099999999993 0.00000000099999999993 0.00000000099999999993 0.00000000099999999993 0.00000000099999999993 0.99999999299999997593 
0.06242608002051809601 0.00000000099999999997 0.43794625217779703519 0.00000000099999999997 0.25760315001102557231 0.18866281583698676916 0.05336169895367253585 0.00000000099999999997 
0.00000000099999999963 0.00000000099999999963 0.00000000099999999963 0.99999999300000008695 0.00000000099999999963 0.00000000099999999963 0.00000000099999999963 0.00000000099999999963 
0.00000000099999999966 0.00000000099999999966 0.00000000099999999966 0.99999999299999997593 0.00000000099999999966 0.00000000099999999966 0.00000000099999999966 0.00000000099999999966 
0.00000000099999999999 0.00402585396529769966 0.00000000099999999999 0.00000000099999999999 0.49693393196650603727 0.41098142311594199061 0.00000000099999999999 0.08805878695225423380 
0.00000000099999999993 0.00000000099999999993 0.00000000099999999993 0.00000000099999999993 0.00000000099999999993 0.00000000099999999993 0.00000000099999999993 0.99999999300000008695 
0.00000000099999999974 0.99999999300000008695 0.00000000099999999974 0.00000000099999999974 0.00000000099999999974 0.00000000099999999974 0.00000000099999999974 0.00000000099999999974 
0.00000000099999999994 0.00000000099999999994 0.00000000099999999994 0.00000000099999999994 0.00000000099999999994 0.00000000099999999994 0.00000000099999999994 0.99999999300000008695 
0.00000055275837754797 0.00000000099999999998 0.40198162118942154519 0.00000000099999999998 0.00000000099999999998 0.41553370859008537108 0.18240933250067656313 0.00007478196143896794 
0.00000000099999999959 0.00000000099999999959 0.00000000099999999959 0.99999999300000008695 0.00000000099999999959 0.00000000099999999959 0.00000000099999999959 0.00000000099999999959 
0.00000000099999999961 0.99999999300000019797 0.00000000099999999961 0.00000000099999999961 0.00000000099999999961 0.00000000099999999961 0.00000000099999999961 0.00000000099999999961 
0.00000000099999999967 0.00000000099999999967 0.00000000099999999967 0.99999999299999997593 0.00000000099999999967 0.00000000099999999967 0.00000000099999999967 0.00000000099999999967 
0.00000000099999999998 0.01123224510269258195 0.00000000099999999998 0.00000000099999999998 0.67793295452934887457 0.31083479536795860509 0.00000000099999999998 0.00000000099999999998 
0.00000000099999999991 0.00000000099999999991 0.00000000099999999991 0.00000000099999999991 0.00000000099999999991 0.00000000099999999991 0.00000000099999999991 0.99999999299999997593 
0.00000000099999999994 0.00000000099999999994 0.00000000099999999994 0.00000000099999999994 0.00000000099999999994 0.00000000099999999994 0.00036214636015424154 0.99963784763984564474 
0.08723005310158311876 0.00000000099999999999 0.00000000099999999999 0.00000000099999999999 0.26604985335004366354 0.41479021733485993417 0.00000011858956388370 0.23192975462394946340 
0.00000000099999999999 0.02310543960109398207 0.53060604868148941726 0.00000000099999999999 0.00169465684162083152 0.44376146363819563012 0.00000000099999999999 0.00083238823760008434 
0.00000000099999999993 0.00000000099999999993 0.99999999300000008695 0.00000000099999999993 0.00000000099999999993 0.00000000099999999993 0.00000000099999999993 0.00000000099999999993 
0.00000000099999999997 0.00000000099999999997 0.25557691932493598053 0.00000000099999999997 0.33622444311507559966 0.31810466743140614065 0.08381244497852310960 0.00628152215005914685 
0.09458370303774545074 0.00000000099999999999 0.34767975655603111651 0.00000000099999999999 0.36817489478478543363 0.18956164162143801510 0.00000000099999999999 0.00000000099999999999 
0.10371907893272667989 0.00000000099999999997 0.35733974582549554722 0.00000000099999999997 0.35804525143202797777 0.12399764111689742796 0.05689827969285227854 0.00000000099999999997 
0.00041564512032629989 0.00000000099999999998 0.28307770688406808102 0.00000000099999999998 0.29769952145220995865 0.41869463913286980583 0.00000000099999999998 0.00011248441052573491 
0.01736679918085456270 0.00143086453822213982 0.19292493225669174461 0.00000000099999999999 0.40982008545341136463 0.37492911565975056698 0.00000000099999999999 0.00352820091106981334 
0.07871026651398629892 0.00000000099999999998 0.52645598794149861543 0.00000000099999999998 0.00000000099999999998 0.37449129444344830819 0.00000000099999999998 0.02034244710106689752 
0.00000000099999999995 0.00000000099999999995 0.00000000099999999995 0.00000000099999999995 0.00000000099999999995 0.00000000099999999995 0.00000000099999999995 0.99999999300000008695 
0.00000000099999999997 0.00000000099999999997 0.00000000099999999997 0.00000000099999999997 0.00000000099999999997 0.01844896459233738920 0.00000000099999999997 0.98155102940766258968 
0.00000000099999999977 0.00000000099999999977 0.00000000099999999977 0.99999999300000008695 0.00000000099999999977 0.00000000099999999977 0.00000000099999999977 0.00000000099999999977 
0.00000000099999999997 0.00000000099999999997 0.00000000099999999997 0.00000000099999999997 0.00000000099999999997 0.00000000099999999997 0.00000000099999999997 0.99999999300000008695 
0.00000000099999999997 0.00000000099999999997 0.00000000099999999997 0.00000000099999999997 0.00000000099999999997 0.02255431141222367583 0.00000000099999999997 0.97744568258777619896 
0.00094402864001944594 0.00012514974371342593 0.53526096131163103387 0.00000000099999999999 0.11048289888127342528 0.34011912618248452134 0.00002654979329875744 0.01304128444757931410 
0.00000000099999999954 0.00000000099999999954 0.00000000099999999954 0.99999999300000008695 0.00000000099999999954 0.00000000099999999954 0.00000000099999999954 0.00000000099999999954 
0.00000000099999999998 0.00000000099999999998 0.54557683709578841391 0.00000000099999999998 0.00000000099999999998 0.45442315690421170027 0.00000000099999999998 0.00000000099999999998 
0.00000000099999999999 0.00000034981407180570 0.43568426639179952398 0.00000000099999999999 0.30936150565388231826 0.21495443016279047743 0.03120136465330568265 0.00879808132415023716 
0.01933375663963743732 0.00531119242379956159 0.26850892155954808604 0.00000000100000000000 0.32612718411607488633 0.35616781147200643476 0.02455113178893351261 0.00000000100000000000 
0.06237390157765442672 0.00000000099999999999 0.52324462813576455567 0.00000000099999999999 0.00000000099999999999 0.35555424698617593693 0.05882077199250709820 0.00000644830789810840 
0.04008925173741501730 0.00000000099999999998 0.07458566184015845424 0.00000000099999999998 0.38006906741001628136 0.50525601501241013125 0.00000000099999999998 0.00000000099999999998 
0.14605692789234134277 0.00000000099999999999 0.32438137582822124116 0.00000000099999999999 0.21510128166105446645 0.28785930536860143691 0.00000000099999999999 0.02660110624978135468 
0.00000000099999999999 0.00078017200561085519 0.29025257041205171360 0.00000000099999999999 0.41648086857124227977 0.29248638501109525123 0.00000000099999999999 0.00000000099999999999 
0.11393388777157879843 0.00403073357281456737 0.34512146476262955952 0.00000000099999999999 0.36698618595065357617 0.12174758010758995885 0.04818014583473362311 0.00000000099999999999 
0.05703754165699648215 0.02999228953029142719 0.39786466032926565140 0.00157799681156416518 0.22396240141807760571 0.28447049791352047032 0.00000000100000000000 0.00509461134028422243 
0.00000000099999999995 0.00000000099999999995 0.99999999300000008695 0.00000000099999999995 0.00000000099999999995 0.00000000099999999995 0.00000000099999999995 0.00000000099999999995 
0.00000000099999999992 0.00000000099999999992 0.99999999299999997593 0.00000000099999999992 0.00000000099999999992 0.00000000099999999992 0.00000000099999999992 0.00000000099999999992 
0.04446641442805803618 0.02158000639882333774 0.31282547099989821415 0.00000000100000000000 0.38627826389280500718 0.15937902689209393348 0.06483404174466898817 0.01063677464365240903 
0.00000000099999999998 0.00847829570368676018 0.33791300356449621711 0.00000000099999999998 0.28720904622151260943 0.36637297723981582243 0.00002667427048862413 0.00000000099999999998 
0.00000000099999999997 0.00000000099999999997 0.00000000099999999997 0.00000000099999999997 0.59872790357327987376 0.40127207024086197773 0.00000000099999999997 0.00000002118585816597 
0.07803838582103722610 0.00000000099999999998 0.00000000099999999998 0.00000000099999999998 0.47349245152919572366 0.44846915764976691410 0.00000000099999999998 0.00000000099999999998 
0.12623450536501210073 0.00000000099999999998 0.18450272915491522374 0.00000000099999999998 0.39997505603817051778 0.26965255132284304818 0.00000000099999999998 0.01963515511905916666 
0.00000000099999999999 0.00000000099999999999 0.61344040769217367259 0.00000000099999999999 0.31645389654212052744 0.00000000099999999999 0.07010569076570583036 0.00000000099999999999 
0.14562711960878851891 0.00000000099999999997 0.85437287439121156751 0.00000000099999999997 0.00000000099999999997 0.00000000099999999997 0.00000000099999999997 0.00000000099999999997 
0.14181353843040853113 0.00000000099999999998 0.29352009573541354426 0.00000000099999999998 0.13443127538601767901 0.42997868662569876941 0.00025640082246127779 0.00000000099999999998 
0.00000000099999999994 0.00000000099999999994 0.99999999300000008695 0.00000000099999999994 0.00000000099999999994 0.00000000099999999994 0.00000000099999999994 0.00000000099999999994 
0.11336277142007036844 0.00000000100000000000 0.00000003146447150323 0.07133732093394805351 0.53814364194599639823 0.26957614628657761147 0.00000000100000000000 0.00758008594893600039 
0.00000000099999999997 0.00000000099999999997 0.00000000099999999997 0.00000000099999999997 0.52757400382842889464 0.46309258802558805890 0.00933340314598284267 0.00000000099999999997 
0.00000000099999999994 0.00000000099999999994 0.00000000099999999994 0.00000000099999999994 0.99999999299999997593 0.00000000099999999994 0.00000000099999999994 0.00000000099999999994 
0.14585377768384685804 0.00000000099999999997 0.33709626707287049241 0.00000000099999999997 0.00000000099999999997 0.47497078040585449799 0.04207917083742813286 0.00000000099999999997 
0.09773517717862806320 0.00083106005453894758 0.00000000099999999998 0.00000000099999999998 0.54570878693236890555 0.24833239416484989559 0.10739257866961419985 0.00000000099999999998 
0.10817627306965416079 0.00000000099999999998 0.40339062018932814180 0.00000000099999999998 0.29154045121278365782 0.19566112514607911232 0.00000000099999999998 0.00123152738215493471 
0.28469538645353942297 0.00000000099999999997 0.00000000099999999997 0.00000000099999999997 0.00000000099999999997 0.71530460754646041366 0.00000000099999999997 0.00000000099999999997 
0.13614795105428476041 0.00012251235952627257 0.42996375634071259952 0.00000000099999999999 0.00000000099999999999 0.43376577434215568552 0.00000000099999999999 0.00000000290332085647 
0.00000000099999999997 0.00000000099999999997 0.00000000099999999997 0.00000000099999999997 0.46484625296572767983 0.46355680747060951097 0.07159693456366278408 0.00000000099999999997 
0.00000000099999999996 0.00000000099999999996 0.67879051532692058490 0.00000000099999999996 0.00000000099999999996 0.31335433000027529404 0.00000000099999999996 0.00785514967280407511 
0.00000000099999999993 0.00000000099999999993 0.00000000099999999993 0.00000000099999999993 0.00000000099999999993 0.00000000099999999993 0.00000000099999999993 0.99999999300000008695 
0.00000000099999999998 0.00000000099999999998 0.00000327823143547258 0.00000000099999999998 0.00000000099999999998 0.00000000099999999998 0.00054478559396567135 0.99945193117459885102 
0.00000000099999999970 0.00000000099999999970 0.00000000099999999970 0.99999999299999997593 0.00000000099999999970 0.00000000099999999970 0.00000000099999999970 0.00000000099999999970 
0.00000000099999999962 0.99999999300000008695 0.00000000099999999962 0.00000000099999999962 0.00000000099999999962 0.00000000099999999962 0.00000000099999999962 0.00000000099999999962 
0.03942671233630865024 0.03404508786462951547 0.00000000099999999999 0.00000000099999999999 0.00000002427505544808 0.00000000099999999999 0.04299331297824681569 0.88353485954575960992 
0.00000000099999999993 0.00000000099999999993 0.00000000099999999993 0.00000000099999999993 0.99999999300000008695 0.00000000099999999993 0.00000000099999999993 0.00000000099999999993 
0.00000000099999999994 0.00000000099999999994 0.00000000099999999994 0.00000000099999999994 0.99999999299999997593 0.00000000099999999994 0.00000000099999999994 0.00000000099999999994 
0.00000000099999999995 0.00000000099999999995 0.00000000099999999995 0.00000000099999999995 0.00000000099999999995 0.00000000099999999995 0.06344136378351178385 0.93655863021648810829 
0.11062690988097384492 0.00000000099999999999 0.21888701606774957353 0.00000000099999999999 0.28037039466159735523 0.38480413637713994923 0.00000000427634976030 0.00531153673618947608 
0.00000000099999999993 0.00000000099999999993 0.00000000099999999993 0.00000000099999999993 0.00000000099999999993 0.99999999299999997593 0.00000000099999999993 0.00000000099999999993 
0.99999999300000019797 0.00000000099999999980 0.00000000099999999980 0.00000000099999999980 0.00000000099999999980 0.00000000099999999980 0.00000000099999999980 0.00000000099999999980 
0.00000000099999999960 0.00000000099999999960 0.00000000099999999960 0.99999999299999997593 0.00000000099999999960 0.00000000099999999960 0.00000000099999999960 0.00000000099999999960 
0.00000000099999999963 0.00000000099999999963 0.00000000099999999963 0.99999999299999997593 0.00000000099999999963 0.00000000099999999963 0.00000000099999999963 0.00000000099999999963 
0.00000000099999999954 0.00000000099999999954 0.00000000099999999954 0.99999999300000008695 0.00000000099999999954 0.00000000099999999954 0.00000000099999999954 0.00000000099999999954 
0.00000000099999999956 0.00000000099999999956 0.00000000099999999956 0.99999999300000008695 0.00000000099999999956 0.00000000099999999956 0.00000000099999999956 0.00000000099999999956 
0.00000000099999999957 0.00000000099999999957 0.00000000099999999957 0.99999999299999997593 0.00000000099999999957 0.00000000099999999957 0.00000000099999999957 0.00000000099999999957 
0.00000000099999999997 0.00000000099999999997 0.00000000099999999997 0.00000000099999999997 0.00000000099999999997 0.00000000099999999997 0.00000000558650343758 0.99999998841349657663 
0.11262742628286033508 0.00000000099999999996 0.00000000099999999996 0.00000000099999999996 0.00000000099999999996 0.88737256771713968195 0.00000000099999999996 0.00000000099999999996 
0.00000000099999999957 0.00000000099999999957 0.00000000099999999957 0.99999999300000008695 0.00000000099999999957 0.00000000099999999957 0.00000000099999999957 0.00000000099999999957 
0.00000000099999999964 0.00000000099999999964 0.00000000099999999964 0.99999999299999997593 0.00000000099999999964 0.00000000099999999964 0.00000000099999999964 0.00000000099999999964 
0.00000000099999999961 0.99999999300000019797 0.00000000099999999961 0.00000000099999999961 0.00000000099999999961 0.00000000099999999961 0.00000000099999999961 0.00000000099999999961 
0.00000000099999999961 0.99999999300000019797 0.00000000099999999961 0.00000000099999999961 0.00000000099999999961 0.00000000099999999961 0.00000000099999999961 0.00000000099999999961 
0.00000000099999999992 0.00000000099999999992 0.99999999300000008695 0.00000000099999999992 0.00000000099999999992 0.00000000099999999992 0.00000000099999999992 0.00000000099999999992 
0.00000000099999999960 0.00000000099999999960 0.00000000099999999960 0.99999999300000008695 0.00000000099999999960 0.00000000099999999960 0.00000000099999999960 0.00000000099999999960 
0.00000000099999999993 0.00000000099999999993 0.00000000099999999993 0.00000000099999999993 0.00000000099999999993 0.99999999299999997593 0.00000000099999999993 0.00000000099999999993 
0.00006656315775357910 0.00000000099999999998 0.38883261147931047486 0.00000000099999999998 0.28236268394519792313 0.28398869645792029770 0.04474944195981762213 0.00000000099999999998 
0.05177493969639185289 0.00000000099999999997 0.00000000099999999997 0.00000000099999999997 0.00000000099999999997 0.00000000099999999997 0.00000000099999999997 0.94822505430360815026 
0.01193743654606262833 0.00000000099999999998 0.19558206246900425307 0.00000000099999999998 0.34447681929578743976 0.36358657525917914555 0.08441709864039241562 0.00000000578957394396 
0.00000000099999999991 0.00000000099999999991 0.00000000099999999991 0.00000000099999999991 0.00000000099999999991 0.00000000099999999991 0.00000000099999999991 0.99999999299999997593 
0.04666784866117593134 0.00000000099999999997 0.42830057825946482586 0.00000000099999999997 0.00000000099999999997 0.42151282367331072143 0.10351874540604837083 0.00000000099999999997 
0.00000000099999999993 0.00000000099999999993 0.00000000099999999993 0.00000000099999999993 0.00000000099999999993 0.00000000099999999993 0.00000000099999999993 0.99999999300000008695 
0.00000000099999999993 0.00000000099999999993 0.00000000099999999993 0.00000000099999999993 0.00000000099999999993 0.99999999299999997593 0.00000000099999999993 0.00000000099999999993 
0.00000000504900681663 0.00000009627538598263 0.38134732308155572245 0.00000000099999999998 0.51816453055957667484 0.00000000099999999998 0.10048804203447481154 0.00000000099999999998 
0.00000000099999999964 0.00000000099999999964 0.00000000099999999964 0.99999999300000008695 0.00000000099999999964 0.00000000099999999964 0.00000000099999999964 0.00000000099999999964 
0.00000000099999999993 0.00000000099999999993 0.00000000099999999993 0.00000000099999999993 0.00000000099999999993 0.00000000099999999993 0.00000000099999999993 0.99999999300000008695 
0.00000000099999999958 0.00000000099999999958 0.00000000099999999958 0.99999999299999997593 0.00000000099999999958 0.00000000099999999958 0.00000000099999999958 0.00000000099999999958 
0.00000000099999999956 0.00000000099999999956 0.00000000099999999956 0.99999999299999997593 0.00000000099999999956 0.00000000099999999956 0.00000000099999999956 0.00000000099999999956 
0.09816189882449830040 0.00000000099999999998 0.37750911374542145404 0.00000000099999999998 0.00000000099999999998 0.49515354088781532438 0.02917544254226488512 0.00000000099999999998 
0.00000000099999999998 0.00000000099999999998 0.40897266230787582275 0.00000000099999999998 0.19866299047309754489 0.30809505699262723644 0.07202819300847421169 0.01224109421792509908 
0.00000002551210483682 0.00000000099999999996 0.49741360549156793391 0.00000000099999999996 0.00000000193289491505 0.50258636306343218436 0.00000000099999999996 0.00000000099999999996 
0.00000000099999999994 0.00000000099999999994 0.99999999300000008695 0.00000000099999999994 0.00000000099999999994 0.00000000099999999994 0.00000000099999999994 0.00000000099999999994 
0.09019453665936430498 0.00000000099999999998 0.18185674304069451845 0.00000000099999999998 0.40652769049888648478 0.17430519440908506801 0.14711583239196940331 0.00000000099999999998 
0.00443738451442736090 0.00004954245232570501 0.30783571160699613189 0.00000000099999999999 0.38501366584436241824 0.27005845630872254981 0.02139494784816267300 0.01121029042500302011 
0.00000000099999999996 0.00000000099999999996 0.71449612020853348060 0.00000000099999999996 0.28550265799850182979 0.00000000099999999996 0.00000121679296479352 0.00000000099999999996 
0.00000000099999999997 0.00000000099999999997 0.01352177011534002118 0.00000000099999999997 0.00065365407585979299 0.00000000099999999997 0.00000047052377710218 0.98582410128502317992 
0.12704984515398953793 0.00000000099999999996 0.00000000099999999996 0.00000000099999999996 0.81382876949494409313 0.00000000099999999996 0.05912138035106641321 0.00000000099999999996 
0.00000000099999999957 0.00000000099999999957 0.00000000099999999957 0.99999999299999997593 0.00000000099999999957 0.00000000099999999957 0.00000000099999999957 0.00000000099999999957 
0.00000000099999999999 0.00000000099999999999 0.39083734226488109353 0.00000000099999999999 0.22290288157834953209 0.38625977115676929374 0.00000000099999999999 0.00000000099999999999 
0.00000000099999999987 0.00000000099999999987 0.00000000099999999987 0.99999999299999997593 0.00000000099999999987 0.00000000099999999987 0.00000000099999999987 0.00000000099999999987 
0.00000000099999999963 0.00000000099999999963 0.00000000099999999963 0.99999999299999997593 0.00000000099999999963 0.00000000099999999963 0.00000000099999999963 0.00000000099999999963 
0.08473956860305391359 0.00000000099999999998 0.17692378462674623885 0.00000000099999999998 0.38342283368418611511 0.23169374124185401764 0.11883496832606302296 0.00438510151809663826 
0.00000000099999999993 0.00000000099999999993 0.00000000099999999993 0.00000000099999999993 0.99999999299999997593 0.00000000099999999993 0.00000000099999999993 0.00000000099999999993 
0.14112234322624658822 0.00000000099999999999 0.38894423284512891215 0.00000000099999999999 0.27755067006893668902 0.18197193604383216092 0.00000238441413474371 0.01040843140172080690 
0.00000000099999999966 0.00000000099999999966 0.00000000099999999966 0.99999999299999997593 0.00000000099999999966 0.00000000099999999966 0.00000000099999999966 0.00000000099999999966 
0.00000000099999999994 0.00000000099999999994 0.00000000099999999994 0.00000000099999999994 0.00000000099999999994 0.00000000099999999994 0.00000000099999999994 0.99999999299999997593 
0.00000000099999999994 0.00000000099999999994 0.00000000099999999994 0.00000000099999999994 0.00000000099999999994 0.00000000099999999994 0.00000000099999999994 0.99999999299999997593 
0.00000000099999999962 0.00000000099999999962 0.00000000099999999962 0.99999999299999997593 0.00000000099999999962 0.00000000099999999962 0.00000000099999999962 0.00000000099999999962 
0.00000000099999999995 0.00000000099999999995 0.99999999300000008695 0.00000000099999999995 0.00000000099999999995 0.00000000099999999995 0.00000000099999999995 0.00000000099999999995 
0.05833466847999450866 0.00161150606750417973 0.48171212428933152250 0.00000000099999999999 0.11143581475755781618 0.21752091045284127624 0.10267338293979119679 0.02671159201297952299 
0.00000000099999999964 0.00000000099999999964 0.00000000099999999964 0.99999999300000008695 0.00000000099999999964 0.00000000099999999964 0.00000000099999999964 0.00000000099999999964 
0.16469145581193758709 0.00000000099999999998 0.00000000099999999998 0.00000000099999999998 0.26547449654574822864 0.55172889858247153860 0.01810514505984254369 0.00000000099999999998 
0.00000000099999999991 0.00000000099999999991 0.00000000099999999991 0.00000000099999999991 0.00000000099999999991 0.00000000099999999991 0.00000000099999999991 0.99999999299999997593 
0.00000000099999999954 0.00000000099999999954 0.00000000099999999954 0.00000000099999999954 0.00000000099999999954 0.00000000099999999954 0.99999999299999997593 0.00000000099999999954 
0.04593246587020365784 0.00000000099999999999 0.26798678218228560999 0.00000000099999999999 0.49801048226374211580 0.16742501046815327914 0.00140318046198885816 0.01924207675362645323 
0.07094352764035609382 0.00334019506666403910 0.38587087284595361636 0.00000000099999999999 0.51542997145965252503 0.00000000099999999999 0.00000022356917988613 0.02441520741819384194 
0.00000000099999999994 0.00000000099999999994 0.00000000099999999994 0.00000000099999999994 0.99999999300000008695 0.00000000099999999994 0.00000000099999999994 0.00000000099999999994 
0.00000000099999999994 0.00000000099999999994 0.00000000099999999994 0.00000000099999999994 0.99999999300000008695 0.00000000099999999994 0.00000000099999999994 0.00000000099999999994 
0.04676437605627184468 0.00000000099999999998 0.47800855789638219129 0.00000000099999999998 0.00000000099999999998 0.43988985455577928052 0.03533720749156667174 0.00000000099999999998 
0.00000000099999999999 0.00000000099999999999 0.68855755617746050579 0.00000000099999999999 0.28450389919430363328 0.00000000099999999999 0.02693853962823575254 0.00000000099999999999 
0.06015983296915240752 0.01209242515355493305 0.30113720661443221793 0.00000000099999999999 0.28523808436139513889 0.33935483886097894679 0.00201761004048609622 0.00000000099999999999 
0.00000000099999999961 0.00000000099999999961 0.00000000099999999961 0.00000000099999999961 0.00000000099999999961 0.00000000099999999961 0.99999999299999997593 0.00000000099999999961 
0.00000000099999999995 0.00000000099999999995 0.00000000099999999995 0.00000000099999999995 0.00000000099999999995 0.00000000099999999995 0.00000000099999999995 0.99999999300000008695 
0.10543105776862352063 0.00002790082269998596 0.30495786575865274637 0.00000000099999999998 0.53060869351933659388 0.00000000099999999998 0.05897186516107477683 0.00000261496961226896 
0.00000000099999999997 0.00000000099999999997 0.34560620072270287206 0.00000000099999999997 0.30633571657976299552 0.21551432795503933093 0.13254375074249477584 0.00000000099999999997 
0.00000000099999999996 0.00000000099999999996 0.99999999300000008695 0.00000000099999999996 0.00000000099999999996 0.00000000099999999996 0.00000000099999999996 0.00000000099999999996 
0.00000000099999999992 0.00000000099999999992 0.00000000099999999992 0.00000000099999999992 0.99999999300000008695 0.00000000099999999992 0.00000000099999999992 0.00000000099999999992 
0.00000000099999999998 0.00000000099999999998 0.30304965968845504198 0.00000000099999999998 0.66680519223491485636 0.00000000099999999998 0.00000000099999999998 0.03014514307663021531 
0.00000000099999999996 0.00000000099999999996 0.00000000099999999996 0.00000000099999999996 0.63114622729521108191 0.36885376670478886574 0.00000000099999999996 0.00000000099999999996 
0.04050181081285016138 0.00000000099999999999 0.32260021477718314742 0.00000000099999999999 0.45571140615462729651 0.10212251807273542425 0.07906404718260398590 0.00000000099999999999 
0.00000000099999999996 0.00000000099999999996 0.03586893057094018428 0.00000000099999999996 0.00000000099999999996 0.00000000099999999996 0.00000000099999999996 0.96413106342905974255 
0.00000000099999999997 0.00000000099999999997 0.30871697457213159721 0.00000000099999999997 0.00000000099999999997 0.51309461593141258984 0.17818840449645584334 0.00000000099999999997 
0.13580504429552731072 0.00000022206176758210 0.10617501952271683752 0.00000000099999999999 0.44435528685352321254 0.30410055893924803350 0.00956386632721695912 0.00000000099999999999 
0.07814977058251106057 0.00000000099999999999 0.46363261777899950067 0.00346220700668924087 0.12641669953308187768 0.32833870209871823809 0.00000000099999999999 0.00000000099999999999 
0.00000000099999999997 0.00000000099999999997 0.00000000099999999997 0.00000000099999999997 0.00000000099999999997 0.00075239238655344328 0.00000087408897810398 0.99924672852446860816 
0.00000000099999999999 0.00000000099999999999 0.46432273998027284723 0.01791340094239395400 0.21083521071636196487 0.28805394307664172748 0.00000000099999999999 0.01887470228432957045 
0.08733536759242421788 0.00104999049103060419 0.50905366319413636322 0.00000000099999999999 0.00000000099999999999 0.40256097472240903734 0.00000000099999999999 0.00000000099999999999 
0.06145047955649367288 0.00000000099999999998 0.00000000099999999998 0.00000000099999999998 0.00000000099999999998 0.35964703219197113881 0.12389228307823145492 0.45501020117330370773 
