0.00000000099999999999 0.02053329351203194222 0.35047214966080891818 0.01032748054655717278 0.41480015020167348982 0.00000000099999999999 0.19214628550225371084 0.01172063757667467579 0.00000000099999999999 
0.99999999200000011523 0.00000000099999999982 0.00000000099999999982 0.00000000099999999982 0.00000000099999999982 0.00000000099999999982 0.00000000099999999982 0.00000000099999999982 0.00000000099999999982 
0.51266279941888359684 0.00000000099999999993 0.00000000099999999993 0.46128270893597411728 0.00000000099999999993 0.00000000099999999993 0.00000000099999999993 0.02605448564514243476 0.00000000099999999993 
0.00000000099999999999 0.00000000099999999999 0.20164891643540350241 0.04361669009707160732 0.42361677153377225169 0.00000000099999999999 0.33111761693375280080 0.00000000099999999999 0.00000000099999999999 
0.00000000099999999998 0.00000000099999999998 0.00265334843756766118 0.00000000099999999998 0.67402378695263409636 0.00000000099999999998 0.22988616657819035960 0.02121325070221493844 0.07222344332939296951 
0.00000000099999999998 0.00000000106206028989 0.13178658032923667998 0.03283101200459469238 0.46331424515542801723 0.00000000099999999998 0.36275730229239028235 0.00931085615629008087 0.00000000099999999998 
0.99999999200000011523 0.00000000099999999986 0.00000000099999999986 0.00000000099999999986 0.00000000099999999986 0.00000000099999999986 0.00000000099999999986 0.00000000099999999986 0.00000000099999999986 
0.00000000099999999985 0.00000000099999999985 0.00000000099999999985 0.99999999200000000421 0.00000000099999999985 0.00000000099999999985 0.00000000099999999985 0.00000000099999999985 0.00000000099999999985 
0.00000000100000112598 0.00860600797778953396 0.36461657371151279250 0.00000000099999999997 0.00000000099999999997 0.00000000099999999997 0.60003415637427481855 0.00000000099999999997 0.02674325693642159649 
0.41503127052057831037 0.00000000099999999995 0.00000000099999999995 0.58496872247942177658 0.00000000099999999995 0.00000000099999999995 0.00000000099999999995 0.00000000099999999995 0.00000000099999999995 
0.00456853725276329045 0.00275443836990716838 0.28429256095228183643 0.00000000100000000000 0.45665042411070155826 0.00000000100000000000 0.19870033260364347583 0.01124245130878021026 0.04179125340192250959 
0.01775117553174485052 0.00645085617554499308 0.23196111583636722098 0.00000000099999999998 0.48630174982296603403 0.00000000099999999998 0.23348232743565372482 0.00000000099999999998 0.02405277219772320590 
0.00000000099999999999 0.00000000099999999999 0.41046691207081764663 0.00000000099999999999 0.54054781197232792955 0.00000000099999999999 0.00000000099999999999 0.01596263189275249836 0.03302263906410198013 
0.01218376899184765369 0.01124360531960993080 0.30731407573402536038 0.00000000099999999999 0.39165630300954173970 0.00000000099999999999 0.23262393487531637937 0.02238194681027175920 0.02259636325938712414 
0.00000000100000000000 0.01709226880083020497 0.32496277792176408994 0.00000000100000000000 0.63308190509334427709 0.00276040880393325049 0.00000000100000000000 0.00424247903204926901 0.01786015734807875135 
0.02439215864533072001 0.02395752222030888764 0.10612338510505928135 0.02221790595019241740 0.42318409428875564116 0.00000000099999999999 0.32599381592948800668 0.02144906674988560427 0.05268205011097953222 
0.00000000099999999998 0.00000000099999999998 0.26664776683249519218 0.00152810852675879915 0.23044183018336736324 0.00000000099999999998 0.47486637457084540648 0.02647073452740077854 0.00004518235913256541 
0.00000000099999999992 0.00000000099999999992 0.00000000099999999992 0.00000000099999999992 0.00000000099999999992 0.00000000099999999992 0.99999999200000000421 0.00000000099999999992 0.00000000099999999992 
0.00009066591390558839 0.00409347021581696075 0.31534446359045698038 0.00000000099999999999 0.26112722777362262772 0.00000001009505525996 0.39993580346654311608 0.01940835694459957378 0.00000000099999999999 
0.00000000099999999998 0.00000000099999999998 0.29611016013771379596 0.00000000099999999998 0.69192559131441111475 0.00000000099999999998 0.00000000099999999998 0.01196424254787526419 0.00000000099999999998 
0.00039411948568960590 0.00000000099999999998 0.27939722035983399762 0.00000000099999999998 0.72020865415447654634 0.00000000099999999998 0.00000000099999999998 0.00000000099999999998 0.00000000099999999998 
0.47374313934797401826 0.00000000099999999996 0.00000000099999999996 0.49874595141490996042 0.00000000099999999996 0.00000000099999999996 0.00000000099999999996 0.02751090323711596897 0.00000000099999999996 
0.00000000099999999990 0.00000000099999999990 0.99999999200000011523 0.00000000099999999990 0.00000000099999999990 0.00000000099999999990 0.00000000099999999990 0.00000000099999999990 0.00000000099999999990 
0.00000000099999999934 0.00000000099999999934 0.00000000099999999934 0.00000000099999999934 0.00000000099999999934 0.00000000099999999934 0.00000000099999999934 0.00000000099999999934 0.99999999199999989319 
0.00000000099999999997 0.00000000099999999997 0.36648670995664245353 0.02484281859789861865 0.57558406723382959935 0.00000000099999999997 0.00000000099999999997 0.03308639921162925823 0.00000000099999999997 
0.00000000099999999998 0.00071439737771071001 0.29234672646566867149 0.00000000099999999998 0.50182815315337625517 0.00000000099999999998 0.18773153145551038645 0.01709631333865158087 0.00028287520908234218 
0.00000000099999999964 0.99999999200000011523 0.00000000099999999964 0.00000000099999999964 0.00000000099999999964 0.00000000099999999964 0.00000000099999999964 0.00000000099999999964 0.00000000099999999964 
0.00000000099999999963 0.99999999200000011523 0.00000000099999999963 0.00000000099999999963 0.00000000099999999963 0.00000000099999999963 0.00000000099999999963 0.00000000099999999963 0.00000000099999999963 
0.00000000099999999997 0.00000000099999999997 0.56102058606591520551 0.00000000099999999997 0.00000000099999999997 0.00000000099999999997 0.41194213422483483278 0.00003977326252880775 0.02699750144672108387 
0.00000000099999999990 0.00000000099999999990 0.00000000099999999990 0.00000000099999999990 0.00000000099999999990 0.00000000099999999990 0.99999999200000000421 0.00000000099999999990 0.00000000099999999990 
0.00000000099999999994 0.00000000099999999994 0.00000000099999999994 0.00000000099999999994 0.88063832587978041477 0.00000000099999999994 0.00000000099999999994 0.11936166712021951952 0.00000000099999999994 
0.00000000099999999982 0.00000000099999999982 0.00000000099999999982 0.72720637523667941426 0.00000000099999999982 0.00000000099999999982 0.00000000099999999982 0.00000000099999999982 0.27279361776332067269 
0.00000000099999999965 0.35642696885753105684 0.00000000099999999965 0.00000000099999999965 0.00000000099999999965 0.00000000099999999965 0.00000000099999999965 0.00000000099999999965 0.64357302414246864153 
0.00911698053634956221 0.00000000099999999997 0.46253730885814475782 0.00000000099999999997 0.26575458907048349344 0.00000000099999999997 0.26259111653502226202 0.00000000099999999997 0.00000000099999999997 
0.00000000099999999956 0.00000000099999999956 0.00000000099999999956 0.00000000099999999956 0.00000000099999999956 0.99999999200000000421 0.00000000099999999956 0.00000000099999999956 0.00000000099999999956 
0.00000000099999999947 0.00000000099999999947 0.00000000099999999947 0.00000000099999999947 0.00000000099999999947 0.99999999200000011523 0.00000000099999999947 0.00000000099999999947 0.00000000099999999947 
0.00000000099999999947 0.00000000099999999947 0.00000000099999999947 0.00000000099999999947 0.00000000099999999947 0.99999999200000011523 0.00000000099999999947 0.00000000099999999947 0.00000000099999999947 
0.00000000099999999964 0.99999999200000022626 0.00000000099999999964 0.00000000099999999964 0.00000000099999999964 0.00000000099999999964 0.00000000099999999964 0.00000000099999999964 0.00000000099999999964 
0.00000000099999999959 0.99999999200000011523 0.00000000099999999959 0.00000000099999999959 0.00000000099999999959 0.00000000099999999959 0.00000000099999999959 0.00000000099999999959 0.00000000099999999959 
0.00000000099999999998 0.00000000099999999998 0.41224008063406242242 0.00000000099999999998 0.54326250905780537614 0.00000000099999999998 0.00000000099999999998 0.01266442130934888714 0.03183298399878332907 
0.52050060322476066066 0.00000000099999999994 0.00000000099999999994 0.47949938977523937078 0.00000000099999999994 0.00000000099999999994 0.00000000099999999994 0.00000000099999999994 0.00000000099999999994 
0.00000000099999999962 0.99999999200000022626 0.00000000099999999962 0.00000000099999999962 0.00000000099999999962 0.00000000099999999962 0.00000000099999999962 0.00000000099999999962 0.00000000099999999962 
0.00000000099999999998 0.00000000099999999998 0.55914940865247220181 0.00000000099999999998 0.00000000099999999998 0.00000000099999999998 0.40290779517160613121 0.00000000099999999998 0.03794279017592164932 
0.99999999200000022626 0.00000000099999999983 0.00000000099999999983 0.00000000099999999983 0.00000000099999999983 0.00000000099999999983 0.00000000099999999983 0.00000000099999999983 0.00000000099999999983 
0.00000000099999999966 0.99999999200000011523 0.00000000099999999966 0.00000000099999999966 0.00000000099999999966 0.00000000099999999966 0.00000000099999999966 0.00000000099999999966 0.00000000099999999966 
0.00000000099999999992 0.00000000099999999992 0.00000000099999999992 0.00000000099999999992 0.00000000099999999992 0.00000000099999999992 0.99999999200000000421 0.00000000099999999992 0.00000000099999999992 
0.00000000099999999961 0.99999999200000011523 0.00000000099999999961 0.00000000099999999961 0.00000000099999999961 0.00000000099999999961 0.00000000099999999961 0.00000000099999999961 0.00000000099999999961 
0.27886284517530635085 0.00000000099999999994 0.00000000099999999994 0.70305959335919632203 0.00000000099999999994 0.00000000099999999994 0.00000000099999999994 0.01807755546549724354 0.00000000099999999994 
0.99999999200000011523 0.00000000099999999981 0.00000000099999999981 0.00000000099999999981 0.00000000099999999981 0.00000000099999999981 0.00000000099999999981 0.00000000099999999981 0.00000000099999999981 
0.00000000099999999956 0.99999999200000011523 0.00000000099999999956 0.00000000099999999956 0.00000000099999999956 0.00000000099999999956 0.00000000099999999956 0.00000000099999999956 0.00000000099999999956 
0.00000000099999999960 0.99999999200000011523 0.00000000099999999960 0.00000000099999999960 0.00000000099999999960 0.00000000099999999960 0.00000000099999999960 0.00000000099999999960 0.00000000099999999960 
0.35091748305679970610 0.00000000099999999995 0.00000000099999999995 0.64908250994320026983 0.00000000099999999995 0.00000000099999999995 0.00000000099999999995 0.00000000099999999995 0.00000000099999999995 
0.00000000099999999988 0.00000000099999999988 0.00000000099999999988 0.99999999200000000421 0.00000000099999999988 0.00000000099999999988 0.00000000099999999988 0.00000000099999999988 0.00000000099999999988 
0.37544988099057075015 0.00000000099999999995 0.00000000099999999995 0.62455011200942933680 0.00000000099999999995 0.00000000099999999995 0.00000000099999999995 0.00000000099999999995 0.00000000099999999995 
0.00000000099999999968 0.99999999200000011523 0.00000000099999999968 0.00000000099999999968 0.00000000099999999968 0.00000000099999999968 0.00000000099999999968 0.00000000099999999968 0.00000000099999999968 
0.05045151340387615813 0.01532583580637834203 0.31249680588144213012 0.00000000099999999999 0.59445721879549728861 0.00000000099999999999 0.00007920719483325210 0.00000000099999999999 0.02718941591797278956 
0.00000000099999999999 0.02728144529096945825 0.32714911920820671787 0.00039890397390831374 0.43244633234499729735 0.00000000099999999999 0.21272419518191820753 0.00000000099999999999 0.00000000099999999999 
0.00000000099999999994 0.00000000099999999994 0.00000000099999999994 0.00000000099999999994 0.99249861664879135414 0.00000000099999999994 0.00000000099999999994 0.00750137635120870852 0.00000000099999999994 
0.01935010716203926576 0.00000026141507486686 0.31657034666213956786 0.00000000099999999999 0.43564695161244421096 0.00000000099999999999 0.21883270794804218773 0.00959929885809518608 0.00000032434216459508 
0.26257039739321003102 0.00000000099999999992 0.00000000099999999992 0.73742959560678988939 0.00000000099999999992 0.00000000099999999992 0.00000000099999999992 0.00000000099999999992 0.00000000099999999992 
0.00000000099999999993 0.00000000099999999993 0.00000000099999999993 0.00000000099999999993 0.00000000099999999993 0.00000000099999999993 0.99999999199999989319 0.00000000099999999993 0.00000000099999999993 
0.00000000099999999954 0.00000000099999999954 0.00000000099999999954 0.00000000099999999954 0.00000000099999999954 0.99999999200000011523 0.00000000099999999954 0.00000000099999999954 0.00000000099999999954 
0.00000000099999999998 0.00372215419072930180 0.33101429534905546515 0.00884094887245780170 0.43874161897724939241 0.00000000099999999998 0.20648307628600537367 0.01119790332450279827 0.00000000099999999998 
0.00000000099999999955 0.00000000099999999955 0.00000000099999999955 0.00000000099999999955 0.00000000099999999955 0.99999999200000000421 0.00000000099999999955 0.00000000099999999955 0.00000000099999999955 
0.00962641655432214770 0.00000000099999999998 0.00010057524420588237 0.00000000099999999998 0.39612552512994170240 0.00000000099999999998 0.49466100446522065504 0.02915554934583340640 0.07033092626047622586 
0.00000000099999999956 0.00000000099999999956 0.00000000099999999956 0.00000000099999999956 0.00000000099999999956 0.99999999200000011523 0.00000000099999999956 0.00000000099999999956 0.00000000099999999956 
0.00000000099999999992 0.00000000099999999992 0.99999999200000011523 0.00000000099999999992 0.00000000099999999992 0.00000000099999999992 0.00000000099999999992 0.00000000099999999992 0.00000000099999999992 
0.00000000099999999996 0.00000000099999999996 0.00000000099999999996 0.00000000099999999996 0.99999999200000011523 0.00000000099999999996 0.00000000099999999996 0.00000000099999999996 0.00000000099999999996 
0.99999999200000011523 0.00000000099999999981 0.00000000099999999981 0.00000000099999999981 0.00000000099999999981 0.00000000099999999981 0.00000000099999999981 0.00000000099999999981 0.00000000099999999981 
0.00000000099999999997 0.00000000099999999997 0.34591094259115595655 0.00000000099999999997 0.38851193081498780479 0.00000000099999999997 0.24658524463356856771 0.01329473216285727288 0.00569714579743030042 
0.00000000099999999956 0.00000000099999999956 0.00000000099999999956 0.00000000099999999956 0.00000000099999999956 0.99999999200000011523 0.00000000099999999956 0.00000000099999999956 0.00000000099999999956 
0.00000000099999999960 0.00000000099999999960 0.00000000099999999960 0.00000000099999999960 0.00000000099999999960 0.99999999200000011523 0.00000000099999999960 0.00000000099999999960 0.00000000099999999960 
0.00179847415762589974 0.01080778805237136465 0.23905558405811330736 0.08845645029127742476 0.54145088081607761765 0.00000000099999999999 0.11843081962453448630 0.00000000099999999999 0.00000000099999999999 
0.48898975945944817001 0.00000000099999999993 0.00000000099999999993 0.51101023354055175041 0.00000000099999999993 0.00000000099999999993 0.00000000099999999993 0.00000000099999999993 0.00000000099999999993 
0.00000000099999999968 0.99999999200000011523 0.00000000099999999968 0.00000000099999999968 0.00000000099999999968 0.00000000099999999968 0.00000000099999999968 0.00000000099999999968 0.00000000099999999968 
0.00000000099999999986 0.00000000099999999986 0.00000000099999999986 0.99999999200000000421 0.00000000099999999986 0.00000000099999999986 0.00000000099999999986 0.00000000099999999986 0.00000000099999999986 
0.03872856435571173095 0.00000000099999999999 0.21952144210383325862 0.00000000099999999999 0.42756189802730865113 0.00000000099999999999 0.27380831760058610413 0.04037977380593346655 0.00000000110662666564 
0.00000000099999999951 0.00000000099999999951 0.00000000099999999951 0.00000000099999999951 0.00000000099999999951 0.99999999200000000421 0.00000000099999999951 0.00000000099999999951 0.00000000099999999951 
0.00000000099999999954 0.99999999200000022626 0.00000000099999999954 0.00000000099999999954 0.00000000099999999954 0.00000000099999999954 0.00000000099999999954 0.00000000099999999954 0.00000000099999999954 
0.00000000099999999961 0.00000000099999999961 0.00000000099999999961 0.00000000099999999961 0.00000000099999999961 0.99999999200000000421 0.00000000099999999961 0.00000000099999999961 0.00000000099999999961 
0.00000000099999999998 0.01682376288600839070 0.43268426347210448002 0.00000000099999999998 0.55049196764188712550 0.00000000099999999998 0.00000000099999999998 0.00000000099999999998 0.00000000099999999998 
0.99999999200000011523 0.00000000099999999978 0.00000000099999999978 0.00000000099999999978 0.00000000099999999978 0.00000000099999999978 0.00000000099999999978 0.00000000099999999978 0.00000000099999999978 
0.00000000099999999987 0.00000000099999999987 0.00000000099999999987 0.99999999200000011523 0.00000000099999999987 0.00000000099999999987 0.00000000099999999987 0.00000000099999999987 0.00000000099999999987 
0.16412862961957996877 0.00014303746877582455 0.31641149347129121638 0.05880391265625877634 0.28052797300467940955 0.00000000099999999999 0.12887286559873556424 0.01694001120117823514 0.03417207597950110837 
0.01301200090675437744 0.02596362139122144336 0.16116262720227270133 0.00000000099999999999 0.66795387605275924336 0.00000000099999999999 0.12208320189204480144 0.00000000099999999999 0.00982466955494752311 
0.02556162209013758402 0.00000000099999999998 0.41531048467720910189 0.00000000099999999998 0.55912788723265349766 0.00000000099999999998 0.00000000099999999998 0.00000000099999999998 0.00000000099999999998 
0.00000641782940252539 0.00000000099999999998 0.30322827508017508036 0.01964343489512321295 0.54217726972589497247 0.00000000099999999998 0.10615348364748689036 0.02879111582191723473 0.00000000099999999998 
0.00000000099999999999 0.00000000099999999999 0.21006681736208365763 0.00000000099999999999 0.49617880274204972935 0.00000000099999999999 0.25650540964042833902 0.00000000099999999999 0.03724896525543831133 
0.00000000099999999996 0.00000000099999999996 0.36820998736494836567 0.00000000099999999996 0.25954894267856171153 0.00000000099999999996 0.37224106395648981493 0.00000000099999999996 0.00000000099999999996 
0.00055074853936067862 0.00000000099999999998 0.31593374340350793839 0.00620676694819177754 0.49146625770137863931 0.00000000099999999998 0.16246656540636050803 0.00000000099999999998 0.02337591500120065474 
0.00000000099999999990 0.00000000099999999990 0.99999999200000000421 0.00000000099999999990 0.00000000099999999990 0.00000000099999999990 0.00000000099999999990 0.00000000099999999990 0.00000000099999999990 
0.00000000099999999997 0.00000000099999999997 0.00000000099999999997 0.05624581448469338774 0.62407700784722064391 0.00000000099999999997 0.31967717166808601315 0.00000000099999999997 0.00000000099999999997 
0.00000000099999999988 0.00000000099999999988 0.00000000099999999988 0.99999999200000011523 0.00000000099999999988 0.00000000099999999988 0.00000000099999999988 0.00000000099999999988 0.00000000099999999988 
0.56055667705233280795 0.00000000099999999996 0.00000000099999999996 0.43944331594766727900 0.00000000099999999996 0.00000000099999999996 0.00000000099999999996 0.00000000099999999996 0.00000000099999999996 
0.00000000099999999973 0.00000000099999999973 0.00000000099999999973 0.00000000099999999973 0.00000000099999999973 0.99999999200000000421 0.00000000099999999973 0.00000000099999999973 0.00000000099999999973 
0.23374782069418478803 0.00000000099999999995 0.00000000099999999995 0.76625217230581532668 0.00000000099999999995 0.00000000099999999995 0.00000000099999999995 0.00000000099999999995 0.00000000099999999995 
0.00000000099999999991 0.00000000099999999991 0.00000000099999999991 0.99999999200000000421 0.00000000099999999991 0.00000000099999999991 0.00000000099999999991 0.00000000099999999991 0.00000000099999999991 
0.00000000099999999999 0.00486037215814920636 0.19734440665493602207 0.03230306899929377001 0.46216404913483788430 0.00000000099999999999 0.30282083256649183767 0.00050726748629130501 0.00000000099999999999 
0.00000000099999999946 0.00000000099999999946 0.00000000099999999946 0.00000000099999999946 0.00000000099999999946 0.99999999200000011523 0.00000000099999999946 0.00000000099999999946 0.00000000099999999946 
0.00000000099999999999 0.00228514047347626141 0.41444899413491487206 0.00000000099999999999 0.34289117772302846188 0.00000000099999999999 0.24037447595628716468 0.00000020771229326012 0.00000000099999999999 
0.01618310006285444275 0.00445371659813449845 0.16127187871736847757 0.00000000099999999999 0.59796222896303696803 0.00000000099999999999 0.19795447659695106224 0.01157310687431277810 0.01060149018734180514 
0.00000000100000000000 0.00368915292645207327 0.11289677779179516093 0.00005153466028825869 0.54809352379779807674 0.00000000100000000000 0.29862416844872630151 0.01814219666869794356 0.01850264370624219931 
0.00000000099999999999 0.00000000099999999999 0.25737825776102152275 0.02731482347247342346 0.68518294877304064538 0.00000000099999999999 0.00000178625441224149 0.00112123298938454131 0.02900094774966751471 
0.00000000099999999995 0.00000000099999999995 0.00000000099999999995 0.00000000099999999995 0.94661763282837063649 0.00000000099999999995 0.00000000099999999995 0.00000000099999999995 0.05338236017162942271 
0.00000000099999999999 0.00000000099999999999 0.32735753819662744002 0.03637062367418213843 0.35953568637063526570 0.00000000099999999999 0.24972575584285250372 0.00000248273202195554 0.02700791018368049051 
0.01046987693451212169 0.00000034520874533634 0.11230588507782177099 0.00000000099999999999 0.64737633999938304363 0.00000000099999999999 0.21740847333501803207 0.00000000099999999999 0.01243907644451982923 
0.00000000099999999999 0.00244086894133137711 0.29362382592365826595 0.01164116214824801286 0.33378063995210882631 0.00000000099999999999 0.33214130271785680115 0.02135188942971253528 0.00502030888708427780 
0.00000741282344534874 0.02787218006548989116 0.00000000099999999999 0.00862462443026519414 0.52329790834716138903 0.00000000099999999999 0.43425323724966474748 0.00594463319114961648 0.00000000189282387934 
0.00000000099999999999 0.01175183834828310778 0.26075844785702051443 0.01874918993346558552 0.39637951337060250978 0.00000000099999999999 0.29317785304951970993 0.00684957753855695330 0.01233357790255186145 
0.00000000099999999989 0.00000000099999999989 0.00000000099999999989 0.00000000099999999989 0.00000000099999999989 0.00000000099999999989 0.99999999199999989319 0.00000000099999999989 0.00000000099999999989 
0.01708309168568225567 0.01830005750474194420 0.00000000099999999998 0.00000000099999999998 0.92794703221160279583 0.00000000099999999998 0.00000000099999999998 0.01191858823728593822 0.02475122636068714105 
0.00000000099999999998 0.00805082763463563569 0.38352520619796021117 0.00000000099999999998 0.33793981159263869474 0.00000000099999999998 0.25913166058965647620 0.01135248998510887328 0.00000000099999999998 
0.00000000099999999996 0.00000000099999999996 0.00000000099999999996 0.00000000099999999996 0.99999999200000000421 0.00000000099999999996 0.00000000099999999996 0.00000000099999999996 0.00000000099999999996 
0.00082401535366045204 0.00000000099999999998 0.33329290178048087689 0.00000000099999999998 0.44360000098918456191 0.00000000099999999998 0.20909580818103290500 0.00000000099999999998 0.01318726969564119021 
0.00000000099999999998 0.00000000099999999998 0.15483920134075512820 0.02402775701568291705 0.48452482516088257736 0.00000000099999999998 0.27104832679074830626 0.00000000099999999998 0.06555988569193119120 
0.01163030392476945528 0.00304640848756247955 0.27899038715020874069 0.00000000100000000000 0.35104548798587198455 0.00000000100000000000 0.33819766390351485574 0.01311123130627693881 0.00397851524179566179 
0.04454841049917677986 0.00000000099999999999 0.00000000296673322645 0.00000000099999999999 0.66577787440712654643 0.00000000099999999999 0.26352591845202033571 0.00000000099999999999 0.02614778967494307479 
0.00000022815518121759 0.00000000099999999999 0.29334019153159707205 0.00000000099999999999 0.38509353739255330895 0.00000000099999999999 0.29552480525279090084 0.00336997593547418064 0.02267125873240320028 
0.00000000099999999996 0.00000000099999999996 0.30745066274691557062 0.00000000099999999996 0.00000000099999999996 0.00000000099999999996 0.69254933025308440531 0.00000000099999999996 0.00000000099999999996 
0.00000460055403139722 0.00000033326919339737 0.20852399481790009905 0.01497865435701910795 0.59977303428802064555 0.07104429363002502662 0.03603181815592032544 0.00000000100000000000 0.06964326992789006410 
0.00000000099999999997 0.00000000099999999997 0.44233987654480066976 0.00000000099999999997 0.53430311337950575634 0.00000000099999999997 0.00000000099999999997 0.02335700407569360482 0.00000000099999999997 
0.00000000099999999997 0.00000000099999999997 0.35766384013429236566 0.02154421189716940188 0.40103538427894874774 0.00000000099999999997 0.18209627519209020674 0.00510276806563906334 0.03255751743186019453 
0.01280461948863092538 0.00000000099999999998 0.40386660407024377317 0.00000275399431853464 0.26004746078826301847 0.00000000099999999998 0.27755103798542141158 0.01709574891663580287 0.02863177275648661271 
0.00000000099999999998 0.01045129948909691471 0.49563958761712850754 0.00000000099999999998 0.44933236324763214942 0.00000000099999999998 0.00000000099999999998 0.02173885432699981454 0.02283789131914272519 
0.01422675265866110532 0.00000000099999999997 0.32780168766061146268 0.00000000099999999997 0.27320898733518839130 0.00000000099999999997 0.35671507877502794948 0.00000000099999999997 0.02804748957051112976 
0.00691238989339386291 0.00155970404591356969 0.29745361708574113990 0.00000000100000000000 0.52267090299508522921 0.00463145642671643990 0.12238120831822188461 0.00000000145919312450 0.04439071877573468050 
0.00000000099999999996 0.00000000099999999996 0.00000000099999999996 0.00000000099999999996 0.00000000099999999996 0.00000000099999999996 0.99999999199999989319 0.00000000099999999996 0.00000000099999999996 
0.00000000099999999997 0.00000000099999999997 0.00000000099999999997 0.00000000099999999997 0.61006651961965141506 0.00000000099999999997 0.37578152393782915386 0.01415195044251947587 0.00000000099999999997 
0.04420769604687631998 0.00000000099999999997 0.23466342829584638241 0.00000000099999999997 0.40343519659707233194 0.00000000099999999997 0.31769367406020493361 0.00000000099999999997 0.00000000099999999997 
0.27903311271383901548 0.00000000099999999992 0.00000000099999999992 0.72096688028616107147 0.00000000099999999992 0.00000000099999999992 0.00000000099999999992 0.00000000099999999992 0.00000000099999999992 
0.31406077773323137770 0.00000000099999999997 0.00000000099999999997 0.68593921526676870926 0.00000000099999999997 0.00000000099999999997 0.00000000099999999997 0.00000000099999999997 0.00000000099999999997 
0.00000000099999999964 0.00000000099999999964 0.00000000099999999964 0.00000000099999999964 0.00000000099999999964 0.99999999200000000421 0.00000000099999999964 0.00000000099999999964 0.00000000099999999964 
0.00000000099999999955 0.99999999200000022626 0.00000000099999999955 0.00000000099999999955 0.00000000099999999955 0.00000000099999999955 0.00000000099999999955 0.00000000099999999955 0.00000000099999999955 
0.37847166203499832404 0.00000000099999999998 0.00000000099999999998 0.49519136956021952978 0.00000000099999999998 0.00000000099999999998 0.00000000099999999998 0.10265786569145327056 0.02367909771332900662 
0.01587573689299943622 0.00000000099999999997 0.36434577932910677811 0.00000000099999999997 0.44277885686310636260 0.00000000099999999997 0.17699962191478740836 0.00000000099999999997 0.00000000099999999997 
0.03757634606594069393 0.00000000099999999999 0.19383384112372156749 0.00000000099999999999 0.43881974077294805259 0.00000000099999999999 0.31040724367354211033 0.01936282436384755001 0.00000000099999999999 
0.99999999200000022626 0.00000000099999999987 0.00000000099999999987 0.00000000099999999987 0.00000000099999999987 0.00000000099999999987 0.00000000099999999987 0.00000000099999999987 0.00000000099999999987 
0.00000057389090907990 0.00000000099999999998 0.23485495730464606146 0.02494451535405975418 0.55245642606069644831 0.00000000099999999998 0.18774352338968849918 0.00000000099999999998 0.00000000099999999998 
0.00000210135303556509 0.00827771547752731603 0.00000000155537935522 0.00000000099999999998 0.62573281049956830380 0.00000000099999999998 0.34278560298333676792 0.01415658196574406079 0.00904518416540871575 
0.00000000099999999997 0.00000000099999999997 0.31100839162358112633 0.00000000099999999997 0.18749199126633270263 0.00000000099999999997 0.45280422500514089235 0.03413491676765713356 0.01456047133728801020 
0.00000000099999999952 0.00000000099999999952 0.00000000099999999952 0.00000000099999999952 0.00000000099999999952 0.99999999200000000421 0.00000000099999999952 0.00000000099999999952 0.00000000099999999952 
0.00000000099999999955 0.00000000099999999955 0.00000000099999999955 0.00000000099999999955 0.00000000099999999955 0.99999999200000000421 0.00000000099999999955 0.00000000099999999955 0.00000000099999999955 
0.00000000099999999946 0.00000000099999999946 0.00000000099999999946 0.00000000099999999946 0.00000000099999999946 0.99999999200000000421 0.00000000099999999946 0.00000000099999999946 0.00000000099999999946 
0.00000000099999999947 0.00000000099999999947 0.00000000099999999947 0.00000000099999999947 0.00000000099999999947 0.99999999200000011523 0.00000000099999999947 0.00000000099999999947 0.00000000099999999947 
0.00000000099999999949 0.00000000099999999949 0.00000000099999999949 0.00000000099999999949 0.00000000099999999949 0.99999999200000011523 0.00000000099999999949 0.00000000099999999949 0.00000000099999999949 
0.30326605899016162438 0.00000000099999999996 0.00000000099999999996 0.68138991292064132743 0.00000000099999999996 0.00000000099999999996 0.00000000099999999996 0.01534402208919708778 0.00000000099999999996 
0.00000000099999999997 0.00000000099999999997 0.00000000099999999997 0.00000000099999999997 0.99999999200000011523 0.00000000099999999997 0.00000000099999999997 0.00000000099999999997 0.00000000099999999997 
0.00000000099999999949 0.00000000099999999949 0.00000000099999999949 0.00000000099999999949 0.00000000099999999949 0.99999999200000011523 0.00000000099999999949 0.00000000099999999949 0.00000000099999999949 
0.00000000099999999957 0.00000000099999999957 0.00000000099999999957 0.00000000099999999957 0.00000000099999999957 0.99999999200000011523 0.00000000099999999957 0.00000000099999999957 0.00000000099999999957 
0.00000000099999999954 0.99999999200000022626 0.00000000099999999954 0.00000000099999999954 0.00000000099999999954 0.00000000099999999954 0.00000000099999999954 0.00000000099999999954 0.00000000099999999954 
0.00000000099999999954 0.99999999200000011523 0.00000000099999999954 0.00000000099999999954 0.00000000099999999954 0.00000000099999999954 0.00000000099999999954 0.00000000099999999954 0.00000000099999999954 
0.00000000099999999998 0.00000000099999999998 0.14372595119610170888 0.00000000099999999998 0.39364911671337671217 0.00000000099999999998 0.44169299693761915337 0.02093193015290253922 0.00000000099999999998 
0.00000000099999999953 0.00000000099999999953 0.00000000099999999953 0.00000000099999999953 0.00000000099999999953 0.99999999200000011523 0.00000000099999999953 0.00000000099999999953 0.00000000099999999953 
0.00000000099999999995 0.00000000099999999995 0.00000000099999999995 0.00000000099999999995 0.99999999200000011523 0.00000000099999999995 0.00000000099999999995 0.00000000099999999995 0.00000000099999999995 
0.00000000099999999998 0.00000000099999999998 0.31236284016897580829 0.00000000099999999998 0.47363658918441831069 0.00000000099999999998 0.19732099818558154758 0.01667956746102438811 0.00000000099999999998 
0.00000000099999999992 0.00000000099999999992 0.00000000099999999992 0.99999999200000000421 0.00000000099999999992 0.00000000099999999992 0.00000000099999999992 0.00000000099999999992 0.00000000099999999992 
0.01462235534755339066 0.00000000099999999998 0.37516433604025933857 0.00000000099999999998 0.47149896406260716208 0.00000000099999999998 0.12344835521099742359 0.01526598533858265772 0.00000000099999999998 
0.00000000099999999986 0.00000000099999999986 0.00000000099999999986 0.99999999200000000421 0.00000000099999999986 0.00000000099999999986 0.00000000099999999986 0.00000000099999999986 0.00000000099999999986 
0.00000000099999999996 0.00000000099999999996 0.00000000099999999996 0.00000000099999999996 0.91885147087468010962 0.00000000099999999996 0.00000000099999999996 0.04520704941652934489 0.03594147370879073600 
0.28134102462501103803 0.00000000099999999991 0.00000000099999999991 0.71865896837498888239 0.00000000099999999991 0.00000000099999999991 0.00000000099999999991 0.00000000099999999991 0.00000000099999999991 
0.00000000099999999999 0.00668998454206481442 0.49472010881896072432 0.00347276155630387232 0.42734864375812708914 0.00000000099999999999 0.00000000099999999999 0.01889901280841357195 0.04886948551612985137 
0.00000000099999999993 0.00000000099999999993 0.00000000099999999993 0.00000000099999999993 0.00000000099999999993 0.00000000099999999993 0.99999999199999989319 0.00000000099999999993 0.00000000099999999993 
0.00000000099999999956 0.00000000099999999956 0.00000000099999999956 0.00000000099999999956 0.00000000099999999956 0.99999999200000011523 0.00000000099999999956 0.00000000099999999956 0.00000000099999999956 
0.00000000099999999986 0.00000000099999999986 0.00000000099999999986 0.99999999200000011523 0.00000000099999999986 0.00000000099999999986 0.00000000099999999986 0.00000000099999999986 0.00000000099999999986 
0.00000000099999999949 0.00000000099999999949 0.00000000099999999949 0.00000000099999999949 0.00000000099999999949 0.99999999200000000421 0.00000000099999999949 0.00000000099999999949 0.00000000099999999949 
0.00000000099999999948 0.00000000099999999948 0.00000000099999999948 0.00000000099999999948 0.00000000099999999948 0.99999999200000000421 0.00000000099999999948 0.00000000099999999948 0.00000000099999999948 
0.00000000099999999998 0.00000000099999999998 0.00000000099999999998 0.00000000099999999998 0.46995136786968166875 0.00000000099999999998 0.47125227015620635429 0.02414609685007330919 0.03465026012403864958 
0.00000000099999999990 0.00000000099999999990 0.99999999200000000421 0.00000000099999999990 0.00000000099999999990 0.00000000099999999990 0.00000000099999999990 0.00000000099999999990 0.00000000099999999990 
0.00000000099999999995 0.00000000099999999995 0.00000000099999999995 0.00000000099999999995 0.99999999200000011523 0.00000000099999999995 0.00000000099999999995 0.00000000099999999995 0.00000000099999999995 
0.00000000099999999997 0.00000000099999999997 0.00000000099999999997 0.00000000099999999997 0.60045865370134343664 0.00000000099999999997 0.35354372858228766408 0.00000000099999999997 0.04599761171636897183 
0.00000000099999999999 0.00453840132758840439 0.11992930236429043267 0.00191108930158697906 0.53631454486022533956 0.00000000099999999999 0.25755956663193241285 0.03485221039437753215 0.04489488311999881992 
0.00000000099999999998 0.00384715015274906700 0.29764768704453070658 0.01164027655748660177 0.42427535659090181985 0.00000000099999999998 0.21822598263024489684 0.02474526784962855289 0.01961827717445848579 
0.00000000099999999995 0.00000000099999999995 0.00000000099999999995 0.00000000099999999995 0.99999999200000011523 0.00000000099999999995 0.00000000099999999995 0.00000000099999999995 0.00000000099999999995 
0.99999999200000011523 0.00000000099999999987 0.00000000099999999987 0.00000000099999999987 0.00000000099999999987 0.00000000099999999987 0.00000000099999999987 0.00000000099999999987 0.00000000099999999987 
0.00000000099999999998 0.00000000099999999998 0.32476034675239567884 0.00000000099999999998 0.46469477943040099488 0.00000000099999999998 0.18752903474374055248 0.01601763916040471747 0.00699819591305793180 
0.00000000099999999948 0.00000000099999999948 0.00000000099999999948 0.00000000099999999948 0.00000000099999999948 0.99999999200000000421 0.00000000099999999948 0.00000000099999999948 0.00000000099999999948 
0.00000000099999999998 0.00000000099999999998 0.29057231541732081448 0.00000000099999999998 0.70942767758267921696 0.00000000099999999998 0.00000000099999999998 0.00000000099999999998 0.00000000099999999998 
0.00000000099999999984 0.00000000099999999984 0.00000000099999999984 0.00000000099999999984 0.00000000099999999984 0.99999999200000000421 0.00000000099999999984 0.00000000099999999984 0.00000000099999999984 
0.00000000099999999955 0.00000000099999999955 0.00000000099999999955 0.00000000099999999955 0.00000000099999999955 0.99999999200000011523 0.00000000099999999955 0.00000000099999999955 0.00000000099999999955 
0.00000000099999999998 0.00000000099999999998 0.00000000099999999998 0.01950940412802178170 0.54025446318327896567 0.00000000099999999998 0.40621967817033721726 0.03401644951836204495 0.00000000099999999998 
0.00000000099999999996 0.00114715746983215343 0.58091695342390892165 0.00000000099999999996 0.41793588310625912063 0.00000000099999999996 0.00000000099999999996 0.00000000099999999996 0.00000000099999999996 
0.02952411401090471871 0.00000000099999999998 0.26002638504150499266 0.00000000099999999998 0.31604763377856448514 0.00000000099999999998 0.39437758344434248325 0.00000000099999999998 0.00002427972468337281 
0.00000000099999999960 0.00000000099999999960 0.00000000099999999960 0.00000000099999999960 0.00000000099999999960 0.99999999200000000421 0.00000000099999999960 0.00000000099999999960 0.00000000099999999960 
0.56005978356567309717 0.00000000099999999992 0.00000000099999999992 0.43994020943432698978 0.00000000099999999992 0.00000000099999999992 0.00000000099999999992 0.00000000099999999992 0.00000000099999999992 
0.00000000099999999988 0.00000000099999999988 0.00000000099999999988 0.99999999200000000421 0.00000000099999999988 0.00000000099999999988 0.00000000099999999988 0.00000000099999999988 0.00000000099999999988 
0.00000000099999999956 0.00000000099999999956 0.00000000099999999956 0.00000000099999999956 0.00000000099999999956 0.99999999200000000421 0.00000000099999999956 0.00000000099999999956 0.00000000099999999956 
0.00000000099999999993 0.00000000099999999993 0.00000000099999999993 0.00000000099999999993 0.00000000099999999993 0.00000000099999999993 0.99999999200000000421 0.00000000099999999993 0.00000000099999999993 
0.04422553057120680309 0.01227682163617584143 0.31041404211139422831 0.00000003934453468310 0.59535341586446366424 0.00000000099999999999 0.00346804929113851516 0.00772772080689201543 0.02653437937419420370 
0.00000000099999999957 0.00000000099999999957 0.00000000099999999957 0.00000000099999999957 0.00000000099999999957 0.99999999200000011523 0.00000000099999999957 0.00000000099999999957 0.00000000099999999957 
0.00000000099999999998 0.00000000099999999998 0.43537088775636939575 0.00000000099999999998 0.50355729940435556280 0.00000000099999999998 0.00000000099999999998 0.00000000099999999998 0.06107180683927521808 
0.69332668175272293976 0.00000000099999999989 0.00000000099999999989 0.30667331124727720271 0.00000000099999999989 0.00000000099999999989 0.00000000099999999989 0.00000000099999999989 0.00000000099999999989 
0.00000000099999999891 0.00000000099999999891 0.00000000099999999891 0.00000000099999999891 0.00000000099999999891 0.00000000099999999891 0.00000000099999999891 0.99999999199999989319 0.00000000099999999891 
