0.01282424538628404789 0.01192014556589881917 0.97525560904781716243 
0.99999999800000005656 0.00000000099999999998 0.00000000099999999998 
0.99999999799999994554 0.00000000099999999997 0.00000000099999999997 
0.04441534514417638801 0.00000000099999999999 0.95558465385582369578 
0.00143405081565717643 0.00014448460851920490 0.99842146457582359176 
0.03332574149310867789 0.00000000099999999999 0.96667425750689139896 
0.99999999799999994554 0.00000000099999999998 0.00000000099999999998 
0.99999999799999994554 0.00000000099999999997 0.00000000099999999997 
0.01264338563467126697 0.00000000100000000000 0.98735661336532876131 
0.99999999799999994554 0.00000000099999999998 0.00000000099999999998 
0.01855349947770754820 0.00000000481317535717 0.98144649570911712821 
0.02536801845370038541 0.00000000099999999999 0.97463198054629962552 
0.00635863987654184098 0.00000000100000000000 0.99364135912345807888 
0.01705221663104517990 0.00147149576859274085 0.98147628760036209616 
0.00227023895806655615 0.01621128788618068917 0.98151847315575280195 
0.06748189618072020224 0.01292345522807963887 0.91959464859120010338 
0.00710544337987441873 0.00000000099999999999 0.99289455562012562950 
0.00000000100000000000 0.00731072963957827681 0.99268926936042156672 
0.00632474936543091747 0.01161922892998006572 0.98205602170458894395 
0.00283838108601079621 0.00000000099999999999 0.99716161791398927328 
0.00280423314604099630 0.00000000100000000000 0.99719576585395897084 
0.99999999799999994554 0.00000000099999999998 0.00000000099999999998 
0.02993403666977121486 0.00000000099999999999 0.97006596233022879261 
0.03847985239529103096 0.00000000099999999999 0.96152014660470896956 
0.03371703164814125742 0.00000000099999999999 0.96628296735185881250 
0.00000000099999999999 0.00000000099999999999 0.99999999800000005656 
0.17030964682515578601 0.78869149284814832335 0.04099886032669590452 
0.18968893246308904388 0.80429487675763577936 0.00601619077927516982 
0.00656853596019258811 0.00014840240351398772 0.99328306163629331849 
0.00000002576570919872 0.00000000100000000000 0.99999997323429090645 
0.02861015295056217739 0.00000000099999999999 0.97138984604943778844 
0.99999999800000005656 0.00000000099999999998 0.00000000099999999998 
0.30716538073011950827 0.24169791464228934652 0.45113670462759108970 
0.00013703095855460755 0.00000000099999999999 0.99986296804144547679 
0.00000000099999999989 0.99999999799999994554 0.00000000099999999989 
0.00000000099999999986 0.99999999800000005656 0.00000000099999999986 
0.00000000099999999987 0.99999999799999994554 0.00000000099999999987 
0.14127745094545626769 0.79595420512954229153 0.06276834392500159343 
0.17055157341669677229 0.80096597110393152885 0.02848245547937167804 
0.00186365858132230781 0.00000000099999999999 0.99813634041867782543 
0.99999999800000005656 0.00000000099999999998 0.00000000099999999998 
0.15168142197100778490 0.78705064760975451676 0.06126793041923769834 
0.03001359178695981941 0.00000000100000000000 0.96998640721304019152 
0.99999999799999994554 0.00000000099999999997 0.00000000099999999997 
0.18431597561077533998 0.78823867345435683074 0.02744535093486796459 
0.02372431021369004675 0.00000000099999999999 0.97627568878630999194 
0.16942438109576576921 0.78991107283565831221 0.04066454606857584225 
0.99999999799999994554 0.00000000099999999998 0.00000000099999999998 
0.99999999800000005656 0.00000000099999999996 0.00000000099999999996 
0.18959600237621329621 0.79246601029783958481 0.01793798732594705306 
0.15949114057402496991 0.80237259648847480964 0.03813626293750020657 
0.99999999799999994554 0.00000000099999999998 0.00000000099999999998 
0.99999999799999994554 0.00000000099999999998 0.00000000099999999998 
0.99999999800000005656 0.00000000099999999998 0.00000000099999999998 
0.16928185015131863578 0.79293791279744729739 0.03778023705123401826 
0.05131033641416402752 0.00568443180636721800 0.94300523177946882214 
0.01085952589229482665 0.01476436318768702127 0.97437611092001807922 
0.02733289231922534160 0.00000000099999999999 0.97266710668077471791 
0.01837877433412611269 0.00000000099999999999 0.98162122466587387049 
0.99999999800000005656 0.00000000099999999998 0.00000000099999999998 
0.00055460593980897425 0.00496660741564228150 0.99447878664454869568 
0.00000000099999999988 0.99999999800000005656 0.00000000099999999988 
0.01539812868533442340 0.00000000099999999999 0.98460187031466550600 
0.00000000099999999989 0.99999999800000005656 0.00000000099999999989 
0.04642760950680860366 0.00000000100000000000 0.95357238949319145238 
0.00000000099999999988 0.99999999799999994554 0.00000000099999999988 
0.01368456245742809448 0.00000000099999999999 0.98631543654257192166 
0.01680806562261016532 0.00075866458225594781 0.98243326979513390107 
0.99999999799999994554 0.00000000099999999997 0.00000000099999999997 
0.00000167417710930905 0.00000000099999999999 0.99999832482289063851 
0.00000000099999999988 0.99999999799999994554 0.00000000099999999988 
0.00000000099999999989 0.99999999799999994554 0.00000000099999999989 
0.09174700071173821914 0.00000000100000000000 0.90825299828826178139 
0.99999999799999994554 0.00000000099999999997 0.00000000099999999997 
0.15830245078882984600 0.77096508325528101402 0.07073246595588916774 
0.99999999800000005656 0.00000000099999999997 0.00000000099999999997 
0.04035642870574063235 0.00000000100000000000 0.95964357029425928491 
0.00000000099999999987 0.99999999800000005656 0.00000000099999999987 
0.16086889855370420377 0.81086793038622151375 0.02826317106007419921 
0.00000000099999999991 0.99999999799999994554 0.00000000099999999991 
0.00460420221190538641 0.01442232230556544058 0.98097347548252922245 
0.99999999800000005656 0.00000000099999999997 0.00000000099999999997 
0.99999999799999994554 0.00000000099999999998 0.00000000099999999998 
0.23688447576645971226 0.00000000099999999999 0.76311552323354026051 
0.00895581082493191773 0.00000798074813001431 0.99103620842693807003 
0.01434835800270932611 0.00000000099999999999 0.98565164099729074554 
0.02867636572227945727 0.00000000099999999999 0.97132363327772053285 
0.00145487758630579301 0.00000000099999999999 0.99854512141369422551 
0.00000000099999999999 0.00000000099999999999 0.99999999800000005656 
0.01694182628427452070 0.00000000099999999999 0.98305817271572559779 
0.01789845795490917213 0.00000000099999999999 0.98210154104509084227 
0.03954200583029569144 0.00000000100000000000 0.96045799316970426052 
0.99999999800000005656 0.00000000099999999998 0.00000000099999999998 
0.99962142313249813252 0.00000000099999999999 0.00037857586750184111 
0.00000000099999999992 0.99999999800000005656 0.00000000099999999992 
0.99999999799999994554 0.00000000099999999998 0.00000000099999999998 
0.99999999799999994554 0.00000000099999999999 0.00000000099999999999 
0.02907588688145534492 0.00000000099999999999 0.97092411211854456887 
0.00000000099999999986 0.99999999799999994554 0.00000000099999999986 
0.00000000137071462613 0.00000230870855418769 0.99999768992073123641 
0.02210362709567190512 0.00000000099999999999 0.97789637190432798786 
0.00439449176154613728 0.00867476043985826971 0.98693074779859557566 
0.03033324815258456320 0.00000000100000000000 0.96966675084741549284 
0.00673254029347369019 0.00000000161794888770 0.99326745808857741515 
0.04050431519850968692 0.00000000100000000000 0.95949568380149041769 
0.00403175795946663067 0.00000000100000000000 0.99596824104053349735 
0.01998698112139178987 0.00000000100000000000 0.98001301787860817250 
0.02194612222184693512 0.01918188804713935602 0.95887198973101372967 
0.01029669834151413638 0.00000018433380090078 0.98970311732468496668 
0.00037976660450473573 0.00000000099999999999 0.99962023239549513409 
0.03110168034813402815 0.01575099268159879315 0.95314732697026716135 
0.00000007397659728609 0.00000000099999999999 0.99999992502340273592 
0.01536903926370724975 0.00000000100000000000 0.98463095973629266577 
0.00149074641603590065 0.00000000099999999999 0.99850925258396405759 
0.03599378064506301989 0.00000000099999999999 0.96400621835493705003 
0.01978293036355891280 0.00000000100000000000 0.98021706863644120222 
0.04341556852678491590 0.00000000100000000000 0.95658443047321506381 
0.00636966386267800739 0.00000000100000000000 0.99363033513732190727 
0.02950942549117277491 0.00000000099999999999 0.97049057350882717010 
0.03080315145447771324 0.07530939433497584046 0.89388745421054638385 
0.00694879349109942500 0.00000000099999999999 0.99305120550890058073 
0.02142488589279771191 0.00000000099999999999 0.97857511310720213249 
0.03054233775551268640 0.00000000099999999999 0.96945766124448728984 
0.00353686773043311456 0.00000000632775310868 0.99646312594181385425 
0.01623481799054457206 0.00000000099999999999 0.98376518100945542500 
0.00969739286652844881 0.00416738033950759135 0.98613522679396392601 
0.02343773942108074923 0.00000000099999999999 0.97656225957891940048 
0.00000000596361814899 0.00000000099999999999 0.99999999303638187342 
0.03689249398944258185 0.00000000099999999999 0.96310750501055741868 
0.99999999800000005656 0.00000000099999999997 0.00000000099999999997 
0.99999997238960225410 0.00000000099999999999 0.00000002661039786735 
0.00000000099999999991 0.99999999799999994554 0.00000000099999999991 
0.16334198113919379258 0.81584114830831877541 0.02081687055248728629 
0.92284930151782729180 0.01399620593457930572 0.06315449254759339381 
0.01649430712861656850 0.00000000099999999999 0.98350569187138348060 
0.03247707231841290287 0.00000000245726670682 0.96752292522432037369 
0.99999999799999994554 0.00000000099999999999 0.00000000099999999999 
0.02226521494324712469 0.00000000099999999999 0.97773478405675295910 
0.00844576465019162767 0.00000000099999999999 0.99155423434980838326 
0.00000000099999999999 0.00000000099999999999 0.99999999800000005656 
0.00000000099999999987 0.99999999799999994554 0.00000000099999999987 
0.00000000099999999987 0.99999999799999994554 0.00000000099999999987 
0.00000000099999999986 0.99999999800000005656 0.00000000099999999986 
0.00000000099999999986 0.99999999800000005656 0.00000000099999999986 
0.00000000099999999988 0.99999999800000005656 0.00000000099999999988 
0.99999999800000005656 0.00000000099999999999 0.00000000099999999999 
0.00701744897688964201 0.00007753307827711391 0.99290501794483321252 
0.00000000099999999987 0.99999999800000005656 0.00000000099999999987 
0.00000000099999999988 0.99999999800000005656 0.00000000099999999988 
0.18061482456435778987 0.81931257398126144942 0.00007260145438069119 
0.16240660083032373850 0.81110843117185793538 0.02648496799781829142 
0.00000117968956359961 0.00000000100000000000 0.99999881931043643757 
0.00000000099999999988 0.99999999800000005656 0.00000000099999999988 
0.01867136718056281244 0.00000000100000000000 0.98132863181943719155 
0.00000000099999999999 0.00000000099999999999 0.99999999800000005656 
0.96301368513030305429 0.00000000099999999999 0.03698631386969705725 
0.01507364125866594157 0.00000000099999999999 0.98492635774133407978 
0.99999999799999994554 0.00000000099999999997 0.00000000099999999997 
0.02822840969618838416 0.00000000099999999999 0.97177158930381157820 
0.99999999800000005656 0.00000000099999999997 0.00000000099999999997 
0.01980735486530645767 0.00221013754922061868 0.97798250758547289330 
0.00061561818589029650 0.00244298305352553613 0.99694139876058418537 
0.00000000099999999988 0.99999999799999994554 0.00000000099999999988 
0.99999999800000005656 0.00000000099999999998 0.00000000099999999998 
0.00000000099999999986 0.99999999800000005656 0.00000000099999999986 
0.00000000099999999988 0.99999999799999994554 0.00000000099999999988 
0.01333424160982086409 0.00000000099999999999 0.98666575739017925439 
0.03037257553228130819 0.00000000099999999999 0.96962742346771857438 
0.01013358303083840804 0.00000000099999999999 0.98986641596916169483 
0.00922297492429560717 0.00000000099999999999 0.99077702407570433785 
0.01474713014834881479 0.00000000100000000000 0.98525286885165119788 
0.02471276848120486369 0.00000000099999999999 0.97528723051879517847 
0.00000000099999999999 0.00000000099999999999 0.99999999799999994554 
0.99642588914890928287 0.00000000099999999998 0.00357410985109076840 
0.00000281939323766788 0.00000000099999999999 0.99999717960676226536 
0.00000000099999999987 0.99999999799999994554 0.00000000099999999987 
0.00202964787477333524 0.00000000100000000000 0.99797035112522658462 
0.00000000099999999996 0.99999999799999994554 0.00000000099999999996 
0.00000000099999999989 0.99999999799999994554 0.00000000099999999989 
0.02706944273026182235 0.00000000099999999999 0.97293055626973812267 
0.00000001134941431346 0.00000000100000000000 0.99999998765058573102 
0.02288864898971596992 0.00000000100000000000 0.97711135001028404101 
0.00000000099999999990 0.99999999799999994554 0.00000000099999999990 
0.99999999800000005656 0.00000000099999999997 0.00000000099999999997 
0.99999999800000005656 0.00000000099999999997 0.00000000099999999997 
0.00000000099999999989 0.99999999799999994554 0.00000000099999999989 
0.01202194237356753181 0.00000000100000000000 0.98797805662643256586 
0.04753571671739442728 0.00000000107028814079 0.95246428221231749234 
0.00000000099999999989 0.99999999799999994554 0.00000000099999999989 
0.01261703834649013749 0.00000000099999999999 0.98738296065350983355 
0.99999999800000005656 0.00000000099999999997 0.00000000099999999997 
0.26108547727476938416 0.18741944425697107390 0.55149507846825951418 
0.03156261713323063600 0.00042771082520052861 0.96800967204156884716 
0.04198068834908280644 0.00000000100000000000 0.95801931065091727735 
0.00521509568223345842 0.00000000100000000000 0.99478490331776647793 
0.00068204970387907569 0.00000000099999999999 0.99931794929612094425 
0.00000000099999999999 0.00000000099999999999 0.99999999799999994554 
0.01118080631836960645 0.00000000099999999999 0.98881919268163043224 
0.01454614867916379818 0.00000000100000000000 0.98545385032083621102 
0.02742367982855153583 0.01101315012650555536 0.96156317004494296086 
0.99999999800000005656 0.00000000099999999998 0.00000000099999999998 
0.02570666504914251305 0.00000000099999999999 0.97429333395085748748 
0.00000001169618070125 0.00000000100000000000 0.99999998730381933765 
0.05068486703462307674 0.00000000100000000000 0.94931513196537686827 
0.01899666040554460339 0.00000000099999999999 0.98100333859445554285 
0.03944161859795086017 0.00190050426314100109 0.95865787713890815436 
0.00000144662667845264 0.00000000099999999999 0.99999855237332146984 
0.02158637162665483569 0.00000000100000000000 0.97841362737334525157 
0.99729906367344400842 0.00000000099999999999 0.00270093532655611007 
0.02879481070257193173 0.00000000100000000000 0.97120518829742807920 
0.01089438877185118677 0.00000000100000000000 0.98910561022814891263 
0.01309456477002767481 0.01061592957301165339 0.97628950565696070996 
0.99999994476496145701 0.00000000099999999999 0.00000005423503854570 
0.03026916740075152878 0.01969761815033858887 0.95003321444890986847 
0.01459352307653168958 0.00000000516178819395 0.98540647176168005839 
0.48608670166581963157 0.00000000099999999999 0.51391329733418034120 
0.02886887647434361465 0.00000000099999999999 0.97113112252565636506 
0.00000000099999999990 0.99999999800000005656 0.00000000099999999990 
0.02945353127482261760 0.00000029971643535426 0.97054616900874202123 
0.03018954140211760687 0.00000000100000000000 0.96981045759788231386 
