0.00000000099999999999 0.00000000099999999999 0.01037669511946360396 0.00000000099999999999 0.02025633604356798234 0.15120591515426773377 0.19397236044435073321 0.33689548507853178672 0.00000000099999999999 0.28729320415981812742 
0.00000000099999999990 0.66400471718401921084 0.00000000099999999990 0.33599527481598101541 0.00000000099999999990 0.00000000099999999990 0.00000000099999999990 0.00000000099999999990 0.00000000099999999990 0.00000000099999999990 
0.00000000099999999981 0.00000000099999999981 0.00000000099999999981 0.99999999100000014352 0.00000000099999999981 0.00000000099999999981 0.00000000099999999981 0.00000000099999999981 0.00000000099999999981 0.00000000099999999981 
0.00000000099999999998 0.00000000099999999998 0.00222553295990747220 0.03648118836150732874 0.00000000099999999998 0.09065573400743817678 0.24247830357354327457 0.32041981835273020129 0.00000000099999999998 0.30773941874487359405 
0.00000000099999999999 0.00000000099999999999 0.00000000099999999999 0.00000000099999999999 0.00812149352065126909 0.00040874474235127285 0.25736836358977510653 0.38568285257366041741 0.00000000099999999999 0.34841854057356197449 
0.00000000099999999997 0.00000000099999999997 0.03688013886788280710 0.00000000099999999997 0.00047951655004151828 0.00000000099999999997 0.15458452836236394323 0.35442987279876597695 0.00000000099999999997 0.45362593842094567353 
0.00000000099999999986 0.99999999100000025454 0.00000000099999999986 0.00000000099999999986 0.00000000099999999986 0.00000000099999999986 0.00000000099999999986 0.00000000099999999986 0.00000000099999999986 0.00000000099999999986 
0.00000000099999999977 0.00000000099999999977 0.00000000099999999977 0.99999999100000003249 0.00000000099999999977 0.00000000099999999977 0.00000000099999999977 0.00000000099999999977 0.00000000099999999977 0.00000000099999999977 
0.00000000099999999997 0.00000120301712131276 0.00000000099999999997 0.01023862964698983059 0.00385893164944859724 0.00000000099999999997 0.32994412518041282834 0.65595710550602748246 0.00000000099999999997 0.00000000099999999997 
0.00000000099999999983 0.99999999100000025454 0.00000000099999999983 0.00000000099999999983 0.00000000099999999983 0.00000000099999999983 0.00000000099999999983 0.00000000099999999983 0.00000000099999999983 0.00000000099999999983 
0.00000000099999999999 0.00000000099999999999 0.00003064340058273223 0.01684249201948488650 0.00300526700956533577 0.00000000391225344540 0.25724339837715920476 0.00000056119424908709 0.00000000099999999999 0.72287763108670533008 
0.00000000099999999997 0.00000000693872718614 0.02590380098454475935 0.00000000099999999997 0.00386381200595880365 0.07424126792106316985 0.21948948041743254755 0.23538102079904071884 0.00000000099999999997 0.44112060793323282226 
0.00000000099999999998 0.00000000099999999998 0.00000000099999999998 0.00000000099999999998 0.00000000099999999998 0.11349877991945991895 0.31352180510479032982 0.00000000099999999998 0.00000000099999999998 0.57297940797574964389 
0.00000000099999999999 0.01130497897372359679 0.00000000099999999999 0.00000000099999999999 0.01089857857857719041 0.13124712857685141842 0.25836952049366884721 0.28483834077800795903 0.00000000099999999999 0.30334144859917100412 
0.00000000099999999999 0.00000000099999999999 0.00000000099999999999 0.01302622569853280864 0.01927581892224751806 0.00000000099999999999 0.14757051754210720462 0.45532100484204357516 0.00240551575884071596 0.36240091323622813935 
0.00000000099999999998 0.00000000099999999998 0.00000000099999999998 0.06440328989267372906 0.02557894794232530231 0.14768240920055064613 0.16080736193551042890 0.35635076642709101469 0.00000000099999999998 0.24517722060184876653 
0.00000000099999999989 0.00000000099999999989 0.00000000099999999989 0.00000000099999999989 0.00000000099999999989 0.00000000099999999989 0.00000000099999999989 0.99999999099999992147 0.00000000099999999989 0.00000000099999999989 
0.00000000099999999998 0.00000000099999999998 0.00000000099999999998 0.00000000099999999998 0.00000000099999999998 0.20594554049836730214 0.22095800375229396328 0.34666989078530419111 0.00000000099999999998 0.22642655896403457438 
0.00226124701132059645 0.00000000100000000000 0.00000000100000000000 0.00530428691737164920 0.00605886379770690167 0.08198053584601142085 0.14251492873735230327 0.28030221822551515398 0.00000000100000000000 0.48157791646472197788 
0.00000000099999999995 0.00000000099999999995 0.00000000099999999995 0.00598320514716349245 0.00000000099999999995 0.23464714608784373318 0.14524861251805362694 0.36806637186037405307 0.00000000099999999995 0.24605465938656509439 
0.00000000099999999996 0.00000000099999999996 0.00000000099999999996 0.00000000099999999996 0.00000000099999999996 0.00000000099999999996 0.00000000099999999996 0.00000000099999999996 0.00000000099999999996 0.99999999099999992147 
0.00000000099999999981 0.00000000099999999981 0.00000000099999999981 0.99999999100000014352 0.00000000099999999981 0.00000000099999999981 0.00000000099999999981 0.00000000099999999981 0.00000000099999999981 0.00000000099999999981 
0.00000000099999999996 0.00000000099999999996 0.00000000099999999996 0.00000000099999999996 0.00000000099999999996 0.00041864042098790319 0.60724289049603852320 0.39233846208297362690 0.00000000099999999996 0.00000000099999999996 
0.00000000099999999977 0.00000000099999999977 0.00000000099999999977 0.00000000099999999977 0.00000000099999999977 0.00000000099999999977 0.99999999100000003249 0.00000000099999999977 0.00000000099999999977 0.00000000099999999977 
0.00000000099999999995 0.00071918924216085351 0.01791124999880681218 0.00000000099999999995 0.00000000099999999995 0.22837419341536799311 0.01883784003336863577 0.00000000099999999995 0.00000000099999999995 0.73415752231029551833 
0.00000000099999999997 0.00000000099999999997 0.00000000099999999997 0.00000000099999999997 0.00000000099999999997 0.00000000099999999997 0.32530615263482232091 0.20140768862865182642 0.00000000099999999997 0.47328615173652582859 
0.00000000099999999962 0.00000000099999999962 0.00000000099999999962 0.00000000099999999962 0.99999999100000014352 0.00000000099999999962 0.00000000099999999962 0.00000000099999999962 0.00000000099999999962 0.00000000099999999962 
0.00000000099999999956 0.00000000099999999956 0.00000000099999999956 0.00000000099999999956 0.99999999100000014352 0.00000000099999999956 0.00000000099999999956 0.00000000099999999956 0.00000000099999999956 0.00000000099999999956 
0.00000000099999999997 0.00000000099999999997 0.00000000099999999997 0.00000000099999999997 0.00000000099999999997 0.16682527767840368838 0.36731868315238253020 0.00000000099999999997 0.00000000099999999997 0.46585603216921367409 
0.00000000099999999997 0.00000000099999999997 0.00000000099999999997 0.00000000099999999997 0.00586291960394239291 0.00000000099999999997 0.00000000099999999997 0.46585357693697604375 0.00000000099999999997 0.52828349645908168064 
0.00000000099999999995 0.00000000099999999995 0.00000015179559847777 0.00000000099999999995 0.00000000099999999995 0.22904131180155959391 0.00000000099999999995 0.00000000099999999995 0.00000000099999999995 0.77095852940284193000 
0.00000000099999999981 0.00000000099999999981 0.99999999100000014352 0.00000000099999999981 0.00000000099999999981 0.00000000099999999981 0.00000000099999999981 0.00000000099999999981 0.00000000099999999981 0.00000000099999999981 
0.00000000099999999985 0.00000000099999999985 0.20997300347936290188 0.00000000099999999985 0.35014227228860200780 0.00000000099999999985 0.43988471723203520503 0.00000000099999999985 0.00000000099999999985 0.00000000099999999985 
0.00000000099999999996 0.00000000099999999996 0.00000000099999999996 0.00000000099999999996 0.00000000099999999996 0.21067489670623135156 0.00000000099999999996 0.32415463076326173075 0.00000000099999999996 0.46517046553050706015 
0.99999999100000014352 0.00000000099999999949 0.00000000099999999949 0.00000000099999999949 0.00000000099999999949 0.00000000099999999949 0.00000000099999999949 0.00000000099999999949 0.00000000099999999949 0.00000000099999999949 
0.99999999100000014352 0.00000000099999999940 0.00000000099999999940 0.00000000099999999940 0.00000000099999999940 0.00000000099999999940 0.00000000099999999940 0.00000000099999999940 0.00000000099999999940 0.00000000099999999940 
0.99999999100000014352 0.00000000099999999941 0.00000000099999999941 0.00000000099999999941 0.00000000099999999941 0.00000000099999999941 0.00000000099999999941 0.00000000099999999941 0.00000000099999999941 0.00000000099999999941 
0.00000000099999999963 0.00000000099999999963 0.00000000099999999963 0.00000000099999999963 0.99999999100000003249 0.00000000099999999963 0.00000000099999999963 0.00000000099999999963 0.00000000099999999963 0.00000000099999999963 
0.00000000099999999958 0.00000000099999999958 0.00000000099999999958 0.00000000099999999958 0.99999999100000003249 0.00000000099999999958 0.00000000099999999958 0.00000000099999999958 0.00000000099999999958 0.00000000099999999958 
0.00000000099999999994 0.00000000099999999994 0.00000000099999999994 0.00000000099999999994 0.00000000099999999994 0.35325276922240206323 0.33810834900165598338 0.00000000099999999994 0.00000000099999999994 0.30863887477594198483 
0.00000000099999999979 0.00000000099999999979 0.99999999100000014352 0.00000000099999999979 0.00000000099999999979 0.00000000099999999979 0.00000000099999999979 0.00000000099999999979 0.00000000099999999979 0.00000000099999999979 
0.00000000099999999959 0.00000000099999999959 0.00000000099999999959 0.00000000099999999959 0.99999999100000003249 0.00000000099999999959 0.00000000099999999959 0.00000000099999999959 0.00000000099999999959 0.00000000099999999959 
0.00000000099999999996 0.00000000099999999996 0.01771358641463866360 0.00000000099999999996 0.00000000099999999996 0.29377237550930351828 0.26849387996618062635 0.42002015210987719840 0.00000000099999999996 0.00000000099999999996 
0.00000000099999999977 0.00000000099999999977 0.00000000099999999977 0.99999999100000003249 0.00000000099999999977 0.00000000099999999977 0.00000000099999999977 0.00000000099999999977 0.00000000099999999977 0.00000000099999999977 
0.00000000099999999966 0.00000000099999999966 0.00000000099999999966 0.00000000099999999966 0.99999999100000003249 0.00000000099999999966 0.00000000099999999966 0.00000000099999999966 0.00000000099999999966 0.00000000099999999966 
0.00000000099999999996 0.00000000099999999996 0.02304866884747182668 0.00000000777831121913 0.00024614961873847227 0.00000000099999999996 0.00000000099999999996 0.56196741408438954934 0.00000000099999999996 0.41473775467108908721 
0.00000000099999999960 0.00000000099999999960 0.00000000099999999960 0.00000000099999999960 0.99999999100000014352 0.00000000099999999960 0.00000000099999999960 0.00000000099999999960 0.00000000099999999960 0.00000000099999999960 
0.00000000099999999980 0.00000000099999999980 0.99999999100000003249 0.00000000099999999980 0.00000000099999999980 0.00000000099999999980 0.00000000099999999980 0.00000000099999999980 0.00000000099999999980 0.00000000099999999980 
0.00000000099999999982 0.99999999100000025454 0.00000000099999999982 0.00000000099999999982 0.00000000099999999982 0.00000000099999999982 0.00000000099999999982 0.00000000099999999982 0.00000000099999999982 0.00000000099999999982 
0.00000000099999999955 0.00000000099999999955 0.00000000099999999955 0.00000000099999999955 0.99999999100000003249 0.00000000099999999955 0.00000000099999999955 0.00000000099999999955 0.00000000099999999955 0.00000000099999999955 
0.00000000099999999959 0.00000000099999999959 0.00000000099999999959 0.00000000099999999959 0.99999999100000014352 0.00000000099999999959 0.00000000099999999959 0.00000000099999999959 0.00000000099999999959 0.00000000099999999959 
0.00000000099999999984 0.99999999100000014352 0.00000000099999999984 0.00000000099999999984 0.00000000099999999984 0.00000000099999999984 0.00000000099999999984 0.00000000099999999984 0.00000000099999999984 0.00000000099999999984 
0.00000000099999999991 0.51394990484410640885 0.00000000099999999991 0.48605008715589387291 0.00000000099999999991 0.00000000099999999991 0.00000000099999999991 0.00000000099999999991 0.00000000099999999991 0.00000000099999999991 
0.00000000099999999994 0.34704450976177825261 0.46926159773215642135 0.18369388550606541299 0.00000000099999999994 0.00000000099999999994 0.00000000099999999994 0.00000000099999999994 0.00000000099999999994 0.00000000099999999994 
0.00000000099999999966 0.00000000099999999966 0.00000000099999999966 0.00000000099999999966 0.99999999100000014352 0.00000000099999999966 0.00000000099999999966 0.00000000099999999966 0.00000000099999999966 0.00000000099999999966 
0.00000000099999999998 0.05004266034865350460 0.00000000099999999998 0.00000000099999999998 0.00427263081036413032 0.00000000099999999998 0.42941327267790896371 0.51627143016307341927 0.00000000099999999998 0.00000000099999999998 
0.00000000099999999987 0.00000000099999999987 0.00000000099999999987 0.00000000099999999987 0.00000000099999999987 0.00000000099999999987 0.99999999100000003249 0.00000000099999999987 0.00000000099999999987 0.00000000099999999987 
0.00000000099999999994 0.00000000099999999994 0.00000000099999999994 0.01695303410932781293 0.00000000099999999994 0.22399624165037257395 0.00000000099999999994 0.00000000099999999994 0.00000000099999999994 0.75905071724029971048 
0.00000000099999999996 0.00000000099999999996 0.00000000099999999996 0.00000000099999999996 0.00000000099999999996 0.19372096738400715332 0.40195011095992971839 0.40432891465606302095 0.00000000099999999996 0.00000000099999999996 
0.00000000099999999981 0.00000000099999999981 0.99999999100000003249 0.00000000099999999981 0.00000000099999999981 0.00000000099999999981 0.00000000099999999981 0.00000000099999999981 0.00000000099999999981 0.00000000099999999981 
0.00000000099999999994 0.00000000099999999994 0.00000000099999999994 0.00000000099999999994 0.00000000099999999994 0.00000000099999999994 0.00000000099999999994 0.00000000099999999994 0.00000000099999999994 0.99999999099999992147 
0.00000000099999999943 0.00000000099999999943 0.00000000099999999943 0.00000000099999999943 0.00000000099999999943 0.00000000099999999943 0.00000000099999999943 0.00000000099999999943 0.99999999099999992147 0.00000000099999999943 
0.00000000099999999991 0.00000000099999999991 0.00000000099999999991 0.00000000099999999991 0.00000000099999999991 0.43052466128714217408 0.00000000099999999991 0.56947533071285783013 0.00000000099999999991 0.00000000099999999991 
0.99999999100000025454 0.00000000099999999948 0.00000000099999999948 0.00000000099999999948 0.00000000099999999948 0.00000000099999999948 0.00000000099999999948 0.00000000099999999948 0.00000000099999999948 0.00000000099999999948 
0.00000000099999999999 0.04290555518842858324 0.00000090134059678138 0.00000000099999999999 0.00000000099999999999 0.01098865219220455589 0.17512256301761505717 0.33876578326766793037 0.00000000099999999999 0.43221654099348705280 
0.99999999100000025454 0.00000000099999999948 0.00000000099999999948 0.00000000099999999948 0.00000000099999999948 0.00000000099999999948 0.00000000099999999948 0.00000000099999999948 0.00000000099999999948 0.00000000099999999948 
0.00000000099999999997 0.00000000099999999997 0.00433295397966566073 0.00000000099999999997 0.00000000099999999997 0.29967379274301014780 0.00000000099999999997 0.32863935780985964463 0.00000000099999999997 0.36735388946746455607 
0.00000000099999999994 0.00000000099999999994 0.00000000099999999994 0.00000000099999999994 0.00000000099999999994 0.00000000099999999994 0.00000000099999999994 0.00000000099999999994 0.00000000099999999994 0.99999999100000003249 
0.00000000099999999982 0.99999999100000025454 0.00000000099999999982 0.00000000099999999982 0.00000000099999999982 0.00000000099999999982 0.00000000099999999982 0.00000000099999999982 0.00000000099999999982 0.00000000099999999982 
0.00000000099999999987 0.00000000099999999987 0.00000000099999999987 0.00000000099999999987 0.00000000099999999987 0.00000000099999999987 0.00000000099999999987 0.99999999099999992147 0.00000000099999999987 0.00000000099999999987 
0.49328739303871843580 0.00000000099999999956 0.00000000099999999956 0.00000000099999999956 0.00000000099999999956 0.00000000099999999956 0.00000000099999999956 0.00000000099999999956 0.50671259896128140188 0.00000000099999999956 
0.00000000099999999947 0.00000000099999999947 0.00000000099999999947 0.00000000099999999947 0.00000000099999999947 0.00000000099999999947 0.00000000099999999947 0.00000000099999999947 0.99999999099999992147 0.00000000099999999947 
0.00000000099999999998 0.00002788485337565742 0.08358633933457400300 0.00000000099999999998 0.00579939344299139261 0.12153073978401701671 0.24384398490729689013 0.09216233735884016287 0.00000000099999999998 0.45304931731890479840 
0.00000000099999999983 0.99999999100000025454 0.00000000099999999983 0.00000000099999999983 0.00000000099999999983 0.00000000099999999983 0.00000000099999999983 0.00000000099999999983 0.00000000099999999983 0.00000000099999999983 
0.00000000099999999967 0.00000000099999999967 0.00000000099999999967 0.00000000099999999967 0.99999999100000014352 0.00000000099999999967 0.00000000099999999967 0.00000000099999999967 0.00000000099999999967 0.00000000099999999967 
0.00000000099999999977 0.00000000099999999977 0.00000000099999999977 0.99999999100000003249 0.00000000099999999977 0.00000000099999999977 0.00000000099999999977 0.00000000099999999977 0.00000000099999999977 0.00000000099999999977 
0.00000000099999999996 0.00000000837653785584 0.00000000099999999996 0.00000448445289267996 0.00000000099999999996 0.43170266637470366966 0.00000000099999999996 0.56829283479586578665 0.00000000099999999996 0.00000000099999999996 
0.99999999100000025454 0.00000000099999999946 0.00000000099999999946 0.00000000099999999946 0.00000000099999999946 0.00000000099999999946 0.00000000099999999946 0.00000000099999999946 0.00000000099999999946 0.00000000099999999946 
0.00000000099999999952 0.00000000099999999952 0.00000000099999999952 0.00000000099999999952 0.99999999100000014352 0.00000000099999999952 0.00000000099999999952 0.00000000099999999952 0.00000000099999999952 0.00000000099999999952 
0.99999999100000025454 0.00000000099999999955 0.00000000099999999955 0.00000000099999999955 0.00000000099999999955 0.00000000099999999955 0.00000000099999999955 0.00000000099999999955 0.00000000099999999955 0.00000000099999999955 
0.00000000099999999987 0.00000000099999999987 0.00000000099999999987 0.00000000099999999987 0.00000000099999999987 0.00000000099999999987 0.99999999099999992147 0.00000000099999999987 0.00000000099999999987 0.00000000099999999987 
0.00000000099999999978 0.99999999100000025454 0.00000000099999999978 0.00000000099999999978 0.00000000099999999978 0.00000000099999999978 0.00000000099999999978 0.00000000099999999978 0.00000000099999999978 0.00000000099999999978 
0.00000000099999999980 0.00000000099999999980 0.00000000099999999980 0.99999999100000003249 0.00000000099999999980 0.00000000099999999980 0.00000000099999999980 0.00000000099999999980 0.00000000099999999980 0.00000000099999999980 
0.00000000099999999995 0.00000000099999999995 0.23349188581236743345 0.00000000099999999995 0.00000000099999999995 0.34343436289468881606 0.00000000099999999995 0.42307289392733149480 0.00000000099999999995 0.00000085136561230618 
0.00000000099999999999 0.00000000099999999999 0.00777083171500566033 0.00000000099999999999 0.01759854305196291782 0.01193603249462263718 0.44711660997868524214 0.00305723628344517669 0.00000000099999999999 0.51252074247627821268 
0.00000000099999999995 0.01869721520532255030 0.00000000099999999995 0.00000000099999999995 0.00000000099999999995 0.00000000099999999995 0.29708942911121455355 0.00000000099999999995 0.00000000099999999995 0.68421334868346272984 
0.00000000099999999993 0.00000000099999999993 0.00000000099999999993 0.00000000099999999993 0.00000000099999999993 0.00000000099999999993 0.00000000099999999993 0.00000000099999999993 0.00000000099999999993 0.99999999100000003249 
0.00000000099999999998 0.00203483605344353729 0.00000000099999999998 0.00000000099999999998 0.00000000099999999998 0.10107269983367486721 0.23627422057667107902 0.12584537608771256822 0.00000000099999999998 0.53477286244849797647 
0.00000000099999999996 0.00000000099999999996 0.00000000099999999996 0.00000000099999999996 0.00000000099999999996 0.11039655457929169191 0.14465870461915036893 0.40913888911405804638 0.00000000099999999996 0.33580584568749982655 
0.00000000099999999996 0.01671871805408436940 0.00000001843048999021 0.00000000099999999996 0.00000000099999999996 0.00158576006424898902 0.26402287398378865291 0.24033079591705677758 0.00000000099999999996 0.47734182955033116480 
0.00000000099999999997 0.00000000099999999997 0.00000224070884094978 0.01025071079609702999 0.00000000099999999997 0.12954669190120018940 0.50025330442076199056 0.35994704717309988773 0.00000000099999999997 0.00000000099999999997 
0.00000000099999999997 0.00000000099999999997 0.00000000099999999997 0.05590208914059817402 0.00000000099999999997 0.00000000099999999997 0.00000000099999999997 0.44605634285585615828 0.00000000099999999997 0.49804156100354568526 
0.00000000099999999978 0.00000000099999999978 0.00000000099999999978 0.99999999100000014352 0.00000000099999999978 0.00000000099999999978 0.00000000099999999978 0.00000000099999999978 0.00000000099999999978 0.00000000099999999978 
0.00000000099999999987 0.99999999100000014352 0.00000000099999999987 0.00000000099999999987 0.00000000099999999987 0.00000000099999999987 0.00000000099999999987 0.00000000099999999987 0.00000000099999999987 0.00000000099999999987 
0.00000000099999999960 0.00000000099999999960 0.00000000099999999960 0.00000000099999999960 0.00000000099999999960 0.00000000099999999960 0.00000000099999999960 0.00000000099999999960 0.99999999100000003249 0.00000000099999999960 
0.00000000099999999992 0.43544860252079214957 0.00000000099999999992 0.56455138947920791015 0.00000000099999999992 0.00000000099999999992 0.00000000099999999992 0.00000000099999999992 0.00000000099999999992 0.00000000099999999992 
0.00000000099999999983 0.00000000099999999983 0.99999999100000003249 0.00000000099999999983 0.00000000099999999983 0.00000000099999999983 0.00000000099999999983 0.00000000099999999983 0.00000000099999999983 0.00000000099999999983 
0.00000000099999999998 0.01538208281070259538 0.00013156343306928219 0.00000000099999999998 0.00001466964853985193 0.20866146958589829041 0.23312091507504148491 0.24900540259199216431 0.00000000099999999998 0.29368389385475618392 
0.99999999100000025454 0.00000000099999999941 0.00000000099999999941 0.00000000099999999941 0.00000000099999999941 0.00000000099999999941 0.00000000099999999941 0.00000000099999999941 0.00000000099999999941 0.00000000099999999941 
0.00000000099999999997 0.00000000099999999997 0.00000000099999999997 0.00000000099999999997 0.00000000099999999997 0.16753352462837944881 0.30094298017644954824 0.39985615035608212953 0.00000000099999999997 0.13166733883908895986 
0.00000000099999999997 0.00688056489493920134 0.00000000099999999997 0.00000000099999999997 0.00000000099999999997 0.28265859486637218145 0.19472698659530252030 0.11863978025652276160 0.00000000099999999997 0.39709406838686334140 
0.00000000099999999995 0.00000000099999999995 0.00000000099999999995 0.00000000099999999995 0.00000000099999999995 0.00000000099999999995 0.00000000099999999995 0.00000000099999999995 0.00000000099999999995 0.99999999100000003249 
0.00000000099999999998 0.00000000099999999998 0.03953542541677124156 0.00000000099999999998 0.00000000099999999998 0.06535232557767926831 0.19348365824163835103 0.12406649952085475885 0.00000000099999999998 0.57756208624305638288 
0.00000000099999999996 0.00000000099999999996 0.00000000099999999996 0.00000000099999999996 0.00000000099999999996 0.00000000099999999996 0.46912005334773937415 0.53087993865226079659 0.00000000099999999996 0.00000000099999999996 
0.00000000099999999998 0.00000000099999999998 0.00000000099999999998 0.05682153245380487661 0.00000000099999999998 0.00000000099999999998 0.34207263318643593708 0.27895178758793759410 0.00000000099999999998 0.32215404077182169251 
0.00000000099999999998 0.00000000099999999998 0.00000000099999999998 0.00171855920451278532 0.00005148746070801614 0.00000000099999999998 0.29272089700943781931 0.40150006499541185390 0.00000000099999999998 0.30400898632992962023 
0.00000000099999999998 0.01443539615405465756 0.00000000099999999998 0.00000000099999999998 0.00000000548370765681 0.17865986884518819666 0.19677302467877344494 0.36394600557309281230 0.00000000099999999998 0.24618569526518324642 
0.00000000100000000000 0.02013143947344332371 0.00000000100000000000 0.00000000100000000000 0.03000551536468362354 0.06830880591111324063 0.07973300813119933717 0.35154622374912375404 0.00178284068903894369 0.44849216368139760425 
0.00000000099999999998 0.00000000099999999998 0.00020771730494912395 0.00398679146316659270 0.00466871358590725295 0.14843115436157400255 0.29137583703632280452 0.24691426029180457702 0.00000000099999999998 0.30441552295627566371 
0.00000000099999999994 0.00000000099999999994 0.00000000099999999994 0.00000000099999999994 0.00000000099999999994 0.00000000099999999994 0.00000000099999999994 0.65368187219635409679 0.00000000099999999994 0.34631811980364590742 
0.00000000099999999998 0.03575588408446681021 0.00000000099999999998 0.00000000099999999998 0.01865029533723980629 0.00026158236602327268 0.42084808817509838930 0.00000000099999999998 0.00000000099999999998 0.52448414503717177837 
0.00000000099999999996 0.00000000099999999996 0.00000000099999999996 0.00000000099999999996 0.00505093211484879123 0.14943573967684503634 0.18121546967405879891 0.44654845325318531790 0.00000000099999999996 0.21774940028106209988 
0.00000000099999999992 0.00000000099999999992 0.00000000099999999992 0.00000000099999999992 0.00000000099999999992 0.00000000099999999992 0.00000000099999999992 0.00000000099999999992 0.00000000099999999992 0.99999999100000003249 
0.00000000099999999997 0.00000000099999999997 0.00000000099999999997 0.00000000176581242081 0.00000000099999999997 0.00000001274397821806 0.00000000099999999997 0.53755016661371912701 0.00000000099999999997 0.46244981287649022939 
0.00000000099999999995 0.00000000099999999995 0.00000000099999999995 0.03061945352707334117 0.00000000099999999995 0.00000000099999999995 0.61205943311420640818 0.35732110635872038618 0.00000000099999999995 0.00000000099999999995 
0.00000000099999999999 0.01166725720496165561 0.00000000099999999999 0.00004017275589223344 0.00000000115487630524 0.12003310622478532976 0.30123296048495290522 0.34941865718939618679 0.00000000099999999999 0.21760784198513533072 
0.00000000099999999997 0.04592584060100334681 0.00000000099999999997 0.00000000099999999997 0.00000000099999999997 0.00000000099999999997 0.40725932634059730519 0.54530540404177085811 0.00000000099999999997 0.00150942301662844555 
0.00000000099999999998 0.00000000099999999998 0.01020361016419410460 0.00000000099999999998 0.00000000099999999998 0.14656468193744937034 0.13002816960522617373 0.32227916960433500293 0.00000000099999999998 0.39092436368879546205 
0.00000000099999999997 0.00000000099999999997 0.03714145723448078473 0.00000000099999999997 0.00000000099999999997 0.08433269622735929671 0.00000000099999999997 0.48887682984266589425 0.00000000099999999997 0.38964901069549395807 
0.07268502022033879184 0.00000000100000000000 0.00000000100000000000 0.02958704749100696599 0.00745344483718084205 0.00002289646575575344 0.30329299979951690469 0.08875737756668888867 0.00000000100000000000 0.49820121061951200270 
0.00000000099999999997 0.00337029331725437892 0.00000000099999999997 0.00000000099999999997 0.00000000099999999997 0.04614751980324487829 0.23282280651364245516 0.50233416383029216856 0.00000000099999999997 0.21532521153556608007 
0.00000000099999999995 0.00000000099999999995 0.01873909716991813829 0.00000000099999999995 0.00000000099999999995 0.00000000099999999995 0.33240422938641467354 0.00000000099999999995 0.00000000099999999995 0.64885666644366712941 
0.00000000099999999996 0.00000000099999999996 0.00000000099999999996 0.03074960504617148260 0.00000000099999999996 0.00514203874345690523 0.16854559703398458437 0.30543388065121107600 0.00000000099999999996 0.49012887352517603423 
0.00000000099999999997 0.00000000099999999997 0.00000000099999999997 0.00000000099999999997 0.00593832198940828261 0.00000008798013936942 0.45945522074796413259 0.18660714184648230507 0.00000000099999999997 0.34799922243600600602 
0.00000000099999999997 0.00000000099999999997 0.00000000566240166543 0.01158541824249237177 0.00000000099999999997 0.08864401983960892850 0.25988234003978349929 0.16713477668079299021 0.00000000099999999997 0.47275343553492060744 
0.00000000099999999998 0.00000000099999999998 0.00000000099999999998 0.00000000099999999998 0.00000000099999999998 0.00069668508341115282 0.46507210493758949221 0.53423120297899939768 0.00000000099999999998 0.00000000099999999998 
0.00000000099999999997 0.00000000099999999997 0.01664848764073775106 0.00000000099999999997 0.00181653837481763540 0.21321921442832453275 0.12293542796790729588 0.30762972302960117643 0.00000000099999999997 0.33775060455861150022 
0.00000000099999999995 0.00000000099999999995 0.00000000099999999995 0.00000000099999999995 0.00000000099999999995 0.23047020947837895677 0.00000000099999999995 0.34138479413243011384 0.00000000099999999995 0.42814498938919104409 
0.00000000099999999992 0.00000000099999999992 0.02622968146542741311 0.00000000099999999992 0.00000000099999999992 0.00000000099999999992 0.00000000099999999992 0.00000000099999999992 0.00000000099999999992 0.97377031053457252519 
0.00000000099999999989 0.44725441042085445353 0.55274558157914566170 0.00000000099999999989 0.00000000099999999989 0.00000000099999999989 0.00000000099999999989 0.00000000099999999989 0.00000000099999999989 0.00000000099999999989 
0.00000000099999999992 0.46645639156484053345 0.53354360043515958179 0.00000000099999999992 0.00000000099999999992 0.00000000099999999992 0.00000000099999999992 0.00000000099999999992 0.00000000099999999992 0.00000000099999999992 
0.00000000099999999949 0.00000000099999999949 0.00000000099999999949 0.00000000099999999949 0.00000000099999999949 0.00000000099999999949 0.00000000099999999949 0.00000000099999999949 0.99999999099999992147 0.00000000099999999949 
0.00000000099999999954 0.00000000099999999954 0.00000000099999999954 0.00000000099999999954 0.99999999100000003249 0.00000000099999999954 0.00000000099999999954 0.00000000099999999954 0.00000000099999999954 0.00000000099999999954 
0.00000000099999999995 0.00000000099999999995 0.99999999100000014352 0.00000000099999999995 0.00000000099999999995 0.00000000099999999995 0.00000000099999999995 0.00000000099999999995 0.00000000099999999995 0.00000000099999999995 
0.00000000099999999996 0.00000133012273946623 0.00000000099999999996 0.00000000099999999996 0.00000000099999999996 0.16532287218873989443 0.39094298273889965811 0.31415166579479147924 0.00000000099999999996 0.12958114415482951953 
0.00000000099999999977 0.00000000099999999977 0.00000000099999999977 0.00000000099999999977 0.00000000099999999977 0.99999999100000003249 0.00000000099999999977 0.00000000099999999977 0.00000000099999999977 0.00000000099999999977 
0.00000000099999999994 0.50643201240944468733 0.49356797959055553893 0.00000000099999999994 0.00000000099999999994 0.00000000099999999994 0.00000000099999999994 0.00000000099999999994 0.00000000099999999994 0.00000000099999999994 
0.00000000099999999997 0.00000000099999999997 0.00000000099999999997 0.00255870753940727787 0.00000000099999999997 0.19898208592953478546 0.42477303557498108377 0.00000000099999999997 0.00000000099999999997 0.37368616495607681616 
0.00000000099999999996 0.00000000099999999996 0.00527909242726209028 0.00000000099999999996 0.00925171435923913960 0.11727497816114430818 0.19614368917040006512 0.27327851519547996517 0.00000000099999999996 0.39877200668647450055 
0.00000000099999999996 0.00000000099999999996 0.00000000099999999996 0.00000000099999999996 0.00000000099999999996 0.00000000099999999996 0.36508383141615508016 0.63491616058384503507 0.00000000099999999996 0.00000000099999999996 
0.99999999100000014352 0.00000000099999999945 0.00000000099999999945 0.00000000099999999945 0.00000000099999999945 0.00000000099999999945 0.00000000099999999945 0.00000000099999999945 0.00000000099999999945 0.00000000099999999945 
0.00000000099999999943 0.00000000099999999943 0.00000000099999999943 0.00000000099999999943 0.00000000099999999943 0.00000000099999999943 0.00000000099999999943 0.00000000099999999943 0.99999999099999992147 0.00000000099999999943 
0.99999999100000014352 0.00000000099999999941 0.00000000099999999941 0.00000000099999999941 0.00000000099999999941 0.00000000099999999941 0.00000000099999999941 0.00000000099999999941 0.00000000099999999941 0.00000000099999999941 
0.00000000099999999937 0.00000000099999999937 0.00000000099999999937 0.00000000099999999937 0.00000000099999999937 0.00000000099999999937 0.00000000099999999937 0.00000000099999999937 0.99999999100000003249 0.00000000099999999937 
0.99999999100000014352 0.00000000099999999943 0.00000000099999999943 0.00000000099999999943 0.00000000099999999943 0.00000000099999999943 0.00000000099999999943 0.00000000099999999943 0.00000000099999999943 0.00000000099999999943 
0.00000000099999999992 0.48764264439071369761 0.00000000099999999992 0.51235734760928641762 0.00000000099999999992 0.00000000099999999992 0.00000000099999999992 0.00000000099999999992 0.00000000099999999992 0.00000000099999999992 
0.00000000099999999999 0.00336504163870674075 0.00352847487671170603 0.00000000099999999999 0.00973596396777268690 0.00000002708008019366 0.25316695752228951521 0.23884225173179651769 0.00000000099999999999 0.49136128018264257911 
0.41628567456462695073 0.00000000099999999949 0.00000000099999999949 0.00000000099999999949 0.00000000099999999949 0.00000000099999999949 0.00000000099999999949 0.00000000099999999949 0.58371431743537283143 0.00000000099999999949 
0.48428398392475835443 0.00000000099999999955 0.00000000099999999955 0.00000000099999999955 0.00000000099999999955 0.00000000099999999955 0.00000000099999999955 0.00000000099999999955 0.51571600807524153876 0.00000000099999999955 
0.00000000099999999952 0.00000000099999999952 0.00000000099999999952 0.00000000099999999952 0.99999999100000003249 0.00000000099999999952 0.00000000099999999952 0.00000000099999999952 0.00000000099999999952 0.00000000099999999952 
0.00000000099999999952 0.00000000099999999952 0.00000000099999999952 0.00000000099999999952 0.99999999100000014352 0.00000000099999999952 0.00000000099999999952 0.00000000099999999952 0.00000000099999999952 0.00000000099999999952 
0.00000000099999999989 0.00000000099999999989 0.00000000099999999989 0.00000000099999999989 0.00000000099999999989 0.00000000099999999989 0.00000000099999999989 0.99999999100000003249 0.00000000099999999989 0.00000000099999999989 
0.00000000099999999940 0.00000000099999999940 0.00000000099999999940 0.00000000099999999940 0.00000000099999999940 0.00000000099999999940 0.00000000099999999940 0.00000000099999999940 0.99999999099999992147 0.00000000099999999940 
0.00000000099999999998 0.00000000099999999998 0.01237913631422142904 0.00000000099999999998 0.00000000099999999998 0.22708554988765519700 0.25320869408407731260 0.31184681273900732856 0.00000000099999999998 0.19547980197503866950 
0.00000000099999999989 0.00000000099999999989 0.00000000099999999989 0.00000000099999999989 0.00000000099999999989 0.00000000099999999989 0.00000000099999999989 0.99999999100000003249 0.00000000099999999989 0.00000000099999999989 
0.00000000099999999995 0.71816855098128806745 0.00000000099999999995 0.28166625380067755735 0.00000000099999999995 0.00016518821803445066 0.00000000099999999995 0.00000000099999999995 0.00000000099999999995 0.00000000099999999995 
0.00000000099999999996 0.00924421298750918892 0.00000000099999999996 0.00000000099999999996 0.00000000099999999996 0.18887669005739973760 0.28397808568019594633 0.13042486193958555130 0.00000000099999999996 0.38747614433530958022 
0.00000000099999999974 0.00000000099999999974 0.00000000099999999974 0.99999999100000014352 0.00000000099999999974 0.00000000099999999974 0.00000000099999999974 0.00000000099999999974 0.00000000099999999974 0.00000000099999999974 
0.00000000099999999996 0.00000000099999999996 0.02889455358878464247 0.00000000099999999996 0.00000000099999999996 0.00000000099999999996 0.49507044456997817417 0.00000000099999999996 0.00000000099999999996 0.47603499484123734664 
0.00000000099999999977 0.00000000099999999977 0.99999999100000014352 0.00000000099999999977 0.00000000099999999977 0.00000000099999999977 0.00000000099999999977 0.00000000099999999977 0.00000000099999999977 0.00000000099999999977 
0.00000000099999999976 0.00000000099999999976 0.00000000099999999976 0.00000000099999999976 0.00000000099999999976 0.99999999100000003249 0.00000000099999999976 0.00000000099999999976 0.00000000099999999976 0.00000000099999999976 
0.00000000099999999997 0.00000000099999999997 0.00000000099999999997 0.00000000099999999997 0.00000000099999999997 0.32245202544674317346 0.04378500080774107295 0.39590345667266069185 0.00000000099999999997 0.23785951107285518979 
0.00000000099999999945 0.00000000099999999945 0.00000000099999999945 0.00000000099999999945 0.00000000099999999945 0.00000000099999999945 0.00000000099999999945 0.00000000099999999945 0.99999999100000003249 0.00000000099999999945 
0.00000000099999999977 0.00000000099999999977 0.99999999100000014352 0.00000000099999999977 0.00000000099999999977 0.00000000099999999977 0.00000000099999999977 0.00000000099999999977 0.00000000099999999977 0.00000000099999999977 
0.00000000099999999939 0.00000000099999999939 0.00000000099999999939 0.00000000099999999939 0.00000000099999999939 0.00000000099999999939 0.00000000099999999939 0.00000000099999999939 0.99999999100000003249 0.00000000099999999939 
0.99999999100000025454 0.00000000099999999942 0.00000000099999999942 0.00000000099999999942 0.00000000099999999942 0.00000000099999999942 0.00000000099999999942 0.00000000099999999942 0.00000000099999999942 0.00000000099999999942 
0.00000000099999999991 0.00000000099999999991 0.00000000099999999991 0.00000000099999999991 0.00000000099999999991 0.00000000099999999991 0.00000000099999999991 0.99999999099999992147 0.00000000099999999991 0.00000000099999999991 
0.00000000099999999997 0.00000000161171335460 0.00000000099999999997 0.02978940330313686186 0.00000000099999999997 0.08378569311509505291 0.30218288038336549306 0.13327217301747748546 0.00000000099999999997 0.45096984456921174189 
0.00000000099999999996 0.00000000099999999996 0.00000000099999999996 0.00763489512733082302 0.00000000099999999996 0.00000000099999999996 0.13612393263312322356 0.33995156395486675338 0.00000000099999999996 0.51628960228467912774 
0.00000000099999999998 0.01177835273674164226 0.00000000099999999998 0.00000000099999999998 0.00000000099999999998 0.10905301060628437571 0.21888903894634789693 0.30087184477881484534 0.00000000099999999998 0.35940774793181123892 
0.00000000099999999997 0.00000000099999999997 0.00000000099999999997 0.02734918673334124986 0.00810333862660507845 0.16091347270531580760 0.04498729567549144409 0.20932104660271097507 0.00000000099999999997 0.54932565565653534989 
0.00000000099999999997 0.00000167285874033333 0.00000000099999999997 0.01650422205416982382 0.00000000325945765115 0.17576140635498332943 0.18103320571344821976 0.35029215547779790629 0.00000000099999999997 0.27640733128140265729 
0.00000000099999999996 0.00000000099999999996 0.00000000099999999996 0.00000000099999999996 0.00000000099999999996 0.19400591682395079696 0.28573243452864921510 0.36256806833722143857 0.00000000099999999996 0.15769357431017846927 
