0.01319954234223267436 0.00000000099999999999 0.45070796475063984454 0.00000000099999999999 0.00008954475532522632 0.33002944919663940171 0.20597349695516284362 
0.00000000099999999994 0.99999999400000005867 0.00000000099999999994 0.00000000099999999994 0.00000000099999999994 0.00000000099999999994 0.00000000099999999994 
0.00000000099999999995 0.99999569143903088708 0.00000000099999999995 0.00000000099999999995 0.00000000099999999995 0.00000000099999999995 0.00000430356096937669 
0.00047681699911268329 0.03387322140657878650 0.42836008959448018674 0.00000000099999999999 0.17957167492011283372 0.35771815219190261637 0.00000004388781278668 
0.00285496491017978981 0.00000000099999999999 0.36449593829136672785 0.00000000099999999999 0.12817289607805804064 0.42311480299680559458 0.08136139572358977445 
0.00000001943876035397 0.00613106955518929325 0.17897631346811809783 0.00000000099999999999 0.30573671403509139477 0.32822383888693912324 0.18093204361590189966 
0.00000000099999999996 0.98018114558367031020 0.00000000099999999996 0.00000000099999999996 0.00000000099999999996 0.00000000099999999996 0.01981884941632987285 
0.00000000099999999993 0.99999999400000016969 0.00000000099999999993 0.00000000099999999993 0.00000000099999999993 0.00000000099999999993 0.00000000099999999993 
0.01315885173146866434 0.00000175760827146537 0.32136923625125823900 0.00000000099999999999 0.23819882747153134361 0.42727132493747027597 0.00000000099999999999 
0.00000000099999999995 0.99999999400000016969 0.00000000099999999995 0.00000000099999999995 0.00000000099999999995 0.00000000099999999995 0.00000000099999999995 
0.00000000099999999995 0.00000000099999999995 0.99999999399999994765 0.00000000099999999995 0.00000000099999999995 0.00000000099999999995 0.00000000099999999995 
0.00125670260877929602 0.01654479297758395390 0.60683099701654608094 0.00000000099999999998 0.00013633566611585943 0.37518999840849681648 0.00004117232247805136 
0.00156021889023207441 0.00000000100000000000 0.30594717295095602561 0.00000000100000000000 0.12156559282615249373 0.50078365247744616173 0.07014336085521311048 
0.00893936687878597522 0.00000000143658059567 0.42746901014902582983 0.00000000099999999999 0.21170240404937942791 0.22884891825911354846 0.12304029822711465281 
0.00000000099999999996 0.00000000099999999996 0.99999999399999994765 0.00000000099999999996 0.00000000099999999996 0.00000000099999999996 0.00000000099999999996 
0.02363402416806233489 0.04584502580835622676 0.32342025794093753888 0.00000000099999999999 0.26286152092580344908 0.21039412147647698625 0.13384504868036328773 
0.00000000099999999995 0.00000000099999999995 0.99999999400000005867 0.00000000099999999995 0.00000000099999999995 0.00000000099999999995 0.00000000099999999995 
0.00000000099999999995 0.00000000099999999995 0.99999999399999994765 0.00000000099999999995 0.00000000099999999995 0.00000000099999999995 0.00000000099999999995 
0.00742808630247258298 0.00000000100000000000 0.34842471762486870723 0.00655525007683421465 0.21958202208452567983 0.41701552312202438966 0.00099439978927442531 
0.00000003159075271461 0.00000000099999999998 0.34717113506273894474 0.00000000099999999998 0.21407873809147365263 0.43755009801525368562 0.00119999523978095066 
0.00000000099999999999 0.00000000099999999999 0.37152483504735406283 0.00000000099999999999 0.00000000099999999999 0.62847515766345818378 0.00000000328918778020 
0.00000000099999999996 0.96237301127478680485 0.00000000099999999996 0.00000000099999999996 0.00000000099999999996 0.00000000099999999996 0.03762698372521329493 
0.00000000099999999999 0.01819829933675282466 0.51330791667082575902 0.00000000099999999999 0.21789193034016871020 0.25060185065225265566 0.00000000099999999999 
0.00000000099999999985 0.00000000099999999985 0.00000000099999999985 0.00000000099999999985 0.99999999399999994765 0.00000000099999999985 0.00000000099999999985 
0.00000000099999999998 0.01893190135658690335 0.56193081756011309391 0.00000000099999999998 0.15938730813670368147 0.15377688943344608452 0.10597308151315014413 
0.00000000099999999999 0.00000000099999999999 0.44228514344955066617 0.00000000099999999999 0.21096082501284452171 0.31350125978237042279 0.03325276875523427295 
0.99999999400000016969 0.00000000099999999974 0.00000000099999999974 0.00000000099999999974 0.00000000099999999974 0.00000000099999999974 0.00000000099999999974 
0.99999999400000005867 0.00000000099999999970 0.00000000099999999970 0.00000000099999999970 0.00000000099999999970 0.00000000099999999970 0.00000000099999999970 
0.00198204098329445456 0.00000000099999999999 0.41866054074225067527 0.00000000099999999999 0.09592967029005983193 0.34145034549518132883 0.14197740048921367317 
0.00000000099999999997 0.00000000099999999997 0.64204787759636228195 0.00000000099999999997 0.35795211740363774844 0.00000000099999999997 0.00000000099999999997 
0.00000000099999999980 0.00000000099999999980 0.00000000099999999980 0.00000000099999999980 0.00000000099999999980 0.00000000099999999980 0.99999999400000005867 
0.00000000099999999995 0.94482050259430938599 0.00000000099999999995 0.00000000099999999995 0.05517949240569069991 0.00000000099999999995 0.00000000099999999995 
0.35648586962169021009 0.17483335339013239551 0.00000000099999999991 0.00000000099999999991 0.46868077298817750753 0.00000000099999999991 0.00000000099999999991 
0.00000000099999999998 0.00000000099999999998 0.59012613400333979730 0.00000000099999999998 0.00000002719461852191 0.40987383480204164776 0.00000000099999999998 
0.00000000099999999969 0.00000000099999999969 0.00000000099999999969 0.99999999399999994765 0.00000000099999999969 0.00000000099999999969 0.00000000099999999969 
0.00000000099999999962 0.00000000099999999962 0.00000000099999999962 0.99999999400000005867 0.00000000099999999962 0.00000000099999999962 0.00000000099999999962 
0.00000000099999999962 0.00000000099999999962 0.00000000099999999962 0.99999999399999994765 0.00000000099999999962 0.00000000099999999962 0.00000000099999999962 
0.99999999400000016969 0.00000000099999999975 0.00000000099999999975 0.00000000099999999975 0.00000000099999999975 0.00000000099999999975 0.00000000099999999975 
0.99999999400000005867 0.00000000099999999971 0.00000000099999999971 0.00000000099999999971 0.00000000099999999971 0.00000000099999999971 0.00000000099999999971 
0.00000000099999999995 0.00000000099999999995 0.00000000099999999995 0.00000000099999999995 0.00000000099999999995 0.99999999400000005867 0.00000000099999999995 
0.00000000099999999997 0.99999999400000005867 0.00000000099999999997 0.00000000099999999997 0.00000000099999999997 0.00000000099999999997 0.00000000099999999997 
0.99999999400000016969 0.00000000099999999973 0.00000000099999999973 0.00000000099999999973 0.00000000099999999973 0.00000000099999999973 0.00000000099999999973 
0.00674666564968248814 0.01589435112308323211 0.50097851416991856510 0.00000000099999999999 0.00000009077115045509 0.47638037628616514141 0.00000000099999999999 
0.00000000099999999994 0.99999999400000016969 0.00000000099999999994 0.00000000099999999994 0.00000000099999999994 0.00000000099999999994 0.00000000099999999994 
0.99999999400000016969 0.00000000099999999976 0.00000000099999999976 0.00000000099999999976 0.00000000099999999976 0.00000000099999999976 0.00000000099999999976 
0.00704820181499263981 0.01102744062790807569 0.42641275180236409836 0.00000000099999999999 0.19296997814932467796 0.36254086287583664472 0.00000076372957388662 
0.99999999400000005867 0.00000000099999999973 0.00000000099999999973 0.00000000099999999973 0.00000000099999999973 0.00000000099999999973 0.00000000099999999973 
0.00000000099999999996 0.99996110604002552691 0.00000000099999999996 0.00000000099999999996 0.00000000099999999996 0.00000000099999999996 0.00003888895997461020 
0.00000000099999999992 0.99999999400000005867 0.00000000099999999992 0.00000000099999999992 0.00000000099999999992 0.00000000099999999992 0.00000000099999999992 
0.99999999400000016969 0.00000000099999999969 0.00000000099999999969 0.00000000099999999969 0.00000000099999999969 0.00000000099999999969 0.00000000099999999969 
0.99999999400000016969 0.00000000099999999972 0.00000000099999999972 0.00000000099999999972 0.00000000099999999972 0.00000000099999999972 0.00000000099999999972 
0.00000000099999999996 0.99999919359864530843 0.00000000099999999996 0.00000000099999999996 0.00000080140135472440 0.00000000099999999996 0.00000000099999999996 
0.00000000099999999996 0.99999999400000005867 0.00000000099999999996 0.00000000099999999996 0.00000000099999999996 0.00000000099999999996 0.00000000099999999996 
0.00000000099999999996 0.99462751915593983210 0.00000000099999999996 0.00000000099999999996 0.00000000099999999996 0.00537247584406024166 0.00000000099999999996 
0.99999999400000005867 0.00000000099999999977 0.00000000099999999977 0.00000000099999999977 0.00000000099999999977 0.00000000099999999977 0.00000000099999999977 
0.00000000099999999994 0.00000000099999999994 0.00000000099999999994 0.00000000099999999994 0.99999999400000005867 0.00000000099999999994 0.00000000099999999994 
0.02247246506375933858 0.00000000099999999999 0.38867407728613490026 0.00000000099999999999 0.00000000099999999999 0.58885345365010555163 0.00000000099999999999 
0.00000000099999999998 0.02266580781888830054 0.38611101634454858544 0.00000000099999999998 0.00145832102050437278 0.58938938776638871708 0.00037546504966994455 
0.00000000099999999999 0.00000000099999999999 0.31732747543557199288 0.00000000099999999999 0.19936150055934229175 0.38155862863015560515 0.10175239237493018118 
0.00000000099999999994 0.99999999400000016969 0.00000000099999999994 0.00000000099999999994 0.00000000099999999994 0.00000000099999999994 0.00000000099999999994 
0.00370575793839923858 0.00000000100000000000 0.50995026458905845512 0.00007147941668618175 0.17164506365239040608 0.31461531286978910993 0.00001212053367668895 
0.00000000099999999967 0.00000000099999999967 0.00000000099999999967 0.99999999400000005867 0.00000000099999999967 0.00000000099999999967 0.00000000099999999967 
0.00000000099999999991 0.00000000099999999991 0.00000000099999999991 0.00000000099999999991 0.99999999399999994765 0.00000000099999999991 0.00000000099999999991 
0.00000000099999999968 0.00000000099999999968 0.00000000099999999968 0.99999999400000005867 0.00000000099999999968 0.00000000099999999968 0.00000000099999999968 
0.00000000099999999999 0.03149096940223278240 0.32040175857789454650 0.00000000099999999999 0.27412953144001100947 0.35427902485942386335 0.01969871372043761892 
0.00000000099999999969 0.00000000099999999969 0.00000000099999999969 0.99999999399999994765 0.00000000099999999969 0.00000000099999999969 0.00000000099999999969 
0.00000000099999999997 0.00000000099999999997 0.20179268979456183031 0.00000000099999999997 0.16484274437760876308 0.35253844313224569351 0.28082611969558368692 
0.00025895047510543924 0.00000163480050991979 0.13445178433814958252 0.00000000099999999999 0.21141159737339254576 0.48977711515505711892 0.16409891685778535408 
0.00000000099999999993 0.99999999400000005867 0.00000000099999999993 0.00000000099999999993 0.00000000099999999993 0.00000000099999999993 0.00000000099999999993 
0.00000000099999999997 0.00000000099999999997 0.29497737756803299458 0.00000000099999999997 0.28519002564083839601 0.33436991645234526160 0.08546267733878332162 
0.00000000099999999969 0.00000000099999999969 0.00000000099999999969 0.99999999399999994765 0.00000000099999999969 0.00000000099999999969 0.00000000099999999969 
0.00000000099999999971 0.00000000099999999971 0.00000000099999999971 0.99999999400000005867 0.00000000099999999971 0.00000000099999999971 0.00000000099999999971 
0.00332711668627654793 0.06915091353496630178 0.43799767131334921277 0.00000000099999999999 0.00000000099999999999 0.36027626943598273224 0.12924802702942522759 
0.00000000099999999994 0.99999999400000005867 0.00000000099999999994 0.00000000099999999994 0.00000000099999999994 0.00000000099999999994 0.00000000099999999994 
0.99999999400000005867 0.00000000099999999978 0.00000000099999999978 0.00000000099999999978 0.00000000099999999978 0.00000000099999999978 0.00000000099999999978 
0.00000000099999999994 0.99999999400000005867 0.00000000099999999994 0.00000000099999999994 0.00000000099999999994 0.00000000099999999994 0.00000000099999999994 
0.00000000099999999997 0.00000000099999999997 0.00000000099999999997 0.00000000099999999997 0.00000000099999999997 0.78162100892767438776 0.21837898607232561488 
0.00000000099999999965 0.00000000099999999965 0.00000000099999999965 0.99999999400000005867 0.00000000099999999965 0.00000000099999999965 0.00000000099999999965 
0.99999999400000016969 0.00000000099999999967 0.00000000099999999967 0.00000000099999999967 0.00000000099999999967 0.00000000099999999967 0.00000000099999999967 
0.00000000099999999973 0.00000000099999999973 0.00000000099999999973 0.99999999399999994765 0.00000000099999999973 0.00000000099999999973 0.00000000099999999973 
0.01724448922389671193 0.00000000100000000000 0.47502265038818208831 0.00000000100000000000 0.00000000100000000000 0.50773281545711290708 0.00000004193080826264 
0.00000000099999999992 0.99999999400000005867 0.00000000099999999992 0.00000000099999999992 0.00000000099999999992 0.00000000099999999992 0.00000000099999999992 
0.00000000099999999994 0.99999998953874968954 0.00000000099999999994 0.00000000099999999994 0.00000000099999999994 0.00000000099999999994 0.00000000546125043291 
0.00000000099999999997 0.20297623344500756448 0.00000099071914458513 0.00000000099999999997 0.53691041802225136781 0.00031206155695696214 0.25980029425663958564 
0.02318728511671825504 0.00015563407914657621 0.43710839084559405254 0.00000000099999999999 0.00004226950513117814 0.53950641845340996383 0.00000000099999999999 
0.00000000099999999994 0.00000000099999999994 0.99999999400000005867 0.00000000099999999994 0.00000000099999999994 0.00000000099999999994 0.00000000099999999994 
0.00000000099999999995 0.00000000099999999995 0.72736372371965918315 0.00000000099999999995 0.00000000099999999995 0.00000000099999999995 0.27263627128034084723 
0.00003776250799164049 0.00000000099999999999 0.36867968992033656184 0.00000000099999999999 0.24658737755482107445 0.38469516369702588809 0.00000000431982470149 
0.00000000099999999997 0.00000000099999999997 0.54274911546576687371 0.00000000099999999997 0.23864052694574602875 0.21861033704979804249 0.00000001753868922676 
0.00000000099999999998 0.00451621456241702458 0.36545555441096522209 0.00000000099999999998 0.20234448114386205386 0.42768373147850768934 0.00000001640424796517 
0.00132639293528648739 0.00659048770468372187 0.47132441801806551629 0.00000000099999999999 0.19784746765021843373 0.32291123169174579255 0.00000000099999999999 
0.00000000099999999999 0.03062644334766384188 0.39864521883041942329 0.00000000099999999999 0.12602573808518152676 0.44470259673673523393 0.00000000099999999999 
0.00000000099999999995 0.99999999374229331384 0.00000000099999999995 0.00000000099999999995 0.00000000099999999995 0.00000000099999999995 0.00000000125770683603 
0.00000000099999999997 0.97687173229095014548 0.00000000099999999997 0.00000000099999999997 0.00000000099999999997 0.02312826270904987450 0.00000000099999999997 
0.00000000099999999981 0.00000000099999999981 0.00000000099999999981 0.99999999400000005867 0.00000000099999999981 0.00000000099999999981 0.00000000099999999981 
0.00000000099999999997 0.99999999400000005867 0.00000000099999999997 0.00000000099999999997 0.00000000099999999997 0.00000000099999999997 0.00000000099999999997 
0.00000000099999999997 0.96999030311745260136 0.00000000099999999997 0.00000000099999999997 0.00000000099999999997 0.03000969188254744985 0.00000000099999999997 
0.00000000099999999996 0.00000000099999999996 0.00000000099999999996 0.00000000099999999996 0.00000000099999999996 0.99999999400000005867 0.00000000099999999996 
0.00000000099999999961 0.00000000099999999961 0.00000000099999999961 0.99999999400000005867 0.00000000099999999961 0.00000000099999999961 0.00000000099999999961 
0.00289186419853953037 0.00000000099999999999 0.33683761565301389984 0.00000000099999999999 0.11368162012951719964 0.50578575714522922002 0.04080314087370021797 
0.00000000099999999995 0.00000000099999999995 0.00000000099999999995 0.00000000099999999995 0.00000000099999999995 0.99999999400000005867 0.00000000099999999995 
0.00168566465581293967 0.00000000100000000000 0.37324560856557997823 0.00000000100000000000 0.18526813242747505739 0.33437372113690094766 0.10542687121423101326 
0.00126230734877520929 0.01827843766630356595 0.33950291271695670625 0.00000000100000000000 0.08834255468063467731 0.55208841138567443796 0.00052537520165530846 
0.00000000099999999993 0.00000000099999999993 0.00000000099999999993 0.00000000099999999993 0.00000000099999999993 0.99999999399999994765 0.00000000099999999993 
0.00000000099999999999 0.03498217360856296920 0.49402866239137172011 0.00000000099999999999 0.14050114171987140854 0.26905547480163494178 0.06143254547855905856 
0.00179273096780115538 0.00000000099999999999 0.34780841904163722900 0.00000000099999999999 0.22665509055908628078 0.42374375643147532688 0.00000000099999999999 
0.00414461133370282436 0.00041728687476769730 0.43727464314075781271 0.00000000099999999999 0.28767148935751751804 0.22547280523242674288 0.04501916306082728858 
0.03049944510238706413 0.00607787750017778350 0.23909947470746314990 0.00010000469284685178 0.30917734944357194715 0.41504584741612626786 0.00000000113742689837 
0.00346745241300296970 0.00000000099999999999 0.25727673135359291345 0.00000000099999999999 0.18910748151814973927 0.41576858917551429151 0.13437974353974005415 
0.00000000099999999996 0.00000000099999999996 0.38336561222761739165 0.00000000099999999996 0.00000000099999999996 0.61663438277238247220 0.00000000099999999996 
0.02127267577401284818 0.00892865507916901224 0.25233736762971642476 0.00000000100000000000 0.14554147485875376655 0.46259004280352478133 0.10932978285482321257 
0.00862859838790061562 0.00000000099999999998 0.41769562360959155978 0.00000000099999999998 0.11980259773595526573 0.44307186166962553298 0.01080131659692691419 
0.00000000099999999992 0.00000000099999999992 0.00000000099999999992 0.00000000099999999992 0.99999999399999994765 0.00000000099999999992 0.00000000099999999992 
0.00000000099999999992 0.00000000099999999992 0.00000000099999999992 0.00000000099999999992 0.99999999400000005867 0.00000000099999999992 0.00000000099999999992 
0.00000000099999999998 0.03218645243222029162 0.35455892351952356112 0.00000000099999999998 0.12618446962588725224 0.48707015142236875782 0.00000000099999999998 
0.00000000480311244053 0.00098437730613200282 0.32745323362391609567 0.00000000099999999999 0.26185212916609729161 0.27120815651698715332 0.13850209758375503499 
0.00000000099999999999 0.03326067540873995504 0.64086708003970005443 0.00000000099999999999 0.32587215144541253897 0.00000009010614752197 0.00000000099999999999 
0.00000000099999999998 0.00000000099999999998 0.00000000357153650163 0.00000000099999999998 0.36574995986371894308 0.63425003256474443702 0.00000000099999999998 
0.00000000099999999998 0.02009627891372786287 0.48784465964132500693 0.00000000099999999998 0.15154946271199606911 0.28322776921957637519 0.05728182751337468348 
0.00553418033745196620 0.02393483074067462302 0.47181025087576994315 0.06855763422253695338 0.17871842350696032220 0.25144467357215943837 0.00000000674444679672 
0.00000000099999999998 0.00000000099999999998 0.46638594822894541281 0.00000000099999999998 0.20142781040934207293 0.23302496657741844643 0.09916127178429390288 
0.00000000099999999997 0.00058863523688310992 0.40627512692327061306 0.00000000099999999997 0.19938521581281423711 0.27760609179051265460 0.11614492823651929865 
0.00000000099999999993 0.00000000099999999993 0.99999999400000005867 0.00000000099999999993 0.00000000099999999993 0.00000000099999999993 0.00000000099999999993 
0.00000000099999999995 0.00000000099999999995 0.99999999399999994765 0.00000000099999999995 0.00000000099999999995 0.00000000099999999995 0.00000000099999999995 
0.00000000099999999995 0.00000000099999999995 0.99999999400000005867 0.00000000099999999995 0.00000000099999999995 0.00000000099999999995 0.00000000099999999995 
0.00537215525946961418 0.00000000100000000000 0.44703865625811811668 0.00248894969008447552 0.17897005005023114421 0.36612888424803441412 0.00000130349406231562 
0.00000000308743491947 0.01365339797344079613 0.29971759926305124866 0.00000000099999999999 0.00000000099999999999 0.61035323562800702923 0.07627576204806577054 
0.00000000099999999998 0.00000000099999999998 0.27663527410661037376 0.00000000099999999998 0.30971952813815922800 0.28475396395540231165 0.12889123079982797715 
0.00000000099999999998 0.03254422525721716031 0.46259178425935565393 0.00000000099999999998 0.15149386236813122686 0.35336912991740143664 0.00000099619789452128 
0.00000000099999999994 0.99999999400000016969 0.00000000099999999994 0.00000000099999999994 0.00000000099999999994 0.00000000099999999994 0.00000000099999999994 
0.00000000099999999998 0.99999691374314914061 0.00000000099999999998 0.00000000099999999998 0.00000000099999999998 0.00000000099999999998 0.00000308125685101735 
0.00000000099999999974 0.00000000099999999974 0.00000000099999999974 0.99999999400000005867 0.00000000099999999974 0.00000000099999999974 0.00000000099999999974 
0.99999999400000016969 0.00000000099999999968 0.00000000099999999968 0.00000000099999999968 0.00000000099999999968 0.00000000099999999968 0.00000000099999999968 
0.03090054563549202160 0.88707971000879115575 0.00000000099999999999 0.00000000099999999999 0.00000000099999999999 0.00000000099999999999 0.08201974035571703292 
0.00000000099999999998 0.01047547901653532107 0.25672898767818214116 0.00000000099999999998 0.22065210957917488765 0.51214342067881302167 0.00000000104729458662 
0.00000000099999999999 0.00000000099999999999 0.00000000099999999999 0.00000000099999999999 0.25602584504855929737 0.61307631143092511383 0.13089783952051567417 
0.00000000099999999997 0.95457035702050818671 0.00000000099999999997 0.00000000099999999997 0.00000000099999999997 0.00000000099999999997 0.04542963797949194776 
0.00000000099999999998 0.00000000099999999998 0.00000000099999999998 0.00000000099999999998 0.36148986717971348659 0.63851012782028659931 0.00000000099999999998 
0.00995685814148033511 0.00000000099999999998 0.36816737360308415816 0.00000000099999999998 0.14961762762123609338 0.45685508009126152285 0.01540305854293787247 
0.00000000099999999991 0.00000000099999999991 0.00000000099999999991 0.00000000099999999991 0.99999999400000005867 0.00000000099999999991 0.00000000099999999991 
0.00000000099999999966 0.00000000099999999966 0.00000000099999999966 0.99999999399999994765 0.00000000099999999966 0.00000000099999999966 0.00000000099999999966 
0.00000000099999999968 0.00000000099999999968 0.00000000099999999968 0.99999999400000005867 0.00000000099999999968 0.00000000099999999968 0.00000000099999999968 
0.00000000099999999962 0.00000000099999999962 0.00000000099999999962 0.99999999400000005867 0.00000000099999999962 0.00000000099999999962 0.00000000099999999962 
0.00000000099999999963 0.00000000099999999963 0.00000000099999999963 0.99999999399999994765 0.00000000099999999963 0.00000000099999999963 0.00000000099999999963 
0.00000000099999999964 0.00000000099999999964 0.00000000099999999964 0.99999999399999994765 0.00000000099999999964 0.00000000099999999964 0.00000000099999999964 
0.00000000099999999998 0.99999999343829393261 0.00000000099999999998 0.00000000099999999998 0.00000000099999999998 0.00000000099999999998 0.00000000156170629744 
0.00000000099999999996 0.00000000099999999996 0.99999999400000005867 0.00000000099999999996 0.00000000099999999996 0.00000000099999999996 0.00000000099999999996 
0.00000000099999999963 0.00000000099999999963 0.00000000099999999963 0.99999999399999994765 0.00000000099999999963 0.00000000099999999963 0.00000000099999999963 
0.00000000099999999969 0.00000000099999999969 0.00000000099999999969 0.99999999399999994765 0.00000000099999999969 0.00000000099999999969 0.00000000099999999969 
0.99999999400000016969 0.00000000099999999967 0.00000000099999999967 0.00000000099999999967 0.00000000099999999967 0.00000000099999999967 0.00000000099999999967 
0.99999999400000016969 0.00000000099999999967 0.00000000099999999967 0.00000000099999999967 0.00000000099999999967 0.00000000099999999967 0.00000000099999999967 
0.00000000099999999998 0.00000000099999999998 0.34159922048556573548 0.00000000099999999998 0.25527802598985205318 0.22952301928709967216 0.17359973123748248525 
0.00000000099999999966 0.00000000099999999966 0.00000000099999999966 0.99999999400000005867 0.00000000099999999966 0.00000000099999999966 0.00000000099999999966 
0.00000000099999999995 0.00000000099999999995 0.00000000099999999995 0.00000000099999999995 0.00000000099999999995 0.99999999399999994765 0.00000000099999999995 
0.00000000099999999997 0.00000000099999999997 0.40925219074476543168 0.00000000099999999997 0.50327864447668446690 0.00000000099999999997 0.08746916077855025617 
0.00000000099999999998 0.95511965648118390959 0.00000000112543713092 0.00000000099999999998 0.04488033839337900177 0.00000000099999999998 0.00000000099999999998 
0.00000000099999999998 0.00000062152962889446 0.33164763886425879802 0.00000000099999999998 0.12059821959400039704 0.49326048792442706015 0.05449303008768494050 
0.00000000099999999992 0.99999999400000005867 0.00000000099999999992 0.00000000099999999992 0.00000000099999999992 0.00000000099999999992 0.00000000099999999992 
0.00000000099999999999 0.01415327275017136573 0.29542921405537753143 0.00000000099999999999 0.09356209656406658248 0.51826711258645619118 0.07858830204392824870 
0.00000000099999999993 0.99999999400000005867 0.00000000099999999993 0.00000000099999999993 0.00000000099999999993 0.00000000099999999993 0.00000000099999999993 
0.00000000099999999996 0.00000000099999999996 0.00000000099999999996 0.00000000099999999996 0.00000000099999999996 0.99999999400000005867 0.00000000099999999996 
0.00792283114789489075 0.00000000099999999999 0.29965440578622964951 0.00000000099999999999 0.22273963728039222754 0.34692609054424750070 0.12275703324123576898 
0.00000000099999999969 0.00000000099999999969 0.00000000099999999969 0.99999999399999994765 0.00000000099999999969 0.00000000099999999969 0.00000000099999999969 
0.00000000099999999994 0.99999999400000005867 0.00000000099999999994 0.00000000099999999994 0.00000000099999999994 0.00000000099999999994 0.00000000099999999994 
0.00000000099999999964 0.00000000099999999964 0.00000000099999999964 0.99999999400000005867 0.00000000099999999964 0.00000000099999999964 0.00000000099999999964 
0.00000000099999999963 0.00000000099999999963 0.00000000099999999963 0.99999999400000005867 0.00000000099999999963 0.00000000099999999963 0.00000000099999999963 
0.00001464533587185341 0.00749575219280010450 0.63265912918381961294 0.00000000099999999999 0.18481897161176774613 0.17501149967574050614 0.00000000099999999999 
0.00000000099999999998 0.02061542614650392624 0.36996011565017877798 0.00000000099999999998 0.11756668618710841567 0.42114203291554197506 0.07071573710066707263 
0.00000000099999999993 0.00000000099999999993 0.00000000099999999993 0.00000000099999999993 0.00000000099999999993 0.99999999399999994765 0.00000000099999999993 
0.00215189860487602922 0.00000000099999999999 0.26674282140874161495 0.00000000099999999999 0.24772199186820462180 0.48338319237803811790 0.00000009374013971516 
0.00000000099999999996 0.00000000099999999996 0.35001846131914449156 0.00000000099999999996 0.30931583836047638059 0.00000000099999999996 0.34066569632037924098 
0.00000053158703129476 0.00000002147303742966 0.26817049297542816522 0.00000000099999999999 0.33856356987405661352 0.37974126758798781855 0.01352411550245868031 
0.00000000099999999998 0.00000000099999999998 0.40153863096490260975 0.00000000099999999998 0.00000000099999999998 0.59846114097716007763 0.00000022405793734233 
0.00000000099999999997 0.97588675723054585376 0.00000000099999999997 0.00000000099999999997 0.00000000099999999997 0.02411323776945414887 0.00000000099999999997 
0.00000000099999999997 0.00000000099999999997 0.60216741619237879046 0.00000000099999999997 0.39783257880762118441 0.00000000099999999997 0.00000000099999999997 
0.00000000099999999964 0.00000000099999999964 0.00000000099999999964 0.99999999400000005867 0.00000000099999999964 0.00000000099999999964 0.00000000099999999964 
0.00000000099999999998 0.00000000099999999998 0.62641194130971655785 0.00000000099999999998 0.00000000099999999998 0.37358805369028347254 0.00000000099999999998 
0.00000000099999999989 0.00000000099999999989 0.00000000099999999989 0.99999999399999994765 0.00000000099999999989 0.00000000099999999989 0.00000000099999999989 
0.00000000099999999968 0.00000000099999999968 0.00000000099999999968 0.99999999399999994765 0.00000000099999999968 0.00000000099999999968 0.00000000099999999968 
0.00000000099999999998 0.00058805160947048073 0.44192174563357200512 0.00000000099999999998 0.18453872697396736524 0.16749433468504962286 0.20545713909794044438 
0.00438722505993497172 0.00000000099999999999 0.39807522938698330917 0.00000000099999999999 0.26294363823545069403 0.33459390431763103013 0.00000000099999999999 
0.00000000099999999998 0.00860633528402551633 0.63777280926392010407 0.00000000099999999998 0.35362085145205446324 0.00000000099999999998 0.00000000099999999998 
0.00000000099999999972 0.00000000099999999972 0.00000000099999999972 0.99999999399999994765 0.00000000099999999972 0.00000000099999999972 0.00000000099999999972 
0.00000000099999999994 0.99999999400000016969 0.00000000099999999994 0.00000000099999999994 0.00000000099999999994 0.00000000099999999994 0.00000000099999999994 
0.00000000099999999994 0.99999999400000005867 0.00000000099999999994 0.00000000099999999994 0.00000000099999999994 0.00000000099999999994 0.00000000099999999994 
0.00000000099999999968 0.00000000099999999968 0.00000000099999999968 0.99999999400000005867 0.00000000099999999968 0.00000000099999999968 0.00000000099999999968 
0.00000000099999999998 0.00000000099999999998 0.00000060649996099226 0.00000000099999999998 0.27087665790075565742 0.72912273159928320254 0.00000000099999999998 
0.00802146568930925570 0.02871308451551146668 0.38968249430970614000 0.00000000099999999999 0.21607467367218227694 0.21918620006693464997 0.13832208074635610195 
0.00000000099999999970 0.00000000099999999970 0.00000000099999999970 0.99999999399999994765 0.00000000099999999970 0.00000000099999999970 0.00000000099999999970 
0.00017991764846301018 0.00000134067380088141 0.30715703812986039356 0.00000000099999999999 0.28861597901722091386 0.27767163652906479143 0.12637408700159000197 
0.00000000099999999992 0.99999999400000016969 0.00000000099999999992 0.00000000099999999992 0.00000000099999999992 0.00000000099999999992 0.00000000099999999992 
0.00000000099999999983 0.00000000099999999983 0.00000000099999999983 0.00000000099999999983 0.00000000099999999983 0.00000000099999999983 0.99999999399999994765 
0.00000000099999999998 0.00000000439005674405 0.00000000099999999998 0.00000000099999999998 0.44086937575859713734 0.55913061585134615772 0.00000000099999999998 
0.00649596809991950363 0.02092474438774880041 0.73725564084674677368 0.00000000099999999999 0.23494815430665869083 0.00000000099999999999 0.00037549035892642929 
0.01389627692534477210 0.00000000099999999998 0.42662896780808895469 0.00000000099999999998 0.27626203192614456894 0.28321272034042155319 0.00000000099999999998 
0.00056119356730524508 0.00000000099999999998 0.55513200090980685530 0.00000000099999999998 0.44430680152288792861 0.00000000099999999998 0.00000000099999999998 
0.00000000099999999994 0.00000000099999999994 0.99999999399999994765 0.00000000099999999994 0.00000000099999999994 0.00000000099999999994 0.00000000099999999994 
0.00000000099999999998 0.00000000099999999998 0.34480332804025703997 0.00000000099999999998 0.00000000099999999998 0.62540933438911228137 0.02978733357063053505 
0.00639149182869684033 0.00000000099999999998 0.00000000099999999998 0.00000000099999999998 0.33063321912148785353 0.61953502688934036780 0.04344025916047503100 
0.00000000099999999980 0.00000000099999999980 0.00000000099999999980 0.00000000099999999980 0.00000000099999999980 0.00000000099999999980 0.99999999400000005867 
0.00000000099999999996 0.99999999400000016969 0.00000000099999999996 0.00000000099999999996 0.00000000099999999996 0.00000000099999999996 0.00000000099999999996 
0.00190788613177598110 0.01505025563994616573 0.59420528397778116236 0.00000000099999999999 0.12919360777031371756 0.25219807208784822405 0.00744489339233501014 
0.00000000099999999992 0.00000000099999999992 0.00000000099999999992 0.00000000099999999992 0.99999999400000005867 0.00000000099999999992 0.00000000099999999992 
0.00000000724842588711 0.03794210890738193565 0.28520371978467762286 0.00000000099999999999 0.33365861395225454578 0.31466575300010790617 0.02852979610715204728 
0.00000000099999999998 0.01129047142337820907 0.27860703860733593284 0.00000000099999999998 0.30057907082452506309 0.40952292472346701890 0.00000049242129379650 
0.00000000099999999998 0.01852979872407615677 0.00000000099999999998 0.00000000099999999998 0.27667857610635215870 0.70479162116957161377 0.00000000099999999998 
0.00000000099999999994 0.00000000099999999994 0.00000000099999999994 0.00000000099999999994 0.00000000099999999994 0.99999999400000005867 0.00000000099999999994 
0.00000000099999999999 0.00000000154859709458 0.18708081661917483340 0.00000000099999999999 0.22106405041377666376 0.52799632622632353129 0.06385880319212781930 
0.00000000099999999997 0.97473853188115433532 0.00000000099999999997 0.00000000099999999997 0.02526146311884572629 0.00000000099999999997 0.00000000099999999997 
0.00000000099999999980 0.00000000099999999980 0.00000000099999999980 0.00000000099999999980 0.00000000099999999980 0.00000000099999999980 0.99999999400000005867 
0.00628623271462942518 0.00000000099999999999 0.29482326692781918309 0.00000000099999999999 0.29236041787675198789 0.40653007948079927791 0.00000000099999999999 
0.00000000100000000000 0.00670516231973465517 0.33743030784033983815 0.00294881357648678821 0.11858216661663657787 0.53433354764680207616 0.00000000100000000000 
0.00000000099999999997 0.99686729949663799299 0.00000000099999999997 0.00000000099999999997 0.00000000099999999997 0.00313268994770208795 0.00000000655565999834 
0.00000000100000000000 0.00000000100000000000 0.00000000100000000000 0.01699217014727218492 0.26305660480117709632 0.70998099650040102926 0.00997022555114977262 
0.00396014994418305080 0.00236274993184123388 0.25062765105239598329 0.00000000099999999999 0.15372391217591366286 0.58932553489566608107 0.00000000099999999999 
0.00000000255051218212 0.47039299747259677442 0.40460118615034051937 0.00000000099999999998 0.00000000099999999998 0.00000000099999999998 0.12500581082655051746 
0.00000000099999999997 0.00083863132086840785 0.04575045977731873742 0.00000000099999999997 0.48362221057665100155 0.46978869532516176477 0.00000000099999999997 
0.00000000099999999971 0.00000000099999999971 0.00000000099999999971 0.99999999400000005867 0.00000000099999999971 0.00000000099999999971 0.00000000099999999971 
0.01155499745149945329 0.00801447124708040345 0.52697037957787229434 0.00000000099999999999 0.00000000734327982707 0.45346014238026788323 0.00000000099999999999 
0.00000000099999999999 0.01820844097585191251 0.35187094580586031345 0.00000000099999999999 0.29865635257535344538 0.30001418583629763104 0.03125007280663671949 
