0.00000000099999999999 0.19696236095347358086 0.00000000099999999999 0.78083672132860737491 0.01135018606064603676 0.00000000099999999999 0.01085072865727303160 
0.99999999400000016969 0.00000000099999999990 0.00000000099999999990 0.00000000099999999990 0.00000000099999999990 0.00000000099999999990 0.00000000099999999990 
0.72260168507935662596 0.00000000099999999995 0.00000000099999999995 0.00000000099999999995 0.00000000099999999995 0.00000000099999999995 0.27739830992064345994 
0.00000000099999999999 0.00000000099999999999 0.00000000099999999999 0.94529001102600929141 0.00000000099999999999 0.00000000099999999999 0.05470998397399073204 
0.00000000100000000000 0.05516298241788927803 0.00000000100000000000 0.49665567506331065317 0.00732337413553593025 0.43621967444513309875 0.00463829193813087952 
0.02410287577834866607 0.12864548773094189316 0.00000000099999999999 0.83897697403217630363 0.00311165452656830344 0.00516300593196480223 0.00000000099999999999 
0.51991423181771612150 0.00000000099999999996 0.00000000099999999996 0.00000000099999999996 0.00000000099999999996 0.00000000099999999996 0.48008576318228401991 
0.69574927009090214991 0.00000000099999999993 0.00000000099999999993 0.00000000099999999993 0.00000000099999999993 0.00000000099999999993 0.30425072490909793599 
0.01529783755153635988 0.00000000099999999999 0.00000000099999999999 0.51559387418968039007 0.01541412999597354880 0.45369415526280965079 0.00000000099999999999 
0.48189288553581616226 0.00000000099999999994 0.00000000099999999994 0.00000000099999999994 0.00000000099999999994 0.00000000099999999994 0.51810710946418370160 
0.01482130281549637330 0.00000000099999999999 0.00000000099999999999 0.98025271658149037979 0.00462774282550879740 0.00000000099999999999 0.00029823477750456250 
0.00557709914655111008 0.10044642928176462926 0.00000000099999999999 0.59680838249150558461 0.00484760026287362963 0.27628221305088923598 0.01603827476641583871 
0.00837716123007818843 0.11009735166096346060 0.00000000099999999999 0.38059412368551354122 0.00000000099999999999 0.50093136042344454939 0.00000000099999999999 
0.00000000099999999999 0.11090354383752341894 0.00000000099999999999 0.58615390884720686149 0.01275229311270814798 0.27394740913172993535 0.01624284307083155576 
0.00000000099999999999 0.00000000099999999999 0.00000064929233806465 0.97626044104494213993 0.02373890566271989050 0.00000000099999999999 0.00000000099999999999 
0.06427922320458889782 0.08707248942163588190 0.00000000099999999999 0.53785260655591526913 0.02808423232299553721 0.28271144649486429357 0.00000000099999999999 
0.00000000099999999996 0.00000000099999999996 0.00000000099999999996 0.00000000099999999996 0.00000000099999999996 0.99999999399999994765 0.00000000099999999996 
0.00000000099999999999 0.14328318160681940974 0.00000000099999999999 0.52431414145909849278 0.00000000099999999999 0.33240267293408193305 0.00000000099999999999 
0.01544793363421930431 0.09393753828338177736 0.00000000122517085230 0.72307670197735907092 0.00787002345215563788 0.15966780042771328008 0.00000000100000000000 
0.00974410197754584269 0.00270599845369233396 0.00000000099999999998 0.44024984575935127706 0.00109907463673111880 0.54620097717267923620 0.00000000099999999998 
0.00000179054817242270 0.10348777612996583330 0.00000000099999999998 0.89651042932186175705 0.00000000099999999998 0.00000000099999999998 0.00000000099999999998 
0.99999999400000005867 0.00000000099999999994 0.00000000099999999994 0.00000000099999999994 0.00000000099999999994 0.00000000099999999994 0.00000000099999999994 
0.00000000099999999997 0.00000000099999999997 0.00000000099999999997 0.96692026856666613011 0.00000000099999999997 0.00000000099999999997 0.03307972643333392804 
0.00000000099999999993 0.00000000099999999993 0.00000000099999999993 0.00000000099999999993 0.00000000099999999993 0.99999999400000005867 0.00000000099999999993 
0.02048863576647408369 0.08639305801486735215 0.00000000099999999998 0.47645739792978064608 0.00000000099999999998 0.40811253540862907352 0.00854837088024889072 
0.00000000099999999999 0.06583003297651637831 0.00000000099999999999 0.66014519596507226229 0.00080242584399026120 0.27322234221442104340 0.00000000099999999999 
0.00000000099999999974 0.00000000099999999974 0.00000000099999999974 0.00000000099999999974 0.99999999400000005867 0.00000000099999999974 0.00000000099999999974 
0.00000000099999999970 0.00000000099999999970 0.00000000099999999970 0.00000000099999999970 0.99999999400000005867 0.00000000099999999970 0.00000000099999999970 
0.00000000099999999999 0.14881518354333855836 0.00000000099999999999 0.51664251379633496786 0.00172331961227219937 0.33281898004805404723 0.00000000099999999999 
0.00000000099999999999 0.00000000099999999999 0.00000000099999999999 0.64626929742757499575 0.01136613729546945457 0.34236456127695547025 0.00000000099999999999 
0.00000000099999999997 0.23467990452667431001 0.00000000099999999997 0.73821071893842926670 0.00000000099999999997 0.00000000099999999997 0.02710937253489652254 
0.00000000099999999987 0.00000000099999999987 0.00000000099999999987 0.00000000099999999987 0.00000000099999999987 0.00000000099999999987 0.99999999400000005867 
0.00000000099999999993 0.00000000099999999993 0.00000000099999999993 0.00000000099999999993 0.35385715506331921754 0.41559561199527389475 0.23054722894140705636 
0.00689799982731981697 0.06816542626361889179 0.00000000099999999998 0.46095765321915571633 0.00000000099999999998 0.46397891768990556782 0.00000000099999999998 
0.00000000099999999969 0.00000000099999999969 0.99999999400000005867 0.00000000099999999969 0.00000000099999999969 0.00000000099999999969 0.00000000099999999969 
0.00000000099999999962 0.00000000099999999962 0.99999999399999994765 0.00000000099999999962 0.00000000099999999962 0.00000000099999999962 0.00000000099999999962 
0.00000000099999999962 0.00000000099999999962 0.99999999399999994765 0.00000000099999999962 0.00000000099999999962 0.00000000099999999962 0.00000000099999999962 
0.00000000099999999975 0.00000000099999999975 0.00000000099999999975 0.00000000099999999975 0.99999999400000005867 0.00000000099999999975 0.00000000099999999975 
0.00000000099999999971 0.00000000099999999971 0.00000000099999999971 0.00000000099999999971 0.99999999400000005867 0.00000000099999999971 0.00000000099999999971 
0.00000000099999999998 0.11333060058081725896 0.00000000099999999998 0.39941064795226038919 0.00000000099999999998 0.48725874746692232620 0.00000000099999999998 
0.99999999400000016969 0.00000000099999999993 0.00000000099999999993 0.00000000099999999993 0.00000000099999999993 0.00000000099999999993 0.00000000099999999993 
0.00000000099999999972 0.00000000099999999972 0.00000000099999999972 0.00000000099999999972 0.99999999399999994765 0.00000000099999999972 0.00000000099999999972 
0.00000000099999999999 0.00000000099999999999 0.00000000099999999999 0.35595817769614501724 0.00366810661207862777 0.60717278914158734349 0.03320092355018905428 
0.99999999400000016969 0.00000000099999999990 0.00000000099999999990 0.00000000099999999990 0.00000000099999999990 0.00000000099999999990 0.00000000099999999990 
0.00000000099999999977 0.00000000099999999977 0.00000000099999999977 0.00000000099999999977 0.99999999399999994765 0.00000000099999999977 0.00000000099999999977 
0.00000000099999999999 0.00000000099999999999 0.00000000099999999999 0.51526927922449483610 0.00785783423709676861 0.45690649653349313386 0.01996638700491530638 
0.00000000099999999973 0.00000000099999999973 0.00000000099999999973 0.00000000099999999973 0.99999999399999994765 0.00000000099999999973 0.00000000099999999973 
0.54199698127021078697 0.00000000099999999995 0.00000000099999999995 0.00000000099999999995 0.00000000099999999995 0.00000000099999999995 0.45800301372978935444 
0.51345393316961629449 0.00000000099999999992 0.00000000099999999992 0.00000000099999999992 0.00000000099999999992 0.00000000099999999992 0.48654606183038373590 
0.00000000099999999969 0.00000000099999999969 0.00000000099999999969 0.00000000099999999969 0.99999999399999994765 0.00000000099999999969 0.00000000099999999969 
0.00000000099999999972 0.00000000099999999972 0.00000000099999999972 0.00000000099999999972 0.99999999400000005867 0.00000000099999999972 0.00000000099999999972 
0.74874275687404878710 0.00000000099999999996 0.00000000099999999996 0.00000000099999999996 0.00000000099999999996 0.00000000099999999996 0.25125723812595135431 
0.45109670711878502303 0.00000000099999999995 0.00000000099999999995 0.00000000099999999995 0.00000000099999999995 0.00000000099999999995 0.54890328788121489634 
0.99999999400000005867 0.00000000099999999993 0.00000000099999999993 0.00000000099999999993 0.00000000099999999993 0.00000000099999999993 0.00000000099999999993 
0.00000000099999999977 0.00000000099999999977 0.00000000099999999977 0.00000000099999999977 0.99999999400000005867 0.00000000099999999977 0.00000000099999999977 
0.05860907708268233568 0.00000000099999999999 0.00000000099999999999 0.92547572139256539803 0.01591519752475238636 0.00000000099999999999 0.00000000099999999999 
0.00000000099999999998 0.00000000099999999998 0.00000000099999999998 0.97848317834382991798 0.02151681665616999445 0.00000000099999999998 0.00000000099999999998 
0.02615576212779743490 0.06542006215289047910 0.00000000099999999998 0.58350348995501521987 0.00000000099999999998 0.32492068276429691975 0.00000000099999999998 
0.01636857453613171920 0.00000000099999999998 0.00000000099999999998 0.98363142046386820017 0.00000000099999999998 0.00000000099999999998 0.00000000099999999998 
0.50890833293221493516 0.00000000099999999994 0.00000000099999999994 0.00000000099999999994 0.00000000099999999994 0.00000000099999999994 0.49109166206778515074 
0.00000000100000000000 0.10266753116977601901 0.00000000100000000000 0.60759406199335719290 0.00365716667335071882 0.28608123716351613330 0.00000000100000000000 
0.00000000099999999967 0.00000000099999999967 0.99999999400000005867 0.00000000099999999967 0.00000000099999999967 0.00000000099999999967 0.00000000099999999967 
0.01233925201121184589 0.00000000447694453511 0.00000000099999999998 0.62916028344521535143 0.00652369096913817982 0.35197676709749009527 0.00000000099999999998 
0.00000000099999999968 0.00000000099999999968 0.99999999399999994765 0.00000000099999999968 0.00000000099999999968 0.00000000099999999968 0.00000000099999999968 
0.00000000099999999997 0.00000000099999999997 0.00000000099999999997 0.00000000099999999997 0.00000000099999999997 0.99999999399999994765 0.00000000099999999997 
0.00000000099999999969 0.00000000099999999969 0.99999999400000005867 0.00000000099999999969 0.00000000099999999969 0.00000000099999999969 0.00000000099999999969 
0.00000000099999999978 0.99999999400000005867 0.00000000099999999978 0.00000000099999999978 0.00000000099999999978 0.00000000099999999978 0.00000000099999999978 
0.00000000099999999996 0.00000000099999999996 0.00000000099999999996 0.00000000099999999996 0.00000000099999999996 0.99999999400000005867 0.00000000099999999996 
0.99999999400000016969 0.00000000099999999990 0.00000000099999999990 0.00000000099999999990 0.00000000099999999990 0.00000000099999999990 0.00000000099999999990 
0.00000000099999999997 0.12256671004573876926 0.00000000099999999997 0.64615974906429685110 0.00000000099999999997 0.23127353688996446501 0.00000000099999999997 
0.00000000099999999968 0.00000000099999999968 0.99999999399999994765 0.00000000099999999968 0.00000000099999999968 0.00000000099999999968 0.00000000099999999968 
0.00000000099999999971 0.00000000099999999971 0.99999999399999994765 0.00000000099999999971 0.00000000099999999971 0.00000000099999999971 0.00000000099999999971 
0.07757999120742958832 0.11239523151079805485 0.00000000099999999999 0.57329585883888867226 0.00685682256041339998 0.22369470499743476788 0.00617738988503563607 
0.36278979559091595331 0.00000000099999999993 0.00000000099999999993 0.00000000099999999993 0.00000000099999999993 0.00000000099999999993 0.63721019940908385504 
0.00000000099999999977 0.00000000099999999977 0.00000000099999999977 0.00000000099999999977 0.99999999400000005867 0.00000000099999999977 0.00000000099999999977 
0.99999999400000005867 0.00000000099999999991 0.00000000099999999991 0.00000000099999999991 0.00000000099999999991 0.00000000099999999991 0.00000000099999999991 
0.03139885020020156264 0.20766810079203595896 0.00000000099999999999 0.44359810294369989014 0.00000000099999999999 0.31733494306406262453 0.00000000099999999999 
0.00000000099999999965 0.00000000099999999965 0.99999999400000005867 0.00000000099999999965 0.00000000099999999965 0.00000000099999999965 0.00000000099999999965 
0.00000000099999999967 0.00000000099999999967 0.00000000099999999967 0.00000000099999999967 0.99999999400000005867 0.00000000099999999967 0.00000000099999999967 
0.00000000099999999973 0.00000000099999999973 0.99999999399999994765 0.00000000099999999973 0.00000000099999999973 0.00000000099999999973 0.00000000099999999973 
0.00000000099999999999 0.00000000099999999999 0.00000000099999999999 0.98504502179390873717 0.01495491437695419673 0.00000000099999999999 0.00000005982913713016 
0.45039899427885726757 0.00000000099999999992 0.00000000099999999992 0.00000000099999999992 0.00000000099999999992 0.00000000099999999992 0.54960100072114259628 
0.99999999400000005867 0.00000000099999999991 0.00000000099999999991 0.00000000099999999991 0.00000000099999999991 0.00000000099999999991 0.00000000099999999991 
0.07422418134042896298 0.09520199286396131833 0.00000000099999999999 0.32326030991037413287 0.00000000099999999999 0.35011710527795919523 0.15719640860727643328 
0.01387948990252189929 0.04480800281534030177 0.00000000099999999999 0.65087714549351427529 0.02293144242736798108 0.26750391736125550546 0.00000000099999999999 
0.00000000099999999998 0.18522433451959505191 0.00000000099999999998 0.81477565972493204427 0.00000000099999999998 0.00000000099999999998 0.00000000175547300867 
0.02084092588565710641 0.12433111557129687685 0.00000000099999999998 0.43218112078420467537 0.00000000099999999998 0.42264683475884140540 0.00000000099999999998 
0.00000000993307805225 0.00000000099999999999 0.00000000099999999999 0.99999854415152855669 0.00000131663332765816 0.00000012628206554330 0.00000000099999999999 
0.00000000099999999996 0.10341153431267931240 0.00000000099999999996 0.89658846068732078738 0.00000000099999999996 0.00000000099999999996 0.00000000099999999996 
0.00000000099999999996 0.00000000099999999996 0.00000000099999999996 0.00000000099999999996 0.00000000099999999996 0.99999999399999994765 0.00000000099999999996 
0.02262005144694890363 0.00020334562897385701 0.00000000099999999999 0.49615881378190590523 0.00340197092554654157 0.47761581621662480002 0.00000000099999999999 
0.04506269434135611734 0.00000000099999999999 0.00000000099999999999 0.75612135849071382410 0.00000000099999999999 0.19881594316792997046 0.00000000099999999999 
0.99999999400000005867 0.00000000099999999991 0.00000000099999999991 0.00000000099999999991 0.00000000099999999991 0.00000000099999999991 0.00000000099999999991 
0.40131308388143804855 0.00000000099999999996 0.00000000099999999996 0.00000000099999999996 0.00000000099999999996 0.00000000099999999996 0.59868691111856187081 
0.00000000099999999981 0.00000000099999999981 0.99999999399999994765 0.00000000099999999981 0.00000000099999999981 0.00000000099999999981 0.00000000099999999981 
0.99999999400000005867 0.00000000099999999994 0.00000000099999999994 0.00000000099999999994 0.00000000099999999994 0.00000000099999999994 0.00000000099999999994 
0.71588776762180195146 0.00000000099999999997 0.00000000099999999997 0.00000000099999999997 0.00000000099999999997 0.00218334161308866457 0.28192888676510946544 
0.00000000099999999999 0.09457849557651662464 0.00000000099999999999 0.59543684100587379593 0.00448016943549397334 0.27254616930245306738 0.03295832267966261608 
0.00000000099999999961 0.00000000099999999961 0.99999999400000005867 0.00000000099999999961 0.00000000099999999961 0.00000000099999999961 0.00000000099999999961 
0.00000000099999999999 0.00000000099999999999 0.00000000099999999999 0.99955686625590511873 0.00044312874409492851 0.00000000099999999999 0.00000000099999999999 
0.00000000099999999999 0.12663104273302863700 0.00000000099999999999 0.47561140084652725468 0.00129689027864774570 0.37629554726263420017 0.02016511687916212534 
0.00000000099999999999 0.07951638514444502037 0.00000000099999999999 0.49163826758428241792 0.00569720001977372208 0.40906521932886030779 0.01408292592263861616 
0.00000000099999999999 0.13538241990918623014 0.00000000099999999999 0.42165114917576423936 0.00000000099999999999 0.41826704476515091935 0.02469938314989852945 
0.00000000099999999995 0.00000000099999999995 0.00000000099999999995 0.00000000099999999995 0.00000000099999999995 0.99999999399999994765 0.00000000099999999995 
0.00000000099999999999 0.00000000099999999999 0.00000000099999999999 0.72882141440675385358 0.00000000099999999999 0.21761832958324708875 0.05356025200999910141 
0.00000000099999999999 0.00000000099999999999 0.00000000099999999999 0.68936678706243037507 0.00330137223901589465 0.30016445543861436374 0.00716738225993941366 
0.00000000099999999999 0.03799097720709626591 0.00000000099999999999 0.65157267185315481672 0.00629180019194117753 0.27046368846486107396 0.03368086028294652035 
0.00000000100000000000 0.05771555755343087818 0.00000000100000000000 0.37517684762165809387 0.02835759211409922750 0.51856017058632852823 0.02018983012448320388 
0.00000000099999999999 0.12297577227607314754 0.00000000099999999999 0.59768728700322659719 0.00982049199779412400 0.26467751346959145220 0.00483893325331469920 
0.00000000099999999996 0.00000000099999999996 0.00000000099999999996 0.99999999399999994765 0.00000000099999999996 0.00000000099999999996 0.00000000099999999996 
0.00000000100000000000 0.09931968822684629494 0.00000000100000000000 0.40036941045154422758 0.02109904261115921192 0.45347998037137188243 0.02573187633907837377 
0.00000000099999999995 0.00000000099999999995 0.00000000099999999995 0.00000000099999999995 0.00000000099999999995 0.99999999399999994765 0.00000000099999999995 
0.02265921059922568551 0.00000000618412501205 0.00000000099999999999 0.58218169342577741343 0.00000000099999999999 0.39515908679087180522 0.00000000099999999999 
0.00091629144437892305 0.00000000099999999999 0.00000000099999999999 0.46793296404904594077 0.00000000099999999999 0.53115074050657506977 0.00000000099999999999 
0.00000000099999999998 0.00000000099999999998 0.00000000099999999998 0.39114461280652346176 0.00000000099999999998 0.56140494751246516891 0.04745043568101132980 
0.01495537839390976773 0.12216992729965771292 0.00000000099999999999 0.86287466193713902030 0.00000000099999999999 0.00000002936929347272 0.00000000099999999999 
0.00000000099999999998 0.00000000099999999998 0.00000000099999999998 0.94446206085857942192 0.00000000099999999998 0.00000000099999999998 0.05553793414142049745 
0.00000000099999999999 0.11761539635481906008 0.00000000099999999999 0.37520412438211075967 0.00000000099999999999 0.49787113718509534710 0.00930933907797472024 
0.02416332803920872088 0.08454718160003546479 0.00000000099999999998 0.32420769386367148668 0.00000000099999999998 0.56707728067546447903 0.00000451382161985820 
0.00016020091017931524 0.03493372656300890167 0.06830607294719097389 0.64088275059001187373 0.00599708873464837450 0.21811964029960301259 0.03160051995535756442 
0.00000000099999999998 0.10593258790673791558 0.00000000099999999998 0.88859278041377764978 0.00000000099999999998 0.00139012257543506021 0.00408450610404926910 
0.00000000099999999997 0.14847283749584014312 0.00000000099999999997 0.51254340707898748963 0.00000000099999999997 0.32206734682564042149 0.01691640559953212081 
0.02219717496531907128 0.14904217395263519297 0.00000000099999999997 0.40260602941870937688 0.00000000099999999997 0.42615461866333625984 0.00000000099999999997 
0.00000000099999999999 0.05188726839351904402 0.00000000099999999999 0.77698947645131022366 0.01659938007125083895 0.15452387208391987761 0.00000000099999999999 
0.02766362815513199319 0.00000000099999999998 0.00000000099999999998 0.55873280641782263611 0.00000000099999999998 0.41360356142704540749 0.00000000099999999998 
0.00798689679625026565 0.11538756439488111194 0.00030006052569363407 0.55263101891013854949 0.00289524865328218833 0.32079920971975417476 0.00000000100000000000 
0.01540446912652397755 0.08861431904038662155 0.00000000099999999999 0.40595214792106026902 0.00597160492083896686 0.48405745699118996050 0.00000000099999999999 
0.00000000099999999998 0.12281519047528299815 0.00000000099999999998 0.39450627771904894781 0.00000000099999999998 0.48267852780566788962 0.00000000099999999998 
0.04808550921343410917 0.00000012092623710050 0.00000000099999999998 0.66783972930819845981 0.00000000099999999998 0.28407463755213024914 0.00000000099999999998 
0.70524625763103099274 0.00000000099999999994 0.00000000099999999994 0.00000000099999999994 0.00000000099999999994 0.00000000099999999994 0.29475373736896920418 
0.00000000099999999988 0.00000000099999999988 0.00000000099999999988 0.00000000099999999988 0.00000000099999999988 0.00000000099999999988 0.99999999400000005867 
0.00000000099999999974 0.00000000099999999974 0.99999999399999994765 0.00000000099999999974 0.00000000099999999974 0.00000000099999999974 0.00000000099999999974 
0.00000000099999999968 0.00000000099999999968 0.00000000099999999968 0.00000000099999999968 0.99999999400000005867 0.00000000099999999968 0.00000000099999999968 
0.61093856945659885671 0.06335122263218156968 0.00000000099999999999 0.00000000099999999999 0.03458975487276733790 0.00000000099999999999 0.29112045003845232749 
0.02107325383692609105 0.00864274987115064806 0.00000000099999999998 0.62183726938493388836 0.00000000099999999998 0.34844672390698927522 0.00000000099999999998 
0.00000000099999999997 0.00000000099999999997 0.00000000099999999997 0.00000000099999999997 0.00000000099999999997 0.99999999399999994765 0.00000000099999999997 
0.99999999400000005867 0.00000000099999999995 0.00000000099999999995 0.00000000099999999995 0.00000000099999999995 0.00000000099999999995 0.00000000099999999995 
0.01857854493894894529 0.00000000099999999998 0.00000000099999999998 0.98142145006105108163 0.00000000099999999998 0.00000000099999999998 0.00000000099999999998 
0.00000000099999999996 0.00000000099999999996 0.00000000099999999996 0.00000000099999999996 0.00000000099999999996 0.99999999400000005867 0.00000000099999999996 
0.00000000099999999998 0.00000000246928332110 0.00000000099999999998 0.99999999253071669703 0.00000000099999999998 0.00000000099999999998 0.00000000099999999998 
0.00000000099999999966 0.00000000099999999966 0.99999999399999994765 0.00000000099999999966 0.00000000099999999966 0.00000000099999999966 0.00000000099999999966 
0.00000000099999999968 0.00000000099999999968 0.99999999399999994765 0.00000000099999999968 0.00000000099999999968 0.00000000099999999968 0.00000000099999999968 
0.00000000099999999962 0.00000000099999999962 0.99999999400000005867 0.00000000099999999962 0.00000000099999999962 0.00000000099999999962 0.00000000099999999962 
0.00000000099999999962 0.00000000099999999962 0.99999999399999994765 0.00000000099999999962 0.00000000099999999962 0.00000000099999999962 0.00000000099999999962 
0.00000000099999999963 0.00000000099999999963 0.99999999399999994765 0.00000000099999999963 0.00000000099999999963 0.00000000099999999963 0.00000000099999999963 
0.00000000099999999989 0.00000000099999999989 0.00000000099999999989 0.00000000099999999989 0.00000000099999999989 0.00000000099999999989 0.99999999399999994765 
0.00460743331126576162 0.00000000099999999999 0.00000000099999999999 0.69928280152091060184 0.00926718155599316924 0.28605742297346070657 0.00078515863836976980 
0.00000000099999999963 0.00000000099999999963 0.99999999400000005867 0.00000000099999999963 0.00000000099999999963 0.00000000099999999963 0.00000000099999999963 
0.00000000099999999969 0.00000000099999999969 0.99999999400000005867 0.00000000099999999969 0.00000000099999999969 0.00000000099999999969 0.00000000099999999969 
0.00000000099999999967 0.00000000099999999967 0.00000000099999999967 0.00000000099999999967 0.99999999400000005867 0.00000000099999999967 0.00000000099999999967 
0.00000000099999999967 0.00000000099999999967 0.00000000099999999967 0.00000000099999999967 0.99999999399999994765 0.00000000099999999967 0.00000000099999999967 
0.00000000099999999998 0.00000016316470493356 0.00000000099999999998 0.99999983183529506103 0.00000000099999999998 0.00000000099999999998 0.00000000099999999998 
0.00000000099999999966 0.00000000099999999966 0.99999999400000005867 0.00000000099999999966 0.00000000099999999966 0.00000000099999999966 0.00000000099999999966 
0.00000000099999999999 0.12437296992228966119 0.00000000099999999999 0.52673808748505546173 0.00000000099999999999 0.33123504932472103146 0.01765389026793374658 
0.00000000099999999999 0.08276734475215936915 0.00000000099999999999 0.58401190351854970206 0.00000000099999999999 0.33322074772929094477 0.00000000099999999999 
0.00000000099999999989 0.00000000099999999989 0.00000000099999999989 0.00000000099999999989 0.00000000099999999989 0.00000000099999999989 0.99999999399999994765 
0.01673752276591073881 0.09387289510201128617 0.00000000099999999998 0.59370431177805993439 0.00000000099999999998 0.29568526735401801098 0.00000000099999999998 
0.59073122942233746713 0.00000000099999999993 0.00000000099999999993 0.00000000099999999993 0.00000000099999999993 0.00000000099999999993 0.40926876557766261877 
0.00000000099999999997 0.18135158929307429454 0.00000000099999999997 0.00000000099999999997 0.00000000099999999997 0.81864840570692565258 0.00000000099999999997 
0.99999999400000016969 0.00000000099999999991 0.00000000099999999991 0.00000000099999999991 0.00000000099999999991 0.00000000099999999991 0.00000000099999999991 
0.00000000099999999999 0.17199387895031786888 0.00000000099999999999 0.36094387808147737617 0.00760451186663874731 0.43895134582885814156 0.02050638327270772401 
0.00000000099999999999 0.19306022571166395196 0.00000000099999999999 0.42594108505998146130 0.00485054705123680666 0.37614813917711759084 0.00000000099999999999 
0.00000000099999999969 0.00000000099999999969 0.99999999399999994765 0.00000000099999999969 0.00000000099999999969 0.00000000099999999969 0.00000000099999999969 
0.00000000099999999986 0.00000000099999999986 0.00000000099999999986 0.00000000099999999986 0.00000000099999999986 0.00000000099999999986 0.99999999399999994765 
0.00000000099999999963 0.00000000099999999963 0.99999999399999994765 0.00000000099999999963 0.00000000099999999963 0.00000000099999999963 0.00000000099999999963 
0.00000000099999999963 0.00000000099999999963 0.99999999399999994765 0.00000000099999999963 0.00000000099999999963 0.00000000099999999963 0.00000000099999999963 
0.00000000099999999999 0.07189453529662670483 0.00000000099999999999 0.52814892687334114019 0.00000000099999999999 0.38032588703261621665 0.01963064779741596072 
0.03164253775886818887 0.12142783873133049244 0.00000000099999999998 0.52771958117520179066 0.00000000099999999998 0.31921003933459946023 0.00000000099999999998 
0.00000000099999999995 0.00000000099999999995 0.00000000099999999995 0.00000000099999999995 0.00000000099999999995 0.99999999400000005867 0.00000000099999999995 
0.00182502994756597852 0.00000000099999999999 0.00000000099999999999 0.57686476686851628770 0.00474158890389248921 0.41656846691024873586 0.00000014536977652679 
0.00001187197754335323 0.19789060224673837851 0.00000000099999999999 0.56925184939876827261 0.00000000099999999999 0.23284567337694991873 0.00000000099999999999 
0.00000000099999999999 0.00367959574465601775 0.00000000099999999999 0.46320543731048702263 0.00695191644934351448 0.50401425952343292813 0.02214878897208060263 
0.00000000099999999998 0.12812299217050240885 0.00000000099999999998 0.60734876381117042232 0.00000000099999999998 0.26452824001832725420 0.00000000099999999998 
0.99999999400000016969 0.00000000099999999995 0.00000000099999999995 0.00000000099999999995 0.00000000099999999995 0.00000000099999999995 0.00000000099999999995 
0.00000000099999999997 0.14581710896017058277 0.00000000099999999997 0.85418288603982939211 0.00000000099999999997 0.00000000099999999997 0.00000000099999999997 
0.00000000099999999963 0.00000000099999999963 0.99999999400000005867 0.00000000099999999963 0.00000000099999999963 0.00000000099999999963 0.00000000099999999963 
0.00000000099999999998 0.00000000099999999998 0.00000000099999999998 0.99999999399999994765 0.00000000099999999998 0.00000000099999999998 0.00000000099999999998 
0.00000000099999999988 0.00000000099999999988 0.99999999399999994765 0.00000000099999999988 0.00000000099999999988 0.00000000099999999988 0.00000000099999999988 
0.00000000099999999968 0.00000000099999999968 0.99999999399999994765 0.00000000099999999968 0.00000000099999999968 0.00000000099999999968 0.00000000099999999968 
0.00000000099999999998 0.19889344139245662690 0.00000000099999999998 0.55432660734776928457 0.00000000099999999998 0.21895525904175133780 0.02782468921802276965 
0.00000000099999999999 0.00000000099999999999 0.00000000099999999999 0.75589303534270413376 0.00682655337829817920 0.23728040727899754603 0.00000000099999999999 
0.02079671132734292952 0.00000000099999999998 0.00000000099999999998 0.97920328367265707659 0.00000000099999999998 0.00000000099999999998 0.00000000099999999998 
0.00000000099999999971 0.00000000099999999971 0.99999999400000005867 0.00000000099999999971 0.00000000099999999971 0.00000000099999999971 0.00000000099999999971 
0.52918811991525516181 0.00000000099999999994 0.00000000099999999994 0.00000000099999999994 0.00000000099999999994 0.00000000099999999994 0.47081187508474509062 
0.00000000099999999986 0.00000000099999999986 0.00000000099999999986 0.00000000099999999986 0.00000000099999999986 0.00000000099999999986 0.99999999399999994765 
0.00000000099999999968 0.00000000099999999968 0.99999999399999994765 0.00000000099999999968 0.00000000099999999968 0.00000000099999999968 0.00000000099999999968 
0.01436651183025871963 0.00000000099999999999 0.00000000099999999999 0.98563347020765057493 0.00000001396209055601 0.00000000099999999999 0.00000000099999999999 
0.03436278323871241880 0.00000000705239021543 0.00000000099999999999 0.95205516622927255366 0.01198819534117131179 0.00000000474209513801 0.00159384239635838236 
0.00000000099999999969 0.00000000099999999969 0.99999999399999994765 0.00000000099999999969 0.00000000099999999969 0.00000000099999999969 0.00000000099999999969 
0.00000000099999999999 0.14348891168274102714 0.00000000099999999999 0.37433937027170360867 0.00020603069343679535 0.47671682839596085657 0.00524885695615783746 
0.99999999400000005867 0.00000000099999999990 0.00000000099999999990 0.00000000099999999990 0.00000000099999999990 0.00000000099999999990 0.00000000099999999990 
0.00000000099999999983 0.99999999400000005867 0.00000000099999999983 0.00000000099999999983 0.00000000099999999983 0.00000000099999999983 0.00000000099999999983 
0.03932453412547137067 0.04155509110555323515 0.00000000099999999999 0.37730666062026496643 0.00000000099999999999 0.54181371114871035299 0.00000000099999999999 
0.03974380411943056329 0.00000000099999999999 0.00000000099999999999 0.70372257871202170687 0.01286158280742225740 0.23928670996132359039 0.00438532239980202968 
0.00000000099999999999 0.00000000099999999999 0.00000000099999999999 0.65790712913541327111 0.01720805332734670623 0.30940886256959465594 0.01547595196764529890 
0.00000000099999999997 0.00000000099999999997 0.00000000099999999997 0.99830479914582848089 0.00169519585417148466 0.00000000099999999997 0.00000000099999999997 
0.00000000099999999994 0.00000000099999999994 0.00000000099999999994 0.00000000099999999994 0.00000000099999999994 0.99999999399999994765 0.00000000099999999994 
0.00000000099999999999 0.10846094781894308201 0.00000000099999999999 0.43350532985306999834 0.00000000099999999999 0.45737609391641625978 0.00065762541157054219 
0.00000000099999999996 0.00000000099999999996 0.00000000099999999996 0.00000000099999999996 0.00000000099999999996 0.99999999400000005867 0.00000000099999999996 
0.00000000099999999978 0.99999999400000016969 0.00000000099999999978 0.00000000099999999978 0.00000000099999999978 0.00000000099999999978 0.00000000099999999978 
0.00000000099999999988 0.00000000099999999988 0.00000000099999999988 0.00000000099999999988 0.00000000099999999988 0.00000000099999999988 0.99999999400000005867 
0.00000000099999999999 0.09532440204445592757 0.00000000099999999999 0.66554468613542172584 0.00708505240612890882 0.20834358260316721001 0.02370227481082629387 
0.00000000099999999998 0.22671040134768191687 0.00000000099999999998 0.51463446777787980047 0.00000000099999999998 0.25865512687443825701 0.00000000099999999998 
0.00000000099999999999 0.08337285240440228673 0.00000000099999999999 0.43805545636787923680 0.00000000099999999999 0.41600129694792292723 0.06257039127979566184 
0.02221888186541031568 0.00000364120116751074 0.00000000099999999998 0.42679483942134904817 0.00000000099999999998 0.55098263451207307728 0.00000000099999999998 
0.03732426688106640911 0.00000000099999999999 0.00000000099999999999 0.70446057206078249724 0.00469514175431346836 0.25352001630383758091 0.00000000099999999999 
0.00000000099999999998 0.16306658939031798417 0.00000000099999999998 0.42277795123017508638 0.00000000099999999998 0.41415545537950682053 0.00000000099999999998 
0.01601290033586565825 0.07640554170727022198 0.00000000099999999999 0.34176811880595542315 0.00000000099999999999 0.56581343615090873289 0.00000000099999999999 
0.99999999400000016969 0.00000000099999999993 0.00000000099999999993 0.00000000099999999993 0.00000000099999999993 0.00000000099999999993 0.00000000099999999993 
0.00000000099999999979 0.99999999400000016969 0.00000000099999999979 0.00000000099999999979 0.00000000099999999979 0.00000000099999999979 0.00000000099999999979 
0.01134643578383856370 0.00000249579254111101 0.00000000099999999999 0.59137358830941488819 0.01069959497360309722 0.38657781195216966985 0.00000007218843267400 
0.00000000230702404175 0.00000000100000000000 0.00957193674223825314 0.62981848161750975112 0.00000000100000000000 0.34648347140172752745 0.01412610593150034205 
0.49893555151047053187 0.00000000099999999997 0.00000000099999999997 0.00000000099999999997 0.00000000099999999997 0.00000000099999999997 0.50106444348952927648 
0.02767666262306483355 0.04906851566589688629 0.01802910053528830603 0.50298430375908009804 0.00000000100000000000 0.40224141541666985633 0.00000000100000000000 
0.00000002785299825860 0.00000000099999999999 0.00000000099999999999 0.54170276764633507049 0.00433003749393571970 0.43901389133965784684 0.01495327366707308210 
0.32376026396570467547 0.10368869860959838147 0.00000000099999999999 0.29290967730689415616 0.00737799492250240403 0.11851875323133059803 0.15374461096396971338 
0.03774423289143747501 0.00000000099999999997 0.00000000099999999997 0.73827735940098404566 0.00000000099999999997 0.22397840370757857165 0.00000000099999999997 
0.00000000099999999970 0.00000000099999999970 0.99999999399999994765 0.00000000099999999970 0.00000000099999999970 0.00000000099999999970 0.00000000099999999970 
0.00000000099999999999 0.05235540594891798655 0.00000000099999999999 0.62487273330021697593 0.01425993259636832919 0.26861642514758327094 0.03989550100691342110 
0.02742213321516780850 0.07547122778102632878 0.00000000099999999999 0.63486157013321720122 0.00241375496309250304 0.25863623848695821428 0.00119507442053786144 
