0.96548143630062088771 0.00810842504264711918 0.00033520581125358486 0.02607493284547857115 
0.00000000099999999996 0.99999999699999997382 0.00000000099999999996 0.00000000099999999996 
0.00000000099999999996 0.99999999699999997382 0.00000000099999999996 0.00000000099999999996 
0.95151530903956205165 0.04296096628429080244 0.00000000099999999999 0.00552372367614724184 
0.98627308411619130091 0.00051201854027270585 0.00000000100000000000 0.01321489634353612344 
0.96293534164017990928 0.03068767361672776819 0.00000000099999999999 0.00637698374309248524 
0.00000000099999999997 0.99999999700000008485 0.00000000099999999997 0.00000000099999999997 
0.00000000099999999995 0.99999999700000008485 0.00000000099999999995 0.00000000099999999995 
0.97118305102367552539 0.00909309443885129159 0.00000000099999999999 0.01972385353747332232 
0.00000000099999999997 0.99999999699999997382 0.00000000099999999997 0.00000000099999999997 
0.96833755414634736791 0.01788045686273861609 0.00000000100000000000 0.01378198799091390030 
0.96571836492967855214 0.02275908530226352158 0.00000000099999999999 0.01152254876805803609 
0.98583921093871673680 0.00530721277229629414 0.00000000100000000000 0.00885357528898695310 
0.96958359770870339300 0.01075152941028335168 0.00000000100000000000 0.01966487188101327666 
0.97087659093183731329 0.00140555824953147524 0.00608337358886615678 0.02163447722976508808 
0.90555430941261638722 0.06113036660953666962 0.00000000099999999999 0.03331532297784699920 
0.99211524897133529510 0.00765999655664406122 0.00000000100000000000 0.00022475347202074772 
0.98806640597213057919 0.00000000100000000000 0.00537802414285959689 0.00655556888500984352 
0.97690647127948959660 0.00344497882564591624 0.00816368569058539134 0.01148486420427923850 
0.99108869030352086948 0.00096795515194157916 0.00000000099999999998 0.00794335354453760273 
0.99584289952327953444 0.00414225358020015033 0.00000000100000000000 0.00001484589652031846 
0.00000000185080730919 0.99999999614919277136 0.00000000099999999998 0.00000000099999999998 
0.96957424578298068152 0.03042575221701931953 0.00000000099999999999 0.00000000099999999999 
0.95792181559106204247 0.03798288391150594218 0.00000000099999999999 0.00409529949743200027 
0.96651302751914558442 0.03348668099032454937 0.00000000099999999999 0.00000029049052987060 
0.99309074794099894135 0.00000000099999999999 0.00000000099999999999 0.00690925005900115512 
0.00000000099999999988 0.00000000099999999988 0.00000000099999999988 0.99999999700000008485 
0.00000000099999999986 0.00000000099999999986 0.00000000099999999986 0.99999999699999997382 
0.98276913934231302505 0.00552136763966195546 0.00000000100000000000 0.01170949201802508159 
0.98498790062320940031 0.00000000099999999999 0.00000000099999999999 0.01501209737679062503 
0.97023709502887289791 0.02976290280748926029 0.00000000099999999999 0.00000000116363779609 
0.00000000099999999998 0.99999999699999997382 0.00000000099999999998 0.00000000099999999998 
0.39850918030567272776 0.24048991703347585847 0.00000000099999999997 0.36100090166085158083 
0.99839608159466952664 0.00052031787439154611 0.00000000099999999999 0.00108359953093911101 
0.00000000099999999986 0.00000000099999999986 0.99999999699999986280 0.00000000099999999986 
0.00000000099999999982 0.00000000099999999982 0.99999999699999986280 0.00000000099999999982 
0.00000000099999999982 0.00000000099999999982 0.99999999699999986280 0.00000000099999999982 
0.00000000099999999988 0.00000000099999999988 0.00000000099999999988 0.99999999699999997382 
0.00000000099999999987 0.00000000099999999987 0.00000000099999999987 0.99999999700000008485 
0.99407673055144463170 0.00230747793751274154 0.00000000099999999999 0.00361579051104265895 
0.00000000099999999998 0.99999999700000008485 0.00000000099999999998 0.00000000099999999998 
0.00000000099999999987 0.00000000099999999987 0.00000000099999999987 0.99999999700000008485 
0.95995224959820657507 0.02787105991281060152 0.00000000099999999999 0.01217668948898296792 
0.00000000099999999996 0.99999999699999997382 0.00000000099999999996 0.00000000099999999996 
0.00000000099999999989 0.00000000099999999989 0.00000000099999999989 0.99999999700000008485 
0.97031947954299369030 0.01969664083648741890 0.00000000099999999999 0.00998387862051883408 
0.00000000099999999987 0.00000000099999999987 0.00000000099999999987 0.99999999700000008485 
0.00000000099999999997 0.99999999700000008485 0.00000000099999999997 0.00000000099999999997 
0.00000000099999999995 0.99999999700000008485 0.00000000099999999995 0.00000000099999999995 
0.00000000099999999986 0.00000000099999999986 0.00000000099999999986 0.99999999699999997382 
0.00000000099999999987 0.00000000099999999987 0.00000000099999999987 0.99999999699999997382 
0.00000000099999999997 0.99999999700000008485 0.00000000099999999997 0.00000000099999999997 
0.00000000099999999996 0.99999999699999997382 0.00000000099999999996 0.00000000099999999996 
0.00000000099999999997 0.99999999699999997382 0.00000000099999999997 0.00000000099999999997 
0.00000000099999999989 0.00000000099999999989 0.00000000099999999989 0.99999999699999997382 
0.93161686195900705876 0.04878832097806216905 0.00000000240613039159 0.01959481465680025514 
0.96741950248079411345 0.00238309692517490188 0.00000000100000000000 0.03019739959403115390 
0.97015195875307935758 0.02984803924692063654 0.00000000099999999999 0.00000000099999999999 
0.97786032740096295868 0.01765771004099381952 0.00000000099999999999 0.00448196155804318416 
0.00000000099999999996 0.99999999700000008485 0.00000000099999999996 0.00000000099999999996 
0.98784811902795854888 0.00074265610393245440 0.00160689940608646953 0.00980232546202251115 
0.00000000099999999985 0.00000000099999999985 0.99999999699999986280 0.00000000099999999985 
0.98048275372697324404 0.01017554997261070626 0.00000000099999999998 0.00934169530041620462 
0.00000000099999999985 0.00000000099999999985 0.99999999699999997382 0.00000000099999999985 
0.95206614190115756990 0.04675546274282052495 0.00000000100000000000 0.00117839435602185277 
0.00000000099999999986 0.00000000099999999986 0.99999999699999986280 0.00000000099999999986 
0.98151887163179085682 0.01277399150121378765 0.00000000099999999999 0.00570713586699536125 
0.97377188115305168825 0.01551029225969460974 0.00000007618432379632 0.01071775040292988201 
0.00000000099999999995 0.99999999700000008485 0.00000000099999999995 0.00000000099999999995 
0.99999563543619474082 0.00000436256380536390 0.00000000099999999998 0.00000000099999999998 
0.00000000099999999985 0.00000000099999999985 0.99999999699999986280 0.00000000099999999985 
0.00000000099999999987 0.00000000099999999987 0.99999999699999986280 0.00000000099999999987 
0.89777069073835313873 0.08736612767001916691 0.00000000099999999999 0.01486318059162790133 
0.00000000099999999995 0.99999999700000008485 0.00000000099999999995 0.00000000099999999995 
0.00000000099999999989 0.00000000099999999989 0.00000000099999999989 0.99999999700000008485 
0.00000000099999999996 0.99999999700000008485 0.00000000099999999996 0.00000000099999999996 
0.95663809176673730850 0.04216451796367472193 0.00119738926958791675 0.00000000100000000000 
0.00000000099999999984 0.00000000099999999984 0.99999999699999997382 0.00000000099999999984 
0.00000000099999999985 0.00000000099999999985 0.00000000099999999985 0.99999999699999997382 
0.00000000099999999987 0.00000000099999999987 0.99999999699999986280 0.00000000099999999987 
0.97255831121144720175 0.00259092264320964511 0.00320341835574135128 0.02164734778960187428 
0.00000000099999999995 0.99999999700000008485 0.00000000099999999995 0.00000000099999999995 
0.00000000099999999996 0.99999999699999997382 0.00000000099999999996 0.00000000099999999996 
0.75922721419699834566 0.23615709660122094493 0.00000000099999999999 0.00461568820178076718 
0.96872134646887597675 0.00637147489917140857 0.00000000100000000000 0.02490717763195260046 
0.98512108700865086419 0.01487824267980799274 0.00000000099999999999 0.00000066931154110373 
0.97103009974695086992 0.02896989825304915889 0.00000000099999999999 0.00000000099999999999 
0.99670309439119797457 0.00069691420552219928 0.00000000100000000000 0.00259999040327971945 
0.99999999699999997382 0.00000000099999999998 0.00000000099999999998 0.00000000099999999998 
0.98408417195269859423 0.01512587699800605270 0.00000000099999999999 0.00078995004929545583 
0.97593582210019880208 0.01343280291169558077 0.00000000099999999999 0.01063137398810560554 
0.95793625378709157392 0.04206369906963695199 0.00000000222287916925 0.00000004492039230285 
0.00000000099999999996 0.99999999700000008485 0.00000000099999999996 0.00000000099999999996 
0.00003024317459192789 0.99996975482540795266 0.00000000099999999998 0.00000000099999999998 
0.00000000099999999991 0.00000000099999999991 0.99999999699999986280 0.00000000099999999991 
0.00000000099999999998 0.99999999699999997382 0.00000000099999999998 0.00000000099999999998 
0.00000000196786465476 0.99999999603213529653 0.00000000099999999998 0.00000000099999999998 
0.96189360710594129511 0.02761986153036412317 0.00000000099999999999 0.01048653036369458919 
0.00000000099999999982 0.00000000099999999982 0.99999999699999986280 0.00000000099999999982 
0.99171306291819449896 0.00000000457043103853 0.00000000100000000000 0.00828693151137441762 
0.97011285417087123051 0.02143494217217409292 0.00000000099999999999 0.00845220265695471352 
0.98305251622672396028 0.00490200303562563812 0.00201071233417543472 0.01003476840347495951 
0.96378136953652893126 0.02919502044493374471 0.00000000100000000000 0.00702360901853723522 
0.99195996866250835122 0.00710160538064441571 0.00045967636617526574 0.00047874959067190954 
0.95723969481785287083 0.04264943184171401946 0.00000008609903830470 0.00011078724139474565 
0.98885976684261667202 0.00209678386659752558 0.00000000100000000000 0.00904344829078568106 
0.97201096796954933321 0.01673991539476765711 0.00000000100000000000 0.01124911563568302929 
0.94706027035041262518 0.01644690121202434241 0.00442974467727191932 0.03206308376029117641 
0.97700713087087787123 0.00794481250653218327 0.00000000099999999999 0.01504805562259002409 
0.99915134471903677138 0.00084865328096318153 0.00000000099999999999 0.00000000099999999999 
0.94301900632288970794 0.02730044387530386474 0.00096544592971007216 0.02871510387209645285 
0.98589991456558678795 0.00000000099999999999 0.00000000099999999999 0.01410008343441328596 
0.98430793553011286523 0.01505659345613406461 0.00000000100000000000 0.00063547001375299675 
0.99660725012881001827 0.00190576498477799299 0.00000000099999999999 0.00148698388641189646 
0.96222797764556788902 0.03777202035443204264 0.00000000099999999999 0.00000000099999999999 
0.97007805762106069647 0.01896461575848983061 0.00000000100000000000 0.01095732562044944396 
0.95531605248832618393 0.04468394551167389345 0.00000000099999999999 0.00000000099999999999 
0.99036522361553414040 0.00771904837933413881 0.00000000100000000000 0.00191572700513179244 
0.96806281741758526405 0.02952733331073711248 0.00000000099999999999 0.00240984827167777622 
0.89678967506717299774 0.02806574294020624041 0.06802573946719552012 0.00711884252542522526 
0.99247402743271262437 0.00752597056728734806 0.00000000099999999999 0.00000000099999999999 
0.97804698162771686043 0.02195301637228307470 0.00000000099999999998 0.00000000099999999998 
0.96913892912591714790 0.03086056669152711582 0.00000000099999999998 0.00000050318255565710 
0.97825243447737186830 0.00246309887985463874 0.00000000099999999999 0.01928446564277340458 
0.98168187162189934902 0.01831812637810075611 0.00000000099999999998 0.00000000099999999998 
0.98008186130929375590 0.00777842141359083236 0.00362280401751716163 0.00851691325959829174 
0.97542006937834069280 0.01571584357127865650 0.00000000099999999999 0.00886408605038071715 
0.99701272182200795235 0.00000000404703592618 0.00000000099999999999 0.00298727313095618549 
0.96242297935496323724 0.03757701864503665279 0.00000000099999999998 0.00000000099999999998 
0.00000000099999999996 0.99999999700000008485 0.00000000099999999996 0.00000000099999999996 
0.00000001514783351615 0.99999998285216651350 0.00000000099999999998 0.00000000099999999998 
0.00000000099999999988 0.00000000099999999988 0.99999999699999986280 0.00000000099999999988 
0.00000000099999999985 0.00000000099999999985 0.00000000099999999985 0.99999999699999997382 
0.04629280690211270283 0.91391002731261983261 0.00000000100000000000 0.03979716478526758305 
0.98270526651602729817 0.01729473148397263349 0.00000000099999999998 0.00000000099999999998 
0.96316995121552806403 0.03223419076053650467 0.00000000422987862097 0.00459585379405682507 
0.00000000099999999999 0.99604376443591335910 0.00000000099999999999 0.00395623356408661767 
0.97701410612590922078 0.02298589187409074558 0.00000000099999999999 0.00000000099999999999 
0.98136786009735854641 0.00340004645109597166 0.00000000099999999998 0.01523209245154555531 
0.99385984239337454849 0.00000000099999999999 0.00000000099999999999 0.00614015560662537103 
0.00000000099999999984 0.00000000099999999984 0.99999999699999997382 0.00000000099999999984 
0.00000000099999999985 0.00000000099999999985 0.99999999699999986280 0.00000000099999999985 
0.00000000099999999982 0.00000000099999999982 0.99999999699999986280 0.00000000099999999982 
0.00000000099999999983 0.00000000099999999983 0.99999999699999997382 0.00000000099999999983 
0.00000000099999999983 0.00000000099999999983 0.99999999699999986280 0.00000000099999999983 
0.00000000099999999998 0.99999999699999997382 0.00000000099999999998 0.00000000099999999998 
0.97943082995399510793 0.00591831714769896870 0.00000000100000000000 0.01465085189830587185 
0.00000000099999999983 0.00000000099999999983 0.99999999699999986280 0.00000000099999999983 
0.00000000099999999985 0.00000000099999999985 0.99999999699999997382 0.00000000099999999985 
0.00000000099999999985 0.00000000099999999985 0.00000000099999999985 0.99999999699999997382 
0.00000000099999999985 0.00000000099999999985 0.00000000099999999985 0.99999999699999997382 
0.99997037375259445469 0.00002962424740565600 0.00000000099999999999 0.00000000099999999999 
0.00000000099999999984 0.00000000099999999984 0.99999999699999997382 0.00000000099999999984 
0.97935901000103586789 0.02057381480530394435 0.00006717091842242463 0.00000000427523773648 
0.99759436317031124908 0.00000000115631977055 0.00000000099999999999 0.00240563467336885094 
0.03846716307443331928 0.96153283492556662626 0.00000000099999999998 0.00000000099999999998 
0.98447889865617921323 0.01546846971235502771 0.00000000099999999999 0.00005263063146577962 
0.00000000099999999995 0.99999999700000008485 0.00000000099999999995 0.00000000099999999995 
0.96480840725332495111 0.02630890977170591283 0.00000000099999999999 0.00888268197496922679 
0.00000000099999999995 0.99999999700000008485 0.00000000099999999995 0.00000000099999999995 
0.96286278014181070350 0.01663650139430905908 0.00000000100000000000 0.02050071746388010957 
0.98368633546230854758 0.00014094498000316599 0.00000000100000000000 0.01617271855768817948 
0.00000000099999999986 0.00000000099999999986 0.99999999699999997382 0.00000000099999999986 
0.00000000099999999996 0.99999999700000008485 0.00000000099999999996 0.00000000099999999996 
0.00000000099999999983 0.00000000099999999983 0.99999999699999997382 0.00000000099999999983 
0.00000000099999999983 0.00000000099999999983 0.99999999699999997382 0.00000000099999999983 
0.98553013836292924221 0.01319808288234393910 0.00000000100000000000 0.00127177775472692113 
0.96717328545969549758 0.03226139214205817063 0.00000000099999999999 0.00056532139824640702 
0.98826846532610101992 0.01173153267389887532 0.00000000099999999998 0.00000000099999999998 
0.98853507397394457801 0.00525590445850681372 0.00000000099999999999 0.00620902056754871288 
0.97349834027115167423 0.01068766856284107843 0.00000000099999999999 0.01581399016600713164 
0.96694384736575977879 0.02242807283647126754 0.00000000099999999999 0.01062807879776891430 
0.99999985552492309804 0.00000000099999999999 0.00000000099999999999 0.00000014247507694851 
0.00201625905100864897 0.99798373894899139458 0.00000000099999999998 0.00000000099999999998 
0.99984314596624723759 0.00000721738063233564 0.00000000099999999999 0.00014963565312036824 
0.00000000099999999983 0.00000000099999999983 0.99999999699999997382 0.00000000099999999983 
0.99375259243690949873 0.00289116136985337422 0.00000000100000000000 0.00335624519323714709 
0.00000000099999999994 0.00000000099999999994 0.99999999699999986280 0.00000000099999999994 
0.00000000099999999985 0.00000000099999999985 0.99999999699999986280 0.00000000099999999985 
0.97170989011255659573 0.02827039195893120763 0.00000000099999999999 0.00001971692851214347 
0.98732619662732967747 0.00000000099999999999 0.00000000099999999999 0.01267380137267029409 
0.97548929452953203612 0.02450607345378582463 0.00000463101668196854 0.00000000100000000000 
0.00000000099999999987 0.00000000099999999987 0.99999999699999986280 0.00000000099999999987 
0.00000000099999999996 0.99999999700000008485 0.00000000099999999996 0.00000000099999999996 
0.00000000099999999996 0.99999999700000008485 0.00000000099999999996 0.00000000099999999996 
0.00000000099999999985 0.00000000099999999985 0.99999999699999986280 0.00000000099999999985 
0.97865534734341363965 0.01121362767714231649 0.00000000100000000000 0.01013102397944405826 
0.93983986950351172673 0.04410126237510772484 0.00000000100000000000 0.01605886712138050731 
0.00000000099999999986 0.00000000099999999986 0.99999999699999986280 0.00000000099999999986 
0.97961820646836272886 0.00954691684076228869 0.00000000099999999999 0.01083487569087496043 
0.00000000099999999995 0.99999999699999997382 0.00000000099999999995 0.00000000099999999995 
0.54450124131463584209 0.23680982181190438074 0.10675051997146560445 0.11193841690199404781 
0.96325747478493450870 0.03216141338117618764 0.00458111083388929724 0.00000000100000000000 
0.94586886260983216168 0.03813016760826579143 0.00000000099999999999 0.01600096878190207170 
0.97835088277645709809 0.00323305163023774114 0.00000000099999999999 0.01841606459330522721 
0.98499275960206189584 0.00029196258089812967 0.00000000099999999999 0.01471527681704015017 
0.99396688388746523568 0.00000000099999999999 0.00000000099999999999 0.00603311411253475236 
0.98880893902316346900 0.01119105897683646614 0.00000000099999999999 0.00000000099999999999 
0.97293555841464596234 0.01057980963222779347 0.00000000099999999999 0.01648463095312631410 
0.95663255141230285616 0.02680300338422747855 0.00832917537403195761 0.00823526982943763308 
0.00000000099999999997 0.99999999700000008485 0.00000000099999999997 0.00000000099999999997 
0.96667844937143632134 0.02290260668131291477 0.00000000099999999999 0.01041894294725081299 
0.98980908735047479219 0.00000000113988195026 0.00000000099999999999 0.01019091050964333021 
0.94469016977131392565 0.04974744712073738556 0.00000000100000000000 0.00556238210794875350 
0.97851211351049827147 0.02148788448950166713 0.00000000099999999999 0.00000000099999999999 
0.95466183410663107978 0.03736667703011471720 0.00242613964218909217 0.00554534922106511476 
0.99943469078641655745 0.00000204382807141635 0.00000000099999999999 0.00056326438551203154 
0.97871858440453796124 0.01902958821507344175 0.00000000100000000000 0.00225182638038874975 
0.00186657333565217257 0.99813342466434784583 0.00000000099999999998 0.00000000099999999998 
0.95527172266642546017 0.02385623433680169464 0.00000000099999999999 0.02087204199677296021 
0.97614975837458362040 0.01020351929232709773 0.00000000099999999999 0.01364672133308928066 
0.97402797513581707012 0.01465537363513874300 0.01109827191896137211 0.00021837931008287327 
0.00000004334410442425 0.99999995465589563981 0.00000000099999999998 0.00000000099999999998 
0.95103811277769956245 0.02968924502951103550 0.01927252744656399522 0.00000011474622533272 
0.97413354459210843572 0.01331355314407726281 0.00000000100000000000 0.01255290126381426036 
0.50611605434420525729 0.48196006921927486699 0.00000000099999999999 0.01192387543651981727 
0.96956055134197438594 0.03043944665802569144 0.00000000099999999998 0.00000000099999999998 
0.00000000099999999986 0.00000000099999999986 0.99999999699999986280 0.00000000099999999986 
0.95907175183386661477 0.02114549253847139432 0.00000000099999999999 0.01978275462766202961 
0.96245296415219117048 0.02967601544065862768 0.00000000100000000000 0.00787101940715012605 
