0.00000000099999999982 0.00000000099999999982 0.00000000099999999982 0.99999999000000006077 0.00000000099999999982 0.00000000099999999982 0.00000000099999999982 0.00000000099999999982 0.00000000099999999982 0.00000000099999999982 0.00000000099999999982 
0.00000000099999999978 0.00000000099999999978 0.00000000099999999978 0.00000000099999999978 0.00000000099999999978 0.00000000099999999978 0.00000000099999999978 0.00000000099999999978 0.99999998999999994975 0.00000000099999999978 0.00000000099999999978 
0.00000000099999999991 0.00000000099999999991 0.00000000099999999991 0.00000000099999999991 0.47823599599132132765 0.00000000099999999991 0.00000000099999999991 0.00000000099999999991 0.52176399500867864933 0.00000000099999999991 0.00000000099999999991 
0.00000000099999999998 0.18694822060063481795 0.00000000099999999998 0.12560876720798147543 0.03827033976981594754 0.36157455403122945592 0.00000000099999999998 0.00000000099999999998 0.00000000099999999998 0.09055879392479275480 0.19703931946554556487 
0.09225041196189212589 0.31039433397934579340 0.00000000099999999998 0.13303090219295213292 0.00000000099999999998 0.17906949592730603271 0.00000000099999999998 0.00000000099999999998 0.00000000099999999998 0.08399067584374074469 0.20126417509476315915 
0.00000000099999999997 0.13840490734884694501 0.00000000099999999997 0.16556734809520676222 0.02399263061354420939 0.29877229840874863775 0.00000000099999999997 0.00000000099999999997 0.00000000099999999997 0.22956435856277232488 0.14369845197088107480 
0.00000000099999999987 0.00000000099999999987 0.00000000099999999987 0.00000000099999999987 0.99999999000000017180 0.00000000099999999987 0.00000000099999999987 0.00000000099999999987 0.00000000099999999987 0.00000000099999999987 0.00000000099999999987 
0.00000000099999999984 0.00000000099999999984 0.00000000099999999984 0.00000000099999999984 0.99999999000000017180 0.00000000099999999984 0.00000000099999999984 0.00000000099999999984 0.00000000099999999984 0.00000000099999999984 0.00000000099999999984 
0.00000000099999999992 0.00000000099999999992 0.00000000099999999992 0.00000000099999999992 0.00000000099999999992 0.99999999000000006077 0.00000000099999999992 0.00000000099999999992 0.00000000099999999992 0.00000000099999999992 0.00000000099999999992 
0.00000000099999999992 0.00000000099999999992 0.00000000099999999992 0.00000000099999999992 0.53556897761864874496 0.00000000099999999992 0.00000000099999999992 0.00000000099999999992 0.46443101338135145406 0.00000000099999999992 0.00000000099999999992 
0.00000000099999999991 0.99999999000000017180 0.00000000099999999991 0.00000000099999999991 0.00000000099999999991 0.00000000099999999991 0.00000000099999999991 0.00000000099999999991 0.00000000099999999991 0.00000000099999999991 0.00000000099999999991 
0.05484125430986842853 0.23683602041185425335 0.00000000099999999997 0.24402806008690794415 0.00000000099999999997 0.24203653757363061128 0.00000000099999999997 0.00000000099999999997 0.01685125694720536818 0.00000000099999999997 0.20540686567053348388 
0.08380291148583308980 0.16204327828826139979 0.00000000099999999999 0.00000066888239214593 0.00000000099999999999 0.37279022547014306621 0.00000000099999999999 0.00000000099999999999 0.00000000099999999999 0.11906382632915776809 0.26229908454421263508 
0.09503227864505026101 0.42576471288704303975 0.00000000099999999998 0.24186775821347991644 0.00000000099999999998 0.00000000099999999998 0.00605017856363121095 0.00000000099999999998 0.00000000099999999998 0.23128504367426117039 0.00000002301653452898 
0.00000000099999999995 0.55588248559624997558 0.00000000099999999995 0.44411750540375027896 0.00000000099999999995 0.00000000099999999995 0.00000000099999999995 0.00000000099999999995 0.00000000099999999995 0.00000000099999999995 0.00000000099999999995 
0.04669468516282852116 0.22672469691955979276 0.00000000099999999999 0.09233965995904169777 0.05320524873510372454 0.27976960817095597456 0.02603132608795929309 0.00000000099999999999 0.00000000099999999999 0.16272284180195303871 0.11251193016259786184 
0.00000000099999999985 0.99999999000000028282 0.00000000099999999985 0.00000000099999999985 0.00000000099999999985 0.00000000099999999985 0.00000000099999999985 0.00000000099999999985 0.00000000099999999985 0.00000000099999999985 0.00000000099999999985 
0.00000000099999999995 0.00000000099999999995 0.00000000099999999995 0.00000000099999999995 0.00000000099999999995 0.64515180047747222591 0.00000000099999999995 0.00000000099999999995 0.00000000099999999995 0.35484819052252786209 0.00000000099999999995 
0.00000000099999999999 0.00000000362196838013 0.00000000099999999999 0.17067150342505116312 0.00000000099999999999 0.41904375422602790913 0.00000000099999999999 0.00000000099999999999 0.00000000099999999999 0.00000003475581758304 0.41028469797113509276 
0.00000000099999999995 0.00001744246762599701 0.00000000099999999995 0.24260570060333797038 0.00000000099999999995 0.33846957267536270653 0.00000000099999999995 0.00000000099999999995 0.00000000099999999995 0.00000000099999999995 0.41890727725367343792 
0.00000000099999999997 0.00000000099999999997 0.00000000099999999997 0.21925332675045883235 0.00000000099999999997 0.34512397727009769266 0.00000000099999999997 0.00000000099999999997 0.00000000099999999997 0.16157478306605188578 0.27404790591339178718 
0.00000000099999999989 0.00000000099999999989 0.00000000099999999989 0.00000000099999999989 0.99999999000000006077 0.00000000099999999989 0.00000000099999999989 0.00000000099999999989 0.00000000099999999989 0.00000000099999999989 0.00000000099999999989 
0.00000000099999999990 0.00000000099999999990 0.00000000099999999990 0.00000000099999999990 0.00000000099999999990 0.99999999000000006077 0.00000000099999999990 0.00000000099999999990 0.00000000099999999990 0.00000000099999999990 0.00000000099999999990 
0.99999999000000017180 0.00000000099999999937 0.00000000099999999937 0.00000000099999999937 0.00000000099999999937 0.00000000099999999937 0.00000000099999999937 0.00000000099999999937 0.00000000099999999937 0.00000000099999999937 0.00000000099999999937 
0.00000000099999999987 0.00000000099999999987 0.00000000099999999987 0.00000000099999999987 0.00000000099999999987 0.00000000099999999987 0.00000000099999999987 0.00000000099999999987 0.00000000099999999987 0.00000000099999999987 0.99999998999999994975 
0.02990019349233997981 0.18211734374084972976 0.00000000099999999998 0.16933465959349441876 0.00000000099999999998 0.24025403899388569906 0.00000000099999999998 0.00000000099999999998 0.00000000099999999998 0.06416050011084366289 0.31423325906858651235 
0.00000000099999999956 0.00000000099999999956 0.00000000099999999956 0.00000000099999999956 0.00000000099999999956 0.00000000099999999956 0.99999999000000006077 0.00000000099999999956 0.00000000099999999956 0.00000000099999999956 0.00000000099999999956 
0.00000000099999999952 0.00000000099999999952 0.00000000099999999952 0.00000000099999999952 0.00000000099999999952 0.00000000099999999952 0.99999999000000006077 0.00000000099999999952 0.00000000099999999952 0.00000000099999999952 0.00000000099999999952 
0.00000000099999999982 0.00000000099999999982 0.00000000099999999982 0.00000000099999999982 0.00000000099999999982 0.00000000099999999982 0.00000000099999999982 0.00000000099999999982 0.00000000099999999982 0.99999999000000006077 0.00000000099999999982 
0.99999999000000028282 0.00000000099999999967 0.00000000099999999967 0.00000000099999999967 0.00000000099999999967 0.00000000099999999967 0.00000000099999999967 0.00000000099999999967 0.00000000099999999967 0.00000000099999999967 0.00000000099999999967 
0.04106718408017227817 0.00000000099999999996 0.00000000099999999996 0.16153985271302789828 0.00000000099999999996 0.42716064100179285123 0.00000000099999999996 0.00000000099999999996 0.02087585043678968910 0.34641021684396261504 0.00294624992425468381 
0.24357646506960481392 0.00000000099999999978 0.00000000099999999978 0.00000000099999999978 0.00461809005410448916 0.00000000099999999978 0.00000000099999999978 0.00000000099999999978 0.75180543687629075578 0.00000000099999999978 0.00000000099999999978 
0.63854438340627883708 0.00000000099999999961 0.00000000099999999961 0.00000000099999999961 0.00000000099999999961 0.00000000099999999961 0.36145560759372130644 0.00000000099999999961 0.00000000099999999961 0.00000000099999999961 0.00000000099999999961 
0.00000000099999999991 0.00000000099999999991 0.00000000099999999991 0.00000000099999999991 0.00000000099999999991 0.99999999000000006077 0.00000000099999999991 0.00000000099999999991 0.00000000099999999991 0.00000000099999999991 0.00000000099999999991 
0.00000000099999999935 0.00000000099999999935 0.99999999000000006077 0.00000000099999999935 0.00000000099999999935 0.00000000099999999935 0.00000000099999999935 0.00000000099999999935 0.00000000099999999935 0.00000000099999999935 0.00000000099999999935 
0.00000000099999999926 0.00000000099999999926 0.99999999000000017180 0.00000000099999999926 0.00000000099999999926 0.00000000099999999926 0.00000000099999999926 0.00000000099999999926 0.00000000099999999926 0.00000000099999999926 0.00000000099999999926 
0.00000000099999999934 0.00000000099999999934 0.00000000099999999934 0.00000000099999999934 0.00000000099999999934 0.00000000099999999934 0.00000000099999999934 0.99999999000000006077 0.00000000099999999934 0.00000000099999999934 0.00000000099999999934 
0.00000000099999999958 0.00000000099999999958 0.00000000099999999958 0.00000000099999999958 0.00000000099999999958 0.00000000099999999958 0.99999999000000006077 0.00000000099999999958 0.00000000099999999958 0.00000000099999999958 0.00000000099999999958 
0.00000000099999999952 0.00000000099999999952 0.00000000099999999952 0.00000000099999999952 0.00000000099999999952 0.00000000099999999952 0.99999999000000006077 0.00000000099999999952 0.00000000099999999952 0.00000000099999999952 0.00000000099999999952 
0.00000000099999999997 0.38755110191329106284 0.00000000099999999997 0.12182175536805074645 0.00000000099999999997 0.22270642233785525876 0.00000000099999999997 0.00000000099999999997 0.00000000099999999997 0.11124505220843661224 0.15667566217236655879 
0.00000000099999999994 0.00000000099999999994 0.00000000099999999994 0.00000000099999999994 0.50152131253266540867 0.00000000099999999994 0.00000000099999999994 0.00000000099999999994 0.49847867846733462383 0.00000000099999999994 0.00000000099999999994 
0.00000000099999999955 0.00000000099999999955 0.00000000099999999955 0.00000000099999999955 0.00000000099999999955 0.00000000099999999955 0.99999999000000006077 0.00000000099999999955 0.00000000099999999955 0.00000000099999999955 0.00000000099999999955 
0.00000000099999999987 0.99999999000000028282 0.00000000099999999987 0.00000000099999999987 0.00000000099999999987 0.00000000099999999987 0.00000000099999999987 0.00000000099999999987 0.00000000099999999987 0.00000000099999999987 0.00000000099999999987 
0.00000000099999999978 0.00000000099999999978 0.00000000099999999978 0.00000000099999999978 0.00000000099999999978 0.00000000099999999978 0.00000000099999999978 0.00000000099999999978 0.99999998999999994975 0.00000000099999999978 0.00000000099999999978 
0.00000000099999999960 0.00000000099999999960 0.00000000099999999960 0.00000000099999999960 0.00000000099999999960 0.00000000099999999960 0.99999999000000006077 0.00000000099999999960 0.00000000099999999960 0.00000000099999999960 0.00000000099999999960 
0.00000000099999999988 0.99999999000000017180 0.00000000099999999988 0.00000000099999999988 0.00000000099999999988 0.00000000099999999988 0.00000000099999999988 0.00000000099999999988 0.00000000099999999988 0.00000000099999999988 0.00000000099999999988 
0.00000000099999999955 0.00000000099999999955 0.00000000099999999955 0.00000000099999999955 0.00000000099999999955 0.00000000099999999955 0.99999999000000006077 0.00000000099999999955 0.00000000099999999955 0.00000000099999999955 0.00000000099999999955 
0.00000000099999999985 0.00000000099999999985 0.00000000099999999985 0.00000000099999999985 0.99999999000000017180 0.00000000099999999985 0.00000000099999999985 0.00000000099999999985 0.00000000099999999985 0.00000000099999999985 0.00000000099999999985 
0.00000000099999999981 0.00000000099999999981 0.00000000099999999981 0.00000000099999999981 0.99999999000000006077 0.00000000099999999981 0.00000000099999999981 0.00000000099999999981 0.00000000099999999981 0.00000000099999999981 0.00000000099999999981 
0.00000000099999999949 0.00000000099999999949 0.00000000099999999949 0.00000000099999999949 0.00000000099999999949 0.00000000099999999949 0.99999998999999994975 0.00000000099999999949 0.00000000099999999949 0.00000000099999999949 0.00000000099999999949 
0.00000000099999999953 0.00000000099999999953 0.00000000099999999953 0.00000000099999999953 0.00000000099999999953 0.00000000099999999953 0.99999999000000006077 0.00000000099999999953 0.00000000099999999953 0.00000000099999999953 0.00000000099999999953 
0.00000000099999999979 0.00000000099999999979 0.00000000099999999979 0.00000000099999999979 0.00000000099999999979 0.00000000099999999979 0.00000000099999999979 0.00000000099999999979 0.99999998999999994975 0.00000000099999999979 0.00000000099999999979 
0.00000000099999999986 0.00000000099999999986 0.00000000099999999986 0.00000000099999999986 0.99999999000000006077 0.00000000099999999986 0.00000000099999999986 0.00000000099999999986 0.00000000099999999986 0.00000000099999999986 0.00000000099999999986 
0.00000000099999999989 0.00000000099999999989 0.00000000099999999989 0.00000000099999999989 0.99999999000000017180 0.00000000099999999989 0.00000000099999999989 0.00000000099999999989 0.00000000099999999989 0.00000000099999999989 0.00000000099999999989 
0.00000000099999999961 0.00000000099999999961 0.00000000099999999961 0.00000000099999999961 0.00000000099999999961 0.00000000099999999961 0.99999998999999994975 0.00000000099999999961 0.00000000099999999961 0.00000000099999999961 0.00000000099999999961 
0.04142726725935304971 0.23577609242025823755 0.00000000099999999999 0.00000000099999999999 0.00000000099999999999 0.39407503651020492352 0.01175565231813280494 0.00000000099999999999 0.04379229830718506244 0.11040638646580124005 0.16276726271906472032 
0.00000000099999999982 0.00000000099999999982 0.00000000099999999982 0.99999999000000006077 0.00000000099999999982 0.00000000099999999982 0.00000000099999999982 0.00000000099999999982 0.00000000099999999982 0.00000000099999999982 0.00000000099999999982 
0.00000000099999999980 0.00000000099999999980 0.00000000099999999980 0.99999999000000006077 0.00000000099999999980 0.00000000099999999980 0.00000000099999999980 0.00000000099999999980 0.00000000099999999980 0.00000000099999999980 0.00000000099999999980 
0.00000000099999999991 0.00000000099999999991 0.00000000099999999991 0.00000000099999999991 0.00000000099999999991 0.99999999000000006077 0.00000000099999999991 0.00000000099999999991 0.00000000099999999991 0.00000000099999999991 0.00000000099999999991 
0.00000000099999999992 0.00000000099999999992 0.00000000099999999992 0.00000000099999999992 0.50208027348028416714 0.00000000099999999992 0.00000000099999999992 0.00000000099999999992 0.49791971751971592086 0.00000000099999999992 0.00000000099999999992 
0.04626642160365790346 0.00000000099999999996 0.00000000099999999996 0.00000000536658093419 0.00000000099999999996 0.00000000099999999996 0.00000000099999999996 0.00000000099999999996 0.00000000099999999996 0.35067676593103797034 0.60305680009872320024 
0.00000000099999999934 0.00000000099999999934 0.99999999000000017180 0.00000000099999999934 0.00000000099999999934 0.00000000099999999934 0.00000000099999999934 0.00000000099999999934 0.00000000099999999934 0.00000000099999999934 0.00000000099999999934 
0.00000000099999999996 0.00000000099999999996 0.00000000099999999996 0.21711788547129765026 0.00000000099999999996 0.34754916940137070558 0.00000000099999999996 0.00000000099999999996 0.00148751358012683783 0.00002618068228378876 0.43381924486492101645 
0.00000000099999999941 0.00000000099999999941 0.00000000099999999941 0.00000000099999999941 0.00000000099999999941 0.00000000099999999941 0.00000000099999999941 0.99999999000000006077 0.00000000099999999941 0.00000000099999999941 0.00000000099999999941 
0.11562821861503098930 0.18699103388578944274 0.00000000099999999997 0.00000000099999999997 0.01013237272739267794 0.37087092035810370616 0.00000000099999999997 0.00000000099999999997 0.00002552980339611607 0.00000000099999999997 0.31635191961028696905 
0.00000000099999999940 0.00000000099999999940 0.00000000099999999940 0.00000000099999999940 0.00000000099999999940 0.00000000099999999940 0.00000000099999999940 0.99999998999999994975 0.00000000099999999940 0.00000000099999999940 0.00000000099999999940 
0.00000000099999999997 0.09415206227599179356 0.00000000099999999997 0.02373069852772560079 0.00000000099999999997 0.33342252424332113891 0.00000000099999999997 0.00000000099999999997 0.01041869692945056498 0.23163443456873553106 0.30664157845477524322 
0.00000000099999999987 0.00000000099999999987 0.00000000099999999987 0.00000000099999999987 0.00000000099999999987 0.00000000099999999987 0.00000000099999999987 0.00000000099999999987 0.00000000099999999987 0.00000000099999999987 0.99999999000000006077 
0.00000000099999999976 0.00000000099999999976 0.00000000099999999976 0.00000000099999999976 0.00000000099999999976 0.00000000099999999976 0.00000000099999999976 0.00000000099999999976 0.99999999000000006077 0.00000000099999999976 0.00000000099999999976 
0.00000000099999999993 0.43750764901565258880 0.00000000099999999993 0.00000000099999999993 0.00000000099999999993 0.56249234198434738818 0.00000000099999999993 0.00000000099999999993 0.00000000099999999993 0.00000000099999999993 0.00000000099999999993 
0.00000000099999999943 0.00000000099999999943 0.00000000099999999943 0.00000000099999999943 0.00000000099999999943 0.00000000099999999943 0.00000000099999999943 0.99999999000000006077 0.00000000099999999943 0.00000000099999999943 0.00000000099999999943 
0.00000000099999999944 0.00000000099999999944 0.00000000099999999944 0.00000000099999999944 0.00000000099999999944 0.00000000099999999944 0.00000000099999999944 0.99999999000000006077 0.00000000099999999944 0.00000000099999999944 0.00000000099999999944 
0.00000000099999999998 0.16437921450368853105 0.00000000099999999998 0.24795473946374207985 0.08816272010634575163 0.23722873686634954327 0.00318737578750721232 0.00000000099999999998 0.00000000099999999998 0.06146688695823038229 0.19762032231413634298 
0.00000000099999999991 0.00000000099999999991 0.00000000099999999991 0.00000000099999999991 0.66766127057381918775 0.00000000099999999991 0.00000000099999999991 0.00000000099999999991 0.33233872042618095577 0.00000000099999999991 0.00000000099999999991 
0.00000000099999999963 0.00000000099999999963 0.00000000099999999963 0.00000000099999999963 0.00000000099999999963 0.00000000099999999963 0.99999998999999994975 0.00000000099999999963 0.00000000099999999963 0.00000000099999999963 0.00000000099999999963 
0.00000000099999999977 0.00000000099999999977 0.00000000099999999977 0.00000000099999999977 0.00000000099999999977 0.00000000099999999977 0.00000000099999999977 0.00000000099999999977 0.99999999000000006077 0.00000000099999999977 0.00000000099999999977 
0.00000000099999999999 0.11702640676434647449 0.00000000099999999999 0.01472824036640738195 0.00000000099999999999 0.54249262500875705673 0.00000000099999999999 0.00000000099999999999 0.04715502836389551949 0.16022493870711101982 0.11837275578948272536 
0.00000000099999999946 0.00000000099999999946 0.37211649713346289792 0.00000000099999999946 0.00000000099999999946 0.00000000099999999946 0.00000000099999999946 0.62788349386653707906 0.00000000099999999946 0.00000000099999999946 0.00000000099999999946 
0.00000000099999999945 0.00000000099999999945 0.00000000099999999945 0.00000000099999999945 0.00000000099999999945 0.00000000099999999945 0.99999998999999994975 0.00000000099999999945 0.00000000099999999945 0.00000000099999999945 0.00000000099999999945 
0.00000000099999999955 0.00000000099999999955 0.56733637404427028628 0.00000000099999999955 0.00000000099999999955 0.00000000099999999955 0.00000000099999999955 0.43266361695572969071 0.00000000099999999955 0.00000000099999999955 0.00000000099999999955 
0.00000000099999999982 0.00000000099999999982 0.00000000099999999982 0.99999999000000017180 0.00000000099999999982 0.00000000099999999982 0.00000000099999999982 0.00000000099999999982 0.00000000099999999982 0.00000000099999999982 0.00000000099999999982 
0.00000000099999999981 0.00000000099999999981 0.00000000099999999981 0.00000000099999999981 0.99999999000000006077 0.00000000099999999981 0.00000000099999999981 0.00000000099999999981 0.00000000099999999981 0.00000000099999999981 0.00000000099999999981 
0.00000000099999999978 0.00000000099999999978 0.00000000099999999978 0.00000000099999999978 0.00000000099999999978 0.00000000099999999978 0.00000000099999999978 0.00000000099999999978 0.99999999000000006077 0.00000000099999999978 0.00000000099999999978 
0.04594752848323235134 0.17934269640320366079 0.00000000099999999997 0.00002015868503571500 0.23541546651531153334 0.35241995297044653723 0.00000000099999999997 0.00000000099999999997 0.00000000099999999997 0.18685419093204336249 0.00000000201072696156 
0.00000000099999999995 0.00000000099999999995 0.00000000099999999995 0.99999999000000017180 0.00000000099999999995 0.00000000099999999995 0.00000000099999999995 0.00000000099999999995 0.00000000099999999995 0.00000000099999999995 0.00000000099999999995 
0.00000000099999999997 0.28611256189169892439 0.00000000099999999997 0.08874670953026991826 0.00000084424079047787 0.24303370613177588400 0.00000000099999999997 0.00000000099999999997 0.00014462670058889806 0.01280430579375362379 0.36915724171112218599 
0.00000000099999999996 0.00000000099999999996 0.00000000099999999996 0.00000000099999999996 0.01176291800089887193 0.33479972586126427458 0.00000000099999999996 0.00000000099999999996 0.00000000099999999996 0.28175489354517696539 0.37168245559265977729 
0.00000000099999999992 0.00000000099999999992 0.00000000099999999992 0.00000000099999999992 0.00000000099999999992 0.99999999000000017180 0.00000000099999999992 0.00000000099999999992 0.00000000099999999992 0.00000000099999999992 0.00000000099999999992 
0.07991280289974687923 0.16335471227882258916 0.00000000099999999995 0.11172924268396337844 0.00000000099999999995 0.43448032330268276935 0.00000000099999999995 0.00000000099999999995 0.00000000099999999995 0.21052291283478438699 0.00000000099999999995 
0.00000000099999999996 0.20221901916897558338 0.00000000099999999996 0.26049504863088202011 0.00297889521780358209 0.17911404886475607023 0.00000000099999999996 0.00000000099999999996 0.00000000099999999996 0.20339851431179764574 0.15179446880578517654 
0.00000000099999999995 0.00000000099999999995 0.00000000099999999995 0.37782869189766199458 0.00000000099999999995 0.62217129910233803791 0.00000000099999999995 0.00000000099999999995 0.00000000099999999995 0.00000000099999999995 0.00000000099999999995 
0.00000000099999999998 0.32834710239594200321 0.00000000099999999998 0.00000000099999999998 0.00000000099999999998 0.32921198908785359594 0.00000000099999999998 0.00000000099999999998 0.03593773973550049711 0.00000000099999999998 0.30650316178070396989 
0.00000000099999999978 0.00000000099999999978 0.00000000099999999978 0.00000000099999999978 0.00000000099999999978 0.00000000099999999978 0.00000000099999999978 0.00000000099999999978 0.99999999000000006077 0.00000000099999999978 0.00000000099999999978 
0.00000000099999999997 0.00000018613101968336 0.00000000099999999997 0.00000000099999999997 0.69851561519781868448 0.00000000099999999997 0.00000000099999999997 0.00000000099999999997 0.29984759297545177104 0.00000000099999999997 0.00163659869570973457 
0.00000000099999999960 0.00000000099999999960 0.00000000099999999960 0.00000000099999999960 0.00000000099999999960 0.00000000099999999960 0.00000000099999999960 0.99999999000000006077 0.00000000099999999960 0.00000000099999999960 0.00000000099999999960 
0.00000000099999999994 0.00000000099999999994 0.00000000099999999994 0.00000000099999999994 0.49559625420811220797 0.00000000099999999994 0.00000000099999999994 0.00000000099999999994 0.50440373679188765799 0.00000000099999999994 0.00000000099999999994 
0.00000000099999999994 0.00000000099999999994 0.00000000099999999994 0.03396334183823872255 0.59918687514237167768 0.00000000099999999994 0.00000000099999999994 0.00000000099999999994 0.36684977501938975664 0.00000000099999999994 0.00000000099999999994 
0.00000000099999999998 0.35076853692529413875 0.00000000099999999998 0.31511441116181237998 0.00000106199698005421 0.00901935169771344095 0.00000000463788433462 0.00000000099999999998 0.00000000112554995430 0.00000001511247341768 0.32509661434229220056 
0.00000000099999999930 0.00000000099999999930 0.00000000099999999930 0.00000000099999999930 0.00000000099999999930 0.00000000099999999930 0.00000000099999999930 0.99999999000000006077 0.00000000099999999930 0.00000000099999999930 0.00000000099999999930 
0.00000000099999999992 0.00000000099999999992 0.00000000099999999992 0.00000000099999999992 0.00000000099999999992 0.99999999000000017180 0.00000000099999999992 0.00000000099999999992 0.00000000099999999992 0.00000000099999999992 0.00000000099999999992 
0.00000000099999999998 0.13460238161988363759 0.00000000099999999998 0.11744055172565689982 0.00000000099999999998 0.36700026777775296427 0.00000004980080145520 0.00000000099999999998 0.01608613049555645061 0.22531077218357278835 0.13955984239677571290 
0.00000000099999999994 0.00000000099999999994 0.00000000099999999994 0.31589742479159371724 0.00000000099999999994 0.00000000099999999994 0.00000000099999999994 0.00000000099999999994 0.00000000099999999994 0.00000000099999999994 0.68410256620840614872 
0.00000000099999999990 0.00000000099999999990 0.00000000099999999990 0.00000000099999999990 0.00000000099999999990 0.00000000099999999990 0.00000000099999999990 0.00000000099999999990 0.00000000099999999990 0.00000000099999999990 0.99999999000000006077 
0.00000000099999999989 0.99999999000000028282 0.00000000099999999989 0.00000000099999999989 0.00000000099999999989 0.00000000099999999989 0.00000000099999999989 0.00000000099999999989 0.00000000099999999989 0.00000000099999999989 0.00000000099999999989 
0.08247319114126103190 0.34906557580849195688 0.00000000099999999996 0.00003447425439174761 0.00000000099999999996 0.21407214233846635909 0.00000000099999999996 0.00000000099999999996 0.03690221567275547149 0.31745239578463357866 0.00000000099999999996 
0.00000000099999999997 0.20974370512678419676 0.00000000099999999997 0.17361240088720003572 0.00000000099999999997 0.24210308086177448339 0.00000000099999999997 0.00000000099999999997 0.00000000099999999997 0.00000000099999999997 0.37454080612424150987 
0.00000000099999999998 0.00000000099999999998 0.00000000099999999998 0.00001566759504000104 0.00833889966530120853 0.45620969607363598408 0.00000000099999999998 0.00000000099999999998 0.00000000099999999998 0.24951587432072944162 0.28591985634529332172 
0.00000000099999999997 0.48081571667989320140 0.00000000099999999997 0.00000000099999999997 0.00000000099999999997 0.00000000099999999997 0.01885658186984713602 0.00000000099999999997 0.00000000099999999997 0.00000000099999999997 0.50032769345025940311 
0.00000000099999999995 0.43439357760112001783 0.00000000099999999995 0.00000000099999999995 0.00000000099999999995 0.00000000099999999995 0.00000000099999999995 0.00000000099999999995 0.00000000099999999995 0.56560641339887962609 0.00000000099999999995 
0.00000000099999999983 0.99999999000000017180 0.00000000099999999983 0.00000000099999999983 0.00000000099999999983 0.00000000099999999983 0.00000000099999999983 0.00000000099999999983 0.00000000099999999983 0.00000000099999999983 0.00000000099999999983 
0.00000000099999999988 0.00000000099999999988 0.00000000099999999988 0.00000000099999999988 0.00000000099999999988 0.00000000099999999988 0.00000000099999999988 0.00000000099999999988 0.00000000099999999988 0.00000000099999999988 0.99999998999999994975 
0.00000000099999999996 0.35467424466991187559 0.00000000099999999996 0.08043833511660170021 0.00000000099999999996 0.37024523880257920183 0.00254543679539215740 0.00000000099999999996 0.00000000099999999996 0.19209673861551496143 0.00000000099999999996 
0.00000000099999999985 0.00000000099999999985 0.00000000099999999985 0.00000000099999999985 0.00000000099999999985 0.00000000099999999985 0.00000000099999999985 0.00000000099999999985 0.00000000099999999985 0.00000000099999999985 0.99999998999999994975 
0.00000000099999999993 0.00000000099999999993 0.00000000099999999993 0.00000000099999999993 0.00000000099999999993 0.99999999000000006077 0.00000000099999999993 0.00000000099999999993 0.00000000099999999993 0.00000000099999999993 0.00000000099999999993 
0.06833915952230916468 0.25852635388741002087 0.00000000099999999997 0.19622986260435179573 0.00000000099999999997 0.35250971540149317329 0.00000000099999999997 0.00000000099999999997 0.02471478267984961522 0.00000000099999999997 0.09968012090458636121 
0.00000000099999999998 0.34599073889060816267 0.00000000099999999998 0.17125917052806585716 0.00000000099999999998 0.10469264737673958376 0.00000000099999999998 0.00000000099999999998 0.00861049089595359793 0.19475074485840648819 0.17469620245022629557 
0.05455464977537731464 0.23933768149141318449 0.00000000099999999999 0.15412527930548053368 0.00000000099999999999 0.40238685267593621298 0.00000000099999999999 0.00000000099999999999 0.03290951566355124897 0.11668601608824143157 0.00000000099999999999 
0.06653054073051313522 0.22296702629943557228 0.00000000099999999997 0.00000000099999999997 0.00000000099999999997 0.25271026616293917888 0.00000000099999999997 0.00000000099999999997 0.00000000099999999997 0.23643165359309303852 0.22136050721401909214 
0.00000000099999999995 0.48141405965543504486 0.00000000099999999995 0.00000000099999999995 0.00000000113591524382 0.00000000099999999995 0.00000000099999999995 0.00000000099999999995 0.00000000099999999995 0.20290308454065122956 0.31568284766799836749 
0.10081037199074710520 0.00000000099999999999 0.07372201725735913480 0.33383334872863662524 0.00000000099999999999 0.00034741481763873937 0.00000000099999999999 0.00000000099999999999 0.00000000099999999999 0.00000000099999999999 0.49128684120561855186 
0.00000000099999999996 0.21923921771654553137 0.00000000099999999996 0.21112134395309012369 0.00000000099999999996 0.29528562611220016132 0.00000000099999999996 0.00000000099999999996 0.00000000099999999996 0.00000000099999999996 0.27435380521816427057 
0.07479219748300067194 0.19353760351907042803 0.00000000099999999995 0.20949670321064275957 0.01176934171029779368 0.30381010356775678405 0.00000000099999999995 0.00000000099999999995 0.00000000099999999995 0.20654023742279117859 0.00005380908644041009 
0.12583571627448122965 0.48417078379007100208 0.00000000099999999994 0.00000000207107982380 0.00000000099999999994 0.00000000099999999994 0.00000000099999999994 0.00000000099999999994 0.00000000099999999994 0.00000000099999999994 0.38999349086436813083 
0.04039655656498680053 0.16681650569156220021 0.00000000099999999997 0.27237871822107589947 0.00000000099999999997 0.38870281528085531830 0.00779959580454259779 0.00000000099999999997 0.00000000099999999997 0.00022270537848454385 0.12368309905849249331 
0.08901029113306085927 0.00000000113431710109 0.00000000099999999996 0.14830704154119875304 0.00000000099999999996 0.26282496291794643639 0.00000000099999999996 0.00000000099999999996 0.00000000099999999996 0.19410555302683499268 0.30575214524664179327 
0.14368636497401876539 0.00000000099999999996 0.00000000099999999996 0.00000000099999999996 0.00000000099999999996 0.85631362602598126710 0.00000000099999999996 0.00000000099999999996 0.00000000099999999996 0.00000000099999999996 0.00000000099999999996 
0.01196720381916205854 0.44000753272713838404 0.00000000099999999998 0.00000000099999999998 0.00010820216368764093 0.22850937632258708221 0.00000000099999999998 0.00000000099999999998 0.00000000099999999998 0.14935798583500792258 0.17004969413241705078 
0.00000000099999999994 0.24750045759012553881 0.00000000099999999994 0.00000000099999999994 0.00000000099999999994 0.21770999983051556037 0.00000000099999999994 0.00000000099999999994 0.00000000099999999994 0.00001305951756649206 0.53477647606179223860 
0.00000000099999999996 0.22210916616622763953 0.00000000099999999996 0.00000000099999999996 0.00000000099999999996 0.40669585448371214920 0.00000000099999999996 0.00000000099999999996 0.03497796344230359039 0.00000005186141580288 0.33621695804634077476 
0.00000000099999999990 0.00000000099999999990 0.00000000099999999990 0.00000000099999999990 0.49350389004124101122 0.00000000099999999990 0.00000000099999999990 0.00000000099999999990 0.50649610095875907678 0.00000000099999999990 0.00000000099999999990 
0.00000000099999999988 0.00000000099999999988 0.00000000099999999988 0.00000000099999999988 0.99999999000000006077 0.00000000099999999988 0.00000000099999999988 0.00000000099999999988 0.00000000099999999988 0.00000000099999999988 0.00000000099999999988 
0.00000000099999999948 0.00000000099999999948 0.00000000099999999948 0.00000000099999999948 0.00000000099999999948 0.00000000099999999948 0.00000000099999999948 0.99999999000000006077 0.00000000099999999948 0.00000000099999999948 0.00000000099999999948 
0.00000000099999999947 0.00000000099999999947 0.00000000099999999947 0.00000000099999999947 0.00000000099999999947 0.00000000099999999947 0.99999998999999994975 0.00000000099999999947 0.00000000099999999947 0.00000000099999999947 0.00000000099999999947 
0.05061346656858385640 0.00000000099999999998 0.00000000099999999998 0.04284056065064392044 0.61623257833876932121 0.00000000099999999998 0.03186626467991435230 0.00000000099999999998 0.25844712376208850424 0.00000000099999999998 0.00000000099999999998 
0.00000000099999999981 0.00000000099999999981 0.00000000099999999981 0.99999999000000017180 0.00000000099999999981 0.00000000099999999981 0.00000000099999999981 0.00000000099999999981 0.00000000099999999981 0.00000000099999999981 0.00000000099999999981 
0.00000000099999999995 0.00000000099999999995 0.00000000099999999995 0.00000000099999999995 0.00000000099999999995 0.42344947931304993682 0.00000000099999999995 0.00000000099999999995 0.01161149458681201910 0.00000000099999999995 0.56493901810013802400 
0.00000000099999999989 0.00000000099999999989 0.00000000099999999989 0.00000000099999999989 0.99999999000000006077 0.00000000099999999989 0.00000000099999999989 0.00000000099999999989 0.00000000099999999989 0.00000000099999999989 0.00000000099999999989 
0.01848528753057004925 0.00000000099999999997 0.00000000099999999997 0.19400994551279837630 0.00000000426565747813 0.37234305182734661610 0.00000000099999999997 0.00000000099999999997 0.00049377825824814818 0.00000070203621751233 0.41466722656916205070 
0.04202777991589851797 0.11768702502176353608 0.00000000099999999996 0.14509855548031586059 0.00000000099999999996 0.28290248427964470590 0.00738725010515099180 0.00000000099999999996 0.00000000099999999996 0.08628409147304075266 0.31861280972418559720 
0.05378532504720530405 0.30399006195594829860 0.00000000099999999997 0.00000000099999999997 0.00000000099999999997 0.40999238480989852462 0.00000000099999999997 0.00000000099999999997 0.00000000099999999997 0.23223222118694775151 0.00000000099999999997 
0.00000000099999999945 0.00000000099999999945 0.27049076306523395230 0.00000000099999999945 0.00000000099999999945 0.00000000099999999945 0.00000000099999999945 0.72950922793476602468 0.00000000099999999945 0.00000000099999999945 0.00000000099999999945 
0.00000000099999999939 0.00000000099999999939 0.00000000099999999939 0.00000000099999999939 0.00000000099999999939 0.00000000099999999939 0.00000000099999999939 0.99999998999999994975 0.00000000099999999939 0.00000000099999999939 0.00000000099999999939 
0.00000000099999999938 0.00000000099999999938 0.55185522457737301583 0.00000000099999999938 0.00000000099999999938 0.00000000099999999938 0.00000000099999999938 0.44814476642262701667 0.00000000099999999938 0.00000000099999999938 0.00000000099999999938 
0.00000000099999999941 0.00000000099999999941 0.31492421011333820990 0.00000000099999999941 0.00000000099999999941 0.00000000099999999941 0.00000000099999999941 0.68507578088666154503 0.00000000099999999941 0.00000000099999999941 0.00000000099999999941 
0.00000000099999999943 0.00000000099999999943 0.34231940128132304357 0.00000000099999999943 0.00000000099999999943 0.00000000099999999943 0.00000000099999999943 0.65768058971867682239 0.00000000099999999943 0.00000000099999999943 0.00000000099999999943 
0.00000000099999999995 0.00000000099999999995 0.00000000099999999995 0.00000000099999999995 0.49700750420288342113 0.00000000099999999995 0.00000000099999999995 0.00000000099999999995 0.50299248679711650034 0.00000000099999999995 0.00000000099999999995 
0.05711818032372598108 0.18531563866849409816 0.00000000099999999998 0.29377465605050728792 0.00000000099999999998 0.23005353740827133580 0.00000000099999999998 0.00000000099999999998 0.00000000099999999998 0.09237242909398779567 0.14136555345501367054 
0.00000000099999999942 0.00000000099999999942 0.32306049784025858695 0.00000000099999999942 0.00000000099999999942 0.00000000099999999942 0.00000000099999999942 0.67693949315974133452 0.00000000099999999942 0.00000000099999999942 0.00000000099999999942 
0.00000000099999999942 0.00000000099999999942 0.00000000099999999942 0.00000000099999999942 0.00000000099999999942 0.00000000099999999942 0.00000000099999999942 0.99999999000000006077 0.00000000099999999942 0.00000000099999999942 0.00000000099999999942 
0.00000000099999999945 0.00000000099999999945 0.00000000099999999945 0.00000000099999999945 0.00000000099999999945 0.00000000099999999945 0.99999999000000006077 0.00000000099999999945 0.00000000099999999945 0.00000000099999999945 0.00000000099999999945 
0.00000000099999999945 0.00000000099999999945 0.00000000099999999945 0.00000000099999999945 0.00000000099999999945 0.00000000099999999945 0.99999998999999994975 0.00000000099999999945 0.00000000099999999945 0.00000000099999999945 0.00000000099999999945 
0.00000000099999999979 0.00000000099999999979 0.00000000099999999979 0.00000000099999999979 0.00000000099999999979 0.00000000099999999979 0.00000000099999999979 0.00000000099999999979 0.00000000099999999979 0.99999999000000006077 0.00000000099999999979 
0.00000000099999999939 0.00000000099999999939 0.00000000099999999939 0.00000000099999999939 0.00000000099999999939 0.00000000099999999939 0.00000000099999999939 0.99999999000000006077 0.00000000099999999939 0.00000000099999999939 0.00000000099999999939 
0.00000000099999999983 0.00000000099999999983 0.00000000099999999983 0.99999999000000006077 0.00000000099999999983 0.00000000099999999983 0.00000000099999999983 0.00000000099999999983 0.00000000099999999983 0.00000000099999999983 0.00000000099999999983 
0.00000000099999999994 0.00000000099999999994 0.00000000099999999994 0.00000000099999999994 0.00000000099999999994 0.58731511408860959111 0.00000000099999999994 0.00000000099999999994 0.00000000099999999994 0.41268487691139044138 0.00000000099999999994 
0.00000000099999999990 0.00000000099999999990 0.00000000099999999990 0.00000000099999999990 0.99999999000000006077 0.00000000099999999990 0.00000000099999999990 0.00000000099999999990 0.00000000099999999990 0.00000000099999999990 0.00000000099999999990 
0.00000000099999999996 0.00355690580030709443 0.00000000099999999996 0.14734286106125782378 0.01174628938898887066 0.57073191835911030179 0.00000000099999999996 0.00000000099999999996 0.00000000099999999996 0.00000000099999999996 0.26662201939033586262 
