0.01260344845004018888 0.97547681206719272229 0.01191973948276713567 
0.99999999800000005656 0.00000000099999999998 0.00000000099999999998 
0.99999999800000005656 0.00000000099999999997 0.00000000099999999997 
0.04422259306551014346 0.95577740593448978768 0.00000000099999999999 
0.00119927071669424204 0.99868628017050686818 0.00011444911279892526 
0.03316674023673521488 0.96683325876326475790 0.00000000099999999999 
0.99999999799999994554 0.00000000099999999998 0.00000000099999999998 
0.99999999800000005656 0.00000000099999999997 0.00000000099999999997 
0.01241552374753278863 0.98758447525246717547 0.00000000100000000000 
0.99999999800000005656 0.00000000099999999998 0.00000000099999999998 
0.01842157489316640848 0.98157842301688325026 0.00000000208995034212 
0.02516607271579752655 0.97483392628420240111 0.00000000099999999999 
0.00610859028328459685 0.99389140871671532995 0.00000000100000000000 
0.01682634908368760285 0.98170686221545866434 0.00146678870085368402 
0.00200234726252489356 0.98178461736176259045 0.01621303537571253464 
0.06733758948992170368 0.91973828689157755001 0.01292412361850079315 
0.00684988857784401151 0.99315011042215595172 0.00000000099999999999 
0.00000000100000000000 0.99269234453247123806 0.00730765446752881537 
0.00608366471901397067 0.98229151091615918290 0.01162482436482685337 
0.00254228808388986226 0.99745771091611001857 0.00000000099999999999 
0.00251387484742782684 0.99748612415257209562 0.00000000100000000000 
0.99999999800000005656 0.00000000099999999998 0.00000000099999999998 
0.02976752527373119003 0.97023247372626875151 0.00000000099999999999 
0.03831273105769928550 0.96168726794230074972 0.00000000099999999999 
0.03351926580468479744 0.96648073319531524472 0.00000000099999999999 
0.00000000099999999999 0.99999999800000005656 0.00000000099999999999 
0.17009043736415307979 0.04121427435539734563 0.78869528828044965785 
0.18934841644333594290 0.00639350689490642693 0.80425807666175763710 
0.00631156419240158899 0.99356870735218072443 0.00011972845541758751 
0.00000001420855822785 0.99999998479144180941 0.00000000100000000000 
0.02840659408670066430 0.97159340491329937439 0.00000000099999999999 
0.99999999800000005656 0.00000000099999999998 0.00000000099999999998 
0.30702769101518301298 0.45127254034080599432 0.24169976864401110372 
0.00008747455531270151 0.99991252444468725624 0.00000000099999999999 
0.00000000099999999989 0.00000000099999999989 0.99999999800000005656 
0.00000000099999999986 0.00000000099999999986 0.99999999799999994554 
0.00000000099999999987 0.00000000099999999987 0.99999999799999994554 
0.14108967305996331087 0.06294557678546222612 0.79596475015457457403 
0.17034690353752590664 0.02867618569947549476 0.80097691076299859514 
0.00160305333273967079 0.99839694566726033820 0.00000000099999999999 
0.99999999800000005656 0.00000000099999999998 0.00000000099999999998 
0.15148438632334676468 0.06145604673858840600 0.78705956693806489177 
0.02976451517191743001 0.97023548382808244561 0.00000000100000000000 
0.99999999800000005656 0.00000000099999999997 0.00000000099999999997 
0.18409498376655408780 0.02767147666039833018 0.78823353957304764794 
0.02351530226874101737 0.97648469673125892765 0.00000000099999999999 
0.16922252857453812247 0.04086143388158328810 0.78991603754387851311 
0.99999999799999994554 0.00000000099999999998 0.00000000099999999998 
0.99999999799999994554 0.00000000099999999996 0.00000000099999999996 
0.18938671128586920256 0.01814470047138882006 0.79246858824274202249 
0.15929106292196246186 0.03833108639453548794 0.80237785068350209183 
0.99999999799999994554 0.00000000099999999998 0.00000000099999999998 
0.99999999799999994554 0.00000000099999999998 0.00000000099999999998 
0.99999999800000005656 0.00000000099999999998 0.00000000099999999998 
0.16908244951947506984 0.03797143692750285654 0.79294611355302213607 
0.05113063875543929354 0.94317952261147663950 0.00568983863308418231 
0.01062327574116494165 0.97460856696171638269 0.01476815729711865484 
0.02717132339994558082 0.97282867560005437113 0.00000000099999999999 
0.01823476050333371415 0.98176523849666619270 0.00000000099999999999 
0.99999999800000005656 0.00000000099999999998 0.00000000099999999998 
0.00041097174661229981 0.99462503204300023452 0.00496399621038744708 
0.00000000099999999988 0.00000000099999999988 0.99999999799999994554 
0.01531823747579290525 0.98468176152420705538 0.00000000099999999999 
0.00000000099999999989 0.00000000099999999989 0.99999999800000005656 
0.04622130270004010111 0.95377869629995992717 0.00000000100000000000 
0.00000000099999999988 0.00000000099999999988 0.99999999800000005656 
0.01346868544370837840 0.98653131355629153365 0.00000000099999999999 
0.01661416618169087728 0.98264931325581628130 0.00073652056249281941 
0.99999999800000005656 0.00000000099999999997 0.00000000099999999997 
0.00000084623637857859 0.99999915276362139060 0.00000000099999999999 
0.00000000099999999988 0.00000000099999999988 0.99999999799999994554 
0.00000000099999999989 0.00000000099999999989 0.99999999799999994554 
0.09157806733359429019 0.90842193166640572421 0.00000000100000000000 
0.99999999799999994554 0.00000000099999999997 0.00000000099999999997 
0.15810994586945423257 0.07091212307657167313 0.77097793105397416369 
0.99999999800000005656 0.00000000099999999997 0.00000000099999999997 
0.04017250837642138972 0.95982749062357863856 0.00000000100000000000 
0.00000000099999999987 0.00000000099999999987 0.99999999799999994554 
0.16062789718260675476 0.02850669199687657848 0.81086541082051666329 
0.00000000099999999991 0.00000000099999999991 0.99999999800000005656 
0.00434297599808951273 0.98123280289174941160 0.01442422111016095944 
0.99999999800000005656 0.00000000099999999997 0.00000000099999999997 
0.99999999799999994554 0.00000000099999999998 0.00000000099999999998 
0.23674771084468476667 0.76325228815531531712 0.00000000099999999999 
0.00864189688195982596 0.99135367995982515144 0.00000442315821497761 
0.01413577326347738305 0.98586422573652265910 0.00000000099999999999 
0.02842477009749653713 0.97157522890250336278 0.00000000099999999999 
0.00120784735114888727 0.99879215164885115641 0.00000000099999999999 
0.00000000099999999999 0.99999999800000005656 0.00000000099999999999 
0.01672837584700816171 0.98327162315299188045 0.00000000099999999999 
0.01768240895564082010 0.98231759004435914573 0.00000000099999999999 
0.03936572145121915167 0.96063427754878083498 0.00000000100000000000 
0.99999999800000005656 0.00000000099999999998 0.00000000099999999998 
0.99978723960011006699 0.00021275939988995559 0.00000000099999999999 
0.00000000099999999992 0.00000000099999999992 0.99999999799999994554 
0.99999999799999994554 0.00000000099999999998 0.00000000099999999998 
0.99999999800000005656 0.00000000099999999999 0.00000000099999999999 
0.02887472572199391643 0.97112527327800601817 0.00000000099999999999 
0.00000000099999999986 0.00000000099999999986 0.99999999800000005656 
0.00000000114318466027 0.99999873522815163618 0.00000126362866370382 
0.02191142094144520047 0.97808857805855475842 0.00000000099999999999 
0.00412594209876498887 0.98720117412902297360 0.00867288377221213207 
0.03013014605883063482 0.96986985294116923040 0.00000000100000000000 
0.00647484733172515314 0.99352515166827481963 0.00000000100000000000 
0.04034840532760772258 0.95965159367239216692 0.00000000100000000000 
0.00369243148287044711 0.99630756751712956643 0.00000000100000000000 
0.01977825825949120972 0.98022174074050882897 0.00000000100000000000 
0.02177119678383439977 0.95904642090910197094 0.01918238230706354602 
0.01005822844988548542 0.98994168639747193161 0.00000008515264259533 
0.00026730876293837248 0.99973269023706157199 0.00000000099999999999 
0.03093105105827706827 0.95331985771980243261 0.01574909122192051647 
0.00000003780292919306 0.99999996119707079689 0.00000000099999999999 
0.01514791778386534969 0.98485208121613465604 0.00000000100000000000 
0.00125347250992152671 0.99874652649007833460 0.00000000099999999999 
0.03580819823357973830 0.96419180076642019284 0.00000000099999999999 
0.01953586001688818394 0.98046413898311168822 0.00000000100000000000 
0.04322635871624865012 0.95677364028375122551 0.00000000100000000000 
0.00610225510121976174 0.99389774389878016159 0.00000000100000000000 
0.02931109076507716280 0.97068890823492270936 0.00000000099999999999 
0.03058788030949878556 0.89410056120046976780 0.07531155849003146052 
0.00670187033562894604 0.99329812866437106056 0.00000000099999999999 
0.02122959096174994661 0.97877040803825010595 0.00000000099999999999 
0.03037013851045952326 0.96962986048954036278 0.00000000099999999999 
0.00325136379602625767 0.99674863384017375889 0.00000000236379993050 
0.01603600199187208905 0.98396399700812797740 0.00000000099999999999 
0.00946752599344477010 0.98636438127252656916 0.00416809273402857922 
0.02334706980072481092 0.97665292919927526594 0.00000000099999999999 
0.00000000388222318020 0.99999999511777681871 0.00000000099999999999 
0.03672313249139316088 0.96327686650860666617 0.00000000099999999999 
0.99999999800000005656 0.00000000099999999997 0.00000000099999999997 
0.99999998954584612409 0.00000000945415390915 0.00000000099999999999 
0.00000000099999999991 0.00000000099999999991 0.99999999799999994554 
0.16311927491197109052 0.02105050503428634520 0.81583022005374261632 
0.92282871709350078326 0.06317390001197262239 0.01399738289452671577 
0.01635557017819813663 0.98364442882180180838 0.00000000099999999999 
0.03228909959467902296 0.96771089935217968758 0.00000000105314132412 
0.99999999800000005656 0.00000000099999999999 0.00000000099999999999 
0.02206893479072886619 0.97793106420927111699 0.00000000099999999999 
0.00820552015893077046 0.99179447884106919364 0.00000000099999999999 
0.00000000099999999999 0.99999999800000005656 0.00000000099999999999 
0.00000000099999999987 0.00000000099999999987 0.99999999800000005656 
0.00000000099999999987 0.00000000099999999987 0.99999999799999994554 
0.00000000099999999986 0.00000000099999999986 0.99999999800000005656 
0.00000000099999999986 0.00000000099999999986 0.99999999799999994554 
0.00000000099999999988 0.00000000099999999988 0.99999999799999994554 
0.99999999800000005656 0.00000000099999999999 0.00000000099999999999 
0.00676571633263616055 0.99317705794310606748 0.00005722572425786733 
0.00000000099999999987 0.00000000099999999987 0.99999999800000005656 
0.00000000099999999988 0.00000000099999999988 0.99999999799999994554 
0.18049513031819933162 0.00016431193636699909 0.81934055774543368411 
0.16224363977952405147 0.02663281414690642571 0.81112354607356940139 
0.00000062360391983609 0.99999937539608019232 0.00000000100000000000 
0.00000000099999999988 0.00000000099999999988 0.99999999800000005656 
0.01845920148219862625 0.98154079751780143326 0.00000000100000000000 
0.00000000099999999999 0.99999999800000005656 0.00000000099999999999 
0.96300603629343661805 0.03699396270656322983 0.00000000099999999999 
0.01486659991423406116 0.98513339908576602610 0.00000000099999999999 
0.99999999799999994554 0.00000000099999999997 0.00000000099999999997 
0.02806518204836176700 0.97193481695163830292 0.00000000099999999999 
0.99999999800000005656 0.00000000099999999997 0.00000000099999999997 
0.01960104424406201515 0.97819217581889328361 0.00220677993704471121 
0.00046577605641365868 0.99709768755662187001 0.00243653638696440886 
0.00000000099999999988 0.00000000099999999988 0.99999999800000005656 
0.99999999799999994554 0.00000000099999999998 0.00000000099999999998 
0.00000000099999999986 0.00000000099999999986 0.99999999800000005656 
0.00000000099999999988 0.00000000099999999988 0.99999999799999994554 
0.01313460283370392924 0.98686539616629598282 0.00000000099999999999 
0.03019807479294439947 0.96980192420705568779 0.00000000099999999999 
0.00992253033936906989 0.99007746866063084390 0.00000000099999999999 
0.00915180213073521313 0.99084819686926484117 0.00000000099999999999 
0.01453326832423768034 0.98546673067576240346 0.00000000100000000000 
0.02452874439469348092 0.97547125460530637042 0.00000000099999999999 
0.00000000099999999999 0.99999999800000005656 0.00000000099999999999 
0.99660602159772615494 0.00339397740227372503 0.00000000099999999998 
0.00000148568800707213 0.99999851331199285376 0.00000000099999999999 
0.00000000099999999987 0.00000000099999999987 0.99999999800000005656 
0.00175862417116721460 0.99824137482883279482 0.00000000100000000000 
0.00000000099999999996 0.00000000099999999996 0.99999999799999994554 
0.00000000099999999989 0.00000000099999999989 0.99999999799999994554 
0.02687605377204482088 0.97312394522795508944 0.00000000099999999999 
0.00000000693385760803 0.99999999206614242908 0.00000000100000000000 
0.02269640808163139387 0.97730359091836860319 0.00000000100000000000 
0.00000000099999999990 0.00000000099999999990 0.99999999800000005656 
0.99999999799999994554 0.00000000099999999997 0.00000000099999999997 
0.99999999800000005656 0.00000000099999999997 0.00000000099999999997 
0.00000000099999999989 0.00000000099999999989 0.99999999799999994554 
0.01178881793543101048 0.98821118106456906638 0.00000000100000000000 
0.04738637721592888624 0.95261362178407105183 0.00000000100000000000 
0.00000000099999999989 0.00000000099999999989 0.99999999800000005656 
0.01237280876630636114 0.98762719023369360816 0.00000000099999999999 
0.99999999800000005656 0.00000000099999999997 0.00000000099999999997 
0.26096322783629799513 0.55161698548475956994 0.18741978667894249044 
0.03135637237458089449 0.96824839961971309599 0.00039522800570597347 
0.04180554931890861220 0.95819444968109146465 0.00000000100000000000 
0.00493957012372459210 0.99506042887627532689 0.00000000100000000000 
0.00051488704825959403 0.99948511195174050137 0.00000000099999999999 
0.00000000099999999999 0.99999999799999994554 0.00000000099999999999 
0.01110802200527342617 0.98889197699472652925 0.00000000099999999999 
0.01432148688646289400 0.98567851211353696428 0.00000000100000000000 
0.02726341476480730747 0.96172706992736756160 0.01100951530782513094 
0.99999999799999994554 0.00000000099999999998 0.00000000099999999998 
0.02553590482025614936 0.97446409417974388933 0.00000000099999999999 
0.00000000709849084473 0.99999999190150923312 0.00000000100000000000 
0.05050053440614783729 0.94949946459385214936 0.00000000100000000000 
0.01879542599001139333 0.98120457300998853434 0.00000000099999999999 
0.03925263703389264558 0.95884759152006682204 0.00189977144604050224 
0.00000070719615944867 0.99999929180384050653 0.00000000099999999999 
0.02136246837931511655 0.97863753062068481459 0.00000000100000000000 
0.99741919030739900620 0.00258080869260097351 0.00000000099999999999 
0.02863686436473907374 0.97136313463526102741 0.00000000100000000000 
0.01067312733924132354 0.98932687166075861107 0.00000000100000000000 
0.01289003236236241010 0.97649429364226059125 0.01061567399537697264 
0.99999997709471022400 0.00000002190528983072 0.00000000099999999999 
0.03012380514708822010 0.95017829450859991880 0.01969790034431185763 
0.01437460959048159764 0.98562538793039300433 0.00000000247912533931 
0.48599222308627348932 0.51400777591372637243 0.00000000099999999999 
0.02858663135293581029 0.97141336764706409657 0.00000000099999999999 
0.00000000099999999990 0.00000000099999999990 0.99999999799999994554 
0.02925000873639067508 0.97074982243902052659 0.00000016882458882798 
0.03002225368175800296 0.96997774531824199062 0.00000000100000000000 
