0.00002310600230260130 0.50639653563181985518 0.47071559414072344785 0.02239952611597799056 0.00046523810917619823 
0.00000000099999999996 0.00000000099999999996 0.00000000099999999996 0.00000000099999999996 0.99999999599999989108 
0.00000000099999999996 0.00000000099999999996 0.00000000099999999996 0.00000000099999999996 0.99999999600000000211 
0.00000000099999999999 0.53407046498106125476 0.42960080365891267773 0.00187719476100450811 0.03445153559902154605 
0.00000000100000000000 0.59000696213126746503 0.40078048727241943894 0.00921254859631299300 0.00000000100000000000 
0.00000000099999999999 0.56159027825645790877 0.41067193968473614252 0.00311253821969696177 0.02462524283910892675 
0.00000000099999999997 0.00000000099999999997 0.00000000099999999997 0.00000000099999999997 0.99999999599999989108 
0.00000000099999999995 0.00000000099999999995 0.00000000099999999995 0.00000000099999999995 0.99999999599999989108 
0.00000000099999999999 0.54141918231223418179 0.44146337925526657475 0.01587445191606483980 0.00124298551643457788 
0.00000000099999999996 0.00000000099999999996 0.00000000099999999996 0.00000000099999999996 0.99999999599999989108 
0.00000000100000000000 0.64925843329855481567 0.32864285939582987828 0.00940801455719101655 0.01269069174842437503 
0.00000000099999999999 0.61157785677225473542 0.36693273907123580280 0.00600108088363983296 0.01548832227286960246 
0.00000000100000000000 0.56660366597719324933 0.42857347878575863254 0.00481846470368538574 0.00000438953336271732 
0.00000000100000000000 0.62717956566416388497 0.35270425274715150321 0.01549909768763711726 0.00461708290104757401 
0.00000000099999999999 0.99924351020135937507 0.00000000099999999999 0.00075648679864055224 0.00000000099999999999 
0.00000000099999999999 0.57568651793562131136 0.33963085100046763731 0.02923228849800018833 0.05545034156591093638 
0.00000000099999999999 0.65707636313949269180 0.34292362396112424650 0.00000000099999999999 0.00000001089938314264 
0.00448011166408511085 0.60388810114720048450 0.38884644042589283641 0.00278534576282150588 0.00000000099999999999 
0.00571951092798944974 0.50078271043270572438 0.48619939037291720618 0.00729825375480967504 0.00000013451157792248 
0.00000000099999999998 0.33985233117485691423 0.65847587149542141649 0.00167179532972151486 0.00000000099999999998 
0.00000000099999999999 0.47915297245528221115 0.52084696083297155056 0.00000000099999999999 0.00000006471174628686 
0.00000000099999999997 0.00000000099999999997 0.00000000099999999997 0.00000000099999999997 0.99999999599999989108 
0.00000000099999999999 0.53606401598736275194 0.44022097753757977179 0.00000000099999999999 0.02371500447505756753 
0.00000000099999999995 0.99999999600000000211 0.00000000099999999995 0.00000000099999999995 0.00000000099999999995 
0.00000000099999999998 0.52632478589682962777 0.44807965960137807748 0.00000000099999999998 0.02559555250179228886 
0.00000000099999999999 0.59455036202289801572 0.40308265346595129053 0.00236698251115089386 0.00000000099999999999 
0.00000000099999999983 0.00000000099999999983 0.00000000099999999983 0.99999999599999989108 0.00000000099999999983 
0.00000000099999999980 0.00000000099999999980 0.00000000099999999980 0.99999999599999989108 0.00000000099999999980 
0.00000000100000000000 0.71323460625749046660 0.28080281296741926855 0.00596257877509034050 0.00000000100000000000 
0.00000000099999999997 0.99999999600000000211 0.00000000099999999997 0.00000000099999999997 0.00000000099999999997 
0.00000000099999999999 0.52693348438480935858 0.45299847496803469227 0.00000000099999999999 0.02006803864715600919 
0.00000000099999999997 0.00000000099999999997 0.00000000099999999997 0.00000000099999999997 0.99999999599999989108 
0.00000000099999999996 0.43046976338023629216 0.00000000099999999996 0.35651147912943381701 0.21301875549032983637 
0.00000000099999999999 0.60746922307846562550 0.39253077392153451486 0.00000000099999999999 0.00000000099999999999 
0.99999999600000011313 0.00000000099999999980 0.00000000099999999980 0.00000000099999999980 0.00000000099999999980 
0.99999999600000000211 0.00000000099999999975 0.00000000099999999975 0.00000000099999999975 0.00000000099999999975 
0.99999999600000011313 0.00000000099999999975 0.00000000099999999975 0.00000000099999999975 0.00000000099999999975 
0.00000000099999999984 0.00000000099999999984 0.00000000099999999984 0.99999999599999989108 0.00000000099999999984 
0.00000000099999999982 0.00000000099999999982 0.00000000099999999982 0.99999999599999989108 0.00000000099999999982 
0.00000000099999999999 0.53446359502379403583 0.46531096536352545279 0.00022543282487445449 0.00000000578780599070 
0.00000000099999999997 0.00000000099999999997 0.00000000099999999997 0.00000000099999999997 0.99999999600000000211 
0.00000000099999999982 0.00000000099999999982 0.00000000099999999982 0.99999999600000000211 0.00000000099999999982 
0.00000000099999999999 0.58178686043886851387 0.38927356887342706715 0.00803367175030946651 0.02090589793739494953 
0.00000000099999999995 0.00000000099999999995 0.00000000099999999995 0.00000000099999999995 0.99999999600000000211 
0.00000000099999999985 0.00000000099999999985 0.00000000099999999985 0.99999999599999989108 0.00000000099999999985 
0.00000000099999999999 0.61068132967885990769 0.37240925008416847497 0.00551293692344453738 0.01139648231352712038 
0.00000000099999999983 0.00000000099999999983 0.00000000099999999983 0.99999999599999989108 0.00000000099999999983 
0.00000000099999999996 0.00000000099999999996 0.00000000099999999996 0.00000000099999999996 0.99999999599999989108 
0.00000000099999999994 0.00000000099999999994 0.00000000099999999994 0.00000000099999999994 0.99999999599999989108 
0.00000000099999999980 0.00000000099999999980 0.00000000099999999980 0.99999999599999989108 0.00000000099999999980 
0.00000000099999999982 0.00000000099999999982 0.00000000099999999982 0.99999999600000000211 0.00000000099999999982 
0.00000000099999999996 0.00000000099999999996 0.00000000099999999996 0.00000000099999999996 0.99999999599999989108 
0.00000000099999999996 0.00000000099999999996 0.00000000099999999996 0.00000000099999999996 0.99999999599999989108 
0.00000000099999999997 0.00000000099999999997 0.00000000099999999997 0.00000000099999999997 0.99999999600000000211 
0.00000000099999999985 0.00000000099999999985 0.00000000099999999985 0.99999999600000000211 0.00000000099999999985 
0.00000000100000000000 0.48315244894142067578 0.45843903162342969360 0.01603903246746809716 0.04236948596768137093 
0.00000000099999999999 0.39832797486728999115 0.57700119869195198863 0.02467082444075797618 0.00000000099999999999 
0.00000000099999999999 0.59244486734510481973 0.38942084148823463696 0.00000000099999999999 0.01813428916666051660 
0.00000000099999999999 0.53277100289755707774 0.45668402923987538866 0.00112949846214587045 0.00941546840042152035 
0.00000000099999999996 0.00000000099999999996 0.00000000099999999996 0.00000000099999999996 0.99999999600000000211 
0.00000000100000000000 0.44021617205486202051 0.55483752133297958853 0.00494605932301328544 0.00000024628914514817 
0.99999999600000000211 0.00000000099999999979 0.00000000099999999979 0.00000000099999999979 0.00000000099999999979 
0.00000000099999999994 0.00000000099999999994 0.99999999600000000211 0.00000000099999999994 0.00000000099999999994 
0.99999999600000011313 0.00000000099999999979 0.00000000099999999979 0.00000000099999999979 0.00000000099999999979 
0.00000000099999999999 0.49349590814131638616 0.47033332040527714435 0.00000000099999999999 0.03617076945340644972 
0.99999999600000011313 0.00000000099999999980 0.00000000099999999980 0.00000000099999999980 0.00000000099999999980 
0.00000000099999999999 0.50102561489246111304 0.49208938351438802350 0.00245633694759406175 0.00442866364555661966 
0.00000000100000000000 0.51390523239919161380 0.47091752165125888574 0.00642094572595993708 0.00875629922358952748 
0.00000000099999999994 0.00000000099999999994 0.00000000099999999994 0.00000000099999999994 0.99999999599999989108 
0.00000000099999999996 0.99999999600000000211 0.00000000099999999996 0.00000000099999999996 0.00000000099999999996 
0.99999999600000011313 0.00000000099999999980 0.00000000099999999980 0.00000000099999999980 0.00000000099999999980 
0.99999999600000000211 0.00000000099999999982 0.00000000099999999982 0.00000000099999999982 0.00000000099999999982 
0.00000000099999999999 0.42166092321990977787 0.48806952424768379473 0.00944751444815743885 0.08082203708424899602 
0.00000000099999999995 0.00000000099999999995 0.00000000099999999995 0.00000000099999999995 0.99999999599999989108 
0.00000000099999999985 0.00000000099999999985 0.00000000099999999985 0.99999999599999989108 0.00000000099999999985 
0.00000000099999999995 0.00000000099999999995 0.00000000099999999995 0.00000000099999999995 0.99999999600000000211 
0.00000538525562586459 0.53958951691388423733 0.42643303740642451993 0.00000000100000000000 0.03397205942406543444 
0.99999999600000011313 0.00000000099999999978 0.00000000099999999978 0.00000000099999999978 0.00000000099999999978 
0.00000000099999999979 0.00000000099999999979 0.00000000099999999979 0.99999999599999989108 0.00000000099999999979 
0.99999999600000000211 0.00000000099999999982 0.00000000099999999982 0.00000000099999999982 0.00000000099999999982 
0.00000302985256139580 0.45491973203920976765 0.52617610116484503369 0.01890113594338384273 0.00000000100000000000 
0.00000000099999999994 0.00000000099999999994 0.00000000099999999994 0.00000000099999999994 0.99999999600000000211 
0.00000000099999999995 0.00000000099999999995 0.00000000099999999995 0.00000000099999999995 0.99999999599999989108 
0.00000000099999999999 0.54623361993056629426 0.22145580792630412126 0.00001524710420194585 0.23229532403892777515 
0.00000000099999999999 0.49010030970094664582 0.48563469863987868136 0.02327298244087909473 0.00099200821829556756 
0.00000000099999999999 0.54195298383945988974 0.45144222915194798240 0.00000000099999999999 0.00660478500859218529 
0.00000000099999999999 0.55521427869667905330 0.42388707738344333364 0.00000000099999999999 0.02089864191987769390 
0.00000000099999999999 0.56066030084666595990 0.43933358367150954216 0.00000611348182451592 0.00000000099999999999 
0.00000000099999999998 0.52954266093290880413 0.47045733606709128072 0.00000000099999999998 0.00000000099999999998 
0.00000000099999999998 0.51935748004653470300 0.47439431001217979844 0.00000000099999999998 0.00624820794128559849 
0.00000000099999999999 0.50894849459175495188 0.47663858744352832764 0.00775068892565726475 0.00666222803905928453 
0.00000000099999999999 0.56210034731224045590 0.40376705400362650211 0.00000000099999999999 0.03413259668413297365 
0.00000000099999999996 0.00000000099999999996 0.00000000099999999996 0.00000000099999999996 0.99999999600000000211 
0.00000000099999999998 0.00000000099999999998 0.01271334146479826885 0.00000000099999999998 0.98728665553520178477 
0.99999999600000011313 0.00000000099999999988 0.00000000099999999988 0.00000000099999999988 0.00000000099999999988 
0.00000000099999999997 0.00000000099999999997 0.00000000099999999997 0.00000000099999999997 0.99999999599999989108 
0.00000000099999999998 0.00000000099999999998 0.00000000099999999998 0.00000000099999999998 0.99999999600000000211 
0.00000000099999999999 0.54199005047327630802 0.43024436223516754341 0.00764627181417697806 0.02011931447737935405 
0.99999999600000000211 0.00000000099999999975 0.00000000099999999975 0.00000000099999999975 0.00000000099999999975 
0.00000000099999999999 0.64038923548338799741 0.35630287900848833793 0.00330788350812359373 0.00000000099999999999 
0.00000000099999999999 0.38838893244134292670 0.59540222942459963829 0.00461902956471234565 0.01158980756934507167 
0.00025671526682488789 0.64584557112025486880 0.34860424205753481885 0.00529323636951075684 0.00000023518587479682 
0.00000000100000000000 0.55230051269543389836 0.42264601635735282725 0.00370895172701035799 0.02134451822020286271 
0.00000000099999999999 0.46447301889659148300 0.53552505776884196109 0.00000000099999999999 0.00000192133456647058 
0.00000000099999999999 0.66287630138388686785 0.30201092532930046142 0.00000000099999999999 0.03511277128681274118 
0.00000000099999999999 0.52316854151078395763 0.47429051196904148391 0.00253819476866953787 0.00000275075150492729 
0.00000000099999999999 0.46236900670225189458 0.52276515893686781311 0.00751827588612310593 0.00734755747475718344 
0.00033540636531549086 0.47987720895375812757 0.47896098855309021669 0.03104708404163436519 0.00977931208620177669 
0.00000000099999999999 0.50636502358763535447 0.48175945975210460182 0.01174827280746135877 0.00012724285279873065 
0.00000000099999999998 0.40841341033668510097 0.59158658666331487286 0.00000000099999999998 0.00000000099999999998 
0.00000000100000000000 0.45444493827682092002 0.49943637328851475665 0.02489685379105720242 0.02122183364360710062 
0.00000000099999999998 0.58642190710362629424 0.40447413209328442196 0.00910395880308928485 0.00000000099999999998 
0.00000000099999999999 0.51934694799489966588 0.47534848267183954507 0.00000000099999999999 0.00530456733326087251 
0.00000000099999999999 0.53521568591927615177 0.46478431108072382205 0.00000000099999999999 0.00000000099999999999 
0.00000000099999999998 0.47753833231591513719 0.49285924580603757139 0.00000000099999999998 0.02960241987804728900 
0.00000000100000000000 0.59350555032855734083 0.39009745266188006196 0.00635614908235771544 0.01004084692720484846 
0.00000000099999999999 0.55092831065812553071 0.41411762895290282760 0.00000000099999999999 0.03495405838897165662 
0.00000000099999999999 0.67910305083415045679 0.32089681733272323871 0.00000000099999999999 0.00000012983312646242 
0.00000000099999999997 0.99999999600000000211 0.00000000099999999997 0.00000000099999999997 0.00000000099999999997 
0.06778338543962847407 0.44554695858148396503 0.46505373355693202519 0.00188303784402221643 0.01973288457793337392 
0.00000000099999999999 0.67596912072535619842 0.32402211014195692051 0.00000000099999999999 0.00000876713268701220 
0.00000000099999999996 0.99999999600000000211 0.00000000099999999996 0.00000000099999999996 0.00000000099999999996 
0.00000000099999999998 0.68702210541923203202 0.29019998736056545896 0.00000000099999999998 0.02277790522020260375 
0.00000000099999999999 0.58734888976333377020 0.39754733418768872788 0.01510373845981868857 0.00000003658915878102 
0.00000000099999999998 0.50279047705357027276 0.48778183920787909766 0.00000000099999999998 0.00942768173855059073 
0.00000000099999999998 0.99999999600000011313 0.00000000099999999998 0.00000000099999999998 0.00000000099999999998 
0.00000000099999999999 0.43008294366407850973 0.55474961434260050552 0.00641084945082749918 0.00875659154249353033 
0.00000000099999999998 0.41697180936368644089 0.58302818763631358845 0.00000000099999999998 0.00000000099999999998 
0.00000000099999999998 0.48713745711627515211 0.48286493658418755404 0.00000000099999999998 0.02999760429953743715 
0.00000000099999999995 0.00000000099999999995 0.00000000099999999995 0.00000000099999999995 0.99999999599999989108 
0.00000000099999999998 0.00000000099999999998 0.00000000099999999998 0.00000000099999999998 0.99999999599999989108 
0.99999999600000011313 0.00000000099999999983 0.00000000099999999983 0.00000000099999999983 0.00000000099999999983 
0.00000000099999999980 0.00000000099999999980 0.00000000099999999980 0.99999999600000000211 0.00000000099999999980 
0.00000000100000000000 0.00000042782746646860 0.05410432641083049582 0.03861022912825529813 0.90728501563344765568 
0.00000000099999999998 0.49245915828852576679 0.49636803462410766796 0.00000000099999999998 0.01117280508736667212 
0.00000000099999999995 0.00000000099999999995 0.99999999599999989108 0.00000000099999999995 0.00000000099999999995 
0.00000000099999999999 0.00000000099999999999 0.00000000099999999999 0.00400126837045943016 0.99599872862954053065 
0.00000000099999999999 0.47821699927953820186 0.50787975889797576379 0.00000000099999999999 0.01390323982248599204 
0.00000000099999999998 0.60120897682509488735 0.38725762968809596121 0.01152736601220717520 0.00000602647460199260 
0.00000000099999999999 0.59986050250434008735 0.39877468237021429509 0.00136481312544552537 0.00000000099999999999 
0.99999999600000011313 0.00000000099999999978 0.00000000099999999978 0.00000000099999999978 0.00000000099999999978 
0.99999999600000000211 0.00000000099999999979 0.00000000099999999979 0.00000000099999999979 0.00000000099999999979 
0.99999999600000000211 0.00000000099999999975 0.00000000099999999975 0.00000000099999999975 0.00000000099999999975 
0.99999999600000011313 0.00000000099999999976 0.00000000099999999976 0.00000000099999999976 0.00000000099999999976 
0.99999999600000000211 0.00000000099999999976 0.00000000099999999976 0.00000000099999999976 0.00000000099999999976 
0.00000000099999999998 0.00000000099999999998 0.00000000099999999998 0.00000000099999999998 0.99999999600000000211 
0.00000000100000000000 0.67407551193417591939 0.31666438361873000540 0.00926008799601539534 0.00000001545107874836 
0.99999999600000011313 0.00000000099999999976 0.00000000099999999976 0.00000000099999999976 0.00000000099999999976 
0.99999999600000011313 0.00000000099999999980 0.00000000099999999980 0.00000000099999999980 0.00000000099999999980 
0.00000000099999999979 0.00000000099999999979 0.00000000099999999979 0.99999999599999989108 0.00000000099999999979 
0.00000000099999999979 0.00000000099999999979 0.00000000099999999979 0.99999999599999989108 0.00000000099999999979 
0.00000000099999999999 0.63303991413618987405 0.36696008286381021080 0.00000000099999999999 0.00000000099999999999 
0.99999999600000011313 0.00000000099999999978 0.00000000099999999978 0.00000000099999999978 0.00000000099999999978 
0.00000000099999999999 0.51697408696506630399 0.47247953770127620876 0.00000000099999999999 0.01054637333365747616 
0.00000000099999999999 0.47832129844451537481 0.52167869855548454350 0.00000000099999999999 0.00000000099999999999 
0.00000000099999999998 0.00000083688767146784 0.04299792788955103529 0.00000000099999999998 0.95700123322277741433 
0.00000000099999999998 0.52229259661879401389 0.46972744384830567022 0.00000000099999999998 0.00797995753290031695 
0.00000000099999999994 0.00000000099999999994 0.00000000099999999994 0.00000000099999999994 0.99999999599999989108 
0.00000000099999999999 0.66168434737754144859 0.31720740509485773062 0.00348048092970328982 0.01762776559789754061 
0.00000000099999999995 0.00000000099999999995 0.00000000099999999995 0.00000000099999999995 0.99999999599999989108 
0.00000000100000000000 0.56357939780454446854 0.41247526686554814024 0.01646695154867657690 0.00747838278123070035 
0.00000000099999999996 0.00000000099999999996 0.99999999600000000211 0.00000000099999999996 0.00000000099999999996 
0.99999999600000000211 0.00000000099999999980 0.00000000099999999980 0.00000000099999999980 0.00000000099999999980 
0.00000000099999999996 0.00000000099999999996 0.00000000099999999996 0.00000000099999999996 0.99999999600000000211 
0.99999999600000000211 0.00000000099999999977 0.00000000099999999977 0.00000000099999999977 0.00000000099999999977 
0.99999999600000000211 0.00000000099999999976 0.00000000099999999976 0.00000000099999999976 0.00000000099999999976 
0.00000000099999999999 0.56986514801932774965 0.42572009498893814694 0.00000000099999999999 0.00441475499173425105 
0.00000000099999999997 0.99999999600000011313 0.00000000099999999997 0.00000000099999999997 0.00000000099999999997 
0.00000000099999999998 0.48333569364363249132 0.51643060476699387262 0.00000000099999999998 0.00023369958937366470 
0.00000000099999999999 0.64748229495068809758 0.35092696079581536805 0.00154216021774650409 0.00004858303575016266 
0.00000000099999999999 0.58267539893709519028 0.40273772487831743794 0.01140044831667510680 0.00318642686791219786 
0.00000000099999999997 0.99999999600000011313 0.00000000099999999997 0.00000000099999999997 0.00000000099999999997 
0.00000000099999999995 0.00000000099999999995 0.99999999600000000211 0.00000000099999999995 0.00000000099999999995 
0.00000000099999999997 0.00000000099999999997 0.03512206634233832475 0.00000000099999999997 0.96487793065766169764 
0.00000000099999999998 0.54121262224257571383 0.45878737475742437102 0.00000000099999999998 0.00000000099999999998 
0.99999999600000000211 0.00000000099999999977 0.00000000099999999977 0.00000000099999999977 0.00000000099999999977 
0.00000000100000000000 0.54650610869949078907 0.45349287005419458563 0.00000019114162624784 0.00000082910468859629 
0.99999999600000000211 0.00000000099999999992 0.00000000099999999992 0.00000000099999999992 0.00000000099999999992 
0.99999999600000000211 0.00000000099999999980 0.00000000099999999980 0.00000000099999999980 0.00000000099999999980 
0.00000000099999999999 0.58185598701317009507 0.39868192719069023289 0.00000000099999999999 0.01946208379613964534 
0.00000000099999999994 0.00000000099999999994 0.99999999599999989108 0.00000000099999999994 0.00000000099999999994 
0.00000000099999999999 0.59034797745757416898 0.39315290802868962938 0.00000000099999999999 0.01649911251373637269 
0.99999999600000000211 0.00000000099999999982 0.00000000099999999982 0.00000000099999999982 0.00000000099999999982 
0.00000000099999999995 0.00000000099999999995 0.00000000099999999995 0.00000000099999999995 0.99999999599999989108 
0.00000000099999999995 0.00000000099999999995 0.00000000099999999995 0.00000000099999999995 0.99999999599999989108 
0.99999999600000011313 0.00000000099999999979 0.00000000099999999979 0.00000000099999999979 0.00000000099999999979 
0.00000000099999999999 0.74128855798133852506 0.25028553014126930787 0.00056327823688639490 0.00786263264050580599 
0.00000000100000000000 0.96318887080661363953 0.00175164371637235379 0.00598546389490516115 0.02907402058210883586 
0.99999999600000000211 0.00000000099999999980 0.00000000099999999980 0.00000000099999999980 0.00000000099999999980 
0.00000000099999999999 0.71541226803848778637 0.28271298302989861240 0.00177053286926227892 0.00010421506235150375 
0.00000000099999999994 0.00000000099999999994 0.00000000099999999994 0.00000000099999999994 0.99999999599999989108 
0.10784212267197174073 0.43002184884891037076 0.12130707551744537853 0.11048945866664471038 0.23033949429502786899 
0.00000000099999999999 0.33187148766541735290 0.65074546821230405680 0.00000000099999999999 0.01738304212227854972 
0.00000000099999999999 0.57673456650252097333 0.37934666608230893647 0.01252480428098105489 0.03139396213418899073 
0.00000000099999999999 0.48314160737974654047 0.50171755043313981393 0.01513971017911588078 0.00000113100799789193 
0.00000000099999999999 0.66307471567156450742 0.32666406384740787061 0.01026121848102764730 0.00000000099999999999 
0.00000000099999999997 0.99999999600000011313 0.00000000099999999997 0.00000000099999999997 0.00000000099999999997 
0.00000000099999999999 0.33407700159119657624 0.65464927638469905258 0.00000000099999999999 0.01127372002410428897 
0.00000000099999999997 0.99999999600000000211 0.00000000099999999997 0.00000000099999999997 0.00000000099999999997 
0.00668523431196012523 0.63009907856903202283 0.33983822922668294186 0.00314041821244020808 0.02023703967988481692 
0.00000000099999999996 0.00000000099999999996 0.00000000099999999996 0.00000000099999999996 0.99999999599999989108 
0.00000000099999999999 0.57138223179800262663 0.40507811091318313146 0.00788992895294954137 0.01564972733586468545 
0.00000000099999999999 0.50989153222401051302 0.48527476521458484671 0.00483370056140466041 0.00000000099999999999 
0.00000000099999999999 0.37300415105402784377 0.59071246525786158532 0.00000006382574430378 0.03628331886236613180 
0.00000000099999999994 0.00000000099999999994 0.99999999600000000211 0.00000000099999999994 0.00000000099999999994 
0.00000000099999999996 0.00000000099999999996 0.99999999600000000211 0.00000000099999999996 0.00000000099999999996 
0.00000000099999999994 0.00000000099999999994 0.99999999599999989108 0.00000000099999999994 0.00000000099999999994 
0.00000000100000000000 0.51645113430992894976 0.47337695652397338009 0.00000002697453025198 0.01017188119156738763 
0.00000000099999999998 0.00000010239444185179 0.00108933209997890594 0.00000000099999999998 0.99891056350557927423 
0.00000000099999999999 0.42815651724460773719 0.53858639760145665676 0.01634764985683977850 0.01690943429709585236 
0.00000000099999999999 0.48631334358220940084 0.50074396707598478606 0.00976554863524862690 0.00317713970655721708 
0.00970187393705017678 0.67490837092516609008 0.30813704703385080830 0.00000000100000000000 0.00725270710393285858 
0.00000000099999999997 0.00000000099999999997 0.00000000099999999997 0.00000000099999999997 0.99999999600000000211 
0.01839757006003000031 0.50860837277169212989 0.44859098806415392824 0.00000000100000000000 0.02440306810412404270 
0.00000000100000000000 0.52746465305609824270 0.45819828003734008881 0.00819989140302649494 0.00613717450353523132 
0.00000000099999999999 0.41312162680738667708 0.10068691978003542487 0.00789020559314734110 0.47830124681943048115 
0.00000000099999999998 0.48856348094667456650 0.49190673694048747677 0.00000000099999999998 0.01952978011283782941 
0.99999999600000011313 0.00000000099999999981 0.00000000099999999981 0.00000000099999999981 0.00000000099999999981 
0.00000000099999999999 0.61464917608264268978 0.35507633291312662438 0.01598600746210318210 0.01428848254212760141 
0.00000000099999999997 0.99999999600000011313 0.00000000099999999997 0.00000000099999999997 0.00000000099999999997 
