0.52031654785347569714 0.00000000099999999999 0.00000000099999999999 0.01534758290780772159 0.00305640689785421091 0.46127946034086225735 
0.00000000099999999995 0.00000000099999999995 0.00000000099999999995 0.00000000099999999995 0.99999999500000003039 0.00000000099999999995 
0.00000000099999999995 0.00000000099999999995 0.00000000099999999995 0.00000000099999999995 0.99999999499999991937 0.00000000099999999995 
0.23836581423977726280 0.00000000099999999999 0.00000000099999999999 0.00300349678747515803 0.04224052940161056313 0.71639015757113688743 
0.58278912602823784717 0.00000000099999999998 0.07736405220369414748 0.00000000099999999998 0.00000000099999999998 0.33984681876806804857 
0.35686014176633684691 0.00000000099999999999 0.00000199094669471599 0.00177443535368963204 0.02992176876639861260 0.61144166216688022875 
0.00000000099999999997 0.00000000099999999997 0.00395939028616905213 0.00000000099999999997 0.99604060571383090661 0.00000000099999999997 
0.00000000099999999993 0.00000000099999999993 0.00000000099999999993 0.00000000099999999993 0.99999999499999991937 0.00000000099999999993 
0.00000000099999999999 0.00000000099999999999 0.04485155728120830687 0.01469961258453385093 0.00000000099999999999 0.94044882713425792531 
0.00000000099999999995 0.00000000099999999995 0.00000000099999999995 0.00000000099999999995 0.99999999499999991937 0.00000000099999999995 
0.00000000099999999999 0.00000000099999999999 0.05086382461753034823 0.00616075238018405288 0.00000000167283697637 0.94297541932944872745 
0.32229156262946201394 0.00000000099999999999 0.02784557798150037733 0.00666198831246303524 0.01402649443563700610 0.62917437564093747770 
0.35474641883293367428 0.00000000100000000000 0.03246327877102166831 0.00180080879445669128 0.00000000100000000000 0.61098949160158788629 
0.24712757710695998359 0.00000000100000000000 0.02931281995729509079 0.01477537430172248811 0.00192879510630024104 0.70685543252772209399 
0.21131406032753574653 0.00438308712337540530 0.03146503046543149690 0.01883118393933099627 0.00000000100000000000 0.73400663714432623497 
0.33534460468428101132 0.00000000099999999999 0.05791823616308134498 0.02559483095332991745 0.04902583037915567848 0.53211649682015194074 
0.30624145100032168498 0.00000000099999999999 0.02856285046703235797 0.00000000099999999999 0.00000001942007483949 0.66519567711257099329 
0.19506709497337459958 0.00257605232558412141 0.02985408390004426829 0.00255400600236514296 0.00000000099999999999 0.76994876179863180887 
0.26509715160662278288 0.00507206291595530163 0.00000478770500526642 0.00976291243682254027 0.00003068492409347543 0.72003240041150073925 
0.99999999500000003039 0.00000000099999999994 0.00000000099999999994 0.00000000099999999994 0.00000000099999999994 0.00000000099999999994 
0.34303578124812605932 0.00000000099999999999 0.00000000099999999999 0.00000000099999999999 0.00006061871520684477 0.65690359703666711955 
0.00000000099999999997 0.00000000099999999997 0.00000000099999999997 0.00000000099999999997 0.99999999500000003039 0.00000000099999999997 
0.00135869666922784627 0.00000000099999999999 0.02398656734772357940 0.00000000099999999999 0.02526128972719029336 0.94939344425585825427 
0.00000000099999999961 0.00000000099999999961 0.99999999500000003039 0.00000000099999999961 0.00000000099999999961 0.00000000099999999961 
0.59857715574871828146 0.00000000099999999998 0.00000000099999999998 0.00000000099999999998 0.02627106307031367230 0.37515177818096800966 
0.46429309120531780941 0.00000000099999999999 0.01687384187836836469 0.00000000120083176505 0.00000000099999999999 0.51883306371548187919 
0.00000000099999999977 0.00000000099999999977 0.00000000099999999977 0.99999999500000003039 0.00000000099999999977 0.00000000099999999977 
0.00000000099999999978 0.00000000099999999978 0.00000000099999999978 0.99999999499999991937 0.00000000099999999978 0.00000000099999999978 
0.28477765764824053418 0.00000000100000000000 0.02735273576085175268 0.00688263077604772417 0.00000000100000000000 0.68098697381485995272 
0.00000000099999999998 0.00000000099999999998 0.04199903441936314596 0.00809281625595598998 0.00000000099999999998 0.94990814632468090206 
0.43478702634901816859 0.00000000099999999998 0.03468389114988354449 0.00000000099999999998 0.01376176017762821904 0.51676732032347005852 
0.00000000099999999989 0.00000000099999999989 0.28160658909075686473 0.00000000099999999989 0.71839340690924302635 0.00000000099999999989 
0.00000000099999999979 0.00000000099999999979 0.64766772842239539454 0.35233226757760460757 0.00000000099999999979 0.00000000099999999979 
0.00000007885759516615 0.00000000099999999998 0.00000000099999999998 0.00000000099999999998 0.00000000099999999998 0.99999991714240477059 
0.00000000099999999973 0.99999999500000014141 0.00000000099999999973 0.00000000099999999973 0.00000000099999999973 0.00000000099999999973 
0.00000000099999999967 0.99999999500000003039 0.00000000099999999967 0.00000000099999999967 0.00000000099999999967 0.00000000099999999967 
0.00000000099999999967 0.99999999500000014141 0.00000000099999999967 0.00000000099999999967 0.00000000099999999967 0.00000000099999999967 
0.00000000099999999978 0.00000000099999999978 0.00000000099999999978 0.99999999499999991937 0.00000000099999999978 0.00000000099999999978 
0.00000000099999999975 0.00000000099999999975 0.00000000099999999975 0.99999999499999991937 0.00000000099999999975 0.00000000099999999975 
0.34736542475149695397 0.00000000099999999999 0.03408574268557242742 0.00000000099999999999 0.00000000099999999999 0.61854882956293044671 
0.00000000099999999996 0.00000000099999999996 0.00000000099999999996 0.00000000099999999996 0.99999999500000003039 0.00000000099999999996 
0.00000000099999999976 0.00000000099999999976 0.00000000099999999976 0.99999999499999991937 0.00000000099999999976 0.00000000099999999976 
0.13921011082274956094 0.00000000099999999999 0.05988614517533304149 0.00612881273463123689 0.01280083517672810610 0.78197409509055804122 
0.00000000099999999995 0.00000000099999999995 0.00000000099999999995 0.00000000099999999995 0.99999999500000003039 0.00000000099999999995 
0.00000000099999999979 0.00000000099999999979 0.00000000099999999979 0.99999999500000003039 0.00000000099999999979 0.00000000099999999979 
0.00000564011237625049 0.00000000099999999999 0.03977231017573518851 0.00079987428453204225 0.00877092361551705217 0.95065125081183943223 
0.00000000099999999976 0.00000000099999999976 0.00000000099999999976 0.99999999500000003039 0.00000000099999999976 0.00000000099999999976 
0.00000000099999999995 0.00000000099999999995 0.00000000099999999995 0.00000000099999999995 0.99999999499999991937 0.00000000099999999995 
0.00000000099999999992 0.00000000099999999992 0.00000000099999999992 0.00000000099999999992 0.99999999500000003039 0.00000000099999999992 
0.00000000099999999973 0.00000000099999999973 0.00000000099999999973 0.99999999499999991937 0.00000000099999999973 0.00000000099999999973 
0.00000000099999999976 0.00000000099999999976 0.00000000099999999976 0.99999999500000003039 0.00000000099999999976 0.00000000099999999976 
0.00000000099999999995 0.00000000099999999995 0.00000000099999999995 0.00000000099999999995 0.99999999499999991937 0.00000000099999999995 
0.00000000099999999996 0.00000000099999999996 0.00000000099999999996 0.00000000099999999996 0.99999999499999991937 0.00000000099999999996 
0.00000000099999999996 0.00000000099999999996 0.00000000099999999996 0.00000000099999999996 0.99999999500000003039 0.00000000099999999996 
0.00000000099999999979 0.00000000099999999979 0.00000000099999999979 0.99999999500000003039 0.00000000099999999979 0.00000000099999999979 
0.00000018877116020188 0.00000000099999999999 0.04841050624142956976 0.01406287170178868035 0.03264137911578758600 0.90488505316983391946 
0.99999999500000014141 0.00000000099999999996 0.00000000099999999996 0.00000000099999999996 0.00000000099999999996 0.00000000099999999996 
0.47522876709616346247 0.00000000099999999998 0.00747992888257736476 0.00000000099999999998 0.02386216640350433127 0.49342913561775469944 
0.23675461963978486346 0.00000000099999999999 0.00308610711924056126 0.00113648313431495996 0.01591414395407829765 0.74310864515258123753 
0.00000000099999999995 0.00000000099999999995 0.00000000099999999995 0.00000000099999999995 0.99999999499999991937 0.00000000099999999995 
0.99999999500000003039 0.00000000099999999996 0.00000000099999999996 0.00000000099999999996 0.00000000099999999996 0.00000000099999999996 
0.00000000099999999971 0.99999999500000014141 0.00000000099999999971 0.00000000099999999971 0.00000000099999999971 0.00000000099999999971 
0.53476313609829639883 0.00000000099999999998 0.00000000099999999998 0.00032495691851320901 0.00679526447089111568 0.45811664051229927797 
0.00000000099999999972 0.99999999500000014141 0.00000000099999999972 0.00000000099999999972 0.00000000099999999972 0.00000000099999999972 
0.25721110988350553983 0.00000000099999999999 0.08300924724188314674 0.00000000099999999999 0.01710554761253263792 0.64267409326207858289 
0.00000000099999999973 0.99999999500000003039 0.00000000099999999973 0.00000000099999999973 0.00000000099999999973 0.00000000099999999973 
0.42006775789442968305 0.00000000099999999999 0.00000000528109236824 0.00027770594080114180 0.01080269576167294278 0.56885183412200379660 
0.99999999500000003039 0.00000000099999999996 0.00000000099999999996 0.00000000099999999996 0.00000000099999999996 0.00000000099999999996 
0.00000000099999999994 0.00000000099999999994 0.00000000099999999994 0.00000000099999999994 0.99999999499999991937 0.00000000099999999994 
0.00000000099999999996 0.00000000099999999996 0.00000000099999999996 0.00000000099999999996 0.00000000099999999996 0.99999999500000003039 
0.00000000099999999973 0.99999999500000014141 0.00000000099999999973 0.00000000099999999973 0.00000000099999999973 0.00000000099999999973 
0.00000000099999999976 0.99999999500000003039 0.00000000099999999976 0.00000000099999999976 0.00000000099999999976 0.00000000099999999976 
0.42923464746270945103 0.00000000099999999999 0.00000000099999999999 0.00845591014017618540 0.08260219100312719831 0.47970724939398701192 
0.00000000099999999994 0.00000000099999999994 0.00000000099999999994 0.00000000099999999994 0.99999999500000003039 0.00000000099999999994 
0.00000000099999999980 0.00000000099999999980 0.00000000099999999980 0.99999999500000003039 0.00000000099999999980 0.00000000099999999980 
0.00000000099999999995 0.00000000099999999995 0.00000000099999999995 0.00000000099999999995 0.99999999499999991937 0.00000000099999999995 
0.08106178333402933034 0.00000000099999999999 0.00611741484303720065 0.00000000099999999999 0.04507286696054415426 0.86774793286238927070 
0.00000000099999999970 0.99999999500000014141 0.00000000099999999970 0.00000000099999999970 0.00000000099999999970 0.00000000099999999970 
0.00000000099999999971 0.00000000099999999971 0.00000000099999999971 0.99999999500000003039 0.00000000099999999971 0.00000000099999999971 
0.00000000099999999976 0.99999999500000003039 0.00000000099999999976 0.00000000099999999976 0.00000000099999999976 0.00000000099999999976 
0.99999999500000003039 0.00000000099999999995 0.00000000099999999995 0.00000000099999999995 0.00000000099999999995 0.00000000099999999995 
0.00000000099999999993 0.00000000099999999993 0.00000000099999999993 0.00000000099999999993 0.99999999500000003039 0.00000000099999999993 
0.00000000099999999994 0.00000000099999999994 0.00000000099999999994 0.00000000099999999994 0.99999999500000003039 0.00000000099999999994 
0.00000000099999999998 0.00000000099999999998 0.06325307196600188364 0.00000000099999999998 0.22472978127340409449 0.71201714376059410672 
0.60179006458606099095 0.00000000099999999999 0.00113805518383645323 0.01976139292467931144 0.00000002942115389083 0.37731045688426956275 
0.31205044078356880544 0.00000000099999999999 0.00000000385019437980 0.00000000099999999999 0.01170789095850597802 0.67624166240773064818 
0.24496243863968941712 0.00000000099999999999 0.00211528410108710076 0.00000000099999999999 0.02587618840539503487 0.72704608685382854372 
0.00004891123852363230 0.00000000099999999999 0.05436883165151019937 0.00000000099999999999 0.00000000099999999999 0.94558225410996621374 
0.35054250583124318963 0.00000000099999999998 0.00158834866549033911 0.00000000099999999998 0.00000000099999999998 0.64786914250326632647 
0.42754547869789860659 0.00000000099999999998 0.02302372126750731191 0.00000000099999999998 0.00434733739866898210 0.54508346063592505448 
0.42369530048446124582 0.00000000099999999999 0.00922859625080166106 0.00368021290444693790 0.00563540506899361075 0.55776048429129654327 
0.00000000099999999999 0.00000000099999999999 0.00000000099999999999 0.00000000099999999999 0.03900084614942764955 0.96099914985057244277 
0.00000000099999999995 0.00000000099999999995 0.00000000099999999995 0.00000000099999999995 0.99999999500000003039 0.00000000099999999995 
0.00260154331745270345 0.00000000099999999998 0.00000000099999999998 0.00000000099999999998 0.99739845268254712085 0.00000000099999999998 
0.00000000099999999983 0.99999999500000014141 0.00000000099999999983 0.00000000099999999983 0.00000000099999999983 0.00000000099999999983 
0.00000000099999999997 0.00000000099999999997 0.00000000099999999997 0.00000000099999999997 0.99999999500000003039 0.00000000099999999997 
0.00000000099999999998 0.00000000099999999998 0.01183698949591386294 0.00000000099999999998 0.98816300650408606110 0.00000000099999999998 
0.11680841355661840397 0.00000000099999999999 0.00383763152357032185 0.00413332969313305338 0.02436170435757229261 0.85085891986910600071 
0.00000000099999999966 0.99999999500000014141 0.00000000099999999966 0.00000000099999999966 0.00000000099999999966 0.00000000099999999966 
0.00000000099999999999 0.00000000099999999999 0.00000000099999999999 0.00212095639706352942 0.00000000099999999999 0.99787903960293655725 
0.27210183340997917689 0.00000000099999999999 0.02176376834375666480 0.00453628654023323884 0.01659053500170340131 0.68500757570432757593 
0.45901834753140585699 0.00000000100000000000 0.03382046799616192367 0.00343983565064634152 0.00000000100000000000 0.50372134682178582032 
0.40952486545656607841 0.00000000100000000000 0.02754880570655203129 0.00000069745428240988 0.01873825172321544330 0.54418737865938382470 
0.51503045587500773106 0.00000000099999999999 0.04910950401355348993 0.00000000099999999999 0.00000000099999999999 0.43586003711143883610 
0.23613778268774510138 0.00000000099999999999 0.05038281836818329917 0.00000000099999999999 0.03251611931809671174 0.68096327762597474997 
0.50037207367016900417 0.00000000099999999999 0.00888251424346706876 0.00240157016650772081 0.00000000099999999999 0.48834383991985608198 
0.39950185659421899587 0.00000000099999999999 0.02141801543289905199 0.00646251826918694747 0.00698130930227108294 0.56563629940142390318 
0.51759685599081362017 0.00000000100000000000 0.01672514316815249327 0.02789245342194157651 0.00971458063970174167 0.42807096577939052207 
0.31197285833126753296 0.00000000099999999999 0.02320892459185161516 0.01105182128138039975 0.00197389352691454802 0.65179250126858601089 
0.42384979714847975663 0.00000000099999999997 0.00000000099999999997 0.00000000099999999997 0.00000000099999999997 0.57615019885152007895 
0.99999999500000003039 0.00000000099999999997 0.00000000099999999997 0.00000000099999999997 0.00000000099999999997 0.00000000099999999997 
0.00000000099999999997 0.00000000099999999997 0.00000000099999999997 0.00396716274919417956 0.00000000099999999997 0.99603283325080582689 
0.49504200585340329965 0.00000000099999999999 0.00398566171855216107 0.00000000099999999999 0.01060640431498905377 0.49036592611305557243 
0.29434945777217758067 0.00000000099999999999 0.02433859138115186324 0.00000000099999999999 0.00000000099999999999 0.68131194784667048481 
0.93420950167001715059 0.00000000099999999996 0.06579049432998290703 0.00000000099999999996 0.00000000099999999996 0.00000000099999999996 
0.26526638571783889287 0.00000000100000000000 0.01382641725857102107 0.00482686951006558191 0.01518368961880404988 0.70089663689472059271 
0.21592625955122773940 0.00000000099999999999 0.03039120858539647377 0.00000000099999999999 0.03552570388482208241 0.71815682597855379221 
0.28513753964489613191 0.00000000099999999999 0.03867492897763799564 0.00000000099999999999 0.00000000099999999999 0.67618752837746565199 
0.00000000099999999997 0.00000000099999999997 0.00000000099999999997 0.00000000099999999997 0.02264303085341837565 0.97735696514658154666 
0.42939876480999467079 0.06877916700419291207 0.06481816165719908596 0.00000000100000000000 0.00511335995258591167 0.43189054557602746254 
0.37080681262560555300 0.00000000099999999998 0.00598103008352832838 0.00000000099999999998 0.00171447466410717237 0.62149768062675891933 
0.00000000099999999997 0.00000000099999999997 0.07677711931921671340 0.00000000099999999997 0.00000165138463541264 0.92322122629614800093 
0.19112267565723159435 0.00000000099999999998 0.04345361066218691309 0.00000000099999999998 0.01833363429226701063 0.74709007738831445522 
0.99999999500000003039 0.00000000099999999996 0.00000000099999999996 0.00000000099999999996 0.00000000099999999996 0.00000000099999999996 
0.31347053872669344843 0.00000000099999999998 0.04856018298073214862 0.00000000099999999998 0.00604738202272895719 0.63192189426984546330 
0.00000000099999999999 0.00000000099999999999 0.07120659454946261235 0.00000000099999999999 0.00000000099999999999 0.92879340145053734812 
0.24924348401538776177 0.00000000099999999999 0.02710826160920756095 0.00744930716289208227 0.01019530863043117963 0.70600363758208140030 
0.55534496613020989386 0.00000000099999999998 0.00000004783678472331 0.00000000099999999998 0.00000000099999999998 0.44465498303300543537 
0.00000000099999999997 0.00000000099999999997 0.00000000099999999997 0.00000000099999999997 0.02823867041264915140 0.97176132558735084377 
0.00000000099999999994 0.00000000099999999994 0.00000000099999999994 0.00000000099999999994 0.99999999499999991937 0.00000000099999999994 
0.00000000099999999997 0.00000000099999999997 0.00000000099999999997 0.00000000099999999997 0.99999999500000003039 0.00000000099999999997 
0.00000000099999999977 0.99999999500000014141 0.00000000099999999977 0.00000000099999999977 0.00000000099999999977 0.00000000099999999977 
0.00000000099999999972 0.00000000099999999972 0.00000000099999999972 0.99999999499999991937 0.00000000099999999972 0.00000000099999999972 
0.00000000099999999999 0.00000000099999999999 0.07919182663385178345 0.03047154712196752102 0.89033662324418061385 0.00000000099999999999 
0.49049070744482992090 0.00000000099999999998 0.00000000099999999998 0.00000000099999999998 0.00916425640620059309 0.50034503314896949799 
0.99999999500000014141 0.00000000099999999995 0.00000000099999999995 0.00000000099999999995 0.00000000099999999995 0.00000000099999999995 
0.00000000099999999999 0.00000000099999999999 0.00000141474883995174 0.00452234113188044063 0.99547624111927945911 0.00000000099999999999 
0.40311621255738061542 0.00000000099999999999 0.01165986992875210106 0.00000000099999999999 0.01608962017125414520 0.56913429534261306131 
0.48893746916899266663 0.00000000099999999998 0.02557773224946222404 0.00927209017153207173 0.00000000099999999998 0.47621270641001295365 
0.24215915708100305137 0.00000000099999999999 0.03321163239050283628 0.00100784609396893567 0.00000000099999999999 0.72362136243452512829 
0.00000000099999999970 0.99999999500000014141 0.00000000099999999970 0.00000000099999999970 0.00000000099999999970 0.00000000099999999970 
0.00000000099999999972 0.99999999500000014141 0.00000000099999999972 0.00000000099999999972 0.00000000099999999972 0.00000000099999999972 
0.00000000099999999966 0.99999999500000014141 0.00000000099999999966 0.00000000099999999966 0.00000000099999999966 0.00000000099999999966 
0.00000000099999999968 0.99999999500000003039 0.00000000099999999968 0.00000000099999999968 0.00000000099999999968 0.00000000099999999968 
0.00000000099999999968 0.99999999500000003039 0.00000000099999999968 0.00000000099999999968 0.00000000099999999968 0.00000000099999999968 
0.00000000099999999997 0.00000000099999999997 0.00000000099999999997 0.00000000099999999997 0.99999999499999991937 0.00000000099999999997 
0.24352725394553484395 0.00000000099999999999 0.04687280872468842924 0.00778207289342729321 0.00000000099999999999 0.70181786243634936007 
0.00000000099999999968 0.99999999500000014141 0.00000000099999999968 0.00000000099999999968 0.00000000099999999968 0.00000000099999999968 
0.00000000099999999973 0.99999999500000003039 0.00000000099999999973 0.00000000099999999973 0.00000000099999999973 0.00000000099999999973 
0.00000000099999999971 0.00000000099999999971 0.00000000099999999971 0.99999999499999991937 0.00000000099999999971 0.00000000099999999971 
0.00000000099999999971 0.00000000099999999971 0.00000000099999999971 0.99999999500000003039 0.00000000099999999971 0.00000000099999999971 
0.00000000099999999997 0.00000000099999999997 0.00000000099999999997 0.00000000099999999997 0.00000000099999999997 0.99999999499999991937 
0.00000000099999999971 0.99999999500000003039 0.00000000099999999971 0.00000000099999999971 0.00000000099999999971 0.00000000099999999971 
0.35712868134975733758 0.00000000099999999999 0.00000000099999999999 0.00000000099999999999 0.01713694799733590790 0.62573436765290657569 
0.30837393305759575046 0.00000000099999999999 0.01635654968497872799 0.00000000099999999999 0.00000000099999999999 0.67526951425742542945 
0.00000000099999999998 0.00000000099999999998 0.01209229735025697285 0.00000000099999999998 0.95087071753820184838 0.03703698211154111963 
0.35070074751859681150 0.00000000099999999998 0.00000000707809826469 0.00000000099999999998 0.01087832489104502420 0.63842091851225979404 
0.00000000099999999993 0.00000000099999999993 0.00000000099999999993 0.00000000099999999993 0.99999999499999991937 0.00000000099999999993 
0.31579918382348037831 0.00000000099999999999 0.04840389683566159035 0.00142913384616554558 0.00998411218137572332 0.62438367231331681761 
0.00000000099999999994 0.00000000099999999994 0.00000000099999999994 0.00000000099999999994 0.99999999499999991937 0.00000000099999999994 
0.00000000099999999999 0.00000000099999999999 0.05458441956726035188 0.01327361652926805323 0.00082307733460839022 0.93131888456886324779 
0.54098724662321584500 0.00000000099999999999 0.04985727588950843864 0.00596890735055541962 0.00000000099999999999 0.40318656813672049122 
0.00000000099999999973 0.99999999500000003039 0.00000000099999999973 0.00000000099999999973 0.00000000099999999973 0.00000000099999999973 
0.00000000099999999995 0.00000000099999999995 0.00000000099999999995 0.00000000099999999995 0.99999999499999991937 0.00000000099999999995 
0.00000000099999999969 0.99999999500000014141 0.00000000099999999969 0.00000000099999999969 0.00000000099999999969 0.00000000099999999969 
0.00000000099999999969 0.99999999500000014141 0.00000000099999999969 0.00000000099999999969 0.00000000099999999969 0.00000000099999999969 
0.28996235502487960334 0.00000000099999999999 0.05519419915800418547 0.00000000099999999999 0.00000086403350434888 0.65484257978361182229 
0.20943350534086074832 0.00000000099999999999 0.00394702532377740924 0.00000000099999999999 0.02887091279039735725 0.75774855454496459206 
0.47819284752478380396 0.00000000099999999998 0.01029763979660408904 0.00000000099999999998 0.00092564874238907279 0.51058386193622296023 
0.00000000099999999998 0.00000000099999999998 0.05307449401983899140 0.00000000099999999998 0.00000000099999999998 0.94692550198016089968 
0.42267328991544267369 0.00000000099999999999 0.04620958357361704127 0.00727796548444186592 0.00000000099999999999 0.52383915902649846874 
0.26757955433102703635 0.00000000099999999999 0.03001743628704007724 0.00632186028281598537 0.01164289383632159149 0.68443825426279525370 
0.29894168549067523522 0.00000000099999999998 0.00000000099999999998 0.00000000099999999998 0.00000000099999999998 0.70105831050932454485 
0.01683177705519974671 0.00000000099999999996 0.00000000099999999996 0.00000000099999999996 0.98316162478380730860 0.00000659516099299393 
0.49682558615977651106 0.00000000099999999998 0.00016380694557902704 0.00000000099999999998 0.00000000099999999998 0.50301060389464435918 
0.00000000099999999968 0.99999999500000014141 0.00000000099999999968 0.00000000099999999968 0.00000000099999999968 0.00000000099999999968 
0.44240558158933052102 0.00000000099999999999 0.00000000099999999999 0.00000000099999999999 0.00000000099999999999 0.55759441441066937006 
0.00000000099999999990 0.99999999500000003039 0.00000000099999999990 0.00000000099999999990 0.00000000099999999990 0.00000000099999999990 
0.00000000099999999972 0.99999999500000014141 0.00000000099999999972 0.00000000099999999972 0.00000000099999999972 0.00000000099999999972 
0.99999999500000014141 0.00000000099999999995 0.00000000099999999995 0.00000000099999999995 0.00000000099999999995 0.00000000099999999995 
0.00000000099999999998 0.00000000099999999998 0.00000000099999999998 0.00008491958027483848 0.00000000099999999998 0.99991507641972521281 
0.00224935149133114213 0.00000000099999999998 0.01371670426308293188 0.00000000099999999998 0.01762915109877022032 0.96640479114681565598 
0.00000000099999999975 0.99999999500000014141 0.00000000099999999975 0.00000000099999999975 0.00000000099999999975 0.00000000099999999975 
0.00000000099999999994 0.00000000099999999994 0.00000000099999999994 0.00000000099999999994 0.99999999499999991937 0.00000000099999999994 
0.00000000099999999995 0.00000000099999999995 0.00000000099999999995 0.00000000099999999995 0.99999999500000003039 0.00000000099999999995 
0.00000000099999999972 0.99999999500000014141 0.00000000099999999972 0.00000000099999999972 0.00000000099999999972 0.00000000099999999972 
0.00000000099999999999 0.00000000099999999999 0.00000000099999999999 0.00099071568017351395 0.00000041720943060426 0.99900886411039580004 
0.28221603530406513816 0.00000000100000000000 0.01503527534129016179 0.01452864387749110489 0.04049781333415726492 0.64772223114299631863 
0.00000000099999999973 0.99999999500000014141 0.00000000099999999973 0.00000000099999999973 0.00000000099999999973 0.00000000099999999973 
0.00000000702462140826 0.00000000099999999998 0.09623646357077594859 0.00000000099999999998 0.00000000099999999998 0.90376352640460266841 
0.00000000099999999993 0.00000000099999999993 0.00000000099999999993 0.00000000099999999993 0.99999999499999991937 0.00000000099999999993 
0.55789057997037450054 0.10312003216532676653 0.00000000099999999999 0.10516082572966982400 0.23382856013462890998 0.00000000099999999999 
0.56579713234407602584 0.00000000099999999999 0.00000000099999999999 0.00000000099999999999 0.02458088173946504362 0.40962198291645901538 
0.27163582048401602176 0.00000000099999999999 0.00000000099999999999 0.01409811380994510470 0.03587675073720058422 0.67838931296883819844 
0.45874011456606061943 0.00000000099999999999 0.00000005616397933887 0.01067644598897478196 0.00000903441883318509 0.53057434786215196265 
0.10415398879586569569 0.00000000099999999999 0.06596649072675975223 0.00373059354878020480 0.00000000099999999999 0.82614892492859426376 
0.20295384087548887231 0.00000000099999999999 0.03815864273003748836 0.00138339683609442097 0.00000000099999999999 0.75750411755837931960 
0.27491619459858274155 0.00000000099999999999 0.03703278006401924255 0.00000000099999999999 0.00000000099999999999 0.68805102233739789952 
0.24316481118212879275 0.00000000099999999999 0.07548825070318693209 0.00344002644779764759 0.00000000099999999999 0.67790690966688649244 
0.22660131147062259616 0.00525615967614366519 0.00000000100000000000 0.00581343657205548193 0.02864873012588760315 0.73368036115529067231 
0.00000000099999999995 0.00000000099999999995 0.00000000099999999995 0.00000000099999999995 0.99999999500000003039 0.00000000099999999995 
0.45774950825815269306 0.00000000099999999998 0.00000000099999999998 0.00406353066133423400 0.01811737896624225977 0.52006958011427073529 
0.00004069870883877127 0.00000000099999999999 0.02863244634624992693 0.00728601130413358312 0.00000000099999999999 0.96404084164077763486 
0.27788133079340970877 0.00000000100000000000 0.02329623673043901624 0.00216778133959913150 0.04281124533940645210 0.65384340479714564420 
0.60329701702136473429 0.00000000099999999997 0.00000000099999999997 0.00000000099999999997 0.00895027608700549662 0.38775270389162985740 
0.50313651852988716673 0.00000000099999999999 0.00000000099999999999 0.00000000099999999999 0.03445612302136085575 0.46240735544875194440 
0.99999999500000003039 0.00000000099999999993 0.00000000099999999993 0.00000000099999999993 0.00000000099999999993 0.00000000099999999993 
0.20549487686379711016 0.00000000099999999999 0.05141990214181369617 0.00000000099999999999 0.00795184689714538255 0.73513337209724383126 
0.00000236070149077891 0.00000000099999999997 0.00000000099999999997 0.00000000099999999997 0.99112904460931161577 0.00886859168919765586 
0.27276854272734341045 0.00000000099999999999 0.00000000099999999999 0.01830943048470628706 0.02262334676490259169 0.68629867802304778124 
0.43372003743491011063 0.00000000099999999999 0.03603754138555278347 0.00566356535101872512 0.00000013846452273275 0.52457871636399555637 
0.27216319330939919841 0.00993199257616108472 0.02374638982568919032 0.00000000100000000000 0.00550271790012729200 0.68865570538862319605 
0.00000000099999999997 0.00000000099999999997 0.00000000099999999997 0.00000000099999999997 0.99999999499999991937 0.00000000099999999997 
0.15875415916798557570 0.01895511882698509148 0.00000000099999999999 0.00000000099999999999 0.02613269132234632974 0.79615802868268292780 
0.28081610465142153865 0.00000000100000000000 0.04397684593021935345 0.00181692376775951982 0.00166194307835769092 0.67172818157224201130 
0.07571104061101448235 0.00000000099999999999 0.03149752861687443728 0.00680598771782498467 0.47760257511998782665 0.40838286693429842744 
0.00000000450122850624 0.00000000099999999997 0.03198191805257517145 0.00000000099999999997 0.02340450912063437791 0.94461356632556203738 
0.00000000099999999974 0.99999999500000003039 0.00000000099999999974 0.00000000099999999974 0.00000000099999999974 0.00000000099999999974 
0.00000000099999999998 0.00000000099999999998 0.00000000099999999998 0.01092631298051434906 0.02189158267914827205 0.96718210134033733016 
0.00000000099999999999 0.00000000099999999999 0.01881843466288066549 0.00000000099999999999 0.01889712588816295016 0.96228443644895644837 
