0.58174981833944350296 0.00000000099999999998 0.00000000099999999998 0.00000000099999999998 0.00595610326017573678 0.41229407240038096205 0.00000000099999999998 0.00000000099999999998 0.00000000099999999998 
0.00000000099999999993 0.00000000099999999993 0.00000000099999999993 0.99999999200000011523 0.00000000099999999993 0.00000000099999999993 0.00000000099999999993 0.00000000099999999993 0.00000000099999999993 
0.00000000099999999992 0.00000000099999999992 0.00000000099999999992 0.99999999200000000421 0.00000000099999999992 0.00000000099999999992 0.00000000099999999992 0.00000000099999999992 0.00000000099999999992 
0.48144969944144344609 0.00000000099999999998 0.00000000099999999998 0.03269842946684569512 0.00000000099999999998 0.08211120873626837069 0.11679825551774362935 0.00000000099999999998 0.28694240283769878452 
0.42082765183628056960 0.00000000099999999998 0.00000000099999999998 0.00000000099999999998 0.00000000099999999998 0.21795543695388644445 0.00000000099999999998 0.09556124987612973909 0.26565565633370319398 
0.29770792053975236868 0.00000000099999999997 0.00000000099999999997 0.01375439230365356306 0.00000000099999999997 0.34310105062237322704 0.20393921985611501713 0.00000000099999999997 0.14149741267810575507 
0.00000000099999999994 0.00000000099999999994 0.00000000099999999994 0.99999999200000011523 0.00000000099999999994 0.00000000099999999994 0.00000000099999999994 0.00000000099999999994 0.00000000099999999994 
0.00000000099999999990 0.00000000099999999990 0.00000000099999999990 0.99999999200000011523 0.00000000099999999990 0.00000000099999999990 0.00000000099999999990 0.00000000099999999990 0.00000000099999999990 
0.99999999200000011523 0.00000000099999999994 0.00000000099999999994 0.00000000099999999994 0.00000000099999999994 0.00000000099999999994 0.00000000099999999994 0.00000000099999999994 0.00000000099999999994 
0.00000000099999999993 0.00000000099999999993 0.00000000099999999993 0.99999999200000000421 0.00000000099999999993 0.00000000099999999993 0.00000000099999999993 0.00000000099999999993 0.00000000099999999993 
0.00000000212361625434 0.00000000099999999999 0.00000000099999999999 0.00000000099999999999 0.00000000099999999999 0.14429279123263363815 0.31816341270211562220 0.06426258082036961916 0.47328120912126475650 
0.26159825006765524691 0.00000000099999999997 0.00000000099999999997 0.00617349359131217669 0.00354002505018076973 0.23067600407282523589 0.18938196896355075083 0.05985906599236807263 0.24877119026210764430 
0.00000000099999999996 0.00000000099999999996 0.00000000099999999996 0.00000000099999999996 0.00000000099999999996 0.42163288682481159242 0.00000000099999999996 0.00000000099999999996 0.57836710617518838351 
0.22057605536082469655 0.00000000099999999999 0.00000000099999999999 0.00000000099999999999 0.01167802323704973493 0.16548962355961030490 0.22362989718655207350 0.06414201279337039541 0.31448438486259278069 
0.58293774048303292901 0.00000000099999999999 0.00000000099999999999 0.00000000099999999999 0.02018520488688951148 0.00000000099999999999 0.00000000099999999999 0.03059239327962798294 0.36628465635044976656 
0.25753755417410162387 0.00000000099999999998 0.00000000099999999998 0.04633247303063270373 0.02708736330985713273 0.19182300014910308450 0.14073183594435909050 0.05967177105415630983 0.27681600033779002468 
0.25984758847284911143 0.00000000099999999998 0.00000000099999999998 0.00000000099999999998 0.00000000099999999998 0.14774443370858544866 0.24844851945876506027 0.00000000353596609619 0.34395945082383427849 
0.30736253557386894464 0.00000000099999999999 0.00000000099999999999 0.00000000099999999999 0.00000000099999999999 0.24197224640229117454 0.20196252021290297951 0.08284289075469442043 0.16585980305624234421 
0.36568860415581505574 0.00000000100000000000 0.00000019231704711415 0.00000000100000000000 0.00078778666395920344 0.32517007976944378722 0.09154998662550856148 0.00888846865225988159 0.20791487981596620815 
0.58960796030049089644 0.00000000099999999994 0.00000000099999999994 0.00000000099999999994 0.00000000099999999994 0.41039203269950924602 0.00000000099999999994 0.00000000099999999994 0.00000000099999999994 
0.27572838911399116801 0.00000000099999999998 0.00000000099999999998 0.00000000099999999998 0.00000000099999999998 0.26570550336314702200 0.26859648330861879417 0.00000000099999999998 0.18996961921424276865 
0.00000000099999999994 0.00000000099999999994 0.00000000099999999994 0.98055734736882171898 0.00000000099999999994 0.01944264563117839920 0.00000000099999999994 0.00000000099999999994 0.00000000099999999994 
0.87814518894950532868 0.00000000099999999995 0.00000000099999999995 0.00000000099999999995 0.00000000099999999995 0.00000000099999999995 0.00000000099999999995 0.12185480405049486929 0.00000000099999999995 
0.00000000099999999951 0.00000000099999999951 0.00000000099999999951 0.00000000099999999951 0.00000000099999999951 0.00000000099999999951 0.00000000099999999951 0.99999999199999989319 0.00000000099999999951 
0.00000000099999999987 0.00000000099999999987 0.00000000099999999987 0.00000000099999999987 0.00000000099999999987 0.99999999200000000421 0.00000000099999999987 0.00000000099999999987 0.00000000099999999987 
0.50588997829702075926 0.00000000099999999997 0.00000000099999999997 0.00000000099999999997 0.00000000099999999997 0.24812786911513934340 0.24598214658783998376 0.00000000099999999997 0.00000000099999999997 
0.00000000099999999966 0.00000000099999999966 0.00000000099999999966 0.00000000099999999966 0.99999999200000011523 0.00000000099999999966 0.00000000099999999966 0.00000000099999999966 0.00000000099999999966 
0.00000000099999999963 0.00000000099999999963 0.00000000099999999963 0.00000000099999999963 0.99999999200000000421 0.00000000099999999963 0.00000000099999999963 0.00000000099999999963 0.00000000099999999963 
0.00000000099999999993 0.00000000099999999993 0.00000000099999999993 0.00000000099999999993 0.00000000099999999993 0.00000000099999999993 0.99999999199999989319 0.00000000099999999993 0.00000000099999999993 
0.00000000099999999988 0.00000000099999999988 0.00000000099999999988 0.00000000099999999988 0.00000000099999999988 0.00000000099999999988 0.00000000099999999988 0.00000000099999999988 0.99999999200000000421 
0.00000000099999999995 0.00000000099999999995 0.00000000099999999995 0.00000000099999999995 0.00000000099999999995 0.54000182170876087628 0.36906215414438597877 0.09093601814685321749 0.00000000099999999995 
0.00000000099999999982 0.00000000099999999982 0.00000000099999999982 0.76477946002532781744 0.00000000099999999982 0.00000000099999999982 0.00000000099999999982 0.23522053297467213073 0.00000000099999999982 
0.00000000099999999968 0.00000000099999999968 0.00000000099999999968 0.00000000099999999968 0.36570334840605467353 0.00000000099999999968 0.00000000099999999968 0.63429664459394519138 0.00000000099999999968 
0.33846546730785986856 0.00000000099999999997 0.00000000099999999997 0.00000000099999999997 0.00000000099999999997 0.00000000099999999997 0.38461319789463621621 0.00000521377452126458 0.27691611602298255024 
0.00000000099999999955 0.00000000099999999955 0.99999999200000000421 0.00000000099999999955 0.00000000099999999955 0.00000000099999999955 0.00000000099999999955 0.00000000099999999955 0.00000000099999999955 
0.00000000099999999945 0.99999999200000011523 0.00000000099999999945 0.00000000099999999945 0.00000000099999999945 0.00000000099999999945 0.00000000099999999945 0.00000000099999999945 0.00000000099999999945 
0.00000000099999999953 0.56590190827889685909 0.43409808472110328337 0.00000000099999999953 0.00000000099999999953 0.00000000099999999953 0.00000000099999999953 0.00000000099999999953 0.00000000099999999953 
0.00000000099999999968 0.00000000099999999968 0.00000000099999999968 0.00000000099999999968 0.99999999200000011523 0.00000000099999999968 0.00000000099999999968 0.00000000099999999968 0.00000000099999999968 
0.00000000099999999963 0.00000000099999999963 0.00000000099999999963 0.00000000099999999963 0.99999999200000011523 0.00000000099999999963 0.00000000099999999963 0.00000000099999999963 0.00000000099999999963 
0.47872320432054299433 0.00000000099999999997 0.00000000099999999997 0.00000000099999999997 0.00000000099999999997 0.00368838218199332799 0.31652183301553948880 0.00000000099999999997 0.20106657548192419238 
0.00000000099999999995 0.00000000099999999995 0.00000000099999999995 0.99999999200000011523 0.00000000099999999995 0.00000000099999999995 0.00000000099999999995 0.00000000099999999995 0.00000000099999999995 
0.00000000099999999964 0.00000000099999999964 0.00000000099999999964 0.00000000099999999964 0.99999999200000000421 0.00000000099999999964 0.00000000099999999964 0.00000000099999999964 0.00000000099999999964 
0.50486248182982385035 0.00000000099999999997 0.00000000099999999997 0.00519970516697436901 0.00000000099999999997 0.00000000099999999997 0.41830748529120598267 0.07163032271199605561 0.00000000099999999997 
0.00000000099999999991 0.00000000099999999991 0.00000000099999999991 0.99999999200000011523 0.00000000099999999991 0.00000000099999999991 0.00000000099999999991 0.00000000099999999991 0.00000000099999999991 
0.00000000099999999968 0.00000000099999999968 0.00000000099999999968 0.00000000099999999968 0.99999999200000000421 0.00000000099999999968 0.00000000099999999968 0.00000000099999999968 0.00000000099999999968 
0.00000000099999999996 0.00000000099999999996 0.00000000099999999996 0.00000000099999999996 0.00000000099999999996 0.00000000099999999996 0.51237177726616711659 0.00000000099999999996 0.48762821573383297036 
0.00000000099999999965 0.00000000099999999965 0.00000000099999999965 0.00000000099999999965 0.99999999200000000421 0.00000000099999999965 0.00000000099999999965 0.00000000099999999965 0.00000000099999999965 
0.00000000099999999993 0.00000000099999999993 0.00000000099999999993 0.99999999200000011523 0.00000000099999999993 0.00000000099999999993 0.00000000099999999993 0.00000000099999999993 0.00000000099999999993 
0.00000000099999999988 0.00000000099999999988 0.00000000099999999988 0.99999999200000000421 0.00000000099999999988 0.00000000099999999988 0.00000000099999999988 0.00000000099999999988 0.00000000099999999988 
0.00000000099999999960 0.00000000099999999960 0.00000000099999999960 0.00000000099999999960 0.99999999200000011523 0.00000000099999999960 0.00000000099999999960 0.00000000099999999960 0.00000000099999999960 
0.00000000099999999964 0.00000000099999999964 0.00000000099999999964 0.00000000099999999964 0.99999999200000000421 0.00000000099999999964 0.00000000099999999964 0.00000000099999999964 0.00000000099999999964 
0.00000000099999999993 0.00000000099999999993 0.00000000099999999993 0.99999999200000000421 0.00000000099999999993 0.00000000099999999993 0.00000000099999999993 0.00000000099999999993 0.00000000099999999993 
0.00000000099999999993 0.00000000099999999993 0.00000000099999999993 0.99869975273198297039 0.00000000099999999993 0.00000000099999999993 0.00130024026801716600 0.00000000099999999993 0.00000000099999999993 
0.00000000099999999994 0.00000000099999999994 0.00000000099999999994 0.99999999200000011523 0.00000000099999999994 0.00000000099999999994 0.00000000099999999994 0.00000000099999999994 0.00000000099999999994 
0.00000000099999999970 0.00000000099999999970 0.00000000099999999970 0.00000000099999999970 0.99999999200000011523 0.00000000099999999970 0.00000000099999999970 0.00000000099999999970 0.00000000099999999970 
0.00000000099999999993 0.00000000099999999993 0.00000000099999999993 0.00000000099999999993 0.00000000099999999993 0.00000000099999999993 0.00000000099999999993 0.00000000099999999993 0.99999999199999989319 
0.70756722636995772469 0.00000000099999999996 0.00000000099999999996 0.00000000099999999996 0.01278024597484444386 0.27965252165519782768 0.00000000099999999996 0.00000000099999999996 0.00000000099999999996 
0.99999999200000011523 0.00000000099999999992 0.00000000099999999992 0.00000000099999999992 0.00000000099999999992 0.00000000099999999992 0.00000000099999999992 0.00000000099999999992 0.00000000099999999992 
0.66445137854365998731 0.00000000099999999997 0.00000000099999999997 0.00000000099999999997 0.00000000099999999997 0.00000050093208460789 0.00001630843162092250 0.05021652019436827208 0.28531528789826648973 
0.00000000099999999993 0.00000000099999999993 0.00000000099999999993 0.99999999200000000421 0.00000000099999999993 0.00000000099999999993 0.00000000099999999993 0.00000000099999999993 0.00000000099999999993 
0.00000000099999999997 0.00000000099999999997 0.00000000099999999997 0.00000000099999999997 0.00000000099999999997 0.44350974953618116370 0.00000000099999999997 0.00000000099999999997 0.55649024346381881223 
0.00000000099999999960 0.49965997617798485475 0.50034001682201523220 0.00000000099999999960 0.00000000099999999960 0.00000000099999999960 0.00000000099999999960 0.00000000099999999960 0.00000000099999999960 
0.56618493609308384595 0.00000000099999999994 0.00000000099999999994 0.00000000099999999994 0.00000000099999999994 0.00003917523662326613 0.00000000099999999994 0.00000000099999999994 0.43377588267029298930 
0.00000000099999999961 0.48507962960744749337 0.51492036339255253807 0.00000000099999999961 0.00000000099999999961 0.00000000099999999961 0.00000000099999999961 0.00000000099999999961 0.00000000099999999961 
0.00000000099999999997 0.00000000099999999997 0.00000000099999999997 0.00000001030451212525 0.00000000099999999997 0.00000000099999999997 0.33954383613383559704 0.15374449551639240985 0.50671165304525989104 
0.00000000099999999954 0.00000000099999999954 0.99999999200000011523 0.00000000099999999954 0.00000000099999999954 0.00000000099999999954 0.00000000099999999954 0.00000000099999999954 0.00000000099999999954 
0.00000000099999999986 0.00000000099999999986 0.00000000099999999986 0.00000000099999999986 0.00000000099999999986 0.99999999200000000421 0.00000000099999999986 0.00000000099999999986 0.00000000099999999986 
0.00000000099999999995 0.00000000099999999995 0.00000000099999999995 0.00000000099999999995 0.00000000099999999995 0.00000000099999999995 0.91120844792593680417 0.08879154507406294972 0.00000000099999999995 
0.00000000099999999990 0.00000000099999999990 0.00000000099999999990 0.99999999200000000421 0.00000000099999999990 0.00000000099999999990 0.00000000099999999990 0.00000000099999999990 0.00000000099999999990 
0.36575501963327022859 0.00000000099999999995 0.00000000099999999995 0.00000000099999999995 0.00000000099999999995 0.00000000143185180715 0.38884361181391163820 0.00000000099999999995 0.24540136212096619328 
0.00000000099999999951 0.99999999200000011523 0.00000000099999999951 0.00000000099999999951 0.00000000099999999951 0.00000000099999999951 0.00000000099999999951 0.00000000099999999951 0.00000000099999999951 
0.00000000099999999957 0.00000000099999999957 0.99999999200000000421 0.00000000099999999957 0.00000000099999999957 0.00000000099999999957 0.00000000099999999957 0.00000000099999999957 0.00000000099999999957 
0.33045935674442938890 0.00000000099999999997 0.00000000099999999997 0.07151416330967878821 0.00165311832508096613 0.33665164967584315647 0.25972170794496762802 0.00000000099999999997 0.00000000099999999997 
0.00000000099999999991 0.00000000099999999991 0.00000000099999999991 0.99999999200000000421 0.00000000099999999991 0.00000000099999999991 0.00000000099999999991 0.00000000099999999991 0.00000000099999999991 
0.00000000099999999970 0.00000000099999999970 0.00000000099999999970 0.00000000099999999970 0.99999999200000011523 0.00000000099999999970 0.00000000099999999970 0.00000000099999999970 0.00000000099999999970 
0.00000000099999999992 0.00000000099999999992 0.00000000099999999992 0.99999999200000011523 0.00000000099999999992 0.00000000099999999992 0.00000000099999999992 0.00000000099999999992 0.00000000099999999992 
0.39265489452741181298 0.00000000099999999999 0.00000000099999999999 0.02744207239373420287 0.00000000099999999999 0.19860584186294832909 0.24865582561184118582 0.02113453222321192218 0.11150683038085236476 
0.00000000099999999952 0.00000000099999999952 0.99999999200000011523 0.00000000099999999952 0.00000000099999999952 0.00000000099999999952 0.00000000099999999952 0.00000000099999999952 0.00000000099999999952 
0.00000000099999999957 0.00000000099999999957 0.00000000099999999957 0.00000000099999999957 0.99999999200000011523 0.00000000099999999957 0.00000000099999999957 0.00000000099999999957 0.00000000099999999957 
0.00000000099999999955 0.99999999200000011523 0.00000000099999999955 0.00000000099999999955 0.00000000099999999955 0.00000000099999999955 0.00000000099999999955 0.00000000099999999955 0.00000000099999999955 
0.99999999200000022626 0.00000000099999999995 0.00000000099999999995 0.00000000099999999995 0.00000000099999999995 0.00000000099999999995 0.00000000099999999995 0.00000000099999999995 0.00000000099999999995 
0.00000000099999999989 0.00000000099999999989 0.00000000099999999989 0.99999999200000011523 0.00000000099999999989 0.00000000099999999989 0.00000000099999999989 0.00000000099999999989 0.00000000099999999989 
0.00000000099999999992 0.00000000099999999992 0.00000000099999999992 0.99999999200000011523 0.00000000099999999992 0.00000000099999999992 0.00000000099999999992 0.00000000099999999992 0.00000000099999999992 
0.00000000099999999996 0.00000000099999999996 0.00000000099999999996 0.21910120511163971857 0.00000000099999999996 0.00000000099999999996 0.46452222101128959331 0.04269267346560703946 0.27368389541146370680 
0.53120317413370232718 0.00000000099999999999 0.00000000099999999999 0.00000000099999999999 0.01654664778635500308 0.25170781776992096068 0.09539554197958498294 0.10514681433043679415 0.00000000099999999999 
0.00000000099999999974 0.00000000099999999974 0.00000000099999999974 0.00000000099999999974 0.00000000099999999974 0.00000000099999999974 0.00000000099999999974 0.99999999199999989319 0.00000000099999999974 
0.00000000099999999995 0.00000000099999999995 0.00000000099999999995 0.00000000099999999995 0.00000000099999999995 0.34025384638128297610 0.65974614661871699983 0.00000000099999999995 0.00000000099999999995 
0.35087193662659682536 0.00000000099999999998 0.00000000099999999998 0.00000000099999999998 0.00000000099999999998 0.02963913600300586634 0.28120427275356085772 0.08248941631634799931 0.25579523430048839439 
0.29763507021404467245 0.00000000099999999996 0.00000000099999999996 0.00000000099999999996 0.00000000099999999996 0.17342694037581896094 0.12537198431345270011 0.01589418846235607710 0.38767181263432742844 
0.27971789250870782162 0.00000000099999999996 0.00000000099999999996 0.00000000099999999996 0.00000000099999999996 0.27123815173018017699 0.21401830652873793381 0.01118249202601281737 0.22384315320636122282 
0.00000000099999999995 0.00000000099999999995 0.00000000099999999995 0.00000000099999999995 0.00000000099999999995 0.41556223719324592025 0.00000000099999999995 0.00000000099999999995 0.58443775580675405568 
0.19423442759160824966 0.00000000099999999999 0.00000000099999999999 0.02525812160732880327 0.00000000099999999999 0.15831294579839805259 0.29775079697832529391 0.04614770240762766651 0.27829600261671194605 
0.00000000099999999992 0.00000000099999999992 0.00000000099999999992 0.99999999200000011523 0.00000000099999999992 0.00000000099999999992 0.00000000099999999992 0.00000000099999999992 0.00000000099999999992 
0.00000000099999999996 0.00000000099999999996 0.00000000099999999996 0.95697617124420808477 0.00000000099999999996 0.00000000099999999996 0.00000000099999999996 0.04302382175579192586 0.00000000099999999996 
0.00000000099999999973 0.58090564300949409926 0.41909434999050593218 0.00000000099999999973 0.00000000099999999973 0.00000000099999999973 0.00000000099999999973 0.00000000099999999973 0.00000000099999999973 
0.00000000099999999995 0.00000000099999999995 0.00000000099999999995 0.99999999200000011523 0.00000000099999999995 0.00000000099999999995 0.00000000099999999995 0.00000000099999999995 0.00000000099999999995 
0.00000000099999999996 0.00000000099999999996 0.00000000099999999996 0.99999999200000011523 0.00000000099999999996 0.00000000099999999996 0.00000000099999999996 0.00000000099999999996 0.00000000099999999996 
0.36690122014587273069 0.00000000099999999998 0.00000000099999999998 0.01478668699260248832 0.00001018292838410969 0.05155065181134849822 0.38942323788290972297 0.00039892454407123483 0.17692909369481116255 
0.00000000099999999944 0.99999999200000022626 0.00000000099999999944 0.00000000099999999944 0.00000000099999999944 0.00000000099999999944 0.00000000099999999944 0.00000000099999999944 0.00000000099999999944 
0.54576779799904506785 0.00000000099999999997 0.00000000099999999997 0.00000000099999999997 0.00000000099999999997 0.00000000099999999997 0.45423219500095501910 0.00000000099999999997 0.00000000099999999997 
0.35364396826602795265 0.00000000099999999998 0.00000000099999999998 0.00015384591431611720 0.00000000099999999998 0.28561813777244332568 0.36058404304721247691 0.00000000099999999998 0.00000000099999999998 
0.35622835137759489843 0.00000000099999999999 0.00000000099999999999 0.00000000099999999999 0.00000000140058910274 0.28381792805062483476 0.29166376274665650747 0.06828995242453432535 0.00000000099999999999 
0.00000000099999999998 0.00000000099999999998 0.00000000099999999998 0.00000000099999999998 0.00000000099999999998 0.33748988204625746112 0.28799367088893274014 0.11712572392483383554 0.25739071813997593807 
0.61332956312250552777 0.00000000099999999996 0.00000000099999999996 0.00000000099999999996 0.00000000099999999996 0.00000000099999999996 0.30514343180363406871 0.08152699907386040667 0.00000000099999999996 
0.38918172175189846840 0.00000000099999999998 0.00000000099999999998 0.03606295326729138523 0.00000000099999999998 0.00000000107120546363 0.33320355843731225276 0.00000000099999999998 0.24155176147229243111 
0.46843671147771076546 0.00000000099999999998 0.00000000099999999998 0.00000000099999999998 0.00000000099999999998 0.29313868021993777502 0.23842095714123129335 0.00000000099999999998 0.00000364616112010696 
0.54314680387778169202 0.00000000099999999998 0.00000000099999999998 0.00000000099999999998 0.00000000099999999998 0.00000000099999999998 0.00000000099999999998 0.10027186046704904265 0.35658132965516931012 
0.18559076928823894925 0.00323434680624753394 0.00000000100000000000 0.00056819068379825976 0.02622490196737140011 0.17527117267956779378 0.30924580686431862864 0.03682758160735350589 0.26303722910310378680 
0.00000045430880442439 0.00000000099999999997 0.00000000099999999997 0.00000000099999999997 0.00000000099999999997 0.44003957516558694918 0.51212053922930178551 0.04783942629630684451 0.00000000099999999997 
0.49865346894920281606 0.00000000099999999995 0.00000000099999999995 0.00000000099999999995 0.00000000099999999995 0.08865541709377598723 0.00000000219908982146 0.00000000099999999995 0.41269110675793146958 
0.00000000099999999988 0.00000000099999999988 0.00000000099999999988 0.00000000099999999988 0.00000000099999999988 0.99999999200000000421 0.00000000099999999988 0.00000000099999999988 0.00000000099999999988 
0.31682491574568089066 0.00000000099999999996 0.00000000099999999996 0.00000000099999999996 0.00357797429788419370 0.30806108006695126500 0.00000000099999999996 0.00000000099999999996 0.37153602488948361815 
0.00000000099999999990 0.00000000099999999990 0.00000000099999999990 0.00000000099999999990 0.00000000099999999990 0.00000000099999999990 0.99999999199999989319 0.00000000099999999990 0.00000000099999999990 
0.00000000099999999996 0.00000000099999999996 0.00000000099999999996 0.00000000099999999996 0.00000000099999999996 0.00000000099999999996 0.61198384966277674657 0.00000000099999999996 0.38801614333722322936 
0.87314884091089450813 0.00000000099999999994 0.00000000099999999994 0.00000000099999999994 0.00000000099999999994 0.00000000099999999994 0.00000000099999999994 0.12685115208910563434 0.00000000099999999994 
0.00000000099999999997 0.00000000099999999997 0.00000000099999999997 0.00000000099999999997 0.00000000099999999997 0.00000000099999999997 0.69977593112954628030 0.00000000099999999997 0.30022406187045380666 
0.39500408362236349991 0.00000000099999999998 0.00000000099999999998 0.02833019180465940270 0.00000000099999999998 0.00000000100531875874 0.00000000099999999998 0.06122985855512724784 0.51543586101253091591 
0.20092007756280119701 0.00000000099999999997 0.00000000099999999997 0.00000000099999999997 0.00000000099999999997 0.00053760689307926542 0.32641919385337231363 0.01295601008528749452 0.45916710760545959014 
0.00000000099999999991 0.00000000099999999991 0.00000000099999999991 0.00000000099999999991 0.00000000099999999991 0.00000000099999999991 0.99999999199999989319 0.00000000099999999991 0.00000000099999999991 
0.26098808780780324845 0.07122948523766217677 0.00000000100000000000 0.00000000570241839929 0.00000000100000000000 0.44205373017376153877 0.00000000336698076605 0.05699054494689410194 0.16873814076447948840 
0.37484375281128023971 0.00000000099999999997 0.00000000099999999997 0.00000000099999999997 0.00000000099999999997 0.19255384954710580425 0.28899353818723283460 0.00681253938985122969 0.13679631606452963277 
0.32159157349169403828 0.00000000099999999995 0.00000000099999999995 0.00247337811835282410 0.00000000099999999995 0.09440773711872137153 0.52000406436413459943 0.06152324290709695886 0.00000000099999999995 
0.00000000099999999995 0.00000000099999999995 0.00000000099999999995 0.00000000099999999995 0.00000000099999999995 0.30527318372460898743 0.23758542994913228741 0.10784715571580631710 0.34929422561045253559 
0.29326316166345323122 0.00000000099999999997 0.00000000099999999997 0.00000000099999999997 0.00833509934459871794 0.25738410986581078399 0.00000000099999999997 0.08498159184843301350 0.35603603327770427800 
0.32781339281557525522 0.00000000099999999997 0.00000000099999999997 0.00000000099999999997 0.00000000099999999997 0.26048136524566323224 0.06517942270616379485 0.09155185358730422163 0.25497396164529334550 
0.33937517262435490384 0.00000000100000000000 0.00002727970834400976 0.00000000100000000000 0.00296697049588086001 0.03134874624644527069 0.25827643873650885098 0.01149997000693837174 0.35650542018152781010 
0.24006816931982410956 0.00000000099999999998 0.00000000099999999998 0.00460118997341198068 0.00530238735960264235 0.17368211214953152566 0.35347958713693089505 0.04757643182844696617 0.17529012023225171157 
0.00484585467066892678 0.00000000099999999995 0.00000000099999999995 0.00000000099999999995 0.00000000099999999995 0.45059962085145005561 0.32822974794192882886 0.00000000099999999995 0.21632477153595214281 
0.00000000099999999994 0.00000000099999999994 0.00000000099999999994 0.00222400341222828840 0.00000000099999999994 0.00000000099999999994 0.61681634573364318985 0.00000000099999999994 0.38095964485412858735 
0.00000000099999999992 0.00000000099999999992 0.00000000099999999992 0.99999999200000000421 0.00000000099999999992 0.00000000099999999992 0.00000000099999999992 0.00000000099999999992 0.00000000099999999992 
0.00000000099999999996 0.00000000099999999996 0.00000000099999999996 0.97628935040793851652 0.00000000099999999996 0.02371064259206160513 0.00000000099999999996 0.00000000099999999996 0.00000000099999999996 
0.00000000099999999954 0.99999999200000011523 0.00000000099999999954 0.00000000099999999954 0.00000000099999999954 0.00000000099999999954 0.00000000099999999954 0.00000000099999999954 0.00000000099999999954 
0.00000000099999999959 0.00000000099999999959 0.00000000099999999959 0.00000000099999999959 0.99999999200000000421 0.00000000099999999959 0.00000000099999999959 0.00000000099999999959 0.00000000099999999959 
0.00000000099999999999 0.00000000099999999999 0.00000000099999999999 0.89413074121736024757 0.03453536184758028427 0.06257448836673505654 0.00000000099999999999 0.00875940356832441078 0.00000000099999999999 
0.54768100432220956364 0.00000000099999999996 0.00000000099999999996 0.00545584151404276962 0.00000000099999999996 0.00000000353301782107 0.19996700885495385935 0.00000000099999999996 0.24689613777577615328 
0.37200981688706741268 0.00000000099999999999 0.00000000099999999999 0.01357877310744221543 0.00000000099999999999 0.32168351138479617246 0.15239291082858744120 0.00000000099999999999 0.14033498379210665452 
0.00000000099999999997 0.00000000099999999997 0.00000000099999999997 0.99511539140202842635 0.00488460159797158341 0.00000000099999999997 0.00000000099999999997 0.00000000099999999997 0.00000000099999999997 
0.39716587892329108245 0.00000000099999999997 0.00000000099999999997 0.00000162370435547525 0.00000000099999999997 0.28379476409146786597 0.00000000099999999997 0.00000013800283339087 0.31903759127805209062 
0.22441401404667407626 0.00000000099999999996 0.00000000099999999996 0.00000000099999999996 0.00656647438674663828 0.22735048363048820930 0.26191356516192731974 0.00000000099999999996 0.27975545877416374552 
0.37147559564065413262 0.00000000099999999997 0.00000000099999999997 0.00000000099999999997 0.00000000099999999997 0.00000000099999999997 0.00000000099999999997 0.09026696580307483342 0.53825743255627078732 
0.00000000099999999952 0.00000000099999999952 0.99999999200000000421 0.00000000099999999952 0.00000000099999999952 0.00000000099999999952 0.00000000099999999952 0.00000000099999999952 0.00000000099999999952 
0.00000000099999999954 0.00000000099999999954 0.99999999200000000421 0.00000000099999999954 0.00000000099999999954 0.00000000099999999954 0.00000000099999999954 0.00000000099999999954 0.00000000099999999954 
0.00000000099999999947 0.00000000099999999947 0.99999999200000000421 0.00000000099999999947 0.00000000099999999947 0.00000000099999999947 0.00000000099999999947 0.00000000099999999947 0.00000000099999999947 
0.00000000099999999945 0.99999999200000022626 0.00000000099999999945 0.00000000099999999945 0.00000000099999999945 0.00000000099999999945 0.00000000099999999945 0.00000000099999999945 0.00000000099999999945 
0.00000000099999999950 0.00000000099999999950 0.99999999200000000421 0.00000000099999999950 0.00000000099999999950 0.00000000099999999950 0.00000000099999999950 0.00000000099999999950 0.00000000099999999950 
0.00000000099999999996 0.00000000099999999996 0.00000000099999999996 0.99999999200000011523 0.00000000099999999996 0.00000000099999999996 0.00000000099999999996 0.00000000099999999996 0.00000000099999999996 
0.00000000099999999991 0.00000000099999999991 0.00000000099999999991 0.00000000099999999991 0.00000000099999999991 0.00000000099999999991 0.00000000099999999991 0.00000000099999999991 0.99999999199999989319 
0.00000000099999999955 0.21065289647628793190 0.78934709652371226607 0.00000000099999999955 0.00000000099999999955 0.00000000099999999955 0.00000000099999999955 0.00000000099999999955 0.00000000099999999955 
0.00000000099999999956 0.00000000099999999956 0.99999999200000011523 0.00000000099999999956 0.00000000099999999956 0.00000000099999999956 0.00000000099999999956 0.00000000099999999956 0.00000000099999999956 
0.00000000099999999957 0.00000000099999999957 0.00000000099999999957 0.00000000099999999957 0.99999999200000000421 0.00000000099999999957 0.00000000099999999957 0.00000000099999999957 0.00000000099999999957 
0.00000000099999999957 0.00000000099999999957 0.00000000099999999957 0.00000000099999999957 0.99999999200000000421 0.00000000099999999957 0.00000000099999999957 0.00000000099999999957 0.00000000099999999957 
0.60196520334354763904 0.00000000099999999996 0.00000000099999999996 0.00000000099999999996 0.00000000099999999996 0.00000000099999999996 0.00000000099999999996 0.00000000099999999996 0.39803478965645255894 
0.00000000099999999958 0.49583791915765779157 0.50416207384234223987 0.00000000099999999958 0.00000000099999999958 0.00000000099999999958 0.00000000099999999958 0.00000000099999999958 0.00000000099999999958 
0.99999999200000011523 0.00000000099999999992 0.00000000099999999992 0.00000000099999999992 0.00000000099999999992 0.00000000099999999992 0.00000000099999999992 0.00000000099999999992 0.00000000099999999992 
0.00000000099999999988 0.00000000099999999988 0.00000000099999999988 0.00000000099999999988 0.00000000099999999988 0.00000000099999999988 0.00000000099999999988 0.00000000099999999988 0.99999999200000000421 
0.00424591145071182615 0.00000000099999999996 0.00000000099999999996 0.94651745783944074564 0.00000000099999999996 0.00000000099999999996 0.00000000099999999996 0.04923662470984742356 0.00000000099999999996 
0.23678538978003718651 0.00000000099999999997 0.00000000099999999997 0.00000453768923479035 0.00000000099999999997 0.22146920918426807323 0.26819615250504430515 0.00000000099999999997 0.27354470684141568571 
0.00000000099999999988 0.00000000099999999988 0.00000000099999999988 0.99999999200000000421 0.00000000099999999988 0.00000000099999999988 0.00000000099999999988 0.00000000099999999988 0.00000000099999999988 
0.99999999200000022626 0.00000000099999999993 0.00000000099999999993 0.00000000099999999993 0.00000000099999999993 0.00000000099999999993 0.00000000099999999993 0.00000000099999999993 0.00000000099999999993 
0.00000000099999999991 0.00000000099999999991 0.00000000099999999991 0.99999999200000000421 0.00000000099999999991 0.00000000099999999991 0.00000000099999999991 0.00000000099999999991 0.00000000099999999991 
0.00000000099999999991 0.00000000099999999991 0.00000000099999999991 0.00000000099999999991 0.00000000099999999991 0.00000000099999999991 0.99999999200000000421 0.00000000099999999991 0.00000000099999999991 
0.36965391175231193666 0.00000000099999999998 0.00000000099999999998 0.00000000099999999998 0.00561741917343869072 0.28049085083196600987 0.00000018900091080374 0.00004575771992724423 0.34419186852144517674 
0.00000000099999999956 0.00000000099999999956 0.99999999200000000421 0.00000000099999999956 0.00000000099999999956 0.00000000099999999956 0.00000000099999999956 0.00000000099999999956 0.00000000099999999956 
0.00000000099999999992 0.00000000099999999992 0.00000000099999999992 0.99999999200000011523 0.00000000099999999992 0.00000000099999999992 0.00000000099999999992 0.00000000099999999992 0.00000000099999999992 
0.00000000099999999951 0.00000000099999999951 0.99999999200000000421 0.00000000099999999951 0.00000000099999999951 0.00000000099999999951 0.00000000099999999951 0.00000000099999999951 0.00000000099999999951 
0.00000000099999999946 0.99999953023089516169 0.00000046276910485973 0.00000000099999999946 0.00000000099999999946 0.00000000099999999946 0.00000000099999999946 0.00000000099999999946 0.00000000099999999946 
0.00000000099999999989 0.00000000099999999989 0.00000000099999999989 0.00000000099999999989 0.00000000099999999989 0.00000000099999999989 0.00000000099999999989 0.00000000099999999989 0.99999999200000000421 
0.00000000099999999990 0.00000000099999999990 0.00000000099999999990 0.00000000099999999990 0.00000000099999999990 0.00000000099999999990 0.99999999200000000421 0.00000000099999999990 0.00000000099999999990 
0.36822109003939951233 0.00000000099999999996 0.00000000099999999996 0.00000000099999999996 0.00000000099999999996 0.00000000099999999996 0.29979817327072860733 0.00000000099999999996 0.33198073068987171697 
0.29142692672121334185 0.00000000099999999998 0.00000000099999999998 0.00000000099999999998 0.00000000099999999998 0.12494741285207718040 0.28263157181902770487 0.05621255726677925474 0.24478152734090244391 
0.00000000099999999986 0.00000000099999999986 0.00000000099999999986 0.00000000099999999986 0.00000000099999999986 0.99999999200000000421 0.00000000099999999986 0.00000000099999999986 0.00000000099999999986 
0.35132344314744318181 0.00000000099999999995 0.00000000099999999995 0.00000000099999999995 0.00000000099999999995 0.00000000099999999995 0.64867654985255673861 0.00000000099999999995 0.00000000099999999995 
0.99999999200000011523 0.00000000099999999992 0.00000000099999999992 0.00000000099999999992 0.00000000099999999992 0.00000000099999999992 0.00000000099999999992 0.00000000099999999992 0.00000000099999999992 
0.00000000099999999994 0.00000000099999999994 0.00000000099999999994 0.96889838535065087033 0.00000000099999999994 0.03110160764934927560 0.00000000099999999994 0.00000000099999999994 0.00000000099999999994 
0.27879985138258711608 0.00000000099999999996 0.00000000099999999996 0.00000000099999999996 0.00000000099999999996 0.29029086011932153655 0.14224432390721630792 0.01100442529504849429 0.27766053529582629400 
0.00000000099999999951 0.00000000099999999951 0.99999999200000011523 0.00000000099999999951 0.00000000099999999951 0.00000000099999999951 0.00000000099999999951 0.00000000099999999951 0.00000000099999999951 
0.00000000099999999987 0.00000000099999999987 0.00000000099999999987 0.00000000099999999987 0.00000000099999999987 0.99999999200000000421 0.00000000099999999987 0.00000000099999999987 0.00000000099999999987 
0.00000000099999999985 0.50653531277890895268 0.49346468022109135632 0.00000000099999999985 0.00000000099999999985 0.00000000099999999985 0.00000000099999999985 0.00000000099999999985 0.00000000099999999985 
0.00000000099999999950 0.99999999200000011523 0.00000000099999999950 0.00000000099999999950 0.00000000099999999950 0.00000000099999999950 0.00000000099999999950 0.00000000099999999950 0.00000000099999999950 
0.37166364459255740726 0.00000000099999999997 0.00000000099999999997 0.01485782492247998687 0.00000000099999999997 0.33252904239172903500 0.00000000099999999997 0.00000000099999999997 0.28094948309323358737 
0.56752137602883678813 0.00000000099999999995 0.00000000099999999995 0.00000000099999999995 0.00000000099999999995 0.00000000099999999995 0.00000000099999999995 0.00000000099999999995 0.43247861697116352087 
0.48336003128183258060 0.00000000099999999998 0.00000000099999999998 0.00000000099999999998 0.00000000099999999998 0.14230279320960914635 0.00000000099999999998 0.02163646408514713348 0.35270070642341100342 
0.00000000099999999961 0.00000000099999999961 0.99999999200000011523 0.00000000099999999961 0.00000000099999999961 0.00000000099999999961 0.00000000099999999961 0.00000000099999999961 0.00000000099999999961 
0.00000000099999999991 0.00000000099999999991 0.00000000099999999991 0.99999999200000000421 0.00000000099999999991 0.00000000099999999991 0.00000000099999999991 0.00000000099999999991 0.00000000099999999991 
0.00000000099999999991 0.00000000099999999991 0.00000000099999999991 0.97618644396951437248 0.00000000099999999991 0.00000000099999999991 0.00000000099999999991 0.02381354903048560692 0.00000000099999999991 
0.00000000099999999960 0.57147784301176540733 0.42852214998823467962 0.00000000099999999960 0.00000000099999999960 0.00000000099999999960 0.00000000099999999960 0.00000000099999999960 0.00000000099999999960 
0.48210700971029135653 0.00000000099999999997 0.00000000099999999997 0.00000000099999999997 0.00000000099999999997 0.00000000099999999997 0.51708407363016628544 0.00000000099999999997 0.00080891065954218566 
0.00000000099999999999 0.00000000099999999999 0.00000000099999999999 0.01707353554831130341 0.00000000099999999999 0.46323167921930180624 0.51969477923238693862 0.00000000099999999999 0.00000000099999999999 
0.00000000099999999957 0.00000000099999999957 0.99999999200000000421 0.00000000099999999957 0.00000000099999999957 0.00000000099999999957 0.00000000099999999957 0.00000000099999999957 0.00000000099999999957 
0.00000000099999999996 0.00000000099999999996 0.00000000099999999996 0.00000000099999999996 0.00000000099999999996 0.00000000099999999996 0.61229251852765997910 0.11134447492988856776 0.27636300054245149793 
0.00000000099999999989 0.00000000099999999989 0.00000000099999999989 0.99999999200000000421 0.00000000099999999989 0.00000000099999999989 0.00000000099999999989 0.00000000099999999989 0.00000000099999999989 
0.00000000099999999997 0.00000000099999999997 0.10796899219772602974 0.15269574785589165589 0.08763409105601997762 0.65170116389036247817 0.00000000099999999997 0.00000000099999999997 0.00000000099999999997 
