0.02395150842110183032 0.12950063098130773498 0.57486228933621130732 0.00000000099999999998 0.06216966414291939108 0.19407774229504748398 0.00000000099999999998 0.00000000099999999998 0.00000000099999999998 0.00000000099999999998 0.01543815982341231567 
0.00000000099999999982 0.00000000099999999982 0.00000000099999999982 0.00000000099999999982 0.00000000099999999982 0.00000000099999999982 0.99999998999999994975 0.00000000099999999982 0.00000000099999999982 0.00000000099999999982 0.00000000099999999982 
0.00000000099999999984 0.00000000099999999984 0.00000000099999999984 0.00000000099999999984 0.00000000099999999984 0.00000000099999999984 0.99999999000000006077 0.00000000099999999984 0.00000000099999999984 0.00000000099999999984 0.00000000099999999984 
0.00000000099999999998 0.22727802873891864155 0.29658775063994430310 0.00000000099999999998 0.12743057369862476058 0.30951935911668809753 0.03729715879504923864 0.00000000099999999998 0.00000000099999999998 0.00000000099999999998 0.00188712401077512689 
0.02060931441525199609 0.44551778618470666560 0.46768775434777470901 0.06320754106531033256 0.00000088038619162520 0.00297671860076464435 0.00000000099999999997 0.00000000099999999997 0.00000000099999999997 0.00000000099999999997 0.00000000099999999997 
0.00336827412396104682 0.20547683533731625483 0.52497795240612155077 0.00000000099999999997 0.11756592223853079560 0.11491003236473033844 0.00000000099999999997 0.00000000099999999997 0.00000000099999999997 0.03370097761264619768 0.00000000191669389455 
0.05677416626271946515 0.00000000099999999990 0.00000000099999999990 0.00000000099999999990 0.00000000099999999990 0.00000000099999999990 0.48721096477965791793 0.00000000099999999990 0.00000000099999999990 0.45601486095762266970 0.00000000099999999990 
0.00000000099999999980 0.00000000099999999980 0.00000000099999999980 0.00000000099999999980 0.00000000099999999980 0.00000000099999999980 0.99999998999999994975 0.00000000099999999980 0.00000000099999999980 0.00000000099999999980 0.00000000099999999980 
0.00000000099999999989 0.00000000099999999989 0.00000000099999999989 0.00000000099999999989 0.99999999000000017180 0.00000000099999999989 0.00000000099999999989 0.00000000099999999989 0.00000000099999999989 0.00000000099999999989 0.00000000099999999989 
0.00000000099999999983 0.00000000099999999983 0.00000000099999999983 0.00000000099999999983 0.00000000099999999983 0.00000000099999999983 0.99999998999999994975 0.00000000099999999983 0.00000000099999999983 0.00000000099999999983 0.00000000099999999983 
0.00000000099999999997 0.00000000099999999997 0.00000000099999999997 0.00030352933512139046 0.49844866560720202386 0.50124779705767663618 0.00000000099999999997 0.00000000099999999997 0.00000000099999999997 0.00000000099999999997 0.00000000099999999997 
0.00000000099999999996 0.09314388117740843298 0.39226529964169154496 0.01033941546704057225 0.23437335821756621890 0.25296458638917196371 0.01178211731105864926 0.00000000099999999996 0.00000000099999999996 0.00000066372656564338 0.00513067506949692418 
0.00975837150799188126 0.00000000099999999999 0.33330522441403359624 0.00485535085411396491 0.34193874305926469370 0.30396786294571281895 0.00000000099999999999 0.00000000099999999999 0.00000000099999999999 0.00592885322915635837 0.00024558998972685299 
0.01459739800276481890 0.39498708787462460945 0.00000000959588972172 0.00000001068344576663 0.00425630478782782189 0.58414705073310835282 0.00000000099999999997 0.00000000099999999997 0.00000000099999999997 0.00000000099999999997 0.00201213432233894596 
0.00000000099999999998 0.00000000099999999998 0.55039203403531089531 0.02257577886495279115 0.00000054624721336974 0.41829933852905609726 0.00000000099999999998 0.00000000099999999998 0.00000000099999999998 0.00000000099999999998 0.00873229632346695858 
0.02292688388153567985 0.18611542829060892523 0.31888697270411581197 0.04420305161154685497 0.17529832433640113454 0.18821460355408325960 0.04070555575372591939 0.00000000099999999998 0.00000000099999999998 0.00015942098535204642 0.02348975688263025413 
0.00000000099999999988 0.00000000099999999988 0.00000000099999999988 0.00000000099999999988 0.99999999000000017180 0.00000000099999999988 0.00000000099999999988 0.00000000099999999988 0.00000000099999999988 0.00000000099999999988 0.00000000099999999988 
0.01462694053811782954 0.29198284481781316968 0.00000000099999999997 0.00000000099999999997 0.42800953742548741854 0.26538067021858158245 0.00000000099999999997 0.00000000099999999997 0.00000000099999999997 0.00000000099999999997 0.00000000099999999997 
0.01762309053314320417 0.25846891901945617809 0.58433523913546847606 0.00000000099999999998 0.00234468008660301472 0.13722806522532932094 0.00000000099999999998 0.00000000099999999998 0.00000000099999999998 0.00000000099999999998 0.00000000099999999998 
0.00000000099999999994 0.55537555998000831536 0.44462443101999193917 0.00000000099999999994 0.00000000099999999994 0.00000000099999999994 0.00000000099999999994 0.00000000099999999994 0.00000000099999999994 0.00000000099999999994 0.00000000099999999994 
0.00000000099999999997 0.00027866003210739760 0.37126443772708289659 0.00000000099999999997 0.21796259050438784866 0.41049430473642195549 0.00000000099999999997 0.00000000099999999997 0.00000000099999999997 0.00000000099999999997 0.00000000099999999997 
0.00000000099999999986 0.00000000099999999986 0.00000000099999999986 0.00000000099999999986 0.00000000099999999986 0.00000000099999999986 0.99999998999999994975 0.00000000099999999986 0.00000000099999999986 0.00000000099999999986 0.00000000099999999986 
0.00000000099999999989 0.00000000099999999989 0.00000000099999999989 0.00000000099999999989 0.00000000099999999989 0.99999999000000017180 0.00000000099999999989 0.00000000099999999989 0.00000000099999999989 0.00000000099999999989 0.00000000099999999989 
0.00000000099999999917 0.00000000099999999917 0.00000000099999999917 0.99999999000000006077 0.00000000099999999917 0.00000000099999999917 0.00000000099999999917 0.00000000099999999917 0.00000000099999999917 0.00000000099999999917 0.00000000099999999917 
0.01451103750775394573 0.16185069046718991714 0.22749208355050923314 0.00000000099999999996 0.40467037876258282747 0.15644270980060123732 0.00000000099999999996 0.00000000099999999996 0.00000000099999999996 0.03503309491136282622 0.00000000099999999996 
0.01750642816121011566 0.25902689789469951487 0.33702079282782215763 0.00000000099999999997 0.16498006577610294099 0.22146580934016540931 0.00000000099999999997 0.00000000099999999997 0.00000000099999999997 0.00000000099999999997 0.00000000099999999997 
0.00000000099999999956 0.00000000099999999956 0.00000000099999999956 0.00000000099999999956 0.00000000099999999956 0.00000000099999999956 0.00000000099999999956 0.00000000099999999956 0.00000000099999999956 0.00000000099999999956 0.99999998999999994975 
0.00000000099999999955 0.00000000099999999955 0.00000000099999999955 0.00000000099999999955 0.00000000099999999955 0.00000000099999999955 0.00000000099999999955 0.00000000099999999955 0.00000000099999999955 0.00000000099999999955 0.99999999000000006077 
0.03007231897831029108 0.00000000099999999998 0.30723202864628124109 0.01973655869501957788 0.16260252869746441573 0.48035655898292461963 0.00000000099999999998 0.00000000099999999998 0.00000000099999999998 0.00000000099999999998 0.00000000099999999998 
0.00000000099999999996 0.00000000099999999996 0.41316787983308400634 0.01014149925306585300 0.42133858935820783786 0.15147137349021450037 0.00000000099999999996 0.00000000099999999996 0.00000000099999999996 0.00000000099999999996 0.00388065206542797820 
0.20574047734720171676 0.00000000099999999987 0.79425951365279834349 0.00000000099999999987 0.00000000099999999987 0.00000000099999999987 0.00000000099999999987 0.00000000099999999987 0.00000000099999999987 0.00000000099999999987 0.00000000099999999987 
0.00000000099999999977 0.00000000099999999977 0.00000000099999999977 0.27293498270764399161 0.00000000099999999977 0.00000000099999999977 0.72706500829235598538 0.00000000099999999977 0.00000000099999999977 0.00000000099999999977 0.00000000099999999977 
0.00000000099999999953 0.00000000099999999953 0.00000000099999999953 0.63766099392415676039 0.00000000099999999953 0.00000000099999999953 0.00000000099999999953 0.00000000099999999953 0.00000000099999999953 0.00000000099999999953 0.36233899707584332761 
0.00000000099999999996 0.11445039273147770975 0.26857392931749074494 0.00000000099999999996 0.26791291251086357672 0.34906275844016798615 0.00000000099999999996 0.00000000099999999996 0.00000000099999999996 0.00000000099999999996 0.00000000099999999996 
0.00000000099999999941 0.00000000099999999941 0.00000000099999999941 0.00000000099999999941 0.00000000099999999941 0.00000000099999999941 0.00000000099999999941 0.00000000099999999941 0.99999998999999994975 0.00000000099999999941 0.00000000099999999941 
0.00000000099999999931 0.00000000099999999931 0.00000000099999999931 0.00000000099999999931 0.00000000099999999931 0.00000000099999999931 0.00000000099999999931 0.00000000099999999931 0.99999999000000006077 0.00000000099999999931 0.00000000099999999931 
0.00000000099999999930 0.00000000099999999930 0.00000000099999999930 0.00000000099999999930 0.00000000099999999930 0.00000000099999999930 0.00000000099999999930 0.99999998999999994975 0.00000000099999999930 0.00000000099999999930 0.00000000099999999930 
0.00000000099999999957 0.00000000099999999957 0.00000000099999999957 0.00000000099999999957 0.00000000099999999957 0.00000000099999999957 0.00000000099999999957 0.00000000099999999957 0.00000000099999999957 0.00000000099999999957 0.99999998999999994975 
0.00000000099999999951 0.00000000099999999951 0.00000000099999999951 0.00000000099999999951 0.00000000099999999951 0.00000000099999999951 0.00000000099999999951 0.00000000099999999951 0.00000000099999999951 0.00000000099999999951 0.99999998999999994975 
0.01325904417893413421 0.00000000099999999995 0.40225662713832266437 0.00000003688022641295 0.00000033145145597770 0.58448395435106081930 0.00000000099999999995 0.00000000099999999995 0.00000000099999999995 0.00000000099999999995 0.00000000099999999995 
0.00000000099999999993 0.00000000099999999993 0.00000000099999999993 0.00000000099999999993 0.00000000099999999993 0.00000000099999999993 0.41232418292276973304 0.00000000099999999993 0.00000000099999999993 0.58767580807723029945 0.00000000099999999993 
0.00000000099999999955 0.00000000099999999955 0.00000000099999999955 0.00000000099999999955 0.00000000099999999955 0.00000000099999999955 0.00000000099999999955 0.00000000099999999955 0.00000000099999999955 0.00000000099999999955 0.99999998999999994975 
0.00000000099999999990 0.00000000099999999990 0.00000000099999999990 0.00000000099999999990 0.00000000099999999990 0.99999999000000017180 0.00000000099999999990 0.00000000099999999990 0.00000000099999999990 0.00000000099999999990 0.00000000099999999990 
0.00000000099999999980 0.00000000099999999980 0.00000000099999999980 0.00000000099999999980 0.00000000099999999980 0.00000000099999999980 0.99999999000000006077 0.00000000099999999980 0.00000000099999999980 0.00000000099999999980 0.00000000099999999980 
0.00000000099999999960 0.00000000099999999960 0.00000000099999999960 0.00000000099999999960 0.00000000099999999960 0.00000000099999999960 0.00000000099999999960 0.00000000099999999960 0.00000000099999999960 0.00000000099999999960 0.99999998999999994975 
0.00000000099999999997 0.15719681464654303160 0.24477601812632429623 0.01238262373189465484 0.17488131576716350879 0.39232093118601912840 0.01551306482206206254 0.00000000099999999997 0.00000000099999999997 0.00000000099999999997 0.00292922771999333921 
0.00000000099999999954 0.00000000099999999954 0.00000000099999999954 0.00000000099999999954 0.00000000099999999954 0.00000000099999999954 0.00000000099999999954 0.00000000099999999954 0.00000000099999999954 0.00000000099999999954 0.99999999000000006077 
0.00000000099999999982 0.00000000099999999982 0.00000000099999999982 0.00000000099999999982 0.00000000099999999982 0.00000000099999999982 0.00000000099999999982 0.00000000099999999982 0.00000000099999999982 0.99999998999999994975 0.00000000099999999982 
0.00000000099999999979 0.00000000099999999979 0.00000000099999999979 0.00000000099999999979 0.00000000099999999979 0.00000000099999999979 0.00000000099999999979 0.00000000099999999979 0.00000000099999999979 0.99999998999999994975 0.00000000099999999979 
0.00000000099999999948 0.00000000099999999948 0.00000000099999999948 0.00000000099999999948 0.00000000099999999948 0.00000000099999999948 0.00000000099999999948 0.00000000099999999948 0.00000000099999999948 0.00000000099999999948 0.99999998999999994975 
0.00000000099999999952 0.00000000099999999952 0.00000000099999999952 0.00000000099999999952 0.00000000099999999952 0.00000000099999999952 0.00000000099999999952 0.00000000099999999952 0.00000000099999999952 0.00000000099999999952 0.99999999000000006077 
0.00000000099999999991 0.00000000099999999991 0.00000000099999999991 0.00000000099999999991 0.00000000099999999991 0.00000000099999999991 0.40939963166362519642 0.00000000099999999991 0.00000000099999999991 0.59060035933637478056 0.00000000099999999991 
0.00000000099999999979 0.00000000099999999979 0.00000000099999999979 0.00000000099999999979 0.00000000099999999979 0.00000000099999999979 0.00000000099999999979 0.00000000099999999979 0.00000000099999999979 0.99999999000000006077 0.00000000099999999979 
0.00000000099999999983 0.00000000099999999983 0.00000000099999999983 0.00000000099999999983 0.00000000099999999983 0.00000000099999999983 0.00000000099999999983 0.00000000099999999983 0.00000000099999999983 0.99999998999999994975 0.00000000099999999983 
0.00000000099999999961 0.00000000099999999961 0.00000000099999999961 0.00000000099999999961 0.00000000099999999961 0.00000000099999999961 0.00000000099999999961 0.00000000099999999961 0.00000000099999999961 0.00000000099999999961 0.99999999000000006077 
0.00000000099999999994 0.00000000099999999994 0.00000000099999999994 0.00000000099999999994 0.00000000099999999994 0.99999999000000017180 0.00000000099999999994 0.00000000099999999994 0.00000000099999999994 0.00000000099999999994 0.00000000099999999994 
0.00000000099999999992 0.00000000099999999992 0.00000000099999999992 0.00000000099999999992 0.00000000099999999992 0.99999999000000006077 0.00000000099999999992 0.00000000099999999992 0.00000000099999999992 0.00000000099999999992 0.00000000099999999992 
0.00000000099999999995 0.00000000099999999995 0.60572509429203114095 0.00000000099999999995 0.00000000099999999995 0.39427489670796889154 0.00000000099999999995 0.00000000099999999995 0.00000000099999999995 0.00000000099999999995 0.00000000099999999995 
0.02535233945373204650 0.00000000099999999995 0.66509379818602676337 0.00000000099999999995 0.00000000099999999995 0.30955385436024129842 0.00000000099999999995 0.00000000099999999995 0.00000000099999999995 0.00000000099999999995 0.00000000099999999995 
0.00000000099999999990 0.00000000099999999990 0.00000000099999999990 0.00000000099999999990 0.00000000099999999990 0.00000000099999999990 0.59908707839111785542 0.00000000099999999990 0.00000000099999999990 0.40091291260888201053 0.00000000099999999990 
0.00000000099999999990 0.99999999000000028282 0.00000000099999999990 0.00000000099999999990 0.00000000099999999990 0.00000000099999999990 0.00000000099999999990 0.00000000099999999990 0.00000000099999999990 0.00000000099999999990 0.00000000099999999990 
0.00000000099999999939 0.00000000099999999939 0.00000000099999999939 0.00000000099999999939 0.00000000099999999939 0.00000000099999999939 0.00000000099999999939 0.00000000099999999939 0.99999998999999994975 0.00000000099999999939 0.00000000099999999939 
0.00000000099999999983 0.99999999000000017180 0.00000000099999999983 0.00000000099999999983 0.00000000099999999983 0.00000000099999999983 0.00000000099999999983 0.00000000099999999983 0.00000000099999999983 0.00000000099999999983 0.00000000099999999983 
0.00000000099999999937 0.00000000099999999937 0.00000000099999999937 0.00000000099999999937 0.00000000099999999937 0.00000000099999999937 0.00000000099999999937 0.99999999000000006077 0.00000000099999999937 0.00000000099999999937 0.00000000099999999937 
0.02226368286714431460 0.22951479327909063421 0.33040716444723955414 0.06172163238704311827 0.34671596555188138877 0.00000000598605998068 0.00899063576223980802 0.00000000099999999997 0.00000000099999999997 0.00038611671930111719 0.00000000099999999997 
0.00000000099999999936 0.00000000099999999936 0.00000000099999999936 0.00000000099999999936 0.00000000099999999936 0.00000000099999999936 0.00000000099999999936 0.99999999000000006077 0.00000000099999999936 0.00000000099999999936 0.00000000099999999936 
0.04712296122940867749 0.32089812820108776226 0.38271051898332580921 0.00000000099999999996 0.24926838458617781025 0.00000000099999999996 0.00000000099999999996 0.00000000099999999996 0.00000000099999999996 0.00000000099999999996 0.00000000099999999996 
0.00000000099999999998 0.42152923826346960778 0.54908423360016211934 0.02486731828942830361 0.00000000099999999998 0.00000000099999999998 0.00000000099999999998 0.00000000099999999998 0.00000000099999999998 0.00451920284693997729 0.00000000099999999998 
0.00000000099999999980 0.00000000099999999980 0.00000000099999999980 0.00000000099999999980 0.00000000099999999980 0.00000000099999999980 0.99999998999999994975 0.00000000099999999980 0.00000000099999999980 0.00000000099999999980 0.00000000099999999980 
0.00000000099999999994 0.00000000099999999994 0.48722635222237731245 0.00000000099999999994 0.51277363877762272004 0.00000000099999999994 0.00000000099999999994 0.00000000099999999994 0.00000000099999999994 0.00000000099999999994 0.00000000099999999994 
0.00000000099999999940 0.00000000099999999940 0.00000000099999999940 0.00000000099999999940 0.00000000099999999940 0.00000000099999999940 0.00000000099999999940 0.00000000099999999940 0.99999998999999994975 0.00000000099999999940 0.00000000099999999940 
0.00000000099999999939 0.00000000099999999939 0.00000000099999999939 0.00000000099999999939 0.00000000099999999939 0.00000000099999999939 0.00000000099999999939 0.99999998999999994975 0.00000000099999999939 0.00000000099999999939 0.00000000099999999939 
0.00000000099999999997 0.00000005020867475817 0.54191191786553882803 0.00000000099999999997 0.37397027313731501241 0.00000000099999999997 0.00000000099999999997 0.00000000099999999997 0.00000000099999999997 0.07810781888005233209 0.00600993390841914402 
0.00000000099999999982 0.00000000099999999982 0.00000000099999999982 0.00000000099999999982 0.00000000099999999982 0.00000000099999999982 0.99999999000000006077 0.00000000099999999982 0.00000000099999999982 0.00000000099999999982 0.00000000099999999982 
0.00000000099999999961 0.00000000099999999961 0.00000000099999999961 0.00000000099999999961 0.00000000099999999961 0.00000000099999999961 0.00000000099999999961 0.00000000099999999961 0.00000000099999999961 0.00000000099999999961 0.99999998999999994975 
0.00000000099999999990 0.00000000099999999990 0.00000000099999999990 0.00000000099999999990 0.00000000099999999990 0.00000000099999999990 0.46311738447389766415 0.00000000099999999990 0.00000000099999999990 0.53688260652610231283 0.00000000099999999990 
0.03665295426588947164 0.00000000099999999998 0.58905168952706143948 0.00000138167634747863 0.26412610855382850916 0.08770470474161068397 0.00000000099999999998 0.00000000099999999998 0.00000000099999999998 0.02246315623526237010 0.00000000099999999998 
0.00000000099999999945 0.00000000099999999945 0.00000000099999999945 0.00000000099999999945 0.00000000099999999945 0.00000000099999999945 0.00000000099999999945 0.42087521670086602832 0.57912477429913400417 0.00000000099999999945 0.00000000099999999945 
0.00000000099999999944 0.00000000099999999944 0.00000000099999999944 0.00000000099999999944 0.00000000099999999944 0.00000000099999999944 0.00000000099999999944 0.00000000099999999944 0.00000000099999999944 0.00000000099999999944 0.99999998999999994975 
0.00000000099999999945 0.00000000099999999945 0.00000000099999999945 0.00000000099999999945 0.00000000099999999945 0.00000000099999999945 0.00000000099999999945 0.00000000099999999945 0.99999998999999994975 0.00000000099999999945 0.00000000099999999945 
0.00181269148993172644 0.00000000099999999998 0.70609573287991167501 0.00000000099999999998 0.28149865198937368271 0.00000000099999999998 0.00000000099999999998 0.00000000099999999998 0.00000000099999999998 0.00000000099999999998 0.01059291664078303337 
0.00000000099999999976 0.00000000099999999976 0.00000000099999999976 0.00000000099999999976 0.00000000099999999976 0.00000000099999999976 0.00000000099999999976 0.00000000099999999976 0.00000000099999999976 0.99999999000000006077 0.00000000099999999976 
0.00000000099999999978 0.00000000099999999978 0.00000000099999999978 0.00000000099999999978 0.00000000099999999978 0.00000000099999999978 0.00000000099999999978 0.00000000099999999978 0.00000000099999999978 0.99999999000000006077 0.00000000099999999978 
0.00000000099999999993 0.00000000099999999993 0.00000000099999999993 0.00003052897050886928 0.00000000099999999993 0.77714009201385736425 0.22282937101563385363 0.00000000099999999993 0.00000000099999999993 0.00000000099999999993 0.00000000099999999993 
0.00000000099999999999 0.08174509126017720506 0.48637318724374101198 0.01894986810495542795 0.24457938576451812573 0.14364970632584847521 0.00315818833282042761 0.00000000099999999999 0.00000000099999999999 0.00000000099999999999 0.02154456896793945780 
0.02818556290262622110 0.18389427122082829813 0.41870391349825203386 0.00000000099999999996 0.00000000161561624049 0.36921624476267739245 0.00000000099999999996 0.00000000099999999996 0.00000000099999999996 0.00000000099999999996 0.00000000099999999996 
0.01239790933400734992 0.20980327082286998053 0.33731390660034821227 0.00000000099999999996 0.43003098313639925854 0.00000000113959366603 0.00000049222628493066 0.00000000099999999996 0.00000000099999999996 0.01045343274049666260 0.00000000099999999996 
0.00000000099999999997 0.00000000099999999997 0.55336632490843540300 0.03155322158880718986 0.41508044550275746687 0.00000000099999999997 0.00000000099999999997 0.00000000099999999997 0.00000000099999999997 0.00000000099999999997 0.00000000099999999997 
0.00000000099999999996 0.23431261813879028510 0.31101506530866379618 0.00000000099999999996 0.25594340124145104065 0.19872890831109502052 0.00000000099999999996 0.00000000099999999996 0.00000000099999999996 0.00000000099999999996 0.00000000099999999996 
0.00000000099999999995 0.27089354161454670678 0.16230772550058455983 0.00000000099999999995 0.13027500776211103917 0.42272057851148103769 0.00000000099999999995 0.00000000099999999995 0.00000000099999999995 0.01380314061127650357 0.00000000099999999995 
0.00000000099999999994 0.00000000099999999994 0.00000000099999999994 0.00000000099999999994 0.48305663429436335177 0.51694335670563673624 0.00000000099999999994 0.00000000099999999994 0.00000000099999999994 0.00000000099999999994 0.00000000099999999994 
0.00000000099999999996 0.00000000099999999996 0.63804379655924259307 0.00000000099999999996 0.32149101367516769168 0.00000000113396174542 0.04046518163162801662 0.00000000099999999996 0.00000000099999999996 0.00000000099999999996 0.00000000099999999996 
0.00000000099999999991 0.00000000099999999991 0.00000000099999999991 0.00000000099999999991 0.00000000099999999991 0.00000000099999999991 0.60656792903284018070 0.00000000099999999991 0.00000000099999999991 0.39343206196715985179 0.00000000099999999991 
0.00000000099999999995 0.00000000099999999995 0.00000000099999999995 0.00000000099999999995 0.00000000099999999995 0.00000000099999999995 0.32665444776804980487 0.00000000099999999995 0.00000000099999999995 0.67334554323195006109 0.00000000099999999995 
0.00000000099999999956 0.00000000099999999956 0.00000000099999999956 0.00000000099999999956 0.00000000099999999956 0.00000000099999999956 0.00000000099999999956 0.99999999000000006077 0.00000000099999999956 0.00000000099999999956 0.00000000099999999956 
0.00000000099999999993 0.00000000099999999993 0.00000000099999999993 0.00000000099999999993 0.00000000099999999993 0.00000000099999999993 0.43880975148235634720 0.00000000099999999993 0.00000000099999999993 0.56119023951764346325 0.00000000099999999993 
0.00000000099999999985 0.00000000099999999985 0.00000000099999999985 0.00000000099999999985 0.00000000099999999985 0.00000000099999999985 0.00000000099999999985 0.00000000099999999985 0.00000000099999999985 0.99999998999999994975 0.00000000099999999985 
0.00804433592645583014 0.00000178767037100053 0.44930536056192266203 0.00000000099999999997 0.20921118382598591356 0.30687910541647511753 0.02572437464679861591 0.00000000099999999997 0.00000000099999999997 0.00000000099999999997 0.00083384795199096086 
0.00000000099999999928 0.00000000099999999928 0.00000000099999999928 0.00000000099999999928 0.00000000099999999928 0.00000000099999999928 0.00000000099999999928 0.99999998999999994975 0.00000000099999999928 0.00000000099999999928 0.00000000099999999928 
0.00345145369446719745 0.00000000099999999998 0.45844857062868626940 0.00000000099999999998 0.34833649688194973093 0.18969535326903080863 0.00000000099999999998 0.00000000099999999998 0.00000000099999999998 0.00000000099999999998 0.00006811952586601229 
0.01600724149266127133 0.04153984742291323001 0.60231068250020169952 0.00000000099999999997 0.32925017497844932812 0.00000174727138173465 0.01089030133439275461 0.00000000099999999997 0.00000000099999999997 0.00000000099999999997 0.00000000099999999997 
0.00497380686034356884 0.38104124642391884459 0.54741026157051586587 0.02551014695664071547 0.03956570442733343268 0.00000000099999999998 0.00000000099999999998 0.00000000099999999998 0.00000000099999999998 0.00000000099999999998 0.00149882876124757605 
0.01341540007327456444 0.00000028230308624422 0.59148415802148623932 0.03896621471261975389 0.35571055744125001929 0.00000195011953970998 0.00000000924144782940 0.00000000099999999998 0.00000000099999999998 0.00042142508729567488 0.00000000099999999998 
0.00000000099999999994 0.28719986330121499707 0.67710880149127261607 0.03569132720751266169 0.00000000099999999994 0.00000000099999999994 0.00000000099999999994 0.00000000099999999994 0.00000000099999999994 0.00000000099999999994 0.00000000099999999994 
0.01037777047488740514 0.00000000099999999998 0.32029013168672854084 0.00610820600850003025 0.27038942290441558836 0.36118799225277237186 0.03164647167269621364 0.00000000099999999998 0.00000000099999999998 0.00000000099999999998 0.00000000099999999998 
0.00000000099999999996 0.28125511174715395191 0.71874487925284624712 0.00000000099999999996 0.00000000099999999996 0.00000000099999999996 0.00000000099999999996 0.00000000099999999996 0.00000000099999999996 0.00000000099999999996 0.00000000099999999996 
0.00470485543102354235 0.52750567983343688017 0.00000000099999999996 0.00000000099999999996 0.00000000099999999996 0.46778945673553967710 0.00000000099999999996 0.00000000099999999996 0.00000000099999999996 0.00000000099999999996 0.00000000099999999996 
0.00000000099999999999 0.41334581987708574058 0.30935637362592116606 0.00133348134783025209 0.13780812291627689281 0.09137648679689175379 0.01630057960192605321 0.00000000099999999999 0.00000000099999999999 0.00002077867232222127 0.03045835416174594648 
0.00000000099999999993 0.00000000099999999993 0.99999999000000017180 0.00000000099999999993 0.00000000099999999993 0.00000000099999999993 0.00000000099999999993 0.00000000099999999993 0.00000000099999999993 0.00000000099999999993 0.00000000099999999993 
0.00000000099999999988 0.00000000099999999988 0.99999999000000006077 0.00000000099999999988 0.00000000099999999988 0.00000000099999999988 0.00000000099999999988 0.00000000099999999988 0.00000000099999999988 0.00000000099999999988 0.00000000099999999988 
0.00000000099999999991 0.99999999000000028282 0.00000000099999999991 0.00000000099999999991 0.00000000099999999991 0.00000000099999999991 0.00000000099999999991 0.00000000099999999991 0.00000000099999999991 0.00000000099999999991 0.00000000099999999991 
0.00720334624917908298 0.00000002375207978887 0.33101859376938752577 0.00000000099999999996 0.35172463788919278160 0.30246753068106418949 0.00000000099999999996 0.00000000099999999996 0.00000000099999999996 0.00000000099999999996 0.00758586265909652092 
0.00000000099999999998 0.14043345069952006821 0.43871883032579400696 0.00000000099999999998 0.41573588838347996788 0.00000000099999999998 0.00511182359120611329 0.00000000099999999998 0.00000000099999999998 0.00000000099999999998 0.00000000099999999998 
0.00000000099999999988 0.00000000099999999988 0.00000000099999999988 0.00000000099999999988 0.99999999000000017180 0.00000000099999999988 0.00000000099999999988 0.00000000099999999988 0.00000000099999999988 0.00000000099999999988 0.00000000099999999988 
0.00000000099999999989 0.99999999000000017180 0.00000000099999999989 0.00000000099999999989 0.00000000099999999989 0.00000000099999999989 0.00000000099999999989 0.00000000099999999989 0.00000000099999999989 0.00000000099999999989 0.00000000099999999989 
0.02665965654963176751 0.22981360468195466407 0.37069776143983934613 0.01045286188667736427 0.14130649141333298524 0.22106471886269901672 0.00000490116586482961 0.00000000099999999999 0.00000000099999999999 0.00000000099999999999 0.00000000099999999999 
0.00000000099999999999 0.08219637921968128702 0.24771176298262387316 0.02142437226866940325 0.23137606828723444874 0.39061225829419637945 0.00000000099999999999 0.00000000099999999999 0.00000000099999999999 0.02667915394759471509 0.00000000099999999999 
0.00000000099999999991 0.00000000099999999991 0.00000000099999999991 0.00000000099999999991 0.00000000099999999991 0.99999999000000006077 0.00000000099999999991 0.00000000099999999991 0.00000000099999999991 0.00000000099999999991 0.00000000099999999991 
0.00000000099999999996 0.14309682377889268445 0.37804829337966383562 0.00000000099999999996 0.46022829410269661121 0.00000000099999999996 0.00000000099999999996 0.00000000099999999996 0.00000000099999999996 0.01862658173874709791 0.00000000099999999996 
0.00000000100000000000 0.15847214222521238680 0.33164826307767247826 0.06429113219198463736 0.18572513020875100476 0.18247239861045339016 0.00641131671364430361 0.00000000130167427645 0.07097961214185331824 0.00000000152875419663 0.00000000100000000000 
0.01800222526603295625 0.20183195969736733577 0.47621781611887420427 0.00000000099999999996 0.30394799191772575719 0.00000000099999999996 0.00000000099999999996 0.00000000099999999996 0.00000000099999999996 0.00000000099999999996 0.00000000099999999996 
0.01921358583224837616 0.00000000099999999995 0.28555443362388555073 0.02683327821726328929 0.48694770342428950194 0.17759248635877289413 0.00000000099999999995 0.00000000099999999995 0.00000000099999999995 0.00385850754354043245 0.00000000099999999995 
0.00000000099999999989 0.00000000099999999989 0.00000000099999999989 0.00000000099999999989 0.99999999000000017180 0.00000000099999999989 0.00000000099999999989 0.00000000099999999989 0.00000000099999999989 0.00000000099999999989 0.00000000099999999989 
0.01523525244541198281 0.16777739674558134197 0.19849514267247045374 0.00923482667936546125 0.27638107637311848386 0.32262728980087862496 0.00000000099999999997 0.00000000099999999997 0.00000000099999999997 0.00000000099999999997 0.01024901128317378708 
0.00000000099999999996 0.27628644747672242987 0.10687516966556363796 0.02246397258407556788 0.13067968609323027396 0.45691899204585084693 0.00000000099999999996 0.00000000099999999996 0.00000000099999999996 0.00677572713455734145 0.00000000099999999996 
0.00000000099999999992 0.00000000099999999992 0.00000000099999999992 0.00000000099999999992 0.99999999000000006077 0.00000000099999999992 0.00000000099999999992 0.00000000099999999992 0.00000000099999999992 0.00000000099999999992 0.00000000099999999992 
0.00723521999945127801 0.19349508041633489697 0.19998751184195803776 0.02849589303440725266 0.23754944891921150885 0.32846530398433526621 0.00477150203407488305 0.00000000099999999998 0.00000000099999999998 0.00000000099999999998 0.00000003677022685570 
0.00000000099999999994 0.53016691721477327004 0.00000000099999999994 0.00000000099999999994 0.46983307378522692899 0.00000000099999999994 0.00000000099999999994 0.00000000099999999994 0.00000000099999999994 0.00000000099999999994 0.00000000099999999994 
0.00000000099999999995 0.00000000099999999995 0.39227838298668377126 0.00000000099999999995 0.31307705282071285335 0.26435321817481172157 0.03029133901779181362 0.00000000099999999995 0.00000000099999999995 0.00000000099999999995 0.00000000099999999995 
0.00000000099999999980 0.00000000099999999980 0.00000000099999999980 0.00000000099999999980 0.00000000099999999980 0.00000000099999999980 0.00000000099999999980 0.00000000099999999980 0.00000000099999999980 0.99999998999999994975 0.00000000099999999980 
0.00000000099999999995 0.00000000099999999995 0.00000000099999999995 0.00000000099999999995 0.00000000099999999995 0.00000000099999999995 0.41365040701467492568 0.00000000099999999995 0.00000000099999999995 0.58634958398532488477 0.00000000099999999995 
0.00000000099999999949 0.00000000099999999949 0.00000000099999999949 0.00000000099999999949 0.00000000099999999949 0.00000000099999999949 0.00000000099999999949 0.00000000099999999949 0.99999998999999994975 0.00000000099999999949 0.00000000099999999949 
0.00000000099999999947 0.00000000099999999947 0.00000000099999999947 0.00000000099999999947 0.00000000099999999947 0.00000000099999999947 0.00000000099999999947 0.00000000099999999947 0.00000000099999999947 0.00000000099999999947 0.99999998999999994975 
0.12976538589325198325 0.00000000099999999996 0.00000000099999999996 0.00001315418829422382 0.00000000099999999996 0.00000000099999999996 0.31545156512366501200 0.00000000099999999996 0.00000000099999999996 0.55476988779478864089 0.00000000099999999996 
0.00000000099999999995 0.55589501067851865290 0.00000000099999999995 0.00000000099999999995 0.00000000099999999995 0.44410498032148149061 0.00000000099999999995 0.00000000099999999995 0.00000000099999999995 0.00000000099999999995 0.00000000099999999995 
0.00000000099999999987 0.99999999000000028282 0.00000000099999999987 0.00000000099999999987 0.00000000099999999987 0.00000000099999999987 0.00000000099999999987 0.00000000099999999987 0.00000000099999999987 0.00000000099999999987 0.00000000099999999987 
0.02495354322735163222 0.00000000099999999994 0.00000000099999999994 0.00000000099999999994 0.00000000099999999994 0.00000000099999999994 0.31498787714273157601 0.00000000099999999994 0.00000000099999999994 0.66005857162991654619 0.00000000099999999994 
0.00000000099999999993 0.00000000099999999993 0.99999999000000006077 0.00000000099999999993 0.00000000099999999993 0.00000000099999999993 0.00000000099999999993 0.00000000099999999993 0.00000000099999999993 0.00000000099999999993 0.00000000099999999993 
0.00000000099999999996 0.29268710696977734420 0.23312556006626986016 0.00056735796889710328 0.38009248199025708059 0.07332180667126911300 0.00000000099999999996 0.00000000099999999996 0.00000000099999999996 0.00955753654739297138 0.01064814578613662056 
0.02698128976701631015 0.30652762324403570737 0.00000000099999999994 0.00461394790634239802 0.00000000099999999994 0.66187713208260556819 0.00000000099999999994 0.00000000099999999994 0.00000000099999999994 0.00000000099999999994 0.00000000099999999994 
0.00000000099999999934 0.00000000099999999934 0.00000000099999999934 0.00000000099999999934 0.00000000099999999934 0.00000000099999999934 0.00000000099999999934 0.99999998999999994975 0.00000000099999999934 0.00000000099999999934 0.00000000099999999934 
0.00000000099999999947 0.00000000099999999947 0.00000000099999999947 0.00000000099999999947 0.00000000099999999947 0.00000000099999999947 0.00000000099999999947 0.66068082383332704666 0.33931916716667298584 0.00000000099999999947 0.00000000099999999947 
0.00000000099999999928 0.00000000099999999928 0.00000000099999999928 0.00000000099999999928 0.00000000099999999928 0.00000000099999999928 0.00000000099999999928 0.99999999000000006077 0.00000000099999999928 0.00000000099999999928 0.00000000099999999928 
0.00000000099999999932 0.00000000099999999932 0.00000000099999999932 0.00000000099999999932 0.00000000099999999932 0.00000000099999999932 0.00000000099999999932 0.00000000099999999932 0.99999999000000006077 0.00000000099999999932 0.00000000099999999932 
0.00000000099999999932 0.00000000099999999932 0.00000000099999999932 0.00000000099999999932 0.00000000099999999932 0.00000000099999999932 0.00000000099999999932 0.99999999000000006077 0.00000000099999999932 0.00000000099999999932 0.00000000099999999932 
0.00970727325416388155 0.00000000099999999994 0.00000000099999999994 0.00000000099999999994 0.00000000099999999994 0.00000000099999999994 0.35952690522894198422 0.00000000099999999994 0.00000000099999999994 0.63076581351689398058 0.00000000099999999994 
0.01218916074310268452 0.00000000099999999999 0.35359482496958055675 0.01612861158723822436 0.33213160819934411938 0.28172592899042403491 0.00000000099999999999 0.00000000099999999999 0.00000000099999999999 0.00000000099999999999 0.00422986051031065593 
0.00000000099999999942 0.00000000099999999942 0.00000000099999999942 0.00000000099999999942 0.00000000099999999942 0.00000000099999999942 0.00000000099999999942 0.37112726938642476293 0.62887272161357532507 0.00000000099999999942 0.00000000099999999942 
0.00000000099999999938 0.00000000099999999938 0.00000000099999999938 0.00000000099999999938 0.00000000099999999938 0.00000000099999999938 0.00000000099999999938 0.99999998999999994975 0.00000000099999999938 0.00000000099999999938 0.00000000099999999938 
0.00000000099999999945 0.00000000099999999945 0.00000000099999999945 0.00000000099999999945 0.00000000099999999945 0.00000000099999999945 0.00000000099999999945 0.00000000099999999945 0.00000000099999999945 0.00000000099999999945 0.99999999000000006077 
0.00000000099999999945 0.00000000099999999945 0.00000000099999999945 0.00000000099999999945 0.00000000099999999945 0.00000000099999999945 0.00000000099999999945 0.00000000099999999945 0.00000000099999999945 0.00000000099999999945 0.99999998999999994975 
0.00000000099999999987 0.00000000099999999987 0.00000000099999999987 0.00000000099999999987 0.00000000099999999987 0.99999999000000017180 0.00000000099999999987 0.00000000099999999987 0.00000000099999999987 0.00000000099999999987 0.00000000099999999987 
0.00000000099999999936 0.00000000099999999936 0.00000000099999999936 0.00000000099999999936 0.00000000099999999936 0.00000000099999999936 0.00000000099999999936 0.99999998999999994975 0.00000000099999999936 0.00000000099999999936 0.00000000099999999936 
0.00000000099999999996 0.00000000099999999996 0.43378444455759213039 0.00000000099999999996 0.56621554644240801313 0.00000000099999999996 0.00000000099999999996 0.00000000099999999996 0.00000000099999999996 0.00000000099999999996 0.00000000099999999996 
0.00000000099999999987 0.99999999000000017180 0.00000000099999999987 0.00000000099999999987 0.00000000099999999987 0.00000000099999999987 0.00000000099999999987 0.00000000099999999987 0.00000000099999999987 0.00000000099999999987 0.00000000099999999987 
0.00000000099999999995 0.00000000099999999995 0.00000000099999999995 0.00000000099999999995 0.05277536725167832066 0.00000000099999999995 0.63918642580405871101 0.00000000099999999995 0.00000000099999999995 0.30803819894426293091 0.00000000099999999995 
0.00000000099999999987 0.00000000099999999987 0.00000000099999999987 0.00000000099999999987 0.99999999000000006077 0.00000000099999999987 0.00000000099999999987 0.00000000099999999987 0.00000000099999999987 0.00000000099999999987 0.00000000099999999987 
