0.98898840695647305399 0.00000000099999999998 0.01101159004352690769 0.00000000099999999998 0.00000000099999999998 
0.00000000099999999996 0.00000000099999999996 0.00000000099999999996 0.99999999600000000211 0.00000000099999999996 
0.00000000099999999996 0.00000000099999999996 0.00000000099999999996 0.99999999599999989108 0.00000000099999999996 
0.65661492975863233745 0.00000000099999999999 0.00185860365805085568 0.03191096785974992939 0.30961549772356700139 
0.60869238772622125122 0.00000000100000000000 0.01021164726150468501 0.00000000100000000000 0.38109596301227410819 
0.52288847321229137144 0.00000000099999999999 0.00283810533602979562 0.02509777406102633654 0.44917564639065254983 
0.00000000099999999997 0.00000000099999999997 0.00000000099999999997 0.99999999599999989108 0.00000000099999999997 
0.00000000099999999995 0.00000000099999999995 0.00000000099999999995 0.99999999599999989108 0.00000000099999999995 
0.00000000099999999996 0.00000000099999999996 0.00000000099999999996 0.00000000099999999996 0.99999999599999989108 
0.00000000099999999996 0.00000000099999999996 0.00000000099999999996 0.99999999599999989108 0.00000000099999999996 
0.50208179370452010737 0.00000000099999999999 0.00837132210193613016 0.01338865830068688284 0.47615822489285702934 
0.61538358705851292640 0.00000000099999999999 0.00671698463679296000 0.01348145970715036897 0.36441796759754396806 
0.49929471350096815696 0.00000000100000000000 0.00450906528391897474 0.00000000442901327482 0.49619621578609968138 
0.49380447390637816074 0.00000000100000000000 0.01559178686780496662 0.00281768458666914641 0.48778605363914762094 
0.99424640481293669048 0.00000000099999999999 0.00575359218706326687 0.00000000099999999999 0.00000000099999999999 
0.47887442822881154392 0.00000000099999999999 0.02948342234431494333 0.05569281422701303358 0.43594933419986053869 
0.58732558852285021711 0.00000000099999999999 0.00000000099999999999 0.00000538123287727915 0.41266902824427265095 
0.00000000099999999996 0.00000000099999999996 0.00000000099999999996 0.00000000099999999996 0.99999999599999989108 
0.57944643265244122343 0.00656078528219562924 0.00770434223237217129 0.00000000100000000000 0.40628843883299109452 
0.99999999600000011313 0.00000000099999999996 0.00000000099999999996 0.00000000099999999996 0.00000000099999999996 
0.57203886325828667836 0.00000000099999999999 0.00000000099999999999 0.00000000099999999999 0.42796113374171335098 
0.00000000099999999997 0.00000000099999999997 0.00000000099999999997 0.99999999599999989108 0.00000000099999999997 
0.53487443180396920805 0.00000000099999999999 0.00000000099999999999 0.02327764174771144307 0.44184792444831944014 
0.00000000099999999994 0.00000000099999999994 0.00000000099999999994 0.00000000099999999994 0.99999999599999989108 
0.61212384355141358228 0.00000000099999999998 0.00000000099999999998 0.02607443287127796452 0.36180172157730855487 
0.61791603687537643985 0.00000000099999999999 0.00095991209464807274 0.00000000099999999999 0.38112404902997543132 
0.00000000099999999983 0.00000000099999999983 0.99999999599999989108 0.00000000099999999983 0.00000000099999999983 
0.00000000099999999980 0.00000000099999999980 0.99999999599999989108 0.00000000099999999980 0.00000000099999999980 
0.53802738937180860646 0.00000000100000000000 0.00720063973600712764 0.00000000100000000000 0.45477196889218435283 
0.51445517475138857755 0.00000000099999999999 0.00984552236715897401 0.00000000099999999999 0.47569930088145256919 
0.60904838111214587570 0.00000000099999999999 0.00000000099999999999 0.01991254638066819460 0.37103907050718604177 
0.00000000099999999997 0.00000000099999999997 0.00000000099999999997 0.98980160098160230309 0.01019839601839773492 
0.00000000099999999995 0.00000000099999999995 0.35562474853962522392 0.20093780047223672169 0.44343744898813797217 
0.58211694346527975696 0.00000000099999999999 0.00000000099999999999 0.00000000099999999999 0.41788305353472038339 
0.00000000099999999980 0.99999999600000011313 0.00000000099999999980 0.00000000099999999980 0.00000000099999999980 
0.00000000099999999975 0.99999999600000000211 0.00000000099999999975 0.00000000099999999975 0.00000000099999999975 
0.00000000099999999975 0.99999999600000000211 0.00000000099999999975 0.00000000099999999975 0.00000000099999999975 
0.00000000099999999984 0.00000000099999999984 0.99999999600000000211 0.00000000099999999984 0.00000000099999999984 
0.00000000099999999982 0.00000000099999999982 0.99999999600000000211 0.00000000099999999982 0.00000000099999999982 
0.50580322650973696952 0.00000000099999999999 0.00000000099999999999 0.00000000099999999999 0.49419677049026300431 
0.00000000099999999997 0.00000000099999999997 0.00000000099999999997 0.99999999600000000211 0.00000000099999999997 
0.00000000099999999982 0.00000000099999999982 0.99999999599999989108 0.00000000099999999982 0.00000000099999999982 
0.51342691478955859719 0.00000000099999999999 0.00860186850960838190 0.02145599699897850210 0.45651521870185457486 
0.00000000099999999995 0.00000000099999999995 0.00000000099999999995 0.99999999600000000211 0.00000000099999999995 
0.00000000099999999985 0.00000000099999999985 0.99999999600000000211 0.00000000099999999985 0.00000000099999999985 
0.99999999600000000211 0.00000000099999999997 0.00000000099999999997 0.00000000099999999997 0.00000000099999999997 
0.00000000099999999983 0.00000000099999999983 0.99999999600000000211 0.00000000099999999983 0.00000000099999999983 
0.00000000099999999996 0.00000000099999999996 0.00000000099999999996 0.99999999600000000211 0.00000000099999999996 
0.00000000099999999994 0.00000000099999999994 0.00000000099999999994 0.99999999599999989108 0.00000000099999999994 
0.00000000099999999980 0.00000000099999999980 0.99999999600000000211 0.00000000099999999980 0.00000000099999999980 
0.00000000099999999982 0.00000000099999999982 0.99999999600000000211 0.00000000099999999982 0.00000000099999999982 
0.00000000099999999996 0.00000000099999999996 0.00000000099999999996 0.99999999600000000211 0.00000000099999999996 
0.00000000099999999996 0.00000000099999999996 0.00000000099999999996 0.99999999600000000211 0.00000000099999999996 
0.00000000099999999997 0.00000000099999999997 0.00000000099999999997 0.99999999600000000211 0.00000000099999999997 
0.00000000099999999985 0.00000000099999999985 0.99999999600000000211 0.00000000099999999985 0.00000000099999999985 
0.34688776961240663788 0.00000000100000000000 0.01505949713454549782 0.04359359409716543482 0.59445913815588258267 
0.56867252616155516964 0.00000000100000000000 0.02683477386264684558 0.00000000100000000000 0.40449269797579801011 
0.99999999600000000211 0.00000000099999999995 0.00000000099999999995 0.00000000099999999995 0.00000000099999999995 
0.62878013134301835585 0.00000000099999999999 0.00140587993166167127 0.00693974957276165868 0.36287423815255820392 
0.00000000099999999996 0.00000000099999999996 0.00000000099999999996 0.99999999600000000211 0.00000000099999999996 
0.62266542037648131558 0.00000000100000000000 0.00561195534744177334 0.00000000100000000000 0.37172262227607683061 
0.00000000099999999979 0.99999999600000000211 0.00000000099999999979 0.00000000099999999979 0.00000000099999999979 
0.49575595203299999136 0.00000000099999999998 0.00659996622791709196 0.00535657423579991888 0.49228750650328290117 
0.00000000099999999979 0.99999999600000000211 0.00000000099999999979 0.00000000099999999979 0.00000000099999999979 
0.49762907518680987717 0.00000000100000000000 0.00000000100000000000 0.03652611185545810712 0.46584481095773189185 
0.00000000099999999980 0.99999999600000011313 0.00000000099999999980 0.00000000099999999980 0.00000000099999999980 
0.51806753510855696465 0.00000000099999999999 0.00276753571265439622 0.00520175767733038752 0.47396317050145830851 
0.99999999600000011313 0.00000000099999999998 0.00000000099999999998 0.00000000099999999998 0.00000000099999999998 
0.00000000099999999994 0.00000000099999999994 0.00000000099999999994 0.99999999600000000211 0.00000000099999999994 
0.56116954759413029130 0.00000000099999999998 0.00000000099999999998 0.00000000099999999998 0.43883044940586979354 
0.00000000099999999980 0.99999999600000011313 0.00000000099999999980 0.00000000099999999980 0.00000000099999999980 
0.00000000099999999982 0.99999999600000011313 0.00000000099999999982 0.00000000099999999982 0.00000000099999999982 
0.64230205112213167862 0.00000000099999999999 0.00976070338781641691 0.07798919823740847745 0.26994804625264362530 
0.00000000099999999995 0.00000000099999999995 0.00000000099999999995 0.99999999599999989108 0.00000000099999999995 
0.00000000099999999985 0.00000000099999999985 0.99999999599999989108 0.00000000099999999985 0.00000000099999999985 
0.00000000099999999995 0.00000000099999999995 0.00000000099999999995 0.99999999599999989108 0.00000000099999999995 
0.41174573902437294759 0.00000000100000000000 0.00000000100000000000 0.03856165697955512423 0.54969260199607183903 
0.00000000099999999978 0.99999999600000000211 0.00000000099999999978 0.00000000099999999978 0.00000000099999999978 
0.00000000099999999979 0.00000000099999999979 0.99999999600000000211 0.00000000099999999979 0.00000000099999999979 
0.00000000099999999982 0.99999999600000000211 0.00000000099999999982 0.00000000099999999982 0.00000000099999999982 
0.71905033749810787214 0.00000000100000000000 0.01906796600366425509 0.00000000100000000000 0.26188169449822795709 
0.00000000099999999994 0.00000000099999999994 0.00000000099999999994 0.99999999600000000211 0.00000000099999999994 
0.00000000099999999995 0.00000000099999999995 0.00000000099999999995 0.99999999600000000211 0.00000000099999999995 
0.43030392603466327550 0.00000000099999999999 0.00193150516277047031 0.22981383773393326830 0.33795073006863279863 
0.50828839195205577361 0.00000000099999999999 0.02229383538375062992 0.00083748875208819289 0.46858028291210535032 
0.64414913825639508183 0.00000000099999999999 0.00000000099999999999 0.00601296489104909040 0.34983789485255584184 
0.59999065764150305569 0.00000000099999999999 0.00000000099999999999 0.01868054981029974165 0.38132879054819729392 
0.48542381671228301832 0.00000000099999999999 0.00000000099999999999 0.00000000099999999999 0.51457618028771678897 
0.55900748423877588689 0.00000000099999999998 0.00000000099999999998 0.00000000099999999998 0.44099251276122425347 
0.50150925005843993709 0.00000000099999999998 0.00000000099999999998 0.00713012760393375283 0.49136062033762623047 
0.43606125773958687164 0.00000000099999999999 0.00582869204004706279 0.00889569255459303834 0.54921435666577300694 
0.58075787116442434410 0.00000000099999999999 0.00000000099999999999 0.03381867889361285517 0.38542344794196276014 
0.00000000099999999996 0.00000000099999999996 0.00000000099999999996 0.99999999600000000211 0.00000000099999999996 
0.00275780774212735494 0.00000000099999999998 0.00000000099999999998 0.99724218925787255774 0.00000000099999999998 
0.00000000099999999988 0.99999999600000011313 0.00000000099999999988 0.00000000099999999988 0.00000000099999999988 
0.00000000099999999997 0.00000000099999999997 0.00000000099999999997 0.99999999600000000211 0.00000000099999999997 
0.00000248960397664859 0.00000000099999999998 0.00000000099999999998 0.99999750739602322192 0.00000000099999999998 
0.40802384315839113071 0.00000000099999999999 0.00100256165950258222 0.01923977206634449807 0.57173382211576195822 
0.00000000099999999975 0.99999999600000011313 0.00000000099999999975 0.00000000099999999975 0.00000000099999999975 
0.46535880839709553580 0.00000000099999999999 0.00356877841871285680 0.00000000099999999999 0.53107241118419157289 
0.41022105308581219285 0.00000000099999999999 0.00213987990997165653 0.01384057325407068821 0.57379849275014538357 
0.68922121425678961604 0.00000000100000000000 0.00477006998178074963 0.00000000100000000000 0.30600871376142951830 
0.59090544546222734112 0.00000000100000000000 0.00319529511967472967 0.01979456597322044528 0.38610469244487743978 
0.60265234005697421171 0.00000000100000000000 0.00000000100000000000 0.00000000100000000000 0.39734765694302576211 
0.46244904728702879160 0.00000000099999999999 0.00000000099999999999 0.03741193323527880477 0.50013901747769240469 
0.99999999600000011313 0.00000000099999999997 0.00000000099999999997 0.00000000099999999997 0.00000000099999999997 
0.58206981968021698215 0.00000000099999999999 0.00819811840414560490 0.00897413671093947284 0.40075792420469802391 
0.74593946202053451611 0.00000044835687489916 0.02850817623304228651 0.00294336637919052208 0.22260854701035792669 
0.56665102788582721871 0.00000000099999999999 0.01245417875799276382 0.00002909239867725712 0.42086569995750272577 
0.75203996887396695747 0.00000000099999999998 0.00000000099999999998 0.00000000099999999998 0.24796002812603298859 
0.64267084641553062774 0.00053798387796015685 0.02502822157764533068 0.02044169515392171496 0.31132125297494234184 
0.49341576533610836952 0.00000000099999999998 0.00899514564836584665 0.00000000099999999998 0.49758908701552589937 
0.99999999600000000211 0.00000000099999999997 0.00000000099999999997 0.00000000099999999997 0.00000000099999999997 
0.47861325072419225179 0.00000000099999999999 0.00000000099999999999 0.00000000099999999999 0.52138674627580761101 
0.47499687996749456742 0.00000000099999999998 0.00000000099999999998 0.02961810970547864089 0.49538500832702675458 
0.57020275403702902484 0.00000000099999999999 0.00538290504734293199 0.01106979105622162354 0.41334454885940652424 
0.55305268389118900085 0.00000000099999999999 0.00000000099999999999 0.03536410518370028400 0.41158320892511091049 
0.61326623719847528360 0.00000000099999999999 0.00000000099999999999 0.00000000099999999999 0.38673375980152474574 
0.58779957988298203730 0.00000000099999999999 0.00000000099999999999 0.02148239466003084783 0.39071802345698725123 
0.65860806275724403935 0.06645266806609261001 0.00706320228562263078 0.00916441315832491714 0.25871165373271570731 
0.75374414957075552834 0.00000000099999999998 0.00000000099999999998 0.00000000099999999998 0.24625584742924458426 
0.43236206800827331476 0.00000000099999999998 0.00000000099999999998 0.01380849603923850824 0.55382943395248807050 
0.52958725864135969275 0.00000000099999999998 0.00000000099999999998 0.02263115359725357753 0.44778158576138671343 
0.65877529933839351628 0.00000000099999999999 0.01426098434089286514 0.00000000099999999999 0.32696371432071369423 
0.48238061474568427744 0.00000000099999999998 0.00000000099999999998 0.01203134022356262475 0.50558804303075310926 
0.40197561480180865612 0.00062535665166068102 0.00219943457306515837 0.00000000100000000000 0.59519959297346547444 
0.50821969717219839247 0.00000000099999999999 0.00736394171677634112 0.01053640799325817126 0.47387995211776712257 
0.70429640500157253413 0.00000000099999999998 0.00000000099999999998 0.00000000099999999998 0.29570359199842749520 
0.61289515288846119212 0.00000000099999999998 0.00000000099999999998 0.02854492043059727799 0.35855992468094149972 
0.00000000099999999995 0.00000000099999999995 0.00000000099999999995 0.99999999599999989108 0.00000000099999999995 
0.00000000099999999998 0.00000000099999999998 0.00000000099999999998 0.99999999599999989108 0.00000000099999999998 
0.00000000099999999983 0.99999999600000000211 0.00000000099999999983 0.00000000099999999983 0.00000000099999999983 
0.00000000099999999980 0.00000000099999999980 0.99999999600000000211 0.00000000099999999980 0.00000000099999999980 
0.04422604261534637121 0.00000000100000000000 0.03940865867495427916 0.91330877944872890239 0.00305651826097038271 
0.46531986472647807185 0.00000000099999999998 0.00000000099999999998 0.01087858854146535499 0.52380154473205653431 
0.55556727539778305580 0.00000000100000000000 0.00105069715142086279 0.02483070044717576932 0.41855132600362038309 
0.00000000099999999999 0.00000000099999999999 0.00396800066900346998 0.99603199633099659405 0.00000000099999999999 
0.61476715572632356643 0.00000000099999999999 0.00000000099999999999 0.01282800420288429145 0.37240483807079227674 
0.67690241288243924167 0.00000000099999999998 0.01107687136764121984 0.00000000099999999998 0.31202071374991957597 
0.63147586596137472714 0.00000000099999999999 0.00027245878625156814 0.00000000099999999999 0.36825167325237384564 
0.00000000099999999978 0.99999999600000000211 0.00000000099999999978 0.00000000099999999978 0.00000000099999999978 
0.00000000099999999979 0.99999999600000000211 0.00000000099999999979 0.00000000099999999979 0.00000000099999999979 
0.00000000099999999975 0.99999999600000000211 0.00000000099999999975 0.00000000099999999975 0.00000000099999999975 
0.00000000099999999976 0.99999999600000000211 0.00000000099999999976 0.00000000099999999976 0.00000000099999999976 
0.00000000099999999976 0.99999999600000000211 0.00000000099999999976 0.00000000099999999976 0.00000000099999999976 
0.00000000099999999998 0.00000000099999999998 0.00000000099999999998 0.99999999599999989108 0.00000000099999999998 
0.61361979821219680975 0.00000000100000000000 0.01042879454542891202 0.00000013644282616365 0.37595126979954818225 
0.00000000099999999976 0.99999999600000000211 0.00000000099999999976 0.00000000099999999976 0.00000000099999999976 
0.00000000099999999980 0.99999999600000011313 0.00000000099999999980 0.00000000099999999980 0.00000000099999999980 
0.00000000099999999979 0.00000000099999999979 0.99999999599999989108 0.00000000099999999979 0.00000000099999999979 
0.00000000099999999979 0.00000000099999999979 0.99999999600000000211 0.00000000099999999979 0.00000000099999999979 
0.42805320263682367088 0.00000000099999999999 0.00000000099999999999 0.00000000099999999999 0.57194679436317608090 
0.00000000099999999978 0.99999999600000011313 0.00000000099999999978 0.00000000099999999978 0.00000000099999999978 
0.50928508221023471858 0.00000000099999999999 0.00000000099999999999 0.01229105631609896977 0.47842385947366633525 
0.48365057850814174856 0.00000000099999999999 0.00000000099999999999 0.00000000099999999999 0.51634941849185811424 
0.00000000099999999998 0.00000000099999999998 0.00000000099999999998 0.94469277820806429879 0.05530721879193570278 
0.46520058441238609781 0.00000000099999999998 0.00000000099999999998 0.00798122924072065983 0.52681818434689320352 
0.00000000099999999994 0.00000000099999999994 0.00000000099999999994 0.99999999599999989108 0.00000000099999999994 
0.61252300478008281370 0.00000000099999999999 0.00485572629146292789 0.01680748824481244005 0.36581377968364170439 
0.00000000099999999995 0.00000000099999999995 0.00000000099999999995 0.99999999600000000211 0.00000000099999999995 
0.52865424077004752323 0.00000000100000000000 0.01665382064620232402 0.00954579501038750958 0.44514614257336265757 
0.42399797916463671799 0.00000000099999999999 0.01032791330382269897 0.00000000099999999999 0.56567410553154051644 
0.00000000099999999980 0.99999999600000000211 0.00000000099999999980 0.00000000099999999980 0.00000000099999999980 
0.00000000099999999996 0.00000000099999999996 0.00000000099999999996 0.99999999599999989108 0.00000000099999999996 
0.00000000099999999976 0.99999999600000011313 0.00000000099999999976 0.00000000099999999976 0.00000000099999999976 
0.00000000099999999976 0.99999999600000011313 0.00000000099999999976 0.00000000099999999976 0.00000000099999999976 
0.69312480391609998520 0.00000000100000000000 0.00006430628499367295 0.00243283689484260438 0.30437805190406375111 
0.55391618166750811181 0.00000000099999999999 0.00000000099999999999 0.02514582018989889797 0.42093799614259308495 
0.60484840588152988250 0.00000000099999999998 0.00000000099999999998 0.00369225286628153656 0.39145933925218867611 
0.45186808274950573949 0.00000000099999999999 0.00017385446741097362 0.00000000099999999999 0.54795806078308328946 
0.52215805812206339542 0.00000000099999999999 0.01186649444958117264 0.00287127159546098250 0.46310417483289451068 
0.48159441185584822565 0.00000000099999999999 0.00612773564837462703 0.01466128563613056275 0.49761656585964658683 
0.00000000099999999996 0.00000000099999999996 0.00000000099999999996 0.00000000099999999996 0.99999999599999989108 
0.01168215702918999621 0.00000000099999999997 0.00000000099999999997 0.98831783997081013027 0.00000000099999999997 
0.53558794250549934812 0.00000000099999999998 0.00000000099999999998 0.00000000099999999998 0.46441205449450057019 
0.00000000099999999976 0.99999999600000000211 0.00000000099999999976 0.00000000099999999976 0.00000000099999999976 
0.66961436763974990782 0.00000000100000000000 0.00047940981726132099 0.00000000100000000000 0.32990622054298879284 
0.00000000099999999992 0.99999999600000000211 0.00000000099999999992 0.00000000099999999992 0.00000000099999999992 
0.00000000099999999980 0.99999999600000011313 0.00000000099999999980 0.00000000099999999980 0.00000000099999999980 
0.54979428541490071858 0.00000000099999999999 0.00000000099999999999 0.02075065740452827767 0.42945505518057092154 
0.00000000099999999996 0.00000000099999999996 0.00000000099999999996 0.00000000099999999996 0.99999999599999989108 
0.99999999600000000211 0.00000000099999999996 0.00000000099999999996 0.00000000099999999996 0.00000000099999999996 
0.00000000099999999982 0.99999999600000000211 0.00000000099999999982 0.00000000099999999982 0.00000000099999999982 
0.00000000099999999995 0.00000000099999999995 0.00000000099999999995 0.99999999600000000211 0.00000000099999999995 
0.00000000099999999995 0.00000000099999999995 0.00000000099999999995 0.99999999599999989108 0.00000000099999999995 
0.00000000099999999979 0.99999999600000000211 0.00000000099999999979 0.00000000099999999979 0.00000000099999999979 
0.66083661503174295770 0.00000000099999999999 0.00583463146178667298 0.00011056238630951259 0.33321819012016107298 
0.98188875352862570178 0.00000000099999999999 0.00000000099999999999 0.01811124347137434490 0.00000000099999999999 
0.00000000099999999980 0.99999999600000011313 0.00000000099999999980 0.00000000099999999980 0.00000000099999999980 
0.00000000099999999996 0.00000000099999999996 0.00000000099999999996 0.00000000099999999996 0.99999999600000000211 
0.00000000099999999994 0.00000000099999999994 0.00000000099999999994 0.99999999600000000211 0.00000000099999999994 
0.28305570790723644237 0.10677370371564144647 0.10988113341439684212 0.23264865404611853594 0.26764080091660669147 
0.50916834966105628535 0.00237173175410561668 0.00000000100000000000 0.02318231799996702328 0.46527759958487097114 
0.57768995647084553369 0.00000000099999999999 0.01199515702892191976 0.02927591884184236465 0.38103896665839032121 
0.66255544251071818440 0.00000000099999999999 0.01452367925770532003 0.00000000099999999999 0.32292087623157644805 
0.61047442115824879227 0.00000000099999999999 0.00988489752451754931 0.00000000099999999999 0.37964067931723360916 
0.00000000099999999995 0.00000000099999999995 0.00000000099999999995 0.00000000099999999995 0.99999999599999989108 
0.00000000099999999998 0.00000000099999999998 0.00000000099999999998 0.00000000099999999998 0.99999999599999989108 
0.00000000099999999996 0.00000000099999999996 0.00000000099999999996 0.00000000099999999996 0.99999999599999989108 
0.49499635419539361747 0.00707542270885500122 0.00344651147283718236 0.02166366507953156745 0.47281804654338271954 
0.00000000099999999996 0.00000000099999999996 0.00000000099999999996 0.99999999600000000211 0.00000000099999999996 
0.99999999600000011313 0.00000000099999999997 0.00000000099999999997 0.00000000099999999997 0.00000000099999999997 
0.00000000099999999995 0.00000000099999999995 0.00000000099999999995 0.00000000099999999995 0.99999999600000000211 
0.00000000099999999997 0.00000000099999999997 0.00000000099999999997 0.00040448845849061027 0.99959550854150935884 
0.47802845111747116480 0.00000000099999999998 0.00000000099999999998 0.01338629641566924620 0.50858525046685953974 
0.99999999600000000211 0.00000000099999999998 0.00000000099999999998 0.00000000099999999998 0.00000000099999999998 
0.59017007006249033729 0.00000000099999999999 0.00000000099999999999 0.00000000099999999999 0.40982992693750969204 
0.42171560777615496596 0.00000000099999999999 0.00000000099999999999 0.01094391432694844478 0.56734047589689651225 
0.02239809135083005096 0.00000000099999999997 0.00000000099999999997 0.97760190564916982225 0.00000000099999999997 
0.57245849541202642463 0.00000000099999999999 0.01673096636827547945 0.01837907135645537593 0.39243146586324278990 
0.61182175230115787290 0.00000000099999999999 0.00972246662647890947 0.00175871123162292553 0.37669706884074033448 
0.56832469755643610920 0.00955427955108149700 0.00000000100000000000 0.00623252034159924549 0.41588850155088308291 
0.00000000099999999997 0.00000000099999999997 0.00000000099999999997 0.99999999600000000211 0.00000000099999999997 
0.59989656751292219639 0.01823945701555296922 0.00000000100000000000 0.02264759122215828299 0.35921638324936672193 
0.50836817075981077796 0.00000000100000000000 0.00811624565754491024 0.00712732313328497732 0.47638825944935925261 
0.21246654274037665711 0.00000000099999999999 0.00932402227206482331 0.48090705855718995920 0.29730237543036869274 
0.50687855621639532622 0.00000000099999999998 0.00000000099999999998 0.02341473097362950506 0.46970671080997505875 
0.00000000099999999981 0.99999999600000011313 0.00000000099999999981 0.00000000099999999981 0.00000000099999999981 
0.51274720196223166901 0.00000000099999999999 0.01627206592582581754 0.01373071839254836647 0.45725001271939408332 
0.48366258645966714314 0.00000000099999999999 0.00327753513213048173 0.02303445017080657520 0.49002542723739567210 
