0.00000000100000000000 0.14216639990465881893 0.34980626706412376592 0.01758795246837780574 0.25630524488644679248 0.23413413367639271390 0.00000000100000000000 
0.00000000099999999995 0.00000000099999999995 0.00000000099999999995 0.00000000099999999995 0.00000000099999999995 0.00000000099999999995 0.99999999399999994765 
0.00000000099999999995 0.00000000099999999995 0.00000000099999999995 0.00000000099999999995 0.00000000099999999995 0.00000000099999999995 0.99999999400000005867 
0.00000000099999999999 0.23240979761376570623 0.16714387660162047244 0.00000000099999999999 0.29978189880805145018 0.27457449051737181644 0.02608993445919045862 
0.00000000099999999999 0.21348890839526415975 0.27840681285145357782 0.00370444646102954757 0.29479518830175316380 0.20960464199049949618 0.00000000099999999999 
0.00000000099999999999 0.24563418883853149755 0.44757320569562608625 0.00000000099999999999 0.29084563716330608107 0.00000000099999999999 0.01594696530253649977 
0.00000000099999999996 0.00000000099999999996 0.00000000099999999996 0.00000000099999999996 0.00000000099999999996 0.00000000099999999996 0.99999999399999994765 
0.00000000099999999993 0.00000000099999999993 0.00000000099999999993 0.00000000099999999993 0.00000000099999999993 0.00000000099999999993 0.99999999400000005867 
0.00000000099999999999 0.33983532614632344648 0.35826965370624552776 0.01323060789600567257 0.28866440925142522467 0.00000000099999999999 0.00000000099999999999 
0.00000000099999999995 0.00000000099999999995 0.00000000099999999995 0.00000000099999999995 0.00000000099999999995 0.00000000099999999995 0.99999999400000005867 
0.00000000099999999999 0.18944242087079568582 0.35652126684918422628 0.00000000099999999999 0.00000000099999999999 0.45403630828002000674 0.00000000099999999999 
0.00000000099999999998 0.00000000099999999998 0.64523651340739440752 0.00000000099999999998 0.00000000099999999998 0.35476348159260551185 0.00000000099999999998 
0.00000000099999999999 0.16964603551021828487 0.35859526069362579470 0.00052744580827992495 0.14219037536795603449 0.32904088061991987324 0.00000000099999999999 
0.00000000099999999999 0.00000000099999999999 0.34812121226594827661 0.01088618082260159672 0.24129044181989947604 0.39970216209155062792 0.00000000099999999999 
0.00000000099999999993 0.00000000099999999993 0.00000000099999999993 0.00000000099999999993 0.00000000099999999993 0.99999999400000005867 0.00000000099999999993 
0.00000000099999999999 0.19024612374815144666 0.44145102013362025328 0.02771456709563627219 0.24530791150579966953 0.04336900984485568544 0.05191136667193669424 
0.00000000099999999998 0.00000000099999999998 0.77273399640483264594 0.00000000099999999998 0.22726599859516735669 0.00000000099999999998 0.00000000099999999998 
0.00007989065063415939 0.23760091160762369933 0.34143729939509553928 0.00000000099999999999 0.30787102757036127754 0.11301086877628541139 0.00000000099999999999 
0.00000000100000000000 0.16183584002705209137 0.38819079821526225604 0.00242022088139398671 0.13816586471278963222 0.30938727416350197963 0.00000000100000000000 
0.00000000099999999998 0.22624063864739829555 0.36731738384990680890 0.00000000099999999998 0.00000000119672428086 0.40644197330597053863 0.00000000099999999998 
0.00000000099999999998 0.20246962556454892179 0.44721720907416973034 0.00000000099999999998 0.00000000099999999998 0.35031316136128137773 0.00000000099999999998 
0.00000000099999999997 0.00000000099999999997 0.00781524972742407217 0.00000000099999999997 0.00000000099999999997 0.00000000099999999997 0.99218474527257594087 
0.00000000099999999999 0.18540868265604348863 0.20119873584197039973 0.00000000099999999999 0.28949217561928453080 0.30980866247845045836 0.01409174140425097262 
0.00000000099999999986 0.00000000099999999986 0.00000000099999999986 0.00000000099999999986 0.99999999399999994765 0.00000000099999999986 0.00000000099999999986 
0.00000000099999999997 0.03818047844944286173 0.61105521005315110994 0.00000000099999999997 0.00000000099999999997 0.33931633263292082514 0.01144797586448529150 
0.00000000099999999998 0.18426972285826154208 0.23221552428649119837 0.00000000099999999998 0.25448854631581846464 0.32902620353942874099 0.00000000099999999998 
0.00000000099999999974 0.00000000099999999974 0.00000000099999999974 0.99999999399999994765 0.00000000099999999974 0.00000000099999999974 0.00000000099999999974 
0.00000000099999999970 0.00000000099999999970 0.00000000099999999970 0.99999999400000005867 0.00000000099999999970 0.00000000099999999970 0.00000000099999999970 
0.00000000099999999993 0.00000000099999999993 0.00000000099999999993 0.00000000099999999993 0.00000000099999999993 0.99999999400000005867 0.00000000099999999993 
0.00000000099999999997 0.00000000099999999997 0.52976697692574592491 0.00000000099999999997 0.47023301807425404997 0.00000000099999999997 0.00000000099999999997 
0.00000000099999999994 0.00000000099999999994 0.99999999399999994765 0.00000000099999999994 0.00000000099999999994 0.00000000099999999994 0.00000000099999999994 
0.00000000099999999996 0.00000000099999999996 0.00000000099999999996 0.00000000099999999996 0.02163623906091199228 0.00000000099999999996 0.97836375593908797565 
0.00000000099999999991 0.00000000099999999991 0.00000000099999999991 0.35451406993135881063 0.46402909457590296727 0.00000000099999999991 0.18145683149273827972 
0.00000000099999999998 0.18289110019715520972 0.64274439782616832328 0.00000000099999999998 0.15694717180736503237 0.01741732716931140151 0.00000000099999999998 
0.99999999400000016969 0.00000000099999999969 0.00000000099999999969 0.00000000099999999969 0.00000000099999999969 0.00000000099999999969 0.00000000099999999969 
0.99999999400000005867 0.00000000099999999961 0.00000000099999999961 0.00000000099999999961 0.00000000099999999961 0.00000000099999999961 0.00000000099999999961 
0.99999999400000016969 0.00000000099999999962 0.00000000099999999962 0.00000000099999999962 0.00000000099999999962 0.00000000099999999962 0.00000000099999999962 
0.00000000099999999975 0.00000000099999999975 0.00000000099999999975 0.99999999399999994765 0.00000000099999999975 0.00000000099999999975 0.00000000099999999975 
0.00000000099999999971 0.00000000099999999971 0.00000000099999999971 0.99999999399999994765 0.00000000099999999971 0.00000000099999999971 0.00000000099999999971 
0.00000000099999999996 0.39990851183815762093 0.00000000099999999996 0.00000000099999999996 0.00000000099999999996 0.60009148316184213190 0.00000000099999999996 
0.00000000099999999997 0.00000000099999999997 0.00000000099999999997 0.00000000099999999997 0.00000000099999999997 0.00000000099999999997 0.99999999399999994765 
0.00000000099999999972 0.00000000099999999972 0.00000000099999999972 0.99999999399999994765 0.00000000099999999972 0.00000000099999999972 0.00000000099999999972 
0.00000000099999999992 0.00000000099999999992 0.00000000099999999992 0.00000000099999999992 0.00000000099999999992 0.99999999400000005867 0.00000000099999999992 
0.00000000099999999994 0.00000000099999999994 0.00000000099999999994 0.00000000099999999994 0.00000000099999999994 0.00000000099999999994 0.99999999399999994765 
0.00000000099999999976 0.00000000099999999976 0.00000000099999999976 0.99999999399999994765 0.00000000099999999976 0.00000000099999999976 0.00000000099999999976 
0.00000000099999999999 0.14501507716985656549 0.33795294042584839156 0.00200313923674231686 0.25014900676940804436 0.25989484163927556448 0.00498499375886911258 
0.00000000099999999973 0.00000000099999999973 0.00000000099999999973 0.99999999399999994765 0.00000000099999999973 0.00000000099999999973 0.00000000099999999973 
0.00000000099999999995 0.00000000099999999995 0.00000000099999999995 0.00000000099999999995 0.00000000099999999995 0.00000000099999999995 0.99999999400000005867 
0.00000000099999999992 0.00000000099999999992 0.00000000099999999992 0.00000000099999999992 0.00000000099999999992 0.00000000099999999992 0.99999999399999994765 
0.00000000099999999969 0.00000000099999999969 0.00000000099999999969 0.99999999399999994765 0.00000000099999999969 0.00000000099999999969 0.00000000099999999969 
0.00000000099999999972 0.00000000099999999972 0.00000000099999999972 0.99999999400000005867 0.00000000099999999972 0.00000000099999999972 0.00000000099999999972 
0.00000000099999999995 0.00000000099999999995 0.00000000099999999995 0.00000000099999999995 0.00000000099999999995 0.00000000099999999995 0.99999999400000005867 
0.00000000099999999996 0.00000000099999999996 0.00000000099999999996 0.00000000099999999996 0.00000000099999999996 0.00000000099999999996 0.99999999400000005867 
0.00000000099999999996 0.00000000099999999996 0.00000000099999999996 0.00000000099999999996 0.00000000099999999996 0.00000000099999999996 0.99999999400000005867 
0.00000000099999999976 0.00000000099999999976 0.00000000099999999976 0.99999999400000005867 0.00000000099999999976 0.00000000099999999976 0.00000000099999999976 
0.00000000100000000000 0.00752746697871557909 0.43298283351613786607 0.00984826368364636121 0.31832932560663096400 0.19881073408693133997 0.03250137512793787459 
0.00000000099999999995 0.00000000099999999995 0.00000000099999999995 0.00000000099999999995 0.99999999399999994765 0.00000000099999999995 0.00000000099999999995 
0.00000000099999999991 0.00000000099999999991 0.00000000099999999991 0.00000000099999999991 0.00000000099999999991 0.99999999399999994765 0.00000000099999999991 
0.00000000099999999998 0.19501777772506667663 0.00000000099999999998 0.00000000099999999998 0.48793407760502749415 0.31704814066990594235 0.00000000099999999998 
0.00000000099999999995 0.00000000099999999995 0.00000000099999999995 0.00000000099999999995 0.00000000099999999995 0.00000000099999999995 0.99999999400000005867 
0.00000000099999999999 0.00000000099999999999 0.44651850899536144057 0.00000000099999999999 0.31217990484314805943 0.24130158216149036332 0.00000000099999999999 
0.99999999400000005867 0.00000000099999999967 0.00000000099999999967 0.00000000099999999967 0.00000000099999999967 0.00000000099999999967 0.00000000099999999967 
0.00000000099999999997 0.54309877659456784471 0.45690121840543218568 0.00000000099999999997 0.00000000099999999997 0.00000000099999999997 0.00000000099999999997 
0.99999999400000005867 0.00000000099999999968 0.00000000099999999968 0.00000000099999999968 0.00000000099999999968 0.00000000099999999968 0.00000000099999999968 
0.00000000099999999999 0.00000000431944906602 0.32163693233998513765 0.00000000099999999999 0.37709218080438383636 0.27556677450058891798 0.02570410603559306062 
0.99999999400000016969 0.00000000099999999968 0.00000000099999999968 0.00000000099999999968 0.00000000099999999968 0.00000000099999999968 0.00000000099999999968 
0.00000000099999999996 0.00000000099999999996 0.99999999399999994765 0.00000000099999999996 0.00000000099999999996 0.00000000099999999996 0.00000000099999999996 
0.00000000099999999999 0.00000000099999999999 0.65672665663125617819 0.00000000099999999999 0.34327333836874368567 0.00000000099999999999 0.00000000099999999999 
0.00000000099999999993 0.00000000099999999993 0.00000000099999999993 0.00000000099999999993 0.00000000099999999993 0.00000000099999999993 0.99999999399999994765 
0.00000000099999999992 0.99999999400000016969 0.00000000099999999992 0.00000000099999999992 0.00000000099999999992 0.00000000099999999992 0.00000000099999999992 
0.99999999400000005867 0.00000000099999999969 0.00000000099999999969 0.00000000099999999969 0.00000000099999999969 0.00000000099999999969 0.00000000099999999969 
0.99999999400000005867 0.00000000099999999971 0.00000000099999999971 0.00000000099999999971 0.00000000099999999971 0.00000000099999999971 0.00000000099999999971 
0.00000000099999999993 0.00000000099999999993 0.00000000099999999993 0.00000000099999999993 0.00000000099999999993 0.99999999399999994765 0.00000000099999999993 
0.00000000099999999994 0.00000000099999999994 0.00000000099999999994 0.00000000099999999994 0.00000000099999999994 0.00000000099999999994 0.99999999400000005867 
0.00000000099999999978 0.00000000099999999978 0.00000000099999999978 0.99999999400000005867 0.00000000099999999978 0.00000000099999999978 0.00000000099999999978 
0.00000000099999999994 0.00000000099999999994 0.00000000099999999994 0.00000000099999999994 0.00000000099999999994 0.00000000099999999994 0.99999999400000005867 
0.00000000099999999999 0.35414202485446316659 0.26105351353060363140 0.00000000099999999999 0.22996953988547982894 0.12523437478102950049 0.02960054494842387363 
0.99999999400000005867 0.00000000099999999965 0.00000000099999999965 0.00000000099999999965 0.00000000099999999965 0.00000000099999999965 0.00000000099999999965 
0.00000000099999999967 0.00000000099999999967 0.00000000099999999967 0.99999999399999994765 0.00000000099999999967 0.00000000099999999967 0.00000000099999999967 
0.99999999400000005867 0.00000000099999999973 0.00000000099999999973 0.00000000099999999973 0.00000000099999999973 0.00000000099999999973 0.00000000099999999973 
0.00000000099999999999 0.71280967476993761789 0.00000000099999999999 0.00000000099999999999 0.28719032023006257903 0.00000000099999999999 0.00000000099999999999 
0.00000000099999999992 0.00000000099999999992 0.00000000099999999992 0.00000000099999999992 0.00000000099999999992 0.00000000099999999992 0.99999999400000005867 
0.00000000099999999994 0.00000000099999999994 0.00000000099999999994 0.00000000099999999994 0.00000000099999999994 0.00000000099999999994 0.99999999399999994765 
0.00000000099999999999 0.20805020830429540868 0.33483105886603531376 0.00062454273249485390 0.10529473196082281272 0.12704260219057073034 0.22415685494578085901 
0.00000000099999999999 0.01091869902537240949 0.24151367001498011411 0.01531374298251514908 0.44970049044537324656 0.28255339553175912171 0.00000000099999999999 
0.00000000099999999995 0.00000000099999999995 0.99999999400000005867 0.00000000099999999995 0.00000000099999999995 0.00000000099999999995 0.00000000099999999995 
0.00000000099999999997 0.41480144754367043181 0.58050008419105514346 0.00000000099999999997 0.00000000099999999997 0.00000000099999999997 0.00469846426527459424 
0.00000000099999999999 0.49377888590033608418 0.20757890703378467645 0.00000000099999999999 0.12444551204752783702 0.17419669201835139005 0.00000000099999999999 
0.00000000099999999997 0.11389383885146733832 0.53960904276328669482 0.00000000099999999997 0.21400111200533109002 0.13249600337991487842 0.00000000099999999997 
0.00000000099999999997 0.46479651711590380669 0.53520347056961181664 0.00000000099999999997 0.00000000099999999997 0.00000000099999999997 0.00000000831448452907 
0.00000000099999999999 0.34012513229155477701 0.29795338757936135066 0.00255604554720859642 0.20305703801835081612 0.15480596825495807067 0.00150242730856627559 
0.00000000099999999999 0.06132084733215371203 0.40927321145700168437 0.00000000099999999999 0.28960077419916951946 0.21251683204987342757 0.02728833296180173396 
0.00000000099999999995 0.00000000099999999995 0.00000000099999999995 0.00000000099999999995 0.00000000099999999995 0.00000000099999999995 0.99999999400000005867 
0.00000000099999999998 0.00214146348695855651 0.00000000099999999998 0.00000000099999999998 0.00000000099999999998 0.00000000099999999998 0.99785853151304138020 
0.99999999400000016969 0.00000000099999999981 0.00000000099999999981 0.00000000099999999981 0.00000000099999999981 0.00000000099999999981 0.00000000099999999981 
0.00000000099999999997 0.00000000099999999997 0.00000000099999999997 0.00000000099999999997 0.00000000099999999997 0.00000000099999999997 0.99999999399999994765 
0.00000000099999999998 0.00000000099999999998 0.00000000099999999998 0.00000000099999999998 0.00000000099999999998 0.00000000099999999998 0.99999999399999994765 
0.00000000099999999999 0.27667310677050593881 0.30635100410147830807 0.00271241111634826009 0.15230471112357618635 0.24897328246650721195 0.01298548342158403410 
0.99999999400000005867 0.00000000099999999961 0.00000000099999999961 0.00000000099999999961 0.00000000099999999961 0.00000000099999999961 0.00000000099999999961 
0.00000000099999999999 0.46814092720905442491 0.04347244890687562702 0.00000000099999999999 0.26712744130370941198 0.22125917958036042665 0.00000000099999999999 
0.00000000099999999998 0.66837367655426094259 0.33162631844573919881 0.00000000099999999998 0.00000000099999999998 0.00000000099999999998 0.00000000099999999998 
0.00000000099999999999 0.11986957053521024585 0.64526532267873848436 0.00056894670723652474 0.23429546426992481356 0.00000069380888983732 0.00000000099999999999 
0.00000000099999999999 0.00000000099999999999 0.44306032435719933105 0.00000000099999999999 0.34919728783093317848 0.19775624626260771000 0.00998613854925992257 
0.00000000099999999992 0.99999999400000005867 0.00000000099999999992 0.00000000099999999992 0.00000000099999999992 0.00000000099999999992 0.00000000099999999992 
0.00000000099999999997 0.00000000099999999997 0.00000000099999999997 0.00000000099999999997 0.55701670289497395849 0.44298329210502612741 0.00000000099999999997 
0.00000000099999999999 0.12581621012482663291 0.32895251453562829314 0.00000000099999999999 0.23163931778063240330 0.31359195455891269999 0.00000000099999999999 
0.00000000099999999999 0.00000000099999999999 0.34706960833635913666 0.00000000099999999999 0.39749785826382072473 0.25543252939982019623 0.00000000099999999999 
0.00000000100000000000 0.06957331447791692547 0.50478223437937441709 0.02718893714373144671 0.39845551099897724701 0.00000000100000000000 0.00000000100000000000 
0.00000000099999999999 0.27864286961045292568 0.46666561827707603305 0.00739009162442376064 0.24727276418393207003 0.00002865430411504956 0.00000000099999999999 
0.00000000099999999998 0.25990523264287745953 0.43460869509228655660 0.00000000099999999998 0.26654222928630161293 0.03894383997853417823 0.00000000099999999998 
0.00000000099999999999 0.00000000099999999999 0.68429027850095958119 0.02307613573624521519 0.27562288538425061546 0.00000000099999999999 0.01701069737854463484 
0.00000000099999999998 0.48255530897086651443 0.25723574950141669948 0.00564402280095093259 0.00000000099999999998 0.25456491572676581692 0.00000000099999999998 
0.00000000099999999998 0.00589695257885654734 0.71821040006100356212 0.00000000099999999998 0.00000000099999999998 0.27589264336013991086 0.00000000099999999998 
0.00000000099999999995 0.99999999400000016969 0.00000000099999999995 0.00000000099999999995 0.00000000099999999995 0.00000000099999999995 0.00000000099999999995 
0.00000000099999999992 0.00000000099999999992 0.00000000099999999992 0.00000000099999999992 0.99999999399999994765 0.00000000099999999992 0.00000000099999999992 
0.00000000100000000000 0.16211173513582896599 0.40803164059638297179 0.00000000100000000000 0.29613603519272346798 0.13371992124730075480 0.00000066582776393961 
0.00000000099999999999 0.11126643212663435423 0.25958223244662909091 0.00000000099999999999 0.32093429652914995387 0.28087516579343924095 0.02734187110414748254 
0.00000000099999999998 0.16955851906171579002 0.25709362130319940443 0.00000000099999999998 0.24108766665023895204 0.33226018998484563305 0.00000000099999999998 
0.00000000099999999999 0.37035571791586513468 0.51927636382885966615 0.00000000099999999999 0.09169050116809869533 0.00000000099999999999 0.01867741408717660950 
0.06755756474390993416 0.14790267438503765240 0.48268755916815248019 0.00377588928354819723 0.10254855543398991302 0.18695245285592632101 0.00857530412943536754 
0.00000000099999999998 0.38542101301511849654 0.33214783096648048399 0.00000000099999999998 0.00000000099999999998 0.28243115201840102158 0.00000000099999999998 
0.00000000099999999992 0.99999999400000016969 0.00000000099999999992 0.00000000099999999992 0.00000000099999999992 0.00000000099999999992 0.00000000099999999992 
0.00000000099999999997 0.14364578798457952602 0.50609758746716004829 0.00000000099999999997 0.00000391811285538032 0.34427321731902810198 0.00597948711637704983 
0.00000000099999999998 0.00000000099999999998 0.52622289580193537528 0.00740510332113136771 0.46637199687693320360 0.00000000099999999998 0.00000000099999999998 
0.00000000099999999998 0.04980444180552910660 0.40692312531657559571 0.00000000099999999998 0.25796392018560587722 0.28511252543181780927 0.00019598526047150933 
0.00000000099999999999 0.37053466153487141233 0.00000000099999999999 0.00000000099999999999 0.38345895621340181370 0.24600637825172658180 0.00000000099999999999 
0.00000000099999999999 0.27001615569771064695 0.18081472416515703694 0.00620785621831647805 0.23837744010110223369 0.30387074219950149789 0.00071308061821218256 
0.00000000099999999995 0.00000000099999999995 0.99999999399999994765 0.00000000099999999995 0.00000000099999999995 0.00000000099999999995 0.00000000099999999995 
0.00000000099999999994 0.00000000099999999994 0.99999999400000005867 0.00000000099999999994 0.00000000099999999994 0.00000000099999999994 0.00000000099999999994 
0.00000000099999999994 0.00000000099999999994 0.00000000099999999994 0.00000000099999999994 0.00000000099999999994 0.00000000099999999994 0.99999999399999994765 
0.00000000099999999997 0.00000000099999999997 0.00000000099999999997 0.00000000099999999997 0.00000000099999999997 0.01207100658598447493 0.98792898841401544097 
0.99999999400000005867 0.00000000099999999974 0.00000000099999999974 0.00000000099999999974 0.00000000099999999974 0.00000000099999999974 0.00000000099999999974 
0.00000000099999999968 0.00000000099999999968 0.00000000099999999968 0.99999999399999994765 0.00000000099999999968 0.00000000099999999968 0.00000000099999999968 
0.00000000099999999999 0.00000000099999999999 0.00000000099999999999 0.03504512677742181725 0.00000000099999999999 0.07125535482984249325 0.89369951439273564997 
0.00000000099999999993 0.99999999400000005867 0.00000000099999999993 0.00000000099999999993 0.00000000099999999993 0.00000000099999999993 0.00000000099999999993 
0.00000000099999999996 0.00000000099999999996 0.99999999399999994765 0.00000000099999999996 0.00000000099999999996 0.00000000099999999996 0.00000000099999999996 
0.00000000099999999998 0.00000000099999999998 0.00000000099999999998 0.00411183646695353119 0.00000000099999999998 0.00000000099999999998 0.99588815853304646364 
0.00000000099999999998 0.00000000099999999998 0.37039669760879950777 0.00000000099999999998 0.24393042859947314249 0.38567286979172726857 0.00000000099999999998 
0.00000000099999999998 0.15340121813199944500 0.39131865998005116447 0.00706629436287569204 0.29688607413586176609 0.15132775138921186753 0.00000000099999999998 
0.00000000099999999996 0.00000000099999999996 0.00000000099999999996 0.00000000099999999996 0.43336387513441859687 0.56663611986558137801 0.00000000099999999996 
0.99999999400000016969 0.00000000099999999966 0.00000000099999999966 0.00000000099999999966 0.00000000099999999966 0.00000000099999999966 0.00000000099999999966 
0.99999999400000016969 0.00000000099999999968 0.00000000099999999968 0.00000000099999999968 0.00000000099999999968 0.00000000099999999968 0.00000000099999999968 
0.99999999400000016969 0.00000000099999999961 0.00000000099999999961 0.00000000099999999961 0.00000000099999999961 0.00000000099999999961 0.00000000099999999961 
0.99999999400000016969 0.00000000099999999963 0.00000000099999999963 0.00000000099999999963 0.00000000099999999963 0.00000000099999999963 0.00000000099999999963 
0.99999999400000016969 0.00000000099999999964 0.00000000099999999964 0.00000000099999999964 0.00000000099999999964 0.00000000099999999964 0.00000000099999999964 
0.00000000099999999998 0.00000000099999999998 0.00000000099999999998 0.00000000099999999998 0.00000000099999999998 0.00000000099999999998 0.99999999400000005867 
0.00000000099999999999 0.39621090801748576338 0.00000000099999999999 0.00000000100821546126 0.28452088788212298587 0.31926820009217560248 0.00000000099999999999 
0.99999999400000016969 0.00000000099999999963 0.00000000099999999963 0.00000000099999999963 0.00000000099999999963 0.00000000099999999963 0.00000000099999999963 
0.99999999400000016969 0.00000000099999999969 0.00000000099999999969 0.00000000099999999969 0.00000000099999999969 0.00000000099999999969 0.00000000099999999969 
0.00000000099999999967 0.00000000099999999967 0.00000000099999999967 0.99999999399999994765 0.00000000099999999967 0.00000000099999999967 0.00000000099999999967 
0.00000000099999999967 0.00000000099999999967 0.00000000099999999967 0.99999999400000005867 0.00000000099999999967 0.00000000099999999967 0.00000000099999999967 
0.00000000099999999996 0.41719804229123097494 0.00000000099999999996 0.00000000099999999996 0.58280195270876899993 0.00000000099999999996 0.00000000099999999996 
0.99999999400000016969 0.00000000099999999966 0.00000000099999999966 0.00000000099999999966 0.00000000099999999966 0.00000000099999999966 0.00000000099999999966 
0.00000000099999999993 0.99999999400000016969 0.00000000099999999993 0.00000000099999999993 0.00000000099999999993 0.00000000099999999993 0.00000000099999999993 
0.00000000099999999995 0.00000000099999999995 0.99999999400000005867 0.00000000099999999995 0.00000000099999999995 0.00000000099999999995 0.00000000099999999995 
0.00000000099999999997 0.05411194647524430329 0.00000000099999999997 0.00000000099999999997 0.00000000099999999997 0.00000000099999999997 0.94588804852475560914 
0.00000000099999999998 0.40845975690650027090 0.33409983142135346590 0.00000000099999999998 0.08892640838158120953 0.16807284957622908861 0.00044115171433600504 
0.00000000099999999992 0.00000000099999999992 0.00000000099999999992 0.00000000099999999992 0.00000000099999999992 0.00000000099999999992 0.99999999400000005867 
0.00000000099999999998 0.31722687078958727858 0.00030064977262293839 0.00000000099999999998 0.30793887606704672955 0.36888669935323908922 0.00564690201750392418 
0.00000000099999999993 0.00000000099999999993 0.00000000099999999993 0.00000000099999999993 0.00000000099999999993 0.00000000099999999993 0.99999999399999994765 
0.00000000099999999993 0.00000000099999999993 0.00000000099999999993 0.00000000099999999993 0.00000000099999999993 0.99999999399999994765 0.00000000099999999993 
0.00000000099999999993 0.00000000099999999993 0.00000000099999999993 0.00000000099999999993 0.99999999400000005867 0.00000000099999999993 0.00000000099999999993 
0.99999999400000016969 0.00000000099999999969 0.00000000099999999969 0.00000000099999999969 0.00000000099999999969 0.00000000099999999969 0.00000000099999999969 
0.00000000099999999995 0.00000000099999999995 0.00000000099999999995 0.00000000099999999995 0.00000000099999999995 0.00000000099999999995 0.99999999400000005867 
0.99999999400000005867 0.00000000099999999964 0.00000000099999999964 0.00000000099999999964 0.00000000099999999964 0.00000000099999999964 0.00000000099999999964 
0.99999999400000016969 0.00000000099999999963 0.00000000099999999963 0.00000000099999999963 0.00000000099999999963 0.00000000099999999963 0.00000000099999999963 
0.00000000099999999998 0.00000000099999999998 0.37698790689169525692 0.00000000099999999998 0.39462091609656946289 0.22839117301173517127 0.00000000099999999998 
0.00000000099999999997 0.55449784330375628816 0.00000000099999999997 0.00000000099999999997 0.00000000099999999997 0.44550186374899325426 0.00000028894725045812 
0.00000000099999999991 0.00000000099999999991 0.00000000099999999991 0.00000000099999999991 0.99999999400000005867 0.00000000099999999991 0.00000000099999999991 
0.00000000099999999999 0.34240588698918295041 0.34468519385805385102 0.00000000099999999999 0.25550345299927840204 0.05740546315348474260 0.00000000099999999999 
0.00000000099999999998 0.00000000099999999998 0.73556862406448264569 0.00417308131629406595 0.26025829061922328700 0.00000000099999999998 0.00000000099999999998 
0.00000000099999999994 0.99999999400000016969 0.00000000099999999994 0.00000000099999999994 0.00000000099999999994 0.00000000099999999994 0.00000000099999999994 
0.00000000099999999998 0.55030588852590922588 0.44969410647409091553 0.00000000099999999998 0.00000000099999999998 0.00000000099999999998 0.00000000099999999998 
0.00000000099999999997 0.00000000099999999997 0.00000000099999999997 0.00000000099999999997 0.00000000099999999997 0.02665873523229491879 0.97334125976770513589 
0.00000000099999999998 0.38274723490953854732 0.42702512097016281922 0.00000000099999999998 0.07888248535604100442 0.11134515576425746408 0.00000000099999999998 
0.99999999400000005867 0.00000000099999999963 0.00000000099999999963 0.00000000099999999963 0.00000000099999999963 0.00000000099999999963 0.00000000099999999963 
0.00000000099999999992 0.00000000099999999992 0.00000000099999999992 0.00000000099999999992 0.00000000099999999992 0.99999999399999994765 0.00000000099999999992 
0.99999999400000016969 0.00000000099999999988 0.00000000099999999988 0.00000000099999999988 0.00000000099999999988 0.00000000099999999988 0.00000000099999999988 
0.99999999400000016969 0.00000000099999999968 0.00000000099999999968 0.00000000099999999968 0.00000000099999999968 0.00000000099999999968 0.00000000099999999968 
0.00000000099999999999 0.21930811300505687056 0.42109322571322693740 0.00000000099999999999 0.33847483853888427063 0.00021098423628521757 0.02091283650654659695 
0.00000000099999999994 0.99999999400000005867 0.00000000099999999994 0.00000000099999999994 0.00000000099999999994 0.00000000099999999994 0.00000000099999999994 
0.00000000099999999999 0.00000000099999999999 0.53990874091884677455 0.00000000099999999999 0.26385543185061322013 0.19623582311478540707 0.00000000111575467581 
0.99999999400000016969 0.00000000099999999971 0.00000000099999999971 0.00000000099999999971 0.00000000099999999971 0.00000000099999999971 0.00000000099999999971 
0.00000000099999999994 0.00000000099999999994 0.00000000099999999994 0.00000000099999999994 0.00000000099999999994 0.00000000099999999994 0.99999999400000005867 
0.00000000099999999994 0.00000000099999999994 0.00000000099999999994 0.00000000099999999994 0.00000000099999999994 0.00000000099999999994 0.99999999400000005867 
0.99999999400000016969 0.00000000099999999968 0.00000000099999999968 0.00000000099999999968 0.00000000099999999968 0.00000000099999999968 0.00000000099999999968 
0.00000000099999999999 0.01064213092226683373 0.59999265070335028316 0.00000000099999999999 0.38935922911973686045 0.00000598625464589618 0.00000000099999999999 
0.00000000099999999999 0.00000000099999999999 0.54479401184618103660 0.00221255535849860033 0.00000000099999999999 0.42927055223470894640 0.02372287756061132805 
0.99999999400000016969 0.00000000099999999969 0.00000000099999999969 0.00000000099999999969 0.00000000099999999969 0.00000000099999999969 0.00000000099999999969 
0.00000000099999999998 0.32607133636075591454 0.22441467254518460139 0.00000000099999999998 0.11770618496927906516 0.33180780312478042049 0.00000000099999999998 
0.00000000099999999992 0.00000000099999999992 0.00000000099999999992 0.00000000099999999992 0.00000000099999999992 0.00000000099999999992 0.99999999399999994765 
0.10013348858796600194 0.00000000099999999999 0.00000000099999999999 0.10713796415317911048 0.00000000099999999999 0.58384884655283308952 0.20887969770602179964 
0.00000000099999999999 0.10312068381624220348 0.62199511112123162526 0.00000000099999999999 0.26041840493121182210 0.00162980488109742386 0.01283599325021688928 
0.00000000099999999999 0.00000000099999999999 0.58636644483784727822 0.00974086419265034198 0.22107093283574638654 0.16511166258489609615 0.01771009354885995368 
0.00000000099999999999 0.00278939524053314382 0.49853567102269402689 0.00766743405554671555 0.28585070635105097603 0.20515679133017508673 0.00000000099999999999 
0.00000000099999999998 0.30880710530798533009 0.00000000099999999998 0.00000000099999999998 0.34904709659948934819 0.34214579409252515729 0.00000000099999999998 
0.00000000099999999998 0.12387254131777264421 0.42197920328193055939 0.00000000099999999998 0.12146300394885599372 0.33268524845144070712 0.00000000099999999998 
0.00000000099999999998 0.34854095381687638655 0.41594532990827420837 0.00000000099999999998 0.23551371227484954596 0.00000000099999999998 0.00000000099999999998 
0.00000000099999999994 0.99999999400000005867 0.00000000099999999994 0.00000000099999999994 0.00000000099999999994 0.00000000099999999994 0.00000000099999999994 
0.00000000099999999997 0.00000000099999999997 0.99999999400000005867 0.00000000099999999997 0.00000000099999999997 0.00000000099999999997 0.00000000099999999997 
0.00000000099999999996 0.00000000099999999996 0.00000000099999999996 0.00000000099999999996 0.00000000099999999996 0.00000000099999999996 0.99999999399999994765 
0.00000000099999999991 0.00000000099999999991 0.00000000099999999991 0.00000000099999999991 0.00000000099999999991 0.99999999400000005867 0.00000000099999999991 
0.00000000099999999998 0.41680841920429251291 0.57895293436493111550 0.00000000099999999998 0.00000000099999999998 0.00423864243077631212 0.00000000099999999998 
0.00000000099999999998 0.00000045225242014784 0.55691175256745650834 0.00000000099999999998 0.41707467248168261786 0.00000000099999999998 0.02601311969844061558 
0.00000000099999999995 0.00000000099999999995 0.99999999400000005867 0.00000000099999999995 0.00000000099999999995 0.00000000099999999995 0.00000000099999999995 
0.00000000099999999999 0.01954666215366581208 0.73027003788937316919 0.00000000099999999999 0.00000000099999999999 0.23798308457641431657 0.01220021238054685639 
0.00000000099999999998 0.41018063999115433882 0.58981935417703834634 0.00000000099999999998 0.00000000183180733776 0.00000000099999999998 0.00000000099999999998 
0.00000000099999999996 0.99999999400000016969 0.00000000099999999996 0.00000000099999999996 0.00000000099999999996 0.00000000099999999996 0.00000000099999999996 
0.00000000099999999997 0.00000000099999999997 0.02289427200227356005 0.00000000099999999997 0.00000000099999999997 0.00000000099999999997 0.97710572299772646687 
0.00000000099999999997 0.00000000099999999997 0.99633486105936830413 0.00366513394063159486 0.00000000099999999997 0.00000000099999999997 0.00000000099999999997 
0.00000000099999999997 0.00000000099999999997 0.00000000099999999997 0.00000000099999999997 0.69369912712804471244 0.30630086787195509590 0.00000000099999999997 
0.00000000099999999999 0.35118552827029214658 0.00000015429598060374 0.00000000099999999999 0.36122091515903476111 0.28759339927469240727 0.00000000099999999999 
0.00000000099999999997 0.00000000099999999997 0.00000000099999999997 0.00000000099999999997 0.00000000099999999997 0.00000000099999999997 0.99999999399999994765 
0.01794019224099754201 0.39975437029297317126 0.37160801668456733271 0.00000000100000000000 0.12260544501515341365 0.06649787245267126112 0.02159410231363716182 
0.00000000099999999992 0.00000000099999999992 0.00000000099999999992 0.00000000099999999992 0.99999999400000005867 0.00000000099999999992 0.00000000099999999992 
0.00000000099999999999 0.35306195455592409571 0.00000000099999999999 0.00134566217356413146 0.00000000099999999999 0.17166870008611798126 0.47392368018439379185 
0.00000000099999999997 0.14713723166095921124 0.50143925604162342680 0.00000000099999999997 0.34421934856621888565 0.00005184986526030059 0.00715231186593829737 
0.99999999400000005867 0.00000000099999999970 0.00000000099999999970 0.00000000099999999970 0.00000000099999999970 0.00000000099999999970 0.00000000099999999970 
0.00000000099999999999 0.46769170918008895477 0.00000000099999999999 0.00348840004721049984 0.00000000099999999999 0.52881988677270030941 0.00000000099999999999 
0.00000000099999999999 0.26406065535452849513 0.20787360986652564376 0.00000000099999999999 0.20938419751335904384 0.30120159666550794242 0.01747993860007892447 
