0.02608775490119677465 0.00032758671242579652 0.96554915634602600516 0.00803550204035142525 
0.00000000099999999996 0.00000000099999999996 0.00000000099999999996 0.99999999699999997382 
0.00000000099999999996 0.00000000099999999996 0.00000000099999999996 0.99999999699999997382 
0.00553503766314191945 0.00000000099999999999 0.95155960305444231562 0.04290535828241568567 
0.01322590112429790181 0.00000000100000000000 0.98630664230020603789 0.00046745557549605741 
0.00638697135128764651 0.00000000099999999999 0.96297726353751234019 0.03063576411119999995 
0.00000000099999999997 0.00000000099999999997 0.00000000099999999997 0.99999999700000008485 
0.00000000099999999995 0.00000000099999999995 0.00000000099999999995 0.99999999699999997382 
0.01973330758232500273 0.00000000099999999999 0.97124652037613201649 0.00902017104154312008 
0.00000000099999999997 0.00000000099999999997 0.00000000099999999997 0.99999999700000008485 
0.01378955381320163577 0.00000000100000000000 0.96836827267016545306 0.01784217251663280587 
0.01153204039066775717 0.00000000099999999999 0.96577116175046973101 0.02269679685886260082 
0.00886607750886996872 0.00000000100000000000 0.98590699916463087060 0.00522692232649923059 
0.01967540075362297913 0.00000000100000000000 0.96964649886331255590 0.01067809938306446549 
0.02164510299504279409 0.00608210977972797363 0.97093807150343292012 0.00133471572179638264 
0.03332426214380576623 0.00000000099999999999 0.90558900058939517663 0.06108673626679899521 
0.00024716504295905237 0.00000000100000000000 0.99217238295426968264 0.00758045100277135366 
0.00656212028726491960 0.00537614771115862370 0.98806173100157645983 0.00000000100000000000 
0.01149520370328862943 0.00816316255107516452 0.97697996259700148336 0.00336167114863477950 
0.00795208353827829041 0.00000000099999999998 0.99114247779512287817 0.00090543766659871767 
0.00001870020976451448 0.00000000100000000000 0.99592746756062833224 0.00405383122960709802 
0.00000000099999999998 0.00000000099999999998 0.00000000421538588841 0.99999999378461401633 
0.00000000099999999999 0.00000000099999999999 0.96962397356411567095 0.03037602443588436479 
0.00410731250611534506 0.00000000099999999999 0.95796107027335941630 0.03793161622052534238 
0.00000042048198779107 0.00000000099999999999 0.96657099009338476314 0.03342858842462760605 
0.00691623334385894125 0.00000000099999999999 0.99308376465614101036 0.00000000099999999999 
0.99999999700000008485 0.00000000099999999988 0.00000000099999999988 0.00000000099999999988 
0.99999999699999997382 0.00000000099999999986 0.00000000099999999986 0.00000000099999999986 
0.01172140643635807486 0.00000000100000000000 0.98283814420768422782 0.00544044835595777765 
0.01501754012638692286 0.00000000099999999999 0.98498245787361315973 0.00000000099999999999 
0.00000000178440146299 0.00000000099999999999 0.97029737564233786706 0.02970262157326057639 
0.00000000099999999998 0.00000000099999999998 0.00000000099999999998 0.99999999699999997382 
0.36100466701917427459 0.00000000099999999997 0.39852712930837486116 0.24046820267245078151 
0.00110216237710587415 0.00000000099999999999 0.99842379219842369853 0.00047404442447052222 
0.00000000099999999986 0.99999999699999997382 0.00000000099999999986 0.00000000099999999986 
0.00000000099999999982 0.99999999700000008485 0.00000000099999999982 0.00000000099999999982 
0.00000000099999999982 0.99999999700000008485 0.00000000099999999982 0.00000000099999999982 
0.99999999700000008485 0.00000000099999999988 0.00000000099999999988 0.00000000099999999988 
0.99999999700000008485 0.00000000099999999987 0.00000000099999999987 0.00000000099999999987 
0.00363076941588070211 0.00000000099999999999 0.99414492260439490945 0.00222430697972428836 
0.00000000099999999998 0.00000000099999999998 0.00000000099999999998 0.99999999700000008485 
0.99999999699999997382 0.00000000099999999987 0.00000000099999999987 0.00000000099999999987 
0.01218779267545660495 0.00000000099999999999 0.95990464253085994173 0.02790756379368326476 
0.00000000099999999996 0.00000000099999999996 0.00000000099999999996 0.99999999700000008485 
0.99999999699999997382 0.00000000099999999989 0.00000000099999999989 0.00000000099999999989 
0.00999409755410475380 0.00000000099999999999 0.97037357142357782980 0.01963233002231756438 
0.99999999700000008485 0.00000000099999999987 0.00000000099999999987 0.00000000099999999987 
0.00000000099999999997 0.00000000099999999997 0.00000000099999999997 0.99999999700000008485 
0.00000000099999999995 0.00000000099999999995 0.00000000099999999995 0.99999999699999997382 
0.99999999699999997382 0.00000000099999999986 0.00000000099999999986 0.00000000099999999986 
0.99999999699999997382 0.00000000099999999987 0.00000000099999999987 0.00000000099999999987 
0.00000000099999999997 0.00000000099999999997 0.00000000099999999997 0.99999999700000008485 
0.00000000099999999996 0.00000000099999999996 0.00000000099999999996 0.99999999699999997382 
0.00000000099999999997 0.00000000099999999997 0.00000000099999999997 0.99999999700000008485 
0.99999999700000008485 0.00000000099999999989 0.00000000099999999989 0.00000000099999999989 
0.01960224235933854045 0.00000000224520318107 0.93166321156831000128 0.04873454382714818844 
0.03020751056033414358 0.00000000100000000000 0.96749061066320585223 0.00230187777645998390 
0.00000000099999999999 0.00000000099999999999 0.97020343264424691032 0.02979656535575299012 
0.00449095729076555514 0.00000000099999999999 0.97789441518260511454 0.01761462652662930742 
0.00000000099999999996 0.00000000099999999996 0.00000000099999999996 0.99999999700000008485 
0.00981549165621354615 0.00160156765171431893 0.98789521738499219694 0.00068772330708000119 
0.00000000099999999985 0.99999999700000008485 0.00000000099999999985 0.00000000099999999985 
0.00935756213890007529 0.00000000099999999998 0.98050817147222091297 0.01013426538887905910 
0.00000000099999999985 0.99999999699999997382 0.00000000099999999985 0.00000000099999999985 
0.00119832690480514595 0.00000000100000000000 0.95210167797543077128 0.04669999411976408221 
0.00000000099999999986 0.99999999700000008485 0.00000000099999999986 0.00000000099999999986 
0.00571535853061421687 0.00000000099999999999 0.98157904970942699840 0.01270559075995868377 
0.01072814963184620662 0.00000005714822175604 0.97382134813178222732 0.01545044508814989899 
0.00000000099999999995 0.00000000099999999995 0.00000000099999999995 0.99999999699999997382 
0.00000000099999999998 0.00000000099999999998 0.99999671259191813544 0.00000328540808195996 
0.00000000099999999985 0.99999999700000008485 0.00000000099999999985 0.00000000099999999985 
0.00000000099999999987 0.99999999700000008485 0.00000000099999999987 0.00000000099999999987 
0.01487151135702811759 0.00000000099999999999 0.89781176244651472729 0.08731672519645714003 
0.00000000099999999995 0.00000000099999999995 0.00000000099999999995 0.99999999699999997382 
0.99999999700000008485 0.00000000099999999989 0.00000000099999999989 0.00000000099999999989 
0.00000000099999999996 0.00000000099999999996 0.00000000099999999996 0.99999999700000008485 
0.00000000100000000000 0.00120362737153971878 0.95668848452382238001 0.04210788710463792689 
0.00000000099999999984 0.99999999700000008485 0.00000000099999999984 0.00000000099999999984 
0.99999999700000008485 0.00000000099999999985 0.00000000099999999985 0.00000000099999999985 
0.00000000099999999987 0.99999999700000008485 0.00000000099999999987 0.00000000099999999987 
0.02165713756692411868 0.00320192099055946434 0.97262855023315486491 0.00251239120936161452 
0.00000000099999999995 0.00000000099999999995 0.00000000099999999995 0.99999999700000008485 
0.00000000099999999996 0.00000000099999999996 0.00000000099999999996 0.99999999700000008485 
0.00462324261758721711 0.00000000099999999999 0.75926011082552558040 0.23611664555688724465 
0.02491677116614118837 0.00000000100000000000 0.96880515114327947490 0.00627807669057938757 
0.00000095371308215625 0.00000000099999999999 0.98518513733163293189 0.01481390795528492524 
0.00000000099999999999 0.00000000099999999999 0.97100222943979097590 0.02899776856020898352 
0.00261402640896978402 0.00000000100000000000 0.99674323826920052660 0.00064273432182961271 
0.00000000099999999998 0.00000000099999999998 0.99999999699999997382 0.00000000099999999998 
0.00081241223025692430 0.00000000099999999999 0.98413011643097114689 0.01505747033877202073 
0.01064371451607200661 0.00000000099999999999 0.97598645592834232243 0.01336982855558556220 
0.00000006803439017110 0.00000000168474539809 0.95798916926566679564 0.04201076101519765627 
0.00000000099999999996 0.00000000099999999996 0.00000000099999999996 0.99999999700000008485 
0.00000000099999999998 0.00000000099999999998 0.00004109537489749681 0.99995890262510256363 
0.00000000099999999991 0.99999999700000008485 0.00000000099999999991 0.00000000099999999991 
0.00000000099999999998 0.00000000099999999998 0.00000000099999999998 0.99999999699999997382 
0.00000000099999999998 0.00000000099999999998 0.00000000393097163901 0.99999999406902828625 
0.01049365734989953641 0.00000000099999999999 0.96194644081846136796 0.02755990083163901636 
0.00000000099999999982 0.99999999700000008485 0.00000000099999999982 0.00000000099999999982 
0.00829326335244120680 0.00000000100000000000 0.99170673332939396349 0.00000000231816471330 
0.00846230892359137350 0.00000000099999999999 0.97016346341532389008 0.02137422666108483582 
0.01004698667014398625 0.00200632496348125862 0.98312707345771810363 0.00481961490865657777 
0.00703288886070984817 0.00000000100000000000 0.96383359693384940137 0.02913351320544077527 
0.00054312916652330269 0.00039695290870288681 0.99204198260003173537 0.00701793532474208510 
0.00012645455367076442 0.00000005824483674163 0.95727627623014321934 0.04259721097134931689 
0.00905527861991335323 0.00000000100000000000 0.98893684529834413599 0.00200787508174252605 
0.01126059740452659691 0.00000000100000000000 0.97206303341161426346 0.01667636818385911934 
0.03207358809927307597 0.00442982468216407150 0.94711291274481601565 0.01638367447374689673 
0.01505693885227370882 0.00000000099999999999 0.97707547546160533614 0.00786758468612093996 
0.00000000099999999999 0.00000000099999999999 0.99920662160691708920 0.00079337639308281319 
0.02872746470009650277 0.00095742467178977617 0.94306422972679415651 0.02725088090131961086 
0.01410567850002908061 0.00000000099999999999 0.98589431949997097249 0.00000000099999999999 
0.00066021080783506300 0.00000000100000000000 0.98435591136243227872 0.01498387682973271670 
0.00150653042097367634 0.00000000099999999999 0.99666936523069249443 0.00182410334833379745 
0.00000000099999999999 0.00000000099999999999 0.96228453363431309953 0.03771546436568676275 
0.01097646412287713036 0.00000000100000000000 0.97010543695207107628 0.01891809792505173490 
0.00000000099999999999 0.00000000099999999999 0.95537204503113437593 0.04462795296886559043 
0.00193445803376776312 0.00000000100000000000 0.99042898090613717965 0.00763656006009496863 
0.00242243715378166573 0.00000000099999999999 0.96811080319896380963 0.02946675864725460323 
0.00711523052726999953 0.06806351374256797149 0.89682441356451936265 0.02799684216564268455 
0.00000000099999999999 0.00000000099999999999 0.99254472918676961424 0.00745526881323037727 
0.00000000099999999998 0.00000000099999999998 0.97810341624032270946 0.02189658175967714240 
0.00000079832981385375 0.00000000099999999998 0.96918870969874182375 0.03081049097144438614 
0.01929438362588037359 0.00000000099999999999 0.97832681314953895413 0.00237880222458073526 
0.00000000099999999998 0.00000000099999999998 0.98174256057768616301 0.01825743742231384151 
0.00852921020624482738 0.00362177604091422920 0.98014490826320310735 0.00770410548963785819 
0.00887894549405382830 0.00000000099999999999 0.97545601066627540821 0.01566504283967086117 
0.00299571567599115534 0.00000000099999999999 0.99700428126294482478 0.00000000206106392166 
0.00000000099999999998 0.00000000099999999998 0.96247374459457968321 0.03752625340542025539 
0.00000000099999999996 0.00000000099999999996 0.00000000099999999996 0.99999999700000008485 
0.00000000099999999998 0.00000000099999999998 0.00000002854402305929 0.99999996945597702247 
0.00000000099999999988 0.99999999700000008485 0.00000000099999999988 0.00000000099999999988 
0.99999999699999997382 0.00000000099999999985 0.00000000099999999985 0.00000000099999999985 
0.03979690999508148086 0.00000000100000000000 0.04630187001609486347 0.91390121898882370477 
0.00000000099999999998 0.00000000099999999998 0.98275041172935651002 0.01724958627064336267 
0.00460729997623485123 0.00000000242793469171 0.96321950411641910073 0.03217319347941143687 
0.00395574981146245598 0.00000000099999999999 0.00000000099999999999 0.99604424818853765089 
0.00000000099999999999 0.00000000099999999999 0.97707199174026049260 0.02292800625973936968 
0.01524359239227913651 0.00000000099999999998 0.98143738388480727952 0.00331902272291350773 
0.00614588137992939584 0.00000000099999999999 0.99385411662007050460 0.00000000099999999999 
0.00000000099999999984 0.99999999699999997382 0.00000000099999999984 0.00000000099999999984 
0.00000000099999999985 0.99999999700000008485 0.00000000099999999985 0.00000000099999999985 
0.00000000099999999982 0.99999999699999997382 0.00000000099999999982 0.00000000099999999982 
0.00000000099999999983 0.99999999700000008485 0.00000000099999999983 0.00000000099999999983 
0.00000000099999999983 0.99999999699999997382 0.00000000099999999983 0.00000000099999999983 
0.00000000099999999998 0.00000000099999999998 0.00000000099999999998 0.99999999699999997382 
0.01466194141544076984 0.00000000100000000000 0.97949904351842131955 0.00583901406613783914 
0.00000000099999999983 0.99999999700000008485 0.00000000099999999983 0.00000000099999999983 
0.00000000099999999985 0.99999999699999997382 0.00000000099999999985 0.00000000099999999985 
0.99999999700000008485 0.00000000099999999985 0.00000000099999999985 0.00000000099999999985 
0.99999999700000008485 0.00000000099999999985 0.00000000099999999985 0.00000000099999999985 
0.00000000099999999999 0.00000000099999999999 0.99997609135343468179 0.00002390664656531294 
0.00000000099999999984 0.99999999699999997382 0.00000000099999999984 0.00000000099999999984 
0.00000000698847891432 0.00006688511247828543 0.97942224090681351267 0.02051086699222921805 
0.00241407361220609970 0.00000000099999999999 0.99758592438779380984 0.00000000099999999999 
0.00000000099999999998 0.00000000099999999998 0.03847171579173538913 0.96152828220826458416 
0.00006284558580864576 0.00000000099999999999 0.98453311966730205906 0.01540403374688948009 
0.00000000099999999995 0.00000000099999999995 0.00000000099999999995 0.99999999700000008485 
0.00889307671914396462 0.00000000099999999999 0.96484640419180400794 0.02626051808905198459 
0.00000000099999999995 0.00000000099999999995 0.00000000099999999995 0.99999999699999997382 
0.02051077726445867805 0.00000000100000000000 0.96291644170334278474 0.01657278003219859325 
0.01617747740405179116 0.00000000100000000000 0.98369991040363080614 0.00012261119231739791 
0.00000000099999999986 0.99999999699999997382 0.00000000099999999986 0.00000000099999999986 
0.00000000099999999996 0.00000000099999999996 0.00000000099999999996 0.99999999699999997382 
0.00000000099999999983 0.99999999700000008485 0.00000000099999999983 0.00000000099999999983 
0.00000000099999999983 0.99999999700000008485 0.00000000099999999983 0.00000000099999999983 
0.00129269777918391920 0.00000000100000000000 0.98557673545818746952 0.01313056576262872782 
0.00059125521542598321 0.00000000099999999999 0.96720552811952642536 0.03220321566504751043 
0.00000000099999999998 0.00000000099999999998 0.98833242316145153428 0.01166757483854846678 
0.00622865457875426600 0.00000000099999999999 0.98856599599110062115 0.00520534843014518536 
0.01582384602477864000 0.00000000099999999999 0.97355714916859203978 0.01061900380662930687 
0.01063807983684236617 0.00000000099999999999 0.96699058207490773409 0.02237133708824987424 
0.00000019827671698757 0.00000000099999999999 0.99999979972328301159 0.00000000099999999999 
0.00000000099999999998 0.00000000099999999998 0.00214389490361822227 0.99785610309638173021 
0.00016328217050620264 0.00000000099999999999 0.99983121328604751543 0.00000550354344634069 
0.00000000099999999983 0.99999999699999997382 0.00000000099999999983 0.00000000099999999983 
0.00337076667513152954 0.00000000100000000000 0.99382870030742509471 0.00280053201744334809 
0.00000000099999999994 0.99999999700000008485 0.00000000099999999994 0.00000000099999999994 
0.00000000099999999985 0.99999999700000008485 0.00000000099999999985 0.00000000099999999985 
0.00002459485294549894 0.00000000099999999999 0.97176289985867181365 0.02821250428838270596 
0.01267718253134746120 0.00000000099999999999 0.98732281546865252597 0.00000000099999999999 
0.00000000100000000000 0.00000532244492236244 0.97554673515000545070 0.02444794140507209126 
0.00000000099999999987 0.99999999700000008485 0.00000000099999999987 0.00000000099999999987 
0.00000000099999999996 0.00000000099999999996 0.00000000099999999996 0.99999999700000008485 
0.00000000099999999996 0.00000000099999999996 0.00000000099999999996 0.99999999700000008485 
0.00000000099999999985 0.99999999700000008485 0.00000000099999999985 0.00000000099999999985 
0.01014262466065195788 0.00000000100000000000 0.97871693599931541829 0.01114043834003262609 
0.01606388738787547024 0.00000000100000000000 0.93987791044608737234 0.04405820116603721692 
0.00000000099999999986 0.99999999700000008485 0.00000000099999999986 0.00000000099999999986 
0.01084619725065956788 0.00000000099999999999 0.97968300945403052893 0.00947079229530995922 
0.00000000099999999995 0.00000000099999999995 0.00000000099999999995 0.99999999699999997382 
0.11194415926661384353 0.10674873330239978420 0.54452788775693106160 0.23677921967405532455 
0.00000000100000000000 0.00459472495556272325 0.96330617153565289978 0.03209910250878437316 
0.01601085211287393839 0.00000000099999999999 0.94591154046504644093 0.03807760642207972529 
0.01842796681214783211 0.00000000099999999999 0.97842003411113920297 0.00315199807671297932 
0.01472123800011402792 0.00000000099999999999 0.98501872418336289261 0.00026003681652310065 
0.00604129618107851051 0.00000000099999999999 0.99395870181892143069 0.00000000099999999999 
0.00000000099999999999 0.00000000099999999999 0.98883005541357560375 0.01116994258642421169 
0.01649381319817008404 0.00000000099999999999 0.97299759751780301453 0.01050858828402695053 
0.00824411717318324078 0.00832541821879937555 0.95667514563448619036 0.02675531897353122454 
0.00000000099999999997 0.00000000099999999997 0.00000000099999999997 0.99999999699999997382 
0.01042708878886362128 0.00000000099999999999 0.96672060134150450406 0.02285230886963185090 
0.01019630229939071965 0.00000000099999999999 0.98980369570060910966 0.00000000099999999999 
0.00557275102462565560 0.00000000100000000000 0.94473694254021434169 0.04969030543515996073 
0.00000000099999999999 0.00000000099999999999 0.97857154974516968871 0.02142844825483027418 
0.00555562143726006426 0.00242938739403347108 0.95470285451095526774 0.03731213665775125199 
0.00057813330341688221 0.00000000099999999999 0.99942043720982343125 0.00000142848675954074 
0.00227210677989308010 0.00000000100000000000 0.97876820939248232456 0.01895968282762454382 
0.00000000099999999998 0.00000000099999999998 0.00200723973220562736 0.99799275826779432208 
0.02088078409605229752 0.00000000099999999999 0.95530942170048249729 0.02380979320346525777 
0.01365576133713779054 0.00000000099999999999 0.97620909418314361083 0.01013514347971859395 
0.00023942248689133848 0.01109154079785235406 0.97407814110519441719 0.01459089561006188251 
0.00000000099999999998 0.00000000099999999998 0.00000007727458643335 0.99999992072541366017 
0.00000015908639796771 0.01927384135348000904 0.95108141001011059501 0.02964458955001144508 
0.01255813019467330940 0.00000000100000000000 0.97419724030126986225 0.01324462850405683061 
0.01193028237571019425 0.00000000099999999999 0.50614128142471637162 0.48192843519957356824 
0.00000000099999999998 0.00000000099999999998 0.96961120114461563091 0.03038879685538435280 
0.00000000099999999986 0.99999999700000008485 0.00000000099999999986 0.00000000099999999986 
0.01979188626482150312 0.00000000099999999999 0.95912476887623254740 0.02108334385894582511 
0.00787996888250866272 0.00000000100000000000 0.96249180589578675615 0.02962822422170463196 
