0.02608195942669538220 0.00751301285242284272 0.00030495472564621366 0.96610007299523559254 
0.00000000099999999996 0.99999999699999997382 0.00000000099999999996 0.00000000099999999996 
0.00000000099999999996 0.99999999700000008485 0.00000000099999999996 0.00000000099999999996 
0.00551265873731641293 0.04249648065087941601 0.00000000099999999999 0.95199085961180407445 
0.01323111681059666901 0.00018608413956193703 0.00000000100000000000 0.98658279804984128081 
0.00637231913396644947 0.03028293768224250490 0.00000000099999999999 0.96334474218379095856 
0.00000000099999999997 0.99999999699999997382 0.00000000099999999997 0.00000000099999999997 
0.00000000099999999995 0.99999999699999997382 0.00000000099999999995 0.00000000099999999995 
0.01971060553527772402 0.00849939401920881202 0.00000000099999999999 0.97178999944551336387 
0.00000000099999999997 0.99999999700000008485 0.00000000099999999997 0.00000000099999999997 
0.01375830133238702471 0.01756939552457964515 0.00000000100000000000 0.96867230214303334801 
0.01150427314517963630 0.02226307822079797577 0.00000000099999999999 0.96623264763402227917 
0.00884489477428233514 0.00464485763493605562 0.00000000100000000000 0.98651024659078168089 
0.01966178819980857195 0.01015136072767329652 0.00000000100000000000 0.97018685007251814767 
0.02162117507087784468 0.00082288074956930258 0.00609295329914105559 0.97146299088041188075 
0.03330011710883663822 0.06077891903304056404 0.00000000099999999999 0.90592096285812273582 
0.00014753453764555067 0.00705403664787603545 0.00000000100000000000 0.99279842781447835698 
0.00649725756257756460 0.00000000100000000000 0.00539815796294737787 0.98810458347447494010 
0.01148486765361112633 0.00277821975123697341 0.00817570971677514247 0.97756120287837677818 
0.00793187296707402630 0.00046187929531185440 0.00000000099999999998 0.99160624673761399439 
0.00000239689067883604 0.00338978774113083553 0.00000000100000000000 0.99660781436819034784 
0.00000000099999999998 0.99999999699999997382 0.00000000099999999998 0.00000000099999999998 
0.00000000099999999999 0.03001010756122439449 0.00000000099999999999 0.96998989043877559268 
0.00406755038619445453 0.03756862007302277928 0.00000000099999999999 0.95836382854078283611 
0.00000000099999999999 0.03300764884942272021 0.00000000099999999999 0.96699234915057730166 
0.00685977468671899408 0.00000000099999999999 0.00000000099999999999 0.99314022331328111193 
0.99999999699999997382 0.00000000099999999988 0.00000000099999999988 0.00000000099999999988 
0.99999999700000008485 0.00000000099999999986 0.00000000099999999986 0.00000000099999999986 
0.01169686810554395121 0.00485108997953277114 0.00000000100000000000 0.98345204091492333109 
0.01495826969429396233 0.00000000099999999999 0.00000000099999999999 0.98504172830570602137 
0.00000000099999999999 0.02926304511500268934 0.00000000099999999999 0.97073695288499728395 
0.00000000099999999998 0.99999999700000008485 0.00000000099999999998 0.00000000099999999998 
0.36099282534516990983 0.24031850938958543296 0.00000000099999999997 0.39868866426524462998 
0.00104092059700686070 0.00017380156324621997 0.00000000099999999999 0.99878527683974682727 
0.00000000099999999986 0.00000000099999999986 0.99999999699999986280 0.00000000099999999986 
0.00000000099999999982 0.00000000099999999982 0.99999999699999997382 0.00000000099999999982 
0.00000000099999999982 0.00000000099999999982 0.99999999699999997382 0.00000000099999999982 
0.99999999700000008485 0.00000000099999999988 0.00000000099999999988 0.00000000099999999988 
0.99999999699999997382 0.00000000099999999987 0.00000000099999999987 0.00000000099999999987 
0.00358427447622702410 0.00161599539730549976 0.00000000099999999999 0.99479972912646741356 
0.00000000099999999998 0.99999999700000008485 0.00000000099999999998 0.00000000099999999998 
0.99999999700000008485 0.00000000099999999987 0.00000000099999999987 0.00000000099999999987 
0.01215642753996323995 0.02768689743381673105 0.00000000099999999999 0.96015667402621995841 
0.00000000099999999996 0.99999999699999997382 0.00000000099999999996 0.00000000099999999996 
0.99999999699999997382 0.00000000099999999989 0.00000000099999999989 0.00000000099999999989 
0.00997000928703942711 0.01918344861516799865 0.00000000099999999999 0.97084654109779244813 
0.99999999699999997382 0.00000000099999999987 0.00000000099999999987 0.00000000099999999987 
0.00000000099999999997 0.99999999700000008485 0.00000000099999999997 0.00000000099999999997 
0.00000000099999999995 0.99999999699999997382 0.00000000099999999995 0.00000000099999999995 
0.99999999699999997382 0.00000000099999999986 0.00000000099999999986 0.00000000099999999986 
0.99999999699999997382 0.00000000099999999987 0.00000000099999999987 0.00000000099999999987 
0.00000000099999999997 0.99999999700000008485 0.00000000099999999997 0.00000000099999999997 
0.00000000099999999996 0.99999999700000008485 0.00000000099999999996 0.00000000099999999996 
0.00000000099999999997 0.99999999699999997382 0.00000000099999999997 0.00000000099999999997 
0.99999999699999997382 0.00000000099999999989 0.00000000099999999989 0.00000000099999999989 
0.01958939346942242810 0.04836186892660304659 0.00000000100000000000 0.93204873660397458135 
0.03020561471691086616 0.00169874972187289029 0.00000000100000000000 0.96809563456121627834 
0.00000000099999999999 0.02942143965279336165 0.00000000099999999999 0.97057855834720674348 
0.00445625291428390722 0.01731349463756822610 0.00000000099999999999 0.97823025144814779175 
0.00000000099999999996 0.99999999700000008485 0.00000000099999999996 0.00000000099999999996 
0.00977843959686821619 0.00030776130576607043 0.00160488158873433239 0.98830891750863136824 
0.00000000099999999985 0.00000000099999999985 0.99999999699999997382 0.00000000099999999985 
0.00937600804744455167 0.00988364570760545680 0.00000000099999999998 0.98074034524495012910 
0.00000000099999999985 0.00000000099999999985 0.99999999699999986280 0.00000000099999999985 
0.00111989302688424034 0.04629962901596780533 0.00000000100000000000 0.95258047695714787029 
0.00000000099999999986 0.00000000099999999986 0.99999999699999997382 0.00000000099999999986 
0.00570092873237759180 0.01222110822314700571 0.00000000099999999999 0.98207796204447550537 
0.01070193723593972426 0.01502597782498538495 0.00000000100000000000 0.97427208393907482886 
0.00000000099999999995 0.99999999700000008485 0.00000000099999999995 0.00000000099999999995 
0.00000000099999999998 0.00000000099999999998 0.00000000099999999998 0.99999999700000008485 
0.00000000099999999985 0.00000000099999999985 0.99999999699999997382 0.00000000099999999985 
0.00000000099999999987 0.00000000099999999987 0.99999999699999997382 0.00000000099999999987 
0.01484228313304220698 0.08696986117720759135 0.00000000099999999999 0.89818785468975026465 
0.00000000099999999995 0.99999999700000008485 0.00000000099999999995 0.00000000099999999995 
0.99999999699999997382 0.00000000099999999989 0.00000000099999999989 0.00000000099999999989 
0.00000000099999999996 0.99999999700000008485 0.00000000099999999996 0.00000000099999999996 
0.00000000100000000000 0.04170451137250488771 0.00116289083405246140 0.95713259679344275810 
0.00000000099999999984 0.00000000099999999984 0.99999999699999997382 0.00000000099999999984 
0.99999999699999997382 0.00000000099999999985 0.00000000099999999985 0.00000000099999999985 
0.00000000099999999987 0.00000000099999999987 0.99999999699999997382 0.00000000099999999987 
0.02164024699358697498 0.00192484611771454365 0.00320228607179460015 0.97323262081690387060 
0.00000000099999999995 0.99999999700000008485 0.00000000099999999995 0.00000000099999999995 
0.00000000099999999996 0.99999999699999997382 0.00000000099999999996 0.00000000099999999996 
0.00459942541346959697 0.23581563361353238828 0.00000000099999999999 0.75958493997299803002 
0.02491506714962193197 0.00557858919886594466 0.00000000100000000000 0.96950634265151225399 
0.00000000113085249343 0.01433659496355003948 0.00000000099999999999 0.98566340290559750770 
0.00000000099999999999 0.02874086270978557303 0.00000000099999999999 0.97125913529021434822 
0.00256298862219806953 0.00028353087551866309 0.00000000100000000000 0.99715347950228316876 
0.00000000099999999998 0.00000000099999999998 0.00000000099999999998 0.99999999700000008485 
0.00072288338137094991 0.01461011524966504896 0.00000000099999999999 0.98466700036896392945 
0.01065285336934396719 0.01296656013926787525 0.00000000099999999999 0.97638058549138828646 
0.00000000153302508381 0.04161563706035099203 0.00000000100000000000 0.95838436040662400295 
0.00000000099999999996 0.99999999700000008485 0.00000000099999999996 0.00000000099999999996 
0.00000000099999999998 0.99999731762760446507 0.00000000099999999998 0.00000268037239553208 
0.00000000099999999991 0.00000000099999999991 0.99999999699999986280 0.00000000099999999991 
0.00000000099999999998 0.99999999699999997382 0.00000000099999999998 0.00000000099999999998 
0.00000000099999999998 0.99999999699999997382 0.00000000099999999998 0.00000000099999999998 
0.01047709214523748732 0.02713051437105392857 0.00000000099999999999 0.96239239248370866964 
0.00000000099999999982 0.00000000099999999982 0.99999999699999997382 0.00000000099999999982 
0.00823640845253388251 0.00000000406776975036 0.00000000100000000000 0.99176358647969642401 
0.00842992076436168726 0.02094690586413285385 0.00000000099999999999 0.97062317237150552707 
0.01001973368243610010 0.00422379502297245968 0.00200712304786801899 0.98374934824672344291 
0.00700488452930063746 0.02869393617333244537 0.00000000100000000000 0.96430117829736683444 
0.00036250192945383528 0.00648589233093668609 0.00048356000161094056 0.99266804573799849454 
0.00005390318429501184 0.04226154183889124782 0.00000000337688810228 0.95768455159992560422 
0.00903793138258261915 0.00134626667321314955 0.00000000100000000000 0.98961580094420420473 
0.01122906724115814957 0.01621586413673828039 0.00000000100000000000 0.97255506762210353067 
0.03205598511553755386 0.01593543533013811603 0.00443364857767927691 0.94757493097664502457 
0.01503788514061282951 0.00732015993142278495 0.00000000099999999999 0.97764195392796449102 
0.00000000099999999999 0.00037331640768831524 0.00000000099999999999 0.99962668159231171661 
0.02869876097830827491 0.02689723889728417444 0.00096168605549805993 0.94344231406890954883 
0.01406365575760276827 0.00000000099999999999 0.00000000099999999999 0.98593634224239712349 
0.00055581718265037227 0.01451786942031918666 0.00000000100000000000 0.98492631239703043455 
0.00146185259208299247 0.00126901416139353369 0.00000000099999999999 0.99726913224652335987 
0.00000000099999999999 0.03730169593171658166 0.00000000099999999999 0.96269830206828355124 
0.01093799016558599790 0.01851394077428831011 0.00000000100000000000 0.97054806806012572373 
0.00000000099999999999 0.04421647508432900719 0.00000000099999999999 0.95578352291567103549 
0.00188119497999866651 0.00707293081308292635 0.00000000100000000000 0.99104587320691850394 
0.00237811360472531610 0.02904933829543207557 0.00000000099999999999 0.96857254709984264007 
0.00701666188334873573 0.02752366205317809816 0.06812523892155517014 0.89733443714191807317 
0.00000000099999999999 0.00691168776768069041 0.00000000099999999999 0.99308831023231924906 
0.00000000099999999998 0.02146946137679543037 0.00000000099999999998 0.97853053662320454986 
0.00000000173771493809 0.03043344910369000580 0.00000000099999999998 0.96956654815859499852 
0.01927092588933450312 0.00176368179953808766 0.00000000099999999999 0.97896539131112736420 
0.00000000099999999998 0.01781431551502567212 0.00000000099999999998 0.98218568248497439832 
0.00849999357029742816 0.00717469933655165686 0.00362622252261340797 0.98069908457053744932 
0.00891922473181405023 0.01534442982918052603 0.00000000099999999999 0.97573634443900547630 
0.00292526432872833222 0.00000000354980155059 0.00000000099999999999 0.99707473112147004812 
0.00000000099999999998 0.03715440434096624334 0.00000000099999999998 0.96284559365903388262 
0.00000000099999999996 0.99999999700000008485 0.00000000099999999996 0.00000000099999999996 
0.00000000099999999998 0.99999999700000008485 0.00000000099999999998 0.00000000099999999998 
0.00000000099999999988 0.00000000099999999988 0.99999999699999997382 0.00000000099999999988 
0.99999999700000008485 0.00000000099999999985 0.00000000099999999985 0.00000000099999999985 
0.03979030193376192903 0.91388878901368075791 0.00000000100000000000 0.04632090805255725807 
0.00000000099999999998 0.01692979046225702097 0.00000000099999999998 0.98307020753774299049 
0.00458041059501663756 0.03176826502501717275 0.00000000100000000000 0.96365132337996628475 
0.00395274399412659169 0.99604725400587335038 0.00000000099999999999 0.00000000099999999999 
0.00000000099999999999 0.02248807468355700293 0.00000000099999999999 0.97751192331644287670 
0.01523181705226463699 0.00271709711718298025 0.00000000099999999998 0.98205108483055247870 
0.00606865559750715319 0.00000000099999999999 0.00000000099999999999 0.99393134240249281230 
0.00000000099999999984 0.00000000099999999984 0.99999999699999986280 0.00000000099999999984 
0.00000000099999999985 0.00000000099999999985 0.99999999699999986280 0.00000000099999999985 
0.00000000099999999982 0.00000000099999999982 0.99999999699999986280 0.00000000099999999982 
0.00000000099999999983 0.00000000099999999983 0.99999999699999986280 0.00000000099999999983 
0.00000000099999999983 0.00000000099999999983 0.99999999699999986280 0.00000000099999999983 
0.00000000099999999998 0.99999999699999997382 0.00000000099999999998 0.00000000099999999998 
0.01466360279134753912 0.00527837267113652215 0.00000000100000000000 0.98005802353751592104 
0.00000000099999999983 0.00000000099999999983 0.99999999699999986280 0.00000000099999999983 
0.00000000099999999985 0.00000000099999999985 0.99999999699999997382 0.00000000099999999985 
0.99999999699999997382 0.00000000099999999985 0.00000000099999999985 0.00000000099999999985 
0.99999999700000008485 0.00000000099999999985 0.00000000099999999985 0.00000000099999999985 
0.00000000099999999999 0.00000000099999999999 0.00000000099999999999 0.99999999700000008485 
0.00000000099999999984 0.00000000099999999984 0.99999999699999997382 0.00000000099999999984 
0.00000000100000000000 0.02005008860366802245 0.00003388956350910824 0.97991602083282292046 
0.00235465147207347680 0.00000000132687718599 0.00000000099999999999 0.99764534620104938778 
0.00000000099999999998 0.96152775570368365088 0.00000000099999999998 0.03847224229631631548 
0.00001714743852081011 0.01495783904041100842 0.00000000099999999999 0.98502501252106811069 
0.00000000099999999995 0.99999999700000008485 0.00000000099999999995 0.00000000099999999995 
0.00886703757667293979 0.02591947240398202387 0.00000000099999999999 0.96521348901934489461 
0.00000000099999999995 0.99999999699999997382 0.00000000099999999995 0.00000000099999999995 
0.02048313739483913556 0.01612411226308326298 0.00000000100000000000 0.96339274934207752565 
0.01613403205328157314 0.00001795305819170756 0.00000000100000000000 0.98384801388852682891 
0.00000000099999999986 0.00000000099999999986 0.99999999699999997382 0.00000000099999999986 
0.00000000099999999996 0.99999999700000008485 0.00000000099999999996 0.00000000099999999996 
0.00000000099999999983 0.00000000099999999983 0.99999999699999997382 0.00000000099999999983 
0.00000000099999999983 0.00000000099999999983 0.99999999699999986280 0.00000000099999999983 
0.00122473572956403398 0.01268886453867722024 0.00000000100000000000 0.98608639873175873980 
0.00048724627303006377 0.03185029650834150100 0.00000000099999999999 0.96766245621862845283 
0.00000000099999999998 0.01119702525428973791 0.00000000099999999998 0.98880297274571016253 
0.00626484047032440337 0.00492021182683363093 0.00000000099999999999 0.98881494670284186821 
0.01580386154377255367 0.01013296591288081333 0.00000000099999999999 0.97406317154334665087 
0.01061178170270136133 0.02197620337459070886 0.00000000099999999999 0.96741201392270781412 
0.00000000235687113899 0.00000000099999999999 0.00000000099999999999 0.99999999564312891387 
0.00000000099999999998 0.99830027895921813474 0.00000000099999999998 0.00169971904078188864 
0.00007470800610730161 0.00000000099999999999 0.00000000099999999999 0.99992528999389262978 
0.00000000099999999983 0.00000000099999999983 0.99999999699999986280 0.00000000099999999983 
0.00334637537756452691 0.00215107163240321839 0.00000000100000000000 0.99450255199003234630 
0.00000000099999999994 0.00000000099999999994 0.99999999699999997382 0.00000000099999999994 
0.00000000099999999985 0.00000000099999999985 0.99999999699999997382 0.00000000099999999985 
0.00000367186582079389 0.02779148572455493807 0.00000000099999999999 0.97220484140962437625 
0.01260954187109445193 0.00000000099999999999 0.00000000099999999999 0.98739045612890563586 
0.00000000100000000000 0.02401633954497781054 0.00000066360175479379 0.97598299585326753203 
0.00000000099999999987 0.00000000099999999987 0.99999999699999997382 0.00000000099999999987 
0.00000000099999999996 0.99999999699999997382 0.00000000099999999996 0.00000000099999999996 
0.00000000099999999996 0.99999999699999997382 0.00000000099999999996 0.00000000099999999996 
0.00000000099999999985 0.00000000099999999985 0.99999999699999997382 0.00000000099999999985 
0.01012071737686992025 0.01062267677364501541 0.00000000100000000000 0.97925660484948506834 
0.01604969359105931984 0.04375307248628412110 0.00000000100000000000 0.94019723292265655612 
0.00000000099999999986 0.00000000099999999986 0.99999999699999986280 0.00000000099999999986 
0.01082151558793689738 0.00891962706676044034 0.00000000099999999999 0.98025885634530274260 
0.00000000099999999995 0.99999999700000008485 0.00000000099999999995 0.00000000099999999995 
0.11192606886784194076 0.23658287478669154380 0.10674898282623654366 0.54474207351922998566 
0.00000000100000000000 0.03165169300463908236 0.00459694275629662398 0.96375136323906418490 
0.01598513847556346651 0.03770411991918094091 0.00000000099999999999 0.94631074060525544045 
0.01841455508468175378 0.00255123708116337077 0.00000000099999999999 0.97903420683415487424 
0.01467838966664682457 0.00006267734654239531 0.00000000099999999999 0.98525893198681080420 
0.00599773634983763806 0.00000000099999999999 0.00000000099999999999 0.99400226165016225544 
0.00000000099999999999 0.01101451782243800803 0.00000000099999999999 0.98898548017756204853 
0.01647421986098915672 0.01000441443334854075 0.00000000099999999999 0.97352136470566241755 
0.00821799711268814820 0.02641085455072873095 0.00832583320192382091 0.95704531513465929127 
0.00000000099999999997 0.99999999699999997382 0.00000000099999999997 0.00000000099999999997 
0.01040460698578900452 0.02248958382525896235 0.00000000099999999999 0.96710580818895197641 
0.01013297420914891639 0.00000000133128494730 0.00000000099999999999 0.98986702345956600890 
0.00554138288621980075 0.04929312460475709229 0.00000000100000000000 0.94516549150902307019 
0.00000000099999999999 0.02097925081498917821 0.00000000099999999999 0.97902074718501075346 
0.00549749649011713887 0.03691951252149687501 0.00247515578839626509 0.95510783519998976310 
0.00044666394676539994 0.00000007613545261813 0.00000000099999999999 0.99955325891778190606 
0.00220624218514403440 0.01849922201067387070 0.00000000100000000000 0.97929453480418204858 
0.00000000099999999998 0.99904843558636946543 0.00000000099999999998 0.00095156241363053074 
0.02085460463544942106 0.02348663176103363628 0.00000000099999999999 0.95565876260351689808 
0.01363632960745307307 0.00964539041815263599 0.00000000099999999999 0.97671827897439433830 
0.00013080026687829169 0.01415290348943314125 0.01112293867039250081 0.97459335757329601524 
0.00000000099999999998 0.99999999700000008485 0.00000000099999999998 0.00000000099999999998 
0.00000000126007469374 0.02931512010818509290 0.01927280643656754250 0.95141207219517276439 
0.01253829134233300918 0.01275677358602675567 0.00000000100000000000 0.97470493407164027211 
0.01190846419440107738 0.48174981737637895263 0.00000000099999999999 0.50634171742921973980 
0.00000000099999999998 0.03001832011996793600 0.00000000099999999998 0.96998167788003197831 
0.00000000099999999986 0.00000000099999999986 0.99999999699999997382 0.00000000099999999986 
0.01977251743628561514 0.02062948312133793330 0.00000000099999999999 0.95959799844237636535 
0.00784290964000259987 0.02929136596788913666 0.00000000100000000000 0.96286572339210818594 
