0.35523949769760138073 0.00000000099999999999 0.00000000099999999999 0.00000000099999999999 0.31752901380510789586 0.02209617506037645299 0.00000000099999999999 0.30513530943691424824 
0.00000000099999999993 0.00000000099999999993 0.00000000099999999993 0.99999999300000008695 0.00000000099999999993 0.00000000099999999993 0.00000000099999999993 0.00000000099999999993 
0.00000000099999999994 0.00000000099999999994 0.00000000099999999994 0.99999999300000008695 0.00000000099999999994 0.00000000099999999994 0.00000000099999999994 0.00000000099999999994 
0.37942039397474497386 0.00000000099999999999 0.00000000099999999999 0.03296908565565491445 0.33726802242074144234 0.00362958092180315321 0.00000000099999999999 0.24671291402705536333 
0.27406346484352223092 0.00000000099999999999 0.08516732379132718744 0.00000000099999999999 0.27848303721556427748 0.00000000099999999999 0.00000000099999999999 0.36228617014958636178 
0.43796770845101645753 0.00000000099999999999 0.00599386165583343754 0.02431708161385943978 0.16359629340800674324 0.00246045730010294953 0.00000000099999999999 0.36566459557118097257 
0.00000000099999999995 0.00000000099999999995 0.02612268729907908302 0.97387730670092087504 0.00000000099999999995 0.00000000099999999995 0.00000000099999999995 0.00000000099999999995 
0.00000000099999999991 0.00000000099999999991 0.00000000099999999991 0.99999999299999997593 0.00000000099999999991 0.00000000099999999991 0.00000000099999999991 0.00000000099999999991 
0.99135437088052336119 0.00864562311947669054 0.00000000099999999997 0.00000000099999999997 0.00000000099999999997 0.00000000099999999997 0.00000000099999999997 0.00000000099999999997 
0.00000000099999999994 0.00000000099999999994 0.00000000099999999994 0.99999999299999997593 0.00000000099999999994 0.00000000099999999994 0.00000000099999999994 0.00000000099999999994 
0.46345799727386088884 0.00000000099999999999 0.00000000099999999999 0.00000000099999999999 0.53201953854157546520 0.00452245918456367461 0.00000000099999999999 0.00000000099999999999 
0.99999999300000008695 0.00000000099999999996 0.00000000099999999996 0.00000000099999999996 0.00000000099999999996 0.00000000099999999996 0.00000000099999999996 0.00000000099999999996 
0.36471107598795626803 0.00000000099999999999 0.01776594575019453670 0.00000000099999999999 0.33612592922821338259 0.00399559680223274087 0.00000000099999999999 0.27740144923140297450 
0.39165803095814327728 0.01639948065184314643 0.03479717783837162765 0.00000000099999999999 0.21284379058907193505 0.00000000099999999999 0.00000000099999999999 0.34430151696257005334 
0.00000000099999999999 0.00000000099999999999 0.00000000099999999999 0.00000000099999999999 0.49977381833497680486 0.01572862216023562104 0.00000000099999999999 0.48449755450478748653 
0.37543844748551313817 0.03053564952126328405 0.05216581638518322239 0.04797250113515917624 0.14607360616557032995 0.00000000099999999999 0.00000000099999999999 0.34781397730731106188 
0.65443209374119004629 0.00000000099999999997 0.03199109373820059610 0.00000000099999999997 0.31357680752060929086 0.00000000099999999997 0.00000000099999999997 0.00000000099999999997 
0.62718965098845114170 0.00000000099999999998 0.00000228169615906609 0.00000000099999999998 0.37280806231538976547 0.00000000099999999998 0.00000000099999999998 0.00000000099999999998 
0.55291557270070756935 0.00979684229714189968 0.00000000100000000000 0.00000000100000000000 0.14137077333026984438 0.00000000100000000000 0.00088172518012393376 0.29503508349175688874 
0.00000000099999999997 0.00000000099999999997 0.00000000099999999997 0.00000000099999999997 0.38706203091474755684 0.00177471701836809902 0.00000000099999999997 0.61116324706688440749 
0.42947431179989065120 0.00323280496114080251 0.00000000099999999999 0.00000000099999999999 0.19337578868109900343 0.00000000099999999999 0.00000000099999999999 0.37391709055786959137 
0.00000000099999999997 0.00000000099999999997 0.00000000099999999997 0.99999999300000008695 0.00000000099999999997 0.00000000099999999997 0.00000000099999999997 0.00000000099999999997 
0.00000000099999999991 0.00000000099999999991 0.00000000099999999991 0.00000000099999999991 0.99999999299999997593 0.00000000099999999991 0.00000000099999999991 0.00000000099999999991 
0.00000000099999999955 0.00000000099999999955 0.99999999299999997593 0.00000000099999999955 0.00000000099999999955 0.00000000099999999955 0.00000000099999999955 0.00000000099999999955 
0.00000000099999999992 0.00000000099999999992 0.00000000099999999992 0.00000000099999999992 0.99999999300000008695 0.00000000099999999992 0.00000000099999999992 0.00000000099999999992 
0.47931330763343371615 0.00000000099999999998 0.00826273127926420263 0.00000000099999999998 0.51242279094308951226 0.00000000099999999998 0.00000000099999999998 0.00000116614421256980 
0.00000000099999999966 0.00000000099999999966 0.00000000099999999966 0.00000000099999999966 0.00000000099999999966 0.99999999300000008695 0.00000000099999999966 0.00000000099999999966 
0.00000000099999999964 0.00000000099999999964 0.00000000099999999964 0.00000000099999999964 0.00000000099999999964 0.99999999300000008695 0.00000000099999999964 0.00000000099999999964 
0.45273703422687033848 0.00000000099999999999 0.04222930027066187225 0.00000000099999999999 0.32458974281756147739 0.00294671127974391539 0.00000000099999999999 0.17749720840516225451 
0.99999999300000019797 0.00000000099999999994 0.00000000099999999994 0.00000000099999999994 0.00000000099999999994 0.00000000099999999994 0.00000000099999999994 0.00000000099999999994 
0.62832284159805895651 0.00000000099999999996 0.08111412983232717255 0.00000000099999999996 0.00000000099999999996 0.00000000099999999996 0.00000000099999999996 0.29056302356961399846 
0.00000000099999999983 0.00000000099999999983 0.26010424440472551533 0.73989574959527470988 0.00000000099999999983 0.00000000099999999983 0.00000000099999999983 0.00000000099999999983 
0.00000000099999999976 0.00000000099999999976 0.65186898018550054612 0.00000000099999999976 0.00000000099999999976 0.34813101381449951255 0.00000000099999999976 0.00000000099999999976 
0.99999999300000008695 0.00000000099999999994 0.00000000099999999994 0.00000000099999999994 0.00000000099999999994 0.00000000099999999994 0.00000000099999999994 0.00000000099999999994 
0.00000000099999999966 0.00000000099999999966 0.00000000099999999966 0.00000000099999999966 0.00000000099999999966 0.00000000099999999966 0.99999999299999997593 0.00000000099999999966 
0.00000000099999999957 0.00000000099999999957 0.00000000099999999957 0.00000000099999999957 0.00000000099999999957 0.00000000099999999957 0.99999999299999986491 0.00000000099999999957 
0.00000000099999999958 0.00000000099999999958 0.00000000099999999958 0.00000000099999999958 0.00000000099999999958 0.00000000099999999958 0.99999999299999986491 0.00000000099999999958 
0.00000000099999999968 0.00000000099999999968 0.00000000099999999968 0.00000000099999999968 0.00000000099999999968 0.99999999299999997593 0.00000000099999999968 0.00000000099999999968 
0.00000000099999999963 0.00000000099999999963 0.00000000099999999963 0.00000000099999999963 0.00000000099999999963 0.99999999300000008695 0.00000000099999999963 0.00000000099999999963 
0.00000000099999999997 0.00000000099999999997 0.00000000099999999997 0.00000000099999999997 0.54093392713612620248 0.00000000099999999997 0.00000000099999999997 0.45906606686387391170 
0.00000182895612738598 0.00000000099999999995 0.00000000099999999995 0.99999816504387273319 0.00000000099999999995 0.00000000099999999995 0.00000000099999999995 0.00000000099999999995 
0.00000000099999999957 0.99999999300000008695 0.00000000099999999957 0.00000000099999999957 0.00000000099999999957 0.00000000099999999957 0.00000000099999999957 0.00000000099999999957 
0.00000000099999999994 0.00000000099999999994 0.00000000099999999994 0.00000000099999999994 0.99999999300000008695 0.00000000099999999994 0.00000000099999999994 0.00000000099999999994 
0.00000000099999999993 0.00000000099999999993 0.00000000099999999993 0.99999999299999997593 0.00000000099999999993 0.00000000099999999993 0.00000000099999999993 0.00000000099999999993 
0.00000000099999999961 0.99999999300000019797 0.00000000099999999961 0.00000000099999999961 0.00000000099999999961 0.00000000099999999961 0.00000000099999999961 0.00000000099999999961 
0.99999999300000019797 0.00000000099999999995 0.00000000099999999995 0.00000000099999999995 0.00000000099999999995 0.00000000099999999995 0.00000000099999999995 0.00000000099999999995 
0.00000000099999999957 0.99999999300000019797 0.00000000099999999957 0.00000000099999999957 0.00000000099999999957 0.00000000099999999957 0.00000000099999999957 0.00000000099999999957 
0.00000000099999999995 0.00000000099999999995 0.00000000099999999995 0.99999999300000008695 0.00000000099999999995 0.00000000099999999995 0.00000000099999999995 0.00000000099999999995 
0.00000000099999999990 0.00000000099999999990 0.00000000099999999990 0.99999999300000008695 0.00000000099999999990 0.00000000099999999990 0.00000000099999999990 0.00000000099999999990 
0.00000000099999999954 0.99999999300000019797 0.00000000099999999954 0.00000000099999999954 0.00000000099999999954 0.00000000099999999954 0.00000000099999999954 0.00000000099999999954 
0.00000000099999999957 0.99999999300000019797 0.00000000099999999957 0.00000000099999999957 0.00000000099999999957 0.00000000099999999957 0.00000000099999999957 0.00000000099999999957 
0.00000000099999999994 0.00000000099999999994 0.00000000099999999994 0.99999999300000008695 0.00000000099999999994 0.00000000099999999994 0.00000000099999999994 0.00000000099999999994 
0.00000000099999999995 0.00000000099999999995 0.00000000099999999995 0.99999999299999997593 0.00000000099999999995 0.00000000099999999995 0.00000000099999999995 0.00000000099999999995 
0.00000000099999999995 0.00000000099999999995 0.00000000099999999995 0.99999999299999997593 0.00000000099999999995 0.00000000099999999995 0.00000000099999999995 0.00000000099999999995 
0.00000000099999999962 0.99999999300000008695 0.00000000099999999962 0.00000000099999999962 0.00000000099999999962 0.00000000099999999962 0.00000000099999999962 0.00000000099999999962 
0.18328667737992787590 0.01871612331941801058 0.00000000099999999999 0.04218538054638470286 0.30899090423270603178 0.00000000099999999999 0.00000000099999999999 0.44682091152156333536 
0.32490020340725117576 0.02928984703805379008 0.00000000099999999999 0.00000000099999999999 0.35500505632425460867 0.00000000099999999999 0.00000000099999999999 0.29080488923044045535 
0.00000000099999999991 0.00000000099999999991 0.00000000099999999991 0.00000000099999999991 0.00000000099999999991 0.00000000099999999991 0.00000000099999999991 0.99999999299999997593 
0.29028805245031458204 0.00294682837141661824 0.01999149419464369554 0.00000082447659682502 0.42215200928301477301 0.00000000099999999999 0.00000000099999999999 0.26462078922401349734 
0.00000000099999999993 0.00000000099999999993 0.00000000099999999993 0.99999999299999997593 0.00000000099999999993 0.00000000099999999993 0.00000000099999999993 0.00000000099999999993 
0.48457987795815005150 0.00000000100000000000 0.00000000100000000000 0.00000000100000000000 0.22007194840677132830 0.00707900589300486122 0.00000000100000000000 0.28826916374207361971 
0.00000000099999999963 0.00000000099999999963 0.00000000099999999963 0.00000000099999999963 0.00000000099999999963 0.00000000099999999963 0.99999999299999986491 0.00000000099999999963 
0.00000000099999999992 0.00000000099999999992 0.00000000099999999992 0.00000000099999999992 0.00000000099999999992 0.00000000099999999992 0.00000000099999999992 0.99999999299999997593 
0.00000000099999999964 0.00000000099999999964 0.00000000099999999964 0.00000000099999999964 0.00000000099999999964 0.00000000099999999964 0.99999999299999986491 0.00000000099999999964 
0.56423068410518251170 0.00000000099999999997 0.12599864918037634309 0.00000001415918956619 0.30977064855525165976 0.00000000099999999997 0.00000000099999999997 0.00000000099999999997 
0.00000000099999999965 0.00000000099999999965 0.00000000099999999965 0.00000000099999999965 0.00000000099999999965 0.00000000099999999965 0.99999999299999986491 0.00000000099999999965 
0.59638833204554186906 0.00000000099999999998 0.03639704085526035415 0.00000000099999999998 0.00000000099999999998 0.00000000099999999998 0.00000000099999999998 0.36721462209919786268 
0.42492400435555410798 0.00338786131617427495 0.01891964173836292035 0.00132301846878832979 0.00000043231746428293 0.00000000099999999999 0.00000000099999999999 0.55144503980365600082 
0.00000000099999999992 0.00000000099999999992 0.00000000099999999992 0.99999999299999997593 0.00000000099999999992 0.00000000099999999992 0.00000000099999999992 0.00000000099999999992 
0.99999999300000008695 0.00000000099999999991 0.00000000099999999991 0.00000000099999999991 0.00000000099999999991 0.00000000099999999991 0.00000000099999999991 0.00000000099999999991 
0.00000000099999999966 0.00000000099999999966 0.00000000099999999966 0.00000000099999999966 0.00000000099999999966 0.00000000099999999966 0.99999999299999986491 0.00000000099999999966 
0.00000000099999999968 0.00000000099999999968 0.00000000099999999968 0.00000000099999999968 0.00000000099999999968 0.00000000099999999968 0.99999999299999997593 0.00000000099999999968 
0.12505571177234345304 0.01329782294132245482 0.00000000099999999999 0.08273643117112745859 0.43381519727869988223 0.00000000099999999999 0.00000000099999999999 0.34509483383650674249 
0.00000000099999999992 0.00000000099999999992 0.00000000099999999992 0.99999999300000008695 0.00000000099999999992 0.00000000099999999992 0.00000000099999999992 0.00000000099999999992 
0.00000000099999999976 0.24083753458613094134 0.00000000099999999976 0.00000000099999999976 0.00000000099999999976 0.75916245941386917284 0.00000000099999999976 0.00000000099999999976 
0.00000000099999999994 0.00000000099999999994 0.00000000099999999994 0.99999999299999997593 0.00000000099999999994 0.00000000099999999994 0.00000000099999999994 0.00000000099999999994 
0.48453592676358953062 0.00000000099999999999 0.02664092777520071439 0.02584787190238197613 0.00000000099999999999 0.00000000099999999999 0.00000000099999999999 0.46297526955882795097 
0.00000000099999999962 0.00000000099999999962 0.00000000099999999962 0.00000000099999999962 0.00000000099999999962 0.00000000099999999962 0.99999999299999986491 0.00000000099999999962 
0.00000000099999999960 0.00000000099999999960 0.00000000099999999960 0.00000000099999999960 0.00000000099999999960 0.99999999299999997593 0.00000000099999999960 0.00000000099999999960 
0.00000000099999999969 0.00000000099999999969 0.00000000099999999969 0.00000000099999999969 0.00000000099999999969 0.00000000099999999969 0.99999999299999986491 0.00000000099999999969 
0.00000000099999999998 0.01501832819305426274 0.00000000099999999998 0.00000000099999999998 0.61612646505023094257 0.00000000099999999998 0.00000000099999999998 0.36885520175671493437 
0.00000000099999999991 0.00000000099999999991 0.00000000099999999991 0.99999999300000008695 0.00000000099999999991 0.00000000099999999991 0.00000000099999999991 0.00000000099999999991 
0.00000000099999999992 0.00000000099999999992 0.00000000099999999992 0.99999999300000008695 0.00000000099999999992 0.00000000099999999992 0.00000000099999999992 0.00000000099999999992 
0.35000082662919301812 0.00000000099999999998 0.05248650524860425104 0.21868735715023565613 0.08483627315592273677 0.00000000099999999998 0.00000000099999999998 0.29398903481604449217 
0.44062819271183056857 0.02567422880036573929 0.00000000099999999999 0.00000000099999999999 0.53369757348780355599 0.00000000099999999999 0.00000000099999999999 0.00000000099999999999 
0.00000000099999999989 0.00000000099999999989 0.00000000099999999989 0.00000000099999999989 0.99999999300000008695 0.00000000099999999989 0.00000000099999999989 0.00000000099999999989 
0.44541035081929442052 0.00000000099999999998 0.03474957043266433537 0.01012538186723523255 0.19670031002807691900 0.00000000099999999998 0.00000000099999999998 0.31301438385272917220 
0.39277658172218343768 0.00000000099999999999 0.03020929498272143313 0.00000000099999999999 0.35940034240400631216 0.00000000099999999999 0.00000000099999999999 0.21761377689108879485 
0.49289724638476434260 0.00000000099999999997 0.00000000907658938962 0.00000000099999999997 0.26088497549758338234 0.00000000099999999997 0.00000000099999999997 0.24621776504106290817 
0.34561539512360633930 0.00000000099999999998 0.00000000099999999998 0.00298246741676043035 0.15941524245084243150 0.00000000099999999998 0.00000000099999999998 0.49198689100879072766 
0.31901459380059304927 0.00000000512390489030 0.00000000099999999999 0.00423610170569920820 0.34439490190824445515 0.00544127801375157445 0.00000000099999999999 0.32691311744780682247 
0.99563992078662744145 0.00000000099999999995 0.00000000099999999995 0.00436007321337276293 0.00000000099999999995 0.00000000099999999995 0.00000000099999999995 0.00000000099999999995 
0.00000000099999999993 0.00000000099999999993 0.00000000099999999993 0.99999999300000008695 0.00000000099999999993 0.00000000099999999993 0.00000000099999999993 0.00000000099999999993 
0.00000000099999999997 0.00000000099999999997 0.00000000099999999997 0.97665942491736346120 0.00000000099999999997 0.00000000099999999997 0.00000000099999999997 0.02334056908263669114 
0.00000000099999999979 0.00000000099999999979 0.00000000099999999979 0.00000000099999999979 0.00000000099999999979 0.00000000099999999979 0.99999999299999986491 0.00000000099999999979 
0.00000000099999999996 0.00000000099999999996 0.00000000099999999996 0.99999999299999997593 0.00000000099999999996 0.00000000099999999996 0.00000000099999999996 0.00000000099999999996 
0.00000000099999999997 0.00000000099999999997 0.00000000099999999997 0.97976669622334766618 0.00000000099999999997 0.00000000099999999997 0.00000000099999999997 0.02023329777665240289 
0.99999999300000008695 0.00000000099999999995 0.00000000099999999995 0.00000000099999999995 0.00000000099999999995 0.00000000099999999995 0.00000000099999999995 0.00000000099999999995 
0.00000000099999999957 0.00000000099999999957 0.00000000099999999957 0.00000000099999999957 0.00000000099999999957 0.00000000099999999957 0.99999999299999986491 0.00000000099999999957 
0.29958013455991938656 0.00000000099999999999 0.00000000099999999999 0.00000000099999999999 0.31653785645861637343 0.00576818635583467403 0.00000000099999999999 0.37811381862562953859 
0.33942679798043273731 0.00000000099999999999 0.00000000099999999999 0.01274106820285972330 0.23134389374096503422 0.00457414808905838664 0.00000000099999999999 0.41191408898668413485 
0.47700369530118180705 0.00000000099999999999 0.03318441716018390164 0.00000000099999999999 0.00019581191801815664 0.00356783824865755965 0.00000000099999999999 0.48604823437195859848 
0.48600366707077585771 0.00087559180298621344 0.04178947220079792108 0.01536753454691867395 0.19784428478427412701 0.00000000160266338348 0.00000000100000000000 0.25811944699158401173 
0.00000000099999999996 0.00000000099999999996 0.00000002237537191181 0.00000000099999999996 0.30256681714601624256 0.00000000099999999996 0.00000000099999999996 0.69743315547861184367 
0.41668589445495612944 0.00000000099999999997 0.03695862591344608455 0.00634235686579577487 0.54001311876580204707 0.00000000099999999997 0.00000000099999999997 0.00000000099999999997 
0.30682177153048728613 0.00000000099999999999 0.00000060939255992257 0.00000025130064719908 0.15602947331358521521 0.00000058651293668017 0.00000000099999999999 0.53714730594978365996 
0.24735001384476684727 0.00719154707067779994 0.03386203073273673370 0.00000000099999999999 0.45433282586880963105 0.00000000099999999999 0.00000000099999999999 0.25726357948300898615 
0.42873072506114151548 0.03168103269363729824 0.01012086071046341615 0.01292839982647546286 0.12529063687220240442 0.00000000812467728356 0.00039149601734979160 0.39085684069405285390 
0.40572710971946190917 0.01358562438639844376 0.01025232264891863011 0.00000000099999999999 0.34123063936785652528 0.00000000099999999999 0.00000000099999999999 0.22920430087736451408 
0.46989564519151061361 0.00000000099999999996 0.00000000099999999996 0.00000000099999999996 0.22830260849560421454 0.00000000099999999996 0.00000000099999999996 0.30180174131288511896 
0.19019610903418435188 0.00000000100000000000 0.03099103249875428609 0.01400826852553315599 0.23408778331575194609 0.02390286119600149028 0.00000000100000000000 0.50681394342977481582 
0.30246335532425350223 0.01225693394297923053 0.00000000099999999998 0.00000000099999999998 0.28871007223991917989 0.00000000099999999998 0.00000000099999999998 0.39656963449284798884 
0.42233786864899741653 0.00000000099999999998 0.00000000099999999998 0.00000000099999999998 0.00000000099999999998 0.00000000099999999998 0.00000000099999999998 0.57766212535100247560 
0.51870539153398254051 0.00000000099999999997 0.00000000099999999997 0.00000000099999999997 0.00000000099999999997 0.00000000099999999997 0.00000000099999999997 0.48129460246601746265 
0.32994578856109890719 0.00000000099999999997 0.05209207645498090816 0.01709504495986895536 0.18535991822975170229 0.00000000099999999997 0.00000000099999999997 0.41550716879429944184 
0.42037121887741601967 0.00000000099999999999 0.02473021614341493202 0.00600695046015854370 0.21768107484129864404 0.00571325212074733947 0.00000000099999999999 0.32549728555696466614 
0.39785264135442843791 0.00000000099999999999 0.03029943399607457760 0.02942008016211622445 0.26693989686239227854 0.00000000099999999999 0.00000000099999999999 0.27548794462498865654 
0.37713661116050667399 0.00000019111245772022 0.03295787577915198358 0.00000000099999999999 0.22186059292315277180 0.00000000099999999999 0.00000000099999999999 0.36804472602473081722 
0.59454803960259594575 0.00000000099999999998 0.00000000099999999998 0.01777122048915011007 0.38768073490825405436 0.00000000099999999998 0.00000000099999999998 0.00000000099999999998 
0.11311914230433949002 0.00000000100000000000 0.04641144693053770448 0.00959617846133942881 0.34053268587905699549 0.00000000100000000000 0.06809987210953070969 0.42224067231519574195 
0.22031079037296413814 0.00000000099999999998 0.02331413137969675503 0.00000000099999999998 0.41739446771138877246 0.00000000099999999998 0.00000000099999999998 0.33898060653595035729 
0.30383390548758010263 0.00000000099999999997 0.05184510888441128812 0.00388996815026831661 0.31388968427341434886 0.00000000099999999997 0.00000000099999999997 0.32654133020432607459 
0.45068203523402883270 0.00000000099999999997 0.05736738630141103440 0.00000000510011627685 0.27722249207533927740 0.00000000099999999997 0.00000000099999999997 0.21472807828910439598 
0.27370123085031794474 0.01467851847450783731 0.01741324231267156117 0.00000000099999999999 0.40647468319398860626 0.00000000099999999999 0.00000000099999999999 0.28773232216851413190 
0.40102030697806495541 0.00000000099999999997 0.02550425092503956839 0.00374868980791186104 0.28441966426999465423 0.00000000099999999997 0.00000000099999999997 0.28530708501898904839 
0.40949736877905451582 0.00240463258670250762 0.05483597697441209423 0.00000000100000000000 0.23425782021645585873 0.00000000100000000000 0.00000000100000000000 0.29900419844337511321 
0.40047164217546793452 0.01162750928221985107 0.02450252884639028683 0.00448064180966027074 0.37242741162657111431 0.00000000099999999999 0.00000000099999999999 0.18649026425969056353 
0.43022166952566837095 0.00000000099999999997 0.00000000099999999997 0.00000000099999999997 0.00000000099999999997 0.00000000099999999997 0.00000000099999999997 0.56977832447433129914 
0.63242457857095502050 0.00000000099999999996 0.00000000099999999996 0.01870255827059744483 0.34887285815844754078 0.00000000099999999996 0.00000000099999999996 0.00000000099999999996 
0.00000000099999999992 0.00000000099999999992 0.00000000099999999992 0.99999999300000008695 0.00000000099999999992 0.00000000099999999992 0.00000000099999999992 0.00000000099999999992 
0.00000000099999999997 0.00000000099999999997 0.00000000099999999997 0.99999999299999997593 0.00000000099999999997 0.00000000099999999997 0.00000000099999999997 0.00000000099999999997 
0.00000000099999999971 0.00000000099999999971 0.00000000099999999971 0.00000000099999999971 0.00000000099999999971 0.00000000099999999971 0.99999999299999986491 0.00000000099999999971 
0.00000000099999999961 0.00000000099999999961 0.00000000099999999961 0.00000000099999999961 0.00000000099999999961 0.99999999300000008695 0.00000000099999999961 0.00000000099999999961 
0.00000000099999999999 0.04451491934808561590 0.06478451927470119109 0.89051421340765390955 0.00000000099999999999 0.00000000099999999999 0.00000000099999999999 0.00018634396955918690 
0.00000000099999999992 0.00000000099999999992 0.00000000099999999992 0.00000000099999999992 0.00000000099999999992 0.00000000099999999992 0.00000000099999999992 0.99999999300000008695 
0.32734697886635888420 0.00000000100000000000 0.01400901791948466757 0.02071048322568258895 0.21140408400623150742 0.00000000100000000000 0.00000000100000000000 0.42652943298224232915 
0.00000000099999999998 0.00000000099999999998 0.02914677208394845717 0.97085244220033961593 0.00000000099999999998 0.00000078071571207892 0.00000000099999999998 0.00000000099999999998 
0.32398416302779586839 0.00000000099999999997 0.00000000099999999997 0.01076488956164528554 0.00000000099999999997 0.00000000099999999997 0.00000000099999999997 0.66525094241055882094 
0.00000000099999999995 0.00000000099999999995 0.00000000099999999995 0.00000000099999999995 0.00000000099999999995 0.00000000099999999995 0.00000000099999999995 0.99999999299999997593 
0.51324429256780224051 0.00000000099999999997 0.06769893455353181988 0.00000000099999999997 0.41905676652802836823 0.00000000099999999997 0.00000000099999999997 0.00000000235063773663 
0.00000000099999999962 0.00000000099999999962 0.00000000099999999962 0.00000000099999999962 0.00000000099999999962 0.00000000099999999962 0.99999999299999997593 0.00000000099999999962 
0.00000000099999999965 0.00000000099999999965 0.00000000099999999965 0.00000000099999999965 0.00000000099999999965 0.00000000099999999965 0.99999999299999997593 0.00000000099999999965 
0.00000000099999999957 0.00000000099999999957 0.00000000099999999957 0.00000000099999999957 0.00000000099999999957 0.00000000099999999957 0.99999999299999986491 0.00000000099999999957 
0.00000000099999999959 0.00000000099999999959 0.00000000099999999959 0.00000000099999999959 0.00000000099999999959 0.00000000099999999959 0.99999999299999997593 0.00000000099999999959 
0.00000000099999999959 0.00000000099999999959 0.00000000099999999959 0.00000000099999999959 0.00000000099999999959 0.00000000099999999959 0.99999999299999986491 0.00000000099999999959 
0.00000000099999999998 0.00000000099999999998 0.00000000099999999998 0.99999998560535141578 0.00000000839464848300 0.00000000099999999998 0.00000000099999999998 0.00000000099999999998 
0.36390731376715040879 0.00785537850847749936 0.06269283203221200085 0.00000000099999999999 0.22514780279400498086 0.00000000099999999999 0.00000000099999999999 0.34039666989815525744 
0.00000000099999999959 0.00000000099999999959 0.00000000099999999959 0.00000000099999999959 0.00000000099999999959 0.00000000099999999959 0.99999999299999997593 0.00000000099999999959 
0.00000000099999999966 0.00000000099999999966 0.00000000099999999966 0.00000000099999999966 0.00000000099999999966 0.00000000099999999966 0.99999999299999997593 0.00000000099999999966 
0.00000000099999999959 0.00000000099999999959 0.00000000099999999959 0.00000000099999999959 0.00000000099999999959 0.99999999299999997593 0.00000000099999999959 0.00000000099999999959 
0.00000000099999999967 0.32573013876976025793 0.00000000099999999967 0.00000000099999999967 0.00000000099999999967 0.67426985523023974523 0.00000000099999999967 0.00000000099999999967 
0.35428073378013019701 0.00000000099999999998 0.00000000099999999998 0.00000000099999999998 0.40163046603227997577 0.00000000099999999998 0.00000000099999999998 0.24408879518758982985 
0.00000000099999999962 0.00000000099999999962 0.00000000099999999962 0.00000000099999999962 0.00000000099999999962 0.00000000099999999962 0.99999999299999986491 0.00000000099999999962 
0.00000000099999999993 0.00000000099999999993 0.00000000099999999993 0.00000000099999999993 0.00000000099999999993 0.00000000099999999993 0.00000000099999999993 0.99999999300000008695 
0.00000000099999999993 0.00000000099999999993 0.00000000099999999993 0.00000000099999999993 0.00000000099999999993 0.00000000099999999993 0.00000000099999999993 0.99999999299999997593 
0.00000000099999999996 0.00000000099999999996 0.02756020607784863755 0.93411137885889317101 0.03832841006325818367 0.00000000099999999996 0.00000000099999999996 0.00000000099999999996 
0.36337394175589593504 0.00000000099999999998 0.01539466071883638550 0.00475186039520204308 0.30076093643634760344 0.00000000099999999998 0.00000000099999999998 0.31571859769371812821 
0.00000000099999999991 0.00000000099999999991 0.00000000099999999991 0.99999999299999997593 0.00000000099999999991 0.00000000099999999991 0.00000000099999999991 0.00000000099999999991 
0.00000000099999999995 0.00000000099999999995 0.08755522345307252541 0.00000000099999999995 0.00000000099999999995 0.00000000099999999995 0.00000000099999999995 0.91244477054692740836 
0.00000000099999999992 0.00000000099999999992 0.00000000099999999992 0.99999999299999997593 0.00000000099999999992 0.00000000099999999992 0.00000000099999999992 0.00000000099999999992 
0.00000000099999999996 0.00000000099999999996 0.00000000099999999996 0.00000000099999999996 0.00000000099999999996 0.00000000099999999996 0.00000000099999999996 0.99999999299999997593 
0.35712711607521296919 0.00000000099999999999 0.03951862616520011862 0.00000000099999999999 0.14891166251695084344 0.01315458570064522402 0.00000000099999999999 0.44128800654199079601 
0.00000000099999999966 0.00000000099999999966 0.00000000099999999966 0.00000000099999999966 0.00000000099999999966 0.00000000099999999966 0.99999999299999997593 0.00000000099999999966 
0.00000000099999999993 0.00000000099999999993 0.00000000099999999993 0.99999999300000008695 0.00000000099999999993 0.00000000099999999993 0.00000000099999999993 0.00000000099999999993 
0.00000000099999999960 0.00000000099999999960 0.00000000099999999960 0.00000000099999999960 0.00000000099999999960 0.00000000099999999960 0.99999999299999997593 0.00000000099999999960 
0.00000000099999999959 0.00000000099999999959 0.00000000099999999959 0.00000000099999999959 0.00000000099999999959 0.00000000099999999959 0.99999999299999986491 0.00000000099999999959 
0.29570563172534464202 0.00000000099999999999 0.04120764620534498462 0.00000000099999999999 0.22938773030702250266 0.00000000099999999999 0.00000000099999999999 0.43369898776228782422 
0.00000000099999999991 0.00000000099999999991 0.00000000099999999991 0.00000000099999999991 0.99999999299999997593 0.00000000099999999991 0.00000000099999999991 0.00000000099999999991 
0.39428450367532114074 0.00000000099999999997 0.00000000099999999997 0.00085913623928170083 0.20755555819663837336 0.00000000099999999997 0.00000000099999999997 0.39730079788875860558 
0.45676993746756716641 0.00000000099999999999 0.02410584342207970285 0.00000000099999999999 0.25441181334680862403 0.00231988484501604014 0.00000000099999999999 0.26239251791852852280 
0.54336574597803533049 0.00000000099999999999 0.07685385506180178461 0.00000000099999999999 0.14451629268126955918 0.00000026432530836330 0.00000000099999999999 0.23526383895358499165 
0.44704110481861752957 0.00521773275172141872 0.05731036571519224770 0.00001239808576757634 0.27747977361279485553 0.00000000099999999998 0.00000000099999999998 0.21293862301590629760 
0.00000000099999999989 0.00000000099999999989 0.00000000099999999989 0.00000000099999999989 0.99999999299999997593 0.00000000099999999989 0.00000000099999999989 0.00000000099999999989 
0.00000000099999999996 0.00000000099999999996 0.00000000099999999996 0.97068652975385572024 0.02931346424614431415 0.00000000099999999996 0.00000000099999999996 0.00000000099999999996 
0.46344053800575085722 0.00000000099999999998 0.02044712893901219630 0.00000000099999999998 0.22797254776517869579 0.00000000099999999998 0.00000000099999999998 0.28813978129005829443 
0.00000000099999999959 0.00000000099999999959 0.00000000099999999959 0.00000000099999999959 0.00000000099999999959 0.00000000099999999959 0.99999999299999986491 0.00000000099999999959 
0.00000000099999999992 0.00000000099999999992 0.00000000099999999992 0.00000000099999999992 0.99999999300000008695 0.00000000099999999992 0.00000000099999999992 0.00000000099999999992 
0.00000000099999999987 0.00000000099999999987 0.00000000099999999987 0.00000000099999999987 0.00000000099999999987 0.00000000099999999987 0.99999999299999997593 0.00000000099999999987 
0.00000000099999999964 0.00000000099999999964 0.00000000099999999964 0.00000000099999999964 0.00000000099999999964 0.00000000099999999964 0.99999999299999997593 0.00000000099999999964 
0.30755263348907896370 0.00000000099999999998 0.03561476486831105515 0.01328917472326201533 0.25013317106729704431 0.00000000099999999998 0.00000000099999999998 0.39341025285205094564 
0.21703471553311329267 0.00911760791956147884 0.00000000099999999998 0.00000000099999999998 0.42799313970353014547 0.00000000099999999998 0.00000000099999999998 0.34585453284379502614 
0.51229342740873073936 0.00000000099999999998 0.00000000099999999998 0.01627344558684714476 0.25585212054575845464 0.00000000099999999998 0.00000000099999999998 0.21558100245866385070 
0.00000000099999999968 0.00000000099999999968 0.00000000099999999968 0.00000000099999999968 0.00000000099999999968 0.00000000099999999968 0.99999999299999997593 0.00000000099999999968 
0.00000000099999999992 0.00000000099999999992 0.00000000099999999992 0.99999999299999997593 0.00000000099999999992 0.00000000099999999992 0.00000000099999999992 0.00000000099999999992 
0.00000000099999999992 0.00000000099999999992 0.00000000099999999992 0.99999999299999997593 0.00000000099999999992 0.00000000099999999992 0.00000000099999999992 0.00000000099999999992 
0.00000000099999999964 0.00000000099999999964 0.00000000099999999964 0.00000000099999999964 0.00000000099999999964 0.00000000099999999964 0.99999999299999997593 0.00000000099999999964 
0.99999999300000008695 0.00000000099999999994 0.00000000099999999994 0.00000000099999999994 0.00000000099999999994 0.00000000099999999994 0.00000000099999999994 0.00000000099999999994 
0.37039549126652970834 0.00000000099999999999 0.00000000277481188714 0.03899023068085300664 0.25153610433391582202 0.01576619554397587150 0.00000000099999999999 0.32331197339991385453 
0.00000000099999999966 0.00000000099999999966 0.00000000099999999966 0.00000000099999999966 0.00000000099999999966 0.00000000099999999966 0.99999999299999986491 0.00000000099999999966 
0.37081686238690797497 0.00280720279539969876 0.05224505602523017017 0.00000000099999999998 0.18501712340167217330 0.00000000099999999998 0.00000000099999999998 0.38911375239079010191 
0.00000000099999999990 0.00000000099999999990 0.00000000099999999990 0.99999999299999997593 0.00000000099999999990 0.00000000099999999990 0.00000000099999999990 0.00000000099999999990 
0.00000000099999999977 0.00000000099999999977 0.99999999300000008695 0.00000000099999999977 0.00000000099999999977 0.00000000099999999977 0.00000000099999999977 0.00000000099999999977 
0.00000000099999999998 0.00000000099999999998 0.00041703353813971240 0.00809786228341899915 0.43470744373436526198 0.00000000099999999998 0.00000000099999999998 0.55677765644407595236 
0.99999999300000019797 0.00000000099999999995 0.00000000099999999995 0.00000000099999999995 0.00000000099999999995 0.00000000099999999995 0.00000000099999999995 0.00000000099999999995 
0.38397601789296109676 0.01930273634559475510 0.00000000099999999998 0.00000000099999999998 0.31071112617085944185 0.00000000099999999998 0.00000000099999999998 0.28601011559058459044 
0.00000000099999999993 0.00000000099999999993 0.00000000099999999993 0.00000000099999999993 0.99999999300000008695 0.00000000099999999993 0.00000000099999999993 0.00000000099999999993 
0.99999999300000019797 0.00000000099999999994 0.00000000099999999994 0.00000000099999999994 0.00000000099999999994 0.00000000099999999994 0.00000000099999999994 0.00000000099999999994 
0.00000040654347332730 0.00000000099999999998 0.04107989236546847472 0.00000000099999999998 0.64345306429928939007 0.00000000099999999998 0.00000000099999999998 0.31546663279176873074 
0.43287154655125475999 0.00376890885316207751 0.10267965297405752534 0.00000000099999999998 0.00000000099999999998 0.00000000099999999998 0.00000000099999999998 0.46067988762152578541 
0.36799342124301398504 0.00000000100000000000 0.02704991688327355176 0.01750796425526511546 0.20362048768697593726 0.00202657087710704726 0.00391442441190619980 0.37788721364245803080 
0.00000000099999999994 0.00000000099999999994 0.00000000099999999994 0.99999999299999997593 0.00000000099999999994 0.00000000099999999994 0.00000000099999999994 0.00000000099999999994 
0.00000000099999999990 0.00000000099999999990 0.00000000099999999990 0.00000000099999999990 0.99999999300000008695 0.00000000099999999990 0.00000000099999999990 0.00000000099999999990 
0.00000000099999999993 0.00000000099999999993 0.00000000099999999993 0.00000000099999999993 0.00000000099999999993 0.00000000099999999993 0.00000000099999999993 0.99999999300000008695 
0.41610455031011817084 0.00159236385398125882 0.02208916648586872408 0.03972415882058125125 0.22250416361676769728 0.00000000099999999999 0.00000000099999999999 0.29798559491268306054 
0.41276423295752834308 0.00000000099999999996 0.00000000099999999996 0.01396325973608911197 0.02740277986144457403 0.00000000099999999996 0.00000000099999999996 0.54586972344493778220 
0.00000000234774927153 0.00000000099999999998 0.00000000099999999998 0.03721187702577780088 0.47452293160978914477 0.00000000099999999998 0.00000000099999999998 0.48826518501668381145 
0.00000000099999999992 0.00000000099999999992 0.00000000099999999992 0.00000000099999999992 0.00000000099999999992 0.00000000099999999992 0.00000000099999999992 0.99999999300000008695 
0.22074010489628462239 0.00000000099999999999 0.07060650744417140690 0.00000000099999999999 0.29686078619407207935 0.00000000099999999999 0.00000000099999999999 0.41179259746547192123 
0.00000000099999999995 0.00000000099999999995 0.00000000099999999995 0.96029637610750062660 0.03970361789249943207 0.00000000099999999995 0.00000000099999999995 0.00000000099999999995 
0.28511838183520726853 0.01663791877944312964 0.00685055045157889533 0.01055657196753871131 0.17871138381309589760 0.00000000099999999999 0.00000000099999999999 0.50212519115313614115 
0.46615577894697579620 0.00000000099999999999 0.02850196894872923659 0.00000000099999999999 0.14185601038692960407 0.01071005404623996855 0.00000000099999999999 0.35277618467112531464 
0.38559051288644147215 0.00000000100000000000 0.01840794089262626568 0.00327806310996615370 0.28420934199828828959 0.00000000100000000000 0.00954964224614224429 0.29896449686653564504 
0.00000004208278075823 0.00000000099999999996 0.00000000099999999996 0.99999995191721924304 0.00000000099999999996 0.00000000099999999996 0.00000000099999999996 0.00000000099999999996 
0.31140707601481831812 0.00000260153066361555 0.00000000099999999999 0.02235976540493454096 0.24890878797070600803 0.00000000099999999999 0.01832105051473044074 0.39900071656414709542 
0.99999999300000008695 0.00000000099999999996 0.00000000099999999996 0.00000000099999999996 0.00000000099999999996 0.00000000099999999996 0.00000000099999999996 0.00000000099999999996 
0.08695045579736776498 0.01205080793466178739 0.03827261382641544002 0.46579267290964487813 0.24463078191383683113 0.00000000099999999998 0.00000000099999999998 0.15230266561807331849 
