0.00000000099999999999 0.00000000099999999999 0.29479958038836823198 0.37909718188761665214 0.30942943403444922446 0.00000000099999999999 0.00000096582302004532 0.01621941028289431569 0.00045342458365151906 
0.00000000099999999994 0.99999999200000011523 0.00000000099999999994 0.00000000099999999994 0.00000000099999999994 0.00000000099999999994 0.00000000099999999994 0.00000000099999999994 0.00000000099999999994 
0.00000000099999999994 0.99999999200000011523 0.00000000099999999994 0.00000000099999999994 0.00000000099999999994 0.00000000099999999994 0.00000000099999999994 0.00000000099999999994 0.00000000099999999994 
0.00000000099999999999 0.02708313185833524997 0.24429104620048930352 0.19477163703273986384 0.22212566142797568469 0.10811480404279454060 0.06181901259643995949 0.00000000099999999999 0.14179470484122561058 
0.00000000099999999999 0.00000000099999999999 0.00000000099999999999 0.26639057696909812512 0.19314033667060878652 0.11292474836745546030 0.17114947491952275938 0.00000000099999999999 0.25639485907331477366 
0.00000000099999999998 0.00879827089950387629 0.41842388915705563956 0.25394402807746624395 0.00000000099999999998 0.00000000099999999998 0.09807448278936055364 0.00000000099999999998 0.22075932507661383264 
0.00000000099999999995 0.99999999200000011523 0.00000000099999999995 0.00000000099999999995 0.00000000099999999995 0.00000000099999999995 0.00000000099999999995 0.00000000099999999995 0.00000000099999999995 
0.00000000099999999991 0.99999999200000022626 0.00000000099999999991 0.00000000099999999991 0.00000000099999999991 0.00000000099999999991 0.00000000099999999991 0.00000000099999999991 0.00000000099999999991 
0.00000000099999999997 0.00000000099999999997 0.80635337319761091202 0.00000000099999999997 0.00000000099999999997 0.00000000099999999997 0.19364661980238920269 0.00000000099999999997 0.00000000099999999997 
0.00000000099999999994 0.99999999200000011523 0.00000000099999999994 0.00000000099999999994 0.00000000099999999994 0.00000000099999999994 0.00000000099999999994 0.00000000099999999994 0.00000000099999999994 
0.00000000099999999993 0.00000000099999999993 0.00000000099999999993 0.00000000099999999993 0.99999999200000000421 0.00000000099999999993 0.00000000099999999993 0.00000000099999999993 0.00000000099999999993 
0.00000000099999999998 0.00518898735764497260 0.00031388311920173230 0.18578960421573273432 0.31976357937256644215 0.20157155861737394154 0.11717047202109992510 0.00275617048143956709 0.16744574381494076176 
0.00000000099999999998 0.00000000099999999998 0.50246022866309325572 0.00000000099999999998 0.49753976433690672021 0.00000000099999999998 0.00000000099999999998 0.00000000099999999998 0.00000000099999999998 
0.00000000099999999999 0.00000000099999999999 0.04937518137247665084 0.18400378471717579454 0.30060845106551969952 0.00000000099999999999 0.17126403015184935019 0.01001281590219328145 0.28473573379078526147 
0.00000000099999999999 0.00000000099999999999 0.00000000099999999999 0.18366100771749102605 0.49109969254358459834 0.19323448929777223282 0.11828867690341686447 0.01371612953773533768 0.00000000099999999999 
0.00000000099999999999 0.04961935680449986591 0.06540483362771330744 0.17959623098354138282 0.22082336873199048810 0.06261212409769176257 0.16221112861683406603 0.02522933035381089151 0.23450362578391831248 
0.00000000099999999988 0.00000000099999999988 0.00000000099999999988 0.00000000099999999988 0.00000000099999999988 0.99999999200000011523 0.00000000099999999988 0.00000000099999999988 0.00000000099999999988 
0.00000000099999999987 0.00000000099999999987 0.00000000099999999987 0.00000000099999999987 0.00000000099999999987 0.00000000099999999987 0.00000000099999999987 0.00000000099999999987 0.99999999200000000421 
0.00000000100000000000 0.00000000100000000000 0.30287300271862566126 0.20276449224241380187 0.23089887897296709762 0.00000000142603935110 0.06730957118741247303 0.00371113659314996260 0.19244291485939143960 
0.00000000099999999995 0.00000000099999999995 0.00000000099999999995 0.63320231657541048431 0.00000000099999999995 0.36679767642458943611 0.00000000099999999995 0.00000000099999999995 0.00000000099999999995 
0.00000000099999999999 0.00000000099999999999 0.24139123258875735956 0.08952514153262325358 0.28199372638952674430 0.13364793932687793476 0.01868105103788716276 0.00000000099999999999 0.23476090612432767846 
0.00000000099999999995 0.96516706010523745096 0.00000000099999999995 0.00000000099999999995 0.00000000099999999995 0.03483293289476276783 0.00000000099999999995 0.00000000099999999995 0.00000000099999999995 
0.00000000099999999997 0.00000000099999999997 0.33884692253441234255 0.00000000099999999997 0.51626569162721813733 0.00000000099999999997 0.14488737983836952328 0.00000000099999999997 0.00000000099999999997 
0.00000000099999999968 0.00000000099999999968 0.00000000099999999968 0.00000000099999999968 0.00000000099999999968 0.00000000099999999968 0.99999999200000000421 0.00000000099999999968 0.00000000099999999968 
0.00000000099999999989 0.00000000099999999989 0.00000000099999999989 0.00000000099999999989 0.00000000099999999989 0.99999999200000000421 0.00000000099999999989 0.00000000099999999989 0.00000000099999999989 
0.00000000099999999998 0.00000000099999999998 0.00000000099999999998 0.20798847789189198187 0.23725940587570307216 0.16290492859101232681 0.09028693029384436686 0.00000000099999999998 0.30156025334754832379 
0.00000000099999999965 0.00000000099999999965 0.00000000099999999965 0.00000000099999999965 0.00000000099999999965 0.00000000099999999965 0.00000000099999999965 0.99999999200000000421 0.00000000099999999965 
0.00000000099999999959 0.00000000099999999959 0.00000000099999999959 0.00000000099999999959 0.00000000099999999959 0.00000000099999999959 0.00000000099999999959 0.99999999200000000421 0.00000000099999999959 
0.00000000099999999996 0.00000000099999999996 0.52638409362618210352 0.00000000099999999996 0.00000000099999999996 0.00000000099999999996 0.00000000099999999996 0.00000000099999999996 0.47361589937381781690 
0.00000000099999999994 0.00000000099999999994 0.00000000099999999994 0.00000000099999999994 0.00000000099999999994 0.00000000099999999994 0.30835144961554755705 0.00000000099999999994 0.69164854338445247439 
0.00000000099999999989 0.00000000099999999989 0.99999999200000000421 0.00000000099999999989 0.00000000099999999989 0.00000000099999999989 0.00000000099999999989 0.00000000099999999989 0.00000000099999999989 
0.00000000099999999990 0.88597533521996629791 0.00000000099999999990 0.00000000099999999990 0.00000000099999999990 0.00000000099999999990 0.11402465778003396946 0.00000000099999999990 0.00000000099999999990 
0.00000000099999999982 0.11732808049652590499 0.00000000099999999982 0.00000000099999999982 0.00000000099999999982 0.00000000099999999982 0.52002032592210056805 0.36265158758137344686 0.00000000099999999982 
0.00000000099999999996 0.00000000099999999996 0.57030371847566907473 0.00000000099999999996 0.00000000099999999996 0.42969627452433101222 0.00000000099999999996 0.00000000099999999996 0.00000000099999999996 
0.99999999200000022626 0.00000000099999999958 0.00000000099999999958 0.00000000099999999958 0.00000000099999999958 0.00000000099999999958 0.00000000099999999958 0.00000000099999999958 0.00000000099999999958 
0.99999999200000011523 0.00000000099999999947 0.00000000099999999947 0.00000000099999999947 0.00000000099999999947 0.00000000099999999947 0.00000000099999999947 0.00000000099999999947 0.00000000099999999947 
0.99999999200000022626 0.00000000099999999948 0.00000000099999999948 0.00000000099999999948 0.00000000099999999948 0.00000000099999999948 0.00000000099999999948 0.00000000099999999948 0.00000000099999999948 
0.00000000099999999966 0.00000000099999999966 0.00000000099999999966 0.00000000099999999966 0.00000000099999999966 0.00000000099999999966 0.00000000099999999966 0.99999999200000000421 0.00000000099999999966 
0.00000000099999999961 0.00000000099999999961 0.00000000099999999961 0.00000000099999999961 0.00000000099999999961 0.00000000099999999961 0.00000000099999999961 0.99999999200000000421 0.00000000099999999961 
0.00000000099999999990 0.00000000099999999990 0.00000000099999999990 0.00000000099999999990 0.99999999200000011523 0.00000000099999999990 0.00000000099999999990 0.00000000099999999990 0.00000000099999999990 
0.00000000099999999996 0.99999999200000022626 0.00000000099999999996 0.00000000099999999996 0.00000000099999999996 0.00000000099999999996 0.00000000099999999996 0.00000000099999999996 0.00000000099999999996 
0.00000000099999999963 0.00000000099999999963 0.00000000099999999963 0.00000000099999999963 0.00000000099999999963 0.00000000099999999963 0.00000000099999999963 0.99999999200000000421 0.00000000099999999963 
0.00000000099999999999 0.00065580381156466708 0.00000000099999999999 0.14816266429074581579 0.51056602165890008216 0.19066209722312979502 0.14715733071612066563 0.00279607929953877479 0.00000000099999999999 
0.00000000099999999993 0.99999999200000011523 0.00000000099999999993 0.00000000099999999993 0.00000000099999999993 0.00000000099999999993 0.00000000099999999993 0.00000000099999999993 0.00000000099999999993 
0.00000000099999999967 0.00000000099999999967 0.00000000099999999967 0.00000000099999999967 0.00000000099999999967 0.00000000099999999967 0.00000000099999999967 0.99999999199999989319 0.00000000099999999967 
0.00000000099999999999 0.00000000968166658337 0.31462020071171048485 0.07561295237397333557 0.16913704614843727558 0.30085579461259370770 0.13953506737406076721 0.00000000099999999999 0.00023892709755788668 
0.00000000099999999963 0.00000000099999999963 0.00000000099999999963 0.00000000099999999963 0.00000000099999999963 0.00000000099999999963 0.00000000099999999963 0.99999999199999989319 0.00000000099999999963 
0.00000000099999999994 0.99999999200000022626 0.00000000099999999994 0.00000000099999999994 0.00000000099999999994 0.00000000099999999994 0.00000000099999999994 0.00000000099999999994 0.00000000099999999994 
0.00000000099999999990 0.99999999200000022626 0.00000000099999999990 0.00000000099999999990 0.00000000099999999990 0.00000000099999999990 0.00000000099999999990 0.00000000099999999990 0.00000000099999999990 
0.00000000099999999958 0.00000000099999999958 0.00000000099999999958 0.00000000099999999958 0.00000000099999999958 0.00000000099999999958 0.00000000099999999958 0.99999999199999989319 0.00000000099999999958 
0.00000000099999999961 0.00000000099999999961 0.00000000099999999961 0.00000000099999999961 0.00000000099999999961 0.00000000099999999961 0.00000000099999999961 0.99999999200000000421 0.00000000099999999961 
0.00000000099999999995 0.99999947392427979143 0.00000000099999999995 0.00000000099999999995 0.00000000099999999995 0.00000000099999999995 0.00000051907572026285 0.00000000099999999995 0.00000000099999999995 
0.00000000099999999995 0.99783417848609956557 0.00216581446010524672 0.00000000099999999995 0.00000000099999999995 0.00000000105379528171 0.00000000099999999995 0.00000000099999999995 0.00000000099999999995 
0.00000000099999999996 0.99528853198371158850 0.00471146101628843426 0.00000000099999999996 0.00000000099999999996 0.00000000099999999996 0.00000000099999999996 0.00000000099999999996 0.00000000099999999996 
0.00000000099999999968 0.00000000099999999968 0.00000000099999999968 0.00000000099999999968 0.00000000099999999968 0.00000000099999999968 0.00000000099999999968 0.99999999200000000421 0.00000000099999999968 
0.00000000099999999999 0.02120170875091987109 0.18805837810039680025 0.00000000099999999999 0.59350857223936726026 0.00000000099999999999 0.19722712316767934682 0.00000421374163664859 0.00000000099999999999 
0.00000000099999999991 0.00000000099999999991 0.99999999200000011523 0.00000000099999999991 0.00000000099999999991 0.00000000099999999991 0.00000000099999999991 0.00000000099999999991 0.00000000099999999991 
0.00000000099999999988 0.00000000099999999988 0.00000000099999999988 0.99999999200000011523 0.00000000099999999988 0.00000000099999999988 0.00000000099999999988 0.00000000099999999988 0.00000000099999999988 
0.00000000099999999997 0.00000000099999999997 0.52302651604398353591 0.00000000099999999997 0.47692322602898312711 0.00000000099999999997 0.00005025192703351637 0.00000000099999999997 0.00000000099999999997 
0.00000000099999999994 0.99999999200000022626 0.00000000099999999994 0.00000000099999999994 0.00000000099999999994 0.00000000099999999994 0.00000000099999999994 0.00000000099999999994 0.00000000099999999994 
0.00000000099999999988 0.00000000099999999988 0.00000000099999999988 0.00000000099999999988 0.00000000099999999988 0.00000000099999999988 0.00000000099999999988 0.00000000099999999988 0.99999999199999989319 
0.99999999200000022626 0.00000000099999999955 0.00000000099999999955 0.00000000099999999955 0.00000000099999999955 0.00000000099999999955 0.00000000099999999955 0.00000000099999999955 0.00000000099999999955 
0.00000000099999999986 0.00000000099999999986 0.00000000099999999986 0.99999999200000011523 0.00000000099999999986 0.00000000099999999986 0.00000000099999999986 0.00000000099999999986 0.00000000099999999986 
0.99999999200000022626 0.00000000099999999956 0.00000000099999999956 0.00000000099999999956 0.00000000099999999956 0.00000000099999999956 0.00000000099999999956 0.00000000099999999956 0.00000000099999999956 
0.00000000099999999998 0.01569720765985415517 0.00186736416604216574 0.05011898855864905383 0.22876718145369989710 0.25119578320894758727 0.24777532345096087152 0.00000000099999999998 0.20457814950184632918 
0.99999999200000011523 0.00000000099999999957 0.00000000099999999957 0.00000000099999999957 0.00000000099999999957 0.00000000099999999957 0.00000000099999999957 0.00000000099999999957 0.00000000099999999957 
0.00000000099999999997 0.00000000099999999997 0.32266658044036150566 0.00000000261748942460 0.00000000099999999997 0.33365322183380907717 0.00000000099999999997 0.00000000099999999997 0.34368019010834005567 
0.00000000099999999996 0.00000000099999999996 0.00000000099999999996 0.34502353715319417082 0.00000000099999999996 0.65497645584680574959 0.00000000099999999996 0.00000000099999999996 0.00000000099999999996 
0.00000000099999999992 0.99999999200000022626 0.00000000099999999992 0.00000000099999999992 0.00000000099999999992 0.00000000099999999992 0.00000000099999999992 0.00000000099999999992 0.00000000099999999992 
0.00000000099999999987 0.00000000099999999987 0.00000000099999999987 0.00000000099999999987 0.00000000099999999987 0.99999999200000000421 0.00000000099999999987 0.00000000099999999987 0.00000000099999999987 
0.99999999200000011523 0.00000000099999999958 0.00000000099999999958 0.00000000099999999958 0.00000000099999999958 0.00000000099999999958 0.00000000099999999958 0.00000000099999999958 0.00000000099999999958 
0.99999999200000022626 0.00000000099999999961 0.00000000099999999961 0.00000000099999999961 0.00000000099999999961 0.00000000099999999961 0.00000000099999999961 0.00000000099999999961 0.00000000099999999961 
0.00000000099999999999 0.07515615363585143038 0.01840896813179236646 0.24896907221328229420 0.36613887641177672583 0.11272682855477375585 0.00000000099999999999 0.00551847547282816216 0.17308162357969514300 
0.00000000099999999993 0.99999999200000011523 0.00000000099999999993 0.00000000099999999993 0.00000000099999999993 0.00000000099999999993 0.00000000099999999993 0.00000000099999999993 0.00000000099999999993 
0.00000000099999999970 0.00000000099999999970 0.00000000099999999970 0.00000000099999999970 0.00000000099999999970 0.00000000099999999970 0.00000000099999999970 0.99999999200000000421 0.00000000099999999970 
0.00000000099999999993 0.99999999200000022626 0.00000000099999999993 0.00000000099999999993 0.00000000099999999993 0.00000000099999999993 0.00000000099999999993 0.00000000099999999993 0.00000000099999999993 
0.00000000099999999999 0.02888746716936951842 0.31319160415719271562 0.21093377536461282995 0.17582636497132195230 0.00000000099999999999 0.06648736740059346673 0.00000000099999999999 0.20467341793690962959 
0.99999999200000011523 0.00000000099999999952 0.00000000099999999952 0.00000000099999999952 0.00000000099999999952 0.00000000099999999952 0.00000000099999999952 0.00000000099999999952 0.00000000099999999952 
0.00000000099999999954 0.00000000099999999954 0.00000000099999999954 0.00000000099999999954 0.00000000099999999954 0.00000000099999999954 0.00000000099999999954 0.99999999200000000421 0.00000000099999999954 
0.99999999200000011523 0.00000000099999999963 0.00000000099999999963 0.00000000099999999963 0.00000000099999999963 0.00000000099999999963 0.00000000099999999963 0.00000000099999999963 0.00000000099999999963 
0.00000000099999999999 0.00000000099999999999 0.45768252768472550418 0.38569585964356306595 0.00000219251136877738 0.15317420602494866144 0.00000000099999999999 0.00344521013539386082 0.00000000099999999999 
0.00000000099999999989 0.99999999200000022626 0.00000000099999999989 0.00000000099999999989 0.00000000099999999989 0.00000000099999999989 0.00000000099999999989 0.00000000099999999989 0.00000000099999999989 
0.00000000099999999992 0.99999999200000022626 0.00000000099999999992 0.00000000099999999992 0.00000000099999999992 0.00000000099999999992 0.00000000099999999992 0.00000000099999999992 0.00000000099999999992 
0.00000000099999999998 0.22250211224609067751 0.29071934451927444742 0.17577120158205900013 0.08794492660311063748 0.11334664970351311652 0.10971576234595231680 0.00000000099999999998 0.00000000099999999998 
0.00000000099999999999 0.00000000099999999999 0.57897984824032289186 0.00001056293878119968 0.41090381427027006245 0.00000000099999999999 0.00000002930477972303 0.00932033505018244578 0.00078540719566360859 
0.00000000099999999998 0.00000000099999999998 0.14973338328139035314 0.00000000099999999998 0.37104667230677612633 0.23116826574115162396 0.05972647260807027736 0.00000000099999999998 0.18832520206261166296 
0.00000000099999999996 0.00000000099999999996 0.47586797335875297144 0.52413035305440514033 0.00000000099999999996 0.00000166758684193716 0.00000000099999999996 0.00000000099999999996 0.00000000099999999996 
0.00000000099999999999 0.00000000099999999999 0.38255682216363495751 0.24143933426289443389 0.00011247949567440903 0.29201669091768200914 0.08387466903487277026 0.00000000099999999999 0.00000000112524157892 
0.00000000099999999994 0.00000000099999999994 0.00000000099999999994 0.00000000099999999994 0.00000000099999999994 0.00000000099999999994 0.25859022423415911618 0.00000000099999999994 0.74140976876584085975 
0.00000000099999999991 0.00000000099999999991 0.99999999200000011523 0.00000000099999999991 0.00000000099999999991 0.00000000099999999991 0.00000000099999999991 0.00000000099999999991 0.00000000099999999991 
0.00000000099999999999 0.00000000099999999999 0.37360028549860369029 0.17046463507383502467 0.35480380133484912264 0.03428956585839228882 0.06684158516564657482 0.00000000099999999999 0.00000012406867324922 
0.00000000099999999998 0.01637184000912925499 0.49055842694699430817 0.00000000099999999998 0.31973995673318900135 0.08386194446684262782 0.08946782784384484100 0.00000000099999999998 0.00000000099999999998 
0.00000000099999999995 0.99999999200000022626 0.00000000099999999995 0.00000000099999999995 0.00000000099999999995 0.00000000099999999995 0.00000000099999999995 0.00000000099999999995 0.00000000099999999995 
0.00000000099999999998 0.98769146635039617443 0.00000000099999999998 0.00935889692736795696 0.00000000099999999998 0.00287079613318011722 0.00000000099999999998 0.00000000099999999998 0.00007883558905597488 
0.99999999200000011523 0.00000000099999999973 0.00000000099999999973 0.00000000099999999973 0.00000000099999999973 0.00000000099999999973 0.00000000099999999973 0.00000000099999999973 0.00000000099999999973 
0.00000000099999999996 0.99999999069081357828 0.00000000099999999996 0.00000000099999999996 0.00000000230918666263 0.00000000099999999996 0.00000000099999999996 0.00000000099999999996 0.00000000099999999996 
0.00000000099999999995 0.96436171231088463340 0.00000000099999999995 0.03563828068911548824 0.00000000099999999995 0.00000000099999999995 0.00000000099999999995 0.00000000099999999995 0.00000000099999999995 
0.00000000099999999999 0.00084925361758028466 0.27025580274380539558 0.35037064196817846451 0.36790613107828640249 0.00000040846705005181 0.00000003321466971541 0.00000000815995106388 0.01061771975047862485 
0.99999999200000011523 0.00000000099999999947 0.00000000099999999947 0.00000000099999999947 0.00000000099999999947 0.00000000099999999947 0.00000000099999999947 0.00000000099999999947 0.00000000099999999947 
0.00000000099999999991 0.00000000099999999991 0.99999999200000011523 0.00000000099999999991 0.00000000099999999991 0.00000000099999999991 0.00000000099999999991 0.00000000099999999991 0.00000000099999999991 
0.00000000099999999996 0.00000000099999999996 0.54601857137780140938 0.45398142162219862206 0.00000000099999999996 0.00000000099999999996 0.00000000099999999996 0.00000000099999999996 0.00000000099999999996 
0.00000000099999999997 0.00000000099999999997 0.00000000099999999997 0.38129191218975982958 0.00000000099999999997 0.61870808081024009084 0.00000000099999999997 0.00000000099999999997 0.00000000099999999997 
0.00000000099999999993 0.00000000099999999993 0.00000000099999999993 0.00000000099999999993 0.99999999200000000421 0.00000000099999999993 0.00000000099999999993 0.00000000099999999993 0.00000000099999999993 
0.00000000099999999987 0.00000000099999999987 0.00000000099999999987 0.99999999200000000421 0.00000000099999999987 0.00000000099999999987 0.00000000099999999987 0.00000000099999999987 0.00000000099999999987 
0.00000000099999999998 0.01809652151043411247 0.44606515414575270695 0.00000000099999999998 0.35985434973704855111 0.00000000099999999998 0.12982097762532310292 0.00000000099999999998 0.04616299298144152519 
0.00000000099999999998 0.00000000099999999998 0.00000156418033660290 0.25200494896611719264 0.26669444018152244080 0.37700791688660767464 0.10429112578541611944 0.00000000099999999998 0.00000000099999999998 
0.00000000099999999999 0.00000000099999999999 0.25384061032576027417 0.15052835201476871818 0.00000605775168864214 0.08916498796147910577 0.20376747285955243427 0.00305060243221445815 0.29964191465453621221 
0.00000000100000000000 0.00000041102625466426 0.10736762083355397279 0.20972261633714497919 0.21554237148142579850 0.33047667256031476590 0.11029207067934519715 0.02646401275298822589 0.00013422332897248130 
0.00000000099999999991 0.00000000099999999991 0.99999999200000000421 0.00000000099999999991 0.00000000099999999991 0.00000000099999999991 0.00000000099999999991 0.00000000099999999991 0.00000000099999999991 
0.00000000099999999997 0.00000000099999999997 0.45240748314918166617 0.18521427903129772385 0.00000046818300456088 0.30335822313374666281 0.05901953844111720165 0.00000000099999999997 0.00000000506165239607 
0.00000000099999999999 0.00154219665962430181 0.00000000099999999999 0.59626528271361445288 0.00000000099999999999 0.38245322715838003802 0.00000143404002878731 0.01973785542835227932 0.00000000099999999999 
0.00000000099999999998 0.00000000099999999998 0.26282386916555749989 0.19159532491272493471 0.34069476708874646409 0.19838196849127651133 0.00000000099999999998 0.00650155843746586404 0.00000250890422874956 
0.00000000099999999988 0.00000000099999999988 0.00000000099999999988 0.00000000099999999988 0.00000000099999999988 0.99999999200000011523 0.00000000099999999988 0.00000000099999999988 0.00000000099999999988 
0.00000000099999999996 0.00000000099999999996 0.54890393831987160933 0.00000000099999999996 0.00000000099999999996 0.40358284120775544945 0.04751321447237299295 0.00000000099999999996 0.00000000099999999996 
0.00000000099999999998 0.01673305105977316437 0.00018458467893257315 0.22580791484449833084 0.27632504882271896607 0.00000000099999999998 0.15829584339029878493 0.00000000099999999998 0.32265355420377817008 
0.00000000099999999999 0.00000000099999999999 0.00000000099999999999 0.13646358920902643130 0.40520752281239957870 0.15380299935278937684 0.13449611624254362297 0.00000000099999999999 0.17002976838324093678 
0.00000000099999999998 0.01664187298182208397 0.00000000099999999998 0.00000000099999999998 0.49677909865338737427 0.00000000099999999998 0.24180906735699550514 0.00000000099999999998 0.24476995600779499762 
0.00000000099999999998 0.00000000099999999998 0.13070089506402743362 0.00049788379430829694 0.34575733550883541723 0.22089935329529342134 0.09861528840627249715 0.00000000099999999998 0.20352924093126301130 
0.00000000099999999997 0.00000000099999999997 0.00000000099999999997 0.39912837398643652431 0.00000000099999999997 0.60087161901356334059 0.00000000099999999997 0.00000000099999999997 0.00000000099999999997 
0.06744540992119746337 0.00835027188166496265 0.14249406263767194769 0.27051067040280696308 0.05935602568620788888 0.06897923906862880872 0.15786426327040944950 0.00000062949656290033 0.22499942763484953590 
0.00000000099999999996 0.00000000099999999996 0.00000000099999999996 0.38266865645138131713 0.00000000099999999996 0.43140757201805307597 0.18592376553056549904 0.00000000099999999996 0.00000000099999999996 
0.00000000099999999987 0.00000000099999999987 0.00000000099999999987 0.99999999200000000421 0.00000000099999999987 0.00000000099999999987 0.00000000099999999987 0.00000000099999999987 0.00000000099999999987 
0.00000000099999999997 0.01147211786758116185 0.00000000099999999997 0.00015386720887080560 0.32848294453459475628 0.21731801178312626366 0.14421882702721827707 0.00000000099999999997 0.29835422857860877111 
0.00000000099999999998 0.00000000099999999998 0.45342718075115401311 0.00000000099999999998 0.36441903025049565690 0.00001398089202797625 0.17991354790696223453 0.00222624505314759046 0.00000001214621261150 
0.00000000099999999991 0.00000000099999999991 0.99999999200000000421 0.00000000099999999991 0.00000000099999999991 0.00000000099999999991 0.00000000099999999991 0.00000000099999999991 0.00000000099999999991 
0.00000000099999999999 0.00000000099999999999 0.00000000099999999999 0.18367059883755382232 0.34052667972741285096 0.00000000099999999999 0.15449370108300625182 0.00000000099999999999 0.32130901535202704977 
0.00000000099999999999 0.00232464739490394852 0.19120579421200173398 0.25361434510567643086 0.22345214796244236566 0.18391762260373814564 0.00032829561837858297 0.00425528063680068007 0.14090186546605812379 
0.00000000099999999988 0.00000000099999999988 0.00000000099999999988 0.00000000099999999988 0.00000000099999999988 0.99999999200000011523 0.00000000099999999988 0.00000000099999999988 0.00000000099999999988 
0.00000000099999999995 0.00000000099999999995 0.00006547614590475632 0.00000000099999999995 0.54320443065677059824 0.45673008719732460792 0.00000000099999999995 0.00000000099999999995 0.00000000099999999995 
0.00000000099999999993 0.99999999200000011523 0.00000000099999999993 0.00000000099999999993 0.00000000099999999993 0.00000000099999999993 0.00000000099999999993 0.00000000099999999993 0.00000000099999999993 
0.00000000099999999997 0.99151923311417022866 0.00848075988582989646 0.00000000099999999997 0.00000000099999999997 0.00000000099999999997 0.00000000099999999997 0.00000000099999999997 0.00000000099999999997 
0.99999999200000022626 0.00000000099999999965 0.00000000099999999965 0.00000000099999999965 0.00000000099999999965 0.00000000099999999965 0.00000000099999999965 0.00000000099999999965 0.00000000099999999965 
0.00000000099999999957 0.00000000099999999957 0.00000000099999999957 0.00000000099999999957 0.00000000099999999957 0.00000000099999999957 0.00000000099999999957 0.99999999200000000421 0.00000000099999999957 
0.00000000099999999999 0.88594383828038059114 0.08158516582161459696 0.00000000099999999999 0.00000000099999999999 0.00000000099999999999 0.00000000099999999999 0.03247098989800500934 0.00000000099999999999 
0.00000000099999999988 0.00000000099999999988 0.00000000099999999988 0.99999999200000011523 0.00000000099999999988 0.00000000099999999988 0.00000000099999999988 0.00000000099999999988 0.00000000099999999988 
0.00000000099999999988 0.00000000099999999988 0.00000000099999999988 0.00000000099999999988 0.00000000099999999988 0.99999999200000000421 0.00000000099999999988 0.00000000099999999988 0.00000000099999999988 
0.00000000099999999997 0.96962619151869133827 0.00000000099999999997 0.00000000099999999997 0.00000000099999999997 0.00000000099999999997 0.02729422833394946901 0.00307957414735936458 0.00000000099999999997 
0.00000000099999999998 0.00000000099999999998 0.10617269040956898996 0.02395329547376464155 0.39437515521812510633 0.00000000099999999998 0.10789916573721555770 0.00000000099999999998 0.36759968916132584882 
0.00000000099999999998 0.00000000099999999998 0.05305729775986971208 0.27710623225679115178 0.08161639447565595396 0.23422236663081574815 0.08260833827065201806 0.00980655083254984572 0.26158281777366576559 
0.00000000099999999980 0.00000000099999999980 0.00000000099999999980 0.00000000099999999980 0.00000000099999999980 0.00000000099999999980 0.99999999199999989319 0.00000000099999999980 0.00000000099999999980 
0.99999999200000011523 0.00000000099999999953 0.00000000099999999953 0.00000000099999999953 0.00000000099999999953 0.00000000099999999953 0.00000000099999999953 0.00000000099999999953 0.00000000099999999953 
0.99999999200000011523 0.00000000099999999956 0.00000000099999999956 0.00000000099999999956 0.00000000099999999956 0.00000000099999999956 0.00000000099999999956 0.00000000099999999956 0.00000000099999999956 
0.99999999200000022626 0.00000000099999999947 0.00000000099999999947 0.00000000099999999947 0.00000000099999999947 0.00000000099999999947 0.00000000099999999947 0.00000000099999999947 0.00000000099999999947 
0.99999999200000011523 0.00000000099999999949 0.00000000099999999949 0.00000000099999999949 0.00000000099999999949 0.00000000099999999949 0.00000000099999999949 0.00000000099999999949 0.00000000099999999949 
0.99999999200000022626 0.00000000099999999951 0.00000000099999999951 0.00000000099999999951 0.00000000099999999951 0.00000000099999999951 0.00000000099999999951 0.00000000099999999951 0.00000000099999999951 
0.00000000099999999997 0.99999999200000011523 0.00000000099999999997 0.00000000099999999997 0.00000000099999999997 0.00000000099999999997 0.00000000099999999997 0.00000000099999999997 0.00000000099999999997 
0.00000000099999999996 0.00000000099999999996 0.00000000099999999996 0.52500401183589728848 0.47499598116410279847 0.00000000099999999996 0.00000000099999999996 0.00000000099999999996 0.00000000099999999996 
0.99999999200000022626 0.00000000099999999950 0.00000000099999999950 0.00000000099999999950 0.00000000099999999950 0.00000000099999999950 0.00000000099999999950 0.00000000099999999950 0.00000000099999999950 
0.99999999200000011523 0.00000000099999999958 0.00000000099999999958 0.00000000099999999958 0.00000000099999999958 0.00000000099999999958 0.00000000099999999958 0.00000000099999999958 0.00000000099999999958 
0.00000000099999999954 0.00000000099999999954 0.00000000099999999954 0.00000000099999999954 0.00000000099999999954 0.00000000099999999954 0.00000000099999999954 0.99999999200000000421 0.00000000099999999954 
0.00000000099999999955 0.00000000099999999955 0.00000000099999999955 0.00000000099999999955 0.00000000099999999955 0.00000000099999999955 0.00000000099999999955 0.99999999199999989319 0.00000000099999999955 
0.00000000099999999997 0.00000000099999999997 0.61808125676461989073 0.25309946358853957493 0.00000000099999999997 0.00000000099999999997 0.00000000099999999997 0.00000000099999999997 0.12881927364684059301 
0.99999999200000011523 0.00000000099999999953 0.00000000099999999953 0.00000000099999999953 0.00000000099999999953 0.00000000099999999953 0.00000000099999999953 0.00000000099999999953 0.00000000099999999953 
0.00000000099999999988 0.00000000099999999988 0.00000000099999999988 0.99999999200000011523 0.00000000099999999988 0.00000000099999999988 0.00000000099999999988 0.00000000099999999988 0.00000000099999999988 
0.00000000099999999982 0.00000000099999999982 0.00000000099999999982 0.00000000099999999982 0.00000000099999999982 0.00000000099999999982 0.99999999200000000421 0.00000000099999999982 0.00000000099999999982 
0.00000000099999999997 0.93694009710126180401 0.00000000099999999997 0.00000000099999999997 0.00000000099999999997 0.00000000099999999997 0.00000000099999999997 0.00000000099999999997 0.06305989589873836620 
0.00000000099999999997 0.00000000099999999997 0.00000000099999999997 0.24488249324207306268 0.43527513560255931546 0.00000000099999999997 0.00000000099999999997 0.00000000099999999997 0.31984236515536768053 
0.00000000099999999990 0.99999999200000011523 0.00000000099999999990 0.00000000099999999990 0.00000000099999999990 0.00000000099999999990 0.00000000099999999990 0.00000000099999999990 0.00000000099999999990 
0.00000000099999999992 0.00000000099999999992 0.00000000099999999992 0.00000000099999999992 0.99999999200000011523 0.00000000099999999992 0.00000000099999999992 0.00000000099999999992 0.00000000099999999992 
0.00000000099999999992 0.99999999200000022626 0.00000000099999999992 0.00000000099999999992 0.00000000099999999992 0.00000000099999999992 0.00000000099999999992 0.00000000099999999992 0.00000000099999999992 
0.00000000099999999992 0.00000000099999999992 0.00000000099999999992 0.00000000099999999992 0.99999999200000000421 0.00000000099999999992 0.00000000099999999992 0.00000000099999999992 0.00000000099999999992 
0.00000000099999999988 0.00000000099999999988 0.00000000099999999988 0.00000000099999999988 0.00000000099999999988 0.00000000099999999988 0.00000000099999999988 0.00000000099999999988 0.99999999199999989319 
0.99999999200000022626 0.00000000099999999958 0.00000000099999999958 0.00000000099999999958 0.00000000099999999958 0.00000000099999999958 0.00000000099999999958 0.00000000099999999958 0.00000000099999999958 
0.00000000099999999993 0.99999999200000022626 0.00000000099999999993 0.00000000099999999993 0.00000000099999999993 0.00000000099999999993 0.00000000099999999993 0.00000000099999999993 0.00000000099999999993 
0.99999999200000011523 0.00000000099999999951 0.00000000099999999951 0.00000000099999999951 0.00000000099999999951 0.00000000099999999951 0.00000000099999999951 0.00000000099999999951 0.00000000099999999951 
0.99999999200000011523 0.00000000099999999950 0.00000000099999999950 0.00000000099999999950 0.00000000099999999950 0.00000000099999999950 0.00000000099999999950 0.00000000099999999950 0.00000000099999999950 
0.00000000099999999995 0.00000000099999999995 0.00000000099999999995 0.00000000099999999995 0.66862431929302024169 0.00000000099999999995 0.33137567370697978975 0.00000000099999999995 0.00000000099999999995 
0.00000000099999999996 0.00000000099999999996 0.44190884940923363944 0.00000000099999999996 0.55809114359076639200 0.00000000099999999996 0.00000000099999999996 0.00000000099999999996 0.00000000099999999996 
0.00000000099999999997 0.00000000099999999997 0.37866516230102037488 0.39306068878567168579 0.22827414291330810903 0.00000000099999999997 0.00000000099999999997 0.00000000099999999997 0.00000000099999999997 
0.00000000099999999998 0.00000000099999999998 0.14680543488722075374 0.08749729817986606761 0.33934843344252302311 0.18267845450501410398 0.11975344050542746643 0.00000000099999999998 0.12391693547994850344 
0.00000000099999999999 0.00000000099999999999 0.22291072295401029302 0.11543137333620190343 0.00000000099999999999 0.18543997187852451214 0.17001685163297278192 0.00267153064230021614 0.30352954655599034828 
0.00000000099999999998 0.00144209447481370733 0.25260256888555882027 0.18704403931402630024 0.16601260838078321647 0.29230686970228919597 0.09674124820696500260 0.00385056903556377662 0.00000000099999999998 
0.00000000099999999997 0.00000000099999999997 0.39272033454830634902 0.26312245043806720135 0.17293730532839313163 0.00000000099999999997 0.00000000099999999997 0.00000000099999999997 0.17121990468523345941 
0.00000000099999999997 0.97666247908932812827 0.00000006920159731975 0.02333744570907456475 0.00000000099999999997 0.00000000099999999997 0.00000000099999999997 0.00000000099999999997 0.00000000099999999997 
0.00000000099999999998 0.00000000099999999998 0.02949657713233398704 0.16295825847379236118 0.16467994598345309099 0.24241773371772426526 0.12022226846581486603 0.00000000099999999998 0.28022521322688148659 
0.99999999200000022626 0.00000000099999999950 0.00000000099999999950 0.00000000099999999950 0.00000000099999999950 0.00000000099999999950 0.00000000099999999950 0.00000000099999999950 0.00000000099999999950 
0.00000000099999999991 0.00000000099999999991 0.00000000099999999991 0.00000000099999999991 0.99999999200000011523 0.00000000099999999991 0.00000000099999999991 0.00000000099999999991 0.00000000099999999991 
0.99999999200000011523 0.00000000099999999984 0.00000000099999999984 0.00000000099999999984 0.00000000099999999984 0.00000000099999999984 0.00000000099999999984 0.00000000099999999984 0.00000000099999999984 
0.99999999200000022626 0.00000000099999999957 0.00000000099999999957 0.00000000099999999957 0.00000000099999999957 0.00000000099999999957 0.00000000099999999957 0.00000000099999999957 0.00000000099999999957 
0.00000000099999999989 0.00000000099999999989 0.00000000099999999989 0.00000000099999999989 0.00000000099999999989 0.00000000099999999989 0.00000000099999999989 0.00000000099999999989 0.99999999200000000421 
0.00000000099999999998 0.00000000099999999998 0.00002274331969072913 0.33644344752661781150 0.28858031154050178824 0.37495270621404835909 0.00000001384686847160 0.00000077455227281356 0.00000000099999999998 
0.00000000099999999985 0.00000000099999999985 0.00000000099999999985 0.00000000099999999985 0.00000000099999999985 0.00000000099999999985 0.99999999200000000421 0.00000000099999999985 0.00000000099999999985 
0.99999999200000011523 0.00000000099999999961 0.00000000099999999961 0.00000000099999999961 0.00000000099999999961 0.00000000099999999961 0.00000000099999999961 0.00000000099999999961 0.00000000099999999961 
0.00000000099999999992 0.99999999200000011523 0.00000000099999999992 0.00000000099999999992 0.00000000099999999992 0.00000000099999999992 0.00000000099999999992 0.00000000099999999992 0.00000000099999999992 
0.00000000099999999993 0.99999999200000022626 0.00000000099999999993 0.00000000099999999993 0.00000000099999999993 0.00000000099999999993 0.00000000099999999993 0.00000000099999999993 0.00000000099999999993 
0.99999999200000022626 0.00000000099999999956 0.00000000099999999956 0.00000000099999999956 0.00000000099999999956 0.00000000099999999956 0.00000000099999999956 0.00000000099999999956 0.00000000099999999956 
0.00000000099999999998 0.00000000099999999998 0.27805653313908923474 0.00000000099999999998 0.32536110944354595942 0.37737160761845617296 0.01921046386169106626 0.00000000099999999998 0.00000028193721749630 
0.00000000100000000000 0.03609779788341302420 0.19336733488505236656 0.12178355816300792669 0.34234685287168598045 0.14629973556996586637 0.07334746575044379102 0.00551514662751544267 0.08124210724891568758 
0.99999999200000022626 0.00000000099999999958 0.00000000099999999958 0.00000000099999999958 0.00000000099999999958 0.00000000099999999958 0.00000000099999999958 0.00000000099999999958 0.00000000099999999958 
0.00000000099999999998 0.00000000099999999998 0.00000000099999999998 0.18374179628672021591 0.45330804436945115743 0.00000000233562590506 0.11245364647349377629 0.00000000099999999998 0.25049650653470900696 
0.00000000099999999990 0.99999999200000011523 0.00000000099999999990 0.00000000099999999990 0.00000000099999999990 0.00000000099999999990 0.00000000099999999990 0.00000000099999999990 0.00000000099999999990 
0.09312288659263399937 0.16739550959894250459 0.00000000099999999996 0.00000000099999999996 0.00000000099999999996 0.00000000099999999996 0.00000000099999999996 0.09362057300589204933 0.64586102580253135219 
