0.00000000099999999999 0.15005018366385694528 0.01361088614277295404 0.29337025432587854334 0.00000000099999999999 0.08536609822816768056 0.12290420727916427646 0.33469836636015970477 0.00000000099999999999 0.00000000099999999999 
0.00000000099999999992 0.00000000099999999992 0.00000000099999999992 0.00000000099999999992 0.00000000099999999992 0.00000000099999999992 0.00000000099999999992 0.00000000099999999992 0.99999999100000003249 0.00000000099999999992 
0.00000000099999999992 0.00000000099999999992 0.00000000099999999992 0.00000000099999999992 0.00000000099999999992 0.00000000099999999992 0.00000000099999999992 0.00000000099999999992 0.99999999100000003249 0.00000000099999999992 
0.00000000099999999997 0.00000000145908945384 0.00000000099999999997 0.20353871277114357619 0.00000000099999999997 0.00000000099999999997 0.00000000099999999997 0.18630796699543317185 0.03005824017522060881 0.58009507359911316460 
0.00000000099999999999 0.23959749803194610451 0.00489241215097374962 0.33192431976635655699 0.00000000099999999999 0.00000000414530507946 0.14920749307775357795 0.09686093414780320987 0.00000000099999999999 0.17751733567986172080 
0.00000000099999999997 0.41458480106796241627 0.00000000099999999997 0.00000000099999999997 0.00000000099999999997 0.05927390846445493994 0.06381795658519212600 0.25253544195974331199 0.01690820038268445874 0.19287968753996251325 
0.00000000099999999994 0.00000000099999999994 0.00000000099999999994 0.00000000099999999994 0.00000000099999999994 0.00000000099999999994 0.00000000099999999994 0.00000000099999999994 0.99999999099999992147 0.00000000099999999994 
0.00000000099999999989 0.00000000099999999989 0.00000000099999999989 0.00000000099999999989 0.00000000099999999989 0.00000000099999999989 0.00000000099999999989 0.00000000099999999989 0.99999999100000003249 0.00000000099999999989 
0.00000000099999999995 0.61524136463875378489 0.00000000099999999995 0.38475862736124638586 0.00000000099999999995 0.00000000099999999995 0.00000000099999999995 0.00000000099999999995 0.00000000099999999995 0.00000000099999999995 
0.00000000099999999992 0.00000000099999999992 0.00000000099999999992 0.00000000099999999992 0.00000000099999999992 0.00000000099999999992 0.00000000099999999992 0.00000000099999999992 0.99999999100000003249 0.00000000099999999992 
0.00000000099999999993 0.00000000099999999993 0.00000000099999999993 0.00000000099999999993 0.00000000099999999993 0.00000000099999999993 0.00000000099999999993 0.00000000099999999993 0.00000000099999999993 0.99999999099999992147 
0.00000000099999999997 0.10315173092989034231 0.00000000099999999997 0.19342134402738209165 0.00000000099999999997 0.08087546978388139574 0.16459235674728453502 0.24762854531463579510 0.00224396002792373985 0.20808659016900218908 
0.00000000099999999998 0.00000000099999999998 0.00000000099999999998 0.33316139701577096588 0.00000000099999999998 0.06575894866733704436 0.13712657879360215518 0.00000000099999999998 0.00000000099999999998 0.46395306952328990713 
0.00000000099999999998 0.00148560108202228720 0.01055999496580511086 0.00000000099999999998 0.00000000099999999998 0.06615525464609117723 0.13250618681522086106 0.35085409608634637868 0.00000000099999999998 0.43843886240451424019 
0.00000000099999999987 0.00000000099999999987 0.00000000099999999987 0.00000000099999999987 0.00000000099999999987 0.00000000099999999987 0.00000000099999999987 0.99999999100000003249 0.00000000099999999987 0.00000000099999999987 
0.00000000099999999998 0.17886342406185049003 0.02346579670691040231 0.13875138163651531964 0.00000000099999999998 0.07234442387285545950 0.16614698094453667077 0.15856999321959061588 0.04342134601619985351 0.21843665154154109920 
0.00000000099999999997 0.34486991099648350856 0.00000000099999999997 0.00000000099999999997 0.00000000099999999997 0.00000000589131468979 0.00000000099999999997 0.22111055819356689733 0.00000000099999999997 0.43401951891863482791 
0.00000000099999999989 0.99999999100000025454 0.00000000099999999989 0.00000000099999999989 0.00000000099999999989 0.00000000099999999989 0.00000000099999999989 0.00000000099999999989 0.00000000099999999989 0.00000000099999999989 
0.00000000099999999999 0.18880374712120698288 0.00000000099999999999 0.47462998549094137513 0.00000000099999999999 0.00000127233389229361 0.01516684058790148358 0.27931567395112016916 0.00000000099999999999 0.04208247651493774583 
0.00000000099999999994 0.00000000099999999994 0.00000000099999999994 0.65099781022324165747 0.00000000099999999994 0.00000000099999999994 0.00000000099999999994 0.34900218177675829123 0.00000000099999999994 0.00000000099999999994 
0.00000000099999999998 0.00000000099999999998 0.00000000099999999998 0.22023579188831118869 0.00000000099999999998 0.00000009629379376560 0.09442296690544373095 0.34326854670928769186 0.00000000099999999998 0.34207259320316363294 
0.00000000099999999993 0.00000000099999999993 0.00000000099999999993 0.00000000099999999993 0.00000000099999999993 0.04767044150176828060 0.00000000099999999993 0.00000000099999999993 0.95232955049823175830 0.00000000099999999993 
0.00000000099999999991 0.00000000099999999991 0.00000000099999999991 0.99999999100000014352 0.00000000099999999991 0.00000000099999999991 0.00000000099999999991 0.00000000099999999991 0.00000000099999999991 0.00000000099999999991 
0.00000000099999999962 0.00000000099999999962 0.00000000099999999962 0.00000000099999999962 0.00000000099999999962 0.00000000099999999962 0.99999999099999992147 0.00000000099999999962 0.00000000099999999962 0.00000000099999999962 
0.00000000099999999992 0.00000000099999999992 0.00000000099999999992 0.85490263816822642529 0.00000000099999999992 0.14509735383177363444 0.00000000099999999992 0.00000000099999999992 0.00000000099999999992 0.00000000099999999992 
0.00000000099999999996 0.43110402419186855116 0.00000000099999999996 0.00000906091957770609 0.00000000099999999996 0.00000000099999999996 0.00000000099999999996 0.00000000099999999996 0.00000000099999999996 0.56888690788855356129 
0.00000000099999999962 0.00000000099999999962 0.99999999100000014352 0.00000000099999999962 0.00000000099999999962 0.00000000099999999962 0.00000000099999999962 0.00000000099999999962 0.00000000099999999962 0.00000000099999999962 
0.00000000099999999956 0.00000000099999999956 0.99999999100000014352 0.00000000099999999956 0.00000000099999999956 0.00000000099999999956 0.00000000099999999956 0.00000000099999999956 0.00000000099999999956 0.00000000099999999956 
0.00000000099999999993 0.00000000099999999993 0.00000000099999999993 0.00000000099999999993 0.00000000099999999993 0.26308300576227844347 0.00000000099999999993 0.00000000099999999993 0.00000000099999999993 0.73691698623772139420 
0.00000000099999999989 0.00000000099999999989 0.00000000099999999989 0.00000000099999999989 0.00000000099999999989 0.00000000099999999989 0.00000000099999999989 0.00000000099999999989 0.00000000099999999989 0.99999999100000003249 
0.00000000099999999978 0.00000000099999999978 0.00000000099999999978 0.00000000099999999978 0.00000000099999999978 0.00000000099999999978 0.99999999100000003249 0.00000000099999999978 0.00000000099999999978 0.00000000099999999978 
0.00000000099999999988 0.00000000099999999988 0.00000000099999999988 0.00000000099999999988 0.00000000099999999988 0.00000000099999999988 0.12570957169488231053 0.00000000099999999988 0.87429042030511772143 0.00000000099999999988 
0.00000000099999999976 0.00000000099999999976 0.36187132702044755295 0.00000000099999999976 0.00000000099999999976 0.00000000099999999976 0.54872408426064755993 0.00000000099999999976 0.08940458171890486305 0.00000000099999999976 
0.00000000099999999995 0.42252730321761305943 0.00000000099999999995 0.00304812503135638456 0.00000000099999999995 0.00000000099999999995 0.00000000099999999995 0.00030163127889166216 0.00000000099999999995 0.57412293447213880171 
0.99999999100000025454 0.00000000099999999946 0.00000000099999999946 0.00000000099999999946 0.00000000099999999946 0.00000000099999999946 0.00000000099999999946 0.00000000099999999946 0.00000000099999999946 0.00000000099999999946 
0.99999999100000025454 0.00000000099999999940 0.00000000099999999940 0.00000000099999999940 0.00000000099999999940 0.00000000099999999940 0.00000000099999999940 0.00000000099999999940 0.00000000099999999940 0.00000000099999999940 
0.00000000099999999938 0.00000000099999999938 0.00000000099999999938 0.00000000099999999938 0.99999999100000003249 0.00000000099999999938 0.00000000099999999938 0.00000000099999999938 0.00000000099999999938 0.00000000099999999938 
0.00000000099999999964 0.00000000099999999964 0.99999999100000003249 0.00000000099999999964 0.00000000099999999964 0.00000000099999999964 0.00000000099999999964 0.00000000099999999964 0.00000000099999999964 0.00000000099999999964 
0.00000000099999999958 0.00000000099999999958 0.99999999100000014352 0.00000000099999999958 0.00000000099999999958 0.00000000099999999958 0.00000000099999999958 0.00000000099999999958 0.00000000099999999958 0.00000000099999999958 
0.00000000099999999996 0.00000000099999999996 0.00000000099999999996 0.49998829234701080981 0.00000000099999999996 0.09208685897395808839 0.11503321525484822008 0.04352374796979814608 0.00000000099999999996 0.24936788045438462724 
0.00000000099999999995 0.00000000099999999995 0.00000000099999999995 0.00000000099999999995 0.00000000099999999995 0.00000000099999999995 0.00000000099999999995 0.00000000099999999995 0.99999793891211141705 0.00000205308788853385 
0.00000000099999999960 0.00000000099999999960 0.99999999100000014352 0.00000000099999999960 0.00000000099999999960 0.00000000099999999960 0.00000000099999999960 0.00000000099999999960 0.00000000099999999960 0.00000000099999999960 
0.00000000099999999997 0.00000000099999999997 0.00458125985687995226 0.45398424902471212761 0.00000000099999999997 0.00000000099999999997 0.00000000099999999997 0.00000000099999999997 0.00000000366766781982 0.54143448145074002387 
0.00000000099999999991 0.00000000099999999991 0.00000000099999999991 0.00000000099999999991 0.00000000099999999991 0.00000000099999999991 0.00000000099999999991 0.00000000099999999991 0.99999999100000003249 0.00000000099999999991 
0.00000000099999999965 0.00000000099999999965 0.99999999100000014352 0.00000000099999999965 0.00000000099999999965 0.00000000099999999965 0.00000000099999999965 0.00000000099999999965 0.00000000099999999965 0.00000000099999999965 
0.00000000099999999997 0.32492626907940941328 0.00311242754830152969 0.00000060190423295738 0.00000000099999999997 0.00000000099999999997 0.06352882508867835343 0.15830035624950172801 0.00767690527272832553 0.44245461185714762831 
0.00000000099999999961 0.00000000099999999961 0.99999999100000003249 0.00000000099999999961 0.00000000099999999961 0.00000000099999999961 0.00000000099999999961 0.00000000099999999961 0.00000000099999999961 0.00000000099999999961 
0.00000000099999999993 0.00000000099999999993 0.00000000099999999993 0.00000000099999999993 0.00000000099999999993 0.00000000099999999993 0.00000000099999999993 0.00000000099999999993 0.99999999099999992147 0.00000000099999999993 
0.00000000099999999988 0.00000000099999999988 0.00000000099999999988 0.00000000099999999988 0.00000000099999999988 0.00000000099999999988 0.00000000099999999988 0.00000000099999999988 0.99999999099999992147 0.00000000099999999988 
0.00000000099999999955 0.00000000099999999955 0.99999999100000014352 0.00000000099999999955 0.00000000099999999955 0.00000000099999999955 0.00000000099999999955 0.00000000099999999955 0.00000000099999999955 0.00000000099999999955 
0.00000000099999999959 0.00000000099999999959 0.99999999100000003249 0.00000000099999999959 0.00000000099999999959 0.00000000099999999959 0.00000000099999999959 0.00000000099999999959 0.00000000099999999959 0.00000000099999999959 
0.00000000099999999993 0.00000000099999999993 0.00000000099999999993 0.00000000099999999993 0.00000000099999999993 0.00000000099999999993 0.00000000099999999993 0.00000000099999999993 0.99999999099999992147 0.00000000099999999993 
0.00000000099999999993 0.00000000769008125485 0.00000000099999999993 0.00000000099999999993 0.00000000099999999993 0.00000000099999999993 0.00000000099999999993 0.00000000099999999993 0.99999998430991865472 0.00000000099999999993 
0.00000000099999999995 0.00000000099999999995 0.00000000099999999995 0.00000000099999999995 0.00000000099999999995 0.00000000099999999995 0.00000000099999999995 0.00000000099999999995 0.99940679548313249292 0.00059319651686764790 
0.00000000099999999966 0.00000000099999999966 0.99999999100000014352 0.00000000099999999966 0.00000000099999999966 0.00000000099999999966 0.00000000099999999966 0.00000000099999999966 0.00000000099999999966 0.00000000099999999966 
0.00000000099999999999 0.30776451380606495434 0.01239421619630927396 0.11066658272039910094 0.00000000099999999999 0.00000000099999999999 0.09159082308224382463 0.15310390490093070404 0.03810385080734812746 0.28637610548670389132 
0.00000000099999999997 0.51096401870575414161 0.01309592335273465288 0.47594005094151137225 0.00000000099999999997 0.00000000099999999997 0.00000000099999999997 0.00000000099999999997 0.00000000099999999997 0.00000000099999999997 
0.00000000099999999983 0.00000000099999999983 0.00000000099999999983 0.00000000099999999983 0.00000000099999999983 0.00000000099999999983 0.00000000099999999983 0.99999999099999992147 0.00000000099999999983 0.00000000099999999983 
0.00000000099999999996 0.00000000155964387175 0.00000000099999999996 0.00000000099999999996 0.00000000099999999996 0.00000000099999999996 0.24347692513812499437 0.00000000099999999996 0.00000000099999999996 0.75652306630223098427 
0.00000000099999999992 0.00000000099999999992 0.00000000099999999992 0.00000000099999999992 0.00000000099999999992 0.00000000099999999992 0.00000000099999999992 0.00000000099999999992 0.99999999100000003249 0.00000000099999999992 
0.00000000099999999993 0.00000000099999999993 0.00000000099999999993 0.00000000099999999993 0.00000000099999999993 0.00000000099999999993 0.00000000099999999993 0.00000000099999999993 0.00000000099999999993 0.99999999100000003249 
0.43366773802499031243 0.00000000099999999955 0.00000000099999999955 0.00000000099999999955 0.56633225397500963627 0.00000000099999999955 0.00000000099999999955 0.00000000099999999955 0.00000000099999999955 0.00000000099999999955 
0.00000000099999999994 0.40994907761141707869 0.00000000099999999994 0.59005091438858303654 0.00000000099999999994 0.00000000099999999994 0.00000000099999999994 0.00000000099999999994 0.00000000099999999994 0.00000000099999999994 
0.40876108747343747885 0.00000000099999999955 0.00000000099999999955 0.00000000099999999955 0.59123890452656258088 0.00000000099999999955 0.00000000099999999955 0.00000000099999999955 0.00000000099999999955 0.00000000099999999955 
0.00000000099999999999 0.09243336109726876804 0.00000000099999999999 0.31114585777391323695 0.00000000099999999999 0.00000000561582837282 0.15296096045850676726 0.10191650362149881626 0.02798174902248268259 0.31356155941050134484 
0.00000000099999999945 0.00000000099999999945 0.00000000099999999945 0.00000000099999999945 0.99999999100000014352 0.00000000099999999945 0.00000000099999999945 0.00000000099999999945 0.00000000099999999945 0.00000000099999999945 
0.00000000099999999995 0.22184783831496332485 0.00000000099999999995 0.14905688453566459661 0.00000000099999999995 0.20356356357287264114 0.08796936218351113224 0.00000011063630919521 0.00000000099999999995 0.33756223675667906825 
0.00000000099999999997 0.27683895307430156363 0.00000000099999999997 0.00000000099999999997 0.00000000099999999997 0.00000000200863179068 0.03803734742475674280 0.68512369149230978316 0.00000000099999999997 0.00000000099999999997 
0.00000000099999999989 0.00000000099999999989 0.00000000099999999989 0.00000000099999999989 0.00000000099999999989 0.00000000099999999989 0.00000000099999999989 0.00000000099999999989 0.99999999099999992147 0.00000000099999999989 
0.00000000099999999995 0.49675664012624315413 0.00000000099999999995 0.00000000099999999995 0.00000000099999999995 0.00000000099999999995 0.00000000099999999995 0.27320646829418504531 0.00000000099999999995 0.23003688457957163771 
0.38381344428157349036 0.00000000099999999957 0.00000000099999999957 0.00000000099999999957 0.61618654771842662488 0.00000000099999999957 0.00000000099999999957 0.00000000099999999957 0.00000000099999999957 0.00000000099999999957 
0.00000000099999999949 0.00000000099999999949 0.00000000099999999949 0.00000000099999999949 0.99999999100000003249 0.00000000099999999949 0.00000000099999999949 0.00000000099999999949 0.00000000099999999949 0.00000000099999999949 
0.00000000099999999998 0.00000000099999999998 0.00323785831071044189 0.40312066104398702748 0.00000000099999999998 0.05305395333246350903 0.13586485203465936689 0.20882234690101367236 0.07253193766321397451 0.12336838771395203240 
0.00000000099999999991 0.00000000099999999991 0.00000000099999999991 0.00000000099999999991 0.00000000099999999991 0.00000000099999999991 0.00000000099999999991 0.00000000099999999991 0.99999999099999992147 0.00000000099999999991 
0.00000000099999999967 0.00000000099999999967 0.99999999100000003249 0.00000000099999999967 0.00000000099999999967 0.00000000099999999967 0.00000000099999999967 0.00000000099999999967 0.00000000099999999967 0.00000000099999999967 
0.00000000099999999992 0.00000000099999999992 0.00000000099999999992 0.00000000099999999992 0.00000000099999999992 0.00000000099999999992 0.00000000099999999992 0.00000000099999999992 0.99999999099999992147 0.00000000099999999992 
0.00000000099999999998 0.33819364442799282333 0.00000000099999999998 0.12026974587097608027 0.00000000099999999998 0.15912178355291245468 0.18681421843171391872 0.18702855135615503723 0.00857205236024953347 0.00000000099999999998 
0.99999999100000025454 0.00000000099999999944 0.00000000099999999944 0.00000000099999999944 0.00000000099999999944 0.00000000099999999944 0.00000000099999999944 0.00000000099999999944 0.00000000099999999944 0.00000000099999999944 
0.00000000099999999952 0.00000000099999999952 0.99999999100000014352 0.00000000099999999952 0.00000000099999999952 0.00000000099999999952 0.00000000099999999952 0.00000000099999999952 0.00000000099999999952 0.00000000099999999952 
0.00000000099999999951 0.00000000099999999951 0.00000000099999999951 0.00000000099999999951 0.99999999100000014352 0.00000000099999999951 0.00000000099999999951 0.00000000099999999951 0.00000000099999999951 0.00000000099999999951 
0.00000000099999999996 0.00000000099999999996 0.00000000099999999996 0.81846703897148342932 0.00000000099999999996 0.00000000099999999996 0.18153295302851651938 0.00000000099999999996 0.00000000099999999996 0.00000000099999999996 
0.00000000099999999987 0.00000000099999999987 0.00000000099999999987 0.00000000099999999987 0.00000000099999999987 0.00000000099999999987 0.00000000099999999987 0.00000000099999999987 0.99999999099999992147 0.00000000099999999987 
0.00000000099999999991 0.00000000099999999991 0.00000000099999999991 0.00000000099999999991 0.00000000099999999991 0.00000000099999999991 0.00000000099999999991 0.00000000099999999991 0.99999999100000003249 0.00000000099999999991 
0.00000000099999999997 0.31895921792472231582 0.00000000099999999997 0.00000000099999999997 0.00000000099999999997 0.00612363392383124920 0.13433831075748192685 0.13414450217498644080 0.22335426053782944655 0.18308007068114848237 
0.00000000099999999999 0.32399726810007295486 0.01433524215067511452 0.30052792016832269306 0.00000000099999999999 0.05219280788010929178 0.10369464350685819731 0.20524857545152952465 0.00000000099999999999 0.00000353974243223827 
0.00000000099999999990 0.00000000099999999990 0.00000000099999999990 0.99999999100000003249 0.00000000099999999990 0.00000000099999999990 0.00000000099999999990 0.00000000099999999990 0.00000000099999999990 0.00000000099999999990 
0.00000000099999999994 0.00000000099999999994 0.00000000099999999994 0.00000000099999999994 0.00000000099999999994 0.00000000099999999994 0.37705707964481571803 0.00000000099999999994 0.00000000099999999994 0.62294291235518417515 
0.00000000099999999997 0.24394542547863454218 0.00000000099999999997 0.48322127258411801121 0.00000000099999999997 0.00000000099999999997 0.27283329493724756132 0.00000000099999999997 0.00000000099999999997 0.00000000099999999997 
0.00000000099999999996 0.32471574687354548550 0.00000000099999999996 0.16155489841289225050 0.00000000099999999996 0.03220298309049678814 0.00464506856695399116 0.17945654540145605793 0.00000000099999999996 0.29742475365465553816 
0.00000000099999999996 0.50234079620059024496 0.00000000099999999996 0.00000000099999999996 0.00000000099999999996 0.00000000099999999996 0.11464638708112043219 0.00000000099999999996 0.00314364641488860995 0.37986916430340073036 
0.00000000099999999990 0.99999999100000014352 0.00000000099999999990 0.00000000099999999990 0.00000000099999999990 0.00000000099999999990 0.00000000099999999990 0.00000000099999999990 0.00000000099999999990 0.00000000099999999990 
0.00000000099999999997 0.00000000099999999997 0.00000000099999999997 0.30041552995536696669 0.00000000099999999997 0.00000000099999999997 0.15213370334159667663 0.00015689180661608443 0.01078670979365944221 0.53650716010276078283 
0.00000000099999999993 0.00000000099999999993 0.00000000099999999993 0.00000000099999999993 0.00000000099999999993 0.00000000287998325594 0.00000000099999999993 0.00000000099999999993 0.99999998912001664131 0.00000000099999999993 
0.00000000099999999997 0.00000000099999999997 0.00000000099999999997 0.00000000175277472367 0.00000000099999999997 0.00000000099999999997 0.00000000099999999997 0.01913921754896644178 0.98086077369825874772 0.00000000099999999997 
0.99999999100000014352 0.00000000099999999962 0.00000000099999999962 0.00000000099999999962 0.00000000099999999962 0.00000000099999999962 0.00000000099999999962 0.00000000099999999962 0.00000000099999999962 0.00000000099999999962 
0.00000000099999999995 0.00000000099999999995 0.00000000099999999995 0.00000000099999999995 0.00000000099999999995 0.00000000099999999995 0.00000000099999999995 0.00000000099999999995 0.99999999099999992147 0.00000000099999999995 
0.00000000099999999995 0.00000000099999999995 0.00000000099999999995 0.00000000099999999995 0.00000000099999999995 0.00000000099999999995 0.03308017896312526879 0.00000000099999999995 0.96691981303687468685 0.00000000099999999995 
0.00000000099999999997 0.26748604255135410845 0.00000000099999999997 0.18090279518932167457 0.00000000099999999997 0.05671757286171531798 0.00000543813383673744 0.25383358585996146362 0.01828639802451736962 0.22276816437929328196 
0.00000000099999999937 0.00000000099999999937 0.00000000099999999937 0.00000000099999999937 0.99999999100000003249 0.00000000099999999937 0.00000000099999999937 0.00000000099999999937 0.00000000099999999937 0.00000000099999999937 
0.00000000099999999999 0.00000050599967285041 0.00000000099999999999 0.28882491707019930516 0.00000000099999999999 0.00048931457153050882 0.12083964316852591203 0.27532817320652785975 0.00000000099999999999 0.31451744198354342208 
0.00000000099999999993 0.00000000099999999993 0.00000000099999999993 0.99999999100000003249 0.00000000099999999993 0.00000000099999999993 0.00000000099999999993 0.00000000099999999993 0.00000000099999999993 0.00000000099999999993 
0.00000000099999999997 0.41133264412527936749 0.00000000099999999997 0.00000000099999999997 0.00000000099999999997 0.00000000099999999997 0.10954188146312356100 0.47912546741159706132 0.00000000099999999997 0.00000000099999999997 
0.00000000099999999998 0.00000000099999999998 0.00000000099999999998 0.47614214495392537252 0.00000000099999999998 0.00000000185520246818 0.03175058922366966185 0.22795940092268621169 0.00661985181719666228 0.25752800722731955529 
0.00000000099999999993 0.00000000099999999993 0.00000000099999999993 0.68528823665276450416 0.00000000099999999993 0.00000000099999999993 0.31471175534723561107 0.00000000099999999993 0.00000000099999999993 0.00000000099999999993 
0.00000000099999999994 0.00000000099999999994 0.00000000099999999994 0.00000000099999999994 0.00000000099999999994 0.00000000099999999994 0.19058282693599151725 0.00000000099999999994 0.00000000099999999994 0.80941716506400840370 
0.00000000099999999990 0.00000000099999999990 0.00000000099999999990 0.00000000099999999990 0.00000000099999999990 0.00000000099999999990 0.00000000099999999990 0.99999999100000003249 0.00000000099999999990 0.00000000099999999990 
0.00000000099999999999 0.22863358154630111785 0.00252821290817160363 0.31547496468881869314 0.00000000099999999999 0.00268676348180397562 0.00000000099999999999 0.16108859921294454987 0.00789327769200141166 0.28169459746995867411 
0.00072665498110665954 0.16905487800731655579 0.02941214256425386461 0.16672094926319297459 0.00000000099999999999 0.00000000099999999999 0.00000000099999999999 0.28842419496663884715 0.00022581924441730919 0.34543535797307373114 
0.00000000099999999996 0.00000000099999999996 0.00000000099999999996 0.61081917463421764314 0.00000000099999999996 0.08892898773379850907 0.28494651392387637667 0.00000000099999999996 0.00000000099999999996 0.01530531770810760264 
0.00000000099999999995 0.31405120285247251077 0.00000000099999999995 0.33537676352708944982 0.00000000099999999995 0.00000000099999999995 0.00000000099999999995 0.00493139790658132793 0.00000000099999999995 0.34564062971385672851 
0.00000000099999999998 0.00000000099999999998 0.00504370555975920155 0.66654007240993617955 0.00000000099999999998 0.15713573032611552471 0.17128043169077580843 0.00000005501341323937 0.00000000099999999998 0.00000000099999999998 
0.00000000099999999996 0.49026593634016091272 0.00000000099999999996 0.31196765139886356577 0.00000000099999999996 0.00011956454707575444 0.00000000099999999996 0.19764684171389990119 0.00000000099999999996 0.00000000099999999996 
0.00000000099999999985 0.00000000099999999985 0.00000000099999999985 0.00000000099999999985 0.00000000099999999985 0.00000000099999999985 0.00000000099999999985 0.99999999100000003249 0.00000000099999999985 0.00000000099999999985 
0.00000000099999999996 0.30275063817958947077 0.00000000099999999996 0.00000000099999999996 0.00000000099999999996 0.00000000099999999996 0.18706211513177045669 0.26446009914556617426 0.00000000099999999996 0.24572714154307370715 
0.00000000099999999997 0.17865426665842609744 0.00000000099999999997 0.39214617287074293728 0.00000000099999999997 0.00000000099999999997 0.12639745728296850058 0.00000000099999999997 0.02408766203889893889 0.27871443614896368457 
0.00000000099999999996 0.46139410873212438613 0.00000000099999999996 0.00000000099999999996 0.00000000099999999996 0.18173950782065553811 0.00000000099999999996 0.00000000099999999996 0.00000000099999999996 0.35686637644721996843 
0.00000000099999999998 0.11219392169221580058 0.00000000099999999998 0.00000000099999999998 0.00000000099999999998 0.01995940914503063421 0.05032406381554722918 0.28206304824221911653 0.02606312447920661191 0.50939642862578060623 
0.00000000099999999996 0.27434880702817482367 0.00000000099999999996 0.00000000099999999996 0.00000000099999999996 0.00000000099999999996 0.00000000099999999996 0.32379220869650965353 0.00000000099999999996 0.40185897727531544321 
0.00000000099999999991 0.00000000099999999991 0.00000000099999999991 0.00000000099999999991 0.00000000099999999991 0.00000000099999999991 0.00000000099999999991 0.00000000099999999991 0.00000000099999999991 0.99999999100000003249 
0.07023784403176279445 0.00000000100000000000 0.00000000100000000000 0.33942901517458395899 0.00000000100000000000 0.00000000100000000000 0.21292808126995818596 0.18327022351136199041 0.00000002100221975713 0.19413481101011317853 
0.00000000099999999995 0.15241437158573500898 0.00000000099999999995 0.29394819729929477781 0.00000000099999999995 0.03474949355082393443 0.11675084107120509147 0.40213709149294118994 0.00000000099999999995 0.00000000099999999995 
0.00000000099999999995 0.36856229501784937286 0.00000000099999999995 0.00000000352091163775 0.00000000099999999995 0.00000918722384889591 0.32960711115262092408 0.00000000099999999995 0.00000000099999999995 0.30182139808476926568 
0.00000000099999999995 0.00000000099999999995 0.00000000099999999995 0.00000000099999999995 0.00000000099999999995 0.05931025517445234069 0.13154904965896829783 0.20504534805068294623 0.00000000099999999995 0.60409534111589646699 
0.00000000099999999998 0.20786069986387870068 0.01134978165911231310 0.25340761062945321713 0.00000000099999999998 0.02137371768295158458 0.13236662798677367725 0.14550920939059816539 0.00000000099999999998 0.22813234978723231916 
0.00000000099999999997 0.17703413686548721828 0.00000000099999999997 0.22097929979866826056 0.00000000099999999997 0.00000000099999999997 0.16987717981287558944 0.00000027943393291783 0.00000000099999999997 0.43210909908903594179 
0.00000000099999999998 0.35007184362032889302 0.00000000099999999998 0.00000000099999999998 0.00000000099999999998 0.05597864186929417396 0.25018238177614066098 0.22257695285819875664 0.00000000099999999998 0.12119017487603749028 
0.00000000099999999997 0.07780780370889479880 0.00375427668610544413 0.28557220291828638858 0.00000000099999999997 0.03271344966749389904 0.14990391716823181500 0.00000000099999999997 0.00000000099999999997 0.45024834585098755246 
0.00000000099999999985 0.00000000099999999985 0.00000000099999999985 0.00000000099999999985 0.00000000099999999985 0.00000000099999999985 0.00000000099999999985 0.99999999099999992147 0.00000000099999999985 0.00000000099999999985 
0.00000000099999999996 0.00000000099999999996 0.00000000099999999996 0.32318993770746357042 0.00000000099999999996 0.00105798373959034532 0.00000000099999999996 0.19629275796222850348 0.02197435805885688057 0.45748495753186063650 
0.00000000099999999991 0.00000000099999999991 0.00000000099999999991 0.00000000099999999991 0.00000000099999999991 0.00000000099999999991 0.00000000099999999991 0.00000000099999999991 0.99999999099999992147 0.00000000099999999991 
0.00000000099999999996 0.00000000099999999996 0.00000000099999999996 0.00000000099999999996 0.00000000099999999996 0.00000000099999999996 0.00000000099999999996 0.00000000099999999996 0.98434820843049763983 0.01565178356950227764 
0.00000000099999999952 0.00000000099999999952 0.00000000099999999952 0.00000000099999999952 0.99999999100000003249 0.00000000099999999952 0.00000000099999999952 0.00000000099999999952 0.00000000099999999952 0.00000000099999999952 
0.00000000099999999954 0.00000000099999999954 0.99999999100000014352 0.00000000099999999954 0.00000000099999999954 0.00000000099999999954 0.00000000099999999954 0.00000000099999999954 0.00000000099999999954 0.00000000099999999954 
0.00000000099999999998 0.00000000099999999998 0.03540683025551510932 0.00000000099999999998 0.00000000099999999998 0.00000000099999999998 0.07437451689795872289 0.00000000099999999998 0.89021864584652610208 0.00000000099999999998 
0.00000000099999999986 0.99999999100000025454 0.00000000099999999986 0.00000000099999999986 0.00000000099999999986 0.00000000099999999986 0.00000000099999999986 0.00000000099999999986 0.00000000099999999986 0.00000000099999999986 
0.00000000099999999991 0.00000000099999999991 0.00000000099999999991 0.99999999100000003249 0.00000000099999999991 0.00000000099999999991 0.00000000099999999991 0.00000000099999999991 0.00000000099999999991 0.00000000099999999991 
0.00000000099999999993 0.00000000099999999993 0.00000000099999999993 0.00000000099999999993 0.00000000099999999993 0.05558425328478201061 0.00000000099999999993 0.00000000099999999993 0.94441573871521800054 0.00000000099999999993 
0.00000000099999999995 0.00000000099999999995 0.00000000099999999995 0.37550872595165185608 0.00000000099999999995 0.00000000099999999995 0.00000000099999999995 0.62449126604834803711 0.00000000099999999995 0.00000000099999999995 
0.00000000099999999996 0.14300274315594319052 0.00676992171091542975 0.08918445841195256352 0.00000000099999999996 0.00000000099999999996 0.11058864687117891945 0.38777404091887696103 0.00000000099999999996 0.26268018493113298728 
0.00000000099999999990 0.00000000099999999990 0.00000000099999999990 0.00000000099999999990 0.00000000099999999990 0.00000000099999999990 0.00000000099999999990 0.00000000099999999990 0.00000000099999999990 0.99999999099999992147 
0.60756391735372072826 0.00000000099999999953 0.00000000099999999953 0.00000000099999999953 0.39243607464627933146 0.00000000099999999953 0.00000000099999999953 0.00000000099999999953 0.00000000099999999953 0.00000000099999999953 
0.00000000099999999944 0.00000000099999999944 0.00000000099999999944 0.00000000099999999944 0.99999999100000014352 0.00000000099999999944 0.00000000099999999944 0.00000000099999999944 0.00000000099999999944 0.00000000099999999944 
0.99999999100000014352 0.00000000099999999940 0.00000000099999999940 0.00000000099999999940 0.00000000099999999940 0.00000000099999999940 0.00000000099999999940 0.00000000099999999940 0.00000000099999999940 0.00000000099999999940 
0.99999999100000014352 0.00000000099999999942 0.00000000099999999942 0.00000000099999999942 0.00000000099999999942 0.00000000099999999942 0.00000000099999999942 0.00000000099999999942 0.00000000099999999942 0.00000000099999999942 
0.99999999100000014352 0.00000000099999999941 0.00000000099999999941 0.00000000099999999941 0.00000000099999999941 0.00000000099999999941 0.00000000099999999941 0.00000000099999999941 0.00000000099999999941 0.00000000099999999941 
0.00000000099999999996 0.00000000099999999996 0.00000000099999999996 0.00000000099999999996 0.00000000099999999996 0.00000000099999999996 0.00000000099999999996 0.00000000099999999996 0.99999999100000003249 0.00000000099999999996 
0.00000000099999999999 0.13595937563265117487 0.01086040043147180022 0.24370199395725300473 0.00000000099999999999 0.00000000099999999999 0.11059198275186685190 0.16849097137503177279 0.00000000099999999999 0.33039527185172534729 
0.99999999100000014352 0.00000000099999999944 0.00000000099999999944 0.00000000099999999944 0.00000000099999999944 0.00000000099999999944 0.00000000099999999944 0.00000000099999999944 0.00000000099999999944 0.00000000099999999944 
0.37730757351819338430 0.00000000099999999956 0.00000000099999999956 0.00000000099999999956 0.62269241848180645338 0.00000000099999999956 0.00000000099999999956 0.00000000099999999956 0.00000000099999999956 0.00000000099999999956 
0.00000000099999999952 0.00000000099999999952 0.99999999100000014352 0.00000000099999999952 0.00000000099999999952 0.00000000099999999952 0.00000000099999999952 0.00000000099999999952 0.00000000099999999952 0.00000000099999999952 
0.00000000099999999952 0.00000000099999999952 0.99999999100000003249 0.00000000099999999952 0.00000000099999999952 0.00000000099999999952 0.00000000099999999952 0.00000000099999999952 0.00000000099999999952 0.00000000099999999952 
0.00000000099999999989 0.99999999100000025454 0.00000000099999999989 0.00000000099999999989 0.00000000099999999989 0.00000000099999999989 0.00000000099999999989 0.00000000099999999989 0.00000000099999999989 0.00000000099999999989 
0.41110511381800063369 0.00000000099999999953 0.00000000099999999953 0.00000000099999999953 0.58889487818199937053 0.00000000099999999953 0.00000000099999999953 0.00000000099999999953 0.00000000099999999953 0.00000000099999999953 
0.00000000099999999981 0.00000000099999999981 0.00000000099999999981 0.00000000099999999981 0.00000000099999999981 0.00000000099999999981 0.99999999100000003249 0.00000000099999999981 0.00000000099999999981 0.00000000099999999981 
0.00000000099999999996 0.39727029738257102487 0.00000000099999999996 0.00000000099999999996 0.00000000099999999996 0.00000001978583786386 0.00000000099999999996 0.33252758115351738200 0.00000000099999999996 0.27020209567807351725 
0.00000000099999999995 0.00000000099999999995 0.00000000099999999995 0.00000000099999999995 0.00000000099999999995 0.00000000099999999995 0.00000000099999999995 0.07000909983970510231 0.92999089216029484639 0.00000000099999999995 
0.00000000099999999994 0.00000000099999999994 0.00000000099999999994 0.79836157473348701163 0.00000000099999999994 0.07786548119080002883 0.12377293707571294934 0.00000000099999999994 0.00000000099999999994 0.00000000099999999994 
0.00000000099999999988 0.00000000099999999988 0.00000000099999999988 0.00000000099999999988 0.00000000099999999988 0.00000000099999999988 0.00000000099999999988 0.00000000099999999988 0.99999999099999992147 0.00000000099999999988 
0.00000000099999999995 0.00000000099999999995 0.00000000099999999995 0.38794892030127692273 0.00000000099999999995 0.08541861028544688039 0.00000000099999999995 0.52663246241327610342 0.00000000099999999995 0.00000000099999999995 
0.00000000099999999990 0.00000000099999999990 0.00000000099999999990 0.00000000099999999990 0.00000000099999999990 0.00000000099999999990 0.00000000099999999990 0.00000000099999999990 0.99999999100000003249 0.00000000099999999990 
0.00000000099999999986 0.00000000099999999986 0.00000000099999999986 0.00000000099999999986 0.00000000099999999986 0.00000000099999999986 0.00000000099999999986 0.99999999099999992147 0.00000000099999999986 0.00000000099999999986 
0.00000000099999999990 0.99999999100000014352 0.00000000099999999990 0.00000000099999999990 0.00000000099999999990 0.00000000099999999990 0.00000000099999999990 0.00000000099999999990 0.00000000099999999990 0.00000000099999999990 
0.38335947504202111391 0.00000000099999999956 0.00000000099999999956 0.00000000099999999956 0.61664051695797883479 0.00000000099999999956 0.00000000099999999956 0.00000000099999999956 0.00000000099999999956 0.00000000099999999956 
0.00000000099999999992 0.00000000099999999992 0.00000000099999999992 0.00000000099999999992 0.00000000099999999992 0.00000000099999999992 0.00000000099999999992 0.00000000099999999992 0.99999999099999992147 0.00000000099999999992 
0.27148187087552583252 0.00000000099999999948 0.00000000099999999948 0.00000000099999999948 0.72851812112447422720 0.00000000099999999948 0.00000000099999999948 0.00000000099999999948 0.00000000099999999948 0.00000000099999999948 
0.99999999100000014352 0.00000000099999999940 0.00000000099999999940 0.00000000099999999940 0.00000000099999999940 0.00000000099999999940 0.00000000099999999940 0.00000000099999999940 0.00000000099999999940 0.00000000099999999940 
0.00000000099999999991 0.00000000099999999991 0.00000000099999999991 0.00000000099999999991 0.00000000099999999991 0.00000000099999999991 0.00000000099999999991 0.00000000099999999991 0.00000000099999999991 0.99999999100000003249 
0.00000000099999999991 0.00000000099999999991 0.00000000099999999991 0.00000000099999999991 0.00000000099999999991 0.00000000099999999991 0.00000000099999999991 0.00000000099999999991 0.00000000099999999991 0.99999999099999992147 
0.00000000099999999996 0.24611693582037683092 0.00000000099999999996 0.30731114272688048183 0.00000000099999999996 0.00000000099999999996 0.00000000764122866712 0.20460667194720336126 0.00060474175254461701 0.24136049611176596530 
0.00000000099999999994 0.69999546130900713869 0.00000000099999999994 0.00000000099999999994 0.00000000099999999994 0.00000000099999999994 0.30000453069099292103 0.00000000099999999994 0.00000000099999999994 0.00000000099999999994 
0.00000000099999999994 0.49603863293729766326 0.00000000099999999994 0.00000000099999999994 0.00000000099999999994 0.25390342363235990364 0.24939594488257516014 0.00066199254776703683 0.00000000099999999994 0.00000000099999999994 
0.00000000099999999989 0.99999999100000014352 0.00000000099999999989 0.00000000099999999989 0.00000000099999999989 0.00000000099999999989 0.00000000099999999989 0.00000000099999999989 0.00000000099999999989 0.00000000099999999989 
0.00000000099999999989 0.00000000099999999989 0.00000000099999999989 0.99999999100000003249 0.00000000099999999989 0.00000000099999999989 0.00000000099999999989 0.00000000099999999989 0.00000000099999999989 0.00000000099999999989 
