0.00000000099999999990 0.00000000099999999990 0.00000000099999999990 0.00000000099999999990 0.99999999100000003249 0.00000000099999999990 0.00000000099999999990 0.00000000099999999990 0.00000000099999999990 0.00000000099999999990 
0.00000000099999999988 0.00000000099999999988 0.00000000099999999988 0.00000000099999999988 0.00000000099999999988 0.00000000099999999988 0.00000000099999999988 0.99999999099999992147 0.00000000099999999988 0.00000000099999999988 
0.00000000099999999992 0.00000000099999999992 0.00000000099999999992 0.00000000099999999992 0.00000000099999999992 0.00000000099999999992 0.00000000099999999992 0.60593959767588712051 0.39406039432411266166 0.00000000099999999992 
0.42163192230724777509 0.00000000099999999998 0.24016346527944518185 0.00000000099999999998 0.02395387807189836016 0.00000000099999999998 0.00000000099999999998 0.03723564780847123112 0.00000000099999999998 0.27701508153293757930 
0.00000004538981602381 0.00000000099999999997 0.00000000099999999997 0.17576681755127626650 0.52891276048416635547 0.00000000099999999997 0.00000000099999999997 0.00000000099999999997 0.00000000099999999997 0.29532037057474141983 
0.39981668508141682272 0.00000000099999999998 0.15851814275340420091 0.05020717971164088272 0.12196847592839138441 0.00221743998750793033 0.00000000099999999998 0.02020363809186962595 0.00073179455621324942 0.24633664188955584073 
0.00000000099999999992 0.00000000099999999992 0.00000000099999999992 0.00000000099999999992 0.00000000099999999992 0.00000000099999999992 0.00000000099999999992 0.53535803665890502323 0.46464195534109492547 0.00000000099999999992 
0.00000000099999999985 0.00000000099999999985 0.00000000099999999985 0.00000000099999999985 0.00000000099999999985 0.00000000099999999985 0.00000000099999999985 0.99999999100000003249 0.00000000099999999985 0.00000000099999999985 
0.00000000099999999991 0.00000000099999999991 0.00000000099999999991 0.00000000099999999991 0.00000000099999999991 0.00000000099999999991 0.00000000099999999991 0.00000000099999999991 0.00000000099999999991 0.99999999099999992147 
0.00000000099999999979 0.00000000099999999979 0.00000000099999999979 0.00000000099999999979 0.00000000099999999979 0.00000000099999999979 0.00000000099999999979 0.00000000099999999979 0.99999999099999992147 0.00000000099999999979 
0.00000000099999999991 0.00000000099999999991 0.99999999100000003249 0.00000000099999999991 0.00000000099999999991 0.00000000099999999991 0.00000000099999999991 0.00000000099999999991 0.00000000099999999991 0.00000000099999999991 
0.17128689165726135313 0.00000000099999999997 0.40384815219889380611 0.08914118306888417498 0.15456553477671056140 0.00300069343321397904 0.00000000099999999997 0.00000000099999999997 0.02625665068078817180 0.15190089118424804360 
0.00000000099999999991 0.00000000099999999991 0.99999999100000014352 0.00000000099999999991 0.00000000099999999991 0.00000000099999999991 0.00000000099999999991 0.00000000099999999991 0.00000000099999999991 0.00000000099999999991 
0.30822073807620908870 0.00000000099999999999 0.22814805749801983503 0.01571261233115631845 0.19899455625768686096 0.01373214301648055524 0.00000000099999999999 0.00077890079542893204 0.00000000099999999999 0.23441298902501828127 
0.00000000099999999988 0.00000000099999999988 0.00000000099999999988 0.00000000099999999988 0.99999999100000014352 0.00000000099999999988 0.00000000099999999988 0.00000000099999999988 0.00000000099999999988 0.00000000099999999988 
0.16806995654821899056 0.00000000099999999998 0.12361038982962645194 0.09673015552463570810 0.27231290899625415491 0.02660379795256234345 0.00000000099999999998 0.03094938821142495869 0.02093875564930283706 0.26078464528797457023 
0.38396107950497621042 0.00000000099999999996 0.00000000099999999996 0.00000000099999999996 0.00020182491166922340 0.00000000099999999996 0.00000000099999999996 0.00000000099999999996 0.00000000099999999996 0.61583708858335439729 
0.29736029193825053163 0.00047170603825838134 0.28032658735266602346 0.00000001441277288018 0.00000000099999999998 0.00000000099999999998 0.00000000099999999998 0.00000000099999999998 0.00000000099999999998 0.42184139525805247617 
0.06569286638594150352 0.00308798054298585348 0.36353349387351951982 0.00000000440134055416 0.24606352981972204330 0.00050959292045671953 0.00000000100000000000 0.00000000100000000000 0.00000000100000000000 0.32111252905603387964 
0.00000000099999999994 0.00000000099999999994 0.00000000099999999994 0.00000000208642208353 0.51950041786023071211 0.00000000099999999994 0.00000000099999999994 0.00000000099999999994 0.00000000099999999994 0.48049957305334739521 
0.00000000099999999992 0.00000000099999999992 0.99999999100000003249 0.00000000099999999992 0.00000000099999999992 0.00000000099999999992 0.00000000099999999992 0.00000000099999999992 0.00000000099999999992 0.00000000099999999992 
0.00000000099999999981 0.00000000099999999981 0.00000000099999999981 0.00000000099999999981 0.00000000099999999981 0.00000000099999999981 0.00000000099999999981 0.00000000099999999981 0.99999999099999992147 0.00000000099999999981 
0.45456719671436668362 0.00000000099999999998 0.05483100873278114878 0.02172956656376139745 0.24825604893500019532 0.00000000099999999998 0.00000000099999999998 0.02243161464376524153 0.00000000099999999998 0.19818456041032525561 
0.00000000099999999955 0.00000000099999999955 0.00000000099999999955 0.99999999100000003249 0.00000000099999999955 0.00000000099999999955 0.00000000099999999955 0.00000000099999999955 0.00000000099999999955 0.00000000099999999955 
0.00000000099999999991 0.00000000099999999991 0.99999999100000003249 0.00000000099999999991 0.00000000099999999991 0.00000000099999999991 0.00000000099999999991 0.00000000099999999991 0.00000000099999999991 0.00000000099999999991 
0.39929206388948385031 0.00000000099999999997 0.02361771565495298861 0.00000000136428962505 0.29356633576200763525 0.00000000099999999997 0.00000000099999999997 0.00000000099999999997 0.00000000099999999997 0.28352387832926589928 
0.00000000099999999961 0.00000000099999999961 0.00000000099999999961 0.00000000099999999961 0.00000000099999999961 0.99999999100000014352 0.00000000099999999961 0.00000000099999999961 0.00000000099999999961 0.00000000099999999961 
0.00000000099999999956 0.00000000099999999956 0.00000000099999999956 0.00000000099999999956 0.00000000099999999956 0.99999999100000003249 0.00000000099999999956 0.00000000099999999956 0.00000000099999999956 0.00000000099999999956 
0.99999999100000025454 0.00000000099999999991 0.00000000099999999991 0.00000000099999999991 0.00000000099999999991 0.00000000099999999991 0.00000000099999999991 0.00000000099999999991 0.00000000099999999991 0.00000000099999999991 
0.00000000099999999988 0.00000000099999999988 0.00000000099999999988 0.00000000099999999988 0.99999999100000014352 0.00000000099999999988 0.00000000099999999988 0.00000000099999999988 0.00000000099999999988 0.00000000099999999988 
0.00000000099999999994 0.00000000099999999994 0.00000000099999999994 0.27605348710920624145 0.72394650489079381828 0.00000000099999999994 0.00000000099999999994 0.00000000099999999994 0.00000000099999999994 0.00000000099999999994 
0.00000000099999999981 0.00000000099999999981 0.00000000099999999981 0.00000000099999999981 0.00000000099999999981 0.00000000099999999981 0.00000000099999999981 0.00000000099999999981 0.99999999099999992147 0.00000000099999999981 
0.00000000099999999976 0.00000000099999999976 0.00000000099999999976 0.51480331928435696387 0.00000000099999999976 0.35416570554407000859 0.00000000099999999976 0.00000000099999999976 0.13103096817157303122 0.00000000099999999976 
0.36543642907384599194 0.00000000099999999997 0.25513627447081094202 0.00000000099999999997 0.00003284733365104774 0.00000000099999999997 0.00000000099999999997 0.00000000099999999997 0.00000000099999999997 0.37939444312169212647 
0.00000000099999999949 0.00000000099999999949 0.00000000099999999949 0.00000000099999999949 0.00000000099999999949 0.00000000099999999949 0.99999999099999992147 0.00000000099999999949 0.00000000099999999949 0.00000000099999999949 
0.00000000099999999947 0.60010895617394266477 0.00000000099999999947 0.00000000099999999947 0.00000000099999999947 0.00000000099999999947 0.39989103582605739495 0.00000000099999999947 0.00000000099999999947 0.00000000099999999947 
0.00000000099999999940 0.00000000099999999940 0.00000000099999999940 0.00000000099999999940 0.00000000099999999940 0.00000000099999999940 0.99999999100000003249 0.00000000099999999940 0.00000000099999999940 0.00000000099999999940 
0.00000000099999999963 0.00000000099999999963 0.00000000099999999963 0.00000000099999999963 0.00000000099999999963 0.99999999100000014352 0.00000000099999999963 0.00000000099999999963 0.00000000099999999963 0.00000000099999999963 
0.00000000099999999958 0.00000000099999999958 0.00000000099999999958 0.00000000099999999958 0.00000000099999999958 0.99999999100000014352 0.00000000099999999958 0.00000000099999999958 0.00000000099999999958 0.00000000099999999958 
0.21091721826491569014 0.00000000099999999995 0.60088829340496263676 0.00000000099999999995 0.18819448133012187108 0.00000000099999999995 0.00000000099999999995 0.00000000099999999995 0.00000000099999999995 0.00000000099999999995 
0.00000000099999999988 0.00000000099999999988 0.00000000099999999988 0.00000000099999999988 0.00000000099999999988 0.00000000099999999988 0.00000000099999999988 0.99999999099999992147 0.00000000099999999988 0.00000000099999999988 
0.00000000099999999959 0.00000000099999999959 0.00000000099999999959 0.00000000099999999959 0.00000000099999999959 0.99999999100000014352 0.00000000099999999959 0.00000000099999999959 0.00000000099999999959 0.00000000099999999959 
0.99999999100000025454 0.00000000099999999989 0.00000000099999999989 0.00000000099999999989 0.00000000099999999989 0.00000000099999999989 0.00000000099999999989 0.00000000099999999989 0.00000000099999999989 0.00000000099999999989 
0.00000000099999999986 0.00000000099999999986 0.00000000099999999986 0.00000000099999999986 0.00000000099999999986 0.00000000099999999986 0.00000000099999999986 0.99999999099999992147 0.00000000099999999986 0.00000000099999999986 
0.00000000099999999965 0.00000000099999999965 0.00000000099999999965 0.00000000099999999965 0.00000000099999999965 0.99999999100000014352 0.00000000099999999965 0.00000000099999999965 0.00000000099999999965 0.00000000099999999965 
0.99999999100000025454 0.00000000099999999991 0.00000000099999999991 0.00000000099999999991 0.00000000099999999991 0.00000000099999999991 0.00000000099999999991 0.00000000099999999991 0.00000000099999999991 0.00000000099999999991 
0.00000000099999999960 0.00000000099999999960 0.00000000099999999960 0.00000000099999999960 0.00000000099999999960 0.99999999100000014352 0.00000000099999999960 0.00000000099999999960 0.00000000099999999960 0.00000000099999999960 
0.00000000099999999992 0.00000000099999999992 0.00000000099999999992 0.00000000099999999992 0.00000000099999999992 0.00000000099999999992 0.00000000099999999992 0.79713414545050176319 0.20286584654949829654 0.00000000099999999992 
0.00000000099999999983 0.00000000099999999983 0.00000000099999999983 0.00000000099999999983 0.00000000099999999983 0.00000000099999999983 0.00000000099999999983 0.99999999100000003249 0.00000000099999999983 0.00000000099999999983 
0.00000000099999999955 0.00000000099999999955 0.00000000099999999955 0.00000000099999999955 0.00000000099999999955 0.99999999100000003249 0.00000000099999999955 0.00000000099999999955 0.00000000099999999955 0.00000000099999999955 
0.00000000099999999959 0.00000000099999999959 0.00000000099999999959 0.00000000099999999959 0.00000000099999999959 0.99999999100000003249 0.00000000099999999959 0.00000000099999999959 0.00000000099999999959 0.00000000099999999959 
0.00000000099999999989 0.00000000099999999989 0.00000000099999999989 0.00000000099999999989 0.00000000099999999989 0.00000000099999999989 0.00000000099999999989 0.99999999099999992147 0.00000000099999999989 0.00000000099999999989 
0.00000000099999999990 0.00000000099999999990 0.00000000099999999990 0.00000000099999999990 0.00000000099999999990 0.00000000099999999990 0.00000000099999999990 0.99999999099999992147 0.00000000099999999990 0.00000000099999999990 
0.00000000099999999991 0.00000000099999999991 0.00000000099999999991 0.00000000099999999991 0.00000000099999999991 0.00000000099999999991 0.00000000099999999991 0.99999986315962463568 0.00000012884037537605 0.00000000099999999991 
0.00000000099999999965 0.00000000099999999965 0.00000000099999999965 0.00000000099999999965 0.00000000099999999965 0.99999999100000003249 0.00000000099999999965 0.00000000099999999965 0.00000000099999999965 0.00000000099999999965 
0.21085034294039836644 0.00000000099999999999 0.28543128993349320410 0.00005067130292625788 0.22702776769887123010 0.01325088966050932092 0.00000000099999999999 0.00001033570886687147 0.04311354397422349771 0.22026515678071129090 
0.34106712702851010866 0.00000000099999999998 0.30341875334013407306 0.00000000099999999998 0.01375475029348887344 0.02069884490758179194 0.00000000099999999998 0.00000000099999999998 0.00000000099999999998 0.32106051943028512952 
0.36351409956194469242 0.00000000099999999996 0.00000000099999999996 0.11734535457960795779 0.51914009398165594789 0.00000000099999999996 0.00000000099999999996 0.00000044587679142442 0.00000000099999999996 0.00000000099999999996 
0.39774575091518205028 0.00000000099999999998 0.00000000099999999998 0.00000000099999999998 0.27042134584295590694 0.00000000099999999998 0.00000000099999999998 0.00606461396628797927 0.00000000099999999998 0.32576828327557411091 
0.00000000099999999989 0.00000000099999999989 0.00000000099999999989 0.00000000099999999989 0.00000000099999999989 0.00000000099999999989 0.00000000099999999989 0.99999999099999992147 0.00000000099999999989 0.00000000099999999989 
0.28314457441119067482 0.00000000099999999998 0.38906019800633723227 0.00000000099999999998 0.28648578415931980068 0.00294458667328799557 0.00000000099999999998 0.00000000099999999998 0.00000000099999999998 0.03836485174986436347 
0.00000000099999999946 0.99999999100000025454 0.00000000099999999946 0.00000000099999999946 0.00000000099999999946 0.00000000099999999946 0.00000000099999999946 0.00000000099999999946 0.00000000099999999946 0.00000000099999999946 
0.00000000099999999986 0.00000000099999999986 0.00000000099999999986 0.00000000099999999986 0.00000000099999999986 0.00000000099999999986 0.00000000099999999986 0.00000000099999999986 0.00000000099999999986 0.99999999100000003249 
0.00000000099999999948 0.99999999100000014352 0.00000000099999999948 0.00000000099999999948 0.00000000099999999948 0.00000000099999999948 0.00000000099999999948 0.00000000099999999948 0.00000000099999999948 0.00000000099999999948 
0.00000000099999999992 0.00000000099999999992 0.00000000099999999992 0.00000000099999999992 0.99999999100000003249 0.00000000099999999992 0.00000000099999999992 0.00000000099999999992 0.00000000099999999992 0.00000000099999999992 
0.00000000099999999956 0.58538853305224780588 0.00000000099999999956 0.00000000099999999956 0.00000000099999999956 0.00000000099999999956 0.41461145894775242038 0.00000000099999999956 0.00000000099999999956 0.00000000099999999956 
0.00000000099999999997 0.00000000099999999997 0.49364610407866316155 0.00032567370963180569 0.00000000099999999997 0.00000000099999999997 0.00000000099999999997 0.00000001091055750196 0.00151272390801368757 0.50451548239313392941 
0.00000000099999999976 0.00000000099999999976 0.00000000099999999976 0.99999999100000014352 0.00000000099999999976 0.00000000099999999976 0.00000000099999999976 0.00000000099999999976 0.00000000099999999976 0.00000000099999999976 
0.00000000099999999986 0.00000000099999999986 0.00000000099999999986 0.00000000099999999986 0.00000000099999999986 0.00000000099999999986 0.00000000099999999986 0.99999999099999992147 0.00000000099999999986 0.00000000099999999986 
0.00000000099999999986 0.00000000099999999986 0.00000000099999999986 0.00000000099999999986 0.00000000099999999986 0.00000000099999999986 0.00000000099999999986 0.00000000099999999986 0.00000000099999999986 0.99999999099999992147 
0.00000000099999999948 0.99999999100000025454 0.00000000099999999948 0.00000000099999999948 0.00000000099999999948 0.00000000099999999948 0.00000000099999999948 0.00000000099999999948 0.00000000099999999948 0.00000000099999999948 
0.00000000099999999947 0.00000000099999999947 0.00000000099999999947 0.00000000099999999947 0.00000000099999999947 0.00000000099999999947 0.99999999099999992147 0.00000000099999999947 0.00000000099999999947 0.00000000099999999947 
0.28892285857971794494 0.00000000099999999998 0.16360036888580667402 0.03428391998023801179 0.43719442581526651859 0.00480271955282710657 0.00000000099999999998 0.00001539609620928325 0.07118030808993444647 0.00000000099999999998 
0.00000000099999999990 0.00000000099999999990 0.00000000099999999990 0.00000000099999999990 0.00000000099999999990 0.00000000099999999990 0.00000000099999999990 0.47188559885345715550 0.52811439314654284871 0.00000000099999999990 
0.00000000099999999967 0.00000000099999999967 0.00000000099999999967 0.00000000099999999967 0.00000000099999999967 0.99999999100000003249 0.00000000099999999967 0.00000000099999999967 0.00000000099999999967 0.00000000099999999967 
0.00000000099999999991 0.00000000099999999991 0.00000000099999999991 0.00000000099999999991 0.00000000099999999991 0.00000000099999999991 0.00000000099999999991 0.61698350702443560678 0.38301648497556423090 0.00000000099999999991 
0.18167696389302820381 0.00000000099999999999 0.29055273188462632517 0.04317184663127326266 0.14390301615533662716 0.00000000099999999999 0.00000000099999999999 0.03340735179644529346 0.00000000767961885751 0.30728807895967163999 
0.00000000099999999944 0.99999999100000025454 0.00000000099999999944 0.00000000099999999944 0.00000000099999999944 0.00000000099999999944 0.00000000099999999944 0.00000000099999999944 0.00000000099999999944 0.00000000099999999944 
0.00000000099999999951 0.00000000099999999951 0.00000000099999999951 0.00000000099999999951 0.00000000099999999951 0.99999999100000014352 0.00000000099999999951 0.00000000099999999951 0.00000000099999999951 0.00000000099999999951 
0.00000000099999999953 0.00000000099999999953 0.00000000099999999953 0.00000000099999999953 0.00000000099999999953 0.00000000099999999953 0.99999999100000003249 0.00000000099999999953 0.00000000099999999953 0.00000000099999999953 
0.00000000099999999989 0.00000000099999999989 0.00000000099999999989 0.00000000099999999989 0.99999999100000014352 0.00000000099999999989 0.00000000099999999989 0.00000000099999999989 0.00000000099999999989 0.00000000099999999989 
0.00000000099999999974 0.00000000099999999974 0.00000000099999999974 0.00000000099999999974 0.00000000099999999974 0.00000000099999999974 0.00000000099999999974 0.00000000099999999974 0.99999999100000003249 0.00000000099999999974 
0.00000000099999999976 0.00000000099999999976 0.00000000099999999976 0.00000000099999999976 0.00000000099999999976 0.00000000099999999976 0.00000000099999999976 0.00000000099999999976 0.99999999099999992147 0.00000000099999999976 
0.53481898078963097110 0.00000000099999999995 0.00000000099999999995 0.23859619672735968288 0.00000000099999999995 0.00000000099999999995 0.00000000099999999995 0.22658481548300943298 0.00000000099999999995 0.00000000099999999995 
0.00000000099999999998 0.00000000099999999998 0.37419323846330088124 0.00000000099999999998 0.62264544759420137332 0.00274452062881285408 0.00000000099999999998 0.00000148522722688478 0.00000000099999999998 0.00041530308645824568 
0.00000000099999999995 0.00000000099999999995 0.57556994121635252082 0.00000000099999999995 0.42443005078364748339 0.00000000099999999995 0.00000000099999999995 0.00000000099999999995 0.00000000099999999995 0.00000000099999999995 
0.68966007494445602521 0.00000000099999999994 0.00000000099999999994 0.31033991705554409002 0.00000000099999999994 0.00000000099999999994 0.00000000099999999994 0.00000000099999999994 0.00000000099999999994 0.00000000099999999994 
0.30010658484166274906 0.00000000099999999998 0.39718934447528803089 0.08461035425112144182 0.09402598784210593197 0.00000000099999999998 0.00000000099999999998 0.00000000099999999998 0.00000000099999999998 0.12406772358982198767 
0.00000000099999999993 0.00000000099999999993 0.00000000099999999993 0.00000000099999999993 0.50932168500014618484 0.00000000099999999993 0.00000000099999999993 0.00000000099999999993 0.00000000099999999993 0.49067830699985393039 
0.22040276546500678356 0.00000000099999999995 0.50397901406710687855 0.07209379014969040378 0.00000000099999999995 0.00000000099999999995 0.00000000099999999995 0.00072428391225111660 0.00000000099999999995 0.20280014140594501693 
0.00000002754601945996 0.00000000099999999996 0.56944120957869504007 0.00000000099999999996 0.00330114513889615251 0.00000000099999999996 0.00000000099999999996 0.00002129753275882001 0.00000000099999999996 0.42723631520363059000 
0.35337829228054767894 0.00000000099999999998 0.29261663210463084717 0.00000022020798562237 0.31932344855505079284 0.00000000099999999998 0.00000000099999999998 0.03468140185178515689 0.00000000099999999998 0.00000000099999999998 
0.00000000099999999992 0.00000000099999999992 0.00000000099999999992 0.00000000099999999992 0.00000000099999999992 0.00000000099999999992 0.00000000099999999992 0.58436449666311973683 0.41563549533688032289 0.00000000099999999992 
0.00000000099999999983 0.00000000099999999983 0.00000000099999999983 0.00000000099999999983 0.00000000099999999983 0.00000000099999999983 0.00000000099999999983 0.00000000099999999983 0.99999999100000003249 0.00000000099999999983 
0.00000000099999999962 0.99999999100000025454 0.00000000099999999962 0.00000000099999999962 0.00000000099999999962 0.00000000099999999962 0.00000000099999999962 0.00000000099999999962 0.00000000099999999962 0.00000000099999999962 
0.00000000099999999994 0.00000000099999999994 0.00000000099999999994 0.00000000099999999994 0.00000000099999999994 0.00000000099999999994 0.00000000099999999994 0.65751923766822695239 0.34248075433177294080 0.00000000099999999994 
0.00000000099999999995 0.00000000099999999995 0.00000000099999999995 0.00000000099999999995 0.00000000099999999995 0.00000000099999999995 0.00000000099999999995 0.60010125910992340170 0.39989873289007660251 0.00000000099999999995 
0.26486115749582300749 0.00000000099999999997 0.44577658203148257110 0.00000067514677256570 0.00000000099999999997 0.00000986254538683797 0.00000000099999999997 0.02278499232032151281 0.00000000099999999997 0.26656672646021367656 
0.00000000099999999946 0.37814221710389045450 0.00000000099999999946 0.00000000099999999946 0.00000000099999999946 0.00000000099999999946 0.62185777489610938318 0.00000000099999999946 0.00000000099999999946 0.00000000099999999946 
0.49607603217294715670 0.00000000099999999997 0.50392384669469569847 0.00000000099999999997 0.00000011413235730459 0.00000000099999999997 0.00000000099999999997 0.00000000099999999997 0.00000000099999999997 0.00000000099999999997 
0.00000000099999999990 0.00000000099999999990 0.99999999100000014352 0.00000000099999999990 0.00000000099999999990 0.00000000099999999990 0.00000000099999999990 0.00000000099999999990 0.00000000099999999990 0.00000000099999999990 
0.11066537630752752708 0.00000000099999999998 0.23432340508138088664 0.20809020024548163796 0.11471914506499394926 0.00000000099999999998 0.00000000099999999998 0.00000000099999999998 0.00000000099999999998 0.33220186830061615435 
0.00000000099999999997 0.00000000099999999997 0.53080972863002606754 0.00000000099999999997 0.45095984918673898134 0.00000000099999999997 0.00000000099999999997 0.01823041518323494092 0.00000000099999999997 0.00000000099999999997 
0.68196231598638323845 0.00000000099999999993 0.00000000099999999993 0.31803767601361704331 0.00000000099999999993 0.00000000099999999993 0.00000000099999999993 0.00000000099999999993 0.00000000099999999993 0.00000000099999999993 
0.55109470787435288486 0.00000000099999999995 0.00000000099999999995 0.00000000099999999995 0.42950359481486427571 0.00000000099999999995 0.00000000099999999995 0.00000000099999999995 0.01940169031078290210 0.00000000099999999995 
0.00000114443175089142 0.00000000099999999997 0.00000000099999999997 0.09046724298639999273 0.32070597887091162326 0.00000000099999999997 0.00000000099999999997 0.00000000099999999997 0.00000000099999999997 0.58882562771093738263 
0.99999999100000025454 0.00000000099999999992 0.00000000099999999992 0.00000000099999999992 0.00000000099999999992 0.00000000099999999992 0.00000000099999999992 0.00000000099999999992 0.00000000099999999992 0.00000000099999999992 
0.25301065362504804312 0.00000000099999999999 0.00000000099999999999 0.12896128267785464394 0.31044978750390528344 0.02338229542853186710 0.00000000099999999999 0.00000000099999999999 0.00141829987311797119 0.28277767689154204023 
0.33743744207064074736 0.00000000099999999998 0.47492181908425645798 0.00804827023306572790 0.00000317673685034993 0.00579872258146273047 0.00000000099999999998 0.00448880822848210514 0.00000000099999999998 0.16930175806524191962 
0.99999999100000025454 0.00000000099999999988 0.00000000099999999988 0.00000000099999999988 0.00000000099999999988 0.00000000099999999988 0.00000000099999999988 0.00000000099999999988 0.00000000099999999988 0.00000000099999999988 
0.00000000099999999994 0.00000000099999999994 0.00000000099999999994 0.00000000099999999994 0.00000000099999999994 0.00000000099999999994 0.00000000099999999994 0.00000000099999999994 0.00000000099999999994 0.99999999099999992147 
0.23104069600191473599 0.00000000099999999996 0.37135078773424917697 0.00000000099999999996 0.00000000099999999996 0.00206650245367032831 0.00000000099999999996 0.00000000099999999996 0.00000000099999999996 0.39554200781016601862 
0.00000000099999999996 0.00000000099999999996 0.29046322007778363483 0.21873789195204021429 0.18669015203524705337 0.00000000099999999996 0.00000000099999999996 0.00000000099999999996 0.00000000099999999996 0.30410872993492921168 
0.12275387038512947102 0.00000000099999999997 0.40920571853390885764 0.06541483968617510525 0.00000000099999999997 0.00000000099999999997 0.00000000099999999997 0.00000000099999999997 0.00000000099999999997 0.40262556539478672191 
0.24521408265775088142 0.00000000099999999997 0.00000001763855045179 0.10288023181750045876 0.29760824201227575880 0.00000000099999999997 0.00000000099999999997 0.02433976428603662479 0.00163926127652772231 0.32831839731135814553 
0.59840734225666458723 0.00000000099999999998 0.00000000099999999998 0.00000000099999999998 0.00000000099999999998 0.00000000099999999998 0.00000000099999999998 0.00000000099999999998 0.00000780656588985996 0.40158484417744577666 
0.45305549366643638187 0.00000000099999999998 0.00000233180767815180 0.00000000099999999998 0.00000000099999999998 0.00000000099999999998 0.00000000099999999998 0.00000000099999999998 0.03309328335623136497 0.51384888516965387950 
0.39557706946999510178 0.00000000099999999997 0.32401906214783016136 0.03668133998474688851 0.24372252208911701632 0.00000000099999999997 0.00000000099999999997 0.00000000099999999997 0.00000000099999999997 0.00000000130831092970 
0.99999999100000014352 0.00000000099999999990 0.00000000099999999990 0.00000000099999999990 0.00000000099999999990 0.00000000099999999990 0.00000000099999999990 0.00000000099999999990 0.00000000099999999990 0.00000000099999999990 
0.00000000100000000000 0.07009992064260009426 0.30731500538627759544 0.10127329540908527883 0.49263832010088426383 0.00000000100000000000 0.00000000100000000000 0.00000000100000000000 0.02867344866847650053 0.00000000579267629435 
0.00000000099999999994 0.00000000099999999994 0.00000000099999999994 0.00015186642612306279 0.56670845834225791471 0.00000000099999999994 0.00000000099999999994 0.00000000099999999994 0.00000000099999999994 0.43313966823161925701 
0.00000000099999999974 0.00000000099999999974 0.00000000099999999974 0.99999999100000014352 0.00000000099999999974 0.00000000099999999974 0.00000000099999999974 0.00000000099999999974 0.00000000099999999974 0.00000000099999999974 
0.00000000099999999990 0.00000000099999999990 0.99999999100000003249 0.00000000099999999990 0.00000000099999999990 0.00000000099999999990 0.00000000099999999990 0.00000000099999999990 0.00000000099999999990 0.00000000099999999990 
0.00000000099999999995 0.00000000099999999995 0.31446047569400792376 0.00000000099999999995 0.68553951630599219147 0.00000000099999999995 0.00000000099999999995 0.00000000099999999995 0.00000000099999999995 0.00000000099999999995 
0.47014499701419454336 0.00000000099999999996 0.52968872712534953440 0.00016626886045610650 0.00000000099999999996 0.00000000099999999996 0.00000000099999999996 0.00000000099999999996 0.00000000099999999996 0.00000000099999999996 
0.00000001980861622588 0.00000000099999999999 0.44221818912200849816 0.09212743130410347425 0.17945335327997100072 0.00000000099999999999 0.00000000099999999999 0.00000000099999999999 0.00000000099999999999 0.28620100148530097650 
0.39977339229546327015 0.00000000099999999997 0.33368181942188662736 0.06851612650807199778 0.07180261127181450376 0.00402599260589414729 0.00000000099999999997 0.01633206541041092377 0.00000000099999999997 0.10586798948645852192 
0.00000000099999999988 0.00000000099999999988 0.00000000099999999988 0.00000000099999999988 0.00000000099999999988 0.00000000099999999988 0.00000000099999999988 0.00000000099999999988 0.00000000099999999988 0.99999999099999992147 
0.00000000099999999989 0.00000000099999999989 0.99999999100000003249 0.00000000099999999989 0.00000000099999999989 0.00000000099999999989 0.00000000099999999989 0.00000000099999999989 0.00000000099999999989 0.00000000099999999989 
0.00000000099999999991 0.00000000099999999991 0.00000000099999999991 0.00000000099999999991 0.00000000099999999991 0.00000000099999999991 0.00000000099999999991 0.57321527938374761124 0.42678471261625222644 0.00000000099999999991 
0.00000000099999999995 0.00000000099999999995 0.00000000099999999995 0.00000000099999999995 0.00000000099999999995 0.00000000099999999995 0.00000000099999999995 0.53102896395605792002 0.46897102804394186215 0.00000000099999999995 
0.00000000099999999953 0.99999999100000025454 0.00000000099999999953 0.00000000099999999953 0.00000000099999999953 0.00000000099999999953 0.00000000099999999953 0.00000000099999999953 0.00000000099999999953 0.00000000099999999953 
0.00000000099999999953 0.00000000099999999953 0.00000000099999999953 0.00000000099999999953 0.00000000099999999953 0.99999999100000003249 0.00000000099999999953 0.00000000099999999953 0.00000000099999999953 0.00000000099999999953 
0.00000000099999999998 0.00000000099999999998 0.00000000099999999998 0.01544033530957921417 0.05377238583712456305 0.03480672371662289072 0.00000000099999999998 0.51799332377129037042 0.37798722636538301112 0.00000000099999999998 
0.22518544587084979303 0.00000000099999999997 0.28184229310167108196 0.02555643362138430505 0.06798802578820456466 0.00000000099999999997 0.00000000099999999997 0.01369602421749752282 0.00000000099999999997 0.38573177340039277450 
0.00000000099999999990 0.00000000099999999990 0.00000000099999999990 0.00000000099999999990 0.00000000099999999990 0.00000000099999999990 0.00000000099999999990 0.00000000099999999990 0.00000000099999999990 0.99999999100000003249 
0.00000000099999999995 0.00000000099999999995 0.00000000099999999995 0.00000000099999999995 0.00000000099999999995 0.00000000099999999995 0.00000000099999999995 0.49962267373697172301 0.50037731826302822569 0.00000000099999999995 
0.24711294137476810806 0.00000000099999999997 0.36576829976354013896 0.00931180925581543729 0.00016831457216138812 0.00000000099999999997 0.00000000099999999997 0.02250057475590391126 0.00000000099999999997 0.35513805627781092067 
0.00000000099999999996 0.00000000099999999996 0.00000000099999999996 0.12394189062366625653 0.51156353839592483279 0.00000000099999999996 0.00000000099999999996 0.00000000099999999996 0.00000000099999999996 0.36449456398040896987 
0.62521168848633346116 0.00000000099999999996 0.00000000099999999996 0.00000000099999999996 0.00000000099999999996 0.00000000099999999996 0.00000000099999999996 0.00000000099999999996 0.00000000099999999996 0.37478830351366687612 
0.00000000099999999945 0.00000000099999999945 0.00000000099999999945 0.00000000099999999945 0.00000000099999999945 0.00000000099999999945 0.99999999100000003249 0.00000000099999999945 0.00000000099999999945 0.00000000099999999945 
0.00000000099999999946 0.00000000099999999946 0.00000000099999999946 0.00000000099999999946 0.00000000099999999946 0.00000000099999999946 0.99999999099999992147 0.00000000099999999946 0.00000000099999999946 0.00000000099999999946 
0.00000000099999999938 0.99999999100000025454 0.00000000099999999938 0.00000000099999999938 0.00000000099999999938 0.00000000099999999938 0.00000000099999999938 0.00000000099999999938 0.00000000099999999938 0.00000000099999999938 
0.00000000099999999941 0.00000000099999999941 0.00000000099999999941 0.00000000099999999941 0.00000000099999999941 0.00000000099999999941 0.99999999099999992147 0.00000000099999999941 0.00000000099999999941 0.00000000099999999941 
0.00000000099999999950 0.43862574798317355285 0.00000000099999999950 0.00000000099999999950 0.00000000099999999950 0.00000000099999999950 0.56137424401682634034 0.00000000099999999950 0.00000000099999999950 0.00000000099999999950 
0.00000000099999999982 0.00000000099999999982 0.00000000099999999982 0.00000000099999999982 0.00000000099999999982 0.00000000099999999982 0.00000000099999999982 0.00000000099999999982 0.99999999099999992147 0.00000000099999999982 
0.00000000099999999990 0.00000000099999999990 0.00000000099999999990 0.00000000099999999990 0.99999999100000014352 0.00000000099999999990 0.00000000099999999990 0.00000000099999999990 0.00000000099999999990 0.00000000099999999990 
0.00000000099999999942 0.00000000099999999942 0.00000000099999999942 0.00000000099999999942 0.00000000099999999942 0.00000000099999999942 0.99999999100000003249 0.00000000099999999942 0.00000000099999999942 0.00000000099999999942 
0.00000000099999999947 0.99999999100000025454 0.00000000099999999947 0.00000000099999999947 0.00000000099999999947 0.00000000099999999947 0.00000000099999999947 0.00000000099999999947 0.00000000099999999947 0.00000000099999999947 
0.00000000099999999951 0.00000000099999999951 0.00000000099999999951 0.00000000099999999951 0.00000000099999999951 0.99999999100000003249 0.00000000099999999951 0.00000000099999999951 0.00000000099999999951 0.00000000099999999951 
0.00000000099999999952 0.00000000099999999952 0.00000000099999999952 0.00000000099999999952 0.00000000099999999952 0.99999999100000003249 0.00000000099999999952 0.00000000099999999952 0.00000000099999999952 0.00000000099999999952 
0.99999999100000014352 0.00000000099999999988 0.00000000099999999988 0.00000000099999999988 0.00000000099999999988 0.00000000099999999988 0.00000000099999999988 0.00000000099999999988 0.00000000099999999988 0.00000000099999999988 
0.00000000099999999942 0.00000000099999999942 0.00000000099999999942 0.00000000099999999942 0.00000000099999999942 0.00000000099999999942 0.99999999100000003249 0.00000000099999999942 0.00000000099999999942 0.00000000099999999942 
0.10872542359641808318 0.00000000099999999999 0.28419368409686002197 0.05164071450916996736 0.17040267574744938361 0.00000000099999999999 0.00000000099999999999 0.01140096825760942602 0.00000000099999999999 0.37363652979249312169 
0.33460795113690544600 0.00000000099999999995 0.00000000099999999995 0.00000000099999999995 0.00000000099999999995 0.00000000099999999995 0.00000000099999999995 0.00000000099999999995 0.00000000099999999995 0.66539204086309433617 
0.00000000099999999995 0.00000000099999999995 0.00000000099999999995 0.00000000099999999995 0.00000000099999999995 0.00000000099999999995 0.00000000099999999995 0.99999999100000003249 0.00000000099999999995 0.00000000099999999995 
0.00000000099999999996 0.00000000099999999996 0.45109331715705713872 0.00881333689441891541 0.23851236643685699845 0.00000000099999999996 0.00000000099999999996 0.00899000921032916053 0.00000000099999999996 0.29259096530133787972 
0.00000000099999999984 0.00000000099999999984 0.00000000099999999984 0.00000000099999999984 0.00000000099999999984 0.00000000099999999984 0.00000000099999999984 0.99999999100000003249 0.00000000099999999984 0.00000000099999999984 
0.43715390258255298894 0.00000000099999999996 0.39204659457375101717 0.16773955169643228746 0.00000046885049704402 0.00000000099999999996 0.00000000099999999996 0.00000000099999999996 0.00305947729676670725 0.00000000099999999996 
0.00000000099999999985 0.00000000099999999985 0.00000000099999999985 0.00000000099999999985 0.00000000099999999985 0.00000000099999999985 0.00000000099999999985 0.99999999100000003249 0.00000000099999999985 0.00000000099999999985 
0.32601325450143248119 0.00000000099999999999 0.33185929815067993776 0.07183117134501487699 0.00000000099999999999 0.00910629073924396244 0.00000000099999999999 0.00534760419712335729 0.00000014862083091336 0.25584222944567447389 
0.17483516000467347329 0.00000000099999999999 0.24965903387822355186 0.02432354059314604036 0.13996320908601098121 0.00809591706655565270 0.00000000099999999999 0.00000000099999999999 0.00000000099999999999 0.40312313537139032871 
0.00000000099999999948 0.00000000099999999948 0.00000000099999999948 0.00000000099999999948 0.00000000099999999948 0.00000000099999999948 0.99999999099999992147 0.00000000099999999948 0.00000000099999999948 0.00000000099999999948 
0.00000000099999999986 0.00000000099999999986 0.00000000099999999986 0.00000000099999999986 0.00000000099999999986 0.00000000099999999986 0.00000000099999999986 0.99999999100000003249 0.00000000099999999986 0.00000000099999999986 
0.00000000099999999941 0.00000000099999999941 0.00000000099999999941 0.00000000099999999941 0.00000000099999999941 0.00000000099999999941 0.99999999100000003249 0.00000000099999999941 0.00000000099999999941 0.00000000099999999941 
0.00000000099999999941 0.99999999100000025454 0.00000000099999999941 0.00000000099999999941 0.00000000099999999941 0.00000000099999999941 0.00000000099999999941 0.00000000099999999941 0.00000000099999999941 0.00000000099999999941 
0.43105139972883121935 0.00000000099999999996 0.00000000099999999996 0.00000000099999999996 0.56894859227116867384 0.00000000099999999996 0.00000000099999999996 0.00000000099999999996 0.00000000099999999996 0.00000000099999999996 
0.99999999100000014352 0.00000000099999999989 0.00000000099999999989 0.00000000099999999989 0.00000000099999999989 0.00000000099999999989 0.00000000099999999989 0.00000000099999999989 0.00000000099999999989 0.00000000099999999989 
0.45611875063768764216 0.00000000099999999995 0.08432705370390571054 0.00000000099999999995 0.45955418865840669262 0.00000000099999999995 0.00000000099999999995 0.00000000099999999995 0.00000000099999999995 0.00000000099999999995 
0.00000000099999999991 0.00000000099999999991 0.00000000099999999991 0.00000000099999999991 0.00000000099999999991 0.00000000099999999991 0.00000000099999999991 0.00000000099999999991 0.00000000099999999991 0.99999999100000003249 
0.00000000099999999997 0.00000000099999999997 0.31567321204907117238 0.20012413557621050453 0.24731058225325450173 0.00000000099999999997 0.00000000099999999997 0.00000000099999999997 0.00000000099999999997 0.23689206412146393554 
0.00000000495280288821 0.00000000099999999996 0.41963745697176940697 0.11255283070859450900 0.00000000099999999996 0.00000000099999999996 0.00000000099999999996 0.00000000099999999996 0.01273976155119178888 0.45506994081564156041 
0.00000000099999999996 0.00000000099999999996 0.39138483554700570499 0.00000000099999999996 0.22581599072354807678 0.00000000099999999996 0.00000000099999999996 0.00000000099999999996 0.00000000099999999996 0.38279916672944624967 
