0.22818677197107012367 0.00000000099999999999 0.00000000099999999999 0.00703459037112834883 0.76477863465780160368 0.00000000099999999999 
0.00000000099999999995 0.00000000099999999995 0.00000000099999999995 0.00000000099999999995 0.00000000099999999995 0.99999999500000003039 
0.00000000099999999996 0.00000000099999999996 0.00000000099999999996 0.00000000099999999996 0.00000000099999999996 0.99999999500000003039 
0.00000000099999999999 0.37549491175237459384 0.00000000099999999999 0.00256381057722781950 0.58790628389917065633 0.03403499177122684682 
0.07273079811009801332 0.28213840961763686499 0.00000000100000000000 0.00948286405024618105 0.63564792622201893302 0.00000000100000000000 
0.09310383392013418802 0.33928826019736846309 0.00000000099999999999 0.00262837853805585357 0.54339545838123126664 0.02158406796321007265 
0.00000000099999999997 0.00000000099999999997 0.00000000099999999997 0.00000000099999999997 0.00000000099999999997 0.99999999499999991937 
0.00000000099999999994 0.00000000099999999994 0.00000000099999999994 0.00000000099999999994 0.00000000099999999994 0.99999999500000003039 
0.00000000099999999999 0.41543723203055760163 0.00000000099999999999 0.01625548384726253903 0.56764509371797222670 0.00066218840420749557 
0.00000000099999999995 0.00000000099999999995 0.00000000099999999995 0.00000000099999999995 0.00000000099999999995 0.99999999500000003039 
0.00000000100000000000 0.26050348085677449417 0.00000000100000000000 0.01170016274485864358 0.71418916353297368094 0.01360719086539327431 
0.12708089658454443938 0.29676100876720840072 0.00000000099999999999 0.00432148307446328806 0.56105269105392396867 0.01078391951985993406 
0.14731859370593153313 0.31964294412718341487 0.00000000099999999999 0.00000005335038684878 0.53303840681649827804 0.00000000099999999999 
0.15675097898544967934 0.31178199065259559752 0.00000000099999999999 0.01111080938861572047 0.52035621897333894648 0.00000000099999999999 
0.00000000099999999998 0.00000000099999999998 0.00000000099999999998 0.00684597999771204002 0.99315401600228780943 0.00000000099999999998 
0.09746075535147993851 0.24430652033728431083 0.00000000099999999999 0.02866535276240836372 0.57795570954401220831 0.05161166100481517915 
0.00000000099999999997 0.00000000099999999997 0.00000000099999999997 0.00000000099999999997 0.99999999500000003039 0.00000000099999999997 
0.15768929588358052141 0.44192720469485313739 0.00000000099999999999 0.00000000099999999999 0.40038349642156623176 0.00000000099999999999 
0.14703708744811619380 0.25829732880771322234 0.00000000100000000000 0.00219424679035787069 0.59247133495381265611 0.00000000100000000000 
0.07954815139495785559 0.24324689013171221785 0.00000000099999999998 0.00206987492047714002 0.67513508155285284484 0.00000000099999999998 
0.08783000237249977138 0.25734367122416390572 0.00000000099999999999 0.00000000099999999999 0.65482632340333624121 0.00000000099999999999 
0.02725178368793637965 0.00000000099999999997 0.00000000099999999997 0.00000000099999999997 0.00000000099999999997 0.97274821231206354266 
0.00000000099999999999 0.41510828041373470931 0.00000000099999999999 0.00000000099999999999 0.56417669352892563239 0.02071502305733972232 
0.00000000099999999989 0.99999999500000014141 0.00000000099999999989 0.00000000099999999989 0.00000000099999999989 0.00000000099999999989 
0.09144987146650759846 0.28045273434115114419 0.00000000099999999998 0.00000000099999999998 0.60486031977602439103 0.02323707241631686043 
0.00000998201146046486 0.40086564044421918451 0.00000000099999999999 0.00191969254219341427 0.59720468300212670165 0.00000000099999999999 
0.00000000099999999979 0.00000000099999999979 0.00000000099999999979 0.99999999500000003039 0.00000000099999999979 0.00000000099999999979 
0.00000000099999999976 0.00000000099999999976 0.00000000099999999976 0.99999999499999991937 0.00000000099999999976 0.00000000099999999976 
0.00000000099999999996 0.99999999500000003039 0.00000000099999999996 0.00000000099999999996 0.00000000099999999996 0.00000000099999999996 
0.04912376566068290401 0.40266458962256118648 0.00000000099999999999 0.00942929264987875035 0.53878235006687702491 0.00000000099999999999 
0.23330220642394763897 0.22141694983296791865 0.00000000099999999998 0.00000000099999999998 0.54528084010742650101 0.00000000163565794386 
0.00000000099999999997 0.00998351993539132142 0.00000000099999999997 0.00000000099999999997 0.00000000099999999997 0.99001647606460863038 
0.00000000099999999993 0.46170657801910769402 0.00000000099999999993 0.35538513361524654011 0.00000000099999999993 0.18290828536564562867 
0.10206206156230973603 0.27522408907995754568 0.00000000099999999998 0.00000000099999999998 0.62271384635773263660 0.00000000099999999998 
0.00000000099999999975 0.00000000099999999975 0.99999999499999991937 0.00000000099999999975 0.00000000099999999975 0.00000000099999999975 
0.00000000099999999969 0.00000000099999999969 0.99999999499999991937 0.00000000099999999969 0.00000000099999999969 0.00000000099999999969 
0.00000000099999999969 0.00000000099999999969 0.99999999499999991937 0.00000000099999999969 0.00000000099999999969 0.00000000099999999969 
0.00000000099999999980 0.00000000099999999980 0.00000000099999999980 0.99999999500000003039 0.00000000099999999980 0.00000000099999999980 
0.00000000099999999976 0.00000000099999999976 0.00000000099999999976 0.99999999499999991937 0.00000000099999999976 0.00000000099999999976 
0.12926123492123778314 0.29301348564449491985 0.00000000099999999998 0.00000000099999999998 0.57772527643426707655 0.00000000099999999998 
0.00000000099999999997 0.00000000099999999997 0.00000000099999999997 0.00000000099999999997 0.00000000099999999997 0.99999999499999991937 
0.00000000099999999978 0.00000000099999999978 0.00000000099999999978 0.99999999499999991937 0.00000000099999999978 0.00000000099999999978 
0.00000000099999999999 0.44982953210134218880 0.00000000099999999999 0.01042523280016879016 0.51993916701561448956 0.01980606608287463835 
0.00000000099999999995 0.00000000099999999995 0.00000000099999999995 0.00000000099999999995 0.00000000099999999995 0.99999999500000003039 
0.00000000099999999981 0.00000000099999999981 0.00000000099999999981 0.99999999499999991937 0.00000000099999999981 0.00000000099999999981 
0.00000000099999999999 0.30259436882754336962 0.00000000099999999999 0.00920838703876458893 0.67670145386715851998 0.01149578826653362314 
0.00000000099999999978 0.00000000099999999978 0.00000000099999999978 0.99999999500000003039 0.00000000099999999978 0.00000000099999999978 
0.00000000099999999996 0.00000000099999999996 0.00000000099999999996 0.00000000099999999996 0.00000000099999999996 0.99999999499999991937 
0.00000000099999999993 0.00000000099999999993 0.00000000099999999993 0.00000000099999999993 0.00000000099999999993 0.99999999499999991937 
0.00000000099999999975 0.00000000099999999975 0.00000000099999999975 0.99999999499999991937 0.00000000099999999975 0.00000000099999999975 
0.00000000099999999977 0.00000000099999999977 0.00000000099999999977 0.99999999500000003039 0.00000000099999999977 0.00000000099999999977 
0.00000000099999999996 0.00000000099999999996 0.00000000099999999996 0.00000000099999999996 0.00000000099999999996 0.99999999499999991937 
0.00000000099999999996 0.00000000099999999996 0.00000000099999999996 0.00000000099999999996 0.00000000099999999996 0.99999999499999991937 
0.00000000099999999996 0.00121767246524980693 0.00000000099999999996 0.00000000099999999996 0.00000000099999999996 0.99878232353475016048 
0.00000000099999999981 0.00000000099999999981 0.00000000099999999981 0.99999999500000003039 0.00000000099999999981 0.00000000099999999981 
0.00000000100000000000 0.39595179305602484776 0.00000000100000000000 0.01856674210444678869 0.54206138623550892408 0.04342007660401923930 
0.00000000099999999999 0.31601515639653726675 0.00000000099999999999 0.02841586812956884561 0.65556897247389378514 0.00000000099999999999 
0.00000000099999999997 0.00000000099999999997 0.00000000099999999997 0.00000000099999999997 0.99582531349684544342 0.00417468250315448583 
0.08170214185049647082 0.36579325938841555921 0.00000000099999999999 0.00115558196829928009 0.54461300423561609385 0.00673601155717257379 
0.00000000099999999995 0.00000000099999999995 0.00000000099999999995 0.00000000099999999995 0.00000000099999999995 0.99999999499999991937 
0.12108829566594565830 0.00000000099999999999 0.00000000099999999999 0.00000000099999999999 0.87891170033405441320 0.00000000099999999999 
0.00000000099999999973 0.00000000099999999973 0.99999999499999991937 0.00000000099999999973 0.00000000099999999973 0.00000000099999999973 
0.00458769854425175594 0.35506408048589888082 0.00000000099999999998 0.00790372990010831597 0.62737670831088065970 0.00506778175886048090 
0.00000000099999999974 0.00000000099999999974 0.99999999500000003039 0.00000000099999999974 0.00000000099999999974 0.00000000099999999974 
0.08167249830675292477 0.27078136475608877154 0.00000000099999999999 0.00000000099999999999 0.61372717888066996572 0.03381895605648829739 
0.00000000099999999974 0.00000000099999999974 0.99999999499999991937 0.00000000099999999974 0.00000000099999999974 0.00000000099999999974 
0.99999999500000003039 0.00000000099999999981 0.00000000099999999981 0.00000000099999999981 0.00000000099999999981 0.00000000099999999981 
0.13671595217613516371 0.27886647529349495311 0.00000000100000000000 0.00252825309697938443 0.58016370645003312312 0.00172561198335728096 
0.00000000099999999994 0.00000000099999999994 0.00000000099999999994 0.00000000099999999994 0.00000000099999999994 0.99999999500000003039 
0.13821928713054104643 0.26057271471898124648 0.00000000099999999997 0.00000000099999999997 0.60120799515047762540 0.00000000099999999997 
0.00000000099999999975 0.00000000099999999975 0.99999999499999991937 0.00000000099999999975 0.00000000099999999975 0.00000000099999999975 
0.00000000099999999976 0.00000000099999999976 0.99999999500000003039 0.00000000099999999976 0.00000000099999999976 0.00000000099999999976 
0.12958905903586448449 0.19021577405138614947 0.00000000099999999999 0.00525392742482146385 0.59496263870669874319 0.07997859978122921765 
0.00000000099999999994 0.00000000099999999994 0.00000000099999999994 0.00000000099999999994 0.00000000099999999994 0.99999999499999991937 
0.00000000099999999981 0.00000000099999999981 0.00000000099999999981 0.99999999500000003039 0.00000000099999999981 0.00000000099999999981 
0.00000000099999999995 0.00000000099999999995 0.00000000099999999995 0.00000000099999999995 0.00000000099999999995 0.99999999499999991937 
0.20515400044723750006 0.36300308328920122269 0.00000000099999999999 0.00000000099999999999 0.40836592837503798981 0.02347698588852335441 
0.00000000099999999972 0.00000000099999999972 0.99999999499999991937 0.00000000099999999972 0.00000000099999999972 0.00000000099999999972 
0.00000000099999999973 0.00000000099999999973 0.00000000099999999973 0.99999999499999991937 0.00000000099999999973 0.00000000099999999973 
0.00000000099999999977 0.00000000099999999977 0.99999999500000003039 0.00000000099999999977 0.00000000099999999977 0.00000000099999999977 
0.00000000135482373306 0.29125821390214301498 0.00210205805419257314 0.02254722328886751836 0.68409250239997299037 0.00000000100000000000 
0.00000000099999999993 0.00000000099999999993 0.00000000099999999993 0.00000000099999999993 0.00000000099999999993 0.99999999499999991937 
0.00000000099999999995 0.00000000099999999995 0.00000000099999999995 0.00000000099999999995 0.00000000099999999995 0.99999999500000003039 
0.09789106114602277864 0.34046198683734546497 0.00000000099999999999 0.00064470162070202506 0.33876075021642465535 0.22224149917950503097 
0.00005563369163269260 0.34845455537492092679 0.00000000100000000000 0.02419856952778446507 0.62690641594701079775 0.00038482445865116558 
0.15797160628859566178 0.25172960862038684660 0.00000000099999999998 0.00000000099999999998 0.59029878192980389517 0.00000000116121347627 
0.15175061706614614843 0.37202033163384906622 0.00000000099999999998 0.00000000099999999998 0.46846941840420514014 0.00775963089579968790 
0.00000000099999999999 0.39001053517108691393 0.00000000099999999999 0.00046972860052100612 0.60951973322839192448 0.00000000099999999999 
0.08773399954497865250 0.26175282483996742400 0.00000000099999999997 0.00000000099999999997 0.65051317261505392509 0.00000000099999999997 
0.06382478941373517789 0.37775992215367931726 0.00000000099999999998 0.00000000099999999998 0.55283236106209554528 0.00558292537048999185 
0.00000021870757200399 0.42254185194187432462 0.00000000099999999999 0.00693681337508689298 0.56306021646022186289 0.00746089851524494967 
0.00000000099999999999 0.30366179095591117054 0.00000000099999999999 0.00000000099999999999 0.66023087764075161221 0.03610732840333728128 
0.00000000099999999996 0.00000000099999999996 0.00000000099999999996 0.00000000099999999996 0.00000000099999999996 0.99999999500000003039 
0.00000000099999999998 0.00000000099999999998 0.00000000099999999998 0.00000000099999999998 0.00686710516147438950 0.99313289083852562822 
0.00000000099999999984 0.00000000099999999984 0.99999999500000003039 0.00000000099999999984 0.00000000099999999984 0.00000000099999999984 
0.00000000099999999997 0.00000000099999999997 0.00000000099999999997 0.00000000099999999997 0.00000000099999999997 0.99999999500000003039 
0.00000000099999999998 0.00000000099999999998 0.00000000099999999998 0.00000000099999999998 0.00000000099999999998 0.99999999500000003039 
0.12388807538888860216 0.35295753915325278616 0.00000000099999999999 0.00527841146037706394 0.50534883533862140492 0.01252713765886010605 
0.00000000099999999968 0.00000000099999999968 0.99999999500000003039 0.00000000099999999968 0.00000000099999999968 0.00000000099999999968 
0.00260838651283399258 0.45605891142002979999 0.00000000099999999999 0.00709870579113068643 0.53423399427600548606 0.00000000099999999999 
0.17210806625257543678 0.31538466158287103980 0.00000000099999999999 0.00000000099999999999 0.50823458942499011304 0.00427268073956344006 
0.08736398144440807312 0.30772616428049043291 0.00000000100000000000 0.00582651202169185561 0.59908334025340959084 0.00000000100000000000 
0.14246959429274758113 0.17547159797976477624 0.00000000099999999999 0.00000000099999999999 0.66451510395296065070 0.01754370177452703114 
0.00000000099999999993 0.99999999500000003039 0.00000000099999999993 0.00000000099999999993 0.00000000099999999993 0.00000000099999999993 
0.00000000099999999999 0.40942853766785947123 0.00000000099999999999 0.00000000099999999999 0.55371006885746432147 0.03686139047467615337 
0.00000000099999999999 0.32520218870999911820 0.00000000099999999999 0.00263632660277145518 0.67216148168722933409 0.00000000099999999999 
0.08414646848599365014 0.28530420006638651520 0.00000000099999999999 0.00645567803650243591 0.61602155574995876020 0.00807209666115866163 
0.06486654939687337695 0.18481553233043054862 0.00000039658583767005 0.03058263628320290889 0.70985026358854308448 0.00988462181511240434 
0.11686039266373092482 0.36732628534227101946 0.00000000099999999999 0.01060441992120807198 0.50520890007278984601 0.00000000099999999999 
0.00000000099999999996 0.00000000099999999996 0.00000000099999999996 0.00000000099999999996 0.99999999500000003039 0.00000000099999999996 
0.14703694687356172466 0.37794417172578220754 0.00000000100000000000 0.01979740837329462336 0.44385531041659426199 0.01136616161076725758 
0.00000000118010300794 0.45857022232269722961 0.00000000099999999998 0.00829036996397170163 0.53313940453322805624 0.00000000099999999998 
0.00000000099999999997 0.00000000099999999997 0.00000000099999999997 0.00000000099999999997 0.99999999499999991937 0.00000000099999999997 
0.05358659372603829379 0.31635275056862843801 0.00000000099999999999 0.00000000099999999999 0.63006065270533306855 0.00000000099999999999 
0.00000000099999999998 0.42874471640340999778 0.00000000099999999998 0.00000000099999999998 0.53915016098356438601 0.03210511961302539574 
0.13605575712401873911 0.31176314512485658881 0.00000000099999999999 0.00196373725226146835 0.54669415212717964447 0.00352320737168361747 
0.00257697126416888854 0.44309201757340016536 0.00000000099999999999 0.00000000099999999999 0.52162837801624151179 0.03270263114618937594 
0.13530440967692372589 0.34278186632691248770 0.00000000099999999999 0.00000000099999999999 0.52191372099616373248 0.00000000099999999999 
0.07829303953261732008 0.42437442772885830555 0.00000000099999999999 0.00000000099999999999 0.48010521909745129676 0.01722731164107333540 
0.00000000100000000000 0.27415427257928665083 0.06867203064860287476 0.01081819939465737332 0.62723038215288440256 0.01912511422456870253 
0.07688958935483779233 0.30632070360135177367 0.00000000099999999998 0.00000000099999999998 0.61678969536352579173 0.00000000968028454428 
0.00000000099999999993 0.99999999500000003039 0.00000000099999999993 0.00000000099999999993 0.00000000099999999993 0.00000000099999999993 
0.13850716228294174259 0.35323508237237449814 0.00000000099999999997 0.00000000099999999997 0.49978207513845018806 0.00847567820623346818 
0.05202577361908394815 0.22193712496402304146 0.00000000099999999999 0.01470600862856466864 0.71133109078832834626 0.00000000099999999999 
0.00000000099999999994 0.99999999500000014141 0.00000000099999999994 0.00000000099999999994 0.00000000099999999994 0.00000000099999999994 
0.06843066449922012573 0.57782043249456638279 0.00010521495745324958 0.00000000100000000000 0.35364368604876017521 0.00000000100000000000 
0.09833568150833486843 0.39925489075765729918 0.00000000099999999999 0.00738213279555763584 0.48561641785638109958 0.00941087608206914172 
0.00135757505019774372 0.00000000099999999996 0.00000000099999999996 0.00000000099999999996 0.99864242094980226749 0.00000000099999999996 
0.00000000099999999996 0.00000000099999999996 0.00000000099999999996 0.00000000099999999996 0.98928461555140601025 0.01071538044859412023 
0.00000000099999999995 0.00000000099999999995 0.00000000099999999995 0.00000000099999999995 0.00000000099999999995 0.99999999499999991937 
0.00000000146653717701 0.00000000099999999998 0.00000000099999999998 0.00000000099999999998 0.00000000099999999998 0.99999999453346288814 
0.00000000099999999979 0.00000000099999999979 0.99999999500000003039 0.00000000099999999979 0.00000000099999999979 0.00000000099999999979 
0.00000000099999999974 0.00000000099999999974 0.00000000099999999974 0.99999999499999991937 0.00000000099999999974 0.00000000099999999974 
0.04548207918650397363 0.02828809813940211942 0.00000000099999999999 0.03503213958035295700 0.00000000099999999999 0.89119768109374097875 
0.00000000099999999993 0.99999999500000003039 0.00000000099999999993 0.00000000099999999993 0.00000000099999999993 0.00000000099999999993 
0.25833750661624482747 0.00000000099999999997 0.00000000099999999997 0.00000000099999999997 0.74166248938375500810 0.00000000099999999997 
0.04237646236486886792 0.00000000099999999998 0.00000000099999999998 0.00000000099999999998 0.00000000099999999998 0.95762353363513108562 
0.00040963591727519416 0.41651125868370847405 0.00000000099999999999 0.00000000099999999999 0.56889496129766348176 0.01418414210135278929 
0.03885082559199911495 0.33091792690155008572 0.00000000099999999998 0.01295214726417079527 0.61727909824227999991 0.00000000099999999998 
0.07772599305948327264 0.40026361765808754489 0.00000000099999999999 0.00000080395123585769 0.52200958333119318322 0.00000000099999999999 
0.00000000099999999972 0.00000000099999999972 0.99999999500000003039 0.00000000099999999972 0.00000000099999999972 0.00000000099999999972 
0.00000000099999999974 0.00000000099999999974 0.99999999500000003039 0.00000000099999999974 0.00000000099999999974 0.00000000099999999974 
0.00000000099999999968 0.00000000099999999968 0.99999999500000003039 0.00000000099999999968 0.00000000099999999968 0.00000000099999999968 
0.00000000099999999970 0.00000000099999999970 0.99999999499999991937 0.00000000099999999970 0.00000000099999999970 0.00000000099999999970 
0.00000000099999999970 0.00000000099999999970 0.99999999499999991937 0.00000000099999999970 0.00000000099999999970 0.00000000099999999970 
0.00000000099999999998 0.00000000099999999998 0.00000000099999999998 0.00000000099999999998 0.00000000099999999998 0.99999999500000003039 
0.00000000099999999999 0.31188249576692034237 0.00000000099999999999 0.01154301052853938525 0.67657449029523852868 0.00000000140930189305 
0.00000000099999999970 0.00000000099999999970 0.99999999499999991937 0.00000000099999999970 0.00000000099999999970 0.00000000099999999970 
0.00000000099999999975 0.00000000099999999975 0.99999999499999991937 0.00000000099999999975 0.00000000099999999975 0.00000000099999999975 
0.00000000099999999973 0.00000000099999999973 0.00000000099999999973 0.99999999499999991937 0.00000000099999999973 0.00000000099999999973 
0.00000000099999999973 0.00000000099999999973 0.00000000099999999973 0.99999999499999991937 0.00000000099999999973 0.00000000099999999973 
0.00000000099999999994 0.99999999500000003039 0.00000000099999999994 0.00000000099999999994 0.00000000099999999994 0.00000000099999999994 
0.00000000099999999972 0.00000000099999999972 0.99999999499999991937 0.00000000099999999972 0.00000000099999999972 0.00000000099999999972 
0.07737376265496315186 0.46992411994029620326 0.00000000099999999999 0.00000000099999999999 0.45053789561723744939 0.00216421978750318397 
0.08959886002703981722 0.27616679678578304191 0.00000000099999999999 0.00000000099999999999 0.63423434018717705918 0.00000000099999999999 
0.00000000099999999998 0.00000000099999999998 0.00000000099999999998 0.00000000099999999998 0.04785132464814327580 0.95214867135185676794 
0.11432922287211221002 0.33439881010907390735 0.00000000099999999998 0.00000000099999999998 0.55050470990692457196 0.00076725511188916818 
0.00000000099999999993 0.00000000099999999993 0.00000000099999999993 0.00000000099999999993 0.00000000099999999993 0.99999999500000003039 
0.08088380939684067239 0.42094946485753559351 0.00000000099999999999 0.00172867661721396262 0.48387863846369039145 0.01255940966471954037 
0.00000000099999999994 0.00000000099999999994 0.00000000099999999994 0.00000000099999999994 0.00000000099999999994 0.99999999500000003039 
0.18258375342715221779 0.42060731952457697247 0.00000000099999999999 0.00776059888425123003 0.38904832616401968659 0.00000000099999999999 
0.20374158133991429609 0.28215460673831121996 0.00000000099999999999 0.00579280574440001108 0.50831100417737429265 0.00000000099999999999 
0.00000000099999999975 0.00000000099999999975 0.99999999500000003039 0.00000000099999999975 0.00000000099999999975 0.00000000099999999975 
0.00000000099999999995 0.00000000099999999995 0.00000000099999999995 0.00000000099999999995 0.00000000099999999995 0.99999999499999991937 
0.00000000099999999970 0.00000000099999999970 0.99999999499999991937 0.00000000099999999970 0.00000000099999999970 0.00000000099999999970 
0.00000000099999999970 0.00000000099999999970 0.99999999500000003039 0.00000000099999999970 0.00000000099999999970 0.00000000099999999970 
0.06204121153095223246 0.28413363934219010298 0.00000000099999999999 0.00000000099999999999 0.64958749765505363616 0.00423764947180395313 
0.10905082218978275066 0.36992454391994411544 0.00000000099999999998 0.00000000099999999998 0.50118223424447738701 0.01984239764579559528 
0.00000000099999999998 0.28102795231386967778 0.00000000099999999998 0.00000000099999999998 0.71446150696096699662 0.00451053772516322050 
0.00000000099999999999 0.46217591536842783650 0.00000000099999999999 0.00372382151255377849 0.53410026011901834408 0.00000000099999999999 
0.23037088426770213623 0.18717204460431408064 0.00000000099999999998 0.00000000099999999998 0.58245706812798359042 0.00000000099999999998 
0.00002517732161967758 0.37704982221405514142 0.00000000099999999999 0.00957822981085416740 0.59921156327066971148 0.01413520638280123948 
0.09627931176798580626 0.40471061224398574563 0.00000000099999999998 0.00000000099999999998 0.49901007298802851908 0.00000000099999999998 
0.05966422947304695495 0.00000000099999999996 0.00000000099999999996 0.00000000099999999996 0.00000000099999999996 0.94033576652695294307 
0.15110761184297843984 0.23810346765166751082 0.00000000099999999998 0.00000000099999999998 0.61078891750535402316 0.00000000099999999998 
0.00000000099999999970 0.00000000099999999970 0.99999999500000003039 0.00000000099999999970 0.00000000099999999970 0.00000000099999999970 
0.00000000100000000000 0.35259566008424469974 0.00000000100000000000 0.00267320632402156351 0.64473113059173359218 0.00000000100000000000 
0.00000000099999999991 0.00000000099999999991 0.99999999500000003039 0.00000000099999999991 0.00000000099999999991 0.00000000099999999991 
0.00000000099999999974 0.00000000099999999974 0.99999999499999991937 0.00000000099999999974 0.00000000099999999974 0.00000000099999999974 
0.19036601049909424033 0.30095169626641488092 0.00000000099999999998 0.00000000099999999998 0.50117760608380745868 0.00750468515068342199 
0.00000000099999999999 0.30275036787035364272 0.00000000099999999999 0.00803016522129573404 0.68921946390835042706 0.00000000099999999999 
0.00000000099999999997 0.00000000099999999997 0.00000000099999999997 0.00000000099999999997 0.99999999500000003039 0.00000000099999999997 
0.00000000099999999977 0.00000000099999999977 0.99999999500000003039 0.00000000099999999977 0.00000000099999999977 0.00000000099999999977 
0.00000000099999999994 0.00000000099999999994 0.00000000099999999994 0.00000000099999999994 0.00000000099999999994 0.99999999499999991937 
0.00000000099999999994 0.00000000099999999994 0.00000000099999999994 0.00000000099999999994 0.00000000099999999994 0.99999999499999991937 
0.00000000099999999974 0.00000000099999999974 0.99999999500000003039 0.00000000099999999974 0.00000000099999999974 0.00000000099999999974 
0.00000000099999999999 0.31179503988544693405 0.00000000099999999999 0.00691208178842799264 0.67552785124538317074 0.00576502508074180475 
0.06156846856257136569 0.33598877644563190925 0.00000000100000000000 0.01463475966193350519 0.55039452681292644343 0.03741346751693665901 
0.00000000099999999975 0.00000000099999999975 0.99999999499999991937 0.00000000099999999975 0.00000000099999999975 0.00000000099999999975 
0.14014232483590793876 0.50393153670429413626 0.00000000099999999998 0.00000000099999999998 0.35592613545979789880 0.00000000099999999998 
0.00000000099999999993 0.00000000099999999993 0.00000000099999999993 0.00000000099999999993 0.00000000099999999993 0.99999999500000003039 
0.99999999500000003039 0.00000000099999999987 0.00000000099999999987 0.00000000099999999987 0.00000000099999999987 0.00000000099999999987 
0.07842830048930730935 0.36916256296484467603 0.00084541837100188992 0.00000000100000000000 0.53146922780351457671 0.02009448937133165303 
0.00000000099999999998 0.00000000099999999998 0.00000000099999999998 0.00158592028433006817 0.99039627015642928143 0.00801780655924072029 
0.00000000099999999997 0.00000000099999999997 0.00000000099999999997 0.00415982257674618171 0.99584017342325370503 0.00000000099999999997 
0.00000000099999999998 0.40419945753871766581 0.00000000099999999998 0.01121557094322318988 0.58458496851805896721 0.00000000099999999998 
0.02643905415637408038 0.30304460224252871559 0.00000000099999999999 0.00302571103143836357 0.66749063056965884932 0.00000000099999999999 
0.10488854596057237134 0.38916393425363365877 0.00000000099999999999 0.00000000099999999999 0.50594751678579397147 0.00000000099999999999 
0.00000000099999999998 0.80543647370567883481 0.00000000099999999998 0.00013218344893982002 0.19443133984538141235 0.00000000099999999998 
0.99999999500000014141 0.00000000099999999982 0.00000000099999999982 0.00000000099999999982 0.00000000099999999982 0.00000000099999999982 
0.00000000099999999996 0.00000000099999999996 0.00000000099999999996 0.00000000099999999996 0.00000000099999999996 0.99999999499999991937 
0.05918233364074657749 0.42937350925486800213 0.00000000099999999999 0.00529282783306407774 0.49607356266267693679 0.01007776560864429190 
0.24659922540260739710 0.26658737815759453449 0.00000000099999999998 0.00000000099999999998 0.48681339343979801448 0.00000000099999999998 
0.00000000099999999997 0.99999999500000003039 0.00000000099999999997 0.00000000099999999997 0.00000000099999999997 0.00000000099999999997 
0.17443605946863152689 0.00000000099999999997 0.00000000099999999997 0.00000000099999999997 0.82556393653136850297 0.00000000099999999997 
0.00000000099999999998 0.00000000099999999998 0.00000000099999999998 0.00000000099999999998 0.99453702442027847042 0.00546297157972166353 
0.18907865976083962356 0.29206872421328750056 0.00000000099999999998 0.00000000099999999998 0.51885261302587282195 0.00000000099999999998 
0.14963708010465018305 0.35936493176582207099 0.00000000099999999999 0.00000000099999999999 0.49099221084828453820 0.00000577528124330232 
0.00000000099999999997 0.00000000099999999997 0.00000000099999999997 0.00000000099999999997 0.01402932545778106006 0.98597067054221898541 
0.99999999500000014141 0.00000000099999999982 0.00000000099999999982 0.00000000099999999982 0.00000000099999999982 0.00000000099999999982 
0.00000000099999999999 0.35503790187329048456 0.00000000099999999999 0.01112151971222768466 0.63165260277083756790 0.00218797364364425265 
0.00000000100000000000 0.45097312624792706970 0.00819437313479099219 0.00000000100000000000 0.54047846440683500191 0.00035403421044677565 
0.00000001510847835418 0.00000000099999999997 0.00000000099999999997 0.00000000099999999997 0.00000000099999999997 0.99999998089152164482 
0.00000000100000000000 0.29548691518583108939 0.01879926603273913630 0.00000000100000000000 0.66106128557512600086 0.02465253120630351777 
0.00000000099999999999 0.40498541665404536039 0.00000000099999999999 0.00653064072979016221 0.58243862919186839555 0.00604531142429595280 
0.08736444931187876961 0.25296857905008024447 0.00000000099999999999 0.00592959716288568497 0.18179688262466256465 0.47194049085049272207 
0.00000000099999999997 0.39303630478594220321 0.00000000099999999997 0.00000000099999999997 0.58581554164741123092 0.02114815056664645990 
0.00000000099999999976 0.00000000099999999976 0.99999999499999991937 0.00000000099999999976 0.00000000099999999976 0.00000000099999999976 
0.01885522181573225445 0.30705354263784556679 0.00000000099999999999 0.01817059131354032547 0.63841548574205719824 0.01750515749082464864 
0.06290294911226868013 0.34341247106580236048 0.00000000100000000000 0.00335660672098801608 0.56862528375458032404 0.02170268834636054911 
