0.01968414580667518857 0.35296723761356912918 0.00000000100000000000 0.51817867066081579885 0.00000000100000000000 0.10916994391893977689 
0.00000000099999999995 0.00000000099999999995 0.00000000099999999995 0.00000000099999999995 0.99999999500000003039 0.00000000099999999995 
0.00000000099999999995 0.00000000099999999995 0.00000000099999999995 0.00000000099999999995 0.99999999499999991937 0.00000000099999999995 
0.00244405449283867544 0.29780610087743919490 0.00000000099999999999 0.66175086986393261146 0.03799897276578961119 0.00000000099999999999 
0.00000000099999999996 0.99999999500000003039 0.00000000099999999996 0.00000000099999999996 0.00000000099999999996 0.00000000099999999996 
0.00258021693423917406 0.25934745755525789868 0.00000000099999999999 0.59441698146430210770 0.02278298948885440489 0.12087235355734636533 
0.00000000099999999997 0.00000000099999999997 0.00000000099999999997 0.00000000099999999997 0.99999999500000003039 0.00000000099999999997 
0.00000000099999999994 0.00000000099999999994 0.00000000099999999994 0.00000000099999999994 0.99999999499999991937 0.00000000099999999994 
0.00386312037573253346 0.00000000099999999997 0.00000000099999999997 0.99613687562426744826 0.00000000099999999997 0.00000000099999999997 
0.00000000099999999995 0.00000000099999999995 0.00000000099999999995 0.00000000099999999995 0.99999999499999991937 0.00000000099999999995 
0.00099500285986209866 0.17277118663315307878 0.00000000099999999999 0.63460757672654122263 0.00788180121256714869 0.18374443156787650944 
0.00685087498531491198 0.36833535263417571670 0.00000000099999999999 0.52543186515432038775 0.01549431564755615262 0.08388759057863286184 
0.00000137346101489653 0.17264490427217504820 0.00000000099999999999 0.64306795857205212297 0.00000000099999999999 0.18428576169475793800 
0.01285517867756246109 0.27832354125831243463 0.00000000099999999999 0.57680864937596731945 0.00007975859119666654 0.13193287109696122394 
0.01951892136940634043 0.44307931241937364986 0.00622951922151450919 0.53110731093251706270 0.00000000100000000000 0.00006493505718850320 
0.02965033610764667565 0.30794417877056629029 0.00000000099999999999 0.53258236726979113485 0.05425083205612043352 0.07557228479587548009 
0.00000000099999999998 0.32132975504417693458 0.00000000099999999998 0.48761907315642188943 0.00000000099999999998 0.19105116879940112207 
0.00000000099999999998 0.00000000099999999998 0.00000000099999999998 0.75781577474459094201 0.00000000099999999998 0.24218422125540906009 
0.01210333728512073131 0.26184901442324642895 0.00330973854310487097 0.72273790758312717042 0.00000000116540087658 0.00000000100000000000 
0.00144051584873236549 0.54203831105990718520 0.00000000099999999998 0.36628021159322987632 0.00000000099999999998 0.09024095949813053241 
0.00000000099999999998 0.00000000099999999998 0.00000000099999999998 0.99999999499999991937 0.00000000099999999998 0.00000000099999999998 
0.00000000099999999996 0.00000000099999999996 0.00000000099999999996 0.00000000099999999996 0.94630527867758262861 0.05369471732241742901 
0.00000000099999999999 0.27597137020478790248 0.00000000099999999999 0.70026673876068556979 0.02376188803452633155 0.00000000099999999999 
0.00000000099999999990 0.99999999500000003039 0.00000000099999999990 0.00000000099999999990 0.00000000099999999990 0.00000000099999999990 
0.00000000099999999981 0.00000000099999999981 0.00000000099999999981 0.00000000099999999981 0.00000000099999999981 0.99999999499999991937 
0.00001063495277576050 0.31212742752492467213 0.00000000099999999999 0.58252472200508920164 0.00000000099999999999 0.10533721351721057891 
0.99999999500000014141 0.00000000099999999979 0.00000000099999999979 0.00000000099999999979 0.00000000099999999979 0.00000000099999999979 
0.99999999500000003039 0.00000000099999999975 0.00000000099999999975 0.00000000099999999975 0.00000000099999999975 0.00000000099999999975 
0.00000000099999999997 0.00000000099999999997 0.00000000099999999997 0.74059689471133272054 0.00000000099999999997 0.25940310128866739259 
0.01099883675104523263 0.27085895578615143409 0.00000000099999999999 0.71814220446280330190 0.00000000099999999999 0.00000000099999999999 
0.00000000099999999997 0.00000000099999999997 0.00000000099999999997 0.68724511317510772468 0.00000000099999999997 0.31275488282489238845 
0.00000000099999999996 0.03534445691769337594 0.00000000099999999996 0.00000000099999999996 0.96465553908230650126 0.00000000099999999996 
0.35767267998267615603 0.45070350913588558273 0.00000000099999999994 0.00000000099999999994 0.19162380788143820731 0.00000000099999999994 
0.00000000099999999999 0.24267803567173706902 0.00000000099999999999 0.75732196032826304410 0.00000000099999999999 0.00000000099999999999 
0.00000000099999999975 0.00000000099999999975 0.99999999499999991937 0.00000000099999999975 0.00000000099999999975 0.00000000099999999975 
0.00000000099999999969 0.00000000099999999969 0.99999999500000003039 0.00000000099999999969 0.00000000099999999969 0.00000000099999999969 
0.00000000099999999969 0.00000000099999999969 0.99999999499999991937 0.00000000099999999969 0.00000000099999999969 0.00000000099999999969 
0.99999999500000003039 0.00000000099999999980 0.00000000099999999980 0.00000000099999999980 0.00000000099999999980 0.00000000099999999980 
0.99999999500000003039 0.00000000099999999976 0.00000000099999999976 0.00000000099999999976 0.00000000099999999976 0.00000000099999999976 
0.00000000099999999998 0.33218814411263131170 0.00000000099999999998 0.50068933709306973068 0.00000000099999999998 0.16712251579429890369 
0.00000000099999999997 0.00000000099999999997 0.00000000099999999997 0.00000000099999999997 0.99999999499999991937 0.00000000099999999997 
0.99999999500000014141 0.00000000099999999978 0.00000000099999999978 0.00000000099999999978 0.00000000099999999978 0.00000000099999999978 
0.00000000099999999995 0.99999999500000003039 0.00000000099999999995 0.00000000099999999995 0.00000000099999999995 0.00000000099999999995 
0.00000000099999999994 0.00000000099999999994 0.00000000099999999994 0.00000000099999999994 0.99999999500000003039 0.00000000099999999994 
0.99999999500000003039 0.00000000099999999981 0.00000000099999999981 0.00000000099999999981 0.00000000099999999981 0.00000000099999999981 
0.00388223579544029473 0.45083939649356824519 0.00000000099999999999 0.53202434783663832274 0.01325401787435310542 0.00000000099999999999 
0.99999999500000003039 0.00000000099999999978 0.00000000099999999978 0.00000000099999999978 0.00000000099999999978 0.00000000099999999978 
0.00000000099999999996 0.00000000099999999996 0.00000000099999999996 0.00000000099999999996 0.99999999500000003039 0.00000000099999999996 
0.00000000099999999993 0.00000000099999999993 0.00000000099999999993 0.00000000099999999993 0.99999999499999991937 0.00000000099999999993 
0.99999999500000014141 0.00000000099999999975 0.00000000099999999975 0.00000000099999999975 0.00000000099999999975 0.00000000099999999975 
0.99999999500000003039 0.00000000099999999977 0.00000000099999999977 0.00000000099999999977 0.00000000099999999977 0.00000000099999999977 
0.00000000099999999996 0.00000000099999999996 0.00000000099999999996 0.00000000099999999996 0.99999999499999991937 0.00000000099999999996 
0.00000000099999999996 0.00000000099999999996 0.00000000099999999996 0.00000000099999999996 0.99999999500000003039 0.00000000099999999996 
0.00000000099999999996 0.00000000099999999996 0.00000000099999999996 0.00000000123388676456 0.99999999476611323157 0.00000000099999999996 
0.99999999500000003039 0.00000000099999999981 0.00000000099999999981 0.00000000099999999981 0.00000000099999999981 0.00000000099999999981 
0.01697103998145171877 0.29508218194939384027 0.00000000100000000000 0.64068607710869385219 0.04726069830435742497 0.00000000165610319028 
0.01930195016262069990 0.00000000099999999998 0.00000000099999999998 0.98069804583737940629 0.00000000099999999998 0.00000000099999999998 
0.00000000099999999999 0.31343351029266613983 0.00000000099999999999 0.65984363222297959251 0.02672285448435430047 0.00000000099999999999 
0.00000000105116120674 0.39106751118183274984 0.00000000099999999999 0.51061601191885841455 0.00304792795970077997 0.09526854688844695052 
0.00000000099999999995 0.00000000099999999995 0.00000000099999999995 0.00000000099999999995 0.99999999499999991937 0.00000000099999999995 
0.00000000099999999998 0.00000000099999999998 0.00000000099999999998 0.99999999500000003039 0.00000000099999999998 0.00000000099999999998 
0.00000000099999999973 0.00000000099999999973 0.99999999500000003039 0.00000000099999999973 0.00000000099999999973 0.00000000099999999973 
0.00353640174723343767 0.48004979046362217243 0.00000000099999999998 0.47703917773394993729 0.00000000099999999998 0.03937462805519452436 
0.00000000099999999974 0.00000000099999999974 0.99999999499999991937 0.00000000099999999974 0.00000000099999999974 0.00000000099999999974 
0.00000000099999999999 0.44342369450749297144 0.00000000099999999999 0.50800162279181260150 0.03479913496712757487 0.01377554573356675610 
0.00000000099999999974 0.00000000099999999974 0.99999999500000003039 0.00000000099999999974 0.00000000099999999974 0.00000000099999999974 
0.00000000099999999998 0.18156345468359261219 0.00000000099999999998 0.55139956860505201508 0.00000000099999999998 0.26703697371135537431 
0.00000000099999999995 0.99999999500000003039 0.00000000099999999995 0.00000000099999999995 0.00000000099999999995 0.00000000099999999995 
0.00000000099999999994 0.00000000099999999994 0.00000000099999999994 0.00000000099999999994 0.99999999500000003039 0.00000000099999999994 
0.00000000099999999993 0.99999999500000003039 0.00000000099999999993 0.00000000099999999993 0.00000000099999999993 0.00000000099999999993 
0.00000000099999999975 0.00000000099999999975 0.99999999499999991937 0.00000000099999999975 0.00000000099999999975 0.00000000099999999975 
0.00000000099999999976 0.00000000099999999976 0.99999999500000003039 0.00000000099999999976 0.00000000099999999976 0.00000000099999999976 
0.00420102230519531390 0.26027447787289570424 0.00000000099999999999 0.46239856340841783977 0.07100936947090022433 0.20211656594259075348 
0.00000000099999999994 0.00000000099999999994 0.00000000099999999994 0.00000000099999999994 0.99999999499999991937 0.00000000099999999994 
0.99999999500000003039 0.00000000099999999981 0.00000000099999999981 0.00000000099999999981 0.00000000099999999981 0.00000000099999999981 
0.00000000099999999995 0.00000000099999999995 0.00000000099999999995 0.00000000099999999995 0.99999999499999991937 0.00000000099999999995 
0.00000000099999999999 0.29764322611597737733 0.00000000099999999999 0.50230843541323721979 0.02508451799837516094 0.17496381847241021523 
0.00000000099999999972 0.00000000099999999972 0.99999999500000003039 0.00000000099999999972 0.00000000099999999972 0.00000000099999999972 
0.99999999500000014141 0.00000000099999999973 0.00000000099999999973 0.00000000099999999973 0.00000000099999999973 0.00000000099999999973 
0.00000000099999999978 0.00000000099999999978 0.99999999499999991937 0.00000000099999999978 0.00000000099999999978 0.00000000099999999978 
0.01675175828676607817 0.33325029380716980620 0.00207177385080743650 0.54353834729270789072 0.00000000100000000000 0.10438782576254866663 
0.00000000099999999993 0.00000000099999999993 0.00000000099999999993 0.00000000099999999993 0.99999999499999991937 0.00000000099999999993 
0.00000000099999999995 0.00000000099999999995 0.00000000099999999995 0.00000000099999999995 0.99981391130375818488 0.00018608469624175673 
0.00000000099999999998 0.76021919386234071414 0.00000000099999999998 0.00000000099999999998 0.23978080213765926021 0.00000000099999999998 
0.01967628452356560975 0.24743619796517926646 0.00000000099999999999 0.57531935352968377462 0.00009726026213517163 0.15747090271943617323 
0.00000000099999999997 0.25726168672781130065 0.00000000099999999997 0.48123834770311785247 0.00000000099999999997 0.26149996256907076519 
0.00000000099999999998 0.35117888572765126876 0.00000000099999999998 0.47479740108990109437 0.00556098004403934344 0.16846273113840817826 
0.00000000099999999999 0.24824403437354525259 0.00000000099999999999 0.61258613966561425990 0.00000000099999999999 0.13916982296084035031 
0.00000000099999999997 0.25869358218764471058 0.00000000099999999997 0.60841244626960755415 0.00000000099999999997 0.13289396854274784787 
0.00000000099999999998 0.34080870591043099793 0.00000000099999999998 0.64730709517498752348 0.01188395792491629688 0.00000023898966509270 
0.00415303401956638139 0.27313630775945296758 0.00000000099999999999 0.57930419846724212629 0.00151958690543767066 0.14188687184830092725 
0.00000000099999999999 0.33827024136641781205 0.00000000099999999999 0.62631881311464243645 0.03541094251893947553 0.00000000099999999999 
0.00000000099999999995 0.00000000099999999995 0.00000000099999999995 0.00000000099999999995 0.99999999499999991937 0.00000000099999999995 
0.00000000099999999998 0.01071681863784927462 0.00000000099999999998 0.00000000099999999998 0.98928317736215076739 0.00000000099999999998 
0.00000000099999999984 0.00000000099999999984 0.99999999499999991937 0.00000000099999999984 0.00000000099999999984 0.00000000099999999984 
0.00000000099999999997 0.00000000099999999997 0.00000000099999999997 0.00000000099999999997 0.99999999500000003039 0.00000000099999999997 
0.00000000099999999998 0.00000000099999999998 0.00000000099999999998 0.00000000099999999998 0.99999997702709952918 0.00000001897290051803 
0.00322451514488559989 0.26689483173832867502 0.00000000099999999999 0.70237093701515351807 0.02750971410163214129 0.00000000099999999999 
0.00000000099999999968 0.00000000099999999968 0.99999999500000003039 0.00000000099999999968 0.00000000099999999968 0.00000000099999999968 
0.00000000099999999997 0.00000000099999999997 0.00000000099999999997 0.99999999500000003039 0.00000000099999999997 0.00000000099999999997 
0.00000000099999999997 0.00000000099999999997 0.00000000099999999997 0.99999999467828126765 0.00000000132171873848 0.00000000099999999997 
0.00000000099999999999 0.44510577467127904194 0.00000000099999999999 0.41973011075437127726 0.00000000099999999999 0.13516411157434954360 
0.00020434635019419420 0.22912082698775515510 0.00000000100000000000 0.60895636613832204720 0.01509555276337872128 0.14662290676035003023 
0.00000000099999999994 0.99999999500000003039 0.00000000099999999994 0.00000000099999999994 0.00000000099999999994 0.00000000099999999994 
0.00000000100000000000 0.25863647342902973403 0.00000000100000000000 0.62340795267268134250 0.03851534823617439734 0.07944022366211457575 
0.00011591943845114418 0.56850938294004715878 0.00000000099999999999 0.43137469462150168642 0.00000000099999999999 0.00000000099999999999 
0.00689219889834974224 0.25139860665724450550 0.00000000099999999999 0.64652175576497861176 0.01152113182106493001 0.08366630585836234979 
0.00506228203377528073 0.99493771396622465719 0.00000000099999999998 0.00000000099999999998 0.00000000099999999998 0.00000000099999999998 
0.00000000099999999998 0.00000000099999999998 0.00000000099999999998 0.74674346431049076767 0.00000000099999999998 0.25325653168950923444 
0.00000000099999999998 0.27536791148579264910 0.00000000099999999998 0.72463208451420735301 0.00000000099999999998 0.00000000099999999998 
0.01955819461658465930 0.39474254100230149467 0.00000000100000000000 0.42173244610733368054 0.01546826171436777725 0.14849855555941218754 
0.00038070156695150267 0.29089665259461094937 0.00000000099999999998 0.51981761824633121449 0.00000000099999999998 0.18890502559210631262 
0.00000000099999999999 0.32469047680897261676 0.00000000099999999999 0.57944728632410946734 0.00341872771086249461 0.09244350715605530178 
0.00000000099999999998 0.00000000099999999998 0.00000000099999999998 0.99999999500000003039 0.00000000099999999998 0.00000000099999999998 
0.00000000099999999998 0.47674319521195973604 0.00000000099999999998 0.49194307729147707109 0.03131372449656321527 0.00000000099999999998 
0.00260380718507625952 0.34893146052132190116 0.00000000100000000000 0.54393406140719202657 0.00840802089106099278 0.09612264899534866958 
0.00000000100000000000 0.32474509873960283324 0.00000000100000000000 0.63329693884026927453 0.04195795485645121420 0.00000000556367670695 
0.00000000099999999999 0.36556781862942039352 0.00000000099999999999 0.57327931009269850193 0.00000000099999999999 0.06115286827788120327 
0.00000000099999999998 0.44459822822715494572 0.00000000099999999998 0.40345782213097358682 0.01608329915055925138 0.13586064849131221366 
0.00743568721112685717 0.22626754999764253640 0.06702886759697941621 0.62655570518125913715 0.02118815890139407257 0.05152403111159808285 
0.00000000099999999994 0.99999999500000003039 0.00000000099999999994 0.00000000099999999994 0.00000000099999999994 0.00000000099999999994 
0.00000000099999999997 0.41963735903699656005 0.00000000099999999997 0.41920613365561359975 0.00556793441420134778 0.15558857089318847700 
0.00000000099999999997 0.22581093155855502808 0.00000000099999999997 0.54843030131524439508 0.00225470339619470621 0.22350406173000589294 
0.01263483407195341475 0.19652060779456576034 0.00000000099999999999 0.67170967155153482597 0.00000000099999999999 0.11913488458194600172 
0.00000000099999999996 0.00000000099999999996 0.00000000099999999996 0.99999999500000003039 0.00000000099999999996 0.00000000099999999996 
0.00126531704252148564 0.32326332534258023221 0.00002779148257363734 0.52570271073016461294 0.00000000210778754622 0.14974085329437250569 
0.00557022879009064394 0.45352798437426788958 0.00000000099999999999 0.44470428598764261130 0.00196445320188167166 0.09423304664611713288 
0.00000000099999999998 0.29440926600336864150 0.00000000099999999998 0.50331722760830122088 0.00000000099999999998 0.20227350338833008370 
0.00000000099999999996 0.00000000099999999996 0.00000000099999999996 0.98474724150973891312 0.01525275449026104908 0.00000000099999999996 
0.00000000099999999995 0.00000000099999999995 0.00000000099999999995 0.00000000099999999995 0.99999999499999991937 0.00000000099999999995 
0.00000000099999999998 0.00000000099999999998 0.00000000099999999998 0.00000000099999999998 0.99999999499999991937 0.00000000099999999998 
0.00000000099999999979 0.00000000099999999979 0.99999999500000003039 0.00000000099999999979 0.00000000099999999979 0.00000000099999999979 
0.99999999500000003039 0.00000000099999999974 0.00000000099999999974 0.00000000099999999974 0.00000000099999999974 0.00000000099999999974 
0.03056811020706883333 0.00000000099999999999 0.00000000099999999999 0.00000000099999999999 0.89155666851631865111 0.07787521827661257612 
0.00000000099999999998 0.32022920848442965047 0.00000000099999999998 0.66496051121577204324 0.01481027454947571147 0.00000000375032243924 
0.00000000100000000000 0.37373366007518526999 0.00000000100000000000 0.48805792855719454248 0.01950404749745325919 0.11870436187016689122 
0.00000000099999999998 0.00000000099999999998 0.00000000099999999998 0.00000000099999999998 0.96498738768637348784 0.03501260831362650039 
0.00000000099999999997 0.00000000099999999997 0.00000000099999999997 0.99999999499999991937 0.00000000099999999997 0.00000000099999999997 
0.01359621240743903378 0.34137110430020123353 0.00000000099999999998 0.64503268029235982794 0.00000000099999999998 0.00000000099999999998 
0.00375776888108136486 0.38067406274675547051 0.00000000099999999999 0.61556816537216318963 0.00000000099999999999 0.00000000099999999999 
0.00000000099999999972 0.00000000099999999972 0.99999999499999991937 0.00000000099999999972 0.00000000099999999972 0.00000000099999999972 
0.00000000099999999974 0.00000000099999999974 0.99999999499999991937 0.00000000099999999974 0.00000000099999999974 0.00000000099999999974 
0.00000000099999999969 0.00000000099999999969 0.99999999500000003039 0.00000000099999999969 0.00000000099999999969 0.00000000099999999969 
0.00000000099999999969 0.00000000099999999969 0.99999999499999991937 0.00000000099999999969 0.00000000099999999969 0.00000000099999999969 
0.00000000099999999970 0.00000000099999999970 0.99999999500000003039 0.00000000099999999970 0.00000000099999999970 0.00000000099999999970 
0.00000000099999999998 0.00000000099999999998 0.00000000099999999998 0.00000000099999999998 0.99999999500000003039 0.00000000099999999998 
0.00661834443904645454 0.51733420711703947958 0.00000000099999999999 0.47604744544391414118 0.00000000099999999999 0.00000000099999999999 
0.00000000099999999970 0.00000000099999999970 0.99999999499999991937 0.00000000099999999970 0.00000000099999999970 0.00000000099999999970 
0.00000000099999999975 0.00000000099999999975 0.99999999500000003039 0.00000000099999999975 0.00000000099999999975 0.00000000099999999975 
0.99999999500000003039 0.00000000099999999973 0.00000000099999999973 0.00000000099999999973 0.00000000099999999973 0.00000000099999999973 
0.99999999500000014141 0.00000000099999999973 0.00000000099999999973 0.00000000099999999973 0.00000000099999999973 0.00000000099999999973 
0.00000000099999999998 0.31271677808870479431 0.00000000099999999998 0.53179954298298870441 0.00000000099999999998 0.15548367592830641959 
0.00000000099999999972 0.00000000099999999972 0.99999999500000003039 0.00000000099999999972 0.00000000099999999972 0.00000000099999999972 
0.00000000100000000000 0.25832015654938045301 0.00000000100000000000 0.72685340621495508895 0.01482643423566442145 0.00000000100000000000 
0.00000000099999999998 0.26899155170792299341 0.00000000099999999998 0.62071162346588515391 0.00000000099999999998 0.11029682182619195141 
0.00000000099999999998 0.04119605248515589846 0.00000000099999999998 0.00000013687715792919 0.95873918825024906365 0.00006462038743724884 
0.00000000099999999998 0.18571820028715299578 0.00000000099999999998 0.63944354697335759052 0.00000000099999999998 0.17483824973948941528 
0.00000000099999999993 0.00000000099999999993 0.00000000099999999993 0.00000000099999999993 0.99999999499999991937 0.00000000099999999993 
0.00000000099999999998 0.43789036189675079047 0.00000000099999999998 0.37957533724130726460 0.00388492963938476396 0.17864936922255711393 
0.00000000099999999994 0.00000000099999999994 0.00000000099999999994 0.00000000099999999994 0.99999999500000003039 0.00000000099999999994 
0.01121705166606698674 0.37502680041527153287 0.00000000099999999999 0.45526848032863515003 0.00000588279097516663 0.15848178379905111801 
0.00172227654658874715 0.21829210480787189508 0.00000000099999999999 0.54949870569093872685 0.00000000099999999999 0.23048691095460058231 
0.00000000099999999975 0.00000000099999999975 0.99999999499999991937 0.00000000099999999975 0.00000000099999999975 0.00000000099999999975 
0.00000000099999999995 0.00000000099999999995 0.00000000099999999995 0.00000000099999999995 0.99999999500000003039 0.00000000099999999995 
0.00000000099999999970 0.00000000099999999970 0.99999999500000003039 0.00000000099999999970 0.00000000099999999970 0.00000000099999999970 
0.00000000099999999970 0.00000000099999999970 0.99999999500000003039 0.00000000099999999970 0.00000000099999999970 0.00000000099999999970 
0.00000000099999999999 0.51650890697422546793 0.00000000099999999999 0.38974529942642716085 0.00000000099999999999 0.09374579059934745606 
0.00000000099999999998 0.32980423128079544570 0.00000000099999999998 0.46144639105769763576 0.01215687900223840455 0.19659249665926850636 
0.00000000099999999998 0.33828081168547163848 0.00000000099999999998 0.65903447938241677129 0.00268470593211147905 0.00000000099999999998 
0.00000000099999999999 0.42240102259960515818 0.00000000099999999999 0.48409747285587023669 0.00000000099999999999 0.09350150154452448181 
0.00000000099999999997 0.35780532255387326179 0.00000000099999999997 0.31055368712785391683 0.00000000099999999997 0.33164098731827268418 
0.00328624543069476862 0.36201028552998743004 0.00000000099999999998 0.49870547738944648319 0.01044375447873564441 0.12555423617113561918 
0.00000000099999999998 0.26022439814394854318 0.00000000099999999998 0.54443249653293157575 0.00000000099999999998 0.19534310232311996591 
0.00000000099999999996 0.00000000099999999996 0.00000000099999999996 0.00000000099999999996 0.94613117550616421259 0.05386882049383576176 
0.00000000099999999998 0.29354761088572939309 0.00000000099999999998 0.58126321132558256277 0.00000000099999999998 0.12518917478868793469 
0.00000000099999999970 0.00000000099999999970 0.99999999500000003039 0.00000000099999999970 0.00000000099999999970 0.00000000099999999970 
0.00000000099999999999 0.29334460476517193461 0.00000000099999999999 0.54018080639784071817 0.00000000099999999999 0.16647458583698737655 
0.00000000099999999991 0.00000000099999999991 0.99999999500000003039 0.00000000099999999991 0.00000000099999999991 0.00000000099999999991 
0.00000000099999999974 0.00000000099999999974 0.99999999499999991937 0.00000000099999999974 0.00000000099999999974 0.00000000099999999974 
0.00000000099999999998 0.23857684200967022026 0.00000000099999999998 0.55333324021775431856 0.00008502234990038526 0.20800489342267508563 
0.00679927943056241220 0.39065957964471542674 0.00000000099999999999 0.60254113792472208111 0.00000000099999999999 0.00000000099999999999 
0.00000000099999999999 0.44683729466155353016 0.00000000099999999999 0.53589854980988094191 0.01726415252856534910 0.00000000099999999999 
0.00000000099999999977 0.00000000099999999977 0.99999999499999991937 0.00000000099999999977 0.00000000099999999977 0.00000000099999999977 
0.00000000099999999994 0.00000000099999999994 0.00000000099999999994 0.00000000099999999994 0.99999999499999991937 0.00000000099999999994 
0.00000000099999999994 0.00000000099999999994 0.00000000099999999994 0.00000000099999999994 0.99999999499999991937 0.00000000099999999994 
0.00000000099999999974 0.00000000099999999974 0.99999999500000003039 0.00000000099999999974 0.00000000099999999974 0.00000000099999999974 
0.00325154243099789976 0.40209965448882034611 0.00000000099999999999 0.58573871949361910882 0.00891008158656269277 0.00000000099999999999 
0.00000100518910040589 0.52463060526080718127 0.00000000099999999999 0.27995998953583584035 0.02727629647724676143 0.16813210253700991426 
0.00000000099999999975 0.00000000099999999975 0.99999999499999991937 0.00000000099999999975 0.00000000099999999975 0.00000000099999999975 
0.00000000099999999998 0.28098591904801384356 0.00000000099999999998 0.51851354890459933067 0.00000000099999999998 0.20050052904738671633 
0.00000000099999999993 0.00000000099999999993 0.00000000099999999993 0.00000000099999999993 0.99999999499999991937 0.00000000099999999993 
0.00000000099999999985 0.00000000099999999985 0.00000000099999999985 0.00000000099999999985 0.00000000099999999985 0.99999999500000003039 
0.00000000100000000000 0.22814947871128962720 0.00126401042268891911 0.64858461423977709082 0.02113438168007563886 0.10086751394616888522 
0.01169390205002575865 0.00000000099999999998 0.00000000099999999998 0.97057400930917203663 0.01773208564080215946 0.00000000099999999998 
0.01631461405098507192 0.22486747386252950442 0.00000000099999999999 0.75881776804478562326 0.00000014204169981117 0.00000000099999999999 
0.01091698738341941553 0.50112786855124968888 0.00000000099999999998 0.48795514106533088849 0.00000000099999999998 0.00000000099999999998 
0.00000000099999999996 0.00000000099999999996 0.00000000099999999996 0.70066714814518582521 0.00000000099999999996 0.29933284785481417689 
0.00000000099999999999 0.26620011928958436931 0.00000000099999999999 0.55594546300179514819 0.00000000099999999999 0.17785441470862053959 
0.01105243491963797849 0.34383359292320708755 0.00000000099999999999 0.54787183357712498921 0.00003348686489378605 0.09720865071513611066 
0.00000000099999999981 0.00000000099999999981 0.00000000099999999981 0.00000000099999999981 0.00000000099999999981 0.99999999500000003039 
0.00000000099999999996 0.00000000099999999996 0.00000000099999999996 0.00000000099999999996 0.99999999499999991937 0.00000000099999999996 
0.00000000099999999998 0.27175347131020338720 0.00000000099999999998 0.50359810802346138825 0.00339497387777432970 0.22125344478856084907 
0.00000000099999999997 0.00000000099999999997 0.00000000099999999997 0.82087908285448973889 0.00000000099999999997 0.17912091314551029098 
0.00000000099999999999 0.15035271854533657776 0.00000000099999999999 0.64857001993081697666 0.03593399962713886980 0.16514325989670769479 
0.00000000099999999998 0.32717965514235497482 0.00000000099999999998 0.53178249418922374225 0.00877209333440553442 0.13226575533401557783 
0.00211187236473085217 0.25899891524394225151 0.00000765501498034695 0.70174491715359521571 0.03713663922275133034 0.00000000100000000000 
0.00000000099999999999 0.33059873310898896248 0.00000000099999999999 0.62757628403337839540 0.00000000099999999999 0.04182497985763256737 
0.00000000099999999999 0.44318215292139218064 0.00000000099999999999 0.45351660488476935873 0.00239852387396788814 0.10090271631987066114 
0.00000000099999999997 0.00000000099999999997 0.00000000099999999997 0.01431730363617953437 0.98568269236382033416 0.00000000099999999997 
0.00000000099999999997 0.00000000099999999997 0.00000000099999999997 0.63131034706544542079 0.00000000099999999997 0.36868964893455458132 
0.00891966838256068491 0.46259205193479835394 0.00000000099999999999 0.52837738327973893249 0.00011089440290207256 0.00000000099999999999 
0.00000000100000000000 0.34435838869125134920 0.01019764053121232847 0.63367137469990786336 0.01177259407762821890 0.00000000100000000000 
0.00000000099999999996 0.00000000099999999996 0.00000000099999999996 0.00000000099999999996 0.95159056145121556636 0.04840943454878452595 
0.00000000100000000000 0.24861400589286866691 0.01877790761401303479 0.63580610191735731362 0.02409713786812352210 0.07270484570763741106 
0.00758420552602276019 0.34916050029554535072 0.00000000100000000000 0.63084229283468629124 0.01241299934374568391 0.00000000100000000000 
0.00000000099999999998 0.00001689612523790916 0.00000000099999999998 0.29276703872968751208 0.46145383971034253934 0.24576222343473208554 
0.00000000099999999997 0.38471183756909094198 0.00000000099999999997 0.59602507218416722612 0.01926308724674166695 0.00000000099999999997 
0.00000000099999999976 0.00000000099999999976 0.99999999500000003039 0.00000000099999999976 0.00000000099999999976 0.00000000099999999976 
0.01395998749127647792 0.28904286854248223415 0.00000000099999999999 0.54493746407595311521 0.00884248307805921355 0.14321719581222897011 
0.00000000099999999999 0.00000000099999999999 0.00000000099999999999 0.98018075559275519293 0.01981924040724483693 0.00000000099999999999 
