0.02609847901899324182 0.00779211273068907816 0.96579054067062819477 0.00031886757968956270 
0.00000000099999999996 0.99999999699999997382 0.00000000099999999996 0.00000000099999999996 
0.00000000099999999996 0.99999999700000008485 0.00000000099999999996 0.00000000099999999996 
0.00554138639608948470 0.04272592802555405522 0.95173268457835646927 0.00000000099999999999 
0.01324279827262227552 0.00031111748535750725 0.98644608324202021077 0.00000000100000000000 
0.00639082535591944077 0.03048098935453756597 0.96312818428954305450 0.00000000099999999999 
0.00000000099999999997 0.99999999700000008485 0.00000000099999999997 0.00000000099999999997 
0.00000000099999999995 0.99999999699999997382 0.00000000099999999995 0.00000000099999999995 
0.01973884353770406080 0.00877695825132083704 0.97148419721097512003 0.00000000099999999999 
0.00000000099999999997 0.99999999699999997382 0.00000000099999999997 0.00000000099999999997 
0.01378909760057490767 0.01771521061747890341 0.96849569078194608363 0.00000000100000000000 
0.01153502917493464362 0.02249666561084488758 0.96596830421422041901 0.00000000099999999999 
0.00883034935579713083 0.00509146027773015909 0.98607818936647262387 0.00000000100000000000 
0.01968271568843790384 0.01043880575034580351 0.96987847756121614573 0.00000000100000000000 
0.02164075840025095690 0.00112868292612673411 0.97113397056302031007 0.00609658811060204749 
0.03332727105345856256 0.06094828331526497972 0.90572444463127632641 0.00000000099999999999 
0.00025685948691918565 0.00734032665831359146 0.99240281285476716899 0.00000000100000000000 
0.00654516644202113480 0.00000000100000000000 0.98806843225672924547 0.00538640030124973909 
0.01150093269341575901 0.00313343167001591070 0.97719708353134970835 0.00816855210521858985 
0.00795609490215941004 0.00070061564882639498 0.99134328844901420386 0.00000000099999999998 
0.00001214442305364656 0.00378892957222587163 0.99619892417606459301 0.00000000182865586776 
0.00000000099999999998 0.99999972448062379726 0.00000027351937611314 0.00000000099999999998 
0.00000000736543229674 0.03021662876189865066 0.96978336287266908577 0.00000000100000000000 
0.00410532481309063262 0.03776198628519561451 0.95813268790171368661 0.00000000099999999999 
0.00000067860223995871 0.03324155684234422065 0.96675776355541587215 0.00000000099999999999 
0.00690737835171753318 0.00000000099999999999 0.99309261964828243752 0.00000000099999999999 
0.99999999700000008485 0.00000000099999999988 0.00000000099999999988 0.00000000099999999988 
0.99999999699999997382 0.00000000099999999986 0.00000000099999999986 0.00000000099999999986 
0.01172773433919222473 0.00518541793025878613 0.98308684598173223801 0.00000000174881668305 
0.01500760543254782940 0.00000027664948274332 0.98499211691796950685 0.00000000099999999999 
0.00000060631009116220 0.02938694613482601206 0.97061244655508283063 0.00000000099999999999 
0.00000000099999999998 0.99999999700000008485 0.00000000099999999998 0.00000000099999999998 
0.36100562360314408794 0.24039874794882040709 0.39859562744803533896 0.00000000099999999997 
0.00110601757562895373 0.00030461734413165630 0.99858936408023946107 0.00000000099999999999 
0.00000000099999999986 0.00000000099999999986 0.00000000099999999986 0.99999999700000008485 
0.00000000099999999982 0.00000000099999999982 0.00000000099999999982 0.99999999700000008485 
0.00000000099999999982 0.00000000099999999982 0.00000000099999999982 0.99999999700000008485 
0.99999999700000008485 0.00000000099999999988 0.00000000099999999988 0.00000000099999999988 
0.99999999700000008485 0.00000000099999999987 0.00000000099999999987 0.00000000099999999987 
0.00363504811831672197 0.00199111665236042200 0.99437383422932290600 0.00000000099999999999 
0.00000000099999999998 0.99999999691901675369 0.00000000108098329559 0.00000000099999999998 
0.99999999699999997382 0.00000000099999999987 0.00000000099999999987 0.00000000099999999987 
0.01218902037597068173 0.02781101861778231821 0.95999996000624698844 0.00000000099999999999 
0.00000000099999999996 0.99999999700000008485 0.00000000099999999996 0.00000000099999999996 
0.99999999699999997382 0.00000000099999999989 0.00000000099999999989 0.00000000099999999989 
0.00999363397061031958 0.01944349841067964657 0.97056286661871005172 0.00000000099999999999 
0.99999999700000008485 0.00000000099999999987 0.00000000099999999987 0.00000000099999999987 
0.00000000099999999997 0.99999999699999997382 0.00000000099999999997 0.00000000099999999997 
0.00000000099999999995 0.99999999700000008485 0.00000000099999999995 0.00000000099999999995 
0.99999999699999997382 0.00000000099999999986 0.00000000099999999986 0.00000000099999999986 
0.99999999700000008485 0.00000000099999999987 0.00000000099999999987 0.00000000099999999987 
0.00000000099999999997 0.99999999699999997382 0.00000000099999999997 0.00000000099999999997 
0.00000000099999999996 0.99999999700000008485 0.00000000099999999996 0.00000000099999999996 
0.00000000099999999997 0.99999987268043710742 0.00000012531956280217 0.00000000099999999997 
0.99999999699999997382 0.00000000099999999989 0.00000000099999999989 0.00000000099999999989 
0.01960705608650435000 0.04856166907403867278 0.93183122676074092716 0.00000004807871610564 
0.03021663708086276198 0.00205936196673408732 0.96772399995240310222 0.00000000100000000000 
0.00000000099999999999 0.02962302745640996854 0.97037695724129946484 0.00000001430229060072 
0.00448992692656143173 0.01747932051580749352 0.97803075155763108395 0.00000000099999999999 
0.00000000099999999996 0.99999999700000008485 0.00000000099999999996 0.00000000099999999996 
0.00982050716749813778 0.00050109283899966246 0.98807944541127490368 0.00159895458222729251 
0.00000000099999999985 0.00000000099999999985 0.00000000099999999985 0.99999999699999997382 
0.00938107660042622818 0.01001081872014367852 0.98060810367943007648 0.00000000099999999998 
0.00000000099999999985 0.00000000099999999985 0.00000000099999999985 0.99999999699999997382 
0.00119959698263129148 0.04651785911655290789 0.95228254290081582045 0.00000000100000000000 
0.00000000099999999986 0.00000000099999999986 0.00000000099999999986 0.99999999699999997382 
0.00572101926926916245 0.01248048157900702101 0.98179849815172393068 0.00000000099999999999 
0.01073223402874308799 0.01525377247986362851 0.97401393771364508378 0.00000005577774820389 
0.00000000099999999995 0.99999999699999997382 0.00000000099999999995 0.00000000099999999995 
0.00000000099999999998 0.00000000099999999998 0.99999999699999986280 0.00000000099999999998 
0.00000000099999999985 0.00000000099999999985 0.00000000099999999985 0.99999999699999997382 
0.00000000099999999987 0.00000000099999999987 0.00000000099999999987 0.99999999699999997382 
0.01487238466866940521 0.08715805045249795657 0.89796956387883264394 0.00000000099999999999 
0.00000000099999999995 0.99999999699999997382 0.00000000099999999995 0.00000000099999999995 
0.99999999699999997382 0.00000000099999999989 0.00000000099999999989 0.00000000099999999989 
0.00000000099999999996 0.99999999700000008485 0.00000000099999999996 0.00000000099999999996 
0.00000006074452509123 0.04192568370985852444 0.95687322521828455102 0.00120103032733189646 
0.00000000099999999984 0.00000000099999999984 0.00000000099999999984 0.99999999700000008485 
0.99999999700000008485 0.00000000099999999985 0.00000000099999999985 0.00000000099999999985 
0.00000000099999999987 0.00000000099999999987 0.00000000099999999987 0.99999999700000008485 
0.02166196881669141261 0.00227046385270974994 0.97286557476768642516 0.00320199256291246129 
0.00000000099999999995 0.99999999700000008485 0.00000000099999999995 0.00000000099999999995 
0.00000000099999999996 0.99999999700000008485 0.00000000099999999996 0.00000000099999999996 
0.00462501986111176020 0.23598276732521644705 0.75939221181367178026 0.00000000099999999999 
0.02492497293806918146 0.00601209084025963476 0.96906293522167119558 0.00000000100000000000 
0.00000009720401561943 0.01459136871310062582 0.98540853308288367529 0.00000000099999999999 
0.00000000099999999999 0.02888773317670441723 0.97111226482329560117 0.00000000099999999999 
0.00261431594135585468 0.00045341319403720276 0.99693226986460692363 0.00000000100000000000 
0.00000000099999999998 0.00000005956390968724 0.99999993843609025213 0.00000000099999999998 
0.00081896442054285373 0.01485639745170548934 0.98432463712775164488 0.00000000099999999999 
0.01065966315458048014 0.01318102099000755152 0.97615931485541185264 0.00000000099999999999 
0.00000130579390170741 0.04182863333985250426 0.95817002926353467274 0.00000003160271104544 
0.00000000099999999996 0.99999999700000008485 0.00000000099999999996 0.00000000099999999996 
0.00000000099999999998 0.99996688372983255633 0.00003311427016743159 0.00000000099999999998 
0.00000000099999999991 0.00000000099999999991 0.00000000099999999991 0.99999999700000008485 
0.00000000099999999998 0.99999999699999997382 0.00000000099999999998 0.00000000099999999998 
0.00000000099999999998 0.99999967871267902986 0.00000031928732106651 0.00000000099999999998 
0.01052105495167436622 0.02710523529720608449 0.96237370875111960533 0.00000000099999999999 
0.00000000099999999982 0.00000000099999999982 0.00000000099999999982 0.99999999700000008485 
0.00828388195385365567 0.00000117636565300382 0.99171494068049326209 0.00000000100000000000 
0.00846457980069148519 0.02119838277910247523 0.97033703642020607827 0.00000000099999999999 
0.01004979048815578778 0.00456876710831230232 0.98337523062669141005 0.00200621177684044000 
0.00703453900515375700 0.02893473533500279249 0.96403072465984351869 0.00000000100000000000 
0.00059889587303711461 0.00677415500844256654 0.99232724711602715573 0.00029970200249320020 
0.00012887706473231150 0.04243938514039644755 0.95743171591641340612 0.00000002187845772675 
0.00906188367057901567 0.00174732892494173630 0.98919078640447921646 0.00000000100000000000 
0.01125459555897245605 0.01655278571960474773 0.97219261772142273603 0.00000000100000000000 
0.03208110014451527603 0.01617711693238138224 0.94731143412837737205 0.00443034879472604167 
0.01506211713265566757 0.00761782382319980272 0.97732005804414445738 0.00000000099999999999 
0.00000000099999999999 0.00059674568770063405 0.99940325231229931724 0.00000000099999999999 
0.02873177310602487849 0.02709054005762177170 0.94322772016684075513 0.00094996666951261452 
0.01409972051351962054 0.00000038603204609168 0.98589989245443421240 0.00000000099999999999 
0.00066884683144101951 0.01474861616456425717 0.98458253458062705565 0.00000000242336759350 
0.00151182304042398472 0.00159554241995674877 0.99689263353961921066 0.00000000099999999999 
0.00000000099999999999 0.03752994691595476495 0.96247005108404526386 0.00000000099999999999 
0.01098042901982031194 0.01875743513783802857 0.97026213484234169471 0.00000000100000000000 
0.00000002426762309484 0.04444531559352882244 0.95555465188988120140 0.00000000824896691568 
0.00193121648112563578 0.00737583834116513088 0.99069294417770925598 0.00000000100000000000 
0.00240717575707512666 0.02929948351493667780 0.96829333972798825592 0.00000000099999999999 
0.00712053203796351140 0.02778768327054239456 0.89703812804245619539 0.06805365664903773038 
0.00000023112294237164 0.00720846801726178488 0.99279129985979575057 0.00000000099999999999 
0.00000000099999999998 0.02169218790073360742 0.97830781009926648384 0.00000000099999999998 
0.00000030840875303494 0.03064438513046661636 0.96935530546078030323 0.00000000099999999998 
0.01929801552896315969 0.00213681894308273687 0.97856516452795405669 0.00000000099999999999 
0.00000000099999999998 0.01806506105149890268 0.98193493694850109144 0.00000000099999999998 
0.00853484675611519868 0.00746201747233658959 0.98037922300148072630 0.00362391277006751536 
0.00890778629861986408 0.01551459201510981857 0.97557762068627018603 0.00000000099999999999 
0.00298235293997896550 0.00000105213595664451 0.99701659392406438709 0.00000000099999999999 
0.00000000099999999998 0.03735765873285130240 0.96264233926714859457 0.00000000099999999998 
0.00000000099999999996 0.99999999699999997382 0.00000000099999999996 0.00000000099999999996 
0.00000000099999999998 0.99999943943833247140 0.00000055856166754535 0.00000000099999999998 
0.00000000099999999988 0.00000000099999999988 0.00000000099999999988 0.99999999699999997382 
0.99999999699999997382 0.00000000099999999985 0.00000000099999999985 0.00000000099999999985 
0.03982284299155874202 0.91385085383089437183 0.04632630217754694912 0.00000000100000000000 
0.00000000099999999998 0.01710684271466480708 0.98289315528533527377 0.00000000099999999998 
0.00461252310195499771 0.03198584429640456694 0.96340161874437535428 0.00000001385726507075 
0.00395380085998350752 0.99604619692983686896 0.00000000121017967666 0.00000000099999999999 
0.00000001569929457420 0.02273208044345894491 0.97726790285724640661 0.00000000099999999999 
0.01524957648325846356 0.00308565650063958533 0.98166476601610186403 0.00000000099999999998 
0.00613060596565724765 0.00000000124023837192 0.99386939179410438427 0.00000000099999999999 
0.00000000099999999984 0.00000000099999999984 0.00000000099999999984 0.99999999700000008485 
0.00000000099999999985 0.00000000099999999985 0.00000000099999999985 0.99999999700000008485 
0.00000000099999999982 0.00000000099999999982 0.00000000099999999982 0.99999999699999997382 
0.00000000099999999983 0.00000000099999999983 0.00000000099999999983 0.99999999700000008485 
0.00000000099999999983 0.00000000099999999983 0.00000000099999999983 0.99999999700000008485 
0.00000000099999999998 0.99999999700000008485 0.00000000099999999998 0.00000000099999999998 
0.01467397916206592684 0.00558862554649864739 0.97973739429143547053 0.00000000100000000000 
0.00000000099999999983 0.00000000099999999983 0.00000000099999999983 0.99999999699999997382 
0.00000000099999999985 0.00000000099999999985 0.00000000099999999985 0.99999999699999997382 
0.99999999700000008485 0.00000000099999999985 0.00000000099999999985 0.00000000099999999985 
0.99999999699999997382 0.00000000099999999985 0.00000000099999999985 0.00000000099999999985 
0.00000001340966381553 0.00000000100000000000 0.99999998459033612175 0.00000000100000000000 
0.00000000099999999984 0.00000000099999999984 0.00000000099999999984 0.99999999699999997382 
0.00000079902883996753 0.02035337119878389764 0.97958524414403591596 0.00006058562834024746 
0.00240448782471590220 0.00000061556823509207 0.99759489560704883715 0.00000000099999999999 
0.00000000099999999998 0.96151896963531746643 0.03848102836468252075 0.00000000099999999998 
0.00005923016090366450 0.01520325436282234967 0.98473751447627400069 0.00000000099999999999 
0.00000000099999999995 0.99999999700000008485 0.00000000099999999995 0.00000000099999999995 
0.00889727702038601090 0.02610317690363564078 0.96499954507597829334 0.00000000099999999999 
0.00000000099999999995 0.99999999700000008485 0.00000000099999999995 0.00000000099999999995 
0.02051425388650611817 0.01636533699123662519 0.96312040812225718778 0.00000000100000000000 
0.01617448612083056958 0.00002759367654462937 0.98379791920262493754 0.00000000100000000000 
0.00000000099999999986 0.00000000099999999986 0.00000000099999999986 0.99999999699999997382 
0.00000000099999999996 0.99999999699999997382 0.00000000099999999996 0.00000000099999999996 
0.00000000099999999983 0.00000000099999999983 0.00000000099999999983 0.99999999700000008485 
0.00000000099999999983 0.00000000099999999983 0.00000000099999999983 0.99999999700000008485 
0.00129462985240576907 0.01292839925234711904 0.98577696989524699056 0.00000000100000000000 
0.00059541804040203232 0.03203703119270361749 0.96736754976689443009 0.00000000099999999999 
0.00000000099999999998 0.01146805059450745588 0.98853194740549255037 0.00000000099999999998 
0.00625708306235524606 0.00507568908126917497 0.98866722685637542511 0.00000000099999999999 
0.01582891653929631437 0.01039783586624587475 0.97377324659445774202 0.00000000099999999999 
0.01064192676216462255 0.02219278262337388841 0.96716528961446146528 0.00000000099999999999 
0.00000113771343297837 0.00000016255864973187 0.99999869872791724568 0.00000000100000000000 
0.00000000099999999998 0.99778060072017105142 0.00221939727982889239 0.00000000099999999998 
0.00015784260170991735 0.00000000099999999999 0.99984215539829002228 0.00000000099999999999 
0.00000000099999999983 0.00000000099999999983 0.00000000099999999983 0.99999999699999997382 
0.00337395261068447732 0.00254574411412545037 0.99408030227519006417 0.00000000100000000000 
0.00000000099999999994 0.00000000099999999994 0.00000000099999999994 0.99999999700000008485 
0.00000000099999999985 0.00000000099999999985 0.00000000099999999985 0.99999999699999997382 
0.00001796920129366244 0.02802135630646450035 0.97196067349224180010 0.00000000099999999999 
0.01266514642881201406 0.00000018027700086921 0.98733467229418703237 0.00000000099999999999 
0.00000000100000000000 0.02426153047733704826 0.97573620969937047143 0.00000225882329253412 
0.00000000099999999987 0.00000000099999999987 0.00000000099999999987 0.99999999699999997382 
0.00000000099999999996 0.99999999699999997382 0.00000000099999999996 0.00000000099999999996 
0.00000000099999999996 0.99999999699999997382 0.00000000099999999996 0.00000000099999999996 
0.00000000099999999985 0.00000000099999999985 0.00000000099999999985 0.99999999699999997382 
0.01015080961477025229 0.01090967804458601968 0.97893951134064360886 0.00000000100000000000 
0.01606495107724436808 0.04391903414113660503 0.94001601378161903089 0.00000000100000000000 
0.00000000099999999986 0.00000000099999999986 0.00000000099999999986 0.99999999699999997382 
0.01085287649836061928 0.00922082171013314904 0.97992630079150633282 0.00000000099999999999 
0.00000000099999999995 0.99999999700000008485 0.00000000099999999995 0.00000000099999999995 
0.11194453347795164933 0.23668302673885754928 0.54462360570330259346 0.10674883407988823569 
0.00000003444760379129 0.03189077438890580707 0.96351987311303299855 0.00458931805045735466 
0.01601348175706094820 0.03790929030147528050 0.94607722694146367814 0.00000000099999999999 
0.01843490043309522694 0.00291307730028830683 0.97865202126661643423 0.00000000099999999999 
0.01475383564779351661 0.00012007772474833930 0.98512608562745818119 0.00000000099999999999 
0.00603453819137907306 0.00000000099999999999 0.99396545980862083258 0.00000000099999999999 
0.00000000099999999999 0.01110040080584104652 0.98889959719415898576 0.00000000099999999999 
0.01649760312275979149 0.01029262676141822451 0.97320976911582190993 0.00000000099999999999 
0.00824446949711763952 0.02659967671044927151 0.95683212004851714294 0.00832373374391588532 
0.00000000099999999997 0.99999999699999997382 0.00000000099999999997 0.00000000099999999997 
0.01043075883478695488 0.02267993293351077549 0.96688930723170218862 0.00000000099999999999 
0.01018330074229082879 0.00000063422092921523 0.98981606403677990791 0.00000000099999999999 
0.00557580645469941440 0.04950846388830804773 0.94491572865699247075 0.00000000100000000000 
0.00000000099999999999 0.02127081930313542979 0.97872917869686459902 0.00000000099999999999 
0.00552467803388843794 0.03712407827327710019 0.95489411480675212562 0.00245712888608240216 
0.00056814461625245057 0.00000219238903642365 0.99942966199471106048 0.00000000099999999999 
0.00227390889026761380 0.01875174465577283262 0.97897434545395967120 0.00000000100000000000 
0.00000000099999999998 0.99790537104704479798 0.00209462695295521608 0.00000000099999999998 
0.02088245594646129244 0.02367039341622340087 0.95544714963731536272 0.00000000099999999999 
0.01366109877767985280 0.00990587137190224350 0.97643302885041793893 0.00000000099999999999 
0.00025199274261810745 0.01438677284940454056 0.97427751854262534259 0.01108371586535209820 
0.00000000099999999998 0.99999920298798050666 0.00000079501201949452 0.00000000099999999998 
0.00000116336819092420 0.02949592461721186124 0.95122737827156966794 0.01927553374302761260 
0.01260345846734069880 0.01302217108648637441 0.97437436944617283885 0.00000000100000000000 
0.01193209772349778687 0.48183650673886174731 0.50623139453764032236 0.00000000099999999999 
0.00000000099999999998 0.03022258101327829349 0.96977741698672170756 0.00000000099999999998 
0.00000000099999999986 0.00000000099999999986 0.00000000099999999986 0.99999999700000008485 
0.01979602693458775223 0.02088229806181251397 0.95932167400359980025 0.00000000099999999999 
0.00787833118666829944 0.02947646496333518329 0.96264520284999655075 0.00000000100000000000 
