0.01192065749303695271 0.97525899060663778783 0.01282035190032519353 
0.00000000099999999998 0.00000000099999999998 0.99999999800000005656 
0.00000000099999999997 0.00000000099999999997 0.99999999800000005656 
0.00000000099999999999 0.95558909091322929985 0.04441090808677072149 
0.00015655704210448934 0.99841201903413401286 0.00143142392376140073 
0.00000000099999999999 0.96667738160228666722 0.03332261739771336800 
0.00000000099999999998 0.00000000099999999998 0.99999999799999994554 
0.00000000099999999997 0.00000000099999999997 0.99999999800000005656 
0.00000000100000000000 0.98735982086586615569 0.01264017813413382402 
0.00000000099999999998 0.00000000099999999998 0.99999999799999994554 
0.00000001151668097583 0.98144897965800992345 0.01855100882530915860 
0.00000000099999999999 0.97463604233914535868 0.02536395666085467654 
0.00000000100000000000 0.99364460789909636595 0.00635539110090365365 
0.00147526803426822743 0.98147817381291679872 0.01704655815281497927 
0.01621161130715265131 0.98152329844030328232 0.00226509025254409586 
0.01292390045742053580 0.91959704215078386103 0.06747905739179559104 
0.00000000099999999999 0.99289752012812182436 0.00710247887187823428 
0.00731097848529212429 0.99268902051470797598 0.00000000100000000000 
0.01161982838117778423 0.98206003232193339603 0.00632013929688882235 
0.00000000099999999999 0.99716816441019295869 0.00283183458980694599 
0.00000000100000000000 0.99720075643268812904 0.00279924256731177434 
0.00000000099999999998 0.00000000099999999998 0.99999999800000005656 
0.00000000099999999999 0.97007015669292862015 0.02992984230707150528 
0.00000000099999999999 0.96152164732323908147 0.03847835167676087742 
0.00000000099999999999 0.96628791564668459202 0.03371208335331554728 
0.00000000099999999999 0.99999999799999994554 0.00000000099999999999 
0.78869153763870869511 0.04103062557163877910 0.17027783678965252578 
0.80428685850479175734 0.00608058723911949171 0.18963255425608865901 
0.00015753789347960396 0.99327896442020913170 0.00656349768631126016 
0.00000000100000000000 0.99999992726687347844 0.00000007173312657595 
0.00000000099999999999 0.97139394202593909444 0.02860605697406094772 
0.00000000099999999998 0.00000000099999999998 0.99999999799999994554 
0.24169827847903932461 0.45114939445145163521 0.30715232706950906794 
0.00000000099999999999 0.99985631009298470140 0.00014368890701526991 
0.99999999800000005656 0.00000000099999999989 0.00000000099999999989 
0.99999999800000005656 0.00000000099999999986 0.00000000099999999986 
0.99999999799999994554 0.00000000099999999987 0.00000000099999999987 
0.79595531899924654162 0.06279169278183678593 0.14125298821891671408 
0.80096671400833285848 0.02851338457941021698 0.17051990141225698006 
0.00000000099999999999 0.99814096652965200729 0.00185903247034806349 
0.00000000099999999998 0.00000000099999999998 0.99999999800000005656 
0.78705148852316419994 0.06129583485228984330 0.15165267662454592901 
0.00000000100000000000 0.97004277176224584789 0.02995722723775414570 
0.00000000099999999997 0.00000000099999999997 0.99999999800000005656 
0.78823746637683911320 0.02747954341003465764 0.18428299021312613548 
0.00000000099999999999 0.97628054260228558370 0.02371945639771454867 
0.78991117105694652611 0.04069369981014833021 0.16939512913290519225 
0.00000000099999999998 0.00000000099999999998 0.99999999800000005656 
0.00000000099999999996 0.00000000099999999996 0.99999999799999994554 
0.79246584265884256748 0.01796907565274166729 0.18956508168841573747 
0.80237295976083222726 0.03816581256173843389 0.15946122767742929027 
0.00000000099999999998 0.00000000099999999998 0.99999999800000005656 
0.00000000099999999998 0.00000000099999999998 0.99999999799999994554 
0.00000000099999999998 0.00000000449474991862 0.99999999450525012268 
0.79293862949589133393 0.03780926853587247838 0.16925210196823606279 
0.00568493614012104045 0.94300958312831029140 0.05130548073156866729 
0.01476472628656948574 0.97437968069832037177 0.01085559301511023964 
0.00000000099999999999 0.97266903851977670747 0.02733096048022331040 
0.00000000099999999999 0.98162400074044409148 0.01837599825955604782 
0.00000000099999999998 0.00000000099999999998 0.99999999800000005656 
0.00496684674311633975 0.99447426173975206343 0.00055889151713163065 
0.99999999800000005656 0.00000000099999999988 0.00000000099999999988 
0.00000000099999999999 0.98460384576388260136 0.01539615323611741651 
0.99999999800000005656 0.00000000099999999989 0.00000000099999999989 
0.00000000100000000000 0.95359650582911592576 0.04640349317088409559 
0.99999999800000005656 0.00000000099999999988 0.00000000099999999988 
0.00000000099999999999 0.98631826939806022114 0.01368172960193983489 
0.00076450935671985723 0.98243115128980140760 0.01680433935347866448 
0.00000000099999999997 0.00000000099999999997 0.99999999799999994554 
0.00000000099999999999 0.99999754005293306491 0.00000245894706692422 
0.99999999800000005656 0.00000000099999999988 0.00000000099999999988 
0.99999999800000005656 0.00000000099999999989 0.00000000099999999989 
0.00000000100000000000 0.90825763175980944730 0.09174236724019052547 
0.00000000099999999997 0.00000000099999999997 0.99999999799999994554 
0.77096640050336728844 0.07076035933201056671 0.15827324016462213097 
0.00000000099999999997 0.00000000099999999997 0.99999999800000005656 
0.00000000139707906355 0.95964687907028745073 0.04035311953263354123 
0.99999999799999994554 0.00000000099999999987 0.00000000099999999987 
0.81086704325818426131 0.02830080188318744028 0.16083215485862845107 
0.99999999799999994554 0.00000000099999999991 0.00000000099999999991 
0.01442280390451624802 0.98097784953099886884 0.00459934656448488226 
0.00000000099999999997 0.00000000099999999997 0.99999999799999994554 
0.00000000099999999998 0.00000000099999999998 0.99999999799999994554 
0.00000000099999999999 0.76312124585373364294 0.23687875314626646861 
0.00001014298668780625 0.99104048872059824493 0.00894936829271398594 
0.00000000099999999999 0.98565450443102298195 0.01434549456897707929 
0.00000000099999999999 0.97137908327198585479 0.02862091572801426717 
0.00000000099999999999 0.99854825390278600938 0.00145174509721394496 
0.00000000099999999999 0.99999999799999994554 0.00000000099999999999 
0.00000000099999999999 0.98306078982316535964 0.01693920917683460620 
0.00000000099999999999 0.98210502651274134145 0.01789497248725872847 
0.00000000100000000000 0.96046213822739423538 0.03953786077260591086 
0.00000000099999999998 0.00000000099999999998 0.99999999800000005656 
0.00000000099999999999 0.00049454405089394452 0.99950545494910603139 
0.99999999800000005656 0.00000000099999999992 0.00000000099999999992 
0.00000000099999999998 0.00000000099999999998 0.99999999800000005656 
0.00000000099999999999 0.00000000280381409069 0.99999999619618584745 
0.00000000099999999999 0.97092810928674044835 0.02907188971325965626 
0.99999999799999994554 0.00000000099999999986 0.00000000099999999986 
0.00000301016329425402 0.99999698205466525103 0.00000000778204048989 
0.00000000099999999999 0.97790027019801539776 0.02209972880198471032 
0.00867514585463813152 0.98693455546383790367 0.00439029868152401252 
0.00000000265578921224 0.96967009356407596332 0.03032990378013471905 
0.00000000465320349254 0.99327086612619430728 0.00672912922060217838 
0.00000000100000000000 0.95949849473418491463 0.04050150426581512753 
0.00000000100000000000 0.99597564889462020243 0.00402435010537983973 
0.00000000100000000000 0.98001633331377535630 0.01998366568622456096 
0.01918259601994823024 0.95887515642242016067 0.02194224755763162990 
0.00000029583058437475 0.98970678014437984960 0.01029292402503579132 
0.00000000099999999999 0.99961491252380141326 0.00038508647619870138 
0.01575121366490669222 0.95315115732114163993 0.03109762901395168866 
0.00000000099999999999 0.99999982883590277094 0.00000017016409722926 
0.00000000100000000000 0.98463537949295121265 0.01536461950704879481 
0.00000000099999999999 0.99851212309471382156 0.00148787590528616292 
0.00000000099999999999 0.96400883694776551280 0.03599116205223450160 
0.00000000100000000000 0.98024301576687333792 0.01975698323312663485 
0.00000000100000000000 0.95658855464808723035 0.04341144435191283263 
0.00000000100000000000 0.99363405373719881908 0.00636594526280112680 
0.00000000099999999999 0.97049476955466595918 0.02950522944533419401 
0.07530972744478893477 0.89388846798370191760 0.03080180457150911641 
0.00000000099999999999 0.99305458235399812761 0.00694541664600187899 
0.00000000099999999999 0.97857837154755200615 0.02142162745244803254 
0.00000000099999999999 0.96946202478351073406 0.03053797421648920402 
0.00000001473165254787 0.99647011388583273117 0.00352987138251471388 
0.00000000099999999999 0.98375949177006305479 0.01624050722993689022 
0.00416789145204755993 0.98613826391859649156 0.00969384462935594590 
0.00000000099999999999 0.97656413300346589512 0.02343586599653420255 
0.00000000099999999999 0.99999997624697190002 0.00000002275302809238 
0.00000000099999999999 0.96311054378644123108 0.03688945521355888740 
0.00000000099999999997 0.00000000099999999997 0.99999999800000005656 
0.00000000099999999999 0.00000009536151252256 0.99999990363848756392 
0.99999999800000005656 0.00000000099999999991 0.00000000099999999991 
0.81583890873733821980 0.02085276533131914106 0.16330832593134250730 
0.01399715832518665277 0.06316299800850985746 0.92283984366630356089 
0.00000000099999999999 0.98350759095136341958 0.01649240804863664686 
0.00000000670575067210 0.96752763233574223811 0.03247236095850715432 
0.00000000099999999999 0.00000000099999999999 0.99999999800000005656 
0.00000000099999999999 0.97773817467123724789 0.02226182432876291223 
0.00000000099999999999 0.99155833462985076832 0.00844166437014928946 
0.00000000099999999999 0.99999999799999994554 0.00000000099999999999 
0.99999999799999994554 0.00000000099999999987 0.00000000099999999987 
0.99999999800000005656 0.00000000099999999987 0.00000000099999999987 
0.99999999799999994554 0.00000000099999999986 0.00000000099999999986 
0.99999999799999994554 0.00000000099999999986 0.00000000099999999986 
0.99999999800000005656 0.00000000099999999988 0.00000000099999999988 
0.00000000099999999999 0.00000000099999999999 0.99999999800000005656 
0.00008478309719194396 0.99290215761151012774 0.00701305929129797303 
0.99999999799999994554 0.00000000099999999987 0.00000000099999999987 
0.99999999800000005656 0.00000000099999999988 0.00000000099999999988 
0.81931606879365925789 0.00008853380116791577 0.18059539740517291384 
0.81111012613543798100 0.02650780540927588289 0.16238206845528607714 
0.00000000100000000000 0.99999814179545509774 0.00000185720454491019 
0.99999999800000005656 0.00000000099999999988 0.00000000099999999988 
0.00000000100000000000 0.98133135832810536314 0.01866864067189465126 
0.00000000099999999999 0.99999999799999994554 0.00000000099999999999 
0.00000000099999999999 0.03699285200038689853 0.96300714699961320608 
0.00000000099999999999 0.98492876961762831911 0.01507122938237172825 
0.00000000099999999997 0.00000000099999999997 0.99999999799999994554 
0.00000000099999999999 0.97177476929994632826 0.02822522970005382145 
0.00000000099999999997 0.00000000099999999997 0.99999999800000005656 
0.00221233253297560941 0.97798392313096926820 0.01980374433605515058 
0.00244409979204542310 0.99693758980284596927 0.00061831040510860417 
0.99999999800000005656 0.00000000099999999988 0.00000000099999999988 
0.00000000099999999998 0.00000000099999999998 0.99999999799999994554 
0.99999999800000005656 0.00000000099999999986 0.00000000099999999986 
0.99999999799999994554 0.00000000099999999988 0.00000000099999999988 
0.00000000099999999999 0.98666856434963978728 0.01333143465036010049 
0.00000000099999999999 0.96963093548004497535 0.03036906351995505987 
0.00000000099999999999 0.98986815208275991118 0.01013184691724011016 
0.00000000099999999999 0.99077836538466823590 0.00922163361533177330 
0.00000000100000000000 0.98525594235726732251 0.01474405664273263465 
0.00000000099999999999 0.97529009027940438692 0.02470990872059573157 
0.00000000099999999999 0.99999999800000005656 0.00000000099999999999 
0.00000000099999999998 0.00373105597181301769 0.99626894302818702620 
0.00000000099999999999 0.99999593026112443273 0.00000406873887563765 
0.99999999799999994554 0.00000000099999999987 0.00000000099999999987 
0.00000000100000000000 0.99797517280078729129 0.00202482619921269449 
0.99999999800000005656 0.00000000099999999996 0.00000000099999999996 
0.99999999800000005656 0.00000000099999999989 0.00000000099999999989 
0.00000000099999999999 0.97293373908841096487 0.02706625991158916056 
0.00000000100000000000 0.99999995881580916457 0.00000004018419094048 
0.00000000100000000000 0.97711335206108662632 0.02288664693891334645 
0.99999999799999994554 0.00000000099999999990 0.00000000099999999990 
0.00000000099999999997 0.00000000099999999997 0.99999999800000005656 
0.00000000099999999997 0.00000000099999999997 0.99999999799999994554 
0.99999999799999994554 0.00000000099999999989 0.00000000099999999989 
0.00000000100000000000 0.98798116739251051754 0.01201883160748951247 
0.00000000335081808249 0.95246736642068630108 0.04753263022849570779 
0.99999999799999994554 0.00000000099999999989 0.00000000099999999989 
0.00000000099999999999 0.98738720508977584345 0.01261279391022421086 
0.00000000099999999997 0.00000000099999999997 0.99999999800000005656 
0.18741983647722182393 0.55150270726463401783 0.26107745625814421375 
0.00043877083720911226 0.96800407103592578384 0.03155715812686504113 
0.00000000100000000000 0.95802252675638466251 0.04197747224361536578 
0.00000000100000000000 0.99479077134912818892 0.00520922765087181855 
0.00000000099999999999 0.99931532507731335446 0.00068467392268677975 
0.00000000099999999999 0.99999999799999994554 0.00000000099999999999 
0.00000000099999999999 0.98882017033453140087 0.01117982866546861527 
0.00000000100000000000 0.98545845558473255110 0.01454154341526751361 
0.01101385764625822591 0.96156581241049210451 0.02742032994324975284 
0.00000000099999999998 0.00000000099999999998 0.99999999800000005656 
0.00000000099999999999 0.97429765314951310984 0.02570234585048691497 
0.00000000100000000000 0.99999995956608200842 0.00000003943391795316 
0.00000000100000000000 0.94931905375875624831 0.05068094524124376610 
0.00000000099999999999 0.98100628994784744297 0.01899370905215244654 
0.00190337730412564344 0.95865928813023126853 0.03943733456564316869 
0.00000000099999999999 0.99999782132778558541 0.00000217767221451252 
0.00000000100000000000 0.97841844332045180277 0.02158155567954829490 
0.00000000099999999999 0.00293947480692102660 0.99706052419307900081 
0.00000000100000000000 0.97120835570143160265 0.02879164329856854013 
0.00000000100000000000 0.98910796306729598104 0.01089203593270399693 
0.01061623335583123523 0.97629180792055103577 0.01309195872361763879 
0.00000000099999999999 0.00000018276252067702 0.99999981623747935533 
0.01969787133149593014 0.95003547677469279975 0.03026665189381133950 
0.00000001235248704852 0.98540929127174592406 0.01459069637576715026 
0.00000000099999999999 0.51392163358542231055 0.48607836541457788426 
0.00000000099999999999 0.97118977200148182138 0.02881022699851814098 
0.99999999800000005656 0.00000000099999999990 0.00000000099999999990 
0.00000047231431462407 0.97055031872484853750 0.02944920896083669942 
0.00000000100000000000 0.96981378894785574829 0.03018621005214426958 
