0.00000000099999999997 0.00517255962369488152 0.00000000099999999997 0.00000000099999999997 0.00000000099999999997 0.00000000099999999997 0.00000000099999999997 0.00000000099999999997 0.00000000099999999997 0.60333011800059455076 0.39149731437571050341 
0.00000000099999999976 0.00000000099999999976 0.00000000099999999976 0.00000000099999999976 0.00000000099999999976 0.00000000099999999976 0.00000000099999999976 0.00000000099999999976 0.99999998999999994975 0.00000000099999999976 0.00000000099999999976 
0.00000000099999999988 0.00000000099999999988 0.00000000099999999988 0.99999999000000017180 0.00000000099999999988 0.00000000099999999988 0.00000000099999999988 0.00000000099999999988 0.00000000099999999988 0.00000000099999999988 0.00000000099999999988 
0.02116092972967312247 0.00000000099999999999 0.00000000099999999999 0.03620045601756152059 0.05833842499691091477 0.08425701739240959443 0.20440292791145595053 0.13543756647433624618 0.00000000099999999999 0.27833655666802142870 0.18186611780963121698 
0.15365978982080732984 0.00000000099999999999 0.00000000099999999999 0.00000000099999999999 0.11314961837497451713 0.19610347244871406680 0.00000415881008751868 0.00000840075939305229 0.00000000099999999999 0.23300190690691643947 0.30407264887910701034 
0.00000000099999999989 0.00000000099999999989 0.00000000099999999989 0.00000000099999999989 0.00000000099999999989 0.00000000099999999989 0.00000000099999999989 0.00000000099999999989 0.00000000099999999989 0.99999999000000006077 0.00000000099999999989 
0.00000000099999999990 0.00000000099999999990 0.00000000099999999990 0.99999999000000006077 0.00000000099999999990 0.00000000099999999990 0.00000000099999999990 0.00000000099999999990 0.00000000099999999990 0.00000000099999999990 0.00000000099999999990 
0.00000000099999999989 0.00000000099999999989 0.00000000099999999989 0.57005957889947589390 0.00000000099999999989 0.00000000099999999989 0.00000000099999999989 0.00000000099999999989 0.42994041210052430513 0.00000000099999999989 0.00000000099999999989 
0.00000000099999999997 0.00000000099999999997 0.00000000099999999997 0.00000000099999999997 0.00000000099999999997 0.00000000099999999997 0.45592450217458019290 0.00000000099999999997 0.00000000099999999997 0.54407548882541978408 0.00000000099999999997 
0.00000000099999999976 0.00000000099999999976 0.00000000099999999976 0.00000000099999999976 0.00000000099999999976 0.00000000099999999976 0.00000000099999999976 0.00000000099999999976 0.99999998999999994975 0.00000000099999999976 0.00000000099999999976 
0.00000000099999999984 0.00000000099999999984 0.00000000099999999984 0.00000000099999999984 0.99999999000000006077 0.00000000099999999984 0.00000000099999999984 0.00000000099999999984 0.00000000099999999984 0.00000000099999999984 0.00000000099999999984 
0.00000000099999999997 0.00000000099999999997 0.00000000099999999997 0.00000000099999999997 0.00000000099999999997 0.00000000099999999997 0.00000000099999999997 0.00000000099999999997 0.00000000099999999997 0.66049967986923285856 0.33950031113076711842 
0.00000000099999999982 0.00000000099999999982 0.00000000099999999982 0.00000000099999999982 0.99999999000000006077 0.00000000099999999982 0.00000000099999999982 0.00000000099999999982 0.00000000099999999982 0.00000000099999999982 0.00000000099999999982 
0.16725035422206796509 0.01273382454223239736 0.00000000099999999999 0.00000000099999999999 0.16895520086406559668 0.13386082436408508478 0.19097318815951791482 0.08726883312368099999 0.00471922714916777220 0.22943756896731659634 0.00480097660786563650 
0.00000000099999999983 0.00000000099999999983 0.00000000099999999983 0.00000000099999999983 0.00000000099999999983 0.00000000099999999983 0.00000000099999999983 0.00000000099999999983 0.00000000099999999983 0.00000000099999999983 0.99999998999999994975 
0.12150931314117233151 0.02750897809731430235 0.00000000099999999999 0.05216150273623256645 0.07914779567710741870 0.21219893354706856337 0.04125249554154313686 0.05276066774390460179 0.00000000099999999999 0.29222773339941660042 0.12123257811624052471 
0.00000000099999999988 0.00000000099999999988 0.00000000099999999988 0.00000000099999999988 0.00000000099999999988 0.98506212006725601960 0.00000000099999999988 0.00000000099999999988 0.00000000099999999988 0.00000000099999999988 0.01493787093274411178 
0.00000000099999999987 0.00000000099999999987 0.00000000099999999987 0.00000000099999999987 0.00000000099999999987 0.00000000099999999987 0.99999999000000006077 0.00000000099999999987 0.00000000099999999987 0.00000000099999999987 0.00000000099999999987 
0.00000000099999999991 0.00000000099999999991 0.00000000099999999991 0.00000000099999999991 0.00000000099999999991 0.00000000099999999991 0.00000000099999999991 0.00000000099999999991 0.00000000099999999991 0.99999999000000006077 0.00000000099999999991 
0.00000000099999999987 0.00000000099999999987 0.00000000099999999987 0.00000000099999999987 0.00000000099999999987 0.99999999000000006077 0.00000000099999999987 0.00000000099999999987 0.00000000099999999987 0.00000000099999999987 0.00000000099999999987 
0.00000000099999999986 0.00000000099999999986 0.00000000099999999986 0.00000000099999999986 0.00000000099999999986 0.00000000099999999986 0.00000000099999999986 0.00000000099999999986 0.00000000099999999986 0.00000000099999999986 0.99999999000000006077 
0.00000000099999999992 0.00000000099999999992 0.00000000099999999992 0.99999999000000017180 0.00000000099999999992 0.00000000099999999992 0.00000000099999999992 0.00000000099999999992 0.00000000099999999992 0.00000000099999999992 0.00000000099999999992 
0.00000000099999999985 0.00000000099999999985 0.00000000099999999985 0.00000000099999999985 0.00000000099999999985 0.00000000099999999985 0.99999998999999994975 0.00000000099999999985 0.00000000099999999985 0.00000000099999999985 0.00000000099999999985 
0.00000000099999999967 0.00000000099999999967 0.00000000099999999967 0.00000000099999999967 0.99999999000000017180 0.00000000099999999967 0.00000000099999999967 0.00000000099999999967 0.00000000099999999967 0.00000000099999999967 0.00000000099999999967 
0.00000000099999999997 0.00000000099999999997 0.00000000099999999997 0.01403045689443821464 0.28061229165648982065 0.16712833894199846663 0.15192967499298010159 0.30064005810048849421 0.00000000099999999997 0.00000000099999999997 0.08565917441360479390 
0.00000000099999999996 0.00000000099999999996 0.00000000099999999996 0.00000000099999999996 0.00000000099999999996 0.00000000099999999996 0.00000000099999999996 0.08287914066733656493 0.00000000099999999996 0.60590774355110244009 0.31121310778156091592 
0.00000000099999999955 0.99999999000000028282 0.00000000099999999955 0.00000000099999999955 0.00000000099999999955 0.00000000099999999955 0.00000000099999999955 0.00000000099999999955 0.00000000099999999955 0.00000000099999999955 0.00000000099999999955 
0.00000000099999999948 0.99999999000000017180 0.00000000099999999948 0.00000000099999999948 0.00000000099999999948 0.00000000099999999948 0.00000000099999999948 0.00000000099999999948 0.00000000099999999948 0.00000000099999999948 0.00000000099999999948 
0.00000000099999999995 0.00000000099999999995 0.00000000099999999995 0.00000000099999999995 0.42201252572218417303 0.00000000099999999995 0.57798746527781574844 0.00000000099999999995 0.00000000099999999995 0.00000000099999999995 0.00000000099999999995 
0.00000000099999999992 0.00000000099999999992 0.00000000099999999992 0.00000000099999999992 0.56642571963995025364 0.43357427136004983437 0.00000000099999999992 0.00000000099999999992 0.00000000099999999992 0.00000000099999999992 0.00000000099999999992 
0.29081092075264824981 0.00000000099999999997 0.00000000099999999997 0.01017648986026800303 0.00000000099999999997 0.00000000099999999997 0.28406032237957629105 0.00000000099999999997 0.00000000099999999997 0.12816328170712223966 0.28678897930038521613 
0.00000000099999999990 0.00000000099999999990 0.00000000099999999990 0.99999999000000017180 0.00000000099999999990 0.00000000099999999990 0.00000000099999999990 0.00000000099999999990 0.00000000099999999990 0.00000000099999999990 0.00000000099999999990 
0.00000000099999999981 0.35113545716103017336 0.00000000099999999981 0.16365707362172363104 0.48520746121724633859 0.00000000099999999981 0.00000000099999999981 0.00000000099999999981 0.00000000099999999981 0.00000000099999999981 0.00000000099999999981 
0.00000000099999999996 0.00000000099999999996 0.00000000099999999996 0.00000000099999999996 0.00000000099999999996 0.41411481903894731271 0.40224428236186232644 0.18364089059919039282 0.00000000099999999996 0.00000000099999999996 0.00000000099999999996 
0.00000000099999999946 0.00000000099999999946 0.99999999000000017180 0.00000000099999999946 0.00000000099999999946 0.00000000099999999946 0.00000000099999999946 0.00000000099999999946 0.00000000099999999946 0.00000000099999999946 0.00000000099999999946 
0.00000000099999999934 0.00000000099999999934 0.99999999000000017180 0.00000000099999999934 0.00000000099999999934 0.00000000099999999934 0.00000000099999999934 0.00000000099999999934 0.00000000099999999934 0.00000000099999999934 0.00000000099999999934 
0.00000000099999999934 0.00000000099999999934 0.99999999000000017180 0.00000000099999999934 0.00000000099999999934 0.00000000099999999934 0.00000000099999999934 0.00000000099999999934 0.00000000099999999934 0.00000000099999999934 0.00000000099999999934 
0.00000000099999999957 0.99999999000000028282 0.00000000099999999957 0.00000000099999999957 0.00000000099999999957 0.00000000099999999957 0.00000000099999999957 0.00000000099999999957 0.00000000099999999957 0.00000000099999999957 0.00000000099999999957 
0.00000000099999999950 0.99999999000000017180 0.00000000099999999950 0.00000000099999999950 0.00000000099999999950 0.00000000099999999950 0.00000000099999999950 0.00000000099999999950 0.00000000099999999950 0.00000000099999999950 0.00000000099999999950 
0.00000000099999999983 0.00000000099999999983 0.00000000099999999983 0.00000000099999999983 0.00000000099999999983 0.00000000099999999983 0.00000000099999999983 0.00000000099999999983 0.00000000099999999983 0.00000000099999999983 0.99999998999999994975 
0.00000000099999999990 0.00000000099999999990 0.00000000099999999990 0.99999999000000006077 0.00000000099999999990 0.00000000099999999990 0.00000000099999999990 0.00000000099999999990 0.00000000099999999990 0.00000000099999999990 0.00000000099999999990 
0.00000000099999999952 0.99999999000000017180 0.00000000099999999952 0.00000000099999999952 0.00000000099999999952 0.00000000099999999952 0.00000000099999999952 0.00000000099999999952 0.00000000099999999952 0.00000000099999999952 0.00000000099999999952 
0.00000000099999999988 0.00000000099999999988 0.00000000099999999988 0.00000000099999999988 0.00000000099999999988 0.00000000099999999988 0.99999998999999994975 0.00000000099999999988 0.00000000099999999988 0.00000000099999999988 0.00000000099999999988 
0.00000000099999999988 0.00000000099999999988 0.00000000099999999988 0.99999999000000017180 0.00000000099999999988 0.00000000099999999988 0.00000000099999999988 0.00000000099999999988 0.00000000099999999988 0.00000000099999999988 0.00000000099999999988 
0.00000000099999999958 0.99999999000000028282 0.00000000099999999958 0.00000000099999999958 0.00000000099999999958 0.00000000099999999958 0.00000000099999999958 0.00000000099999999958 0.00000000099999999958 0.00000000099999999958 0.00000000099999999958 
0.00000000099999999999 0.00000000099999999999 0.00000000099999999999 0.00761130381802163723 0.14358058440870266614 0.22272574609815365410 0.00000218524965426244 0.16911523174513024004 0.00000000099999999999 0.33382749846354226042 0.12313744621679539870 
0.00000000099999999954 0.99999999000000017180 0.00000000099999999954 0.00000000099999999954 0.00000000099999999954 0.00000000099999999954 0.00000000099999999954 0.00000000099999999954 0.00000000099999999954 0.00000000099999999954 0.00000000099999999954 
0.00000000099999999986 0.00000000099999999986 0.00000000099999999986 0.99999999000000017180 0.00000000099999999986 0.00000000099999999986 0.00000000099999999986 0.00000000099999999986 0.00000000099999999986 0.00000000099999999986 0.00000000099999999986 
0.00000000099999999985 0.00000000099999999985 0.00000000099999999985 0.99999999000000017180 0.00000000099999999985 0.00000000099999999985 0.00000000099999999985 0.00000000099999999985 0.00000000099999999985 0.00000000099999999985 0.00000000099999999985 
0.00000000099999999947 0.99999999000000017180 0.00000000099999999947 0.00000000099999999947 0.00000000099999999947 0.00000000099999999947 0.00000000099999999947 0.00000000099999999947 0.00000000099999999947 0.00000000099999999947 0.00000000099999999947 
0.00000000099999999951 0.99999999000000028282 0.00000000099999999951 0.00000000099999999951 0.00000000099999999951 0.00000000099999999951 0.00000000099999999951 0.00000000099999999951 0.00000000099999999951 0.00000000099999999951 0.00000000099999999951 
0.00000000099999999977 0.00000000099999999977 0.00000000099999999977 0.00000000099999999977 0.00000000099999999977 0.00000000099999999977 0.00000000099999999977 0.00000000099999999977 0.99999998999999994975 0.00000000099999999977 0.00000000099999999977 
0.00000000099999999988 0.00000000099999999988 0.00000000099999999988 0.99999999000000017180 0.00000000099999999988 0.00000000099999999988 0.00000000099999999988 0.00000000099999999988 0.00000000099999999988 0.00000000099999999988 0.00000000099999999988 
0.00000000099999999994 0.00000000099999999994 0.00000000099999999994 0.52681275971253238577 0.00000000099999999994 0.00000000099999999994 0.00000000099999999994 0.00000000099999999994 0.47318723128746770223 0.00000000099999999994 0.00000000099999999994 
0.00000000099999999960 0.99999999000000028282 0.00000000099999999960 0.00000000099999999960 0.00000000099999999960 0.00000000099999999960 0.00000000099999999960 0.00000000099999999960 0.00000000099999999960 0.00000000099999999960 0.00000000099999999960 
0.00000000099999999999 0.00646349277669368717 0.00000000099999999999 0.00000000099999999999 0.22457044914819249137 0.19942243045828458858 0.19129389785001521540 0.00000000099999999999 0.04384359678349730727 0.33433286438905240878 0.00007326459426421180 
0.00000000099999999987 0.00000000099999999987 0.00000000099999999987 0.00000000099999999987 0.00000000099999999987 0.00000000099999999987 0.99999998999999994975 0.00000000099999999987 0.00000000099999999987 0.00000000099999999987 0.00000000099999999987 
0.34319627464847762832 0.00000000099999999997 0.00000000099999999997 0.01460521570041079485 0.00000000099999999997 0.05453768171830228328 0.00000000099999999997 0.00000000099999999997 0.00000000099999999997 0.32913940254809503916 0.25852141938471423499 
0.00000000099999999988 0.00000000099999999988 0.00000000099999999988 0.00000000099999999988 0.00000000099999999988 0.00000000099999999988 0.99999999000000006077 0.00000000099999999988 0.00000000099999999988 0.00000000099999999988 0.00000000099999999988 
0.00000000099999999992 0.00000000099999999992 0.00000000099999999992 0.81630205218526430411 0.00000000099999999992 0.00000000099999999992 0.00000000099999999992 0.00000000099999999992 0.18369793881473581165 0.00000000099999999992 0.00000000099999999992 
0.49753961320668055324 0.00000000099999999994 0.00000000099999999994 0.00000000099999999994 0.50246037779331953477 0.00000000099999999994 0.00000000099999999994 0.00000000099999999994 0.00000000099999999994 0.00000000099999999994 0.00000000099999999994 
0.00000000099999999943 0.00000000099999999943 0.99999999000000017180 0.00000000099999999943 0.00000000099999999943 0.00000000099999999943 0.00000000099999999943 0.00000000099999999943 0.00000000099999999943 0.00000000099999999943 0.00000000099999999943 
0.00000000099999999983 0.00000000099999999983 0.00000000099999999983 0.00000000099999999983 0.00000000099999999983 0.99999999000000017180 0.00000000099999999983 0.00000000099999999983 0.00000000099999999983 0.00000000099999999983 0.00000000099999999983 
0.00000000099999999945 0.00000000099999999945 0.99999999000000006077 0.00000000099999999945 0.00000000099999999945 0.00000000099999999945 0.00000000099999999945 0.00000000099999999945 0.00000000099999999945 0.00000000099999999945 0.00000000099999999945 
0.08583093671624547616 0.00000000099999999997 0.00000000099999999997 0.01754261778227271876 0.33805605550180911623 0.00002065395019144446 0.23754206049050641258 0.32097097139244984421 0.00000000099999999997 0.00003670016652492385 0.00000000099999999997 
0.00000000099999999946 0.00000000099999999946 0.99999999000000006077 0.00000000099999999946 0.00000000099999999946 0.00000000099999999946 0.00000000099999999946 0.00000000099999999946 0.00000000099999999946 0.00000000099999999946 0.00000000099999999946 
0.42106130598187546665 0.00000000099999999995 0.00000000099999999995 0.00000000099999999995 0.00000000099999999995 0.00000000099999999995 0.00000000099999999995 0.00000000099999999995 0.00000000099999999995 0.57893868501812417726 0.00000000099999999995 
0.40241139645413787074 0.00000000099999999998 0.00000000099999999998 0.00000000099999999998 0.00000000099999999998 0.00000000099999999998 0.00000000099999999998 0.29339948442589991462 0.00000000099999999998 0.30413800764904563856 0.00005110447091634408 
0.00000000099999999973 0.00000000099999999973 0.00000000099999999973 0.00000000099999999973 0.00000000099999999973 0.00000000099999999973 0.00000000099999999973 0.00000000099999999973 0.99999998999999994975 0.00000000099999999973 0.00000000099999999973 
0.00000000099999999995 0.00000000099999999995 0.00000000099999999995 0.00000000099999999995 0.00000000099999999995 0.27586224975188888831 0.00000000099999999995 0.37233383799422847815 0.00000000099999999995 0.35180390425388263775 0.00000000099999999995 
0.00000000099999999946 0.00000000099999999946 0.99999999000000006077 0.00000000099999999946 0.00000000099999999946 0.00000000099999999946 0.00000000099999999946 0.00000000099999999946 0.00000000099999999946 0.00000000099999999946 0.00000000099999999946 
0.00000000099999999951 0.00000000099999999951 0.99999999000000006077 0.00000000099999999951 0.00000000099999999951 0.00000000099999999951 0.00000000099999999951 0.00000000099999999951 0.00000000099999999951 0.00000000099999999951 0.00000000099999999951 
0.00000000099999999997 0.00000000099999999997 0.00000000099999999997 0.07554614338498306936 0.00000000099999999997 0.00000000099999999997 0.37219193766880898089 0.55226191094620791233 0.00000000099999999997 0.00000000099999999997 0.00000000099999999997 
0.00000000099999999991 0.00000000099999999991 0.00000000099999999991 0.61308135773730565443 0.00000000099999999991 0.00000000099999999991 0.00000000099999999991 0.00000000099999999991 0.38691863326269443357 0.00000000099999999991 0.00000000099999999991 
0.00000000099999999962 0.99999999000000017180 0.00000000099999999962 0.00000000099999999962 0.00000000099999999962 0.00000000099999999962 0.00000000099999999962 0.00000000099999999962 0.00000000099999999962 0.00000000099999999962 0.00000000099999999962 
0.00000000099999999991 0.00000000099999999991 0.00000000099999999991 0.55223838541061687213 0.00000000099999999991 0.00000000099999999991 0.00000000099999999991 0.00000000099999999991 0.44776160558938332690 0.00000000099999999991 0.00000000099999999991 
0.31183794305980266914 0.00000000099999999999 0.00000000099999999999 0.01562619973809542887 0.06327960713124204661 0.00000000099999999999 0.00000000099999999999 0.22208651276190438661 0.00000000099999999999 0.38716973130895521171 0.00000000099999999999 
0.00000000099999999939 0.00000000099999999939 0.99999999000000017180 0.00000000099999999939 0.00000000099999999939 0.00000000099999999939 0.00000000099999999939 0.00000000099999999939 0.00000000099999999939 0.00000000099999999939 0.00000000099999999939 
0.00000000099999999943 0.99999999000000028282 0.00000000099999999943 0.00000000099999999943 0.00000000099999999943 0.00000000099999999943 0.00000000099999999943 0.00000000099999999943 0.00000000099999999943 0.00000000099999999943 0.00000000099999999943 
0.00000000099999999953 0.00000000099999999953 0.99999999000000006077 0.00000000099999999953 0.00000000099999999953 0.00000000099999999953 0.00000000099999999953 0.00000000099999999953 0.00000000099999999953 0.00000000099999999953 0.00000000099999999953 
0.00000000099999999982 0.00000000099999999982 0.00000000099999999982 0.00000000099999999982 0.00000000099999999982 0.00000000099999999982 0.00000000099999999982 0.00000000099999999982 0.00000000099999999982 0.00000000099999999982 0.99999998999999994975 
0.00000000099999999970 0.00000000099999999970 0.00000000099999999970 0.00000000099999999970 0.00000000099999999970 0.00000000099999999970 0.00000000099999999970 0.00000000099999999970 0.99999999000000006077 0.00000000099999999970 0.00000000099999999970 
0.00000000099999999987 0.00000000099999999987 0.00000000099999999987 0.99999999000000006077 0.00000000099999999987 0.00000000099999999987 0.00000000099999999987 0.00000000099999999987 0.00000000099999999987 0.00000000099999999987 0.00000000099999999987 
0.00000000099999999998 0.00000000099999999998 0.00000000099999999998 0.23516314407422803101 0.02546336786296690691 0.23486027070587897625 0.00000000099999999998 0.30454018152907241790 0.00000000099999999998 0.00000000099999999998 0.19997302982785361558 
0.00000000099999999998 0.00000223206533683235 0.00000000099999999998 0.00000000099999999998 0.00000000099999999998 0.00000000099999999998 0.66562190310578828178 0.00000000099999999998 0.00000000099999999998 0.00000001224662146498 0.33437584558225330600 
0.00000000099999999985 0.00000000099999999985 0.00000000099999999985 0.00000000099999999985 0.00000000099999999985 0.00000000099999999985 0.99999999000000006077 0.00000000099999999985 0.00000000099999999985 0.00000000099999999985 0.00000000099999999985 
0.00000000099999999988 0.00000000099999999988 0.00000000099999999988 0.00000000099999999988 0.00000000099999999988 0.00000000099999999988 0.00000000099999999988 0.99999999000000006077 0.00000000099999999988 0.00000000099999999988 0.00000000099999999988 
0.00000000099999999996 0.00000000099999999996 0.00000000099999999996 0.00000000099999999996 0.35101999691535240578 0.00000000099999999996 0.00000000099999999996 0.64897999408464746018 0.00000000099999999996 0.00000000099999999996 0.00000000099999999996 
0.00000000099999999987 0.00000000099999999987 0.00000000099999999987 0.00000000099999999987 0.00000000099999999987 0.99999999000000006077 0.00000000099999999987 0.00000000099999999987 0.00000000099999999987 0.00000000099999999987 0.00000000099999999987 
0.13831220695119803010 0.00000000099999999997 0.00000000099999999997 0.00703152725915188060 0.08807168315422612970 0.20244310887554206602 0.21043377673189531119 0.15477281916783547366 0.00000000099999999997 0.00000000099999999997 0.19893487386015104579 
0.08385770003384873661 0.00000000099999999998 0.00000000099999999998 0.00638232403745175175 0.23867679326463292488 0.23305966752765330807 0.29560083724646846193 0.09235863982311169618 0.00000000099999999998 0.05006403406683303942 0.00000000099999999998 
0.00000000099999999998 0.00000000099999999998 0.00000000099999999998 0.02103666411700323355 0.20203611439453039722 0.00000000099999999998 0.00000000794445589893 0.14935486438084721872 0.00000000099999999998 0.34816672112451590992 0.27940562303864724392 
0.00000000099999999993 0.00000000099999999993 0.00000000099999999993 0.57752100297390895900 0.00000000099999999993 0.00000000099999999993 0.00000000099999999993 0.00000000099999999993 0.42247898802609107349 0.00000000099999999993 0.00000000099999999993 
0.00000000099999999996 0.00000000099999999996 0.00000000099999999996 0.49393706250856556084 0.00000000099999999996 0.00000000099999999996 0.00000000099999999996 0.00000000099999999996 0.50606292849143419410 0.00000000099999999996 0.00000000099999999996 
0.00000000099999999966 0.00000000099999999966 0.99999999000000017180 0.00000000099999999966 0.00000000099999999966 0.00000000099999999966 0.00000000099999999966 0.00000000099999999966 0.00000000099999999966 0.00000000099999999966 0.00000000099999999966 
0.00000000099999999992 0.00000000099999999992 0.00000000099999999992 0.99999999000000017180 0.00000000099999999992 0.00000000099999999992 0.00000000099999999992 0.00000000099999999992 0.00000000099999999992 0.00000000099999999992 0.00000000099999999992 
0.00000000099999999990 0.00000000099999999990 0.00000000099999999990 0.99999999000000006077 0.00000000099999999990 0.00000000099999999990 0.00000000099999999990 0.00000000099999999990 0.00000000099999999990 0.00000000099999999990 0.00000000099999999990 
0.00000000099999999991 0.00000000099999999991 0.00000000099999999991 0.00000000099999999991 0.00000000099999999991 0.00000000099999999991 0.00000000099999999991 0.00000000099999999991 0.00000000099999999991 0.99999999000000006077 0.00000000099999999991 
0.00000000099999999933 0.00000000099999999933 0.99999999000000017180 0.00000000099999999933 0.00000000099999999933 0.00000000099999999933 0.00000000099999999933 0.00000000099999999933 0.00000000099999999933 0.00000000099999999933 0.00000000099999999933 
0.29167779820254019496 0.00000000099999999997 0.00000000099999999997 0.00000000099999999997 0.00000000099999999997 0.00000000099999999997 0.28662154393851868583 0.29010065634473841678 0.00000000099999999997 0.00435916329873498216 0.12724083221546778066 
0.44190274379561217399 0.00000000099999999997 0.00000000099999999997 0.00000000099999999997 0.00000000099999999997 0.00000000099999999997 0.00000000099999999997 0.16516976908443023464 0.00000000099999999997 0.39292747911995745680 0.00000000099999999997 
0.18985855160852230239 0.00000000099999999998 0.00000000099999999998 0.00000000099999999998 0.00000002440295050447 0.00000001812889810690 0.00000000099999999998 0.30149994259504531158 0.00000000099999999998 0.50864145726458376284 0.00000000099999999998 
0.00000000099999999996 0.00000000099999999996 0.00000000099999999996 0.00000000099999999996 0.26513774922961047542 0.00000000099999999996 0.00000000099999999996 0.00000000099999999996 0.00000000099999999996 0.73486224177038939054 0.00000000099999999996 
0.65822468379586429599 0.00000000099999999993 0.00000000099999999993 0.00000000099999999993 0.00000000099999999993 0.00000000099999999993 0.00000000099999999993 0.34177530720413595855 0.00000000099999999993 0.00000000099999999993 0.00000000099999999993 
0.00000000099999999983 0.00000000099999999983 0.00000000099999999983 0.00000000099999999983 0.00000000099999999983 0.00000000099999999983 0.00000000099999999983 0.00000000099999999983 0.00000000099999999983 0.00000000099999999983 0.99999999000000006077 
0.00000000099999999996 0.00000000099999999996 0.00000000099999999996 0.00000000099999999996 0.00000000099999999996 0.33630246456377344000 0.00000000099999999996 0.00000000099999999996 0.00000000099999999996 0.66369752643622637045 0.00000000099999999996 
0.00000000099999999995 0.00000000099999999995 0.00000000099999999995 0.00000000099999999995 0.00000000099999999995 0.00004884348366918034 0.60099968792042857135 0.39895146059590219645 0.00000000099999999995 0.00000000099999999995 0.00000000099999999995 
0.99999999000000017180 0.00000000099999999989 0.00000000099999999989 0.00000000099999999989 0.00000000099999999989 0.00000000099999999989 0.00000000099999999989 0.00000000099999999989 0.00000000099999999989 0.00000000099999999989 0.00000000099999999989 
0.99999999000000028282 0.00000000099999999985 0.00000000099999999985 0.00000000099999999985 0.00000000099999999985 0.00000000099999999985 0.00000000099999999985 0.00000000099999999985 0.00000000099999999985 0.00000000099999999985 0.00000000099999999985 
0.00000000099999999988 0.00000000099999999988 0.00000000099999999988 0.00000000099999999988 0.00000000099999999988 0.00000000099999999988 0.00000000099999999988 0.00000000099999999988 0.00000000099999999988 0.99999999000000006077 0.00000000099999999988 
0.47036955890258735913 0.01089193576189469853 0.00000000099999999999 0.00000000099999999999 0.12451859490029269784 0.00000000099999999999 0.00000000448680191746 0.00000000099999999999 0.00000000099999999999 0.39421989994842332461 0.00000000099999999999 
0.00000000099999999997 0.00014659927795848403 0.00000000099999999997 0.00000000099999999997 0.10114400588202131226 0.33265090675554215283 0.08085838709144387015 0.23541472384552955543 0.00000000099999999997 0.24978537214750459738 0.00000000099999999997 
0.00000000099999999985 0.00000000099999999985 0.00000000099999999985 0.00000000099999999985 0.00000000099999999985 0.00000000099999999985 0.00000000099999999985 0.99999999000000006077 0.00000000099999999985 0.00000000099999999985 0.00000000099999999985 
0.16045596381766136229 0.00000000099999999997 0.00000000099999999997 0.00000000099999999997 0.03824244274665444115 0.24613265888739555010 0.00000000099999999997 0.40525986866368157724 0.00000000099999999997 0.00000000099999999997 0.14990905988460712095 
0.28241457878306436280 0.00000000099999999998 0.00000000099999999998 0.02729260270109138201 0.15885488198565209106 0.00000000099999999998 0.23062628467813200972 0.00000000099999999998 0.00000000099999999998 0.16638808868327059631 0.13442355816878953645 
0.00000000099999999998 0.00000000099999999998 0.00000000099999999998 0.00000000099999999998 0.00000000099999999998 0.31004022687541532566 0.17342664416094533131 0.00000016460930047263 0.00000000196156704634 0.51653295639277163609 0.00000000099999999998 
0.00000000099999999998 0.00000000099999999998 0.00000000099999999998 0.00000000099999999998 0.12090698307213489093 0.27719682378584953319 0.23671530536848703341 0.00000000099999999998 0.04909352768608626211 0.31607072294179067162 0.00001663214565163378 
0.26592917026526285973 0.00000000099999999997 0.00000000099999999997 0.00000000099999999997 0.26453916447739067586 0.11766016463418549343 0.00000000099999999997 0.19341488145528515363 0.00000000099999999997 0.00000827985921557374 0.15844833430866023249 
0.43703296641253192023 0.00000000099999999996 0.00000000099999999996 0.00000000099999999996 0.00000000099999999996 0.00000000099999999996 0.00000000099999999996 0.56296702458746794573 0.00000000099999999996 0.00000000099999999996 0.00000000099999999996 
0.26629591658457041348 0.00000000100000000000 0.06660494412431204603 0.00000000100000000000 0.29384414363807015436 0.00134761146195852750 0.00000000100000000000 0.00006294881287311091 0.00000000100000000000 0.00000745458911237043 0.37183697678910326845 
0.00000000099999999996 0.00000000099999999996 0.00000000099999999996 0.00000000099999999996 0.00000000099999999996 0.20038106993596133121 0.00000000099999999996 0.45946729083833409701 0.00000000099999999996 0.33912372756872605217 0.00102790465697865686 
0.00000000099999999984 0.00000000099999999984 0.00000000099999999984 0.00000000099999999984 0.00000000099999999984 0.00000000099999999984 0.00000000099999999984 0.99999999000000006077 0.00000000099999999984 0.00000000099999999984 0.00000000099999999984 
0.00000000099999999994 0.00000000099999999994 0.00000000099999999994 0.00000000099999999994 0.43774939978944732433 0.00000000099999999994 0.00000000099999999994 0.56225059121055276368 0.00000000099999999994 0.00000000099999999994 0.00000000099999999994 
0.00000000099999999998 0.00721249602235897024 0.00000000099999999998 0.00000000099999999998 0.13046956403747944631 0.17164790117997610897 0.08378459898294161878 0.10545698554150119419 0.00000000099999999998 0.15035045700223903520 0.35107799323350363796 
0.00000000099999999995 0.00000000099999999995 0.00000000099999999995 0.00000000099999999995 0.48612297472928495123 0.00000000099999999995 0.51387701627071524779 0.00000000099999999995 0.00000000099999999995 0.00000000099999999995 0.00000000099999999995 
0.00000000099999999998 0.00000000099999999998 0.00000000099999999998 0.00000000099999999998 0.28177343618896077970 0.00000000099999999998 0.00000000099999999998 0.35865971820367370526 0.00000000099999999998 0.00000000099999999998 0.35956683760736546374 
0.31871513787791411199 0.00000000099999999998 0.00000000099999999998 0.00000000099999999998 0.24214285053330641961 0.18155437396311185916 0.21190717342366671705 0.04567447719986472005 0.00000000099999999998 0.00000000099999999998 0.00000598200213619767 
0.38600328578977816107 0.00000000099999999996 0.00000000099999999996 0.00000000099999999996 0.00000000099999999996 0.28381726441603200017 0.00000000099999999996 0.22137675159897901578 0.00000000099999999996 0.10880217288385624075 0.00000051931135450454 
0.00000000099999999997 0.00000000099999999997 0.00000000099999999997 0.02441447393790431575 0.14314714312223120185 0.28761305874734754973 0.24602241747304365305 0.16754600032762637096 0.00000000099999999997 0.13125690139184681415 0.00000000099999999997 
0.00000000099999999992 0.00000000099999999992 0.00000000099999999992 0.55364111090643730595 0.00000000099999999992 0.00000000099999999992 0.00000000099999999992 0.00000000099999999992 0.44635888009356289308 0.00000000099999999992 0.00000000099999999992 
0.00000000099999999990 0.00000000099999999990 0.00000000099999999990 0.99999999000000017180 0.00000000099999999990 0.00000000099999999990 0.00000000099999999990 0.00000000099999999990 0.00000000099999999990 0.00000000099999999990 0.00000000099999999990 
0.00000000099999999956 0.00000000099999999956 0.99999999000000006077 0.00000000099999999956 0.00000000099999999956 0.00000000099999999956 0.00000000099999999956 0.00000000099999999956 0.00000000099999999956 0.00000000099999999956 0.00000000099999999956 
0.00000000099999999945 0.99999999000000028282 0.00000000099999999945 0.00000000099999999945 0.00000000099999999945 0.00000000099999999945 0.00000000099999999945 0.00000000099999999945 0.00000000099999999945 0.00000000099999999945 0.00000000099999999945 
0.00000000099999999999 0.03537021195376315735 0.00000000099999999999 0.65022207836982481854 0.00000000099999999999 0.00000000099999999999 0.00000000099999999999 0.00000000099999999999 0.25100502035172439497 0.00334850092924613828 0.06005418239544163539 
0.00000000099999999995 0.00000000099999999995 0.00000000099999999995 0.00000000099999999995 0.00000000099999999995 0.27977305091257259617 0.00000000099999999995 0.00000000099999999995 0.00000000099999999995 0.72022694008742726979 0.00000000099999999995 
0.00000000099999999986 0.00000000099999999986 0.00000000099999999986 0.00000000099999999986 0.00000000099999999986 0.99999999000000006077 0.00000000099999999986 0.00000000099999999986 0.00000000099999999986 0.00000000099999999986 0.00000000099999999986 
0.00000000099999999996 0.00000000099999999996 0.00000000099999999996 0.55236485731125395393 0.00000000099999999996 0.00000000099999999996 0.00000000099999999996 0.00000000099999999996 0.44763513368874613407 0.00000000099999999996 0.00000000099999999996 
0.00000000099999999991 0.00000000099999999991 0.00000000099999999991 0.00000000099999999991 0.00000000099999999991 0.00000000099999999991 0.00000000099999999991 0.00000000099999999991 0.00000000099999999991 0.99999999000000006077 0.00000000099999999991 
0.99999999000000028282 0.00000000099999999984 0.00000000099999999984 0.00000000099999999984 0.00000000099999999984 0.00000000099999999984 0.00000000099999999984 0.00000000099999999984 0.00000000099999999984 0.00000000099999999984 0.00000000099999999984 
0.00000000099999999982 0.00000000099999999982 0.00000000099999999982 0.00000000099999999982 0.00000000099999999982 0.00000000099999999982 0.00000000099999999982 0.00000000099999999982 0.00000000099999999982 0.00000000099999999982 0.99999999000000006077 
0.00000000099999999941 0.00000000099999999941 0.99999999000000006077 0.00000000099999999941 0.00000000099999999941 0.00000000099999999941 0.00000000099999999941 0.00000000099999999941 0.00000000099999999941 0.00000000099999999941 0.00000000099999999941 
0.00000000099999999944 0.00000000099999999944 0.99999999000000017180 0.00000000099999999944 0.00000000099999999944 0.00000000099999999944 0.00000000099999999944 0.00000000099999999944 0.00000000099999999944 0.00000000099999999944 0.00000000099999999944 
0.00000000099999999934 0.00000000099999999934 0.99999999000000006077 0.00000000099999999934 0.00000000099999999934 0.00000000099999999934 0.00000000099999999934 0.00000000099999999934 0.00000000099999999934 0.00000000099999999934 0.00000000099999999934 
0.00000000099999999936 0.00000000099999999936 0.99999999000000006077 0.00000000099999999936 0.00000000099999999936 0.00000000099999999936 0.00000000099999999936 0.00000000099999999936 0.00000000099999999936 0.00000000099999999936 0.00000000099999999936 
0.00000000099999999938 0.00000000099999999938 0.99999999000000017180 0.00000000099999999938 0.00000000099999999938 0.00000000099999999938 0.00000000099999999938 0.00000000099999999938 0.00000000099999999938 0.00000000099999999938 0.00000000099999999938 
0.00000000099999999994 0.00000000099999999994 0.00000000099999999994 0.47514578526072698272 0.00000000099999999994 0.00000000099999999994 0.00000000099999999994 0.00000000099999999994 0.52485420573927288324 0.00000000099999999994 0.00000000099999999994 
0.00000000099999999983 0.00000000099999999983 0.00000000099999999983 0.00000000099999999983 0.00000000099999999983 0.00000000099999999983 0.00000000099999999983 0.00000000099999999983 0.00000000099999999983 0.00000000099999999983 0.99999998999999994975 
0.00000000099999999937 0.00000000099999999937 0.99999999000000006077 0.00000000099999999937 0.00000000099999999937 0.00000000099999999937 0.00000000099999999937 0.00000000099999999937 0.00000000099999999937 0.00000000099999999937 0.00000000099999999937 
0.00000000099999999946 0.00000000099999999946 0.99999999000000017180 0.00000000099999999946 0.00000000099999999946 0.00000000099999999946 0.00000000099999999946 0.00000000099999999946 0.00000000099999999946 0.00000000099999999946 0.00000000099999999946 
0.00000000099999999942 0.99999999000000017180 0.00000000099999999942 0.00000000099999999942 0.00000000099999999942 0.00000000099999999942 0.00000000099999999942 0.00000000099999999942 0.00000000099999999942 0.00000000099999999942 0.00000000099999999942 
0.00000000099999999943 0.99999999000000028282 0.00000000099999999943 0.00000000099999999943 0.00000000099999999943 0.00000000099999999943 0.00000000099999999943 0.00000000099999999943 0.00000000099999999943 0.00000000099999999943 0.00000000099999999943 
0.00000000099999999996 0.00000000099999999996 0.00000000099999999996 0.00000000099999999996 0.16577939708904873561 0.00000000099999999996 0.46377632597597095998 0.37044426893498039188 0.00000000099999999996 0.00000000099999999996 0.00000000099999999996 
0.00000000099999999941 0.00000000099999999941 0.99999999000000017180 0.00000000099999999941 0.00000000099999999941 0.00000000099999999941 0.00000000099999999941 0.00000000099999999941 0.00000000099999999941 0.00000000099999999941 0.00000000099999999941 
0.99999999000000017180 0.00000000099999999984 0.00000000099999999984 0.00000000099999999984 0.00000000099999999984 0.00000000099999999984 0.00000000099999999984 0.00000000099999999984 0.00000000099999999984 0.00000000099999999984 0.00000000099999999984 
0.00000000099999999983 0.00000000099999999983 0.00000000099999999983 0.00000000099999999983 0.00000000099999999983 0.99999999000000017180 0.00000000099999999983 0.00000000099999999983 0.00000000099999999983 0.00000000099999999983 0.00000000099999999983 
0.00000000099999999997 0.00000000099999999997 0.00000000099999999997 0.77139181189563421626 0.00000000099999999997 0.00000000099999999997 0.00046430849780487553 0.00000000099999999997 0.18728964919069776562 0.00000000099999999997 0.04085422341586343598 
0.21146694264153328979 0.00000000099999999998 0.00000000099999999998 0.00000000099999999998 0.13476516844509195403 0.00000025561263554105 0.23248592499579839865 0.20874119025545312400 0.01228106566208568041 0.20025944830615458048 0.00000000108124737279 
