0.02608244384926749343 0.96576388512000432840 0.00032963709879039890 0.00782403393193774332 
0.00000000099999999996 0.00000000099999999996 0.00000000099999999996 0.99999999699999997382 
0.00000000099999999996 0.00000000099999999996 0.00000000099999999996 0.99999999699999997382 
0.00552719448035727829 0.95173900754985485406 0.00000000099999999999 0.04273379696978788639 
0.01322886788039807915 0.98642447565299651302 0.00000000100000000000 0.00034665546660550740 
0.00638225703417121589 0.96312808309281616737 0.00000000099999999999 0.03048965887301266497 
0.00000000099999999997 0.00000000099999999997 0.00000000099999999997 0.99999999700000008485 
0.00000000099999999995 0.00000000099999999995 0.00000000099999999995 0.99999999699999997382 
0.01972598389320566470 0.97146541033618449834 0.00000000099999999999 0.00880860477060981320 
0.00000000099999999997 0.00000000099999999997 0.00000000099999999997 0.99999999699999997382 
0.01377842911810000896 0.96849268757478457204 0.00000000100000000000 0.01772888230711547677 
0.01152268063972329906 0.96595842185243918632 0.00000000099999999999 0.02251889650783758454 
0.00885939366053949476 0.98615016131095256657 0.00000000100000000000 0.00499044402850804675 
0.01966973692335401494 0.96986705184454735651 0.00000000100000000000 0.01046321023209877479 
0.02163589493260172081 0.97114879771063411518 0.00608801803455394624 0.00112728932221010827 
0.03331562925854288787 0.90572579779125927946 0.00000000099999999999 0.06095857195019779157 
0.00021485751334258051 0.99241900524188031429 0.00000000100000000000 0.00736613624477723723 
0.00653682389488247952 0.98807700186409130882 0.00538617324102628331 0.00000000100000000000 
0.01149146275083203286 0.97721073654826196009 0.00816916741187871144 0.00312863328902738061 
0.00794484759592551347 0.99133253438307478156 0.00000000099999999998 0.00072261702099968251 
0.00001107041900392912 0.99619727364921861756 0.00000000100000000000 0.00379165493177756503 
0.00000000099999999998 0.00000000106430469481 0.00000000099999999998 0.99999999693569530113 
0.00000000099999999999 0.96977669778823016866 0.00000000099999999999 0.03022330021176979770 
0.00409337477374667816 0.95812427021277291050 0.00000000099999999999 0.03778235401348037370 
0.00000010908028693843 0.96674670515500482626 0.00000000099999999999 0.03325318476470830870 
0.00689484183154756396 0.99310515616845240761 0.00000000099999999999 0.00000000099999999999 
0.99999999700000008485 0.00000000099999999988 0.00000000099999999988 0.00000000099999999988 
0.99999999700000008485 0.00000000099999999986 0.00000000099999999986 0.00000000099999999986 
0.01171344630382957497 0.98308227642486867293 0.00000000100000000000 0.00520427627130187753 
0.01499508354274384746 0.98500491445725613104 0.00000000099999999999 0.00000000099999999999 
0.00000000099999999999 0.97047928505777703023 0.00000000099999999999 0.02952071294222298470 
0.00000000099999999998 0.00000000099999999998 0.00000000099999999998 0.99999999699999997382 
0.36100054411170434676 0.39859720637051948566 0.00000000099999999997 0.24040224851777627912 
0.00107931090480139396 0.99857700218137668280 0.00000000099999999999 0.00034368591382189011 
0.00000000099999999986 0.00000000099999999986 0.99999999699999986280 0.00000000099999999986 
0.00000000099999999982 0.00000000099999999982 0.99999999699999986280 0.00000000099999999982 
0.00000000099999999982 0.00000000099999999982 0.99999999699999986280 0.00000000099999999982 
0.99999999700000008485 0.00000000099999999988 0.00000000099999999988 0.00000000099999999988 
0.99999999699999997382 0.00000000099999999987 0.00000000099999999987 0.00000000099999999987 
0.00361463565461736178 0.99440233202717798200 0.00000000099999999999 0.00198303131820475953 
0.00000000099999999998 0.00000000099999999998 0.00000000099999999998 0.99999999700000008485 
0.99999999699999997382 0.00000000099999999987 0.00000000099999999987 0.00000000099999999987 
0.01217817111870555906 0.96050515073058073678 0.00000000099999999999 0.02731667715071375846 
0.00000000099999999996 0.00000000099999999996 0.00000000099999999996 0.99999999699999997382 
0.99999999699999997382 0.00000000099999999989 0.00000000099999999989 0.00000000099999999989 
0.00998578020696568210 0.97056621444941837407 0.00000000099999999999 0.01944800434361581773 
0.99999999700000008485 0.00000000099999999987 0.00000000099999999987 0.00000000099999999987 
0.00000000099999999997 0.00000000099999999997 0.00000000099999999997 0.99999999699999997382 
0.00000000099999999995 0.00000000099999999995 0.00000000099999999995 0.99999999700000008485 
0.99999999700000008485 0.00000000099999999986 0.00000000099999999986 0.00000000099999999986 
0.99999999700000008485 0.00000000099999999987 0.00000000099999999987 0.00000000099999999987 
0.00000000099999999997 0.00000000099999999997 0.00000000099999999997 0.99999999700000008485 
0.00000000099999999996 0.00000000099999999996 0.00000000099999999996 0.99999999700000008485 
0.00000000099999999997 0.00000000099999999997 0.00000000099999999997 0.99999999699999997382 
0.99999999700000008485 0.00000000099999999989 0.00000000099999999989 0.00000000099999999989 
0.01959836891322039309 0.93182451895301177114 0.00000000100000000000 0.04857711113376777384 
0.03020697444255898353 0.96773036309446802683 0.00000000100000000000 0.00206266146297292815 
0.00000000099999999999 0.97035930844351925284 0.00000000099999999999 0.02964068955648064760 
0.00447845418274682439 0.97803123510709866206 0.00000000099999999999 0.01749030971015453143 
0.00000000099999999996 0.00000000099999999996 0.00000000099999999996 0.99999999700000008485 
0.00980044049269317499 0.98806105626203954984 0.00161046401249751456 0.00052803923276976451 
0.00000000099999999985 0.00000000099999999985 0.99999999699999997382 0.00000000099999999985 
0.00936657596631690521 0.98060355214909200594 0.00000000099999999998 0.01002987088459106856 
0.00000000099999999985 0.00000000099999999985 0.99999999699999997382 0.00000000099999999985 
0.00117094858183518290 0.95227961711729891547 0.00000000100000000000 0.04654943330086588893 
0.00000000099999999986 0.00000000099999999986 0.99999999699999997382 0.00000000099999999986 
0.00571051399479591531 0.98178248329300255026 0.00000000099999999999 0.01250700171220150980 
0.01071915173772383482 0.97400477557735787304 0.00000003897925057878 0.01527603370566769404 
0.00000000099999999995 0.00000000099999999995 0.00000000099999999995 0.99999999699999997382 
0.00000000099999999998 0.99999937589359577661 0.00000000099999999998 0.00000062210640421328 
0.00000000099999999985 0.00000000099999999985 0.99999999699999986280 0.00000000099999999985 
0.00000000099999999987 0.00000000099999999987 0.99999999699999997382 0.00000000099999999987 
0.01486096328684878565 0.89797433658520720012 0.00000000099999999999 0.08716469912794413966 
0.00000000099999999995 0.00000000099999999995 0.00000000099999999995 0.99999999699999997382 
0.99999999699999997382 0.00000000099999999989 0.00000000099999999989 0.00000000099999999989 
0.00000000099999999996 0.00000000099999999996 0.00000000099999999996 0.99999999700000008485 
0.00000000100000000000 0.95686675560275247232 0.00119304416577750987 0.04194019923147009055 
0.00000000099999999984 0.00000000099999999984 0.99999999699999986280 0.00000000099999999984 
0.99999999700000008485 0.00000000099999999985 0.00000000099999999985 0.00000000099999999985 
0.00000000099999999987 0.00000000099999999987 0.99999999699999986280 0.00000000099999999987 
0.02165038377316649831 0.97286627046067264413 0.00320355556598928394 0.00227979020017151290 
0.00000000099999999995 0.00000000099999999995 0.00000000099999999995 0.99999999700000008485 
0.00000000099999999996 0.00000000099999999996 0.00000000099999999996 0.99999999700000008485 
0.00461445150983881298 0.75940531531134236598 0.00000000099999999999 0.23598023217881891611 
0.02491702915435244775 0.96908215202587477677 0.00000000100000000000 0.00600081781977290611 
0.00000031330948988436 0.98538007252026149629 0.00000000099999999999 0.01461961317024873530 
0.00000000099999999999 0.97155424489427355539 0.00000000099999999999 0.02844575310572649424 
0.00259607151425225204 0.99691281643411200353 0.00000000100000000000 0.00049111105163575505 
0.00000000099999999998 0.99999999699999997382 0.00000000099999999998 0.00000000099999999998 
0.00078271832147783042 0.98434388055869326273 0.00000000099999999999 0.01487340011982887789 
0.01064912629042026777 0.97614717267698225545 0.00000000099999999999 0.01320370003259736628 
0.00000000924361322967 0.95815530347198452077 0.00000000100000000000 0.04184468628440229931 
0.00000000099999999996 0.00000000099999999996 0.00000000099999999996 0.99999999700000008485 
0.00000000099999999998 0.00003677205789509661 0.00000000099999999998 0.99996322594210484969 
0.00000000099999999991 0.00000000099999999991 0.99999999699999997382 0.00000000099999999991 
0.00000000099999999998 0.00000000099999999998 0.00000000099999999998 0.99999999699999997382 
0.00000000099999999998 0.00000000099999999998 0.00000000099999999998 0.99999999700000008485 
0.01048822372894367069 0.96212807728049154488 0.00000000099999999999 0.02738369799056495496 
0.00000000099999999982 0.00000000099999999982 0.99999999699999997382 0.00000000099999999982 
0.00827250055366697198 0.99172749744633292845 0.00000000100000000000 0.00000000100000000000 
0.00845128998518388484 0.97035032994111147797 0.00000000099999999999 0.02119837907370467067 
0.01003471709083848633 0.98337023744635321254 0.00201344253584069587 0.00458160292696772713 
0.00702313548206999743 0.96402380113556873642 0.00000000100000000000 0.02895306238236126234 
0.00046168888413405511 0.99226727689969629331 0.00046882977619793631 0.00680220443997184808 
0.00010117282805081613 0.95744243858769928490 0.00000006711433142358 0.04245632146991849820 
0.00904989108627374944 0.98920391977830957053 0.00000000100000000000 0.00174618813541660054 
0.01125026735918092415 0.97226105116453664934 0.00000000100000000000 0.01648868047628256062 
0.03206810279244873274 0.94730143869773308918 0.00443085665292800371 0.01619960185689015009 
0.01505053202070547221 0.97730495307704401409 0.00000000099999999999 0.00764451390225049949 
0.00000000099999999999 0.99938173482203851439 0.00000000099999999999 0.00061826317796154619 
0.02871322121560428153 0.94321680617048220263 0.00096593534389058475 0.02710403727002308125 
0.01409023675659107702 0.98590976124340901077 0.00000000099999999999 0.00000000099999999999 
0.00062648416913683937 0.98458326955859010177 0.00000000100000000000 0.01479024527227322527 
0.00149050016639196928 0.99690759364396774878 0.00000000099999999999 0.00160190518964019660 
0.00000000099999999999 0.96245400889189525184 0.00000000099999999999 0.03754598910810482554 
0.01097044831562340832 0.97024012128000858279 0.00000000100000000000 0.01878942940436812911 
0.00000000099999999999 0.95554445140264532288 0.00000000099999999999 0.04445554659735487246 
0.00191544260322840912 0.99067741948713117228 0.00000000100000000000 0.00740713690964058240 
0.00240606213459560207 0.96830043723896397356 0.00000000099999999999 0.02929349962644044181 
0.00711767533537538064 0.89705067947966798947 0.06803064285271566425 0.02780100233224105585 
0.00000000099999999999 0.99276352788453814391 0.00000000099999999999 0.00723647011546187709 
0.00000000099999999998 0.97827883548381167067 0.00000000099999999998 0.02172116251618839283 
0.00000026217938270713 0.96934755983680687130 0.00000000099999999998 0.03065217698381040093 
0.01928620368689485179 0.97857843836303315399 0.00000000099999999999 0.00213535695007213222 
0.00000000099999999998 0.98192460260886049728 0.00000000099999999998 0.01807539539113956623 
0.00851905590132616408 0.98036954403242904110 0.00362449875732431858 0.00748690130892049055 
0.00889565917822351775 0.97557248153319331418 0.00000000099999999999 0.01553185828858324319 
0.00296923243611951814 0.99703076556388048335 0.00000000099999999999 0.00000000099999999999 
0.00000000099999999998 0.96262730054916934019 0.00000000099999999998 0.03737269745083073719 
0.00000000099999999996 0.00000000099999999996 0.00000000099999999996 0.99999999699999997382 
0.00000000099999999998 0.00000001059613355919 0.00000000099999999998 0.99999998740386641938 
0.00000000099999999988 0.00000000099999999988 0.99999999699999986280 0.00000000099999999988 
0.99999999700000008485 0.00000000099999999985 0.00000000099999999985 0.00000000099999999985 
0.03979418982417658873 0.04632020367124145555 0.00000000100000000000 0.91388560550458186604 
0.00000000099999999998 0.98288156971775553217 0.00000000099999999998 0.01711842828224450705 
0.00459854913373383255 0.96339566561951117674 0.00000000244555089226 0.03200578280120416896 
0.00395487063805170878 0.00000000099999999999 0.00000000099999999999 0.99604512736194839029 
0.00000000099999999999 0.97725204399964127333 0.00000000099999999999 0.02274795400035869650 
0.01523891438616199918 0.98168013872813308929 0.00000000099999999998 0.00308094588570491986 
0.00611662782431840642 0.99388337017568151310 0.00000000099999999999 0.00000000099999999999 
0.00000000099999999984 0.00000000099999999984 0.99999999699999986280 0.00000000099999999984 
0.00000000099999999985 0.00000000099999999985 0.99999999699999986280 0.00000000099999999985 
0.00000000099999999982 0.00000000099999999982 0.99999999699999986280 0.00000000099999999982 
0.00000000099999999983 0.00000000099999999983 0.99999999699999986280 0.00000000099999999983 
0.00000000099999999983 0.00000000099999999983 0.99999999699999986280 0.00000000099999999983 
0.00000000099999999998 0.00000000099999999998 0.00000000099999999998 0.99999999699999997382 
0.01466472260198235268 0.97972255971747412850 0.00000000100000000000 0.00561271668054358092 
0.00000000099999999983 0.00000000099999999983 0.99999999699999997382 0.00000000099999999983 
0.00000000099999999985 0.00000000099999999985 0.99999999699999997382 0.00000000099999999985 
0.99999999700000008485 0.00000000099999999985 0.00000000099999999985 0.00000000099999999985 
0.99999999700000008485 0.00000000099999999985 0.00000000099999999985 0.00000000099999999985 
0.00000000099999999999 0.99999121569822169153 0.00000000099999999999 0.00000878230177830723 
0.00000000099999999984 0.00000000099999999984 0.99999999699999997382 0.00000000099999999984 
0.00000000100000000000 0.97961692741225026015 0.00006221256864491713 0.02032085901910492265 
0.00239164977035507533 0.99760834822964483681 0.00000000099999999999 0.00000000099999999999 
0.00000000099999999998 0.03847790446879485043 0.00000000099999999998 0.96152209353120510205 
0.00004531351040033241 0.98473307211069160960 0.00000000099999999999 0.01522161337890819664 
0.00000000099999999995 0.00000000099999999995 0.00000000099999999995 0.99999999699999997382 
0.00888396708369739579 0.96499618989666013924 0.00000000099999999999 0.02611984201964248284 
0.00000000099999999995 0.00000000099999999995 0.00000000099999999995 0.99999999700000008485 
0.02050107635224401870 0.96310956768384781146 0.00000000100000000000 0.01638935496390808363 
0.01616224845583161956 0.98376662881070919831 0.00000000100000000000 0.00007112173345908940 
0.00000000099999999986 0.00000000099999999986 0.99999999699999986280 0.00000000099999999986 
0.00000000099999999996 0.00000000099999999996 0.00000000099999999996 0.99999999699999997382 
0.00000000099999999983 0.00000000099999999983 0.99999999699999986280 0.00000000099999999983 
0.00000000099999999983 0.00000000099999999983 0.99999999699999997382 0.00000000099999999983 
0.00126892355183295231 0.98578153149555081125 0.00000000100000000000 0.01294954395261618124 
0.00055535058659360445 0.96738926528418900386 0.00000000099999999999 0.03205538312921748373 
0.00000000099999999998 0.98852383696405732305 0.00000000099999999998 0.01147616103594260514 
0.00624488745373145363 0.98866762612322667270 0.00000000099999999999 0.00508748542304200083 
0.01581767716490626099 0.97376107436072523171 0.00000000099999999999 0.01042124747436853384 
0.01062889011709116163 0.96716191344640911609 0.00000000099999999999 0.02220919543649962566 
0.00000003469982548890 0.99999996330017448809 0.00000000099999999999 0.00000000099999999999 
0.00000000099999999998 0.00213179198206334434 0.00000000099999999998 0.99786820601793657648 
0.00013229326001721684 0.99986623436776367324 0.00000000099999999999 0.00000147137221898710 
0.00000000099999999983 0.00000000099999999983 0.99999999699999997382 0.00000000099999999983 
0.00336207355967362963 0.99409490238623621217 0.00000000100000000000 0.00254302305409004380 
0.00000000099999999994 0.00000000099999999994 0.99999999699999997382 0.00000000099999999994 
0.00000000099999999985 0.00000000099999999985 0.99999999699999997382 0.00000000099999999985 
0.00001530160203431186 0.97194517550888659407 0.00000000099999999999 0.02803952188907921778 
0.01265102388740473038 0.98734897411259525679 0.00000000099999999999 0.00000000099999999999 
0.00000000100000000000 0.97572514963436662860 0.00000369856717421645 0.02427115079845926920 
0.00000000099999999987 0.00000000099999999987 0.99999999699999997382 0.00000000099999999987 
0.00000000099999999996 0.00000000099999999996 0.00000000099999999996 0.99999999700000008485 
0.00000000099999999996 0.00000000099999999996 0.00000000099999999996 0.99999999699999997382 
0.00000000099999999985 0.00000000099999999985 0.99999999699999986280 0.00000000099999999985 
0.01013489548283991008 0.97893632434211874660 0.00000000100000000000 0.01092877917504125537 
0.01605873226305885859 0.94000902967499189167 0.00000000100000000000 0.04393223706194936129 
0.00000000099999999986 0.00000000099999999986 0.99999999699999986280 0.00000000099999999986 
0.01083769643081843904 0.97991360329050336553 0.00000000099999999999 0.00924869927867825320 
0.00000000099999999995 0.00000000099999999995 0.00000000099999999995 0.99999999699999997382 
0.11193700571338764671 0.54462299847783690598 0.10675085236148915135 0.23668914344728636534 
0.00000000100000000000 0.96350800162924399306 0.00457986026073949840 0.03191213711001643361 
0.01600088265590022402 0.94607476851803096185 0.00000000099999999999 0.03792434782606898119 
0.01842291945603267631 0.97866281332336435561 0.00000000099999999999 0.00291426622060293695 
0.01471015252003950342 0.98512082514743004591 0.00000000099999999999 0.00016902133253044398 
0.00602389880054448375 0.99397609919945550949 0.00000000099999999999 0.00000000099999999999 
0.00000000099999999999 0.98889446097776556588 0.00000000099999999999 0.01110553702223455834 
0.01648609076859490138 0.97321081617010807285 0.00000000099999999999 0.01030309206129703149 
0.00823367799303596423 0.95682695068679368688 0.00832699695444617284 0.02661237436572406329 
0.00000000099999999997 0.00000000099999999997 0.00000000099999999997 0.99999999699999997382 
0.01041911626281960199 0.96687849062682018619 0.00000000099999999999 0.02270239211036022969 
0.01017271726132819472 0.98982728073867176644 0.00000000099999999999 0.00000000099999999999 
0.00556132017623158208 0.94491300198689753831 0.00000000100000000000 0.04952567683687077865 
0.00000000099999999999 0.97875703076637166067 0.00000000099999999999 0.02124296723362839936 
0.00553269543140329310 0.95486698287606586177 0.00245130768058911567 0.03714901401194181663 
0.00053167258079538180 0.99946814750054235876 0.00000000099999999999 0.00000017891866234600 
0.00224785517970288234 0.97898319864790162015 0.00000000100000000000 0.01876894517239538832 
0.00000000099999999998 0.00200416969769318023 0.00000000099999999998 0.99799582830230670893 
0.02087147663627981695 0.95545313377593443782 0.00000000099999999999 0.02367538858778591229 
0.01364946671898332499 0.97641439278819708303 0.00000000099999999999 0.00993613949281976078 
0.00020186794580404928 0.97428340221723930270 0.01110476904694772740 0.01440996079000906281 
0.00000000099999999998 0.00000003302292399430 0.00000000099999999998 0.99999996497707610565 
0.00000003161515682423 0.95121689829824074280 0.01927442289563601960 0.02950864719096647423 
0.01255831674107676758 0.97439552024481057568 0.00000000100000000000 0.01304616201411278736 
0.01192250165219045817 0.50623568180699229924 0.00000000099999999999 0.48184181554081723098 
0.00000000099999999998 0.96976461646444267473 0.00000000099999999998 0.03023538153555735755 
0.00000000099999999986 0.00000000099999999986 0.99999999699999997382 0.00000000099999999986 
0.01978599594252487132 0.95931512666736851180 0.00000000099999999999 0.02089887639010660353 
0.00786656010316998631 0.96264448482445774680 0.00000000100000000000 0.02948895407237215813 
