0.00000000100000000000 0.00000000100000000000 0.01982399834242919504 0.64096699864415107584 0.00000000100000000000 0.33920900001341974805 
0.00000000099999999995 0.99999999500000003039 0.00000000099999999995 0.00000000099999999995 0.00000000099999999995 0.00000000099999999995 
0.00000000099999999995 0.99999999500000003039 0.00000000099999999995 0.00000000099999999995 0.00000000099999999995 0.00000000099999999995 
0.00000000099999999999 0.03483588326415158060 0.00043311469767815008 0.56788923483522102398 0.09068584403902235636 0.30615592216392695235 
0.00000000099999999999 0.00000000099999999999 0.00623866287033925972 0.46222031258201873305 0.21328823990003384359 0.31825278264760820113 
0.00000000099999999999 0.02388685050736125484 0.00364240481016123554 0.51829547767216321841 0.10609293876733411066 0.34808232724298027172 
0.00000000099999999996 0.99999999500000003039 0.00000000099999999996 0.00000000099999999996 0.00000000099999999996 0.00000000099999999996 
0.00000000099999999994 0.99999999500000003039 0.00000000099999999994 0.00000000099999999994 0.00000000099999999994 0.00000000099999999994 
0.00000000099999999999 0.00000486110923718564 0.01360571058990431466 0.40812951633683663966 0.13023866935059461025 0.44802124161342721242 
0.00000000099999999995 0.99999999500000014141 0.00000000099999999995 0.00000000099999999995 0.00000000099999999995 0.00000000099999999995 
0.00000000099999999998 0.00000000099999999998 0.00000000099999999998 0.99999999499999991937 0.00000000099999999998 0.00000000099999999998 
0.00000000099999999999 0.01394630379862416177 0.00618724241546885628 0.63245985271046412102 0.12103866184744771495 0.22636793822799522458 
0.00000000099999999997 0.00000000099999999997 0.00000000099999999997 0.99999999499999991937 0.00000000099999999997 0.00000000099999999997 
0.00000000099999999999 0.00000000099999999999 0.00757556222933917535 0.99242443377066091870 0.00000000099999999999 0.00000000099999999999 
0.00000000099999999999 0.00000000099999999999 0.00259227092485543251 0.99740772507514452450 0.00000000099999999999 0.00000000099999999999 
0.00000000099999999999 0.05231940382215172908 0.02848537722000476016 0.45192216255932238234 0.15491480326364445719 0.31235825213487666829 
0.00000000099999999999 0.00000000099999999999 0.00000000099999999999 0.63334255526914640111 0.12943804432953939787 0.23721939740131417484 
0.00349582313088705326 0.00000000099999999999 0.00105045644903655009 0.38656648590092329565 0.18868655905866157929 0.42020067446049164106 
0.00116987747948173290 0.00000000100000000000 0.00676719668980912438 0.49779913191803848438 0.07363127297718602415 0.42063251993548467222 
0.00000000099999999994 0.00000000099999999994 0.00000000099999999994 0.00000000099999999994 0.00000000099999999994 0.99999999500000003039 
0.00000000099999999999 0.00000000099999999999 0.00000000099999999999 0.66920039182601587235 0.00000000099999999999 0.33079960417398424077 
0.00000000099999999997 0.98868430049812516813 0.00000000099999999997 0.00000000099999999997 0.00000000099999999997 0.01131569550187496755 
0.00000000099999999999 0.01687852476161883636 0.00000000099999999999 0.59378924950022715645 0.18047516056215898161 0.20885706317599506132 
0.00000000099999999983 0.00000000099999999983 0.00000000099999999983 0.00000000099999999983 0.99999999499999991937 0.00000000099999999983 
0.00000000099999999998 0.01858906113977237817 0.00000000099999999998 0.63017718751163442903 0.15837202328630853310 0.19286172606228477178 
0.00000000099999999999 0.00000000099999999999 0.00000000198087124422 0.55661344003520996093 0.17089599873356320359 0.27249055725035570275 
0.00000000099999999978 0.00000000099999999978 0.99999999500000003039 0.00000000099999999978 0.00000000099999999978 0.00000000099999999978 
0.00000000099999999975 0.00000000099999999975 0.99999999500000003039 0.00000000099999999975 0.00000000099999999975 0.00000000099999999975 
0.00000000099999999999 0.00000000099999999999 0.00405662719583500114 0.62185767245005063586 0.19245226448364330385 0.18163343387047103938 
0.00000000099999999998 0.00000000099999999998 0.00268339909259331880 0.84893298658421145753 0.14838361132319519142 0.00000000099999999998 
0.00000000099999999997 0.00000000099999999997 0.00000000099999999997 0.99999999499999991937 0.00000000099999999997 0.00000000099999999997 
0.00000000099999999995 0.90527977507169854476 0.00000000099999999995 0.00000000099999999995 0.09472022092830151285 0.00000000099999999995 
0.00000000099999999991 0.13761880230794212854 0.35440282077585516518 0.00000000099999999991 0.50797837391620259684 0.00000000099999999991 
0.00000000099999999998 0.00000000099999999998 0.00000000099999999998 0.55360734064971084400 0.12302995900399092688 0.32336269734629824457 
0.99999999500000014141 0.00000000099999999975 0.00000000099999999975 0.00000000099999999975 0.00000000099999999975 0.00000000099999999975 
0.99999999500000014141 0.00000000099999999968 0.00000000099999999968 0.00000000099999999968 0.00000000099999999968 0.00000000099999999968 
0.99999999500000003039 0.00000000099999999969 0.00000000099999999969 0.00000000099999999969 0.00000000099999999969 0.00000000099999999969 
0.00000000099999999979 0.00000000099999999979 0.99999999499999991937 0.00000000099999999979 0.00000000099999999979 0.00000000099999999979 
0.00000000099999999976 0.00000000099999999976 0.99999999499999991937 0.00000000099999999976 0.00000000099999999976 0.00000000099999999976 
0.00000000099999999999 0.00000000099999999999 0.00000000099999999999 0.53126900846373048548 0.19324473881265111230 0.27548624972361840380 
0.00000000099999999997 0.99999999500000003039 0.00000000099999999997 0.00000000099999999997 0.00000000099999999997 0.00000000099999999997 
0.00000000099999999977 0.00000000099999999977 0.99999999500000003039 0.00000000099999999977 0.00000000099999999977 0.00000000099999999977 
0.00000000099999999999 0.00927314360906636957 0.00335000306795210905 0.36053621963520460225 0.35674379467204520022 0.27009683801573164397 
0.00000000099999999995 0.99999999500000014141 0.00000000099999999995 0.00000000099999999995 0.00000000099999999995 0.00000000099999999995 
0.00000000099999999980 0.00000000099999999980 0.99999999500000003039 0.00000000099999999980 0.00000000099999999980 0.00000000099999999980 
0.00000000099999999999 0.00335796241957795867 0.00018025468875195331 0.76854649699126864615 0.22791528196082067037 0.00000000293958071726 
0.00000000099999999978 0.00000000099999999978 0.99999999499999991937 0.00000000099999999978 0.00000000099999999978 0.00000000099999999978 
0.00000000099999999996 0.99999999500000003039 0.00000000099999999996 0.00000000099999999996 0.00000000099999999996 0.00000000099999999996 
0.00000000099999999993 0.99999999500000014141 0.00000000099999999993 0.00000000099999999993 0.00000000099999999993 0.00000000099999999993 
0.00000000099999999975 0.00000000099999999975 0.99999999500000003039 0.00000000099999999975 0.00000000099999999975 0.00000000099999999975 
0.00000000099999999977 0.00000000099999999977 0.99999999499999991937 0.00000000099999999977 0.00000000099999999977 0.00000000099999999977 
0.00000000099999999996 0.99999999500000014141 0.00000000099999999996 0.00000000099999999996 0.00000000099999999996 0.00000000099999999996 
0.00000000099999999996 0.99999999500000014141 0.00000000099999999996 0.00000000099999999996 0.00000000099999999996 0.00000000099999999996 
0.00000000099999999997 0.99999999500000014141 0.00000000099999999997 0.00000000099999999997 0.00000000099999999997 0.00000000099999999997 
0.00000000099999999980 0.00000000099999999980 0.99999999500000003039 0.00000000099999999980 0.00000000099999999980 0.00000000099999999980 
0.00000000100000000000 0.03742476279346104717 0.01257414993919232955 0.57557622357935478430 0.00001277452130257288 0.37441208816668919424 
0.00000000099999999999 0.00000000099999999999 0.02613290637206940742 0.56344567242053866796 0.00000000099999999999 0.41042141820739197478 
0.00000000099999999999 0.01654798692030898591 0.00000000099999999999 0.62543088377540334566 0.08484998387011437326 0.27317114343417331357 
0.00000000099999999999 0.01099834277631574729 0.00000000099999999999 0.57298929110947793841 0.06567784596965391131 0.35033451814455235374 
0.00000000099999999995 0.99999999500000003039 0.00000000099999999995 0.00000000099999999995 0.00000000099999999995 0.00000000099999999995 
0.00000000099999999999 0.00000000099999999999 0.00348017819498969714 0.63730406499777025875 0.00000000099999999999 0.35921575380724002358 
0.99999999500000003039 0.00000000099999999973 0.00000000099999999973 0.00000000099999999973 0.00000000099999999973 0.00000000099999999973 
0.00000000099999999992 0.00000000099999999992 0.00000000099999999992 0.00000000099999999992 0.00000000099999999992 0.99999999499999991937 
0.99999999500000014141 0.00000000099999999973 0.00000000099999999973 0.00000000099999999973 0.00000000099999999973 0.00000000099999999973 
0.00000000099999999999 0.02141884505902412472 0.00000000099999999999 0.69305868874162790405 0.28532458024343448910 0.00019788395591343772 
0.99999999500000003039 0.00000000099999999974 0.00000000099999999974 0.00000000099999999974 0.00000000099999999974 0.00000000099999999974 
0.00000000099999999999 0.00422798904568599376 0.00064214525120908804 0.41173703116116250333 0.12334013061582738136 0.46005270292611505356 
0.00000000100000000000 0.00391888322812540286 0.00429521901630913663 0.51957100680263534898 0.20668430181428792958 0.26553058813864227616 
0.00000000099999999994 0.99999999500000003039 0.00000000099999999994 0.00000000099999999994 0.00000000099999999994 0.00000000099999999994 
0.00000000099999999997 0.00000000099999999997 0.00000000099999999997 0.44753523601567557488 0.18899837445505038303 0.36346638652927398816 
0.99999999500000014141 0.00000000099999999974 0.00000000099999999974 0.00000000099999999974 0.00000000099999999974 0.00000000099999999974 
0.99999999500000014141 0.00000000099999999976 0.00000000099999999976 0.00000000099999999976 0.00000000099999999976 0.00000000099999999976 
0.00000000099999999999 0.07625761361081957734 0.00990046892922320787 0.49809223862673546179 0.15432600783764255370 0.26142366999557919982 
0.00000000099999999994 0.99999999500000014141 0.00000000099999999994 0.00000000099999999994 0.00000000099999999994 0.00000000099999999994 
0.00000000099999999982 0.00000000099999999982 0.99999999500000003039 0.00000000099999999982 0.00000000099999999982 0.00000000099999999982 
0.00000000099999999995 0.99999999500000003039 0.00000000099999999995 0.00000000099999999995 0.00000000099999999995 0.00000000099999999995 
0.00000000099999999999 0.02910714975286478670 0.00000000099999999999 0.31564907839570122139 0.19712625982401513203 0.45811751002741896155 
0.99999999500000003039 0.00000000099999999971 0.00000000099999999971 0.00000000099999999971 0.00000000099999999971 0.00000000099999999971 
0.00000000099999999973 0.00000000099999999973 0.99999999499999991937 0.00000000099999999973 0.00000000099999999973 0.00000000099999999973 
0.99999999500000003039 0.00000000099999999977 0.00000000099999999977 0.00000000099999999977 0.00000000099999999977 0.00000000099999999977 
0.00017375705232876328 0.00000000100000000000 0.01821872286535051316 0.56457093440076855373 0.12123078707737329485 0.29580579760417885504 
0.00000000099999999993 0.99999999500000003039 0.00000000099999999993 0.00000000099999999993 0.00000000099999999993 0.00000000099999999993 
0.00000000099999999994 0.99999999500000003039 0.00000000099999999994 0.00000000099999999994 0.00000000099999999994 0.00000000099999999994 
0.00000000099999999999 0.22448642902181412118 0.00000000099999999999 0.40258843272242844646 0.20260494378686061401 0.17032019246889690267 
0.00000000099999999999 0.00172840859103385713 0.01966110685807455002 0.54517666404969189475 0.00000278790354353338 0.43343103159765616894 
0.00000000099999999997 0.00000000099999999997 0.00000000099999999997 0.99999999499999991937 0.00000000099999999997 0.00000000099999999997 
0.00000000099999999998 0.00839117077229622164 0.00000000099999999998 0.53037353452121360764 0.23348882006620158558 0.22774647264028843874 
0.00000000099999999999 0.00000000099999999999 0.00000000099999999999 0.64113655085571907843 0.20630525963395238143 0.15255818651032854172 
0.00000000099999999997 0.00000000099999999997 0.00000000099999999997 0.69408239713335906362 0.00000000099999999997 0.30591759886664088297 
0.00000000099999999998 0.00174376997699836399 0.00000000099999999998 0.48630138359674596193 0.08720872261476131371 0.42474612181149445922 
0.00000000099999999999 0.00333408479450067073 0.00001394666632280006 0.54236792319840565479 0.06729285220496644682 0.38699119213580451815 
0.00000000099999999999 0.02183762945356611251 0.00000000099999999999 0.85045991928910669166 0.12770244825732707250 0.00000000099999999999 
0.00000000099999999996 0.99999999500000003039 0.00000000099999999996 0.00000000099999999996 0.00000000099999999996 0.00000000099999999996 
0.00000000099999999998 0.96778181351197345439 0.00000000099999999998 0.00000000099999999998 0.03221818248802658935 0.00000000099999999998 
0.99999999500000003039 0.00000000099999999984 0.00000000099999999984 0.00000000099999999984 0.00000000099999999984 0.00000000099999999984 
0.00000000099999999997 0.99999999500000014141 0.00000000099999999997 0.00000000099999999997 0.00000000099999999997 0.00000000099999999997 
0.00000000099999999998 0.99999999500000003039 0.00000000099999999998 0.00000000099999999998 0.00000000099999999998 0.00000000099999999998 
0.00000000099999999999 0.01082178469590940918 0.00320467372779078327 0.34291647857285556533 0.24004706925254909455 0.40300999275089499641 
0.99999999500000003039 0.00000000099999999968 0.00000000099999999968 0.00000000099999999968 0.00000000099999999968 0.00000000099999999968 
0.00000000099999999999 0.00000000099999999999 0.00182461515745283346 0.37534596074254344966 0.21387159771941804953 0.40895782438058569941 
0.00000000099999999999 0.01105300403027784789 0.00250617429490999563 0.43336278083943952089 0.18093722132142137093 0.37214081851395131029 
0.00000805592524744498 0.00000000100000000000 0.00487288805497423060 0.49520596574539549328 0.16836319845051053723 0.33154989082387215094 
0.00000000100000000000 0.01635200902582947813 0.00136156971738510615 0.67433185106025650413 0.08421652346249529353 0.22373804573403380247 
0.00000000099999999990 0.00000000099999999990 0.00000000099999999990 0.00000000099999999990 0.99999999500000003039 0.00000000099999999990 
0.00000000099999999998 0.01990698161963073282 0.00000000099999999998 0.71626162834260909129 0.26383138703776015666 0.00000000099999999998 
0.00000000099999999999 0.00000000099999999999 0.00105595193390146231 0.41039951111708877773 0.16284854580109831002 0.42569598914791156874 
0.00000000099999999999 0.00851769207112517204 0.00569371240405229517 0.53819355432880600087 0.04461927154321621014 0.40297576865280038128 
0.00000000100000000000 0.00653763751218952062 0.02927999448580956982 0.40607757201211103215 0.16708783551272538004 0.39101695947716441637 
0.00000000099999999999 0.00000000099999999999 0.01131822858939534639 0.56944519866908394068 0.17565331461168137706 0.24358325612983938724 
0.00000000099999999997 0.00000000099999999997 0.00000000099999999997 0.71998973315273306905 0.00000000099999999997 0.28001026284726693305 
0.00000000100000000000 0.01663085932015011606 0.02388702552368824478 0.37301798744332609337 0.24452172241551195508 0.34194240429732347675 
0.00000000099999999998 0.00000000099999999998 0.00628141144850121683 0.41985823856401183196 0.22724143133140217721 0.34661891665608474122 
0.00000000099999999997 0.00000000099999999997 0.00000000099999999997 0.99999999500000003039 0.00000000099999999997 0.00000000099999999997 
0.00000000099999999999 0.00000000099999999999 0.00000000099999999999 0.43557682563945754328 0.16756653499700269183 0.39685663636353973871 
0.00000000099999999997 0.01067703699892334421 0.00000000099999999997 0.00000003556851792727 0.30464392450469590656 0.68467900092786282418 
0.00000000099999999999 0.00670424895834062073 0.00306882504123024867 0.55996839631770944923 0.12817688453609171750 0.30208164414662802555 
0.00000000099999999999 0.03329973314677724811 0.00000000099999999999 0.49113195488074723460 0.14469406974067683391 0.33087424023179873300 
0.00000000099999999999 0.00000000099999999999 0.00000000099999999999 0.66139948374917434393 0.14893652216628841534 0.18966399108453729783 
0.00000000099999999991 0.00000000099999999991 0.00000000099999999991 0.00000000099999999991 0.99999999500000003039 0.00000000099999999991 
0.06705877260198002399 0.01320774613912198414 0.00911680862902719373 0.51935800236967344379 0.19300322474190861888 0.19825544551828871986 
0.00000000099999999998 0.00000000099999999998 0.00000000099999999998 0.40238491726769665124 0.23115277711728032806 0.36646230261502310555 
0.00000000099999999989 0.00000000099999999989 0.00000000099999999989 0.00000000099999999989 0.99999999499999991937 0.00000000099999999989 
0.00000000099999999997 0.00113314325410192470 0.00000000099999999997 0.71568228780438258863 0.28318456594151553141 0.00000000099999999997 
0.00000000099999999998 0.00000000099999999998 0.00342690775589549711 0.99657308824410462123 0.00000000099999999998 0.00000000099999999998 
0.00000000099999999998 0.00450340995545189544 0.00000000099999999998 0.58152633656491203862 0.14516110200219412008 0.26880914947744194432 
0.00000000100000000000 0.00000000100000000000 0.00000000100000000000 0.44835217940310428952 0.32575929721220187041 0.22588852038469370287 
0.00000000099999999999 0.00001488041650359319 0.00542278559204183944 0.39647852804617783606 0.28962470457227590392 0.30845910037300100504 
0.00000000099999999998 0.00000000099999999998 0.00000000099999999998 0.47887048376133928285 0.00000000099999999998 0.52112951223866055273 
0.00000000099999999996 0.00033387510662913046 0.00000000099999999996 0.99966612089337081315 0.00000000099999999996 0.00000000099999999996 
0.00000000099999999995 0.99999999500000014141 0.00000000099999999995 0.00000000099999999995 0.00000000099999999995 0.00000000099999999995 
0.00000000099999999998 0.99999999500000014141 0.00000000099999999998 0.00000000099999999998 0.00000000099999999998 0.00000000099999999998 
0.99999999500000003039 0.00000000099999999979 0.00000000099999999979 0.00000000099999999979 0.00000000099999999979 0.00000000099999999979 
0.00000000099999999974 0.00000000099999999974 0.99999999500000003039 0.00000000099999999974 0.00000000099999999974 0.00000000099999999974 
0.00000000099999999999 0.89597576753931351679 0.03682112457317163884 0.00000000099999999999 0.00000000099999999999 0.06720310488751496392 
0.00000000099999999994 0.00000000099999999994 0.00000000099999999994 0.00000000099999999994 0.00000000099999999994 0.99999999500000003039 
0.00000000099999999995 0.00000000099999999995 0.00000000099999999995 0.00000000099999999995 0.00000000099999999995 0.99999999500000003039 
0.00000000099999999999 0.99566083151838702392 0.00433916448161309008 0.00000000099999999999 0.00000000099999999999 0.00000000099999999999 
0.00000000099999999999 0.01291233150572453255 0.00000000099999999999 0.57559548307130914413 0.00511532314161090591 0.40637686028135544536 
0.00000000099999999998 0.00000000099999999998 0.00665917738425787515 0.37559091939932148785 0.23958897348760033186 0.37816092772882042850 
0.00000000099999999999 0.00000000099999999999 0.00000000099999999999 0.76662125873404296517 0.00000001959493407990 0.23337871867102280565 
0.99999999500000003039 0.00000000099999999971 0.00000000099999999971 0.00000000099999999971 0.00000000099999999971 0.00000000099999999971 
0.99999999500000003039 0.00000000099999999973 0.00000000099999999973 0.00000000099999999973 0.00000000099999999973 0.00000000099999999973 
0.99999999500000003039 0.00000000099999999968 0.00000000099999999968 0.00000000099999999968 0.00000000099999999968 0.00000000099999999968 
0.99999999500000014141 0.00000000099999999969 0.00000000099999999969 0.00000000099999999969 0.00000000099999999969 0.00000000099999999969 
0.99999999500000014141 0.00000000099999999970 0.00000000099999999970 0.00000000099999999970 0.00000000099999999970 0.00000000099999999970 
0.00000000099999999998 0.99999999500000003039 0.00000000099999999998 0.00000000099999999998 0.00000000099999999998 0.00000000099999999998 
0.00000000099999999999 0.00000000099999999999 0.00742442402801141415 0.60732565506047764270 0.16452178737015948906 0.22072813154135154101 
0.99999999500000014141 0.00000000099999999970 0.00000000099999999970 0.00000000099999999970 0.00000000099999999970 0.00000000099999999970 
0.99999999500000014141 0.00000000099999999974 0.00000000099999999974 0.00000000099999999974 0.00000000099999999974 0.00000000099999999974 
0.00000000099999999973 0.00000000099999999973 0.99999999500000003039 0.00000000099999999973 0.00000000099999999973 0.00000000099999999973 
0.00000000099999999973 0.00000000099999999973 0.99999999500000003039 0.00000000099999999973 0.00000000099999999973 0.00000000099999999973 
0.00000000099999999999 0.00000000099999999999 0.00000000099999999999 0.53607647447502515536 0.16274015447492967690 0.30118336805004519707 
0.99999999500000003039 0.00000000099999999972 0.00000000099999999972 0.00000000099999999972 0.00000000099999999972 0.00000000099999999972 
0.00000000099999999999 0.00000000181928151071 0.00000000099999999999 0.28601213786028423236 0.30011179133681159525 0.41387606698362278124 
0.00000000099999999994 0.00000000099999999994 0.00000000099999999994 0.00000000099999999994 0.00000000099999999994 0.99999999500000003039 
0.00000000099999999998 0.95847879153873660751 0.00000000099999999998 0.00000211098619160703 0.00199455429068603161 0.03952454118438585712 
0.00000000099999999998 0.00347202914949730794 0.00000000099999999998 0.43284009080746327358 0.16855593484270106619 0.39513194320033823148 
0.00000000099999999993 0.99999999500000003039 0.00000000099999999993 0.00000000099999999993 0.00000000099999999993 0.00000000099999999993 
0.00000000099999999999 0.00900677193521906214 0.00026132746397964821 0.48281164198616283167 0.25879775346323952157 0.24912250415139877702 
0.00000000099999999994 0.99999999500000014141 0.00000000099999999994 0.00000000099999999994 0.00000000099999999994 0.00000000099999999994 
0.00000000099999999998 0.00000000099999999998 0.00867958471307668337 0.00000000099999999998 0.28443205369273716343 0.70688835859418619467 
0.00000000099999999994 0.00000000099999999994 0.00000000099999999994 0.00000000099999999994 0.00000000099999999994 0.99999999500000003039 
0.99999999500000014141 0.00000000099999999974 0.00000000099999999974 0.00000000099999999974 0.00000000099999999974 0.00000000099999999974 
0.00000000099999999995 0.99999999500000014141 0.00000000099999999995 0.00000000099999999995 0.00000000099999999995 0.00000000099999999995 
0.99999999500000003039 0.00000000099999999970 0.00000000099999999970 0.00000000099999999970 0.00000000099999999970 0.00000000099999999970 
0.99999999500000014141 0.00000000099999999970 0.00000000099999999970 0.00000000099999999970 0.00000000099999999970 0.00000000099999999970 
0.00000000099999999999 0.00000425638982642021 0.00000000099999999999 0.54974138394030447330 0.19203916850678504069 0.25821518916308416891 
0.00000000099999999998 0.00261614458487337796 0.00000000099999999998 0.72346175114303257203 0.27392210127209404291 0.00000000099999999998 
0.00000000099999999998 0.00000003977676531597 0.00000000099999999998 0.46229584935402778800 0.10584790851982145421 0.43185620034938548839 
0.00000000099999999999 0.00000000099999999999 0.00000000099999999999 0.47592405220829381296 0.24540066537272173242 0.27867527941898445620 
0.00000000099999999999 0.00063355537214206993 0.01014626051861370996 0.57912610508968620504 0.09032230596742241158 0.31977177205213552780 
0.00000000099999999998 0.00526787136777010726 0.00338346428345370027 0.33719592456989505580 0.26047267715689009782 0.39368006162199103981 
0.00000000099999999998 0.00000000099999999998 0.00000000099999999998 0.35829883567798764821 0.00000000099999999998 0.64170116032201229839 
0.00000000099999999997 0.98656452643010483783 0.00000000099999999997 0.00000400050395929857 0.00000000099999999997 0.01343147006593583409 
0.00000000099999999998 0.00000000099999999998 0.00000000099999999998 0.56176794274120234185 0.12118562396010802706 0.31704643029868961879 
0.99999999500000014141 0.00000000099999999970 0.00000000099999999970 0.00000000099999999970 0.00000000099999999970 0.00000000099999999970 
0.00000000099999999997 0.00000000099999999997 0.00000000099999999997 0.99999999499999991937 0.00000000099999999997 0.00000000099999999997 
0.99999999500000014141 0.00000000099999999990 0.00000000099999999990 0.00000000099999999990 0.00000000099999999990 0.00000000099999999990 
0.99999999500000014141 0.00000000099999999974 0.00000000099999999974 0.00000000099999999974 0.00000000099999999974 0.00000000099999999974 
0.00000000099999999999 0.01655350587630504550 0.00000000099999999999 0.42794042258419900948 0.15276600187722749746 0.40274006766226844167 
0.00000000099999999998 0.00000000099999999998 0.00000000099999999998 0.48535854335100875323 0.00000000099999999998 0.51464145264899119336 
0.00000000099999999998 0.00000072062303745794 0.00000000099999999998 0.87318373676845195686 0.12681553960851049689 0.00000000099999999998 
0.99999999500000014141 0.00000000099999999976 0.00000000099999999976 0.00000000099999999976 0.00000000099999999976 0.00000000099999999976 
0.00000000099999999994 0.99999999500000003039 0.00000000099999999994 0.00000000099999999994 0.00000000099999999994 0.00000000099999999994 
0.00000000099999999994 0.99999999500000014141 0.00000000099999999994 0.00000000099999999994 0.00000000099999999994 0.00000000099999999994 
0.99999999500000003039 0.00000000099999999973 0.00000000099999999973 0.00000000099999999973 0.00000000099999999973 0.00000000099999999973 
0.00000000099999999998 0.00000000099999999998 0.00000000099999999998 0.99999999500000003039 0.00000000099999999998 0.00000000099999999998 
0.00000000099999999999 0.03115087214700962628 0.00000000099999999999 0.96884912385299037929 0.00000000099999999999 0.00000000099999999999 
0.99999999500000014141 0.00000000099999999975 0.00000000099999999975 0.00000000099999999975 0.00000000099999999975 0.00000000099999999975 
0.00000000099999999998 0.00000000099999999998 0.00000000099999999998 0.37430101319052011544 0.35929708304911450734 0.26640190076036535105 
0.00000000099999999993 0.99999999500000014141 0.00000000099999999993 0.00000000099999999993 0.00000000099999999993 0.00000000099999999993 
0.10247040899822815185 0.23410800223477590265 0.10900069752009435009 0.00000000100000000000 0.00000000100000000000 0.55442088924690169360 
0.00000000099999999999 0.01947388541222613845 0.00000000099999999999 0.48112463090332696636 0.06800074506269286612 0.43140073662175382196 
0.00000000099999999998 0.00510843164193989542 0.00000000099999999998 0.99489156435806014311 0.00000000099999999998 0.00000000099999999998 
0.00000000099999999998 0.00000000099999999998 0.00945925264319275212 0.81920984237036220676 0.00000000099999999998 0.17133090198644507218 
0.00000000099999999999 0.00000000099999999999 0.00792159974630452825 0.44029992468075473955 0.29851833528416987784 0.25326013828877086409 
0.00000000099999999999 0.00000000099999999999 0.00026773570167903043 0.55985792237118348069 0.28385321692810128180 0.15602112299903606041 
0.00000000099999999999 0.00000000099999999999 0.00000000099999999999 0.36209862303068496292 0.20842083808753744667 0.42948053588177753648 
0.00000000099999999990 0.00000000099999999990 0.00000000099999999990 0.00000000099999999990 0.99999999500000003039 0.00000000099999999990 
0.00092185305490186836 0.02070606142763577531 0.00055369042707891023 0.41916677495123949582 0.07503770755042020457 0.48361391258872382659 
0.00000000099999999996 0.99999999500000014141 0.00000000099999999996 0.00000000099999999996 0.00000000099999999996 0.00000000099999999996 
0.00000000099999999998 0.00000000099999999998 0.00000000099999999998 0.80353839792441483780 0.19646159807558513655 0.00000000099999999998 
0.00000000099999999993 0.00000000099999999993 0.00000000099999999993 0.00000000099999999993 0.00000000099999999993 0.99999999500000003039 
0.00000000099999999996 0.00000000099999999996 0.00000000099999999996 0.00000000099999999996 0.00000000099999999996 0.99999999499999991937 
0.00000000099999999997 0.00551829984667959617 0.00000000099999999997 0.40292868067109272046 0.00000000099999999997 0.59155301648222768929 
0.00000000100000000000 0.02762766765151281056 0.00000470581716965293 0.65334627720772431303 0.00000000100000000000 0.31902134732359321845 
0.00000000099999999993 0.00000000099999999993 0.00000000099999999993 0.00000000099999999993 0.00000000099999999993 0.99999999499999991937 
0.00000000099999999998 0.00000000099999999998 0.00000000099999999998 0.00000000099999999998 0.48232745101105850560 0.51767254498894144099 
0.00000000099999999997 0.98070192333725791922 0.00000000099999999997 0.01929807266274205860 0.00000000099999999997 0.00000000099999999997 
0.00000000099999999999 0.01621348631248041225 0.01724737469263202747 0.53785146289805807474 0.03521217230471897219 0.39347550279211057633 
0.00000000099999999998 0.00000000099999999998 0.00000000099999999998 0.00000000099999999998 0.29523468867115082448 0.70476530732884923314 
0.00781694276881129448 0.00000046207063628708 0.00000000100000000000 0.55944698607992515704 0.22138897898984344348 0.21134662909078374970 
0.00000000099999999997 0.99999999500000003039 0.00000000099999999997 0.00000000099999999997 0.00000000099999999997 0.00000000099999999997 
0.01819376879534159025 0.02157609389479738307 0.00000000100000000000 0.49420745206618010847 0.16339572893556936206 0.30262695530811173361 
0.00000000100000000000 0.00329627829565362412 0.00513658606383525854 0.45381030276467276829 0.17191090831444055809 0.36584592356139772340 
0.00000000099999999999 0.47495158017069727396 0.00637137905447191996 0.24846202424407246023 0.14124112595202187315 0.12897388957873656690 
0.00000000099999999998 0.01530923847251642982 0.00000000099999999998 0.50639170818620926617 0.20770508009423546691 0.27059397124703876703 
0.99999999500000003039 0.00000000099999999976 0.00000000099999999976 0.00000000099999999976 0.00000000099999999976 0.00000000099999999976 
0.00000000099999999999 0.00718940341910097921 0.01515811007100764315 0.62247653738946240320 0.18985790973647051483 0.16531803838395842110 
0.00000000099999999999 0.00993260051528174585 0.00000000099999999999 0.71675174173617905993 0.27331564907401745268 0.00000000667452183236 
