0.01105433994661335004 0.10242478225838211325 0.00000000099999999998 0.35362843400271171124 0.00000145565182843435 0.29414830654734391846 0.00000000099999999998 0.00000000099999999998 0.00012276430082431081 0.23861991429229623130 
0.00000000099999999993 0.00000000099999999993 0.54226457120539517387 0.00000000099999999993 0.00000000099999999993 0.00000000099999999993 0.00000000099999999993 0.45773542079460483034 0.00000000099999999993 0.00000000099999999993 
0.00000000099999999989 0.00000000099999999989 0.99999999100000014352 0.00000000099999999989 0.00000000099999999989 0.00000000099999999989 0.00000000099999999989 0.00000000099999999989 0.00000000099999999989 0.00000000099999999989 
0.15050975395556262515 0.24970219963325265833 0.00000086074755671708 0.24837967698524718307 0.21000712268457466525 0.10754907430903323795 0.00000000099999999999 0.03385130868477292942 0.00000000099999999999 0.00000000099999999999 
0.03293813489135596212 0.22815599236068942468 0.00000000099999999999 0.21437336250346247790 0.29001030950598605251 0.20629767599390413935 0.00000000099999999999 0.00000000099999999999 0.00000000099999999999 0.02822452074460191432 
0.00000000099999999998 0.00000000099999999998 0.00886748111790624204 0.31535930988792132412 0.39755808862935504422 0.17106581017773606068 0.00000000099999999998 0.00000000099999999998 0.00000000099999999998 0.10714930518708142004 
0.00000000099999999982 0.00000000099999999982 0.00000000099999999982 0.00000000099999999982 0.00000000099999999982 0.00000000099999999982 0.00000000099999999982 0.99999999100000003249 0.00000000099999999982 0.00000000099999999982 
0.00000000099999999986 0.00000000099999999986 0.99999999100000003249 0.00000000099999999986 0.00000000099999999986 0.00000000099999999986 0.00000000099999999986 0.00000000099999999986 0.00000000099999999986 0.00000000099999999986 
0.39201085203131791346 0.00000000099999999996 0.00000000099999999996 0.60798913996868220178 0.00000000099999999996 0.00000000099999999996 0.00000000099999999996 0.00000000099999999996 0.00000000099999999996 0.00000000099999999996 
0.00000000099999999992 0.00000000099999999992 0.50956019862036372459 0.00000000099999999992 0.00000000099999999992 0.00000000099999999992 0.00000000099999999992 0.49043979337963644616 0.00000000099999999992 0.00000000099999999992 
0.19659927103246102598 0.58207548121016650100 0.01519814822883073548 0.00000000099999999999 0.14274238110547904368 0.06331493428116720390 0.00000000099999999999 0.00000000099999999999 0.00006978014189565016 0.00000000099999999999 
0.01259674020502209515 0.34697219921592620251 0.00000000099999999998 0.15465957886088455009 0.24280351396421698262 0.14354644678117040035 0.00000000099999999998 0.01240631629755699350 0.00003665189386683379 0.08697855078135602325 
0.00000000099999999991 0.99999999100000014352 0.00000000099999999991 0.00000000099999999991 0.00000000099999999991 0.00000000099999999991 0.00000000099999999991 0.00000000099999999991 0.00000000099999999991 0.00000000099999999991 
0.33949059837613748680 0.00000000099999999999 0.00000000099999999999 0.16674151896831468367 0.12730272238153500508 0.24129296195497934585 0.00000000099999999999 0.00217690234216151102 0.00000000308030206922 0.12299528989656992317 
0.41944065865510721247 0.00000000099999999996 0.00000000099999999996 0.00000000099999999996 0.00000000099999999996 0.58055933334489273623 0.00000000099999999996 0.00000000099999999996 0.00000000099999999996 0.00000000099999999996 
0.12519217777061009134 0.12690612466313874740 0.05249868694393407254 0.21577037365813350744 0.19302982328255499644 0.19283131573225456568 0.00000000099999999999 0.00000000099999999999 0.02507905931594867771 0.06869243663342546047 
0.00000000099999999989 0.00000000099999999989 0.00000000099999999989 0.00000000099999999989 0.99999999100000003249 0.00000000099999999989 0.00000000099999999989 0.00000000099999999989 0.00000000099999999989 0.00000000099999999989 
0.00000000099999999996 0.00000000099999999996 0.00000000099999999996 0.41131774567148166044 0.58868224632851828826 0.00000000099999999996 0.00000000099999999996 0.00000000099999999996 0.00000000099999999996 0.00000000099999999996 
0.18452952944821426895 0.25360392415914512210 0.00000000099999999999 0.38981432779345287498 0.00236218137800987393 0.09849749771380006402 0.00000000099999999999 0.00000000099999999999 0.00000000099999999999 0.07119253550737793257 
0.36923100459017249575 0.07697388434707569393 0.00000000099999999997 0.32175067597157336330 0.00000000099999999997 0.23033270096070040944 0.00000000099999999997 0.00000000099999999997 0.00000000099999999997 0.00171172913047800269 
0.00000000099999999992 0.99999999100000025454 0.00000000099999999992 0.00000000099999999992 0.00000000099999999992 0.00000000099999999992 0.00000000099999999992 0.00000000099999999992 0.00000000099999999992 0.00000000099999999992 
0.00000000099999999995 0.00000000099999999995 0.43726530717310230223 0.00000000099999999995 0.00000000099999999995 0.00000000099999999995 0.00000000099999999995 0.54524177888737912490 0.00000000099999999995 0.01749290693951845860 
0.17770437853250958815 0.28274570375004853817 0.00000000099999999998 0.18397128867056861123 0.14104125395364400242 0.19205848549741524889 0.00000000099999999998 0.02247888559581395079 0.00000000099999999998 0.00000000099999999998 
0.00000000099999999970 0.00000000099999999970 0.00000000099999999970 0.00000000099999999970 0.00000000099999999970 0.99999999100000014352 0.00000000099999999970 0.00000000099999999970 0.00000000099999999970 0.00000000099999999970 
0.00000000099999999996 0.53289889495003039954 0.00000000099999999996 0.00000000099999999996 0.44101133820872928659 0.00000000099999999996 0.00000000099999999996 0.02608975984124058123 0.00000000099999999996 0.00000000099999999996 
0.00000000099999999995 0.20202821859395547754 0.00000000099999999995 0.00000000099999999995 0.79797177340604463769 0.00000000099999999995 0.00000000099999999995 0.00000000099999999995 0.00000000099999999995 0.00000000099999999995 
0.00000000099999999960 0.00000000099999999960 0.00000000099999999960 0.00000000099999999960 0.00000000099999999960 0.00000000099999999960 0.00000000099999999960 0.00000000099999999960 0.99999999099999992147 0.00000000099999999960 
0.00000000099999999954 0.00000000099999999954 0.00000000099999999954 0.00000000099999999954 0.00000000099999999954 0.00000000099999999954 0.00000000099999999954 0.00000000099999999954 0.99999999100000003249 0.00000000099999999954 
0.00000000099999999997 0.42119971827258412267 0.00000000099999999997 0.00000000099999999997 0.51572066945984418318 0.00000000099999999997 0.00000000099999999997 0.00000000099999999997 0.00000000099999999997 0.06307960526757179498 
0.99999999100000025454 0.00000000099999999984 0.00000000099999999984 0.00000000099999999984 0.00000000099999999984 0.00000000099999999984 0.00000000099999999984 0.00000000099999999984 0.00000000099999999984 0.00000000099999999984 
0.20864435515907886476 0.00000000099999999997 0.00000000099999999997 0.32417423627282027088 0.26911712438468565756 0.00000000099999999997 0.00000000099999999997 0.00000000099999999997 0.00000000099999999997 0.19806427818341540426 
0.00000000099999999992 0.00000000099999999992 0.99999999100000003249 0.00000000099999999992 0.00000000099999999992 0.00000000099999999992 0.00000000099999999992 0.00000000099999999992 0.00000000099999999992 0.00000000099999999992 
0.00000000099999999984 0.00000000099999999984 0.16561514612838790228 0.00000000099999999984 0.00000000099999999984 0.47978893627424440416 0.00000000099999999984 0.00000000099999999984 0.35459591059736778051 0.00000000099999999984 
0.99999999100000025454 0.00000000099999999985 0.00000000099999999985 0.00000000099999999985 0.00000000099999999985 0.00000000099999999985 0.00000000099999999985 0.00000000099999999985 0.00000000099999999985 0.00000000099999999985 
0.00000000099999999952 0.00000000099999999952 0.00000000099999999952 0.00000000099999999952 0.00000000099999999952 0.00000000099999999952 0.99999999100000003249 0.00000000099999999952 0.00000000099999999952 0.00000000099999999952 
0.00000000099999999941 0.00000000099999999941 0.00000000099999999941 0.00000000099999999941 0.00000000099999999941 0.00000000099999999941 0.99999999099999992147 0.00000000099999999941 0.00000000099999999941 0.00000000099999999941 
0.00000000099999999941 0.00000000099999999941 0.00000000099999999941 0.00000000099999999941 0.00000000099999999941 0.00000000099999999941 0.99999999100000003249 0.00000000099999999941 0.00000000099999999941 0.00000000099999999941 
0.00000000099999999961 0.00000000099999999961 0.00000000099999999961 0.00000000099999999961 0.00000000099999999961 0.00000000099999999961 0.00000000099999999961 0.00000000099999999961 0.99999999099999992147 0.00000000099999999961 
0.00000000099999999955 0.00000000099999999955 0.00000000099999999955 0.00000000099999999955 0.00000000099999999955 0.00000000099999999955 0.00000000099999999955 0.00000000099999999955 0.99999999100000003249 0.00000000099999999955 
0.00000000099999999991 0.99999999100000025454 0.00000000099999999991 0.00000000099999999991 0.00000000099999999991 0.00000000099999999991 0.00000000099999999991 0.00000000099999999991 0.00000000099999999991 0.00000000099999999991 
0.00000000099999999990 0.00000000099999999990 0.99999999100000003249 0.00000000099999999990 0.00000000099999999990 0.00000000099999999990 0.00000000099999999990 0.00000000099999999990 0.00000000099999999990 0.00000000099999999990 
0.00000000099999999958 0.00000000099999999958 0.00000000099999999958 0.00000000099999999958 0.00000000099999999958 0.00000000099999999958 0.00000000099999999958 0.00000000099999999958 0.99999999100000003249 0.00000000099999999958 
0.00000000099999999989 0.00000000099999999989 0.00000000099999999989 0.00000000099999999989 0.99999999100000003249 0.00000000099999999989 0.00000000099999999989 0.00000000099999999989 0.00000000099999999989 0.00000000099999999989 
0.00000000099999999987 0.00000000099999999987 0.99999999100000014352 0.00000000099999999987 0.00000000099999999987 0.00000000099999999987 0.00000000099999999987 0.00000000099999999987 0.00000000099999999987 0.00000000099999999987 
0.00000000099999999963 0.00000000099999999963 0.00000000099999999963 0.00000000099999999963 0.00000000099999999963 0.00000000099999999963 0.00000000099999999963 0.00000000099999999963 0.99999999100000003249 0.00000000099999999963 
0.24213184719068225892 0.00000000099999999996 0.00000000099999999996 0.00000000099999999996 0.75786814480931774529 0.00000000099999999996 0.00000000099999999996 0.00000000099999999996 0.00000000099999999996 0.00000000099999999996 
0.00000000099999999958 0.00000000099999999958 0.00000000099999999958 0.00000000099999999958 0.00000000099999999958 0.00000000099999999958 0.00000000099999999958 0.00000000099999999958 0.99999999100000003249 0.00000000099999999958 
0.00000000099999999990 0.00000000099999999990 0.99999999100000003249 0.00000000099999999990 0.00000000099999999990 0.00000000099999999990 0.00000000099999999990 0.00000000099999999990 0.00000000099999999990 0.00000000099999999990 
0.00000000099999999989 0.00000000099999999989 0.53460643892171155755 0.00000000099999999989 0.00000000099999999989 0.00000000099999999989 0.00000000099999999989 0.46539355307828839114 0.00000000099999999989 0.00000000099999999989 
0.00000000099999999953 0.00000000099999999953 0.00000000099999999953 0.00000000099999999953 0.00000000099999999953 0.00000000099999999953 0.00000000099999999953 0.00000000099999999953 0.99999999099999992147 0.00000000099999999953 
0.00000000099999999956 0.00000000099999999956 0.00000000099999999956 0.00000000099999999956 0.00000000099999999956 0.00000000099999999956 0.00000000099999999956 0.00000000099999999956 0.99999999099999992147 0.00000000099999999956 
0.00000000099999999994 0.00000000099999999994 0.55074703239215239137 0.00000000099999999994 0.00000000099999999994 0.00000000099999999994 0.00000000099999999994 0.44925295960784755733 0.00000000099999999994 0.00000000099999999994 
0.00000000099999999990 0.00000000099999999990 0.99999999100000003249 0.00000000099999999990 0.00000000099999999990 0.00000000099999999990 0.00000000099999999990 0.00000000099999999990 0.00000000099999999990 0.00000000099999999990 
0.00000000099999999995 0.00000000099999999995 0.47211890631378744532 0.00000000099999999995 0.00000000099999999995 0.00000000099999999995 0.00000000099999999995 0.52788108568621239236 0.00000000099999999995 0.00000000099999999995 
0.00000000099999999964 0.00000000099999999964 0.00000000099999999964 0.00000000099999999964 0.00000000099999999964 0.00000000099999999964 0.00000000099999999964 0.00000000099999999964 0.99999999099999992147 0.00000000099999999964 
0.00000000099999999999 0.42622184522740941270 0.05423659236946463957 0.25076937695081630286 0.10608519995275488002 0.15263093351147177801 0.00000000099999999999 0.00000000099999999999 0.01005603320224285682 0.00000001578584040337 
0.00000000099999999990 0.00000000099999999990 0.00000000099999999990 0.99999999100000014352 0.00000000099999999990 0.00000000099999999990 0.00000000099999999990 0.00000000099999999990 0.00000000099999999990 0.00000000099999999990 
0.23422157559268697025 0.00000000099999999997 0.00876522435332590007 0.28052026986953926269 0.20871528038619188705 0.20541587395837304642 0.00000000099999999997 0.00000000099999999997 0.00000000099999999997 0.06236177183988301370 
0.23751806487786475408 0.35238616792945448575 0.00000000099999999999 0.22120255427518834002 0.00000000099999999999 0.18831845351078507766 0.00000000099999999999 0.00056975900833556930 0.00000000099999999999 0.00000499639837192554 
0.00000000099999999993 0.00000000099999999993 0.56457874747993352926 0.00000000099999999993 0.00000000099999999993 0.00000000099999999993 0.00000000099999999993 0.43542124452006669699 0.00000000099999999993 0.00000000099999999993 
0.08293146409420310006 0.47211873156767947268 0.00000000099999999999 0.25514824011840359086 0.18980155821971403385 0.00000000099999999999 0.00000000099999999999 0.00000000099999999999 0.00000000099999999999 0.00000000099999999999 
0.00000000099999999949 0.00000000099999999949 0.00000000099999999949 0.00000000099999999949 0.00000000099999999949 0.00000000099999999949 0.99999999099999992147 0.00000000099999999949 0.00000000099999999949 0.00000000099999999949 
0.00000000099999999988 0.00000000099999999988 0.00000000099999999988 0.99999999100000014352 0.00000000099999999988 0.00000000099999999988 0.00000000099999999988 0.00000000099999999988 0.00000000099999999988 0.00000000099999999988 
0.00000000099999999951 0.00000000099999999951 0.00000000099999999951 0.00000000099999999951 0.00000000099999999951 0.00000000099999999951 0.99999999099999992147 0.00000000099999999951 0.00000000099999999951 0.00000000099999999951 
0.19430517731351357180 0.36331821365766492349 0.03453506624936190234 0.09697631021228454717 0.11512124262673079089 0.19400664772905895639 0.00000000099999999999 0.00000000099999999999 0.00000000099999999999 0.00173733921138546996 
0.00000000099999999951 0.00000000099999999951 0.00000000099999999951 0.00000000099999999951 0.00000000099999999951 0.00000000099999999951 0.99999999099999992147 0.00000000099999999951 0.00000000099999999951 0.00000000099999999951 
0.00000000099999999969 0.00000000099999999969 0.00000000099999999969 0.00000000099999999969 0.00000000099999999969 0.00000000099999999969 0.00000000099999999969 0.00000000099999999969 0.00000000099999999969 0.99999999100000003249 
0.30453688037910370268 0.22125875214460055673 0.00108898897231621663 0.00000000099999999999 0.16491329784559405347 0.18730151715194812145 0.00000000099999999999 0.00000000099999999999 0.00000000099999999999 0.12090055950643727178 
0.00000000099999999987 0.00000000099999999987 0.99999999100000014352 0.00000000099999999987 0.00000000099999999987 0.00000000099999999987 0.00000000099999999987 0.00000000099999999987 0.00000000099999999987 0.00000000099999999987 
0.99999999100000025454 0.00000000099999999984 0.00000000099999999984 0.00000000099999999984 0.00000000099999999984 0.00000000099999999984 0.00000000099999999984 0.00000000099999999984 0.00000000099999999984 0.00000000099999999984 
0.00000000099999999952 0.00000000099999999952 0.00000000099999999952 0.00000000099999999952 0.00000000099999999952 0.00000000099999999952 0.99999999099999992147 0.00000000099999999952 0.00000000099999999952 0.00000000099999999952 
0.00000000099999999956 0.00000000099999999956 0.00000000099999999956 0.00000000099999999956 0.00000000099999999956 0.00000000099999999956 0.99999999099999992147 0.00000000099999999956 0.00000000099999999956 0.00000000099999999956 
0.00000000099999999999 0.46423128497537458070 0.00000000099999999999 0.00147199759201301918 0.31540319892633794652 0.13679188941433020887 0.00000000099999999999 0.07940236023748482863 0.00269925545452632002 0.00000001039993304685 
0.00000000099999999981 0.00000000099999999981 0.00000000099999999981 0.00000000099999999981 0.00000000099999999981 0.00000000099999999981 0.00000000099999999981 0.99999999099999992147 0.00000000099999999981 0.00000000099999999981 
0.00000000099999999966 0.00000000099999999966 0.00000000099999999966 0.00000000099999999966 0.00000000099999999966 0.00000000099999999966 0.00000000099999999966 0.00000000099999999966 0.99999999100000003249 0.00000000099999999966 
0.00000000099999999986 0.00000000099999999986 0.99999999100000014352 0.00000000099999999986 0.00000000099999999986 0.00000000099999999986 0.00000000099999999986 0.00000000099999999986 0.00000000099999999986 0.00000000099999999986 
0.00000000099999999997 0.00000001947143053818 0.00000000099999999997 0.53263359577114355314 0.00000000099999999997 0.21506902628519741771 0.00000000099999999997 0.00000000354344904757 0.00000000099999999997 0.25229734992877939082 
0.00000000099999999946 0.00000000099999999946 0.00000000099999999946 0.00000000099999999946 0.00000000099999999946 0.00000000099999999946 0.99999999099999992147 0.00000000099999999946 0.00000000099999999946 0.00000000099999999946 
0.00000000099999999949 0.00000000099999999949 0.00000000099999999949 0.00000000099999999949 0.00000000099999999949 0.00000000099999999949 0.00000000099999999949 0.00000000099999999949 0.99999999100000003249 0.00000000099999999949 
0.00000000099999999958 0.00000000099999999958 0.00000000099999999958 0.00000000099999999958 0.00000000099999999958 0.00000000099999999958 0.99999999099999992147 0.00000000099999999958 0.00000000099999999958 0.00000000099999999958 
0.00000000099999999997 0.72472395104018583201 0.00000000099999999997 0.00000000099999999997 0.00000000099999999997 0.27527604018797513508 0.00000000099999999997 0.00000000099999999997 0.00000000177183913939 0.00000000099999999997 
0.00000000099999999975 0.00000000099999999975 0.00000000099999999975 0.00000000099999999975 0.00000000099999999975 0.00000000099999999975 0.00000000099999999975 0.99999999100000003249 0.00000000099999999975 0.00000000099999999975 
0.00000000099999999987 0.00000000099999999987 0.99999999100000014352 0.00000000099999999987 0.00000000099999999987 0.00000000099999999987 0.00000000099999999987 0.00000000099999999987 0.00000000099999999987 0.00000000099999999987 
0.21169292097555847398 0.00033904953346099772 0.22023683115292391754 0.00000000099999999998 0.27137258830816501920 0.16832596111188546928 0.00000000099999999998 0.00000000099999999998 0.00000000099999999998 0.12803264491800614433 
0.10493907321444373437 0.00000913398448849764 0.00000000099999999999 0.42993847280149655177 0.18513947390675991600 0.25069537337646130570 0.00000000099999999999 0.01289359478875321853 0.01638487492759656619 0.00000000099999999999 
0.17550272631333663220 0.26378660957504279638 0.00000000099999999997 0.17995747838733983093 0.28658385333994673694 0.00000739391656758930 0.00000000099999999997 0.01471224776989948045 0.00000000099999999997 0.07944968769786696361 
0.24565736974930213465 0.27524416552721886475 0.00000000099999999998 0.00000000099999999998 0.28408253419514123417 0.09080199475664589570 0.00000000099999999998 0.00286436682578835667 0.00000000099999999998 0.10134956494590367793 
0.00000000099999999998 0.52682574572163443083 0.00000000099999999998 0.00000000099999999998 0.40805057678727540971 0.06512367049109037132 0.00000000099999999998 0.00000000099999999998 0.00000000099999999998 0.00000000099999999998 
0.99999999100000025454 0.00000000099999999986 0.00000000099999999986 0.00000000099999999986 0.00000000099999999986 0.00000000099999999986 0.00000000099999999986 0.00000000099999999986 0.00000000099999999986 0.00000000099999999986 
0.15686041318226054408 0.30100555035353393496 0.00000000099999999997 0.33478879750305801100 0.20734499513663742776 0.00000000099999999997 0.00000000099999999997 0.00000023882451015806 0.00000000099999999997 0.00000000099999999997 
0.15419998231404344335 0.49293707918405549329 0.01376592611590272963 0.29761499116323397729 0.00000000099999999998 0.04148201622276447703 0.00000000099999999998 0.00000000099999999998 0.00000000099999999998 0.00000000099999999998 
0.14691561291491048169 0.29350992625794047886 0.03723385640435567662 0.26953153103249527511 0.21376881098095995570 0.03904025840933812025 0.00000000099999999998 0.00000000099999999998 0.00000000099999999998 0.00000000099999999998 
0.00000000099999999989 0.00000000099999999989 0.99999999100000014352 0.00000000099999999989 0.00000000099999999989 0.00000000099999999989 0.00000000099999999989 0.00000000099999999989 0.00000000099999999989 0.00000000099999999989 
0.00000000099999999996 0.00000000099999999996 0.48467099407086083884 0.00000000099999999996 0.00000000099999999996 0.00837379808848912922 0.00000000099999999996 0.50695520084065004429 0.00000000099999999996 0.00000000099999999996 
0.00000000099999999970 0.00000000099999999970 0.00000000099999999970 0.00000000099999999970 0.00000000099999999970 0.00000000099999999970 0.99999999099999992147 0.00000000099999999970 0.00000000099999999970 0.00000000099999999970 
0.00000000099999999995 0.00000000099999999995 0.53954356106654721703 0.00000000099999999995 0.00000000099999999995 0.00000000099999999995 0.00000000099999999995 0.46045643093345284269 0.00000000099999999995 0.00000000099999999995 
0.00000000099999999996 0.00000000099999999996 0.72655506879836351253 0.01326666468014671071 0.00000000099999999996 0.00000000099999999996 0.00000000099999999996 0.26017825952148992963 0.00000000099999999996 0.00000000099999999996 
0.31788504487169699786 0.25792431422375372563 0.00000000099999999998 0.33838015543998095636 0.00000000099999999998 0.00000000099999999998 0.00000000099999999998 0.02585735684516654240 0.00000000099999999998 0.05995312361940198509 
0.00000000099999999940 0.00000000099999999940 0.00000000099999999940 0.00000000099999999940 0.00000000099999999940 0.00000000099999999940 0.99999999099999992147 0.00000000099999999940 0.00000000099999999940 0.00000000099999999940 
0.00000000099999999996 0.00000000099999999996 0.00000000099999999996 0.59316943025413315649 0.00000000099999999996 0.40683056174586701426 0.00000000099999999996 0.00000000099999999996 0.00000000099999999996 0.00000000099999999996 
0.00000000099999999990 0.00000000099999999990 0.00000000099999999990 0.99999999100000014352 0.00000000099999999990 0.00000000099999999990 0.00000000099999999990 0.00000000099999999990 0.00000000099999999990 0.00000000099999999990 
0.39748313771224064173 0.00000000099999999998 0.00000000099999999998 0.05052250452886154070 0.24402453032840965008 0.26516212216837303783 0.00000000099999999998 0.00000000099999999998 0.00000000099999999998 0.04280770026211512536 
0.09237014460467531107 0.35261968990426906245 0.00000000099999999999 0.28813326222906981977 0.13110517692658230082 0.02450248316942940999 0.00000000099999999999 0.02473328817841330407 0.00000000099999999999 0.08653595198756092177 
0.00000000099999999997 0.00000000099999999997 0.00000000099999999997 0.46291300636354532072 0.28669495629615610044 0.25039203034029861028 0.00000000099999999997 0.00000000099999999997 0.00000000099999999997 0.00000000099999999997 
0.00000000099999999990 0.00000000099999999990 0.00000000099999999990 0.00000000099999999990 0.99999999100000003249 0.00000000099999999990 0.00000000099999999990 0.00000000099999999990 0.00000000099999999990 0.00000000099999999990 
0.00000000099999999989 0.00000000099999999989 0.00000000099999999989 0.00000000099999999989 0.00000000099999999989 0.99999999100000014352 0.00000000099999999989 0.00000000099999999989 0.00000000099999999989 0.00000000099999999989 
0.49791992323574801871 0.00000000099999999998 0.00000000099999999998 0.00000000099999999998 0.50208004811705764237 0.00000002096974901238 0.00000000099999999998 0.00000000167744523038 0.00000000099999999998 0.00000000099999999998 
0.14995481202476892979 0.18709173009392265907 0.00721172508375884144 0.20894249866356412459 0.24574427933979009486 0.12757211543739130355 0.00004462927445215672 0.00000001115151426337 0.02708222678883819706 0.04635597214199940752 
0.00000000099999999990 0.00000000099999999990 0.00000000099999999990 0.99999999100000014352 0.00000000099999999990 0.00000000099999999990 0.00000000099999999990 0.00000000099999999990 0.00000000099999999990 0.00000000099999999990 
0.00000000099999999994 0.00000000099999999994 0.00000000099999999994 0.68886618436096336282 0.31113380763903658588 0.00000000099999999994 0.00000000099999999994 0.00000000099999999994 0.00000000099999999994 0.00000000099999999994 
0.00000000099999999999 0.25770833345269428261 0.00000000099999999999 0.34210661517995250014 0.00000173965464712532 0.21817744114736581373 0.00000000099999999999 0.02628640132138436100 0.01134803185747782286 0.14437143438647823124 
0.00000000099999999990 0.00000000099999999990 0.00000000099999999990 0.00000000099999999990 0.99999999100000014352 0.00000000099999999990 0.00000000099999999990 0.00000000099999999990 0.00000000099999999990 0.00000000099999999990 
0.46814079614133985441 0.00000000099999999998 0.00000000099999999998 0.00000000099999999998 0.25346758265689312006 0.27839161420176705697 0.00000000099999999998 0.00000000099999999998 0.00000000099999999998 0.00000000099999999998 
0.34362779208683175147 0.15685372421992513359 0.00000000099999999998 0.21165786075274758971 0.23200597798705518970 0.05585463995344047694 0.00000000099999999998 0.00000000099999999998 0.00000000099999999998 0.00000000099999999998 
0.19571913461346823748 0.02643405006418090425 0.00000000099999999997 0.42947532735992394182 0.00000000099999999997 0.31889270767291622022 0.00000000099999999997 0.02947877528951060866 0.00000000099999999997 0.00000000099999999997 
0.15615561645051581618 0.12337336714253162306 0.00000000099999999999 0.21051141297218828319 0.25919766124125759310 0.11502902766843099702 0.00000000099999999999 0.00412768672627457627 0.00000001655995047979 0.13160520923885055122 
0.22193715325802870764 0.35163470028608123652 0.00000000099999999999 0.17311670034878204327 0.00000001478611909627 0.21515790647766852572 0.00000000099999999999 0.03815351606005798479 0.00000000099999999999 0.00000000578326249761 
0.37447360129865281397 0.30496341285657541098 0.00000000099999999997 0.00000000099999999997 0.23574623485136439460 0.08481674499340761952 0.00000000099999999997 0.00000000099999999997 0.00000000099999999997 0.00000000099999999997 
0.00000000099999999990 0.00000000099999999990 0.00000000099999999990 0.00000000099999999990 0.99999999100000003249 0.00000000099999999990 0.00000000099999999990 0.00000000099999999990 0.00000000099999999990 0.00000000099999999990 
0.00000000100000000000 0.51169967320001308320 0.00000295656076715768 0.00000000100000000000 0.15211999642700857471 0.25020404325707457094 0.06716206491153053904 0.01881126164360625089 0.00000000100000000000 0.00000000100000000000 
0.00000000099999999983 0.00000000099999999983 0.00000000099999999983 0.00000000099999999983 0.00000000099999999983 0.99999999100000014352 0.00000000099999999983 0.00000000099999999983 0.00000000099999999983 0.00000000099999999983 
0.00000000099999999995 0.00000000099999999995 0.00000000099999999995 0.00000000099999999995 0.61209052429359511738 0.38790940929946332583 0.00000000099999999995 0.00000000099999999995 0.00000000099999999995 0.00000005940694166146 
0.00000000099999999996 0.56935690126617999329 0.00000138744483000324 0.00000000099999999996 0.37735778614858789259 0.00000000099999999996 0.00000000099999999996 0.00000000099999999996 0.00000000099999999996 0.05328391914040231381 
0.00000000099999999997 0.50551898820397234147 0.00000000099999999997 0.00000000099999999997 0.00000000099999999997 0.37605209497651964634 0.00000000099999999997 0.00000000099999999997 0.00000000099999999997 0.11842890981950829343 
0.14879452692351924359 0.21096986770214079532 0.00963002300490518534 0.24296151663824094857 0.32738718566275631927 0.06025687606843755512 0.00000000099999999998 0.00000000099999999998 0.00000000099999999998 0.00000000099999999998 
0.00000000099999999999 0.39225355585002791292 0.00000000099999999999 0.00000000099999999999 0.28431959504914378067 0.32313475150247633616 0.00000000099999999999 0.00000000099999999999 0.00000000099999999999 0.00029209159835196771 
0.10593693477993622321 0.26168454879428765247 0.00193424889514787874 0.31175144660841419553 0.29184471173814718892 0.00000000099999999999 0.00000000099999999999 0.00000000099999999999 0.00268136323295792246 0.02416674295110896736 
0.30325093541261460839 0.00169859594764360834 0.00000000099999999997 0.22311476787381509523 0.16756549306523041420 0.16885647064549652585 0.00000000099999999997 0.00000000099999999997 0.00000000099999999997 0.13551373305519978651 
0.99999999100000025454 0.00000000099999999985 0.00000000099999999985 0.00000000099999999985 0.00000000099999999985 0.00000000099999999985 0.00000000099999999985 0.00000000099999999985 0.00000000099999999985 0.00000000099999999985 
0.00000000099999999989 0.00000000099999999989 0.99999999100000003249 0.00000000099999999989 0.00000000099999999989 0.00000000099999999989 0.00000000099999999989 0.00000000099999999989 0.00000000099999999989 0.00000000099999999989 
0.00000000099999999984 0.00000000099999999984 0.00000000099999999984 0.00000000099999999984 0.00000000099999999984 0.00000000099999999984 0.00000000099999999984 0.99999999099999992147 0.00000000099999999984 0.00000000099999999984 
0.00000000099999999961 0.00000000099999999961 0.00000000099999999961 0.00000000099999999961 0.00000000099999999961 0.00000000099999999961 0.99999999099999992147 0.00000000099999999961 0.00000000099999999961 0.00000000099999999961 
0.00000000099999999951 0.00000000099999999951 0.00000000099999999951 0.00000000099999999951 0.00000000099999999951 0.00000000099999999951 0.00000000099999999951 0.00000000099999999951 0.99999999099999992147 0.00000000099999999951 
0.00000000099999999999 0.00000000453243329465 0.58403736180585807958 0.00000000099999999999 0.00000000504132250253 0.00000000099999999999 0.00000000099999999999 0.32239921662023729443 0.03586614601362464461 0.05769726198652429250 
0.00000000099999999989 0.00000000099999999989 0.00000000099999999989 0.99999999100000014352 0.00000000099999999989 0.00000000099999999989 0.00000000099999999989 0.00000000099999999989 0.00000000099999999989 0.00000000099999999989 
0.99999999100000014352 0.00000000099999999987 0.00000000099999999987 0.00000000099999999987 0.00000000099999999987 0.00000000099999999987 0.00000000099999999987 0.00000000099999999987 0.00000000099999999987 0.00000000099999999987 
0.00000000099999999983 0.00000000099999999983 0.00000000099999999983 0.00000000099999999983 0.00000000099999999983 0.00000000099999999983 0.00000000099999999983 0.99999999099999992147 0.00000000099999999983 0.00000000099999999983 
0.00000001206916643197 0.47777501485742612797 0.00690342427228008478 0.26367136410861385931 0.00000000099999999998 0.25163020133170588277 0.00000000099999999998 0.00000000099999999998 0.00000000099999999998 0.00001997936080764573 
0.29589780128699694206 0.01291471508579947018 0.00000000099999999998 0.23202173228265349225 0.24688511996597437004 0.20519934358732608293 0.00000000099999999998 0.00000000099999999998 0.00708128174324976385 0.00000000304799978593 
0.00000000099999999990 0.99999999100000014352 0.00000000099999999990 0.00000000099999999990 0.00000000099999999990 0.00000000099999999990 0.00000000099999999990 0.00000000099999999990 0.00000000099999999990 0.00000000099999999990 
0.00000000099999999947 0.00000000099999999947 0.00000000099999999947 0.00000000099999999947 0.00000000099999999947 0.00000000099999999947 0.99999999100000003249 0.00000000099999999947 0.00000000099999999947 0.00000000099999999947 
0.00000000099999999950 0.00000000099999999950 0.00000000099999999950 0.00000000099999999950 0.00000000099999999950 0.00000000099999999950 0.99999999100000003249 0.00000000099999999950 0.00000000099999999950 0.00000000099999999950 
0.00000000099999999941 0.00000000099999999941 0.00000000099999999941 0.00000000099999999941 0.00000000099999999941 0.00000000099999999941 0.99999999099999992147 0.00000000099999999941 0.00000000099999999941 0.00000000099999999941 
0.00000000099999999943 0.00000000099999999943 0.00000000099999999943 0.00000000099999999943 0.00000000099999999943 0.00000000099999999943 0.99999999099999992147 0.00000000099999999943 0.00000000099999999943 0.00000000099999999943 
0.00000000099999999944 0.00000000099999999944 0.00000000099999999944 0.00000000099999999944 0.00000000099999999944 0.00000000099999999944 0.99999999099999992147 0.00000000099999999944 0.00000000099999999944 0.00000000099999999944 
0.00000000099999999995 0.00000000099999999995 0.47793469032211161052 0.00000000099999999995 0.00000000099999999995 0.00000000099999999995 0.00000000099999999995 0.52206530167788822716 0.00000000099999999995 0.00000000099999999995 
0.00000000099999999997 0.76779448814671580337 0.00000000099999999997 0.00000000099999999997 0.00000000099999999997 0.23220550385328436738 0.00000000099999999997 0.00000000099999999997 0.00000000099999999997 0.00000000099999999997 
0.00000000099999999943 0.00000000099999999943 0.00000000099999999943 0.00000000099999999943 0.00000000099999999943 0.00000000099999999943 0.99999999100000003249 0.00000000099999999943 0.00000000099999999943 0.00000000099999999943 
0.00000000099999999952 0.00000000099999999952 0.00000000099999999952 0.00000000099999999952 0.00000000099999999952 0.00000000099999999952 0.99999999100000003249 0.00000000099999999952 0.00000000099999999952 0.00000000099999999952 
0.00000000099999999949 0.00000000099999999949 0.00000000099999999949 0.00000000099999999949 0.00000000099999999949 0.00000000099999999949 0.00000000099999999949 0.00000000099999999949 0.99999999099999992147 0.00000000099999999949 
0.00000000099999999949 0.00000000099999999949 0.00000000099999999949 0.00000000099999999949 0.00000000099999999949 0.00000000099999999949 0.00000000099999999949 0.00000000099999999949 0.99999999099999992147 0.00000000099999999949 
0.00000000099999999989 0.00000000099999999989 0.00000000099999999989 0.00000000099999999989 0.99999999100000014352 0.00000000099999999989 0.00000000099999999989 0.00000000099999999989 0.00000000099999999989 0.00000000099999999989 
0.00000000099999999947 0.00000000099999999947 0.00000000099999999947 0.00000000099999999947 0.00000000099999999947 0.00000000099999999947 0.99999999100000003249 0.00000000099999999947 0.00000000099999999947 0.00000000099999999947 
0.00000000099999999988 0.00000000099999999988 0.00000000099999999988 0.99999999100000003249 0.00000000099999999988 0.00000000099999999988 0.00000000099999999988 0.00000000099999999988 0.00000000099999999988 0.00000000099999999988 
0.69987810219705948178 0.00000000099999999994 0.00000000099999999994 0.00000000099999999994 0.00000000099999999994 0.30012188980294074447 0.00000000099999999994 0.00000000099999999994 0.00000000099999999994 0.00000000099999999994 
0.00000000099999999984 0.00000000099999999984 0.00000000099999999984 0.00000000099999999984 0.00000000099999999984 0.00000000099999999984 0.00000000099999999984 0.99999999099999992147 0.00000000099999999984 0.00000000099999999984 
0.00000000099999999991 0.99999999100000025454 0.00000000099999999991 0.00000000099999999991 0.00000000099999999991 0.00000000099999999991 0.00000000099999999991 0.00000000099999999991 0.00000000099999999991 0.00000000099999999991 
0.00000000099999999990 0.00000000099999999990 0.74606084977695430460 0.00000000099999999990 0.00000000099999999990 0.00000000099999999990 0.00000000099999999990 0.25393914222304581063 0.00000000099999999990 0.00000000099999999990 
0.00000000099999999998 0.00000439070293217580 0.00000000099999999998 0.35109938454085509729 0.35849527120004642811 0.16611952239938332365 0.00000000099999999998 0.00000000129640688099 0.00000000099999999998 0.12428142586037622952 
0.00000000099999999987 0.00000000099999999987 0.99999999100000003249 0.00000000099999999987 0.00000000099999999987 0.00000000099999999987 0.00000000099999999987 0.00000000099999999987 0.00000000099999999987 0.00000000099999999987 
0.00000000099999999997 0.41168395642127542100 0.00000000099999999997 0.00000000099999999997 0.00000000099999999997 0.38398591609733107033 0.00000000099999999997 0.00000000099999999997 0.00000000099999999997 0.20433012048139348460 
0.28018395275847740589 0.00000000099999999998 0.00000000099999999998 0.36807977575640471457 0.21010390647015070309 0.03506969148067848319 0.00000000099999999998 0.00000000099999999998 0.00335879547666728629 0.10320387405762131150 
0.00000000099999999952 0.00000000099999999952 0.00000000099999999952 0.00000000099999999952 0.00000000099999999952 0.00000000099999999952 0.99999999100000003249 0.00000000099999999952 0.00000000099999999952 0.00000000099999999952 
0.00000000099999999991 0.00000000099999999991 0.42360738311129364497 0.00000000099999999991 0.00000000099999999991 0.00000000099999999991 0.00000000099999999991 0.57639260888870624822 0.00000000099999999991 0.00000000099999999991 
0.00000000099999999944 0.00000000099999999944 0.00000000099999999944 0.00000000099999999944 0.00000000099999999944 0.00000000099999999944 0.99999999099999992147 0.00000000099999999944 0.00000000099999999944 0.00000000099999999944 
0.00000000099999999944 0.00000000099999999944 0.00000000099999999944 0.00000000099999999944 0.00000000099999999944 0.00000000099999999944 0.99999999099999992147 0.00000000099999999944 0.00000000099999999944 0.00000000099999999944 
0.00000000099999999997 0.64019915221952039541 0.00000000099999999997 0.00000000099999999997 0.00000000099999999997 0.35980083978047983084 0.00000000099999999997 0.00000000099999999997 0.00000000099999999997 0.00000000099999999997 
0.00000000099999999996 0.46192859634630989429 0.00000000099999999996 0.00000000099999999996 0.53337984805330052041 0.00000000099999999996 0.00000000099999999996 0.00000000099999999996 0.00000000099999999996 0.00469154860038951266 
0.21878258315032858561 0.24923954672323536674 0.00000000099999999998 0.24468090731291719520 0.21026288592510430919 0.07703407188841455977 0.00000000099999999998 0.00000000099999999998 0.00000000099999999998 0.00000000099999999998 
0.05365319989956741920 0.30759747152933508696 0.00000000099999999998 0.28558155368719329026 0.23417759195377094161 0.11899017793013330624 0.00000000099999999998 0.00000000099999999998 0.00000000099999999998 0.00000000099999999998 
0.00000640545944711731 0.00000000099999999995 0.00000000099999999995 0.00000000099999999995 0.31855631575934661992 0.41934451720725118840 0.00000000099999999995 0.00000000099999999995 0.00000000099999999995 0.26209275557395528278 
0.62386898491554332313 0.00000000099999999995 0.00000000099999999995 0.00000000099999999995 0.00000000099999999995 0.37613100708445690312 0.00000000099999999995 0.00000000099999999995 0.00000000099999999995 0.00000000099999999995 
0.00000000099999999989 0.00000000099999999989 0.00000000099999999989 0.99999999100000014352 0.00000000099999999989 0.00000000099999999989 0.00000000099999999989 0.00000000099999999989 0.00000000099999999989 0.00000000099999999989 
