0.31055806331160501488 0.00000000100000000000 0.00000000246778883420 0.01867740954176673115 0.00000001335260819189 0.37151190444709641936 0.29925260587913465882 
0.00000000099999999995 0.00000000099999999995 0.99999999399999994765 0.00000000099999999995 0.00000000099999999995 0.00000000099999999995 0.00000000099999999995 
0.00000000099999999995 0.00000000099999999995 0.99999999400000005867 0.00000000099999999995 0.00000000099999999995 0.00000000099999999995 0.00000000099999999995 
0.16831522628859738044 0.00000000099999999999 0.02636423033386091352 0.00000000099999999999 0.26007336874899855683 0.35137329273241579841 0.19387387989612717143 
0.21977208822550844958 0.00000000099999999999 0.00000000099999999999 0.00364143899419359538 0.16731035237368349633 0.36261182152671156409 0.24666429687990282238 
0.34363136066680610714 0.00000000099999999999 0.02143372042527030147 0.00153934533669014377 0.17280636125449391760 0.19812616726272158640 0.26246304405401787996 
0.00000000099999999996 0.00000000099999999996 0.99999999399999994765 0.00000000099999999996 0.00000000099999999996 0.00000000099999999996 0.00000000099999999996 
0.00000000099999999993 0.00000000099999999993 0.99999999400000005867 0.00000000099999999993 0.00000000099999999993 0.00000000099999999993 0.00000000099999999993 
0.00000000099999999995 0.00000000099999999995 0.00000000099999999995 0.00000000099999999995 0.00000000099999999995 0.00000000099999999995 0.99999999400000005867 
0.00000000099999999995 0.00000000099999999995 0.99999999400000005867 0.00000000099999999995 0.00000000099999999995 0.00000000099999999995 0.00000000099999999995 
0.77090140129195416918 0.00000000099999999999 0.00000000099999999999 0.00000000099999999999 0.22909859370804588896 0.00000000099999999999 0.00000000099999999999 
0.45147278159805670494 0.00000000099999999999 0.00029184538355951764 0.00030738080797677007 0.16925122887867252719 0.37867664812611778746 0.00000011420561667004 
0.47088614892769403708 0.00000000099999999999 0.00000000099999999999 0.00204620803766306179 0.15042317157834447783 0.09894124466242011640 0.27770322479387826720 
0.42507249428991056295 0.00000000099999999999 0.00000000099999999999 0.01425544646417768214 0.12165970443840325166 0.43901235180750836085 0.00000000099999999999 
0.00000000099999999995 0.00000000099999999995 0.00000000099999999995 0.00000000099999999995 0.00000000099999999995 0.99999999400000005867 0.00000000099999999995 
0.19656515923153994319 0.00000000099999999999 0.05073654387949968342 0.02691110765777648961 0.16769528611785664007 0.29207097400969839196 0.26602092810362887310 
0.00000000099999999995 0.00000000099999999995 0.00000000099999999995 0.00000000099999999995 0.00000000099999999995 0.99999999399999994765 0.00000000099999999995 
0.00000000099999999995 0.00000000099999999995 0.00000000099999999995 0.00000000099999999995 0.00000000099999999995 0.00000000099999999995 0.99999999400000005867 
0.29458057125280984190 0.00624703464791373161 0.00000000100000000000 0.00544027709562337324 0.10491718129503964374 0.24595262786108249009 0.34286230684753077336 
0.00000000099999999994 0.00000000099999999994 0.00000000099999999994 0.00000000099999999994 0.00000000099999999994 0.00000000099999999994 0.99999999399999994765 
0.99999999400000016969 0.00000000099999999995 0.00000000099999999995 0.00000000099999999995 0.00000000099999999995 0.00000000099999999995 0.00000000099999999995 
0.00000000099999999997 0.00000000099999999997 0.99949195839379256778 0.00000000099999999997 0.00000000099999999997 0.00000000099999999997 0.00050803660620758870 
0.27056429747393978547 0.00000000099999999998 0.01710946262122005346 0.00000000099999999998 0.15976042958348371514 0.09620180768434359597 0.45636400063701271224 
0.00000000099999999979 0.00000000099999999979 0.00000000099999999979 0.00000000099999999979 0.99999999400000005867 0.00000000099999999979 0.00000000099999999979 
0.54239643573933615794 0.00000000099999999997 0.02956224319573081544 0.00000000099999999997 0.00000000099999999997 0.00004791268381726086 0.42799340538111579901 
0.38225131656118932488 0.00000000099999999998 0.00000000099999999998 0.00000000099999999998 0.17975011126731088584 0.30540873230144099937 0.13258983687005870822 
0.00000000099999999974 0.00000000099999999974 0.00000000099999999974 0.99999999400000005867 0.00000000099999999974 0.00000000099999999974 0.00000000099999999974 
0.00000000099999999970 0.00000000099999999970 0.00000000099999999970 0.99999999400000005867 0.00000000099999999970 0.00000000099999999970 0.00000000099999999970 
0.49814572062392142859 0.00000000099999999999 0.00000000099999999999 0.00000000099999999999 0.12850754112608367419 0.00000047650496229718 0.37334625874503246656 
0.00000000099999999997 0.00000000099999999997 0.00000000099999999997 0.00000000099999999997 0.37673981462488592697 0.62326018037511399239 0.00000000099999999997 
0.52295585300545943674 0.00000000099999999998 0.01353463053165296706 0.00000000099999999998 0.18881111938401201611 0.02229260406425948721 0.25240579101461624312 
0.00000000099999999995 0.00000000099999999995 0.93121010476591781213 0.00000000099999999995 0.06878989023408214887 0.00000000099999999995 0.00000000099999999995 
0.00000000099999999989 0.00000000099999999989 0.15309350702666024713 0.35469191930216359410 0.49221456967117632741 0.00000000099999999989 0.00000000099999999989 
0.28039160893311737555 0.00000000099999999998 0.00000000099999999998 0.00000000099999999998 0.00000039655017198099 0.34869582071164090253 0.37091217080506955206 
0.00000000099999999969 0.99999999400000016969 0.00000000099999999969 0.00000000099999999969 0.00000000099999999969 0.00000000099999999969 0.00000000099999999969 
0.00000000099999999961 0.99999999400000005867 0.00000000099999999961 0.00000000099999999961 0.00000000099999999961 0.00000000099999999961 0.00000000099999999961 
0.00000000099999999962 0.99999999400000005867 0.00000000099999999962 0.00000000099999999962 0.00000000099999999962 0.00000000099999999962 0.00000000099999999962 
0.00000000099999999975 0.00000000099999999975 0.00000000099999999975 0.99999999399999994765 0.00000000099999999975 0.00000000099999999975 0.00000000099999999975 
0.00000000099999999971 0.00000000099999999971 0.00000000099999999971 0.99999999400000005867 0.00000000099999999971 0.00000000099999999971 0.00000000099999999971 
0.99999999400000005867 0.00000000099999999995 0.00000000099999999995 0.00000000099999999995 0.00000000099999999995 0.00000000099999999995 0.00000000099999999995 
0.00000000099999999997 0.00000000099999999997 0.99999999400000005867 0.00000000099999999997 0.00000000099999999997 0.00000000099999999997 0.00000000099999999997 
0.00000000099999999972 0.00000000099999999972 0.00000000099999999972 0.99999999399999994765 0.00000000099999999972 0.00000000099999999972 0.00000000099999999972 
0.00000000099999999999 0.00000000099999999999 0.02495542340665458242 0.00086941964419096681 0.17156720017980181536 0.49842925021956302478 0.30417870454978968020 
0.00000000099999999994 0.00000000099999999994 0.99999999399999994765 0.00000000099999999994 0.00000000099999999994 0.00000000099999999994 0.00000000099999999994 
0.00000000099999999976 0.00000000099999999976 0.00000000099999999976 0.99999999400000005867 0.00000000099999999976 0.00000000099999999976 0.00000000099999999976 
0.00000000099999999995 0.00000000099999999995 0.00000000099999999995 0.00000000099999999995 0.00000000099999999995 0.99999999400000005867 0.00000000099999999995 
0.00000000099999999973 0.00000000099999999973 0.00000000099999999973 0.99999999400000005867 0.00000000099999999973 0.00000000099999999973 0.00000000099999999973 
0.00000000099999999995 0.00000000099999999995 0.99999999399999994765 0.00000000099999999995 0.00000000099999999995 0.00000000099999999995 0.00000000099999999995 
0.00000000099999999992 0.00000000099999999992 0.99999999399999994765 0.00000000099999999992 0.00000000099999999992 0.00000000099999999992 0.00000000099999999992 
0.00000000099999999969 0.00000000099999999969 0.00000000099999999969 0.99999999400000005867 0.00000000099999999969 0.00000000099999999969 0.00000000099999999969 
0.00000000099999999972 0.00000000099999999972 0.00000000099999999972 0.99999999399999994765 0.00000000099999999972 0.00000000099999999972 0.00000000099999999972 
0.00000000099999999996 0.00000000099999999996 0.99999999400000005867 0.00000000099999999996 0.00000000099999999996 0.00000000099999999996 0.00000000099999999996 
0.00000000099999999996 0.00000000099999999996 0.99999999399999994765 0.00000000099999999996 0.00000000099999999996 0.00000000099999999996 0.00000000099999999996 
0.00000000099999999996 0.00000000099999999996 0.99999999400000005867 0.00000000099999999996 0.00000000099999999996 0.00000000099999999996 0.00000000099999999996 
0.00000000099999999976 0.00000000099999999976 0.00000000099999999976 0.99999999399999994765 0.00000000099999999976 0.00000000099999999976 0.00000000099999999976 
0.00000000099999999991 0.00000000099999999991 0.00000000099999999991 0.00000000099999999991 0.99999999400000005867 0.00000000099999999991 0.00000000099999999991 
0.22739951761423635168 0.00000000100000000000 0.00000000100000000000 0.01969253849122173938 0.07829451904101915327 0.21129815307530130930 0.46331526977822151681 
0.00000000099999999992 0.00000000099999999992 0.00000000099999999992 0.00000000099999999992 0.00000000099999999992 0.99999999399999994765 0.00000000099999999992 
0.00000000099999999997 0.00000000099999999997 0.00000000099999999997 0.00000000099999999997 0.35489845221003718523 0.00000000099999999997 0.64510154278996278965 
0.00000000099999999995 0.00000000099999999995 0.99999999400000005867 0.00000000099999999995 0.00000000099999999995 0.00000000099999999995 0.00000000099999999995 
0.00000362985159902107 0.00000000099999999999 0.00000000099999999999 0.00122690447522234435 0.11817351944034354405 0.60364691085714328178 0.27694903337569187762 
0.00000000099999999967 0.99999999400000005867 0.00000000099999999967 0.00000000099999999967 0.00000000099999999967 0.00000000099999999967 0.00000000099999999967 
0.00000000099999999992 0.00000000099999999992 0.00000000099999999992 0.00000000099999999992 0.00000000099999999992 0.00000000099999999992 0.99999999399999994765 
0.00000000099999999968 0.99999999400000016969 0.00000000099999999968 0.00000000099999999968 0.00000000099999999968 0.00000000099999999968 0.00000000099999999968 
0.00000000099999999999 0.00000000099999999999 0.01926935810295383328 0.00000000099999999999 0.21928094532826730712 0.41853972728685223670 0.34290996628192665918 
0.00000000099999999968 0.99999999400000005867 0.00000000099999999968 0.00000000099999999968 0.00000000099999999968 0.00000000099999999968 0.00000000099999999968 
0.43060351482048864202 0.00000000099999999999 0.00000000099999999999 0.00000000099999999999 0.00000000099999999999 0.28915627205640903608 0.28024020912310210196 
0.61260166539707405775 0.00000000099999999999 0.00000000099999999999 0.00000000099999999999 0.00000000099999999999 0.38739832960292586161 0.00000000099999999999 
0.00000000099999999993 0.00000000099999999993 0.99999999399999994765 0.00000000099999999993 0.00000000099999999993 0.00000000099999999993 0.00000000099999999993 
0.00012841814209987602 0.00000000099999999997 0.00000000099999999997 0.00000000099999999997 0.13118937519380036161 0.40883047934803051771 0.45985172431606935461 
0.00000000099999999969 0.99999999400000016969 0.00000000099999999969 0.00000000099999999969 0.00000000099999999969 0.00000000099999999969 0.00000000099999999969 
0.00000000099999999971 0.99999999400000016969 0.00000000099999999971 0.00000000099999999971 0.00000000099999999971 0.00000000099999999971 0.00000000099999999971 
0.54087537508657390628 0.00000000099999999999 0.07615835844652057984 0.00603624347642285532 0.00000000099999999999 0.00460086149508624320 0.37232915949539652223 
0.00000000099999999994 0.00000000099999999994 0.99999999400000005867 0.00000000099999999994 0.00000000099999999994 0.00000000099999999994 0.00000000099999999994 
0.00000000099999999978 0.00000000099999999978 0.00000000099999999978 0.99999999400000005867 0.00000000099999999978 0.00000000099999999978 0.00000000099999999978 
0.00000000099999999994 0.00000000099999999994 0.99999999400000005867 0.00000000099999999994 0.00000000099999999994 0.00000000099999999994 0.00000000099999999994 
0.26148353619609487897 0.00000000099999999999 0.02990343012048784707 0.00000000099999999999 0.07753381660711815282 0.25709986985242999635 0.37397934522386910849 
0.00000000099999999965 0.99999999400000005867 0.00000000099999999965 0.00000000099999999965 0.00000000099999999965 0.00000000099999999965 0.00000000099999999965 
0.00000000099999999967 0.00000000099999999967 0.00000000099999999967 0.99999999400000005867 0.00000000099999999967 0.00000000099999999967 0.00000000099999999967 
0.00000000099999999972 0.99999999400000016969 0.00000000099999999972 0.00000000099999999972 0.00000000099999999972 0.00000000099999999972 0.00000000099999999972 
0.59488874197272778588 0.00000000099999999999 0.00000000099999999999 0.00883840897652196644 0.00000000099999999999 0.00000000099999999999 0.39627284505075033305 
0.00000000099999999992 0.00000000099999999992 0.99999999399999994765 0.00000000099999999992 0.00000000099999999992 0.00000000099999999992 0.00000000099999999992 
0.00000000099999999993 0.00000000099999999993 0.99999999399999994765 0.00000000099999999993 0.00000000099999999993 0.00000000099999999993 0.00000000099999999993 
0.00000000099999999998 0.00000000099999999998 0.22772205273149806470 0.00000000099999999998 0.34100441828849753501 0.00000000099999999998 0.43127352498000431913 
0.42517051948749895462 0.00000000100000000000 0.00000244765416884715 0.02059402652690850433 0.11343741016560675294 0.10112590883609995362 0.33966968632971694664 
0.33388132916139617867 0.00000000099999999998 0.00692156310259958718 0.00000000099999999998 0.00000000099999999998 0.36286061750763376477 0.29633648722837052647 
0.50176618065460965035 0.00000000099999999998 0.01125729857649935411 0.00000000099999999998 0.00000002104365206630 0.11772926994296617487 0.36924722778227270226 
0.22934504824621826380 0.00000000099999999999 0.00000000099999999999 0.00000000099999999999 0.19069720883299048908 0.13910312328811594296 0.44085461663267544452 
0.29041843630051100700 0.00000000099999999997 0.00000000099999999997 0.00000000099999999997 0.09296289771614164865 0.23236661536346972512 0.38425204761987752367 
0.19796010177459483215 0.00000000099999999998 0.00242810711405499688 0.00000000099999999998 0.09686279099902653233 0.21787226165342557516 0.48487673645889811658 
0.00000000099999999994 0.00000000099999999994 0.00000000099999999994 0.00000000099999999994 0.00000000099999999994 0.00000000099999999994 0.99999999399999994765 
0.47385573652368939701 0.00000000099999999999 0.01904473162475002132 0.00000000099999999999 0.19048504644555569465 0.31661448240600487125 0.00000000099999999999 
0.00000000099999999995 0.00000000099999999995 0.99999999400000005867 0.00000000099999999995 0.00000000099999999995 0.00000000099999999995 0.00000000099999999995 
0.00000000099999999997 0.00000000099999999997 0.97752670716407441542 0.00000000099999999997 0.00000000099999999997 0.02247328783592560802 0.00000000099999999997 
0.00000000099999999981 0.99999999400000005867 0.00000000099999999981 0.00000000099999999981 0.00000000099999999981 0.00000000099999999981 0.00000000099999999981 
0.00000000099999999997 0.00000000099999999997 0.99999999399999994765 0.00000000099999999997 0.00000000099999999997 0.00000000099999999997 0.00000000099999999997 
0.00000000099999999997 0.00000000099999999997 0.98965847229357306603 0.00000000099999999997 0.00000000099999999997 0.01034152270642694701 0.00000000099999999997 
0.53517325054728726030 0.00000000099999999999 0.00790639575955213135 0.00077332056725347659 0.00000000099999999999 0.12754932378593389353 0.32859770733997356595 
0.00000000099999999961 0.99999999400000016969 0.00000000099999999961 0.00000000099999999961 0.00000000099999999961 0.00000000099999999961 0.00000000099999999961 
0.42056369336260668312 0.00000000099999999999 0.00000000099999999999 0.00027268719637741598 0.00307849519625986567 0.16811419805202090783 0.40797092419273500719 
0.50006277627498529892 0.00000000099999999998 0.00487859422775594343 0.00000000099999999998 0.00000000099999999998 0.00000000099999999998 0.49505862549725881960 
0.50541558577472067704 0.00000000099999999998 0.00000000099999999998 0.00000000099999999998 0.00000000099999999998 0.49458440922527935335 0.00000000099999999998 
0.50232447721574657873 0.00000000099999999999 0.00999802333707218438 0.00326859701350329206 0.08039586477928788166 0.40401303565439006249 0.00000000099999999999 
0.39391758714497587812 0.00000000099999999999 0.00000000099999999999 0.00000000099999999999 0.00000000099999999999 0.34046057006322333338 0.26562183879180084611 
0.54926341597607830636 0.00000000099999999997 0.00000000099999999997 0.00000000099999999997 0.45073657902392189056 0.00000000099999999997 0.00000000099999999997 
0.42944869195200002787 0.00000000099999999999 0.00000000099999999999 0.00000000099999999999 0.00000000099999999999 0.48508028787083179445 0.08547101617716798549 
0.00000000099999999999 0.00000000099999999999 0.00226688762079429833 0.00000000099999999999 0.20223736863723554280 0.34809451879142194741 0.44740122195054821130 
0.00000000099999999999 0.00000000099999999999 0.00000000099999999999 0.02136602176103470987 0.23223414724271859710 0.74639982699624651818 0.00000000099999999999 
0.00000027120836793504 0.00000000099999999999 0.00000000099999999999 0.00320497817515579854 0.19386643783557305776 0.26319445706206318070 0.53973385371883997319 
0.00000000099999999992 0.00000000099999999992 0.00000000099999999992 0.00000000099999999992 0.00000000099999999992 0.99999999399999994765 0.00000000099999999992 
0.99999999400000016969 0.00000000099999999996 0.00000000099999999996 0.00000000099999999996 0.00000000099999999996 0.00000000099999999996 0.00000000099999999996 
0.00000000099999999995 0.00000000099999999995 0.00000000099999999995 0.00000000099999999995 0.00000000099999999995 0.00000000099999999995 0.99999999400000005867 
0.99999999400000005867 0.00000000099999999994 0.00000000099999999994 0.00000000099999999994 0.00000000099999999994 0.00000000099999999994 0.00000000099999999994 
0.57059836881728809299 0.00000000099999999998 0.00000000099999999998 0.00000000099999999998 0.00000000099999999998 0.00000003862586980735 0.42940158855684218420 
0.34401420042605018734 0.00000000099999999998 0.02664152364005318435 0.00000000099999999998 0.10992199938070834619 0.18352871484635302490 0.33589355970683509867 
0.40540030239699720305 0.00000000100000000000 0.00222718006737854636 0.00090674840359784739 0.10771474712393329376 0.31951348928550771245 0.16423753172258542810 
0.38043416416435021921 0.00000000099999999999 0.01236982214868692295 0.00000000099999999999 0.33379055643485389115 0.27331800816714180158 0.00008744708496698776 
0.24322147074505720554 0.00000000099999999998 0.00000000099999999998 0.00000000099999999998 0.25353855913810746658 0.34001142532379768912 0.16322854179303766808 
0.00000000099999999994 0.00000000099999999994 0.00000000099999999994 0.00000000099999999994 0.00000000099999999994 0.99999999399999994765 0.00000000099999999994 
0.49667780005248540753 0.06745572076168851461 0.00009180353322028642 0.00204179811455415267 0.09428594644843318884 0.33944692751937360908 0.00000000357024480690 
0.24264663398630775815 0.00000000099999999998 0.00000000099999999998 0.00000000099999999998 0.00000000099999999998 0.35126083368387928108 0.40609252832981290737 
0.48645510261746777170 0.00000000099999999997 0.01200990159512393789 0.00000000099999999997 0.02946982053906043592 0.00000000099999999997 0.47206517224834793067 
0.53703254135073841269 0.00000000099999999997 0.00000000099999999997 0.00000000099999999997 0.00000000099999999997 0.46296745364926161770 0.00000000099999999997 
0.39152382253428347214 0.00000000099999999999 0.00000000099999999999 0.01228934504802964810 0.19774095974002753318 0.24397420975014577627 0.15447166092751346556 
0.35716598573310681664 0.00000000099999999998 0.00444997059813889793 0.00000000099999999998 0.09151231204948223619 0.26031374720532501899 0.28655798241394703219 
0.57325396357313151974 0.00000000099999999998 0.00000000099999999998 0.00000000099999999998 0.42674603142686867718 0.00000000099999999998 0.00000000099999999998 
0.23087395424450421477 0.00000000099999999999 0.00719069537966130976 0.00692998510795305063 0.14502523542980794158 0.28309744037966255714 0.32688268845841106369 
0.48482000793744434164 0.00000000099999999997 0.00000000099999999997 0.00000000099999999997 0.00000000099999999997 0.51517998706255552221 0.00000000099999999997 
0.53890063443988722724 0.00000000099999999997 0.01973614770649097586 0.00000000099999999997 0.00000000099999999997 0.12970490322991692911 0.31165831162370483121 
0.00000000099999999994 0.00000000099999999994 0.99999999399999994765 0.00000000099999999994 0.00000000099999999994 0.00000000099999999994 0.00000000099999999994 
0.00955638169874470714 0.00000000099999999997 0.99044361330125529896 0.00000000099999999997 0.00000000099999999997 0.00000000099999999997 0.00000000099999999997 
0.00000000099999999974 0.99999999400000005867 0.00000000099999999974 0.00000000099999999974 0.00000000099999999974 0.00000000099999999974 0.00000000099999999974 
0.00000000099999999968 0.00000000099999999968 0.00000000099999999968 0.99999999399999994765 0.00000000099999999968 0.00000000099999999968 0.00000000099999999968 
0.00000000099999999999 0.00000000099999999999 0.88633950475423362025 0.03434439280743634137 0.07931609843832998497 0.00000000099999999999 0.00000000099999999999 
0.02204889548183447401 0.00000000099999999998 0.00000000099999999998 0.00000000099999999998 0.14502939473853926344 0.30270063439451494469 0.53022107238511129168 
0.30238988586479215170 0.00000000099999999999 0.01219459613754455760 0.00000000099999999999 0.00000000099999999999 0.17269183506229368597 0.51272367993536938080 
0.00000000099999999998 0.00000000099999999998 0.99577210927527748385 0.00422788572472252312 0.00000000099999999998 0.00000000099999999998 0.00000000099999999998 
0.52138874875861673797 0.00000000099999999998 0.00000000099999999998 0.00000000099999999998 0.20184948027167690099 0.27676176696970644642 0.00000000099999999998 
0.00000000099999999995 0.00000000099999999995 0.00000000099999999995 0.00000000099999999995 0.00000000099999999995 0.99999999399999994765 0.00000000099999999995 
0.00000000099999999987 0.00000000099999999987 0.00000000099999999987 0.00000000099999999987 0.99999999400000005867 0.00000000099999999987 0.00000000099999999987 
0.00000000099999999965 0.99999999400000016969 0.00000000099999999965 0.00000000099999999965 0.00000000099999999965 0.00000000099999999965 0.00000000099999999965 
0.00000000099999999968 0.99999999400000016969 0.00000000099999999968 0.00000000099999999968 0.00000000099999999968 0.00000000099999999968 0.00000000099999999968 
0.00000000099999999961 0.99999999400000005867 0.00000000099999999961 0.00000000099999999961 0.00000000099999999961 0.00000000099999999961 0.00000000099999999961 
0.00000000099999999963 0.99999999400000016969 0.00000000099999999963 0.00000000099999999963 0.00000000099999999963 0.00000000099999999963 0.00000000099999999963 
0.00000000099999999964 0.99999999400000005867 0.00000000099999999964 0.00000000099999999964 0.00000000099999999964 0.00000000099999999964 0.00000000099999999964 
0.00000000099999999997 0.00000000099999999997 0.99999999399999994765 0.00000000099999999997 0.00000000099999999997 0.00000000099999999997 0.00000000099999999997 
0.00000000099999999990 0.00000000099999999990 0.00000000099999999990 0.00000000099999999990 0.99999999399999994765 0.00000000099999999990 0.00000000099999999990 
0.00000000099999999963 0.99999999400000005867 0.00000000099999999963 0.00000000099999999963 0.00000000099999999963 0.00000000099999999963 0.00000000099999999963 
0.00000000099999999969 0.99999999400000005867 0.00000000099999999969 0.00000000099999999969 0.00000000099999999969 0.00000000099999999969 0.00000000099999999969 
0.00000000099999999967 0.00000000099999999967 0.00000000099999999967 0.99999999400000005867 0.00000000099999999967 0.00000000099999999967 0.00000000099999999967 
0.00000000099999999967 0.00000000099999999967 0.00000000099999999967 0.99999999399999994765 0.00000000099999999967 0.00000000099999999967 0.00000000099999999967 
0.00000000099999999988 0.00000000099999999988 0.00000000099999999988 0.00000000099999999988 0.99999999399999994765 0.00000000099999999988 0.00000000099999999988 
0.00000000099999999966 0.99999999400000005867 0.00000000099999999966 0.00000000099999999966 0.00000000099999999966 0.00000000099999999966 0.00000000099999999966 
0.00000000099999999998 0.00000000099999999998 0.00000000099999999998 0.00000000099999999998 0.00000000099999999998 0.51197531219882552733 0.48802468280117439203 
0.00000000099999999998 0.00000000099999999998 0.00000000099999999998 0.00000000099999999998 0.13536499896512277363 0.45243813390804998864 0.41219686312682723983 
0.00000000099999999997 0.00000000099999999997 0.94048894420574014053 0.00000000099999999997 0.00000000099999999997 0.00000000099999999997 0.05951105079425983435 
0.48678037822244585309 0.00000000099999999997 0.00000000099999999997 0.00000000099999999997 0.00000000099999999997 0.00000000099999999997 0.51321961677755412179 
0.00000000099999999992 0.00000000099999999992 0.99999999400000005867 0.00000000099999999992 0.00000000099999999992 0.00000000099999999992 0.00000000099999999992 
0.00000000099999999994 0.00000000099999999994 0.00000000099999999994 0.00000000099999999994 0.00000000099999999994 0.99999999400000005867 0.00000000099999999994 
0.00000000099999999993 0.00000000099999999993 0.99999999400000005867 0.00000000099999999993 0.00000000099999999993 0.00000000099999999993 0.00000000099999999993 
0.99999999400000005867 0.00000000099999999996 0.00000000099999999996 0.00000000099999999996 0.00000000099999999996 0.00000000099999999996 0.00000000099999999996 
0.00000000099999999999 0.00000000099999999999 0.00000000099999999999 0.00000000099999999999 0.11520664939722549680 0.25711930494230433863 0.62767404166047024994 
0.00000000099999999969 0.99999999400000016969 0.00000000099999999969 0.00000000099999999969 0.00000000099999999969 0.00000000099999999969 0.00000000099999999969 
0.00000000099999999995 0.00000000099999999995 0.99999999400000005867 0.00000000099999999995 0.00000000099999999995 0.00000000099999999995 0.00000000099999999995 
0.00000000099999999964 0.99999999400000016969 0.00000000099999999964 0.00000000099999999964 0.00000000099999999964 0.00000000099999999964 0.00000000099999999964 
0.00000000099999999963 0.99999999400000016969 0.00000000099999999963 0.00000000099999999963 0.00000000099999999963 0.00000000099999999963 0.00000000099999999963 
0.00000000099999999997 0.00000000099999999997 0.00000000099999999997 0.00000000099999999997 0.31026732124394007517 0.68973267375605995522 0.00000000099999999997 
0.37982226200088053947 0.00000000099999999998 0.02182444895842954730 0.00000000099999999998 0.00000000099999999998 0.32368113513374185963 0.27467215090694802049 
0.00000000099999999996 0.00000000099999999996 0.00000000099999999996 0.00000000099999999996 0.22869629176702058193 0.77130370323297936519 0.00000000099999999996 
0.35170840083314780511 0.00000000099999999998 0.00000000099999999998 0.00000000099999999998 0.21341408842954745495 0.26508665551540411265 0.16979085222190040683 
0.53028471117337894203 0.00000000099999999999 0.00000000099999999999 0.00370694900352738950 0.16491826216526667137 0.00000000099999999999 0.30109007465782688939 
0.00000000099999999995 0.00000000099999999995 0.00000000099999999995 0.00000000099999999995 0.00000000099999999995 0.00000000099999999995 0.99999999400000005867 
0.00000000099999999993 0.00000000099999999993 0.00000000099999999993 0.00000000099999999993 0.00000000099999999993 0.00000000099999999993 0.99999999400000005867 
0.03394028466731782018 0.00000000099999999997 0.96605971033268234205 0.00000000099999999997 0.00000000099999999997 0.00000000099999999997 0.00000000099999999997 
0.99999999400000005867 0.00000000099999999994 0.00000000099999999994 0.00000000099999999994 0.00000000099999999994 0.00000000099999999994 0.00000000099999999994 
0.00000000099999999963 0.99999999400000005867 0.00000000099999999963 0.00000000099999999963 0.00000000099999999963 0.00000000099999999963 0.00000000099999999963 
0.99999999400000016969 0.00000000099999999995 0.00000000099999999995 0.00000000099999999995 0.00000000099999999995 0.00000000099999999995 0.00000000099999999995 
0.00000000099999999988 0.99999999400000005867 0.00000000099999999988 0.00000000099999999988 0.00000000099999999988 0.00000000099999999988 0.00000000099999999988 
0.00000000099999999968 0.99999999400000016969 0.00000000099999999968 0.00000000099999999968 0.00000000099999999968 0.00000000099999999968 0.00000000099999999968 
0.19631889036582844676 0.00000000099999999999 0.01359668043437410427 0.00000000099999999999 0.18409855517365003585 0.43880565796552950530 0.16718021406061792100 
0.00000000099999999994 0.00000000099999999994 0.00000000099999999994 0.00000000099999999994 0.00000000099999999994 0.00000000099999999994 0.99999999399999994765 
0.00000000099999999997 0.00000000099999999997 0.00000000099999999997 0.00000000099999999997 0.17754990633067882499 0.82245008866932123315 0.00000000099999999997 
0.00000000099999999971 0.99999999400000005867 0.00000000099999999971 0.00000000099999999971 0.00000000099999999971 0.00000000099999999971 0.00000000099999999971 
0.00000000099999999994 0.00000000099999999994 0.99999999399999994765 0.00000000099999999994 0.00000000099999999994 0.00000000099999999994 0.00000000099999999994 
0.00000000099999999994 0.00000000099999999994 0.99999999399999994765 0.00000000099999999994 0.00000000099999999994 0.00000000099999999994 0.00000000099999999994 
0.00000000099999999968 0.99999999400000016969 0.00000000099999999968 0.00000000099999999968 0.00000000099999999968 0.00000000099999999968 0.00000000099999999968 
0.99999999400000016969 0.00000000099999999996 0.00000000099999999996 0.00000000099999999996 0.00000000099999999996 0.00000000099999999996 0.00000000099999999996 
0.64090170724672668179 0.00000000099999999999 0.02852319091858799421 0.00544647202238587522 0.20763086243903020045 0.00000032167022330809 0.11749744470304596122 
0.00000000099999999969 0.99999999400000005867 0.00000000099999999969 0.00000000099999999969 0.00000000099999999969 0.00000000099999999969 0.00000000099999999969 
0.99999999400000016969 0.00000000099999999994 0.00000000099999999994 0.00000000099999999994 0.00000000099999999994 0.00000000099999999994 0.00000000099999999994 
0.00000000099999999992 0.00000000099999999992 0.99999999400000005867 0.00000000099999999992 0.00000000099999999992 0.00000000099999999992 0.00000000099999999992 
0.00000000099999999999 0.10699595401331767064 0.22540432836239507330 0.10613230908654705531 0.00000000099999999999 0.00000000099999999999 0.56146740553774010518 
0.46548945176168898819 0.00000000099999999999 0.01182152667956819746 0.00000000099999999999 0.20977130963132892272 0.00000000099999999999 0.31291770892741388455 
0.00008078658723111325 0.00000000099999999999 0.02195151512160387411 0.00695177118469186145 0.14666780171273452460 0.55415963260530165524 0.27018849178843690195 
0.35435834162727553043 0.00000000099999999999 0.00000000099999999999 0.01090757821717861821 0.00071926929426368680 0.36951590916816223764 0.26449889969311979332 
0.00000000099999999997 0.00000000099999999997 0.00000000099999999997 0.00000000099999999997 0.32638988674634361598 0.00000000099999999997 0.67361010825365630339 
0.68192404155315256009 0.00000000099999999998 0.00000000099999999998 0.00000000099999999998 0.00000000099999999998 0.00000000099999999998 0.31807595344684758132 
0.33286541554548071398 0.00000000099999999999 0.00000000099999999999 0.00000000099999999999 0.03185927072129420695 0.21924540658857533115 0.41602990414464957603 
0.38118045159671926081 0.00000000099999999999 0.00000000099999999999 0.00914369963933377855 0.10053403596613054438 0.13830193762751952224 0.37083987317029698527 
0.35340544987061300874 0.00588287572506052906 0.01842029748767386524 0.00000000100000000000 0.00000000100000000000 0.34093803152491558572 0.28135334339173695417 
0.00000000099999999996 0.00000000099999999996 0.99999999399999994765 0.00000000099999999996 0.00000000099999999996 0.00000000099999999996 0.00000000099999999996 
0.46192624142063959392 0.00000000099999999999 0.00670693700456923524 0.00288436407188832509 0.12010234758074210537 0.00000000099999999999 0.40838010792216089540 
0.19877719190109183200 0.00000000099999999999 0.00000000099999999999 0.00000000099999999999 0.16881408106379103273 0.18631072605301396417 0.44609799798210331145 
0.31438446323546415107 0.00000000099999999999 0.03021867520494694870 0.00000019460821108949 0.16019473982098320075 0.02342062259290582371 0.47178130353748859438 
0.48034368904580243553 0.00000000099999999997 0.00204982730835280612 0.00000000099999999997 0.00000000099999999997 0.00000000099999999997 0.51760647964584460823 
0.00000000099999999996 0.00000000099999999996 0.00000000099999999996 0.00000000099999999996 0.00000000099999999996 0.99999999399999994765 0.00000000099999999996 
0.49257624391047694079 0.00000000099999999997 0.00000000099999999997 0.00000000099999999997 0.00000000099999999997 0.00000000099999999997 0.50742375108952286755 
0.00000000099999999996 0.00000000099999999996 0.00000000099999999996 0.00000000099999999996 0.00000000099999999996 0.00000000099999999996 0.99999999400000005867 
0.01443371203566700713 0.00000000099999999997 0.98440177343647938812 0.00000000099999999997 0.00116451052785358951 0.00000000099999999997 0.00000000099999999997 
0.40263299672602259616 0.00000000099999999999 0.01367806540783836171 0.01490335043863509797 0.07065445484840050805 0.21706275764896940106 0.28106837393013411885 
0.22580723459134457998 0.00000000099999999999 0.00000000099999999999 0.00249925512364962757 0.21600158689523266120 0.39968470605322986566 0.15600721533654318685 
0.65836359381378073419 0.00000000100000000000 0.00000010288690316566 0.00000000100000000000 0.02913756631123229704 0.31249873398808364344 0.00000000100000000000 
0.00000768916793993805 0.00000000099999999997 0.99999230583206011325 0.00000000099999999997 0.00000000099999999997 0.00000000099999999997 0.00000000099999999997 
0.24884183284181249363 0.01772490031431157506 0.01851379450850251449 0.00000000099999999999 0.00000000099999999999 0.42336314791024798332 0.29155632242512546926 
0.00001292909399655341 0.00000000099999999999 0.00000000099999999999 0.00000000099999999999 0.23049715200443315899 0.38518549786644712407 0.38430441803512321863 
0.12572447731233846180 0.00000000099999999999 0.47639833577763479600 0.00707945886184373208 0.10223583765944341262 0.00000002263177859220 0.28856186675696093857 
0.35906172381761691792 0.00000000099999999997 0.00458403064230085509 0.00000000099999999997 0.26699910228094442255 0.36935514025913773750 0.00000000099999999997 
0.00000000099999999970 0.99999999400000005867 0.00000000099999999970 0.00000000099999999970 0.00000000099999999970 0.00000000099999999970 0.00000000099999999970 
0.36969930899488223641 0.00000000099999999999 0.00652672145643747731 0.01260709301128871106 0.00000000099999999999 0.41607011126519216626 0.19509676327219938052 
0.27584974387953997699 0.00000000099999999999 0.01176470905506351444 0.00000000099999999999 0.17986756124437447424 0.53251798282102191795 0.00000000099999999999 
