0.00000000100000000000 0.02218088872492936584 0.00232485723871480362 0.49535054203548861684 0.00000000100000000000 0.48014371000086708552 
0.00000000099999999995 0.00000000099999999995 0.99999999500000003039 0.00000000099999999995 0.00000000099999999995 0.00000000099999999995 
0.00000000099999999995 0.00000000099999999995 0.99999999500000003039 0.00000000099999999995 0.00000000099999999995 0.00000000099999999995 
0.00000000099999999999 0.00026068221774139906 0.03881761897796967564 0.39523689886034368834 0.00000000099999999999 0.56568479794394521676 
0.07381424031358423121 0.00000000099999999999 0.00000000099999999999 0.49432643732682601811 0.00000000099999999999 0.43185931935958982164 
0.00000349333326972254 0.00333081997697449094 0.02774850970465934930 0.43109916287543115221 0.00000000099999999999 0.53781801310966526053 
0.01513740486967530240 0.00000000099999999997 0.98486259113032481594 0.00000000099999999997 0.00000000099999999997 0.00000000099999999997 
0.00000000099999999993 0.00000000099999999993 0.99999999499999991937 0.00000000099999999993 0.00000000099999999993 0.00000000099999999993 
0.04450344856635524149 0.00381311307308555662 0.00000000099999999999 0.00000000099999999999 0.00000000099999999999 0.95168343536055910459 
0.00000000099999999995 0.00000000099999999995 0.99999999500000003039 0.00000000099999999995 0.00000000099999999995 0.00000000099999999995 
0.03953448154628158573 0.00604342124156132497 0.00033571968129277610 0.36671896262278147471 0.00000000100000000000 0.58736741390808278052 
0.02455726422840194198 0.00708612108135978167 0.01395309750255486689 0.43717638394811975111 0.00000000099999999999 0.51722713223956362505 
0.02763569678496147555 0.00382911377717498006 0.00000000100000000000 0.55641394299631674603 0.00000000100000000000 0.41212124444154685232 
0.03185908933484348643 0.01549545695354988435 0.00000055248541542073 0.51956159702792525934 0.00000000100000000000 0.43308330319826598975 
0.01842344602141630927 0.01776663138037557627 0.00000000100000000000 0.40084831253612929203 0.00421464317487949252 0.55874696588719929835 
0.04881041278597743338 0.02750169300045505333 0.04978142486038779346 0.38842708806058351412 0.00000000099999999999 0.48547938029259624093 
0.00000000099999999996 0.00000000099999999996 0.00000000099999999996 0.00000000099999999996 0.00000000099999999996 0.99999999499999991937 
0.01994770017213832666 0.00233999315530355762 0.00000000099999999999 0.36828278018323812315 0.00133876003389430754 0.60809076545542561920 
0.00000000100000000000 0.00903653387752069437 0.00001017007811041559 0.50536017360683560540 0.00539171166885978395 0.48020140976867359273 
0.00000000099999999998 0.00241382634768271681 0.00000000099999999998 0.60351005368177812471 0.00000000099999999998 0.39407611697053918087 
0.00000000099999999997 0.00000000099999999997 0.00000000099999999997 0.99999999499999991937 0.00000000099999999997 0.00000000099999999997 
0.00000000099999999997 0.00000000099999999997 0.99999999500000003039 0.00000000099999999997 0.00000000099999999997 0.00000000099999999997 
0.02098461218437029305 0.00000000099999999999 0.02248699885908172005 0.43650837768395178706 0.00000000099999999999 0.52002000927259617313 
0.99999999500000014141 0.00000000099999999960 0.00000000099999999960 0.00000000099999999960 0.00000000099999999960 0.00000000099999999960 
0.00000000099999999998 0.00000000099999999998 0.03063003724759599464 0.42619690649838365415 0.00000000099999999998 0.54317305325402032157 
0.00000000099999999996 0.00000000099999999996 0.00000000099999999996 0.00000000099999999996 0.00000000099999999996 0.99999999499999991937 
0.00000000099999999977 0.99999999500000003039 0.00000000099999999977 0.00000000099999999977 0.00000000099999999977 0.00000000099999999977 
0.00000000099999999978 0.99999999500000003039 0.00000000099999999978 0.00000000099999999978 0.00000000099999999978 0.00000000099999999978 
0.02229404162753631513 0.00668928503644163931 0.00000000100000000000 0.38861432879121465822 0.00000000100000000000 0.58240234254480738318 
0.01543974412158944688 0.00974465172341630430 0.00000000099999999999 0.23502184882891194451 0.00000000099999999999 0.73979375332608232618 
0.03450986386919280974 0.00000000099999999999 0.01601297389441460814 0.53478145589233683221 0.00000000099999999999 0.41469570434405583770 
0.27811061174451229272 0.00000000099999999989 0.72188938425548754285 0.00000000099999999989 0.00000000099999999989 0.00000000099999999989 
0.64579097105278993052 0.35420902494721007159 0.00000000099999999979 0.00000000099999999979 0.00000000099999999979 0.00000000099999999979 
0.00000000099999999999 0.00000000099999999999 0.00000000175909514198 0.45814039927778715811 0.00000000099999999999 0.54185959596311761288 
0.00000000099999999973 0.00000000099999999973 0.00000000099999999973 0.00000000099999999973 0.99999999499999991937 0.00000000099999999973 
0.00000000099999999967 0.00000000099999999967 0.00000000099999999967 0.00000000099999999967 0.99999999499999991937 0.00000000099999999967 
0.00000000099999999967 0.00000000099999999967 0.00000000099999999967 0.00000000099999999967 0.99999999499999991937 0.00000000099999999967 
0.00000000099999999978 0.99999999500000003039 0.00000000099999999978 0.00000000099999999978 0.00000000099999999978 0.00000000099999999978 
0.00000000099999999975 0.99999999500000003039 0.00000000099999999975 0.00000000099999999975 0.00000000099999999975 0.00000000099999999975 
0.03318560429625729696 0.00000000099999999998 0.00000000099999999998 0.65642507888598666810 0.00000000099999999998 0.31038931381775602958 
0.00000000099999999996 0.00000000099999999996 0.99999999499999991937 0.00000000099999999996 0.00000000099999999996 0.00000000099999999996 
0.00000000099999999976 0.99999999500000014141 0.00000000099999999976 0.00000000099999999976 0.00000000099999999976 0.00000000099999999976 
0.04007599371504135671 0.00000000099999999998 0.00000000099999999998 0.00000000099999999998 0.00000000099999999998 0.95992400228495866621 
0.00000000099999999995 0.00000000099999999995 0.99999999500000003039 0.00000000099999999995 0.00000000099999999995 0.00000000099999999995 
0.00000000099999999978 0.99999999500000003039 0.00000000099999999978 0.00000000099999999978 0.00000000099999999978 0.00000000099999999978 
0.02272244122170696476 0.00127422054277695766 0.01093856615586269627 0.20572206435445442030 0.00000000099999999999 0.75934270672519899037 
0.00000000099999999976 0.99999999500000014141 0.00000000099999999976 0.00000000099999999976 0.00000000099999999976 0.00000000099999999976 
0.00000000099999999995 0.00000000099999999995 0.99999999499999991937 0.00000000099999999995 0.00000000099999999995 0.00000000099999999995 
0.00000000099999999993 0.00000000099999999993 0.99999999499999991937 0.00000000099999999993 0.00000000099999999993 0.00000000099999999993 
0.00000000099999999973 0.99999999500000003039 0.00000000099999999973 0.00000000099999999973 0.00000000099999999973 0.00000000099999999973 
0.00000000099999999976 0.99999999500000003039 0.00000000099999999976 0.00000000099999999976 0.00000000099999999976 0.00000000099999999976 
0.00000000099999999995 0.00000000099999999995 0.99999999500000003039 0.00000000099999999995 0.00000000099999999995 0.00000000099999999995 
0.00000000099999999996 0.00000000099999999996 0.99999999500000003039 0.00000000099999999996 0.00000000099999999996 0.00000000099999999996 
0.00000000099999999996 0.00000000099999999996 0.99999999499999991937 0.00000000099999999996 0.00000000099999999996 0.00000000099999999996 
0.00000000099999999979 0.99999999500000014141 0.00000000099999999979 0.00000000099999999979 0.00000000099999999979 0.00000000099999999979 
0.04002836169683475498 0.01321591644046935313 0.04080063269476653237 0.57304417050756739638 0.00000000100000000000 0.33291091766036212674 
0.00000000099999999999 0.02777106814554697323 0.00000008778212745843 0.61887496494016147608 0.00000000099999999999 0.35335387713216409589 
0.00000013109579388680 0.00000000099999999998 0.02436377566118975296 0.68774059353181160592 0.00000000099999999998 0.28789549771120492849 
0.00166987814237072900 0.00006713941987497911 0.01434892873529395457 0.43157841975777311294 0.00000000099999999999 0.55233563294468723814 
0.00000000099999999995 0.00000000099999999995 0.99999999499999991937 0.00000000099999999995 0.00000000099999999995 0.00000000099999999995 
0.00618621601829857318 0.00641552010185685029 0.00000000100000000000 0.46308892241536298018 0.00016522002757052637 0.52414412043691105403 
0.00000000099999999971 0.00000000099999999971 0.00000000099999999971 0.00000000099999999971 0.99999999500000003039 0.00000000099999999971 
0.00000000099999999998 0.00438735764924953840 0.00221687895459502611 0.70021196611320102310 0.00000000099999999998 0.29318379528295446246 
0.00000000099999999972 0.00000000099999999972 0.00000000099999999972 0.00000000099999999972 0.99999999500000003039 0.00000000099999999972 
0.10500053370748378689 0.00000000099999999997 0.00000000099999999997 0.00000000099999999997 0.00000000099999999997 0.89499946229251625684 
0.00000000099999999973 0.00000000099999999973 0.00000000099999999973 0.00000000099999999973 0.99999999499999991937 0.00000000099999999973 
0.00000002684249661738 0.00377196355088424201 0.00911480558359721409 0.62142619644872243434 0.00000000099999999999 0.36568700657429958900 
0.03506714768892588152 0.00664184359886666603 0.00360057011451818659 0.49947325554530469516 0.00000000100000000000 0.45521718205238470567 
0.00000000099999999994 0.00000000099999999994 0.99999999499999991937 0.00000000099999999994 0.00000000099999999994 0.00000000099999999994 
0.00000000099999999994 0.00000000099999999994 0.00000000099999999994 0.00000000099999999994 0.00000000099999999994 0.99999999500000003039 
0.00000000099999999973 0.00000000099999999973 0.00000000099999999973 0.00000000099999999973 0.99999999499999991937 0.00000000099999999973 
0.00000000099999999976 0.00000000099999999976 0.00000000099999999976 0.00000000099999999976 0.99999999500000003039 0.00000000099999999976 
0.00000000099999999999 0.01015656820815541948 0.08333574687803832481 0.42587773622036162458 0.00000000099999999999 0.48062994669344455412 
0.00000000099999999995 0.00000000099999999995 0.99999999499999991937 0.00000000099999999995 0.00000000099999999995 0.00000000099999999995 
0.00000000099999999980 0.99999999500000014141 0.00000000099999999980 0.00000000099999999980 0.00000000099999999980 0.00000000099999999980 
0.00000000099999999995 0.00000000099999999995 0.99999999499999991937 0.00000000099999999995 0.00000000099999999995 0.00000000099999999995 
0.00824909043796712323 0.00000000100000000000 0.03507150300747535754 0.51249739020592821603 0.00000000100000000000 0.44418201434862947252 
0.00000000099999999970 0.00000000099999999970 0.00000000099999999970 0.00000000099999999970 0.99999999500000003039 0.00000000099999999970 
0.00000000099999999971 0.99999999500000014141 0.00000000099999999971 0.00000000099999999971 0.00000000099999999971 0.00000000099999999971 
0.00000000099999999976 0.00000000099999999976 0.00000000099999999976 0.00000000099999999976 0.99999999499999991937 0.00000000099999999976 
0.00000000099999999998 0.00005229387291400631 0.00000000099999999998 0.99994770212708594670 0.00000000099999999998 0.00000000099999999998 
0.00000000099999999993 0.00000000099999999993 0.99999999499999991937 0.00000000099999999993 0.00000000099999999993 0.00000000099999999993 
0.00000000099999999994 0.00000000099999999994 0.99999999500000003039 0.00000000099999999994 0.00000000099999999994 0.00000000099999999994 
0.05656126691087680347 0.00000000099999999998 0.23045180415201382829 0.00000061580359614860 0.00000000099999999998 0.71298631113351329525 
0.01980159821029315453 0.02237560187158288763 0.00079533397226552824 0.40781817928759428460 0.00000000099999999999 0.54920928565826410139 
0.00000013457750840006 0.00000000099999999999 0.01149608739791281760 0.39828341075783418868 0.00000000099999999999 0.59022036526674470647 
0.00339505186090219855 0.00000000099999999999 0.02055098062615995022 0.55981962658144257539 0.00000000099999999999 0.41623433893149541785 
0.04065208158199772048 0.00000000099999999999 0.00000000099999999999 0.42766403874917602312 0.00000000099999999999 0.53168387666882632736 
0.00001078030900013289 0.00000000099999999998 0.00000000099999999998 0.40397550979478979993 0.00000000099999999998 0.59601370689621002708 
0.00000000099999999996 0.00000000099999999996 0.00000000099999999996 0.99999999500000003039 0.00000000099999999996 0.00000000099999999996 
0.01285192475817535998 0.00610940965363552645 0.00242777811158210706 0.61221693597403425979 0.00000000099999999999 0.36639395050257267394 
0.00040077452778951696 0.00000000099999999999 0.03961025130870544225 0.29733987623273533396 0.00000000099999999999 0.66264909593076959382 
0.00000000099999999995 0.00000000099999999995 0.99999999499999991937 0.00000000099999999995 0.00000000099999999995 0.00000000099999999995 
0.02081006285438364092 0.00000000099999999998 0.97918993314561642016 0.00000000099999999998 0.00000000099999999998 0.00000000099999999998 
0.00000000099999999983 0.00000000099999999983 0.00000000099999999983 0.00000000099999999983 0.99999999500000003039 0.00000000099999999983 
0.00000000099999999997 0.00000000099999999997 0.99999999499999991937 0.00000000099999999997 0.00000000099999999997 0.00000000099999999997 
0.01722639836027388752 0.00000000099999999998 0.98275031482542163364 0.00002328381430453387 0.00000000099999999998 0.00000000099999999998 
0.01120824500567464167 0.00565278266589838881 0.02075283612135599837 0.42256139891523192276 0.00000000099999999999 0.53982473629183902464 
0.00000000099999999966 0.00000000099999999966 0.00000000099999999966 0.00000000099999999966 0.99999999500000003039 0.00000000099999999966 
0.00000099177000928643 0.00520613913606786730 0.00000000099999999999 0.64297792300506140251 0.00000000099999999999 0.35181494408886143654 
0.01692099755020426075 0.00501713716091620621 0.01394511852224833773 0.58728613665343187833 0.00000000099999999999 0.37683060911319932185 
0.03109008785045481310 0.00627807812190435584 0.00000000100000000000 0.44751073412591385603 0.00000000298193449757 0.51512109591979249323 
0.04636810249196916811 0.00000000212455537361 0.01584424184343203798 0.42069983350238449038 0.00000000100000000000 0.51708781903765899113 
0.05594473361721297167 0.00000000099999999997 0.00000000099999999997 0.94405526238278714146 0.00000000099999999997 0.00000000099999999997 
0.04326556031408998471 0.00000000099999999999 0.02766465032500853641 0.25082182300515853957 0.00000000099999999999 0.67824796435574286058 
0.00924577260202379125 0.00466852147356589930 0.00000000194875696884 0.46369833730243109615 0.00000000099999999999 0.52238736567322230364 
0.01091143585136802874 0.00791620853876782993 0.01042736760457940552 0.35025163296988381934 0.00000000099999999999 0.62049335403540095690 
0.01394975446451360984 0.02976295248250858394 0.00804268232788703762 0.36499665726266106169 0.00213427219644369464 0.58111368126598594852 
0.01980677216218996659 0.01196006873509196725 0.00117032450977046427 0.52352039605203837258 0.00000000099999999999 0.44354243754090921792 
0.00000000099999999997 0.00000000099999999997 0.00000000099999999997 0.51512065226855652256 0.00000000099999999997 0.48487934373144342404 
0.02035731984676964271 0.02640980268332173905 0.01823336222301474158 0.57032943721422058037 0.00000000100000000000 0.36467007703267317886 
0.00000000099999999998 0.01180392218013365420 0.00000000099999999998 0.56803128724429952090 0.00000000099999999998 0.42016478757556685597 
0.00000251719665854227 0.00000000099999999999 0.00919807174641227784 0.42452777381238421262 0.00000000099999999999 0.56627163524454504628 
0.01820510375399059244 0.00000000099999999999 0.00000000099999999999 0.68479538838489617536 0.00000000099999999999 0.29699950486111326153 
0.06239143625358927608 0.00000000099999999998 0.01478327176559231931 0.48867415192876761942 0.00000000099999999998 0.43415113805205068909 
0.01171143761164495332 0.00609427365161854025 0.01018857126045108127 0.43790826086476092316 0.00000000100000000000 0.53409745561152455195 
0.03201308652463966814 0.00000000099999999999 0.03363119516157705990 0.38146375819282385411 0.00000000099999999999 0.55289195812095948135 
0.02631081243338318637 0.00000000099999999999 0.00000000099999999999 0.39125212592256053412 0.00000000099999999999 0.58243705864405614925 
0.00000000099999999996 0.00000000099999999996 0.00000000099999999996 0.00000000099999999996 0.00000000099999999996 0.99999999499999991937 
0.06184909621956637821 0.00015021588912049076 0.01191835316922544921 0.60548194200279625843 0.06883347640536723044 0.25176691631392417170 
0.00760490654755891730 0.00000000099999999999 0.00002589409239165598 0.36943922327145334306 0.00000000099999999999 0.62292997408859596131 
0.04087578180509566367 0.00000000099999999998 0.00819477230787860923 0.42274379652255655859 0.00000000099999999998 0.52818564736446926844 
0.04879009003727922955 0.00000000099999999997 0.00000000099999999997 0.95120990596272070317 0.00000000099999999997 0.00000000099999999997 
0.02755567658573162410 0.01461056166684152231 0.00000000099999999999 0.46918278416515302176 0.00000000099999999999 0.48865097558227399421 
0.05127972825465156037 0.00000000099999999997 0.00000000099999999997 0.94872026774534845561 0.00000000099999999997 0.00000000099999999997 
0.05754381409893743332 0.00003478860862945403 0.00000000100000000000 0.52288054455824628519 0.00008470029001889469 0.41945615144416786846 
0.02691862138128579829 0.00701932157376645473 0.00923243736323095011 0.41608511295722494516 0.00000000099999999999 0.54074450572449184182 
0.00411002997293139719 0.00000000099999999999 0.00000000099999999999 0.53211896971698002812 0.00000000099999999999 0.46377099731008852856 
0.00000000099999999997 0.00000000099999999997 0.02994984187538905079 0.22645075053221377925 0.00000000099999999997 0.74359940459239715072 
0.00000000099999999994 0.00000000099999999994 0.99999999500000003039 0.00000000099999999994 0.00000000099999999994 0.00000000099999999994 
0.00000000099999999998 0.00000000099999999998 0.99960541737401142903 0.00039457862598842557 0.00000000099999999998 0.00000000099999999998 
0.00000000099999999977 0.00000000099999999977 0.00000000099999999977 0.00000000099999999977 0.99999999500000003039 0.00000000099999999977 
0.00000000099999999972 0.99999999500000003039 0.00000000099999999972 0.00000000099999999972 0.00000000099999999972 0.00000000099999999972 
0.07907248104771345820 0.02982490974751395019 0.89110259466722319122 0.00000001253754939944 0.00000000099999999999 0.00000000099999999999 
0.00000000099999999995 0.00000000099999999995 0.00000000099999999995 0.99999999500000003039 0.00000000099999999995 0.00000000099999999995 
0.00000000100000000000 0.00057015077525477613 0.02328949186537773025 0.57442893029903030477 0.00000000100000000000 0.40171142506033724606 
0.00063581123406974982 0.00439872310706433418 0.99496546265886598448 0.00000000099999999999 0.00000000099999999999 0.00000000099999999999 
0.00000000099999999997 0.00000000099999999997 0.00000000099999999997 0.99999999500000003039 0.00000000099999999997 0.00000000099999999997 
0.01319288788538327054 0.01107816060662646443 0.00000000099999999998 0.58858810749128953610 0.00000000099999999998 0.38714084201670090346 
0.00000003772427045255 0.00000000099999999997 0.00000000099999999997 0.00000000099999999997 0.00000000099999999997 0.99999995827572951690 
0.00000000099999999970 0.00000000099999999970 0.00000000099999999970 0.00000000099999999970 0.99999999499999991937 0.00000000099999999970 
0.00000000099999999972 0.00000000099999999972 0.00000000099999999972 0.00000000099999999972 0.99999999499999991937 0.00000000099999999972 
0.00000000099999999966 0.00000000099999999966 0.00000000099999999966 0.00000000099999999966 0.99999999500000003039 0.00000000099999999966 
0.00000000099999999968 0.00000000099999999968 0.00000000099999999968 0.00000000099999999968 0.99999999499999991937 0.00000000099999999968 
0.00000000099999999968 0.00000000099999999968 0.00000000099999999968 0.00000000099999999968 0.99999999500000003039 0.00000000099999999968 
0.00000000099999999997 0.00000000099999999997 0.99999999500000003039 0.00000000099999999997 0.00000000099999999997 0.00000000099999999997 
0.04462408439735622567 0.00723300611269238943 0.00000000099999999999 0.40888167028982491669 0.00000000099999999999 0.53926123720012630880 
0.00000000099999999968 0.00000000099999999968 0.00000000099999999968 0.00000000099999999968 0.99999999499999991937 0.00000000099999999968 
0.00000000099999999973 0.00000000099999999973 0.00000000099999999973 0.00000000099999999973 0.99999999499999991937 0.00000000099999999973 
0.00000000099999999971 0.99999999500000003039 0.00000000099999999971 0.00000000099999999971 0.00000000099999999971 0.00000000099999999971 
0.00000000099999999971 0.99999999500000003039 0.00000000099999999971 0.00000000099999999971 0.00000000099999999971 0.00000000099999999971 
0.00000003189750373266 0.00000000099999999999 0.00000000099999999999 0.39722811239642047410 0.00000000099999999999 0.60277185270607558376 
0.00000000099999999971 0.00000000099999999971 0.00000000099999999971 0.00000000099999999971 0.99999999499999991937 0.00000000099999999971 
0.00000000099999999996 0.00000000099999999996 0.00000000099999999996 0.99999999499999991937 0.00000000099999999996 0.00000000099999999996 
0.00000000099999999996 0.00000000099999999996 0.00000000099999999996 0.99999999499999991937 0.00000000099999999996 0.00000000099999999996 
0.01608679138081545862 0.00000000099999999998 0.94819340050581313317 0.00000000099999999998 0.00000000099999999998 0.03571980511337147918 
0.00000000099999999998 0.00000000099999999998 0.01015983242928396313 0.54125054159814200982 0.00000000099999999998 0.44858962297257404250 
0.00000000099999999993 0.00000000099999999993 0.99999999499999991937 0.00000000099999999993 0.00000000099999999993 0.00000000099999999993 
0.05141430501385552132 0.00014442103231660666 0.00471481323778141087 0.51248146742665923181 0.00000000099999999999 0.43124499228938723006 
0.00000000099999999994 0.00000000099999999994 0.99999999500000003039 0.00000000099999999994 0.00000000099999999994 0.00000000099999999994 
0.06436775812581538303 0.00482494342663402926 0.00000000099999999998 0.93080729544755069771 0.00000000099999999998 0.00000000099999999998 
0.04060647547862482332 0.01085655256037120799 0.00000000099999999999 0.61626540642544791471 0.00000000099999999999 0.33227156353555620250 
0.00000000099999999973 0.00000000099999999973 0.00000000099999999973 0.00000000099999999973 0.99999999500000003039 0.00000000099999999973 
0.00000000099999999995 0.00000000099999999995 0.99999999499999991937 0.00000000099999999995 0.00000000099999999995 0.00000000099999999995 
0.00000000099999999969 0.00000000099999999969 0.00000000099999999969 0.00000000099999999969 0.99999999500000003039 0.00000000099999999969 
0.00000000099999999969 0.00000000099999999969 0.00000000099999999969 0.00000000099999999969 0.99999999500000003039 0.00000000099999999969 
0.04817070210748362891 0.00000000099999999999 0.00000000099999999999 0.43467922079237847344 0.00000000099999999999 0.51715007410013780209 
0.00729775126158258881 0.00000000099999999999 0.02789834312644017683 0.53736793823757633692 0.00000000099999999999 0.42743596537440098349 
0.00590262324533885867 0.00000000099999999998 0.00803484578852488134 0.44783795399544584770 0.00000000099999999998 0.53822457497069042809 
0.04983496970538396631 0.00000000099999999998 0.00000000099999999998 0.40869862685546826109 0.00000000099999999998 0.54146640043914773255 
0.00000000099999999998 0.00000000099999999998 0.00000000099999999998 0.00000000099999999998 0.00000000099999999998 0.99999999500000003039 
0.00000000099999999997 0.00000000099999999997 0.00000000099999999997 0.00000000099999999997 0.00000000099999999997 0.99999999500000003039 
0.00000000099999999998 0.00000000099999999998 0.00000000099999999998 0.55876976806366240869 0.00000000099999999998 0.44123022793633770444 
0.00000000099999999997 0.00000000099999999997 0.99056289733407609788 0.00925692318291137899 0.00000000099999999997 0.00018017648301257603 
0.00445872408110801859 0.00000000099999999998 0.00000000099999999998 0.52876394307326846089 0.00000000099999999998 0.46677732984562347873 
0.00000000099999999968 0.00000000099999999968 0.00000000099999999968 0.00000000099999999968 0.99999999499999991937 0.00000000099999999968 
0.00000000099999999997 0.00000000099999999997 0.00000000099999999997 0.00000000099999999997 0.00000000099999999997 0.99999999499999991937 
0.00000000099999999990 0.00000000099999999990 0.00000000099999999990 0.00000000099999999990 0.99999999500000003039 0.00000000099999999990 
0.00000000099999999972 0.00000000099999999972 0.00000000099999999972 0.00000000099999999972 0.99999999500000003039 0.00000000099999999972 
0.00959917816687013391 0.00000000099999999999 0.02047520373878361846 0.59285400259194198647 0.00000000099999999999 0.37707161350240420150 
0.00000585468761974168 0.00606125116025204354 0.00000000099999999999 0.52477350696497504501 0.00000000099999999999 0.46915938518715316619 
0.01172203026128745308 0.00000000099999999999 0.01710854466280423841 0.30896122109472484718 0.00000000099999999999 0.66220820198118346411 
0.00000000099999999975 0.00000000099999999975 0.00000000099999999975 0.00000000099999999975 0.99999999499999991937 0.00000000099999999975 
0.00000000099999999994 0.00000000099999999994 0.99999999500000003039 0.00000000099999999994 0.00000000099999999994 0.00000000099999999994 
0.00000000099999999995 0.00000000099999999995 0.99999999500000003039 0.00000000099999999995 0.00000000099999999995 0.00000000099999999995 
0.00000000099999999972 0.00000000099999999972 0.00000000099999999972 0.00000000099999999972 0.99999999499999991937 0.00000000099999999972 
0.00000000099999999997 0.00000000099999999997 0.00000000099999999997 0.00000000099999999997 0.00000000099999999997 0.99999999499999991937 
0.00348619510768496000 0.01442762454916252102 0.04009350759359855965 0.41086232795071897517 0.00000000100000000000 0.53113034379883494740 
0.00000000099999999973 0.00000000099999999973 0.00000000099999999973 0.00000000099999999973 0.99999999500000003039 0.00000000099999999973 
0.06844385435517545690 0.00000000099999999998 0.00000000099999999998 0.65336967677847290759 0.00000000099999999998 0.27818646586635159546 
0.00000000099999999993 0.00000000099999999993 0.99999999500000003039 0.00000000099999999993 0.00000000099999999993 0.00000000099999999993 
0.00000000099999999999 0.11040179950044454182 0.23000392588290560769 0.55519934843965912385 0.10439492417699074156 0.00000000099999999999 
0.00678771749684495360 0.00000000100000000000 0.02203778941743952946 0.59261185042658548472 0.00000160249007794233 0.37856103916905192719 
0.00000000099999999997 0.00000000099999999997 0.00660540532688497651 0.00000000099999999997 0.00000000099999999997 0.99339459067311497442 
0.00377504120521528512 0.01510348866603495634 0.00000000099999999999 0.37946587633603984235 0.00000000099999999999 0.60165559179270988732 
0.00000000099999999996 0.00000000099999999996 0.00000000099999999996 0.00000000099999999996 0.00000000099999999996 0.99999999500000003039 
0.00000000099999999996 0.00000000099999999996 0.00000000099999999996 0.00000000099999999996 0.00000000099999999996 0.99999999500000003039 
0.03509445544987396109 0.00000000099999999999 0.00000000099999999999 0.60593242612650610734 0.00000000099999999999 0.35897311542361981518 
0.06214995662685843941 0.00624069183902973071 0.00000000099999999999 0.49364105739033159459 0.00000000099999999999 0.43796829214378013573 
0.00000000100000000000 0.00389489074110471126 0.02567190535291522316 0.56525466057656115204 0.00448981455709550857 0.40068872777232344973 
0.00000000099999999995 0.00000000099999999995 0.99999999499999991937 0.00000000099999999995 0.00000000099999999995 0.00000000099999999995 
0.00000000099999999999 0.00775238793684437759 0.01601344709716699330 0.49937950442866435585 0.00000000099999999999 0.47685465853732428299 
0.00000000099999999996 0.00000000099999999996 0.00000000099999999996 0.99999999499999991937 0.00000000099999999996 0.00000000099999999996 
0.00000000099999999998 0.00000000099999999998 0.00835880891746548782 0.99164118708253456980 0.00000000099999999998 0.00000000099999999998 
0.00000000099999999998 0.00000000099999999998 0.01490486734909738688 0.60683508366733052153 0.00000000099999999998 0.37826004598357226838 
0.00000000099999999999 0.00240809226314109238 0.03326465797788510925 0.48566979843105007042 0.00000187618885294984 0.47865557413907083850 
0.00000000099999999995 0.00000000099999999995 0.00000000099999999995 0.99999999500000003039 0.00000000099999999995 0.00000000099999999995 
0.03457058478023631448 0.00000000099999999999 0.00573162038994602576 0.54109926406142017097 0.00000000099999999999 0.41859852876839759306 
0.00000000099999999997 0.00000000099999999997 0.98629394249390445193 0.00000002359255601614 0.00000000099999999997 0.01370603091353953147 
0.00000000099999999998 0.01729621451242380203 0.01940647362103714579 0.57526704370175330006 0.00000000099999999998 0.38803026616478569766 
0.03395206915260192554 0.00731658425378126608 0.00007605227481363459 0.41788730313076943856 0.00000000099999999999 0.54076799018803367591 
0.02860777741483544814 0.00000000100000000000 0.00227806693653471439 0.45748721457038843408 0.00977192867830179411 0.50185501139993959896 
0.00000000099999999997 0.00000000099999999997 0.99999999499999991937 0.00000000099999999997 0.00000000099999999997 0.00000000099999999997 
0.00000000100000000000 0.00000000100000000000 0.02645504844150785989 0.54257115929437416124 0.01853069682318218489 0.41244309344093565972 
0.04011629235955120609 0.00322681836579585390 0.00017529296009529516 0.42599113343670330645 0.00000000100000000000 0.53049046187785420248 
0.01901407037998167904 0.00822031436514825652 0.47318484548951433855 0.49958076776535559338 0.00000000099999999999 0.00000000099999999999 
0.02603971954036696582 0.00000000099999999998 0.01999747659205573791 0.45754259575406819316 0.00000000099999999998 0.49642020611350895498 
0.00000000099999999974 0.00000000099999999974 0.00000000099999999974 0.00000000099999999974 0.99999999499999991937 0.00000000099999999974 
0.01109195174262714301 0.01719224556186733574 0.01438433511846887169 0.53747157177533810835 0.00000000099999999999 0.41985989480169866317 
0.01783849528556953612 0.00271259888564686497 0.02101246883138838117 0.36350039672507145072 0.00000000099999999999 0.59493603927232385775 
