0.00000000099999999988 0.00000000099999999988 0.00000000099999999988 0.00000000099999999988 0.00000000099999999988 0.00000000099999999988 0.99999999099999992147 0.00000000099999999988 0.00000000099999999988 0.00000000099999999988 
0.00000000099999999983 0.00000000099999999983 0.00000000099999999983 0.00000000099999999983 0.00000000099999999983 0.00000000099999999983 0.00000000099999999983 0.99999999099999992147 0.00000000099999999983 0.00000000099999999983 
0.00000000099999999991 0.00000000099999999991 0.00000000099999999991 0.00000000099999999991 0.00000000099999999991 0.00000000099999999991 0.00000000099999999991 0.61033264194769676347 0.00000000099999999991 0.38966735005230318523 
0.00000000099999999998 0.03009815422480037125 0.00000000099999999998 0.42846051279786206978 0.21205551224195953730 0.29350975698272069314 0.00000000099999999998 0.03587605875265727912 0.00000000099999999998 0.00000000099999999998 
0.00000000099999999999 0.12331134774308206981 0.00000000099999999999 0.15381815423119557518 0.24437953639525425431 0.27783630388516100673 0.19531922869060280856 0.00000000099999999999 0.00533542505470437425 0.00000000099999999999 
0.00000000099999999998 0.10976201757352301025 0.00000000099999999998 0.26514279672640483909 0.16733765633359629077 0.43089332057751805749 0.00000095503690591450 0.00000000099999999998 0.00245647197547566769 0.02440677877657623784 
0.00000000099999999993 0.00000000099999999993 0.00000000099999999993 0.00000000099999999993 0.00000000099999999993 0.00000000099999999993 0.00000000099999999993 0.41008172588875779763 0.00000000099999999993 0.58991826611124220658 
0.00000000099999999981 0.00000000099999999981 0.00000000099999999981 0.00000000099999999981 0.00000000099999999981 0.00000000099999999981 0.00000000099999999981 0.99999999100000003249 0.00000000099999999981 0.00000000099999999981 
0.00000000099999999997 0.00000000099999999997 0.00000000099999999997 0.31798646893023579940 0.25883712336092545847 0.40776066200303201503 0.00000472176369315558 0.00000000099999999997 0.01541101894211351769 0.00000000099999999997 
0.00000000099999999992 0.00000000099999999992 0.00000000099999999992 0.00000000099999999992 0.00000000099999999992 0.00000000099999999992 0.00000000099999999992 0.56630557264782765969 0.00000000099999999992 0.43369441935217240003 
0.00000000099999999992 0.00000000099999999992 0.00000000099999999992 0.99999999100000003249 0.00000000099999999992 0.00000000099999999992 0.00000000099999999992 0.00000000099999999992 0.00000000099999999992 0.00000000099999999992 
0.00000000099999999997 0.21926184159118933259 0.00000000099999999997 0.27144394474943167594 0.15738883865997668754 0.16914358200904869300 0.17101943226340929338 0.00007926367771216035 0.00000000099999999997 0.01166309404923229938 
0.00000000099999999998 0.09294337599436312825 0.00000000099999999998 0.23410735542307220536 0.00000000099999999998 0.32021044431006440156 0.35273881827250025411 0.00000000099999999998 0.00000000099999999998 0.00000000099999999998 
0.00000000099999999999 0.12122723271553807745 0.00000000099999999999 0.36347287434597785882 0.19090078371109497901 0.18176005291267940955 0.12464701323292984303 0.00754358085756765429 0.01044845922421209529 0.00000000099999999999 
0.00000000099999999997 0.00000000099999999997 0.00000000099999999997 0.55500081121950228802 0.00000000099999999997 0.00000000099999999997 0.44499918078049760517 0.00000000099999999997 0.00000000099999999997 0.00000000099999999997 
0.00000000099999999998 0.10792234189063593108 0.00000000099999999998 0.17149729613949840634 0.20131294557475165607 0.27965494512442190533 0.16116820759476521707 0.00066573180933671573 0.02732913874724057432 0.05044939111934960280 
0.00000000099999999997 0.00000000099999999997 0.00000000099999999997 0.46047190005884713893 0.00000000099999999997 0.31609298755296971750 0.22343510538818317501 0.00000000099999999997 0.00000000099999999997 0.00000000099999999997 
0.00000000099999999995 0.00000000099999999995 0.00000000099999999995 0.45562723333684179705 0.00000000099999999995 0.54437275866315815165 0.00000000099999999995 0.00000000099999999995 0.00000000099999999995 0.00000000099999999995 
0.00000000099999999996 0.00000000099999999996 0.00000000099999999996 0.00000000099999999996 0.58195539517816363695 0.41804459682183631175 0.00000000099999999996 0.00000000099999999996 0.00000000099999999996 0.00000000099999999996 
0.00000000099999999995 0.07757584962955875463 0.00000000099999999995 0.26761206656608149679 0.43804628069528073198 0.00000000099999999995 0.21676579710907903364 0.00000000099999999995 0.00000000099999999995 0.00000000099999999995 
0.00000000099999999998 0.05413486135163610852 0.00000000099999999998 0.27956485589150581461 0.30261165525978789281 0.10178861304289772705 0.26011457329871062738 0.00178543715546198613 0.00000000099999999998 0.00000000099999999998 
0.00000000099999999985 0.00000000099999999985 0.00000000099999999985 0.00000000099999999985 0.00000000099999999985 0.00000000099999999985 0.00000000099999999985 0.00000000099999999985 0.00000000099999999985 0.99999999099999992147 
0.00000000099999999997 0.01398604542530754516 0.00000000099999999997 0.19960289583720011719 0.00000000099999999997 0.38773622477309432899 0.37512707820427193539 0.02354775076012608631 0.00000000099999999997 0.00000000099999999997 
0.00000000099999999960 0.99999999100000025454 0.00000000099999999960 0.00000000099999999960 0.00000000099999999960 0.00000000099999999960 0.00000000099999999960 0.00000000099999999960 0.00000000099999999960 0.00000000099999999960 
0.00000000099999999995 0.00000000099999999995 0.00000000099999999995 0.29494497975509220700 0.00000000099999999995 0.46238484981365562954 0.21640566198787938856 0.00000000099999999995 0.00000000099999999995 0.02626450244337268439 
0.00000000099999999997 0.16948476325778141782 0.00000000099999999997 0.28508125100032538635 0.26066151053897768097 0.11286075118817788521 0.17191171901473764616 0.00000000099999999997 0.00000000099999999997 0.00000000099999999997 
0.00000000099999999962 0.00000000099999999962 0.00000000099999999962 0.00000000099999999962 0.00000000099999999962 0.00000000099999999962 0.00000000099999999962 0.00000000099999999962 0.99999999099999992147 0.00000000099999999962 
0.00000000099999999956 0.00000000099999999956 0.00000000099999999956 0.00000000099999999956 0.00000000099999999956 0.00000000099999999956 0.00000000099999999956 0.00000000099999999956 0.99999999100000003249 0.00000000099999999956 
0.00000000099999999999 0.12820641481734459943 0.00000000099999999999 0.38397976704272823723 0.11090928230154439849 0.37413069111149677148 0.00000000099999999999 0.00000000099999999999 0.00277383972688593659 0.00000000099999999999 
0.00000000099999999996 0.09858938450893266203 0.00000000099999999996 0.55184850805619800607 0.00000000099999999996 0.00000000099999999996 0.34956210043486923844 0.00000000099999999996 0.00000000099999999996 0.00000000099999999996 
0.00000000099999999990 0.00000000099999999990 0.00000000099999999990 0.00000000099999999990 0.00000000099999999990 0.99999999100000014352 0.00000000099999999990 0.00000000099999999990 0.00000000099999999990 0.00000000099999999990 
0.00000000099999999986 0.00000000099999999986 0.00000000099999999986 0.00000000099999999986 0.00000000099999999986 0.00000000099999999986 0.00000000099999999986 0.00000000099999999986 0.00000000099999999986 0.99999999099999992147 
0.00000000099999999979 0.48892100705253838111 0.00000000099999999979 0.00000000099999999979 0.00000000099999999979 0.00000000099999999979 0.00000000099999999979 0.00000000099999999979 0.35340587302605513953 0.15767311292140623324 
0.00000000099999999988 0.00000000099999999988 0.00000000099999999988 0.99999999100000003249 0.00000000099999999988 0.00000000099999999988 0.00000000099999999988 0.00000000099999999988 0.00000000099999999988 0.00000000099999999988 
0.99999999100000014352 0.00000000099999999947 0.00000000099999999947 0.00000000099999999947 0.00000000099999999947 0.00000000099999999947 0.00000000099999999947 0.00000000099999999947 0.00000000099999999947 0.00000000099999999947 
0.99999999100000025454 0.00000000099999999939 0.00000000099999999939 0.00000000099999999939 0.00000000099999999939 0.00000000099999999939 0.00000000099999999939 0.00000000099999999939 0.00000000099999999939 0.00000000099999999939 
0.99999999100000014352 0.00000000099999999940 0.00000000099999999940 0.00000000099999999940 0.00000000099999999940 0.00000000099999999940 0.00000000099999999940 0.00000000099999999940 0.00000000099999999940 0.00000000099999999940 
0.00000000099999999963 0.00000000099999999963 0.00000000099999999963 0.00000000099999999963 0.00000000099999999963 0.00000000099999999963 0.00000000099999999963 0.00000000099999999963 0.99999999100000003249 0.00000000099999999963 
0.00000000099999999958 0.00000000099999999958 0.00000000099999999958 0.00000000099999999958 0.00000000099999999958 0.00000000099999999958 0.00000000099999999958 0.00000000099999999958 0.99999999099999992147 0.00000000099999999958 
0.00000000099999999996 0.07549978296865310357 0.00000000099999999996 0.28569107680506833358 0.34204021966088071771 0.00000000099999999996 0.29676891456539783443 0.00000000099999999996 0.00000000099999999996 0.00000000099999999996 
0.00000000099999999984 0.00000000099999999984 0.00000000099999999984 0.00000000099999999984 0.00000000099999999984 0.00000000099999999984 0.00000000099999999984 0.99999999100000003249 0.00000000099999999984 0.00000000099999999984 
0.00000000099999999960 0.00000000099999999960 0.00000000099999999960 0.00000000099999999960 0.00000000099999999960 0.00000000099999999960 0.00000000099999999960 0.00000000099999999960 0.99999999099999992147 0.00000000099999999960 
0.00000000099999999991 0.00000000099999999991 0.00000000099999999991 0.99999999100000014352 0.00000000099999999991 0.00000000099999999991 0.00000000099999999991 0.00000000099999999991 0.00000000099999999991 0.00000000099999999991 
0.00000000099999999981 0.00000000099999999981 0.00000000099999999981 0.00000000099999999981 0.00000000099999999981 0.00000000099999999981 0.00000000099999999981 0.99999999099999992147 0.00000000099999999981 0.00000000099999999981 
0.00000000099999999965 0.00000000099999999965 0.00000000099999999965 0.00000000099999999965 0.00000000099999999965 0.00000000099999999965 0.00000000099999999965 0.00000000099999999965 0.99999999099999992147 0.00000000099999999965 
0.00000000099999999997 0.11090014760260961946 0.00000000099999999997 0.39319687770689415451 0.00000000099999999997 0.35935561075987232371 0.13492064704734163527 0.00000000099999999997 0.00162646985306616042 0.00000024303021615559 
0.00000000099999999960 0.00000000099999999960 0.00000000099999999960 0.00000000099999999960 0.00000000099999999960 0.00000000099999999960 0.00000000099999999960 0.00000000099999999960 0.99999999099999992147 0.00000000099999999960 
0.00000000099999999992 0.00000000099999999992 0.00000000099999999992 0.00000000099999999992 0.00000000099999999992 0.00000000099999999992 0.00000000099999999992 0.39112470409442751107 0.00000000099999999992 0.60887528790557254865 
0.00000000099999999980 0.00000000099999999980 0.00000000099999999980 0.00000000099999999980 0.00000000099999999980 0.00000000099999999980 0.00000000099999999980 0.99999999100000003249 0.00000000099999999980 0.00000000099999999980 
0.00000000099999999955 0.00000000099999999955 0.00000000099999999955 0.00000000099999999955 0.00000000099999999955 0.00000000099999999955 0.00000000099999999955 0.00000000099999999955 0.99999999099999992147 0.00000000099999999955 
0.00000000099999999959 0.00000000099999999959 0.00000000099999999959 0.00000000099999999959 0.00000000099999999959 0.00000000099999999959 0.00000000099999999959 0.00000000099999999959 0.99999999100000003249 0.00000000099999999959 
0.00000000099999999993 0.00000000099999999993 0.00000000099999999993 0.00000000099999999993 0.00000000099999999993 0.00000000099999999993 0.00000000099999999993 0.46056233123211104408 0.00000000099999999993 0.53943766076788890462 
0.00000000099999999984 0.00000000099999999984 0.00000000099999999984 0.00000000099999999984 0.00000000099999999984 0.00000000099999999984 0.00000000099999999984 0.00000000099999999984 0.00000000099999999984 0.99999999100000003249 
0.00000000099999999994 0.00000000099999999994 0.00000000099999999994 0.00011983167132753565 0.00000000099999999994 0.00000000099999999994 0.00000000099999999994 0.59578800603771242539 0.00000000099999999994 0.40409215529096009778 
0.00000000099999999966 0.00000000099999999966 0.00000000099999999966 0.00000000099999999966 0.00000000099999999966 0.00000000099999999966 0.00000000099999999966 0.00000000099999999966 0.99999999099999992147 0.00000000099999999966 
0.00000000099999999994 0.00000000099999999994 0.00000000099999999994 0.00000000099999999994 0.00000000099999999994 0.99999999100000014352 0.00000000099999999994 0.00000000099999999994 0.00000000099999999994 0.00000000099999999994 
0.00000000099999999996 0.00000000099999999996 0.00000000099999999996 0.00000000099999999996 0.00000000099999999996 0.73619461944706798828 0.25193703837889591668 0.00000000099999999996 0.01186833517403631383 0.00000000099999999996 
0.00000000099999999997 0.01963564549022532579 0.00000000099999999997 0.41508683849465261018 0.31978283121796569066 0.00359748452409021195 0.21302874469855778705 0.02886845157450842678 0.00000000099999999997 0.00000000099999999997 
0.00000000099999999998 0.05934542325510260702 0.00000000099999999998 0.20290866136714222345 0.09617074214862311732 0.32723079793455578379 0.30278707774818236498 0.01155433693416162491 0.00000295761223219141 0.00000000099999999998 
0.00000000099999999992 0.00000000099999999992 0.00000000099999999992 0.00000000099999999992 0.00000000099999999992 0.00000000099999999992 0.00000000099999999992 0.56599918081142330806 0.00000000099999999992 0.43400081118857669615 
0.00000000099999999999 0.01937005781097232704 0.00000000099999999999 0.22496640881818802393 0.16587734831932177126 0.46652379130951232566 0.11849990917937532064 0.00000000099999999999 0.00476248056263028560 0.00000000099999999999 
0.59081554389735602140 0.00000000099999999954 0.40918444810264409384 0.00000000099999999954 0.00000000099999999954 0.00000000099999999954 0.00000000099999999954 0.00000000099999999954 0.00000000099999999954 0.00000000099999999954 
0.00000000099999999986 0.00000000099999999986 0.00000000099999999986 0.00000000099999999986 0.99999999100000003249 0.00000000099999999986 0.00000000099999999986 0.00000000099999999986 0.00000000099999999986 0.00000000099999999986 
0.00000000099999999947 0.00000000099999999947 0.99999999100000014352 0.00000000099999999947 0.00000000099999999947 0.00000000099999999947 0.00000000099999999947 0.00000000099999999947 0.00000000099999999947 0.00000000099999999947 
0.00000000099999999998 0.09738112135294613170 0.00000000099999999998 0.24123086504474722247 0.16567689144504985088 0.13074889078609380766 0.32886003529029128600 0.03536463948458446610 0.00000000099999999998 0.00073755359628741046 
0.00000000099999999945 0.00000000099999999945 0.99999999100000014352 0.00000000099999999945 0.00000000099999999945 0.00000000099999999945 0.00000000099999999945 0.00000000099999999945 0.00000000099999999945 0.00000000099999999945 
0.00000000099999999988 0.00000000099999999988 0.00000000099999999988 0.00000000099999999988 0.99999999100000014352 0.00000000099999999988 0.00000000099999999988 0.00000000099999999988 0.00000000099999999988 0.00000000099999999988 
0.00000000099999999979 0.99999999100000025454 0.00000000099999999979 0.00000000099999999979 0.00000000099999999979 0.00000000099999999979 0.00000000099999999979 0.00000000099999999979 0.00000000099999999979 0.00000000099999999979 
0.00000000099999999981 0.00000000099999999981 0.00000000099999999981 0.00000000099999999981 0.00000000099999999981 0.00000000099999999981 0.00000000099999999981 0.99999999099999992147 0.00000000099999999981 0.00000000099999999981 
0.00000000099999999993 0.00000000099999999993 0.00000000099999999993 0.55794902955080560858 0.44205096244919439563 0.00000000099999999993 0.00000000099999999993 0.00000000099999999993 0.00000000099999999993 0.00000000099999999993 
0.99999999100000025454 0.00000000099999999946 0.00000000099999999946 0.00000000099999999946 0.00000000099999999946 0.00000000099999999946 0.00000000099999999946 0.00000000099999999946 0.00000000099999999946 0.00000000099999999946 
0.00000000099999999947 0.00000000099999999947 0.99999999100000014352 0.00000000099999999947 0.00000000099999999947 0.00000000099999999947 0.00000000099999999947 0.00000000099999999947 0.00000000099999999947 0.00000000099999999947 
0.00000000099999999998 0.00000000099999999998 0.00000000099999999998 0.30253702376481189651 0.06107366637195711656 0.16942106814799240411 0.38285834416464153973 0.00000000099999999998 0.00347560786391565638 0.08063428568668136454 
0.00000000099999999989 0.00000000099999999989 0.00000000099999999989 0.00000000099999999989 0.00000000099999999989 0.00000000099999999989 0.00000000099999999989 0.30705768182414672207 0.00000000099999999989 0.69294231017585328214 
0.00000000099999999967 0.00000000099999999967 0.00000000099999999967 0.00000000099999999967 0.00000000099999999967 0.00000000099999999967 0.00000000099999999967 0.00000000099999999967 0.99999999100000003249 0.00000000099999999967 
0.00000000099999999990 0.00000000099999999990 0.00000000099999999990 0.00000000099999999990 0.00000000099999999990 0.00000000099999999990 0.00000000099999999990 0.66593853194141883201 0.00000000099999999990 0.33406146005858111669 
0.00000000099999999998 0.08164610957153020654 0.00000000099999999998 0.25028287161607215561 0.42036754602265130609 0.22366351489945590636 0.00000000099999999998 0.00000000099999999998 0.00000000099999999998 0.02403995289029066396 
0.64279703916580110956 0.00000000099999999952 0.35720295283419917221 0.00000000099999999952 0.00000000099999999952 0.00000000099999999952 0.00000000099999999952 0.00000000099999999952 0.00000000099999999952 0.00000000099999999952 
0.00000000099999999952 0.00000000099999999952 0.00000000099999999952 0.00000000099999999952 0.00000000099999999952 0.00000000099999999952 0.00000000099999999952 0.00000000099999999952 0.99999999099999992147 0.00000000099999999952 
0.99999999100000025454 0.00000000099999999953 0.00000000099999999953 0.00000000099999999953 0.00000000099999999953 0.00000000099999999953 0.00000000099999999953 0.00000000099999999953 0.00000000099999999953 0.00000000099999999953 
0.00000000099999999985 0.00000000099999999985 0.00000000099999999985 0.00000000099999999985 0.00000000099999999985 0.00000000099999999985 0.99999999100000003249 0.00000000099999999985 0.00000000099999999985 0.00000000099999999985 
0.00000000099999999978 0.00000000099999999978 0.00000000099999999978 0.00000000099999999978 0.00000000099999999978 0.00000000099999999978 0.00000000099999999978 0.00000000099999999978 0.00000000099999999978 0.99999999099999992147 
0.00000000099999999981 0.00000000099999999981 0.00000000099999999981 0.00000000099999999981 0.00000000099999999981 0.00000000099999999981 0.00000000099999999981 0.00000000099999999981 0.00000000099999999981 0.99999999100000003249 
0.00000000099999999995 0.31872831834544446128 0.00000000099999999995 0.43421960575588480769 0.00000000099999999995 0.00000002064846176372 0.00000000099999999995 0.24705204925020890494 0.00000000099999999995 0.00000000099999999995 
0.00000000099999999999 0.00000001022852118660 0.00000000099999999999 0.17819677750704993047 0.24456285414112383103 0.19398234909450004504 0.34878951033238753121 0.01591320076952273954 0.01855529492689475188 0.00000000099999999999 
0.00000000099999999995 0.00000000099999999995 0.00000000099999999995 0.00000000441787723231 0.00000000099999999995 0.63191968921307262175 0.36808029936905001245 0.00000000099999999995 0.00000000099999999995 0.00000000099999999995 
0.00000000099999999997 0.00370610836814579863 0.00000000099999999997 0.24058535995844840261 0.20750726224093027361 0.32545489534172911128 0.20095485308586283346 0.00000000099999999997 0.00000000099999999997 0.02179151700488380500 
0.00000000099999999997 0.00006251434672982968 0.00000000099999999997 0.31308409125290709296 0.00000000099999999997 0.48319383264329163197 0.20365955575707139769 0.00000000099999999997 0.00000000099999999997 0.00000000099999999997 
0.00000000099999999995 0.00000425709943633962 0.00000000099999999995 0.26825672609418027559 0.09904670048691317785 0.31270928594216335084 0.31998302537730688444 0.00000000099999999995 0.00000000099999999995 0.00000000099999999995 
0.00000000099999999995 0.00000000099999999995 0.00000000099999999995 0.42559195380787007146 0.00000000099999999995 0.57440803819213004378 0.00000000099999999995 0.00000000099999999995 0.00000000099999999995 0.00000000099999999995 
0.00000000099999999995 0.00000000099999999995 0.00000000099999999995 0.00000000099999999995 0.00000000099999999995 0.58603997844734223577 0.41396001355265765742 0.00000000099999999995 0.00000000099999999995 0.00000000099999999995 
0.00000000099999999998 0.03977319281056646005 0.00000000099999999998 0.27483356235847022919 0.00000000099999999998 0.39773570606462621546 0.24528149388150854993 0.04237603988482858269 0.00000000099999999998 0.00000000099999999998 
0.00000000099999999992 0.00000000099999999992 0.00000000099999999992 0.00000000099999999992 0.00000000099999999992 0.00000000099999999992 0.00000000099999999992 0.58492580135929395091 0.00000000099999999992 0.41507419064070616432 
0.00000000099999999989 0.00000000099999999989 0.00000000099999999989 0.00000000099999999989 0.00000000099999999989 0.00000000099999999989 0.00000000099999999989 0.00000000099999999989 0.00000000099999999989 0.99999999100000003249 
0.59163483953985895880 0.00000000099999999971 0.40836515246014115643 0.00000000099999999971 0.00000000099999999971 0.00000000099999999971 0.00000000099999999971 0.00000000099999999971 0.00000000099999999971 0.00000000099999999971 
0.00000000099999999994 0.00000000099999999994 0.00000000099999999994 0.00000000099999999994 0.00000000099999999994 0.00000000099999999994 0.00000000099999999994 0.55983050060016348315 0.00000000099999999994 0.44016949139983652106 
0.00000000099999999988 0.00000000099999999988 0.00000000099999999988 0.00000000099999999988 0.00000000099999999988 0.00000000099999999988 0.00000000099999999988 0.00000000099999999988 0.00000000099999999988 0.99999999100000003249 
0.00000000099999999996 0.00000000099999999996 0.00000000099999999996 0.55304767087466233377 0.43455716868322863400 0.00000000099999999996 0.00000000099999999996 0.01239515344210917296 0.00000000099999999996 0.00000000099999999996 
0.00000000099999999937 0.00000000099999999937 0.99999999100000003249 0.00000000099999999937 0.00000000099999999937 0.00000000099999999937 0.00000000099999999937 0.00000000099999999937 0.00000000099999999937 0.00000000099999999937 
0.00000000099999999996 0.00000000099999999996 0.00000000099999999996 0.55443685223933691919 0.00000000099999999996 0.44556313976066314053 0.00000000099999999996 0.00000000099999999996 0.00000000099999999996 0.00000000099999999996 
0.00000000099999999988 0.00000000099999999988 0.00000000099999999988 0.00000000099999999988 0.99999999100000014352 0.00000000099999999988 0.00000000099999999988 0.00000000099999999988 0.00000000099999999988 0.00000000099999999988 
0.00000000099999999998 0.25337573148397685152 0.00000000099999999998 0.41467405833858766995 0.33195020317743556548 0.00000000099999999998 0.00000000099999999998 0.00000000099999999998 0.00000000099999999998 0.00000000099999999998 
0.00000000099999999992 0.00000000099999999992 0.00000000099999999992 0.00000000099999999992 0.99999999100000003249 0.00000000099999999992 0.00000000099999999992 0.00000000099999999992 0.00000000099999999992 0.00000000099999999992 
0.00000000099999999996 0.22081065385359957554 0.00000000099999999996 0.33292631330096100761 0.44626302584543947605 0.00000000099999999996 0.00000000099999999996 0.00000000099999999996 0.00000000099999999996 0.00000000099999999996 
0.00000000099999999997 0.11150436817952956436 0.00000000099999999997 0.40953847046771657547 0.00000000099999999997 0.21838072326764920716 0.23043525846593668205 0.00000000099999999997 0.00000000099999999997 0.03014117461916810889 
0.00000000099999999998 0.18161214754602747479 0.00000000099999999998 0.27489433697818727032 0.27121358419141927687 0.04744741295120651764 0.22483251333315931730 0.00000000099999999998 0.00000000099999999998 0.00000000099999999998 
0.00000000099999999998 0.03767318181172375074 0.00000000099999999998 0.26391324080028105703 0.00000000099999999998 0.41583372935733070586 0.26870021917833181169 0.00000000099999999998 0.00031137179387674018 0.01356825305845606872 
0.00000000100000000000 0.17480799001248337188 0.00000000100000000000 0.08567905349424502492 0.27274401743245940688 0.27138291690297017267 0.16456534047175711000 0.00028010080154137242 0.02728196795093826635 0.00325861093360524812 
0.00000000099999999998 0.00000000099999999998 0.00000000099999999998 0.31492308156668835650 0.23684325599760480685 0.44450748527993921844 0.00000000099999999998 0.00000000099999999998 0.00372617115576756933 0.00000000099999999998 
0.00000000099999999995 0.00000000099999999995 0.00000000099999999995 0.00000000099999999995 0.25868118719498317537 0.49625137386455203670 0.24506743194046484713 0.00000000099999999995 0.00000000099999999995 0.00000000099999999995 
0.00000000099999999999 0.21010035635621734929 0.00000000099999999999 0.23888551295475660141 0.29319360682003720031 0.21275324388044611346 0.00000000555896634535 0.00000000099999999999 0.01897964764685568934 0.02608762378272063212 
0.00000000099999999996 0.00000000099999999996 0.00000000099999999996 0.37895365402593356174 0.12433562411506743350 0.31767595924659575157 0.17132239145872610320 0.00000000099999999996 0.00771236615367703379 0.00000000099999999996 
0.00000000099999999993 0.44072075497575924352 0.00000000099999999993 0.00000000099999999993 0.55927923702424064967 0.00000000099999999993 0.00000000099999999993 0.00000000099999999993 0.00000000099999999993 0.00000000099999999993 
0.00000000099999999998 0.06145265344288575876 0.00000000099999999998 0.27830893890978780636 0.33062311620076811902 0.26769506422779698607 0.06192022221876141569 0.00000000099999999998 0.00000000099999999998 0.00000000099999999998 
0.00000000099999999996 0.16278415361621595414 0.00000000099999999996 0.31614539547806586040 0.19960602781802122552 0.00000000099999999996 0.29499687870095125941 0.02646753938674566153 0.00000000099999999996 0.00000000099999999996 
0.00000000099999999999 0.14560896284425650649 0.00000000099999999999 0.28705007463056386730 0.18929097323504370798 0.37770673697278384084 0.00000000099999999999 0.00012719947418850550 0.00000145577513262244 0.00021459406803097967 
0.00000000099999999998 0.07026750718454756461 0.00000000099999999998 0.32836983106914691133 0.00000000099999999998 0.32685342457991489740 0.24275576070026672060 0.00011102174216860909 0.00000000099999999998 0.03164245072395523856 
0.00000000099999999997 0.12165583378287074534 0.00000000099999999997 0.36967003058119396464 0.29477548954482490906 0.01478631314676166070 0.18927490287319470585 0.00983742607115410325 0.00000000099999999997 0.00000000099999999997 
0.00000000099999999988 0.00000000099999999988 0.00000000099999999988 0.99999999100000014352 0.00000000099999999988 0.00000000099999999988 0.00000000099999999988 0.00000000099999999988 0.00000000099999999988 0.00000000099999999988 
0.07269864126945195515 0.01613203325534436419 0.00000000099999999999 0.00000000099999999999 0.17873122630244608899 0.24327144233645611737 0.47124319449050894315 0.00000000099999999999 0.00000000099999999999 0.01792345834579254713 
0.00000000099999999997 0.05449077455563678535 0.00000000099999999997 0.31187865640329670569 0.17898923850335099472 0.12396755945964893497 0.32988048450896934050 0.00079328256909698988 0.00000000099999999997 0.00000000099999999997 
0.00000000099999999995 0.18899208702254566283 0.00000000099999999995 0.42297146755847303545 0.20488467525567463645 0.00000000099999999995 0.16466144991280795562 0.01849031525049865329 0.00000000099999999995 0.00000000099999999995 
0.00000000099999999995 0.11564267752630981445 0.00000000099999999995 0.31748359316139740383 0.09201460406720549101 0.16121590680473962820 0.28859209788630274529 0.02505111655404487769 0.00000000099999999995 0.00000000099999999995 
0.00000000099999999986 0.00000000099999999986 0.00000000099999999986 0.00000000099999999986 0.00000000099999999986 0.00000000099999999986 0.99999999099999992147 0.00000000099999999986 0.00000000099999999986 0.00000000099999999986 
0.00000000099999999990 0.00000000099999999990 0.00000000099999999990 0.00000000099999999990 0.00000000099999999990 0.99999999100000014352 0.00000000099999999990 0.00000000099999999990 0.00000000099999999990 0.00000000099999999990 
0.00000001713545726544 0.13520888665390751182 0.00000000099999999999 0.49218642810129403786 0.10471163646808390180 0.00000000099999999999 0.26789162419485035294 0.00000000099999999999 0.00000140344640703986 0.00000000099999999999 
0.00000000099999999997 0.08673540344632943433 0.00000000099999999997 0.37032533928217320485 0.28282468817562977925 0.15710796792207540329 0.07827570871441756617 0.02000811874242996308 0.00472277071694454740 0.00000000099999999997 
0.00000000099999999989 0.00000000099999999989 0.00000000099999999989 0.00000000099999999989 0.00000000099999999989 0.99999999100000003249 0.00000000099999999989 0.00000000099999999989 0.00000000099999999989 0.00000000099999999989 
0.00000000099999999995 0.11108270226960210991 0.00000000099999999995 0.29390473421980728430 0.11043152410966630694 0.44503852451317260641 0.00000000099999999995 0.03954250988775184078 0.00000000099999999995 0.00000000099999999995 
0.00000000099999999991 0.00000000099999999991 0.00000000099999999991 0.00000000099999999991 0.00000000099999999991 0.00000000099999999991 0.00000000099999999991 0.42732656409860525493 0.00000000099999999991 0.57267342790139474928 
0.00000000099999999995 0.00000000099999999995 0.00000000099999999995 0.00000000099999999995 0.00000000099999999995 0.00000000099999999995 0.00000000099999999995 0.32974321722036459281 0.00000000099999999995 0.67025677477963541140 
0.54145599491036955353 0.00000000099999999964 0.45854399708963056170 0.00000000099999999964 0.00000000099999999964 0.00000000099999999964 0.00000000099999999964 0.00000000099999999964 0.00000000099999999964 0.00000000099999999964 
0.00000000099999999954 0.00000000099999999954 0.00000000099999999954 0.00000000099999999954 0.00000000099999999954 0.00000000099999999954 0.00000000099999999954 0.00000000099999999954 0.99999999099999992147 0.00000000099999999954 
0.00000000099999999998 0.00000000099999999998 0.00000000099999999998 0.00000000099999999998 0.00000000099999999998 0.00000000099999999998 0.00000000099999999998 0.00000000099999999998 0.02121424226954915851 0.97878574973045073815 
0.00000000099999999992 0.24477012843092602057 0.00000000099999999992 0.00000000099999999992 0.75522986356907395589 0.00000000099999999992 0.00000000099999999992 0.00000000099999999992 0.00000000099999999992 0.00000000099999999992 
0.00000000099999999988 0.00000000099999999988 0.00000000099999999988 0.00000000099999999988 0.99999999100000014352 0.00000000099999999988 0.00000000099999999988 0.00000000099999999988 0.00000000099999999988 0.00000000099999999988 
0.00000000099999999987 0.00000000099999999987 0.00000000099999999987 0.00000000099999999987 0.00000000099999999987 0.00000000099999999987 0.00000000099999999987 0.00000000099999999987 0.00000000099999999987 0.99999999099999992147 
0.00000000099999999996 0.24370685263637803519 0.00000000099999999996 0.00000000099999999996 0.40401874373172985688 0.35227439663189219488 0.00000000099999999996 0.00000000099999999996 0.00000000099999999996 0.00000000099999999996 
0.00000000099999999996 0.04150803040401024324 0.00000000099999999996 0.36358745030488914818 0.30322967925499644259 0.11451054546808871193 0.16581555933863836860 0.00000000099999999996 0.00706740714603764416 0.00428132508333947150 
0.00000000099999999976 0.99999999100000014352 0.00000000099999999976 0.00000000099999999976 0.00000000099999999976 0.00000000099999999976 0.00000000099999999976 0.00000000099999999976 0.00000000099999999976 0.00000000099999999976 
0.00000000099999999944 0.00000000099999999944 0.99999999100000003249 0.00000000099999999944 0.00000000099999999944 0.00000000099999999944 0.00000000099999999944 0.00000000099999999944 0.00000000099999999944 0.00000000099999999944 
0.00000000099999999944 0.00000000099999999944 0.99999999100000003249 0.00000000099999999944 0.00000000099999999944 0.00000000099999999944 0.00000000099999999944 0.00000000099999999944 0.00000000099999999944 0.00000000099999999944 
0.00000000099999999939 0.00000000099999999939 0.99999999100000014352 0.00000000099999999939 0.00000000099999999939 0.00000000099999999939 0.00000000099999999939 0.00000000099999999939 0.00000000099999999939 0.00000000099999999939 
0.00000000099999999940 0.00000000099999999940 0.99999999100000003249 0.00000000099999999940 0.00000000099999999940 0.00000000099999999940 0.00000000099999999940 0.00000000099999999940 0.00000000099999999940 0.00000000099999999940 
0.99999999100000014352 0.00000000099999999942 0.00000000099999999942 0.00000000099999999942 0.00000000099999999942 0.00000000099999999942 0.00000000099999999942 0.00000000099999999942 0.00000000099999999942 0.00000000099999999942 
0.00000000099999999986 0.00000000099999999986 0.00000000099999999986 0.00000000099999999986 0.00000000099999999986 0.00000000099999999986 0.00000000099999999986 0.00000000099999999986 0.00000000099999999986 0.99999999099999992147 
0.00000000099999999993 0.23799265907175889967 0.00000000099999999993 0.00000000099999999993 0.00000000099999999993 0.00000000099999999993 0.76200733292824118781 0.00000000099999999993 0.00000000099999999993 0.00000000099999999993 
0.47978194713051214304 0.00000000099999999950 0.52021804486948797219 0.00000000099999999950 0.00000000099999999950 0.00000000099999999950 0.00000000099999999950 0.00000000099999999950 0.00000000099999999950 0.00000000099999999950 
0.99999999100000014352 0.00000000099999999947 0.00000000099999999947 0.00000000099999999947 0.00000000099999999947 0.00000000099999999947 0.00000000099999999947 0.00000000099999999947 0.00000000099999999947 0.00000000099999999947 
0.00000000099999999952 0.00000000099999999952 0.00000000099999999952 0.00000000099999999952 0.00000000099999999952 0.00000000099999999952 0.00000000099999999952 0.00000000099999999952 0.99999999100000003249 0.00000000099999999952 
0.00000000099999999952 0.00000000099999999952 0.00000000099999999952 0.00000000099999999952 0.00000000099999999952 0.00000000099999999952 0.00000000099999999952 0.00000000099999999952 0.99999999099999992147 0.00000000099999999952 
0.00000000099999999997 0.11761109782281949088 0.00000000099999999997 0.36516219890423978756 0.00000000099999999997 0.34621039800296671274 0.17101629926997388709 0.00000000099999999997 0.00000000099999999997 0.00000000099999999997 
0.00000000099999999944 0.00000000099999999944 0.99999999100000014352 0.00000000099999999944 0.00000000099999999944 0.00000000099999999944 0.00000000099999999944 0.00000000099999999944 0.00000000099999999944 0.00000000099999999944 
0.00000000099999999988 0.00000000099999999988 0.00000000099999999988 0.00000000099999999988 0.99999999100000003249 0.00000000099999999988 0.00000000099999999988 0.00000000099999999988 0.00000000099999999988 0.00000000099999999988 
0.00000000099999999995 0.00000000099999999995 0.00000000099999999995 0.37918445532585631774 0.00000000099999999995 0.62081553667414379749 0.00000000099999999995 0.00000000099999999995 0.00000000099999999995 0.00000000099999999995 
0.00000000099999999995 0.04286552808227327843 0.00000000099999999995 0.00000000099999999995 0.00000000099999999995 0.00000000099999999995 0.00000000099999999995 0.37086054079712016396 0.00000000099999999995 0.58627392412060652660 
0.00000000099999999996 0.00000000099999999996 0.00000000099999999996 0.41823191857995112297 0.39111716397314516547 0.00000000099999999996 0.19065091044690374300 0.00000000099999999996 0.00000000099999999996 0.00000000099999999996 
0.00000000099999999987 0.00000000099999999987 0.00000000099999999987 0.00000000099999999987 0.00000000099999999987 0.00000000099999999987 0.00000000099999999987 0.61256848708361111289 0.00000000099999999987 0.38743150491638889132 
0.00000000099999999996 0.24526929850393480725 0.00000000099999999996 0.43691848382665299244 0.00000000099999999996 0.31781221066941234277 0.00000000099999999996 0.00000000099999999996 0.00000000099999999996 0.00000000099999999996 
0.00000000099999999982 0.00000000099999999982 0.00000000099999999982 0.00000000099999999982 0.00000000099999999982 0.00000000099999999982 0.00000000099999999982 0.99999999099999992147 0.00000000099999999982 0.00000000099999999982 
0.00000000099999999997 0.19921539338738208924 0.00000000099999999997 0.35929667466267944942 0.42889207452543925969 0.00000000099999999997 0.00000000099999999997 0.00000000099999999997 0.00713491758019987529 0.00546093484429930037 
0.00000000099999999990 0.00000000099999999990 0.00000000099999999990 0.00000000099999999990 0.99999999100000014352 0.00000000099999999990 0.00000000099999999990 0.00000000099999999990 0.00000000099999999990 0.00000000099999999990 
0.34956046969210119446 0.00000000099999999956 0.65043952230789880975 0.00000000099999999956 0.00000000099999999956 0.00000000099999999956 0.00000000099999999956 0.00000000099999999956 0.00000000099999999956 0.00000000099999999956 
0.00000000099999999990 0.00000000099999999990 0.00000000099999999990 0.00000000099999999990 0.00000000099999999990 0.00000000099999999990 0.00000000099999999990 0.67117990334403843100 0.00000000099999999990 0.32882008865596157321 
0.56434221044209054163 0.00000000099999999950 0.43565778155790962911 0.00000000099999999950 0.00000000099999999950 0.00000000099999999950 0.00000000099999999950 0.00000000099999999950 0.00000000099999999950 0.00000000099999999950 
0.99999999100000014352 0.00000000099999999939 0.00000000099999999939 0.00000000099999999939 0.00000000099999999939 0.00000000099999999939 0.00000000099999999939 0.00000000099999999939 0.00000000099999999939 0.00000000099999999939 
0.00000000099999999998 0.07003802034411388266 0.00000000099999999998 0.24938929772073398228 0.00000000099999999998 0.25560834488355882455 0.42008848724197800362 0.00487584480961545438 0.00000000099999999998 0.00000000099999999998 
0.00000000099999999989 0.00000000099999999989 0.00000000099999999989 0.00000000099999999989 0.00000000099999999989 0.99999999100000014352 0.00000000099999999989 0.00000000099999999989 0.00000000099999999989 0.00000000099999999989 
0.00000000099999999995 0.00000000099999999995 0.00000000099999999995 0.39819992333151704722 0.25927745822245312768 0.00000000099999999995 0.34252261144602974552 0.00000000099999999995 0.00000000099999999995 0.00000000099999999995 
0.00000000099999999997 0.16016951724282102454 0.00000000099999999997 0.25300752724582503683 0.08819473869843760805 0.30855341184436896329 0.19007479996854745319 0.00000000099999999997 0.00000000099999999997 0.00000000099999999997 
0.00000000099999999996 0.31385114397150593035 0.00000000099999999996 0.68614884802849418488 0.00000000099999999996 0.00000000099999999996 0.00000000099999999996 0.00000000099999999996 0.00000000099999999996 0.00000000099999999996 
0.00000000099999999988 0.00000000099999999988 0.00000000099999999988 0.99999999100000003249 0.00000000099999999988 0.00000000099999999988 0.00000000099999999988 0.00000000099999999988 0.00000000099999999988 0.00000000099999999988 
0.00000000099999999988 0.00000000099999999988 0.00000000099999999988 0.00000000099999999988 0.00000000099999999988 0.99999999100000014352 0.00000000099999999988 0.00000000099999999988 0.00000000099999999988 0.00000000099999999988 
