0.26741924876146405676 0.00030495522474647787 0.02235537813962948026 0.00000187772283847697 0.70991854015132160871 
0.00000000099999999996 0.00000000099999999996 0.00000000099999999996 0.99999999599999989108 0.00000000099999999996 
0.00000000099999999996 0.00000000099999999996 0.00000000099999999996 0.99999999600000000211 0.00000000099999999996 
0.28939012995500512648 0.00000000099999999999 0.00106448368092636105 0.03391984058926238860 0.67562554477480607495 
0.25284698522622434114 0.00000000100000000000 0.01090747551260241172 0.00000000100000000000 0.73624553726117303309 
0.23552519681668693252 0.00000000099999999999 0.00272339314064115687 0.02600662346362609539 0.73574478557904576803 
0.00000000099999999997 0.00000000099999999997 0.00000000099999999997 0.99999999600000000211 0.00000000099999999997 
0.00000000099999999995 0.00000000099999999995 0.00000000099999999995 0.99999999599999989108 0.00000000099999999995 
0.00000000099999999999 0.00000000099999999999 0.01533280796183086360 0.00016753049753220184 0.98449965954063700657 
0.00000000099999999996 0.00000000099999999996 0.00000000099999999996 0.99999999599999989108 0.00000000099999999996 
0.99999999600000000211 0.00000000099999999994 0.00000000099999999994 0.00000000099999999994 0.00000000099999999994 
0.39785244139804010199 0.00000000099999999999 0.00423374411679490904 0.01201049428364718216 0.58590331920151794698 
0.43883988080313252045 0.00000000100000000000 0.00177646973147220868 0.00000000100000000000 0.55938364746539526173 
0.43626900126703194172 0.00000000099999999999 0.01378581187108264029 0.00000000099999999999 0.54994518486188537221 
0.47172425839559822824 0.00132998606563079031 0.01565944640940999250 0.00000000100000000000 0.51128630812936093353 
0.28208739244640590460 0.00000000099999999999 0.02929730788734009536 0.05518598949310154350 0.63342930917315243278 
0.31990967878226578280 0.00000000099999999999 0.00000000099999999999 0.00000000264946094153 0.68009031656827323431 
0.42966879878758684752 0.00000021316543752696 0.00000290544950811027 0.00000000099999999999 0.57032808159746739562 
0.22486794175984498034 0.00769437994789965753 0.00887516385359508019 0.00000000100000000000 0.75856251343866032411 
0.41205838986259823997 0.00000000099999999998 0.00000000099999999998 0.00000000099999999998 0.58794160713740162283 
0.44595154625032945583 0.00000000099999999999 0.00000000099999999999 0.00000000099999999999 0.55404845074967046248 
0.00000000099999999997 0.00000000099999999997 0.00000000099999999997 0.99999999599999989108 0.00000000099999999997 
0.42751097707990171060 0.00000000099999999999 0.00000000099999999999 0.01854083808854764884 0.55394818283155067284 
0.00000000099999999997 0.00000000099999999997 0.00000000099999999997 0.00761068420172195809 0.99238931279827802268 
0.56528416984207385809 0.00000000099999999998 0.00000000099999999998 0.01823378043193998529 0.41648204772598618195 
0.00000000099999999998 0.00000000099999999998 0.00000000099999999998 0.00000000099999999998 0.99999999600000000211 
0.00000000099999999983 0.00000000099999999983 0.99999999599999989108 0.00000000099999999983 0.00000000099999999983 
0.00000000099999999980 0.00000000099999999980 0.99999999599999989108 0.00000000099999999980 0.00000000099999999980 
0.52689392321839556566 0.00000000099999999999 0.00000000317241638477 0.00000000099999999999 0.47310607160918821679 
0.00000000099999999999 0.00000000099999999999 0.00213121938627084838 0.00000000099999999999 0.99786877761372905216 
0.50660506834051655112 0.00000000099999999998 0.00000000099999999998 0.00948649163744974197 0.48390843802203381552 
0.00000000099999999997 0.00000000099999999997 0.00000000099999999997 0.99999999599999989108 0.00000000099999999997 
0.00000000099999999996 0.00000000099999999996 0.35965176180017222052 0.22911089381724536462 0.41123734238258230489 
0.39118156173318796576 0.00000000099999999998 0.00000000099999999998 0.00000000099999999998 0.60881843526681200807 
0.00000000099999999980 0.99999999600000000211 0.00000000099999999980 0.00000000099999999980 0.00000000099999999980 
0.00000000099999999975 0.99999999600000000211 0.00000000099999999975 0.00000000099999999975 0.00000000099999999975 
0.00000000099999999975 0.99999999600000000211 0.00000000099999999975 0.00000000099999999975 0.00000000099999999975 
0.00000000099999999984 0.00000000099999999984 0.99999999599999989108 0.00000000099999999984 0.00000000099999999984 
0.00000000099999999982 0.00000000099999999982 0.99999999600000000211 0.00000000099999999982 0.00000000099999999982 
0.51082437855826345885 0.00000000099999999998 0.00000000099999999998 0.00000000099999999998 0.48917561844173657049 
0.00000000099999999997 0.00000000099999999997 0.00000000099999999997 0.99999999600000000211 0.00000000099999999997 
0.00000000099999999982 0.00000000099999999982 0.99999999599999989108 0.00000000099999999982 0.00000000099999999982 
0.24923742533688134082 0.00000000099999999999 0.00852304382702303610 0.02158064072702855357 0.72065888910906705789 
0.00000000099999999995 0.00000000099999999995 0.00000000099999999995 0.99999999600000000211 0.00000000099999999995 
0.00000000099999999985 0.00000000099999999985 0.99999999600000000211 0.00000000099999999985 0.00000000099999999985 
0.00000000099999999999 0.00000000099999999999 0.00148415651421188698 0.01555420715461892055 0.98296163433116934272 
0.00000000099999999983 0.00000000099999999983 0.99999999599999989108 0.00000000099999999983 0.00000000099999999983 
0.00000000099999999996 0.00000000099999999996 0.00000000099999999996 0.99999999600000000211 0.00000000099999999996 
0.00000000099999999994 0.00000000099999999994 0.00000000099999999994 0.99999999600000000211 0.00000000099999999994 
0.00000000099999999980 0.00000000099999999980 0.99999999600000000211 0.00000000099999999980 0.00000000099999999980 
0.00000000099999999982 0.00000000099999999982 0.99999999600000000211 0.00000000099999999982 0.00000000099999999982 
0.00000000099999999996 0.00000000099999999996 0.00000000099999999996 0.99999999600000000211 0.00000000099999999996 
0.00000000099999999996 0.00000000099999999996 0.00000000099999999996 0.99999999600000000211 0.00000000099999999996 
0.00000000099999999997 0.00000000099999999997 0.00000000099999999997 0.99999999599999989108 0.00000000099999999997 
0.00000000099999999985 0.00000000099999999985 0.99999999599999989108 0.00000000099999999985 0.00000000099999999985 
0.33460716947079638395 0.00000000100000000000 0.01376219788478055296 0.03998770726956302896 0.61164292437486011966 
0.42165348203256586279 0.00000000099999999999 0.02337649679464403468 0.00000000099999999999 0.55497001917279009664 
0.38326329481509541219 0.00000000099999999999 0.00000000099999999999 0.01630805868197414757 0.60042864450293031986 
0.35192442794111622462 0.00000000099999999999 0.00000000099999999999 0.00703105667166955758 0.64104451338721424314 
0.00000000099999999996 0.00000000099999999996 0.00000000099999999996 0.99999999599999989108 0.00000000099999999996 
0.34637603580739717568 0.00011769136427804700 0.00397269683533538545 0.00000000100000000000 0.64953357499298935984 
0.00000000099999999979 0.99999999600000000211 0.00000000099999999979 0.00000000099999999979 0.00000000099999999979 
0.19159820112743941589 0.00000000099999999998 0.00723963411998822682 0.00615782362740184552 0.79500434012517040561 
0.00000000099999999979 0.99999999600000000211 0.00000000099999999979 0.00000000099999999979 0.00000000099999999979 
0.15869534674572133293 0.00000000100000000000 0.00021501455275766229 0.03608453002721758590 0.80500510767430344394 
0.00000000099999999980 0.99999999600000011313 0.00000000099999999980 0.00000000099999999980 0.00000000099999999980 
0.46119576908337051036 0.00000000099999999999 0.00000000099999999999 0.00000069613079636231 0.53880353278583292820 
0.35162818779434340533 0.00000000100000000000 0.00423090058212461685 0.00531433336569746371 0.63882657725783431601 
0.00000000099999999994 0.00000000099999999994 0.00000000099999999994 0.99999999600000000211 0.00000000099999999994 
0.00000000099999999997 0.00000000099999999997 0.00000000099999999997 0.00000000099999999997 0.99999999600000000211 
0.00000000099999999980 0.99999999600000011313 0.00000000099999999980 0.00000000099999999980 0.00000000099999999980 
0.00000000099999999982 0.99999999600000000211 0.00000000099999999982 0.00000000099999999982 0.00000000099999999982 
0.43995443406641998596 0.00000000099999999999 0.00732352197592229560 0.07680468263399109485 0.47591736032366666054 
0.00000000099999999995 0.00000000099999999995 0.00000000099999999995 0.99999999599999989108 0.00000000099999999995 
0.00000000099999999985 0.00000000099999999985 0.99999999599999989108 0.00000000099999999985 0.00000000099999999985 
0.00000000099999999995 0.00000000099999999995 0.00000000099999999995 0.99999999599999989108 0.00000000099999999995 
0.24598141815512730712 0.00000000100000000000 0.00000000100000000000 0.03585802983530499838 0.71816055000956757759 
0.00000000099999999978 0.99999999600000011313 0.00000000099999999978 0.00000000099999999978 0.00000000099999999978 
0.00000000099999999979 0.00000000099999999979 0.99999999600000000211 0.00000000099999999979 0.00000000099999999979 
0.00000000099999999982 0.99999999600000011313 0.00000000099999999982 0.00000000099999999982 0.00000000099999999982 
0.00000000100000000000 0.00000095446635081609 0.01564735421997680981 0.00000000100000000000 0.98435168931367234002 
0.00000000099999999994 0.00000000099999999994 0.00000000099999999994 0.99999999599999989108 0.00000000099999999994 
0.00000000099999999995 0.00000000099999999995 0.00000000099999999995 0.99999999600000000211 0.00000000099999999995 
0.16190134248976581488 0.00000000099999999999 0.00200194802389154014 0.23143619229167614049 0.60466051619466654188 
0.30727048141309537543 0.00000000099999999999 0.02232726358578513565 0.00043967503443025671 0.66996257896668920395 
0.99999999600000011313 0.00000000099999999992 0.00000000099999999992 0.00000000099999999992 0.00000000099999999992 
0.37361099199367991952 0.00000000099999999998 0.00000000099999999998 0.01655297075874944887 0.60983603524757046266 
0.32103218941909866802 0.00000000099999999999 0.00000000099999999999 0.00000000099999999999 0.67896780758090113927 
0.39346957641148622153 0.00000000099999999997 0.00000000099999999997 0.00000000099999999997 0.60653042058851369678 
0.40930297749736244128 0.00000000099999999998 0.00000000099999999998 0.00016963223087578658 0.59052738827176187719 
0.45531315243649544966 0.00000000099999999999 0.00000002313373176573 0.00000000099999999999 0.54468682242977273233 
0.00000000099999999999 0.00000000099999999999 0.00000000099999999999 0.03992047326004358881 0.96007952373995641970 
0.00000000099999999996 0.00000000099999999996 0.00000000099999999996 0.99999999599999989108 0.00000000099999999996 
0.00000000099999999998 0.00000000099999999998 0.00000000099999999998 0.99966748220247592105 0.00033251479752410433 
0.00000000099999999988 0.99999999600000000211 0.00000000099999999988 0.00000000099999999988 0.00000000099999999988 
0.00000000099999999997 0.00000000099999999997 0.00000000099999999997 0.99999999600000000211 0.00000000099999999997 
0.00967974755132266010 0.00000000099999999998 0.00000000099999999998 0.99032024944867735883 0.00000000099999999998 
0.38359695466847010259 0.00000000099999999999 0.00538571172383078747 0.01602779373750927785 0.59498953887018979358 
0.00000000099999999975 0.99999999600000000211 0.00000000099999999975 0.00000000099999999975 0.00000000099999999975 
0.35582042293101429076 0.00000000099999999999 0.00224449169945430908 0.00000000099999999999 0.64193508336953131188 
0.41719718618742035465 0.00000000099999999999 0.00178846952829873332 0.00868363698098046331 0.57233070630330040718 
0.35573181208359017091 0.00000702873160788066 0.00500515406855064991 0.00000000100000000000 0.63925600411625138619 
0.46473495779178392029 0.00000000100000000000 0.00000009142349337292 0.01383502612056186805 0.52142992366416096583 
0.00000000099999999999 0.00000000099999999999 0.00000000099999999999 0.00000000099999999999 0.99999999600000000211 
0.00000000099999999999 0.00000000099999999999 0.00000000099999999999 0.02901826972167622504 0.97098172727832376960 
0.25120352590437816653 0.00000000099999999999 0.00631102743815028632 0.00000000099999999999 0.74248544465747146059 
0.38047007819571293519 0.00000000099999999999 0.00588012589848847106 0.00000597930082874191 0.61364381560496983337 
0.18245956675680469194 0.00208663166269052814 0.03070540410619645999 0.01001762297811921963 0.77473077449618910073 
0.49335761301543185064 0.00000000099999999999 0.00537584655192227100 0.00000000099999999999 0.50126653843264579180 
0.00000000099999999997 0.00000000099999999997 0.00000000099999999997 0.00000000099999999997 0.99999999599999989108 
0.41848998040710122526 0.00000000100000000000 0.02143691586351135700 0.01724932966140439727 0.54282377306798301753 
0.38646259394140758392 0.00000000099999999998 0.00811688378184845585 0.00000000099999999998 0.60542052027674386760 
0.42746999800226942456 0.00000000099999999999 0.00000000099999999999 0.00147359493234321083 0.57105640506538724033 
0.00000000099999999998 0.00000000099999999998 0.00000000099999999998 0.00000000099999999998 0.99999999599999989108 
0.21632820936220534258 0.00000000099999999999 0.00000000099999999999 0.03237421186487449837 0.75129757677292019480 
0.39728150895127384290 0.00000000099999999999 0.00315347150070252732 0.00653471967101517792 0.59303029887700842160 
0.28829628154106679006 0.00000000099999999999 0.00000000099999999999 0.03587236538287856547 0.67583135107605452063 
0.28183152094742236482 0.00000000099999999999 0.00000000099999999999 0.00000035626536689099 0.71816812078721070645 
0.18332854517553009988 0.00000000099999999999 0.00000000503354604845 0.02433020488317573504 0.79234124390774818281 
0.27090682877964311626 0.06808467750715904709 0.00416999830712114824 0.01986186855716355962 0.63697662684891320772 
0.21498623508668340820 0.00000000099999999999 0.00000000099999999999 0.00053887899797578579 0.78447488391534092589 
0.26177350795215703627 0.00000000099999999998 0.00000000099999999998 0.01511858755288048375 0.72310790249496248450 
0.47446151439554934415 0.00000000099999999998 0.00000000099999999998 0.01167057428962383833 0.51386790931482684286 
0.39878028973500445620 0.00000000099999999999 0.01317231301240340789 0.00000000099999999999 0.58804739525259208666 
0.37710020024568818853 0.00000000099999999998 0.00000000099999999998 0.00846104618413305067 0.61443875157017857624 
0.22031561467677865385 0.00315757312224239578 0.00666015758606475130 0.00000000390054508130 0.76986665071436910512 
0.32501855362817921868 0.00000000099999999999 0.00720632022436228613 0.01117334515308173251 0.65660177999437663310 
0.31775745948958550313 0.00000000099999999999 0.00000000099999999999 0.00000000099999999999 0.68224253751041430416 
0.52296461457898635317 0.00000000099999999997 0.00000000099999999997 0.02006805010235312298 0.45696733331866062899 
0.00000000099999999995 0.00000000099999999995 0.00000000099999999995 0.99999999599999989108 0.00000000099999999995 
0.00000000099999999998 0.00000000099999999998 0.00000000099999999998 0.99999999599999989108 0.00000000099999999998 
0.00000000099999999983 0.99999999600000011313 0.00000000099999999983 0.00000000099999999983 0.00000000099999999983 
0.00000000099999999980 0.00000000099999999980 0.99999999600000000211 0.00000000099999999980 0.00000000099999999980 
0.00000000099999999999 0.00000000099999999999 0.03893042307334072111 0.90482974856190945268 0.05623982636474980645 
0.27752520445502865121 0.00000000099999999998 0.00000000099999999998 0.01175651610391260406 0.71071827744105875446 
0.35779501752256476221 0.00000000100000000000 0.00000000100000000000 0.02298814160342467494 0.61921683887401046675 
0.00000000099999999999 0.00000000099999999999 0.00465729384885402251 0.99534270315114592442 0.00000000099999999999 
0.35434518158919925401 0.00000000099999999999 0.00000000099999999999 0.01270465964936945587 0.63295015676143129291 
0.31245898699537522081 0.00000000099999999998 0.01081888259641849807 0.00000000099999999998 0.67672212840820611390 
0.17325034818421258809 0.00000000099999999999 0.00281531203859253882 0.00000000099999999999 0.82393433777719493616 
0.00000000099999999978 0.99999999600000011313 0.00000000099999999978 0.00000000099999999978 0.00000000099999999978 
0.00000000099999999980 0.99999999600000011313 0.00000000099999999980 0.00000000099999999980 0.00000000099999999980 
0.00000000099999999975 0.99999999600000000211 0.00000000099999999975 0.00000000099999999975 0.00000000099999999975 
0.00000000099999999976 0.99999999600000000211 0.00000000099999999976 0.00000000099999999976 0.00000000099999999976 
0.00000000099999999976 0.99999999600000011313 0.00000000099999999976 0.00000000099999999976 0.00000000099999999976 
0.00000000099999999998 0.00000000099999999998 0.00000000099999999998 0.99999999600000000211 0.00000000099999999998 
0.00000000099999999999 0.00000000099999999999 0.00505273439073150761 0.00000000099999999999 0.99494726260926846795 
0.00000000099999999977 0.99999999600000000211 0.00000000099999999977 0.00000000099999999977 0.00000000099999999977 
0.00000000099999999980 0.99999999600000000211 0.00000000099999999980 0.00000000099999999980 0.00000000099999999980 
0.00000000099999999979 0.00000000099999999979 0.99999999599999989108 0.00000000099999999979 0.00000000099999999979 
0.00000000099999999979 0.00000000099999999979 0.99999999599999989108 0.00000000099999999979 0.00000000099999999979 
0.26704880727836427523 0.00000000099999999999 0.00000000099999999999 0.00000000099999999999 0.73295118972163575410 
0.00000000099999999978 0.99999999600000011313 0.00000000099999999978 0.00000000099999999978 0.00000000099999999978 
0.28014643233929636956 0.00000000099999999999 0.00000000099999999999 0.01078067435967206174 0.70907289130103146046 
0.29074295807842237549 0.00000000099999999999 0.00000000099999999999 0.00000000099999999999 0.70925703892157765384 
0.04874647455148520270 0.00000000099999999998 0.00000000099999999998 0.95125352244851468786 0.00000000099999999998 
0.35493770661292584068 0.00000000099999999998 0.00000000099999999998 0.00549074177668060302 0.63957154961039341945 
0.00000000099999999994 0.00000000099999999994 0.00000000099999999994 0.99999999599999989108 0.00000000099999999994 
0.34463855911512075725 0.00000000099999999999 0.00280079202809812439 0.01651566036084627792 0.63604498749593463280 
0.00000000099999999995 0.00000000099999999995 0.00000000099999999995 0.99999999600000000211 0.00000000099999999995 
0.46016196479638366013 0.00000000099999999999 0.01227169147654844951 0.00601822165747138878 0.52154812106959658191 
0.33446399200590498646 0.00000000099999999999 0.01152808389442243342 0.00000000099999999999 0.65400792209967251178 
0.00000000099999999980 0.99999999600000000211 0.00000000099999999980 0.00000000099999999980 0.00000000099999999980 
0.00000000099999999996 0.00000000099999999996 0.00000000099999999996 0.99999999599999989108 0.00000000099999999996 
0.00000000099999999977 0.99999999600000000211 0.00000000099999999977 0.00000000099999999977 0.00000000099999999977 
0.00000000099999999976 0.99999999600000011313 0.00000000099999999976 0.00000000099999999976 0.00000000099999999976 
0.29540486282139521990 0.00000000099999999999 0.00000000099999999999 0.00536552145211025271 0.69922961372649439227 
0.43133951014620874886 0.00000000099999999998 0.00000000099999999998 0.01927499009417101353 0.54938549775962008948 
0.00000000099999999997 0.00000000099999999997 0.00000000099999999997 0.00000000099999999997 0.99999999599999989108 
0.00000000099999999999 0.00000000099999999999 0.00007937025753211593 0.00000000099999999999 0.99992062674246795506 
0.37242587584864145223 0.00000000099999999999 0.00850827613652783282 0.00001023021111994343 0.61905561680371068434 
0.26301304408564024628 0.00000000099999999999 0.00745267198272336201 0.01506856107343223193 0.71446572185820433898 
0.45860436846792912435 0.00000000099999999998 0.00000000099999999998 0.00000000099999999998 0.54139562853207079396 
0.02764880841202418948 0.00000000099999999997 0.00000000099999999997 0.97235118858797586761 0.00000000099999999997 
0.30904025771065829487 0.00000000099999999998 0.00000000099999999998 0.00000000099999999998 0.69095973928934162345 
0.00000000099999999977 0.99999999600000000211 0.00000000099999999977 0.00000000099999999977 0.00000000099999999977 
0.52412535490421929829 0.00000000099999999999 0.00000000099999999999 0.00000000099999999999 0.47587464209578078655 
0.00000000099999999992 0.99999999600000000211 0.00000000099999999992 0.00000000099999999992 0.00000000099999999992 
0.00000000099999999980 0.99999999600000011313 0.00000000099999999980 0.00000000099999999980 0.00000000099999999980 
0.29430695438592746616 0.00000000099999999999 0.00000000099999999999 0.01991320985290013362 0.68577983376117224168 
0.00000000180178241699 0.00000000099999999999 0.00662721430997330850 0.00000000099999999999 0.99337278188824429392 
0.00000000099999999999 0.00000000099999999999 0.00000000099999999999 0.00405827617825857238 0.99594172082174137195 
0.00000000099999999982 0.99999999600000011313 0.00000000099999999982 0.00000000099999999982 0.00000000099999999982 
0.00000000099999999995 0.00000000099999999995 0.00000000099999999995 0.99999999600000000211 0.00000000099999999995 
0.00000000099999999995 0.00000000099999999995 0.00000000099999999995 0.99999999599999989108 0.00000000099999999995 
0.00000000099999999979 0.99999999600000000211 0.00000000099999999979 0.00000000099999999979 0.00000000099999999979 
0.00000000099999999999 0.00000000099999999999 0.00000000099999999999 0.00001272010345933110 0.99998727689654054451 
0.66140151550717596329 0.00000000099999999999 0.00080729649633583429 0.03352018510403992346 0.30427100189244821182 
0.00000000099999999980 0.99999999600000011313 0.00000000099999999980 0.00000000099999999980 0.00000000099999999980 
0.42577932935546985993 0.00000000099999999999 0.00000063929147091528 0.00000000099999999999 0.57422002935305915816 
0.00000000099999999994 0.00000000099999999994 0.00000000099999999994 0.99999999599999989108 0.00000000099999999994 
0.69861518129698096935 0.08755896413480447615 0.08994047421560490141 0.12388537935260972300 0.00000000099999999999 
0.40312478363962339634 0.00000000100000000000 0.00000000100000000000 0.01743311933941399036 0.57944209502096255537 
0.23445381385641295147 0.00000000099999999999 0.01256993477795633439 0.03317959172450542921 0.71979665864112540863 
0.35302914496844828296 0.00000000099999999999 0.01335027136854364908 0.00000000099999999999 0.63362058166300805340 
0.00000000099999999998 0.00000000099999999998 0.00319967948475341143 0.00000000099999999998 0.99680031751524644790 
0.55118923762031923896 0.00000000099999999998 0.00000000099999999998 0.00000000099999999998 0.44881075937968090139 
0.28148238852264650944 0.00000000099999999999 0.00000000099999999999 0.00135421730330786429 0.71716339217404545536 
0.21970263485372160117 0.00000000099999999999 0.01297517308386323016 0.00663408658223567631 0.76068810448017953885 
0.99999999600000000211 0.00000000099999999993 0.00000000099999999993 0.00000000099999999993 0.00000000099999999993 
0.00000000099999999996 0.00000000099999999996 0.00000000099999999996 0.99999999600000000211 0.00000000099999999996 
0.99999999600000011313 0.00000000099999999993 0.00000000099999999993 0.00000000099999999993 0.00000000099999999993 
0.47625920262644977354 0.00000000099999999999 0.00179907651187078310 0.00000000099999999999 0.52194171886167928243 
0.39180686842996675923 0.00000000099999999999 0.00000000099999999999 0.03963300351453703102 0.56856012605549610672 
0.25173031918460792022 0.00000000099999999998 0.00000000099999999998 0.01496509846236607211 0.73330458035302592545 
0.00000000100000000000 0.00000000100000000000 0.00168565288960862716 0.03398085038654714146 0.96433349472384422008 
0.37763151446096621111 0.00000000099999999999 0.00000000099999999999 0.00000000099999999999 0.62236848253903365169 
0.29216806890612195824 0.00000000099999999999 0.00000000099999999999 0.01018545986102473849 0.69764646923285333902 
0.03367442417527748838 0.00000000099999999997 0.00000000099999999997 0.96632557282472242299 0.00000000099999999997 
0.99999999600000011313 0.00000000099999999993 0.00000000099999999993 0.00000000099999999993 0.00000000099999999993 
0.00000000099999999999 0.00000000099999999999 0.00631750893093147112 0.00000000099999999999 0.99368248806906844806 
0.00000000100000000000 0.00326572523971160791 0.00000000100000000000 0.00000006809394941243 0.99673420466633910753 
0.01819899936120634651 0.00000000099999999997 0.00000000099999999997 0.98180099763879358221 0.00000000099999999997 
0.32921236604965536943 0.01820429078030909656 0.00000000100000000000 0.02316813891633183811 0.62941520325370370337 
0.00000000099999999999 0.00000000099999999999 0.00004858134323126557 0.00000036150818951772 0.99995105514857918205 
0.30853105711118311572 0.00000000099999999999 0.00836531730719346049 0.47240292364083591448 0.21070070094078749423 
0.00000000099999999997 0.00000000099999999997 0.00000000099999999997 0.01026648342707038759 0.98973351357292949082 
0.00000000099999999981 0.99999999600000000211 0.00000000099999999981 0.00000000099999999981 0.00000000099999999981 
0.37851814420806173533 0.00000000099999999999 0.01482060010869795316 0.01047923295803381179 0.59618202172520651239 
0.24821507715585744425 0.00000000099999999999 0.00373632150347687469 0.02266652916638958043 0.72538207117427622173 
