0.00000000099999999996 0.00000000099999999996 0.72809767646585088485 0.26783194869936316485 0.00000000099999999996 0.00000000099999999996 0.00000000099999999996 0.00000000099999999996 0.00000000099999999996 0.00407036783478591669 
0.00000000099999999991 0.00000000099999999991 0.00000000099999999991 0.00000000099999999991 0.00000000099999999991 0.00000000099999999991 0.00000000099999999991 0.00000000099999999991 0.99999999100000003249 0.00000000099999999991 
0.00000000099999999991 0.00000000099999999991 0.00000000099999999991 0.00000000099999999991 0.00000000099999999991 0.00000000099999999991 0.00000000099999999991 0.00000000099999999991 0.99999999099999992147 0.00000000099999999991 
0.00000000099999999998 0.00000000099999999998 0.35166979700400163855 0.00000016471388370131 0.26480957234147101120 0.27959823347304546548 0.06496346588506143882 0.00000000099999999998 0.03895876258253663099 0.00000000099999999998 
0.00000000099999999998 0.00000000099999999998 0.38470286507347356553 0.00000000099999999998 0.00000011335861901912 0.29379490036732097691 0.31667966277213016602 0.00482245342845618978 0.00000000099999999998 0.00000000099999999998 
0.00000000099999999997 0.00000000099999999997 0.35343147701826510554 0.10056255182400065940 0.11450085031450732420 0.31278636209160792792 0.09556205801679502898 0.00000015695812360477 0.02315654077670033228 0.00000000099999999997 
0.00000000099999999993 0.00000000099999999993 0.00000000099999999993 0.00000000099999999993 0.00000000099999999993 0.00000000099999999993 0.00000000099999999993 0.00000000099999999993 0.99999999100000003249 0.00000000099999999993 
0.00000000099999999988 0.00000000099999999988 0.00000000099999999988 0.00000000099999999988 0.00000000099999999988 0.00000000099999999988 0.00000000099999999988 0.00000000099999999988 0.99999999099999992147 0.00000000099999999988 
0.00000000099999999990 0.00000000099999999990 0.00000000099999999990 0.00000000099999999990 0.00000000099999999990 0.99999999100000014352 0.00000000099999999990 0.00000000099999999990 0.00000000099999999990 0.00000000099999999990 
0.00000000099999999991 0.00000000099999999991 0.00000000099999999991 0.00000000099999999991 0.00000000099999999991 0.00000000099999999991 0.00000000099999999991 0.00000000099999999991 0.99999999099999992147 0.00000000099999999991 
0.00000000099999999988 0.00000000099999999988 0.00000000099999999988 0.00000000099999999988 0.00000000099999999988 0.00000000099999999988 0.99999999100000003249 0.00000000099999999988 0.00000000099999999988 0.00000000099999999988 
0.00000000099999999997 0.00000000099999999997 0.24737552731922982097 0.12402595728142547238 0.32483101309802137058 0.10929661157425436813 0.18226152597381398146 0.00422188984634802068 0.00798747190690689453 0.00000000099999999997 
0.00000000099999999987 0.00000000099999999987 0.00000000099999999987 0.00000000099999999987 0.00000000099999999987 0.00000000099999999987 0.99999999100000003249 0.00000000099999999987 0.00000000099999999987 0.00000000099999999987 
0.00000000099999999999 0.00000000099999999999 0.11699308767881831661 0.12829988640225434282 0.33730476736030001739 0.19366804695645656320 0.21264104013535164994 0.00000000099999999999 0.00000000099999999999 0.01109316746681926653 
0.00000000099999999999 0.00387979163036160759 0.39405536522094186669 0.12385898386603101662 0.25217637955514587977 0.11091020699605666500 0.09949465672694941809 0.01562461300451382235 0.00000000099999999999 0.00000000099999999999 
0.00000000099999999999 0.00000000099999999999 0.25725549501106459438 0.15780433131251736523 0.18123502153326290220 0.19265510544522282399 0.13696422198629676359 0.00007973927402778902 0.04721751373342044505 0.02678856970418735939 
0.00000000099999999987 0.00000000099999999987 0.00000000099999999987 0.00000000099999999987 0.99999999100000014352 0.00000000099999999987 0.00000000099999999987 0.00000000099999999987 0.00000000099999999987 0.00000000099999999987 
0.00000000099999999989 0.00000000099999999989 0.00000000099999999989 0.00000000099999999989 0.99999999100000003249 0.00000000099999999989 0.00000000099999999989 0.00000000099999999989 0.00000000099999999989 0.00000000099999999989 
0.00000000099999999991 0.00000000099999999991 0.00000000099999999991 0.00000000099999999991 0.00000000099999999991 0.99999999100000014352 0.00000000099999999991 0.00000000099999999991 0.00000000099999999991 0.00000000099999999991 
0.00000000099999999995 0.00000000099999999995 0.51759085358662548781 0.29850209448053866002 0.00000000099999999995 0.18390704493283593912 0.00000000099999999995 0.00000000099999999995 0.00000000099999999995 0.00000000099999999995 
0.00000000099999999998 0.00000000099999999998 0.23152276199575924642 0.09803430743053449803 0.07126990160519390549 0.25541437728956195574 0.34375864667895039695 0.00000000099999999998 0.00000000099999999998 0.00000000099999999998 
0.00000000099999999994 0.00000000099999999994 0.00000000099999999994 0.00000000099999999994 0.00000000099999999994 0.01867547653941967548 0.00000000099999999994 0.00000000099999999994 0.98132451546058041547 0.00000000099999999994 
0.00000000099999999994 0.00000000099999999994 0.00000000099999999994 0.00000000099999999994 0.67938835820317211578 0.32061163379682799945 0.00000000099999999994 0.00000000099999999994 0.00000000099999999994 0.00000000099999999994 
0.00000000099999999976 0.00000000099999999976 0.00000000099999999976 0.00000000099999999976 0.00000000099999999976 0.00000000099999999976 0.99999999099999992147 0.00000000099999999976 0.00000000099999999976 0.00000000099999999976 
0.00000000099999999992 0.00000000099999999992 0.00000000099999999992 0.39844909142656848022 0.00000000099999999992 0.00000000099999999992 0.60155090057343152399 0.00000000099999999992 0.00000000099999999992 0.00000000099999999992 
0.00000000099999999998 0.00000000099999999998 0.16128020824678765410 0.12199816155308294829 0.28267170143504738444 0.17842054256838571491 0.25562938119669637027 0.00000000099999999998 0.00000000099999999998 0.00000000099999999998 
0.00000000099999999952 0.00000000099999999952 0.00000000099999999952 0.00000000099999999952 0.00000000099999999952 0.00000000099999999952 0.00000000099999999952 0.00000000099999999952 0.00000000099999999952 0.99999999099999992147 
0.00000000099999999951 0.00000000099999999951 0.00000000099999999951 0.00000000099999999951 0.00000000099999999951 0.00000000099999999951 0.00000000099999999951 0.99999999099999992147 0.00000000099999999951 0.00000000099999999951 
0.00000000099999999998 0.00000000099999999998 0.00000000099999999998 0.20021879429809774642 0.26189040407950309186 0.24025756892838306955 0.29763320969574963426 0.00000001799826628046 0.00000000099999999998 0.00000000099999999998 
0.00000000099999999990 0.00000000099999999990 0.00000000099999999990 0.00000000099999999990 0.00000000099999999990 0.99999999100000003249 0.00000000099999999990 0.00000000099999999990 0.00000000099999999990 0.00000000099999999990 
0.00000000099999999980 0.00000000099999999980 0.00000000099999999980 0.99999999100000003249 0.00000000099999999980 0.00000000099999999980 0.00000000099999999980 0.00000000099999999980 0.00000000099999999980 0.00000000099999999980 
0.00000000099999999993 0.00000000099999999993 0.00000000099999999993 0.00000000099999999993 0.00000000099999999993 0.00000000099999999993 0.03559459585165240803 0.00000000099999999993 0.96440539614834763782 0.00000000099999999993 
0.00000000099999999983 0.00000000099999999983 0.00000000099999999983 0.00000000099999999983 0.00000000099999999983 0.00000000099999999983 0.47689906624293160187 0.35852788316304629035 0.16457304359402205596 0.00000000099999999983 
0.00000000099999999986 0.00000000099999999986 0.00000000099999999986 0.00000000099999999986 0.99999999100000014352 0.00000000099999999986 0.00000000099999999986 0.00000000099999999986 0.00000000099999999986 0.00000000099999999986 
0.00000000099999999950 0.99999999100000014352 0.00000000099999999950 0.00000000099999999950 0.00000000099999999950 0.00000000099999999950 0.00000000099999999950 0.00000000099999999950 0.00000000099999999950 0.00000000099999999950 
0.00000000099999999943 0.99999999100000014352 0.00000000099999999943 0.00000000099999999943 0.00000000099999999943 0.00000000099999999943 0.00000000099999999943 0.00000000099999999943 0.00000000099999999943 0.00000000099999999943 
0.00000000099999999943 0.99999999100000025454 0.00000000099999999943 0.00000000099999999943 0.00000000099999999943 0.00000000099999999943 0.00000000099999999943 0.00000000099999999943 0.00000000099999999943 0.00000000099999999943 
0.00000000099999999952 0.00000000099999999952 0.00000000099999999952 0.00000000099999999952 0.00000000099999999952 0.00000000099999999952 0.00000000099999999952 0.00000000099999999952 0.00000000099999999952 0.99999999099999992147 
0.00000000099999999954 0.00000000099999999954 0.00000000099999999954 0.00000000099999999954 0.00000000099999999954 0.00000000099999999954 0.00000000099999999954 0.99999999100000003249 0.00000000099999999954 0.00000000099999999954 
0.00000000099999999997 0.00000000099999999997 0.10646346537203291160 0.12034538411157821858 0.12307923418368532653 0.26927135338184093882 0.38084055795086257934 0.00000000099999999997 0.00000000099999999997 0.00000000099999999997 
0.00000000099999999995 0.00000000099999999995 0.00000000099999999995 0.00000000099999999995 0.00000000099999999995 0.00000000099999999995 0.00000000099999999995 0.00000000099999999995 0.99999999100000003249 0.00000000099999999995 
0.00000000099999999950 0.00000000099999999950 0.00000000099999999950 0.00000000099999999950 0.00000000099999999950 0.00000000099999999950 0.00000000099999999950 0.00000000099999999950 0.00000000099999999950 0.99999999100000003249 
0.00000000099999999989 0.00000000099999999989 0.00000000099999999989 0.00000000099999999989 0.99999999100000014352 0.00000000099999999989 0.00000000099999999989 0.00000000099999999989 0.00000000099999999989 0.00000000099999999989 
0.00000000099999999990 0.00000000099999999990 0.00000000099999999990 0.00000000099999999990 0.00000000099999999990 0.00000000099999999990 0.00000000099999999990 0.00000000099999999990 0.99999999099999992147 0.00000000099999999990 
0.00000000099999999952 0.00000000099999999952 0.00000000099999999952 0.00000000099999999952 0.00000000099999999952 0.00000000099999999952 0.00000000099999999952 0.00000000099999999952 0.00000000099999999952 0.99999999099999992147 
0.00000000099999999989 0.00000000099999999989 0.00000000099999999989 0.00000000099999999989 0.99999999100000014352 0.00000000099999999989 0.00000000099999999989 0.00000000099999999989 0.00000000099999999989 0.00000000099999999989 
0.00000000099999999951 0.00000000099999999951 0.00000000099999999951 0.00000000099999999951 0.00000000099999999951 0.00000000099999999951 0.00000000099999999951 0.00000000099999999951 0.00000000099999999951 0.99999999100000003249 
0.00000000099999999992 0.00000000099999999992 0.00000000099999999992 0.00000000099999999992 0.00000000099999999992 0.00000000099999999992 0.00000000099999999992 0.00000000099999999992 0.99999999100000003249 0.00000000099999999992 
0.00000000099999999987 0.00000000099999999987 0.00000000099999999987 0.00000000099999999987 0.00000000099999999987 0.00000000099999999987 0.00000000099999999987 0.00000000099999999987 0.99999999099999992147 0.00000000099999999987 
0.00000000099999999953 0.00000000099999999953 0.00000000099999999953 0.00000000099999999953 0.00000000099999999953 0.00000000099999999953 0.00000000099999999953 0.99999999099999992147 0.00000000099999999953 0.00000000099999999953 
0.00000000099999999956 0.00000000099999999956 0.00000000099999999956 0.00000000099999999956 0.00000000099999999956 0.00000000099999999956 0.00000000099999999956 0.99999999099999992147 0.00000000099999999956 0.00000000099999999956 
0.00000000099999999992 0.00000000099999999992 0.00000000099999999992 0.00000000099999999992 0.00000000099999999992 0.00000000099999999992 0.00000000099999999992 0.00000000099999999992 0.99999999099999992147 0.00000000099999999992 
0.00000000099999999992 0.00000000099999999992 0.00000000099999999992 0.00000000099999999992 0.00000000099999999992 0.00000000099999999992 0.00000000099999999992 0.00000000099999999992 0.99999999099999992147 0.00000000099999999992 
0.00000000099999999993 0.00000000099999999993 0.00000000099999999993 0.00000000099999999993 0.00000000099999999993 0.00000000099999999993 0.00978159052408026503 0.00000000099999999993 0.99021840147591966286 0.00000000099999999993 
0.00000000099999999962 0.00000000099999999962 0.00000000099999999962 0.00000000099999999962 0.00000000099999999962 0.00000000099999999962 0.00000000099999999962 0.99999999100000003249 0.00000000099999999962 0.00000000099999999962 
0.00000000099999999998 0.00000000099999999998 0.37507407541023290998 0.00000000099999999998 0.00000000099999999998 0.57742690805950835919 0.00000000099999999998 0.00000000099999999998 0.03806607741899074165 0.00943293311126797325 
0.00000000099999999997 0.00000000099999999997 0.41643930209858948110 0.00000000099999999997 0.57558398560994628035 0.00000000099999999997 0.00000000099999999997 0.00000000099999999997 0.00000000099999999997 0.00797670529146416937 
0.00000000099999999987 0.00000000099999999987 0.99999999100000003249 0.00000000099999999987 0.00000000099999999987 0.00000000099999999987 0.00000000099999999987 0.00000000099999999987 0.00000000099999999987 0.00000000099999999987 
0.00000000099999999991 0.00000000099999999991 0.99999999100000014352 0.00000000099999999991 0.00000000099999999991 0.00000000099999999991 0.00000000099999999991 0.00000000099999999991 0.00000000099999999991 0.00000000099999999991 
0.00000000099999999991 0.00000000099999999991 0.00000000099999999991 0.00000000099999999991 0.00000000099999999991 0.00000000099999999991 0.00000000099999999991 0.00000000099999999991 0.99999999100000003249 0.00000000099999999991 
0.00000000099999999994 0.00000000099999999994 0.37069306622042608179 0.00000000099999999994 0.00000000099999999994 0.00000000099999999994 0.62930692577957381140 0.00000000099999999994 0.00000000099999999994 0.00000000099999999994 
0.62104404535684198940 0.37895594664315807032 0.00000000099999999956 0.00000000099999999956 0.00000000099999999956 0.00000000099999999956 0.00000000099999999956 0.00000000099999999956 0.00000000099999999956 0.00000000099999999956 
0.00000000099999999993 0.00000000099999999993 0.71671373590825759869 0.28328625609174246103 0.00000000099999999993 0.00000000099999999993 0.00000000099999999993 0.00000000099999999993 0.00000000099999999993 0.00000000099999999993 
0.99999999100000025454 0.00000000099999999946 0.00000000099999999946 0.00000000099999999946 0.00000000099999999946 0.00000000099999999946 0.00000000099999999946 0.00000000099999999946 0.00000000099999999946 0.00000000099999999946 
0.00000000099999999997 0.00000000099999999997 0.23738782773057753861 0.12410174127482088979 0.14103193463023860899 0.11176728213953188162 0.36100770852709507253 0.00000000099999999997 0.02470350169773588914 0.00000000099999999997 
0.99999999100000025454 0.00000000099999999946 0.00000000099999999946 0.00000000099999999946 0.00000000099999999946 0.00000000099999999946 0.00000000099999999946 0.00000000099999999946 0.00000000099999999946 0.00000000099999999946 
0.00000000099999999994 0.00000000099999999994 0.00000000099999999994 0.46315941150519079894 0.00000000099999999994 0.53684058049480920527 0.00000000099999999994 0.00000000099999999994 0.00000000099999999994 0.00000000099999999994 
0.00000000099999999997 0.00000000099999999997 0.37589331418315452549 0.30014890663437060470 0.00000000099999999997 0.00000000099999999997 0.32395777218247490126 0.00000000099999999997 0.00000000099999999997 0.00000000099999999997 
0.00000000099999999988 0.00000000099999999988 0.00000000099999999988 0.00000000099999999988 0.00000000099999999988 0.00000000099999999988 0.00000000099999999988 0.00000000099999999988 0.99999999100000003249 0.00000000099999999988 
0.00000000099999999986 0.00000000099999999986 0.00000000099999999986 0.00000000099999999986 0.00000000099999999986 0.99999999100000014352 0.00000000099999999986 0.00000000099999999986 0.00000000099999999986 0.00000000099999999986 
0.00000000099999999950 0.99999999100000025454 0.00000000099999999950 0.00000000099999999950 0.00000000099999999950 0.00000000099999999950 0.00000000099999999950 0.00000000099999999950 0.00000000099999999950 0.00000000099999999950 
0.99999999100000014352 0.00000000099999999950 0.00000000099999999950 0.00000000099999999950 0.00000000099999999950 0.00000000099999999950 0.00000000099999999950 0.00000000099999999950 0.00000000099999999950 0.00000000099999999950 
0.00000000099999999998 0.00000000099999999998 0.30434801828434288051 0.12645288532858112163 0.29141180262476262808 0.00000002095175057601 0.19741049264057192181 0.00000000099999999998 0.07232160103588620992 0.00805517613410460659 
0.00000000099999999989 0.00000000099999999989 0.00000000099999999989 0.00000000099999999989 0.00000000099999999989 0.00000000099999999989 0.00000000099999999989 0.00000000099999999989 0.99999999100000003249 0.00000000099999999989 
0.00000000099999999952 0.00000000099999999952 0.00000000099999999952 0.00000000099999999952 0.00000000099999999952 0.00000000099999999952 0.00000000099999999952 0.00000000099999999952 0.00000000099999999952 0.99999999100000003249 
0.00000000099999999990 0.00000000099999999990 0.00000000099999999990 0.00000000099999999990 0.00000000099999999990 0.00000000099999999990 0.00000000099999999990 0.00000000099999999990 0.99999999100000003249 0.00000000099999999990 
0.00000000099999999997 0.00000000099999999997 0.33069689597944729176 0.14835756452110321346 0.00000000099999999997 0.49708250607789156161 0.00000000099999999997 0.00000000099999999997 0.02386302742155790510 0.00000000099999999997 
0.57358086673972119574 0.42641912526027908603 0.00000000099999999954 0.00000000099999999954 0.00000000099999999954 0.00000000099999999954 0.00000000099999999954 0.00000000099999999954 0.00000000099999999954 0.00000000099999999954 
0.00000000099999999950 0.00000000099999999950 0.00000000099999999950 0.00000000099999999950 0.00000000099999999950 0.00000000099999999950 0.00000000099999999950 0.99999999099999992147 0.00000000099999999950 0.00000000099999999950 
0.00000000099999999955 0.99999999100000014352 0.00000000099999999955 0.00000000099999999955 0.00000000099999999955 0.00000000099999999955 0.00000000099999999955 0.00000000099999999955 0.00000000099999999955 0.00000000099999999955 
0.00000000099999999997 0.00000000099999999997 0.48143713958992018220 0.00000000099999999997 0.00000000099999999997 0.00000000099999999997 0.51856285241007971099 0.00000000099999999997 0.00000000099999999997 0.00000000099999999997 
0.00000000099999999988 0.00000000099999999988 0.00000000099999999988 0.00000000099999999988 0.00000000099999999988 0.00000000099999999988 0.00000000099999999988 0.00000000099999999988 0.99999999099999992147 0.00000000099999999988 
0.00000000099999999990 0.00000000099999999990 0.00000000099999999990 0.00000000099999999990 0.00000000099999999990 0.00000000099999999990 0.00000000099999999990 0.00000000099999999990 0.99999999100000003249 0.00000000099999999990 
0.00000000099999999985 0.00000000099999999985 0.00000000099999999985 0.91506258466434953203 0.00000000099999999985 0.00000000099999999985 0.00000000099999999985 0.00000000099999999985 0.08493740733565049994 0.00000000099999999985 
0.00000000099999999999 0.00000000099999999999 0.64704174509418976857 0.00000020485789363968 0.26060858017091453886 0.00000085505581708258 0.06907007572221546265 0.02327853509896930101 0.00000000099999999999 0.00000000099999999999 
0.00000000099999999980 0.00000000099999999980 0.00000000099999999980 0.99999999100000003249 0.00000000099999999980 0.00000000099999999980 0.00000000099999999980 0.00000000099999999980 0.00000000099999999980 0.00000000099999999980 
0.00000000099999999995 0.00000000099999999995 0.37377739309608076779 0.24367009482434570655 0.00000000099999999995 0.00000000099999999995 0.38255250507957361261 0.00000000099999999995 0.00000000099999999995 0.00000000099999999995 
0.00000000099999999996 0.00000000099999999996 0.00000000099999999996 0.00000000099999999996 0.00000000099999999996 0.40361557565079936305 0.59638441634920069667 0.00000000099999999996 0.00000000099999999996 0.00000000099999999996 
0.00000000099999999993 0.00000000099999999993 0.00000000099999999993 0.00000000099999999993 0.53901288226964183536 0.46098710973035833538 0.00000000099999999993 0.00000000099999999993 0.00000000099999999993 0.00000000099999999993 
0.00000000099999999995 0.00000000099999999995 0.21444369326390808062 0.22753033410712789064 0.26603755534143769257 0.04608065812387292931 0.24590775416365337480 0.00000000099999999995 0.00000000099999999995 0.00000000099999999995 
0.00000000099999999995 0.00000000099999999995 0.00000000099999999995 0.00000000099999999995 0.49533298006967768634 0.00000000099999999995 0.50466701193032226236 0.00000000099999999995 0.00000000099999999995 0.00000000099999999995 
0.00000000099999999997 0.00000000099999999997 0.28089436117921734448 0.00000042168359881529 0.04709117398339371374 0.35508839788191576270 0.28797170136154243147 0.00000000099999999997 0.02895393991033187384 0.00000000099999999997 
0.00000000099999999991 0.00000000099999999991 0.00000000099999999991 0.00000000099999999991 0.00000000099999999991 0.00000000099999999991 0.00000000099999999991 0.00000000099999999991 0.99999999099999992147 0.00000000099999999991 
0.00000000099999999996 0.00000000099999999996 0.00000000099999999996 0.00000000099999999996 0.00000000099999999996 0.00000000099999999996 0.01899034685196459432 0.00000000099999999996 0.98100964514803534744 0.00000000099999999996 
0.69948280836489484802 0.30051718363510526721 0.00000000099999999971 0.00000000099999999971 0.00000000099999999971 0.00000000099999999971 0.00000000099999999971 0.00000000099999999971 0.00000000099999999971 0.00000000099999999971 
0.00000000099999999995 0.00000000099999999995 0.00000000099999999995 0.00000000099999999995 0.00000000099999999995 0.00000000099999999995 0.00000000099999999995 0.00000000099999999995 0.99999999099999992147 0.00000000099999999995 
0.00000000099999999995 0.00000000099999999995 0.00000000099999999995 0.00000000099999999995 0.00000000099999999995 0.00000000099999999995 0.01712986003486470857 0.00000000099999999995 0.98287013196513517421 0.00000000099999999995 
0.00000000099999999992 0.00000000099999999992 0.00000000099999999992 0.00000000099999999992 0.00000000099999999992 0.99999999100000014352 0.00000000099999999992 0.00000000099999999992 0.00000000099999999992 0.00000000099999999992 
0.99999999100000025454 0.00000000099999999939 0.00000000099999999939 0.00000000099999999939 0.00000000099999999939 0.00000000099999999939 0.00000000099999999939 0.00000000099999999939 0.00000000099999999939 0.00000000099999999939 
0.00000000099999999998 0.00000000099999999998 0.32636095127186459663 0.10972563429061052420 0.26703648203334712230 0.29603935880763049271 0.00000000099999999998 0.00083756859654731720 0.00000000099999999998 0.00000000099999999998 
0.00000000099999999997 0.00000000099999999997 0.00000060150882782947 0.25460633396859511102 0.00000000099999999997 0.39661239283000027100 0.34878066569257681895 0.00000000099999999997 0.00000000099999999997 0.00000000099999999997 
0.00000000099999999999 0.00000000099999999999 0.30405899258503171767 0.16545788724323953756 0.13441799318823324794 0.18385542232538032437 0.20852947992302553470 0.00368022073508950977 0.00000000099999999999 0.00000000099999999999 
0.00000000099999999999 0.00000000099999999999 0.27578575540830985169 0.17233910625561357777 0.00000000099999999999 0.31605592479691663188 0.22532115477804595671 0.00000000099999999999 0.01049805376111388223 0.00000000099999999999 
0.00000000099999999998 0.00000000099999999998 0.40030547418665124448 0.11294382418051322758 0.00003238564751298795 0.21822306407218944324 0.26849524691313303437 0.00000000099999999998 0.00000000099999999998 0.00000000099999999998 
0.00000000099999999997 0.00000000099999999997 0.13866194300758422076 0.00000000099999999997 0.39157385942409750346 0.11169750420648727474 0.33010791270674755271 0.00000000099999999997 0.02795877565508348914 0.00000000099999999997 
0.00000000099999999997 0.00000000099999999997 0.53660094595297003206 0.00000000099999999997 0.13281361694704013621 0.19517967479469988668 0.13540575630528989270 0.00000000099999999997 0.00000000099999999997 0.00000000099999999997 
0.00000000099999999997 0.00000000099999999997 0.35819505599427126086 0.26666498302354096905 0.36842141282058837870 0.00520140145676844905 0.00000000099999999997 0.00000000099999999997 0.00000000099999999997 0.00151714170483115639 
0.00000000099999999994 0.00000000099999999994 0.99999999100000014352 0.00000000099999999994 0.00000000099999999994 0.00000000099999999994 0.00000000099999999994 0.00000000099999999994 0.00000000099999999994 0.00000000099999999994 
0.00000000099999999998 0.00000000099999999998 0.18113905088096782237 0.22565748806248045466 0.25220819287875451131 0.19708545989145356825 0.13879969069675071602 0.00511011358959295378 0.00000000099999999998 0.00000000099999999998 
0.00000000099999999993 0.00000000099999999993 0.24779989735966925779 0.00000000099999999993 0.38843347361377389415 0.36376662202655701828 0.00000000099999999993 0.00000000099999999993 0.00000000099999999993 0.00000000099999999993 
0.00000000099999999998 0.00000000099999999998 0.55942814864608747527 0.00000000099999999998 0.00000000099999999998 0.00000000099999999998 0.42647722044256780594 0.00000000099999999998 0.00000062614913792138 0.01409399876220668833 
0.00000000099999999989 0.00000000099999999989 0.00000000099999999989 0.00000000099999999989 0.00000000099999999989 0.99999999100000014352 0.00000000099999999989 0.00000000099999999989 0.00000000099999999989 0.00000000099999999989 
0.00000000099999999992 0.00000000099999999992 0.00000000099999999992 0.48288161943434065870 0.00000000099999999992 0.00000000099999999992 0.51711837256565917897 0.00000000099999999992 0.00000000099999999992 0.00000000099999999992 
0.00000000099999999996 0.00000000099999999996 0.29571704916950869446 0.00000000099999999996 0.00000000099999999996 0.42807054050644088861 0.27621240332405022633 0.00000000099999999996 0.00000000099999999996 0.00000000099999999996 
0.00000000099999999995 0.00000000099999999995 0.50313453522630335879 0.00000000099999999995 0.21965710667184401572 0.00000000099999999995 0.25377759821405471152 0.00000000099999999995 0.02343075388779783733 0.00000000099999999995 
0.00000000099999999991 0.00000000099999999991 0.00000000099999999991 0.00000000099999999991 0.99999999100000003249 0.00000000099999999991 0.00000000099999999991 0.00000000099999999991 0.00000000099999999991 0.00000000099999999991 
0.00000000099999999998 0.00000000099999999998 0.33914383396247360647 0.00000000099999999998 0.19657416398790886203 0.29884456120032931725 0.13311170482331236009 0.00000000099999999998 0.03232573102597587761 0.00000000099999999998 
0.00000000099999999997 0.00000000099999999997 0.27181156298667741300 0.24142649167113697239 0.00000001394604850190 0.29262167643970105058 0.19414024995643619498 0.00000000099999999997 0.00000000099999999997 0.00000000099999999997 
0.00000000099999999993 0.00000000099999999993 0.00000000099999999993 0.38617258346197697039 0.61382740853802320036 0.00000000099999999993 0.00000000099999999993 0.00000000099999999993 0.00000000099999999993 0.00000000099999999993 
0.00000000099999999999 0.07256128113974615046 0.46087250116222616692 0.00000000099999999999 0.00000000099999999999 0.00000000099999999999 0.46654732257565412201 0.00000000099999999999 0.00001888912237359657 0.00000000099999999999 
0.00000000099999999996 0.00000000099999999996 0.32346492304707691323 0.10588989153108525898 0.18012890824230581854 0.17622863186765402865 0.21428764031187791383 0.00000000099999999996 0.00000000099999999996 0.00000000099999999996 
0.00000000099999999993 0.00000000099999999993 0.00000000099999999993 0.32041690696569513630 0.30123141793547270062 0.00000000099999999993 0.37835166809883213901 0.00000000099999999993 0.00000000099999999993 0.00000000099999999993 
0.00000000099999999994 0.00000000099999999994 0.00000000099999999994 0.00000000101233857144 0.48767633459693954245 0.00000000099999999994 0.51232365739072194266 0.00000000099999999994 0.00000000099999999994 0.00000000099999999994 
0.00000000099999999997 0.00000000099999999997 0.29623107109213625554 0.00000000099999999997 0.38753832384225217478 0.00000000099999999997 0.30953916142080889484 0.00000000099999999997 0.00000000099999999997 0.00669143764480260948 
0.00000000099999999994 0.00000000099999999994 0.00000000099999999994 0.00000000099999999994 0.00000000099999999994 0.48645212861648040592 0.51354786338351965380 0.00000000099999999994 0.00000000099999999994 0.00000000099999999994 
0.00000000099999999999 0.00000000099999999999 0.18482741898716326112 0.00000000099999999999 0.18835954898760334797 0.25529900106001329751 0.36795446288883676411 0.00000000099999999999 0.00000000099999999999 0.00355956307638347633 
0.00000000099999999997 0.00000000099999999997 0.27483537202228469631 0.21201873034227969317 0.12712974483213423937 0.15773856380566686486 0.22070826241927268829 0.00523868589855016296 0.00233063767981177717 0.00000000099999999997 
0.00000000099999999988 0.00000000099999999988 0.99999999100000003249 0.00000000099999999988 0.00000000099999999988 0.00000000099999999988 0.00000000099999999988 0.00000000099999999988 0.00000000099999999988 0.00000000099999999988 
0.00000000099999999979 0.00000000099999999979 0.00000000099999999979 0.99999999100000003249 0.00000000099999999979 0.00000000099999999979 0.00000000099999999979 0.00000000099999999979 0.00000000099999999979 0.00000000099999999979 
0.00000000099999999990 0.00000000099999999990 0.00000000099999999990 0.00000000099999999990 0.00000000099999999990 0.00000000099999999990 0.00000000099999999990 0.00000000099999999990 0.99999999099999992147 0.00000000099999999990 
0.00000000099999999995 0.00000000099999999995 0.00000000099999999995 0.00000000099999999995 0.00000000099999999995 0.01741661733464485926 0.00000000099999999995 0.00000000099999999995 0.98258337466535505822 0.00000000099999999995 
0.99999999100000014352 0.00000000099999999952 0.00000000099999999952 0.00000000099999999952 0.00000000099999999952 0.00000000099999999952 0.00000000099999999952 0.00000000099999999952 0.00000000099999999952 0.00000000099999999952 
0.00000000099999999951 0.00000000099999999951 0.00000000099999999951 0.00000000099999999951 0.00000000099999999951 0.00000000099999999951 0.00000000099999999951 0.99999999099999992147 0.00000000099999999951 0.00000000099999999951 
0.00000000099999999998 0.00000000099999999998 0.07139742332434327599 0.00000000099999999998 0.00000000099999999998 0.00000000099999999998 0.00000000099999999998 0.03640882161389998040 0.89219374806175666404 0.00000000099999999998 
0.00000000099999999987 0.00000000099999999987 0.00000000099999999987 0.00000000099999999987 0.99999999100000003249 0.00000000099999999987 0.00000000099999999987 0.00000000099999999987 0.00000000099999999987 0.00000000099999999987 
0.00000000099999999996 0.00000000099999999996 0.26630477462684881695 0.39347601103950796686 0.00000000099999999996 0.34021920733364341416 0.00000000099999999996 0.00000000099999999996 0.00000000099999999996 0.00000000099999999996 
0.00000000099999999996 0.00000000099999999996 0.00000000099999999996 0.00000000099999999996 0.01671118567738383298 0.00000000099999999996 0.00000000099999999996 0.00975856569122642882 0.97353024163138968117 0.00000000099999999996 
0.00000000099999999996 0.00000000099999999996 0.43767364540976805287 0.00000000099999999996 0.00000000099999999996 0.35326458984372000049 0.19840007712951274188 0.00000000099999999996 0.01066168161699917322 0.00000000099999999996 
0.00000000099999999996 0.00000000099999999996 0.44411457248752478355 0.10164352154352652990 0.13033717478101433662 0.13425066929152121298 0.18212695575662563030 0.00000000099999999996 0.00000000099999999996 0.00752710213978748967 
0.00000000099999999998 0.00000000099999999998 0.21494444590647013293 0.21196601216812099855 0.29506906583632036556 0.20232166983602981047 0.07569880125305859797 0.00000000099999999998 0.00000000099999999998 0.00000000099999999998 
0.42772701039819777113 0.57227298160180239961 0.00000000099999999956 0.00000000099999999956 0.00000000099999999956 0.00000000099999999956 0.00000000099999999956 0.00000000099999999956 0.00000000099999999956 0.00000000099999999956 
0.99999999100000025454 0.00000000099999999946 0.00000000099999999946 0.00000000099999999946 0.00000000099999999946 0.00000000099999999946 0.00000000099999999946 0.00000000099999999946 0.00000000099999999946 0.00000000099999999946 
0.99999999100000025454 0.00000000099999999939 0.00000000099999999939 0.00000000099999999939 0.00000000099999999939 0.00000000099999999939 0.00000000099999999939 0.00000000099999999939 0.00000000099999999939 0.00000000099999999939 
0.37310923704093157394 0.62689075495906865232 0.00000000099999999952 0.00000000099999999952 0.00000000099999999952 0.00000000099999999952 0.00000000099999999952 0.00000000099999999952 0.00000000099999999952 0.00000000099999999952 
0.00000000099999999945 0.99999999100000025454 0.00000000099999999945 0.00000000099999999945 0.00000000099999999945 0.00000000099999999945 0.00000000099999999945 0.00000000099999999945 0.00000000099999999945 0.00000000099999999945 
0.00000000099999999996 0.00000000099999999996 0.00000000099999999996 0.00000000099999999996 0.00000000099999999996 0.00000000099999999996 0.00000000099999999996 0.00000000099999999996 0.99999999099999992147 0.00000000099999999996 
0.00000000099999999996 0.00000000099999999996 0.44693654972307511608 0.00000000099999999996 0.00000000099999999996 0.00000000099999999996 0.55305182615508818866 0.00001161712183658956 0.00000000099999999996 0.00000000099999999996 
0.35243632087107584772 0.64756367112892443405 0.00000000099999999953 0.00000000099999999953 0.00000000099999999953 0.00000000099999999953 0.00000000099999999953 0.00000000099999999953 0.00000000099999999953 0.00000000099999999953 
0.58701985717100990669 0.41298013482899020854 0.00000000099999999959 0.00000000099999999959 0.00000000099999999959 0.00000000099999999959 0.00000000099999999959 0.00000000099999999959 0.00000000099999999959 0.00000000099999999959 
0.00000000099999999950 0.00000000099999999950 0.00000000099999999950 0.00000000099999999950 0.00000000099999999950 0.00000000099999999950 0.00000000099999999950 0.99999999100000003249 0.00000000099999999950 0.00000000099999999950 
0.00000000099999999943 0.00000000099999999943 0.00000000099999999943 0.00000000099999999943 0.00000000099999999943 0.00000000099999999943 0.00000000099999999943 0.00000000099999999943 0.00000000099999999943 0.99999999099999992147 
0.00000000099999999987 0.00000000099999999987 0.00000000099999999987 0.00000000099999999987 0.00000000099999999987 0.99999999100000003249 0.00000000099999999987 0.00000000099999999987 0.00000000099999999987 0.00000000099999999987 
0.00000000099999999949 0.99999999100000025454 0.00000000099999999949 0.00000000099999999949 0.00000000099999999949 0.00000000099999999949 0.00000000099999999949 0.00000000099999999949 0.00000000099999999949 0.00000000099999999949 
0.00000000099999999995 0.00000000099999999995 0.60100654123366481496 0.00000000099999999995 0.00000000099999999995 0.39899345076633524476 0.00000000099999999995 0.00000000099999999995 0.00000000099999999995 0.00000000099999999995 
0.00000000099999999996 0.00000000099999999996 0.28942539374613512893 0.12318268398211343340 0.27307079773532227929 0.31432111853642935584 0.00000000099999999996 0.00000000099999999996 0.00000000099999999996 0.00000000099999999996 
0.00000000099999999994 0.00000000099999999994 0.00000000099999999994 0.00000000099999999994 0.00000000099999999994 0.00000000099999999994 0.05985210485172203637 0.00000000099999999994 0.94014788714827801641 0.00000000099999999994 
0.00000000099999999996 0.00000000099999999996 0.17461777872001954526 0.14885877307407774373 0.18621361543828493512 0.23367601318221536966 0.25663381458540246438 0.00000000099999999996 0.00000000099999999996 0.00000000099999999996 
0.00000000099999999987 0.00000000099999999987 0.00000000099999999987 0.00000000099999999987 0.00000000099999999987 0.00000000099999999987 0.00000000099999999987 0.00000000099999999987 0.99999999099999992147 0.00000000099999999987 
0.00000000099999999997 0.00000000099999999997 0.31333922306527528523 0.00000000099999999997 0.19296333651905508977 0.26074052906941375118 0.20915346275757012995 0.00226280359713998576 0.02154064099154563705 0.00000000099999999997 
0.00000000099999999989 0.00000000099999999989 0.00000000099999999989 0.00000000099999999989 0.00000000099999999989 0.00000000099999999989 0.00000000099999999989 0.00000000099999999989 0.99999999100000003249 0.00000000099999999989 
0.00000000099999999993 0.00000000099999999993 0.99999999100000014352 0.00000000099999999993 0.00000000099999999993 0.00000000099999999993 0.00000000099999999993 0.00000000099999999993 0.00000000099999999993 0.00000000099999999993 
0.00000000099999999998 0.00000000099999999998 0.23291151098800436103 0.16907324018289224266 0.28022242832540056323 0.26122123069345176694 0.04648771980831569589 0.00000000099999999998 0.00000000099999999998 0.01008386600193537409 
0.58051064939123298014 0.41948934260876730162 0.00000000099999999960 0.00000000099999999960 0.00000000099999999960 0.00000000099999999960 0.00000000099999999960 0.00000000099999999960 0.00000000099999999960 0.00000000099999999960 
0.00000000099999999991 0.00000000099999999991 0.00000000099999999991 0.00000000099999999991 0.00000000099999999991 0.00000000099999999991 0.00000000099999999991 0.00000000099999999991 0.99999999100000003249 0.00000000099999999991 
0.00000000099999999946 0.99999999100000014352 0.00000000099999999946 0.00000000099999999946 0.00000000099999999946 0.00000000099999999946 0.00000000099999999946 0.00000000099999999946 0.00000000099999999946 0.00000000099999999946 
0.00000000099999999942 0.99999999100000025454 0.00000000099999999942 0.00000000099999999942 0.00000000099999999942 0.00000000099999999942 0.00000000099999999942 0.00000000099999999942 0.00000000099999999942 0.00000000099999999942 
0.00000000099999999989 0.00000000099999999989 0.99999999100000003249 0.00000000099999999989 0.00000000099999999989 0.00000000099999999989 0.00000000099999999989 0.00000000099999999989 0.00000000099999999989 0.00000000099999999989 
0.00000000099999999996 0.00000000099999999996 0.16966524015434003569 0.19500289476620885631 0.38783158760153108036 0.00000000099999999996 0.23731750768564277565 0.00000000099999999996 0.01018276479227733615 0.00000000099999999996 
0.00000000099999999986 0.00000000099999999986 0.99999999100000014352 0.00000000099999999986 0.00000000099999999986 0.00000000099999999986 0.00000000099999999986 0.00000000099999999986 0.00000000099999999986 0.00000000099999999986 
0.00000000099999999994 0.00000000099999999994 0.00000000099999999994 0.00000000099999999994 0.00000000099999999994 0.65818394228627941089 0.34181604971372070434 0.00000000099999999994 0.00000000099999999994 0.00000000099999999994 
0.00000000099999999997 0.00000000099999999997 0.17940881420000531765 0.32440757396676395130 0.19983578001227225718 0.06914290625043043037 0.22356601701988207398 0.00363890455064588836 0.00000000099999999997 0.00000000099999999997 
0.00000000099999999994 0.00000000099999999994 0.00000000099999999994 0.37609433037208606088 0.62387961620516041439 0.00000000099999999994 0.00002604642275347359 0.00000000099999999994 0.00000000099999999994 0.00000000099999999994 
0.00000000099999999988 0.00000000099999999988 0.00000000099999999988 0.00000000099999999988 0.00000000099999999988 0.99999999100000014352 0.00000000099999999988 0.00000000099999999988 0.00000000099999999988 0.00000000099999999988 
