0.96550594055029470564 0.00033558180461332285 0.02606660419979621793 0.00809187344529572854 
0.00000000099999999996 0.00000000099999999996 0.00000000099999999996 0.99999999700000008485 
0.00000000099999999996 0.00000000099999999996 0.00000000099999999996 0.99999999699999997382 
0.95153798181831927838 0.00000000099999999999 0.00551384170946202581 0.04294817547221880388 
0.98628501417160352460 0.00000000100000000000 0.01320859392482812145 0.00050639090356846778 
0.96295235037054738303 0.00000000099999999999 0.00636887467713291230 0.03067877395231975723 
0.00000000099999999997 0.00000000099999999997 0.00000000099999999997 0.99999999699999997382 
0.00000000099999999995 0.00000000099999999995 0.00000000099999999995 0.99999999699999997382 
0.97120829720403567542 0.00000000099999999999 0.01971500026114798507 0.00907670153481625851 
0.00000000099999999997 0.00000000099999999997 0.00000000099999999997 0.99999999700000008485 
0.96835420386043902230 0.00000000100000000000 0.01377342315835894913 0.01787237198120196144 
0.96573998186913623254 0.00000000099999999999 0.01151303752151366065 0.02274697960935022703 
0.98586970300317988691 0.00000000100000000000 0.00884324678176508228 0.00528704921505500965 
0.96960842298837213171 0.00000000100000000000 0.01965628592185122633 0.01073529008977667891 
0.97090056119746459551 0.00608381345063618330 0.02162547817539616640 0.00139014717650308016 
0.90557083185708264761 0.00000000099999999999 0.03330765763997390466 0.06112150950294356622 
0.99215360143746555988 0.00000000100000000000 0.00019883559530351920 0.00764756196723093661 
0.98807544510780132008 0.00538043992257742753 0.00654411396962131190 0.00000000100000000000 
0.97693067822542756229 0.00816493328774866613 0.01147735375348486915 0.00342703473333883608 
0.99110969069117649255 0.00000000099999999998 0.00793516941870895526 0.00095513889011471773 
0.99586864083673609649 0.00000000100000000000 0.00001065746454302102 0.00412070069872071815 
0.00000000099999999998 0.00000000099999999998 0.00000000099999999998 0.99999999700000008485 
0.96958606028384364262 0.00000000099999999999 0.00000000099999999999 0.03041393771615638272 
0.95794431543463764989 0.00000000099999999999 0.00408296522603099604 0.03797271833933126700 
0.96652642387912179878 0.00000000099999999999 0.00000016721845904198 0.03347340790241924019 
0.99310197429707225414 0.00000000099999999999 0.00689802370292779896 0.00000000099999999999 
0.00000000099999999988 0.00000000099999999988 0.99999999699999997382 0.00000000099999999988 
0.00000000099999999986 0.00000000099999999986 0.99999999699999986280 0.00000000099999999986 
0.98279808797205681081 0.00000000100000000000 0.01169913945687624593 0.00550277157106701057 
0.98499852835779766469 0.00000000099999999999 0.01500146964220226871 0.00000000099999999999 
0.97025137225507462890 0.00000000099999999999 0.00000000099999999999 0.02974862574492556991 
0.00000000099999999998 0.00000000099999999998 0.00000000099999999998 0.99999999699999997382 
0.39851534274542260716 0.00000000099999999997 0.36099712311398368669 0.24048753314059373443 
0.99842245310535859826 0.00000000099999999999 0.00106369635194009603 0.00051384954270139145 
0.00000000099999999986 0.99999999700000008485 0.00000000099999999986 0.00000000099999999986 
0.00000000099999999982 0.99999999700000008485 0.00000000099999999982 0.00000000099999999982 
0.00000000099999999982 0.99999999700000008485 0.00000000099999999982 0.00000000099999999982 
0.00000000099999999988 0.00000000099999999988 0.99999999699999986280 0.00000000099999999988 
0.00000000099999999987 0.00000000099999999987 0.99999999699999997382 0.00000000099999999987 
0.99410986536956502668 0.00000000099999999999 0.00360067233634553136 0.00228946129408949539 
0.00000000099999999998 0.00000000099999999998 0.00000000099999999998 0.99999999700000008485 
0.00000000099999999987 0.00000000099999999987 0.99999999699999986280 0.00000000099999999987 
0.95990548368869177409 0.00000000099999999999 0.01216995565430503169 0.02792455965700332832 
0.00000000099999999996 0.00000000099999999996 0.00000000099999999996 0.99999999700000008485 
0.00000000099999999989 0.00000000099999999989 0.99999999699999986280 0.00000000099999999989 
0.97034189505767853845 0.00000000099999999999 0.00997446876866642240 0.01968363517365512641 
0.00000000099999999987 0.00000000099999999987 0.99999999699999986280 0.00000000099999999987 
0.00000000099999999997 0.00000000099999999997 0.00000000099999999997 0.99999999699999997382 
0.00000000099999999995 0.00000000099999999995 0.00000000099999999995 0.99999999700000008485 
0.00000000099999999986 0.00000000099999999986 0.99999999699999997382 0.00000000099999999986 
0.00000000099999999987 0.00000000099999999987 0.99999999699999997382 0.00000000099999999987 
0.00000000099999999997 0.00000000099999999997 0.00000000099999999997 0.99999999700000008485 
0.00000000099999999996 0.00000000099999999996 0.00000000099999999996 0.99999999700000008485 
0.00000000099999999997 0.00000000099999999997 0.00000000099999999997 0.99999999699999997382 
0.00000000099999999989 0.00000000099999999989 0.99999999699999997382 0.00000000099999999989 
0.93163323478164528080 0.00000000178787293844 0.01958842456834550619 0.04877833886213622794 
0.96744518354065911492 0.00000000100000000000 0.03019048051586053008 0.00236433494348042839 
0.97016305353410181578 0.00000000099999999999 0.00000000099999999999 0.02983694446589826507 
0.97787856620670776664 0.00000000099999999999 0.00447225357076189850 0.01764917922253042212 
0.00000000099999999996 0.00000000099999999996 0.00000000099999999996 0.99999999699999997382 
0.98786915354148774338 0.00160791420280121246 0.00979036247903784795 0.00073256977667310731 
0.00000000099999999985 0.99999999700000008485 0.00000000099999999985 0.00000000099999999985 
0.98049425098714981797 0.00000000099999999998 0.00933378630860923729 0.01017196170424100252 
0.00000000099999999985 0.99999999700000008485 0.00000000099999999985 0.00000000099999999985 
0.95209722733141977091 0.00000000100000000000 0.00115660115806106223 0.04674617051051931094 
0.00000000099999999986 0.99999999700000008485 0.00000000099999999986 0.00000000099999999986 
0.98154054033185988981 0.00000000099999999999 0.00570013385613840455 0.01275932481200156912 
0.97379468311594674645 0.00000007317131601958 0.01070779668351355164 0.01549744702922371299 
0.00000000099999999995 0.00000000099999999995 0.00000000099999999995 0.99999999699999997382 
0.99999549706891577294 0.00000000099999999998 0.00000000099999999998 0.00000450093108437337 
0.00000000099999999985 0.99999999700000008485 0.00000000099999999985 0.00000000099999999985 
0.00000000099999999987 0.99999999700000008485 0.00000000099999999987 0.00000000099999999987 
0.89778946791304758968 0.00000000099999999999 0.01485422361141393137 0.08735630747553847775 
0.00000000099999999995 0.00000000099999999995 0.00000000099999999995 0.99999999700000008485 
0.00000000099999999989 0.00000000099999999989 0.99999999699999986280 0.00000000099999999989 
0.00000000099999999996 0.00000000099999999996 0.00000000099999999996 0.99999999700000008485 
0.95666005314289204176 0.00118744191692171674 0.00000000100000000000 0.04215250394018613816 
0.00000000099999999984 0.99999999699999997382 0.00000000099999999984 0.00000000099999999984 
0.00000000099999999985 0.00000000099999999985 0.99999999699999997382 0.00000000099999999985 
0.00000000099999999987 0.99999999700000008485 0.00000000099999999987 0.00000000099999999987 
0.97258588467083850748 0.00320330214501758290 0.02163934675304054339 0.00257146643110326388 
0.00000000099999999995 0.00000000099999999995 0.00000000099999999995 0.99999999700000008485 
0.00000000099999999996 0.00000000099999999996 0.00000000099999999996 0.99999999699999997382 
0.75923860997425529629 0.00000000099999999999 0.00460803151904824997 0.23615335750669658177 
0.96874886208115340569 0.00000000100000000000 0.02490065622556033795 0.00635048069328632454 
0.98513782862357712755 0.00000000099999999999 0.00000039865512877189 0.01486177172129415740 
0.97098750447830417531 0.00000000099999999999 0.00000000099999999999 0.02901249352169596452 
0.99672697820964972770 0.00000000100000000000 0.00258493615636054986 0.00068808463398974790 
0.99999999700000008485 0.00000000099999999998 0.00000000099999999998 0.00000000099999999998 
0.98412031265696409132 0.00000000099999999999 0.00076357642333987950 0.01511610991969598861 
0.97595079209254409491 0.00000000099999999999 0.01062430461409263546 0.01342490229336345403 
0.95794914167088196510 0.00000000184540352071 0.00000002354216727331 0.04205083294154723234 
0.00000000099999999996 0.00000000099999999996 0.00000000099999999996 0.99999999700000008485 
0.00001957792958721725 0.00000000099999999998 0.00000000099999999998 0.99998042007041287871 
0.00000000099999999991 0.99999999699999997382 0.00000000099999999991 0.00000000099999999991 
0.00000000099999999998 0.00000000099999999998 0.00000000099999999998 0.99999999700000008485 
0.00000000099999999998 0.00000000099999999998 0.00000000099999999998 0.99999999699999997382 
0.96191348888580341381 0.00000000099999999999 0.01047996039804398490 0.02760654971615270070 
0.00000000099999999982 0.99999999699999997382 0.00000000099999999982 0.00000000099999999982 
0.99172431798098004130 0.00000000100000000000 0.00827567481879090856 0.00000000620022911702 
0.97013534461100903172 0.00000000099999999999 0.00844164284234466024 0.02142301154664638316 
0.98308134043804373814 0.00201102241629479627 0.01002471560862915924 0.00488292153703223826 
0.96380358680503452895 0.00000000100000000000 0.00701439276159569487 0.02918201943336972901 
0.99199509308095323856 0.00049262934185781155 0.00042035122831666252 0.00709192634887236429 
0.95726551007722726627 0.00000008863712844263 0.00009201608750904499 0.04264238519813524919 
0.98889026518769518326 0.00000000100000000000 0.00903312372704933621 0.00207661008525551923 
0.97203696580553389239 0.00000000100000000000 0.01123805493909508894 0.01672497825537103133 
0.94708155419005557452 0.00443150459439279470 0.03205349907966647399 0.01643344213588519842 
0.97703200975289405950 0.00000000099999999999 0.01504010208633014579 0.00792788716077579003 
0.99916626046800538496 0.00000000099999999999 0.00000000099999999999 0.00083373753199474728 
0.94303640983087344551 0.00096867713920338919 0.02870467685122780194 0.02729023617869550181 
0.98590855912781327763 0.00000000099999999999 0.01409143887218677720 0.00000000099999999999 
0.98434522269478130774 0.00000000100000000000 0.00060772473523750285 0.01504705156998125890 
0.99663879572135272156 0.00000000099999999999 0.00146868354238749574 0.00189251973625998208 
0.96224081720965637388 0.00000000099999999999 0.00000000099999999999 0.03775918079034374514 
0.97010261733943070617 0.00000000100000000000 0.01094244636352738852 0.01895493529704187982 
0.95532915637826332222 0.00000000099999999999 0.00000000099999999999 0.04467084162173672046 
0.99039906644497244237 0.00000000100000000000 0.00189746005124490362 0.00770347250378257409 
0.96808734963255771433 0.00000000099999999999 0.00239657043860722280 0.02951607892883519046 
0.89679353394177441228 0.06810712977023621051 0.00704273813569889634 0.02805659815229059190 
0.99249437971248299917 0.00000000099999999999 0.00000000099999999999 0.00750561828751706000 
0.97806182968772514830 0.00000000099999999998 0.00000000099999999998 0.02193816831227498113 
0.96915202635443409296 0.00000000099999999998 0.00000026663190401009 0.03084770601366203582 
0.97827705576948043031 0.00000000099999999999 0.01927503499067955220 0.00244790823984003536 
0.98169627415397520132 0.00000000099999999998 0.00000000099999999998 0.01830372384602486913 
0.98010688144248414577 0.00362297992102331243 0.00850578985840394486 0.00776434877808864898 
0.97543062396491408972 0.00000000099999999999 0.00885948305353673540 0.01570989198154912683 
0.99702658797601639851 0.00000000099999999999 0.00297340561099804007 0.00000000541298554884 
0.96243514697146437253 0.00000000099999999998 0.00000000099999999998 0.03756485102853576036 
0.00000000099999999996 0.00000000099999999996 0.00000000099999999996 0.99999999699999997382 
0.00000000579954331671 0.00000000099999999998 0.00000000099999999998 0.99999999220045676651 
0.00000000099999999988 0.99999999699999997382 0.00000000099999999988 0.00000000099999999988 
0.00000000099999999985 0.00000000099999999985 0.99999999699999997382 0.00000000099999999985 
0.04629025064995541394 0.00000000100000000000 0.03979638415616177510 0.91391336419388291556 
0.98271444320381040605 0.00000000099999999998 0.00000000099999999998 0.01728555479618965399 
0.96319079788815809007 0.00000000423649511479 0.00458515451899813974 0.03222404335634865974 
0.00000000099999999999 0.00000000099999999999 0.00395607326646597521 0.99604392473353398074 
0.97702972623497263971 0.00000000099999999999 0.00000000099999999999 0.02297027176502753829 
0.98139586263060107907 0.00000000099999999998 0.01522312710335522665 0.00338100926604372864 
0.99387274850821927252 0.00000000099999999999 0.00612724949178056286 0.00000000099999999999 
0.00000000099999999984 0.99999999699999997382 0.00000000099999999984 0.00000000099999999984 
0.00000000099999999985 0.99999999699999997382 0.00000000099999999985 0.00000000099999999985 
0.00000000099999999982 0.99999999699999997382 0.00000000099999999982 0.00000000099999999982 
0.00000000099999999983 0.99999999699999997382 0.00000000099999999983 0.00000000099999999983 
0.00000000099999999983 0.99999999700000008485 0.00000000099999999983 0.00000000099999999983 
0.00000000099999999998 0.00000000099999999998 0.00000000099999999998 0.99999999700000008485 
0.97945465750789628689 0.00000000100000000000 0.01464359037408949869 0.00590175111801428780 
0.00000000099999999983 0.99999999699999997382 0.00000000099999999983 0.00000000099999999983 
0.00000000099999999985 0.99999999700000008485 0.00000000099999999985 0.00000000099999999985 
0.00000000099999999985 0.00000000099999999985 0.99999999699999997382 0.00000000099999999985 
0.00000000099999999985 0.00000000099999999985 0.99999999699999986280 0.00000000099999999985 
0.99997015005032197088 0.00000000099999999999 0.00000000099999999999 0.00002984794967808784 
0.00000000099999999984 0.99999999699999997382 0.00000000099999999984 0.00000000099999999984 
0.97937853207294445212 0.00006215855807672459 0.00000000201355969035 0.02055930735541922766 
0.99760683081292633734 0.00000000099999999999 0.00239316651457224024 0.00000000167250149960 
0.03846465956986259288 0.00000000099999999998 0.00000000099999999998 0.96153533843013738736 
0.98450375804026868387 0.00000000099999999999 0.00004057323221330686 0.01545566772751806421 
0.00000000099999999995 0.00000000099999999995 0.00000000099999999995 0.99999999699999997382 
0.96482809051942841627 0.00000000099999999999 0.00887293358103518649 0.02629897489953640644 
0.00000000099999999995 0.00000000099999999995 0.00000000099999999995 0.99999999700000008485 
0.96288599560300924818 0.00000000100000000000 0.02049091778575549277 0.01662308561123537060 
0.98369605692290618126 0.00000000100000000000 0.01616421161010364940 0.00013973046699021103 
0.00000000099999999986 0.99999999699999997382 0.00000000099999999986 0.00000000099999999986 
0.00000000099999999996 0.00000000099999999996 0.00000000099999999996 0.99999999700000008485 
0.00000000099999999983 0.99999999700000008485 0.00000000099999999983 0.00000000099999999983 
0.00000000099999999983 0.99999999700000008485 0.00000000099999999983 0.00000000099999999983 
0.98556198827525298700 0.00000000100000000000 0.00125020441630612172 0.01318780630844096705 
0.96720655876232131121 0.00000000099999999999 0.00053747746989513037 0.03225596276778353727 
0.98828422496943879594 0.00000000099999999998 0.00000000099999999998 0.01171577303056136644 
0.98854534220625611685 0.00000000099999999999 0.00620118859610294983 0.00525346819764107437 
0.97352169317104819690 0.00000000099999999999 0.01580528202003507465 0.01067302380891682612 
0.96696467222380910744 0.00000000099999999999 0.01061857938278441132 0.02241674739340639502 
0.99999991426865342259 0.00000000099999999999 0.00000008373134648330 0.00000000099999999999 
0.00185914065995709680 0.00000000099999999998 0.00000000099999999998 0.99814085734004276418 
0.99986216822059192921 0.00000000099999999999 0.00013039696091666854 0.00000743381849137133 
0.00000000099999999983 0.99999999699999997382 0.00000000099999999983 0.00000000099999999983 
0.99378343373765598567 0.00000000100000000000 0.00334388654533854203 0.00287267871700556780 
0.00000000099999999994 0.99999999699999997382 0.00000000099999999994 0.00000000099999999994 
0.00000000099999999985 0.99999999699999997382 0.00000000099999999985 0.00000000099999999985 
0.97172854517508677752 0.00000000099999999999 0.00001437494856501031 0.02825707887634838766 
0.98733660168831438586 0.00000000099999999999 0.01266339631168573315 0.00000000099999999999 
0.97550475400638192447 0.00000351041409343228 0.00000000100000000000 0.02449173457952468977 
0.00000000099999999987 0.99999999700000008485 0.00000000099999999987 0.00000000099999999987 
0.00000000099999999996 0.00000000099999999996 0.00000000099999999996 0.99999999699999997382 
0.00000000099999999996 0.00000000099999999996 0.00000000099999999996 0.99999999700000008485 
0.00000000099999999985 0.99999999699999997382 0.00000000099999999985 0.00000000099999999985 
0.97868101115230343723 0.00000000100000000000 0.01012103220470797309 0.01119795564298853123 
0.93985380146810593160 0.00000000100000000000 0.01605394927681532899 0.04409224825507874340 
0.00000000099999999986 0.99999999700000008485 0.00000000099999999986 0.00000000099999999986 
0.97964567396773283292 0.00000000099999999999 0.01082465695854992541 0.00952966807371732547 
0.00000000099999999995 0.00000000099999999995 0.00000000099999999995 0.99999999700000008485 
0.54451182780881590695 0.10674885617186100073 0.11193363751070360690 0.23680567850861952706 
0.96325025180372991773 0.00460225786974835169 0.00000000100000000000 0.03214748932652174845 
0.94588767672865847747 0.00000000099999999999 0.01599319209010957588 0.03811913018123182922 
0.97837781121757394498 0.00000000099999999999 0.01840830899649819816 0.00321387878592788688 
0.98500719197369090985 0.00000000099999999999 0.01470497066259048718 0.00028783636371854278 
0.99397548456205941925 0.00000000099999999999 0.00602451343794057834 0.00000000099999999999 
0.98881415920978055212 0.00000000099999999999 0.00000000099999999999 0.01118583879021937781 
0.97295899951323150390 0.00000000099999999999 0.01647642013307914349 0.01056457935368931844 
0.95665025036029682770 0.00832996647325743786 0.00822737413028858285 0.02679240903615710823 
0.00000000099999999997 0.00000000099999999997 0.00000000099999999997 0.99999999700000008485 
0.96669733128482837614 0.00000000099999999999 0.01041100949871875785 0.02289165821645277807 
0.98982024947753421973 0.00000000099999999999 0.01017974785653944121 0.00000000166592639733 
0.94471150169920969919 0.00000000100000000000 0.00555204180885573561 0.04973645549193456139 
0.97852786487844534147 0.00000000099999999999 0.00000000099999999999 0.02147213312155476020 
0.95468442410122589248 0.00242805652771023580 0.00553235673532243271 0.03735516263574135271 
0.99945871302973432471 0.00000000099999999999 0.00053906672624174290 0.00000221924402406905 
0.97875011251331667239 0.00000000100000000000 0.00223106269597233902 0.01901882379071091408 
0.00172797000674421077 0.00000000099999999998 0.00000000099999999998 0.99827202799325576166 
0.95528960858303757497 0.00000000099999999999 0.02086339398723062802 0.02384699642973190509 
0.97617291392434368813 0.00000000099999999999 0.01363881770280014373 0.01018826737285609581 
0.97405912805671301946 0.01110468538603592674 0.00019220044768997026 0.01464398610956113914 
0.00000002646901232020 0.00000000099999999998 0.00000000099999999998 0.99999997153098763025 
0.95105049568106714286 0.01927072419750032461 0.00000006809760896291 0.02967871202382350859 
0.97415656956075191708 0.00000000100000000000 0.01254483724650390548 0.01329859219274411204 
0.50612467081064793639 0.00000000099999999999 0.01191715186455113810 0.48195817632480103532 
0.96957235083060977487 0.00000000099999999998 0.00000000099999999998 0.03042764716939022271 
0.00000000099999999986 0.99999999699999997382 0.00000000099999999986 0.00000000099999999986 
0.95909496073932032356 0.00000000099999999999 0.01977419018975549656 0.02113084807092428449 
0.96247298125092095589 0.00000000100000000000 0.00786092772153433421 0.02966609002754475033 
