0.00000172936004072622 0.00090157340113997727 0.01124700236441201519 0.02533328131208568285 0.96251641356232164881 
0.00000000099999999995 0.00000000099999999995 0.99999999599999989108 0.00000000099999999995 0.00000000099999999995 
0.00000000099999999996 0.00000000099999999996 0.99999999599999989108 0.00000000099999999996 0.00000000099999999996 
0.00000000099999999999 0.00000000099999999999 0.04751260965184511686 0.00832734889260229247 0.94416003945555260213 
0.11343953134038120556 0.00000000099999999999 0.00000000099999999999 0.00000000099999999999 0.88656046565961887929 
0.02067102965501481024 0.00000000099999999999 0.03145381511457201462 0.00616464334231077091 0.94171051088810242558 
0.02532023056581702083 0.00000000099999999997 0.97467976643418297034 0.00000000099999999997 0.00000000099999999997 
0.00000000099999999994 0.00000000099999999994 0.99999999599999989108 0.00000000099999999994 0.00000000099999999994 
0.04611527295681129568 0.00000000099999999999 0.00457042328735528334 0.01839097824564727909 0.93092332451018611206 
0.00000000099999999996 0.00000000099999999996 0.99999999599999989108 0.00000000099999999996 0.00000000099999999996 
0.07194444419732858031 0.00000000099999999999 0.00474698294385965652 0.00940624949400491531 0.91390232236480672956 
0.01991511260937062905 0.00000000099999999999 0.02084008231690930024 0.01173501150028052713 0.94750979257343959095 
0.07070046841881072464 0.00000000100000000000 0.00000000100000000000 0.00313118428838770257 0.92616834529280167576 
0.08122845546127942240 0.00000000099999999999 0.00000000099999999999 0.01413346536607263358 0.90463807717264799191 
0.02332972064948755572 0.00555921618133911350 0.00052480888340654679 0.02177903630463186649 0.94880721798113498711 
0.06699147693146066673 0.00000000099999999999 0.05284354674143389163 0.02944368439628280987 0.85072129093082260454 
0.06191574425468059084 0.00000000099999999999 0.00000000099999999999 0.00000000099999999999 0.93808425274531948013 
0.07810468086071691018 0.00186720176425514786 0.00000000099999999999 0.00004482211511396638 0.91998329425991387520 
0.00900868427471162268 0.00674672339353122371 0.00402391589542387424 0.01347314929423526833 0.96674752714209799542 
0.02167816716430007520 0.00000000099999999998 0.00000524644130608042 0.00661664577635088201 0.97169993961804290716 
0.00000000099999999999 0.00000000099999999999 0.00733259148664811358 0.00039308135064005262 0.99227432516271185658 
0.00000000099999999997 0.00000000099999999997 0.99999999600000000211 0.00000000099999999997 0.00000000099999999997 
0.04179928235127280262 0.00000000099999999999 0.02753201914554812696 0.00000000099999999999 0.93066869650317907148 
0.99999999600000000211 0.00000000099999999974 0.00000000099999999974 0.00000000099999999974 0.00000000099999999974 
0.05916737830964502454 0.00000000099999999998 0.02580174905027937324 0.00000000099999999998 0.91503087064007559981 
0.04554482625248496702 0.00000000099999999999 0.00000000099999999999 0.00539331849564496195 0.94906185325187020219 
0.00000000099999999983 0.00000000099999999983 0.00000000099999999983 0.99999999600000000211 0.00000000099999999983 
0.00000000099999999983 0.00000000099999999983 0.00000000099999999983 0.99999999599999989108 0.00000000099999999983 
0.09084784563981819494 0.00000000099999999999 0.00000000099999999999 0.00239248727296310611 0.90675966508721872472 
0.00079214908139562171 0.00000000099999999999 0.00000000099999999999 0.01627260484362492987 0.98293524407497945283 
0.09403341810495659259 0.00000000099999999998 0.00976761021770476343 0.00000000099999999998 0.89619896967733869708 
0.26375610603870885962 0.00000000099999999991 0.73624389096129116972 0.00000000099999999991 0.00000000099999999991 
0.67046414124396147560 0.00000000099999999987 0.00000000099999999987 0.32953585575603838720 0.00000000099999999987 
0.00000000099999999999 0.00000000099999999999 0.00438254523973429823 0.00080606370070192431 0.99481138905956367768 
0.00000000099999999980 0.99999999600000011313 0.00000000099999999980 0.00000000099999999980 0.00000000099999999980 
0.00000000099999999975 0.99999999600000011313 0.00000000099999999975 0.00000000099999999975 0.00000000099999999975 
0.00000000099999999975 0.99999999600000011313 0.00000000099999999975 0.00000000099999999975 0.00000000099999999975 
0.00000000099999999983 0.00000000099999999983 0.00000000099999999983 0.99999999599999989108 0.00000000099999999983 
0.00000000099999999981 0.00000000099999999981 0.00000000099999999981 0.99999999600000000211 0.00000000099999999981 
0.04905422674753884965 0.00000000099999999999 0.00000000099999999999 0.00148417246202470904 0.94946159879043645624 
0.00000000099999999997 0.00000000099999999997 0.99999999600000000211 0.00000000099999999997 0.00000000099999999997 
0.00000000099999999982 0.00000000099999999982 0.00000000099999999982 0.99999999599999989108 0.00000000099999999982 
0.07853482551595861172 0.00000000099999999999 0.01551517346647283274 0.00851841639397864746 0.89743158362358987912 
0.00000000099999999995 0.00000000099999999995 0.99999999599999989108 0.00000000099999999995 0.00000000099999999995 
0.00000000099999999984 0.00000000099999999984 0.00000000099999999984 0.99999999599999989108 0.00000000099999999984 
0.00000000508668850921 0.00000000099999999999 0.02319401253411072783 0.01250467613682382934 0.96430130524237689382 
0.00000000099999999982 0.00000000099999999982 0.00000000099999999982 0.99999999599999989108 0.00000000099999999982 
0.00000000099999999997 0.00000000099999999997 0.99999999599999989108 0.00000000099999999997 0.00000000099999999997 
0.00000000099999999994 0.00000000099999999994 0.99999999600000000211 0.00000000099999999994 0.00000000099999999994 
0.00000000099999999980 0.00000000099999999980 0.00000000099999999980 0.99999999600000000211 0.00000000099999999980 
0.00000000099999999982 0.00000000099999999982 0.00000000099999999982 0.99999999599999989108 0.00000000099999999982 
0.00000000099999999996 0.00000000099999999996 0.99999999600000000211 0.00000000099999999996 0.00000000099999999996 
0.00000000099999999996 0.00000000099999999996 0.99999999600000000211 0.00000000099999999996 0.00000000099999999996 
0.00000000099999999996 0.00000000099999999996 0.99999999599999989108 0.00000000099999999996 0.00000000099999999996 
0.00000000099999999985 0.00000000099999999985 0.00000000099999999985 0.99999999599999989108 0.00000000099999999985 
0.00000000100000000000 0.00000000100000000000 0.05338384889558361185 0.02008885058855582745 0.92652729851586057563 
0.00000000099999999999 0.00000000099999999999 0.00434365138884280390 0.03171871180515431488 0.96393763480600291871 
0.03438588611621620772 0.00000000099999999999 0.02541405432749062332 0.00000000099999999999 0.94020005755629310062 
0.04813888556379318506 0.00000000099999999999 0.01387444895049591911 0.00324905394379657823 0.93473761054191439879 
0.00000000099999999995 0.00000000099999999995 0.99999999600000000211 0.00000000099999999995 0.00000000099999999995 
0.03641958238836590089 0.00090076130366140486 0.00000000100000000000 0.00890929040628321740 0.95377036490168942695 
0.00000000099999999978 0.99999999600000011313 0.00000000099999999978 0.00000000099999999978 0.00000000099999999978 
0.00042083440393669987 0.00000000099999999998 0.01147804475230740362 0.00918727814580366613 0.97891384169795214731 
0.00000000099999999979 0.99999999600000011313 0.00000000099999999979 0.00000000099999999979 0.00000000099999999979 
0.14059580234813634503 0.00000000099999999998 0.00787610078384550286 0.00000000099999999998 0.85152809486801805949 
0.00000000099999999979 0.99999999600000011313 0.00000000099999999979 0.00000000099999999979 0.00000000099999999979 
0.06273950701318001255 0.00000000099999999999 0.00410909963865235036 0.00369407650054756793 0.92945731584762014688 
0.04802574409215160101 0.00000000100000000000 0.01040576877336316965 0.00941332652614946391 0.93215515960833572606 
0.00000000099999999995 0.00000000099999999995 0.99999999600000000211 0.00000000099999999995 0.00000000099999999995 
0.02037446735859964678 0.00000000099999999998 0.00000000099999999998 0.00000000099999999998 0.97962552964140037215 
0.00000000099999999980 0.99999999600000000211 0.00000000099999999980 0.00000000099999999980 0.00000000099999999980 
0.00000000099999999981 0.99999999600000011313 0.00000000099999999981 0.00000000099999999981 0.00000000099999999981 
0.02984722885083912133 0.00000000099999999999 0.08757879382020196390 0.01410870849718969325 0.86846526783176924980 
0.00000000099999999995 0.00000000099999999995 0.99999999600000000211 0.00000000099999999995 0.00000000099999999995 
0.00000000099999999985 0.00000000099999999985 0.00000000099999999985 0.99999999599999989108 0.00000000099999999985 
0.00000000099999999996 0.00000000099999999996 0.99999999599999989108 0.00000000099999999996 0.00000000099999999996 
0.06903667980575822760 0.00000000099999999999 0.03085666340868527258 0.00000000099999999999 0.90010665478555640373 
0.00000000099999999978 0.99999999600000011313 0.00000000099999999978 0.00000000099999999978 0.00000000099999999978 
0.00000000099999999979 0.00000000099999999979 0.00000000099999999979 0.99999999600000000211 0.00000000099999999979 
0.00000000099999999981 0.99999999600000000211 0.00000000099999999981 0.00000000099999999981 0.00000000099999999981 
0.00000000100000000000 0.00164470779073551876 0.00162945880692577758 0.02392367322499956012 0.97280215917733925401 
0.00000000099999999995 0.00000000099999999995 0.99999999599999989108 0.00000000099999999995 0.00000000099999999995 
0.00000000099999999995 0.00000000099999999995 0.99999999600000000211 0.00000000099999999995 0.00000000099999999995 
0.07330978192244670677 0.00000000099999999999 0.22383821494551822684 0.00000083696738655289 0.70285116516464851699 
0.02188296587882386859 0.00000000100000000000 0.00598190044686192860 0.02510415675060766877 0.94703097592370644175 
0.04846029579163178141 0.00000000099999999999 0.00857576751634057770 0.00000000099999999999 0.94296393469202755000 
0.05505297645880116025 0.00000000099999999999 0.01954191338807385533 0.00000000099999999999 0.92540510815312493342 
0.04854413464330506467 0.00000000099999999999 0.00000000099999999999 0.00075880365411646277 0.95069705970257856187 
0.01578699460937681154 0.00000000099999999998 0.00000000099999999998 0.00000000099999999998 0.98421300239062325943 
0.00975667505332597669 0.00000000099999999998 0.01549916407628003194 0.00131601776930423430 0.97342814210108985495 
0.02700362071158402336 0.00000000099999999999 0.01289027008938484035 0.01001359835847551519 0.95009250984055559908 
0.00000000100000000000 0.00000000100000000000 0.04703920061122729424 0.00000000100000000000 0.95296079638877262408 
0.00000000099999999995 0.00000000099999999995 0.99999999600000000211 0.00000000099999999995 0.00000000099999999995 
0.00000000099999999998 0.00000000099999999998 0.99999471683131901933 0.00000000099999999998 0.00000528016868088266 
0.00000000099999999987 0.99999999600000011313 0.00000000099999999987 0.00000000099999999987 0.00000000099999999987 
0.00000000099999999997 0.00000000099999999997 0.99999999599999989108 0.00000000099999999997 0.00000000099999999997 
0.00210073478519018017 0.00000000099999999998 0.99789926221480984569 0.00000000099999999998 0.00000000099999999998 
0.03640389323200596272 0.00000000099999999999 0.02444032348236460997 0.00966667394281407744 0.92948910834281528448 
0.00000000099999999975 0.99999999600000011313 0.00000000099999999975 0.00000000099999999975 0.00000000099999999975 
0.00002379777577210779 0.00000000100000000000 0.00000000100000000000 0.00845160200521205378 0.99152459821901595127 
0.04487356075647696424 0.00000000099999999999 0.01803745454513296445 0.00733391610512448919 0.92975506759326564943 
0.04837524518569132764 0.00109261893387956163 0.00000278208337108964 0.00892757752666075745 0.94160177627039731707 
0.08089368621869165443 0.00000000100000000000 0.01853319331403213005 0.00000002612759764190 0.90057309333967860976 
0.04904544497133014186 0.00000000100000000000 0.00104513393133203315 0.00000000100000000000 0.94990941909733772608 
0.07057431023257539071 0.00000000099999999999 0.03368354410385449721 0.00000000099999999999 0.89574214366357018946 
0.02313939406044170435 0.00000000100000000000 0.00154897011212163619 0.00914333804505428928 0.96616829678238247414 
0.05915785149203580534 0.00000000100000000000 0.00872721074232072833 0.00830085207945883974 0.92381408468618475549 
0.04013723995707311337 0.00378041391552121075 0.01416513883629018887 0.03165742065306682146 0.91025978663804874014 
0.05552216435152994983 0.00000000099999999999 0.00176755309185688608 0.01395216358066179128 0.92875811797595142494 
0.00000000099999999998 0.00000000099999999998 0.00232396852627983746 0.00000000099999999998 0.99767602847372016672 
0.05841642359806872159 0.00057316833462637857 0.01883047605906064056 0.02611934995423523601 0.89606058205400906935 
0.00000000099999999999 0.00000000099999999999 0.00000000099999999999 0.01541039569089271317 0.98458960130910744279 
0.01338533139002868848 0.00000000100000000000 0.01802130673245255429 0.00075871178590650157 0.96783464909161220913 
0.00000000099999999999 0.00000000099999999999 0.00502088430292996126 0.00070560815243423118 0.99427350554463567178 
0.08350842598329831501 0.00000000099999999999 0.02407303271084430818 0.00000000099999999999 0.89241853930585735011 
0.02689500058694023130 0.00000000100000000000 0.01772121767888770391 0.00936969935071802797 0.94601408138345399745 
0.04222445981613587307 0.00000000099999999999 0.03948880977472572079 0.00000000099999999999 0.91828672840913838638 
0.08220708543708471483 0.00000000099999999999 0.00000000099999999999 0.00000000099999999999 0.91779291156291542553 
0.00443233909097645682 0.00000000099999999999 0.03451112511702012636 0.00194027620211277021 0.95911625858989058013 
0.05219125357498474727 0.06802750929032623517 0.02207837742443535811 0.00426092995068708819 0.85344192975956656433 
0.05361012718317140907 0.00000000099999999999 0.00234351138276827015 0.00000000099999999999 0.94404635943406034482 
0.09695619542841008021 0.00000000099999999998 0.00585648170709354883 0.00000000099999999998 0.89718732086449637375 
0.08384139979937685339 0.00000000099999999998 0.01375137612589485275 0.00000000099999999998 0.90240722207472834349 
0.07800673871644057955 0.00000000099999999999 0.00000000099999999999 0.01325878345021689123 0.90873447583334243660 
0.05203727914397822396 0.00000000099999999998 0.01270218483244749119 0.00000000099999999998 0.93526053402357423039 
0.09438284914579675444 0.00000000100000000000 0.00000000100000000000 0.00000001027305679618 0.90561713858114656350 
0.05372607773450101265 0.00000000099999999999 0.01247867972646171490 0.00865707988360380799 0.92513816165543349967 
0.03853331211930188793 0.00000000099999999999 0.00000000099999999999 0.00269624038938534724 0.95877044549131273943 
0.00000000099999999998 0.00000000099999999998 0.04302513476988355234 0.00000000099999999998 0.95697486223011651862 
0.00000000099999999995 0.00000000099999999995 0.99999999599999989108 0.00000000099999999995 0.00000000099999999995 
0.00000000099999999998 0.00000000099999999998 0.99999999600000000211 0.00000000099999999998 0.00000000099999999998 
0.00000000099999999983 0.99999999600000011313 0.00000000099999999983 0.00000000099999999983 0.00000000099999999983 
0.00000000099999999979 0.00000000099999999979 0.00000000099999999979 0.99999999600000000211 0.00000000099999999979 
0.08148505538844093288 0.00000000099999999999 0.88642001406812676034 0.03209492854343228008 0.00000000099999999999 
0.00000000099999999998 0.00000000099999999998 0.02107756850144893584 0.00000000099999999998 0.97892242849855104492 
0.02037900829934463642 0.00000000100000000000 0.03163965804704562540 0.00385076296324237061 0.94413056969036734944 
0.03427968428389609884 0.00000000099999999998 0.96572031271610381253 0.00000000099999999998 0.00000000099999999998 
0.00004148896038687397 0.00000000099999999999 0.02524529106949913518 0.00000000099999999999 0.97471321797011389876 
0.05282997393981252870 0.00000000099999999998 0.00000000099999999998 0.01249132727572774271 0.93467869678445969495 
0.07566352542771284662 0.00000000099999999999 0.00000000099999999999 0.00118190311536278594 0.92315456945692431212 
0.00000000099999999978 0.99999999600000011313 0.00000000099999999978 0.00000000099999999978 0.00000000099999999978 
0.00000000099999999979 0.99999999600000011313 0.00000000099999999979 0.00000000099999999979 0.00000000099999999979 
0.00000000099999999975 0.99999999600000000211 0.00000000099999999975 0.00000000099999999975 0.00000000099999999975 
0.00000000099999999976 0.99999999600000000211 0.00000000099999999976 0.00000000099999999976 0.00000000099999999976 
0.00000000099999999976 0.99999999600000011313 0.00000000099999999976 0.00000000099999999976 0.00000000099999999976 
0.00000000099999999998 0.00000000099999999998 0.99999999599999989108 0.00000000099999999998 0.00000000099999999998 
0.09142784426127212316 0.00000000099999999999 0.00000000099999999999 0.00949374255785360305 0.89907841118087439281 
0.00000000099999999976 0.99999999600000011313 0.00000000099999999976 0.00000000099999999976 0.00000000099999999976 
0.00000000099999999980 0.99999999600000000211 0.00000000099999999980 0.00000000099999999980 0.00000000099999999980 
0.00000000099999999979 0.00000000099999999979 0.00000000099999999979 0.99999999600000000211 0.00000000099999999979 
0.00000000099999999978 0.00000000099999999978 0.00000000099999999978 0.99999999599999989108 0.00000000099999999978 
0.00006644086759758868 0.00000000099999999999 0.00000000099999999999 0.00000000099999999999 0.99993355613240242352 
0.00000000099999999978 0.99999999600000000211 0.00000000099999999978 0.00000000099999999978 0.00000000099999999978 
0.00000000100000000000 0.00047381930854064279 0.02715850544617866985 0.00000000100000000000 0.97236767324528072809 
0.03327491277324269581 0.00000000099999999999 0.00000000099999999999 0.00108145569474328508 0.96564362953201399176 
0.04264376267260056030 0.00000000099999999998 0.95735623432739946903 0.00000000099999999998 0.00000000099999999998 
0.03978875630315948514 0.00000000099999999999 0.01149377987917488131 0.00000000099999999999 0.94871746181766558603 
0.00000000099999999994 0.00000000099999999994 0.99999999600000000211 0.00000000099999999994 0.00000000099999999994 
0.10412182157322190379 0.00000000099999999999 0.00187809936940442615 0.00000000099999999999 0.89400007705737360997 
0.00000000099999999994 0.00000000099999999994 0.99999999599999989108 0.00000000099999999994 0.00000000099999999994 
0.10408362040247975955 0.00000000099999999999 0.00000270650273438649 0.01051054170813540793 0.88540313038665041656 
0.07197142342286948213 0.00000000099999999999 0.00000000099999999999 0.01271735407807607701 0.91531122049905433435 
0.00000000099999999980 0.99999999600000000211 0.00000000099999999980 0.00000000099999999980 0.00000000099999999980 
0.00000000099999999996 0.00000000099999999996 0.99999999600000000211 0.00000000099999999996 0.00000000099999999996 
0.00000000099999999976 0.99999999600000011313 0.00000000099999999976 0.00000000099999999976 0.00000000099999999976 
0.00000000099999999976 0.99999999600000011313 0.00000000099999999976 0.00000000099999999976 0.00000000099999999976 
0.08480028114605725476 0.00000000099999999999 0.00000000099999999999 0.00000000099999999999 0.91519971585394266356 
0.03248819998933828723 0.00000000099999999999 0.02974926347470276816 0.00005948873487107717 0.93770304680108784723 
0.00002012504154885819 0.00000000099999999998 0.02024332576572713052 0.00000000099999999998 0.97973654719272396107 
0.02908777757834803829 0.00000000099999999999 0.00384965939244329234 0.00642831054768399062 0.96063425148152470356 
0.09722568494425844199 0.00000000099999999999 0.00000000099999999999 0.00504068438192025337 0.89773362867382144881 
0.08530490922409429688 0.00000000099999999998 0.00565170211156756138 0.00388610426317916686 0.90515728340115886308 
0.00000000099999999999 0.00000000099999999999 0.00000000099999999999 0.00000000099999999999 0.99999999599999989108 
0.00000000099999999997 0.00000000099999999997 0.99010866913919381993 0.00000000099999999997 0.00989132786080615042 
0.03665806273314547309 0.00000000099999999999 0.00000000099999999999 0.00000000099999999999 0.96334193426685443828 
0.00000000099999999976 0.99999999600000011313 0.00000000099999999976 0.00000000099999999976 0.00000000099999999976 
0.00000000100000000000 0.00000000100000000000 0.00379761915081862009 0.00412070744890868923 0.99208167140027281317 
0.00000000099999999992 0.99999999600000011313 0.00000000099999999992 0.00000000099999999992 0.00000000099999999992 
0.00000000099999999979 0.99999999600000000211 0.00000000099999999979 0.00000000099999999979 0.00000000099999999979 
0.05407511711281284827 0.00000000099999999999 0.02104722785345516933 0.00000000099999999999 0.92487765303373214998 
0.00000000099999999999 0.00000000099999999999 0.00000000099999999999 0.01246976954702616429 0.98753022745297391882 
0.00000000100000000000 0.00000000100000000000 0.02844063376251001682 0.00000000100000000000 0.97155936323749003680 
0.00000000099999999981 0.99999999600000000211 0.00000000099999999981 0.00000000099999999981 0.00000000099999999981 
0.00000000099999999995 0.00000000099999999995 0.99999999599999989108 0.00000000099999999995 0.00000000099999999995 
0.00000000099999999995 0.00000000099999999995 0.99999999599999989108 0.00000000099999999995 0.00000000099999999995 
0.00000000099999999979 0.99999999600000000211 0.00000000099999999979 0.00000000099999999979 0.00000000099999999979 
0.00000000099999999999 0.00000000099999999999 0.01112891816220016802 0.01036882883407693433 0.97850225100372301146 
0.00000283344706218336 0.00000000100000000000 0.04761465303432366875 0.01756343531624950799 0.93481907720236467885 
0.00000000099999999980 0.99999999600000011313 0.00000000099999999980 0.00000000099999999980 0.00000000099999999980 
0.11463032284857872789 0.00000000099999999998 0.00000000099999999998 0.00000000099999999998 0.88536967415142131532 
0.00000000099999999994 0.00000000099999999994 0.99999999599999989108 0.00000000099999999994 0.00000000099999999994 
0.99999999600000011313 0.00000000099999999989 0.00000000099999999989 0.00000000099999999989 0.00000000099999999989 
0.03396583432968102584 0.00401886880318904401 0.02970538564252254987 0.00000000100000000000 0.93230991022460729667 
0.01277833556345996796 0.00000000099999999999 0.03958037054920029996 0.01774144868581776016 0.92989984420152194122 
0.00000000099999999999 0.00000000099999999999 0.00781905219630569040 0.01893681564543230750 0.97324413015826194417 
0.08970911761855475397 0.00000000099999999998 0.00000000099999999998 0.00705464433486383685 0.90323623604658143105 
0.08310199713754526374 0.00000000099999999999 0.00000000099999999999 0.00058130935606893217 0.91631669150638572763 
0.06095313092621946344 0.00000000099999999999 0.00000000099999999999 0.00000000099999999999 0.93904686607378051733 
0.11392586787105707380 0.00000000099999999999 0.00000000099999999999 0.00412885835917610380 0.88194527176976689198 
0.04708478926473093351 0.00672639818448921793 0.02237474931910179640 0.00588799482745476672 0.91792606840422330539 
0.00000000099999999996 0.00000000099999999996 0.99999999599999989108 0.00000000099999999996 0.00000000099999999996 
0.06902503204508467216 0.00000000099999999999 0.01364009587690658172 0.00684343915161624624 0.91049143192639259148 
0.04756392340924071871 0.00000000099999999999 0.00000000099999999999 0.00781971458655354723 0.94461636000420579062 
0.03151405732216842892 0.00000000100000000000 0.04714271753571988577 0.00586468586801887782 0.91547853827409275684 
0.00000000099999999998 0.00000000099999999998 0.02255234992357194046 0.00000000099999999998 0.97744764707642817214 
0.00000000100000000000 0.00206457320845334800 0.04603844481195147609 0.00559262479254601409 0.94630435618704900058 
0.00005403721091908603 0.00000000099999999999 0.00000000099999999999 0.00313652798693628190 0.99680943280214462376 
0.08785838785416659469 0.00000000099999999999 0.00348290914837909001 0.00000000099999999999 0.90865870099745427169 
0.00000000099999999997 0.00000000099999999997 0.99185849043281548720 0.00000000099999999997 0.00814150656718441550 
0.01105432604743573737 0.00000000099999999999 0.02612256275716555443 0.02147427768326598194 0.94134883251213263833 
0.07563501647795571603 0.00000000099999999999 0.00076034579253898415 0.00909714114405809661 0.91450749558544730533 
0.04229806752735535552 0.01069953812093203324 0.01048925658183721098 0.00000000100000000000 0.93651313676987535395 
0.00000000099999999997 0.00000000099999999997 0.99999999600000000211 0.00000000099999999997 0.00000000099999999997 
0.00000000100000000000 0.01965379137188393369 0.03094838286016911993 0.00000000100000000000 0.94939782376794690233 
0.05027779410469932625 0.00000000100000000000 0.00795349593702531464 0.00801054964571829183 0.93375815931255712332 
0.06388845174402613125 0.00000000099999999999 0.47085529098628209344 0.00496763709141832908 0.46028861917827340600 
0.00000000099999999998 0.00000000099999999998 0.03326860817190643166 0.00000000099999999998 0.96673138882809350747 
0.00000000099999999980 0.99999999600000011313 0.00000000099999999980 0.00000000099999999980 0.00000000099999999980 
0.02027841067384015053 0.00000000099999999999 0.02290065221573463553 0.01939413805371625887 0.93742679805670880988 
0.06049519349285033265 0.00000000099999999999 0.02428534368561150597 0.00250828953297318157 0.91271117228856502024 
