0.00000000156529188888 0.00000000099999999995 0.52154302612311276288 0.00910272951325100631 0.00000000099999999995 0.00000000099999999995 0.00000000099999999995 0.00000000099999999995 0.46935423579834445462 0.00000000099999999995 0.00000000099999999995 
0.00000000099999999975 0.00000000099999999975 0.00000000099999999975 0.00000000099999999975 0.00000000099999999975 0.00000000099999999975 0.00000000099999999975 0.00000000099999999975 0.00000000099999999975 0.00000000099999999975 0.99999998999999994975 
0.00000000099999999987 0.99999999000000028282 0.00000000099999999987 0.00000000099999999987 0.00000000099999999987 0.00000000099999999987 0.00000000099999999987 0.00000000099999999987 0.00000000099999999987 0.00000000099999999987 0.00000000099999999987 
0.25352595078553430419 0.00052133241480183622 0.00000000099999999998 0.00000002064220917030 0.00000000099999999998 0.00000000099999999998 0.12140344811092944333 0.39534746324394987038 0.20465608040015151325 0.00000000099999999998 0.02454570040242389645 
0.37012353185065871575 0.00000000099999999998 0.22556450556214879821 0.00000000099999999998 0.05811155138460778052 0.00000000099999999998 0.05108621943987844138 0.29511418513032439126 0.00000000163238193678 0.00000000099999999998 0.00000000099999999998 
0.15979265159036909472 0.02934343594639807207 0.16197415771829756781 0.00000218922840210556 0.00000000099999999997 0.00000000099999999997 0.16069438281165432381 0.35842388822603132859 0.12976929047884747104 0.00000000099999999997 0.00000000099999999997 
0.00000000099999999993 0.58178456567644487585 0.00000000099999999993 0.00000000099999999993 0.00010735679596657254 0.00000000099999999993 0.00000000099999999993 0.00000000099999999993 0.00000000099999999993 0.00000000099999999993 0.41810806952758861055 
0.00000000099999999988 0.54980012725799543016 0.00000000099999999988 0.00000000099999999988 0.00000000099999999988 0.00000000099999999988 0.00000000099999999988 0.00000000099999999988 0.00000000099999999988 0.00000000099999999988 0.45019986374200476886 
0.50027251344483902873 0.00000000099999999997 0.00000000099999999997 0.00543480257748330496 0.00656743646251974414 0.00000000099999999997 0.48772523259017996899 0.00000000099999999997 0.00000000099999999997 0.00000000099999999997 0.00000000892497809068 
0.00000000099999999976 0.00000000099999999976 0.00000000099999999976 0.00000000099999999976 0.00000000099999999976 0.00000000099999999976 0.00000000099999999976 0.00000000099999999976 0.00000000099999999976 0.00000000099999999976 0.99999998999999994975 
0.20777287986244821760 0.00000000099999999999 0.21174111283420635199 0.00000222153066479544 0.03114122523383275679 0.00000000099999999999 0.29862259532673862683 0.14852946874783357067 0.09240708897326681270 0.00000000099999999999 0.00978340449100898769 
0.00000000099999999996 0.01358133324574706778 0.31598592741941944340 0.00000000099999999996 0.00029522683656137551 0.00000000099999999996 0.34235906724168946313 0.00363819164338475632 0.32414024861319779003 0.00000000099999999996 0.00000000099999999996 
0.34324262036637326334 0.00000000099999999999 0.00000000099999999999 0.00000000099999999999 0.00000000099999999999 0.00000000099999999999 0.46558844922801173594 0.19116892240561486616 0.00000000099999999999 0.00000000099999999999 0.00000000099999999999 
0.00000000099999999998 0.00000000099999999998 0.35517207334676947905 0.00000002032985886590 0.01604192733566738721 0.00000000099999999998 0.35666039580266251097 0.00000000117366093083 0.26209869266217461492 0.00000000099999999998 0.01002688534920634020 
0.00000000099999999995 0.00000000099999999995 0.53717908850984030789 0.00000000099999999995 0.00000000099999999995 0.00000000099999999995 0.00000000099999999995 0.00000000099999999995 0.46282090249015989114 0.00000000099999999995 0.00000000099999999995 
0.17401334580250157891 0.04648165121622094276 0.29575838536339443818 0.02349404860859586816 0.04135878728642554403 0.00000000099999999998 0.15879360456612612307 0.06850278301381057533 0.19159739114292509421 0.00000000099999999998 0.00000000099999999998 
0.00000000099999999982 0.00000000099999999982 0.99999999000000006077 0.00000000099999999982 0.00000000099999999982 0.00000000099999999982 0.00000000099999999982 0.00000000099999999982 0.00000000099999999982 0.00000000099999999982 0.00000000099999999982 
0.38258226412911666703 0.00000000099999999998 0.04779690399645463578 0.00000000099999999998 0.00917884164799456087 0.00000147557943893635 0.31154690925177330740 0.00000000099999999998 0.24889360039522176460 0.00000000099999999998 0.00000000099999999998 
0.39229120341452389242 0.00000000099999999999 0.00000000099999999999 0.00061551783004333647 0.00000000099999999999 0.00000000099999999999 0.24068947260684062095 0.14286335669636773815 0.22354044345222426338 0.00000000099999999999 0.00000000099999999999 
0.56533332598766139476 0.00000000099999999993 0.00000000099999999993 0.00000000099999999993 0.00000000099999999993 0.00000000099999999993 0.00000000099999999993 0.00000000099999999993 0.43466666501233885977 0.00000000099999999993 0.00000000099999999993 
0.19686593517046818702 0.00000000099999999996 0.20713669523482267087 0.00000000099999999996 0.00000000099999999996 0.00000000099999999996 0.56016841495010516461 0.03582894764460398812 0.00000000099999999996 0.00000000099999999996 0.00000000099999999996 
0.00000000099999999988 0.99999999000000028282 0.00000000099999999988 0.00000000099999999988 0.00000000099999999988 0.00000000099999999988 0.00000000099999999988 0.00000000099999999988 0.00000000099999999988 0.00000000099999999988 0.00000000099999999988 
0.12232884004100746944 0.00000000099999999997 0.00000000099999999997 0.00000000099999999997 0.01654455909278897824 0.00000000099999999997 0.46651879913232718877 0.00000000649859826096 0.38634221972799903666 0.00000000099999999997 0.00826557050727924278 
0.00000000099999999919 0.00000000099999999919 0.00000000099999999919 0.00000000099999999919 0.99999999000000017180 0.00000000099999999919 0.00000000099999999919 0.00000000099999999919 0.00000000099999999919 0.00000000099999999919 0.00000000099999999919 
0.25070070127382892977 0.02800885762082873029 0.08368476755020159974 0.00000000099999999996 0.00000000099999999996 0.00000000099999999996 0.24884334423037732242 0.38873811984504474948 0.00002420447971865268 0.00000000099999999996 0.00000000099999999996 
0.00000000099999999995 0.00000000099999999995 0.00000000099999999995 0.00000000099999999995 0.00000000099999999995 0.00000000099999999995 0.42932633860257213287 0.57067365239742795513 0.00000000099999999995 0.00000000099999999995 0.00000000099999999995 
0.00000000099999999955 0.00000000099999999955 0.00000000099999999955 0.99999999000000006077 0.00000000099999999955 0.00000000099999999955 0.00000000099999999955 0.00000000099999999955 0.00000000099999999955 0.00000000099999999955 0.00000000099999999955 
0.00000000099999999954 0.00000000099999999954 0.00000000099999999954 0.99999999000000006077 0.00000000099999999954 0.00000000099999999954 0.00000000099999999954 0.00000000099999999954 0.00000000099999999954 0.00000000099999999954 0.00000000099999999954 
0.00000000099999999997 0.00000000099999999997 0.00000000178970122248 0.00000000099999999997 0.02395836367421945792 0.00000000099999999997 0.53570210270074614112 0.00000000099999999997 0.44033952483533322919 0.00000000099999999997 0.00000000099999999997 
0.00000000099999999995 0.00000000099999999995 0.00000000099999999995 0.00000000099999999995 0.00000000099999999995 0.00000000099999999995 0.53541531406040332453 0.46458467693959665246 0.00000000099999999995 0.00000000099999999995 0.00000000099999999995 
0.00000000099999999983 0.00000000099999999983 0.99999999000000006077 0.00000000099999999983 0.00000000099999999983 0.00000000099999999983 0.00000000099999999983 0.00000000099999999983 0.00000000099999999983 0.00000000099999999983 0.00000000099999999983 
0.00000000099999999977 0.73523573946326525874 0.00000000099999999977 0.00000000099999999977 0.26476425153673499580 0.00000000099999999977 0.00000000099999999977 0.00000000099999999977 0.00000000099999999977 0.00000000099999999977 0.00000000099999999977 
0.00000000099999999953 0.00000000099999999953 0.00000000099999999953 0.36194376809704531528 0.63805622290295482824 0.00000000099999999953 0.00000000099999999953 0.00000000099999999953 0.00000000099999999953 0.00000000099999999953 0.00000000099999999953 
0.08234850911206570423 0.00000000099999999996 0.19243809739658696012 0.00000000099999999996 0.00000000099999999996 0.00000000099999999996 0.31122321715034945155 0.22597725344806404713 0.17783434506131956532 0.00000000099999999996 0.01017857283161408000 
0.00000000099999999935 0.00000000099999999935 0.00000000099999999935 0.00000000099999999935 0.00000000099999999935 0.99999999000000006077 0.00000000099999999935 0.00000000099999999935 0.00000000099999999935 0.00000000099999999935 0.00000000099999999935 
0.00000000099999999932 0.00000000099999999932 0.00000000099999999932 0.00000000099999999932 0.00000000099999999932 0.00000000099999999932 0.00000000099999999932 0.00000000099999999932 0.00000000099999999932 0.99999998999999994975 0.00000000099999999932 
0.00000000099999999932 0.00000000099999999932 0.00000000099999999932 0.00000000099999999932 0.00000000099999999932 0.00000000099999999932 0.00000000099999999932 0.00000000099999999932 0.00000000099999999932 0.99999999000000006077 0.00000000099999999932 
0.00000000099999999957 0.00000000099999999957 0.00000000099999999957 0.99999999000000017180 0.00000000099999999957 0.00000000099999999957 0.00000000099999999957 0.00000000099999999957 0.00000000099999999957 0.00000000099999999957 0.00000000099999999957 
0.00000000099999999951 0.00000000099999999951 0.00000000099999999951 0.99999999000000006077 0.00000000099999999951 0.00000000099999999951 0.00000000099999999951 0.00000000099999999951 0.00000000099999999951 0.00000000099999999951 0.00000000099999999951 
0.00000000099999999989 0.00000000099999999989 0.00000000099999999989 0.00000000099999999989 0.00000000099999999989 0.00000000099999999989 0.99999999000000006077 0.00000000099999999989 0.00000000099999999989 0.00000000099999999989 0.00000000099999999989 
0.00000000099999999992 0.50461612915388609490 0.00000000099999999992 0.00000000099999999992 0.00000000099999999992 0.00000000099999999992 0.00000000099999999992 0.00000000099999999992 0.00000000099999999992 0.00000000099999999992 0.49538386184611415963 
0.00000000099999999954 0.00000000099999999954 0.00000000099999999954 0.99999999000000006077 0.00000000099999999954 0.00000000099999999954 0.00000000099999999954 0.00000000099999999954 0.00000000099999999954 0.00000000099999999954 0.00000000099999999954 
0.00000000099999999990 0.00000000099999999990 0.00000000099999999990 0.00000000099999999990 0.00000000099999999990 0.00000000099999999990 0.00000000099999999990 0.99999999000000006077 0.00000000099999999990 0.00000000099999999990 0.00000000099999999990 
0.00000000099999999974 0.00000000099999999974 0.00000000099999999974 0.00000000099999999974 0.00000000099999999974 0.00000000099999999974 0.00000000099999999974 0.00000000099999999974 0.00000000099999999974 0.00000000099999999974 0.99999999000000006077 
0.00000000099999999959 0.00000000099999999959 0.00000000099999999959 0.99999999000000017180 0.00000000099999999959 0.00000000099999999959 0.00000000099999999959 0.00000000099999999959 0.00000000099999999959 0.00000000099999999959 0.00000000099999999959 
0.00000000099999999997 0.00000000099999999997 0.26651060307704549368 0.00000000099999999997 0.01164622896514079867 0.00000000099999999997 0.00000000099999999997 0.46338157580570871197 0.25846158515210509998 0.00000000099999999997 0.00000000099999999997 
0.00000000099999999954 0.00000000099999999954 0.00000000099999999954 0.99999999000000006077 0.00000000099999999954 0.00000000099999999954 0.00000000099999999954 0.00000000099999999954 0.00000000099999999954 0.00000000099999999954 0.00000000099999999954 
0.00000000099999999985 0.99999999000000028282 0.00000000099999999985 0.00000000099999999985 0.00000000099999999985 0.00000000099999999985 0.00000000099999999985 0.00000000099999999985 0.00000000099999999985 0.00000000099999999985 0.00000000099999999985 
0.00000000099999999987 0.71674699523897111852 0.00000000099999999987 0.00000000099999999987 0.00000000099999999987 0.00000000099999999987 0.00000000099999999987 0.00000000099999999987 0.00000000099999999987 0.00000000099999999987 0.28325299576102913601 
0.00000000099999999948 0.00000000099999999948 0.00000000099999999948 0.99999999000000006077 0.00000000099999999948 0.00000000099999999948 0.00000000099999999948 0.00000000099999999948 0.00000000099999999948 0.00000000099999999948 0.00000000099999999948 
0.00000000099999999953 0.00000000099999999953 0.00000000099999999953 0.99999999000000006077 0.00000000099999999953 0.00000000099999999953 0.00000000099999999953 0.00000000099999999953 0.00000000099999999953 0.00000000099999999953 0.00000000099999999953 
0.00000000099999999976 0.00000000099999999976 0.00000000099999999976 0.00000000099999999976 0.00000000099999999976 0.00000000099999999976 0.00000000099999999976 0.00000000099999999976 0.00000000099999999976 0.00000000099999999976 0.99999998999999994975 
0.00000000099999999986 0.99999999000000017180 0.00000000099999999986 0.00000000099999999986 0.00000000099999999986 0.00000000099999999986 0.00000000099999999986 0.00000000099999999986 0.00000000099999999986 0.00000000099999999986 0.00000000099999999986 
0.00000000099999999993 0.77337968426496372931 0.00000000099999999993 0.00000000099999999993 0.00000000099999999993 0.00000000099999999993 0.00000000099999999993 0.00000000099999999993 0.00000000099999999993 0.00000000099999999993 0.22662030673503652523 
0.00000000099999999960 0.00000000099999999960 0.00000000099999999960 0.99999999000000017180 0.00000000099999999960 0.00000000099999999960 0.00000000099999999960 0.00000000099999999960 0.00000000099999999960 0.00000000099999999960 0.00000000099999999960 
0.43330424403585598991 0.00000000099999999998 0.00031093995240441113 0.00469603100214361670 0.02996545410545358584 0.00000000099999999998 0.47501335199727706682 0.00000000099999999998 0.00000000099999999998 0.00000000099999999998 0.05670997390686544765 
0.00000000099999999986 0.00000000099999999986 0.00000000099999999986 0.00000000099999999986 0.00000000099999999986 0.00000000099999999986 0.00000000099999999986 0.00000000099999999986 0.99999998999999994975 0.00000000099999999986 0.00000000099999999986 
0.00000000099999999984 0.00000000099999999984 0.00000000099999999984 0.00000000099999999984 0.00000000099999999984 0.00000000099999999984 0.00000000099999999984 0.00000000099999999984 0.99999999000000006077 0.00000000099999999984 0.00000000099999999984 
0.18918432201748794363 0.00000000099999999998 0.00000000211618823239 0.00000000099999999998 0.00000000099999999998 0.00000000099999999998 0.38389475609561546365 0.24381133134686022723 0.17175273126445483873 0.00000000099999999998 0.01135685215939347299 
0.00000000099999999992 0.70197844293585798248 0.00000000099999999992 0.00000000099999999992 0.00000000099999999992 0.00000000099999999992 0.00000000099999999992 0.00000000099999999992 0.00000000099999999992 0.00000000099999999992 0.29802154806414227206 
0.21031614383463029250 0.00000000099999999999 0.08397432185517329783 0.00230365408601046137 0.00000000099999999999 0.00000000099999999999 0.23073781530160122899 0.25687869864385703966 0.21578936127872766493 0.00000000099999999999 0.00000000099999999999 
0.00000000099999999936 0.00000000099999999936 0.00000000099999999936 0.00000000099999999936 0.00000000099999999936 0.99999999000000006077 0.00000000099999999936 0.00000000099999999936 0.00000000099999999936 0.00000000099999999936 0.00000000099999999936 
0.99999999000000028282 0.00000000099999999984 0.00000000099999999984 0.00000000099999999984 0.00000000099999999984 0.00000000099999999984 0.00000000099999999984 0.00000000099999999984 0.00000000099999999984 0.00000000099999999984 0.00000000099999999984 
0.00000000099999999934 0.00000000099999999934 0.00000000099999999934 0.00000000099999999934 0.00000000099999999934 0.99999999000000017180 0.00000000099999999934 0.00000000099999999934 0.00000000099999999934 0.00000000099999999934 0.00000000099999999934 
0.26108682796006854598 0.01732050681753213514 0.00000000099999999998 0.00000000099999999998 0.05768960894650167898 0.00000000099999999998 0.18572021731124882526 0.29886790387731643204 0.17931493008733237482 0.00000000099999999998 0.00000000099999999998 
0.00000000099999999935 0.00000000099999999935 0.00000000099999999935 0.00000000099999999935 0.00000000099999999935 0.99999999000000006077 0.00000000099999999935 0.00000000099999999935 0.00000000099999999935 0.00000000099999999935 0.00000000099999999935 
0.33952618156217334588 0.00000000099999999996 0.40143582709278691212 0.00000000099999999996 0.00000000099999999996 0.00000000099999999996 0.00000000099999999996 0.00000000099999999996 0.25903781253377899940 0.00000000099999999996 0.00000017181126083722 
0.00965315464446376420 0.00000000099999999997 0.43507800110190586462 0.00000000099999999997 0.02246787409537850944 0.00000000099999999997 0.00000000099999999997 0.53279937405567523445 0.00000159010257652092 0.00000000099999999997 0.00000000099999999997 
0.00000000099999999973 0.00000000099999999973 0.00000000099999999973 0.00000000099999999973 0.00000000099999999973 0.00000000099999999973 0.00000000099999999973 0.00000000099999999973 0.00000000099999999973 0.00000000099999999973 0.99999999000000006077 
0.00000000099999999986 0.00000000099999999986 0.00000000099999999986 0.00000000099999999986 0.00000000099999999986 0.00000000099999999986 0.00000000099999999986 0.99999999000000006077 0.00000000099999999986 0.00000000099999999986 0.00000000099999999986 
0.00000000099999999948 0.00000000099999999948 0.00000000099999999948 0.00000000099999999948 0.00000000099999999948 0.61322765857863370531 0.00000000099999999948 0.00000000099999999948 0.00000000099999999948 0.38677233242136638269 0.00000000099999999948 
0.00000000099999999943 0.00000000099999999943 0.00000000099999999943 0.00000000099999999943 0.00000000099999999943 0.00000000099999999943 0.00000000099999999943 0.00000000099999999943 0.00000000099999999943 0.99999999000000006077 0.00000000099999999943 
0.00000000099999999989 0.00000000099999999989 0.00000000099999999989 0.00000000099999999989 0.00000000099999999989 0.00000000099999999989 0.00000000099999999989 0.00000000099999999989 0.99999999000000006077 0.00000000099999999989 0.00000000099999999989 
0.00000000099999999991 0.73213197510076899466 0.00000000099999999991 0.00000000099999999991 0.00000000099999999991 0.00000000099999999991 0.00000000099999999991 0.00000000099999999991 0.00000000099999999991 0.00000000099999999991 0.26786801589923125988 
0.00000000099999999962 0.00000000099999999962 0.00000000099999999962 0.99999999000000017180 0.00000000099999999962 0.00000000099999999962 0.00000000099999999962 0.00000000099999999962 0.00000000099999999962 0.00000000099999999962 0.00000000099999999962 
0.00000000099999999986 0.99999999000000017180 0.00000000099999999986 0.00000000099999999986 0.00000000099999999986 0.00000000099999999986 0.00000000099999999986 0.00000000099999999986 0.00000000099999999986 0.00000000099999999986 0.00000000099999999986 
0.30575644071689617176 0.00000000099999999998 0.12190938553353083962 0.00000000099999999998 0.00000000099999999998 0.00000000099999999998 0.53290446983123240798 0.00000267352939623462 0.00000000099999999998 0.00000000099999999998 0.03942702438894429839 
0.00000000099999999931 0.00000000099999999931 0.00000000099999999931 0.00000000099999999931 0.00000000099999999931 0.99999999000000017180 0.00000000099999999931 0.00000000099999999931 0.00000000099999999931 0.00000000099999999931 0.00000000099999999931 
0.00000000099999999944 0.00000000099999999944 0.00000000099999999944 0.99999999000000006077 0.00000000099999999944 0.00000000099999999944 0.00000000099999999944 0.00000000099999999944 0.00000000099999999944 0.00000000099999999944 0.00000000099999999944 
0.00000000099999999945 0.00000000099999999945 0.00000000099999999945 0.00000000099999999945 0.00000000099999999945 0.00000000099999999945 0.00000000099999999945 0.00000000099999999945 0.00000000099999999945 0.99999999000000006077 0.00000000099999999945 
0.00000000099999999996 0.00000000099999999996 0.00000000099999999996 0.00590008049196103120 0.00000000099999999996 0.00000000099999999996 0.00000000099999999996 0.60612956006105866980 0.38797035144698038822 0.00000000099999999996 0.00000000099999999996 
0.00000000099999999987 0.79482603324517031584 0.00000000099999999987 0.00000000099999999987 0.00000000099999999987 0.00000000099999999987 0.00000000099999999987 0.00000000099999999987 0.00000000099999999987 0.00000000099999999987 0.20517395775482999420 
0.00000000099999999985 0.99999999000000028282 0.00000000099999999985 0.00000000099999999985 0.00000000099999999985 0.00000000099999999985 0.00000000099999999985 0.00000000099999999985 0.00000000099999999985 0.00000000099999999985 0.00000000099999999985 
0.00000000099999999996 0.21150260019681585422 0.32909380048278602526 0.00000000099999999996 0.02975472213525774332 0.00000000099999999996 0.00000000099999999996 0.42964886793163786782 0.00000000099999999996 0.00000000099999999996 0.00000000325350279436 
0.16601257460531421151 0.00000000099999999999 0.00000177323064645629 0.01795428599585441320 0.01905306918013602996 0.00000000099999999999 0.40612004079327090889 0.10084551592123389141 0.28804133427122519118 0.00000000099999999999 0.00197140300231915012 
0.19611983983071365478 0.00000000099999999997 0.34970526886207847772 0.00000000099999999997 0.00000000099999999997 0.00000000099999999997 0.00000000173244098362 0.30766287245883833235 0.14651195489772569913 0.00000000099999999997 0.00000005721820295492 
0.00000000099999999995 0.00000000099999999995 0.44414471690836659912 0.00000000099999999995 0.00000000099999999995 0.00000000099999999995 0.00000000099999999995 0.55585527409163326684 0.00000000099999999995 0.00000000099999999995 0.00000000099999999995 
0.27177454763582492570 0.00000000099999999998 0.00000000099999999998 0.00000000099999999998 0.03112743356769175074 0.00000000099999999998 0.26716350670217775543 0.25403453884400795104 0.17589996725029741209 0.00000000099999999998 0.00000000099999999998 
0.00000000099999999995 0.00000000099999999995 0.19089604580501634556 0.00000000099999999995 0.00000000099999999995 0.00000000099999999995 0.36210830209537492319 0.14706017883277369696 0.29993546626683509349 0.00000000099999999995 0.00000000099999999995 
0.62895349452368531917 0.00000000099999999995 0.00000000099999999995 0.00000000099999999995 0.00000000099999999995 0.00000000099999999995 0.00000000099999999995 0.37104649647631493536 0.00000000099999999995 0.00000000099999999995 0.00000000099999999995 
0.34795347974605489449 0.00000000099999999996 0.00000000099999999996 0.00000000099999999996 0.00000000099999999996 0.00000000099999999996 0.43771598625653157510 0.00000000099999999996 0.21433052599741331257 0.00000000099999999996 0.00000000099999999996 
0.17849803493528210163 0.00000000099999999997 0.00000000099999999997 0.00000000099999999997 0.00000000099999999997 0.00000000099999999997 0.33381627088145249260 0.44601886281317759675 0.00000028760633015469 0.00000000099999999997 0.04166653776375774804 
0.00000000099999999991 0.69387276438599909678 0.00000000099999999991 0.00000000099999999991 0.00000000099999999991 0.00000000099999999991 0.00000000099999999991 0.00000000099999999991 0.00000000099999999991 0.00000000099999999991 0.30612722661400126878 
0.01193281693299315209 0.58742921282487248202 0.00000000099999999996 0.00000000099999999996 0.00000000099999999996 0.00000000099999999996 0.00000000099999999996 0.00000000099999999996 0.00000000099999999996 0.00000000099999999996 0.40063796224213449326 
0.00000000099999999967 0.00000000099999999967 0.00000000099999999967 0.00000000099999999967 0.00000000099999999967 0.38519365214006529019 0.00000000099999999967 0.00000000099999999967 0.00000000099999999967 0.61480633885993463128 0.00000000099999999967 
0.00000000099999999990 0.99999999000000028282 0.00000000099999999990 0.00000000099999999990 0.00000000099999999990 0.00000000099999999990 0.00000000099999999990 0.00000000099999999990 0.00000000099999999990 0.00000000099999999990 0.00000000099999999990 
0.00000000099999999990 0.99999999000000028282 0.00000000099999999990 0.00000000099999999990 0.00000000099999999990 0.00000000099999999990 0.00000000099999999990 0.00000000099999999990 0.00000000099999999990 0.00000000099999999990 0.00000000099999999990 
0.31109455034651301020 0.02249277915812978798 0.00001709538002207820 0.00000000099999999997 0.00000000099999999997 0.00000000099999999997 0.30533257350031273170 0.22114449095744154183 0.13991847247657385189 0.00000000099999999997 0.00000003418100698815 
0.00000000099999999930 0.00000000099999999930 0.00000000099999999930 0.00000000099999999930 0.00000000099999999930 0.00000000099999999930 0.00000000099999999930 0.00000000099999999930 0.00000000099999999930 0.99999999000000006077 0.00000000099999999930 
0.00000000099999999990 0.00000000099999999990 0.00000000099999999990 0.00000000099999999990 0.00000000099999999990 0.00000000099999999990 0.99999998999999994975 0.00000000099999999990 0.00000000099999999990 0.00000000099999999990 0.00000000099999999990 
0.99999999000000028282 0.00000000099999999990 0.00000000099999999990 0.00000000099999999990 0.00000000099999999990 0.00000000099999999990 0.00000000099999999990 0.00000000099999999990 0.00000000099999999990 0.00000000099999999990 0.00000000099999999990 
0.00000000099999999999 0.00000000099999999999 0.18691697940196824734 0.00000001284803177719 0.01835291623751034856 0.00000000099999999999 0.20146812973464567342 0.39334998865485321096 0.19991196812299080743 0.00000000099999999999 0.00000000099999999999 
0.25463847498648051193 0.02728443895393314889 0.00208160877562465520 0.00000000099999999998 0.02367247831343802233 0.00000000099999999998 0.50463416443221909002 0.18768882953830437477 0.00000000099999999998 0.00000000099999999998 0.00000000099999999998 
0.39455579047503969159 0.00000000099999999997 0.00000000099999999997 0.00000000099999999997 0.03424058558990966672 0.00000000099999999997 0.00000000099999999997 0.40236486595310194669 0.16883875098194850439 0.00000000099999999997 0.00000000099999999997 
0.00000000099999999990 0.00000000099999999990 0.00000000099999999990 0.00000000099999999990 0.00000000099999999990 0.00000000099999999990 0.00000000099999999990 0.99999998999999994975 0.00000000099999999990 0.00000000099999999990 0.00000000099999999990 
0.00000000099999999994 0.00000000099999999994 0.00000000099999999994 0.00000000099999999994 0.00000000099999999994 0.00000000099999999994 0.99999999000000006077 0.00000000099999999994 0.00000000099999999994 0.00000000099999999994 0.00000000099999999994 
0.31475459824474161241 0.01325646769002566429 0.05036118873535234963 0.00135558833297452189 0.00291884685156712032 0.00000000099999999998 0.00000000099999999998 0.28373277463470703008 0.33362053151063153500 0.00000000099999999998 0.00000000099999999998 
0.33762440340309246567 0.00000000099999999998 0.00000001059765311544 0.02348963747734547636 0.00000001094380951550 0.00000000099999999998 0.00000000099999999998 0.63880611044631441242 0.00007982213178496060 0.00000000099999999998 0.00000000099999999998 
0.00000000099999999988 0.00000000099999999988 0.00000000099999999988 0.00000000099999999988 0.00000000099999999988 0.00000000099999999988 0.00000000099999999988 0.00000000099999999988 0.99999999000000006077 0.00000000099999999988 0.00000000099999999988 
0.20218666516085692653 0.00000000099999999995 0.17258351044883801784 0.00000000099999999995 0.00000000099999999995 0.00000000099999999995 0.00000000099999999995 0.31347002587975175691 0.31175979151055316363 0.00000000099999999995 0.00000000099999999995 
0.21328205634299476912 0.01783242534962073411 0.16987487267551409920 0.01973479165681933656 0.01465155080006368647 0.00000000099999999999 0.32745506845803212803 0.12754572703365954500 0.10962350468329566666 0.00000000099999999999 0.00000000099999999999 
0.99999999000000017180 0.00000000099999999988 0.00000000099999999988 0.00000000099999999988 0.00000000099999999988 0.00000000099999999988 0.00000000099999999988 0.00000000099999999988 0.00000000099999999988 0.00000000099999999988 0.00000000099999999988 
0.00000089469613450021 0.00000752271188254182 0.17648564896923712997 0.00000000099999999997 0.00000000099999999997 0.00000000099999999997 0.40963258695548621091 0.21411760369595664311 0.19975573797130291576 0.00000000099999999997 0.00000000099999999997 
0.37637439037436265510 0.00000000099999999997 0.00000000148133101211 0.00000000099999999997 0.01123126903187168617 0.00000000099999999997 0.28016585316984443654 0.32472739926315302705 0.00000000421959738085 0.00000000099999999997 0.00750107845983967025 
0.23921500054299613125 0.00338718692559517249 0.00000000099999999996 0.00000000099999999996 0.06351838874088358566 0.00000000099999999996 0.36429960245042986022 0.00000000099999999996 0.32957981534009533897 0.00000000099999999996 0.00000000099999999996 
0.00000000099999999995 0.00000000099999999995 0.55025416380168423736 0.00000000099999999995 0.00000000099999999995 0.00000000099999999995 0.00000000099999999995 0.44974582719831573963 0.00000000099999999995 0.00000000099999999995 0.00000000099999999995 
0.00000000897839657622 0.00000000099999999998 0.21465396375083087288 0.00000000099999999998 0.02001008708590853308 0.00000000099999999998 0.39362744857355924655 0.05855270647433593462 0.28440722725822492611 0.00000000099999999998 0.02874855387874407364 
0.19311179584268184373 0.00000000099999999997 0.00000046351666693068 0.00000000099999999997 0.00321899534134235943 0.00000000099999999997 0.38672691747329041023 0.41295532343250912488 0.00000000099999999997 0.00000000099999999997 0.00398649939350950982 
0.00000000099999999987 0.00000000099999999987 0.00000000099999999987 0.00000000099999999987 0.00000000099999999987 0.00000000099999999987 0.00000000099999999987 0.99999999000000006077 0.00000000099999999987 0.00000000099999999987 0.00000000099999999987 
0.27075055884177962051 0.01529487843832424282 0.08085940964533122610 0.00000000100000000000 0.05765846457609170861 0.00000001114810997927 0.23061871601972569468 0.08220081544857776867 0.19413540361628228714 0.06848174026577730222 0.00000000100000000000 
0.00000000683050799973 0.00000000099999999994 0.44159388085371859001 0.00000000099999999994 0.00000000099999999994 0.00000000099999999994 0.00000000099999999994 0.38953622068342286244 0.16886988463235036440 0.00000000099999999994 0.00000000099999999994 
0.00000000099999999988 0.00000000099999999988 0.00000000099999999988 0.00000000099999999988 0.00000000099999999988 0.00000000099999999988 0.00000000099999999988 0.99999998999999994975 0.00000000099999999988 0.00000000099999999988 0.00000000099999999988 
0.07227240358882670856 0.00000000099999999995 0.35678501539411211496 0.00000000099999999995 0.02418320169540078002 0.00000000099999999995 0.25358468116400462167 0.16792312097876668786 0.10615343383824896173 0.00000000099999999995 0.01909813934064004751 
0.00000000099999999990 0.00000000099999999990 0.00000000099999999990 0.00000000099999999990 0.00000000099999999990 0.00000000099999999990 0.99999998999999994975 0.00000000099999999990 0.00000000099999999990 0.00000000099999999990 0.00000000099999999990 
0.99999999000000028282 0.00000000099999999990 0.00000000099999999990 0.00000000099999999990 0.00000000099999999990 0.00000000099999999990 0.00000000099999999990 0.00000000099999999990 0.00000000099999999990 0.00000000099999999990 0.00000000099999999990 
0.00000000099999999993 0.00000000099999999993 0.00000000099999999993 0.00000000099999999993 0.00000000099999999993 0.00000000099999999993 0.99999999000000006077 0.00000000099999999993 0.00000000099999999993 0.00000000099999999993 0.00000000099999999993 
0.56267061172625576493 0.00000000099999999996 0.00000000099999999996 0.00000000099999999996 0.01703370991060799977 0.00000000099999999996 0.00000002105981095829 0.42029565030332527442 0.00000000099999999996 0.00000000099999999996 0.00000000099999999996 
0.00000000099999999992 0.00000000099999999992 0.56711756056336914966 0.00000000099999999992 0.00000000099999999992 0.00000000099999999992 0.43288243043663099385 0.00000000099999999992 0.00000000099999999992 0.00000000099999999992 0.00000000099999999992 
0.14675018153692928613 0.00000000099999999994 0.37891764415761852725 0.00000000099999999994 0.00000000099999999994 0.00000000099999999994 0.01700978386715251353 0.42323312318830819123 0.00000000099999999994 0.00000000099999999994 0.03408926124999148155 
0.00000000099999999986 0.99999999000000017180 0.00000000099999999986 0.00000000099999999986 0.00000000099999999986 0.00000000099999999986 0.00000000099999999986 0.00000000099999999986 0.00000000099999999986 0.00000000099999999986 0.00000000099999999986 
0.00000000099999999990 0.99999999000000017180 0.00000000099999999990 0.00000000099999999990 0.00000000099999999990 0.00000000099999999990 0.00000000099999999990 0.00000000099999999990 0.00000000099999999990 0.00000000099999999990 0.00000000099999999990 
0.00000000099999999944 0.00000000099999999944 0.00000000099999999944 0.00000000099999999944 0.00000000099999999944 0.99999999000000006077 0.00000000099999999944 0.00000000099999999944 0.00000000099999999944 0.00000000099999999944 0.00000000099999999944 
0.00000000099999999946 0.00000000099999999946 0.00000000099999999946 0.99999999000000006077 0.00000000099999999946 0.00000000099999999946 0.00000000099999999946 0.00000000099999999946 0.00000000099999999946 0.00000000099999999946 0.00000000099999999946 
0.03980630347660084334 0.74045348466290616951 0.00000000099999999998 0.03860324697432829938 0.03116476691941819088 0.00000000099999999998 0.00000000099999999998 0.00000000099999999998 0.00000000099999999998 0.00000000099999999998 0.14997219196674674291 
0.00000000099999999986 0.00000000099999999986 0.00000000099999999986 0.00000000099999999986 0.00000000099999999986 0.00000000099999999986 0.00000000099999999986 0.00000000099999999986 0.99999998999999994975 0.00000000099999999986 0.00000000099999999986 
0.99999999000000028282 0.00000000099999999989 0.00000000099999999989 0.00000000099999999989 0.00000000099999999989 0.00000000099999999989 0.00000000099999999989 0.00000000099999999989 0.00000000099999999989 0.00000000099999999989 0.00000000099999999989 
0.00000000099999999991 0.99999999000000028282 0.00000000099999999991 0.00000000099999999991 0.00000000099999999991 0.00000000099999999991 0.00000000099999999991 0.00000000099999999991 0.00000000099999999991 0.00000000099999999991 0.00000000099999999991 
0.00000000099999999994 0.00000000099999999994 0.00000000099999999994 0.00000000099999999994 0.00000000099999999994 0.00000000099999999994 0.67220459024604273246 0.00000000099999999994 0.32779540075395724452 0.00000000099999999994 0.00000000099999999994 
0.00000000099999999988 0.00000000099999999988 0.00000000099999999988 0.00000000099999999988 0.00000000099999999988 0.00000000099999999988 0.99999998999999994975 0.00000000099999999988 0.00000000099999999988 0.00000000099999999988 0.00000000099999999988 
0.00000000099999999997 0.00000000099999999997 0.28722324531785042856 0.00000000099999999997 0.02648981595718770746 0.00000000099999999997 0.00000000099999999997 0.30210593438526783805 0.38418099733969390819 0.00000000099999999997 0.00000000099999999997 
0.00000000099999999944 0.00000000099999999944 0.00000000099999999944 0.00000000099999999944 0.00000000099999999944 0.27386216826220899367 0.00000000099999999944 0.00000000099999999944 0.00000000099999999944 0.72613782273779092780 0.00000000099999999944 
0.00000000099999999937 0.00000000099999999937 0.00000000099999999937 0.00000000099999999937 0.00000000099999999937 0.00000000099999999937 0.00000000099999999937 0.00000000099999999937 0.00000000099999999937 0.99999999000000006077 0.00000000099999999937 
0.00000000099999999926 0.00000000099999999926 0.00000000099999999926 0.00000000099999999926 0.00000000099999999926 0.99999999000000017180 0.00000000099999999926 0.00000000099999999926 0.00000000099999999926 0.00000000099999999926 0.00000000099999999926 
0.00000000099999999938 0.00000000099999999938 0.00000000099999999938 0.00000000099999999938 0.00000000099999999938 0.59486416433623090505 0.00000000099999999938 0.00000000099999999938 0.00000000099999999938 0.40513582666376912744 0.00000000099999999938 
0.00000000099999999929 0.00000000099999999929 0.00000000099999999929 0.00000000099999999929 0.00000000099999999929 0.99999999000000006077 0.00000000099999999929 0.00000000099999999929 0.00000000099999999929 0.00000000099999999929 0.00000000099999999929 
0.00000000099999999995 0.60111835204618913053 0.00000000099999999995 0.00000000099999999995 0.00000000099999999995 0.00000000099999999995 0.00000000099999999995 0.00000000099999999995 0.00000168822940472178 0.00000000099999999995 0.39887995172440637859 
0.00000000099999999992 0.00000000099999999992 0.00000000099999999992 0.00000000099999999992 0.00000000099999999992 0.00000000099999999992 0.00000000099999999992 0.99999998999999994975 0.00000000099999999992 0.00000000099999999992 0.00000000099999999992 
0.00000000099999999941 0.00000000099999999941 0.00000000099999999941 0.00000000099999999941 0.00000000099999999941 0.35996358496961977647 0.00000000099999999941 0.00000000099999999941 0.00000000099999999941 0.64003640603038014500 0.00000000099999999941 
0.00000000099999999936 0.00000000099999999936 0.00000000099999999936 0.00000000099999999936 0.00000000099999999936 0.99999999000000006077 0.00000000099999999936 0.00000000099999999936 0.00000000099999999936 0.00000000099999999936 0.00000000099999999936 
0.00000000099999999944 0.00000000099999999944 0.00000000099999999944 0.99999999000000017180 0.00000000099999999944 0.00000000099999999944 0.00000000099999999944 0.00000000099999999944 0.00000000099999999944 0.00000000099999999944 0.00000000099999999944 
0.00000000099999999944 0.00000000099999999944 0.00000000099999999944 0.99999999000000006077 0.00000000099999999944 0.00000000099999999944 0.00000000099999999944 0.00000000099999999944 0.00000000099999999944 0.00000000099999999944 0.00000000099999999944 
0.29859578507696632466 0.00000000099999999997 0.13204587532550912665 0.00000000099999999997 0.00000000099999999997 0.00000000099999999997 0.00000000099999999997 0.35006722167937537327 0.21929111091814892931 0.00000000099999999997 0.00000000099999999997 
0.00000000099999999935 0.00000000099999999935 0.00000000099999999935 0.00000000099999999935 0.00000000099999999935 0.00000000099999999935 0.00000000099999999935 0.00000000099999999935 0.00000000099999999935 0.99999999000000006077 0.00000000099999999935 
0.00000000099999999996 0.00000000099999999996 0.00000000099999999996 0.00000000099999999996 0.00000000099999999996 0.00000000099999999996 0.55959268975514020461 0.00000000099999999996 0.44040730124485982788 0.00000000099999999996 0.00000000099999999996 
0.00000000099999999982 0.00000000099999999982 0.99999999000000017180 0.00000000099999999982 0.00000000099999999982 0.00000000099999999982 0.00000000099999999982 0.00000000099999999982 0.00000000099999999982 0.00000000099999999982 0.00000000099999999982 
0.00000000099999999992 0.99999999000000028282 0.00000000099999999992 0.00000000099999999992 0.00000000099999999992 0.00000000099999999992 0.00000000099999999992 0.00000000099999999992 0.00000000099999999992 0.00000000099999999992 0.00000000099999999992 
0.00000000099999999988 0.00000000099999999988 0.00000000099999999988 0.00000000099999999988 0.00000000099999999988 0.00000000099999999988 0.99999998999999994975 0.00000000099999999988 0.00000000099999999988 0.00000000099999999988 0.00000000099999999988 
