0.01663973059541544106 0.00000000099999999999 0.00000000099999999999 0.37334814502804253289 0.00000000099999999999 0.36599631458619724667 0.24401580679034484689 
0.00000000099999999995 0.00000000099999999995 0.99999999399999994765 0.00000000099999999995 0.00000000099999999995 0.00000000099999999995 0.00000000099999999995 
0.00000000099999999995 0.00000000099999999995 0.99999999400000005867 0.00000000099999999995 0.00000000099999999995 0.00000000099999999995 0.00000000099999999995 
0.00000000099999999999 0.00000000099999999999 0.02754080259019354299 0.47356661371744490641 0.08183438960687750008 0.38089811054880690078 0.03616008153667707448 
0.00676199064801079070 0.00000000099999999999 0.00000000099999999999 0.33689884697128552604 0.18628311698430244370 0.21487908834824998028 0.25517695504815129937 
0.00000000099999999995 0.00000000099999999995 0.00000000099999999995 0.99999999400000005867 0.00000000099999999995 0.00000000099999999995 0.00000000099999999995 
0.00000000099999999996 0.00000000099999999996 0.99999999399999994765 0.00000000099999999996 0.00000000099999999996 0.00000000099999999996 0.00000000099999999996 
0.00000000099999999993 0.00000000099999999993 0.99999999400000005867 0.00000000099999999993 0.00000000099999999993 0.00000000099999999993 0.00000000099999999993 
0.01205518148543827973 0.00000000099999999999 0.00000000099999999999 0.43099485211422683406 0.30045239977310866930 0.00000000099999999999 0.25649756362722625491 
0.00000000099999999995 0.00000000099999999995 0.99999999400000005867 0.00000000099999999995 0.00000000099999999995 0.00000000099999999995 0.00000000099999999995 
0.00000000099999999998 0.00000000099999999998 0.00000000099999999998 0.00000000099999999998 0.47336705553602931307 0.52663293946397049528 0.00000000099999999998 
0.00244497043398484836 0.00000000099999999998 0.00796525465896955748 0.42266686172460149473 0.19437611100109397633 0.37254680018135016839 0.00000000099999999998 
0.00000000099999999998 0.00000000099999999998 0.00000000099999999998 0.49122265673187592849 0.50877733826812399087 0.00000000099999999998 0.00000000099999999998 
0.00000000099999999995 0.00000000099999999995 0.00000000099999999995 0.00000000099999999995 0.00000000099999999995 0.99999999399999994765 0.00000000099999999995 
0.00000000099999999994 0.00000000099999999994 0.00000000099999999994 0.00000000099999999994 0.00000000099999999994 0.99999999399999994765 0.00000000099999999994 
0.02638952742773387899 0.00000000099999999999 0.05252162815886383257 0.27562860690567420052 0.13807984075220922082 0.30272225983707540253 0.20465813591844345121 
0.00000000099999999992 0.00000000099999999992 0.00000000099999999992 0.00000000099999999992 0.00000000099999999992 0.99999999400000005867 0.00000000099999999992 
0.00000000099999999999 0.00000000099999999999 0.00000000099999999999 0.35455938165642014726 0.18934653553698085893 0.36190490937491709422 0.09418917043168179015 
0.00496423015013279165 0.00000000100000000000 0.00000000100000000000 0.43345203637279400288 0.07303797013630636270 0.15276285272885303801 0.33578290861191378847 
0.00000000099999999993 0.00000000099999999993 0.00000000099999999993 0.00000000099999999993 0.00000000099999999993 0.00000000099999999993 0.99999999399999994765 
0.00000000099999999999 0.00000000099999999999 0.00000000099999999999 0.28889009666803616705 0.14820335217971919439 0.32256267362381890740 0.24034387452842562172 
0.00000000099999999997 0.00000000099999999997 0.99999999399999994765 0.00000000099999999997 0.00000000099999999997 0.00000000099999999997 0.00000000099999999997 
0.00000000099999999999 0.00000000099999999999 0.01581723409184650556 0.42585697448200582338 0.17193488774684043130 0.31031456399605011898 0.07607633768325706980 
0.00000000099999999984 0.00000000099999999984 0.00000000099999999984 0.00000000099999999984 0.99999999400000005867 0.00000000099999999984 0.00000000099999999984 
0.00000000099999999998 0.00000000099999999998 0.02196097023489542929 0.27047367552462947549 0.26844700809773697214 0.10026412972537945834 0.33885421441735863457 
0.00000000099999999999 0.00000000099999999999 0.00000000099999999999 0.48679431410987900053 0.13717132043732360724 0.22141124701570072397 0.15462311543709666983 
0.99999999400000005867 0.00000000099999999974 0.00000000099999999974 0.00000000099999999974 0.00000000099999999974 0.00000000099999999974 0.00000000099999999974 
0.99999999400000016969 0.00000000099999999970 0.00000000099999999970 0.00000000099999999970 0.00000000099999999970 0.00000000099999999970 0.00000000099999999970 
0.00000000099999999999 0.00000000099999999999 0.00000000099999999999 0.44103143671666555914 0.43059326959948318603 0.12837528968385117367 0.00000000099999999999 
0.00000000099999999989 0.00000000099999999989 0.00000000099999999989 0.00000000099999999989 0.99999999399999994765 0.00000000099999999989 0.00000000099999999989 
0.00000000099999999998 0.00000000099999999998 0.01550401258172081319 0.36750085110710073444 0.12884871884251555829 0.29663512642221984139 0.19151128904644304507 
0.00000000099999999996 0.00000000099999999996 0.97076182096254748366 0.00000000099999999996 0.02923817403745250856 0.00000000099999999996 0.00000000099999999996 
0.35777702724922477717 0.00000000099999999991 0.17470415712291809118 0.00000000099999999991 0.46751881162785713375 0.00000000099999999991 0.00000000099999999991 
0.00000000099999999998 0.00000000099999999998 0.00000000099999999998 0.11762489038995950497 0.20764708839137457907 0.40126653226795000462 0.27346148595071584353 
0.00000000099999999969 0.99999999400000005867 0.00000000099999999969 0.00000000099999999969 0.00000000099999999969 0.00000000099999999969 0.00000000099999999969 
0.00000000099999999961 0.99999999400000016969 0.00000000099999999961 0.00000000099999999961 0.00000000099999999961 0.00000000099999999961 0.00000000099999999961 
0.00000000099999999962 0.99999999400000005867 0.00000000099999999962 0.00000000099999999962 0.00000000099999999962 0.00000000099999999962 0.00000000099999999962 
0.99999999400000005867 0.00000000099999999975 0.00000000099999999975 0.00000000099999999975 0.00000000099999999975 0.00000000099999999975 0.00000000099999999975 
0.99999999400000016969 0.00000000099999999971 0.00000000099999999971 0.00000000099999999971 0.00000000099999999971 0.00000000099999999971 0.00000000099999999971 
0.00000000099999999998 0.00000000099999999998 0.00000000099999999998 0.36050065051938551264 0.13370736163865579171 0.27719319966822125734 0.22859878517373738438 
0.00000000099999999997 0.00000000099999999997 0.99999999400000005867 0.00000000099999999997 0.00000000099999999997 0.00000000099999999997 0.00000000099999999997 
0.99999999400000005867 0.00000000099999999972 0.00000000099999999972 0.00000000099999999972 0.00000000099999999972 0.00000000099999999972 0.00000000099999999972 
0.00000000099999999993 0.00000000099999999993 0.00000000099999999993 0.00000000099999999993 0.00000000099999999993 0.99999999400000005867 0.00000000099999999993 
0.00000000099999999994 0.00000000099999999994 0.99999999399999994765 0.00000000099999999994 0.00000000099999999994 0.00000000099999999994 0.00000000099999999994 
0.99999999400000005867 0.00000000099999999976 0.00000000099999999976 0.00000000099999999976 0.00000000099999999976 0.00000000099999999976 0.00000000099999999976 
0.00000000099999999994 0.00000000099999999994 0.00000000099999999994 0.00000000099999999994 0.00000000099999999994 0.99999999400000005867 0.00000000099999999994 
0.99999999400000005867 0.00000000099999999973 0.00000000099999999973 0.00000000099999999973 0.00000000099999999973 0.00000000099999999973 0.00000000099999999973 
0.00000000099999999995 0.00000000099999999995 0.99999999399999994765 0.00000000099999999995 0.00000000099999999995 0.00000000099999999995 0.00000000099999999995 
0.00000000099999999992 0.00000000099999999992 0.99999999400000005867 0.00000000099999999992 0.00000000099999999992 0.00000000099999999992 0.00000000099999999992 
0.99999999400000005867 0.00000000099999999969 0.00000000099999999969 0.00000000099999999969 0.00000000099999999969 0.00000000099999999969 0.00000000099999999969 
0.99999999400000016969 0.00000000099999999972 0.00000000099999999972 0.00000000099999999972 0.00000000099999999972 0.00000000099999999972 0.00000000099999999972 
0.00000000099999999996 0.00000000099999999996 0.99999999400000005867 0.00000000099999999996 0.00000000099999999996 0.00000000099999999996 0.00000000099999999996 
0.00000000099999999996 0.00000000099999999996 0.99999999399999994765 0.00000000099999999996 0.00000000099999999996 0.00000000099999999996 0.00000000099999999996 
0.00000000099999999996 0.00000000099999999996 0.99996671789104940586 0.00000000099999999996 0.00003327710895052982 0.00000000099999999996 0.00000000099999999996 
0.99999999400000005867 0.00000000099999999976 0.00000000099999999976 0.00000000099999999976 0.00000000099999999976 0.00000000099999999976 0.00000000099999999976 
0.00000000099999999998 0.00000000099999999998 0.01901270588718518423 0.98098728911281474208 0.00000000099999999998 0.00000000099999999998 0.00000000099999999998 
0.00000000099999999995 0.00000000099999999995 0.00000000099999999995 0.99999999399999994765 0.00000000099999999995 0.00000000099999999995 0.00000000099999999995 
0.00000000099999999997 0.00000000099999999997 0.00000013395474574656 0.63550196186427010403 0.00000000099999999997 0.00000000099999999997 0.36449790018098415789 
0.00000000099999999999 0.00000000099999999999 0.00010004316675135349 0.51323159007411012222 0.16782316355882845316 0.29717744309787830215 0.02166775810243170425 
0.00000000099999999995 0.00000000099999999995 0.99999999399999994765 0.00000000099999999995 0.00000000099999999995 0.00000000099999999995 0.00000000099999999995 
0.00000000099999999999 0.00000000099999999999 0.00000000099999999999 0.31131793150656977831 0.31536527314015982970 0.00000000099999999999 0.37331679135327033858 
0.00000000099999999967 0.99999999400000016969 0.00000000099999999967 0.00000000099999999967 0.00000000099999999967 0.00000000099999999967 0.00000000099999999967 
0.00000000099999999990 0.00000000099999999990 0.00000000099999999990 0.00000000099999999990 0.00000000099999999990 0.00000000099999999990 0.99999999400000005867 
0.00000000099999999968 0.99999999400000005867 0.00000000099999999968 0.00000000099999999968 0.00000000099999999968 0.00000000099999999968 0.00000000099999999968 
0.00000000099999999992 0.00000000099999999992 0.00000000099999999992 0.00000000099999999992 0.99999999399999994765 0.00000000099999999992 0.00000000099999999992 
0.00000000099999999968 0.99999999400000005867 0.00000000099999999968 0.00000000099999999968 0.00000000099999999968 0.00000000099999999968 0.00000000099999999968 
0.00000000099999999999 0.00000000099999999999 0.00000244919596861522 0.36826840716565989453 0.00000045122882022002 0.28490806211632030420 0.34682062829323101472 
0.00284660012349226624 0.00000000099999999999 0.00000000099999999999 0.42855356878432682155 0.13924897518844192579 0.00000000099999999999 0.42935085290373903311 
0.00000000099999999993 0.00000000099999999993 0.99999999399999994765 0.00000000099999999993 0.00000000099999999993 0.00000000099999999993 0.00000000099999999993 
0.00000000099999999997 0.00000000099999999997 0.00000000099999999997 0.35177386627090445614 0.11365284649727140642 0.21782778910463465594 0.31674549512718946920 
0.00000000099999999969 0.99999999400000016969 0.00000000099999999969 0.00000000099999999969 0.00000000099999999969 0.00000000099999999969 0.00000000099999999969 
0.00000000099999999971 0.99999999400000016969 0.00000000099999999971 0.00000000099999999971 0.00000000099999999971 0.00000000099999999971 0.00000000099999999971 
0.00000000099999999998 0.00000000099999999998 0.08359802319840378693 0.00000000099999999998 0.00000000099999999998 0.43290968600137363920 0.48349228680022254823 
0.00000000099999999994 0.00000000099999999994 0.99999999400000005867 0.00000000099999999994 0.00000000099999999994 0.00000000099999999994 0.00000000099999999994 
0.99999999400000016969 0.00000000099999999978 0.00000000099999999978 0.00000000099999999978 0.00000000099999999978 0.00000000099999999978 0.00000000099999999978 
0.00000000099999999994 0.00000000099999999994 0.99999999399999994765 0.00000000099999999994 0.00000000099999999994 0.00000000099999999994 0.00000000099999999994 
0.00000000099999999999 0.00000000099999999999 0.02616604858199926900 0.46087082158753972516 0.22299747323599014570 0.28996565287001196953 0.00000000172445881911 
0.00000000099999999965 0.99999999400000005867 0.00000000099999999965 0.00000000099999999965 0.00000000099999999965 0.00000000099999999965 0.00000000099999999965 
0.99999999400000016969 0.00000000099999999967 0.00000000099999999967 0.00000000099999999967 0.00000000099999999967 0.00000000099999999967 0.00000000099999999967 
0.00000000099999999973 0.99999999400000005867 0.00000000099999999973 0.00000000099999999973 0.00000000099999999973 0.00000000099999999973 0.00000000099999999973 
0.01630006828195348922 0.00000000100000000000 0.00000000100000000000 0.31190973962913315365 0.18265278723087632895 0.13004074169850204923 0.35909666115953486898 
0.00000000099999999992 0.00000000099999999992 0.99999999400000005867 0.00000000099999999992 0.00000000099999999992 0.00000000099999999992 0.00000000099999999992 
0.00000000099999999994 0.00000000099999999994 0.99999999399999994765 0.00000000099999999994 0.00000000099999999994 0.00000000099999999994 0.00000000099999999994 
0.00000000099999999999 0.00000000099999999999 0.22959454407642987395 0.09034301990026494256 0.18939678897328787732 0.25637157047067610227 0.23429407457934120496 
0.02375847382113601552 0.00000000099999999999 0.00000000099999999999 0.49086814672245354663 0.26522416971680357056 0.07691321712965649982 0.14323599060995037546 
0.00000000099999999998 0.00000000099999999998 0.00000001041957625969 0.41869691286891957960 0.17598982686684508381 0.40531252653061172753 0.00000072131404736958 
0.00000000099999999998 0.00000000099999999998 0.01563515113014475599 0.31958223516799810771 0.20657647930938166647 0.15515319378048703092 0.30305293861198845384 
0.00000000099999999999 0.00000000099999999999 0.00000000099999999999 0.40963563805243174976 0.27002978921643200350 0.07814693640953818132 0.24218763332159812252 
0.00000000099999999997 0.00000000099999999997 0.00000000099999999997 0.13941773250167927012 0.27995786444986625607 0.32639962492546720219 0.25422477512298730096 
0.00000000099999999998 0.00000000099999999998 0.00000000099999999998 0.57185149091561127133 0.09958568709333896762 0.00000000099999999998 0.32856281799104974928 
0.00000000099999999997 0.00000000099999999997 0.00000000099999999997 0.53205259720788933286 0.46794719569309589646 0.00000000099999999997 0.00000020309901473337 
0.00000000099999999999 0.00000000099999999999 0.02524132494457752285 0.42386688786224735459 0.22635893672402898624 0.32431518084657673384 0.00021766762256944701 
0.00000000099999999995 0.00000000099999999995 0.99999999400000005867 0.00000000099999999995 0.00000000099999999995 0.00000000099999999995 0.00000000099999999995 
0.00000000099999999998 0.00000000099999999998 0.98596500609684556427 0.00000000099999999998 0.00000000099999999998 0.00000000099999999998 0.01403498890315455112 
0.00000000099999999981 0.99999999400000005867 0.00000000099999999981 0.00000000099999999981 0.00000000099999999981 0.00000000099999999981 0.00000000099999999981 
0.00000000099999999997 0.00000000099999999997 0.99999999400000005867 0.00000000099999999997 0.00000000099999999997 0.00000000099999999997 0.00000000099999999997 
0.00000000099999999997 0.00000000099999999997 0.98821228350246237415 0.01178771149753747409 0.00000000099999999997 0.00000000099999999997 0.00000000099999999997 
0.00000000099999999996 0.00000000099999999996 0.00000000099999999996 0.99999999399999994765 0.00000000099999999996 0.00000000099999999996 0.00000000099999999996 
0.00000000099999999961 0.99999999400000016969 0.00000000099999999961 0.00000000099999999961 0.00000000099999999961 0.00000000099999999961 0.00000000099999999961 
0.00000000099999999995 0.00000000099999999995 0.00000000099999999995 0.00000000099999999995 0.00000000099999999995 0.99999999399999994765 0.00000000099999999995 
0.00000000099999999995 0.00000000099999999995 0.00000000099999999995 0.99999999399999994765 0.00000000099999999995 0.00000000099999999995 0.00000000099999999995 
0.00464495329746036738 0.00000000100000000000 0.00000000100000000000 0.38566672290455455974 0.14308542407212462844 0.19952367183245608984 0.26707922589340427066 
0.00000000099999999998 0.00000000099999999998 0.00000000099999999998 0.68164250582303487214 0.31835748917696504723 0.00000000099999999998 0.00000000099999999998 
0.00000000099999999998 0.00000000099999999998 0.00000000099999999998 0.57009616720207378915 0.00000000099999999998 0.00000000099999999998 0.42990382779792613022 
0.00000000099999999998 0.00000000099999999998 0.02409318049750120913 0.35753564461191589263 0.23378229754582260935 0.38458887434476007883 0.00000000099999999998 
0.00000000099999999999 0.00000000099999999999 0.00000000099999999999 0.33202086038004324786 0.00002287933786189177 0.34915710697331969747 0.31879915030877509219 
0.00000000099999999999 0.00000000099999999999 0.00113839363965299021 0.19753650138154818516 0.00000000099999999999 0.42920944442609398894 0.37211565755270481493 
0.02720561730711004017 0.00000000100000000000 0.01170481121021933572 0.37556566118811551824 0.07908268911222428310 0.18731383400600232214 0.31912738617632852023 
0.00000000099999999997 0.00000000099999999997 0.00000000099999999997 0.77909223247317360705 0.22090776252682647884 0.00000000099999999997 0.00000000099999999997 
0.00000000099999999996 0.00000000099999999996 0.00000000099999999996 0.57941356363118923234 0.00000000099999999996 0.42058605057424308660 0.00000038179456751275 
0.01695697515632646479 0.00000000099999999997 0.00000000099999999997 0.98304301984367359335 0.00000000099999999997 0.00000000099999999997 0.00000000099999999997 
0.00447281548430818448 0.00000000099999999998 0.00000000099999999998 0.44204000853588892861 0.00000024555426396261 0.32165144826977826176 0.23183548015576072032 
0.00000000099999999992 0.00000000099999999992 0.00000000099999999992 0.00000000099999999992 0.00000000099999999992 0.00000000099999999992 0.99999999400000005867 
0.00000000099999999998 0.00000000099999999998 0.00000000099999999998 0.26757141207797158211 0.21764996816413795244 0.00000000099999999998 0.51477861575789030102 
0.00000000099999999998 0.00000000099999999998 0.02349644410263766747 0.24454431223989370192 0.15142640456854492004 0.24253358735382382627 0.33799924973509998249 
0.00000000099999999999 0.00000000099999999999 0.00000000099999999999 0.59745347094282041933 0.00000000099999999999 0.40254652405717950003 0.00000000099999999999 
0.00000000099999999999 0.00000000099999999999 0.01898665309393891484 0.48774480890384669385 0.15829634211536897093 0.33497219288684537686 0.00000000099999999999 
0.00000000099999999999 0.00000000099999999999 0.00000000099999999999 0.30972318953791849738 0.19171516411969033444 0.28288978088762384289 0.21567186245476729911 
0.00000000099999999998 0.00000000099999999998 0.01225634298967497385 0.34796879296165483808 0.20750363430646434626 0.40003077152017896267 0.03224045622202686978 
0.00359478818668581722 0.06754998364167084934 0.01389625550683207603 0.25786401568334632595 0.19786493622106304802 0.17841522006839627412 0.28081480069200559502 
0.00000000099999999997 0.00000000099999999997 0.00000000099999999997 0.00000000099999999997 0.05927607013835830413 0.48976376713530817009 0.45096015872633360422 
0.00000000099999999998 0.00000000099999999998 0.00897016554718423932 0.25558177079868987791 0.27311940297736519989 0.23314523208743756499 0.22918342658932305822 
0.00000000099999999996 0.00000000099999999996 0.00000000099999999996 0.00000000099999999996 0.31753131016205293768 0.68246868483794698168 0.00000000099999999996 
0.00929584734332857855 0.00000000099999999999 0.00000000099999999999 0.36859487712439298335 0.15913022381990135634 0.38075551484330927288 0.08222353486906781861 
0.00000000099999999998 0.00000000099999999998 0.00533611923462064611 0.47311659737178113350 0.26690040606463166784 0.00000000099999999998 0.25464687432896665475 
0.00000000099999999998 0.00000000099999999998 0.00000000099999999998 0.00000000099999999998 0.36431620032155909161 0.63568379467844082775 0.00000000099999999998 
0.00658027448249623882 0.00000000099999999999 0.00813298719035769439 0.31928892913297279854 0.28720646771131613795 0.28851724172249465505 0.09027409876036236736 
0.00000000099999999997 0.00000000099999999997 0.00000000099999999997 0.00000000099999999997 0.00000000099999999997 0.40606526118094471434 0.59393473381905514952 
0.00000000099999999991 0.00000000099999999991 0.00000000099999999991 0.00000000099999999991 0.99999999400000005867 0.00000000099999999991 0.00000000099999999991 
0.00000000099999999994 0.00000000099999999994 0.99999999400000005867 0.00000000099999999994 0.00000000099999999994 0.00000000099999999994 0.00000000099999999994 
0.00000000099999999997 0.00000000099999999997 0.99765863833572743236 0.00000000099999999997 0.00000000099999999997 0.00234135666427262882 0.00000000099999999997 
0.00000000099999999974 0.99999999400000016969 0.00000000099999999974 0.00000000099999999974 0.00000000099999999974 0.00000000099999999974 0.00000000099999999974 
0.99999999400000016969 0.00000000099999999968 0.00000000099999999968 0.00000000099999999968 0.00000000099999999968 0.00000000099999999968 0.00000000099999999968 
0.03569215053544669281 0.00000000099999999999 0.89291457265284879252 0.07139327281170461392 0.00000000099999999999 0.00000000099999999999 0.00000000099999999999 
0.00000000099999999997 0.00000000099999999997 0.00000000099999999997 0.53974849114140721618 0.00000000099999999997 0.00000000099999999997 0.46025150385859286972 
0.00000000099999999992 0.00000000099999999992 0.00000000099999999992 0.00000000099999999992 0.00000000099999999992 0.00000000099999999992 0.99999999399999994765 
0.00309905368764356974 0.00000000099999999998 0.98109350265948203074 0.00000000099999999998 0.00000000099999999998 0.01580743965287427846 0.00000000099999999998 
0.00000000099999999998 0.00000000099999999998 0.00655102673165448672 0.51703309570180477905 0.00000000099999999998 0.21577837617245643198 0.26063749839408423270 
0.00713494347106342734 0.00000000099999999998 0.00000000099999999998 0.45973014245275339862 0.24177849567106965423 0.12711642926736602122 0.16423998713774731750 
0.00000000099999999993 0.00000000099999999993 0.00000000099999999993 0.00000000099999999993 0.00000000099999999993 0.99999999399999994765 0.00000000099999999993 
0.00000000099999999966 0.99999999400000005867 0.00000000099999999966 0.00000000099999999966 0.00000000099999999966 0.00000000099999999966 0.00000000099999999966 
0.00000000099999999968 0.99999999400000016969 0.00000000099999999968 0.00000000099999999968 0.00000000099999999968 0.00000000099999999968 0.00000000099999999968 
0.00000000099999999961 0.99999999400000005867 0.00000000099999999961 0.00000000099999999961 0.00000000099999999961 0.00000000099999999961 0.00000000099999999961 
0.00000000099999999963 0.99999999400000005867 0.00000000099999999963 0.00000000099999999963 0.00000000099999999963 0.00000000099999999963 0.00000000099999999963 
0.00000000099999999964 0.99999999400000005867 0.00000000099999999964 0.00000000099999999964 0.00000000099999999964 0.00000000099999999964 0.00000000099999999964 
0.00000000099999999997 0.00000000099999999997 0.99999999400000005867 0.00000000099999999997 0.00000000099999999997 0.00000000099999999997 0.00000000099999999997 
0.00000000099999999998 0.00000000099999999998 0.00000000099999999998 0.00000000099999999998 0.55073832267182154521 0.00000000099999999998 0.44926167232817842967 
0.00000000099999999963 0.99999999400000005867 0.00000000099999999963 0.00000000099999999963 0.00000000099999999963 0.00000000099999999963 0.00000000099999999963 
0.00000000099999999969 0.99999999400000005867 0.00000000099999999969 0.00000000099999999969 0.00000000099999999969 0.00000000099999999969 0.00000000099999999969 
0.99999999400000016969 0.00000000099999999967 0.00000000099999999967 0.00000000099999999967 0.00000000099999999967 0.00000000099999999967 0.00000000099999999967 
0.99999999400000016969 0.00000000099999999967 0.00000000099999999967 0.00000000099999999967 0.00000000099999999967 0.00000000099999999967 0.00000000099999999967 
0.00000000099999999993 0.00000000099999999993 0.00000000099999999993 0.99999999400000005867 0.00000000099999999993 0.00000000099999999993 0.00000000099999999993 
0.00000000099999999966 0.99999999400000016969 0.00000000099999999966 0.00000000099999999966 0.00000000099999999966 0.00000000099999999966 0.00000000099999999966 
0.00000000099999999995 0.00000000099999999995 0.00000000099999999995 0.99999999399999994765 0.00000000099999999995 0.00000000099999999995 0.00000000099999999995 
0.00000000099999999997 0.00000000099999999997 0.00000000099999999997 0.00000000099999999997 0.00000000099999999997 0.49438902671356282914 0.50561096828643714574 
0.00000000099999999997 0.00000000099999999997 0.94110191279229937766 0.00000000099999999997 0.00000000099999999997 0.05889808220770049313 0.00000000099999999997 
0.00000000099999999991 0.00000000099999999991 0.00000000099999999991 0.00000000099999999991 0.99999999400000005867 0.00000000099999999991 0.00000000099999999991 
0.00000000099999999992 0.00000000099999999992 0.99999999400000005867 0.00000000099999999992 0.00000000099999999992 0.00000000099999999992 0.00000000099999999992 
0.00000000099999999994 0.00000000099999999994 0.00000000099999999994 0.99999999399999994765 0.00000000099999999994 0.00000000099999999994 0.00000000099999999994 
0.00000000099999999994 0.00000000099999999994 0.99999999399999994765 0.00000000099999999994 0.00000000099999999994 0.00000000099999999994 0.00000000099999999994 
0.01330660521231624531 0.00000000099999999999 0.00005484019321684329 0.15057674581022914562 0.15648740778820671715 0.44472902520791013359 0.23484537478812095301 
0.00000000099999999999 0.00000000099999999999 0.00000000099999999999 0.04558790164175392789 0.00000000099999999999 0.44555769627471342176 0.50885439808353261082 
0.00000000099999999969 0.99999999400000005867 0.00000000099999999969 0.00000000099999999969 0.00000000099999999969 0.00000000099999999969 0.00000000099999999969 
0.00000000099999999995 0.00000000099999999995 0.99999999400000005867 0.00000000099999999995 0.00000000099999999995 0.00000000099999999995 0.00000000099999999995 
0.00000000099999999964 0.99999999400000005867 0.00000000099999999964 0.00000000099999999964 0.00000000099999999964 0.00000000099999999964 0.00000000099999999964 
0.00000000099999999963 0.99999999400000016969 0.00000000099999999963 0.00000000099999999963 0.00000000099999999963 0.00000000099999999963 0.00000000099999999963 
0.00000000099999999994 0.00000000099999999994 0.00000000099999999994 0.00000000099999999994 0.00000000099999999994 0.99999999400000005867 0.00000000099999999994 
0.00000000099999999998 0.00000000099999999998 0.00450970878363678596 0.40089915913441953599 0.26659270189800543527 0.32799842718393812380 0.00000000099999999998 
0.00000000099999999998 0.00000000099999999998 0.00000000099999999998 0.50170017073063410962 0.19152962099271189644 0.00000035827878481296 0.30676984699786913335 
0.00000000099999999998 0.00000000099999999998 0.00000000099999999998 0.64424369487037902449 0.20601096278886277258 0.00000720681912260014 0.14973813252163561960 
0.00014363331395476756 0.00000000099999999999 0.00000000099999999999 0.00000000099999999999 0.28353602961402002425 0.32641122319160909004 0.38990911088041596555 
0.00333584520734830654 0.00000000099999999998 0.00611309226511977648 0.28850769417186622467 0.30453171582496241232 0.18417895045985971381 0.21333270107084359446 
0.00000000099999999998 0.00000000099999999998 0.00000000099999999998 0.46762255821360859676 0.28177740161124081864 0.00000129045992718447 0.25059874671522325285 
0.00000000099999999997 0.00000000099999999997 0.97852019234252474167 0.02147555329090476695 0.00000000099999999997 0.00000000099999999997 0.00000425036657043360 
0.00000000099999999997 0.00000000099999999997 0.00000000099999999997 0.16556028276586021164 0.26063754657404858417 0.14781849817713094142 0.42598366948296018109 
0.00000000099999999963 0.99999999400000005867 0.00000000099999999963 0.00000000099999999963 0.00000000099999999963 0.00000000099999999963 0.00000000099999999963 
0.00000000099999999998 0.00000000099999999998 0.00000000099999999998 0.65270392412571587304 0.12596386226493061500 0.21785488123349855405 0.00347732937585483242 
0.00000000099999999988 0.99999999400000005867 0.00000000099999999988 0.00000000099999999988 0.00000000099999999988 0.00000000099999999988 0.00000000099999999988 
0.00000000099999999968 0.99999999400000016969 0.00000000099999999968 0.00000000099999999968 0.00000000099999999968 0.00000000099999999968 0.00000000099999999968 
0.00000000099999999998 0.00000000099999999998 0.01599722335745231913 0.27156358061525764924 0.00000000099999999998 0.36907078911010648969 0.34336840391718337351 
0.00000000099999999992 0.00000000099999999992 0.00000000099999999992 0.00000000099999999992 0.00000000099999999992 0.00000000099999999992 0.99999999400000005867 
0.00000000099999999998 0.00000000099999999998 0.01181984616834495447 0.27515291261971985826 0.00000000099999999998 0.58517168639018202203 0.12785555182175309397 
0.00000000099999999971 0.99999999400000016969 0.00000000099999999971 0.00000000099999999971 0.00000000099999999971 0.00000000099999999971 0.00000000099999999971 
0.00000000099999999994 0.00000000099999999994 0.99999999400000005867 0.00000000099999999994 0.00000000099999999994 0.00000000099999999994 0.00000000099999999994 
0.00000000099999999994 0.00000000099999999994 0.99999999400000005867 0.00000000099999999994 0.00000000099999999994 0.00000000099999999994 0.00000000099999999994 
0.00000000099999999968 0.99999999400000016969 0.00000000099999999968 0.00000000099999999968 0.00000000099999999968 0.00000000099999999968 0.00000000099999999968 
0.00000000099999999998 0.00000000099999999998 0.00000000099999999998 0.58367311178892489210 0.41632683164524880715 0.00000005256582615392 0.00000000099999999998 
0.00360274571626318296 0.00000000099999999999 0.03730300467615593751 0.45219462364583562497 0.07547144517147397202 0.43142817879027123285 0.00000000099999999999 
0.00000000099999999969 0.99999999400000005867 0.00000000099999999969 0.00000000099999999969 0.00000000099999999969 0.00000000099999999969 0.00000000099999999969 
0.00020645523946526714 0.00000000099999999999 0.00000000099999999999 0.26631932280372710986 0.26691182526331252989 0.24533395775168750919 0.22122843694180757690 
0.00000000099999999992 0.00000000099999999992 0.99999999400000005867 0.00000000099999999992 0.00000000099999999992 0.00000000099999999992 0.00000000099999999992 
0.10606469777349007699 0.09928495136482515249 0.21702163128154525196 0.00000000099999999999 0.00000000099999999999 0.57762871658013947851 0.00000000099999999999 
0.00000000099999999999 0.00000000099999999999 0.01895707856685890230 0.28643290129438547797 0.26297092055231935381 0.00000000099999999999 0.43163909658643634382 
0.01072408793990158385 0.00000000099999999999 0.02270809530477138627 0.13739025359805992488 0.25428951689154966065 0.33487612974725494697 0.24001191551846262628 
0.00000000099999999994 0.00000000099999999994 0.00000000099999999994 0.00000000099999999994 0.00000000099999999994 0.00000000099999999994 0.99999999399999994765 
0.00000000099999999997 0.00000000099999999997 0.00000000099999999997 0.00000000099999999997 0.00000000099999999997 0.61151883415799135335 0.38848116084200867704 
0.00000000099999999990 0.00000000099999999990 0.00000000099999999990 0.00000000099999999990 0.99999999399999994765 0.00000000099999999990 0.00000000099999999990 
0.00000000099999999999 0.00000000099999999999 0.00000000099999999999 0.53124237661022744028 0.32010820776977483293 0.14862744516067311062 0.00002196745932459271 
0.00110021490122320432 0.00000000099999999998 0.00000000099999999998 0.70846343297916569703 0.29043634811961116515 0.00000000099999999998 0.00000000099999999998 
0.00000000099999999999 0.00000000099999999999 0.00000489466005303886 0.34849996729185922506 0.00000000099999999999 0.61708935126758934775 0.03440578378049844593 
0.00000000099999999996 0.00000000099999999996 0.99999999400000005867 0.00000000099999999996 0.00000000099999999996 0.00000000099999999996 0.00000000099999999996 
0.00000000099999999998 0.00000000099999999998 0.00000000913334721429 0.36524340737377264388 0.18453720217051561292 0.45021827773064132527 0.00000110159172316383 
0.00003644379213358263 0.00000000099999999999 0.00000000099999999999 0.40590183108959809744 0.13923874873978783762 0.13774888529839843243 0.31707408908008216653 
0.00000000099999999999 0.00000000099999999999 0.04090701025844357963 0.44237420951565181726 0.18737370775823525282 0.13589799399813501379 0.19344707646953443470 
0.00000000099999999991 0.00000000099999999991 0.00000000099999999991 0.00000000099999999991 0.00000000099999999991 0.00000000099999999991 0.99999999399999994765 
0.00000000099999999999 0.00000000099999999999 0.03274809190304373008 0.34150681670816090962 0.13233892184405010584 0.00000000099999999999 0.49340616654474528380 
0.00000000099999999991 0.00000000099999999991 0.00000000099999999991 0.00000000099999999991 0.00000000099999999991 0.00000000099999999991 0.99999999399999994765 
0.00000000099999999999 0.00000000099999999999 0.00353961862891984070 0.30564182160540964706 0.13701602860943895568 0.22188604195349712067 0.33191648720273431161 
0.00000000099999999997 0.00000000099999999997 0.97733218536098076523 0.00000000099999999997 0.02266780963901916454 0.00000000099999999997 0.00000000099999999997 
0.01182067209007188653 0.00000000099999999999 0.01284012564155266774 0.48044119061711565433 0.00000000099999999999 0.27371582567751406856 0.22118218397374564410 
0.00333897320636263647 0.00000000099999999999 0.00000000099999999999 0.36427004729780776415 0.00000001006663717161 0.28723694783496533933 0.34515401959422703504 
0.00000000099999999999 0.00000000099999999999 0.00000000099999999999 0.49974271638140060903 0.32684377075988491068 0.17341350885871456566 0.00000000099999999999 
0.00000000099999999997 0.00000000099999999997 0.99999999399999994765 0.00000000099999999997 0.00000000099999999997 0.00000000099999999997 0.00000000099999999997 
0.00000000100000000000 0.01812277844431446280 0.02028726936667355277 0.34253111895437299284 0.14894853112341727153 0.29097043947529593888 0.17913986163592571232 
0.00001039056439266914 0.00000000099999999999 0.00000000099999999999 0.49903101375271946560 0.21425360541871107944 0.28670467305112901091 0.00000031521304789454 
0.00000000099999999998 0.00000000099999999998 0.48259559008326557983 0.00000000099999999998 0.01450094678266438362 0.50290345913406997447 0.00000000099999999998 
0.00000000099999999998 0.00000000099999999998 0.00908665097200889345 0.54324925393728806799 0.26446678157618103144 0.00000004125306950478 0.18319727026145246618 
0.00000000099999999970 0.99999999400000016969 0.00000000099999999970 0.00000000099999999970 0.00000000099999999970 0.00000000099999999970 0.00000000099999999970 
0.00000000099999999995 0.00000000099999999995 0.00000000099999999995 0.00000000099999999995 0.00000000099999999995 0.99999999400000005867 0.00000000099999999995 
0.00000000099999999998 0.00000000099999999998 0.00000002170182209396 0.63679344426632489284 0.36320653003185299212 0.00000000099999999998 0.00000000099999999998 
