0.00000000100000000000 0.32042196419121482531 0.64327147140919938018 0.01266436086077741587 0.00024785228431795255 0.02339435025449045080 
0.53406020030833667445 0.00000000099999999995 0.00000000099999999995 0.46593979569166338317 0.00000000099999999995 0.00000000099999999995 
0.53239086181469708059 0.00000000099999999995 0.00000000099999999995 0.46760913418530292152 0.00000000099999999995 0.00000000099999999995 
0.04717159689891321783 0.40239915481643195871 0.54892989436533012881 0.00000000099999999999 0.00000000099999999999 0.00149935191932465189 
0.00060744419293215534 0.42385927886425805999 0.56616529018776640125 0.00000000100000000000 0.00000000100000000000 0.00936798475504335877 
0.03431888523486444770 0.16924320952066004842 0.79259049710267082123 0.00000000099999999999 0.00000000099999999999 0.00384740614180482336 
0.58030130323727491248 0.00000000099999999996 0.00000000099999999996 0.41969869276272508962 0.00000000099999999996 0.00000000099999999996 
0.99999999500000003039 0.00000000099999999992 0.00000000099999999992 0.00000000099999999992 0.00000000099999999992 0.00000000099999999992 
0.00000000099999999998 0.00000000099999999998 0.96428701921996939905 0.02560876654530131608 0.00000000099999999998 0.01010421123472928992 
0.55260017420118123788 0.00000000099999999995 0.00000000099999999995 0.44739982179881881974 0.00000000099999999995 0.00000000099999999995 
0.00000000175107899648 0.37268369540536289142 0.59693759852939531907 0.02057209752548012568 0.00000000100000000000 0.00980660578868271411 
0.00000000099999999998 0.33625272298745606525 0.62442644468527597201 0.03206233451620350838 0.00000000099999999998 0.00725849581106451612 
0.00800557738968561694 0.41341329788496544717 0.57483019547089120316 0.00000000100000000000 0.00000000100000000000 0.00375092725445779797 
0.01469323189874461970 0.40624212644877993883 0.56432354986135235819 0.00000000099999999999 0.00000000099999999999 0.01474108979112301321 
0.00000000100000000000 0.51925621319937609321 0.46158264848902191835 0.00001515605777064352 0.00319885051511235776 0.01594713073871895440 
0.06184371634452404815 0.25751220841763733382 0.64719392942992437501 0.00266068009326167303 0.00000000099999999999 0.03078946471465265899 
0.00000000099999999997 0.00000000099999999997 0.99999999499999991937 0.00000000099999999997 0.00000000099999999997 0.00000000099999999997 
0.00000000099999999999 0.22806073212109634341 0.76731062762520763076 0.00000000099999999999 0.00321717956979339186 0.00141145868390266777 
0.01111355189283104623 0.36487590490685362088 0.60936229077765524664 0.00000000100000000000 0.00746915607971298384 0.00717909534294728768 
0.00000000099999999998 0.41428697091320226820 0.57623827935294835711 0.00530896360312681660 0.00000000099999999998 0.00416578413072250364 
0.00024828660761033234 0.30647568691900572979 0.68664991995856439200 0.00662610451481948724 0.00000000099999999999 0.00000000099999999999 
0.00000000099999999985 0.00000000099999999985 0.00000000099999999985 0.99999999499999991937 0.00000000099999999985 0.00000000099999999985 
0.02886813247649559766 0.45855800626576964651 0.51224589435466549858 0.00032796490306917709 0.00000000099999999999 0.00000000099999999999 
0.00000000099999999993 0.99999999500000003039 0.00000000099999999993 0.00000000099999999993 0.00000000099999999993 0.00000000099999999993 
0.03957641868927303658 0.26348106799233406150 0.69694251031839282717 0.00000000099999999998 0.00000000099999999998 0.00000000099999999998 
0.00000000099999999999 0.33967501726109322613 0.65722264854494383268 0.00000000099999999999 0.00000000099999999999 0.00310233119396291848 
0.00000000099999999978 0.00000000099999999978 0.00000000099999999978 0.00000000099999999978 0.00000000099999999978 0.99999999499999991937 
0.00000000099999999975 0.00000000099999999975 0.00000000099999999975 0.00000000099999999975 0.00000000099999999975 0.99999999499999991937 
0.00000000100000000000 0.39224230106448354505 0.58540700311500348807 0.01552043634768954586 0.00000000100000000000 0.00683025747282353570 
0.00000000099999999999 0.16421463692695037473 0.82683556863569773743 0.00000000099999999999 0.00000000099999999999 0.00894979143735204555 
0.00000000099999999997 0.00000000099999999997 0.97000418618542438853 0.02999580981457555112 0.00000000099999999997 0.00000000099999999997 
0.00000000099999999986 0.00000000099999999986 0.00000000099999999986 0.99999999499999991937 0.00000000099999999986 0.00000000099999999986 
0.00000000099999999994 0.41159267940284621767 0.00000000099999999994 0.23561128165345898711 0.00000000099999999994 0.35279603594369474129 
0.00000000099999999997 0.00000000099999999997 0.99999999499999991937 0.00000000099999999997 0.00000000099999999997 0.00000000099999999997 
0.00000000099999999975 0.00000000099999999975 0.00000000099999999975 0.00000000099999999975 0.99999999500000003039 0.00000000099999999975 
0.00000000099999999968 0.00000000099999999968 0.00000000099999999968 0.00000000099999999968 0.99999999499999991937 0.00000000099999999968 
0.00000000099999999968 0.00000000099999999968 0.00000000099999999968 0.00000000099999999968 0.99999999499999991937 0.00000000099999999968 
0.00000000099999999979 0.00000000099999999979 0.00000000099999999979 0.00000000099999999979 0.00000000099999999979 0.99999999500000003039 
0.00000000099999999976 0.00000000099999999976 0.00000000099999999976 0.00000000099999999976 0.00000000099999999976 0.99999999500000003039 
0.00000000099999999994 0.99999999500000003039 0.00000000099999999994 0.00000000099999999994 0.00000000099999999994 0.00000000099999999994 
0.99999999500000014141 0.00000000099999999993 0.00000000099999999993 0.00000000099999999993 0.00000000099999999993 0.00000000099999999993 
0.00000000099999999977 0.00000000099999999977 0.00000000099999999977 0.00000000099999999977 0.00000000099999999977 0.99999999499999991937 
0.00000000099999999995 0.99999999500000014141 0.00000000099999999995 0.00000000099999999995 0.00000000099999999995 0.00000000099999999995 
0.60071228728374115313 0.00000000099999999995 0.00000000099999999995 0.39928770871625901551 0.00000000099999999995 0.00000000099999999995 
0.00000000099999999980 0.00000000099999999980 0.00000000099999999980 0.00000000099999999980 0.00000000099999999980 0.99999999499999991937 
0.00000000099999999999 0.27008338426915223796 0.69608851611769351209 0.02815604975230231316 0.00000000099999999999 0.00567204786085189622 
0.00000000099999999978 0.00000000099999999978 0.00000000099999999978 0.00000000099999999978 0.00000000099999999978 0.99999999499999991937 
0.99999999500000003039 0.00000000099999999993 0.00000000099999999993 0.00000000099999999993 0.00000000099999999993 0.00000000099999999993 
0.99999999500000014141 0.00000000099999999991 0.00000000099999999991 0.00000000099999999991 0.00000000099999999991 0.00000000099999999991 
0.00000000099999999975 0.00000000099999999975 0.00000000099999999975 0.00000000099999999975 0.00000000099999999975 0.99999999500000003039 
0.00000000099999999977 0.00000000099999999977 0.00000000099999999977 0.00000000099999999977 0.00000000099999999977 0.99999999500000003039 
0.99999999500000014141 0.00000000099999999993 0.00000000099999999993 0.00000000099999999993 0.00000000099999999993 0.00000000099999999993 
0.57863867273005509251 0.00000000099999999995 0.00000000099999999995 0.42136132326994502062 0.00000000099999999995 0.00000000099999999995 
0.99999999500000003039 0.00000000099999999993 0.00000000099999999993 0.00000000099999999993 0.00000000099999999993 0.00000000099999999993 
0.00000000099999999981 0.00000000099999999981 0.00000000099999999981 0.00000000099999999981 0.00000000099999999981 0.99999999500000003039 
0.02908247017008544835 0.42150590313107255680 0.51289565571317585757 0.02037941014706104101 0.00000000100000000000 0.01613655983860510026 
0.00606146181941944698 0.32188057933598523963 0.64434252936819569335 0.00000000100000000000 0.00000000100000000000 0.02771542747639971910 
0.00000000099999999993 0.99999999500000014141 0.00000000099999999993 0.00000000099999999993 0.00000000099999999993 0.00000000099999999993 
0.00000000099999999994 0.99999999500000003039 0.00000000099999999994 0.00000000099999999994 0.00000000099999999994 0.00000000099999999994 
0.70210652043178378712 0.00000000099999999996 0.00000000099999999996 0.29789347556821621499 0.00000000099999999996 0.00000000099999999996 
0.00000000099999999999 0.00000000099999999999 0.99941849909521240924 0.00000000099999999999 0.00000000099999999999 0.00058149690478763178 
0.00000000099999999972 0.00000000099999999972 0.00000000099999999972 0.00000000099999999972 0.99999999499999991937 0.00000000099999999972 
0.00000000099999999998 0.29780252876221430247 0.67396427752325593907 0.02255605127555176601 0.00000000099999999998 0.00567714043897799003 
0.00000000099999999973 0.00000000099999999973 0.00000000099999999973 0.00000000099999999973 0.99999999500000003039 0.00000000099999999973 
0.00000000099999999999 0.40226029517559325210 0.55083474778663310545 0.04690495403777356770 0.00000000099999999999 0.00000000099999999999 
0.00000000099999999974 0.00000000099999999974 0.00000000099999999974 0.00000000099999999974 0.99999999500000003039 0.00000000099999999974 
0.00000761174123984432 0.00000000099999999998 0.99999238425876013636 0.00000000099999999998 0.00000000099999999998 0.00000000099999999998 
0.01863851524625812286 0.37837861045162507478 0.59570024701981594273 0.00000000206482221224 0.00000000100000000000 0.00728262421747850972 
0.50091605235971392585 0.00000000099999999993 0.00000000099999999993 0.49908394364028624279 0.00000000099999999993 0.00000000099999999993 
0.00000000099999999998 0.26058555786911291596 0.73941443813088714165 0.00000000099999999998 0.00000000099999999998 0.00000000099999999998 
0.00000000099999999974 0.00000000099999999974 0.00000000099999999974 0.00000000099999999974 0.99999999500000003039 0.00000000099999999974 
0.00000000099999999977 0.00000000099999999977 0.00000000099999999977 0.00000000099999999977 0.99999999499999991937 0.00000000099999999977 
0.09473461990815984501 0.45387080872182594682 0.44077599748275619884 0.00000000099999999999 0.00000000099999999999 0.01061857188725810232 
0.00000000099999999985 0.00000000099999999985 0.00000000099999999985 0.99999999499999991937 0.00000000099999999985 0.00000000099999999985 
0.00000000099999999981 0.00000000099999999981 0.00000000099999999981 0.00000000099999999981 0.00000000099999999981 0.99999999500000003039 
0.54637701870184085529 0.00000000099999999994 0.00000000099999999994 0.45362297729815920233 0.00000000099999999994 0.00000000099999999994 
0.03077968404966850702 0.33378649385749359357 0.62203749269458086246 0.01339626139402630596 0.00000006700423072193 0.00000000100000000000 
0.00000000099999999971 0.00000000099999999971 0.00000000099999999971 0.00000000099999999971 0.99999999500000003039 0.00000000099999999971 
0.00000000099999999973 0.00000000099999999973 0.00000000099999999973 0.00000000099999999973 0.00000000099999999973 0.99999999500000003039 
0.00000000099999999978 0.00000000099999999978 0.00000000099999999978 0.00000000099999999978 0.99999999500000003039 0.00000000099999999978 
0.00000000100000000000 0.46957959480596495050 0.50749782383205277458 0.00417704416312927266 0.00168247946284703128 0.01706305673600586395 
0.99999999500000003039 0.00000000099999999991 0.00000000099999999991 0.00000000099999999991 0.00000000099999999991 0.00000000099999999991 
0.99999999500000003039 0.00000000099999999992 0.00000000099999999992 0.00000000099999999992 0.00000000099999999992 0.00000000099999999992 
0.23941560812050333151 0.28859231687131975397 0.47037522309075435745 0.00000000099999999999 0.00000000099999999999 0.00161684991742251801 
0.01738460974940155696 0.35213333021956549906 0.60816134890688744452 0.00000000099999999999 0.00000000099999999999 0.02232070912414549704 
0.00000000099999999999 0.37523791129818412360 0.60354865204413299384 0.02121343365768288067 0.00000000099999999999 0.00000000099999999999 
0.00000055242549168681 0.00000000099999999998 0.97218419964217217544 0.02781524493233615211 0.00000000099999999998 0.00000000099999999998 
0.00215097253987717868 0.44724560939974639107 0.55044442095170753593 0.00000000099999999999 0.00000000099999999999 0.00015899510866895515 
0.00000000099999999998 0.26401012150614244778 0.73598987449385755433 0.00000000099999999998 0.00000000099999999998 0.00000000099999999998 
0.02142047186034402861 0.29668149837608465136 0.68189802676357136324 0.00000000099999999998 0.00000000099999999998 0.00000000099999999998 
0.02483366488534335254 0.36915500007016610606 0.59947200376979237202 0.00000000099999999999 0.00000000099999999999 0.00653932927469818692 
0.00000000099999999999 0.37566184399233498725 0.57920584783645701066 0.04513230517120811469 0.00000000099999999999 0.00000000099999999999 
0.60151111815083269097 0.00000000099999999995 0.00000000099999999995 0.39848887784916742216 0.00000000099999999995 0.00000000099999999995 
0.54564265060965988496 0.00000027071435741891 0.00000000099999999997 0.45435707567598276890 0.00000000099999999997 0.00000000099999999997 
0.00000000099999999984 0.00000000099999999984 0.00000000099999999984 0.00000000099999999984 0.99999999499999991937 0.00000000099999999984 
0.57812736178137535958 0.00000000099999999997 0.00000000099999999997 0.42187263421862486457 0.00000000099999999997 0.00000000099999999997 
0.81379087472947220228 0.00000000099999999997 0.00000000099999999997 0.18620912127052799412 0.00000000099999999997 0.00000000099999999997 
0.00000000099999999999 0.41402563656014212956 0.54929880987628676436 0.03094356602810162740 0.00000000099999999999 0.00573198553546945284 
0.00000000099999999968 0.00000000099999999968 0.00000000099999999968 0.00000000099999999968 0.99999999500000003039 0.00000000099999999968 
0.00000000099999999999 0.39739110401412380824 0.59874728529897891516 0.00000000099999999999 0.00000000099999999999 0.00386160768689734800 
0.00000000099999999999 0.27751805738874446572 0.68570063920543400382 0.03208590097364221599 0.00000000099999999999 0.00469540043217939705 
0.00000721613874071517 0.28719697191929827174 0.69806938351783820451 0.00722421764805417695 0.00000000100000000000 0.00750220977606872157 
0.00000000129054686628 0.36669107480274437671 0.59631304455672795584 0.03344966268953501742 0.00000000100000000000 0.00354621566044587694 
0.00000000099999999993 0.99999999500000014141 0.00000000099999999993 0.00000000099999999993 0.00000000099999999993 0.00000000099999999993 
0.00000000099999999999 0.31673526673459756475 0.62957204707178315850 0.05369268319361927833 0.00000000099999999999 0.00000000099999999999 
0.00000310786350703931 0.49945399483784913564 0.49859400507466000718 0.00000838289877460919 0.00000000099999999999 0.00194050832520921424 
0.00000000099999999999 0.33646879170893112532 0.63148171950390330487 0.02538082401439746214 0.00000000099999999999 0.00666866277276823623 
0.00000090300985294616 0.28415913679656018553 0.65967730519435296976 0.02362701505320145487 0.00227072186567001252 0.03026491808036257253 
0.01349608823623214826 0.37682456942790448773 0.59712914736444011599 0.00000000099999999999 0.00000000099999999999 0.01255019297142342775 
0.00286705085280324805 0.19391434252844039210 0.80321860361875652146 0.00000000099999999998 0.00000000099999999998 0.00000000099999999998 
0.00000000100000000000 0.37093134723341159020 0.57088760043387698495 0.03295954494731959811 0.00000021218003436624 0.02522129420535746888 
0.00000000099999999998 0.32590168322723750416 0.66261351187535633134 0.00000000099999999998 0.00000000099999999998 0.01148480189740634302 
0.00000000099999999999 0.24868226122606248985 0.72156769261455255826 0.02975004315938487021 0.00000000099999999999 0.00000000099999999999 
0.00000000099999999998 0.00000000099999999998 0.99999999031042208220 0.00000000568957778622 0.00000000099999999998 0.00000000099999999998 
0.00000000099999999998 0.45195792401624196311 0.50553352357892022972 0.04250854940483787120 0.00000000099999999998 0.00000000099999999998 
0.00000000099999999999 0.25058734575275709577 0.70919317133455173074 0.03489586093799627864 0.00000000099999999999 0.00532361997469486727 
0.00000000099999999999 0.46749826352697027021 0.48298243465460399815 0.04951929881842566383 0.00000000099999999999 0.00000000099999999999 
0.01605911199735326686 0.41747314520224410028 0.56646773980040265872 0.00000000099999999999 0.00000000099999999999 0.00000000099999999999 
0.02612288177158769709 0.00000000099999999998 0.97387711422841238829 0.00000000099999999998 0.00000000099999999998 0.00000000099999999998 
0.00000000100000000000 0.36581525461618896733 0.51322355908210803843 0.05291066572228228515 0.06667612699939641507 0.00137439258002424684 
0.00000000099999999998 0.38270727719457903193 0.60276027124924391742 0.01453244855617703661 0.00000000099999999998 0.00000000099999999998 
0.02086231903919512354 0.39789448274528033123 0.57982326545161388953 0.00141993076391073720 0.00000000099999999998 0.00000000099999999998 
0.03356152626253267046 0.30844246395611446543 0.65799600678135294896 0.00000000099999999998 0.00000000099999999998 0.00000000099999999998 
0.00000000099999999999 0.30096669751933813330 0.67042403227146840639 0.01204218518117279244 0.00000000099999999999 0.01656708302802071056 
0.02641777570124858449 0.38640953555843376988 0.58717268574031766804 0.00000000099999999998 0.00000000099999999998 0.00000000099999999998 
0.01478307006730075583 0.41117467116689615514 0.56672952318525571247 0.00000000100000000000 0.00321398857164483832 0.00409874600890277208 
0.02444245512289275335 0.40618435393803437039 0.56610088545704129182 0.00000000099999999999 0.00000000099999999999 0.00327230348203153259 
0.00000000099999999997 0.00000000099999999997 0.99999999500000003039 0.00000000099999999997 0.00000000099999999997 0.00000000099999999997 
0.04476856605376331594 0.00000000099999999996 0.95523142994623666535 0.00000000099999999996 0.00000000099999999996 0.00000000099999999996 
0.60183079903158320789 0.00000000099999999995 0.00000000099999999995 0.39816919696841679421 0.00000000099999999995 0.00000000099999999995 
0.99999999500000003039 0.00000000099999999995 0.00000000099999999995 0.00000000099999999995 0.00000000099999999995 0.00000000099999999995 
0.00000000099999999979 0.00000000099999999979 0.00000000099999999979 0.00000000099999999979 0.99999999499999991937 0.00000000099999999979 
0.00000000099999999974 0.00000000099999999974 0.00000000099999999974 0.00000000099999999974 0.00000000099999999974 0.99999999499999991937 
0.61552368000223400824 0.06009782692919606734 0.00000000099999999999 0.28704158262425727433 0.00000000099999999999 0.03733690844431272055 
0.02209488949695552484 0.22557938796448454011 0.75232571953855986724 0.00000000099999999998 0.00000000099999999998 0.00000000099999999998 
0.00000000100000000000 0.28225317230810814673 0.67508526770426513508 0.04255868364086087818 0.00000000100000000000 0.00010287434676578338 
0.57472122210658238561 0.00000000099999999998 0.00000000099999999998 0.42527877389341767200 0.00000000099999999998 0.00000000099999999998 
0.02735437836155697050 0.45540421556032156802 0.51724140307812149775 0.00000000099999999999 0.00000000099999999999 0.00000000099999999999 
0.00564987905798144865 0.32791292358202839274 0.65450333728665455180 0.00000102121486989447 0.00000000099999999998 0.01193283785846571861 
0.00000000099999999999 0.45335822767282779600 0.54435923420598608669 0.00000000099999999999 0.00000000099999999999 0.00228253512118601612 
0.00000000099999999971 0.00000000099999999971 0.00000000099999999971 0.00000000099999999971 0.99999999500000003039 0.00000000099999999971 
0.00000000099999999973 0.00000000099999999973 0.00000000099999999973 0.00000000099999999973 0.99999999499999991937 0.00000000099999999973 
0.00000000099999999968 0.00000000099999999968 0.00000000099999999968 0.00000000099999999968 0.99999999499999991937 0.00000000099999999968 
0.00000000099999999969 0.00000000099999999969 0.00000000099999999969 0.00000000099999999969 0.99999999500000003039 0.00000000099999999969 
0.00000000099999999970 0.00000000099999999970 0.00000000099999999970 0.00000000099999999970 0.99999999499999991937 0.00000000099999999970 
0.44815553241440125865 0.00000000099999999996 0.00000000099999999996 0.55184446358559868795 0.00000000099999999996 0.00000000099999999996 
0.00003258162287321174 0.43618964205590776695 0.55143160358757770112 0.00062305754205571585 0.00000000100000000000 0.01172311419158562733 
0.00000000099999999969 0.00000000099999999969 0.00000000099999999969 0.00000000099999999969 0.99999999500000003039 0.00000000099999999969 
0.00000000099999999974 0.00000000099999999974 0.00000000099999999974 0.00000000099999999974 0.99999999499999991937 0.00000000099999999974 
0.00000000099999999973 0.00000000099999999973 0.00000000099999999973 0.00000000099999999973 0.00000000099999999973 0.99999999499999991937 
0.00000000099999999973 0.00000000099999999973 0.00000000099999999973 0.00000000099999999973 0.00000000099999999973 0.99999999500000003039 
0.00000007812348829276 0.35411852159526097106 0.64588139728125071315 0.00000000099999999999 0.00000000099999999999 0.00000000099999999999 
0.00000000099999999972 0.00000000099999999972 0.00000000099999999972 0.00000000099999999972 0.99999999500000003039 0.00000000099999999972 
0.01833225135368046765 0.46320612295381441426 0.51841608129604521693 0.00004554239645987254 0.00000000099999999999 0.00000000099999999999 
0.00000000099999999997 0.00000000099999999997 0.99999999500000003039 0.00000000099999999997 0.00000000099999999997 0.00000000099999999997 
0.00000000099999999988 0.00000000099999999988 0.00000000099999999988 0.99999999500000003039 0.00000000099999999988 0.00000000099999999988 
0.01870022167969995555 0.28177992213670416399 0.69951985318359577448 0.00000000099999999998 0.00000000099999999998 0.00000000099999999998 
0.60880342012706689658 0.00000000099999999994 0.00000000099999999994 0.39119657587293321654 0.00000000099999999994 0.00000000099999999994 
0.03527163056592208523 0.51417781750833657650 0.44979032571262289597 0.00000000099999999998 0.00000000099999999998 0.00076022421311855990 
0.99999999500000014141 0.00000000099999999992 0.00000000099999999992 0.00000000099999999992 0.00000000099999999992 0.00000000099999999992 
0.00000000099999999995 0.99999999500000014141 0.00000000099999999995 0.00000000099999999995 0.00000000099999999995 0.00000000099999999995 
0.00000000409841449023 0.22321492477018539669 0.76152266398884338461 0.00000000100000000000 0.00000000100000000000 0.01526240514255678554 
0.00000000099999999974 0.00000000099999999974 0.00000000099999999974 0.00000000099999999974 0.99999999500000003039 0.00000000099999999974 
0.99999999500000003039 0.00000000099999999992 0.00000000099999999992 0.00000000099999999992 0.00000000099999999992 0.00000000099999999992 
0.00000000099999999969 0.00000000099999999969 0.00000000099999999969 0.00000000099999999969 0.99999999499999991937 0.00000000099999999969 
0.00000000099999999969 0.00000000099999999969 0.00000000099999999969 0.00000000099999999969 0.99999999499999991937 0.00000000099999999969 
0.02063129126413402667 0.34193428563260214181 0.63743442010326389902 0.00000000099999999999 0.00000000099999999999 0.00000000099999999999 
0.00000000099999999998 0.43583047938244107167 0.53366795051551185747 0.03050156710204696836 0.00000000099999999998 0.00000000099999999998 
0.00410009847966807863 0.24148734844032238023 0.74835482699204558532 0.00605772408796409825 0.00000000099999999998 0.00000000099999999998 
0.00394532680545098702 0.42400385834089887593 0.57031603482458270715 0.00000000099999999999 0.00000000099999999999 0.00173477802906746108 
0.00000000099999999998 0.00000000099999999998 0.98894641039451081088 0.00468304032736786575 0.00000000099999999998 0.00637054627812125730 
0.00000000099999999998 0.28933072272832544014 0.66608430638801141566 0.03743287108058915985 0.00000000099999999998 0.00715209780307392903 
0.00000000099999999999 0.37361963264202002755 0.62638036335797997456 0.00000000099999999999 0.00000000099999999999 0.00000000099999999999 
0.61449580961655414502 0.00000055891022824969 0.00000000099999999997 0.38550362847321761883 0.00000000099999999997 0.00000000099999999997 
0.00000000099999999998 0.28040919966413435649 0.71959079633586564562 0.00000000099999999998 0.00000000099999999998 0.00000000099999999998 
0.00000000099999999970 0.00000000099999999970 0.00000000099999999970 0.00000000099999999970 0.99999999500000003039 0.00000000099999999970 
0.00000000099999999994 0.99999999500000014141 0.00000000099999999994 0.00000000099999999994 0.00000000099999999994 0.00000000099999999994 
0.00000000099999999990 0.00000000099999999990 0.00000000099999999990 0.00000000099999999990 0.99999999500000003039 0.00000000099999999990 
0.00000000099999999974 0.00000000099999999974 0.00000000099999999974 0.00000000099999999974 0.99999999499999991937 0.00000000099999999974 
0.00000000099999999999 0.18433763231644911817 0.77366286474340195678 0.04199949994014906540 0.00000000099999999999 0.00000000099999999999 
0.00000000099999999999 0.45196595808968109687 0.54129575058719558989 0.00000000099999999999 0.00000000099999999999 0.00673828832312330268 
0.03049476688010998096 0.31581422510388051927 0.65369100501600951869 0.00000000099999999999 0.00000000099999999999 0.00000000099999999999 
0.00000000099999999976 0.00000000099999999976 0.00000000099999999976 0.00000000099999999976 0.99999999499999991937 0.00000000099999999976 
0.78084050603134991242 0.00000000099999999995 0.00000000099999999995 0.21915948996865022846 0.00000000099999999995 0.00000000099999999995 
0.00000000099999999986 0.00000000099999999986 0.00000000099999999986 0.99999999500000003039 0.00000000099999999986 0.00000000099999999986 
0.00000000099999999973 0.00000000099999999973 0.00000000099999999973 0.00000000099999999973 0.99999999500000003039 0.00000000099999999973 
0.02541174997510334266 0.26209401398670645333 0.70723703242317881301 0.00000000099999999999 0.00000000099999999999 0.00525720161501128710 
0.05107388253669496725 0.43164825567428227737 0.50294883782415389373 0.00000000099999999999 0.00000000099999999999 0.01432902196486902056 
0.00000000099999999974 0.00000000099999999974 0.00000000099999999974 0.00000000099999999974 0.99999999500000003039 0.00000000099999999974 
0.00000000099999999998 0.44885829039768432303 0.52139592452262906175 0.02708222919603722745 0.00000000099999999998 0.00266355388364941355 
0.58922945855696096107 0.00000000099999999993 0.00000000099999999993 0.41077053744303904104 0.00000000099999999993 0.00000000099999999993 
0.00000000100000000000 0.20507171578953295454 0.33140866361016269037 0.24703690971695249634 0.10613336464585750030 0.11034934523749438673 
0.01735976654228834834 0.34519336278271622875 0.61732168230459971703 0.01691564927245136837 0.00320953809794434714 0.00000000100000000000 
0.04020704059142295173 0.00000000099999999998 0.95129909996341910361 0.00000000099999999998 0.00000000099999999998 0.00849385644515800523 
0.00885866854211649069 0.24674269201439449906 0.72911724264354760283 0.00000000099999999999 0.00000000099999999999 0.01528139479994138940 
0.00000000099999999999 0.53166901152574064238 0.45591120447345206967 0.00000003809270440553 0.00000000099999999999 0.01241974390810302378 
0.00000000099999999997 0.00000000099999999997 0.99999999500000003039 0.00000000099999999997 0.00000000099999999997 0.00000000099999999997 
0.00000000099999999999 0.38612442273934477477 0.59579280700355985445 0.01808276725709534460 0.00000000099999999999 0.00000000099999999999 
0.01273933094740102405 0.31389883231679432951 0.66024725626565272663 0.00021629398878446197 0.00000000099999999999 0.01289828548136758360 
0.03016451568196047706 0.28001375484414403605 0.67719604512241082794 0.00000007733621172857 0.00801419532559260323 0.00461141168968048302 
0.99999999500000014141 0.00000000099999999993 0.00000000099999999993 0.00000000099999999993 0.00000000099999999993 0.00000000099999999993 
0.00000000099999999994 0.99999999500000003039 0.00000000099999999994 0.00000000099999999994 0.00000000099999999994 0.00000000099999999994 
0.00000000099999999997 0.00000000099999999997 0.99999999500000003039 0.00000000099999999997 0.00000000099999999997 0.00000000099999999997 
0.05618866261784205562 0.20588055724860537810 0.73431355622316063503 0.00000000613213071725 0.00000000100000000000 0.00361721677826142918 
0.02426508814818933643 0.23082958097770561734 0.74490532787410501658 0.00000000099999999998 0.00000000099999999998 0.00000000099999999998 
0.00000000099999999999 0.29645043619814448466 0.64054261514148003176 0.06299143718884608889 0.00000000099999999999 0.00001550947152927918 
0.00000000099999999999 0.25379160030532155190 0.74331312460223364358 0.00289527209244466472 0.00000000099999999999 0.00000000099999999999 
0.00000000099999999999 0.41436020694294262157 0.55794725044809001524 0.02769253960896729191 0.00000000099999999999 0.00000000099999999999 
0.99999999500000014141 0.00000000099999999994 0.00000000099999999994 0.00000000099999999994 0.00000000099999999994 0.00000000099999999994 
0.00000000099999999999 0.18524315693528434212 0.76367330792921406246 0.03347411142620190794 0.00000000099999999999 0.01760942170929959832 
0.00000000099999999999 0.42071560487614301227 0.55517221038053155002 0.01488457799751940862 0.00000000099999999999 0.00922760474580607871 
0.01830680696729387533 0.44923748386214534811 0.52565515630671821867 0.00000000100000000000 0.00680055086384250950 0.00000000100000000000 
0.99999999500000014141 0.00000000099999999995 0.00000000099999999995 0.00000000099999999995 0.00000000099999999995 0.00000000099999999995 
0.03368315139394997132 0.35357195478277003708 0.59437080513862428077 0.00000000100000000000 0.01837408668465563555 0.00000000100000000000 
0.00000000100000000000 0.28214061218906022477 0.68960951604515774438 0.01919804390096711139 0.00000000100000000000 0.00905182586481492399 
0.27118612031176642096 0.15857988987165461126 0.34578142908738490613 0.21559917515331331050 0.00000000099999999999 0.00885338457588085576 
0.03804825426014669942 0.33031236574520961291 0.63163937699464378639 0.00000000099999999997 0.00000000099999999997 0.00000000099999999997 
0.00000000099999999975 0.00000000099999999975 0.00000000099999999975 0.00000000099999999975 0.99999999499999991937 0.00000000099999999975 
0.00000000862446692522 0.47857378814767781439 0.48417681638088910789 0.02234055322306512451 0.00000000099999999999 0.01490883262390099197 
0.03516972173498299908 0.35991078965452766303 0.60124338134936816669 0.00000000099999999999 0.00000000099999999999 0.00367610526112128024 
