0.54329852510822085332 0.01946568748874000915 0.00000000100000000000 0.17078545715722320830 0.00000000100000000000 0.26645032824581599273 
0.00000000099999999995 0.00000000099999999995 0.99999999500000003039 0.00000000099999999995 0.00000000099999999995 0.00000000099999999995 
0.00000000099999999995 0.00000000099999999995 0.99999999500000003039 0.00000000099999999995 0.00000000099999999995 0.00000000099999999995 
0.36881583911374521412 0.00000332924854388781 0.02993380520273835124 0.21983656989795355430 0.00000000099999999999 0.38141045553701896642 
0.43480280342578148112 0.00806364022874540322 0.00000000100000000000 0.17654235124763861808 0.00000000100000000000 0.38059120309783456282 
0.34230652395376592878 0.00183805076506894497 0.02322748167079670065 0.18210147916489349829 0.00000000099999999999 0.45052646344547503388 
0.00000000099999999996 0.00000000099999999996 0.99999999500000003039 0.00000000099999999996 0.00000000099999999996 0.00000000099999999996 
0.00000000099999999994 0.00000000099999999994 0.99999999499999991937 0.00000000099999999994 0.00000000099999999994 0.00000000099999999994 
0.26983329857966914522 0.01384536434176387477 0.00006237805177334900 0.15821875796104770129 0.00000000099999999999 0.55804020006574595048 
0.00000000099999999995 0.00000000099999999995 0.99999999499999991937 0.00000000099999999995 0.00000000099999999995 0.00000000099999999995 
0.00000000099999999997 0.00000000099999999997 0.00000000099999999997 0.00000000099999999997 0.00000000099999999997 0.99999999499999991937 
0.34104195657178737466 0.00385999696876672882 0.01292432823314017439 0.23623282653060478919 0.00000000099999999999 0.40594089069570088446 
0.34952369470319527567 0.00345533171403342989 0.00000000100000000000 0.17337508157930128783 0.00000000100000000000 0.47364589000347012693 
0.00000000099999999999 0.00000000099999999999 0.00000000099999999999 0.34222177154561383983 0.00000000099999999999 0.65777822445438616228 
0.00000000099999999999 0.01192251767667108948 0.00000000099999999999 0.17408112434388731127 0.00000000099999999999 0.81399635497944167195 
0.33845912108047998546 0.02818029487327724375 0.05288151884390025065 0.16547712867820255078 0.00000000099999999999 0.41500193552414005316 
0.21424437855269398701 0.00000000099999999998 0.00000000099999999998 0.00000000099999999998 0.00000000099999999998 0.78575561744730604286 
0.00000000099999999996 0.00000000099999999996 0.00000000099999999996 0.00000000099999999996 0.00000000099999999996 0.99999999500000003039 
0.72021543475723504013 0.00510784381172713076 0.00000000099999999999 0.27465792065112992759 0.00000000099999999999 0.00001879877990803497 
0.99999999500000003039 0.00000000099999999996 0.00000000099999999996 0.00000000099999999996 0.00000000099999999996 0.00000000099999999996 
0.42990100062195341080 0.00000000099999999999 0.00000000099999999999 0.05911444270766093995 0.00000000099999999999 0.51098455367038542185 
0.00000000099999999997 0.00000000099999999997 0.99999999500000003039 0.00000000099999999997 0.00000000099999999997 0.00000000099999999997 
0.31482431218519918437 0.00000000099999999999 0.01850710296294180365 0.22908092654724845905 0.00000000099999999999 0.43758765630461055052 
0.00000000099999999982 0.00000000099999999982 0.00000000099999999982 0.99999999499999991937 0.00000000099999999982 0.00000000099999999982 
0.45169995227607917521 0.00000000099999999998 0.03102046346323685325 0.00000000099999999998 0.00000000099999999998 0.51727958126068407374 
0.39186997849195392973 0.00000000099999999999 0.00000000099999999999 0.25794077568228407360 0.00000000099999999999 0.35018924282576185947 
0.00000000099999999978 0.99999999500000014141 0.00000000099999999978 0.00000000099999999978 0.00000000099999999978 0.00000000099999999978 
0.00000000099999999975 0.99999999500000014141 0.00000000099999999975 0.00000000099999999975 0.00000000099999999975 0.00000000099999999975 
0.00000000099999999999 0.00000000099999999999 0.00000000099999999999 0.19312336894324522163 0.00000000099999999999 0.80687662705675466945 
0.00000000099999999998 0.00000000099999999998 0.00000000099999999998 0.37721142639461369139 0.00000000099999999998 0.62278856960538619969 
0.36486843651236644526 0.00000000099999999998 0.01533373565791240969 0.00000000099999999998 0.00000000099999999998 0.61979782482972123336 
0.00000000099999999996 0.00000000099999999996 0.94933225438480006719 0.05066774161519991410 0.00000000099999999996 0.00000000099999999996 
0.00000000099999999991 0.35624586738422819865 0.15333424286938621139 0.49041988674638548051 0.00000000099999999991 0.00000000099999999991 
0.29395325710339309522 0.00000000099999999999 0.00000000099999999999 0.13811249476016568272 0.00000000099999999999 0.56793424513644108487 
0.00000000099999999975 0.00000000099999999975 0.00000000099999999975 0.00000000099999999975 0.99999999499999991937 0.00000000099999999975 
0.00000000099999999968 0.00000000099999999968 0.00000000099999999968 0.00000000099999999968 0.99999999500000003039 0.00000000099999999968 
0.00000000099999999969 0.00000000099999999969 0.00000000099999999969 0.00000000099999999969 0.99999999500000003039 0.00000000099999999969 
0.00000000099999999979 0.99999999500000014141 0.00000000099999999979 0.00000000099999999979 0.00000000099999999979 0.00000000099999999979 
0.00000000099999999976 0.99999999500000003039 0.00000000099999999976 0.00000000099999999976 0.00000000099999999976 0.00000000099999999976 
0.42223084119198689423 0.00000000099999999999 0.00000000099999999999 0.12152863978557272573 0.00000000099999999999 0.45624051602244047876 
0.00000000099999999997 0.00000000099999999997 0.99999999500000003039 0.00000000099999999997 0.00000000099999999997 0.00000000099999999997 
0.00000000099999999977 0.99999999500000014141 0.00000000099999999977 0.00000000099999999977 0.00000000099999999977 0.00000000099999999977 
0.28295695265943510144 0.00557224156040882646 0.02025849386548145975 0.19897993821473472509 0.00000000099999999999 0.49223237269993991294 
0.00000000099999999994 0.00000000099999999994 0.99999999499999991937 0.00000000099999999994 0.00000000099999999994 0.00000000099999999994 
0.00000000099999999980 0.99999999500000003039 0.00000000099999999980 0.00000000099999999980 0.00000000099999999980 0.00000000099999999980 
0.00000000099999999998 0.00000000099999999998 0.00005935195384919078 0.25573815548785328033 0.00000000099999999998 0.74420248955829759741 
0.00000000099999999978 0.99999999500000014141 0.00000000099999999978 0.00000000099999999978 0.00000000099999999978 0.00000000099999999978 
0.00000000099999999996 0.00000000099999999996 0.99999999500000003039 0.00000000099999999996 0.00000000099999999996 0.00000000099999999996 
0.00000000099999999993 0.00000000099999999993 0.99999999500000003039 0.00000000099999999993 0.00000000099999999993 0.00000000099999999993 
0.00000000099999999975 0.99999999500000014141 0.00000000099999999975 0.00000000099999999975 0.00000000099999999975 0.00000000099999999975 
0.00000000099999999977 0.99999999500000003039 0.00000000099999999977 0.00000000099999999977 0.00000000099999999977 0.00000000099999999977 
0.00000000099999999996 0.00000000099999999996 0.99999999500000003039 0.00000000099999999996 0.00000000099999999996 0.00000000099999999996 
0.00000000099999999996 0.00000000099999999996 0.99999999499999991937 0.00000000099999999996 0.00000000099999999996 0.00000000099999999996 
0.00000000099999999997 0.00000000099999999997 0.99999624147114918316 0.00000375452885082238 0.00000000099999999997 0.00000000099999999997 
0.00000000099999999980 0.99999999500000014141 0.00000000099999999980 0.00000000099999999980 0.00000000099999999980 0.00000000099999999980 
0.43773583424827006150 0.01407316545038302461 0.03982597129232203631 0.12656819664248139534 0.00000000100000000000 0.38179683136654346542 
0.48650359659818248614 0.02492607696735248471 0.00000000099999999999 0.00000000099999999999 0.00000000099999999999 0.48857032343446521461 
0.53989808031325114968 0.00000000099999999999 0.02089106766944189356 0.04977183590856665285 0.00000000099999999999 0.38943901410874037783 
0.40142623206894600951 0.00002811699131488092 0.00605735488480710956 0.26776549759024703690 0.00000000099999999999 0.32472279746468496464 
0.00000000099999999995 0.00000000099999999995 0.99999999500000003039 0.00000000099999999995 0.00000000099999999995 0.00000000099999999995 
0.00000000099999999999 0.00000000099999999999 0.00000000099999999999 0.13544395940285422486 0.00000000099999999999 0.86455603659714574949 
0.00000000099999999973 0.00000000099999999973 0.00000000099999999973 0.00000000099999999973 0.99999999500000003039 0.00000000099999999973 
0.99999999500000014141 0.00000000099999999995 0.00000000099999999995 0.00000000099999999995 0.00000000099999999995 0.00000000099999999995 
0.00000000099999999973 0.00000000099999999973 0.00000000099999999973 0.00000000099999999973 0.99999999499999991937 0.00000000099999999973 
0.29751761169624807435 0.00000000099999999999 0.02910988761302006969 0.28067879730827277607 0.00000000099999999999 0.39269370138245907054 
0.00000000099999999974 0.00000000099999999974 0.00000000099999999974 0.00000000099999999974 0.99999999499999991937 0.00000000099999999974 
0.45323109600973021660 0.00206903805603365736 0.00394618219260644242 0.14062384519000781236 0.00000000099999999999 0.40012983755162190302 
0.99999999500000003039 0.00000000099999999997 0.00000000099999999997 0.00000000099999999997 0.00000000099999999997 0.00000000099999999997 
0.00000000099999999994 0.00000000099999999994 0.99999999500000003039 0.00000000099999999994 0.00000000099999999994 0.00000000099999999994 
0.75395720853587488985 0.00000000099999999996 0.00000000099999999996 0.24604278746412522327 0.00000000099999999996 0.00000000099999999996 
0.00000000099999999974 0.00000000099999999974 0.00000000099999999974 0.00000000099999999974 0.99999999500000003039 0.00000000099999999974 
0.00000000099999999976 0.00000000099999999976 0.00000000099999999976 0.00000000099999999976 0.99999999499999991937 0.00000000099999999976 
0.48719526933733869889 0.00744721823249403989 0.08218069834273630803 0.00000000099999999999 0.00000000099999999999 0.42317681208743096466 
0.00000000099999999994 0.00000000099999999994 0.99999999499999991937 0.00000000099999999994 0.00000000099999999994 0.00000000099999999994 
0.00000000099999999982 0.99999999500000014141 0.00000000099999999982 0.00000000099999999982 0.00000000099999999982 0.00000000099999999982 
0.00000000099999999995 0.00000000099999999995 0.99999999499999991937 0.00000000099999999995 0.00000000099999999995 0.00000000099999999995 
0.38105946290635478446 0.00000000099999999999 0.03163647864862328268 0.19806718301710340979 0.00000000099999999999 0.38923687342791857269 
0.00000000099999999971 0.00000000099999999971 0.00000000099999999971 0.00000000099999999971 0.99999999499999991937 0.00000000099999999971 
0.00000000099999999973 0.99999999500000014141 0.00000000099999999973 0.00000000099999999973 0.00000000099999999973 0.00000000099999999973 
0.00000000099999999977 0.00000000099999999977 0.00000000099999999977 0.00000000099999999977 0.99999999500000003039 0.00000000099999999977 
0.71762874456841152515 0.01391115503607441573 0.00000000099999999999 0.26846009739551407458 0.00000000099999999999 0.00000000099999999999 
0.00000000099999999993 0.00000000099999999993 0.99999999500000003039 0.00000000099999999993 0.00000000099999999993 0.00000000099999999993 
0.00000000099999999994 0.00000000099999999994 0.99999999500000003039 0.00000000099999999994 0.00000000099999999994 0.00000000099999999994 
0.16728992268119138864 0.00000000099999999999 0.22866045171427848426 0.19659085181590865710 0.00000000099999999999 0.40745877178862149881 
0.46878114004197274367 0.02285460476896660972 0.00004262119259422489 0.16607970715376146886 0.00000000100000000000 0.34224192584270490824 
0.37117594779850110465 0.00000000099999999998 0.00000009399432991084 0.00000385194127706240 0.00000000099999999998 0.62882010426589185492 
0.56903645905503197344 0.00000000099999999998 0.01083952922676373158 0.00000000099999999998 0.00000000099999999998 0.42012400871820437809 
0.31891241899049121988 0.00000000099999999999 0.00000000099999999999 0.14101367308210896456 0.00000000099999999999 0.54007390492739970611 
0.24338067822439957144 0.00000000099999999997 0.00000000099999999997 0.14453697662238645938 0.00000000099999999997 0.61208234215321399851 
0.34949931109484039249 0.00000000099999999998 0.00000087113855772188 0.00000000099999999998 0.00000000099999999998 0.65049981476660168056 
0.48603603939604811401 0.00279382309554610485 0.00192078179791529751 0.07878705394075703750 0.00000000099999999999 0.43046230076973329703 
0.44051282268316915847 0.00000000099999999999 0.03199905643245187087 0.16424693897354436523 0.00000000099999999999 0.36324117991083471058 
0.00000000099999999995 0.00000000099999999995 0.99999999500000003039 0.00000000099999999995 0.00000000099999999995 0.00000000099999999995 
0.00847303223083420778 0.00000000099999999998 0.99152696376916582555 0.00000000099999999998 0.00000000099999999998 0.00000000099999999998 
0.00000000099999999984 0.00000000099999999984 0.00000000099999999984 0.00000000099999999984 0.99999999499999991937 0.00000000099999999984 
0.00000000099999999997 0.00000000099999999997 0.99999999500000003039 0.00000000099999999997 0.00000000099999999997 0.00000000099999999997 
0.00720436476242358910 0.00000000099999999997 0.99279563123757652576 0.00000000099999999997 0.00000000099999999997 0.00000000099999999997 
0.54737232089037146654 0.00629952384848666593 0.01926625265446220772 0.10049773538705739084 0.00000000099999999999 0.32656416621962214286 
0.00000000099999999968 0.00000000099999999968 0.00000000099999999968 0.00000000099999999968 0.99999999500000003039 0.00000000099999999968 
0.30751095200393802065 0.00009295451706676595 0.00000000099999999999 0.21795381438265939988 0.00000000099999999999 0.47444227709633579604 
0.58500194380166792296 0.00496021811929668599 0.00846308104037562722 0.00000000099999999999 0.00000000099999999999 0.40157475503865974753 
0.56413673524320151476 0.00532271337665413992 0.00000000100000000000 0.16652063029773636615 0.00000000100000000000 0.26401991908240823870 
0.99999999500000003039 0.00000000099999999997 0.00000000099999999997 0.00000000099999999997 0.00000000099999999997 0.00000000099999999997 
0.99999999500000014141 0.00000000099999999995 0.00000000099999999995 0.00000000099999999995 0.00000000099999999995 0.00000000099999999995 
0.00000000099999999998 0.00000000099999999998 0.01700405029530014170 0.30230792614960944054 0.00000000099999999998 0.68068802055509058935 
0.66359442034499616092 0.00000000099999999998 0.00000000099999999998 0.33640557565500384118 0.00000000099999999998 0.00000000099999999998 
0.16425546551486194802 0.00037091418263705079 0.00757554124553335220 0.24011325078062478733 0.00000000099999999999 0.58768482727634296925 
0.82313862475986232514 0.02398047307631270136 0.00000000100000000000 0.15288089916382496813 0.00000000100000000000 0.00000000100000000000 
0.33595994350147534435 0.00966805756204099954 0.00000000099999999999 0.08612271003432903083 0.00000000099999999999 0.56824928690215448235 
0.49050406590476941515 0.00000000099999999998 0.00000000099999999998 0.00000093067457804007 0.00000000099999999998 0.50949500042065254402 
0.76619001134814013199 0.01982220653748072159 0.01681724313495048043 0.19717053697942865664 0.00000000100000000000 0.00000000100000000000 
0.37862969405154867086 0.01099994309800733129 0.00000000099999999998 0.00000000099999999998 0.00000000099999999998 0.61037035985044385544 
0.99999999500000003039 0.00000000099999999996 0.00000000099999999996 0.00000000099999999996 0.00000000099999999996 0.00000000099999999996 
0.58865691201946546141 0.00000000099999999998 0.00000000099999999998 0.17103299710770278330 0.00000000099999999998 0.24031008787283184014 
0.46259099480396598247 0.00000000099999999998 0.02607215511680752509 0.25166765165099930224 0.00000000099999999998 0.25966919642822711145 
0.37863568500407918105 0.00408582601717401642 0.00901845953546227992 0.13887254945814034301 0.00000000100000000000 0.46938747898514421308 
0.27116789634095977979 0.00000000099999999999 0.02765026045083630868 0.30725092312508422987 0.00000000099999999999 0.39393091808311980762 
0.28905845002722529991 0.00000000099999999999 0.00000000099999999999 0.20622168383464029029 0.00000000099999999999 0.50471986313813432812 
0.00000000099999999998 0.00000000099999999998 0.00433316109656640362 0.23897874077666184101 0.00000000099999999998 0.75668809512677182028 
0.41043433908648679909 0.00258069926823502761 0.01566634660776567572 0.19711082900677981411 0.06780437810474281013 0.30640340792598985686 
0.64199950367236058302 0.00000000099999999997 0.00000000099999999997 0.35758613652494652957 0.00000000099999999997 0.00041435680269299785 
0.37963740110557359086 0.00000000099999999998 0.01109890729555827217 0.22062945663425609366 0.00000000099999999998 0.38863423296461202527 
0.19553029422823722805 0.00000000099999999998 0.01949286681829786802 0.14444134409232634031 0.00000000099999999998 0.64053549286113853345 
0.35753995537055677234 0.01291792785401094275 0.00000000099999999999 0.20500578810683692255 0.00000000099999999999 0.42453632666859542066 
0.26739906557114639929 0.00000000099999999998 0.00922360261866434980 0.18297715341446221804 0.00000000099999999998 0.54040017639572701658 
0.00000000099999999999 0.00000000099999999999 0.00000000099999999999 0.41735247903954730830 0.00000000099999999999 0.58264751696045269380 
0.34663435694989813696 0.00719584663639765820 0.00780499846965628224 0.14883433724590994229 0.00000000099999999999 0.48953045969813796523 
0.84601823871563164303 0.00000000099999999997 0.00000000099999999997 0.15398175728436841458 0.00000000099999999997 0.00000000099999999997 
0.33579603868224394692 0.00000000099999999997 0.03166892906311341571 0.04628808747939622270 0.00000000099999999997 0.58624694277524624919 
0.00000000099999999994 0.00000000099999999994 0.99999999500000003039 0.00000000099999999994 0.00000000099999999994 0.00000000099999999994 
0.00000000099999999998 0.00000000099999999998 0.99998915096271945302 0.00001084503728043007 0.00000000099999999998 0.00000000099999999998 
0.00000000099999999979 0.00000000099999999979 0.00000000099999999979 0.00000000099999999979 0.99999999500000003039 0.00000000099999999979 
0.00000000099999999974 0.99999999500000003039 0.00000000099999999974 0.00000000099999999974 0.00000000099999999974 0.00000000099999999974 
0.06292724620578638017 0.03649963757387075791 0.90057311322034294676 0.00000000099999999999 0.00000000099999999999 0.00000000099999999999 
0.53931410469721519085 0.00000000099999999998 0.00756802701350938693 0.16912195893256981583 0.00000000099999999998 0.28399590735670560138 
0.99999999500000003039 0.00000000099999999996 0.00000000099999999996 0.00000000099999999996 0.00000000099999999996 0.00000000099999999996 
0.00000000099999999998 0.00253693365339158119 0.97156676851444090381 0.02589629483216735958 0.00000000099999999998 0.00000000099999999998 
0.63663687746461905537 0.00000000099999999998 0.00000000099999999998 0.36336311770330476101 0.00000000099999999998 0.00000000183207638178 
0.49619631548306369906 0.00943991203017971979 0.00000000099999999998 0.12697477517642599687 0.00000000099999999998 0.36738899531033064605 
0.00000000099999999989 0.00000000099999999989 0.00000000099999999989 0.99999999499999991937 0.00000000099999999989 0.00000000099999999989 
0.00000000099999999971 0.00000000099999999971 0.00000000099999999971 0.00000000099999999971 0.99999999500000003039 0.00000000099999999971 
0.00000000099999999973 0.00000000099999999973 0.00000000099999999973 0.00000000099999999973 0.99999999500000003039 0.00000000099999999973 
0.00000000099999999968 0.00000000099999999968 0.00000000099999999968 0.00000000099999999968 0.99999999500000003039 0.00000000099999999968 
0.00000000099999999969 0.00000000099999999969 0.00000000099999999969 0.00000000099999999969 0.99999999499999991937 0.00000000099999999969 
0.00000000099999999970 0.00000000099999999970 0.00000000099999999970 0.00000000099999999970 0.99999999500000003039 0.00000000099999999970 
0.00000000099999999998 0.00000000099999999998 0.99999999499999991937 0.00000000099999999998 0.00000000099999999998 0.00000000099999999998 
0.38866885427354763705 0.00726263514399571024 0.00000000099999999999 0.23651220658313662493 0.00000000099999999999 0.36755630199932015634 
0.00000000099999999970 0.00000000099999999970 0.00000000099999999970 0.00000000099999999970 0.99999999500000003039 0.00000000099999999970 
0.00000000099999999974 0.00000000099999999974 0.00000000099999999974 0.00000000099999999974 0.99999999499999991937 0.00000000099999999974 
0.00000000099999999973 0.99999999500000003039 0.00000000099999999973 0.00000000099999999973 0.00000000099999999973 0.00000000099999999973 
0.00000000099999999973 0.99999999500000003039 0.00000000099999999973 0.00000000099999999973 0.00000000099999999973 0.00000000099999999973 
0.00000000099999999995 0.00000000099999999995 0.00000000099999999995 0.00000000099999999995 0.00000000099999999995 0.99999999499999991937 
0.00000000099999999972 0.00000000099999999972 0.00000000099999999972 0.00000000099999999972 0.99999999499999991937 0.00000000099999999972 
0.99999999500000014141 0.00000000099999999997 0.00000000099999999997 0.00000000099999999997 0.00000000099999999997 0.00000000099999999997 
0.00000000099999999996 0.00000000099999999996 0.00000000099999999996 0.00000000099999999996 0.00000000099999999996 0.99999999500000003039 
0.00000000099999999997 0.00000000099999999997 0.94076688694794718959 0.05923310905205281945 0.00000000099999999997 0.00000000099999999997 
0.46068887154569337916 0.00000000099999999998 0.00557703095930605405 0.18989428014095086072 0.00000000099999999998 0.34383981535404967156 
0.00000000099999999993 0.00000000099999999993 0.99999999500000003039 0.00000000099999999993 0.00000000099999999993 0.00000000099999999993 
0.75701322902979228946 0.00000000099999999999 0.00618041123971133696 0.23680030791932335510 0.00000000099999999999 0.00000604981117294167 
0.00000000099999999994 0.00000000099999999994 0.99999999500000003039 0.00000000099999999994 0.00000000099999999994 0.00000000099999999994 
0.69187221807092480486 0.00777555436317540778 0.00000000099999999999 0.30035222456589988349 0.00000000099999999999 0.00000000099999999999 
0.00000000099999999997 0.00000000099999999997 0.00000000099999999997 0.00000000099999999997 0.00000000099999999997 0.99999999499999991937 
0.00000000099999999974 0.00000000099999999974 0.00000000099999999974 0.00000000099999999974 0.99999999500000003039 0.00000000099999999974 
0.00000000099999999995 0.00000000099999999995 0.99999999500000003039 0.00000000099999999995 0.00000000099999999995 0.00000000099999999995 
0.00000000099999999970 0.00000000099999999970 0.00000000099999999970 0.00000000099999999970 0.99999999500000003039 0.00000000099999999970 
0.00000000099999999970 0.00000000099999999970 0.00000000099999999970 0.00000000099999999970 0.99999999500000003039 0.00000000099999999970 
0.28842458970449508238 0.00000000099999999999 0.00348182642599897648 0.10468107680075464105 0.00000000099999999999 0.60341250506875132587 
0.37559323933147759078 0.00000000099999999999 0.02279885270417966042 0.09875862458666108401 0.00000000099999999999 0.50284928137768158951 
0.50399559722208187029 0.00000000099999999998 0.00000000099999999998 0.14024903437570446219 0.00000000099999999998 0.35575536540221375237 
0.39288321861885350250 0.00000034926287525004 0.00000000099999999999 0.22059288990608180714 0.00000000099999999999 0.38652354021218954250 
0.25985362542684076193 0.00585997786284450910 0.00227152378862175439 0.24550246338122558298 0.00000000099999999999 0.48651240854046745588 
0.35139410015266142606 0.00405427210675311702 0.01023883469173344878 0.23874313060763557859 0.00000000099999999998 0.39556966144121641360 
0.44169306907689281916 0.00000000099999999998 0.00000000099999999998 0.04795662605797529343 0.00000000099999999998 0.51035030186513186123 
0.02154098241359982471 0.00000000099999999997 0.97845901358640019474 0.00000000099999999997 0.00000000099999999997 0.00000000099999999997 
0.44820378685341699665 0.00000000099999999998 0.00000000099999999998 0.22866195711655729061 0.00000000099999999998 0.32313425303002579758 
0.00000000099999999970 0.00000000099999999970 0.00000000099999999970 0.00000000099999999970 0.99999999499999991937 0.00000000099999999970 
0.55889148218765327680 0.00000000099999999999 0.00000000099999999999 0.17190583152682908930 0.00000000099999999999 0.26920268328551777426 
0.00000000099999999990 0.00000000099999999990 0.00000000099999999990 0.00000000099999999990 0.99999999500000003039 0.00000000099999999990 
0.00000000099999999974 0.00000000099999999974 0.00000000099999999974 0.00000000099999999974 0.99999999500000003039 0.00000000099999999974 
0.27595403621515857129 0.00000000099999999999 0.01026515293158947878 0.07050598694668336330 0.00000000099999999999 0.64327482190656859462 
0.53635033428615919160 0.00453995407139517592 0.00000000099999999999 0.00180556684538917380 0.00000000099999999999 0.45730414279705644542 
0.29717988929609123749 0.00000000099999999999 0.00000351623336798261 0.33100849083830730102 0.00000000099999999999 0.37180810163223343423 
0.00000000099999999976 0.00000000099999999976 0.00000000099999999976 0.00000000099999999976 0.99999999499999991937 0.00000000099999999976 
0.00000000099999999994 0.00000000099999999994 0.99999999499999991937 0.00000000099999999994 0.00000000099999999994 0.00000000099999999994 
0.00000000099999999994 0.00000000099999999994 0.99999999500000003039 0.00000000099999999994 0.00000000099999999994 0.00000000099999999994 
0.00000000099999999974 0.00000000099999999974 0.00000000099999999974 0.00000000099999999974 0.99999999500000003039 0.00000000099999999974 
0.00000000099999999992 0.00000000099999999992 0.00000000099999999992 0.99999999499999991937 0.00000000099999999992 0.00000000099999999992 
0.29984640335357942709 0.00943515651290200916 0.03380761784207796106 0.26264262659643133890 0.00000000100000000000 0.39426819469500939963 
0.00000000099999999974 0.00000000099999999974 0.00000000099999999974 0.00000000099999999974 0.99999999499999991937 0.00000000099999999974 
0.38130479144545142978 0.00211949383805411012 0.00000028799566076736 0.22392846582234329778 0.00000000099999999999 0.39264695989849052182 
0.00000000099999999993 0.00000000099999999993 0.99999999500000003039 0.00000000099999999993 0.00000000099999999993 0.00000000099999999993 
0.00000000099999999999 0.10634217946219379214 0.21816802088890713263 0.00000000099999999999 0.10450533353062702036 0.57098446411827197267 
0.41438565244892516803 0.00000000099999999999 0.01937315499994563331 0.24796277921983081449 0.00000000099999999999 0.31827841133129841644 
0.00000000099999999997 0.00000000099999999997 0.00000000099999999997 0.00000000099999999997 0.00000000099999999997 0.99999999499999991937 
0.38878931470723598895 0.01357803454288500702 0.00000000099999999999 0.13054596054756478773 0.00000000099999999999 0.46708668820231413754 
0.00000000099999999989 0.00000000099999999989 0.00000000099999999989 0.99999999500000003039 0.00000000099999999989 0.00000000099999999989 
0.00000000099999999995 0.00000000099999999995 0.00000000099999999995 0.00000000099999999995 0.00000000099999999995 0.99999999500000003039 
0.34134015650233118233 0.00000000099999999999 0.00160234669975395892 0.14232000291028745753 0.00000000099999999999 0.51473749188762729645 
0.24061030468334687615 0.00828404874456309046 0.00000000099999999999 0.19702918502305968862 0.00000000099999999999 0.55407645954903028684 
0.00000000099999999998 0.00000000099999999998 0.00000000099999999998 0.00000000099999999998 0.00000000099999999998 0.99999999499999991937 
0.00000000099999999996 0.00000000099999999996 0.99999999500000003039 0.00000000099999999996 0.00000000099999999996 0.00000000099999999996 
0.32625099017578440552 0.00241509782004041768 0.00626675761886808479 0.27684582729227719122 0.00000000099999999999 0.38822132609303006134 
0.00000000099999999996 0.00000000099999999996 0.00000000099999999996 0.00000000099999999996 0.00000000099999999996 0.99999999500000003039 
0.30612634981334069240 0.00021269476284147687 0.04232072772850992842 0.13865466376249968583 0.00000000100000000000 0.51268556293280809211 
0.99999999500000003039 0.00000000099999999995 0.00000000099999999995 0.00000000099999999995 0.00000000099999999995 0.00000000099999999995 
0.61781664798489421830 0.00000000100000000000 0.03513639170656993049 0.10863621245340748800 0.00000000100000000000 0.23841074585512853079 
0.99999999500000014141 0.00000000099999999995 0.00000000099999999995 0.00000000099999999995 0.00000000099999999995 0.00000000099999999995 
0.50756603655854382051 0.00000000099999999999 0.00646927841043541067 0.15680784772456288212 0.00000000099999999999 0.32915683530645806210 
0.00000000099999999997 0.00000000099999999997 0.98267330917706685600 0.00000000099999999997 0.00000000099999999997 0.01732668682293319121 
0.00000000099999999997 0.00000000099999999997 0.00000000099999999997 0.00000000099999999997 0.00000000099999999997 0.99999999499999991937 
0.65796913765670583807 0.00000000099999999998 0.00000000099999999998 0.34203085834329427506 0.00000000099999999998 0.00000000099999999998 
0.00000000099999999993 0.00000000099999999993 0.00000000099999999993 0.99999999500000003039 0.00000000099999999993 0.00000000099999999993 
0.00000000099999999997 0.00000000099999999997 0.99999999499999991937 0.00000000099999999997 0.00000000099999999997 0.00000000099999999997 
0.42065381270348034537 0.00000000100000000000 0.02558581967856781922 0.09837812829713263318 0.01823999125104468558 0.43714224706977444779 
0.46856052976606066274 0.00333058262230647535 0.00096641557044663403 0.22304660860567154801 0.00000000100000000000 0.30409586243551478546 
0.00000000099999999999 0.00693549926814936591 0.48146483329403294560 0.00000000104045561478 0.00000000099999999999 0.51159966439736204169 
0.47920513114626950291 0.00000000099999999998 0.00000033079050043646 0.28910548594584367654 0.00000000099999999998 0.23168905011738627486 
0.00000000099999999975 0.00000000099999999975 0.00000000099999999975 0.00000000099999999975 0.99999999500000003039 0.00000000099999999975 
0.28157106226097267099 0.01512233773889272957 0.01512632213750894801 0.10228319139117804382 0.00000000099999999999 0.58589708547144758732 
0.33451948455284175044 0.00000000099999999999 0.01701094083854922182 0.24132894071883978504 0.00000000099999999999 0.40714063188976928886 
