0.43599380914783691932 0.52743022044478637955 0.01664345989905089557 0.00000000100000000000 0.00000000100000000000 0.01992548055474858276 0.00000702795357732141 
0.00000000099999999992 0.00000000099999999992 0.00000000099999999992 0.00000000099999999992 0.99999999399999994765 0.00000000099999999992 0.00000000099999999992 
0.00000000099999999995 0.00000000099999999995 0.29660317007495973218 0.00000000099999999995 0.70339682492504029820 0.00000000099999999995 0.00000000099999999995 
0.32565008163693764942 0.61772641852043530530 0.05516978269899502213 0.00000000099999999999 0.00000000099999999999 0.00145371414363205205 0.00000000099999999999 
0.39797413386499086441 0.48900125105438962958 0.00000000099999999999 0.11302461108061950812 0.00000000099999999999 0.00000000099999999999 0.00000000099999999999 
0.47502663228013303209 0.46915711562063666662 0.03547267898848922851 0.02027987046435861945 0.00000000099999999999 0.00006370064638256826 0.00000000099999999999 
0.00000000099999999996 0.00000000099999999996 0.46586102661063161223 0.00000000099999999996 0.53413896838936836264 0.00000000099999999996 0.00000000099999999996 
0.00000000099999999992 0.00000000099999999992 0.00000000099999999992 0.00000000099999999992 0.99999999399999994765 0.00000000099999999992 0.00000000099999999992 
0.00000000099999999998 0.96701133580972498116 0.00000000099999999998 0.00671477550582391062 0.01837268306297967779 0.00790120262147131144 0.00000000099999999998 
0.00000000099999999992 0.00000000099999999992 0.00000000099999999992 0.00000000099999999992 0.99999999400000005867 0.00000000099999999992 0.00000000099999999992 
0.21614480516788114883 0.67848902861332915926 0.00000000099999999999 0.09026090599417234406 0.01055042561971660485 0.00455483260490078916 0.00000000099999999999 
0.38908714035245239860 0.54470533199817672276 0.00000000099999999998 0.03762524567464234360 0.02086085318919553289 0.00772142678553306566 0.00000000099999999998 
0.32555135376706550998 0.58846070162193708786 0.00000000100000000000 0.08598791020987600620 0.00000000100000000000 0.00000003140112123999 0.00000000100000000000 
0.00000030044628673783 0.87644878102008316745 0.01121727299552213036 0.10471811989335226556 0.00000000099999999999 0.00761552364475569666 0.00000000099999999999 
0.30417103738269102298 0.65842280308955858370 0.00000000099999999999 0.00000000099999999999 0.01313071599354740694 0.01919628280019027022 0.00507915873401283517 
0.27908091925949057854 0.57141549527708956902 0.00000000099999999999 0.06500547032861717089 0.05673184474290694779 0.02776626839189571747 0.00000000099999999999 
0.37057164112990004234 0.59540957979127928645 0.00000000099999999999 0.02135296741397750553 0.01266580866484316378 0.00000000099999999999 0.00000000099999999999 
0.19354295452660150167 0.72373578038073771435 0.00000000099999999999 0.08104576538649549411 0.00000000099999999999 0.00000000099999999999 0.00167549670616541375 
0.24633339279642710307 0.69411786814138476398 0.00000004661456627846 0.04280378198149717428 0.00243904629843455859 0.01074981211709279821 0.00355605205059730204 
0.45744857954358292274 0.52982871850931179125 0.00000000099999999998 0.00000000099999999998 0.00895494965305789620 0.00376774929404744127 0.00000000099999999998 
0.50304135147029716002 0.48973020246383225373 0.00722844206587049468 0.00000000099999999999 0.00000000099999999999 0.00000000099999999999 0.00000000099999999999 
0.00000000099999999992 0.00000000099999999992 0.00000000099999999992 0.00000000099999999992 0.99999999399999994765 0.00000000099999999992 0.00000000099999999992 
0.00000000099999999998 0.96501453057363584254 0.03498546442636414622 0.00000000099999999998 0.00000000099999999998 0.00000000099999999998 0.00000000099999999998 
0.00000000099999999966 0.00000000099999999966 0.00000000099999999966 0.99999999399999994765 0.00000000099999999966 0.00000000099999999966 0.00000000099999999966 
0.58608807453772460150 0.31354897964490191509 0.02014040490544120529 0.08022253791193229011 0.00000000099999999998 0.00000000099999999998 0.00000000099999999998 
0.47008919522589115436 0.48593620205608062390 0.00000000099999999998 0.04250222069987206336 0.00000000099999999998 0.00147237901815608927 0.00000000099999999998 
0.00000000099999999973 0.00000000099999999973 0.00000000099999999973 0.00000000099999999973 0.00000000099999999973 0.99999999399999994765 0.00000000099999999973 
0.00000000099999999971 0.00000000099999999971 0.00000000099999999971 0.00000000099999999971 0.00000000099999999971 0.99999999400000005867 0.00000000099999999971 
0.19663130423181915396 0.68466529056791514130 0.00000000099999999999 0.11870340120026587338 0.00000000099999999999 0.00000000099999999999 0.00000000099999999999 
0.00000000099999999997 0.99430751837918840419 0.00000000099999999997 0.00000000099999999997 0.00000000099999999997 0.00569247662081162013 0.00000000099999999997 
0.99999999400000005867 0.00000000099999999995 0.00000000099999999995 0.00000000099999999995 0.00000000099999999995 0.00000000099999999995 0.00000000099999999995 
0.00000000099999999990 0.00000000099999999990 0.00000000099999999990 0.23196241991482735578 0.76803757508517267460 0.00000000099999999990 0.00000000099999999990 
0.00000000099999999983 0.00000000099999999983 0.00000000099999999983 0.65833097078832403248 0.00000000099999999983 0.34166902421167588688 0.00000000099999999983 
0.28801201629841727270 0.70734000466011004438 0.00430047988943383936 0.00000000099999999998 0.00034749615203893692 0.00000000099999999998 0.00000000099999999998 
0.00000000099999999969 0.00000000099999999969 0.00000000099999999969 0.00000000099999999969 0.00000000099999999969 0.00000000099999999969 0.99999999400000005867 
0.00000000099999999961 0.00000000099999999961 0.00000000099999999961 0.00000000099999999961 0.00000000099999999961 0.00000000099999999961 0.99999999399999994765 
0.00000000099999999961 0.00000000099999999961 0.00000000099999999961 0.00000000099999999961 0.00000000099999999961 0.00000000099999999961 0.99999999399999994765 
0.00000000099999999974 0.00000000099999999974 0.00000000099999999974 0.00000000099999999974 0.00000000099999999974 0.99999999400000005867 0.00000000099999999974 
0.00000000099999999971 0.00000000099999999971 0.00000000099999999971 0.00000000099999999971 0.00000000099999999971 0.99999999399999994765 0.00000000099999999971 
0.45016061122661921168 0.48124501800377761374 0.00000000099999999998 0.06859436676960310730 0.00000000099999999998 0.00000000099999999998 0.00000000099999999998 
0.00000000099999999985 0.00000000099999999985 0.99999999399999994765 0.00000000099999999985 0.00000000099999999985 0.00000000099999999985 0.00000000099999999985 
0.00000000099999999972 0.00000000099999999972 0.00000000099999999972 0.00000000099999999972 0.00000000099999999972 0.99999999400000005867 0.00000000099999999972 
0.32875933266457962878 0.56555080225259624083 0.03356490970379348571 0.06588810563142903642 0.00000000099999999999 0.00623684774760163534 0.00000000099999999999 
0.00000000099999999994 0.00000000099999999994 0.43033893685785762351 0.00000000099999999994 0.56966105814214240688 0.00000000099999999994 0.00000000099999999994 
0.00000000099999999976 0.00000000099999999976 0.00000000099999999976 0.00000000099999999976 0.00000000099999999976 0.99999999399999994765 0.00000000099999999976 
0.44100305198110001381 0.53098002793470211458 0.00000000099999999998 0.00000000099999999998 0.02292720832299524961 0.00508970876120264353 0.00000000099999999998 
0.00000000099999999972 0.00000000099999999972 0.00000000099999999972 0.00000000099999999972 0.00000000099999999972 0.99999999399999994765 0.00000000099999999972 
0.00000000099999999994 0.00000000099999999994 0.56320643147872173628 0.00000000099999999994 0.43679356352127829410 0.00000000099999999994 0.00000000099999999994 
0.00000000099999999983 0.00000000099999999983 0.99999999400000005867 0.00000000099999999983 0.00000000099999999983 0.00000000099999999983 0.00000000099999999983 
0.00000000099999999969 0.00000000099999999969 0.00000000099999999969 0.00000000099999999969 0.00000000099999999969 0.99999999400000005867 0.00000000099999999969 
0.00000000099999999971 0.00000000099999999971 0.00000000099999999971 0.00000000099999999971 0.00000000099999999971 0.99999999400000005867 0.00000000099999999971 
0.00000000099999999996 0.00000000099999999996 0.24568905568288218477 0.00000000099999999996 0.75431093931711790113 0.00000000099999999996 0.00000000099999999996 
0.00000000099999999996 0.00000000099999999996 0.23014503114925527472 0.00000000099999999996 0.76985496385074481118 0.00000000099999999996 0.00000000099999999996 
0.00000000099999999996 0.00000000099999999996 0.45201853451065943101 0.00000000099999999996 0.54798146048934059937 0.00000000099999999996 0.00000000099999999996 
0.00000000099999999977 0.00000000099999999977 0.00000000099999999977 0.00000000099999999977 0.00000000099999999977 0.99999999399999994765 0.00000000099999999977 
0.11808233075888116548 0.80441536018014092591 0.00000000099999999999 0.00000000099999999999 0.06221688010713520567 0.01528542595384265249 0.00000000099999999999 
0.54152806522737284567 0.43163075591073057913 0.00009658621088486925 0.00000000099999999999 0.00000000099999999999 0.02674458965101177491 0.00000000099999999999 
0.39505404945117245097 0.56779682721045809934 0.03714911933836948649 0.00000000099999999998 0.00000000099999999998 0.00000000099999999998 0.00000000099999999998 
0.00000000099999999998 0.91749464398559388290 0.02359004675611205484 0.05891530525829399845 0.00000000099999999998 0.00000000099999999998 0.00000000099999999998 
0.00000000099999999994 0.00000000099999999994 0.41909334178976692664 0.00000000099999999994 0.58090665321023304823 0.00000000099999999994 0.00000000099999999994 
0.55109679591584381786 0.38736395991967442765 0.00000000099999999999 0.06153920697169064369 0.00000003419279111274 0.00000000099999999999 0.00000000099999999999 
0.00000000099999999966 0.00000000099999999966 0.00000000099999999966 0.00000000099999999966 0.00000000099999999966 0.00000000099999999966 0.99999999400000005867 
0.39356899369065123651 0.54866372372390070922 0.00000000099999999998 0.03658722796127118065 0.01787003008335931453 0.00331002254081753629 0.00000000099999999998 
0.00000000099999999967 0.00000000099999999967 0.00000000099999999967 0.00000000099999999967 0.00000000099999999967 0.00000000099999999967 0.99999999399999994765 
0.30205129798881918957 0.51166592134456512220 0.00958596526434201193 0.17668942931805603491 0.00000738408421758870 0.00000000099999999998 0.00000000099999999998 
0.00000000099999999968 0.00000000099999999968 0.00000000099999999968 0.00000000099999999968 0.00000000099999999968 0.00000000099999999968 0.99999999399999994765 
0.33686183371280636889 0.60656907869739729033 0.01546946763431362136 0.03964139563846618558 0.00000000099999999999 0.00145822231701662618 0.00000000099999999999 
0.99999999400000016969 0.00000000099999999995 0.00000000099999999995 0.00000000099999999995 0.00000000099999999995 0.00000000099999999995 0.00000000099999999995 
0.00000000099999999991 0.00000000099999999991 0.00000000099999999991 0.00000000099999999991 0.99999999399999994765 0.00000000099999999991 0.00000000099999999991 
0.00000002079008637248 0.99999997420991371122 0.00000000099999999996 0.00000000099999999996 0.00000000099999999996 0.00000000099999999996 0.00000000099999999996 
0.00000000099999999968 0.00000000099999999968 0.00000000099999999968 0.00000000099999999968 0.00000000099999999968 0.00000000099999999968 0.99999999400000005867 
0.00000000099999999971 0.00000000099999999971 0.00000000099999999971 0.00000000099999999971 0.00000000099999999971 0.00000000099999999971 0.99999999400000005867 
0.46632940627530400368 0.42867945751515901254 0.09603486397035408684 0.00000000099999999999 0.00000000099999999999 0.00895626923918289852 0.00000000099999999999 
0.00000000099999999992 0.00000000099999999992 0.00000000099999999992 0.00000000099999999992 0.99999999400000005867 0.00000000099999999992 0.00000000099999999992 
0.00000000099999999977 0.00000000099999999977 0.00000000099999999977 0.00000000099999999977 0.00000000099999999977 0.99999999399999994765 0.00000000099999999977 
0.00000000099999999992 0.00000000099999999992 0.00000000099999999992 0.00000000099999999992 0.99999999400000005867 0.00000000099999999992 0.00000000099999999992 
0.00000000099999999999 0.87991106285891318439 0.04667364545117800440 0.07341416433322389690 0.00000112435668501411 0.00000000099999999999 0.00000000099999999999 
0.00000000099999999965 0.00000000099999999965 0.00000000099999999965 0.00000000099999999965 0.00000000099999999965 0.00000000099999999965 0.99999999400000005867 
0.00000000099999999967 0.00000000099999999967 0.00000000099999999967 0.00000000099999999967 0.00000000099999999967 0.99999999399999994765 0.00000000099999999967 
0.00000000099999999972 0.00000000099999999972 0.00000000099999999972 0.00000000099999999972 0.00000000099999999972 0.00000000099999999972 0.99999999399999994765 
0.99999999400000016969 0.00000000099999999995 0.00000000099999999995 0.00000000099999999995 0.00000000099999999995 0.00000000099999999995 0.00000000099999999995 
0.00000000099999999990 0.00000000099999999990 0.00000000099999999990 0.00000000099999999990 0.99999999399999994765 0.00000000099999999990 0.00000000099999999990 
0.00000000099999999992 0.00000000099999999992 0.00000000099999999992 0.00000000099999999992 0.99999999400000005867 0.00000000099999999992 0.00000000099999999992 
0.34722142372073733219 0.32365026420021231202 0.23350911617550185184 0.09561919290354843615 0.00000000099999999998 0.00000000099999999998 0.00000000099999999998 
0.36656368603968264575 0.54081715627875026620 0.02915101705268604779 0.04359256820660522419 0.00000000099999999999 0.01987557042227581713 0.00000000099999999999 
0.35817805129278673659 0.55480723998396852537 0.00000000099999999998 0.08138826602919732589 0.00562643969404739812 0.00000000099999999998 0.00000000099999999998 
0.53488117049788819202 0.43444693160409203481 0.02307035804875555776 0.00516804842730586578 0.00243348942195848947 0.00000000099999999998 0.00000000099999999998 
0.41096037455173067832 0.55162041722530663623 0.00000000099999999999 0.03741919662231000393 0.00000000860065278621 0.00000000099999999999 0.00000000099999999999 
0.26548944185380080052 0.73451055314619928538 0.00000000099999999997 0.00000000099999999997 0.00000000099999999997 0.00000000099999999997 0.00000000099999999997 
0.99999999400000005867 0.00000000099999999995 0.00000000099999999995 0.00000000099999999995 0.00000000099999999995 0.00000000099999999995 0.00000000099999999995 
0.36035284449230692294 0.60714683819785897345 0.02932669527755736236 0.00001058988045287314 0.00000000099999999999 0.00316303015182389444 0.00000000099999999999 
0.43617931906517176666 0.52240035811136908972 0.00022210823617584735 0.00000000099999999999 0.04119821158728347033 0.00000000099999999999 0.00000000099999999999 
0.00000000099999999992 0.00000000099999999992 0.00000000099999999992 0.00000000099999999992 0.99999999399999994765 0.00000000099999999992 0.00000000099999999992 
0.00000000099999999995 0.00000000099999999995 0.00000000099999999995 0.00000000099999999995 0.99999999400000005867 0.00000000099999999995 0.00000000099999999995 
0.00000000099999999980 0.00000000099999999980 0.00000000099999999980 0.00000000099999999980 0.00000000099999999980 0.00000000099999999980 0.99999999399999994765 
0.00000000099999999995 0.00000000099999999995 0.00000001994869310584 0.00000000099999999995 0.99999997505130699960 0.00000000099999999995 0.00000000099999999995 
0.00000000099999999997 0.00000000099999999997 0.47807590704113905877 0.00000000099999999997 0.52192408795886091610 0.00000000099999999997 0.00000000099999999997 
0.26587788795622147031 0.69917585627845646457 0.03145104718793476084 0.00000000099999999999 0.00033404381246380691 0.00316116276492337195 0.00000000099999999999 
0.00000000099999999961 0.00000000099999999961 0.00000000099999999961 0.00000000099999999961 0.00000000099999999961 0.00000000099999999961 0.99999999399999994765 
0.00000000099999999998 0.99999999400000016969 0.00000000099999999998 0.00000000099999999998 0.00000000099999999998 0.00000000099999999998 0.00000000099999999998 
0.32837908129630438703 0.61048520914890969102 0.00098566249548801780 0.03472501356403143169 0.02205401515704788484 0.00337101733821860506 0.00000000099999999999 
0.44647071922640152453 0.51384281294812106378 0.00000000100000000000 0.03014518651992014603 0.00445484846208992272 0.00508643084346750620 0.00000000100000000000 
0.00000009301063743096 0.83672269565073520425 0.05214315394968081080 0.11113405438894663479 0.00000000099999999998 0.00000000099999999998 0.00000000099999999998 
0.99999999400000005867 0.00000000099999999995 0.00000000099999999995 0.00000000099999999995 0.00000000099999999995 0.00000000099999999995 0.00000000099999999995 
0.99999999400000016969 0.00000000099999999996 0.00000000099999999996 0.00000000099999999996 0.00000000099999999996 0.00000000099999999996 0.00000000099999999996 
0.32379037836750379498 0.66271211450660538755 0.00000000099999999999 0.00000000099999999999 0.01067387969835323532 0.00282362442753754817 0.00000000099999999999 
0.38922407944834253035 0.54003973705814045658 0.00000000099999999999 0.05158292911311465612 0.01423343074071081737 0.00491982163969143828 0.00000000099999999999 
0.42052881093907784615 0.48315259830177342826 0.00000000100000000000 0.05177992707783482529 0.01546184912111480021 0.02750805476673225461 0.00156875879346680958 
0.33793650132781960505 0.60037981815074825676 0.01913279467083049343 0.03125857925047572511 0.00000000099999999999 0.01129230460012587735 0.00000000099999999999 
0.28892653545759056088 0.69775722598473211011 0.01331623455767730335 0.00000000099999999997 0.00000000099999999997 0.00000000099999999997 0.00000000099999999997 
0.99680914453428937083 0.00000000099999999997 0.00000000099999999997 0.00000000099999999997 0.00000000099999999997 0.00319085046571065175 0.00000000099999999997 
0.00000000099999999997 0.99999999400000016969 0.00000000099999999997 0.00000000099999999997 0.00000000099999999997 0.00000000099999999997 0.00000000099999999997 
0.99999999400000005867 0.00000000099999999995 0.00000000099999999995 0.00000000099999999995 0.00000000099999999995 0.00000000099999999995 0.00000000099999999995 
0.51652299768179554817 0.48347179133065459888 0.00000519676687724897 0.00000000099999999999 0.00000001122067256953 0.00000000099999999999 0.00000000099999999999 
0.40758437155298532506 0.47391606581343470594 0.02953967303037761602 0.08895988660320237884 0.00000000099999999998 0.00000000099999999998 0.00000000099999999998 
0.32236678659214434983 0.62408774482694684416 0.00000000099999999999 0.02579039123043346329 0.02408712403520030590 0.00366795131527490777 0.00000000099999999999 
0.22206024527745132913 0.67984113654752587053 0.00000000099999999999 0.05111626862264490728 0.04698234655237789464 0.00000000099999999999 0.00000000099999999999 
0.25853742192346940154 0.61375994339964445867 0.00554912007087792186 0.12215351160600822211 0.00000000099999999998 0.00000000099999999998 0.00000000099999999998 
0.28310430697391564259 0.68113180841353127004 0.02429288313883358127 0.00000000099999999998 0.01147099847371949380 0.00000000099999999998 0.00000000099999999998 
0.50255532827468074597 0.33786460648698340981 0.00000000100000000000 0.06552304347506383853 0.02585181234803909586 0.00077011075047790623 0.06743509766475522249 
0.33571149298649005654 0.62057663865175571871 0.00000000099999999998 0.03274961580851233622 0.01096224955324192653 0.00000000099999999998 0.00000000099999999998 
0.40678945237517055711 0.46804310327292408811 0.01843084962089375223 0.10673659173101159026 0.00000000099999999997 0.00000000099999999997 0.00000000099999999997 
0.00090356168091143736 0.82932228288696474561 0.00000000099999999997 0.16398012777652187788 0.00579402465560201630 0.00000000099999999997 0.00000000099999999997 
0.37544140929076552649 0.56313671612385418630 0.00003679703537975087 0.04746193904253488693 0.00000000099999999999 0.01392313650746545249 0.00000000099999999999 
0.37889767927138684467 0.58748688445416008541 0.01688430842155348721 0.01673112483843752080 0.00000000101446215931 0.00000000099999999998 0.00000000099999999998 
0.00000000099999999999 0.90219280609122398662 0.00000000099999999999 0.09780718890877607152 0.00000000099999999999 0.00000000099999999999 0.00000000099999999999 
0.25586141328265887829 0.66262589682866612772 0.03351216186103472133 0.04761675797103415847 0.00000000099999999999 0.00038376805660612391 0.00000000099999999999 
0.56359610210619548454 0.43634606127338287918 0.00000000099999999998 0.00005783262042183359 0.00000000099999999998 0.00000000099999999998 0.00000000099999999998 
0.35335519426326328363 0.58637538269999189833 0.06026941903674497975 0.00000000099999999997 0.00000000099999999997 0.00000000099999999997 0.00000000099999999997 
0.00000000099999999992 0.00000000099999999992 0.00000000099999999992 0.00000000099999999992 0.99999999399999994765 0.00000000099999999992 0.00000000099999999992 
0.00000000099999999988 0.00000000099999999988 0.99999999400000005867 0.00000000099999999988 0.00000000099999999988 0.00000000099999999988 0.00000000099999999988 
0.00000000099999999974 0.00000000099999999974 0.00000000099999999974 0.00000000099999999974 0.00000000099999999974 0.00000000099999999974 0.99999999400000005867 
0.00000000099999999968 0.00000000099999999968 0.00000000099999999968 0.00000000099999999968 0.00000000099999999968 0.99999999400000005867 0.00000000099999999968 
0.00000000099999999999 0.00000000099999999999 0.44570863925301690278 0.07122633888276835856 0.44726724397712397385 0.03579777488709066230 0.00000000099999999999 
0.34203135772882015120 0.63181972613944659134 0.02611031952347218216 0.00003859360826099051 0.00000000099999999998 0.00000000099999999998 0.00000000099999999998 
0.63547215541245960502 0.29318139030433804093 0.00000000099999999999 0.05518921033035188023 0.01615724095285046499 0.00000000099999999999 0.00000000099999999999 
0.00000000099999999997 0.00000000099999999997 0.50317596135831399451 0.00000000099999999997 0.49682403364168598037 0.00000000099999999997 0.00000000099999999997 
0.00000000156123133865 0.96803176714266159220 0.00000000099999999998 0.00000000099999999998 0.03196822729610704350 0.00000000099999999998 0.00000000099999999998 
0.00000000099999999998 0.98928094953665635103 0.00589138721147119092 0.00000000099999999998 0.00000000099999999998 0.00482765925187262929 0.00000000099999999998 
0.37019523442062535201 0.52521870437197493153 0.00000000099999999998 0.10458605720739974632 0.00000000099999999998 0.00000000099999999998 0.00000000099999999998 
0.00000000099999999965 0.00000000099999999965 0.00000000099999999965 0.00000000099999999965 0.00000000099999999965 0.00000000099999999965 0.99999999399999994765 
0.00000000099999999967 0.00000000099999999967 0.00000000099999999967 0.00000000099999999967 0.00000000099999999967 0.00000000099999999967 0.99999999400000005867 
0.00000000099999999961 0.00000000099999999961 0.00000000099999999961 0.00000000099999999961 0.00000000099999999961 0.00000000099999999961 0.99999999400000005867 
0.00000000099999999962 0.00000000099999999962 0.00000000099999999962 0.00000000099999999962 0.00000000099999999962 0.00000000099999999962 0.99999999399999994765 
0.00000000099999999963 0.00000000099999999963 0.00000000099999999963 0.00000000099999999963 0.00000000099999999963 0.00000000099999999963 0.99999999399999994765 
0.00000000099999999994 0.00000000099999999994 0.00000000099999999994 0.00000000099999999994 0.99999999400000005867 0.00000000099999999994 0.00000000099999999994 
0.33806072780545165513 0.54099220509235623755 0.00280064701480065318 0.11380829572650623394 0.00000000099999999999 0.00433812236088508205 0.00000000099999999999 
0.00000000099999999963 0.00000000099999999963 0.00000000099999999963 0.00000000099999999963 0.00000000099999999963 0.00000000099999999963 0.99999999400000005867 
0.00000000099999999968 0.00000000099999999968 0.00000000099999999968 0.00000000099999999968 0.00000000099999999968 0.00000000099999999968 0.99999999399999994765 
0.00000000099999999967 0.00000000099999999967 0.00000000099999999967 0.00000000099999999967 0.00000000099999999967 0.99999999400000005867 0.00000000099999999967 
0.00000000099999999966 0.00000000099999999966 0.00000000099999999966 0.00000000099999999966 0.00000000099999999966 0.99999999399999994765 0.00000000099999999966 
0.18179446133888671477 0.81556371978396602351 0.00264181487714733798 0.00000000099999999999 0.00000000099999999999 0.00000000099999999999 0.00000000099999999999 
0.00000000099999999965 0.00000000099999999965 0.00000000099999999965 0.00000000099999999965 0.00000000099999999965 0.00000000099999999965 0.99999999399999994765 
0.00000000099999999998 0.97872320012233049447 0.02127679487766963654 0.00000000099999999998 0.00000000099999999998 0.00000000099999999998 0.00000000099999999998 
0.31507366149455806603 0.66491485940786365649 0.00000000099999999999 0.02001147509757828305 0.00000000099999999999 0.00000000099999999999 0.00000000099999999999 
0.00000000099999999997 0.00000000099999999997 0.00000000099999999997 0.00000000099999999997 0.99999999400000005867 0.00000000099999999997 0.00000000099999999997 
0.00000000099999999998 0.98048480251205072378 0.00000000099999999998 0.00000002115247688548 0.01951517233547254287 0.00000000099999999998 0.00000000099999999998 
0.00000000099999999993 0.00000000099999999993 0.29227460350382117316 0.00000000099999999993 0.70772539149617874621 0.00000000099999999993 0.00000000099999999993 
0.00000000099999999998 0.87377603839202100389 0.01336720309175080945 0.11285675451622828591 0.00000000099999999998 0.00000000099999999998 0.00000000099999999998 
0.00000000099999999984 0.00000000099999999984 0.99999999399999994765 0.00000000099999999984 0.00000000099999999984 0.00000000099999999984 0.00000000099999999984 
0.00000000099999999999 0.85420338445277343986 0.00000000099999999999 0.13866969070951629117 0.00483903698860798769 0.00228788484910217443 0.00000000099999999999 
0.38152006974795721339 0.52501120640960075026 0.00000000099999999999 0.08512408428546287820 0.00000000099999999999 0.00834463655697913372 0.00000000099999999999 
0.00000000099999999968 0.00000000099999999968 0.00000000099999999968 0.00000000099999999968 0.00000000099999999968 0.00000000099999999968 0.99999999400000005867 
0.00000000099999999985 0.00000000099999999985 0.99999999399999994765 0.00000000099999999985 0.00000000099999999985 0.00000000099999999985 0.00000000099999999985 
0.00000000099999999963 0.00000000099999999963 0.00000000099999999963 0.00000000099999999963 0.00000000099999999963 0.00000000099999999963 0.99999999399999994765 
0.00000000099999999963 0.00000000099999999963 0.00000000099999999963 0.00000000099999999963 0.00000000099999999963 0.00000000099999999963 0.99999999400000005867 
0.00000000099999999998 0.90249621212100483714 0.01302199979156749149 0.08448178408742763879 0.00000000099999999998 0.00000000099999999998 0.00000000099999999998 
0.38453905779374614182 0.55463505517478595142 0.00000000099999999998 0.03107468436015391189 0.02975119967131392706 0.00000000099999999998 0.00000000099999999998 
0.38365545772300868599 0.59890309389949081265 0.00000000099999999998 0.00000000099999999998 0.01744144437750059368 0.00000000099999999998 0.00000000099999999998 
0.26819041096039031302 0.65864204109187252101 0.01084952619838717644 0.06231801874935002927 0.00000000099999999999 0.00000000099999999999 0.00000000099999999999 
0.88927618883011838591 0.00000000099999999996 0.00000000099999999996 0.11072380616988161672 0.00000000099999999996 0.00000000099999999996 0.00000000099999999996 
0.32908371596305752149 0.55452994945845490715 0.00000000099999999998 0.10354580394651295705 0.01264638368568427214 0.00019414494629014937 0.00000000099999999998 
0.47040649733893946660 0.52959349766106056379 0.00000000099999999999 0.00000000099999999999 0.00000000099999999999 0.00000000099999999999 0.00000000099999999999 
0.00000000099999999997 0.00000000099999999997 0.48694929309043960552 0.00000000099999999997 0.51305070190956036935 0.00000000099999999997 0.00000000099999999997 
0.99999999400000005867 0.00000000099999999994 0.00000000099999999994 0.00000000099999999994 0.00000000099999999994 0.00000000099999999994 0.00000000099999999994 
0.00000000099999999963 0.00000000099999999963 0.00000000099999999963 0.00000000099999999963 0.00000000099999999963 0.00000000099999999963 0.99999999400000005867 
0.31553299162942083367 0.67840664647462911585 0.00606035789595021565 0.00000000099999999999 0.00000000099999999999 0.00000000099999999999 0.00000000099999999999 
0.00000000099999999988 0.00000000099999999988 0.00000000099999999988 0.00000000099999999988 0.00000000099999999988 0.00000000099999999988 0.99999999399999994765 
0.00000000099999999968 0.00000000099999999968 0.00000000099999999968 0.00000000099999999968 0.00000000099999999968 0.00000000099999999968 0.99999999400000005867 
0.99999999400000005867 0.00000000099999999996 0.00000000099999999996 0.00000000099999999996 0.00000000099999999996 0.00000000099999999996 0.00000000099999999996 
0.45312521426999946561 0.53905029485052480265 0.00000000099999999998 0.00000000099999999998 0.00000000099999999998 0.00782448687947584140 0.00000000099999999998 
0.33879858350113928323 0.62959888813462761004 0.00000000099999999999 0.00000000099999999999 0.03160252436423325456 0.00000000099999999999 0.00000000099999999999 
0.00000000099999999971 0.00000000099999999971 0.00000000099999999971 0.00000000099999999971 0.00000000099999999971 0.00000000099999999971 0.99999999399999994765 
0.00000000099999999993 0.00000000099999999993 0.42669866578509313415 0.00000000099999999993 0.57330132921490695175 0.00000000099999999993 0.00000000099999999993 
0.00000000099999999991 0.00000000099999999991 0.00000000099999999991 0.00000000099999999991 0.99999999400000005867 0.00000000099999999991 0.00000000099999999991 
0.00000000099999999967 0.00000000099999999967 0.00000000099999999967 0.00000000099999999967 0.00000000099999999967 0.00000000099999999967 0.99999999400000005867 
0.00000000099999999998 0.98503303736516556466 0.01496695763483457675 0.00000000099999999998 0.00000000099999999998 0.00000000099999999998 0.00000000099999999998 
0.30124125527055717333 0.54049422710877159659 0.05125154746574151626 0.09864769573317686002 0.00000000099999999999 0.00836527242175285311 0.00000000099999999999 
0.00000000099999999969 0.00000000099999999969 0.00000000099999999969 0.00000000099999999969 0.00000000099999999969 0.00000000099999999969 0.99999999399999994765 
0.35557316877712774605 0.55206168577677106057 0.00000000099999999999 0.09146883794805123202 0.00000001442344301708 0.00089629107460709005 0.00000000099999999999 
0.00000000099999999990 0.00000000099999999990 0.00000000099999999990 0.00000000099999999990 0.99999999399999994765 0.00000000099999999990 0.00000000099999999990 
0.00000000099999999985 0.00000000099999999985 0.00000000099999999985 0.99999999399999994765 0.00000000099999999985 0.00000000099999999985 0.00000000099999999985 
0.00000000099999999986 0.00000000099999999986 0.00000000099999999986 0.99999999399999994765 0.00000000099999999986 0.00000000099999999986 0.00000000099999999986 
0.32616674831632147535 0.59320582229134877217 0.04579224827443079127 0.02222283242335434256 0.00000000099999999999 0.01261234669454462144 0.00000000099999999999 
0.00000000099999999998 0.89836229924921595646 0.00000000099999999998 0.09239381732093862598 0.00000000099999999998 0.00924387942984545262 0.00000000099999999998 
0.31362393314787001541 0.60114080346315523773 0.00000000099999999998 0.07828760340901712300 0.00000000099999999998 0.00694765697995765926 0.00000000099999999998 
0.31336477460821665630 0.60342267032891050427 0.00000000099999999998 0.08321255106287300807 0.00000000099999999998 0.00000000099999999998 0.00000000099999999998 
0.35260955788221992613 0.56894044412160016400 0.00000000099999999999 0.07844999395320668978 0.00000000104297331095 0.00000000099999999999 0.00000000099999999999 
0.26291313244235681168 0.59811079115643128734 0.00000000099999999998 0.13584626408219258042 0.00000000099999999998 0.00312980931901933514 0.00000000099999999998 
0.00000000100000000000 0.89132425959967598317 0.00000071141040456561 0.07756212648352142636 0.03111289950639809995 0.00000000100000000000 0.00000000100000000000 
0.00000000099999999985 0.00000000099999999985 0.99999999400000005867 0.00000000099999999985 0.00000000099999999985 0.00000000099999999985 0.00000000099999999985 
0.27216393386595810755 0.59667905575037372135 0.02018036074759194803 0.11097664663607616220 0.00000000099999999998 0.00000000099999999998 0.00000000099999999998 
0.00000010134719766382 0.87561057855873680733 0.00000000099999999997 0.12438931609406556067 0.00000000099999999997 0.00000000099999999997 0.00000000099999999997 
0.24614857523321717614 0.63958126819276717168 0.04491514404857121362 0.06923814039917437768 0.00011680869369992835 0.00000006243257000228 0.00000000100000000000 
0.99999999400000005867 0.00000000099999999993 0.00000000099999999993 0.00000000099999999993 0.00000000099999999993 0.00000000099999999993 0.00000000099999999993 
0.99999999400000016969 0.00000000099999999995 0.00000000099999999995 0.00000000099999999995 0.00000000099999999995 0.00000000099999999995 0.00000000099999999995 
0.59788937303077749341 0.40211062196922253698 0.00000000099999999998 0.00000000099999999998 0.00000000099999999998 0.00000000099999999998 0.00000000099999999998 
0.27134860205190192151 0.64310214939648446819 0.02093053873922497143 0.06461870681238858494 0.00000000099999999999 0.00000000099999999999 0.00000000099999999999 
0.00000000099999999988 0.00000000099999999988 0.99999999399999994765 0.00000000099999999988 0.00000000099999999988 0.00000000099999999988 0.00000000099999999988 
0.38553169208008658542 0.54423342919846762200 0.00000000099999999999 0.03050152375912559485 0.02439123070745063959 0.01534212225486934929 0.00000000099999999999 
0.35885364349379383908 0.52619292403582651474 0.00000000099999999999 0.11231898468638959465 0.00235837952933616113 0.00027606625465385312 0.00000000099999999999 
0.38352469930495269868 0.54931783518076737760 0.01314950760567983046 0.04592007567935497275 0.00000000100000000000 0.00000000100000000000 0.00808788022924510595 
0.00000000099999999996 0.00000000099999999996 0.51195122989689212378 0.00000000099999999996 0.48804876510310796212 0.00000000099999999996 0.00000000099999999996 
0.14325241804713079175 0.80682900477766039682 0.03141200595106089649 0.00000000100000000000 0.00056775314604310160 0.00000000100000000000 0.01793881607810462672 
0.25760183491312299564 0.69921946416493530041 0.00000000100000000000 0.01530905352623792778 0.02077756571340916986 0.00709207968229465333 0.00000000100000000000 
0.09228868017865653195 0.35057998806374335299 0.16965224692538108386 0.07855232854659235930 0.30369082714357897856 0.00523592814204762880 0.00000000099999999999 
0.41288108013245178318 0.54828966536313339386 0.03882760268300608497 0.00000164882140872895 0.00000000099999999998 0.00000000099999999998 0.00000000099999999998 
0.00000000099999999970 0.00000000099999999970 0.00000000099999999970 0.00000000099999999970 0.00000000099999999970 0.00000000099999999970 0.99999999400000005867 
0.00000000099999999998 0.94051533623768002190 0.05166399099614741447 0.00000000099999999998 0.00000000099999999998 0.00782066876617262124 0.00000000099999999998 
0.00000002344178667187 0.96319443266259474612 0.03680542899816526686 0.00000011189745329182 0.00000000099999999999 0.00000000099999999999 0.00000000099999999999 
