0.00033323423786152335 0.96554923786418411780 0.02608286521762647608 0.00803466268032792912 
0.00000000099999999996 0.00000000099999999996 0.00000000099999999996 0.99999999699999997382 
0.00000000099999999996 0.00000000099999999996 0.00000000099999999996 0.99999999699999997382 
0.00000000099999999999 0.95156640585102614249 0.00553164083809475678 0.04290195231087919753 
0.00000000100000000000 0.98631160887770252810 0.01322401063850515979 0.00046437948379226900 
0.00000000099999999999 0.96298111858128920826 0.00638401640067952272 0.03063486401803132073 
0.00000000099999999997 0.00000000099999999997 0.00000000099999999997 0.99999999700000008485 
0.00000000099999999995 0.00000000099999999995 0.00000000099999999995 0.99999999700000008485 
0.00000000099999999999 0.97125161030501261372 0.01973045210040740710 0.00901793659457993634 
0.00000000099999999997 0.00000000099999999997 0.00000000099999999997 0.99999999699999997382 
0.00000000100000000000 0.96837284506563370279 0.01378670677495961831 0.01784044715940657014 
0.00000000099999999999 0.96577659884990674222 0.01152895271445693141 0.02269444743563624189 
0.00000000100000000000 0.98590603502117934998 0.00886125059432058687 0.00523271338449998909 
0.00000000100000000000 0.96965028829158250723 0.01967253809330353487 0.01067717261511393068 
0.00608547396809320032 0.97093274334576606943 0.02163963414502545826 0.00134214854111523491 
0.00000000099999999999 0.90559362731055426110 0.03332121814424528206 0.06108515354520042268 
0.00000000100000000000 0.99218128439217090353 0.00023956119023422481 0.00757915341759502360 
0.00537881011973312482 0.98806368364556274031 0.00655750523470404086 0.00000000100000000000 
0.00816444514782015650 0.97697725808455904151 0.01149178958084344677 0.00336650718677739772 
0.00000000099999999998 0.99114577712476736870 0.00794910936864588573 0.00090511250658687685 
0.00000000100000000000 0.99592402425550929923 0.00001614151345865151 0.00405983323103213580 
0.00000000099999999998 0.00000000099999999998 0.00000000099999999998 0.99999999700000008485 
0.00000000099999999999 0.96963071330282846194 0.00000000099999999999 0.03036928469717154952 
0.00000000099999999999 0.95796770748204496115 0.00410213386499210658 0.03793015765296297442 
0.00000000099999999999 0.96657262772307150911 0.00000020403679640419 0.03342716724013204688 
0.00000000099999999999 0.99308733038727392550 0.00691266761272599228 0.00000000099999999999 
0.00000000099999999988 0.00000000099999999988 0.99999999699999997382 0.00000000099999999988 
0.00000000099999999986 0.00000000099999999986 0.99999999699999986280 0.00000000099999999986 
0.00000000100000000000 0.98283970575470469555 0.01171749259209063816 0.00544280065320482901 
0.00000000099999999999 0.98498592434703513554 0.01501407365296472673 0.00000000099999999999 
0.00000000099999999999 0.97030033676580307311 0.00000000099999999999 0.02969966123419703202 
0.00000000099999999998 0.00000000099999999998 0.00000000099999999998 0.99999999700000008485 
0.00000000099999999997 0.39852845945467091360 0.36100338463854103610 0.24046815490678818961 
0.00000000099999999999 0.99843505735350712715 0.00109514237804753589 0.00046979926844539441 
0.99999999700000008485 0.00000000099999999986 0.00000000099999999986 0.00000000099999999986 
0.99999999700000008485 0.00000000099999999982 0.00000000099999999982 0.00000000099999999982 
0.99999999700000008485 0.00000000099999999982 0.00000000099999999982 0.00000000099999999982 
0.00000000099999999988 0.00000000099999999988 0.99999999699999997382 0.00000000099999999988 
0.00000000099999999987 0.00000000099999999987 0.99999999699999986280 0.00000000099999999987 
0.00000000099999999999 0.99414615607804013298 0.00362519318206081052 0.00222864973989917760 
0.00000000099999999998 0.00000000099999999998 0.00000000099999999998 0.99999999700000008485 
0.00000000099999999987 0.00000000099999999987 0.99999999699999997382 0.00000000099999999987 
0.00000000099999999999 0.95987994212338023647 0.01218317860986388793 0.02793687826675601490 
0.00000000099999999996 0.00000000099999999996 0.00000000099999999996 0.99999999699999997382 
0.00000000099999999989 0.00000000099999999989 0.99999999699999986280 0.00000000099999999989 
0.00000000099999999999 0.97037884977158006539 0.00999092062253443582 0.01963022860588553228 
0.00000000099999999987 0.00000000099999999987 0.99999999699999986280 0.00000000099999999987 
0.00000000099999999997 0.00000000099999999997 0.00000000099999999997 0.99999999700000008485 
0.00000000099999999995 0.00000000099999999995 0.00000000099999999995 0.99999999700000008485 
0.00000000099999999986 0.00000000099999999986 0.99999999699999997382 0.00000000099999999986 
0.00000000099999999987 0.00000000099999999987 0.99999999699999986280 0.00000000099999999987 
0.00000000099999999997 0.00000000099999999997 0.00000000099999999997 0.99999999700000008485 
0.00000000099999999996 0.00000000099999999996 0.00000000099999999996 0.99999999700000008485 
0.00000000099999999997 0.00000000099999999997 0.00000000099999999997 0.99999999700000008485 
0.00000000099999999989 0.00000000099999999989 0.99999999699999986280 0.00000000099999999989 
0.00000000100000000000 0.93166637250205130982 0.01960006701849272698 0.04873355947945594291 
0.00000000100000000000 0.96748769611398310886 0.03020432113231353785 0.00230798175370344576 
0.00000000099999999999 0.97020381635235797280 0.00000000099999999999 0.02979618164764212540 
0.00000000099999999999 0.97789981773908718488 0.00448758993343424326 0.01761259132747849954 
0.00000000099999999996 0.00000000099999999996 0.00000000099999999996 0.99999999700000008485 
0.00160572617000291694 0.98789810226274576976 0.00981023316957851076 0.00068593839767285198 
0.99999999700000008485 0.00000000099999999985 0.00000000099999999985 0.00000000099999999985 
0.00000000099999999998 0.98051046300168620551 0.00935445222617737812 0.01013508377213627985 
0.99999999700000008485 0.00000000099999999985 0.00000000099999999985 0.00000000099999999985 
0.00000000100000000000 0.95210922920615037590 0.00119074620602324611 0.04670002358782626706 
0.99999999699999997382 0.00000000099999999986 0.00000000099999999986 0.00000000099999999986 
0.00000000099999999999 0.98158490833688627486 0.00571309430069797796 0.01270199636241567571 
0.00000004747645185746 0.97382469263248838676 0.01072501040427064484 0.01545024948678902499 
0.00000000099999999995 0.00000000099999999995 0.00000000099999999995 0.99999999699999997382 
0.00000000099999999998 0.99999859218974385122 0.00000000099999999998 0.00000140581025628356 
0.99999999700000008485 0.00000000099999999985 0.00000000099999999985 0.00000000099999999985 
0.99999999700000008485 0.00000000099999999987 0.00000000099999999987 0.00000000099999999987 
0.00000000099999999999 0.89781571833695728024 0.01486861387110025544 0.08731566679194245617 
0.00000000099999999995 0.00000000099999999995 0.00000000099999999995 0.99999999699999997382 
0.00000000099999999989 0.00000000099999999989 0.99999999699999997382 0.00000000099999999989 
0.00000000099999999996 0.00000000099999999996 0.00000000099999999996 0.99999999699999997382 
0.00120217059660297234 0.95669403871256619709 0.00000000100000000000 0.04210378969083090200 
0.99999999699999997382 0.00000000099999999984 0.00000000099999999984 0.00000000099999999984 
0.00000000099999999985 0.00000000099999999985 0.99999999699999997382 0.00000000099999999985 
0.99999999700000008485 0.00000000099999999987 0.00000000099999999987 0.00000000099999999987 
0.00320336728911421601 0.97262571905629113811 0.02165348748131729756 0.00251742617327727026 
0.00000000099999999995 0.00000000099999999995 0.00000000099999999995 0.99999999700000008485 
0.00000000099999999996 0.00000000099999999996 0.00000000099999999996 0.99999999700000008485 
0.00000000099999999999 0.75926285289045802873 0.00462098033514929916 0.23611616577439253906 
0.00000000100000000000 0.96879907711309132257 0.02491383187885045161 0.00628709000805814482 
0.00000000099999999999 0.98518664836909897176 0.00000056619986876113 0.01481278443103221931 
0.00000000099999999999 0.97097766756697323487 0.00000000099999999999 0.02902233043302680435 
0.00000000100000000000 0.99675034254450134430 0.00260836754285294565 0.00064128891264582648 
0.00000000099999999998 0.99999999700000008485 0.00000000099999999998 0.00000000099999999998 
0.00000000099999999999 0.98413910566377293954 0.00080442097193510805 0.01505647236429194166 
0.00000000099999999999 0.97598981687903163529 0.01064132447235289006 0.01336885764861537630 
0.00000000100000000000 0.95799145618758774212 0.00000001645386905715 0.04200852635854336603 
0.00000000099999999996 0.00000000099999999996 0.00000000099999999996 0.99999999700000008485 
0.00000000099999999998 0.00003068519994738682 0.00000000099999999998 0.99996931280005252329 
0.99999999700000008485 0.00000000099999999991 0.00000000099999999991 0.00000000099999999991 
0.00000000099999999998 0.00000000099999999998 0.00000000099999999998 0.99999999699999997382 
0.00000000099999999998 0.00000000099999999998 0.00000000099999999998 0.99999999700000008485 
0.00000000099999999999 0.96194973364236679991 0.01049152921536534479 0.02755873614226795124 
0.99999999700000008485 0.00000000099999999982 0.00000000099999999982 0.00000000099999999982 
0.00000000100000000000 0.99170989475470561203 0.00829010288687495427 0.00000000135841941912 
0.00000000099999999999 0.97016653127618790453 0.00845919195003605462 0.02137427577377602056 
0.00201039136843104028 0.98312437466249702478 0.01004196666993889542 0.00482326729913290595 
0.00000000100000000000 0.96384041787393970324 0.00702972735224690563 0.02912985377381356947 
0.00043501224657757062 0.99203114947068726792 0.00051284899436166115 0.00702098928837337037 
0.00000005948208189414 0.95728215886387613143 0.00012072447400656683 0.04259705718003531372 
0.00000000100000000000 0.98893505178221530194 0.00904937093526414320 0.00201557628252065860 
0.00000000100000000000 0.97206853533366999187 0.01125683404401305564 0.01667462962231689577 
0.00443017321406185584 0.94711824128001176337 0.03207038585828135557 0.01638119964764498532 
0.00000000099999999999 0.97707811092855301194 0.01505408872065420144 0.00786779935079272991 
0.00000000099999999999 0.99920846810540553395 0.00000000099999999999 0.00079152989459441289 
0.00096297359833420455 0.94306491921613766483 0.02872235453731277616 0.02724975264821537929 
0.00000000099999999999 0.98589700820272974102 0.01410298972083160948 0.00000000107643863890 
0.00000000100000000000 0.98436581300737691080 0.00065149413211421591 0.01498269186050886666 
0.00000000099999999999 0.99667117992457998632 0.00149859568729305290 0.00183022338812706170 
0.00000000099999999999 0.96228734257929915419 0.00000000099999999999 0.03771265542070102728 
0.00000000100000000000 0.97011065574181254423 0.01097404032679115231 0.01891530293139641675 
0.00000000099999999999 0.95537445265598863742 0.00000000099999999999 0.04462554534401146772 
0.00000000100000000000 0.99043480728837340887 0.00192684715769726169 0.00763834455392930177 
0.00000000099999999999 0.96814900723336427824 0.00242353238779008211 0.02942745937884572865 
0.06804893960466897040 0.89683903148282906326 0.00711742220653704266 0.02799460670596497225 
0.00000000099999999999 0.99254721084737673742 0.00000000099999999999 0.00745278715262344838 
0.00000000099999999998 0.97810805468061712276 0.00000000099999999998 0.02189194331938301707 
0.00000000099999999998 0.96919573307931872197 0.00000046746965492649 0.03080379845102626871 
0.00000000099999999999 0.97832495404938935035 0.01929107849050352291 0.00238396646010712292 
0.00000000099999999998 0.98174639634072369265 0.00000000099999999998 0.01825360165927645065 
0.00362297773381645627 0.98015621051334012037 0.00852512018403114337 0.00769569156881221364 
0.00000000099999999999 0.97545834614742610302 0.00887739180140910064 0.01566426105116488707 
0.00000000099999999999 0.99700890101703765200 0.00299109672431083651 0.00000000125865145387 
0.00000000099999999998 0.96247619158935249217 0.00000000099999999998 0.03752380641064746725 
0.00000000099999999996 0.00000000099999999996 0.00000000099999999996 0.99999999700000008485 
0.00000000099999999998 0.00000000753105354470 0.00000000099999999998 0.99999999046894649801 
0.99999999699999997382 0.00000000099999999988 0.00000000099999999988 0.00000000099999999988 
0.00000000099999999985 0.00000000099999999985 0.99999999699999997382 0.00000000099999999985 
0.00000000100000000000 0.04629954599740207510 0.03979683473852068526 0.91390361826407717771 
0.00000000099999999998 0.98275183919283959355 0.00000000099999999998 0.01724815880716042485 
0.00000000188293077343 0.96322512461506193393 0.00460375182426502917 0.03217112167774229675 
0.00000000099999999999 0.00000000099999999999 0.00395553044369753668 0.99604446755630260402 
0.00000000099999999999 0.97707638558692921915 0.00000000099999999999 0.02292361241307082353 
0.00000000099999999998 0.98143583139794066117 0.01524014220020779645 0.00332402540185166868 
0.00000000099999999999 0.99385763129613557965 0.00614236670386432600 0.00000000099999999999 
0.99999999700000008485 0.00000000099999999984 0.00000000099999999984 0.00000000099999999984 
0.99999999699999997382 0.00000000099999999985 0.00000000099999999985 0.00000000099999999985 
0.99999999700000008485 0.00000000099999999982 0.00000000099999999982 0.00000000099999999982 
0.99999999700000008485 0.00000000099999999983 0.00000000099999999983 0.00000000099999999983 
0.99999999700000008485 0.00000000099999999983 0.00000000099999999983 0.00000000099999999983 
0.00000000099999999998 0.00000000099999999998 0.00000000099999999998 0.99999999699999997382 
0.00000000100000000000 0.97950141243471589014 0.01465943219065036704 0.00583915437463371906 
0.99999999699999997382 0.00000000099999999983 0.00000000099999999983 0.00000000099999999983 
0.99999999699999997382 0.00000000099999999985 0.00000000099999999985 0.00000000099999999985 
0.00000000099999999985 0.00000000099999999985 0.99999999699999986280 0.00000000099999999985 
0.00000000099999999985 0.00000000099999999985 0.99999999699999986280 0.00000000099999999985 
0.00000000099999999999 0.99998191478975961832 0.00000000099999999999 0.00001808321024049506 
0.99999999699999997382 0.00000000099999999984 0.00000000099999999984 0.00000000099999999984 
0.00006885714182872843 0.97951259214876773562 0.00000000100000000000 0.02041854970940358213 
0.00000000099999999999 0.99758988440522733399 0.00241011311073653471 0.00000000148403626798 
0.00000000099999999998 0.03847022409708427543 0.00000000099999999998 0.96152977390291571869 
0.00000000099999999999 0.98454107946780833327 0.00005834554698433433 0.01540057398520745455 
0.00000000099999999995 0.00000000099999999995 0.00000000099999999995 0.99999999700000008485 
0.00000000099999999999 0.96485149782894141790 0.00888971798765264033 0.02625878318340598219 
0.00000000099999999995 0.00000000099999999995 0.00000000099999999995 0.99999999700000008485 
0.00000000100000000000 0.96292140854870034161 0.02050753101680864374 0.01657105943449107069 
0.00000000100000000000 0.98370977849280205607 0.01617553672751065666 0.00011468377968717909 
0.99999999699999997382 0.00000000099999999986 0.00000000099999999986 0.00000000099999999986 
0.00000000099999999996 0.00000000099999999996 0.00000000099999999996 0.99999999700000008485 
0.99999999699999997382 0.00000000099999999983 0.00000000099999999983 0.00000000099999999983 
0.99999999700000008485 0.00000000099999999983 0.00000000099999999983 0.00000000099999999983 
0.00000000100000000000 0.98558418100894606972 0.00128424697496307399 0.01313157101609098258 
0.00000000099999999999 0.96721797388341501645 0.00057647550807227090 0.03220554960851276100 
0.00000000099999999998 0.98833684131708166021 0.00000000099999999998 0.01166315668291828880 
0.00000000099999999999 0.98856713323008171823 0.00622479935765328160 0.00520806641226502325 
0.00000000099999999999 0.97356224139132685469 0.01582074176860685105 0.01061701584006619070 
0.00000000099999999999 0.96699679224207402140 0.01063486853256159596 0.02236833822536430164 
0.00000000099999999999 0.99999993223761052263 0.00000006576238949357 0.00000000099999999999 
0.00000000099999999998 0.00209171151588362402 0.00000000099999999998 0.99790828648411633583 
0.00000000099999999999 0.99983907789430748192 0.00015769227512025857 0.00000322883057228676 
0.99999999699999997382 0.00000000099999999983 0.00000000099999999983 0.00000000099999999983 
0.00000000100000000000 0.99382684167496959660 0.00336506408510363949 0.00280809323992683210 
0.99999999699999997382 0.00000000099999999994 0.00000000099999999994 0.00000000099999999994 
0.99999999700000008485 0.00000000099999999985 0.00000000099999999985 0.00000000099999999985 
0.00000000099999999999 0.97176784246510139464 0.00002169018232113473 0.02821046635257745683 
0.00000000099999999999 0.98732564320772031596 0.01267435479227957233 0.00000000099999999999 
0.00000484781275061365 0.97555250861042586141 0.00000000100000000000 0.02444264257682348188 
0.99999999699999997382 0.00000000099999999987 0.00000000099999999987 0.00000000099999999987 
0.00000000099999999996 0.00000000099999999996 0.00000000099999999996 0.99999999699999997382 
0.00000000099999999996 0.00000000099999999996 0.00000000099999999996 0.99999999699999997382 
0.99999999700000008485 0.00000000099999999985 0.00000000099999999985 0.00000000099999999985 
0.00000000100000000000 0.97872288693298103990 0.01013965508683995105 0.01113745698017902172 
0.00000000100000000000 0.93988122314750399688 0.01606228224107035529 0.04405649361142562753 
0.99999999699999997382 0.00000000099999999986 0.00000000099999999986 0.00000000099999999986 
0.00000000099999999999 0.97968603779332230630 0.01084236879036054937 0.00947159241631716046 
0.00000000099999999995 0.00000000099999999995 0.00000000099999999995 0.99999999700000008485 
0.10674977663700596642 0.54452929119143644865 0.11194200774628325357 0.23677892442527423422 
0.00458908816898655637 0.96331458616347609425 0.00000000100000000000 0.03209632466753743057 
0.00000000099999999999 0.94591639715395381405 0.01600769876684083118 0.03807590307920544204 
0.00000000099999999999 0.97841909893539236176 0.01842410257129588683 0.00315679749331174240 
0.00000000099999999999 0.98502773021332790115 0.01472000423661416584 0.00025226455005801529 
0.00000000099999999999 0.99396220206593965951 0.00603779593406044996 0.00000000099999999999 
0.00000000099999999999 0.98883211134018644817 0.00000000099999999999 0.01116788665981360493 
0.00000000099999999999 0.97300635964641890574 0.01649149646235163746 0.01050214289122935671 
0.00832711264301785360 0.95667818533095039246 0.00824069087083031428 0.02675401115520136680 
0.00000000099999999997 0.00000000099999999997 0.00000000099999999997 0.99999999700000008485 
0.00000000099999999999 0.96672412024258513874 0.01042479581011679715 0.02285108294729810974 
0.00000000099999999999 0.98980715796506224535 0.01019283949218069592 0.00000000154275708952 
0.00000000100000000000 0.94474206710176844570 0.00556924772125345652 0.04968868417697814427 
0.00000000099999999999 0.97857271663708700338 0.00000000099999999999 0.02142728136291312951 
0.00243347212876005720 0.95470793745623216964 0.00554948294759405499 0.03730910746741357420 
0.00000000099999999999 0.99942758833203659830 0.00057203504336430296 0.00000037562459915553 
0.00000000100000000000 0.97877770427206700621 0.00226398689261133376 0.01895830783532172562 
0.00000000099999999998 0.00194617254780694252 0.00000000099999999998 0.99805382545219312185 
0.00000000099999999999 0.95531378172174541419 0.02087783295610760870 0.02380838432214690825 
0.00000000099999999999 0.97621499854473636759 0.01365262147193357055 0.01013237898333017341 
0.01112485827880664406 0.97405166957385402871 0.00023383221165387634 0.01458963993568557216 
0.00000000099999999998 0.00000002121455297330 0.00000000099999999998 0.99999997678544705337 
0.01927394196061341103 0.95108444933268943000 0.00000005940830609223 0.02964154929839113092 
0.00000000100000000000 0.97419726740922163444 0.01255879799147939513 0.01324393359929891892 
0.00000000099999999999 0.50614280547579049152 0.01192794259530445718 0.48192925092890503969 
0.00000000099999999998 0.96961334725322412265 0.00000000099999999998 0.03038665074677597555 
0.99999999699999997382 0.00000000099999999986 0.00000000099999999986 0.00000000099999999986 
0.00000000099999999999 0.95912959955319632144 0.01978939339877361717 0.02108100604803009315 
0.00000000100000000000 0.96249701477365900981 0.00787677218084312410 0.02962621204549800366 
