0.00000000099999999998 0.12512759476492918420 0.00000000099999999998 0.00000000099999999998 0.01186279247746136953 0.44442057799042772315 0.00000000099999999998 0.00000511968955193699 0.41858390907762982325 0.00000000099999999998 0.00000000099999999998 
0.00000000099999999981 0.00000000099999999981 0.99999999000000006077 0.00000000099999999981 0.00000000099999999981 0.00000000099999999981 0.00000000099999999981 0.00000000099999999981 0.00000000099999999981 0.00000000099999999981 0.00000000099999999981 
0.00000000099999999981 0.00000000099999999981 0.99999999000000006077 0.00000000099999999981 0.00000000099999999981 0.00000000099999999981 0.00000000099999999981 0.00000000099999999981 0.00000000099999999981 0.00000000099999999981 0.00000000099999999981 
0.00000000099999999998 0.16166967295006595684 0.03447596162053626068 0.00000000099999999998 0.00000000099999999998 0.27992612133043898170 0.00451803278551118990 0.23886047150566755426 0.28054973480778000461 0.00000000099999999998 0.00000000099999999998 
0.00000000099999999997 0.29919831619810338674 0.00000000099999999997 0.00000000099999999997 0.00000000099999999997 0.18331150513089378151 0.00000000099999999997 0.38494391904021035833 0.00000000259719556888 0.13254625103359679583 0.00000000099999999997 
0.00000000099999999997 0.23640581601557930647 0.00000000099999999997 0.00000000099999999997 0.00000000099999999997 0.39750420271696479402 0.00000000099999999997 0.00000003111652424157 0.29914547271165592424 0.05143461060960354686 0.01550986182967217276 
0.00000000099999999985 0.00000000099999999985 0.00000000099999999985 0.00000000099999999985 0.00000000099999999985 0.00000000099999999985 0.00000000099999999985 0.00000000099999999985 0.00000000099999999985 0.00000000099999999985 0.99999998999999994975 
0.00000000099999999983 0.00000000099999999983 0.00000000099999999983 0.00000000099999999983 0.00000000099999999983 0.00000000099999999983 0.00000000099999999983 0.00000000099999999983 0.00000000099999999983 0.00000000099999999983 0.99999999000000006077 
0.00000000099999999997 0.48139230691649664839 0.00000000099999999997 0.00000000099999999997 0.00000000099999999997 0.00000000099999999997 0.00998759303010982036 0.44566698671408166987 0.00000000099999999997 0.06295310633931189281 0.00000000099999999997 
0.00000000099999999990 0.00000000099999999990 0.32111760326869648319 0.00000000099999999990 0.00000000099999999990 0.00000000099999999990 0.00000000099999999990 0.00000000099999999990 0.00000000099999999990 0.00000000099999999990 0.67888238773130338277 
0.00000000099999999990 0.00000000099999999990 0.00000000099999999990 0.00000000099999999990 0.00000000099999999990 0.99999999000000017180 0.00000000099999999990 0.00000000099999999990 0.00000000099999999990 0.00000000099999999990 0.00000000099999999990 
0.00000000099999999997 0.18984575518575841357 0.01367637757323946629 0.00000000099999999997 0.00358887873545589995 0.14990686930606667016 0.00000000099999999997 0.13424079118891363294 0.45787461483783187255 0.05051653655188789727 0.00035017362084612718 
0.00000000099999999989 0.99999999000000017180 0.00000000099999999989 0.00000000099999999989 0.00000000099999999989 0.00000000099999999989 0.00000000099999999989 0.00000000099999999989 0.00000000099999999989 0.00000000099999999989 0.00000000099999999989 
0.00000000099999999998 0.23298774987413481408 0.00000000099999999998 0.00000000099999999998 0.00848075134550255530 0.14592709178537616177 0.00000000099999999998 0.00000000099999999998 0.50657187903842970655 0.10558072904100700151 0.00045179391554980652 
0.00000000099999999990 0.00000000099999999990 0.00000000099999999990 0.00000000099999999990 0.00000000099999999990 0.00000000099999999990 0.00000000099999999990 0.00000000099999999990 0.99999998999999994975 0.00000000099999999990 0.00000000099999999990 
0.00000000099999999998 0.18471670575053508734 0.05586531380450402567 0.00000000099999999998 0.02562811313779647313 0.17249276495400281406 0.00000000099999999998 0.29658602841537051731 0.18801346949234473693 0.07669760044544624011 0.00000000099999999998 
0.00000000099999999998 0.19685799283667010373 0.00000000099999999998 0.00000000099999999998 0.00000000099999999998 0.16046311555933168158 0.00000000099999999998 0.11358756880915300835 0.48692416248812603330 0.04038347765657650246 0.00178367765014263830 
0.00000000099999999998 0.23644139537275671303 0.00000000099999999998 0.00000000099999999998 0.00000000099999999998 0.14108100143641558177 0.00000000099999999998 0.33039161839232372708 0.19412604617585452194 0.09795993262264936219 0.00000000099999999998 
0.00000000099999999999 0.28120882718005851819 0.00333309424569724986 0.00000000099999999999 0.00000000099999999999 0.11300263583005913659 0.01172294640982449003 0.36585852089839215884 0.22487396973870965589 0.00000000169725873647 0.00000000099999999999 
0.00000000099999999986 0.00000000099999999986 0.00000000099999999986 0.00000000099999999986 0.00000000099999999986 0.00000000099999999986 0.00000000099999999986 0.99999999000000006077 0.00000000099999999986 0.00000000099999999986 0.00000000099999999986 
0.00000000099999999993 0.00000000099999999993 0.00000000099999999993 0.00000000099999999993 0.00000000099999999993 0.00000000099999999993 0.00000000099999999993 0.00000000099999999993 0.99999998999999994975 0.00000000099999999993 0.00000000099999999993 
0.00000000099999999984 0.00000000099999999984 0.99999999000000017180 0.00000000099999999984 0.00000000099999999984 0.00000000099999999984 0.00000000099999999984 0.00000000099999999984 0.00000000099999999984 0.00000000099999999984 0.00000000099999999984 
0.00000000099999999996 0.00000716330763295618 0.00000000099999999996 0.00000000099999999996 0.00000000099999999996 0.38197991298851130537 0.00000000099999999996 0.21169273501728777531 0.32509038633732434409 0.06350332654975977820 0.01772647079948368870 
0.00000000099999999936 0.00000000099999999936 0.00000000099999999936 0.00000000099999999936 0.00000000099999999936 0.00000000099999999936 0.00000000099999999936 0.00000000099999999936 0.00000000099999999936 0.99999998999999994975 0.00000000099999999936 
0.00000000099999999995 0.41474537514138487548 0.00000000099999999995 0.00000000099999999995 0.00000000099999999995 0.25084285961805691256 0.00000000099999999995 0.16541001481404682405 0.13639811344931140891 0.00000000099999999995 0.03260363097719984338 
0.00000000099999999995 0.45776453412134610055 0.00000000099999999995 0.00000000099999999995 0.00000000099999999995 0.20172274006790691381 0.00000000099999999995 0.00000000099999999995 0.26701878533669121119 0.07349393347405568100 0.00000000099999999995 
0.00000000099999999951 0.00000000099999999951 0.00000000099999999951 0.00000000099999999951 0.99999999000000017180 0.00000000099999999951 0.00000000099999999951 0.00000000099999999951 0.00000000099999999951 0.00000000099999999951 0.00000000099999999951 
0.00000000099999999935 0.00000000099999999935 0.00000000099999999935 0.00000000099999999935 0.00000000099999999935 0.00000000099999999935 0.99999998999999994975 0.00000000099999999935 0.00000000099999999935 0.00000000099999999935 0.00000000099999999935 
0.00000000099999999986 0.99999999000000028282 0.00000000099999999986 0.00000000099999999986 0.00000000099999999986 0.00000000099999999986 0.00000000099999999986 0.00000000099999999986 0.00000000099999999986 0.00000000099999999986 0.00000000099999999986 
0.00000000099999999984 0.99999999000000028282 0.00000000099999999984 0.00000000099999999984 0.00000000099999999984 0.00000000099999999984 0.00000000099999999984 0.00000000099999999984 0.00000000099999999984 0.00000000099999999984 0.00000000099999999984 
0.00000000099999999986 0.00000000099999999986 0.00000000099999999986 0.00000000099999999986 0.00000000099999999986 0.99999999000000006077 0.00000000099999999986 0.00000000099999999986 0.00000000099999999986 0.00000000099999999986 0.00000000099999999986 
0.00000000099999999980 0.00000000099999999980 0.30688537505807395034 0.00000000099999999980 0.00000000099999999980 0.00000000099999999980 0.00000000099999999980 0.00000000099999999980 0.00000000099999999980 0.21260571083571780382 0.48050890610620800025 
0.00000000099999999962 0.00000000099999999962 0.00000000099999999962 0.00000000099999999962 0.00000000099999999962 0.00000000099999999962 0.37740836036888431027 0.00000000099999999962 0.00000000099999999962 0.62259163063111566672 0.00000000099999999962 
0.00000000099999999988 0.00000000099999999988 0.00000000099999999988 0.00000000099999999988 0.00000000099999999988 0.00000000099999999988 0.00000000099999999988 0.00000000099999999988 0.99999999000000006077 0.00000000099999999988 0.00000000099999999988 
0.00000000099999999939 0.00000000099999999939 0.00000000099999999939 0.99999999000000006077 0.00000000099999999939 0.00000000099999999939 0.00000000099999999939 0.00000000099999999939 0.00000000099999999939 0.00000000099999999939 0.00000000099999999939 
0.99999999000000028282 0.00000000099999999936 0.00000000099999999936 0.00000000099999999936 0.00000000099999999936 0.00000000099999999936 0.00000000099999999936 0.00000000099999999936 0.00000000099999999936 0.00000000099999999936 0.00000000099999999936 
0.99999999000000017180 0.00000000099999999939 0.00000000099999999939 0.00000000099999999939 0.00000000099999999939 0.00000000099999999939 0.00000000099999999939 0.00000000099999999939 0.00000000099999999939 0.00000000099999999939 0.00000000099999999939 
0.00000000099999999950 0.00000000099999999950 0.00000000099999999950 0.00000000099999999950 0.99999999000000006077 0.00000000099999999950 0.00000000099999999950 0.00000000099999999950 0.00000000099999999950 0.00000000099999999950 0.00000000099999999950 
0.00000000099999999955 0.00000000099999999955 0.00000000099999999955 0.00000000099999999955 0.41711530586511846863 0.00000000099999999955 0.58288468513488167488 0.00000000099999999955 0.00000000099999999955 0.00000000099999999955 0.00000000099999999955 
0.00000000099999999997 0.27580165545119134096 0.00000000099999999997 0.00000000099999999997 0.00000000099999999997 0.17743566762035606343 0.00000000099999999997 0.24395719374413302183 0.25921025374611622594 0.04359522343820323304 0.00000000099999999997 
0.00000000099999999993 0.00000000099999999993 0.63528133838040001802 0.00000000099999999993 0.00000000099999999993 0.00000000099999999993 0.00000000099999999993 0.00000000099999999993 0.00000000099999999993 0.00000000099999999993 0.36471865261960023652 
0.00000000099999999948 0.00000000099999999948 0.00000000099999999948 0.00000000099999999948 0.99999999000000006077 0.00000000099999999948 0.00000000099999999948 0.00000000099999999948 0.00000000099999999948 0.00000000099999999948 0.00000000099999999948 
0.00000000099999999997 0.00000000099999999997 0.00000000099999999997 0.00000000099999999997 0.00000000099999999997 0.00000000099999999997 0.00118891508730382674 0.34370813811395672932 0.55320626582262488746 0.08891194584597364448 0.01298472913014089326 
0.00000000099999999979 0.00000000099999999979 0.99999999000000017180 0.00000000099999999979 0.00000000099999999979 0.00000000099999999979 0.00000000099999999979 0.00000000099999999979 0.00000000099999999979 0.00000000099999999979 0.00000000099999999979 
0.00000000099999999955 0.00000000099999999955 0.00000000099999999955 0.00000000099999999955 0.99999999000000017180 0.00000000099999999955 0.00000000099999999955 0.00000000099999999955 0.00000000099999999955 0.00000000099999999955 0.00000000099999999955 
0.00000000099999999996 0.47761135642533231183 0.00000000099999999996 0.00000000099999999996 0.00078958706959419121 0.00000000099999999996 0.00000000099999999996 0.00000000099999999996 0.45395833369273302926 0.06764071581234008812 0.00000000099999999996 
0.00000000099999999940 0.00000000099999999940 0.00000000099999999940 0.00000000099999999940 0.00000000099999999940 0.00000000099999999940 0.99999999000000006077 0.00000000099999999940 0.00000000099999999940 0.00000000099999999940 0.00000000099999999940 
0.00000000099999999983 0.00000000099999999983 0.99999999000000017180 0.00000000099999999983 0.00000000099999999983 0.00000000099999999983 0.00000000099999999983 0.00000000099999999983 0.00000000099999999983 0.00000000099999999983 0.00000000099999999983 
0.00000000099999999986 0.00000000099999999986 0.57589559819709323918 0.00000000099999999986 0.00000000099999999986 0.00000000099999999986 0.00000000099999999986 0.00000000099999999986 0.00000000099999999986 0.00000000099999999986 0.42410439280290701536 
0.00000000099999999936 0.00000000099999999936 0.00000000099999999936 0.00000000099999999936 0.00000000099999999936 0.00000000099999999936 0.99999998999999994975 0.00000000099999999936 0.00000000099999999936 0.00000000099999999936 0.00000000099999999936 
0.00000000099999999949 0.00000000099999999949 0.00000000099999999949 0.00000000099999999949 0.99999999000000017180 0.00000000099999999949 0.00000000099999999949 0.00000000099999999949 0.00000000099999999949 0.00000000099999999949 0.00000000099999999949 
0.00000000099999999984 0.00000000099999999984 0.00000000099999999984 0.00000000099999999984 0.00000000099999999984 0.00000000099999999984 0.00000000099999999984 0.00000000099999999984 0.00000000099999999984 0.00000000099999999984 0.99999999000000006077 
0.00000000099999999983 0.00000000099999999983 0.00000000099999999983 0.00000000099999999983 0.00000000099999999983 0.00000000099999999983 0.00000000099999999983 0.00000000099999999983 0.00000000099999999983 0.00000000099999999983 0.99999999000000006077 
0.00000000099999999993 0.00000000099999999993 0.39095804763033398244 0.00000000099999999993 0.00000000099999999993 0.00000000099999999993 0.00000000099999999993 0.00000000099999999993 0.00000000099999999993 0.00000000099999999993 0.60904194336966577250 
0.00000000099999999955 0.00000000099999999955 0.00000000099999999955 0.00000000099999999955 0.99999999000000017180 0.00000000099999999955 0.00000000099999999955 0.00000000099999999955 0.00000000099999999955 0.00000000099999999955 0.00000000099999999955 
0.00000000099999999999 0.09928749168130690528 0.04310400607184027705 0.00000000099999999999 0.00000000099999999999 0.25763388124792291345 0.01123983185452605803 0.42523611889425949606 0.10786607034521637771 0.05563259590492794504 0.00000000099999999999 
0.00000000099999999996 0.00000000099999999996 0.00000000099999999996 0.00000000099999999996 0.00000000099999999996 0.66656583674520519800 0.01010739344459008100 0.32332676181020475470 0.00000000099999999996 0.00000000099999999996 0.00000000099999999996 
0.00000000099999999986 0.00000000099999999986 0.00000000099999999986 0.00000000099999999986 0.00000000099999999986 0.00000000099999999986 0.00000000099999999986 0.00000000099999999986 0.99999999000000006077 0.00000000099999999986 0.00000000099999999986 
0.00000000099999999994 0.00000000099999999994 0.00000000099999999994 0.00000000099999999994 0.00000000099999999994 0.63881101102671877801 0.00000000099999999994 0.36118897997328125449 0.00000000099999999994 0.00000000099999999994 0.00000000099999999994 
0.00000000099999999991 0.00000000099999999991 0.53439756667568072412 0.00000000099999999991 0.00000000099999999991 0.00000000099999999991 0.00000000099999999991 0.00000000099999999991 0.00000000099999999991 0.00000000099999999991 0.46560242432431941939 
0.00000000099999999989 0.99999999000000017180 0.00000000099999999989 0.00000000099999999989 0.00000000099999999989 0.00000000099999999989 0.00000000099999999989 0.00000000099999999989 0.00000000099999999989 0.00000000099999999989 0.00000000099999999989 
0.28712054930091934768 0.00000000099999999948 0.00000000099999999948 0.71287944169908068481 0.00000000099999999948 0.00000000099999999948 0.00000000099999999948 0.00000000099999999948 0.00000000099999999948 0.00000000099999999948 0.00000000099999999948 
0.00000000099999999985 0.00000000099999999985 0.00000000099999999985 0.00000000099999999985 0.00000000099999999985 0.00000000099999999985 0.00000000099999999985 0.99999998999999994975 0.00000000099999999985 0.00000000099999999985 0.00000000099999999985 
0.00000000099999999939 0.00000000099999999939 0.00000000099999999939 0.99999999000000017180 0.00000000099999999939 0.00000000099999999939 0.00000000099999999939 0.00000000099999999939 0.00000000099999999939 0.00000000099999999939 0.00000000099999999939 
0.00000000099999999997 0.50077223390044700579 0.02128974913846152367 0.00000000099999999997 0.00000000099999999997 0.00000000099999999997 0.00000000099999999997 0.18683968693772690095 0.19285617816204492225 0.09824214586131993499 0.00000000099999999997 
0.00000000099999999939 0.00000000099999999939 0.00000000099999999939 0.99999999000000017180 0.00000000099999999939 0.00000000099999999939 0.00000000099999999939 0.00000000099999999939 0.00000000099999999939 0.00000000099999999939 0.00000000099999999939 
0.00000000099999999996 0.56128075821004552726 0.00000000099999999996 0.00000000099999999996 0.00000000099999999996 0.00000000099999999996 0.00000000099999999996 0.43871923278995450524 0.00000000099999999996 0.00000000099999999996 0.00000000099999999996 
0.00000000099999999992 0.00000000099999999992 0.00000000099999999992 0.00000000099999999992 0.00000000099999999992 0.00000000099999999992 0.00000000099999999992 0.00000000099999999992 0.99999998999999994975 0.00000000099999999992 0.00000000099999999992 
0.00000000099999999987 0.00000000099999999987 0.63447993920507339549 0.00000000099999999987 0.00000000099999999987 0.00000000099999999987 0.00000000099999999987 0.00000000099999999987 0.00000000099999999987 0.00000000099999999987 0.36552005179492674802 
0.00000000099999999993 0.00000000099999999993 0.00000000099999999993 0.00000000099999999993 0.00000000099999999993 0.00000000099999999993 0.00000000099999999993 0.41296213370941570187 0.55059763878703826823 0.03644021950354604800 0.00000000099999999993 
0.00000000099999999940 0.00000000099999999940 0.00000000099999999940 0.99999999000000006077 0.00000000099999999940 0.00000000099999999940 0.00000000099999999940 0.00000000099999999940 0.00000000099999999940 0.00000000099999999940 0.00000000099999999940 
0.99999999000000017180 0.00000000099999999949 0.00000000099999999949 0.00000000099999999949 0.00000000099999999949 0.00000000099999999949 0.00000000099999999949 0.00000000099999999949 0.00000000099999999949 0.00000000099999999949 0.00000000099999999949 
0.00000000099999999998 0.25095639656461482536 0.00000000099999999998 0.00000000099999999998 0.00000000099999999998 0.20185201231223445784 0.00528107158539021463 0.00019846769737039539 0.45459298543249221369 0.00000000099999999998 0.08711906140789790753 
0.00000000099999999988 0.00000000099999999988 0.30719121641511104581 0.00000000099999999988 0.00000000099999999988 0.00000000099999999988 0.00000000099999999988 0.00000000099999999988 0.00000000099999999988 0.00000000099999999988 0.69280877458488876464 
0.00000000099999999945 0.00000000099999999945 0.00000000099999999945 0.00000000099999999945 0.00000000099999999945 0.00000000099999999945 0.99999998999999994975 0.00000000099999999945 0.00000000099999999945 0.00000000099999999945 0.00000000099999999945 
0.00000000099999999979 0.00000000099999999979 0.99999999000000006077 0.00000000099999999979 0.00000000099999999979 0.00000000099999999979 0.00000000099999999979 0.00000000099999999979 0.00000000099999999979 0.00000000099999999979 0.00000000099999999979 
0.00000000099999999998 0.18962487423753446314 0.03319200150376223901 0.00000000099999999998 0.00000000099999999998 0.00000000099999999998 0.00000000099999999998 0.41330667059920106476 0.35211368078769705869 0.01176276687180520704 0.00000000099999999998 
0.00000000099999999936 0.00000000099999999936 0.00000000099999999936 0.99999999000000017180 0.00000000099999999936 0.00000000099999999936 0.00000000099999999936 0.00000000099999999936 0.00000000099999999936 0.00000000099999999936 0.00000000099999999936 
0.00000000099999999939 0.00000000099999999939 0.00000000099999999939 0.00000000099999999939 0.99999999000000006077 0.00000000099999999939 0.00000000099999999939 0.00000000099999999939 0.00000000099999999939 0.00000000099999999939 0.00000000099999999939 
0.99999999000000017180 0.00000000099999999949 0.00000000099999999949 0.00000000099999999949 0.00000000099999999949 0.00000000099999999949 0.00000000099999999949 0.00000000099999999949 0.00000000099999999949 0.00000000099999999949 0.00000000099999999949 
0.00000000099999999985 0.00000000099999999985 0.00000000099999999985 0.00000000099999999985 0.00000000099999999985 0.99999999000000017180 0.00000000099999999985 0.00000000099999999985 0.00000000099999999985 0.00000000099999999985 0.00000000099999999985 
0.00000000099999999976 0.00000000099999999976 0.00000000099999999976 0.00000000099999999976 0.00000000099999999976 0.00000000099999999976 0.00000000099999999976 0.00000000099999999976 0.00000000099999999976 0.00000000099999999976 0.99999998999999994975 
0.00000000099999999988 0.00000000099999999988 0.62398463832602668599 0.00000000099999999988 0.00000000099999999988 0.00000000099999999988 0.00000000099999999988 0.00000000099999999988 0.00000000099999999988 0.00000000099999999988 0.37601535267397351303 
0.00000000099999999998 0.20737916640339992824 0.13005456087838127011 0.00000000099999999998 0.00000000099999999998 0.00005941048254984969 0.00152958617162099767 0.24598991600873681973 0.25135172815522377476 0.06787718781817393687 0.09575844108191336468 
0.00000000099999999998 0.00000580176891548699 0.00000000099999999998 0.00000000099999999998 0.02044642991570993010 0.58578668891962726306 0.00000000099999999998 0.39352499262216006359 0.00023608077358735561 0.00000000099999999998 0.00000000099999999998 
0.00000000099999999990 0.00000000099999999990 0.00000000099999999990 0.00000000099999999990 0.00000000099999999990 0.00000000099999999990 0.00000000099999999990 0.99999999000000006077 0.00000000099999999990 0.00000000099999999990 0.00000000099999999990 
0.00000000099999999985 0.00000000099999999985 0.00000000099999999985 0.00000000099999999985 0.00000000099999999985 0.99999999000000017180 0.00000000099999999985 0.00000000099999999985 0.00000000099999999985 0.00000000099999999985 0.00000000099999999985 
0.00000000099999999997 0.39212550836102849638 0.00000000099999999997 0.00000000099999999997 0.00000000099999999997 0.21617546765904666062 0.00000000099999999997 0.31396195754238864772 0.00000000099999999997 0.07773705943753594916 0.00000000099999999997 
0.00000000099999999995 0.29610441401902132252 0.00000000099999999995 0.00000000099999999995 0.00000000099999999995 0.14874523588280785802 0.00000000099999999995 0.34720649725853230949 0.20794384583963854141 0.00000000099999999995 0.00000000099999999995 
0.00000000099999999994 0.00000000099999999994 0.00000000099999999994 0.00000000099999999994 0.00000000099999999994 0.39253296467514314783 0.00000000099999999994 0.60681242768731480375 0.00000000099999999994 0.00000000099999999994 0.00065459963754214165 
0.00000000099999999997 0.16988395317824536712 0.00904857395024902082 0.00000000099999999997 0.00000000099999999997 0.31564733105581804784 0.00250426374583508516 0.33996956879110046268 0.15397528330587728629 0.00897102197287463592 0.00000000099999999997 
0.00000000099999999997 0.11908877304827712729 0.03370566823612346219 0.00000000099999999997 0.00000000099999999997 0.36885535969729971173 0.00000000099999999997 0.18418296997680239091 0.29416722304149733880 0.00000000099999999997 0.00000000099999999997 
0.00000000099999999980 0.00000000099999999980 0.99999999000000017180 0.00000000099999999980 0.00000000099999999980 0.00000000099999999980 0.00000000099999999980 0.00000000099999999980 0.00000000099999999980 0.00000000099999999980 0.00000000099999999980 
0.00000000099999999987 0.00000000099999999987 0.00000000099999999987 0.00000000099999999987 0.00000000099999999987 0.00000000099999999987 0.00000000099999999987 0.00000000099999999987 0.00000000099999999987 0.00000000099999999987 0.99999998999999994975 
0.99999999000000017180 0.00000000099999999962 0.00000000099999999962 0.00000000099999999962 0.00000000099999999962 0.00000000099999999962 0.00000000099999999962 0.00000000099999999962 0.00000000099999999962 0.00000000099999999962 0.00000000099999999962 
0.00000000099999999994 0.00000000099999999994 0.53849574815346334944 0.00000000099999999994 0.00000000099999999994 0.00000000099999999994 0.00000000099999999994 0.00000000099999999994 0.00000000099999999994 0.00000000099999999994 0.46150424284653690510 
0.00000000099999999995 0.00000000099999999995 0.55927150533410452393 0.00000000099999999995 0.00000000099999999995 0.00000000099999999995 0.00000000099999999995 0.00000000099999999995 0.00000000099999999995 0.00000000099999999995 0.44072848566589567509 
0.00000000099999999998 0.31929102889075094973 0.00000006961412067904 0.00000000099999999998 0.00000000099999999998 0.00000000099999999998 0.00303812500111913216 0.22652959273327938350 0.42568365483153031148 0.00003107037699621417 0.02542645455220313502 
0.99999999000000028282 0.00000000099999999934 0.00000000099999999934 0.00000000099999999934 0.00000000099999999934 0.00000000099999999934 0.00000000099999999934 0.00000000099999999934 0.00000000099999999934 0.00000000099999999934 0.00000000099999999934 
0.00000000099999999998 0.10590502809362634107 0.00000000099999999998 0.00000000099999999998 0.00000000099999999998 0.20155394790429154162 0.00000000099999999998 0.26557263952484894132 0.42696837747723304091 0.00000000099999999998 0.00000000099999999998 
0.00000000099999999997 0.23324842512929844229 0.00344922820872243076 0.00000000099999999997 0.00000000099999999997 0.35765546186250057881 0.00000000099999999997 0.34733127743039454716 0.00000000099999999997 0.05831560136908406355 0.00000000099999999997 
0.00000000099999999999 0.23075279592230210635 0.00000000099999999999 0.00000000099999999999 0.00201347311228148966 0.06171961936015076672 0.00000000099999999999 0.18164718056555528847 0.45573539431671095112 0.06467073468452885776 0.00346079803847050387 
0.00000000099999999999 0.36566736231185903439 0.02453131047569050496 0.00000000099999999999 0.00000000099999999999 0.15942111303137174172 0.00000000099999999999 0.32866648681526117182 0.12171372136581751211 0.00000000099999999999 0.00000000099999999999 
0.00000000099999999988 0.00000000099999999988 0.00000000099999999988 0.00000000099999999988 0.00000000099999999988 0.00000000099999999988 0.00000000099999999988 0.99999999000000006077 0.00000000099999999988 0.00000000099999999988 0.00000000099999999988 
0.00000000099999999984 0.00000000099999999984 0.00000000099999999984 0.00000000099999999984 0.00000000099999999984 0.99999999000000017180 0.00000000099999999984 0.00000000099999999984 0.00000000099999999984 0.00000000099999999984 0.00000000099999999984 
0.00000000099999999996 0.00000000099999999996 0.00000000099999999996 0.00000000099999999996 0.00000000099999999996 0.00000000099999999996 0.00000000099999999996 0.31026617697368608084 0.60441585989035107040 0.08531795513596297786 0.00000000099999999996 
0.00000000099999999998 0.11619911174993405312 0.00000000099999999998 0.00000000099999999998 0.00000000099999999998 0.24361294552010104297 0.00226291721625010303 0.41538581503461891042 0.20251482906337781031 0.00000000099999999998 0.02002437641571829310 
0.00000000099999999999 0.20690023997293144342 0.00000000099999999999 0.00000018808755673239 0.03121576730203919417 0.20751239970016382985 0.00000000099999999999 0.24729041912418647797 0.26928236292195623092 0.02677282075318714386 0.01102579913797896438 
0.00000000099999999996 0.00000000099999999996 0.00000000099999999996 0.00000000099999999996 0.00000074983011324216 0.54364412045333598833 0.00000000099999999996 0.45635512171655095992 0.00000000099999999996 0.00000000099999999996 0.00000000099999999996 
0.00000000099999999994 0.36903859595310112285 0.00225458583439717367 0.00000000099999999994 0.00000000099999999994 0.00000000099999999994 0.00000000099999999994 0.34719973729611280922 0.28150707391638873922 0.00000000099999999994 0.00000000099999999994 
0.00000000099999999998 0.00000000099999999998 0.00000000099999999998 0.00000000099999999998 0.02298816627459725551 0.46144810464446034404 0.00000000099999999998 0.42473171575620705109 0.00012973643891227562 0.08900487842462469212 0.00169739346119837523 
0.00000000099999999995 0.38198040627005214187 0.00000000099999999995 0.00000000099999999995 0.00391938493790259992 0.00000000099999999995 0.00000000099999999995 0.54538584323896821537 0.00000000099999999995 0.06871435855307692075 0.00000000099999999995 
0.00000000099999999994 0.27533175444716617708 0.00000000099999999994 0.00000000099999999994 0.00000000099999999994 0.00000000099999999994 0.00000000099999999994 0.00000000099999999994 0.72466823655283363337 0.00000000099999999994 0.00000000099999999994 
0.00000000099999999996 0.27518398970119883895 0.00000000099999999996 0.00000000099999999996 0.00000000099999999996 0.00000421367889738813 0.00000000099999999996 0.23842031601007765418 0.46690272667077170610 0.01948874793905415112 0.00000000099999999996 
0.00000000099999999996 0.25420747697849466196 0.01989438914633537975 0.00000000099999999996 0.00000000099999999996 0.00017276906770177482 0.00000000099999999996 0.24910567228978838794 0.36040012612006061543 0.11621956139761911719 0.00000000099999999996 
0.00000000099999999999 0.26638382892758988296 0.01144663411712958274 0.00000000099999999999 0.00278258424590760141 0.18030825145330944825 0.00000000099999999999 0.26439671425073918432 0.24982406928723810413 0.02485791371808622127 0.00000000099999999999 
0.00000000099999999998 0.14468887558448750852 0.00000000099999999998 0.00000000099999999998 0.00000000099999999998 0.31206663090192721111 0.00000000099999999998 0.18089278368006520004 0.26529446481159241200 0.06651748693843892446 0.03053975308348860079 
0.00000000099999999995 0.58822858035276404109 0.00000000099999999995 0.00000000099999999995 0.00000000099999999995 0.00000000099999999995 0.00000000099999999995 0.00000000099999999995 0.35460339058649487098 0.05716802106074114764 0.00000000099999999995 
0.00000000099999999995 0.51753853165760166366 0.00000000099999999995 0.00000000099999999995 0.00000000099999999995 0.00000000099999999995 0.00000000099999999995 0.48246145934239847985 0.00000000099999999995 0.00000000099999999995 0.00000000099999999995 
0.06906580578987389640 0.19645942252270032213 0.00000000100000000000 0.00000000100000000000 0.00000000100000000000 0.44519838332782307733 0.01066752363375239598 0.00016839716277299309 0.19306821013402730713 0.08537225342904981862 0.00000000100000000000 
0.00000000099999999996 0.19284103210136080420 0.00000000099999999996 0.00000000099999999996 0.00000000099999999996 0.00004368204432404609 0.00000000099999999996 0.31434180415695839317 0.47565031128584939202 0.01712316441150740429 0.00000000099999999996 
0.00000000099999999995 0.28721287044998328186 0.00474930197762686579 0.00000000099999999995 0.00000000099999999995 0.32005433569617230960 0.00000000099999999995 0.22613258586009324369 0.07509024689977115974 0.08676064299557482984 0.00000001212077828831 
0.00000000099999999994 0.35822430044824693507 0.02209755121101896272 0.00000000099999999994 0.00000000099999999994 0.00000000099999999994 0.00000000099999999994 0.07536783506170978419 0.45991093317883213754 0.08439937410019202058 0.00000000099999999994 
0.00000000099999999985 0.00000000099999999985 0.00000000099999999985 0.00000000099999999985 0.00000000099999999985 0.99999999000000017180 0.00000000099999999985 0.00000000099999999985 0.00000000099999999985 0.00000000099999999985 0.00000000099999999985 
0.00000000099999999995 0.27767220070141573895 0.00354791926975214994 0.00000000099999999995 0.00000000099999999995 0.34645748512972102118 0.00000000099999999995 0.26567537776111171954 0.05953928278514187405 0.04710772935285733459 0.00000000099999999995 
0.00236657472623675322 0.28091999000539025211 0.00000000099999999999 0.00000000099999999999 0.00281033373499608302 0.21743833266894502243 0.00000000099999999999 0.08553720187184471468 0.34473272904804852512 0.06619483394453846981 0.00000000099999999999 
0.00000000099999999997 0.37369853420203247296 0.00000000099999999997 0.00000000099999999997 0.00000000099999999997 0.12893395107768115815 0.00816973621940563291 0.42721085330606128894 0.00001653942460363431 0.06197038077021568836 0.00000000099999999997 
0.00000000099999999988 0.00000000099999999988 0.00000000099999999988 0.00000000099999999988 0.00000000099999999988 0.00000000099999999988 0.00000000099999999988 0.00000000099999999988 0.99999999000000006077 0.00000000099999999988 0.00000000099999999988 
0.00000000099999999994 0.37813973178639537220 0.03291920500724561383 0.00000000099999999994 0.00000000099999999994 0.31016959523453990766 0.00000000099999999994 0.27871399788223316651 0.00005746408958598334 0.00000000099999999994 0.00000000099999999994 
0.00000000099999999989 0.00000000099999999989 0.59256073217914018159 0.00000000099999999989 0.00000000099999999989 0.00000000099999999989 0.00000000099999999989 0.00000000099999999989 0.00000000099999999989 0.00000000099999999989 0.40743925882086001744 
0.00000000099999999985 0.00000000099999999985 0.00000000099999999985 0.00000000099999999985 0.00000000099999999985 0.00000000099999999985 0.00000000099999999985 0.00000000099999999985 0.00000000099999999985 0.00000000099999999985 0.99999999000000006077 
0.99999999000000017180 0.00000000099999999951 0.00000000099999999951 0.00000000099999999951 0.00000000099999999951 0.00000000099999999951 0.00000000099999999951 0.00000000099999999951 0.00000000099999999951 0.00000000099999999951 0.00000000099999999951 
0.00000000099999999943 0.00000000099999999943 0.00000000099999999943 0.00000000099999999943 0.99999999000000006077 0.00000000099999999943 0.00000000099999999943 0.00000000099999999943 0.00000000099999999943 0.00000000099999999943 0.00000000099999999943 
0.00000000099999999998 0.00000000099999999998 0.52824965577977966991 0.00000000099999999998 0.00000000099999999998 0.05981999152021683086 0.03607591578355007211 0.00000000099999999998 0.00000000099999999998 0.02256061826922894573 0.35329381264722442557 
0.00000000099999999995 0.24966842064462799189 0.01824666484493413232 0.00000000099999999995 0.00000000099999999995 0.00000000099999999995 0.00000000099999999995 0.41053378708478538428 0.31290487430886093634 0.00864624711679153231 0.00000000099999999995 
0.00000000099999999989 0.00000000099999999989 0.00000000099999999989 0.00000000099999999989 0.00000000099999999989 0.00000000099999999989 0.00000000099999999989 0.99999998999999994975 0.00000000099999999989 0.00000000099999999989 0.00000000099999999989 
0.00000000099999999995 0.00000000099999999995 0.29748978516683910467 0.00000000099999999995 0.00000000099999999995 0.00000000099999999995 0.00000000099999999995 0.00000000099999999995 0.00000000099999999995 0.00000000099999999995 0.70251020583316059476 
0.00000000099999999997 0.30513389131090501438 0.00000000099999999997 0.00000000099999999997 0.00000000099999999997 0.00000000099999999997 0.00000000099999999997 0.20361757715138864566 0.45499309996912795651 0.02265380977214421013 0.01360161579643406025 
0.00000000099999999996 0.38825689074653946253 0.00000000099999999996 0.00000000099999999996 0.00000000099999999996 0.00000000099999999996 0.01194693421811134082 0.26901062664824343384 0.31983082726460654310 0.01095471512249894704 0.00000000099999999996 
0.00000000099999999997 0.27963919603301623518 0.00000000099999999997 0.00000000099999999997 0.00000000099999999997 0.24933231297383659508 0.00000000099999999997 0.00000000099999999997 0.43945223821092288530 0.03157624578222405914 0.00000000099999999997 
0.99999999000000028282 0.00000000099999999943 0.00000000099999999943 0.00000000099999999943 0.00000000099999999943 0.00000000099999999943 0.00000000099999999943 0.00000000099999999943 0.00000000099999999943 0.00000000099999999943 0.00000000099999999943 
0.99999999000000017180 0.00000000099999999943 0.00000000099999999943 0.00000000099999999943 0.00000000099999999943 0.00000000099999999943 0.00000000099999999943 0.00000000099999999943 0.00000000099999999943 0.00000000099999999943 0.00000000099999999943 
0.99999999000000017180 0.00000000099999999937 0.00000000099999999937 0.00000000099999999937 0.00000000099999999937 0.00000000099999999937 0.00000000099999999937 0.00000000099999999937 0.00000000099999999937 0.00000000099999999937 0.00000000099999999937 
0.99999999000000017180 0.00000000099999999939 0.00000000099999999939 0.00000000099999999939 0.00000000099999999939 0.00000000099999999939 0.00000000099999999939 0.00000000099999999939 0.00000000099999999939 0.00000000099999999939 0.00000000099999999939 
0.00000000099999999932 0.00000000099999999932 0.00000000099999999932 0.99999999000000017180 0.00000000099999999932 0.00000000099999999932 0.00000000099999999932 0.00000000099999999932 0.00000000099999999932 0.00000000099999999932 0.00000000099999999932 
0.00000000099999999986 0.00000000099999999986 0.00000000099999999986 0.00000000099999999986 0.00000000099999999986 0.00000000099999999986 0.00000000099999999986 0.00000000099999999986 0.00000000099999999986 0.00000000099999999986 0.99999999000000006077 
0.00000000099999999987 0.00000000099999999987 0.00000000099999999987 0.00000000099999999987 0.00000000099999999987 0.99999999000000006077 0.00000000099999999987 0.00000000099999999987 0.00000000099999999987 0.00000000099999999987 0.00000000099999999987 
0.99999999000000017180 0.00000000099999999941 0.00000000099999999941 0.00000000099999999941 0.00000000099999999941 0.00000000099999999941 0.00000000099999999941 0.00000000099999999941 0.00000000099999999941 0.00000000099999999941 0.00000000099999999941 
0.00000000099999999939 0.00000000099999999939 0.00000000099999999939 0.99999999000000017180 0.00000000099999999939 0.00000000099999999939 0.00000000099999999939 0.00000000099999999939 0.00000000099999999939 0.00000000099999999939 0.00000000099999999939 
0.00000000099999999939 0.00000000099999999939 0.00000000099999999939 0.00000000099999999939 0.99999999000000017180 0.00000000099999999939 0.00000000099999999939 0.00000000099999999939 0.00000000099999999939 0.00000000099999999939 0.00000000099999999939 
0.00000000099999999934 0.00000000099999999934 0.00000000099999999934 0.00000000099999999934 0.00000000099999999934 0.00000000099999999934 0.99999998999999994975 0.00000000099999999934 0.00000000099999999934 0.00000000099999999934 0.00000000099999999934 
0.00000000099999999993 0.00000000099999999993 0.00000000099999999993 0.00000000099999999993 0.00000000099999999993 0.56366897089527279174 0.00000000099999999993 0.43633102010472724075 0.00000000099999999993 0.00000000099999999993 0.00000000099999999993 
0.99999999000000028282 0.00000000099999999940 0.00000000099999999940 0.00000000099999999940 0.00000000099999999940 0.00000000099999999940 0.00000000099999999940 0.00000000099999999940 0.00000000099999999940 0.00000000099999999940 0.00000000099999999940 
0.00000000099999999991 0.00000000099999999991 0.00000000099999999991 0.00000000099999999991 0.00000000099999999991 0.00000000099999999991 0.00000000099999999991 0.99999999000000006077 0.00000000099999999991 0.00000000099999999991 0.00000000099999999991 
0.00000000099999999988 0.00000000099999999988 0.00000000099999999988 0.00000000099999999988 0.00000000099999999988 0.00000000099999999988 0.00000000099999999988 0.99999998999999994975 0.00000000099999999988 0.00000000099999999988 0.00000000099999999988 
0.00000000099999999987 0.00000000099999999987 0.00000000099999999987 0.00000000099999999987 0.00000000099999999987 0.00000000099999999987 0.00000000099999999987 0.00000000099999999987 0.00000000099999999987 0.00000000099999999987 0.99999999000000006077 
0.00000000099999999995 0.55613781985932164709 0.00000000099999999995 0.00000000099999999995 0.00000000099999999995 0.00000000099999999995 0.00000000099999999995 0.44386216758594654319 0.00000000455473206787 0.00000000099999999995 0.00000000099999999995 
