0.43581439937950555708 0.00008935313691449020 0.00000074032248844457 0.02271373140386144865 0.54138177575723001045 
0.00000000099999999996 0.99999999600000011313 0.00000000099999999996 0.00000000099999999996 0.00000000099999999996 
0.00000000099999999996 0.99999999600000000211 0.00000000099999999996 0.00000000099999999996 0.00000000099999999996 
0.41314143125780877774 0.03531033587851059585 0.00000000099999999999 0.00157217377737854571 0.54997605808630201096 
0.45525038584550631127 0.00000000100000000000 0.00000000100000000000 0.00896189101081123866 0.53578772114368233837 
0.48725089754391903707 0.02468744765935662958 0.00000000099999999999 0.00299982630585634126 0.48506182749086806938 
0.00000000099999999997 0.99999999600000000211 0.00000000099999999997 0.00000000099999999997 0.00000000099999999997 
0.00000000099999999995 0.99999999600000000211 0.00000000099999999995 0.00000000099999999995 0.00000000099999999995 
0.62552597252833541663 0.00000059284975281238 0.00000000099999999999 0.01425348808619116350 0.36021994553572062037 
0.00000000099999999996 0.99999999600000000211 0.00000000099999999996 0.00000000099999999996 0.00000000099999999996 
0.56619542689522528445 0.01385658291463534933 0.00000000099999999999 0.00763004898087398485 0.41231794020926537669 
0.00000000099999999998 0.00000000099999999998 0.00000000099999999998 0.00000000099999999998 0.99999999599999989108 
0.66592942634202934027 0.00000000100000000000 0.00000000100000000000 0.00121333780142998974 0.33285723385654075734 
0.45442416083114400838 0.00320818334601217364 0.00000000100000000000 0.01566747640774929576 0.52670017841509453316 
0.27982108051095982981 0.00000000100000000000 0.00589349345881507933 0.01533450298098441855 0.69895092204924069712 
0.40971003617033507904 0.05490589838440376041 0.00000000099999999999 0.03023113300290230718 0.50515293144235895451 
0.34181044889660089359 0.00000040098362594653 0.00000000099999999999 0.00000000099999999999 0.65818914811977302648 
0.64368484260562752741 0.00000000099999999999 0.00000064525179757326 0.00000277177375034122 0.35631173936882459818 
0.57071949229382068491 0.00000000100000000000 0.00426134553244713471 0.00624921242999243107 0.41876994874373979494 
0.00000000099999999997 0.00000000099999999997 0.00000000099999999997 0.00000000099999999997 0.99999999599999989108 
0.62812709923598275541 0.00000000099999999999 0.00000000099999999999 0.00000000099999999999 0.37187289776401727392 
0.00000000099999999997 0.99999999600000011313 0.00000000099999999997 0.00000000099999999997 0.00000000099999999997 
0.32547483179039204959 0.02061473800209150456 0.00000000099999999999 0.00000000099999999999 0.65391042820751632547 
0.00000000099999999994 0.00000000099999999994 0.00000000099999999994 0.00000000099999999994 0.99999999599999989108 
0.62031719154976494579 0.03015873977805271292 0.00000000099999999998 0.00000000099999999998 0.34952406667218244296 
0.44057330144318235243 0.00000000099999999999 0.00000000099999999999 0.00194504365425827302 0.55748165290255935478 
0.00000000099999999983 0.00000000099999999983 0.00000000099999999983 0.99999999599999989108 0.00000000099999999983 
0.00000000099999999980 0.00000000099999999980 0.00000000099999999980 0.99999999599999989108 0.00000000099999999980 
0.59599898775611959145 0.00000000242939462100 0.00000000100000000000 0.00616365216035359795 0.39783735665413227922 
0.42405244875792069692 0.00000000099999999999 0.00000000099999999999 0.00928415184374610687 0.56666339739833315736 
0.58842189673666167593 0.01871081337145086981 0.00000000099999999999 0.00000000099999999999 0.39286728789188746225 
0.00000000099999999997 0.99999999600000000211 0.00000000099999999997 0.00000000099999999997 0.00000000099999999997 
0.00000000099999999996 0.20802903551256274328 0.00000000099999999996 0.35924121637141098740 0.43272974611602638140 
0.48827136872371085241 0.00000000099999999999 0.00000000099999999999 0.00000000099999999999 0.51172862827628917692 
0.00000000099999999980 0.00000000099999999980 0.99999999599999989108 0.00000000099999999980 0.00000000099999999980 
0.00000000099999999975 0.00000000099999999975 0.99999999599999989108 0.00000000099999999975 0.00000000099999999975 
0.00000000099999999975 0.00000000099999999975 0.99999999599999989108 0.00000000099999999975 0.00000000099999999975 
0.00000000099999999984 0.00000000099999999984 0.00000000099999999984 0.99999999600000000211 0.00000000099999999984 
0.00000000099999999982 0.00000000099999999982 0.00000000099999999982 0.99999999600000000211 0.00000000099999999982 
0.55649831732450416588 0.00000000099999999999 0.00000000099999999999 0.00000000099999999999 0.44350167967549591896 
0.00000000099999999997 0.99999999600000000211 0.00000000099999999997 0.00000000099999999997 0.00000000099999999997 
0.00000000099999999982 0.00000000099999999982 0.00000000099999999982 0.99999999599999989108 0.00000000099999999982 
0.00000000099999999997 0.00000000099999999997 0.00000000099999999997 0.00000000099999999997 0.99999999599999989108 
0.00000000099999999995 0.99999999600000000211 0.00000000099999999995 0.00000000099999999995 0.00000000099999999995 
0.00000000099999999985 0.00000000099999999985 0.00000000099999999985 0.99999999599999989108 0.00000000099999999985 
0.00000000099999999997 0.00000000099999999997 0.00000000099999999997 0.00000000099999999997 0.99999999599999989108 
0.00000000099999999983 0.00000000099999999983 0.00000000099999999983 0.99999999599999989108 0.00000000099999999983 
0.00000000099999999996 0.99999999600000000211 0.00000000099999999996 0.00000000099999999996 0.00000000099999999996 
0.00000000099999999994 0.99999999600000011313 0.00000000099999999994 0.00000000099999999994 0.00000000099999999994 
0.00000000099999999980 0.00000000099999999980 0.00000000099999999980 0.99999999599999989108 0.00000000099999999980 
0.00000000099999999982 0.00000000099999999982 0.00000000099999999982 0.99999999600000000211 0.00000000099999999982 
0.00000000099999999996 0.99999999600000011313 0.00000000099999999996 0.00000000099999999996 0.00000000099999999996 
0.00000000099999999996 0.99999999600000000211 0.00000000099999999996 0.00000000099999999996 0.00000000099999999996 
0.00000000099999999997 0.99999999600000011313 0.00000000099999999997 0.00000000099999999997 0.00000000099999999997 
0.00000000099999999985 0.00000000099999999985 0.00000000099999999985 0.99999999599999989108 0.00000000099999999985 
0.44029127018239355706 0.04197263365862127782 0.00000000100000000000 0.01515935132762258851 0.50257674383136252683 
0.99286390121994239077 0.00000000099999999998 0.00000000099999999998 0.00713609578005763162 0.00000000099999999998 
0.51147185843297837682 0.01933483558989997075 0.00000000099999999999 0.00000000099999999999 0.46919330397712166736 
0.00000000099999999998 0.00000000099999999998 0.00000000099999999998 0.00000000099999999998 0.99999999599999989108 
0.00000000099999999996 0.99999999600000011313 0.00000000099999999996 0.00000000099999999996 0.00000000099999999996 
0.99999999600000011313 0.00000000099999999997 0.00000000099999999997 0.00000000099999999997 0.00000000099999999997 
0.00000000099999999979 0.00000000099999999979 0.99999999599999989108 0.00000000099999999979 0.00000000099999999979 
0.52740863851631258896 0.00765401195027686464 0.00000000099999999998 0.00564723363401664624 0.45929011489939386426 
0.00000000099999999979 0.00000000099999999979 0.99999999599999989108 0.00000000099999999979 0.00000000099999999979 
0.39556468133525057862 0.03594752889767332399 0.00000000099999999999 0.00000000099999999999 0.56848778776707598048 
0.00000000099999999980 0.00000000099999999980 0.99999999600000000211 0.00000000099999999980 0.00000000099999999980 
0.63711580302390913300 0.00784609820872449008 0.00000000099999999999 0.00000000099999999999 0.35503809676736641787 
0.00000000099999999998 0.00000000099999999998 0.00000000099999999998 0.00000000099999999998 0.99999999599999989108 
0.00000000099999999994 0.99999999600000000211 0.00000000099999999994 0.00000000099999999994 0.00000000099999999994 
0.40235812087835642892 0.00000000099999999997 0.00000000099999999997 0.00000000099999999997 0.59764187612164343388 
0.00000000099999999980 0.00000000099999999980 0.99999999600000000211 0.00000000099999999980 0.00000000099999999980 
0.00000000099999999982 0.00000000099999999982 0.99999999599999989108 0.00000000099999999982 0.00000000099999999982 
0.47495371828457261243 0.08151855480485087346 0.00000000099999999999 0.01082862081127067451 0.43269910509930592513 
0.00000000099999999995 0.99999999600000000211 0.00000000099999999995 0.00000000099999999995 0.00000000099999999995 
0.00000000099999999985 0.00000000099999999985 0.00000000099999999985 0.99999999599999989108 0.00000000099999999985 
0.00000000099999999995 0.99999999600000011313 0.00000000099999999995 0.00000000099999999995 0.00000000099999999995 
0.56914859553412289195 0.03372654903862855325 0.00000000099999999999 0.00000000099999999999 0.39712485342724851423 
0.00000000099999999978 0.00000000099999999978 0.99999999600000000211 0.00000000099999999978 0.00000000099999999978 
0.00000000099999999979 0.00000000099999999979 0.00000000099999999979 0.99999999600000000211 0.00000000099999999979 
0.00000000099999999982 0.00000000099999999982 0.99999999599999989108 0.00000000099999999982 0.00000000099999999982 
0.53367191049060602737 0.00000000100000000000 0.00001203421412214672 0.01828277046075294995 0.44803328383451912487 
0.00000000099999999994 0.99999999600000011313 0.00000000099999999994 0.00000000099999999994 0.00000000099999999994 
0.00000000099999999995 0.99999999600000011313 0.00000000099999999995 0.00000000099999999995 0.00000000099999999995 
0.00000000099999999998 0.23591502578495696096 0.00000000099999999998 0.00000000099999999998 0.76408497121504304062 
0.58074447795389327887 0.00149172726547413203 0.00000000099999999999 0.02252581545369891983 0.39523797832693374765 
0.46324444840850126370 0.00849319076642663338 0.00000000099999999999 0.00000000099999999999 0.52826235882507199815 
0.46615142883494009585 0.01889689759233694269 0.00000000099999999999 0.00000000099999999999 0.51495167157272292435 
0.54509806869619137348 0.00000000099999999999 0.00000000099999999999 0.00000000099999999999 0.45490192830380871136 
0.43451635032759949873 0.00000000099999999998 0.00000000099999999998 0.00000000099999999998 0.56548364667240036407 
0.55754827683192087484 0.00733828819575803662 0.00000000099999999998 0.00000000099999999998 0.43511343297232124572 
0.48930435338985139859 0.00840454725242594826 0.00000000099999999999 0.00767061528620880621 0.49462048307151396109 
0.43650643723477750013 0.03413343050203650891 0.00000000099999999999 0.00000000099999999999 0.52936013026318584629 
0.00000000099999999996 0.99999999600000011313 0.00000000099999999996 0.00000000099999999996 0.00000000099999999996 
0.00000000426073075387 0.99999999273926931664 0.00000000099999999998 0.00000000099999999998 0.00000000099999999998 
0.00000000099999999988 0.00000000099999999988 0.99999999600000000211 0.00000000099999999988 0.00000000099999999988 
0.00000000099999999997 0.99999999600000011313 0.00000000099999999997 0.00000000099999999997 0.00000000099999999997 
0.00000021936265038622 0.99999977763734970715 0.00000000099999999998 0.00000000099999999998 0.00000000099999999998 
0.65449310221369871865 0.01929235510373074336 0.00000000099999999999 0.00377094592746959152 0.32244359575510095350 
0.00000000099999999975 0.00000000099999999975 0.99999999599999989108 0.00000000099999999975 0.00000000099999999975 
0.59715652587987477773 0.00000000099999999999 0.00000000099999999999 0.00333878352581283870 0.39950468859431237378 
0.99999999600000000211 0.00000000099999999996 0.00000000099999999996 0.00000000099999999996 0.00000000099999999996 
0.46899986944453253557 0.00000006081633610552 0.00116944061847172706 0.00592979763812345219 0.52390083148253618894 
0.65497185601336638250 0.02365200327326502303 0.00000000099999999999 0.00000000099999999999 0.32137613871336873084 
0.38846769623075350086 0.00000027194311315258 0.00000000099999999999 0.00000000099999999999 0.61153202982613330541 
0.38927283179330857132 0.03504432519942923124 0.00000000100000000000 0.00000000100000000000 0.57568284100726196950 
0.00000000099999999998 0.00000000099999999998 0.00000000099999999998 0.00000000099999999998 0.99999999600000000211 
0.45229610777735129723 0.00956118142502193624 0.00000000100000000000 0.00738503316863299130 0.53075767662899364652 
0.41898257832090579633 0.00740718062480650707 0.00330488531562561291 0.02898797880974533087 0.54131737692891668257 
0.99999999600000011313 0.00000000099999999996 0.00000000099999999996 0.00000000099999999996 0.00000000099999999996 
0.53829705427949703367 0.00000000099999999998 0.00000000099999999998 0.00000000099999999998 0.46170294272050294015 
0.46191235017451953704 0.02121081074406082345 0.00073441895152765498 0.02475825785494767048 0.49138416227494430277 
0.53351219706113417462 0.00000000099999999998 0.00000000099999999998 0.00957561602323705845 0.45691218491562890502 
0.49066913259142347359 0.00646881486777799077 0.00000000099999999999 0.00000000099999999999 0.50286205054079857746 
0.57930878340724589748 0.00000000099999999999 0.00000000099999999999 0.00000000099999999999 0.42069121359275418737 
0.40260862898743438043 0.02966437089815761319 0.00000000099999999999 0.00000000099999999999 0.56772699811440785478 
0.43816670307510607874 0.00955081820420416311 0.00000000100000000000 0.00573537459559883729 0.54654710312509091619 
0.40865007264154845634 0.03539716138385805982 0.00000000099999999999 0.00000000099999999999 0.55595276397459347795 
0.49652183960759810333 0.00002364256208210685 0.00000000099999999999 0.00000000099999999999 0.50345451583031985976 
0.39233489196997933801 0.02135831089795220059 0.00000000099999999999 0.00000000099999999999 0.58630679513206840348 
0.49749449038810239498 0.01989826274197827038 0.06801198982574352403 0.00305518780337127403 0.41154006924080438479 
0.00000000099999999996 0.00000000099999999996 0.00000000099999999996 0.00000000099999999996 0.99999999600000000211 
0.47093911051828080128 0.01400312717993044791 0.00000000099999999998 0.00000000099999999998 0.51505776030178873626 
0.41556454385298224885 0.02234362937235829030 0.00000000099999999998 0.00000000099999999998 0.56209182477465946537 
0.39882958429416015544 0.00000000099999999999 0.00000000099999999999 0.01438525776519578719 0.58678515594064395433 
0.70199527211845824670 0.00885547284972945659 0.00000000099999999998 0.00000000099999999998 0.28914925303181232552 
0.38172747121798017433 0.00000093890162755893 0.00231948026118099530 0.00495360134354270662 0.61099850827566859479 
0.48904934887840323388 0.01216453438780250307 0.00000000099999999999 0.00713010922399761639 0.49165600650979668362 
0.50562465713837545511 0.00000000099999999999 0.00000000099999999999 0.00000000099999999999 0.49437533986162451871 
0.52367112756289613262 0.03025975872691464078 0.00000000099999999998 0.00000000099999999998 0.44606911171018925888 
0.00000000099999999995 0.99999999600000000211 0.00000000099999999995 0.00000000099999999995 0.00000000099999999995 
0.00000000099999999998 0.99999999115800564109 0.00000000099999999998 0.00000000099999999998 0.00000000584199453224 
0.00000000099999999983 0.00000000099999999983 0.99999999599999989108 0.00000000099999999983 0.00000000099999999983 
0.00000000099999999980 0.00000000099999999980 0.00000000099999999980 0.99999999600000000211 0.00000000099999999980 
0.04652704152876785404 0.91320511422895833675 0.00000000100000000000 0.03884000951098346560 0.00142783373129035779 
0.53824933393252649694 0.01325620066632066281 0.00000000099999999998 0.00000000099999999998 0.44849446340115289855 
0.55658277740613937290 0.02532768340762506926 0.00000000100000000000 0.00000000100000000000 0.41808953718623559359 
0.00000000099999999999 0.99580750395373485162 0.00000000099999999999 0.00419249304626532170 0.00000000099999999999 
0.58597081200044331961 0.01347657947692316484 0.00000000099999999999 0.00000000099999999999 0.40055260652263341425 
0.55902235159799196218 0.00000000099999999998 0.00000000099999999998 0.01114035749139260199 0.42983728891061551147 
0.00000000099999999996 0.00000000099999999996 0.00000000099999999996 0.00000000099999999996 0.99999999600000000211 
0.00000000099999999978 0.00000000099999999978 0.99999999600000000211 0.00000000099999999978 0.00000000099999999978 
0.00000000099999999979 0.00000000099999999979 0.99999999600000000211 0.00000000099999999979 0.00000000099999999979 
0.00000000099999999975 0.00000000099999999975 0.99999999599999989108 0.00000000099999999975 0.00000000099999999975 
0.00000000099999999976 0.00000000099999999976 0.99999999600000000211 0.00000000099999999976 0.00000000099999999976 
0.00000000099999999976 0.00000000099999999976 0.99999999600000000211 0.00000000099999999976 0.00000000099999999976 
0.00000000099999999998 0.99999999600000011313 0.00000000099999999998 0.00000000099999999998 0.00000000099999999998 
0.37667508586429021555 0.00000000100000000000 0.00000000100000000000 0.01049109008602978205 0.61283382204967984386 
0.00000000099999999976 0.00000000099999999976 0.99999999599999989108 0.00000000099999999976 0.00000000099999999976 
0.00000000099999999980 0.00000000099999999980 0.99999999600000000211 0.00000000099999999980 0.00000000099999999980 
0.00000000099999999979 0.00000000099999999979 0.00000000099999999979 0.99999999600000000211 0.00000000099999999979 
0.00000000099999999979 0.00000000099999999979 0.00000000099999999979 0.99999999599999989108 0.00000000099999999979 
0.42881770187579254516 0.00000000099999999999 0.00000000099999999999 0.00000000099999999999 0.57118229512420737315 
0.00000000099999999978 0.00000000099999999978 0.99999999599999989108 0.00000000099999999978 0.00000000099999999978 
0.99999999600000000211 0.00000000099999999996 0.00000000099999999996 0.00000000099999999996 0.00000000099999999996 
0.47174652027690494593 0.00000000099999999999 0.00000000099999999999 0.00000000099999999999 0.52825347672309508340 
0.04560918482710649841 0.95439081217289345460 0.00000000099999999998 0.00000000099999999998 0.00000000099999999998 
0.61750556273732892798 0.00540517859109147271 0.00000000099999999998 0.00000000099999999998 0.37708925667157955353 
0.00000000099999999994 0.99999999600000000211 0.00000000099999999994 0.00000000099999999994 0.00000000099999999994 
0.44958399240541047082 0.01872332709575058943 0.00000000099999999999 0.00445392755100627001 0.52723875194783276221 
0.00000000099999999995 0.99999999600000011313 0.00000000099999999995 0.00000000099999999995 0.00000000099999999995 
0.43288955966524511609 0.00841551339320139105 0.00000000100000000000 0.01687877521430652256 0.54181615072724687021 
0.59685402057954550781 0.00000000099999999999 0.00000000099999999999 0.01264570608702132899 0.39050027133343323538 
0.00000000099999999980 0.00000000099999999980 0.99999999599999989108 0.00000000099999999980 0.00000000099999999980 
0.00000000099999999996 0.99999999600000011313 0.00000000099999999996 0.00000000099999999996 0.00000000099999999996 
0.00000000099999999977 0.00000000099999999977 0.99999999600000000211 0.00000000099999999977 0.00000000099999999977 
0.00000000099999999976 0.00000000099999999976 0.99999999600000000211 0.00000000099999999976 0.00000000099999999976 
0.00000000099999999997 0.00000000099999999997 0.00000000099999999997 0.00000000099999999997 0.99999999599999989108 
0.50448394946328434241 0.02590884405483581329 0.00000000099999999999 0.00000000099999999999 0.46960720448187975862 
0.62789811633502246035 0.00005742380287113037 0.00000000099999999998 0.00000000099999999998 0.37204445786210643687 
0.45316055839540708705 0.00000999386609743567 0.00000000099999999999 0.00228643070243140459 0.54454301603606392046 
0.31775307364993632397 0.00000010315314587777 0.00000000099999999999 0.01180407047881187887 0.67044275171810585601 
0.45278536439769201394 0.01510887274629918627 0.00000000099999999999 0.00697166440185307580 0.52513409745415562391 
0.58374392031456745489 0.00000000099999999999 0.00000000099999999999 0.00000000099999999999 0.41625607668543274098 
0.01275833067666532449 0.98724166632333476556 0.00000000099999999997 0.00000000099999999997 0.00000000099999999997 
0.57679835541777568775 0.00000000099999999998 0.00000000099999999998 0.00000000099999999998 0.42320164158222434159 
0.00000000099999999977 0.00000000099999999977 0.99999999599999989108 0.00000000099999999977 0.00000000099999999977 
0.50723926593284407449 0.00000000099999999999 0.00000000099999999999 0.00000000099999999999 0.49276073106715595484 
0.00000000099999999992 0.00000000099999999992 0.99999999600000000211 0.00000000099999999992 0.00000000099999999992 
0.00000000099999999980 0.00000000099999999980 0.99999999600000000211 0.00000000099999999980 0.00000000099999999980 
0.62295560568911911847 0.01996224840971736955 0.00000000099999999999 0.00000000099999999999 0.35708214390116360670 
0.49649712721791217085 0.00000000099999999999 0.00000000099999999999 0.00762999955132067764 0.49587287123076706497 
0.00000000099999999997 0.00000000099999999997 0.00000000099999999997 0.00000000099999999997 0.99999999599999989108 
0.00000000099999999982 0.00000000099999999982 0.99999999600000000211 0.00000000099999999982 0.00000000099999999982 
0.00000000099999999995 0.99999999600000011313 0.00000000099999999995 0.00000000099999999995 0.00000000099999999995 
0.00000000099999999995 0.99999999600000011313 0.00000000099999999995 0.00000000099999999995 0.00000000099999999995 
0.00000000099999999979 0.00000000099999999979 0.99999999599999989108 0.00000000099999999979 0.00000000099999999979 
0.38865054968076989672 0.00467062201926205824 0.00000000099999999999 0.00501775857201100604 0.60166106872795699356 
0.00000000099999999999 0.00028333113986063360 0.00000000099999999999 0.00000000099999999999 0.99971666586013929745 
0.00000000099999999980 0.00000000099999999980 0.99999999599999989108 0.00000000099999999980 0.00000000099999999980 
0.44765520588066037844 0.00237741459329007202 0.00000000099999999999 0.00444849903667594686 0.54551887948937360928 
0.00000000099999999994 0.99999999600000011313 0.00000000099999999994 0.00000000099999999994 0.00000000099999999994 
0.56347832258004371120 0.22902516356081789595 0.10173419622501367332 0.10576231663412453965 0.00000000100000000000 
0.62090788284071418701 0.02165156387765553719 0.00000000100000000000 0.00000000100000000000 0.35744055128163032542 
0.59798788939963720690 0.03108750577875627266 0.00000000099999999999 0.01182904680225597277 0.35909555701935047534 
0.52135872263196758603 0.00000000099999999999 0.00000000099999999999 0.01366659307438063825 0.46497468229365185310 
0.00000000099999999997 0.00000000099999999997 0.00000000099999999997 0.00000000099999999997 0.99999999599999989108 
0.63745306544775148794 0.00000000099999999999 0.00000000099999999999 0.00158232270397025529 0.36096460984827821727 
0.58896940945156195379 0.00277183746527819973 0.00000000099999999999 0.00000000099999999999 0.40825875108316006523 
0.60700180433951878012 0.00007665244939642290 0.00000000099999999999 0.01112979125676419670 0.38179175095432071885 
0.53486938388461791050 0.02333356794161514994 0.00561391147439566952 0.00291595300879496106 0.43326718369057631852 
0.00000000099999999996 0.99999999600000011313 0.00000000099999999996 0.00000000099999999996 0.00000000099999999996 
0.29677434256632811982 0.01138671604688500268 0.00000000099999999999 0.00420210566002426639 0.68763683472676240260 
0.99999999600000011313 0.00000000099999999995 0.00000000099999999995 0.00000000099999999995 0.00000000099999999995 
0.56278430231850784526 0.04435760781928946989 0.00000000099999999999 0.00000000101131068749 0.39285808785089193496 
0.54647831473787356060 0.01152913772149049242 0.00000000099999999998 0.00000000099999999998 0.44199254554063599487 
0.65011859454078380072 0.03435007325482664770 0.00000000100000000000 0.00000000100000000000 0.31553133020438972611 
0.99999999600000011313 0.00000000099999999995 0.00000000099999999995 0.00000000099999999995 0.00000000099999999995 
0.50136113305656548889 0.01258591340221274814 0.00000000099999999999 0.00000000099999999999 0.48605295154122180046 
0.01554204607722460725 0.98445795092277543770 0.00000000099999999997 0.00000000099999999997 0.00000000099999999997 
0.99999999600000011313 0.00000000099999999997 0.00000000099999999997 0.00000000099999999997 0.00000000099999999997 
0.40862900203756513662 0.00047128850099226909 0.00000000099999999999 0.01050692119864635697 0.58039278726279630582 
0.44628790704780185727 0.00673138167789039121 0.01041679268892664080 0.00000000100000000000 0.53656391758538113379 
0.00000000099999999997 0.99999999600000000211 0.00000000099999999997 0.00000000099999999997 0.00000000099999999997 
0.51549361552687622545 0.02450287673557182896 0.01827834034721624937 0.00000000100000000000 0.44172516639033576613 
0.46305741296681529606 0.00562984970430256953 0.00000000100000000000 0.00501350271842790178 0.52629923361045416463 
0.29283183208476515347 0.47731911521318659553 0.00000000099999999999 0.01071098916570918137 0.21913806253633902332 
0.42854488388319866843 0.02186331867562102405 0.00000000099999999998 0.00000000099999999998 0.54959179544118041960 
0.00000000099999999981 0.00000000099999999981 0.99999999599999989108 0.00000000099999999981 0.00000000099999999981 
0.45434407320926023521 0.01336890504673616739 0.00000000099999999999 0.01632922070646796939 0.51595780003753566323 
0.54424980427870439659 0.02379426193459948172 0.00000000099999999999 0.00458395868634955007 0.42737197410034644118 
