0.96549811245685190908 0.00034360880953043647 0.00808806818217066952 0.02607021055144705113 
0.00000000099999999996 0.00000000099999999996 0.99999999699999997382 0.00000000099999999996 
0.00000000099999999996 0.00000000099999999996 0.99999999699999997382 0.00000000099999999996 
0.95153272173493330666 0.00000000099999999999 0.04294618478636740011 0.00552109247869929636 
0.98628616479961273011 0.00000000100000000000 0.00049932665757953349 0.01321450754280776262 
0.96294900617063605708 0.00000000099999999999 0.03067561031800761576 0.00637538251135627045 
0.00000000099999999997 0.00000000099999999997 0.99999999699999997382 0.00000000099999999997 
0.00000000099999999995 0.00000000099999999995 0.99999999699999986280 0.00000000099999999995 
0.97120534525124846414 0.00000000099999999999 0.00907294042860167828 0.01972171332014988759 
0.00000000099999999997 0.00000000099999999997 0.99999999699999997382 0.00000000099999999997 
0.96834987793461513306 0.00000000100000000000 0.01787068088585047967 0.01377944017953435137 
0.96573649827815521984 0.00000000099999999999 0.02274313308964229230 0.01152036763220265318 
0.98586588667310570688 0.00000000100000000000 0.00528238107430835206 0.00885173125258596240 
0.96960596211486349549 0.00000000100000000000 0.01073092708931463329 0.01966310979582197582 
0.97089593727422973668 0.00608583650022129479 0.00138707815051987838 0.02163114807502912809 
0.90556771527575474767 0.00000000099999999999 0.06111920970864975072 0.03331307401559551601 
0.99214229293986344604 0.00000000100000000000 0.00764091956233326972 0.00021678649780331336 
0.98806881216252628874 0.00538018369715629555 0.00000000100000000000 0.00655100314031737806 
0.97692975918176383487 0.00816521038558529547 0.00342208716011194918 0.01148294327253891398 
0.99110911442724203280 0.00000000099999999998 0.00094953091130970768 0.00794135366144828325 
0.99587025229127579262 0.00000000100000000000 0.00411665608338650409 0.00001309062533776104 
0.00000000294901221038 0.00000000099999999998 0.99999999505098768893 0.00000000099999999998 
0.96958618468571078353 0.00000000099999999999 0.03041381331428923834 0.00000000099999999999 
0.95793668388436303829 0.00000000099999999999 0.03797147802551337215 0.00409183709012361091 
0.96652929268260756590 0.00000000099999999999 0.03347049116909387584 0.00000021514829864058 
0.99309449080256007036 0.00000000099999999999 0.00000000099999999999 0.00690550719744002957 
0.00000000099999999988 0.00000000099999999988 0.00000000099999999988 0.99999999699999997382 
0.00000000099999999986 0.00000000099999999986 0.00000000099999999986 0.99999999700000008485 
0.98279443730335647178 0.00000000100000000000 0.00549849629022557563 0.01170706540641807888 
0.98499107447036760021 0.00000000099999999999 0.00000000099999999999 0.01500892352963245635 
0.97025305343842183081 0.00000000099999999999 0.02974694456157813902 0.00000000099999999999 
0.00000000099999999998 0.00000000099999999998 0.99999999699999997382 0.00000000099999999998 
0.39851568715006335797 0.00000000099999999997 0.24048442863768726419 0.36099988321224923959 
0.99841703655699387543 0.00000000099999999999 0.00050545633567058296 0.00107750610733558117 
0.00000000099999999986 0.99999999700000008485 0.00000000099999999986 0.00000000099999999986 
0.00000000099999999982 0.99999999699999997382 0.00000000099999999982 0.00000000099999999982 
0.00000000099999999982 0.99999999699999997382 0.00000000099999999982 0.00000000099999999982 
0.00000000099999999988 0.00000000099999999988 0.00000000099999999988 0.99999999699999997382 
0.00000000099999999987 0.00000000099999999987 0.00000000099999999987 0.99999999700000008485 
0.99410352272920821104 0.00000000099999999999 0.00228480274742906509 0.00361167352336278424 
0.00000000099999999998 0.00000000099999999998 0.99999999699999986280 0.00000000099999999998 
0.00000000099999999987 0.00000000099999999987 0.00000000099999999987 0.99999999700000008485 
0.95987947444986199130 0.00000000099999999999 0.02794513564381878937 0.01217538890631929445 
0.00000000099999999996 0.00000000099999999996 0.99999999699999986280 0.00000000099999999996 
0.00000000099999999989 0.00000000099999999989 0.00000000099999999989 0.99999999700000008485 
0.97033837971774161701 0.00000000099999999999 0.01967996517480575733 0.00998165410745272333 
0.00000000099999999987 0.00000000099999999987 0.00000000099999999987 0.99999999700000008485 
0.00000000099999999997 0.00000000099999999997 0.99999999699999997382 0.00000000099999999997 
0.00000000099999999995 0.00000000099999999995 0.99999999699999997382 0.00000000099999999995 
0.00000000099999999986 0.00000000099999999986 0.00000000099999999986 0.99999999700000008485 
0.00000000099999999987 0.00000000099999999987 0.00000000099999999987 0.99999999699999997382 
0.00000000099999999997 0.00000000099999999997 0.99999999699999997382 0.00000000099999999997 
0.00000000099999999996 0.00000000099999999996 0.99999999699999997382 0.00000000099999999996 
0.00000000099999999997 0.00000000099999999997 0.99999999699999997382 0.00000000099999999997 
0.00000000099999999989 0.00000000099999999989 0.00000000099999999989 0.99999999699999997382 
0.93163169832751913102 0.00000000307177995153 0.04877483222933563789 0.01959346637136529998 
0.96744426644078995725 0.00000000100000000000 0.00235951635245561665 0.03019621620675458015 
0.97016356649625146158 0.00000000099999999999 0.02983643150374866090 0.00000000099999999999 
0.97787382448729509576 0.00000000099999999999 0.01764689549986413544 0.00447927901284085692 
0.00000000099999999996 0.00000000099999999996 0.99999999699999986280 0.00000000099999999996 
0.98786334310175005768 0.00161345676581617749 0.00072600856703632164 0.00979719156539753805 
0.00000000099999999985 0.99999999699999997382 0.00000000099999999985 0.00000000099999999985 
0.98049225997549949163 0.00000000099999999998 0.01016663728222228814 0.00934110174227825024 
0.00000000099999999985 0.99999999699999997382 0.00000000099999999985 0.00000000099999999985 
0.95208483682503020074 0.00000000100000000000 0.04674307375875776799 0.00117208841621197889 
0.00000000099999999986 0.99999999700000008485 0.00000000099999999986 0.00000000099999999986 
0.98153898728210031699 0.00000000099999999999 0.01275534865942945864 0.00570566305847025352 
0.97379061509654207818 0.00000009979004874835 0.01549409098645306709 0.01071519412695611830 
0.00000000099999999995 0.00000000099999999995 0.99999999699999997382 0.00000000099999999995 
0.99999650784047466878 0.00000000099999999998 0.00000349015952547011 0.00000000099999999998 
0.00000000099999999985 0.99999999700000008485 0.00000000099999999985 0.00000000099999999985 
0.00000000099999999987 0.99999999700000008485 0.00000000099999999987 0.00000000099999999987 
0.89778528609498842172 0.00000000099999999999 0.08735390331188525037 0.01486080959312648629 
0.00000000099999999995 0.00000000099999999995 0.99999999699999986280 0.00000000099999999995 
0.00000000099999999989 0.00000000099999999989 0.00000000099999999989 0.99999999700000008485 
0.00000000099999999996 0.00000000099999999996 0.99999999699999986280 0.00000000099999999996 
0.95665210752839080488 0.00119754861403924230 0.04215034285756999455 0.00000000100000000000 
0.00000000099999999984 0.99999999699999997382 0.00000000099999999984 0.00000000099999999984 
0.00000000099999999985 0.00000000099999999985 0.00000000099999999985 0.99999999699999997382 
0.00000000099999999987 0.99999999700000008485 0.00000000099999999987 0.00000000099999999987 
0.97258247939615793953 0.00320437731635425443 0.00256805144848603522 0.02164509183900176215 
0.00000000099999999995 0.00000000099999999995 0.99999999699999986280 0.00000000099999999995 
0.00000000099999999996 0.00000000099999999996 0.99999999699999986280 0.00000000099999999996 
0.75923760610119706005 0.00000000099999999999 0.23614864478414676618 0.00461374811465615174 
0.96874864288027529025 0.00000000100000000000 0.00634521999552715901 0.02490613612419763714 
0.98513912718003782132 0.00000000099999999999 0.01486034734822842991 0.00000052447173374094 
0.97096672860723365339 0.00000000099999999999 0.02903326939276627827 0.00000000099999999999 
0.99672261877512735584 0.00000000100000000000 0.00068140288614444472 0.00259597733872825266 
0.99999999700000008485 0.00000000099999999998 0.00000000099999999998 0.00000000099999999998 
0.98410719484137376689 0.00000000099999999999 0.01511041876599314784 0.00078238539263303321 
0.97595153037776727345 0.00000000099999999999 0.01341794045852506140 0.01063052816370782007 
0.95795030166909656000 0.00000000291415326346 0.04204966703991570853 0.00000002837683453292 
0.00000000099999999996 0.00000000099999999996 0.99999999699999986280 0.00000000099999999996 
0.00003757803695848052 0.00000000099999999998 0.99996241996304147115 0.00000000099999999998 
0.00000000099999999991 0.99999999699999997382 0.00000000099999999991 0.00000000099999999991 
0.00000000099999999998 0.00000000099999999998 0.99999999699999997382 0.00000000099999999998 
0.00000000244873947048 0.00000000099999999998 0.99999999555126040107 0.00000000099999999998 
0.96191101030601466881 0.00000000099999999999 0.02760399288365232226 0.01048499581033297996 
0.00000000099999999982 0.99999999699999997382 0.00000000099999999982 0.00000000099999999982 
0.99171654482656124152 0.00000000100000000000 0.00000000100000000000 0.00828345317343868667 
0.97012970665629971734 0.00000000099999999999 0.02142082295109897297 0.00844946939260122869 
0.98307371838794599395 0.00201733614338627139 0.00487904708617624069 0.01002989838249141070 
0.96379877312305917147 0.00000000100000000000 0.02917983853616677031 0.00702138734077402144 
0.99197595548148709277 0.00049625091070609978 0.00708378831009682554 0.00044400529770997655 
0.95725756369494274800 0.00000014771968458618 0.04263784164103941871 0.00010444694433325692 
0.98888553902208120583 0.00000000100000000000 0.00207241335767035031 0.00904204662024843224 
0.97203131406631115841 0.00000000100000000000 0.01672230463409976609 0.01124638029958896848 
0.94707857558241925755 0.00443029841625894837 0.01643033277293912478 0.03206079322838266410 
0.97703145001938107583 0.00000000099999999999 0.00792245690540446280 0.01504609207521443413 
0.99917006804652663821 0.00000000099999999999 0.00082992995347351214 0.00000000099999999999 
0.94302999941012466412 0.00097250774073665881 0.02728761720364563867 0.02870987564549312698 
0.98590264320879905657 0.00000000099999999999 0.00000000099999999999 0.01409735479120110234 
0.98433215571099075270 0.00000000100000000000 0.01503983910852679795 0.00062800418048257630 
0.99663331738225147127 0.00000000099999999999 0.00188466644243720808 0.00148201517531126458 
0.96224340653738971163 0.00000000099999999999 0.03775659146261035881 0.00000000099999999999 
0.97009372186727182985 0.00000000100000000000 0.01895270951210753854 0.01095356762062067030 
0.95533075015505031224 0.00000000099999999999 0.04466924784494968881 0.00000000099999999999 
0.99039197836242687245 0.00000000100000000000 0.00769723311988560876 0.00191078751768762080 
0.96806728827569954454 0.00000000099999999999 0.02952793911961956383 0.00240477160468095417 
0.89681046105137629532 0.06802813542942202918 0.02804813107158767721 0.00711327244761390202 
0.99249529508696410218 0.00000000099999999999 0.00750470291303600382 0.00000000099999999999 
0.97806210820845895793 0.00000000099999999998 0.02193788979154097027 0.00000000099999999998 
0.96915128597853017478 0.00000000099999999998 0.03084832429287982444 0.00000038872858994755 
0.97828676546579340645 0.00000000099999999999 0.00243078676081758243 0.01928244677338904547 
0.98169821960608305567 0.00000000099999999998 0.01830177839391696967 0.00000000099999999998 
0.98010564466011751428 0.00362359870868753531 0.00775648425876116019 0.00851427237243365491 
0.97543069310869956468 0.00000000099999999999 0.01570441279463978546 0.00886489309666067815 
0.99701735878929997892 0.00000000099999999999 0.00000000099999999999 0.00298263921070005466 
0.96243685185813832028 0.00000000099999999998 0.03756314614186178485 0.00000000099999999998 
0.00000000099999999996 0.00000000099999999996 0.99999999699999986280 0.00000000099999999996 
0.00000001407254882495 0.00000000099999999998 0.99999998392745104159 0.00000000099999999998 
0.00000000099999999988 0.99999999699999997382 0.00000000099999999988 0.00000000099999999988 
0.00000000099999999985 0.00000000099999999985 0.00000000099999999985 0.99999999700000008485 
0.04629792960907770649 0.00000000100000000000 0.91390523028040371312 0.03979683911051856704 
0.98271765379461684109 0.00000000099999999998 0.01728234420538314955 0.00000000099999999998 
0.96318648611329471532 0.00000000808059286947 0.03222006528829400585 0.00459344051781835315 
0.00000000099999999999 0.00000000099999999999 0.99604348217908045271 0.00395651582091945640 
0.97702982247979452968 0.00000000099999999999 0.02297017552020547831 0.00000000099999999999 
0.98139224608307229492 0.00000000099999999998 0.00337730303746181133 0.01523044987946605908 
0.99386444528400685883 0.00000000099999999999 0.00000000099999999999 0.00613555271599315090 
0.00000000099999999984 0.99999999700000008485 0.00000000099999999984 0.00000000099999999984 
0.00000000099999999985 0.99999999700000008485 0.00000000099999999985 0.00000000099999999985 
0.00000000099999999982 0.99999999700000008485 0.00000000099999999982 0.00000000099999999982 
0.00000000099999999983 0.99999999700000008485 0.00000000099999999983 0.00000000099999999983 
0.00000000099999999983 0.99999999700000008485 0.00000000099999999983 0.00000000099999999983 
0.00000000099999999998 0.00000000099999999998 0.99999999699999997382 0.00000000099999999998 
0.97945388913852360346 0.00000000100000000000 0.00589636210064099341 0.01464974776083543748 
0.00000000099999999983 0.99999999700000008485 0.00000000099999999983 0.00000000099999999983 
0.00000000099999999985 0.99999999699999997382 0.00000000099999999985 0.00000000099999999985 
0.00000000099999999985 0.00000000099999999985 0.00000000099999999985 0.99999999699999997382 
0.00000000099999999985 0.00000000099999999985 0.00000000099999999985 0.99999999700000008485 
0.99997357452429758151 0.00000000099999999999 0.00002642347570231203 0.00000000099999999999 
0.00000000099999999984 0.99999999699999997382 0.00000000099999999984 0.00000000099999999984 
0.97933872181292469516 0.00007136626911437050 0.02058990989416860373 0.00000000202379220273 
0.99759827949160462257 0.00000000099999999999 0.00000000099999999999 0.00240171850839541751 
0.03846952327094629170 0.00000000099999999998 0.96153047472905361914 0.00000000099999999998 
0.98449914667237958810 0.00000000099999999999 0.01545189074093228365 0.00004896158668827425 
0.00000000099999999995 0.00000000099999999995 0.99999999699999986280 0.00000000099999999995 
0.96482282000797037202 0.00000000099999999999 0.02629682198580491487 0.00888035700622484721 
0.00000000099999999995 0.00000000099999999995 0.99999999699999986280 0.00000000099999999995 
0.96288194107520685971 0.00000000100000000000 0.01661981778658092740 0.02049824013821226198 
0.98369616481134669606 0.00000000100000000000 0.00013362043591640826 0.01617021375273681658 
0.00000000099999999986 0.99999999700000008485 0.00000000099999999986 0.00000000099999999986 
0.00000000099999999996 0.00000000099999999996 0.99999999699999997382 0.00000000099999999996 
0.00000000099999999983 0.99999999700000008485 0.00000000099999999983 0.00000000099999999983 
0.00000000099999999983 0.99999999700000008485 0.00000000099999999983 0.00000000099999999983 
0.98555207622678409063 0.00000000100000000000 0.01318224081546026660 0.00126568195775574629 
0.96719378064444783138 0.00000000099999999999 0.03224973285401974699 0.00055648550153238377 
0.98828615194706870284 0.00000000099999999998 0.01171384605293122362 0.00000000099999999998 
0.98854488971621523596 0.00000000099999999999 0.00524615808643675869 0.00620895119734807873 
0.97351874723614706397 0.00000000099999999999 0.01066920437337106134 0.01581204739048189256 
0.96696043923445806900 0.00000000099999999999 0.02241395931801766148 0.01062560044752440362 
0.99999990015386353015 0.00000000099999999999 0.00000000099999999999 0.00000009784613663359 
0.00210901078347489187 0.00000000099999999998 0.99789098721652502721 0.00000000099999999998 
0.99985002414546431115 0.00000000099999999999 0.00000614128911206522 0.00014383356542370214 
0.00000000099999999983 0.99999999700000008485 0.00000000099999999983 0.00000000099999999983 
0.99378033186756875583 0.00000000100000000000 0.00286647940104432786 0.00335318773138699837 
0.00000000099999999994 0.99999999700000008485 0.00000000099999999994 0.00000000099999999994 
0.00000000099999999985 0.99999999699999997382 0.00000000099999999985 0.00000000099999999985 
0.97172684996256053491 0.00000000099999999999 0.02825533544194435559 0.00001781359549524214 
0.98733001110529150512 0.00000000099999999999 0.00000000099999999999 0.01266998689470844909 
0.97550417462785365963 0.00000483070175922651 0.02449099367038704012 0.00000000100000000000 
0.00000000099999999987 0.99999999699999997382 0.00000000099999999987 0.00000000099999999987 
0.00000000099999999996 0.00000000099999999996 0.99999999699999986280 0.00000000099999999996 
0.00000000099999999996 0.00000000099999999996 0.99999999699999997382 0.00000000099999999996 
0.00000000099999999985 0.99999999700000008485 0.00000000099999999985 0.00000000099999999985 
0.97867775393778089210 0.00000000100000000000 0.01119329767838794613 0.01012894738383112933 
0.93985256551358853372 0.00000000100000000000 0.04408984149919743800 0.01605759198721412942 
0.00000000099999999986 0.99999999700000008485 0.00000000099999999986 0.00000000099999999986 
0.97964107449322102017 0.00000000099999999999 0.00952641086920934070 0.01083251363756966221 
0.00000000099999999995 0.00000000099999999995 0.99999999699999997382 0.00000000099999999995 
0.54451065281955157715 0.10675101056122214549 0.23680162840451651762 0.11193670821470977361 
0.96327437494352818881 0.00458158335553273191 0.03214404070093897225 0.00000000100000000000 
0.94588507254660636470 0.00000000099999999999 0.03811626996798270911 0.01599865648541084692 
0.97837594412707651337 0.00000000099999999999 0.00320989942820687664 0.01841415544471670593 
0.98500665207675786039 0.00000000099999999999 0.00028073586103005775 0.01471261106221222192 
0.99396985230935497313 0.00000000099999999999 0.00000000099999999999 0.00603014569064512680 
0.98881469144778144642 0.00000000099999999999 0.01118530655221846269 0.00000000099999999999 
0.97295543771136849820 0.00000000099999999999 0.01056184110714778086 0.01648272018148360177 
0.95664695825589129985 0.00833029654146425977 0.02679025184716853081 0.00823249335547602927 
0.00000000099999999997 0.00000000099999999997 0.99999999699999997382 0.00000000099999999997 
0.96669334696486386438 0.00000000099999999999 0.02288982456688735262 0.01041682746824869679 
0.98981291434046947408 0.00000000099999999999 0.00000000099999999999 0.01018708365953048534 
0.94470721119963674273 0.00000000100000000000 0.04973322901324660900 0.00555955878711677717 
0.97852943904957379040 0.00000000099999999999 0.02147055895042608922 0.00000000099999999999 
0.95467747656619006413 0.00243117165699265883 0.03735153679865444581 0.00553981497816282906 
0.99944341983889151138 0.00000000099999999999 0.00000155320461315627 0.00055502595649538594 
0.97874245710693819067 0.00000000100000000000 0.01901214500141847064 0.00224539689164345328 
0.00196128805283467917 0.00000000099999999998 0.99803870994716514797 0.00000000099999999998 
0.95528512459268322132 0.00000000099999999999 0.02384515120698689830 0.02086972320032986009 
0.97616994326181405484 0.00000000099999999999 0.01018501922035474315 0.01364503651783137254 
0.97404940891993019303 0.01110220742782255451 0.01463916972917596662 0.00020921392307120582 
0.00000006228333028898 0.00000000099999999998 0.99999993571666967451 0.00000000099999999998 
0.95105062132043227674 0.01927250412628567569 0.02967679298960735484 0.00000008156367460324 
0.97415445863455984998 0.00000000100000000000 0.01329457824640319433 0.01255096211903698744 
0.50612716790556400159 0.00000000099999999999 0.48195129316325652225 0.01192153793117959291 
0.96957426562425130800 0.00000000099999999998 0.03042573237574867917 0.00000000099999999998 
0.00000000099999999986 0.99999999699999997382 0.00000000099999999986 0.00000000099999999986 
0.95908966805575268655 0.00000000099999999999 0.02112920054410831819 0.01978113040013906171 
0.96246816565412707245 0.00000000100000000000 0.02966365053471545221 0.00786818281115735096 
