0.00000000099999999996 0.00000000099999999996 0.00000000099999999996 0.43869266149714514214 0.52169796835792869860 0.00000000099999999996 0.00000000099999999996 0.00000000099999999996 0.00000000099999999996 0.00000000099999999996 0.03960936214492630225 
0.00000000099999999993 0.00000000099999999993 0.00000000099999999993 0.00000000099999999993 0.00000000099999999993 0.99999999000000017180 0.00000000099999999993 0.00000000099999999993 0.00000000099999999993 0.00000000099999999993 0.00000000099999999993 
0.00000000099999999991 0.00000000099999999991 0.00000000099999999991 0.00000000099999999991 0.00000000099999999991 0.96863482412238000041 0.00000000099999999991 0.00000000099999999991 0.00000000099999999991 0.00000000099999999991 0.03136516687762016392 
0.00000000099999999999 0.00000000099999999999 0.20237622527262627559 0.10515934982463065461 0.26020503425562213629 0.03200448346619589463 0.10341296958153529950 0.00000000099999999999 0.15876444961167848757 0.13807748398771127474 0.00000000099999999999 
0.00000000099999999999 0.05216699208671862070 0.24271469103536655321 0.08072062949382532993 0.19145290784755292224 0.00000000099999999999 0.14796579219709635189 0.00000000099999999999 0.16938418804665869577 0.10610901604795359987 0.00948578024482803032 
0.00000000099999999991 0.00000000099999999991 0.99999999000000006077 0.00000000099999999991 0.00000000099999999991 0.00000000099999999991 0.00000000099999999991 0.00000000099999999991 0.00000000099999999991 0.00000000099999999991 0.00000000099999999991 
0.00000000099999999989 0.00000000099999999989 0.00000000099999999989 0.00000000099999999989 0.00000000099999999989 0.93374210764579590460 0.00000000099999999989 0.00000000099999999989 0.00000000099999999989 0.00000000099999999989 0.06625788335420433606 
0.00000000099999999989 0.00000000099999999989 0.00000000099999999989 0.00000000099999999989 0.00000000099999999989 0.99999999000000017180 0.00000000099999999989 0.00000000099999999989 0.00000000099999999989 0.00000000099999999989 0.00000000099999999989 
0.00000000099999999998 0.01844809267965001956 0.27422790962817716887 0.00000000099999999998 0.05136414654837687110 0.00000000099999999998 0.21839392168981086595 0.01441876466782912071 0.42314715978615591307 0.00000000099999999998 0.00000000099999999998 
0.00000000099999999993 0.00000000099999999993 0.00000000099999999993 0.00000000099999999993 0.00000000099999999993 0.99999999000000006077 0.00000000099999999993 0.00000000099999999993 0.00000000099999999993 0.00000000099999999993 0.00000000099999999993 
0.00000000099999999985 0.00000000099999999985 0.00000000099999999985 0.00000000099999999985 0.00000000099999999985 0.00000000099999999985 0.00000000099999999985 0.00000000099999999985 0.00000000099999999985 0.99999998999999994975 0.00000000099999999985 
0.00000000099999999998 0.00876745265318473396 0.33420315735576244798 0.07237153511522567695 0.21829552448856967550 0.01321229718525476424 0.07777482185986819840 0.00708975264318788007 0.16711092575863792375 0.10117453094030856575 0.00000000099999999998 
0.00000000099999999985 0.00000000099999999985 0.00000000099999999985 0.00000000099999999985 0.00000000099999999985 0.00000000099999999985 0.00000000099999999985 0.00000000099999999985 0.00000000099999999985 0.99999998999999994975 0.00000000099999999985 
0.00000000099999999999 0.00576357266450748616 0.28807654068008425874 0.00000000099999999999 0.47385993279756222218 0.00000000099999999999 0.00000000099999999999 0.00000000099999999999 0.00000239350152665152 0.20855337286168684763 0.02374418249463255623 
0.00000000099999999988 0.00000000099999999988 0.00000000099999999988 0.00000000099999999988 0.99999999000000017180 0.00000000099999999988 0.00000000099999999988 0.00000000099999999988 0.00000000099999999988 0.00000000099999999988 0.00000000099999999988 
0.00000000099999999999 0.03998142441239754818 0.26916594735274085304 0.05518503184031180869 0.15013327149654412396 0.04452648921210627248 0.05412323467638537750 0.02234209763006302085 0.24108586306675633404 0.09506307848804677885 0.02839356082464800785 
0.00000000099999999995 0.00000000099999999995 0.00000000099999999995 0.00000000099999999995 0.59001565204440120649 0.00000000099999999995 0.00000000099999999995 0.00000000099999999995 0.40998433895559893703 0.00000000099999999995 0.00000000099999999995 
0.00000000099999999990 0.00000000099999999990 0.00000000099999999990 0.00000000099999999990 0.00000000099999999990 0.00000000099999999990 0.00000000099999999990 0.00000000099999999990 0.99999998999999994975 0.00000000099999999990 0.00000000099999999990 
0.00000000099999999999 0.00000000099999999999 0.18725640615505551034 0.13949719605554450341 0.09581950609379089046 0.00000000099999999999 0.19966722955386936866 0.00093077510645232613 0.36085296064771998914 0.00000000099999999999 0.01597592238756753019 
0.00000000099999999997 0.00000000099999999997 0.00000000099999999997 0.10148438489975161736 0.30515320584122046510 0.00000000099999999997 0.21470257319317431755 0.00000000099999999997 0.18954811325659937093 0.17454003432302170329 0.01457168348623251626 
0.00000000099999999995 0.00000000099999999995 0.51443443433691049549 0.48555829108145864836 0.00000000099999999995 0.00000000099999999995 0.00000000099999999995 0.00000000099999999995 0.00000000099999999995 0.00000726658163094899 0.00000000099999999995 
0.00000000099999999994 0.00000000099999999994 0.00000000099999999994 0.00000000099999999994 0.00000000099999999994 0.95293552640062628711 0.00000000099999999994 0.00000000099999999994 0.00000000099999999994 0.00000000099999999994 0.04706446459937393967 
0.00000000099999999978 0.00000000099999999978 0.00000000099999999978 0.99999999000000017180 0.00000000099999999978 0.00000000099999999978 0.00000000099999999978 0.00000000099999999978 0.00000000099999999978 0.00000000099999999978 0.00000000099999999978 
0.00000000099999999919 0.99999999000000028282 0.00000000099999999919 0.00000000099999999919 0.00000000099999999919 0.00000000099999999919 0.00000000099999999919 0.00000000099999999919 0.00000000099999999919 0.00000000099999999919 0.00000000099999999919 
0.00000000099999999984 0.00000000099999999984 0.00000000099999999984 0.00000000099999999984 0.00000000099999999984 0.00000000099999999984 0.00000000099999999984 0.00000000099999999984 0.00000000099999999984 0.99999998999999994975 0.00000000099999999984 
0.00000000099999999996 0.00000000099999999996 0.00000000099999999996 0.00000000099999999996 0.68357747002738533659 0.00000000099999999996 0.00000000099999999996 0.00000000099999999996 0.31623726046199396311 0.00000433329374757006 0.00018092921687326528 
0.00000000099999999954 0.00000000099999999954 0.00000000099999999954 0.00000000099999999954 0.00000000099999999954 0.00000000099999999954 0.00000000099999999954 0.99999999000000006077 0.00000000099999999954 0.00000000099999999954 0.00000000099999999954 
0.00000000099999999953 0.00000000099999999953 0.00000000099999999953 0.00000000099999999953 0.00000000099999999953 0.00000000099999999953 0.00000000099999999953 0.99999999000000006077 0.00000000099999999953 0.00000000099999999953 0.00000000099999999953 
0.00000000099999999996 0.00000000099999999996 0.00000000099999999996 0.46823496838691819333 0.00000000099999999996 0.00000000099999999996 0.50420071294561907838 0.00000000099999999996 0.00000000099999999996 0.00000000099999999996 0.02756431066746287128 
0.00000000099999999997 0.00000000099999999997 0.39006765990285496848 0.00000000099999999997 0.60993231940742331787 0.00000000099999999997 0.00000000099999999997 0.00000001268972168955 0.00000000099999999997 0.00000000099999999997 0.00000000099999999997 
0.00000000099999999991 0.00000000099999999991 0.81687009567303547897 0.00000000099999999991 0.00000000099999999991 0.00000000099999999991 0.00000000099999999991 0.00000000099999999991 0.00000000099999999991 0.00000000099999999991 0.18312989532696469230 
0.00000000099999999976 0.25886828272646611460 0.00000000099999999976 0.00000000099999999976 0.00000000099999999976 0.74113170827353380687 0.00000000099999999976 0.00000000099999999976 0.00000000099999999976 0.00000000099999999976 0.00000000099999999976 
0.00000000099999999952 0.63579504170156175835 0.00000000099999999952 0.00000000099999999952 0.00000000099999999952 0.00000000099999999952 0.00000000099999999952 0.36420494929843849619 0.00000000099999999952 0.00000000099999999952 0.00000000099999999952 
0.00000000099999999997 0.00000000099999999997 0.37192840075863198290 0.15673777388976092850 0.23102398963975440127 0.00000000099999999997 0.00000006593457940941 0.00000000099999999997 0.24030976377727319981 0.00000000099999999997 0.00000000099999999997 
0.99999999000000028282 0.00000000099999999945 0.00000000099999999945 0.00000000099999999945 0.00000000099999999945 0.00000000099999999945 0.00000000099999999945 0.00000000099999999945 0.00000000099999999945 0.00000000099999999945 0.00000000099999999945 
0.99999999000000017180 0.00000000099999999933 0.00000000099999999933 0.00000000099999999933 0.00000000099999999933 0.00000000099999999933 0.00000000099999999933 0.00000000099999999933 0.00000000099999999933 0.00000000099999999933 0.00000000099999999933 
0.99999999000000017180 0.00000000099999999933 0.00000000099999999933 0.00000000099999999933 0.00000000099999999933 0.00000000099999999933 0.00000000099999999933 0.00000000099999999933 0.00000000099999999933 0.00000000099999999933 0.00000000099999999933 
0.00000000099999999955 0.00000000099999999955 0.00000000099999999955 0.00000000099999999955 0.00000000099999999955 0.00000000099999999955 0.00000000099999999955 0.99999998999999994975 0.00000000099999999955 0.00000000099999999955 0.00000000099999999955 
0.00000000099999999949 0.00000000099999999949 0.00000000099999999949 0.00000000099999999949 0.00000000099999999949 0.00000000099999999949 0.00000000099999999949 0.99999998999999994975 0.00000000099999999949 0.00000000099999999949 0.00000000099999999949 
0.00000000099999999987 0.00000000099999999987 0.00000000099999999987 0.00000000099999999987 0.00000000099999999987 0.00000000099999999987 0.99999999000000006077 0.00000000099999999987 0.00000000099999999987 0.00000000099999999987 0.00000000099999999987 
0.00000000099999999995 0.00000000099999999995 0.00000257103582294520 0.00000000254897601894 0.00000000099999999995 0.99999741841520117802 0.00000000099999999995 0.00000000099999999995 0.00000000099999999995 0.00000000099999999995 0.00000000099999999995 
0.00000000099999999952 0.00000000099999999952 0.00000000099999999952 0.00000000099999999952 0.00000000099999999952 0.00000000099999999952 0.00000000099999999952 0.99999998999999994975 0.00000000099999999952 0.00000000099999999952 0.00000000099999999952 
0.00000000099999999990 0.00000000099999999990 0.00000000099999999990 0.00000000099999999990 0.99999999000000006077 0.00000000099999999990 0.00000000099999999990 0.00000000099999999990 0.00000000099999999990 0.00000000099999999990 0.00000000099999999990 
0.00000000099999999992 0.00000000099999999992 0.00000000099999999992 0.00000000099999999992 0.00000000099999999992 0.99999999000000017180 0.00000000099999999992 0.00000000099999999992 0.00000000099999999992 0.00000000099999999992 0.00000000099999999992 
0.00000000099999999957 0.00000000099999999957 0.00000000099999999957 0.00000000099999999957 0.00000000099999999957 0.00000000099999999957 0.00000000099999999957 0.99999999000000006077 0.00000000099999999957 0.00000000099999999957 0.00000000099999999957 
0.00000000099999999990 0.00000000099999999990 0.99999999000000017180 0.00000000099999999990 0.00000000099999999990 0.00000000099999999990 0.00000000099999999990 0.00000000099999999990 0.00000000099999999990 0.00000000099999999990 0.00000000099999999990 
0.00000000099999999952 0.00000000099999999952 0.00000000099999999952 0.00000000099999999952 0.00000000099999999952 0.00000000099999999952 0.00000000099999999952 0.99999999000000006077 0.00000000099999999952 0.00000000099999999952 0.00000000099999999952 
0.00000000099999999993 0.00000000099999999993 0.00000000099999999993 0.00000000099999999993 0.00000000099999999993 0.99390098775296342737 0.00000000099999999993 0.00000000099999999993 0.00000000099999999993 0.00000000099999999993 0.00609900324703670661 
0.00000000099999999989 0.00000000099999999989 0.00000000099999999989 0.00000000099999999989 0.00000000099999999989 0.99999999000000017180 0.00000000099999999989 0.00000000099999999989 0.00000000099999999989 0.00000000099999999989 0.00000000099999999989 
0.00000000099999999945 0.00000000099999999945 0.00000000099999999945 0.00000000099999999945 0.00000000099999999945 0.00000000099999999945 0.00000000099999999945 0.99999998999999994975 0.00000000099999999945 0.00000000099999999945 0.00000000099999999945 
0.00000000099999999950 0.00000000099999999950 0.00000000099999999950 0.00000000099999999950 0.00000000099999999950 0.00000000099999999950 0.00000000099999999950 0.99999998999999994975 0.00000000099999999950 0.00000000099999999950 0.00000000099999999950 
0.00000000099999999994 0.00000000099999999994 0.00000000099999999994 0.00000000099999999994 0.00000000099999999994 0.99999999000000017180 0.00000000099999999994 0.00000000099999999994 0.00000000099999999994 0.00000000099999999994 0.00000000099999999994 
0.00000000099999999994 0.00000000099999999994 0.00000000099999999994 0.01783477588621183371 0.00000000099999999994 0.98216521511378829246 0.00000000099999999994 0.00000000099999999994 0.00000000099999999994 0.00000000099999999994 0.00000000099999999994 
0.00000000099999999995 0.00000000099999999995 0.00000000099999999995 0.00000000099999999995 0.00000000099999999995 0.99999999000000006077 0.00000000099999999995 0.00000000099999999995 0.00000000099999999995 0.00000000099999999995 0.00000000099999999995 
0.00000000099999999959 0.00000000099999999959 0.00000000099999999959 0.00000000099999999959 0.00000000099999999959 0.00000000099999999959 0.00000000099999999959 0.99999999000000006077 0.00000000099999999959 0.00000000099999999959 0.00000000099999999959 
0.00000000099999999999 0.02514645129209130275 0.17405569427582712194 0.14689104944627329186 0.09127707005765509085 0.03336496816776880064 0.19705433045350978505 0.01089527071861578350 0.18064707452731190718 0.14066808906094699361 0.00000000099999999999 
0.00000000099999999978 0.00000000099999999978 0.00000000099999999978 0.99999999000000017180 0.00000000099999999978 0.00000000099999999978 0.00000000099999999978 0.00000000099999999978 0.00000000099999999978 0.00000000099999999978 0.00000000099999999978 
0.00000000099999999994 0.00000000099999999994 0.00000000099999999994 0.00000000099999999994 0.60971310832835845517 0.00000000099999999994 0.39028688267164168835 0.00000000099999999994 0.00000000099999999994 0.00000000099999999994 0.00000000099999999994 
0.00000000099999999996 0.00000000099999999996 0.00000000099999999996 0.29246125452398669120 0.33554088178619240201 0.00000000099999999996 0.35091868097832457085 0.00000000099999999996 0.00000000099999999996 0.00000000099999999996 0.02107917571149649921 
0.00000000099999999991 0.00000000099999999991 0.00000000099999999991 0.00000000099999999991 0.00000000099999999991 0.99999999000000017180 0.00000000099999999991 0.00000000099999999991 0.00000000099999999991 0.00000000099999999991 0.00000000099999999991 
0.00000000099999999994 0.00000000099999999994 0.00000000099999999994 0.00000000099999999994 0.00000000099999999994 0.00000000099999999994 0.00000000099999999994 0.00000000099999999994 0.41099933582795378229 0.58900065517204625021 0.00000000099999999994 
0.99999999000000028282 0.00000000099999999943 0.00000000099999999943 0.00000000099999999943 0.00000000099999999943 0.00000000099999999943 0.00000000099999999943 0.00000000099999999943 0.00000000099999999943 0.00000000099999999943 0.00000000099999999943 
0.00000000099999999984 0.00000000099999999984 0.00000000099999999984 0.00000000099999999984 0.00000000099999999984 0.00000000099999999984 0.00000000099999999984 0.00000000099999999984 0.99999999000000006077 0.00000000099999999984 0.00000000099999999984 
0.99999999000000028282 0.00000000099999999944 0.00000000099999999944 0.00000000099999999944 0.00000000099999999944 0.00000000099999999944 0.00000000099999999944 0.00000000099999999944 0.00000000099999999944 0.00000000099999999944 0.00000000099999999944 
0.00000000099999999998 0.05897884549245471092 0.21985597189781733163 0.07959309599527991663 0.19712345302555941973 0.00620262582606352208 0.17783086821587598680 0.00000000099999999998 0.03857355050937450597 0.20195452565909455256 0.01988706137848009897 
0.99999999000000028282 0.00000000099999999945 0.00000000099999999945 0.00000000099999999945 0.00000000099999999945 0.00000000099999999945 0.00000000099999999945 0.00000000099999999945 0.00000000099999999945 0.00000000099999999945 0.00000000099999999945 
0.00000000099999999990 0.00000000099999999990 0.00000000099999999990 0.00000000099999999990 0.00000000099999999990 0.00000000099999999990 0.00000000099999999990 0.00000000099999999990 0.81179777448265466600 0.00000000099999999990 0.18820221651734544976 
0.00000000099999999998 0.02329843549955474061 0.33536556250250471045 0.00000000099999999998 0.00000000099999999998 0.00000000099999999998 0.00000000099999999998 0.00000000099999999998 0.18980877423144243421 0.45152722076649792760 0.00000000099999999998 
0.00000000099999999990 0.00000000099999999990 0.00000000099999999990 0.00000000099999999990 0.00000000099999999990 0.99999999000000006077 0.00000000099999999990 0.00000000099999999990 0.00000000099999999990 0.00000000099999999990 0.00000000099999999990 
0.00000000099999999995 0.00000000099999999995 0.57999247680500476410 0.00000000099999999995 0.42000751419499549044 0.00000000099999999995 0.00000000099999999995 0.00000000099999999995 0.00000000099999999995 0.00000000099999999995 0.00000000099999999995 
0.99999999000000017180 0.00000000099999999946 0.00000000099999999946 0.00000000099999999946 0.00000000099999999946 0.00000000099999999946 0.00000000099999999946 0.00000000099999999946 0.00000000099999999946 0.00000000099999999946 0.00000000099999999946 
0.99999999000000028282 0.00000000099999999950 0.00000000099999999950 0.00000000099999999950 0.00000000099999999950 0.00000000099999999950 0.00000000099999999950 0.00000000099999999950 0.00000000099999999950 0.00000000099999999950 0.00000000099999999950 
0.00000000099999999997 0.00000000099999999997 0.00000000099999999997 0.00000000099999999997 0.34548836836119239946 0.06893686071710164454 0.24545135874449763858 0.00463933125902339216 0.00000000099999999997 0.33548407491818482695 0.00000000099999999997 
0.00000000099999999991 0.00000000099999999991 0.00000000099999999991 0.00000000099999999991 0.00000000099999999991 0.99999999000000017180 0.00000000099999999991 0.00000000099999999991 0.00000000099999999991 0.00000000099999999991 0.00000000099999999991 
0.00000000099999999961 0.00000000099999999961 0.00000000099999999961 0.00000000099999999961 0.00000000099999999961 0.00000000099999999961 0.00000000099999999961 0.99999998999999994975 0.00000000099999999961 0.00000000099999999961 0.00000000099999999961 
0.00000000099999999993 0.00000000099999999993 0.00000000099999999993 0.00000000099999999993 0.00000000099999999993 0.99999999000000017180 0.00000000099999999993 0.00000000099999999993 0.00000000099999999993 0.00000000099999999993 0.00000000099999999993 
0.00000000099999999996 0.00000000099999999996 0.00000000099999999996 0.00000000099999999996 0.31549869981681072373 0.00000000099999999996 0.59817592839299171814 0.00000000099999999996 0.00000000099999999996 0.00000000099999999996 0.08632536379019752071 
0.99999999000000017180 0.00000000099999999939 0.00000000099999999939 0.00000000099999999939 0.00000000099999999939 0.00000000099999999939 0.00000000099999999939 0.00000000099999999939 0.00000000099999999939 0.00000000099999999939 0.00000000099999999939 
0.00000000099999999941 0.00000000099999999941 0.00000000099999999941 0.00000000099999999941 0.00000000099999999941 0.00000000099999999941 0.00000000099999999941 0.99999998999999994975 0.00000000099999999941 0.00000000099999999941 0.00000000099999999941 
0.99999999000000017180 0.00000000099999999951 0.00000000099999999951 0.00000000099999999951 0.00000000099999999951 0.00000000099999999951 0.00000000099999999951 0.00000000099999999951 0.00000000099999999951 0.00000000099999999951 0.00000000099999999951 
0.00000000099999999977 0.00000000099999999977 0.00000000099999999977 0.99999999000000006077 0.00000000099999999977 0.00000000099999999977 0.00000000099999999977 0.00000000099999999977 0.00000000099999999977 0.00000000099999999977 0.00000000099999999977 
0.00000000099999999987 0.00000000099999999987 0.00000000099999999987 0.00000000099999999987 0.00000000099999999987 0.99999999000000006077 0.00000000099999999987 0.00000000099999999987 0.00000000099999999987 0.00000000099999999987 0.00000000099999999987 
0.00000000099999999992 0.00000000099999999992 0.00000000099999999992 0.00000000099999999992 0.00000000099999999992 0.99999771668661030510 0.00000000099999999992 0.00000000099999999992 0.00000000099999999992 0.00000000099999999992 0.00000227431338990478 
0.00000000099999999997 0.02382270622840530414 0.33770915732803308273 0.00000000099999999997 0.31712640902601191284 0.21557724212325152235 0.09666422059766685559 0.00000000099999999997 0.00000000099999999997 0.00000000099999999997 0.00910025969663140477 
0.00000000099999999999 0.00242276128270086776 0.35107582971277639938 0.24799691606631546481 0.00000104519550231436 0.00000000099999999999 0.17657536487782846124 0.02209404750348720886 0.04638988135420319542 0.15344415100718591938 0.00000000099999999999 
0.00000000099999999996 0.00000000099999999996 0.00000000099999999996 0.26669950566693062521 0.29743996948390094559 0.00000000099999999996 0.00000000099999999996 0.00000000099999999996 0.00000000099999999996 0.42364327023303283148 0.01221724761613570548 
0.00000000099999999998 0.00000000099999999998 0.23689514585066720476 0.16429468076263201159 0.24481649680936901081 0.00650857862575253496 0.15222666323191130777 0.00000000099999999998 0.10533171722993482644 0.07618365084344178029 0.01374306364629128072 
0.00000000099999999998 0.02986967806054528080 0.19059863519078798499 0.00000000099999999998 0.15652961396124923099 0.00000000099999999998 0.40267136055479391121 0.00000000099999999998 0.00000000099999999998 0.22033070623262371313 0.00000000099999999998 
0.00000000099999999997 0.00000000099999999997 0.31371580873037990811 0.22549119533922584724 0.17121208966863848966 0.00000000099999999997 0.00000000099999999997 0.00000000099999999997 0.28958089926175595297 0.00000000099999999997 0.00000000099999999997 
0.00000000099999999996 0.01274215680222536874 0.34406702879527611971 0.00480021008894032479 0.00000000099999999996 0.00000000099999999996 0.07863790159008655911 0.00000000099999999996 0.27543130491200379373 0.28432139281146767695 0.00000000099999999996 
0.00000000099999999979 0.00000000099999999979 0.00000000099999999979 0.99999999000000017180 0.00000000099999999979 0.00000000099999999979 0.00000000099999999979 0.00000000099999999979 0.00000000099999999979 0.00000000099999999979 0.00000000099999999979 
0.00000000099999999997 0.00000000099999999997 0.26675319610260950220 0.00000000099999999997 0.27373539187322715183 0.02194819609218014861 0.28608238624728588029 0.00000000099999999997 0.00000000099999999997 0.15148082368469728554 0.00000000099999999997 
0.00000000099999999993 0.00000000099999999993 0.00000000099999999993 0.00000000099999999993 0.00000000099999999993 0.99999999000000006077 0.00000000099999999993 0.00000000099999999993 0.00000000099999999993 0.00000000099999999993 0.00000000099999999993 
0.00000000099999999996 0.00000000099999999996 0.00000000099999999996 0.00000000099999999996 0.00000000099999999996 0.96522594915247861280 0.03477404184752152377 0.00000000099999999996 0.00000000099999999996 0.00000000099999999996 0.00000000099999999996 
0.99999999000000028282 0.00000000099999999966 0.00000000099999999966 0.00000000099999999966 0.00000000099999999966 0.00000000099999999966 0.00000000099999999966 0.00000000099999999966 0.00000000099999999966 0.00000000099999999966 0.00000000099999999966 
0.00000000099999999995 0.00000000099999999995 0.00000000099999999995 0.00000000099999999995 0.00000000099999999995 0.98392815442181968955 0.01607183657818045397 0.00000000099999999995 0.00000000099999999995 0.00000000099999999995 0.00000000099999999995 
0.00000000099999999996 0.00000000099999999996 0.00000000099999999996 0.00000000099999999996 0.00000000099999999996 0.96853081723155232119 0.00000000099999999996 0.00000000099999999996 0.00000000099999999996 0.03146917376844771824 0.00000000099999999996 
0.00000000099999999999 0.00000000099999999999 0.43149732729357559435 0.07123625628318693004 0.00000002392115563866 0.01606056666271888159 0.21580634069709234146 0.00030647327789309610 0.10216551828596855123 0.15924657991574908689 0.00368091166266011193 
0.99999999000000028282 0.00000000099999999932 0.00000000099999999932 0.00000000099999999932 0.00000000099999999932 0.00000000099999999932 0.00000000099999999932 0.00000000099999999932 0.00000000099999999932 0.00000000099999999932 0.00000000099999999932 
0.00000000099999999996 0.00000000099999999996 0.00000000099999999996 0.00000000099999999996 0.44323030075697644747 0.00000000099999999996 0.55676969024302369604 0.00000000099999999996 0.00000000099999999996 0.00000000099999999996 0.00000000099999999996 
0.00000000099999999998 0.00000000099999999998 0.26671375827444293583 0.00000000099999999998 0.00000000099999999998 0.00000000099999999998 0.44651364173479957120 0.00000000099999999998 0.22381752887926198436 0.05010843590958809213 0.01284662920190740749 
0.00000000099999999998 0.02163699659286089788 0.51720648177704886539 0.00000000099999999998 0.00000000099999999998 0.00000000099999999998 0.00000000099999999998 0.00000000099999999998 0.24302718006010615159 0.21812933456998401249 0.00000000099999999998 
0.00000000099999999999 0.02076055396197174635 0.22856043797661929062 0.16651701928028922461 0.00000000099999999999 0.00000092467345845401 0.21210071365188493120 0.00000000099999999999 0.02075911850651816770 0.34722724517396524879 0.00407398377529305349 
0.00000000099999999984 0.00000000099999999984 0.00000000099999999984 0.00000000099999999984 0.00000000099999999984 0.00000000099999999984 0.99999999000000006077 0.00000000099999999984 0.00000000099999999984 0.00000000099999999984 0.00000000099999999984 
0.00000000099999999995 0.00000000099999999995 0.55103432334004665005 0.44896566765995354897 0.00000000099999999995 0.00000000099999999995 0.00000000099999999995 0.00000000099999999995 0.00000000099999999995 0.00000000099999999995 0.00000000099999999995 
0.00000000099999999999 0.00347711486865961723 0.23064876571347725509 0.10693559898094759375 0.22861815713466845934 0.00000000099999999999 0.12088745426601629762 0.00095197203751165430 0.30848093299871909290 0.00000000099999999999 0.00000000099999999999 
0.00000000099999999991 0.00000000099999999991 0.00000000099999999991 0.00000000099999999991 0.99999999000000006077 0.00000000099999999991 0.00000000099999999991 0.00000000099999999991 0.00000000099999999991 0.00000000099999999991 0.00000000099999999991 
0.00000000099999999999 0.00000000099999999999 0.22349049781454274899 0.00000000099999999999 0.24285606082387684035 0.00879984992131996845 0.20125348522716376976 0.03045084518931132425 0.29314925209683856400 0.00000000492694681212 0.00000000099999999999 
0.00000000099999999986 0.00000000099999999986 0.00000000099999999986 0.00000000099999999986 0.00000000099999999986 0.00000000099999999986 0.99999998999999994975 0.00000000099999999986 0.00000000099999999986 0.00000000099999999986 0.00000000099999999986 
0.00000000099999999988 0.00000000099999999988 0.99999999000000006077 0.00000000099999999988 0.00000000099999999988 0.00000000099999999988 0.00000000099999999988 0.00000000099999999988 0.00000000099999999988 0.00000000099999999988 0.00000000099999999988 
0.00000000099999999985 0.00000000099999999985 0.00000000099999999985 0.00000000099999999985 0.00000000099999999985 0.00000000099999999985 0.00000000099999999985 0.00000000099999999985 0.00000000099999999985 0.99999998999999994975 0.00000000099999999985 
0.00000000099999999998 0.00000000099999999998 0.35414659806240694762 0.00001106842935601719 0.21970090576284165285 0.00000000099999999998 0.21451178755323652148 0.00636484907981842932 0.20369651899941318418 0.00000000099999999998 0.00156826811292742441 
0.00000000099999999984 0.00000000099999999984 0.00000000099999999984 0.00000000099999999984 0.00000000099999999984 0.00000000099999999984 0.00000000099999999984 0.00000000099999999984 0.00000000099999999984 0.99999999000000006077 0.00000000099999999984 
0.00000000099999999998 0.01328850577699133666 0.26553178320348352903 0.11018313283465992758 0.00000000099999999998 0.00000000099999999998 0.10175460889802089015 0.00000000099999999998 0.32476911787280871025 0.18447284641403546845 0.00000000099999999998 
0.00000000099999999998 0.05503585940872290916 0.10985282701717677400 0.11768808916186711266 0.17685170438845143615 0.01307701052581039351 0.22487080269210815708 0.00000000099999999998 0.22162562092423568338 0.08099808288162760328 0.00000000099999999998 
0.00000000099999999991 0.00000000099999999991 0.99999999000000006077 0.00000000099999999991 0.00000000099999999991 0.00000000099999999991 0.00000000099999999991 0.00000000099999999991 0.00000000099999999991 0.00000000099999999991 0.00000000099999999991 
0.00000000099999999999 0.02475176726034488892 0.18820492488573298262 0.14010948665043801431 0.30540549172780440124 0.02708509487116302072 0.10487624838804239513 0.00000000099999999999 0.17419123734699673567 0.03537574586947756644 0.00000000099999999999 
0.00000000099999999997 0.00000000099999999997 0.00000000099999999997 0.00000000099999999997 0.48894607268986645110 0.00000000099999999997 0.25744239264306389980 0.00000000099999999997 0.00000000099999999997 0.25361152666706954228 0.00000000099999999997 
0.00000000099999999990 0.00000000099999999990 0.99999999000000006077 0.00000000099999999990 0.00000000099999999990 0.00000000099999999990 0.00000000099999999990 0.00000000099999999990 0.00000000099999999990 0.00000000099999999990 0.00000000099999999990 
0.06815575195773977690 0.05799675927096702849 0.00013336026542305125 0.23924072548570807228 0.19386702244535186646 0.00001389994895562762 0.00645638313353383893 0.00000000100000000000 0.33899239368383232707 0.09514370180848814862 0.00000000100000000000 
0.00000000099999999997 0.00000048574556770576 0.48837519759492881155 0.00000011236266141591 0.49826972135606989456 0.00000000099999999997 0.00000000099999999997 0.00000000099999999997 0.00000000580616539830 0.00000059966942176828 0.01335387346518494660 
0.00000000099999999990 0.00000000099999999990 0.00000000099999999990 0.00000000099999999990 0.99999999000000017180 0.00000000099999999990 0.00000000099999999990 0.00000000099999999990 0.00000000099999999990 0.00000000099999999990 0.00000000099999999990 
0.00000000099999999995 0.01779687756565982021 0.00000000099999999995 0.00000000099999999995 0.54138686090330678802 0.00000000099999999995 0.00000000099999999995 0.00000000099999999995 0.00000000099999999995 0.41678034504165739627 0.02403590948937622818 
0.00000000099999999995 0.00000000099999999995 0.00000000099999999995 0.52992478256261277281 0.47007520843738720417 0.00000000099999999995 0.00000000099999999995 0.00000000099999999995 0.00000000099999999995 0.00000000099999999995 0.00000000099999999995 
0.00000000099999999997 0.02854590566643332161 0.10066567667352091520 0.25630086826230363828 0.08199599852139649592 0.00000000099999999997 0.11613328050166284167 0.00000000099999999997 0.24013705794307477204 0.17622120843160787862 0.00000000099999999997 
0.00000000099999999992 0.00000000099999999992 0.00000000099999999992 0.00000000099999999992 0.99999999000000017180 0.00000000099999999992 0.00000000099999999992 0.00000000099999999992 0.00000000099999999992 0.00000000099999999992 0.00000000099999999992 
0.00000000099999999998 0.00034035650011535965 0.00042317161578296175 0.00000000099999999998 0.29958302002380821083 0.00000000099999999998 0.52030364978205378979 0.00000000099999999998 0.00000000099999999998 0.15262882481453582395 0.02672097226370392584 
0.00000000099999999988 0.00000000099999999988 0.00000000099999999988 0.00000000099999999988 0.00000000099999999988 0.00000000099999999988 0.00000000099999999988 0.00000000099999999988 0.99999998999999994975 0.00000000099999999988 0.00000000099999999988 
0.00000000099999999993 0.00000000099999999993 0.60710582471396290494 0.00000000099999999993 0.00000000099999999993 0.00000000099999999993 0.00000000099999999993 0.00000000099999999993 0.00000000099999999993 0.39289416628603712756 0.00000000099999999993 
0.00000000099999999992 0.00000000099999999992 0.00000000099999999992 0.00000000099999999992 0.00000000099999999992 0.99999999000000017180 0.00000000099999999992 0.00000000099999999992 0.00000000099999999992 0.00000000099999999992 0.00000000099999999992 
0.00000000099999999997 0.00000000099999999997 0.00000000099999999997 0.00000000099999999997 0.00000000099999999997 0.98212574409015118704 0.00000000099999999997 0.00000000099999999997 0.00000000099999999997 0.00000000099999999997 0.01787424690984904321 
0.99999999000000028282 0.00000000099999999955 0.00000000099999999955 0.00000000099999999955 0.00000000099999999955 0.00000000099999999955 0.00000000099999999955 0.00000000099999999955 0.00000000099999999955 0.00000000099999999955 0.00000000099999999955 
0.00000000099999999944 0.00000000099999999944 0.00000000099999999944 0.00000000099999999944 0.00000000099999999944 0.00000000099999999944 0.00000000099999999944 0.99999999000000006077 0.00000000099999999944 0.00000000099999999944 0.00000000099999999944 
0.00000000099999999997 0.01932221531858825322 0.00000000099999999997 0.00000000099999999997 0.00000000099999999997 0.87064961781514138561 0.00000000099999999997 0.00000000099999999997 0.00000000099999999997 0.00000000099999999997 0.11002815886627058395 
0.00000000099999999995 0.00000000099999999995 0.47671378806245107151 0.00000000106617774302 0.00000000099999999995 0.00000000099999999995 0.00000000099999999995 0.00000000099999999995 0.52328620287137106448 0.00000000099999999995 0.00000000099999999995 
0.00000000099999999995 0.00000000099999999995 0.00000000099999999995 0.00000000099999999995 0.00000000099999999995 0.00000000099999999995 0.36872656394885749975 0.00000000099999999995 0.63127342705114253274 0.00000000099999999995 0.00000000099999999995 
0.00000000099999999991 0.00000000099999999991 0.00000000099999999991 0.00000000099999999991 0.00000000099999999991 0.92408639704544159876 0.00000000099999999991 0.00000000099999999991 0.00000000099999999991 0.00000000099999999991 0.07591359395455860026 
0.00000000099999999995 0.00000000099999999995 0.00000000099999999995 0.47745050300896713091 0.00000000099999999995 0.00000000099999999995 0.00000000099999999995 0.00000000099999999995 0.52254948799103262402 0.00000000099999999995 0.00000000099999999995 
0.00000000099999999998 0.00000000099999999998 0.17000863376322533638 0.03595227686969996311 0.21971300860225193019 0.00000000099999999998 0.21446729607322514988 0.00852272137421984308 0.14177349886938786505 0.20412489603596636889 0.00543766541202341230 
0.00000000099999999988 0.00000000099999999988 0.00000000099999999988 0.00000000099999999988 0.99999999000000006077 0.00000000099999999988 0.00000000099999999988 0.00000000099999999988 0.00000000099999999988 0.00000000099999999988 0.00000000099999999988 
0.99999999000000017180 0.00000000099999999941 0.00000000099999999941 0.00000000099999999941 0.00000000099999999941 0.00000000099999999941 0.00000000099999999941 0.00000000099999999941 0.00000000099999999941 0.00000000099999999941 0.00000000099999999941 
0.99999999000000028282 0.00000000099999999944 0.00000000099999999944 0.00000000099999999944 0.00000000099999999944 0.00000000099999999944 0.00000000099999999944 0.00000000099999999944 0.00000000099999999944 0.00000000099999999944 0.00000000099999999944 
0.99999999000000028282 0.00000000099999999932 0.00000000099999999932 0.00000000099999999932 0.00000000099999999932 0.00000000099999999932 0.00000000099999999932 0.00000000099999999932 0.00000000099999999932 0.00000000099999999932 0.00000000099999999932 
0.99999999000000028282 0.00000000099999999935 0.00000000099999999935 0.00000000099999999935 0.00000000099999999935 0.00000000099999999935 0.00000000099999999935 0.00000000099999999935 0.00000000099999999935 0.00000000099999999935 0.00000000099999999935 
0.99999999000000028282 0.00000000099999999937 0.00000000099999999937 0.00000000099999999937 0.00000000099999999937 0.00000000099999999937 0.00000000099999999937 0.00000000099999999937 0.00000000099999999937 0.00000000099999999937 0.00000000099999999937 
0.00000000099999999995 0.00000000099999999995 0.00000000099999999995 0.00000000099999999995 0.00000000099999999995 0.97290244627127486776 0.00000000099999999995 0.00000000099999999995 0.00000000099999999995 0.00000000099999999995 0.02709754472872532433 
0.00000000099999999998 0.00000000099999999998 0.00000000099999999998 0.00222940527580153943 0.63909604605548564482 0.00000000099999999998 0.35867454066871301555 0.00000000099999999998 0.00000000099999999998 0.00000000099999999998 0.00000000099999999998 
0.99999999000000017180 0.00000000099999999936 0.00000000099999999936 0.00000000099999999936 0.00000000099999999936 0.00000000099999999936 0.00000000099999999936 0.00000000099999999936 0.00000000099999999936 0.00000000099999999936 0.00000000099999999936 
0.99999999000000017180 0.00000000099999999946 0.00000000099999999946 0.00000000099999999946 0.00000000099999999946 0.00000000099999999946 0.00000000099999999946 0.00000000099999999946 0.00000000099999999946 0.00000000099999999946 0.00000000099999999946 
0.00000000099999999941 0.00000000099999999941 0.00000000099999999941 0.00000000099999999941 0.00000000099999999941 0.00000000099999999941 0.00000000099999999941 0.99999998999999994975 0.00000000099999999941 0.00000000099999999941 0.00000000099999999941 
0.00000000099999999942 0.00000000099999999942 0.00000000099999999942 0.00000000099999999942 0.00000000099999999942 0.00000000099999999942 0.00000000099999999942 0.99999998999999994975 0.00000000099999999942 0.00000000099999999942 0.00000000099999999942 
0.00000000099999999994 0.00000000099999999994 0.00000000099999999994 0.00000000099999999994 0.64252789287372591431 0.00000000099999999994 0.35747209812627422920 0.00000000099999999994 0.00000000099999999994 0.00000000099999999994 0.00000000099999999994 
0.99999999000000028282 0.00000000099999999940 0.00000000099999999940 0.00000000099999999940 0.00000000099999999940 0.00000000099999999940 0.00000000099999999940 0.00000000099999999940 0.00000000099999999940 0.00000000099999999940 0.00000000099999999940 
0.00000000099999999983 0.00000000099999999983 0.00000000099999999983 0.00000000099999999983 0.00000000099999999983 0.00000000099999999983 0.99999999000000006077 0.00000000099999999983 0.00000000099999999983 0.00000000099999999983 0.00000000099999999983 
0.00000000099999999995 0.00000000099999999995 0.42974203776299013668 0.00000000099999999995 0.00000000099999999995 0.00000000099999999995 0.00000000099999999995 0.00000000099999999995 0.57025795323700978479 0.00000000099999999995 0.00000000099999999995 
0.00000000099999999996 0.00532005555121454771 0.00000000099999999996 0.00000000099999999996 0.05769608670990748756 0.93585561661760119367 0.00000000099999999996 0.00000000099999999996 0.00000000099999999996 0.00112823412127680748 0.00000000099999999996 
0.00000000099999999997 0.00000000099999999997 0.00000000099999999997 0.20534531839010089493 0.11328835049018476377 0.00000000099999999997 0.19489785531969933130 0.00000000099999999997 0.29479949700064317364 0.18192997348125786172 0.00973900031811386450 
