0.02908194962492101354 0.21136287605946971202 0.26032503298910930623 0.00000000099999999999 0.48402781953102325119 0.01520231779547679025 0.00000000099999999999 0.00000000099999999999 0.00000000099999999999 
0.00000000099999999984 0.00000000099999999984 0.00000000099999999984 0.99999999200000000421 0.00000000099999999984 0.00000000099999999984 0.00000000099999999984 0.00000000099999999984 0.00000000099999999984 
0.00000000099999999987 0.00000000099999999987 0.00000000099999999987 0.00000000099999999987 0.00000000099999999987 0.99999999200000000421 0.00000000099999999987 0.00000000099999999987 0.00000000099999999987 
0.00000608020006104216 0.31318450902309502570 0.11799144325486012053 0.00574504479957911422 0.52361680560958023811 0.03945611411282457653 0.00000000099999999998 0.00000000099999999998 0.00000000099999999998 
0.00947404022990034310 0.36530231655985750949 0.00013814228921475979 0.00000000099999999998 0.62508549592102735648 0.00000000099999999998 0.00000000099999999998 0.00000000099999999998 0.00000000099999999998 
0.00000000099999999994 0.00000000099999999994 0.99999999200000000421 0.00000000099999999994 0.00000000099999999994 0.00000000099999999994 0.00000000099999999994 0.00000000099999999994 0.00000000099999999994 
0.00000000099999999988 0.00000000099999999988 0.00000000099999999988 0.00000000099999999988 0.00000000099999999988 0.99999999200000011523 0.00000000099999999988 0.00000000099999999988 0.00000000099999999988 
0.00000000099999999983 0.00000000099999999983 0.00000000099999999983 0.99999999200000011523 0.00000000099999999983 0.00000000099999999983 0.00000000099999999983 0.00000000099999999983 0.00000000099999999983 
0.01338847269643653713 0.22336372965230835708 0.30156331918382700552 0.00875157971525512141 0.45076619387747518530 0.00000000099999999998 0.00000000099999999998 0.00000000099999999998 0.00216670187469791787 
0.00000000099999999985 0.00000000099999999985 0.00000000099999999985 0.99999999200000000421 0.00000000099999999985 0.00000000099999999985 0.00000000099999999985 0.00000000099999999985 0.00000000099999999985 
0.00000000099999999989 0.99999999200000022626 0.00000000099999999989 0.00000000099999999989 0.00000000099999999989 0.00000000099999999989 0.00000000099999999989 0.00000000099999999989 0.00000000099999999989 
0.00889043519691840207 0.24377508747262449651 0.31382604885210374501 0.00000000099999999997 0.40932127119163946860 0.02418715328671396103 0.00000000099999999997 0.00000000099999999997 0.00000000099999999997 
0.00000000099999999997 0.57376924626814196362 0.42623074673185828987 0.00000000099999999997 0.00000000099999999997 0.00000000099999999997 0.00000000099999999997 0.00000000099999999997 0.00000000099999999997 
0.01682402362151139141 0.28357360937159525882 0.22448384289818815174 0.00000600165066983747 0.46825242403047845352 0.00686009542755697255 0.00000000099999999999 0.00000000099999999999 0.00000000099999999999 
0.00000000099999999999 0.38613941116383332375 0.00000000099999999999 0.00000000415263109179 0.59366132358122403190 0.00000000099999999999 0.00000000099999999999 0.00232272021636853671 0.01787653688594287651 
0.03336003047935635901 0.20147283608949628775 0.23328488720017886981 0.00003293779591565560 0.47563556725909239553 0.05621373817596038436 0.00000000099999999998 0.00000000099999999998 0.00000000099999999998 
0.00000000099999999997 0.35843694445028284612 0.00000000099999999997 0.00486814267657804337 0.63669490687313912147 0.00000000099999999997 0.00000000099999999997 0.00000000099999999997 0.00000000099999999997 
0.00000000191207312395 0.23149569536166234029 0.26954530334416393345 0.00000000099999999999 0.48994284312688285432 0.00000000099999999999 0.00712954448150585150 0.00000000099999999999 0.00188660877371207023 
0.00000000099999999999 0.15043033218646281735 0.33210100887234983436 0.00816535985703631742 0.49485309860586018660 0.00000000099999999999 0.00614586635429539754 0.00000000099999999999 0.00830433112399553766 
0.00000000099999999992 0.00000000099999999992 0.00000000099999999992 0.00000000099999999992 0.99999999200000011523 0.00000000099999999992 0.00000000099999999992 0.00000000099999999992 0.00000000099999999992 
0.00000000099999999998 0.26157036941489664184 0.18669133335254159411 0.00425132138503048554 0.54748697084753139563 0.00000000099999999998 0.00000000099999999998 0.00000000099999999998 0.00000000099999999998 
0.00000000099999999988 0.00000000099999999988 0.00000000099999999988 0.00000000099999999988 0.00000000099999999988 0.99999999200000011523 0.00000000099999999988 0.00000000099999999988 0.00000000099999999988 
0.00000000099999999997 0.37432949768682177716 0.16064832803213430212 0.00000092067438088293 0.43942323201324756665 0.02559801759341543900 0.00000000099999999997 0.00000000099999999997 0.00000000099999999997 
0.00000000099999999982 0.99999999200000022626 0.00000000099999999982 0.00000000099999999982 0.00000000099999999982 0.00000000099999999982 0.00000000099999999982 0.00000000099999999982 0.00000000099999999982 
0.00000000099999999996 0.45367333143492244441 0.53293469185495478957 0.00000000099999999996 0.00000000280373390353 0.01339196890638891073 0.00000000099999999996 0.00000000099999999996 0.00000000099999999996 
0.00083948299755162909 0.29209634431412018207 0.37625678058077727250 0.00000000099999999998 0.32935579985515578416 0.00000000099999999998 0.00000000099999999998 0.00000000099999999998 0.00145158825239516615 
0.00000000099999999964 0.00000000099999999964 0.00000000099999999964 0.00000000099999999964 0.00000000099999999964 0.00000000099999999964 0.00000000099999999964 0.00000000099999999964 0.99999999199999989319 
0.99999999200000022626 0.00000000099999999946 0.00000000099999999946 0.00000000099999999946 0.00000000099999999946 0.00000000099999999946 0.00000000099999999946 0.00000000099999999946 0.00000000099999999946 
0.00416379510280215966 0.41155673089526356723 0.58427946800193431010 0.00000000099999999997 0.00000000099999999997 0.00000000099999999997 0.00000000099999999997 0.00000000099999999997 0.00000000099999999997 
0.01434526154110947124 0.33367550803199363951 0.28293687971214254162 0.00000000099999999997 0.36904234571475436066 0.00000000099999999997 0.00000000099999999997 0.00000000099999999997 0.00000000099999999997 
0.00000000099999999997 0.36214771805648454661 0.31749966085395225912 0.00000000099999999997 0.29659058858112219426 0.02376202750844111020 0.00000000099999999997 0.00000000099999999997 0.00000000099999999997 
0.00000000099999999988 0.00000000099999999988 0.00000000099999999988 0.00000000099999999988 0.00000000099999999988 0.99999999200000011523 0.00000000099999999988 0.00000000099999999988 0.00000000099999999988 
0.37142131305287529042 0.43897917895710530933 0.00000000099999999984 0.00000000099999999984 0.00000000099999999984 0.18959950199001945892 0.00000000099999999984 0.00000000099999999984 0.00000000099999999984 
0.00000000099999999997 0.23088383110567051171 0.31016561099399686530 0.00361608142638556503 0.45533447147394712218 0.00000000099999999997 0.00000000099999999997 0.00000000099999999997 0.00000000099999999997 
0.00000000099999999954 0.00000000099999999954 0.00000000099999999954 0.00000000099999999954 0.00000000099999999954 0.00000000099999999954 0.99999999200000000421 0.00000000099999999954 0.00000000099999999954 
0.00000000099999999949 0.00000000099999999949 0.00000000099999999949 0.00000000099999999949 0.00000000099999999949 0.00000000099999999949 0.00000000099999999949 0.99999999200000000421 0.00000000099999999949 
0.00000000099999999957 0.00000000099999999957 0.00000000099999999957 0.00000000099999999957 0.00000000099999999957 0.00000000099999999957 0.33705412557495179060 0.66294586742504824084 0.00000000099999999957 
0.00000000099999999966 0.00000000099999999966 0.00000000099999999966 0.00000000099999999966 0.00000000099999999966 0.00000000099999999966 0.00000000099999999966 0.00000000099999999966 0.99999999200000000421 
0.00000000099999999962 0.00000000099999999962 0.00000000099999999962 0.00000000099999999962 0.00000000099999999962 0.00000000099999999962 0.00000000099999999962 0.00000000099999999962 0.99999999199999989319 
0.00000000099999999997 0.35340885319513792862 0.36325543551041911128 0.00000000099999999997 0.28333570529444307429 0.00000000099999999997 0.00000000099999999997 0.00000000099999999997 0.00000000099999999997 
0.00000000099999999994 0.00000000099999999994 0.00000000099999999994 0.62018689190404141520 0.00000000099999999994 0.37981310109595861624 0.00000000099999999994 0.00000000099999999994 0.00000000099999999994 
0.99999999200000011523 0.00000000099999999950 0.00000000099999999950 0.00000000099999999950 0.00000000099999999950 0.00000000099999999950 0.00000000099999999950 0.00000000099999999950 0.00000000099999999950 
0.00000000099999999998 0.28929283516988135716 0.21345600253298727123 0.00000000099999999998 0.46155463807038238366 0.02543756449038390294 0.00000000099999999998 0.00000000099999999998 0.01025895573636517212 
0.00000000099999999983 0.00000000099999999983 0.00000000099999999983 0.99999999200000000421 0.00000000099999999983 0.00000000099999999983 0.00000000099999999983 0.00000000099999999983 0.00000000099999999983 
0.00000000099999999967 0.00000000099999999967 0.00000000099999999967 0.00000000099999999967 0.00000000099999999967 0.00000000099999999967 0.00000000099999999967 0.00000000099999999967 0.99999999200000000421 
0.00582962624974144548 0.22513765236554161842 0.38233336223663666464 0.00000000099999999998 0.37294688227837019534 0.01375247286971013547 0.00000000099999999998 0.00000000099999999998 0.00000000099999999998 
0.00000000099999999964 0.00000000099999999964 0.00000000099999999964 0.00000000099999999964 0.00000000099999999964 0.00000000099999999964 0.00000000099999999964 0.00000000099999999964 0.99999999199999989319 
0.00000000099999999986 0.00000000099999999986 0.00000000099999999986 0.00000000099999999986 0.00000000099999999986 0.99999999200000011523 0.00000000099999999986 0.00000000099999999986 0.00000000099999999986 
0.00000000099999999983 0.00000000099999999983 0.00000000099999999983 0.00000000099999999983 0.00000000099999999983 0.99999999200000000421 0.00000000099999999983 0.00000000099999999983 0.00000000099999999983 
0.00000000099999999960 0.00000000099999999960 0.00000000099999999960 0.00000000099999999960 0.00000000099999999960 0.00000000099999999960 0.00000000099999999960 0.00000000099999999960 0.99999999200000000421 
0.99999999200000022626 0.00000000099999999952 0.00000000099999999952 0.00000000099999999952 0.00000000099999999952 0.00000000099999999952 0.00000000099999999952 0.00000000099999999952 0.00000000099999999952 
0.00000000099999999984 0.00000000099999999984 0.00000000099999999984 0.99999999200000000421 0.00000000099999999984 0.00000000099999999984 0.00000000099999999984 0.00000000099999999984 0.00000000099999999984 
0.00000000099999999985 0.00000000099999999985 0.00000000099999999985 0.00000000099999999985 0.00000000099999999985 0.99999999200000000421 0.00000000099999999985 0.00000000099999999985 0.00000000099999999985 
0.00000000099999999993 0.00000000099999999993 0.00000000099999999993 0.58804971734253663751 0.00000000099999999993 0.41195027565746339393 0.00000000099999999993 0.00000000099999999993 0.00000000099999999993 
0.45608494028008556009 0.00000000099999999972 0.00000000099999999972 0.00000000099999999972 0.00000000099999999972 0.00000000099999999972 0.00000000099999999972 0.00000000099999999972 0.54391505271991413828 
0.00000000099999999999 0.26470405366242466538 0.11291605194407336454 0.05420392474522392479 0.55409791142078268500 0.00000000099999999999 0.00000000099999999999 0.00000000099999999999 0.01407805422749545780 
0.00000000099999999999 0.31509019052062209321 0.22290312147118448993 0.00000000099999999999 0.43309975251156618281 0.00000000099999999999 0.00000000099999999999 0.00000000099999999999 0.02890693049662726444 
0.00000000099999999997 0.00000000500824576402 0.45124592922976702880 0.02787008526114874776 0.52088397550083842535 0.00000000099999999997 0.00000000099999999997 0.00000000099999999997 0.00000000099999999997 
0.00143919240480712982 0.35801621435431518758 0.00000000099999999997 0.02150312683096190433 0.61904146140991578307 0.00000000099999999997 0.00000000099999999997 0.00000000099999999997 0.00000000099999999997 
0.00000000099999999991 0.00000000099999999991 0.00000000099999999991 0.39864808087361564004 0.00000000099999999991 0.60135191212638439140 0.00000000099999999991 0.00000000099999999991 0.00000000099999999991 
0.00557959773360534005 0.35181569572842102955 0.14544795611866812024 0.00000000099999999999 0.49655983091606631374 0.00000000099999999999 0.00000000099999999999 0.00059691550323928081 0.00000000099999999999 
0.00000000099999999956 0.00000000099999999956 0.00000000099999999956 0.00000000099999999956 0.00000000099999999956 0.00000000099999999956 0.00000000099999999956 0.99999999199999989319 0.00000000099999999956 
0.00000000099999999992 0.00000000099999999992 0.00000000099999999992 0.00000000099999999992 0.99999999200000000421 0.00000000099999999992 0.00000000099999999992 0.00000000099999999992 0.00000000099999999992 
0.00000000099999999954 0.00000000099999999954 0.00000000099999999954 0.00000000099999999954 0.00000000099999999954 0.00000000099999999954 0.99999999200000000421 0.00000000099999999954 0.00000000099999999954 
0.00000000099999999999 0.33126737516277560136 0.30571994152220915986 0.00733185597880434744 0.32729546573343348825 0.02838535760277723433 0.00000000099999999999 0.00000000099999999999 0.00000000099999999999 
0.00000000099999999954 0.00000000099999999954 0.00000000099999999954 0.00000000099999999954 0.00000000099999999954 0.00000000099999999954 0.99999999200000000421 0.00000000099999999954 0.00000000099999999954 
0.00000000099999999992 0.00000000099999999992 0.99999999200000011523 0.00000000099999999992 0.00000000099999999992 0.00000000099999999992 0.00000000099999999992 0.00000000099999999992 0.00000000099999999992 
0.00000000099999999993 0.00000000099999999993 0.99999999200000011523 0.00000000099999999993 0.00000000099999999993 0.00000000099999999993 0.00000000099999999993 0.00000000099999999993 0.00000000099999999993 
0.00000000099999999982 0.00000000099999999982 0.00000000099999999982 0.99999999200000011523 0.00000000099999999982 0.00000000099999999982 0.00000000099999999982 0.00000000099999999982 0.00000000099999999982 
0.00000000099999999995 0.19658447904098369508 0.41513285250877807186 0.00000000099999999995 0.38828266245023829173 0.00000000099999999995 0.00000000099999999995 0.00000000099999999995 0.00000000099999999995 
0.00000000099999999956 0.00000000099999999956 0.00000000099999999956 0.00000000099999999956 0.00000000099999999956 0.00000000099999999956 0.99999999200000000421 0.00000000099999999956 0.00000000099999999956 
0.00000000099999999967 0.00000000099999999967 0.00000000099999999967 0.00000000099999999967 0.00000000099999999967 0.00000000099999999967 0.58169598272289435581 0.41830401027710562012 0.00000000099999999967 
0.00000000099999999998 0.22110459181659897210 0.28365338122484545780 0.08422137744851243557 0.39783857132962535674 0.00000000099999999998 0.00000000099999999998 0.00000000099999999998 0.01318207418041789959 
0.00000000099999999984 0.00000000099999999984 0.00000000099999999984 0.00000000099999999984 0.00000000099999999984 0.99999999200000011523 0.00000000099999999984 0.00000000099999999984 0.00000000099999999984 
0.00000000099999999967 0.00000000099999999967 0.00000000099999999967 0.00000000099999999967 0.00000000099999999967 0.00000000099999999967 0.00000000099999999967 0.00000000099999999967 0.99999999199999989319 
0.00000000099999999983 0.00000000099999999983 0.00000000099999999983 0.99999999200000011523 0.00000000099999999983 0.00000000099999999983 0.00000000099999999983 0.00000000099999999983 0.00000000099999999983 
0.00000000099999999998 0.00000067671510999875 0.50235276446743837298 0.00000000099999999998 0.45543908369043478723 0.04220747012701698414 0.00000000099999999998 0.00000000099999999998 0.00000000099999999998 
0.00000000099999999953 0.00000000099999999953 0.00000000099999999953 0.00000000099999999953 0.00000000099999999953 0.00000000099999999953 0.99999999200000000421 0.00000000099999999953 0.00000000099999999953 
0.99999999200000022626 0.00000000099999999945 0.00000000099999999945 0.00000000099999999945 0.00000000099999999945 0.00000000099999999945 0.00000000099999999945 0.00000000099999999945 0.00000000099999999945 
0.00000000099999999960 0.00000000099999999960 0.00000000099999999960 0.00000000099999999960 0.00000000099999999960 0.00000000099999999960 0.00000000099999999960 0.99999999199999989319 0.00000000099999999960 
0.00000000099999999990 0.99999999200000011523 0.00000000099999999990 0.00000000099999999990 0.00000000099999999990 0.00000000099999999990 0.00000000099999999990 0.00000000099999999990 0.00000000099999999990 
0.00000000099999999990 0.00000000099999999990 0.00000000099999999990 0.32712240543393533709 0.00000000099999999990 0.67287758756606452781 0.00000000099999999990 0.00000000099999999990 0.00000000099999999990 
0.00000000099999999991 0.00000000099999999991 0.00000000099999999991 0.55088440639457303405 0.00000000099999999991 0.44911558660542694188 0.00000000099999999991 0.00000000099999999991 0.00000000099999999991 
0.00000000099999999996 0.18827965684716563288 0.58848438750191411906 0.00000000099999999996 0.00000000099999999996 0.22323594965092030673 0.00000000099999999996 0.00000000099999999996 0.00000000099999999996 
0.02373428703403926074 0.46285238111154242135 0.00061646416703998942 0.00000201828771057211 0.51272186504384276162 0.00007298135582488313 0.00000000099999999999 0.00000000099999999999 0.00000000099999999999 
0.00000000099999999997 0.36185312521782520001 0.24611726737879668914 0.00000000099999999997 0.38201491806271703489 0.01001468434066108727 0.00000000099999999997 0.00000000099999999997 0.00000000099999999997 
0.00000000099999999995 0.39198053034264412897 0.60801946265735595798 0.00000000099999999995 0.00000000099999999995 0.00000000099999999995 0.00000000099999999995 0.00000000099999999995 0.00000000099999999995 
0.00000000099999999998 0.29707065795768561323 0.40525937144968177117 0.00094054104874167382 0.29664510672595628682 0.00000000099999999998 0.00000000099999999998 0.00000000099999999998 0.00008431881793482556 
0.00000000099999999992 0.00000000099999999992 0.00000000099999999992 0.00000000099999999992 0.99999999200000011523 0.00000000099999999992 0.00000000099999999992 0.00000000099999999992 0.00000000099999999992 
0.00000000099999999997 0.31620557305531321601 0.40745982452173684640 0.00000149666188699756 0.27031319077562337982 0.00601991098543971925 0.00000000099999999997 0.00000000099999999997 0.00000000099999999997 
0.00000000099999999998 0.37637213166524174923 0.28420220053512323943 0.00000000099999999998 0.32373064699136444577 0.01046047281685213298 0.00000000099999999998 0.00000000099999999998 0.00523454399141856912 
0.00000000099999999998 0.34888716267885716560 0.30133710894495402410 0.04728893785896491619 0.30248678551722396612 0.00000000099999999998 0.00000000099999999998 0.00000000099999999998 0.00000000099999999998 
0.00000000099999999984 0.00000000099999999984 0.00000000099999999984 0.99999999200000000421 0.00000000099999999984 0.00000000099999999984 0.00000000099999999984 0.00000000099999999984 0.00000000099999999984 
0.00000000099999999996 0.00000049061111694169 0.00000000099999999996 0.51667560916916388525 0.00000000099999999996 0.48332389421971910792 0.00000000099999999996 0.00000000099999999996 0.00000000099999999996 
0.00000000099999999977 0.00000000099999999977 0.00000000099999999977 0.00000000099999999977 0.00000000099999999977 0.00000000099999999977 0.56589001389317705737 0.43410997910682297407 0.00000000099999999977 
0.00000000099999999994 0.00000000099999999994 0.00000000099999999994 0.61958427177582231504 0.00000000099999999994 0.38041572122417771640 0.00000000099999999994 0.00000000099999999994 0.00000000099999999994 
0.00000000099999999995 0.00000000099999999995 0.00000000099999999995 0.36336648956210026995 0.00000000099999999995 0.63663350343789970598 0.00000000099999999995 0.00000000099999999995 0.00000000099999999995 
0.00000000099999999993 0.00000000099999999993 0.99999999200000000421 0.00000000099999999993 0.00000000099999999993 0.00000000099999999993 0.00000000099999999993 0.00000000099999999993 0.00000000099999999993 
0.00000000099999999949 0.00000000099999999949 0.00000000099999999949 0.00000000099999999949 0.00000000099999999949 0.00000000099999999949 0.00000000099999999949 0.99999999199999989319 0.00000000099999999949 
0.00817392806567502142 0.19719750754541312543 0.34789444495032034732 0.00000000099999999998 0.44673411443859156744 0.00000000099999999998 0.00000000099999999998 0.00000000099999999998 0.00000000099999999998 
0.00000000099999999997 0.34182493419104070798 0.65817505880895954551 0.00000000099999999997 0.00000000099999999997 0.00000000099999999997 0.00000000099999999997 0.00000000099999999997 0.00000000099999999997 
0.00000000099999999999 0.16237521759593628867 0.49608458132086696857 0.00000000099999999999 0.33249307354897678080 0.00122295906990726165 0.00000000099999999999 0.00000000099999999999 0.00782416446431281540 
0.00386907704975737472 0.22507717711787492143 0.39608515038799074759 0.00000000099999999999 0.34257215524243844751 0.03239643620193859153 0.00000000099999999999 0.00000000099999999999 0.00000000099999999999 
0.00000000099999999991 0.00000000099999999991 0.99999999200000011523 0.00000000099999999991 0.00000000099999999991 0.00000000099999999991 0.00000000099999999991 0.00000000099999999991 0.00000000099999999991 
0.00000000099999999987 0.99999999200000022626 0.00000000099999999987 0.00000000099999999987 0.00000000099999999987 0.00000000099999999987 0.00000000099999999987 0.00000000099999999987 0.00000000099999999987 
0.00000000099999999996 0.00000000099999999996 0.00000000099999999996 0.00000000099999999996 0.99999999200000011523 0.00000000099999999996 0.00000000099999999996 0.00000000099999999996 0.00000000099999999996 
0.00139788336132981930 0.33930626122732843175 0.00000000099999999998 0.00000000099999999998 0.64342546204907602458 0.01587038836226574434 0.00000000099999999998 0.00000000099999999998 0.00000000099999999998 
0.03132394181470379846 0.13259082676602326756 0.32699955941684522021 0.01970774504259352813 0.48937792295983439939 0.00000000099999999999 0.00000000099999999999 0.00000000099999999999 0.00000000099999999999 
0.00000000099999999997 0.51288032485228307600 0.48480615859983050564 0.00000000099999999997 0.00000000099999999997 0.00000000099999999997 0.00000000099999999997 0.00000000099999999997 0.00231351054788656984 
0.00000000099999999996 0.00000000099999999996 0.47755630226921796933 0.00000000099999999996 0.52244369073078211763 0.00000000099999999996 0.00000000099999999996 0.00000000099999999996 0.00000000099999999996 
0.00000000099999999999 0.17846320043259930599 0.39211663715207117908 0.00000000099999999999 0.37332895422377521122 0.02873295712542650246 0.00000000099999999999 0.00000000099999999999 0.02735824706612785540 
0.01477296618427791433 0.16835660998858706372 0.42382645541774977005 0.00000000099999999996 0.39304396340938541066 0.00000000099999999996 0.00000000099999999996 0.00000000099999999996 0.00000000099999999996 
0.00000000099999999998 0.13756939314641877803 0.43324043297119496643 0.01725341416963952282 0.41193675471274671107 0.00000000099999999998 0.00000000099999999998 0.00000000099999999998 0.00000000099999999998 
0.00000000099999999998 0.16623994525847243797 0.42213381353361545401 0.00000000149110437679 0.41162623471680787057 0.00000000099999999998 0.00000000099999999998 0.00000000099999999998 0.00000000099999999998 
0.00000000099999999995 0.41360956950662963738 0.00001142505189352237 0.00000000099999999995 0.55634003202614645822 0.03003896841533041512 0.00000000099999999995 0.00000000099999999995 0.00000000099999999995 
0.00066698847211634578 0.14443871452537848654 0.47493800471879477065 0.00000000099999999999 0.36087413802441137278 0.01283787463145740979 0.00000000099999999999 0.00000000099999999999 0.00624427662784169443 
0.00000000099999999998 0.27404725478951075246 0.00000030891578632220 0.00000000099999999998 0.67305314623559686638 0.05289928505910609230 0.00000000099999999998 0.00000000099999999998 0.00000000099999999998 
0.00000000099999999997 0.25477451192420091930 0.42202921770247858735 0.01549431004103105254 0.30689297440991197830 0.00000000099999999997 0.00000000099999999997 0.00000000099999999997 0.00080898192237754290 
0.00000000099999999991 0.00000000099999999991 0.99999999200000011523 0.00000000099999999991 0.00000000099999999991 0.00000000099999999991 0.00000000099999999991 0.00000000099999999991 0.00000000099999999991 
0.00016484070053674293 0.35031664232285986138 0.12101925054135813375 0.00000000100000000000 0.42443322595862853497 0.03161220112003188670 0.00000000100000000000 0.07245383635658478316 0.00000000100000000000 
0.00000000099999999996 0.16588812464992108708 0.34320387097024268597 0.00160582595637737851 0.48930217342345899700 0.00000000099999999996 0.00000000099999999996 0.00000000099999999996 0.00000000099999999996 
0.00000000099999999989 0.00000000099999999989 0.99999999200000011523 0.00000000099999999989 0.00000000099999999989 0.00000000099999999989 0.00000000099999999989 0.00000000099999999989 0.00000000099999999989 
0.00000000099999999995 0.38741043712431555424 0.38501301180843044980 0.02989998457093768700 0.19767656149631646079 0.00000000099999999995 0.00000000099999999995 0.00000000099999999995 0.00000000099999999995 
0.00000000099999999997 0.43785539460349076624 0.00000000099999999997 0.00000000099999999997 0.55233909617869181297 0.00000000099999999997 0.00000000099999999997 0.00000000099999999997 0.00980550321781739793 
0.00000000099999999989 0.99999999200000011523 0.00000000099999999989 0.00000000099999999989 0.00000000099999999989 0.00000000099999999989 0.00000000099999999989 0.00000000099999999989 0.00000000099999999989 
0.00000000099999999999 0.44388756085870900714 0.00000597985254031937 0.00000000099999999999 0.55163191204225092701 0.00000000099999999999 0.00000000099999999999 0.00000000099999999999 0.00447454224649982118 
0.00932000467334600548 0.22493192780077816972 0.35956568019097445710 0.00940747298111423332 0.39677491035378736894 0.00000000099999999997 0.00000000099999999997 0.00000000099999999997 0.00000000099999999997 
0.00000000099999999991 0.00000000099999999991 0.00000000099999999991 0.00000000099999999991 0.99999999200000011523 0.00000000099999999991 0.00000000099999999991 0.00000000099999999991 0.00000000099999999991 
0.00000000099999999995 0.26207834878609137519 0.43479515283042363682 0.03309415016069440496 0.27003234322279062729 0.00000000099999999995 0.00000000099999999995 0.00000000099999999995 0.00000000099999999995 
0.00000000099999999990 0.00000000099999999990 0.00000000099999999990 0.57514255191207364071 0.00000000099999999990 0.42485744108792633522 0.00000000099999999990 0.00000000099999999990 0.00000000099999999990 
0.00000000099999999987 0.00000000099999999987 0.00000000099999999987 0.00000000099999999987 0.00000000099999999987 0.99999999200000000421 0.00000000099999999987 0.00000000099999999987 0.00000000099999999987 
0.00000000099999999971 0.00000000099999999971 0.00000000099999999971 0.00000000099999999971 0.00000000099999999971 0.00000000099999999971 0.54117188544583383347 0.45882810755416614246 0.00000000099999999971 
0.00000000099999999960 0.00000000099999999960 0.00000000099999999960 0.00000000099999999960 0.00000000099999999960 0.00000000099999999960 0.00000000099999999960 0.00000000099999999960 0.99999999199999989319 
0.00000000099999999998 0.05605022041224740764 0.00000000099999999998 0.30259378121060709343 0.00000000099999999998 0.60256380623498462246 0.00000000099999999998 0.00000000099999999998 0.03879218714216095543 
0.00000000099999999996 0.13557918452574552193 0.50736785750129342887 0.01113572860892885798 0.34537711003676435650 0.00054011532726780235 0.00000000099999999996 0.00000000099999999996 0.00000000099999999996 
0.00000000099999999994 0.00000000099999999994 0.00000000099999999994 0.00000000099999999994 0.99999999200000000421 0.00000000099999999994 0.00000000099999999994 0.00000000099999999994 0.00000000099999999994 
0.00000000099999999989 0.00000000099999999989 0.00000000099999999989 0.00000000099999999989 0.00000000099999999989 0.99999999200000011523 0.00000000099999999989 0.00000000099999999989 0.00000000099999999989 
0.00000000099999999994 0.00000000099999999994 0.00000000099999999994 0.00000000099999999994 0.99999999200000000421 0.00000000099999999994 0.00000000099999999994 0.00000000099999999994 0.00000000099999999994 
0.00000000099999999995 0.00001129340301647525 0.43063270455808139170 0.00000000099999999995 0.54596863028519060368 0.01383188729750887275 0.00000000099999999995 0.00000000099999999995 0.00955548045620249580 
0.00000000099999999996 0.44088890180400525098 0.00000000099999999996 0.00000000099999999996 0.55911109119599466943 0.00000000099999999996 0.00000000099999999996 0.00000000099999999996 0.00000000099999999996 
0.00000000099999999955 0.00000000099999999955 0.00000000099999999955 0.00000000099999999955 0.00000000099999999955 0.00000000099999999955 0.00000000099999999955 0.99999999200000000421 0.00000000099999999955 
0.00000000099999999963 0.00000000099999999963 0.00000000099999999963 0.00000000099999999963 0.00000000099999999963 0.00000000099999999963 0.61987635071379298957 0.38012364228620698636 0.00000000099999999963 
0.00000000099999999950 0.00000000099999999950 0.00000000099999999950 0.00000000099999999950 0.00000000099999999950 0.00000000099999999950 0.00000000099999999950 0.99999999199999989319 0.00000000099999999950 
0.00000000099999999951 0.00000000099999999951 0.00000000099999999951 0.00000000099999999951 0.00000000099999999951 0.00000000099999999951 0.00000000099999999951 0.99999999199999989319 0.00000000099999999951 
0.00000000099999999950 0.00000000099999999950 0.00000000099999999950 0.00000000099999999950 0.00000000099999999950 0.00000000099999999950 0.99999999199999989319 0.00000000099999999950 0.00000000099999999950 
0.00000000099999999996 0.00000000099999999996 0.00000000099999999996 0.31532226505992361210 0.00000000099999999996 0.68467772794007619730 0.00000000099999999996 0.00000000099999999996 0.00000000099999999996 
0.00000000099999999989 0.99999999200000022626 0.00000000099999999989 0.00000000099999999989 0.00000000099999999989 0.00000000099999999989 0.00000000099999999989 0.00000000099999999989 0.00000000099999999989 
0.00000000099999999958 0.00000000099999999958 0.00000000099999999958 0.00000000099999999958 0.00000000099999999958 0.00000000099999999958 0.64486172908611960608 0.35513826391388025883 0.00000000099999999958 
0.00000000099999999954 0.00000000099999999954 0.00000000099999999954 0.00000000099999999954 0.00000000099999999954 0.00000000099999999954 0.99999999199999989319 0.00000000099999999954 0.00000000099999999954 
0.00000000099999999958 0.00000000099999999958 0.00000000099999999958 0.00000000099999999958 0.00000000099999999958 0.00000000099999999958 0.00000000099999999958 0.00000000099999999958 0.99999999199999989319 
0.00000000099999999957 0.00000000099999999957 0.00000000099999999957 0.00000000099999999957 0.00000000099999999957 0.00000000099999999957 0.00000000099999999957 0.00000000099999999957 0.99999999199999989319 
0.00000000099999999997 0.38123856151313328944 0.31653995135805618188 0.00000000099999999997 0.30222148112881058735 0.00000000099999999997 0.00000000099999999997 0.00000000099999999997 0.00000000099999999997 
0.00000000099999999953 0.00000000099999999953 0.00000000099999999953 0.00000000099999999953 0.00000000099999999953 0.00000000099999999953 0.00000000099999999953 0.99999999199999989319 0.00000000099999999953 
0.00000000099999999999 0.12439612323830859242 0.48170077753801060494 0.00000000099999999999 0.37800788358535897249 0.01589521063832190911 0.00000000099999999999 0.00000000099999999999 0.00000000099999999999 
0.00000000099999999991 0.00000000099999999991 0.00000000099999999991 0.00000000099999999991 0.99999999200000000421 0.00000000099999999991 0.00000000099999999991 0.00000000099999999991 0.00000000099999999991 
0.00000000099999999989 0.00000000099999999989 0.00000000099999999989 0.00000000099999999989 0.00000000099999999989 0.99999999200000011523 0.00000000099999999989 0.00000000099999999989 0.00000000099999999989 
0.00001257472250057160 0.25119876081046138561 0.31689831793556377804 0.00000001411033779201 0.42035405465997249808 0.01153627476116390535 0.00000000099999999997 0.00000000099999999997 0.00000000099999999997 
0.00000000099999999988 0.00000000099999999988 0.00000000099999999988 0.61100326802829862949 0.00000000099999999988 0.38899672497170151297 0.00000000099999999988 0.00000000099999999988 0.00000000099999999988 
0.00000000099999999998 0.22220859315502952680 0.50266268361316690516 0.00000000198233735456 0.25490005980502572491 0.01630869023558515971 0.00000000099999999998 0.00000000099999999998 0.00391996820885539502 
0.00000000099999999989 0.00000000099999999989 0.00000000099999999989 0.58900255654683908446 0.00000000099999999989 0.41099743645316083596 0.00000000099999999989 0.00000000099999999989 0.00000000099999999989 
0.00000008447519391841 0.29120669427201406609 0.30545120642630757546 0.00000000099999999999 0.36621840846752051757 0.02026376268980167872 0.00000000099999999999 0.00000000099999999999 0.01685984066916233065 
0.00000000099999999994 0.00000000099999999994 0.00000000099999999994 0.00000000099999999994 0.99999999200000000421 0.00000000099999999994 0.00000000099999999994 0.00000000099999999994 0.00000000099999999994 
0.00000000099999999965 0.00000000099999999965 0.00000000099999999965 0.00000000099999999965 0.00000000099999999965 0.00000000099999999965 0.56375599074782645204 0.43624400225217341287 0.00000000099999999965 
0.00000000099999999986 0.00000000099999999986 0.00000000099999999986 0.00000000099999999986 0.00000000099999999986 0.99999999200000011523 0.00000000099999999986 0.00000000099999999986 0.00000000099999999986 
0.00000000099999999951 0.00000000099999999951 0.00000000099999999951 0.00000000099999999951 0.00000000099999999951 0.00000000099999999951 0.00000000099999999951 0.99999999199999989319 0.00000000099999999951 
0.00000000099999999958 0.00000000099999999958 0.00000000099999999958 0.00000000099999999958 0.00000000099999999958 0.00000000099999999958 0.57765817286240939143 0.42234182013759052898 0.00000000099999999958 
0.00000000099999999997 0.35736016448327878603 0.00000000099999999997 0.00331351849813426831 0.63932631101858694578 0.00000000099999999997 0.00000000099999999997 0.00000000099999999997 0.00000000099999999997 
0.00000000099999999995 0.30007510554813976444 0.68841241730637625640 0.01151247114548414538 0.00000000099999999995 0.00000000099999999995 0.00000000099999999995 0.00000000099999999995 0.00000000099999999995 
0.00000000099999999996 0.22835135076764145889 0.33422885454138545613 0.00965031220488726457 0.42776947748608595834 0.00000000099999999996 0.00000000099999999996 0.00000000099999999996 0.00000000099999999996 
0.00854234840840080271 0.24213887838107553407 0.40615091238594058787 0.00025944182827387875 0.34290841499630930755 0.00000000099999999997 0.00000000099999999997 0.00000000099999999997 0.00000000099999999997 
0.01560461847451211255 0.21635073407938920642 0.37125009861831731461 0.00987307295686134199 0.38692147187092001959 0.00000000099999999998 0.00000000099999999998 0.00000000099999999998 0.00000000099999999998 
0.01500078293639976398 0.25790345138935966141 0.55021258554699470356 0.00000003792353489842 0.17070414979139345024 0.00617898941231772615 0.00000000099999999996 0.00000000099999999996 0.00000000099999999996 
0.00000000099999999996 0.27203521303933608788 0.00000014698117496331 0.00000000099999999996 0.72796463397948885099 0.00000000099999999996 0.00000000099999999996 0.00000000099999999996 0.00000000099999999996 
0.00000000099999999990 0.00000000099999999990 0.00000000099999999990 0.99999999200000000421 0.00000000099999999990 0.00000000099999999990 0.00000000099999999990 0.00000000099999999990 0.00000000099999999990 
0.00000000099999999996 0.35423347065766430664 0.33850624722334143879 0.00000000099999999996 0.30726027611899431324 0.00000000099999999996 0.00000000099999999996 0.00000000099999999996 0.00000000099999999996 
0.00000000099999999959 0.00000000099999999959 0.00000000099999999959 0.00000000099999999959 0.00000000099999999959 0.00000000099999999959 0.54841307457690213756 0.45158691842309783837 0.00000000099999999959 
0.00000000099999999997 0.57865615671999570679 0.00003228470193608356 0.00153236567117134045 0.41977918790689700002 0.00000000099999999997 0.00000000099999999997 0.00000000099999999997 0.00000000099999999997 
0.00000000099999999979 0.00000000099999999979 0.00000000099999999979 0.00000000099999999979 0.00000000099999999979 0.00000000099999999979 0.99999999199999989319 0.00000000099999999979 0.00000000099999999979 
0.00000000099999999956 0.00000000099999999956 0.00000000099999999956 0.00000000099999999956 0.00000000099999999956 0.00000000099999999956 0.00000000099999999956 0.99999999200000000421 0.00000000099999999956 
0.00000000099999999994 0.00000000099999999994 0.00000000099999999994 0.00000000099999999994 0.98414865121113936919 0.01585134178886073164 0.00000000099999999994 0.00000000099999999994 0.00000000099999999994 
0.00004484373951027158 0.35250005279391055657 0.00000000099999999997 0.00000000099999999997 0.64745509746657925465 0.00000000099999999997 0.00000000099999999997 0.00000000099999999997 0.00000000099999999997 
0.00000000099999999997 0.24989023730268564161 0.00006782366533978709 0.02022529778735553119 0.72981663624461912132 0.00000000099999999997 0.00000000099999999997 0.00000000099999999997 0.00000000099999999997 
0.00000000099999999960 0.00000000099999999960 0.00000000099999999960 0.00000000099999999960 0.00000000099999999960 0.00000000099999999960 0.99999999200000000421 0.00000000099999999960 0.00000000099999999960 
0.00000000099999999990 0.00000000099999999990 0.00000000099999999990 0.53502848479083653377 0.00000000099999999990 0.46497150820916355318 0.00000000099999999990 0.00000000099999999990 0.00000000099999999990 
0.00000000099999999984 0.00000000099999999984 0.00000000099999999984 0.00000000099999999984 0.00000000099999999984 0.99999999200000000421 0.00000000099999999984 0.00000000099999999984 0.00000000099999999984 
0.00000000099999999957 0.00000000099999999957 0.00000000099999999957 0.00000000099999999957 0.00000000099999999957 0.00000000099999999957 0.00000000099999999957 0.99999999199999989319 0.00000000099999999957 
0.00888437896381221934 0.16489639520729018618 0.48511543303972926022 0.00544117908701859804 0.33566260970214994996 0.00000000099999999998 0.00000000099999999998 0.00000000099999999998 0.00000000099999999998 
0.01202882634513315410 0.41506472696061136318 0.43174964309503871540 0.03949348138786144130 0.10166331821135538016 0.00000000099999999999 0.00000000099999999999 0.00000000099999999999 0.00000000099999999999 
0.00000000099999999957 0.00000000099999999957 0.00000000099999999957 0.00000000099999999957 0.00000000099999999957 0.00000000099999999957 0.99999999200000000421 0.00000000099999999957 0.00000000099999999957 
0.00000000099999999997 0.26876763502274125806 0.53651671682969415134 0.00000000099999999997 0.18722063505615263446 0.00210220858169453536 0.00000000099999999997 0.00000000099999999997 0.00539280050971744935 
0.00000000099999999987 0.00000000099999999987 0.00000000099999999987 0.74133920709145428862 0.00000000099999999987 0.25866078590854557628 0.00000000099999999987 0.00000000099999999987 0.00000000099999999987 
0.11497488580324151386 0.00000000099999999999 0.53941575250352524762 0.00000000099999999999 0.00000404360999194583 0.23689967672444381397 0.10870563735879752720 0.00000000099999999999 0.00000000099999999999 
