0.00000000099999999978 0.00000000099999999978 0.99999999100000014352 0.00000000099999999978 0.00000000099999999978 0.00000000099999999978 0.00000000099999999978 0.00000000099999999978 0.00000000099999999978 0.00000000099999999978 
0.00000000099999999993 0.00000000099999999993 0.00000000099999999993 0.00000000099999999993 0.99999999100000014352 0.00000000099999999993 0.00000000099999999993 0.00000000099999999993 0.00000000099999999993 0.00000000099999999993 
0.00000000099999999993 0.00000000099999999993 0.00000000099999999993 0.00000000099999999993 0.99999999100000003249 0.00000000099999999993 0.00000000099999999993 0.00000000099999999993 0.00000000099999999993 0.00000000099999999993 
0.00000000099999999998 0.22433481538096908259 0.00000000099999999998 0.00018301103088739755 0.03191014322752841470 0.00000000256512647027 0.52466311021461464748 0.00000000099999999998 0.00000000099999999998 0.21890891358087397056 
0.00000000099999999999 0.19227450321745717665 0.02670959627540271317 0.18924602740554405389 0.00000000099999999999 0.07559196428145903424 0.18053611320413187613 0.00000000099999999999 0.05382345708627841313 0.28181833552972673784 
0.00000000099999999996 0.00000000099999999996 0.22047270760981343973 0.77952728439018670326 0.00000000099999999996 0.00000000099999999996 0.00000000099999999996 0.00000000099999999996 0.00000000099999999996 0.00000000099999999996 
0.00000000099999999995 0.00000000099999999995 0.00000000099999999995 0.00000000099999999995 0.98400265873291947738 0.00000000099999999995 0.00000000099999999995 0.00000000099999999995 0.01599733326708062051 0.00000000099999999995 
0.00000000099999999990 0.00000000099999999990 0.00000000099999999990 0.00000000099999999990 0.99999999100000014352 0.00000000099999999990 0.00000000099999999990 0.00000000099999999990 0.00000000099999999990 0.00000000099999999990 
0.01269270878697523718 0.00000000099999999999 0.00000000099999999999 0.30072352784243655544 0.00000000099999999999 0.30053190801334300764 0.11018081487536798835 0.00000000099999999999 0.02071823984243627986 0.25515279663944090416 
0.00000000099999999993 0.00000000099999999993 0.00000000099999999993 0.00000000099999999993 0.99999999100000003249 0.00000000099999999993 0.00000000099999999993 0.00000000099999999993 0.00000000099999999993 0.00000000099999999993 
0.00000000099999999999 0.37164475790930406873 0.00000000099999999999 0.00000000099999999999 0.00000000099999999999 0.17489704840237732530 0.28959201999020328655 0.00000000099999999999 0.03883248453015834822 0.12503368416795676565 
0.00241022265511397962 0.18837308462079802029 0.11502168094965890821 0.27647344064878820458 0.00358354141792468529 0.00000000099999999998 0.21730932238714018023 0.00000000099999999998 0.00894329882844759928 0.18788540649212859268 
0.00000000099999999999 0.27433028031521400347 0.00000000423709800561 0.24022932137333893876 0.00000000099999999999 0.17018418903275503440 0.00000000099999999999 0.00000000099999999999 0.00000081212834348724 0.31525538891325066704 
0.00839948498541947391 0.17469805903786631007 0.09885288297923959522 0.33566570767168152356 0.00000000099999999999 0.00000000099999999999 0.36764710584446291808 0.00000000099999999999 0.01473675548133014830 0.00000000099999999999 
0.00000000099999999991 0.00000000099999999991 0.00000000099999999991 0.00000000099999999991 0.00000000099999999991 0.00000000099999999991 0.99999999099999992147 0.00000000099999999991 0.00000000099999999991 0.00000000099999999991 
0.02054601675486417839 0.09498295972293169243 0.10020367330077366297 0.14598345452008534839 0.03971222377872759418 0.16822896570246462233 0.22884743953464722899 0.00000000099999999999 0.04619273336416938186 0.15530253232133631180 
0.00000000099999999998 0.19471638807437119389 0.09592601918712316544 0.17730831878045413830 0.00000000099999999998 0.27396318013816189918 0.25720931576234834504 0.00000000099999999998 0.00087677405754119585 0.00000000099999999998 
0.00000000099999999998 0.00000000099999999998 0.00000000099999999998 0.36243402748443226402 0.00000000099999999998 0.00000000099999999998 0.31732460416145752413 0.00000000099999999998 0.00000000099999999998 0.32024136135411024329 
0.00271851661457239019 0.14404033281266789834 0.05683107464965870409 0.26361741734413735028 0.00000000100000000000 0.00010480858098415672 0.30169528099878717420 0.00000000100000000000 0.00000000100000000000 0.23099256599919240629 
0.00000000099999999987 0.99999999100000025454 0.00000000099999999987 0.00000000099999999987 0.00000000099999999987 0.00000000099999999987 0.00000000099999999987 0.00000000099999999987 0.00000000099999999987 0.00000000099999999987 
0.00000000099999999992 0.00000000099999999992 0.00000000099999999992 0.00000000099999999992 0.00000000099999999992 0.00000000099999999992 0.99999999099999992147 0.00000000099999999992 0.00000000099999999992 0.00000000099999999992 
0.00000000099999999994 0.00000000099999999994 0.05006974427734157962 0.00000000099999999994 0.94993024772265843847 0.00000000099999999994 0.00000000099999999994 0.00000000099999999994 0.00000000099999999994 0.00000000099999999994 
0.00000000099999999990 0.00000000099999999990 0.00000000099999999990 0.00000000099999999990 0.00000000099999999990 0.00000000099999999990 0.99999999099999992147 0.00000000099999999990 0.00000000099999999990 0.00000000099999999990 
0.00000000099999999928 0.00000000099999999928 0.00000000099999999928 0.00000000099999999928 0.00000000099999999928 0.00000000099999999928 0.00000000099999999928 0.00000000099999999928 0.99999999099999992147 0.00000000099999999928 
0.00000000099999999987 0.99999999100000025454 0.00000000099999999987 0.00000000099999999987 0.00000000099999999987 0.00000000099999999987 0.00000000099999999987 0.00000000099999999987 0.00000000099999999987 0.00000000099999999987 
0.00000000099999999998 0.26047732345329338566 0.08524051603588234105 0.38209443552049926485 0.00000000099999999998 0.00000000099999999998 0.27218771899032501160 0.00000000099999999998 0.00000000099999999998 0.00000000099999999998 
0.99999999100000025454 0.00000000099999999959 0.00000000099999999959 0.00000000099999999959 0.00000000099999999959 0.00000000099999999959 0.00000000099999999959 0.00000000099999999959 0.00000000099999999959 0.00000000099999999959 
0.99999999100000025454 0.00000000099999999957 0.00000000099999999957 0.00000000099999999957 0.00000000099999999957 0.00000000099999999957 0.00000000099999999957 0.00000000099999999957 0.00000000099999999957 0.00000000099999999957 
0.00000000099999999987 0.99999999100000025454 0.00000000099999999987 0.00000000099999999987 0.00000000099999999987 0.00000000099999999987 0.00000000099999999987 0.00000000099999999987 0.00000000099999999987 0.00000000099999999987 
0.00000000099999999986 0.99999999100000025454 0.00000000099999999986 0.00000000099999999986 0.00000000099999999986 0.00000000099999999986 0.00000000099999999986 0.00000000099999999986 0.00000000099999999986 0.00000000099999999986 
0.00000000099999999993 0.00000000099999999993 0.41965367478279624880 0.00000000099999999993 0.00000000099999999993 0.00000000099999999993 0.58034631721720353337 0.00000000099999999993 0.00000000099999999993 0.00000000099999999993 
0.00000000099999999979 0.00000000099999999979 0.00000000099999999979 0.00000000099999999979 0.74198099223253177747 0.00000000099999999979 0.00000000099999999979 0.00000000099999999979 0.25801899976746822674 0.00000000099999999979 
0.36246154246694639589 0.00000000099999999957 0.00000000099999999957 0.00000000099999999957 0.00000000099999999957 0.00000000099999999957 0.00000000099999999957 0.00000000099999999957 0.63753844953305327525 0.00000000099999999957 
0.00000000099999999994 0.00000000099999999994 0.00000000099999999994 0.00000000099999999994 0.00000000099999999994 0.33867457140652551528 0.66132542059347432239 0.00000000099999999994 0.00000000099999999994 0.00000000099999999994 
0.00000000099999999951 0.00000000099999999951 0.00000000099999999951 0.00000000099999999951 0.00000000099999999951 0.00000000099999999951 0.00000000099999999951 0.99999999099999992147 0.00000000099999999951 0.00000000099999999951 
0.00000000099999999940 0.00000000099999999940 0.00000000099999999940 0.00000000099999999940 0.00000000099999999940 0.00000000099999999940 0.00000000099999999940 0.99999999099999992147 0.00000000099999999940 0.00000000099999999940 
0.00000000099999999940 0.00000000099999999940 0.00000000099999999940 0.00000000099999999940 0.00000000099999999940 0.00000000099999999940 0.00000000099999999940 0.99999999099999992147 0.00000000099999999940 0.00000000099999999940 
0.99999999100000014352 0.00000000099999999960 0.00000000099999999960 0.00000000099999999960 0.00000000099999999960 0.00000000099999999960 0.00000000099999999960 0.00000000099999999960 0.00000000099999999960 0.00000000099999999960 
0.99999999100000025454 0.00000000099999999954 0.00000000099999999954 0.00000000099999999954 0.00000000099999999954 0.00000000099999999954 0.00000000099999999954 0.00000000099999999954 0.00000000099999999954 0.00000000099999999954 
0.00000000099999999998 0.00000000099999999998 0.00000000099999999998 0.29812737505410880079 0.00000000099999999998 0.31722314003972962304 0.13998192772090406466 0.00000000099999999998 0.00000000099999999998 0.24466755118525754242 
0.00000000099999999995 0.00000000099999999995 0.00000000099999999995 0.00000000099999999995 0.99999999100000003249 0.00000000099999999995 0.00000000099999999995 0.00000000099999999995 0.00000000099999999995 0.00000000099999999995 
0.99999999100000025454 0.00000000099999999957 0.00000000099999999957 0.00000000099999999957 0.00000000099999999957 0.00000000099999999957 0.00000000099999999957 0.00000000099999999957 0.00000000099999999957 0.00000000099999999957 
0.00000000099999999997 0.00000000099999999997 0.00000000099999999997 0.00000000099999999997 0.00000000099999999997 0.00000000099999999997 0.56738903700458920287 0.00000000099999999997 0.01921584518569813618 0.41339511080971269585 
0.00000000099999999992 0.00000000099999999992 0.00000000099999999992 0.00000000099999999992 0.99999999100000014352 0.00000000099999999992 0.00000000099999999992 0.00000000099999999992 0.00000000099999999992 0.00000000099999999992 
0.99999999100000025454 0.00000000099999999961 0.00000000099999999961 0.00000000099999999961 0.00000000099999999961 0.00000000099999999961 0.00000000099999999961 0.00000000099999999961 0.00000000099999999961 0.00000000099999999961 
0.00000000099999999990 0.00000000099999999990 0.00000000099999999990 0.00000000099999999990 0.00000000099999999990 0.00000000099999999990 0.99999999099999992147 0.00000000099999999990 0.00000000099999999990 0.00000000099999999990 
0.99999999100000014352 0.00000000099999999957 0.00000000099999999957 0.00000000099999999957 0.00000000099999999957 0.00000000099999999957 0.00000000099999999957 0.00000000099999999957 0.00000000099999999957 0.00000000099999999957 
0.00000000099999999993 0.00000000099999999993 0.00000000099999999993 0.00000000099999999993 0.99999999100000003249 0.00000000099999999993 0.00000000099999999993 0.00000000099999999993 0.00000000099999999993 0.00000000099999999993 
0.00000000099999999989 0.00000000099999999989 0.00000000099999999989 0.00000000099999999989 0.99999999100000003249 0.00000000099999999989 0.00000000099999999989 0.00000000099999999989 0.00000000099999999989 0.00000000099999999989 
0.99999999100000025454 0.00000000099999999951 0.00000000099999999951 0.00000000099999999951 0.00000000099999999951 0.00000000099999999951 0.00000000099999999951 0.00000000099999999951 0.00000000099999999951 0.00000000099999999951 
0.99999999100000014352 0.00000000099999999955 0.00000000099999999955 0.00000000099999999955 0.00000000099999999955 0.00000000099999999955 0.00000000099999999955 0.00000000099999999955 0.00000000099999999955 0.00000000099999999955 
0.00000000099999999994 0.00000000099999999994 0.00000000099999999994 0.00000000099999999994 0.99999999100000014352 0.00000000099999999994 0.00000000099999999994 0.00000000099999999994 0.00000000099999999994 0.00000000099999999994 
0.00000000099999999995 0.00000000099999999995 0.00000000099999999995 0.00000000099999999995 0.99999999100000014352 0.00000000099999999995 0.00000000099999999995 0.00000000099999999995 0.00000000099999999995 0.00000000099999999995 
0.00000000099999999995 0.00000000099999999995 0.00000000099999999995 0.00000000100234496922 0.99997751716768668029 0.00000000099999999995 0.00002247482996841809 0.00000000099999999995 0.00000000099999999995 0.00000000099999999995 
0.99999999100000025454 0.00000000099999999963 0.00000000099999999963 0.00000000099999999963 0.00000000099999999963 0.00000000099999999963 0.00000000099999999963 0.00000000099999999963 0.00000000099999999963 0.00000000099999999963 
0.00873517386329725198 0.19288846147073984705 0.00000159472494584889 0.00000000100000000000 0.03118791063787718087 0.11826025634680510656 0.33370211504548702441 0.00000000100000000000 0.02132875136149296399 0.29389573454935474794 
0.00000000099999999990 0.00000000099999999990 0.00000000099999999990 0.00000000099999999990 0.00000000099999999990 0.00000000099999999990 0.99999999099999992147 0.00000000099999999990 0.00000000099999999990 0.00000000099999999990 
0.00000000099999999994 0.00000000099999999994 0.00000000099999999994 0.38795559252843414555 0.00000000099999999994 0.00000000099999999994 0.61204439947156574764 0.00000000099999999994 0.00000000099999999994 0.00000000099999999994 
0.00000000099999999998 0.27911052466304403508 0.00000006863390619198 0.00000002964786710259 0.00838518981294746404 0.19774357122112193319 0.29474708348717987283 0.00000000099999999998 0.00000000099999999998 0.22001352953393346623 
0.00000000099999999993 0.00000000099999999993 0.00000000099999999993 0.00000000099999999993 0.99999999100000003249 0.00000000099999999993 0.00000000099999999993 0.00000000099999999993 0.00000000099999999993 0.00000000099999999993 
0.00000000099999999987 0.00000000099999999987 0.00000000099999999987 0.00000000099999999987 0.00000000099999999987 0.00000000099999999987 0.00000000099999999987 0.00000000099999999987 0.00000000099999999987 0.99999999100000003249 
0.00000000099999999948 0.00000000099999999948 0.00000000099999999948 0.00000000099999999948 0.00000000099999999948 0.00000000099999999948 0.00000000099999999948 0.99999999100000003249 0.00000000099999999948 0.00000000099999999948 
0.00000000099999999983 0.00000000099999999983 0.00000000099999999983 0.00000000099999999983 0.00000000099999999983 0.99999999100000003249 0.00000000099999999983 0.00000000099999999983 0.00000000099999999983 0.00000000099999999983 
0.00000000099999999949 0.00000000099999999949 0.00000000099999999949 0.00000000099999999949 0.00000000099999999949 0.00000000099999999949 0.00000000099999999949 0.99999999100000003249 0.00000000099999999949 0.00000000099999999949 
0.00000000099999999988 0.00000000099999999988 0.00000000099999999988 0.00000000099999999988 0.00000000099999999988 0.00000000099999999988 0.00000000099999999988 0.00000000099999999988 0.00000000099999999988 0.99999999099999992147 
0.00000000099999999950 0.00000000099999999950 0.00000000099999999950 0.00000000099999999950 0.00000000099999999950 0.00000000099999999950 0.00000000099999999950 0.99999999099999992147 0.00000000099999999950 0.00000000099999999950 
0.00000000099999999975 0.00000000099999999975 0.99999999100000014352 0.00000000099999999975 0.00000000099999999975 0.00000000099999999975 0.00000000099999999975 0.00000000099999999975 0.00000000099999999975 0.00000000099999999975 
0.00000000099999999992 0.00000000099999999992 0.00000000099999999992 0.99999999100000003249 0.00000000099999999992 0.00000000099999999992 0.00000000099999999992 0.00000000099999999992 0.00000000099999999992 0.00000000099999999992 
0.00000000099999999991 0.00000000099999999991 0.00000000099999999991 0.00000000099999999991 0.99999999100000003249 0.00000000099999999991 0.00000000099999999991 0.00000000099999999991 0.00000000099999999991 0.00000000099999999991 
0.00000000099999999996 0.35796806458486152280 0.07561658128078989349 0.30325622998809836917 0.00000000099999999996 0.12357945618770885265 0.13957966295854140615 0.00000000099999999996 0.00000000099999999996 0.00000000099999999996 
0.00000000099999999951 0.00000000099999999951 0.00000000099999999951 0.00000000099999999951 0.00000000099999999951 0.00000000099999999951 0.00000000099999999951 0.99999999099999992147 0.00000000099999999951 0.00000000099999999951 
0.00000000099999999955 0.00000000099999999955 0.00000000099999999955 0.00000000099999999955 0.00000000099999999955 0.00000000099999999955 0.00000000099999999955 0.99999999099999992147 0.00000000099999999955 0.00000000099999999955 
0.00000000099999999997 0.34334520391572231901 0.12013922176687055754 0.00000000099999999997 0.06877659876987556042 0.00000000099999999997 0.00000000099999999997 0.00000000099999999997 0.00000000099999999997 0.46773896954753163557 
0.00000000099999999992 0.00000000099999999992 0.00000000099999999992 0.00000000099999999992 0.99999999100000014352 0.00000000099999999992 0.00000000099999999992 0.00000000099999999992 0.00000000099999999992 0.00000000099999999992 
0.99999999100000014352 0.00000000099999999965 0.00000000099999999965 0.00000000099999999965 0.00000000099999999965 0.00000000099999999965 0.00000000099999999965 0.00000000099999999965 0.00000000099999999965 0.00000000099999999965 
0.00000000099999999993 0.00000000099999999993 0.00000000099999999993 0.00000000099999999993 0.99999999100000014352 0.00000000099999999993 0.00000000099999999993 0.00000000099999999993 0.00000000099999999993 0.00000000099999999993 
0.00000000099999999997 0.00000000099999999997 0.34151067457862654964 0.65848931742137362111 0.00000000099999999997 0.00000000099999999997 0.00000000099999999997 0.00000000099999999997 0.00000000099999999997 0.00000000099999999997 
0.00000000099999999945 0.00000000099999999945 0.00000000099999999945 0.00000000099999999945 0.00000000099999999945 0.00000000099999999945 0.00000000099999999945 0.99999999099999992147 0.00000000099999999945 0.00000000099999999945 
0.99999999100000014352 0.00000000099999999947 0.00000000099999999947 0.00000000099999999947 0.00000000099999999947 0.00000000099999999947 0.00000000099999999947 0.00000000099999999947 0.00000000099999999947 0.00000000099999999947 
0.00000000099999999956 0.00000000099999999956 0.00000000099999999956 0.00000000099999999956 0.00000000099999999956 0.00000000099999999956 0.00000000099999999956 0.99999999099999992147 0.00000000099999999956 0.00000000099999999956 
0.00000000099999999986 0.00000000099999999986 0.00000000099999999986 0.00000000099999999986 0.00000000099999999986 0.99999999100000014352 0.00000000099999999986 0.00000000099999999986 0.00000000099999999986 0.00000000099999999986 
0.00000000099999999988 0.00000000099999999988 0.00000000099999999988 0.00000000099999999988 0.99999999100000003249 0.00000000099999999988 0.00000000099999999988 0.00000000099999999988 0.00000000099999999988 0.00000000099999999988 
0.00000000099999999992 0.00000000099999999992 0.00000000099999999992 0.00000000099999999992 0.99999999100000003249 0.00000000099999999992 0.00000000099999999992 0.00000000099999999992 0.00000000099999999992 0.00000000099999999992 
0.00000000099999999998 0.00000000099999999998 0.11931220567835670865 0.18115547031334966466 0.21047940441524859434 0.15523681689834897823 0.30366846540192110604 0.00000000099999999998 0.03014763329277489468 0.00000000099999999998 
0.01200857402617457569 0.36181545077121862741 0.00030180097512677188 0.00000000099999999999 0.00000000099999999999 0.23194950755856441615 0.00636865938158073450 0.00000000099999999999 0.02020018435106685217 0.36735581993626781339 
0.00000000099999999996 0.16070378037489208012 0.16074389592500398782 0.00000000099999999996 0.00000000099999999996 0.00000000099999999996 0.38866236255409702949 0.00000000099999999996 0.00000000099999999996 0.28988995514600673920 
0.00000000099999999997 0.08173779707002284955 0.16171852793992202990 0.45783777336895420396 0.00000000099999999997 0.19646201421357734063 0.00000000099999999997 0.00000000099999999997 0.00000000099999999997 0.10224388240752375900 
0.00000000099999999999 0.22605613046448386205 0.00000000099999999999 0.27351747865944076032 0.00000000099999999999 0.19518660119299877098 0.11882570213237743373 0.00000000099999999999 0.02450158674289812377 0.16191249680780089859 
0.00000000099999999994 0.58482923309428247460 0.00000000099999999994 0.00000000099999999994 0.00000000099999999994 0.00000000099999999994 0.41517075890571764063 0.00000000099999999994 0.00000000099999999994 0.00000000099999999994 
0.00000000099999999997 0.00000000099999999997 0.00000000099999999997 0.28457407947588692076 0.00272093955036630973 0.36772654747158800559 0.18175960851373618166 0.00000000099999999997 0.00000000099999999997 0.16321881998842255324 
0.00000000099999999997 0.31704292027180869251 0.00000000099999999997 0.27461934909501828361 0.00000000099999999997 0.40833772363317305532 0.00000000099999999997 0.00000000099999999997 0.00000000099999999997 0.00000000099999999997 
0.00000000099999999992 0.00000000099999999992 0.00000000099999999992 0.00000000099999999992 0.00000000099999999992 0.00000000099999999992 0.99999999099999992147 0.00000000099999999992 0.00000000099999999992 0.00000000099999999992 
0.00000000099999999994 0.00000000099999999994 0.00000000099999999994 0.00000000099999999994 0.99999999100000014352 0.00000000099999999994 0.00000000099999999994 0.00000000099999999994 0.00000000099999999994 0.00000000099999999994 
0.00000000099999999995 0.00000000099999999995 0.00000000099999999995 0.00000000099999999995 0.95035925503883567078 0.00000000099999999995 0.00000000099999999995 0.00000000099999999995 0.00000000099999999995 0.04964073696116443057 
0.00000000099999999969 0.00000000099999999969 0.00000000099999999969 0.00000000099999999969 0.00000000099999999969 0.00000000099999999969 0.00000000099999999969 0.99999999099999992147 0.00000000099999999969 0.00000000099999999969 
0.00000000099999999996 0.00000000099999999996 0.00000000099999999996 0.00000000099999999996 0.99999999100000014352 0.00000000099999999996 0.00000000099999999996 0.00000000099999999996 0.00000000099999999996 0.00000000099999999996 
0.00000000099999999997 0.00000000099999999997 0.00000401699343636715 0.01335241915308857559 0.98664355685347515657 0.00000000099999999997 0.00000000099999999997 0.00000000099999999997 0.00000000099999999997 0.00000000099999999997 
0.00000000099999999998 0.00000000099999999998 0.14396318608947947237 0.55265415603146561541 0.00000111290097300905 0.00000000099999999998 0.30338153897808195492 0.00000000099999999998 0.00000000099999999998 0.00000000099999999998 
0.00000000099999999938 0.00000000099999999938 0.00000000099999999938 0.00000000099999999938 0.00000000099999999938 0.00000000099999999938 0.00000000099999999938 0.99999999099999992147 0.00000000099999999938 0.00000000099999999938 
0.00000052841696718412 0.00000000099999999999 0.00000034937037501149 0.35208309919133484733 0.00000000099999999999 0.14399583797889922709 0.35286137284731516894 0.00000000099999999999 0.00000000099999999999 0.15105880819510847379 
0.00000000099999999997 0.00000000099999999997 0.09012915191415848959 0.50354263810629096287 0.00000000099999999997 0.40632820297955063449 0.00000000099999999997 0.00000000099999999997 0.00000000099999999997 0.00000000099999999997 
0.00000000099999999994 0.00000000099999999994 0.00000000099999999994 0.99999999100000014352 0.00000000099999999994 0.00000000099999999994 0.00000000099999999994 0.00000000099999999994 0.00000000099999999994 0.00000000099999999994 
0.00000000099999999999 0.28864255250325232538 0.09509869315913926924 0.27267714293769507172 0.00545079222082757962 0.00000000099999999999 0.10812426946440545361 0.00000000099999999999 0.01500368199270696139 0.21500286472197338572 
0.00000000099999999991 0.00000000099999999991 0.00000000099999999991 0.99999999100000014352 0.00000000099999999991 0.00000000099999999991 0.00000000099999999991 0.00000000099999999991 0.00000000099999999991 0.00000000099999999991 
0.00000000099999999990 0.00000000099999999990 0.00000000099999999990 0.00000000099999999990 0.00000000099999999990 0.00000000099999999990 0.99999999100000003249 0.00000000099999999990 0.00000000099999999990 0.00000000099999999990 
0.00000000099999999997 0.48411411635045253909 0.00000000099999999997 0.51588587564954757614 0.00000000099999999997 0.00000000099999999997 0.00000000099999999997 0.00000000099999999997 0.00000000099999999997 0.00000000099999999997 
0.00000000099999999996 0.00000000099999999996 0.00000000099999999996 0.00000000099999999996 0.00000000099999999996 0.00000000099999999996 0.62616900862229840641 0.00000000099999999996 0.00000000099999999996 0.37383098337770154229 
0.02010558529355548768 0.00000000099999999998 0.09881951203883761192 0.35771228198906407370 0.00000000099999999998 0.00000000099999999998 0.00000000099999999998 0.00000000099999999998 0.00000000099999999998 0.52336261467854272578 
0.00124770279173057786 0.08418137389569226026 0.10462532411001967958 0.26844051679830382984 0.00000000099999999999 0.00000000099999999999 0.19646864065237645836 0.00000000099999999999 0.00000000099999999999 0.34503643775187720077 
0.00000000099999999995 0.00000000099999999995 0.00000000099999999995 0.26778443309948279927 0.00000000099999999995 0.00000000099999999995 0.33953378399455425019 0.00000000099999999995 0.00000000099999999995 0.39268177590596281545 
0.01654517191472278451 0.22390679907191973763 0.14761057378764055881 0.61193744922571713385 0.00000000099999999999 0.00000000099999999999 0.00000000099999999999 0.00000000099999999999 0.00000000099999999999 0.00000000099999999999 
0.00000000099999999996 0.26962563617195461907 0.00000000099999999996 0.36504627742445389105 0.00000000099999999996 0.36532807940359146581 0.00000000099999999996 0.00000000099999999996 0.00000000099999999996 0.00000000099999999996 
0.00000000099999999996 0.31079076283158452165 0.00000000099999999996 0.67527158545228460618 0.00000000099999999996 0.00000000099999999996 0.00000000099999999996 0.00000000099999999996 0.00000000099999999996 0.01393764471613101463 
0.00000000099999999996 0.00000000099999999996 0.00000000099999999996 0.59032590137367613181 0.00000000099999999996 0.40967409062632387240 0.00000000099999999996 0.00000000099999999996 0.00000000099999999996 0.00000000099999999996 
0.00000000099999999997 0.17263590640206810667 0.00000000099999999997 0.31906975154442701603 0.00923806402211629733 0.09933412216172186893 0.05822700927402889998 0.00000000099999999997 0.05031400878421828787 0.29118113481141960630 
0.00000000099999999998 0.00000000099999999998 0.18532820679710287903 0.42396851911377197997 0.00000000099999999998 0.00000011160386594976 0.39070315648525916208 0.00000000099999999998 0.00000000099999999998 0.00000000099999999998 
0.00000000099999999998 0.49064540607252798976 0.00000000099999999998 0.00000000099999999998 0.01257613907597001333 0.00000000099999999998 0.49297425523037380346 0.00000000099999999998 0.00380419362112813415 0.00000000099999999998 
0.00000000099999999998 0.03361541979594030033 0.00000000099999999998 0.43743666596176211669 0.00000000099999999998 0.00000000099999999998 0.19463515345993848138 0.00000000099999999998 0.00005647593449292586 0.33425627984786621116 
0.00000000099999999997 0.16868122239362637327 0.00000000099999999997 0.48275990483843411738 0.00000000099999999997 0.00000000099999999997 0.00000000099999999997 0.00000000099999999997 0.00000000099999999997 0.34855886576793959630 
0.00000000100000000000 0.38507803473311696951 0.00093899988112753512 0.00000543713834635893 0.00000000100000000000 0.14051238856097444940 0.00517306940453038551 0.06157435443293481081 0.06541064103664787077 0.34130707281232142147 
0.00000000099999999987 0.99999999100000014352 0.00000000099999999987 0.00000000099999999987 0.00000000099999999987 0.00000000099999999987 0.00000000099999999987 0.00000000099999999987 0.00000000099999999987 0.00000000099999999987 
0.00000000099999999995 0.00000000099999999995 0.30929130447599711973 0.66569378073227614134 0.00000000099999999995 0.00000000099999999995 0.00000000099999999995 0.00000000099999999995 0.02501490779172679466 0.00000000099999999995 
0.00000000099999999994 0.00000000099999999994 0.00000000099999999994 0.99999999100000003249 0.00000000099999999994 0.00000000099999999994 0.00000000099999999994 0.00000000099999999994 0.00000000099999999994 0.00000000099999999994 
0.00000000099999999988 0.00000000099999999988 0.00000000099999999988 0.00000000099999999988 0.00000000099999999988 0.99999999100000003249 0.00000000099999999988 0.00000000099999999988 0.00000000099999999988 0.00000000099999999988 
0.00000000099999999998 0.19628983009494033185 0.00000000099999999998 0.25070895957623678951 0.00000098259278688742 0.16986651196306173928 0.15607804384172130341 0.00000000099999999998 0.03130221750925502033 0.19575345142199804260 
0.00000437834487865912 0.24405065538662445990 0.00000000100000000000 0.31643597058467881622 0.00000000100000000000 0.05538845262501086025 0.18235874484762948367 0.00000000100000000000 0.02954026802921670691 0.17222152718196120924 
0.00000000099999999998 0.14577197894950658097 0.10319123453695509818 0.22466971294083062927 0.00000000099999999998 0.00000000099999999998 0.10760457633612259543 0.00000000099999999998 0.01862847601888470081 0.40013401721770031072 
0.00000000099999999997 0.00000000099999999997 0.17685602127568142428 0.42132683991499619847 0.00000000099999999997 0.14361927281888814401 0.00000000099999999997 0.00000000099999999997 0.00000000099999999997 0.25819785999043415314 
0.00000000099999999997 0.29337254969295506468 0.00000000099999999997 0.21348222919356962812 0.02565967403254827348 0.23658187366137498064 0.23070226674021895863 0.00000000099999999997 0.00000000099999999997 0.00020140267933307725 
0.00000000099999999992 0.00000000099999999992 0.00000000099999999992 0.00000000099999999992 0.99999999100000003249 0.00000000099999999992 0.00000000099999999992 0.00000000099999999992 0.00000000099999999992 0.00000000099999999992 
0.00000000099999999996 0.00000000099999999996 0.00000000099999999996 0.00000000099999999996 0.98301162232984884426 0.00000000099999999996 0.00000000099999999996 0.00000000099999999996 0.00000000099999999996 0.01698836967015119118 
0.00000000099999999959 0.00000000099999999959 0.00000000099999999959 0.00000000099999999959 0.00000000099999999959 0.00000000099999999959 0.00000000099999999959 0.99999999100000003249 0.00000000099999999959 0.00000000099999999959 
0.99999999100000025454 0.00000000099999999949 0.00000000099999999949 0.00000000099999999949 0.00000000099999999949 0.00000000099999999949 0.00000000099999999949 0.00000000099999999949 0.00000000099999999949 0.00000000099999999949 
0.03022149871626326340 0.00000000099999999999 0.05576276795859017033 0.00000000099999999999 0.87171528510756990382 0.00015375838864129982 0.00000000099999999999 0.00000000099999999999 0.04214668482893545176 0.00000000099999999999 
0.00000000099999999995 0.00000000099999999995 0.00000000099999999995 0.53583190879718256561 0.00000000099999999995 0.46416808320281760514 0.00000000099999999995 0.00000000099999999995 0.00000000099999999995 0.00000000099999999995 
0.00000000099999999986 0.00000000099999999986 0.00000000099999999986 0.00000000099999999986 0.00000000099999999986 0.99999999100000003249 0.00000000099999999986 0.00000000099999999986 0.00000000099999999986 0.00000000099999999986 
0.00000000099999999996 0.00000000099999999996 0.04276822898742687479 0.00000000099999999996 0.95723176301257306697 0.00000000099999999996 0.00000000099999999996 0.00000000099999999996 0.00000000099999999996 0.00000000099999999996 
0.00000000099999999998 0.17779393774356028191 0.06291744895920002578 0.42258776105677220425 0.00494459973292669594 0.00000000099999999998 0.20144208728429360833 0.00000000099999999998 0.00000000099999999998 0.13031416122324709916 
0.00382355047705282758 0.26879354979396624659 0.00000000099999999997 0.45614493499283131905 0.00000000099999999997 0.00000000099999999997 0.00000000099999999997 0.00000000099999999997 0.00000000099999999997 0.27123795873614975349 
0.00000000099999999988 0.00000000099999999988 0.00000000099999999988 0.00000000099999999988 0.00000000099999999988 0.00000000099999999988 0.99999999100000003249 0.00000000099999999988 0.00000000099999999988 0.00000000099999999988 
0.00000000099999999946 0.00000000099999999946 0.00000000099999999946 0.00000000099999999946 0.00000000099999999946 0.00000000099999999946 0.00000000099999999946 0.99999999100000003249 0.00000000099999999946 0.00000000099999999946 
0.00000000099999999949 0.00000000099999999949 0.00000000099999999949 0.00000000099999999949 0.00000000099999999949 0.00000000099999999949 0.00000000099999999949 0.99999999100000003249 0.00000000099999999949 0.00000000099999999949 
0.00000000099999999939 0.00000000099999999939 0.00000000099999999939 0.00000000099999999939 0.00000000099999999939 0.00000000099999999939 0.00000000099999999939 0.99999999100000003249 0.00000000099999999939 0.00000000099999999939 
0.00000000099999999941 0.00000000099999999941 0.00000000099999999941 0.00000000099999999941 0.00000000099999999941 0.00000000099999999941 0.00000000099999999941 0.99999999099999992147 0.00000000099999999941 0.00000000099999999941 
0.00000000099999999943 0.00000000099999999943 0.00000000099999999943 0.00000000099999999943 0.00000000099999999943 0.00000000099999999943 0.00000000099999999943 0.99999999100000003249 0.00000000099999999943 0.00000000099999999943 
0.00000000099999999996 0.00000000099999999996 0.00000000099999999996 0.00000000099999999996 0.99999999100000014352 0.00000000099999999996 0.00000000099999999996 0.00000000099999999996 0.00000000099999999996 0.00000000099999999996 
0.00000000099999999986 0.00000000099999999986 0.00000000099999999986 0.00000000099999999986 0.00000000099999999986 0.99999999100000014352 0.00000000099999999986 0.00000000099999999986 0.00000000099999999986 0.00000000099999999986 
0.00000000099999999942 0.00000000099999999942 0.00000000099999999942 0.00000000099999999942 0.00000000099999999942 0.00000000099999999942 0.00000000099999999942 0.99999999099999992147 0.00000000099999999942 0.00000000099999999942 
0.00000000099999999951 0.00000000099999999951 0.00000000099999999951 0.00000000099999999951 0.00000000099999999951 0.00000000099999999951 0.00000000099999999951 0.99999999099999992147 0.00000000099999999951 0.00000000099999999951 
0.99999999100000025454 0.00000000099999999947 0.00000000099999999947 0.00000000099999999947 0.00000000099999999947 0.00000000099999999947 0.00000000099999999947 0.00000000099999999947 0.00000000099999999947 0.00000000099999999947 
0.99999999100000014352 0.00000000099999999948 0.00000000099999999948 0.00000000099999999948 0.00000000099999999948 0.00000000099999999948 0.00000000099999999948 0.00000000099999999948 0.00000000099999999948 0.00000000099999999948 
0.00000000099999999998 0.13829506931742516218 0.11624207736601503693 0.20779904535912391284 0.00000000099999999998 0.00000000099999999998 0.43257034034321412141 0.00000000099999999998 0.00000000099999999998 0.10509346261422188029 
0.00000000099999999946 0.00000000099999999946 0.00000000099999999946 0.00000000099999999946 0.00000000099999999946 0.00000000099999999946 0.00000000099999999946 0.99999999100000003249 0.00000000099999999946 0.00000000099999999946 
0.00000000099999999997 0.04450665736063635913 0.00000456423760463533 0.69513892750890049488 0.00000000099999999997 0.26034984489285867282 0.00000000099999999997 0.00000000099999999997 0.00000000099999999997 0.00000000099999999997 
0.00000000099999999994 0.00000000099999999994 0.00000000099999999994 0.00000000099999999994 0.00000000099999999994 0.54714440186410229217 0.45285559013589765653 0.00000000099999999994 0.00000000099999999994 0.00000000099999999994 
0.00000000099999999997 0.00000000099999999997 0.00000000099999999997 0.00000000099999999997 0.93947571865380408163 0.00000000099999999997 0.00000129273036286188 0.00000000099999999997 0.01142733603165239226 0.04909564658418077293 
0.00000000099999999997 0.29487814339170470568 0.00000000099999999997 0.23080312414468298621 0.00000000099999999997 0.22437509278733627771 0.00000000099999999997 0.00000000099999999997 0.00000000099999999997 0.24994363367627617234 
0.00000000099999999989 0.00000000099999999989 0.00000000099999999989 0.00000000099999999989 0.99999999100000014352 0.00000000099999999989 0.00000000099999999989 0.00000000099999999989 0.00000000099999999989 0.00000000099999999989 
0.00000000099999999991 0.00000000099999999991 0.00000000099999999991 0.99999999100000014352 0.00000000099999999991 0.00000000099999999991 0.00000000099999999991 0.00000000099999999991 0.00000000099999999991 0.00000000099999999991 
0.00000000099999999992 0.00000000099999999992 0.00000000099999999992 0.00000000099999999992 0.99999999100000003249 0.00000000099999999992 0.00000000099999999992 0.00000000099999999992 0.00000000099999999992 0.00000000099999999992 
0.00690994726939744407 0.00000000099999999998 0.00187601767859671875 0.65221375133328363116 0.00000000099999999998 0.30905274548440114790 0.00000000099999999998 0.00000000099999999998 0.02994753323432097075 0.00000000099999999998 
0.00000000099999999987 0.00000000099999999987 0.00000000099999999987 0.00000000099999999987 0.00000000099999999987 0.00000000099999999987 0.00000000099999999987 0.00000000099999999987 0.00000000099999999987 0.99999999099999992147 
0.00000000099999999951 0.00000000099999999951 0.00000000099999999951 0.00000000099999999951 0.00000000099999999951 0.00000000099999999951 0.00000000099999999951 0.99999999100000003249 0.00000000099999999951 0.00000000099999999951 
0.00000000099999999992 0.00000000099999999992 0.00000000099999999992 0.00000000099999999992 0.99999999100000014352 0.00000000099999999992 0.00000000099999999992 0.00000000099999999992 0.00000000099999999992 0.00000000099999999992 
0.00000000099999999943 0.00000000099999999943 0.00000000099999999943 0.00000000099999999943 0.00000000099999999943 0.00000000099999999943 0.00000000099999999943 0.99999999099999992147 0.00000000099999999943 0.00000000099999999943 
0.00000000099999999943 0.00000000099999999943 0.00000000099999999943 0.00000000099999999943 0.00000000099999999943 0.00000000099999999943 0.00000000099999999943 0.99999999100000003249 0.00000000099999999943 0.00000000099999999943 
0.00000000099999999986 0.00000000099999999986 0.00000000099999999986 0.00000000099999999986 0.00000000099999999986 0.00000000099999999986 0.00000000099999999986 0.00000000099999999986 0.00000000099999999986 0.99999999100000003249 
0.00000000099999999997 0.00314431949047305065 0.00014201756931043685 0.48793821819584543009 0.01076191423625136832 0.00119439238092547743 0.28503560745733302895 0.00000000099999999997 0.00000000099999999997 0.21178352766986119349 
0.00000000099999999995 0.00000000099999999995 0.00000000099999999995 0.51602640127743981679 0.00000000099999999995 0.00000000099999999995 0.00000000221797107701 0.00000000099999999995 0.00000000099999999995 0.48397358950458907456 
0.00000000099999999998 0.13606424301886924089 0.01080262327723485218 0.40426273711210125583 0.00000000099999999998 0.07678314677285169587 0.19034748846122778732 0.00000000099999999998 0.03834492622910212756 0.14339483212861309225 
0.00000000099999999996 0.37184826651175778567 0.33790557674849996950 0.25396494698494348485 0.00000000099999999996 0.00038166693302909882 0.00066351407001949924 0.00000000099999999996 0.03523602475175027088 0.00000000099999999996 
0.00000000099999999997 0.00000000099999999997 0.00000000099999999997 0.54440412968923923565 0.00000000099999999997 0.45559586231076087959 0.00000000099999999997 0.00000000099999999997 0.00000000099999999997 0.00000000099999999997 
0.00000000099999999994 0.00000000099999999994 0.00000000099999999994 0.00000000099999999994 0.00000000099999999994 0.40987635644368469734 0.00000000099999999994 0.00000000099999999994 0.00000000099999999994 0.59012363555631508483 
