0.00000004794531933329 0.00000000099999999999 0.00863417932312657288 0.00000000099999999999 0.16806975144025079749 0.00000000099999999999 0.02115993477822216903 0.48617683674055778287 0.31595924677252346102 
0.00000000099999999993 0.00000000099999999993 0.53681035334352511512 0.00000000099999999993 0.00000000099999999993 0.46318963965647486081 0.00000000099999999993 0.00000000099999999993 0.00000000099999999993 
0.00000000099999999984 0.00000000099999999984 0.00000000099999999984 0.00000000099999999984 0.00000000099999999984 0.99999999200000011523 0.00000000099999999984 0.00000000099999999984 0.00000000099999999984 
0.16452048732732313385 0.00000000099999999998 0.00000000293722101002 0.00000000099999999998 0.07273099817621238306 0.04253351455013745785 0.00000000099999999998 0.27820316810189721357 0.44201182590720894394 
0.11169081495760431466 0.00000000099999999999 0.00000000099999999999 0.00000000099999999999 0.22334954379075419584 0.00000000099999999999 0.00557627793108316384 0.35458140843865776359 0.30480195088190065178 
0.00000000099999999998 0.00000000099999999998 0.00000000099999999998 0.00000000099999999998 0.11292443328155706006 0.02797580189074684934 0.00000000099999999998 0.40289132921782977448 0.45620843060986637774 
0.00000000099999999993 0.00000000099999999993 0.61132203254799777348 0.00000000099999999993 0.00000000099999999993 0.38867796045200231347 0.00000000099999999993 0.00000000099999999993 0.00000000099999999993 
0.00000000099999999984 0.00000000099999999984 0.99999999200000000421 0.00000000099999999984 0.00000000099999999984 0.00000000099999999984 0.00000000099999999984 0.00000000099999999984 0.00000000099999999984 
0.26037883925752852710 0.00000000099999999998 0.00000000099999999998 0.00000000099999999998 0.09042316304473793642 0.00000000211303673718 0.01316069018410388237 0.25252362690233881581 0.38351367549825393644 
0.00000000099999999985 0.00000000099999999985 0.99999999200000000421 0.00000000099999999985 0.00000000099999999985 0.00000000099999999985 0.00000000099999999985 0.00000000099999999985 0.00000000099999999985 
0.23441335212366776197 0.00000000099999999999 0.01137760197871922480 0.00000000099999999999 0.25654952344028236766 0.00000019687388330639 0.00922139385377097713 0.38029076874768941163 0.10814716098198706717 
0.00000605563709493748 0.00000000099999999997 0.01747482029852319776 0.00000000099999999997 0.21162496899150073926 0.00000000099999999997 0.00267606525196641132 0.44873450824193378272 0.31948357857898085355 
0.21012331699180397671 0.00000000099999999999 0.00000000099999999999 0.00000000099999999999 0.26958531821596665168 0.00007675755770689776 0.00001074141112936398 0.28377388622167337706 0.23642997660171974350 
0.00000000099999999999 0.00000000099999999999 0.00000000099999999999 0.00000000099999999999 0.19778264114960286690 0.01739873526040037338 0.00774942666716652538 0.58992674660172839118 0.18714244632110180189 
0.00000000099999999994 0.00000000099999999994 0.00000000099999999994 0.00000000099999999994 0.00000000099999999994 0.00000000099999999994 0.00000000099999999994 0.99999999200000000421 0.00000000099999999994 
0.07749224432066911805 0.00000000099999999999 0.00030740449992301152 0.00000000099999999999 0.17054284909806294301 0.05837617270259228691 0.02869059970239441412 0.38001501648424546032 0.28457571119211289012 
0.00000000099999999993 0.00000000099999999993 0.00000000099999999993 0.00000000099999999993 0.00000000099999999993 0.00000000099999999993 0.00000000099999999993 0.99999999200000000421 0.00000000099999999993 
0.00000000099999999992 0.00000000099999999992 0.00000000099999999992 0.00000000099999999992 0.00000000099999999992 0.00000000099999999992 0.00000000099999999992 0.00000000099999999992 0.99999999199999989319 
0.00000000099999999993 0.00000000099999999993 0.00000000099999999993 0.00000000099999999993 0.00000000099999999993 0.00000000099999999993 0.00000000099999999993 0.00000000099999999993 0.99999999200000000421 
0.99999999200000022626 0.00000000099999999988 0.00000000099999999988 0.00000000099999999988 0.00000000099999999988 0.00000000099999999988 0.00000000099999999988 0.00000000099999999988 0.00000000099999999988 
0.25848807053487332652 0.00000000099999999999 0.00000000099999999999 0.00000000099999999999 0.26769473682923911051 0.00000000099999999999 0.00000000099999999999 0.23877450845692024806 0.23504267917896726203 
0.00000000099999999995 0.00000000099999999995 0.45981537603751149179 0.00000000099999999995 0.00000000099999999995 0.54018461696248842863 0.00000000099999999995 0.00000000099999999995 0.00000000099999999995 
0.49406252049926990821 0.00000000099999999994 0.00000000099999999994 0.00000000099999999994 0.50593747250073017874 0.00000000099999999994 0.00000000099999999994 0.00000000099999999994 0.00000000099999999994 
0.00000000099999999981 0.00000000099999999981 0.00000000099999999981 0.00000000099999999981 0.99999999200000000421 0.00000000099999999981 0.00000000099999999981 0.00000000099999999981 0.00000000099999999981 
0.00000000099999999989 0.00000000099999999989 0.00000000099999999989 0.00000000099999999989 0.99999999200000011523 0.00000000099999999989 0.00000000099999999989 0.00000000099999999989 0.00000000099999999989 
0.00000000099999999997 0.00000000099999999997 0.00000000099999999997 0.00000000099999999997 0.34138131905530505472 0.00000000099999999997 0.00000000099999999997 0.39451763413813895065 0.26410104080655588676 
0.00000000099999999966 0.00000000099999999966 0.00000000099999999966 0.00000000099999999966 0.00000000099999999966 0.00000000099999999966 0.99999999200000000421 0.00000000099999999966 0.00000000099999999966 
0.00000000099999999961 0.00000000099999999961 0.00000000099999999961 0.00000000099999999961 0.00000000099999999961 0.00000000099999999961 0.99999999200000000421 0.00000000099999999961 0.00000000099999999961 
0.00000000099999999997 0.00000000099999999997 0.00000000099999999997 0.00000000099999999997 0.35535231122187266317 0.00000000099999999997 0.00000000099999999997 0.00000000099999999997 0.64464768177812725725 
0.00000000099999999992 0.00000000099999999992 0.00000000099999999992 0.00000000099999999992 0.00000000099999999992 0.00000000099999999992 0.00000000099999999992 0.99999999199999989319 0.00000000099999999992 
0.31021643824908640141 0.00000000099999999997 0.01580092604849121785 0.00000000099999999997 0.27681259385264406214 0.00000000099999999997 0.00000000099999999997 0.00177743838758641771 0.39539259946219190711 
0.00000000099999999988 0.00000000099999999988 0.99999999200000000421 0.00000000099999999988 0.00000000099999999988 0.00000000099999999988 0.00000000099999999988 0.00000000099999999988 0.00000000099999999988 
0.00000000099999999986 0.00000000099999999986 0.20140456337636666873 0.00000000099999999986 0.44552232602465369204 0.00000000099999999986 0.35307310459897972565 0.00000000099999999986 0.00000000099999999986 
0.30343421399529441063 0.00000000099999999996 0.00000000099999999996 0.00000000099999999996 0.00000000099999999996 0.00000000099999999996 0.00000000099999999996 0.69656398403768093885 0.00000179596702453844 
0.00000000099999999954 0.00000000099999999954 0.00000000099999999954 0.99999999200000000421 0.00000000099999999954 0.00000000099999999954 0.00000000099999999954 0.00000000099999999954 0.00000000099999999954 
0.00000000099999999947 0.00000000099999999947 0.00000000099999999947 0.99999999200000000421 0.00000000099999999947 0.00000000099999999947 0.00000000099999999947 0.00000000099999999947 0.00000000099999999947 
0.00000000099999999948 0.00000000099999999948 0.00000000099999999948 0.99999999200000000421 0.00000000099999999948 0.00000000099999999948 0.00000000099999999948 0.00000000099999999948 0.00000000099999999948 
0.00000000099999999968 0.00000000099999999968 0.00000000099999999968 0.00000000099999999968 0.00000000099999999968 0.00000000099999999968 0.99999999200000000421 0.00000000099999999968 0.00000000099999999968 
0.00000000099999999963 0.00000000099999999963 0.00000000099999999963 0.00000000099999999963 0.00000000099999999963 0.00000000099999999963 0.99999999199999989319 0.00000000099999999963 0.00000000099999999963 
0.27867539087754106264 0.00000000099999999996 0.00000000099999999996 0.00000000099999999996 0.35083395788289090111 0.00000000099999999996 0.00000000099999999996 0.00000000099999999996 0.37049064523956809492 
0.00000000099999999985 0.00000000099999999985 0.00000000099999999985 0.00000000099999999985 0.00000000099999999985 0.99999999200000000421 0.00000000099999999985 0.00000000099999999985 0.00000000099999999985 
0.00000000099999999965 0.00000000099999999965 0.00000000099999999965 0.00000000099999999965 0.00000000099999999965 0.00000000099999999965 0.99999999200000000421 0.00000000099999999965 0.00000000099999999965 
0.00000000120630904661 0.00000000099999999997 0.00000000099999999997 0.00000000099999999997 0.45503641686316365078 0.02260625266400194400 0.00000000099999999997 0.00000000099999999997 0.52235732426652548011 
0.00000000099999999983 0.00000000099999999983 0.00000000099999999983 0.00000000099999999983 0.00000000099999999983 0.99999999200000011523 0.00000000099999999983 0.00000000099999999983 0.00000000099999999983 
0.00000000099999999969 0.00000000099999999969 0.00000000099999999969 0.00000000099999999969 0.00000000099999999969 0.00000000099999999969 0.99999999200000000421 0.00000000099999999969 0.00000000099999999969 
0.00000000099999999997 0.00000000099999999997 0.00000000099999999997 0.00000000099999999997 0.00000000099999999997 0.01662257350242556803 0.00090132222010819922 0.64419117898273869915 0.33828492029472739810 
0.00000000099999999965 0.00000000099999999965 0.00000000099999999965 0.00000000099999999965 0.00000000099999999965 0.00000000099999999965 0.99999999200000000421 0.00000000099999999965 0.00000000099999999965 
0.00000000099999999984 0.00000000099999999984 0.00000000099999999984 0.00000000099999999984 0.00000000099999999984 0.99999999200000000421 0.00000000099999999984 0.00000000099999999984 0.00000000099999999984 
0.00000000099999999989 0.00000000099999999989 0.58072356891231824427 0.00000000099999999989 0.00000000099999999989 0.41927642408768173166 0.00000000099999999989 0.00000000099999999989 0.00000000099999999989 
0.00000000099999999961 0.00000000099999999961 0.00000000099999999961 0.00000000099999999961 0.00000000099999999961 0.00000000099999999961 0.99999999200000000421 0.00000000099999999961 0.00000000099999999961 
0.00000000099999999964 0.00000000099999999964 0.00000000099999999964 0.00000000099999999964 0.00000000099999999964 0.00000000099999999964 0.99999999199999989319 0.00000000099999999964 0.00000000099999999964 
0.00000000099999999993 0.00000000099999999993 0.61739452161006280750 0.00000000099999999993 0.00000000099999999993 0.38260547138993722394 0.00000000099999999993 0.00000000099999999993 0.00000000099999999993 
0.00000000099999999986 0.00000000099999999986 0.99999999200000000421 0.00000000099999999986 0.00000000099999999986 0.00000000099999999986 0.00000000099999999986 0.00000000099999999986 0.00000000099999999986 
0.00000000099999999995 0.00000000099999999995 0.41501065266140485521 0.00000000099999999995 0.00000000099999999995 0.58498934033859506521 0.00000000099999999995 0.00000000099999999995 0.00000000099999999995 
0.00000000099999999970 0.00000000099999999970 0.00000000099999999970 0.00000000099999999970 0.00000000099999999970 0.00000000099999999970 0.99999999200000000421 0.00000000099999999970 0.00000000099999999970 
0.26822648386807090848 0.00000000099999999999 0.05614325674300491703 0.00000000099999999999 0.15980805869611233727 0.00000000099999999999 0.01260156983985003670 0.16611950908187148035 0.33710111877109022460 
0.16267711206623383657 0.00000000099999999998 0.00000000099999999998 0.00000000099999999998 0.25997925756071837977 0.00000000099999999998 0.01633593009940256802 0.00000000099999999998 0.56100769527364513500 
0.00000000099999999996 0.00000000099999999996 0.00000000099999999996 0.00000000099999999996 0.00000000099999999996 0.02704575941589244456 0.00000000099999999996 0.59858520806043413742 0.37436902652367348709 
0.28033485203777736006 0.00000000099999999998 0.00000000099999999998 0.00000000099999999998 0.11470374323090300195 0.01381230740005834172 0.00000000099999999998 0.31129049142198050859 0.27985860190928080193 
0.00000000099999999985 0.00000000099999999985 0.00000000099999999985 0.00000000099999999985 0.00000000099999999985 0.99999999200000011523 0.00000000099999999985 0.00000000099999999985 0.00000000099999999985 
0.00000000099999999993 0.00000000099999999993 0.00000000099999999993 0.00000000099999999993 0.00000000099999999993 0.00000000099999999993 0.00000000099999999993 0.00000000099999999993 0.99999999199999989319 
0.00000000099999999953 0.99999999200000022626 0.00000000099999999953 0.00000000099999999953 0.00000000099999999953 0.00000000099999999953 0.00000000099999999953 0.00000000099999999953 0.00000000099999999953 
0.54339668784447492378 0.00000000099999999993 0.00000000099999999993 0.00000000099999999993 0.00000000099999999993 0.00000000099999999993 0.00000000099999999993 0.00000000099999999993 0.45660330515552521868 
0.00000000099999999953 0.99999999200000011523 0.00000000099999999953 0.00000000099999999953 0.00000000099999999953 0.00000000099999999953 0.00000000099999999953 0.00000000099999999953 0.00000000099999999953 
0.30956720942920940010 0.00000000099999999998 0.03677721752282564482 0.00000000099999999998 0.25403656278942160496 0.00000000099999999998 0.00000000099999999998 0.27866968629001692692 0.12094931996852652245 
0.00000000099999999952 0.99999999200000022626 0.00000000099999999952 0.00000000099999999952 0.00000000099999999952 0.00000000099999999952 0.00000000099999999952 0.00000000099999999952 0.00000000099999999952 
0.00000000099999999997 0.00000000099999999997 0.00387952910110123117 0.00000000099999999997 0.00000000099999999997 0.00000000099999999997 0.00000000099999999997 0.46288201611357981946 0.53323844878531900804 
0.00000000099999999996 0.00000000099999999996 0.00000000099999999996 0.00000000099999999996 0.00000000099999999996 0.00000000099999999996 0.00000000099999999996 0.99999999199999989319 0.00000000099999999996 
0.00000000099999999990 0.00000000099999999990 0.65758421361968844021 0.00000000099999999990 0.00000000099999999990 0.34241577938031159123 0.00000000099999999990 0.00000000099999999990 0.00000000099999999990 
0.00000000099999999990 0.00000000099999999990 0.00000000099999999990 0.00000000099999999990 0.00000000099999999990 0.00000000099999999990 0.00000000099999999990 0.99999999199999989319 0.00000000099999999990 
0.00000000099999999954 0.00000000099999999954 0.00000000099999999954 0.99999999200000011523 0.00000000099999999954 0.00000000099999999954 0.00000000099999999954 0.00000000099999999954 0.00000000099999999954 
0.00000000099999999955 0.99999999200000011523 0.00000000099999999955 0.00000000099999999955 0.00000000099999999955 0.00000000099999999955 0.00000000099999999955 0.00000000099999999955 0.00000000099999999955 
0.27130734121793415037 0.00000000099999999998 0.08067487559760914972 0.00000000099999999998 0.42026986411189309889 0.00000000099999999998 0.00631203096309971949 0.00713364148261585833 0.21430224362684796580 
0.00000000099999999984 0.00000000099999999984 0.99999999200000011523 0.00000000099999999984 0.00000000099999999984 0.00000000099999999984 0.00000000099999999984 0.00000000099999999984 0.00000000099999999984 
0.00000000099999999971 0.00000000099999999971 0.00000000099999999971 0.00000000099999999971 0.00000000099999999971 0.00000000099999999971 0.99999999199999989319 0.00000000099999999971 0.00000000099999999971 
0.00000000099999999992 0.00000000099999999992 0.41795476957102706272 0.00000000099999999992 0.00000000099999999992 0.58204522342897291320 0.00000000099999999992 0.00000000099999999992 0.00000000099999999992 
0.16947955975140066576 0.00000000099999999999 0.00000000099999999999 0.00000000099999999999 0.00000000099999999999 0.03718280384200243344 0.00000000099999999999 0.40249435348466261475 0.39084327792193429563 
0.00000000099999999951 0.00000000099999999951 0.00000000099999999951 0.99999999200000011523 0.00000000099999999951 0.00000000099999999951 0.00000000099999999951 0.00000000099999999951 0.00000000099999999951 
0.00000000099999999958 0.00000000099999999958 0.00000000099999999958 0.00000000099999999958 0.00000000099999999958 0.00000000099999999958 0.99999999199999989319 0.00000000099999999958 0.00000000099999999958 
0.00000000099999999967 0.32490779032598032794 0.00000000099999999967 0.67509220267401959248 0.00000000099999999967 0.00000000099999999967 0.00000000099999999967 0.00000000099999999967 0.00000000099999999967 
0.00000000099999999990 0.00000000099999999990 0.00000000099999999990 0.00000000099999999990 0.99999999200000011523 0.00000000099999999990 0.00000000099999999990 0.00000000099999999990 0.00000000099999999990 
0.00000000099999999981 0.00000000099999999981 0.99999999200000011523 0.00000000099999999981 0.00000000099999999981 0.00000000099999999981 0.00000000099999999981 0.00000000099999999981 0.00000000099999999981 
0.00000000099999999991 0.00000000099999999991 0.40292691983960920998 0.00000000099999999991 0.00000000099999999991 0.59707307316039071043 0.00000000099999999991 0.00000000099999999991 0.00000000099999999991 
0.17011327311442334120 0.00000000099999999997 0.04113038729792575093 0.00000000099999999997 0.00000000099999999997 0.18855158425125231880 0.00124138009098929058 0.39676980509825365839 0.20219356714715575052 
0.22459836410092409720 0.00000000099999999999 0.00000000099999999999 0.00000000099999999999 0.35216819139332455890 0.00000000099999999999 0.02076869108804977465 0.02189691316645693900 0.38056783625124473991 
0.52224816799835638292 0.00000000099999999994 0.00000000099999999994 0.00000000099999999994 0.47775182500164381505 0.00000000099999999994 0.00000000099999999994 0.00000000099999999994 0.00000000099999999994 
0.09495922558274937086 0.00000000099999999998 0.02078746227651651762 0.00000000099999999998 0.26795793158086783636 0.00000000099999999998 0.00000000099999999998 0.23230412254143886774 0.38399125401842748584 
0.39467044484965724260 0.00000000099999999997 0.00000000099999999997 0.00000000099999999997 0.33257087013506775319 0.00000000099999999997 0.00000000099999999997 0.00000000099999999997 0.27275867901527489634 
0.30787579173590817749 0.00000000099999999994 0.00000000099999999994 0.00000000099999999994 0.00000000099999999994 0.00000000099999999994 0.00000000099999999994 0.69212419927997081981 0.00000000298412080293 
0.39364036902934029793 0.00000000099999999995 0.00000000099999999995 0.00000000099999999995 0.00000000099999999995 0.00000000099999999995 0.00000000099999999995 0.00000000099999999995 0.60635962397065967799 
0.37039018162254316868 0.00000000099999999997 0.00000000099999999997 0.00000000099999999997 0.26313507676653619116 0.01516896225080896325 0.00000000099999999997 0.14176826470137346425 0.20953751065873837955 
0.28501253885626792739 0.00000000099999999998 0.00000000099999999998 0.00000000099999999998 0.33926277322492087718 0.03519399734502750426 0.00000000099999999998 0.28762635441318024077 0.05290433216060355659 
0.00000000099999999983 0.00000000099999999983 0.00000000099999999983 0.00000000099999999983 0.00000000099999999983 0.99999999200000011523 0.00000000099999999983 0.00000000099999999983 0.00000000099999999983 
0.00000000099999999989 0.00000000099999999989 0.99999999200000011523 0.00000000099999999989 0.00000000099999999989 0.00000000099999999989 0.00000000099999999989 0.00000000099999999989 0.00000000099999999989 
0.00000000099999999974 0.29357028849229210854 0.00000000099999999974 0.70642970450770781188 0.00000000099999999974 0.00000000099999999974 0.00000000099999999974 0.00000000099999999974 0.00000000099999999974 
0.00000000099999999995 0.00000000099999999995 0.43530151189952787094 0.00000000099999999995 0.00000000099999999995 0.56469848110047204948 0.00000000099999999995 0.00000000099999999995 0.00000000099999999995 
0.00000000099999999995 0.00000000099999999995 0.37161921671244424470 0.00000000099999999995 0.00000000099999999995 0.62838077628755573123 0.00000000099999999995 0.00000000099999999995 0.00000000099999999995 
0.00000000099999999997 0.00000000099999999997 0.01905843536530213433 0.00000000099999999997 0.23828612824169884132 0.00000000099999999997 0.00197637001958985955 0.30917589139417944732 0.43150317097922974430 
0.00000000099999999946 0.99999999200000022626 0.00000000099999999946 0.00000000099999999946 0.00000000099999999946 0.00000000099999999946 0.00000000099999999946 0.00000000099999999946 0.00000000099999999946 
0.24159659797247945434 0.00000000099999999998 0.00000000099999999998 0.00000000099999999998 0.23776026167359845531 0.00000000099999999998 0.00000000099999999998 0.09959701882538905815 0.42104611652853302095 
0.00000000099999999992 0.00000000099999999992 0.00000000099999999992 0.00000000099999999992 0.00000000099999999992 0.00000000099999999992 0.00000000099999999992 0.00000000099999999992 0.99999999200000000421 
0.00000000099999999997 0.00000000099999999997 0.00000000099999999997 0.00000000099999999997 0.25133957674404017180 0.00000000099999999997 0.00000000099999999997 0.74866041625595980413 0.00000000099999999997 
0.00000000099999999991 0.00000000099999999991 0.00000000099999999991 0.00000000099999999991 0.99999999200000011523 0.00000000099999999991 0.00000000099999999991 0.00000000099999999991 0.00000000099999999991 
0.49159791025680105170 0.00000000099999999995 0.00000000099999999995 0.00000000099999999995 0.50840208274319909076 0.00000000099999999995 0.00000000099999999995 0.00000000099999999995 0.00000000099999999995 
0.00000000099999999998 0.00000000099999999998 0.00000000099999999998 0.00000000099999999998 0.31458070477298538670 0.04470544128504213427 0.00000000099999999998 0.32501845762682096685 0.31569539131515156338 
0.13782020964941130159 0.00000000099999999997 0.00000000099999999997 0.00000000099999999997 0.26410258131346359134 0.00000000099999999997 0.00000000099999999997 0.59807720303712497145 0.00000000099999999997 
0.30741174816619265542 0.00000000099999999998 0.02718265432210461088 0.00000000099999999998 0.00000000099999999998 0.00000000099999999998 0.00307384267272964393 0.29304752730187660914 0.36928422353709650094 
0.00000000684076594521 0.00000000099999999999 0.01568825944513107043 0.00000000099999999999 0.00005410729181496859 0.00000000099999999999 0.03088085458996362234 0.50243271101007935808 0.45094405782224511459 
0.00000000099999999993 0.00000000099999999993 0.00000000099999999993 0.00000000099999999993 0.00000000099999999993 0.00000000099999999993 0.00000000099999999993 0.00000000099999999993 0.99999999199999989319 
0.17496857134553314705 0.00000000099999999996 0.00000000099999999996 0.00000000099999999996 0.00000000099999999996 0.00000000099999999996 0.00000000099999999996 0.49096105946562379474 0.33407036318884297810 
0.25163527199647367505 0.00000000099999999997 0.00000000099999999997 0.00000000099999999997 0.74836472100352646741 0.00000000099999999997 0.00000000099999999997 0.00000000099999999997 0.00000000099999999997 
0.25240792250675114783 0.00000000099999999997 0.00000000099999999997 0.00000000099999999997 0.12007158879591603440 0.00000000099999999997 0.00741891654240255365 0.34786424680767846773 0.27223732134725164844 
0.20836563554306697377 0.00000000099999999998 0.00000000099999999998 0.00000000099999999998 0.33763536599911769809 0.00000023418949289825 0.00000000099999999998 0.45399875926832228279 0.00000000099999999998 
0.22010395783032085659 0.00000000099999999998 0.00000000099999999998 0.00000000099999999998 0.18902405607183145331 0.00000000099999999998 0.00000000099999999998 0.30508397120357388932 0.28578800989427383117 
0.24800492677187699342 0.00000000099999999997 0.00000000099999999997 0.00000000099999999997 0.28253219998685524805 0.03664429576796367216 0.00000000099999999997 0.26731213144852694619 0.16550644202477712841 
0.09072368507781042313 0.00000000099999999999 0.00000000099999999999 0.00000000099999999999 0.21750426768508737685 0.01461149652094729731 0.00095849676266750736 0.43811217908786537212 0.23808987186562202698 
0.14460949458965746683 0.00000000099999999998 0.05237813356087311911 0.00000000099999999998 0.12658484369164568761 0.00000000099999999998 0.00000000099999999998 0.42285105890705831921 0.25357646525076532606 
0.00000000099999999995 0.00000000099999999995 0.00000000099999999995 0.00000000099999999995 0.00000000099999999995 0.00000000099999999995 0.00000000099999999995 0.99999999200000000421 0.00000000099999999995 
0.00000000099999999997 0.00000000099999999997 0.00000482303315723785 0.00000000099999999997 0.27446077080417635718 0.02688315147181088299 0.00000000099999999997 0.42729481380159556325 0.27135643688926014416 
0.00000000099999999999 0.00000000099999999999 0.00000000099999999999 0.07803982839499444546 0.92196016460500573864 0.00000000099999999999 0.00000000099999999999 0.00000000099999999999 0.00000000099999999999 
0.00000000099999999994 0.00000000099999999994 0.00000000099999999994 0.00000000099999999994 0.41914935903602207334 0.00000000099999999994 0.00000000099999999994 0.58085063396397773605 0.00000000099999999994 
0.00000000099999999994 0.00000000099999999994 0.00000000099999999994 0.00000000099999999994 0.44148515837864493738 0.01515912895848393720 0.00000000099999999994 0.00000000099999999994 0.54335570666287102970 
0.00000000099999999995 0.00000000099999999995 0.00000000099999999995 0.00000000099999999995 0.44578582589126847235 0.00000000099999999995 0.00000000099999999995 0.55421416710873139255 0.00000000099999999995 
0.00000000099999999997 0.00000000099999999997 0.00000000099999999997 0.00000000099999999997 0.42469399241605965134 0.00000000099999999997 0.01080707377203451308 0.29659305145038100671 0.26790587736152476905 
0.29189173108218186004 0.00000000099999999997 0.00000000099999999997 0.00000000099999999997 0.20971607091993463290 0.02002054068366250147 0.00000000099999999997 0.09017271362911091770 0.38819893968511015592 
0.00000000100000000000 0.00000000100000000000 0.00000000100000000000 0.00000000100000000000 0.31238138423767253249 0.00000000100000000000 0.00000052515104097690 0.41657940181212682607 0.27103868379915957432 
0.46880838205936808949 0.00000000099999999997 0.00000000099999999997 0.00000000099999999997 0.00000009824209836841 0.00000000322210885527 0.00000000099999999997 0.00000000099999999997 0.53119151147642462707 
0.11807031514213200962 0.00000000099999999996 0.00000000099999999996 0.00000000099999999996 0.00003163231468152435 0.00000000099999999996 0.00000000099999999996 0.52417767744865118029 0.35772037009453538925 
0.99999999200000022626 0.00000000099999999987 0.00000000099999999987 0.00000000099999999987 0.00000000099999999987 0.00000000099999999987 0.00000000099999999987 0.00000000099999999987 0.00000000099999999987 
0.00000000099999999992 0.00000000099999999992 0.43672590920108961265 0.00000000099999999992 0.00000000099999999992 0.56327408379891030776 0.00000000099999999992 0.00000000099999999992 0.00000000099999999992 
0.00000000099999999995 0.00000000099999999995 0.67820946255960490312 0.00000000099999999995 0.00000000099999999995 0.32179053044039501730 0.00000000099999999995 0.00000000099999999995 0.00000000099999999995 
0.00000000099999999957 0.99999999200000022626 0.00000000099999999957 0.00000000099999999957 0.00000000099999999957 0.00000000099999999957 0.00000000099999999957 0.00000000099999999957 0.00000000099999999957 
0.00000000099999999959 0.00000000099999999959 0.00000000099999999959 0.00000000099999999959 0.00000000099999999959 0.00000000099999999959 0.99999999199999989319 0.00000000099999999959 0.00000000099999999959 
0.00000000099999999998 0.00000000099999999998 0.92729191465531224381 0.00000000099999999998 0.00000000099999999998 0.00000000099999999998 0.02395730424712735895 0.00000000099999999998 0.04875077509756037264 
0.00000269614679702756 0.00000000099999999996 0.00000000099999999996 0.00000000099999999996 0.00000000099999999996 0.01577363210951962871 0.00000000099999999996 0.50612106428997660768 0.47810260245370667098 
0.99999999200000022626 0.00000000099999999986 0.00000000099999999986 0.00000000099999999986 0.00000000099999999986 0.00000000099999999986 0.00000000099999999986 0.00000000099999999986 0.00000000099999999986 
0.00000000099999999988 0.00000000099999999988 0.00000000099999999988 0.00000000099999999988 0.00000000099999999988 0.99999999200000000421 0.00000000099999999988 0.00000000099999999988 0.00000000099999999988 
0.00000124892143429684 0.00000000099999999997 0.00000000099999999997 0.00000000099999999997 0.22039961225192311600 0.02378586852840822857 0.00000000099999999997 0.30296922446915069971 0.45284404182908361003 
0.01500418280873547054 0.00000000099999999996 0.00000000099999999996 0.00000000099999999996 0.20376566797716241797 0.00047309958184137076 0.00861190812844638866 0.42485802264911304293 0.34728711585470145584 
0.00000010658988077118 0.00000000099999999997 0.00000000099999999997 0.00000000099999999997 0.00000000099999999997 0.00000000099999999997 0.00000000099999999997 0.64369318254887464281 0.35630670486124460528 
0.00000000099999999951 0.99999999200000022626 0.00000000099999999951 0.00000000099999999951 0.00000000099999999951 0.00000000099999999951 0.00000000099999999951 0.00000000099999999951 0.00000000099999999951 
0.00000000099999999952 0.99999999200000022626 0.00000000099999999952 0.00000000099999999952 0.00000000099999999952 0.00000000099999999952 0.00000000099999999952 0.00000000099999999952 0.00000000099999999952 
0.00000000099999999946 0.99999999200000011523 0.00000000099999999946 0.00000000099999999946 0.00000000099999999946 0.00000000099999999946 0.00000000099999999946 0.00000000099999999946 0.00000000099999999946 
0.00000000099999999947 0.99999999200000022626 0.00000000099999999947 0.00000000099999999947 0.00000000099999999947 0.00000000099999999947 0.00000000099999999947 0.00000000099999999947 0.00000000099999999947 
0.00000000099999999949 0.00000000099999999949 0.00000000099999999949 0.99999999200000000421 0.00000000099999999949 0.00000000099999999949 0.00000000099999999949 0.00000000099999999949 0.00000000099999999949 
0.00000000099999999989 0.00000000099999999989 0.00000000099999999989 0.00000000099999999989 0.00000000099999999989 0.99999999200000000421 0.00000000099999999989 0.00000000099999999989 0.00000000099999999989 
0.00000007417395185830 0.00000000099999999999 0.00000000099999999999 0.00000000099999999999 0.33227801267186890533 0.00514060646173253658 0.00011429265928693236 0.39622482876794745676 0.26624218226521217945 
0.00000000099999999955 0.28105506049898032472 0.00000000099999999955 0.71894493250101965121 0.00000000099999999955 0.00000000099999999955 0.00000000099999999955 0.00000000099999999955 0.00000000099999999955 
0.00000000099999999954 0.00000000099999999954 0.00000000099999999954 0.99999999200000011523 0.00000000099999999954 0.00000000099999999954 0.00000000099999999954 0.00000000099999999954 0.00000000099999999954 
0.00000000099999999958 0.00000000099999999958 0.00000000099999999958 0.00000000099999999958 0.00000000099999999958 0.00000000099999999958 0.99999999200000000421 0.00000000099999999958 0.00000000099999999958 
0.00000000099999999958 0.00000000099999999958 0.00000000099999999958 0.00000000099999999958 0.00000000099999999958 0.00000000099999999958 0.99999999200000000421 0.00000000099999999958 0.00000000099999999958 
0.22099569134754742938 0.00000000099999999997 0.00000000099999999997 0.00000000099999999997 0.00000000099999999997 0.00000000099999999997 0.00000000099999999997 0.45220889269594688464 0.32679540995650557811 
0.00000000099999999959 0.36643710931133932629 0.00000000099999999959 0.63356288368866064964 0.00000000099999999959 0.00000000099999999959 0.00000000099999999959 0.00000000099999999959 0.00000000099999999959 
0.00000000099999999992 0.00000000099999999992 0.00000000099999999992 0.00000000099999999992 0.00000000099999999992 0.00000000099999999992 0.00000000099999999992 0.00000000099999999992 0.99999999199999989319 
0.36404040168829743251 0.00000000099999999995 0.00000000099999999995 0.00000000099999999995 0.00000000099999999995 0.00000000099999999995 0.00000000099999999995 0.63595959131170221035 0.00000000099999999995 
0.00000000099999999995 0.00000000099999999995 0.60727016341216699669 0.00000000099999999995 0.05295782101267264286 0.33977200957516023871 0.00000000099999999995 0.00000000099999999995 0.00000000099999999995 
0.17477976345929602253 0.00000000099999999996 0.00000000099999999996 0.00000000099999999996 0.31276964547586993959 0.01738626314273916326 0.00000000099999999996 0.14117419855330501366 0.35389012536878983184 
0.00000000099999999988 0.00000000099999999988 0.37171011747158683169 0.00000000099999999988 0.00000000099999999988 0.62828987552841308872 0.00000000099999999988 0.00000000099999999988 0.00000000099999999988 
0.00000000099999999997 0.00000000099999999997 0.00000000099999999997 0.00000000099999999997 0.28609531829504147860 0.02695875514748473714 0.00000000099999999997 0.42268033436817992188 0.26426558718929393788 
0.00000000099999999982 0.00000000099999999982 0.00000000099999999982 0.00000000099999999982 0.00000000099999999982 0.99999999200000011523 0.00000000099999999982 0.00000000099999999982 0.00000000099999999982 
0.06065957205092917248 0.00000000099999999999 0.00000000099999999999 0.00000000099999999999 0.34667949300323769313 0.00757638254355465311 0.01328071372237686447 0.25793706907195318445 0.31386676660794854410 
0.34814250731401363836 0.00000000099999999997 0.00000000099999999997 0.00000000099999999997 0.00000000099999999997 0.00000000099999999997 0.00000000099999999997 0.00000000099999999997 0.65185748568598611552 
0.00000000099999999954 0.00000000099999999954 0.00000000099999999954 0.99999999200000011523 0.00000000099999999954 0.00000000099999999954 0.00000000099999999954 0.00000000099999999954 0.00000000099999999954 
0.00000000099999999992 0.00000000099999999992 0.39340028160135687152 0.00000000099999999992 0.00000000099999999992 0.60659971139864310441 0.00000000099999999992 0.00000000099999999992 0.00000000099999999992 
0.00000000099999999955 0.32472354112805823512 0.00000000099999999955 0.67527645187194185183 0.00000000099999999955 0.00000000099999999955 0.00000000099999999955 0.00000000099999999955 0.00000000099999999955 
0.00000000099999999948 0.00000000099999999948 0.00000000099999999948 0.99999999200000011523 0.00000000099999999948 0.00000000099999999948 0.00000000099999999948 0.00000000099999999948 0.00000000099999999948 
0.00000000099999999993 0.00000000099999999993 0.00000000099999999993 0.00000000099999999993 0.00000000099999999993 0.00000000099999999993 0.00000000099999999993 0.99999999200000000421 0.00000000099999999993 
0.00000000154013596345 0.00000000099999999996 0.01866952456975103786 0.00000000099999999996 0.43782594126238083554 0.00000000099999999996 0.00000000099999999996 0.00000000099999999996 0.54350452762773227011 
0.17035044753104094939 0.00000000099999999996 0.01327586334871299657 0.00000000099999999996 0.05400455231667180417 0.00000000099999999996 0.00000000099999999996 0.38041175837687041250 0.38195737442670379957 
0.21343169864757391418 0.00000000099999999998 0.00676191242004713696 0.00000000099999999998 0.22240653979016811181 0.00000000099999999998 0.00000000099999999998 0.35367471205789929867 0.20372513308431161594 
0.01507953807570003996 0.00000000099999999998 0.00000000099999999998 0.00000000099999999998 0.21493381670218025814 0.01515193186023275004 0.00006018296957750845 0.61756984950124715894 0.13720467789106235990 
0.15764667716563118827 0.00000000099999999997 0.01855872513058904119 0.00000000099999999997 0.28001042125308861497 0.00000000099999999997 0.00479818517890785202 0.32772550229978969494 0.21126048597199348356 
0.99999999200000011523 0.00000000099999999984 0.00000000099999999984 0.00000000099999999984 0.00000000099999999984 0.00000000099999999984 0.00000000099999999984 0.00000000099999999984 0.00000000099999999984 
0.00000000099999999990 0.00000000099999999990 0.99999999200000011523 0.00000000099999999990 0.00000000099999999990 0.00000000099999999990 0.00000000099999999990 0.00000000099999999990 0.00000000099999999990 
0.11371775377867036905 0.00000000099999999996 0.00000000099999999996 0.00000000099999999996 0.31483097504417356660 0.00000000099999999996 0.00000000099999999996 0.32346376304143453773 0.24798750313572145987 
0.00000000099999999949 0.99999999200000022626 0.00000000099999999949 0.00000000099999999949 0.00000000099999999949 0.00000000099999999949 0.00000000099999999949 0.00000000099999999949 0.00000000099999999949 
0.11631092759263540748 0.00000000099999999998 0.00000000099999999998 0.00000000099999999998 0.35565789787941132216 0.00000000099999999998 0.00000000099999999998 0.27479576963647883714 0.25323539989147436646 
0.00000000099999999985 0.40163084749584837541 0.00000000099999999985 0.59836914550415176706 0.00000000099999999985 0.00000000099999999985 0.00000000099999999985 0.00000000099999999985 0.00000000099999999985 
0.00000000099999999953 0.00000000099999999953 0.00000000099999999953 0.99999999200000000421 0.00000000099999999953 0.00000000099999999953 0.00000000099999999953 0.00000000099999999953 0.00000000099999999953 
0.00000000099999999996 0.00000000099999999996 0.00000000099999999996 0.00000000099999999996 0.17912259355830498220 0.03009677554701760752 0.00000000099999999996 0.33267848756016910050 0.45810213833450841303 
0.99999999200000011523 0.00000000099999999985 0.00000000099999999985 0.00000000099999999985 0.00000000099999999985 0.00000000099999999985 0.00000000099999999985 0.00000000099999999985 0.00000000099999999985 
0.00000000099999999994 0.00000000099999999994 0.00000000099999999994 0.00000000099999999994 0.00000000099999999994 0.00000000099999999994 0.00000000099999999994 0.99999999199999989319 0.00000000099999999994 
0.00000000099999999966 0.43751837014244526758 0.00000000099999999966 0.56248162285755476386 0.00000000099999999966 0.00000000099999999966 0.00000000099999999966 0.00000000099999999966 0.00000000099999999966 
0.00000000099999999986 0.00000000099999999986 0.99999999200000000421 0.00000000099999999986 0.00000000099999999986 0.00000000099999999986 0.00000000099999999986 0.00000000099999999986 0.00000000099999999986 
0.00000000099999999992 0.00000000099999999992 0.64127672638755173207 0.00000000099999999992 0.00000000099999999992 0.35872326661244824386 0.00000000099999999992 0.00000000099999999992 0.00000000099999999992 
0.00000000099999999960 0.24577502771384615587 0.00000000099999999960 0.75422496528615401434 0.00000000099999999960 0.00000000099999999960 0.00000000099999999960 0.00000000099999999960 0.00000000099999999960 
0.00000000099999999993 0.00000000099999999993 0.00000000099999999993 0.00000000099999999993 0.00000000099999999993 0.00000000099999999993 0.00000000099999999993 0.99999999200000000421 0.00000000099999999993 
0.00000000099999999998 0.00000000099999999998 0.00000000099999999998 0.00000000099999999998 0.00000000099999999998 0.03205650438380610451 0.00000000099999999998 0.96794348861619383673 0.00000000099999999998 
0.00000000099999999963 0.41210170005142032768 0.00000000099999999963 0.58789829294857964825 0.00000000099999999963 0.00000000099999999963 0.00000000099999999963 0.00000000099999999963 0.00000000099999999963 
0.00000000099999999995 0.00000000099999999995 0.00000000099999999995 0.00000000099999999995 0.54301332960007397954 0.00000000099999999995 0.00000000099999999995 0.45698666339992605190 0.00000000099999999995 
0.00000000099999999989 0.00000000099999999989 0.60201495521333570071 0.00000000099999999989 0.00000000099999999989 0.39798503778666438624 0.00000000099999999989 0.00000000099999999989 0.00000000099999999989 
0.00000000099999999999 0.00000000099999999999 0.00000000099999999999 0.10449647300716535803 0.00000000099999999999 0.23784677620016853039 0.10627924521641275712 0.00000000099999999999 0.55137750057625334321 
