0.00000000099999999998 0.00000000099999999998 0.00000000099999999998 0.00000000099999999998 0.01216730092897853194 0.37072635484352400859 0.00000000099999999998 0.00000000099999999998 0.61710633822749749733 
0.00000000099999999991 0.00000000099999999991 0.00000000099999999991 0.00000000099999999991 0.00000000099999999991 0.00000000099999999991 0.00000000099999999991 0.99999999199999989319 0.00000000099999999991 
0.19998013733110997503 0.00000000099999999994 0.00000000099999999994 0.00000000099999999994 0.00000000099999999994 0.00000000099999999994 0.00000000099999999994 0.80001985566888988988 0.00000000099999999994 
0.00000000099999999999 0.00000000099999999999 0.19798531250460418840 0.21708162879767436970 0.00000000099999999999 0.12756245692737111508 0.00000000099999999999 0.03624528173524887292 0.42112531603510133804 
0.00000000099999999999 0.13904261204931978035 0.25562619707344447217 0.27450482921805835490 0.00000015212421871999 0.13013672949414750724 0.00000000099999999999 0.00000000099999999999 0.20068947704081122052 
0.00000000099999999993 0.00000000099999999993 0.00000000099999999993 0.00000000099999999993 0.00000000099999999993 0.00000000099999999993 0.00000000099999999993 0.00000000099999999993 0.99999999199999989319 
0.99999999200000022626 0.00000000099999999982 0.00000000099999999982 0.00000000099999999982 0.00000000099999999982 0.00000000099999999982 0.00000000099999999982 0.00000000099999999982 0.00000000099999999982 
0.00000000099999999989 0.00000000099999999989 0.00000000099999999989 0.00000000099999999989 0.00000000099999999989 0.00000000099999999989 0.00000000099999999989 0.99999999199999989319 0.00000000099999999989 
0.00000000099999999992 0.00000000099999999992 0.00000000099999999992 0.00000000099999999992 0.00000000099999999992 0.99999999200000000421 0.00000000099999999992 0.00000000099999999992 0.00000000099999999992 
0.44452548154730203711 0.00000000099999999992 0.00000000099999999992 0.00000000099999999992 0.00000000099999999992 0.00000000099999999992 0.00000000099999999992 0.55547451145269777228 0.00000000099999999992 
0.00000000099999999993 0.00000000099999999993 0.99999999200000000421 0.00000000099999999993 0.00000000099999999993 0.00000000099999999993 0.00000000099999999993 0.00000000099999999993 0.00000000099999999993 
0.02878385031953151901 0.06441151863830117674 0.28577479701225266817 0.00007092670130130935 0.00569452248277863698 0.30867898723835912600 0.00000000099999999998 0.00000000099999999998 0.30658539560747560815 
0.00000000099999999999 0.00000000099999999999 0.47134424525679075035 0.16983452597114065408 0.00000000099999999999 0.35882122277206868199 0.00000000099999999999 0.00000000099999999999 0.00000000099999999999 
0.00000000099999999999 0.10020763471718095727 0.22282278256531198868 0.25828564946858056928 0.01059104353552602594 0.30153060732288589074 0.00000000099999999999 0.00000000099999999999 0.10656227939051464426 
0.00000000099999999999 0.00000000099999999999 0.08554242374346054945 0.34775902351911130994 0.01544530907258311395 0.34381970499339375991 0.00099263741858350032 0.00000000099999999999 0.20644089825286779383 
0.00000000099999999999 0.10518879117068537232 0.20544187834186791730 0.09708793687127270644 0.02697987446895429992 0.26900709702187447503 0.00000000099999999999 0.05262005320127787628 0.24367436692406735377 
0.00000000099999999998 0.00000000099999999998 0.21626628116396695578 0.34233345686686078579 0.00000000099999999998 0.00000000099999999998 0.00000000099999999998 0.00000000099999999998 0.44140025596917231709 
0.00000000099999999997 0.08753370679068857296 0.51615634600256121711 0.00000000099999999997 0.00000000099999999997 0.39630994120675033798 0.00000000099999999997 0.00000000099999999997 0.00000000099999999997 
0.00000000100000000000 0.06292078106926099479 0.28830376754296793695 0.21992214373174734376 0.00483742221174469304 0.26336455255789953389 0.00462467962453334738 0.00000000100000000000 0.15602665126184631084 
0.00000000099999999997 0.00000000099999999997 0.26065688971192768619 0.49438861350159957198 0.00000000099999999997 0.24495449078647274499 0.00000000099999999997 0.00000000099999999997 0.00000000099999999997 
0.00000000099999999998 0.00000000099999999998 0.28888305933361357880 0.36679535510546312782 0.00000000099999999998 0.27462811979933743345 0.00000000099999999998 0.00000000099999999998 0.06969346076158594583 
0.00000000099999999995 0.00000000099999999995 0.00000000099999999995 0.00000000099999999995 0.00000000099999999995 0.00000000099999999995 0.00000000099999999995 0.99999999199999989319 0.00000000099999999995 
0.00000000099999999998 0.00000000367247146523 0.35610872523994990813 0.00000000099999999998 0.00000000099999999998 0.35402357342841417331 0.00000000099999999998 0.01910270022741460128 0.27076499343174986745 
0.00000000099999999962 0.99999999200000011523 0.00000000099999999962 0.00000000099999999962 0.00000000099999999962 0.00000000099999999962 0.00000000099999999962 0.00000000099999999962 0.00000000099999999962 
0.02010264538722409886 0.00000000099999999996 0.57289745579074036197 0.40699989282203563601 0.00000000099999999996 0.00000000099999999996 0.00000000099999999996 0.00000000099999999996 0.00000000099999999996 
0.00000000099999999994 0.14200017647086160544 0.00000000099999999994 0.00000000099999999994 0.00000000099999999994 0.00000000099999999994 0.00000000099999999994 0.00000000099999999994 0.85799981652913837049 
0.00000000099999999964 0.00000000099999999964 0.00000000099999999964 0.00000000099999999964 0.99999999200000011523 0.00000000099999999964 0.00000000099999999964 0.00000000099999999964 0.00000000099999999964 
0.00000000099999999960 0.00000000099999999960 0.00000000099999999960 0.00000000099999999960 0.99999999200000000421 0.00000000099999999960 0.00000000099999999960 0.00000000099999999960 0.00000000099999999960 
0.00000000099999999999 0.03899969958952931304 0.39371828236107087040 0.00000000099999999999 0.00351093068688611547 0.29259972097526587564 0.00000000099999999999 0.00000000099999999999 0.27117136238724787178 
0.00000000099999999992 0.00000000099999999992 0.00000000099999999992 0.99999999200000000421 0.00000000099999999992 0.00000000099999999992 0.00000000099999999992 0.00000000099999999992 0.00000000099999999992 
0.03802241109261636498 0.00000000099999999998 0.36599176580223474753 0.31014755247527048265 0.00000000099999999998 0.08842254808279093048 0.00000000099999999998 0.00000000099999999998 0.19741571854708747646 
0.99999999200000011523 0.00000000099999999981 0.00000000099999999981 0.00000000099999999981 0.00000000099999999981 0.00000000099999999981 0.00000000099999999981 0.00000000099999999981 0.00000000099999999981 
0.16175954407801609869 0.48786902685797534085 0.00000000099999999981 0.00000000099999999981 0.35037142306400870240 0.00000000099999999981 0.00000000099999999981 0.00000000099999999981 0.00000000099999999981 
0.00000000099999999997 0.09435112264904572943 0.47907771439222812671 0.00000000679464776031 0.00000000099999999997 0.42657115116407839928 0.00000000099999999997 0.00000000099999999997 0.00000000099999999997 
0.00000000099999999958 0.00000000099999999958 0.00000000099999999958 0.00000000099999999958 0.00000000099999999958 0.00000000099999999958 0.99999999199999989319 0.00000000099999999958 0.00000000099999999958 
0.00000000099999999947 0.00000000099999999947 0.00000000099999999947 0.00000000099999999947 0.00000000099999999947 0.00000000099999999947 0.99999999199999989319 0.00000000099999999947 0.00000000099999999947 
0.00000000099999999948 0.00000000099999999948 0.00000000099999999948 0.00000000099999999948 0.00000000099999999948 0.00000000099999999948 0.99999999199999989319 0.00000000099999999948 0.00000000099999999948 
0.00000000099999999966 0.00000000099999999966 0.00000000099999999966 0.00000000099999999966 0.99999999200000000421 0.00000000099999999966 0.00000000099999999966 0.00000000099999999966 0.00000000099999999966 
0.00000000099999999960 0.00000000099999999960 0.00000000099999999960 0.00000000099999999960 0.99999999200000000421 0.00000000099999999960 0.00000000099999999960 0.00000000099999999960 0.00000000099999999960 
0.00000000106948536077 0.00000000099999999997 0.49951843204372947671 0.00000000099999999997 0.00000000099999999997 0.50048156088678497078 0.00000000099999999997 0.00000000099999999997 0.00000000099999999997 
0.00000000099999999993 0.00000000099999999993 0.00000000099999999993 0.00000000099999999993 0.00000000099999999993 0.00000000099999999993 0.00000000099999999993 0.99999999199999989319 0.00000000099999999993 
0.00000000099999999962 0.00000000099999999962 0.00000000099999999962 0.00000000099999999962 0.99999999200000000421 0.00000000099999999962 0.00000000099999999962 0.00000000099999999962 0.00000000099999999962 
0.00000000099999999999 0.19080688001972676004 0.16601562347004159004 0.00000000099999999999 0.00000019018888086017 0.24250515236961539545 0.00000000099999999999 0.00630962275849463166 0.39436252819324069119 
0.00000000099999999990 0.00000000099999999990 0.00000000099999999990 0.00000000099999999990 0.00000000099999999990 0.00000000099999999990 0.00000000099999999990 0.99999999200000000421 0.00000000099999999990 
0.00000000099999999967 0.00000000099999999967 0.00000000099999999967 0.00000000099999999967 0.99999999200000011523 0.00000000099999999967 0.00000000099999999967 0.00000000099999999967 0.00000000099999999967 
0.00000000099999999992 0.00000000099999999992 0.00000000099999999992 0.00000000099999999992 0.00000000099999999992 0.00000000099999999992 0.00000000099999999992 0.00000000099999999992 0.99999999200000000421 
0.00000000099999999963 0.00000000099999999963 0.00000000099999999963 0.00000000099999999963 0.99999999200000000421 0.00000000099999999963 0.00000000099999999963 0.00000000099999999963 0.00000000099999999963 
0.00000000099999999992 0.00000000099999999992 0.00000000099999999992 0.00000000099999999992 0.00000000099999999992 0.00000000099999999992 0.00000000099999999992 0.99999999200000000421 0.00000000099999999992 
0.00000000099999999988 0.00000000099999999988 0.00000000099999999988 0.00000000099999999988 0.00000000099999999988 0.00000000099999999988 0.00000000099999999988 0.99999999200000000421 0.00000000099999999988 
0.00000000099999999958 0.00000000099999999958 0.00000000099999999958 0.00000000099999999958 0.99999999200000011523 0.00000000099999999958 0.00000000099999999958 0.00000000099999999958 0.00000000099999999958 
0.00000000099999999961 0.00000000099999999961 0.00000000099999999961 0.00000000099999999961 0.99999999200000011523 0.00000000099999999961 0.00000000099999999961 0.00000000099999999961 0.00000000099999999961 
0.00000000099999999993 0.00000000099999999993 0.00000000099999999993 0.00000000099999999993 0.00000000099999999993 0.00000000099999999993 0.00000000099999999993 0.99999999199999989319 0.00000000099999999993 
0.47341774908839884262 0.00000000099999999993 0.00000000099999999993 0.00000000099999999993 0.00000000099999999993 0.00000000099999999993 0.00000000099999999993 0.52658224391160102229 0.00000000099999999993 
0.00000000099999999994 0.00000000099999999994 0.00000000099999999994 0.00000000099999999994 0.00000000099999999994 0.00000000099999999994 0.00000000099999999994 0.99999999200000000421 0.00000000099999999994 
0.00000000099999999968 0.00000000099999999968 0.00000000099999999968 0.00000000099999999968 0.99999999200000000421 0.00000000099999999968 0.00000000099999999968 0.00000000099999999968 0.00000000099999999968 
0.00000000099999999995 0.00000000099999999995 0.00000000099999999995 0.00000000099999999995 0.00000000099999999995 0.99999999200000011523 0.00000000099999999995 0.00000000099999999995 0.00000000099999999995 
0.00000000099999999999 0.00000000099999999999 0.47604577402141656783 0.00000000099999999999 0.01833021390870130662 0.26292232534471959848 0.00000000099999999999 0.00000000099999999999 0.24270168172516268235 
0.00000000099999999992 0.00000000099999999992 0.00000000099999999992 0.99999999200000000421 0.00000000099999999992 0.00000000099999999992 0.00000000099999999992 0.00000000099999999992 0.00000000099999999992 
0.00000000099999999997 0.00000000099999999997 0.49855080662457545992 0.00000000099999999997 0.00000000099999999997 0.50144918637542434947 0.00000000099999999997 0.00000000099999999997 0.00000000099999999997 
0.30782966286401441947 0.00000000099999999993 0.00000000099999999993 0.00000000099999999993 0.00000000099999999993 0.00000000099999999993 0.00000000099999999993 0.69217033013598550095 0.00000000099999999993 
0.00000000099999999991 0.00000000099999999991 0.99999999200000000421 0.00000000099999999991 0.00000000099999999991 0.00000000099999999991 0.00000000099999999991 0.00000000099999999991 0.00000000099999999991 
0.00000000099999999955 0.00000000099999999955 0.00000000099999999955 0.00000000099999999955 0.00000000099999999955 0.00000000099999999955 0.99999999199999989319 0.00000000099999999955 0.00000000099999999955 
0.00000000099999999992 0.00000000099999999992 0.00000000099999999992 0.99999999200000000421 0.00000000099999999992 0.00000000099999999992 0.00000000099999999992 0.00000000099999999992 0.00000000099999999992 
0.00000000099999999956 0.00000000099999999956 0.00000000099999999956 0.00000000099999999956 0.00000000099999999956 0.00000000099999999956 0.99999999199999989319 0.00000000099999999956 0.00000000099999999956 
0.00000000099999999996 0.28956370766232825131 0.71043628533767178013 0.00000000099999999996 0.00000000099999999996 0.00000000099999999996 0.00000000099999999996 0.00000000099999999996 0.00000000099999999996 
0.00000000099999999956 0.00000000099999999956 0.00000000099999999956 0.00000000099999999956 0.00000000099999999956 0.00000000099999999956 0.99999999199999989319 0.00000000099999999956 0.00000000099999999956 
0.00000000099999999999 0.00200077848661185144 0.00000000099999999999 0.38503157383551472881 0.00000016171497083154 0.24880311473963198643 0.00000000099999999999 0.00000002774814532686 0.36416434047512513672 
0.00000000099999999998 0.13296998600801146484 0.00000000099999999998 0.55312504787764293912 0.00000000099999999998 0.00000000099999999998 0.00000000099999999998 0.00000000099999999998 0.31390496011434565471 
0.00000000099999999990 0.00000000099999999990 0.00000000099999999990 0.00000000099999999990 0.00000000099999999990 0.00000000099999999990 0.00000000099999999990 0.99999999200000000421 0.00000000099999999990 
0.00000000099999999996 0.13840162584968887516 0.01752557637844679925 0.37382694376455072316 0.00000000099999999996 0.15291341631716176552 0.00000000099999999996 0.00000000099999999996 0.31733243369015184943 
0.00000000099999999957 0.00000000099999999957 0.00000000099999999957 0.00000000099999999957 0.00000000099999999957 0.00000000099999999957 0.99999999200000000421 0.00000000099999999957 0.00000000099999999957 
0.00000000099999999961 0.00000000099999999961 0.00000000099999999961 0.00000000099999999961 0.00000000099999999961 0.00000000099999999961 0.99999999200000000421 0.00000000099999999961 0.00000000099999999961 
0.00000000099999999999 0.01023562040771152509 0.27059613942112065166 0.24462738416202048364 0.00616901261606136574 0.30575197693221822792 0.00000000099999999999 0.08451660522187344482 0.07810325923899423539 
0.22430459053080292753 0.00000000099999999993 0.00000000099999999993 0.00000000099999999993 0.00000000099999999993 0.00000000099999999993 0.00000000099999999993 0.77569540246919710391 0.00000000099999999993 
0.00000000099999999970 0.00000000099999999970 0.00000000099999999970 0.00000000099999999970 0.99999999200000000421 0.00000000099999999970 0.00000000099999999970 0.00000000099999999970 0.00000000099999999970 
0.00000000099999999990 0.00000000099999999990 0.00000000099999999990 0.00000000099999999990 0.00000000099999999990 0.00000000099999999990 0.00000000099999999990 0.99999999199999989319 0.00000000099999999990 
0.02907194074044558776 0.09612124121448378800 0.21411475362116610954 0.00000000099999999999 0.00000000099999999999 0.57239134889748888302 0.00000000099999999999 0.00000000099999999999 0.08830071152641559562 
0.00000000099999999952 0.00000000099999999952 0.00000000099999999952 0.00000000099999999952 0.00000000099999999952 0.00000000099999999952 0.99999999199999989319 0.00000000099999999952 0.00000000099999999952 
0.00000000099999999954 0.00000000099999999954 0.00000000099999999954 0.00000000099999999954 0.99999999200000011523 0.00000000099999999954 0.00000000099999999954 0.00000000099999999954 0.00000000099999999954 
0.00000000099999999963 0.00000000099999999963 0.00000000099999999963 0.00000000099999999963 0.00000000099999999963 0.00000000099999999963 0.99999999199999989319 0.00000000099999999963 0.00000000099999999963 
0.00000000099999999995 0.00000000099999999995 0.00000000099999999995 0.99999999200000000421 0.00000000099999999995 0.00000000099999999995 0.00000000099999999995 0.00000000099999999995 0.00000000099999999995 
0.99999999200000011523 0.00000000099999999974 0.00000000099999999974 0.00000000099999999974 0.00000000099999999974 0.00000000099999999974 0.00000000099999999974 0.00000000099999999974 0.00000000099999999974 
0.99999999200000022626 0.00000000099999999977 0.00000000099999999977 0.00000000099999999977 0.00000000099999999977 0.00000000099999999977 0.00000000099999999977 0.00000000099999999977 0.00000000099999999977 
0.00000000099999999998 0.15037297541311842042 0.01965202625971391309 0.02396577738529415483 0.00000000099999999998 0.19349669386434478757 0.00000000099999999998 0.22544881119437282235 0.38706371288315583046 
0.00000000099999999999 0.00000069586592415525 0.32344431235305604044 0.00996363729580261939 0.01612556383667831245 0.41766192906798482731 0.00000000099999999999 0.00798083963901526083 0.22482301994153888747 
0.00773076700993742105 0.00000000099999999997 0.47790558012107847707 0.26934737876937758783 0.00000000099999999997 0.24501626877518190017 0.00000000099999999997 0.00000000099999999997 0.00000000132442462183 
0.00000000099999999998 0.10132474429894006152 0.32593813959747253151 0.43398729248605422137 0.00000000099999999998 0.00000313952869385431 0.00000000099999999998 0.00974816803086670305 0.12899851305797271905 
0.00000000099999999993 0.00000000099999999993 0.99999999200000011523 0.00000000099999999993 0.00000000099999999993 0.00000000099999999993 0.00000000099999999993 0.00000000099999999993 0.00000000099999999993 
0.00000000099999999996 0.00000000258630173502 0.41529244429433959107 0.29911621657225040405 0.00000000099999999996 0.27472087155834923333 0.00000000099999999996 0.00000000099999999996 0.01087046098875914767 
0.00000000099999999997 0.01213219774933655022 0.42583786407005058683 0.36374101396016500498 0.00000000099999999997 0.19743004562169547134 0.00000000099999999997 0.00085879983010500073 0.00000007576864738950 
0.00000000099999999997 0.00000000099999999997 0.51370573730358326525 0.00000000099999999997 0.00000000099999999997 0.48629425569641665517 0.00000000099999999997 0.00000000099999999997 0.00000000099999999997 
0.00000000099999999998 0.00000000099999999998 0.30229518534080562775 0.00475077144297811078 0.00000000099999999998 0.34269193983187790087 0.00000000099999999998 0.04213165347125403387 0.30813044591308436093 
0.00000000099999999992 0.00000000099999999992 0.00000000099999999992 0.00000000099999999992 0.00000000099999999992 0.00000000099999999992 0.00000000099999999992 0.99999999199999989319 0.00000000099999999992 
0.99999999200000011523 0.00000000099999999982 0.00000000099999999982 0.00000000099999999982 0.00000000099999999982 0.00000000099999999982 0.00000000099999999982 0.00000000099999999982 0.00000000099999999982 
0.00000000099999999973 0.00000000099999999973 0.00000000099999999973 0.00000000099999999973 0.00000000099999999973 0.00000000099999999973 0.99999999199999989319 0.00000000099999999973 0.00000000099999999973 
0.00000000099999999994 0.00000000099999999994 0.00000000099999999994 0.00000000099999999994 0.00000000099999999994 0.00000000099999999994 0.00000000099999999994 0.99999999199999989319 0.00000000099999999994 
0.00000000099999999995 0.00000000099999999995 0.00000000099999999995 0.00000000099999999995 0.00000000099999999995 0.00000000099999999995 0.00000000099999999995 0.99999999200000000421 0.00000000099999999995 
0.00000000099999999998 0.00000174160910391691 0.37100271707799981069 0.00000000099999999998 0.00000000099999999998 0.49153376737342319158 0.00000000099999999998 0.01428146886038776479 0.12318030107908539694 
0.00000000099999999947 0.00000000099999999947 0.00000000099999999947 0.00000000099999999947 0.00000000099999999947 0.00000000099999999947 0.99999999200000000421 0.00000000099999999947 0.00000000099999999947 
0.00000000099999999991 0.00000000099999999991 0.00000000099999999991 0.00000000099999999991 0.00000000099999999991 0.99999999200000011523 0.00000000099999999991 0.00000000099999999991 0.00000000099999999991 
0.01779988007247717066 0.04425211294351281965 0.39601036557014202000 0.00000000099999999999 0.00000000099999999999 0.34043794579594133243 0.00000000099999999999 0.00000000099999999999 0.20149969161792680161 
0.00000000099999999996 0.18033532144333139224 0.00000000099999999996 0.81966467155666877797 0.00000000099999999996 0.00000000099999999996 0.00000000099999999996 0.00000000099999999996 0.00000000099999999996 
0.00000000099999999998 0.00000000099999999998 0.47221584955156475916 0.00000000099999999998 0.00000000099999999998 0.32958018258437038472 0.00000000099999999998 0.01957036826208709973 0.17863359460197769657 
0.00000000099999999996 0.25671102076214369347 0.00000000099999999996 0.45644980611089913669 0.00000000099999999996 0.28683916712060192333 0.00000000099999999996 0.00000000099999999996 0.00000000100635537725 
0.00000000099999999992 0.00000000099999999992 0.00000000099999999992 0.00000000099999999992 0.00000000099999999992 0.00000000099999999992 0.00000000099999999992 0.00000000099999999992 0.99999999200000000421 
0.00000000099999999998 0.16881855216639590767 0.07186711866206019206 0.38330541807000051424 0.00000000099999999998 0.35671500407687045664 0.00000000099999999998 0.00000000099999999998 0.01929390302467298701 
0.00000000099999999993 0.00000000099999999993 0.99999999200000011523 0.00000000099999999993 0.00000000099999999993 0.00000000099999999993 0.00000000099999999993 0.00000000099999999993 0.00000000099999999993 
0.00000000678047847122 0.06567707606363983042 0.00000000099999999999 0.44430428494829199426 0.02566875579628251011 0.00000000099999999999 0.00000000099999999999 0.00000000099999999999 0.46434987241130720736 
0.00000000099999999999 0.02211023416344813294 0.29256621554506273553 0.00000086819116110811 0.00302653142633379363 0.42455464679209847789 0.00000000099999999999 0.00027805045469235398 0.25746345142720350463 
0.00000000099999999988 0.00000000099999999988 0.00000000099999999988 0.00000000099999999988 0.00000000099999999988 0.00000000099999999988 0.00000000099999999988 0.00000000099999999988 0.99999999199999989319 
0.02426602195643853474 0.07564334899116478828 0.15244098305624717571 0.47554769285505599230 0.01902324077131239272 0.00020564155432059673 0.00000000099999999999 0.00000000099999999999 0.25287306881546056658 
0.00000000099999999998 0.00027960581325093474 0.35566639733745486485 0.30102980681604141200 0.00628381927550667688 0.33674036675774604577 0.00000000099999999998 0.00000000099999999998 0.00000000099999999998 
0.00000000099999999992 0.00000000099999999992 0.00000000099999999992 0.99999999200000000421 0.00000000099999999992 0.00000000099999999992 0.00000000099999999992 0.00000000099999999992 0.00000000099999999992 
0.00000000099999999992 0.00000000099999999992 0.00000000099999999992 0.99999999200000011523 0.00000000099999999992 0.00000000099999999992 0.00000000099999999992 0.00000000099999999992 0.00000000099999999992 
0.00000000099999999996 0.27564039045813565343 0.00000000099999999996 0.00000000099999999996 0.00000000099999999996 0.72435960254186415597 0.00000000099999999996 0.00000000099999999996 0.00000000099999999996 
0.00000000099999999993 0.00000000099999999993 0.00000000099999999993 0.00000000099999999993 0.00000000099999999993 0.00000000099999999993 0.00000000099999999993 0.00000000099999999993 0.99999999200000000421 
0.04477960262803434843 0.07638167622133826273 0.28266105618696335533 0.00000000099999999998 0.00000000099999999998 0.23390081847347640731 0.00000000099999999998 0.00000000099999999998 0.36227684249018771157 
0.00000000099999999999 0.06785059525427297733 0.15477808178176732934 0.29587512502222862443 0.00000000099999999999 0.21140423779982794872 0.00000000099999999999 0.00000000099999999999 0.27009195614190334434 
0.00000000099999999995 0.25794814846029046063 0.00000000099999999995 0.00000000099999999995 0.00000000099999999995 0.00000000099999999995 0.00000000099999999995 0.00000000099999999995 0.74205184453970918224 
0.02574940837897235144 0.01554734907649324600 0.34964811891573405189 0.35348123065584591274 0.00022131242815400166 0.07756731042182472835 0.06803643067953417389 0.00000000100000000000 0.10974883844344159034 
0.00000000099999999998 0.17014142519027583567 0.14010111626878302138 0.13402711633069788744 0.00000000099999999998 0.27974305518324693587 0.00000000099999999998 0.00000000099999999998 0.27598728302699643278 
0.00000000099999999978 0.99999999200000022626 0.00000000099999999978 0.00000000099999999978 0.00000000099999999978 0.00000000099999999978 0.00000000099999999978 0.00000000099999999978 0.00000000099999999978 
0.00000000099999999994 0.00000000099999999994 0.00000000099999999994 0.99999999200000011523 0.00000000099999999994 0.00000000099999999994 0.00000000099999999994 0.00000000099999999994 0.00000000099999999994 
0.00000000099999999998 0.00025698936390642366 0.65968299971025190498 0.00000000099999999998 0.00000000099999999998 0.34006000492584165240 0.00000000099999999998 0.00000000099999999998 0.00000000099999999998 
0.00000000099999999993 0.00000000099999999993 0.00000000099999999993 0.99999999200000000421 0.00000000099999999993 0.00000000099999999993 0.00000000099999999993 0.00000000099999999993 0.00000000099999999993 
0.00000000099999999997 0.27509758228355463139 0.00000000099999999997 0.00000000099999999997 0.00000000099999999997 0.72490241071644523352 0.00000000099999999997 0.00000000099999999997 0.00000000099999999997 
0.00000000099999999998 0.08326465144181231792 0.30859688681174485270 0.11168880021867512442 0.00255774074424365040 0.23803119761029564727 0.00000000099999999998 0.01896862169714337229 0.23689209947608497187 
0.00000000099999999996 0.00000000099999999996 0.00000000099999999996 0.70167231859753909085 0.00000000099999999996 0.29832767440246088508 0.00000000099999999996 0.00000000099999999996 0.00000000099999999996 
0.00000000099999999996 0.00000000099999999996 0.49212212078333483767 0.12814397590908874203 0.00000000099999999996 0.26608202681605963580 0.00000000099999999996 0.03750937215317685924 0.07614250033833991349 
0.00000000099999999991 0.00000000099999999991 0.00000000099999999991 0.00000000099999999991 0.00000000099999999991 0.00000000099999999991 0.00000000099999999991 0.99999999199999989319 0.00000000099999999991 
0.00000000099999999996 0.00000000099999999996 0.00000000099999999996 0.00000000099999999996 0.00000000099999999996 0.00000000099999999996 0.00000000099999999996 0.99999999200000000421 0.00000000099999999996 
0.00000000099999999965 0.00000000099999999965 0.00000000099999999965 0.00000000099999999965 0.00000000099999999965 0.00000000099999999965 0.99999999199999989319 0.00000000099999999965 0.00000000099999999965 
0.00000000099999999956 0.00000000099999999956 0.00000000099999999956 0.00000000099999999956 0.99999999200000011523 0.00000000099999999956 0.00000000099999999956 0.00000000099999999956 0.00000000099999999956 
0.12026944545251920526 0.01382293149187524550 0.00000000099999999999 0.05324371301582956489 0.03831731755868640621 0.00000000099999999999 0.00000000099999999999 0.77434658792253618920 0.00000000155855341739 
0.00000000099999999997 0.07587284010613361274 0.00000000099999999997 0.00000002005977200580 0.00000000099999999997 0.52785633862625502832 0.00000000099999999997 0.00000000099999999997 0.39627079620783922653 
0.00000000099999999992 0.00000000099999999992 0.00000000099999999992 0.99999999200000000421 0.00000000099999999992 0.00000000099999999992 0.00000000099999999992 0.00000000099999999992 0.00000000099999999992 
0.00000000099999999996 0.00000000099999999996 0.00000000099999999996 0.00000000099999999996 0.00000000099999999996 0.00000000099999999996 0.00000000099999999996 0.99999999199999989319 0.00000000099999999996 
0.00000000103278747946 0.00000004441092077402 0.16735524730589163012 0.39419924404612444180 0.00000000099999999998 0.42520780393925061702 0.00000000099999999998 0.01274891552780282530 0.00048874173722221297 
0.00000000099999999997 0.00000000099999999997 0.00000000099999999997 0.54054543219152761946 0.00000000099999999997 0.45945456080847241198 0.00000000099999999997 0.00000000099999999997 0.00000000099999999997 
0.00000000099999999996 0.00000000099999999996 0.41534862448308690341 0.00000000099999999996 0.00000000099999999996 0.00000000099999999996 0.00000000099999999996 0.00000000099999999996 0.58465136851691290598 
0.00000000099999999953 0.00000000099999999953 0.00000000099999999953 0.00000000099999999953 0.00000000099999999953 0.00000000099999999953 0.99999999200000000421 0.00000000099999999953 0.00000000099999999953 
0.00000000099999999955 0.00000000099999999955 0.00000000099999999955 0.00000000099999999955 0.00000000099999999955 0.00000000099999999955 0.99999999199999989319 0.00000000099999999955 0.00000000099999999955 
0.00000000099999999947 0.00000000099999999947 0.00000000099999999947 0.00000000099999999947 0.00000000099999999947 0.00000000099999999947 0.99999999199999989319 0.00000000099999999947 0.00000000099999999947 
0.00000000099999999949 0.00000000099999999949 0.00000000099999999949 0.00000000099999999949 0.00000000099999999949 0.00000000099999999949 0.99999999199999989319 0.00000000099999999949 0.00000000099999999949 
0.00000000099999999950 0.00000000099999999950 0.00000000099999999950 0.00000000099999999950 0.00000000099999999950 0.00000000099999999950 0.99999999200000000421 0.00000000099999999950 0.00000000099999999950 
0.99999999200000011523 0.00000000099999999981 0.00000000099999999981 0.00000000099999999981 0.00000000099999999981 0.00000000099999999981 0.00000000099999999981 0.00000000099999999981 0.00000000099999999981 
0.00000000099999999999 0.07251903180533142423 0.39228736341974473900 0.00000000297664258218 0.00444979709263260224 0.24848727783335716746 0.00000000099999999999 0.00000000099999999999 0.28225652387229155371 
0.00000000099999999949 0.00000000099999999949 0.00000000099999999949 0.00000000099999999949 0.00000000099999999949 0.00000000099999999949 0.99999999199999989319 0.00000000099999999949 0.00000000099999999949 
0.00000000099999999957 0.00000000099999999957 0.00000000099999999957 0.00000000099999999957 0.00000000099999999957 0.00000000099999999957 0.99999999200000000421 0.00000000099999999957 0.00000000099999999957 
0.00000000099999999954 0.00000000099999999954 0.00000000099999999954 0.00000000099999999954 0.99999999200000000421 0.00000000099999999954 0.00000000099999999954 0.00000000099999999954 0.00000000099999999954 
0.00000000099999999955 0.00000000099999999955 0.00000000099999999955 0.00000000099999999955 0.99999999200000011523 0.00000000099999999955 0.00000000099999999955 0.00000000099999999955 0.00000000099999999955 
0.00000000099999999990 0.00000000099999999990 0.00000000099999999990 0.00000000099999999990 0.00000000099999999990 0.00000000099999999990 0.00000000099999999990 0.00000000099999999990 0.99999999199999989319 
0.00000000099999999953 0.00000000099999999953 0.00000000099999999953 0.00000000099999999953 0.00000000099999999953 0.00000000099999999953 0.99999999199999989319 0.00000000099999999953 0.00000000099999999953 
0.00000000099999999991 0.00000000099999999991 0.00000000099999999991 0.00000000099999999991 0.00000000099999999991 0.99999999200000011523 0.00000000099999999991 0.00000000099999999991 0.00000000099999999991 
0.00000000099999999997 0.00000000099999999997 0.00212540953905358343 0.46846020164833812593 0.00000000099999999997 0.34378679264752404210 0.00000000099999999997 0.00000000099999999997 0.18562759116508434354 
0.37970443182519220127 0.00000064122019581616 0.01060462053887107833 0.00000000099999999998 0.00000000099999999998 0.00000000099999999998 0.00000000099999999998 0.60969030141574087622 0.00000000099999999998 
0.00000000099999999995 0.00000001638397594862 0.00000000099999999995 0.00000008898865329783 0.00000000693978403469 0.99999987395109157795 0.00000000099999999995 0.00000000973649515260 0.00000000099999999995 
0.00000000099999999988 0.00000000099999999988 0.00000000099999999988 0.00000000099999999988 0.00000000099999999988 0.00000000099999999988 0.00000000099999999988 0.99999999200000000421 0.00000000099999999988 
0.01315995310020328518 0.13088376346012781104 0.00000000099999999998 0.00000000099999999998 0.00000000099999999998 0.43376304791785719184 0.00000000099999999998 0.00000000099999999998 0.42219323052181179090 
0.00000000099999999990 0.00000000099999999990 0.00000000099999999990 0.00000000099999999990 0.00000000099999999990 0.00000000099999999990 0.00000000099999999990 0.99999999200000000421 0.00000000099999999990 
0.00000000099999999991 0.00000000099999999991 0.00000000099999999991 0.00000000099999999991 0.00000000099999999991 0.99999999200000000421 0.00000000099999999991 0.00000000099999999991 0.00000000099999999991 
0.00000000099999999995 0.00000000099999999995 0.00000000099999999995 0.99999999200000011523 0.00000000099999999995 0.00000000099999999995 0.00000000099999999995 0.00000000099999999995 0.00000000099999999995 
0.00000000099999999956 0.00000000099999999956 0.00000000099999999956 0.00000000099999999956 0.00000000099999999956 0.00000000099999999956 0.99999999200000000421 0.00000000099999999956 0.00000000099999999956 
0.00000000099999999990 0.00000000099999999990 0.00000000099999999990 0.00000000099999999990 0.00000000099999999990 0.00000000099999999990 0.00000000099999999990 0.99999999200000000421 0.00000000099999999990 
0.00000000099999999950 0.00000000099999999950 0.00000000099999999950 0.00000000099999999950 0.00000000099999999950 0.00000000099999999950 0.99999999200000000421 0.00000000099999999950 0.00000000099999999950 
0.00000000099999999950 0.00000000099999999950 0.00000000099999999950 0.00000000099999999950 0.00000000099999999950 0.00000000099999999950 0.99999999200000000421 0.00000000099999999950 0.00000000099999999950 
0.00000000099999999997 0.00000000099999999997 0.00000000099999999997 0.00000000099999999997 0.00000000099999999997 0.36233804499742816585 0.00000000099999999997 0.00000000099999999997 0.63766194800257181008 
0.01197769046541374491 0.11384121882105660561 0.00000115605856622038 0.25819831906245732656 0.00000000099999999998 0.22497565814954600949 0.00000000099999999998 0.00000678649061699356 0.39099916895234304581 
0.00000000099999999997 0.00000000607404778418 0.00000000099999999997 0.29727178806492271512 0.00000000099999999997 0.22873355646456458579 0.00000000099999999997 0.00000000099999999997 0.47399464439646510350 
0.00000000099999999998 0.05792579566443908923 0.00000002153805965108 0.29617728346245070226 0.00000000099999999998 0.30725705138044506759 0.00000000099999999998 0.00000000099999999998 0.33863984395460539067 
0.00000000099999999994 0.27912401831345845515 0.72087597468654163180 0.00000000099999999994 0.00000000099999999994 0.00000000099999999994 0.00000000099999999994 0.00000000099999999994 0.00000000099999999994 
0.00191444270391728506 0.23212636925480112371 0.38505186808503394369 0.00110179914686110432 0.00000000099999999997 0.37980551680938656745 0.00000000099999999997 0.00000000099999999997 0.00000000099999999997 
0.00000000099999999996 0.00000000099999999996 0.46203192263783404714 0.00000000099999999996 0.00000000099999999996 0.53796807036216576225 0.00000000099999999996 0.00000000099999999996 0.00000000099999999996 
0.12545548157737124173 0.00000000099999999996 0.02054969950942851092 0.00000000099999999996 0.00000000099999999996 0.00000000099999999996 0.00000000099999999996 0.85399481291320011866 0.00000000099999999996 
0.00000000099999999996 0.09859967901780497535 0.56321473600519889047 0.33818557897699619286 0.00000000099999999996 0.00000000099999999996 0.00000000099999999996 0.00000000099999999996 0.00000000099999999996 
0.00000000099999999950 0.00000000099999999950 0.00000000099999999950 0.00000000099999999950 0.00000000099999999950 0.00000000099999999950 0.99999999199999989319 0.00000000099999999950 0.00000000099999999950 
0.00000000099999999992 0.00000000099999999992 0.99999999200000000421 0.00000000099999999992 0.00000000099999999992 0.00000000099999999992 0.00000000099999999992 0.00000000099999999992 0.00000000099999999992 
0.00000000099999999984 0.00000000099999999984 0.00000000099999999984 0.00000000099999999984 0.00000000099999999984 0.00000000099999999984 0.99999999199999989319 0.00000000099999999984 0.00000000099999999984 
0.00000000099999999957 0.00000000099999999957 0.00000000099999999957 0.00000000099999999957 0.00000000099999999957 0.00000000099999999957 0.99999999200000000421 0.00000000099999999957 0.00000000099999999957 
0.03338016264953000412 0.01743209444299062549 0.22358732837395001170 0.33689432040713451766 0.00000000099999999998 0.08296488330761703223 0.00000000099999999998 0.00000000099999999998 0.30574120781877783815 
0.00000000099999999997 0.00000000099999999997 0.64253382783639667597 0.00020882192692961990 0.00000000099999999997 0.35725734423667360184 0.00000000099999999997 0.00000000099999999997 0.00000000099999999997 
0.00000000099999999992 0.00000000099999999992 0.00000000099999999992 0.00000000099999999992 0.00000000099999999992 0.00000000099999999992 0.00000000099999999992 0.00000000099999999992 0.99999999200000000421 
0.00000000099999999961 0.00000000099999999961 0.00000000099999999961 0.00000000099999999961 0.00000000099999999961 0.00000000099999999961 0.99999999200000000421 0.00000000099999999961 0.00000000099999999961 
0.35636339264505828561 0.00000000099999999992 0.00000000099999999992 0.00000000099999999992 0.00000000099999999992 0.00000000099999999992 0.00000000099999999992 0.64363660035494152378 0.00000000099999999992 
0.99999999200000011523 0.00000000099999999979 0.00000000099999999979 0.00000000099999999979 0.00000000099999999979 0.00000000099999999979 0.00000000099999999979 0.00000000099999999979 0.00000000099999999979 
0.00000000099999999956 0.00000000099999999956 0.00000000099999999956 0.00000000099999999956 0.00000000099999999956 0.00000000099999999956 0.99999999199999989319 0.00000000099999999956 0.00000000099999999956 
0.00000000099999999998 0.11669145250083934329 0.00000000099999999998 0.00000000404714641618 0.00000000099999999998 0.36386515322825468965 0.00000000099999999998 0.00000000099999999998 0.51944338522375943512 
0.00000000099999999997 0.00000000099999999997 0.00000000099999999997 0.00000000099999999997 0.00000000099999999997 0.00000000099999999997 0.00000000099999999997 0.00000000099999999997 0.99999999199999989319 
0.00000000099999999958 0.00000000099999999958 0.00000000099999999958 0.00000000099999999958 0.00000000099999999958 0.00000000099999999958 0.99999999200000000421 0.00000000099999999958 0.00000000099999999958 
0.00000000099999999997 0.13229049588499944279 0.00000000099999999997 0.49605112228424574905 0.00000000099999999997 0.37165837583075489459 0.00000000099999999997 0.00000000099999999997 0.00000000099999999997 
0.30927662480537349010 0.00000000099999999990 0.00000000099999999990 0.00000000099999999990 0.00000000099999999990 0.00000000099999999990 0.00000000099999999990 0.69072336819462620827 0.00000000099999999990 
0.22930996382402321632 0.00000000099999999998 0.57212085611535223872 0.00000000099999999998 0.09867863577138699660 0.00000000099999999998 0.09989053928923770365 0.00000000099999999998 0.00000000099999999998 
