0.00000061503801462772 0.53318606944957103178 0.02205830731057609531 0.00044330897646490623 0.44431169922537322448 
0.00000000099999999996 0.00000000099999999996 0.00000000099999999996 0.99999999600000000211 0.00000000099999999996 
0.00000000099999999996 0.00000000099999999996 0.00000000099999999996 0.99999999599999989108 0.00000000099999999996 
0.00000000099999999999 0.44280719230385556795 0.00284591554320246659 0.03519838552948496846 0.51914850562345693508 
0.00000000100000000000 0.56363598896806110794 0.00836301332304341394 0.00000000100000000000 0.42800099570889543754 
0.00000000099999999999 0.40021617504288736766 0.00312657002502731958 0.02453565048856778952 0.57212160344351759012 
0.00000000099999999997 0.00000000099999999997 0.00000000099999999997 0.99999999599999989108 0.00000000099999999997 
0.00000000099999999995 0.00000000099999999995 0.00000000099999999995 0.99999999600000000211 0.00000000099999999995 
0.00000000099999999997 0.99999999600000011313 0.00000000099999999997 0.00000000099999999997 0.00000000099999999997 
0.00000000099999999996 0.00000000099999999996 0.00000000099999999996 0.99999999599999989108 0.00000000099999999996 
0.00000000100000000000 0.51946860410410256037 0.01035456798353064437 0.01281978082729081508 0.45735704608507610214 
0.00000000099999999999 0.50593000878771199336 0.00699721518373946829 0.01503599941288676078 0.47203677561566192988 
0.00000000100000000000 0.40717743891159219327 0.00485699243312447647 0.00000000100000000000 0.58796556665528321162 
0.00000000099999999999 0.43936284860421692677 0.01632813347151729558 0.00157020278707090317 0.54273881413719493594 
0.00578357586567941964 0.53796650783617305791 0.01642840856149851633 0.00000000100000000000 0.43982150673664893725 
0.00000000099999999999 0.45234492230116424283 0.02990599141255547225 0.05504581874227422456 0.46270326654400600885 
0.00000000099999999996 0.99999999600000000211 0.00000000099999999996 0.00000000099999999996 0.00000000099999999996 
0.00540996775471634661 0.45555723909182088693 0.00250773744416283749 0.00000000099999999999 0.53652505470929989784 
0.00000000100000000000 0.27323133527876658500 0.00356185884846678662 0.00000000100000000000 0.72320680387276659040 
0.00000000099999999998 0.39251751542049073684 0.00148789398218394410 0.00000000099999999998 0.60599458859732535654 
0.00000000099999999999 0.32367051137984104159 0.00000000099999999999 0.00000000099999999999 0.67632948562015882121 
0.00000000099999999997 0.00000000099999999997 0.00000000099999999997 0.99999999600000000211 0.00000000099999999997 
0.00000000099999999999 0.52806779999707842421 0.00000000099999999999 0.02370591775898684903 0.44822628024393496027 
0.00000000099999999993 0.99999999600000000211 0.00000000099999999993 0.00000000099999999993 0.00000000099999999993 
0.00000000099999999998 0.38326242439244212479 0.00000000099999999998 0.02637968751970107967 0.59035788608785666476 
0.00000000099999999999 0.62340328747238582530 0.00000001856129805514 0.00000000099999999999 0.37659669196631606614 
0.00000000099999999983 0.00000000099999999983 0.99999999599999989108 0.00000000099999999983 0.00000000099999999983 
0.00000000099999999980 0.00000000099999999980 0.99999999600000000211 0.00000000099999999980 0.00000000099999999980 
0.00000000100000000000 0.52692101393163826017 0.00728906245115272348 0.00000000100000000000 0.46578992161720911280 
0.00000000099999999999 0.50740138110023191853 0.01077488791027981542 0.00000000099999999999 0.48182372898948838680 
0.00000000099999999999 0.36377345793653925732 0.00000000099999999999 0.01659524343453299897 0.61963129662892768579 
0.00000000099999999997 0.00009470497181872371 0.00000000099999999997 0.99990529202818134724 0.00000000099999999997 
0.00000000099999999995 0.43642411322104202043 0.35731869873535276882 0.20625718604360518404 0.00000000099999999995 
0.00000000099999999999 0.42415952300006465325 0.00000000099999999999 0.00000000099999999999 0.57584047399993532057 
0.99999999600000000211 0.00000000099999999980 0.00000000099999999980 0.00000000099999999980 0.00000000099999999980 
0.99999999600000011313 0.00000000099999999975 0.00000000099999999975 0.00000000099999999975 0.00000000099999999975 
0.99999999600000011313 0.00000000099999999975 0.00000000099999999975 0.00000000099999999975 0.00000000099999999975 
0.00000000099999999984 0.00000000099999999984 0.99999999599999989108 0.00000000099999999984 0.00000000099999999984 
0.00000000099999999982 0.00000000099999999982 0.99999999599999989108 0.00000000099999999982 0.00000000099999999982 
0.00000000099999999999 0.43110590055299147227 0.00000000099999999999 0.00000000099999999999 0.56889409644700839053 
0.00000000099999999997 0.00000000099999999997 0.00000000099999999997 0.99999999600000000211 0.00000000099999999997 
0.00000000099999999982 0.00000000099999999982 0.99999999600000000211 0.00000000099999999982 0.00000000099999999982 
0.00000000099999999999 0.56515241313766728659 0.00857248971549969159 0.02202034695041577700 0.40425474919641729565 
0.00000000099999999995 0.00000000099999999995 0.00000000099999999995 0.99999999600000000211 0.00000000099999999995 
0.00000000099999999985 0.00000000099999999985 0.99999999599999989108 0.00000000099999999985 0.00000000099999999985 
0.00000000099999999997 0.99999999600000011313 0.00000000099999999997 0.00000000099999999997 0.00000000099999999997 
0.00000000099999999983 0.00000000099999999983 0.99999999600000000211 0.00000000099999999983 0.00000000099999999983 
0.00000000099999999996 0.00000000099999999996 0.00000000099999999996 0.99999999600000000211 0.00000000099999999996 
0.00000000099999999994 0.00000000099999999994 0.00000000099999999994 0.99999999600000000211 0.00000000099999999994 
0.00000000099999999980 0.00000000099999999980 0.99999999600000000211 0.00000000099999999980 0.00000000099999999980 
0.00000000099999999982 0.00000000099999999982 0.99999999599999989108 0.00000000099999999982 0.00000000099999999982 
0.00000000099999999996 0.00000000099999999996 0.00000000099999999996 0.99999999600000000211 0.00000000099999999996 
0.00000000099999999996 0.00000000099999999996 0.00000000099999999996 0.99999999599999989108 0.00000000099999999996 
0.00000000099999999997 0.00000000099999999997 0.00000000099999999997 0.99999999599999989108 0.00000000099999999997 
0.00000000099999999985 0.00000000099999999985 0.99999999599999989108 0.00000000099999999985 0.00000000099999999985 
0.00000000100000000000 0.33742285744778616197 0.01557505122819656009 0.04179300920056980978 0.60520908112344729002 
0.00000000100000000000 0.41526548536406376888 0.02593402615500564612 0.00000000100000000000 0.55880048648093050279 
0.00000000099999999995 0.00000000099999999995 0.00000000099999999995 0.00000000099999999995 0.99999999599999989108 
0.00000000099999999999 0.48078887059227698453 0.00104144791461053556 0.01062564321110464650 0.50754403728200769841 
0.00000000099999999996 0.00000000099999999996 0.00000000099999999996 0.99999999599999989108 0.00000000099999999996 
0.00000000100000000000 0.41150513569999691565 0.00471207329466035493 0.00000000100000000000 0.58378278900534275042 
0.99999999600000000211 0.00000000099999999979 0.00000000099999999979 0.00000000099999999979 0.00000000099999999979 
0.00000000099999999998 0.33772812133347596131 0.00235948205867060178 0.00640487749057950650 0.65350751811727381124 
0.99999999600000011313 0.00000000099999999979 0.00000000099999999979 0.00000000099999999979 0.00000000099999999979 
0.00000000099999999999 0.59876969465401941317 0.00000000099999999999 0.03483895651005521066 0.36639134683592539110 
0.99999999600000011313 0.00000000099999999980 0.00000000099999999980 0.00000000099999999980 0.00000000099999999980 
0.00000000099999999996 0.00000000099999999996 0.00000000099999999996 0.00000000099999999996 0.99999999599999989108 
0.00000000100000000000 0.40745773788725431208 0.00508591897915759532 0.00699981023560062188 0.58045653189798751548 
0.00000000099999999994 0.00000000099999999994 0.00000000099999999994 0.99999999599999989108 0.00000000099999999994 
0.00000000099999999998 0.52011486833363451687 0.00000000099999999998 0.00000000099999999998 0.47988512866636556797 
0.99999999600000000211 0.00000000099999999980 0.00000000099999999980 0.00000000099999999980 0.00000000099999999980 
0.99999999600000000211 0.00000000099999999982 0.00000000099999999982 0.00000000099999999982 0.00000000099999999982 
0.00000000099999999999 0.45200950457114719150 0.01096358156086377905 0.08032515331856382446 0.45670175954942515695 
0.00000000099999999995 0.00000000099999999995 0.00000000099999999995 0.99999999599999989108 0.00000000099999999995 
0.00000000099999999985 0.00000000099999999985 0.99999999600000000211 0.00000000099999999985 0.00000000099999999985 
0.00000000099999999995 0.00000000099999999995 0.00000000099999999995 0.99999999600000000211 0.00000000099999999995 
0.00000000100000000000 0.42767215439646644182 0.00000000100000000000 0.03427286979866884381 0.53805497380486455583 
0.99999999600000011313 0.00000000099999999978 0.00000000099999999978 0.00000000099999999978 0.00000000099999999978 
0.00000000099999999979 0.00000000099999999979 0.99999999599999989108 0.00000000099999999979 0.00000000099999999979 
0.99999999600000000211 0.00000000099999999982 0.00000000099999999982 0.00000000099999999982 0.00000000099999999982 
0.00000000099999999998 0.99999999600000011313 0.00000000099999999998 0.00000000099999999998 0.00000000099999999998 
0.00000000099999999994 0.00000000099999999994 0.00000000099999999994 0.99999999599999989108 0.00000000099999999994 
0.00000000099999999995 0.00000000099999999995 0.00000000099999999995 0.99999999600000000211 0.00000000099999999995 
0.00000000099999999999 0.42049899797213979857 0.00004256555784689033 0.23124669378509934980 0.34821174168491397793 
0.00000000099999999999 0.98117498290496019120 0.01882501409503991099 0.00000000099999999999 0.00000000099999999999 
0.00000000099999999999 0.41715701162059332097 0.00000000099999999999 0.00500089852881464587 0.57784208785059187896 
0.00000000099999999999 0.45716860316244789519 0.00000000099999999999 0.01976181090634402879 0.52306958393120805972 
0.00000000099999999999 0.47405507642593019968 0.00000000099999999999 0.00000000099999999999 0.52594492057406971863 
0.00000000099999999998 0.46540490003457207768 0.00000000099999999998 0.00000000099999999998 0.53459509696542784063 
0.00000000099999999998 0.40668478561667520399 0.00000000099999999998 0.00336006319912138512 0.58995514918420333128 
0.00000000099999999999 0.52875759675428635198 0.00713003582273742751 0.00730498546272375596 0.45680738096025236272 
0.00000000099999999999 0.59069372214592319459 0.00000000099999999999 0.03363097123552756529 0.37567530461854919954 
0.00000000099999999996 0.00000000099999999996 0.00000000099999999996 0.99999999600000000211 0.00000000099999999996 
0.00000000099999999998 0.00659799873356721467 0.00000000099999999998 0.99340199826643271752 0.00000000099999999998 
0.99999999600000011313 0.00000000099999999988 0.00000000099999999988 0.00000000099999999988 0.00000000099999999988 
0.00000000099999999997 0.00000000099999999997 0.00000000099999999997 0.99999999600000000211 0.00000000099999999997 
0.00000000099999999998 0.00000000099999999998 0.00000000099999999998 0.99997970256156931690 0.00002029443843055354 
0.00000000099999999999 0.38370857015930476264 0.00647463528645178706 0.01956596574247921466 0.59025082781176430036 
0.99999999600000011313 0.00000000099999999975 0.00000000099999999975 0.00000000099999999975 0.00000000099999999975 
0.00000000099999999999 0.47934681976779036638 0.00312258486221482804 0.00000000099999999999 0.51753059336999474027 
0.00000000099999999999 0.32210597651065275837 0.00579015656084176655 0.00960909423902740929 0.66249477168947812356 
0.00000214596425523797 0.50244081307528321023 0.00615117421072374024 0.00000000226319091891 0.49140586448654693941 
0.00000000100000000000 0.37382692770268538540 0.00410932182996496826 0.01951401042530242699 0.60254973904204722768 
0.00000000100000000000 0.46862615453126210685 0.00000000100000000000 0.00000105556413740230 0.53137278790460051869 
0.00000000099999999999 0.71291645353371624338 0.00000000099999999999 0.03053181583066999841 0.25655172863561376273 
0.00000000099999999998 0.99999999600000011313 0.00000000099999999998 0.00000000099999999998 0.00000000099999999998 
0.00000000099999999999 0.46175450329424255758 0.00766329225435404254 0.00813075676827344253 0.52245144668313003855 
0.00294627322532356245 0.49704753745338020599 0.02929248503970529119 0.00870317626972029641 0.46201052801187070251 
0.00000000099999999999 0.39566738885826657768 0.01176084322730473405 0.00000047941794880591 0.59257128749647980381 
0.00000000099999999998 0.44708954482995594271 0.00000000099999999998 0.00000000099999999998 0.55291045217004408663 
0.00000000238022157734 0.39492709451123747533 0.02510228113268093281 0.01879914537038656491 0.56117147660547350707 
0.00000000099999999998 0.47029274284286615160 0.00988889573034805631 0.00000000099999999998 0.51981835942678578100 
0.00000000099999999999 0.46557776127326278015 0.00000000099999999999 0.00627359334212380416 0.52814864338461331439 
0.00000000099999999999 0.30240222379491427107 0.00000000099999999999 0.00000000099999999999 0.69759777320508564724 
0.00000000099999999996 0.99999999600000000211 0.00000000099999999996 0.00000000099999999996 0.00000000099999999996 
0.00000000100000000000 0.47084516957163263795 0.00498103525481101862 0.01079524657852287683 0.51337854759503342983 
0.00000000099999999999 0.46319731013489268134 0.00000000099999999999 0.03597185223039828239 0.50083083563470898181 
0.00000000099999999999 0.43087914155133560934 0.00000000099999999999 0.00000063472750280644 0.56912022172116150109 
0.00000000099999999999 0.56329355816154802472 0.00000000099999999999 0.02095183348941570198 0.41575460634903621537 
0.06777403728223897750 0.43098899847671839902 0.00359160410838917869 0.02003936161323449996 0.47760599851941892835 
0.00000000099999999995 0.99999999600000011313 0.00000000099999999995 0.00000000099999999995 0.00000000099999999995 
0.00000000099999999998 0.57592160665544356313 0.00000000099999999998 0.01555786593185803403 0.40852052541269839869 
0.00000000099999999998 0.47624178053953020173 0.00000000099999999998 0.02276885775509278689 0.50098935970537683549 
0.00000000099999999999 0.59542354410347897442 0.01338644281849940901 0.00000000099999999999 0.39119001107802175987 
0.00000000099999999998 0.41024466043723462061 0.00000000099999999998 0.00946140141444184839 0.58029393614832347481 
0.00000000100000000000 0.67115583636670872458 0.00453150580186639264 0.00000000100000000000 0.32431265583142504516 
0.00000000099999999999 0.42187146706733263946 0.00731865889776594451 0.01096000391596349023 0.55984986911893785955 
0.00000000099999999999 0.45384229505150330830 0.00000000099999999999 0.00000000099999999999 0.54615770194849666552 
0.00000000099999999998 0.39945821669696823797 0.00000000099999999998 0.03263648485356866746 0.56790529644946297072 
0.00000000099999999995 0.00000000099999999995 0.00000000099999999995 0.99999999599999989108 0.00000000099999999995 
0.00000000099999999998 0.00000000099999999998 0.00000000099999999998 0.99999999599999989108 0.00000000099999999998 
0.99999999600000000211 0.00000000099999999983 0.00000000099999999983 0.00000000099999999983 0.00000000099999999983 
0.00000000099999999980 0.00000000099999999980 0.99999999599999989108 0.00000000099999999980 0.00000000099999999980 
0.00000000099999999999 0.00000000099999999999 0.03666787840508962254 0.89496995627639541748 0.06836216331851489858 
0.00000000099999999998 0.52008674481120320543 0.00000000099999999998 0.01068673498725236128 0.46922651820154442914 
0.00000000099999999996 0.00000000099999999996 0.00000000099999999996 0.00000000099999999996 0.99999999599999989108 
0.00000000099999999999 0.00000000099999999999 0.00400030590055447995 0.99599969109944541668 0.00000000099999999999 
0.00000000099999999996 0.00000000099999999996 0.00000000099999999996 0.00000000099999999996 0.99999999599999989108 
0.00000000099999999998 0.50911061465373608215 0.01122495241151540667 0.00000000099999999998 0.47966443093474853132 
0.00000000099999999999 0.50334683142614500273 0.00220553490147838704 0.00000000099999999999 0.49444763167237665291 
0.99999999600000011313 0.00000000099999999978 0.00000000099999999978 0.00000000099999999978 0.00000000099999999978 
0.99999999600000000211 0.00000000099999999979 0.00000000099999999979 0.00000000099999999979 0.00000000099999999979 
0.99999999600000000211 0.00000000099999999975 0.00000000099999999975 0.00000000099999999975 0.00000000099999999975 
0.99999999600000011313 0.00000000099999999976 0.00000000099999999976 0.00000000099999999976 0.00000000099999999976 
0.99999999600000000211 0.00000000099999999976 0.00000000099999999976 0.00000000099999999976 0.00000000099999999976 
0.00000000099999999998 0.00000000099999999998 0.00000000099999999998 0.99999999599999989108 0.00000000099999999998 
0.00000000099999999997 0.99999999600000011313 0.00000000099999999997 0.00000000099999999997 0.00000000099999999997 
0.99999999600000011313 0.00000000099999999976 0.00000000099999999976 0.00000000099999999976 0.00000000099999999976 
0.99999999600000011313 0.00000000099999999980 0.00000000099999999980 0.00000000099999999980 0.00000000099999999980 
0.00000000099999999979 0.00000000099999999979 0.99999999599999989108 0.00000000099999999979 0.00000000099999999979 
0.00000000099999999979 0.00000000099999999979 0.99999999599999989108 0.00000000099999999979 0.00000000099999999979 
0.00000000099999999999 0.50835930482420088605 0.00000000099999999999 0.00000000099999999999 0.49164069217579919879 
0.99999999600000011313 0.00000000099999999978 0.00000000099999999978 0.00000000099999999978 0.00000000099999999978 
0.00000000099999999999 0.41987046903541469511 0.00000000099999999999 0.01284934919883296001 0.56728017976575240144 
0.00000000099999999999 0.36198208142088039718 0.00000000099999999999 0.00000000099999999999 0.63801791557911968766 
0.00000000099999999998 0.05103104471983851975 0.00000000099999999998 0.94896895228016153734 0.00000000099999999998 
0.00000000099999999998 0.45413408065712834727 0.00000000099999999998 0.00823851337280040452 0.53762740397007113824 
0.00000000099999999994 0.00000000099999999994 0.00000000099999999994 0.99999999599999989108 0.00000000099999999994 
0.00000000099999999999 0.41014590975138459639 0.00339056504180580264 0.01775982085840469016 0.56870370334840492088 
0.00000000099999999995 0.00000000099999999995 0.00000000099999999995 0.99999999600000000211 0.00000000099999999995 
0.00000000099999999999 0.42463122275657266824 0.01601430874585274902 0.00834934841504405070 0.55100511908253047011 
0.00000000099999999999 0.35264236597953579899 0.01125411860689832892 0.00000000099999999999 0.63610351341356596855 
0.99999999600000011313 0.00000000099999999980 0.00000000099999999980 0.00000000099999999980 0.00000000099999999980 
0.00000000099999999996 0.00000000099999999996 0.00000000099999999996 0.99999999600000000211 0.00000000099999999996 
0.99999999600000011313 0.00000000099999999977 0.00000000099999999977 0.00000000099999999977 0.00000000099999999977 
0.99999999600000011313 0.00000000099999999976 0.00000000099999999976 0.00000000099999999976 0.00000000099999999976 
0.00000000099999999999 0.55873153400416331049 0.00000000099999999999 0.00512776581514316678 0.43614069818069378659 
0.00000000099999999999 0.43703510606777973280 0.00000000099999999999 0.02524487412921619031 0.53772001780300404672 
0.00000000099999999998 0.47302612231283730493 0.00000000099999999998 0.00238834421684272925 0.52458553147032005448 
0.00000000099999999999 0.52533239244405038892 0.00238735846310944881 0.00000083714185307183 0.47227941095098707747 
0.00000000099999999999 0.53390784564733384521 0.01218186923845357254 0.00297448251603403069 0.45093580159817864272 
0.00000000099999999998 0.64360114789041122929 0.00772999714018242790 0.01681731547168231061 0.33185153849772408563 
0.00000000099999999999 0.46643870141393556361 0.00000000099999999999 0.00000000099999999999 0.53356129558606424368 
0.00000000099999999997 0.00000000099999999997 0.00000000099999999997 0.96580907782780389681 0.03419091917219611171 
0.00000000099999999998 0.46641381024176120640 0.00000000099999999998 0.00000000099999999998 0.53358618675823876742 
0.99999999600000000211 0.00000000099999999977 0.00000000099999999977 0.00000000099999999977 0.00000000099999999977 
0.00000000100000000000 0.47622321303314185670 0.00000000100000000000 0.00000000100000000000 0.52377678396685822815 
0.99999999600000000211 0.00000000099999999992 0.00000000099999999992 0.00000000099999999992 0.00000000099999999992 
0.99999999600000011313 0.00000000099999999980 0.00000000099999999980 0.00000000099999999980 0.00000000099999999980 
0.00000000099999999999 0.43248482287630274357 0.00000000099999999999 0.01932202945516537165 0.54819314566853183379 
0.00000000099999999999 0.46034460033783169974 0.00609707371621909505 0.00000000099999999999 0.53355832394594904233 
0.00000000099999999999 0.52660970355729219694 0.00000000099999999999 0.01707939662093506047 0.45631089782177275405 
0.99999999600000011313 0.00000000099999999982 0.00000000099999999982 0.00000000099999999982 0.00000000099999999982 
0.00000000099999999995 0.00000000099999999995 0.00000000099999999995 0.99999999600000000211 0.00000000099999999995 
0.00000000099999999995 0.00000000099999999995 0.00000000099999999995 0.99999999600000000211 0.00000000099999999995 
0.99999999600000000211 0.00000000099999999979 0.00000000099999999979 0.00000000099999999979 0.00000000099999999979 
0.00000000099999999999 0.60095374169235993289 0.00424464438240004273 0.00600983825127913204 0.38879177467396092149 
0.00000000100000000000 0.51811755225799771551 0.01396022134765662406 0.03803094646656476202 0.42989127892778089546 
0.99999999600000011313 0.00000000099999999980 0.00000000099999999980 0.00000000099999999980 0.00000000099999999980 
0.00000000099999999999 0.51251605843798897499 0.00611290471442660615 0.00234689606411668441 0.47902413978346763956 
0.00000000099999999994 0.00000000099999999994 0.00000000099999999994 0.99999999600000000211 0.00000000099999999994 
0.09751762186751830597 0.00000000100000000000 0.10535145473868695598 0.21267184790742940659 0.58445907448636547077 
0.00000000100000000000 0.36973775846263778888 0.00000000100000000000 0.02088686313845367071 0.60937537639890848595 
0.00000000099999999999 0.54349579500039868485 0.01235285368305650937 0.03141702855911548964 0.41273432175742946759 
0.00000000099999999999 0.51618115687157251070 0.01426646396807678720 0.00000000099999999999 0.46955237716035064244 
0.00000000099999999996 0.99999999600000000211 0.00000000099999999996 0.00000000099999999996 0.00000000099999999996 
0.00000000099999999996 0.99999999600000000211 0.00000000099999999996 0.00000000099999999996 0.00000000099999999996 
0.00000000099999999999 0.45031479964929210791 0.00000000099999999999 0.00338798298168432920 0.54629721536902353662 
0.00000000099999999999 0.58515355595494367158 0.01190579350824436285 0.00245505838932123799 0.40048559114749077148 
0.00000000099999999997 0.00000000099999999997 0.00000000099999999997 0.00000000099999999997 0.99999999599999989108 
0.00000000099999999996 0.00000000099999999996 0.00000000099999999996 0.99999999600000000211 0.00000000099999999996 
0.00000000099999999999 0.56645765380819146362 0.00628991689841415080 0.01440761169108393559 0.41284481660231053812 
0.00000000099999999995 0.00000000099999999995 0.00000000099999999995 0.00000000099999999995 0.99999999599999989108 
0.00000000099999999999 0.31989970008074941621 0.00000021601100802480 0.04031289372300934232 0.63978718918523314052 
0.00000000099999999998 0.30919496061941970089 0.00000000099999999998 0.00709779458301121498 0.68370724279756911468 
0.00000000100000000000 0.34633591156583104498 0.00000000100000000000 0.03363534756590252917 0.62002873886826637140 
0.00000000099999999995 0.00000000099999999995 0.00000000099999999995 0.00000000099999999995 0.99999999599999989108 
0.00000000099999999999 0.56579168741481977722 0.00000000099999999999 0.01081767186820687537 0.42339063871697341090 
0.00000000099999999997 0.00000000099999999997 0.00000000099999999997 0.97586606977425782716 0.02413392722574203564 
0.00000000099999999996 0.00000000099999999996 0.00000000099999999996 0.00000000099999999996 0.99999999600000000211 
0.00000000099999999999 0.45819842757361989305 0.00994804868833763442 0.00161114141248519071 0.53024238132555734371 
0.01000786887558273268 0.53488793843191884125 0.00000000100000000000 0.00788466536067895969 0.44721952633181949466 
0.00000000099999999997 0.00000000099999999997 0.00000000099999999997 0.99999999599999989108 0.00000000099999999997 
0.01768950968187957273 0.37108368870492858260 0.00000000100000000000 0.02466851971997945786 0.58655828089321238039 
0.00000000100000000000 0.58490866710937750028 0.00407615209302361180 0.00351224893125536486 0.40750293086634353790 
0.00000000099999999999 0.29195130606283631325 0.00931745438642602765 0.47780173545816434499 0.22092950309257336494 
0.00000000099999999998 0.34389062937417985699 0.00000000099999999998 0.01991828221807249305 0.63619108640774746366 
0.99999999600000011313 0.00000000099999999981 0.00000000099999999981 0.00000000099999999981 0.00000000099999999981 
0.00000000099999999999 0.55438124165319047076 0.01602212497999969121 0.01334981085600849861 0.41624682151080144576 
0.00000000099999999999 0.51031578354049900170 0.00288081000609250511 0.02233267817586120918 0.46447072727754723509 
