0.36310985331956630029 0.00000289159492465220 0.61418096002490074614 0.02261516331298492333 0.00009113174762328154 
0.00000000099999999996 0.00000000099999999996 0.00000000099999999996 0.00000000099999999996 0.99999999600000000211 
0.00000000099999999996 0.00000000099999999996 0.00000000099999999996 0.00000000099999999996 0.99999999599999989108 
0.48091139902581159227 0.00000000099999999999 0.48552260662420110293 0.00000336492426260128 0.03356262842572470262 
0.42470592238346488445 0.00000000100000000000 0.56549587468256889977 0.00979820093396614918 0.00000000100000000000 
0.49932321098602183707 0.00000000099999999999 0.47430939513388331585 0.00331525298977255762 0.02305213989032218330 
0.00000000099999999997 0.00000000099999999997 0.00000000099999999997 0.00000000099999999997 0.99999999599999989108 
0.00000000099999999995 0.00000000099999999995 0.00000000099999999995 0.00000000099999999995 0.99999999599999989108 
0.42057057499393163402 0.00000000099999999999 0.56290121011519633765 0.01647445736803016328 0.00005375652284188339 
0.00000000099999999996 0.00000000099999999996 0.00000000099999999996 0.00000000099999999996 0.99999999600000000211 
0.48612757385893207163 0.00000000100000000000 0.49583814303007633928 0.00717358780393469609 0.01086069430705669143 
0.47065399570421639908 0.00000000099999999999 0.50816090802050706277 0.00770862681066507554 0.01347646846461144146 
0.39369845106428213999 0.00000000100000000000 0.60138035381996268747 0.00492119311575522911 0.00000000100000000000 
0.45131110785145583941 0.00000000100000000000 0.53115303426270354947 0.01601013582682174474 0.00152572105901885649 
0.44372389604314338429 0.00536773976261246087 0.53301069731680128516 0.01789766587744288581 0.00000000100000000000 
0.47000134732107762270 0.00000000099999999999 0.44766576926388629287 0.02929424385965390121 0.05303863855538213518 
0.52454840756080778341 0.00000000099999999999 0.47545158943919235695 0.00000000099999999999 0.00000000099999999999 
0.45372555296522149026 0.00391587447679402154 0.53956721705687071822 0.00279135450111379696 0.00000000099999999999 
0.42806788004890539145 0.00803508989376061633 0.55573738640202874350 0.00815964265530534291 0.00000000100000000000 
0.00000000099999999996 0.00000000099999999996 0.99999999600000000211 0.00000000099999999996 0.00000000099999999996 
0.31723998825985355587 0.00000000099999999999 0.68276000874014652897 0.00000000099999999999 0.00000000099999999999 
0.00000000099999999997 0.00000000099999999997 0.00000000099999999997 0.00000000099999999997 0.99999999600000000211 
0.44496046844163905654 0.00000000099999999999 0.53303230490556463561 0.00000000099999999999 0.02200722465279638523 
0.99999999600000011313 0.00000000099999999992 0.00000000099999999992 0.00000000099999999992 0.00000000099999999992 
0.24479274148075008677 0.00000000099999999998 0.72890125865912935854 0.00000000099999999998 0.02630599786012061125 
0.42161963925519391205 0.00000000099999999999 0.57555776460660112992 0.00282259413820486237 0.00000000099999999999 
0.00000000099999999983 0.00000000099999999983 0.00000000099999999983 0.99999999600000000211 0.00000000099999999983 
0.00000000099999999980 0.00000000099999999980 0.00000000099999999980 0.99999999600000000211 0.00000000099999999980 
0.45384480432838086861 0.00000000100000000000 0.53871775534906407579 0.00743743832255490487 0.00000000100000000000 
0.60205998295321239144 0.00000000099999999999 0.38781025778490391120 0.01012975726188386320 0.00000000099999999999 
0.99999999600000011313 0.00000000099999999995 0.00000000099999999995 0.00000000099999999995 0.00000000099999999995 
0.02551358485984377492 0.00000000099999999997 0.00000000099999999997 0.00000000099999999997 0.97448641214015629952 
0.45606702861147607742 0.00000000099999999995 0.00000000099999999995 0.35770937984279366217 0.18622358954573023371 
0.45210625407997601100 0.00000000099999999999 0.54789374292002412936 0.00000000099999999999 0.00000000099999999999 
0.00000000099999999980 0.99999999600000000211 0.00000000099999999980 0.00000000099999999980 0.00000000099999999980 
0.00000000099999999975 0.99999999600000011313 0.00000000099999999975 0.00000000099999999975 0.00000000099999999975 
0.00000000099999999975 0.99999999600000000211 0.00000000099999999975 0.00000000099999999975 0.00000000099999999975 
0.00000000099999999984 0.00000000099999999984 0.00000000099999999984 0.99999999600000000211 0.00000000099999999984 
0.00000000099999999982 0.00000000099999999982 0.00000000099999999982 0.99999999599999989108 0.00000000099999999982 
0.25152578049641860503 0.00000000099999999999 0.74847421650358147982 0.00000000099999999999 0.00000000099999999999 
0.00000000099999999997 0.00000000099999999997 0.00000000099999999997 0.00000000099999999997 0.99999999600000000211 
0.00000000099999999982 0.00000000099999999982 0.00000000099999999982 0.99999999599999989108 0.00000000099999999982 
0.48607149213666522858 0.00000000099999999999 0.48874473232000870127 0.00705019513357961567 0.01813357940974657037 
0.00000000099999999995 0.00000000099999999995 0.00000000099999999995 0.00000000099999999995 0.99999999599999989108 
0.00000000099999999985 0.00000000099999999985 0.00000000099999999985 0.99999999599999989108 0.00000000099999999985 
0.99999999600000000211 0.00000000099999999995 0.00000000099999999995 0.00000000099999999995 0.00000000099999999995 
0.00000000099999999983 0.00000000099999999983 0.00000000099999999983 0.99999999600000000211 0.00000000099999999983 
0.00000000099999999996 0.00000000099999999996 0.00000000099999999996 0.00000000099999999996 0.99999999599999989108 
0.00000000099999999994 0.00000000099999999994 0.00000000099999999994 0.00000000099999999994 0.99999999600000000211 
0.00000000099999999980 0.00000000099999999980 0.00000000099999999980 0.99999999599999989108 0.00000000099999999980 
0.00000000099999999982 0.00000000099999999982 0.00000000099999999982 0.99999999600000000211 0.00000000099999999982 
0.00000000099999999996 0.00000000099999999996 0.00000000099999999996 0.00000000099999999996 0.99999999599999989108 
0.00000000099999999996 0.00000000099999999996 0.00000000099999999996 0.00000000099999999996 0.99999999599999989108 
0.00000000099999999997 0.00000000099999999997 0.00000000099999999997 0.00000000099999999997 0.99999999600000000211 
0.00000000099999999985 0.00000000099999999985 0.00000000099999999985 0.99999999600000000211 0.00000000099999999985 
0.99999999600000011313 0.00000000099999999998 0.00000000099999999998 0.00000000099999999998 0.00000000099999999998 
0.42734746078795843305 0.00000000100000000000 0.54605196269887679161 0.02660057451316487354 0.00000000100000000000 
0.27109620861399386094 0.00000000099999999998 0.70850923577044799817 0.00000000099999999998 0.02039455361555818358 
0.58691639495029923612 0.00000000099999999999 0.41077256905411640986 0.00000000099999999999 0.00231103399558443183 
0.00000000099999999996 0.00000000099999999996 0.00000000099999999996 0.00000000099999999996 0.99999999599999989108 
0.29718006958720810662 0.00000000100000000000 0.69726952746129655658 0.00555040095149516612 0.00000000100000000000 
0.00000000099999999979 0.99999999600000011313 0.00000000099999999979 0.00000000099999999979 0.00000000099999999979 
0.00000000099999999996 0.00000000099999999996 0.99999999600000000211 0.00000000099999999996 0.00000000099999999996 
0.00000000099999999979 0.99999999600000011313 0.00000000099999999979 0.00000000099999999979 0.00000000099999999979 
0.42877173261191781073 0.00000000100000000000 0.53603732619656963010 0.00000000100000000000 0.03519093919151259492 
0.00000000099999999980 0.99999999600000011313 0.00000000099999999980 0.00000000099999999980 0.00000000099999999980 
0.28925379801777972855 0.00000000099999999999 0.70166277685119726737 0.00247038603647088770 0.00661303809455203017 
0.37837378789330683437 0.00000000100000000000 0.60668764905973160406 0.00733490969619541525 0.00760365235076603755 
0.00000000099999999994 0.00000000099999999994 0.00000000099999999994 0.00000000099999999994 0.99999999599999989108 
0.99999999600000000211 0.00000000099999999994 0.00000000099999999994 0.00000000099999999994 0.00000000099999999994 
0.00000000099999999980 0.99999999600000011313 0.00000000099999999980 0.00000000099999999980 0.00000000099999999980 
0.00000000099999999982 0.99999999600000011313 0.00000000099999999982 0.00000000099999999982 0.00000000099999999982 
0.21599990851587419494 0.00000000099999999999 0.68777474223732359970 0.00921433267463707753 0.08701101557216525673 
0.00000000099999999995 0.00000000099999999995 0.00000000099999999995 0.00000000099999999995 0.99999999599999989108 
0.00000000099999999985 0.00000000099999999985 0.00000000099999999985 0.99999999600000000211 0.00000000099999999985 
0.00000000099999999995 0.00000000099999999995 0.00000000099999999995 0.00000000099999999995 0.99999999600000000211 
0.32178806059525577599 0.00000000099999999999 0.64550433566054432610 0.00000000099999999999 0.03270760174419991978 
0.00000000099999999978 0.99999999600000000211 0.00000000099999999978 0.00000000099999999978 0.00000000099999999978 
0.00000000099999999979 0.00000000099999999979 0.00000000099999999979 0.99999999600000000211 0.00000000099999999979 
0.00000000099999999982 0.99999999600000000211 0.00000000099999999982 0.00000000099999999982 0.00000000099999999982 
0.24350251435632405683 0.00000000100000000000 0.73646430476713609092 0.02003317887653974227 0.00000000100000000000 
0.00000000099999999994 0.00000000099999999994 0.00000000099999999994 0.00000000099999999994 0.99999999599999989108 
0.00000000099999999995 0.00000000099999999995 0.00000000099999999995 0.00000000099999999995 0.99999999599999989108 
0.49953217337791316899 0.00000000099999999999 0.27135354890722240828 0.00000000099999999999 0.22911427571486447929 
0.38057468850437758956 0.00000000100000000000 0.59699978904930472989 0.02169732310791609373 0.00072819833840152273 
0.45748483123697186725 0.00000000099999999999 0.53738594480582335677 0.00000000099999999999 0.00512922195720487677 
0.40266891123964615451 0.00000000099999999999 0.57797409477460448546 0.00000000099999999999 0.01935699198574943741 
0.43635969890132481064 0.00000000099999999999 0.56364029682343241845 0.00000000227524274022 0.00000000099999999999 
0.58237338945712813221 0.00000000099999999997 0.41762660754287200815 0.00000000099999999997 0.00000000099999999997 
0.41265913654295421908 0.00000000099999999998 0.58077398265756330353 0.00000000099999999998 0.00656687879948248884 
0.33950965442858754839 0.00000000099999999999 0.64758039191541860724 0.00801416039617548238 0.00489579225981837639 
0.64775669005425429159 0.00000000099999999999 0.32412440157349664549 0.00000000099999999999 0.02811890637224909173 
0.00000000099999999996 0.00000000099999999996 0.00000000099999999996 0.00000000099999999996 0.99999999600000000211 
0.00000000099999999998 0.00000000099999999998 0.00000226341535553710 0.00000000099999999998 0.99999773358464438822 
0.00000000099999999988 0.99999999600000011313 0.00000000099999999988 0.00000000099999999988 0.00000000099999999988 
0.00000000099999999997 0.00000000099999999997 0.00000000099999999997 0.00000000099999999997 0.99999999600000000211 
0.00000000099999999998 0.00000000099999999998 0.00000000099999999998 0.00000000099999999998 0.99999999599999989108 
0.38266209900879838424 0.00000000099999999999 0.59212113321850889935 0.00717230896071112574 0.01804445781198156865 
0.00000000099999999975 0.99999999600000011313 0.00000000099999999975 0.00000000099999999975 0.00000000099999999975 
0.38503355005107975373 0.00000000099999999999 0.61077011387433055578 0.00419633407458970889 0.00000000099999999999 
0.22863796087603641127 0.00000000099999999999 0.75445107236737585232 0.00541524999718440234 0.01149571575940336321 
0.38774341349166868698 0.00012724753557330165 0.60546165264163487318 0.00666768533112294635 0.00000000100000000000 
0.34058965675927577177 0.00000000100000000000 0.63459807088704578426 0.00315128640141993863 0.02166098495225859261 
0.26574219396802506443 0.00000000099999999999 0.73425779771234322979 0.00000000099999999999 0.00000000631963160606 
0.99999999600000011313 0.00000000099999999995 0.00000000099999999995 0.00000000099999999995 0.00000000099999999995 
0.36434512174614852587 0.00000000099999999999 0.63257422974216204192 0.00308064651168936214 0.00000000099999999999 
0.48208923835741890329 0.00000000099999999999 0.50443159541275839342 0.00787932425674022809 0.00559984097308246099 
0.41091432548690820514 0.00299449602257364188 0.54916240971404584048 0.02992748824462063487 0.00700128053185181641 
0.50764424762920368206 0.00000000099999999999 0.48007616377085099435 0.01227958659994529515 0.00000000099999999999 
0.40390837903755755223 0.00000000099999999998 0.59609161796244236609 0.00000000099999999998 0.00000000099999999998 
0.31532861645801357753 0.00000000100000000000 0.63745432935590529144 0.02558506115419587751 0.02163199203188525405 
0.34906094229420814301 0.00000000099999999998 0.63987693912249699046 0.01106211658329471319 0.00000000099999999998 
0.38891667210215224992 0.00000000100000000000 0.60640205781999600987 0.00000000100000000000 0.00468126807785168141 
0.40824415768722099873 0.00000000099999999999 0.59175583931277897509 0.00000000099999999999 0.00000000099999999999 
0.34664209610598717415 0.00000000099999999999 0.62539707924880316714 0.00000000099999999999 0.02796082264520956609 
0.51503717275406268872 0.00000000099999999999 0.47419283698184439002 0.00382600236308006190 0.00694398690101296137 
0.64998052604684075639 0.00000000099999999999 0.32499859800064118120 0.00000000099999999999 0.02502087395251799060 
0.39509418784646538336 0.00000000099999999999 0.60490570764032047801 0.00000000099999999999 0.00000010251321420338 
0.50303491110406017839 0.00000000099999999999 0.47805618520612680467 0.00000000099999999999 0.01890890168981309086 
0.32043283767071079060 0.06876877835725746235 0.58895247999676847428 0.00236175729907209470 0.01948414667619119064 
0.39281418481769397877 0.00000000099999999999 0.60718581218230616159 0.00000000099999999999 0.00000000099999999999 
0.41358415963945288629 0.00000000099999999998 0.57379329191901062845 0.00000000099999999998 0.01262254644153649845 
0.37401137764040731648 0.00000000099999999998 0.60347532415032445474 0.00000000099999999998 0.02251329620926820901 
0.40482892927767727409 0.00000000099999999999 0.57942420138909545013 0.01574686733322730112 0.00000000099999999999 
0.40443589566308213445 0.00000000099999999998 0.58631834433929708172 0.00000000099999999998 0.00924575799762071548 
0.50596421822653769862 0.00120055308398284090 0.48837596821201229025 0.00445925947746703046 0.00000000100000000000 
0.42562931809952425644 0.00000000099999999999 0.55862477316794123539 0.00806918194707570251 0.00767672578545893543 
0.25320151938657536883 0.00000000099999999999 0.74679847761342466050 0.00000000099999999999 0.00000000099999999999 
0.37765962289051185907 0.00000000099999999998 0.59185043534894776762 0.00000000099999999998 0.03048993976054055824 
0.00000000099999999995 0.00000000099999999995 0.00000000099999999995 0.00000000099999999995 0.99999999599999989108 
0.00000000099999999998 0.00000000099999999998 0.00000000099999999998 0.00000000099999999998 0.99999999600000000211 
0.00000000099999999983 0.99999999600000011313 0.00000000099999999983 0.00000000099999999983 0.00000000099999999983 
0.00000000099999999980 0.00000000099999999980 0.00000000099999999980 0.99999999600000000211 0.00000000099999999980 
0.05990164334222847220 0.00000000099999999999 0.00000000099999999999 0.03842476582633855969 0.90167358883143289283 
0.00000000099999999996 0.00000000099999999996 0.99999999600000000211 0.00000000099999999996 0.00000000099999999996 
0.00000000099999999997 0.00000000099999999997 0.99999999599999989108 0.00000000099999999997 0.00000000099999999997 
0.00000000099999999999 0.00000000099999999999 0.00000000099999999999 0.00401227728707095280 0.99598771971292909821 
0.34681398916722949721 0.00000000099999999999 0.64093985449061208204 0.00000000099999999999 0.01224615434215848425 
0.33464608059743627955 0.00000000099999999998 0.65381111992879359374 0.01154279747377001154 0.00000000099999999998 
0.61095032353535450032 0.00000000099999999999 0.38904958476753248586 0.00000008969711306458 0.00000000099999999999 
0.00000000099999999978 0.99999999600000011313 0.00000000099999999978 0.00000000099999999978 0.00000000099999999978 
0.00000000099999999979 0.99999999600000000211 0.00000000099999999979 0.00000000099999999979 0.00000000099999999979 
0.00000000099999999975 0.99999999600000000211 0.00000000099999999975 0.00000000099999999975 0.00000000099999999975 
0.00000000099999999976 0.99999999600000000211 0.00000000099999999976 0.00000000099999999976 0.00000000099999999976 
0.00000000099999999976 0.99999999600000011313 0.00000000099999999976 0.00000000099999999976 0.00000000099999999976 
0.00000000099999999998 0.00000000099999999998 0.00000000099999999998 0.00000000099999999998 0.99999999599999989108 
0.47980086171645286441 0.00000000100000000000 0.51192998286111446316 0.00826915342243281400 0.00000000100000000000 
0.00000000099999999976 0.99999999600000011313 0.00000000099999999976 0.00000000099999999976 0.00000000099999999976 
0.00000000099999999980 0.99999999600000000211 0.00000000099999999980 0.00000000099999999980 0.00000000099999999980 
0.00000000099999999979 0.00000000099999999979 0.00000000099999999979 0.99999999600000000211 0.00000000099999999979 
0.00000000099999999979 0.00000000099999999979 0.00000000099999999979 0.99999999599999989108 0.00000000099999999979 
0.99999999600000000211 0.00000000099999999994 0.00000000099999999994 0.00000000099999999994 0.00000000099999999994 
0.00000000099999999978 0.99999999600000000211 0.00000000099999999978 0.00000000099999999978 0.00000000099999999978 
0.00000000099999999998 0.00000000099999999998 0.99999999599999989108 0.00000000099999999998 0.00000000099999999998 
0.36785843387855665654 0.00000000099999999999 0.63214156312144331729 0.00000000099999999999 0.00000000099999999999 
0.00000000099999999998 0.00000000099999999998 0.05118658954600084632 0.00000000099999999998 0.94881340745399911363 
0.00000000099999999996 0.00000000099999999996 0.99999999600000000211 0.00000000099999999996 0.00000000099999999996 
0.00000000099999999994 0.00000000099999999994 0.00000000099999999994 0.00000000099999999994 0.99999999599999989108 
0.43687129727825668724 0.00000000099999999999 0.54084286874773890297 0.00574664495493360829 0.01653918801907064071 
0.00000000099999999995 0.00000000099999999995 0.00000000099999999995 0.00000000099999999995 0.99999999600000000211 
0.00000000099999999998 0.00000000099999999998 0.99348137807059622162 0.00651861892940376608 0.00000000099999999998 
0.35037057659771647655 0.00000000099999999999 0.63652812569644401375 0.01310129570583954892 0.00000000099999999999 
0.00000000099999999980 0.99999999600000000211 0.00000000099999999980 0.00000000099999999980 0.00000000099999999980 
0.00000000099999999996 0.00000000099999999996 0.00000000099999999996 0.00000000099999999996 0.99999999600000000211 
0.00000000099999999977 0.99999999600000000211 0.00000000099999999977 0.00000000099999999977 0.00000000099999999977 
0.00000000099999999976 0.99999999600000000211 0.00000000099999999976 0.00000000099999999976 0.00000000099999999976 
0.46076782542813726762 0.00000000099999999999 0.53566758779900069953 0.00000000099999999999 0.00356458477286206079 
0.34009277904927259772 0.00000000099999999999 0.63660853248466486853 0.00000000099999999999 0.02329868646606267357 
0.34996895667649596806 0.00000000099999999998 0.64998437473291892363 0.00000000099999999998 0.00004666659058506380 
0.55009650356277883798 0.00000000099999999999 0.44990349343722130238 0.00000000099999999999 0.00000000099999999999 
0.64347697446369644947 0.00000000099999999999 0.34962548105784274632 0.00689410365011802490 0.00000343982834271307 
0.40800228216707151718 0.00000000099999999999 0.57135784748142337541 0.00746886121374548944 0.01317100813775970089 
0.36552370552343838028 0.00000000099999999999 0.63447629147656159354 0.00000000099999999999 0.00000000099999999999 
0.00000000099999999997 0.00000000099999999997 0.02502555627849624778 0.00000000099999999997 0.97497444072150374339 
0.29415281430693152043 0.00000000099999999998 0.70584718269306845340 0.00000000099999999998 0.00000000099999999998 
0.00000000099999999976 0.99999999600000011313 0.00000000099999999976 0.00000000099999999976 0.00000000099999999976 
0.42033292780291164892 0.00000000100000000000 0.57966706680409862962 0.00000000339298963957 0.00000000100000000000 
0.00000000099999999992 0.99999999600000011313 0.00000000099999999992 0.00000000099999999992 0.00000000099999999992 
0.00000000099999999980 0.99999999600000000211 0.00000000099999999980 0.00000000099999999980 0.00000000099999999980 
0.41427951494664660981 0.00000000099999999999 0.56680230966389866243 0.00000000099999999999 0.01891817338945471841 
0.30824324975442823904 0.00000000099999999999 0.68480318388757344117 0.00695356435799831998 0.00000000099999999999 
0.53844878571727483596 0.00000000099999999999 0.44785809688999111966 0.00000000099999999999 0.01369311539273399166 
0.00000000099999999982 0.99999999600000000211 0.00000000099999999982 0.00000000099999999982 0.00000000099999999982 
0.00000000099999999995 0.00000000099999999995 0.00000000099999999995 0.00000000099999999995 0.99999999599999989108 
0.00000000099999999995 0.00000000099999999995 0.00000000099999999995 0.00000000099999999995 0.99999999599999989108 
0.00000000099999999979 0.99999999600000011313 0.00000000099999999979 0.00000000099999999979 0.00000000099999999979 
0.73306118997642788493 0.00000000099999999999 0.26693880702357214441 0.00000000099999999999 0.00000000099999999999 
0.50381506354345650944 0.00000000100000000000 0.44768120675125916419 0.01229758763478005362 0.03620614107050445368 
0.00000000099999999980 0.99999999600000000211 0.00000000099999999980 0.00000000099999999980 0.00000000099999999980 
0.45666233169198383601 0.00000000099999999999 0.53539938325470659564 0.00672042750911194288 0.00121785654419745469 
0.00000000099999999994 0.00000000099999999994 0.00000000099999999994 0.00000000099999999994 0.99999999600000000211 
0.00000000100000000000 0.10324543957543080852 0.56268869106471097741 0.10818396543039801583 0.22588190292946030979 
0.00000000099999999998 0.00000000099999999998 0.99999999599999989108 0.00000000099999999998 0.00000000099999999998 
0.38738935564747734031 0.00000000099999999999 0.56916805288131477880 0.01261448294222540338 0.03082810752898250059 
0.00000000099999999998 0.00000000099999999998 0.99813130310449837967 0.00186869389550154774 0.00000000099999999998 
0.48607574050591573211 0.00000000099999999999 0.50309418290571350507 0.01083007458837059039 0.00000000099999999999 
0.51844107779940451497 0.00000000099999999999 0.48154654139710212357 0.00001237880349324018 0.00000000099999999999 
0.33076763142020759734 0.00000000099999999999 0.66390355114623689214 0.00000000099999999999 0.00532881543355547601 
0.49444814149739702014 0.00000000099999999999 0.49490174170776501938 0.01065005257855177953 0.00000006321628608180 
0.32871717257376498189 0.00665758295828086308 0.63949060116910882989 0.00324920313079536151 0.02188544016805007292 
0.00000000099999999996 0.00000000099999999996 0.00000000099999999996 0.00000000099999999996 0.99999999600000000211 
0.42081512298520079574 0.00000000099999999999 0.55661315752058271311 0.00828287754928711331 0.01428884094492934888 
0.29219690858431973668 0.00000000099999999999 0.70431191911615109724 0.00349117029952916800 0.00000000099999999999 
0.45715283737393203056 0.00000000100000000000 0.49881831873247156617 0.00226564721938293757 0.04176319567421343110 
0.00000000099999999996 0.00000000099999999996 0.99999999599999989108 0.00000000099999999996 0.00000000099999999996 
0.26363177543559901395 0.00000000100000000000 0.69883413180501663398 0.00000000100000000000 0.03753409075938444334 
0.00000000099999999995 0.00000000099999999995 0.99999999599999989108 0.00000000099999999995 0.00000000099999999995 
0.17990944548367121536 0.00000000099999999999 0.81878295206552920149 0.00000000099999999999 0.00130760045079966140 
0.00805361623044079621 0.00000000099999999998 0.00000000099999999998 0.00000000099999999998 0.99194638076955921058 
0.38262238762314415563 0.00000000099999999999 0.58249103389639911299 0.01769251719762398797 0.01719406028283267107 
0.36773003848719448827 0.00000000099999999999 0.62099838020598818744 0.00970982522933913107 0.00156175507747831300 
0.36181620529119562502 0.00953117295961897378 0.62127706972971341592 0.00000000100000000000 0.00737555101947197020 
0.00000000099999999997 0.00000000099999999997 0.00000000099999999997 0.00000000099999999997 0.99999999600000000211 
0.32368049328962783528 0.01840898557051535295 0.63240741124584032296 0.00000000100000000000 0.02550310889401644077 
0.50498772892118592992 0.00000000100000000000 0.48524838866400066273 0.00687815263258959898 0.00288572878222386787 
0.24128272787431814805 0.00000000099999999999 0.27143327096303854207 0.01046521993468211079 0.47681878022796131411 
0.45333872833000621316 0.00000000099999999998 0.52689229542164983666 0.00000000099999999998 0.01976897424834400674 
0.00000000099999999981 0.99999999600000011313 0.00000000099999999981 0.00000000099999999981 0.00000000099999999981 
0.41162609905951413891 0.00000000099999999999 0.55894959418121981098 0.01701739217989582664 0.01240691357937005052 
0.49741763362829299888 0.00000000099999999999 0.48284071348230228615 0.00174278806197825271 0.01799886382742637084 
