0.00000000100000000000 0.22241026919657613803 0.75704044243945345372 0.01998646662632330012 0.00056282073764711582 
0.00000000099999999996 0.00000000099999999996 0.00000000099999999996 0.00000000099999999996 0.99999999600000000211 
0.00000000099999999996 0.00000000099999999996 0.00000000099999999996 0.00000000099999999996 0.99999999600000000211 
0.00000000099999999999 0.31087647044096633486 0.65312450719808801125 0.00302039776510441621 0.03297862359584121522 
0.00000000100000000000 0.35507533952004977085 0.63426060633240399778 0.01066405214754629835 0.00000000100000000000 
0.00000000099999999999 0.43063801381443927996 0.54121238332359955514 0.00317129401789006298 0.02497830784407096064 
0.00000000099999999997 0.00000000099999999997 0.00000000099999999997 0.00000000099999999997 0.99999999599999989108 
0.00000000099999999995 0.00000000099999999995 0.00000000099999999995 0.00000000099999999995 0.99999999600000000211 
0.00000000099999999999 0.55579301426842064870 0.42918756653368778098 0.01497319024469136693 0.00004622795320024671 
0.00000000099999999996 0.00000000099999999996 0.00000000099999999996 0.00000000099999999996 0.99999999599999989108 
0.00000000099999999999 0.42916799440216812922 0.54818584817194304648 0.00939339349872736484 0.01325276292716155539 
0.00000000099999999999 0.37761092608213930877 0.59945472345955919113 0.00727025404525021880 0.01566409541305128356 
0.00000000100000000000 0.29003519840905722660 0.70609742395355667988 0.00386737563738606769 0.00000000100000000000 
0.00000000100000000000 0.35405709912733218658 0.62706013325956011517 0.01728857612985800971 0.00159419048324957718 
0.00559666264824064050 0.29772808261418720610 0.67873813803058014038 0.01793711570699193375 0.00000000100000000000 
0.00000000099999999999 0.41570187205340891623 0.49778836558145972413 0.02981382589730336222 0.05669593546782792509 
0.00000000099999999995 0.99999999600000011313 0.00000000099999999995 0.00000000099999999995 0.00000000099999999995 
0.00000004544683653519 0.55853711523999982624 0.44101694719742345896 0.00044589111574009613 0.00000000099999999999 
0.00839947386254496879 0.40483048477661215392 0.57911524865790242611 0.00765478699656194778 0.00000000570637844620 
0.00000000099999999998 0.20070316843799565487 0.79452009521824984439 0.00477673434375455296 0.00000000099999999998 
0.00000000099999999999 0.21715711545279442474 0.78284288154720549358 0.00000000099999999999 0.00000000099999999999 
0.00000000099999999997 0.00000000099999999997 0.00000000099999999997 0.00000000099999999997 0.99999999599999989108 
0.00000000099999999999 0.29798089162994684242 0.67829875515873716552 0.00000000099999999999 0.02372035121131585086 
0.00000000099999999993 0.99999999600000011313 0.00000000099999999993 0.00000000099999999993 0.00000000099999999993 
0.00000000099999999998 0.25501870717297397961 0.71769907949920286327 0.00000000099999999998 0.02728221132782323449 
0.00000000099999999999 0.34462112394573329865 0.65217774280363294270 0.00320113125063369638 0.00000000099999999999 
0.00000000099999999983 0.00000000099999999983 0.00000000099999999983 0.99999999599999989108 0.00000000099999999983 
0.00000000099999999980 0.00000000099999999980 0.00000000099999999980 0.99999999600000000211 0.00000000099999999980 
0.00000000100000000000 0.29673924790512973271 0.69574034490644587336 0.00752037402757260894 0.00000003216085179370 
0.00000000099999999999 0.50115250868329097589 0.48905216533354828323 0.00979532398316067775 0.00000000099999999999 
0.00000000099999999999 0.21737893949534700666 0.76636556767760732889 0.00000000099999999999 0.01625549082704582163 
0.00000000099999999997 0.02434855989221217445 0.00000000099999999997 0.00000000099999999997 0.97565143710778778896 
0.00000000099999999995 0.44754643407422112222 0.00000000099999999995 0.35490607977506866133 0.19754748415071013423 
0.00000000099999999999 0.41555304684773919366 0.58444695015226089119 0.00000000099999999999 0.00000000099999999999 
0.99999999600000000211 0.00000000099999999980 0.00000000099999999980 0.00000000099999999980 0.00000000099999999980 
0.99999999600000011313 0.00000000099999999975 0.00000000099999999975 0.00000000099999999975 0.00000000099999999975 
0.99999999600000000211 0.00000000099999999975 0.00000000099999999975 0.00000000099999999975 0.00000000099999999975 
0.00000000099999999984 0.00000000099999999984 0.00000000099999999984 0.99999999600000000211 0.00000000099999999984 
0.00000000099999999982 0.00000000099999999982 0.00000000099999999982 0.99999999600000000211 0.00000000099999999982 
0.00000000099999999999 0.26407514617569360915 0.73592483723769108739 0.00000001458661522346 0.00000000099999999999 
0.00000000099999999997 0.00000000099999999997 0.00000000099999999997 0.00000000099999999997 0.99999999600000000211 
0.00000000099999999982 0.00000000099999999982 0.00000000099999999982 0.99999999599999989108 0.00000000099999999982 
0.00000000099999999999 0.38394149211216122008 0.58665334616794240219 0.00892603986615288052 0.02047912085374347518 
0.00000000099999999995 0.00000000099999999995 0.00000000099999999995 0.00000000099999999995 0.99999999600000000211 
0.00000000099999999985 0.00000000099999999985 0.00000000099999999985 0.99999999599999989108 0.00000000099999999985 
0.00000000099999999999 0.48503980555805520369 0.49679366896440907420 0.00510475700297678431 0.01306176747455879868 
0.00000000099999999983 0.00000000099999999983 0.00000000099999999983 0.99999999600000000211 0.00000000099999999983 
0.00000000099999999996 0.00000000099999999996 0.00000000099999999996 0.00000000099999999996 0.99999999600000000211 
0.00000000099999999994 0.00000000099999999994 0.00000000099999999994 0.00000000099999999994 0.99999999600000000211 
0.00000000099999999980 0.00000000099999999980 0.00000000099999999980 0.99999999600000000211 0.00000000099999999980 
0.00000000099999999982 0.00000000099999999982 0.00000000099999999982 0.99999999600000000211 0.00000000099999999982 
0.00000000099999999996 0.00000000099999999996 0.00000000099999999996 0.00000000099999999996 0.99999999600000000211 
0.00000000099999999996 0.00000000099999999996 0.00000000099999999996 0.00000000099999999996 0.99999999599999989108 
0.00000000099999999997 0.00000000099999999997 0.00000000099999999997 0.00000000099999999997 0.99999999599999989108 
0.00000000099999999985 0.00000000099999999985 0.00000000099999999985 0.99999999600000000211 0.00000000099999999985 
0.00000000100000000000 0.46531313862592404984 0.47834799232150493342 0.01534446603116311307 0.04099440202140782613 
0.00000000099999999999 0.00000000099999999999 0.97803957287216836125 0.02196042412783157094 0.00000000099999999999 
0.00000000099999999997 0.00000000099999999997 0.99999999600000000211 0.00000000099999999997 0.00000000099999999997 
0.00000000099999999999 0.00000000099999999999 0.99999999600000000211 0.00000000099999999999 0.00000000099999999999 
0.00000000099999999996 0.00000000099999999996 0.00000000099999999996 0.00000000099999999996 0.99999999600000000211 
0.00000000100000000000 0.19000827862953081904 0.80522072177959502781 0.00477099759087404405 0.00000000100000000000 
0.99999999600000011313 0.00000000099999999979 0.00000000099999999979 0.00000000099999999979 0.00000000099999999979 
0.00000000099999999998 0.31145930969243212916 0.67446781737669536660 0.00584624240435759838 0.00822662952651492807 
0.99999999600000011313 0.00000000099999999979 0.00000000099999999979 0.00000000099999999979 0.00000000099999999979 
0.00000000100000000000 0.42289166446228759755 0.54153102323677326790 0.00000000100000000000 0.03557731030093903846 
0.99999999600000011313 0.00000000099999999980 0.00000000099999999980 0.00000000099999999980 0.00000000099999999980 
0.00000000099999999999 0.39148994022330924070 0.59913032435055402214 0.00341779577227417815 0.00596193865386248842 
0.00000000099999999999 0.00000000099999999999 0.99999999600000000211 0.00000000099999999999 0.00000000099999999999 
0.00000000099999999994 0.00000000099999999994 0.00000000099999999994 0.00000000099999999994 0.99999999600000000211 
0.00000000099999999995 0.99999999600000011313 0.00000000099999999995 0.00000000099999999995 0.00000000099999999995 
0.99999999600000011313 0.00000000099999999980 0.00000000099999999980 0.00000000099999999980 0.00000000099999999980 
0.99999999600000011313 0.00000000099999999982 0.00000000099999999982 0.00000000099999999982 0.00000000099999999982 
0.00000000099999999999 0.00000000099999999999 0.91892762422533891264 0.00000000135749851675 0.08107237241716248877 
0.00000000099999999995 0.00000000099999999995 0.00000000099999999995 0.00000000099999999995 0.99999999600000000211 
0.00000000099999999985 0.00000000099999999985 0.00000000099999999985 0.99999999599999989108 0.00000000099999999985 
0.00000000099999999995 0.00000000099999999995 0.00000000099999999995 0.00000000099999999995 0.99999999600000000211 
0.00003429493411424684 0.47728772062783569874 0.48592755716791086185 0.00000000100000000000 0.03675042627013912211 
0.99999999600000011313 0.00000000099999999978 0.00000000099999999978 0.00000000099999999978 0.00000000099999999978 
0.00000000099999999979 0.00000000099999999979 0.00000000099999999979 0.99999999600000000211 0.00000000099999999979 
0.99999999600000000211 0.00000000099999999982 0.00000000099999999982 0.00000000099999999982 0.00000000099999999982 
0.00000000099999999998 0.00000000099999999998 0.98622284196917575638 0.01377715503082413938 0.00000000099999999998 
0.00000000099999999994 0.00000000099999999994 0.00000000099999999994 0.00000000099999999994 0.99999999599999989108 
0.00000000099999999995 0.00000000099999999995 0.00000000099999999995 0.00000000099999999995 0.99999999600000000211 
0.00000000099999999997 0.75967685385539651666 0.00000000099999999997 0.00000000099999999997 0.24032314314460356819 
0.00000000099999999999 0.00000002444739622067 0.97823082717807208208 0.02176914637453175594 0.00000000099999999999 
0.00000000099999999996 0.00000000099999999996 0.99999999599999989108 0.00000000099999999996 0.00000000099999999996 
0.00000000099999999999 0.38409673371912989026 0.59647507766404472829 0.00000000099999999999 0.01942818661682541373 
0.00000000099999999999 0.43111836771390960044 0.56888160146046418131 0.00000002882562616925 0.00000000099999999999 
0.00000000099999999998 0.37493456620055609640 0.62506543079944398844 0.00000000099999999998 0.00000000099999999998 
0.00000000099999999998 0.35191025765014793958 0.64266985085847050385 0.00000000099999999998 0.00541988949138149777 
0.00000000099999999999 0.41473268058269513459 0.56881233005701847816 0.00818004005962454442 0.00827494830066173408 
0.00000000099999999999 0.37126572524915524287 0.59437149049728765782 0.00000000099999999999 0.03436278225355704485 
0.00000000099999999996 0.00000000099999999996 0.00000000099999999996 0.00000000099999999996 0.99999999599999989108 
0.00000000099999999998 0.00000000099999999998 0.00208088018278926529 0.00000000099999999998 0.99791911681721068295 
0.99999999600000011313 0.00000000099999999988 0.00000000099999999988 0.00000000099999999988 0.00000000099999999988 
0.00000000099999999997 0.00000000099999999997 0.00000000099999999997 0.00000000099999999997 0.99999999600000000211 
0.00000000099999999998 0.00000000099999999998 0.00006682421707152778 0.00000000099999999998 0.99993317278292837003 
0.00000000099999999999 0.33726894592684675267 0.63512946735823105904 0.00793330531067409743 0.01966828040424813476 
0.99999999600000011313 0.00000000099999999975 0.00000000099999999975 0.00000000099999999975 0.00000000099999999975 
0.00000000099999999999 0.43483655095070938845 0.56089664138322614662 0.00426680566606442782 0.00000000099999999999 
0.00000000099999999999 0.38914324736521882508 0.59349111694036382758 0.00452194165191095992 0.01284369304250623962 
0.00000000100000000000 0.31189273560294178411 0.68097859350234657416 0.00712864304636081671 0.00000002684835066513 
0.00000000100000000000 0.29512308137609499781 0.68254601238906698057 0.00175246274352387288 0.02057844249131400571 
0.00000000100000000000 0.41013250808362833322 0.58984837591390137934 0.00000000100000000000 0.00001911400247014181 
0.00000000100000000000 0.42435182648132663275 0.54020921115113251787 0.00000000100000000000 0.03543896036754097534 
0.00000000100000000000 0.36972295171762831201 0.62500742736467551630 0.00526960291726267811 0.00000001700043359301 
0.00000000099999999999 0.28112568990094538579 0.70286948704752294503 0.00815122534867153588 0.00785359670286033852 
0.00299774512651555195 0.37708902777355307601 0.58122045791986176599 0.02993007963969155499 0.00876268954037816988 
0.00000000099999999999 0.33152221363834077916 0.65667447273744050662 0.01176041241838631478 0.00004290020583244465 
0.00000000099999999998 0.32339902702158457304 0.67660096997841545630 0.00000000099999999998 0.00000000099999999998 
0.00000000100000000000 0.27199618306904260745 0.67994467476933184713 0.02564083309442510145 0.02241830806720042021 
0.00000000099999999998 0.45222487495818397552 0.53825214030848977931 0.00952298273332629480 0.00000000099999999998 
0.00000000100000000000 0.41927960266424896263 0.57528790186040534849 0.00000000100000000000 0.00543249347534583045 
0.00000000099999999996 0.99999999600000011313 0.00000000099999999996 0.00000000099999999996 0.00000000099999999996 
0.00000000099999999999 0.33033294502413856897 0.63987982780793029036 0.00000000099999999999 0.02978722516793124234 
0.00000000100000000000 0.45227101338536135344 0.53169380885185679730 0.00631825732321828967 0.00971691943956354970 
0.00000000099999999999 0.41927350449722911030 0.54564845346078827415 0.00000000099999999999 0.03507804004198252640 
0.00000000099999999999 0.47466897087599219107 0.52526429887739733982 0.00000000099999999999 0.00006672824661051085 
0.00000000099999999999 0.50801300991437736698 0.46977691859175096933 0.00000000099999999999 0.02221006949387164045 
0.06778447957188145356 0.25585890011876555317 0.65447834867344079068 0.00337730283568268277 0.01850096880022950030 
0.00000000099999999999 0.45512665790373529884 0.54484956711179199917 0.00000000099999999999 0.00002377298447276232 
0.00000000099999999998 0.47643875450835992957 0.50676348668741555414 0.00000000099999999998 0.01679775680422465264 
0.00000000099999999998 0.46679077857094164461 0.51191036120627275707 0.00000000099999999998 0.02129885822278567223 
0.00000000099999999999 0.35630139436804519892 0.62821504697364471959 0.01548355665831014152 0.00000000099999999999 
0.00000000099999999998 0.41051479011454883317 0.57819663111431995883 0.00000000099999999998 0.01128857677113117262 
0.00000000099999999997 0.99999999600000011313 0.00000000099999999997 0.00000000099999999997 0.00000000099999999997 
0.00000000099999999999 0.43310645310437873023 0.54770292185616753500 0.00796911507240213174 0.01122150896705148559 
0.00000000099999999999 0.43549890619120579238 0.56450109080879429246 0.00000000099999999999 0.00000000099999999999 
0.00000000099999999998 0.34325767327908918158 0.62628093789416394710 0.00000000099999999998 0.03046138682674684461 
0.00000000099999999995 0.00000000099999999995 0.00000000099999999995 0.00000000099999999995 0.99999999599999989108 
0.00000000099999999998 0.00000000099999999998 0.00000000099999999998 0.00000000099999999998 0.99999999600000000211 
0.99999999600000011313 0.00000000099999999983 0.00000000099999999983 0.00000000099999999983 0.00000000099999999983 
0.00000000099999999980 0.00000000099999999980 0.00000000099999999980 0.99999999599999989108 0.00000000099999999980 
0.00000000100000000000 0.00000287589849739440 0.05224426126044436069 0.03873761572242728074 0.90901524611863093739 
0.00000000099999999998 0.39283259725127805950 0.59477573182958909381 0.00000000099999999998 0.01239166891913276274 
0.00000000099999999999 0.00000000099999999999 0.99999999600000000211 0.00000000099999999999 0.00000000099999999999 
0.00000000099999999999 0.00000000099999999999 0.00000000099999999999 0.00420159709054412391 0.99579839990945584471 
0.00000000099999999998 0.00000000099999999998 0.99999999600000000211 0.00000000099999999998 0.00000000099999999998 
0.00000000099999999998 0.37659612863110392134 0.61158454988252997087 0.01181926224443152068 0.00000005824193453779 
0.00000000099999999999 0.49243718773289513191 0.50631819526013888133 0.00124461500696601600 0.00000000099999999999 
0.99999999600000000211 0.00000000099999999978 0.00000000099999999978 0.00000000099999999978 0.00000000099999999978 
0.99999999600000000211 0.00000000099999999979 0.00000000099999999979 0.00000000099999999979 0.00000000099999999979 
0.99999999600000000211 0.00000000099999999975 0.00000000099999999975 0.00000000099999999975 0.00000000099999999975 
0.99999999600000000211 0.00000000099999999976 0.00000000099999999976 0.00000000099999999976 0.00000000099999999976 
0.99999999600000000211 0.00000000099999999976 0.00000000099999999976 0.00000000099999999976 0.00000000099999999976 
0.00000000099999999998 0.00000000099999999998 0.00000000099999999998 0.00000000099999999998 0.99999999600000000211 
0.00000000100000000000 0.37576215730985790264 0.61260825500671900468 0.01162176219000017781 0.00000782449342288226 
0.99999999600000011313 0.00000000099999999976 0.00000000099999999976 0.00000000099999999976 0.00000000099999999976 
0.99999999600000011313 0.00000000099999999980 0.00000000099999999980 0.00000000099999999980 0.00000000099999999980 
0.00000000099999999979 0.00000000099999999979 0.00000000099999999979 0.99999999599999989108 0.00000000099999999979 
0.00000000099999999979 0.00000000099999999979 0.00000000099999999979 0.99999999599999989108 0.00000000099999999979 
0.00000000099999999996 0.99999999600000000211 0.00000000099999999996 0.00000000099999999996 0.00000000099999999996 
0.99999999600000000211 0.00000000099999999978 0.00000000099999999978 0.00000000099999999978 0.00000000099999999978 
0.00000000099999999999 0.00000000099999999999 0.99999999599999989108 0.00000000099999999999 0.00000000099999999999 
0.00000000099999999999 0.50537417067096479517 0.49462582632903523416 0.00000000099999999999 0.00000000099999999999 
0.00000000099999999998 0.00000000099999999998 0.04756918911656010662 0.00000000099999999998 0.95243080788343992271 
0.00000000099999999999 0.32226300210499742027 0.66657915062356509761 0.00000000099999999999 0.01115784527143757338 
0.00000000099999999994 0.00000000099999999994 0.00000000099999999994 0.00000000099999999994 0.99999999600000000211 
0.00000000099999999999 0.31606864893375469228 0.65985111330118273454 0.00485252233909810784 0.01922771442596453439 
0.00000000099999999995 0.00000000099999999995 0.00000000099999999995 0.00000000099999999995 0.99999999600000000211 
0.00000000099999999999 0.46726591227481201196 0.50883264900713753853 0.01562348675574269652 0.00827795096230751933 
0.00000000099999999999 0.34176015410757315527 0.64525731494094573648 0.01298252895148105379 0.00000000099999999999 
0.99999999600000011313 0.00000000099999999980 0.00000000099999999980 0.00000000099999999980 0.00000000099999999980 
0.00000000099999999996 0.00000000099999999996 0.00000000099999999996 0.00000000099999999996 0.99999999600000000211 
0.99999999600000000211 0.00000000099999999976 0.00000000099999999976 0.00000000099999999976 0.00000000099999999976 
0.99999999600000000211 0.00000000099999999976 0.00000000099999999976 0.00000000099999999976 0.00000000099999999976 
0.00000000099999999999 0.54490559047477504784 0.45240936307067997069 0.00000000099999999999 0.00268504445454489709 
0.00000000099999999999 0.34505114925634233769 0.63005402713365221690 0.00000000099999999999 0.02489482161000549851 
0.00000000099999999997 0.00000000099999999997 0.99999999599999989108 0.00000000099999999997 0.00000000099999999997 
0.00000000099999999999 0.51983515625607190636 0.47939096512309570253 0.00077387662083246015 0.00000000099999999999 
0.00000000099999999999 0.50977871943427022217 0.47596587339599033539 0.00989742227488829215 0.00435798389485126184 
0.00000000099999999998 0.54065600428115856424 0.44126716104766333659 0.00561349664292060992 0.01246333702825740304 
0.00000000099999999997 0.00000000099999999997 0.99999999599999989108 0.00000000099999999997 0.00000000099999999997 
0.00000000099999999997 0.00000000099999999997 0.01614091237008315541 0.00000000099999999997 0.98385908462991689127 
0.00000000099999999998 0.36423538278023559478 0.63576461421976426802 0.00000000099999999998 0.00000000099999999998 
0.99999999600000000211 0.00000000099999999976 0.00000000099999999976 0.00000000099999999976 0.00000000099999999976 
0.00000000099999999998 0.00000000099999999998 0.99999999599999989108 0.00000000099999999998 0.00000000099999999998 
0.99999999600000000211 0.00000000099999999992 0.00000000099999999992 0.00000000099999999992 0.00000000099999999992 
0.99999999600000000211 0.00000000099999999979 0.00000000099999999979 0.00000000099999999979 0.00000000099999999979 
0.00000000099999999999 0.41074403877555654141 0.56878500401192011449 0.00000000099999999999 0.02047095521252323760 
0.00000000099999999999 0.39574804242140981803 0.59654407083661831201 0.00770788474197166458 0.00000000099999999999 
0.00000000099999999999 0.52015918819160089637 0.46336319013015875301 0.00000000099999999999 0.01647761967824051127 
0.99999999600000000211 0.00000000099999999982 0.00000000099999999982 0.00000000099999999982 0.00000000099999999982 
0.00000000099999999995 0.00000000099999999995 0.00000000099999999995 0.00000000099999999995 0.99999999599999989108 
0.00000000099999999995 0.00000000099999999995 0.00000000099999999995 0.00000000099999999995 0.99999999599999989108 
0.99999999600000011313 0.00000000099999999979 0.00000000099999999979 0.00000000099999999979 0.00000000099999999979 
0.00000000099999999999 0.51483323390230995020 0.47894900290348685346 0.00220017430108264628 0.00401758789312060133 
0.00000000100000000000 0.36781649277637068485 0.57893737045592275070 0.01446802587716169465 0.03877810989054480267 
0.99999999600000011313 0.00000000099999999980 0.00000000099999999980 0.00000000099999999980 0.00000000099999999980 
0.00000000099999999999 0.54316626617161511970 0.45058226205705897982 0.00413565362436612953 0.00211581714695986169 
0.00000000099999999994 0.00000000099999999994 0.00000000099999999994 0.00000000099999999994 0.99999999599999989108 
0.10588516317156300428 0.13771361222722050544 0.41338018216790406445 0.11024512404963029977 0.23277591838368222321 
0.00047803297995944273 0.22425655567568486548 0.75453243575609563187 0.00000000100000000000 0.02073297458825994546 
0.00000000099999999999 0.43059277515774480039 0.52531183464284902929 0.01266284981146018410 0.03143253938794605268 
0.00000000099999999999 0.29826092253052155501 0.68701995160826812015 0.01471911776312138063 0.00000000709808896818 
0.00000000099999999999 0.46653105065471128787 0.52534756381990632690 0.00812138352538230995 0.00000000099999999999 
0.00000000099999999999 0.47812511014840708423 0.51964218400313111346 0.00223270384846187752 0.00000000099999999999 
0.00000000099999999999 0.28703115482879476561 0.71047061124723798198 0.00000000099999999999 0.00249823192396729206 
0.00000000099999999996 0.99999999600000000211 0.00000000099999999996 0.00000000099999999996 0.00000000099999999996 
0.00600762251017003188 0.46972202179815103484 0.49927538487345807239 0.00386601695659660738 0.02112895386162428127 
0.00000000099999999997 0.00000000099999999997 0.00000000099999999997 0.00000000099999999997 0.99999999600000000211 
0.00000000099999999997 0.00000000099999999997 0.99999999600000000211 0.00000000099999999997 0.00000000099999999997 
0.00000000099999999996 0.99999999600000011313 0.00000000099999999996 0.00000000099999999996 0.00000000099999999996 
0.00000000100000000000 0.41415880655358422446 0.53967228167116387816 0.00216335598072480741 0.04400555479452713387 
0.00000000099999999997 0.00000000099999999997 0.99999999599999989108 0.00000000099999999997 0.00000000099999999997 
0.00000000099999999999 0.00000000099999999999 0.98269059384736823226 0.00000000099999999999 0.01730940315263180054 
0.00000000099999999999 0.20874531036809435003 0.79125468663190556828 0.00000000099999999999 0.00000000099999999999 
0.00000000099999999999 0.54846002646163583005 0.43928443966169250512 0.00001253812109402942 0.01224299475557759538 
0.00000000099999999997 0.00000000099999999997 0.01336186019864246677 0.00000000099999999997 0.98663813680135759032 
0.00000000099999999999 0.39979215386746180805 0.56401525786440809274 0.01783811851808865187 0.01835446875004154155 
0.00000000099999999997 0.99999999600000011313 0.00000000099999999997 0.00000000099999999997 0.00000000099999999997 
0.00974382972364615588 0.37885808553128619280 0.60349741562699732444 0.00000000100000000000 0.00790066811807036036 
0.00000000099999999997 0.00000000099999999997 0.00000012225083766806 0.00000000099999999997 0.99999987474916240959 
0.01848379487842825505 0.29223862627970431660 0.66464974137195076409 0.00000000100000000000 0.02462783646991666131 
0.00000000099999999997 0.99999999600000000211 0.00000000099999999997 0.00000000099999999997 0.00000000099999999997 
0.00000000099999999999 0.28115815268168775631 0.23027228343411920708 0.00851273339912682857 0.48005682948506622765 
0.00000000099999999998 0.36464143674398230566 0.61357268078373394804 0.00000000099999999998 0.02178588047228369531 
0.99999999600000000211 0.00000000099999999981 0.00000000099999999981 0.00000000099999999981 0.00000000099999999981 
0.00000000099999999999 0.41249508274686474962 0.55666087983921208604 0.01674303141122542374 0.01410100500269758673 
0.00000000099999999999 0.42948190606452379958 0.54498583764332320101 0.00334321959180211136 0.02218903570035065526 
