0.00023021479795700965 0.01709391473582106552 0.00000000099999999999 0.00005294302417803028 0.00000000099999999999 0.48429996944931263947 0.49832178263455068068 0.00000117335818058440 
0.99999999300000019797 0.00000000099999999990 0.00000000099999999990 0.00000000099999999990 0.00000000099999999990 0.00000000099999999990 0.00000000099999999990 0.00000000099999999990 
0.99999999300000019797 0.00000000099999999990 0.00000000099999999990 0.00000000099999999990 0.00000000099999999990 0.00000000099999999990 0.00000000099999999990 0.00000000099999999990 
0.00000000099999999998 0.00000000099999999998 0.00000000099999999998 0.00000040919242277542 0.00000000099999999998 0.44371409487923230142 0.51971922432277206649 0.03656626760557286221 
0.00000000099999999999 0.00357604666948972650 0.00000000099999999999 0.30250383033524114174 0.00000000099999999999 0.28448857555792889107 0.40943154343734006195 0.00000000099999999999 
0.00000000099999999997 0.00000000099999999997 0.00000000099999999997 0.00000000099999999997 0.00000000099999999997 0.40781289890698729783 0.55389377550806917494 0.03829332058494348129 
0.99999999300000008695 0.00000000099999999991 0.00000000099999999991 0.00000000099999999991 0.00000000099999999991 0.00000000099999999991 0.00000000099999999991 0.00000000099999999991 
0.74300710751575382851 0.00000000099999999991 0.00000000099999999991 0.00000000099999999991 0.00000000099999999991 0.00000000099999999991 0.00000000099999999991 0.25699288648424634118 
0.01302399497442686960 0.01226966891356451143 0.00000000099999999998 0.15332709897343177463 0.00000000099999999998 0.37287484036659174214 0.44850439377198503266 0.00000000099999999998 
0.99999999300000008695 0.00000000099999999991 0.00000000099999999991 0.00000000099999999991 0.00000000099999999991 0.00000000099999999991 0.00000000099999999991 0.00000000099999999991 
0.00000000099999999990 0.00000000099999999990 0.00000000099999999990 0.99999999299999997593 0.00000000099999999990 0.00000000099999999990 0.00000000099999999990 0.00000000099999999990 
0.01283928650322771654 0.00417861739029314408 0.00000000099999999997 0.35593238454095027512 0.00000000099999999997 0.16029864899445275817 0.46307340355182707858 0.00367765701924899777 
0.00000000099999999999 0.00001151533382476896 0.00000000099999999999 0.22423684980417510348 0.00000000099999999999 0.45076453385522163853 0.31965668557976606445 0.00533041242701233833 
0.00506682177432832021 0.01270285331185394551 0.00000000099999999999 0.36207155048173705891 0.00000000099999999999 0.25968438763096513000 0.36047438380111551659 0.00000000099999999999 
0.00000000099999999990 0.00000000099999999990 0.00000000099999999990 0.99999999299999997593 0.00000000099999999990 0.00000000099999999990 0.00000000099999999990 0.00000000099999999990 
0.05749759999620981943 0.02727953869744469129 0.00000000099999999998 0.27174589270855042944 0.00000000099999999998 0.22692847321059275711 0.41654849170804936209 0.00000000167915285856 
0.00000000099999999987 0.00000000099999999987 0.00000000099999999987 0.99999999299999997593 0.00000000099999999987 0.00000000099999999987 0.00000000099999999987 0.00000000099999999987 
0.00000000099999999999 0.00000000099999999999 0.00639173537645533908 0.30220823183566042358 0.00000000099999999999 0.26113256236268761468 0.43026746642519642094 0.00000000099999999999 
0.00000000099999999996 0.00000000099999999996 0.00000000099999999996 0.00000000099999999996 0.00000000099999999996 0.00000000099999999996 0.99999999299999997593 0.00000000099999999996 
0.00000001950112300970 0.00015390753146392655 0.00000000099999999996 0.03597826429999896602 0.00000000099999999996 0.32446875271193709178 0.63939905295547694308 0.00000000099999999996 
0.00000000099999999999 0.00000000099999999999 0.00000000099999999999 0.17714949608846569662 0.00000000099999999999 0.27012097696679293612 0.55272952194474145315 0.00000000099999999999 
0.99999999300000008695 0.00000000099999999992 0.00000000099999999992 0.00000000099999999992 0.00000000099999999992 0.00000000099999999992 0.00000000099999999992 0.00000000099999999992 
0.00000000099999999991 0.00000000099999999991 0.00000000099999999991 0.00000000099999999991 0.00000000099999999991 0.99999999299999997593 0.00000000099999999991 0.00000000099999999991 
0.00000000099999999983 0.00000000099999999983 0.00000000099999999983 0.99999999299999997593 0.00000000099999999983 0.00000000099999999983 0.00000000099999999983 0.00000000099999999983 
0.00000000099999999996 0.00000000099999999996 0.00000000099999999996 0.23792864933036569908 0.00000000099999999996 0.36359932878809708701 0.36334183292798122311 0.03513018495355602760 
0.00000000099999999997 0.00000000099999999997 0.00000000099999999997 0.09430840831849611472 0.00000000099999999997 0.47142211641738585026 0.43426947026411788499 0.00000000099999999997 
0.00000000099999999971 0.99999999300000008695 0.00000000099999999971 0.00000000099999999971 0.00000000099999999971 0.00000000099999999971 0.00000000099999999971 0.00000000099999999971 
0.00000000099999999966 0.99999999300000008695 0.00000000099999999966 0.00000000099999999966 0.00000000099999999966 0.00000000099999999966 0.00000000099999999966 0.00000000099999999966 
0.00000000099999999998 0.00000011912185390854 0.00000000099999999998 0.00000000099999999998 0.00000000099999999998 0.60244946814223232501 0.39755040773591360237 0.00000000099999999998 
0.00000000099999999997 0.00799930335165371063 0.00000000099999999997 0.24082649801127301026 0.00000000099999999997 0.38559038562253339366 0.36558380901453979561 0.00000000099999999997 
0.02374634136907722778 0.00000000099999999997 0.00000000099999999997 0.18628044250770281476 0.00000000099999999997 0.25639374385274560364 0.53357946827047431082 0.00000000099999999997 
0.00000000099999999983 0.00000000099999999983 0.00000000099999999983 0.00000000099999999983 0.00000000099999999983 0.00000000099999999983 0.00000000099999999983 0.99999999300000008695 
0.00000000099999999988 0.35467835500692684869 0.00000000099999999988 0.42687989371332274446 0.00000000099999999988 0.00000000099999999988 0.00000000099999999988 0.21844174627975043723 
0.00000000099999999997 0.00000000099999999997 0.00000000099999999997 0.25723859478901389686 0.00000000099999999997 0.25876596542466834272 0.48399543478631767979 0.00000000099999999997 
0.00000000099999999963 0.00000000099999999963 0.00000000099999999963 0.00000000099999999963 0.99999999300000008695 0.00000000099999999963 0.00000000099999999963 0.00000000099999999963 
0.00000000099999999955 0.00000000099999999955 0.00000000099999999955 0.00000000099999999955 0.99999999300000008695 0.00000000099999999955 0.00000000099999999955 0.00000000099999999955 
0.00000000099999999956 0.00000000099999999956 0.00000000099999999956 0.00000000099999999956 0.99999999300000008695 0.00000000099999999956 0.00000000099999999956 0.00000000099999999956 
0.00000000099999999972 0.99999999300000019797 0.00000000099999999972 0.00000000099999999972 0.00000000099999999972 0.00000000099999999972 0.00000000099999999972 0.00000000099999999972 
0.00000000099999999968 0.99999999300000008695 0.00000000099999999968 0.00000000099999999968 0.00000000099999999968 0.00000000099999999968 0.00000000099999999968 0.00000000099999999968 
0.00000000099999999997 0.00000000099999999997 0.00000000099999999997 0.16127104434833583468 0.00000000099999999997 0.34461881398264521126 0.49411013666901881791 0.00000000099999999997 
0.48287267165692776549 0.00000000099999999994 0.00000000099999999994 0.00000000099999999994 0.00000000099999999994 0.00000000099999999994 0.00000000099999999994 0.51712732234307212664 
0.00000000099999999969 0.99999999300000019797 0.00000000099999999969 0.00000000099999999969 0.00000000099999999969 0.00000000099999999969 0.00000000099999999969 0.00000000099999999969 
0.00000000099999999998 0.00613114096593501707 0.00000000099999999998 0.27293881785706458620 0.00000000099999999998 0.31621586230377984883 0.38070545995441140708 0.02400871591880923347 
0.99999999300000019797 0.00000000099999999989 0.00000000099999999989 0.00000000099999999989 0.00000000099999999989 0.00000000099999999989 0.00000000099999999989 0.00000000099999999989 
0.00000000099999999974 0.99999999300000019797 0.00000000099999999974 0.00000000099999999974 0.00000000099999999974 0.00000000099999999974 0.00000000099999999974 0.00000000099999999974 
0.01366449800421132114 0.00324726967655698849 0.00000000099999999998 0.26796338704183297885 0.00000000099999999998 0.29643866741931712561 0.41868617485808162781 0.00000000099999999998 
0.00000000099999999970 0.99999999300000019797 0.00000000099999999970 0.00000000099999999970 0.00000000099999999970 0.00000000099999999970 0.00000000099999999970 0.00000000099999999970 
0.52621412388769805979 0.00000000099999999993 0.00000000099999999993 0.00000000099999999993 0.00000000099999999993 0.00000000099999999993 0.00000000099999999993 0.47378587011230205439 
0.00000000099999999980 0.00000000099999999980 0.00000000099999999980 0.00000000099999999980 0.00000000099999999980 0.00000000099999999980 0.00000000099999999980 0.99999999299999997593 
0.00000000099999999966 0.99999999300000019797 0.00000000099999999966 0.00000000099999999966 0.00000000099999999966 0.00000000099999999966 0.00000000099999999966 0.00000000099999999966 
0.00000000099999999969 0.99999999300000008695 0.00000000099999999969 0.00000000099999999969 0.00000000099999999969 0.00000000099999999969 0.00000000099999999969 0.00000000099999999969 
0.99999999300000019797 0.00000000099999999991 0.00000000099999999991 0.00000000099999999991 0.00000000099999999991 0.00000000099999999991 0.00000000099999999991 0.00000000099999999991 
0.00000000099999999981 0.00000000099999999981 0.00000000099999999981 0.00000000099999999981 0.00000000099999999981 0.00000000099999999981 0.00000000099999999981 0.99999999299999997593 
0.57766880585527635716 0.00000000099999999995 0.00000000099999999995 0.00000000099999999995 0.00000000099999999995 0.00000000099999999995 0.00000000099999999995 0.42233118814472370151 
0.00000000099999999974 0.99999999300000019797 0.00000000099999999974 0.00000000099999999974 0.00000000099999999974 0.00000000099999999974 0.00000000099999999974 0.00000000099999999974 
0.00000000099999999999 0.01194760222760891076 0.00000000099999999999 0.20279024423468305915 0.00000000099999999999 0.50176550313206558229 0.23796612545658385462 0.04553052194905855832 
0.00000000099999999993 0.00000000099999999993 0.00000000099999999993 0.00000000099999999993 0.00000000099999999993 0.99999999300000008695 0.00000000099999999993 0.00000000099999999993 
0.00000000099999999995 0.00000000099999999995 0.00000000099999999995 0.00000000099999999995 0.00000000099999999995 0.00000000099999999995 0.99999999206024337006 0.00000000193975658908 
0.00000000099999999991 0.00000000099999999991 0.00000000099999999991 0.00000000099999999991 0.00000000099999999991 0.99999999300000008695 0.00000000099999999991 0.00000000099999999991 
0.79001081755969315701 0.00000000099999999993 0.00000000099999999993 0.00000000099999999993 0.00000000099999999993 0.00000000099999999993 0.00000000099999999993 0.20998917644030690166 
0.00000000099999999999 0.00252832353244984492 0.00000000099999999999 0.23337466991873820343 0.00000128034572175423 0.42552208535437829884 0.33857363784871191692 0.00000000099999999999 
0.00000000099999999960 0.00000000099999999960 0.99999999300000008695 0.00000000099999999960 0.00000000099999999960 0.00000000099999999960 0.00000000099999999960 0.00000000099999999960 
0.00000000099999999996 0.00000000099999999996 0.00000000099999999996 0.00000000099999999996 0.00000000099999999996 0.29176575528260773051 0.69186804115669364723 0.01636619856069843060 
0.00000000099999999959 0.00000000099999999959 0.99999999300000008695 0.00000000099999999959 0.00000000099999999959 0.00000000099999999959 0.00000000099999999959 0.00000000099999999959 
0.00000000099999999998 0.00000000099999999998 0.00000000099999999998 0.36140135786595767309 0.00000000099999999998 0.25582237684722530791 0.34187607915056483776 0.04090018213625219723 
0.00000000099999999959 0.00000000099999999959 0.99999999299999997593 0.00000000099999999959 0.00000000099999999959 0.00000000099999999959 0.00000000099999999959 0.00000000099999999959 
0.00000000099999999995 0.00000000099999999995 0.00000000099999999995 0.00000000099999999995 0.00000000099999999995 0.00000000099999999995 0.99999999299999986491 0.00000000099999999995 
0.00000000099999999999 0.00165790056175800287 0.00000000099999999999 0.22727248143127409818 0.00000000099999999999 0.00000000099999999999 0.76057793249216931741 0.01049168151479867687 
0.99999999300000008695 0.00000000099999999988 0.00000000099999999988 0.00000000099999999988 0.00000000099999999988 0.00000000099999999988 0.00000000099999999988 0.00000000099999999988 
0.00000000099999999993 0.00000000099999999993 0.00000000099999999993 0.00000000099999999993 0.00000000099999999993 0.00000000099999999993 0.99999999299999986491 0.00000000099999999993 
0.00000000099999999960 0.00000000099999999960 0.99999999300000008695 0.00000000099999999960 0.00000000099999999960 0.00000000099999999960 0.00000000099999999960 0.00000000099999999960 
0.00000000099999999964 0.00000000099999999964 0.00000000099999999964 0.00000000099999999964 0.99999999299999997593 0.00000000099999999964 0.00000000099999999964 0.00000000099999999964 
0.06350569826627865122 0.00971294505326498678 0.00000000099999999999 0.15121578291649656611 0.00000000099999999999 0.33779372684429831430 0.41967729138677362100 0.01809455353288791021 
0.60839566039214176829 0.00000000099999999992 0.00000000099999999992 0.00000000099999999992 0.00000000099999999992 0.00000000099999999992 0.00000000099999999992 0.39160433360785834589 
0.00000000099999999975 0.99999999300000019797 0.00000000099999999975 0.00000000099999999975 0.00000000099999999975 0.00000000099999999975 0.00000000099999999975 0.00000000099999999975 
0.00000000099999999981 0.00000000099999999981 0.00000000099999999981 0.00000000099999999981 0.00000000099999999981 0.00000000099999999981 0.00000000099999999981 0.99999999299999997593 
0.00000000099999999998 0.00000000099999999998 0.00000000099999999998 0.20447551306510475255 0.00000000099999999998 0.00002336139679931479 0.75875498445154765381 0.03674613708654812794 
0.00000000099999999958 0.00000000099999999958 0.99999999299999997593 0.00000000099999999958 0.00000000099999999958 0.00000000099999999958 0.00000000099999999958 0.00000000099999999958 
0.00000000099999999964 0.99999999300000008695 0.00000000099999999964 0.00000000099999999964 0.00000000099999999964 0.00000000099999999964 0.00000000099999999964 0.00000000099999999964 
0.00000000099999999965 0.00000000099999999965 0.00000000099999999965 0.00000000099999999965 0.99999999299999997593 0.00000000099999999965 0.00000000099999999965 0.00000000099999999965 
0.00000000099999999994 0.00000000099999999994 0.00000000099999999994 0.00000000099999999994 0.00000000099999999994 0.99999999299999997593 0.00000000099999999994 0.00000000099999999994 
0.99999999300000008695 0.00000000099999999986 0.00000000099999999986 0.00000000099999999986 0.00000000099999999986 0.00000000099999999986 0.00000000099999999986 0.00000000099999999986 
0.00000000099999999981 0.00000000099999999981 0.00000000099999999981 0.00000000099999999981 0.00000000099999999981 0.00000000099999999981 0.00000000099999999981 0.99999999299999997593 
0.23198586231514739531 0.00094997840769009531 0.00000000099999999998 0.15626331950594909981 0.00000000099999999998 0.13811637901575252174 0.47268445775546091836 0.00000000099999999998 
0.00000599147935372038 0.01859883580430815586 0.00000000099999999999 0.14977406039079174671 0.00000000099999999999 0.55362572366686113590 0.27799538565868525675 0.00000000099999999999 
0.00000000099999999989 0.00000000099999999989 0.00000000099999999989 0.99999999299999997593 0.00000000099999999989 0.00000000099999999989 0.00000000099999999989 0.00000000099999999989 
0.01813884764296036511 0.00000000099999999998 0.00000000099999999998 0.29626844611500602333 0.00000000099999999998 0.12297766478745852936 0.56261503745457508430 0.00000000099999999998 
0.00000000099999999998 0.00000000099999999998 0.00000000099999999998 0.24589010650841539030 0.00000000099999999998 0.29995822019681067649 0.44497649345031781154 0.00917517584445609082 
0.00000000099999999996 0.00000000099999999996 0.00000000099999999996 0.21702466815365561992 0.00000000099999999996 0.42176914377644397769 0.36120618306990026625 0.00000000099999999996 
0.00723292314387552569 0.00000000099999999997 0.00000000099999999997 0.18379045813347150151 0.00000000099999999997 0.25045226794656694214 0.55852434677608597813 0.00000000099999999997 
0.00000000099999999992 0.00000000099999999992 0.00000000099999999992 0.00000000099999999992 0.00000000099999999992 0.99999999300000008695 0.00000000099999999992 0.00000000099999999992 
0.03628998347466984298 0.00000000099999999999 0.00000000099999999999 0.26323181977398690812 0.00000000099999999999 0.38800408191318264128 0.31247411083816062360 0.00000000099999999999 
0.61618746328264639711 0.00000000099999999993 0.00000000099999999993 0.00000000099999999993 0.00000000099999999993 0.00000000099999999993 0.00000000099999999993 0.38381253071735393911 
0.54578863420214218660 0.00000000099999999997 0.00000000099999999997 0.00000003084984966133 0.00000000099999999997 0.00000000099999999997 0.00000000099999999997 0.45421132994800833549 
0.00000000099999999971 0.00000000099999999971 0.99999999299999997593 0.00000000099999999971 0.00000000099999999971 0.00000000099999999971 0.00000000099999999971 0.00000000099999999971 
0.99999999300000019797 0.00000000099999999993 0.00000000099999999993 0.00000000099999999993 0.00000000099999999993 0.00000000099999999993 0.00000000099999999993 0.00000000099999999993 
0.99827695242149838695 0.00000000099999999994 0.00000000099999999994 0.00000000099999999994 0.00000000099999999994 0.00000000099999999994 0.00000000099999999994 0.00172304157850172572 
0.00000000099999999996 0.00000000099999999996 0.00000000099999999996 0.00000000099999999996 0.00000000099999999996 0.00000000099999999996 0.99994021954704126465 0.00005977445295867958 
0.00000000099999999955 0.00000000099999999955 0.00000000099999999955 0.00000000099999999955 0.99999999300000008695 0.00000000099999999955 0.00000000099999999955 0.00000000099999999955 
0.00000000099999999998 0.00101821693550485756 0.00000000099999999998 0.18564696593167662186 0.00000000099999999998 0.37561876359061963093 0.43771604954219878181 0.00000000099999999998 
0.00000000099999999995 0.00000000099999999995 0.00000000099999999995 0.00000000099999999995 0.00000000099999999995 0.00000000099999999995 0.99999999299999997593 0.00000000099999999995 
0.00000000099999999999 0.00000000099999999999 0.00000000099999999999 0.31838184669281260897 0.00000000099999999999 0.00000000099999999999 0.68161814730718728317 0.00000000099999999999 
0.00000000099999999999 0.00357947482689698667 0.00000000099999999999 0.24816294842915986862 0.00000000099999999999 0.18153291374484181731 0.53553427553717170007 0.03119038446192953437 
0.00000000099999999994 0.00000000099999999994 0.00000000099999999994 0.00000000099999999994 0.00000000099999999994 0.00000000099999999994 0.99999999299999997593 0.00000000099999999994 
0.00000000099999999993 0.00000000099999999993 0.00000000099999999993 0.00000000099999999993 0.00000000099999999993 0.99999999300000008695 0.00000000099999999993 0.00000000099999999993 
0.00121010892990275690 0.00000000099999999999 0.00000000099999999999 0.28726083117092904295 0.00000000099999999999 0.21663636644731523728 0.49489268945185294069 0.00000000099999999999 
0.00000000099999999994 0.00000000099999999994 0.00000000099999999994 0.00000000099999999994 0.00000000099999999994 0.99999999299999997593 0.00000000099999999994 0.00000000099999999994 
0.01221638635307803304 0.02688020774394188003 0.00676757212422445398 0.23541767019138701289 0.00000000100000000000 0.20938482523940035729 0.50892984383712425167 0.00040349351084403130 
0.00000000099999999999 0.00951835407804815271 0.00000000099999999999 0.21090024030790452403 0.00000000099999999999 0.33945485678327447232 0.43416065432149575365 0.00596589150927712576 
0.00000000099999999997 0.00000000099999999997 0.00000000099999999997 0.15549500544429251114 0.00000000099999999997 0.36580264258007655354 0.47870234697563102122 0.00000000099999999997 
0.02326784494867435368 0.02420720664330881441 0.00000000100000000000 0.12091640191604605126 0.00000000100000000000 0.37545108115211917044 0.45615743748384968148 0.00000002585600191375 
0.00000000099999999997 0.00946437542566177202 0.00000000099999999997 0.24007062503940598819 0.00000000099999999997 0.20488940087643964238 0.54557559465849270186 0.00000000099999999997 
0.00000007330741819138 0.00000000099999999997 0.00000000099999999997 0.39642558489689183610 0.00000000099999999997 0.00000000099999999997 0.60357433679568983642 0.00000000099999999997 
0.00000000099999999995 0.00000000099999999995 0.00000000099999999995 0.00000000099999999995 0.00000000099999999995 0.00000000099999999995 0.99999999299999997593 0.00000000099999999995 
0.00000000099999999994 0.00000000099999999994 0.00000000099999999994 0.00000000099999999994 0.00000000099999999994 0.99999999300000008695 0.00000000099999999994 0.00000000099999999994 
0.01296592947748260657 0.00125836615809555089 0.00000000099999999999 0.21687467551567635171 0.00000000099999999999 0.38901224534087036622 0.37988878050787500129 0.00000000099999999999 
0.00000000099999999998 0.00000000099999999998 0.00000000099999999998 0.20519377768934621287 0.00000000099999999998 0.41439830664502114166 0.33462291336843213996 0.04578499829720065334 
0.00045165202802148436 0.00000000099999999999 0.00000000099999999999 0.20567043387494668427 0.00000000099999999999 0.27934220768701339965 0.51451657961505170569 0.00001912379496665929 
0.02141707597327196025 0.00000000099999999996 0.00000000099999999996 0.46829918620173088817 0.00000000099999999996 0.00000000099999999996 0.51028373282499694952 0.00000000099999999996 
0.02268171523860040839 0.00352987929970158569 0.00028394904588779408 0.25763913023593687512 0.06757637166791680139 0.30663222125938960350 0.34165673225256693035 0.00000000100000000000 
0.00034034751076607452 0.00000000099999999997 0.00000000099999999997 0.27395611740363912112 0.00000000099999999997 0.25487860694601988110 0.47082492413957482968 0.00000000099999999997 
0.00000000099999999996 0.00000000099999999996 0.00000000099999999996 0.37540909065546784751 0.00000000099999999996 0.00000000099999999996 0.60033060023386153325 0.02426030411067039635 
0.00000000099999999987 0.00000000099999999987 0.00000000099999999987 0.99999999299999997593 0.00000000099999999987 0.00000000099999999987 0.00000000099999999987 0.00000000099999999987 
0.00000000099999999996 0.00000000099999999996 0.00000000099999999996 0.33342703539903117971 0.00000000099999999996 0.66657295860096865692 0.00000000099999999996 0.00000000099999999996 
0.00000000099999999997 0.00000000099999999997 0.00000000099999999997 0.18370408300015525493 0.00000000099999999997 0.43753152387876553808 0.36389786919958705402 0.01486651992149210476 
0.00000000100000000000 0.00360638251819898675 0.00000000100000000000 0.27804228083401444360 0.00000000100000000000 0.40474349278371529737 0.31360783986407120283 0.00000000100000000000 
0.01420386263130822210 0.00755554434341164718 0.00000000099999999998 0.21411759147842582274 0.00000000099999999998 0.27131430173396869909 0.49280869681288552719 0.00000000099999999998 
0.00000000099999999996 0.00000000099999999996 0.00000000099999999996 0.31534765004235609798 0.00000000099999999996 0.00000000099999999996 0.68465234395764373865 0.00000000099999999996 
0.03797391067815160393 0.00000000099999999996 0.00000000099999999996 0.29099569331047536735 0.00000000099999999996 0.25674313024255146498 0.41428726176882146870 0.00000000099999999996 
0.00000000099999999982 0.00000000099999999982 0.00000000099999999982 0.00000000099999999982 0.00000000099999999982 0.00000000099999999982 0.00000000099999999982 0.99999999299999997593 
0.99999999300000008695 0.00000000099999999993 0.00000000099999999993 0.00000000099999999993 0.00000000099999999993 0.00000000099999999993 0.00000000099999999993 0.00000000099999999993 
0.00000000099999999972 0.00000000099999999972 0.72895787811782075671 0.00000000099999999972 0.27104211588217924644 0.00000000099999999972 0.00000000099999999972 0.00000000099999999972 
0.00000000099999999965 0.99999999300000019797 0.00000000099999999965 0.00000000099999999965 0.00000000099999999965 0.00000000099999999965 0.00000000099999999965 0.00000000099999999965 
0.47355611401560970819 0.03813955258246314733 0.00000000099999999999 0.00000000099999999999 0.00000000099999999999 0.00000000099999999999 0.05401271683204452584 0.43429161256988269013 
0.00598775619547138333 0.00000000099999999996 0.00000000099999999996 0.00000000099999999996 0.00000000099999999996 0.40031115975375652916 0.59370107905077196264 0.00000000099999999996 
0.00000000099999999996 0.00000000099999999996 0.00000000099999999996 0.00000000099999999996 0.00000000099999999996 0.00000000099999999996 0.99999999299999986491 0.00000000099999999996 
0.99999999300000008695 0.00000000099999999993 0.00000000099999999993 0.00000000099999999993 0.00000000099999999993 0.00000000099999999993 0.00000000099999999993 0.00000000099999999993 
0.00000000099999999998 0.00000000099999999998 0.00000000099999999998 0.06391598662923066165 0.00000000099999999998 0.36640073752447804845 0.55495154433049820319 0.01473172751579317728 
0.00000000099999999996 0.00883568714387562848 0.00000000099999999996 0.16826667216811969086 0.00000000099999999996 0.30156442902934171846 0.51051245191122951450 0.01082075674743345102 
0.00000000099999999992 0.00000000099999999992 0.00000000099999999992 0.00000000099999999992 0.00000000099999999992 0.99999999299999997593 0.00000000099999999992 0.00000000099999999992 
0.00000000099999999964 0.00000000099999999964 0.57782362778259277469 0.00000000099999999964 0.42217636621740722846 0.00000000099999999964 0.00000000099999999964 0.00000000099999999964 
0.00000000099999999959 0.00000000099999999959 0.99999999299999997593 0.00000000099999999959 0.00000000099999999959 0.00000000099999999959 0.00000000099999999959 0.00000000099999999959 
0.00000000099999999957 0.00000000099999999957 0.00000000099999999957 0.00000000099999999957 0.99999999299999997593 0.00000000099999999957 0.00000000099999999957 0.00000000099999999957 
0.00000000099999999957 0.00000000099999999957 0.00000000099999999957 0.00000000099999999957 0.99999999300000008695 0.00000000099999999957 0.00000000099999999957 0.00000000099999999957 
0.00000000099999999955 0.00000000099999999955 0.99999999300000008695 0.00000000099999999955 0.00000000099999999955 0.00000000099999999955 0.00000000099999999955 0.00000000099999999955 
0.99999999300000019797 0.00000000099999999993 0.00000000099999999993 0.00000000099999999993 0.00000000099999999993 0.00000000099999999993 0.00000000099999999993 0.00000000099999999993 
0.00000000099999999999 0.00471203442999027552 0.00000000099999999999 0.28370926672127050328 0.00000000099999999999 0.43592528476645986402 0.27565341008227928210 0.00000000099999999999 
0.00000000099999999963 0.00000000099999999963 0.38854676448846203751 0.00000000099999999963 0.61145322951153791013 0.00000000099999999963 0.00000000099999999963 0.00000000099999999963 
0.00000000099999999960 0.00000000099999999960 0.99999999300000008695 0.00000000099999999960 0.00000000099999999960 0.00000000099999999960 0.00000000099999999960 0.00000000099999999960 
0.00000000099999999964 0.99999999300000019797 0.00000000099999999964 0.00000000099999999964 0.00000000099999999964 0.00000000099999999964 0.00000000099999999964 0.00000000099999999964 
0.00000000099999999964 0.99999999300000008695 0.00000000099999999964 0.00000000099999999964 0.00000000099999999964 0.00000000099999999964 0.00000000099999999964 0.00000000099999999964 
0.00000000099999999998 0.00000000099999999998 0.00000000099999999998 0.10707333830662785212 0.00000000099999999998 0.54221019663243230635 0.35071646006093976089 0.00000000099999999998 
0.00000000099999999958 0.00000000099999999958 0.00000000099999999958 0.00000000099999999958 0.99999999299999997593 0.00000000099999999958 0.00000000099999999958 0.00000000099999999958 
0.00000000099999999995 0.00000000099999999995 0.00000000099999999995 0.00000000099999999995 0.00000000099999999995 0.00000000099999999995 0.99999999299999986491 0.00000000099999999995 
0.00000000099999999998 0.00000000099999999998 0.00000000099999999998 0.24765719199147573359 0.00000000099999999998 0.22205830238500076645 0.53028450062352339156 0.00000000099999999998 
0.59863917239920416691 0.00000000099999999996 0.00000000099999999996 0.04585181661995105240 0.00000000099999999996 0.00000000099999999996 0.00000000099999999996 0.35550900598084506088 
0.00000000099999999997 0.00000000099999999997 0.00000000099999999997 0.21190017060408433691 0.00000000099999999997 0.33022710419271539273 0.44315363133055185596 0.01471908987264846508 
0.99999999300000008695 0.00000000099999999987 0.00000000099999999987 0.00000000099999999987 0.00000000099999999987 0.00000000099999999987 0.00000000099999999987 0.00000000099999999987 
0.00000000099999999998 0.00212865184476813355 0.00000000099999999998 0.14275323818565735512 0.00000000099999999998 0.30759353558444135768 0.52351919422542081417 0.02400537715971248071 
0.00000000099999999980 0.00000000099999999980 0.00000000099999999980 0.00000000099999999980 0.00000000099999999980 0.00000000099999999980 0.00000000099999999980 0.99999999300000008695 
0.00000000099999999998 0.00854826829330818279 0.00000000099999999998 0.28177244236585152759 0.00000000099999999998 0.00000000099999999998 0.70356025835166702276 0.00611902698917329672 
0.00000000099999999999 0.01187422671217890427 0.00000000099999999999 0.18247538963341719542 0.00000000099999999999 0.24530118250187807338 0.56034919715252573535 0.00000000099999999999 
0.00000000099999999962 0.00000000099999999962 0.00000000099999999962 0.00000000099999999962 0.99999999300000008695 0.00000000099999999962 0.00000000099999999962 0.00000000099999999962 
0.54384131803752944201 0.00000000099999999993 0.00000000099999999993 0.00000000099999999993 0.00000000099999999993 0.00000000099999999993 0.00000000099999999993 0.45615867596247072768 
0.00000000099999999956 0.00000000099999999956 0.00000000099999999956 0.00000000099999999956 0.99999999299999997593 0.00000000099999999956 0.00000000099999999956 0.00000000099999999956 
0.00000000099999999962 0.00000000099999999962 0.61206600811354594516 0.00000000099999999962 0.38793398588645400249 0.00000000099999999962 0.00000000099999999962 0.00000000099999999962 
0.00000000099999999989 0.00000000099999999989 0.00000000099999999989 0.99999999300000008695 0.00000000099999999989 0.00000000099999999989 0.00000000099999999989 0.00000000099999999989 
0.00000000099999999997 0.00000000099999999997 0.00000000099999999997 0.13053948663260978025 0.00000000099999999997 0.38628828863280595396 0.45542629144029694865 0.02774592929428745108 
0.00000000099999999995 0.00000000099999999995 0.00000000099999999995 0.00000000099999999995 0.00000000099999999995 0.44430150088874670322 0.55569849311125318891 0.00000000099999999995 
0.00000000702204931784 0.00158169008159462880 0.00000000099999999998 0.20496258484576301839 0.00000000099999999998 0.26703366310689968799 0.52642205194369340315 0.00000000099999999998 
0.00009500160645423662 0.00855990690585689551 0.00000000099999999998 0.32557652892801236533 0.00000000099999999998 0.19876085245665409129 0.46699330153006890498 0.00001440657295345022 
0.00000000099999999997 0.00362208026364360018 0.00000000099999999997 0.15300817971286326258 0.00000000099999999997 0.34186265633974499689 0.47102673580019244204 0.03048034488355585298 
0.00000000099999999998 0.00000000099999999998 0.00000000099999999998 0.17167897304467252817 0.00000000099999999998 0.38791631425640527020 0.44040470769892220426 0.00000000099999999998 
0.53647760782653164391 0.00000000099999999995 0.00000000099999999995 0.00000000099999999995 0.00000000099999999995 0.01419911482811381763 0.00000000099999999995 0.44932327234535468508 
0.00000000099999999997 0.00000000099999999997 0.00000000099999999997 0.15869289381130191607 0.00000000099999999997 0.35708100409023046939 0.48422609709846753390 0.00000000099999999997 
0.00000000099999999962 0.00000000099999999962 0.63043416778633143416 0.00000000099999999962 0.36956582621366840247 0.00000000099999999962 0.00000000099999999962 0.00000000099999999962 
0.00000000099999999993 0.00000000099999999993 0.00000000099999999993 0.00000000099999999993 0.00000000099999999993 0.99999999299999997593 0.00000000099999999993 0.00000000099999999993 
0.00000000099999999982 0.00000000099999999982 0.99999999299999997593 0.00000000099999999982 0.00000000099999999982 0.00000000099999999982 0.00000000099999999982 0.00000000099999999982 
0.00000000099999999961 0.00000000099999999961 0.00000000099999999961 0.00000000099999999961 0.99999999300000008695 0.00000000099999999961 0.00000000099999999961 0.00000000099999999961 
0.00000000099999999998 0.00000000099999999998 0.00000000099999999998 0.17099519327643150635 0.00000000099999999998 0.27725168296153468450 0.52118129991433537196 0.03057181984769827277 
0.00000000099999999998 0.00419080957148043956 0.00000000099999999998 0.17926460318958248319 0.00000000099999999998 0.39184032887869924000 0.42470425436023773180 0.00000000099999999998 
0.01905291621175023847 0.00000000099999999998 0.00000000099999999998 0.31058555050762282068 0.00000000099999999998 0.31124756306177014942 0.35911396621885671721 0.00000000099999999998 
0.00000000099999999965 0.00000000099999999965 0.99999999299999997593 0.00000000099999999965 0.00000000099999999965 0.00000000099999999965 0.00000000099999999965 0.00000000099999999965 
0.99999999300000008695 0.00000000099999999990 0.00000000099999999990 0.00000000099999999990 0.00000000099999999990 0.00000000099999999990 0.00000000099999999990 0.00000000099999999990 
0.79780749694112773618 0.00000000099999999992 0.00000000099999999992 0.00000000099999999992 0.00000000099999999992 0.00000000099999999992 0.00000000099999999992 0.20219249705887232249 
0.00000000099999999961 0.00000000099999999961 0.99999999300000008695 0.00000000099999999961 0.00000000099999999961 0.00000000099999999961 0.00000000099999999961 0.00000000099999999961 
0.00000000099999999998 0.00151239151003831440 0.00000000099999999998 0.13532399303082356945 0.00000000099999999998 0.36478350795294528508 0.47438559326537083072 0.02399451124082204942 
0.03978891871363304106 0.00000081813216205249 0.00000000099999999999 0.44102708941544949139 0.00000000099999999999 0.29121276401017814894 0.22797040672857712962 0.00000000099999999999 
0.00000000099999999968 0.00000000099999999968 0.59182682869299008122 0.00000000099999999968 0.40817316530700992194 0.00000000099999999968 0.00000000099999999968 0.00000000099999999968 
0.00341180579171404454 0.00426508828898678610 0.00000000099999999998 0.26386521017990927085 0.00000000099999999998 0.18314619153067437929 0.54531170120871541585 0.00000000099999999998 
0.99999999300000019797 0.00000000099999999988 0.00000000099999999988 0.00000000099999999988 0.00000000099999999988 0.00000000099999999988 0.00000000099999999988 0.00000000099999999988 
0.23917318488931824105 0.10517814803617850372 0.10935272574934917778 0.00000000100000000000 0.00000000100000000000 0.00000000100000000000 0.54629593732515391302 0.00000000100000000000 
0.02467132848579887613 0.00000000099999999999 0.00000000099999999999 0.16486358719149901697 0.00001049035507764121 0.43678240309053595336 0.37367218787708839089 0.00000000099999999999 
0.02978144952116771466 0.00963346519491355656 0.00000000099999999998 0.30752938599599871639 0.00000000099999999998 0.35451621306788327903 0.29638761279891906453 0.00215187142111757579 
0.00000000099999999997 0.00351152398543057472 0.00000000099999999997 0.48830901649210262105 0.00000000099999999997 0.50817945452246693350 0.00000000099999999997 0.00000000099999999997 
0.00000000099999999997 0.00528937796179744339 0.00000000099999999997 0.17115908008110700123 0.00000000099999999997 0.56740502113911206461 0.25614651681798344951 0.00000000099999999997 
0.00000000099999999994 0.00000000099999999994 0.00000000099999999994 0.68882439849225329809 0.00000000099999999994 0.31117559550774676058 0.00000000099999999994 0.00000000099999999994 
0.00000079219410774032 0.00000000099999999998 0.00000000099999999998 0.31921692943350560290 0.00000000099999999998 0.34769045803175091525 0.33309181634063556032 0.00000000099999999998 
0.00294728982516177448 0.01047958165951296504 0.00000000099999999998 0.19015493312047740404 0.00000000099999999998 0.27173534864603371419 0.52467984322434613187 0.00000300152446792385 
0.02025120951170776909 0.00000000099999999999 0.00323456112685890267 0.32274418858596026771 0.00000000099999999999 0.00000000099999999999 0.65377003677547285143 0.00000000099999999999 
0.99999999300000008695 0.00000000099999999990 0.00000000099999999990 0.00000000099999999990 0.00000000099999999990 0.00000000099999999990 0.00000000099999999990 0.00000000099999999990 
0.00000000099999999991 0.00000000099999999991 0.00000000099999999991 0.00000000099999999991 0.00000000099999999991 0.99999999300000008695 0.00000000099999999991 0.00000000099999999991 
0.00000000099999999998 0.00083811458363600632 0.00000000099999999998 0.26975363628140458516 0.00000000099999999998 0.00000000099999999998 0.72940824413495930489 0.00000000099999999998 
0.04569507261228903522 0.00010178487035466193 0.00000000099999999999 0.18231267551641855418 0.00000000099999999999 0.36979209080330960324 0.40209837319762820051 0.00000000099999999999 
0.00000000099999999997 0.00000000099999999997 0.00000000099999999997 0.15126621809085688541 0.00000000099999999997 0.25128316544635992402 0.57197128864629009914 0.02547932381649292699 
0.03613348217235951010 0.00000000100000000000 0.00000000100000000000 0.08391731391751816593 0.00000000100000000000 0.39055654330361833093 0.48939240687525625839 0.00000025073124779721 
0.00000000099999999993 0.00000000099999999993 0.00000000099999999993 0.00000000099999999993 0.00000000099999999993 0.00000000099999999993 0.99999999299999986491 0.00000000099999999993 
0.00588671278459076356 0.00000000099999999999 0.00000000099999999999 0.23049036808130662912 0.00000000099999999999 0.16439785784262833657 0.59536380555436885231 0.00386125273710540657 
0.71220836083417404794 0.00000000099999999996 0.00000000099999999996 0.00000000099999999996 0.00000000099999999996 0.02148572973008650716 0.00000000099999999996 0.26630590443573964876 
0.00000000099999999996 0.00345733260432442213 0.00000000099999999996 0.00000000099999999996 0.00000000099999999996 0.00000000099999999996 0.99654265859988622189 0.00000000379578939480 
0.00010396254656396345 0.00404061169787708636 0.00000000099999999998 0.00000000099999999998 0.00000000099999999998 0.42282787283547756951 0.57302754892008134213 0.00000000099999999998 
0.00000000100000000000 0.00000000100000000000 0.00948921308696343974 0.26368464060988805464 0.00000000100000000000 0.31425384621804969276 0.40263243821739425066 0.00993985886770450654 
0.61662450015947456450 0.00000000099999999996 0.00000000099999999996 0.00000000099999999996 0.00000000099999999996 0.00000000099999999996 0.00000000099999999996 0.38337549384052543866 
0.02372693387055541461 0.00000000100000000000 0.01943161079493106735 0.19174137418950915057 0.00000000100000000000 0.30385580244279081219 0.46124427570221343542 0.00000000100000000000 
0.00000000099999999999 0.00419037937960316589 0.00000000099999999999 0.18651330528614423754 0.00000000099999999999 0.32699752586723029868 0.46792984470835996547 0.01436894175866223339 
0.35645456185816759564 0.00772419265988896590 0.00000000099999999998 0.20440559193603066723 0.00000000099999999998 0.15058510471295583066 0.15899313773362766522 0.12183740909932927465 
