0.00000000099999999999 0.00000000099999999999 0.17607976813212222744 0.26572231844985216842 0.26223756980079404588 0.17806613459055420368 0.01634999294395660108 0.00000000099999999999 0.10154421308272076896 
0.00000000099999999994 0.00000000099999999994 0.00000000099999999994 0.00000000099999999994 0.00000000099999999994 0.00000000099999999994 0.00000000099999999994 0.99999999199999989319 0.00000000099999999994 
0.00000000099999999994 0.00000000099999999994 0.00000000099999999994 0.00000000099999999994 0.00000000099999999994 0.00000000099999999994 0.00000000099999999994 0.99999999199999989319 0.00000000099999999994 
0.00000000099999999999 0.00000000099999999999 0.28355223955240826950 0.13791635524766199250 0.22079201052820571216 0.32642293543996436789 0.00000000099999999999 0.03129074966853668399 0.00002570656322304681 
0.07964667058652902254 0.00000000099999999999 0.19997771475423475884 0.34258127668603322036 0.00000000113372527979 0.28155912894132384405 0.00000000099999999999 0.00000000099999999999 0.09623520489815375056 
0.06943466983045290530 0.00000000099999999998 0.00000000099999999998 0.25667392856002446688 0.09616428559980337576 0.43653047736284089630 0.00000000099999999998 0.00035593888170453326 0.14084069676517382841 
0.00000000099999999995 0.00000000099999999995 0.00000000099999999995 0.00000000099999999995 0.00000000099999999995 0.00000000099999999995 0.00000000099999999995 0.99999999199999989319 0.00000000099999999995 
0.00000000099999999991 0.00000000099999999991 0.00000000099999999991 0.00000000099999999991 0.00000000099999999991 0.00000000099999999991 0.00000000099999999991 0.99999999199999989319 0.00000000099999999991 
0.99999999200000011523 0.00000000099999999982 0.00000000099999999982 0.00000000099999999982 0.00000000099999999982 0.00000000099999999982 0.00000000099999999982 0.00000000099999999982 0.00000000099999999982 
0.00000000099999999994 0.00000000099999999994 0.00000000099999999994 0.00000000099999999994 0.00000000099999999994 0.00000000099999999994 0.00000000099999999994 0.99999999199999989319 0.00000000099999999994 
0.00000000099999999994 0.00000000099999999994 0.99999999200000011523 0.00000000099999999994 0.00000000099999999994 0.00000000099999999994 0.00000000099999999994 0.00000000099999999994 0.00000000099999999994 
0.12305547349519123379 0.00000000099999999998 0.31037201823061033590 0.00000000115255684023 0.26307961996206402633 0.29933064726568420211 0.00000000099999999998 0.00416223689389348932 0.00000000099999999998 
0.06922419189519660176 0.00000000099999999999 0.33498624150503425456 0.27988430082589127457 0.00000000099999999999 0.31533396645631900368 0.00057129531755885951 0.00000000099999999999 0.00000000099999999999 
0.00000000099999999999 0.00000000099999999999 0.22074351106638509523 0.00000000099999999999 0.31220808732120047813 0.31756868976089841494 0.00013499357529763698 0.00000000099999999999 0.14934471427621831552 
0.00000000099999999991 0.00000000099999999991 0.00000000099999999991 0.00000000099999999991 0.99999999200000011523 0.00000000099999999991 0.00000000099999999991 0.00000000099999999991 0.00000000099999999991 
0.10416218349383146724 0.00000000099999999999 0.17769665537008069722 0.20065050345044710411 0.15190582419728029806 0.24907688996280494265 0.02631194117636308574 0.04423754374184222377 0.04595845760735001173 
0.07244271487835229895 0.00000000099999999997 0.43485477056707139143 0.00000000099999999997 0.40861667122569111932 0.00000000099999999997 0.00000000099999999997 0.00000000099999999997 0.08408583832888535947 
0.12588047508045854816 0.00000000099999999996 0.61774046425002115956 0.00000000099999999996 0.00000000099999999996 0.00000000099999999996 0.00000000099999999996 0.00000000099999999996 0.25637905466952054523 
0.04991743961586153633 0.00000000099999999999 0.12873899249993700500 0.16338426201683400873 0.21850627662567867482 0.25207814615506046740 0.00000000099999999999 0.00000000099999999999 0.18737488008662839256 
0.00000000099999999997 0.00000000099999999997 0.00000490394091285481 0.45260161856429453886 0.44068717940455121029 0.00000000099999999997 0.00000000099999999997 0.00000000099999999997 0.10670629309024144693 
0.00000000099999999998 0.00000000099999999998 0.27593293116669431742 0.38864092355696078229 0.33542613816684541117 0.00000000210949943777 0.00000000099999999998 0.00000000099999999998 0.00000000099999999998 
0.01882426013006402443 0.00000000099999999996 0.00000000099999999996 0.00000000099999999996 0.00000000099999999996 0.00000000099999999996 0.00000000099999999996 0.98117573286993586823 0.00000000099999999996 
0.00000000099999999991 0.00000000099999999991 0.99999999200000011523 0.00000000099999999991 0.00000000099999999991 0.00000000099999999991 0.00000000099999999991 0.00000000099999999991 0.00000000099999999991 
0.99999999200000022626 0.00000000099999999958 0.00000000099999999958 0.00000000099999999958 0.00000000099999999958 0.00000000099999999958 0.00000000099999999958 0.00000000099999999958 0.00000000099999999958 
0.00000000099999999997 0.00000000099999999997 0.47396976126375556237 0.51086519448413503230 0.00000000099999999997 0.00000000099999999997 0.00000000099999999997 0.01516503825210934950 0.00000000099999999997 
0.00000000099999999997 0.00000000099999999997 0.36781934129173565751 0.22671200537391852925 0.00000000099999999997 0.25567431586912775510 0.00000000099999999997 0.00000000099999999997 0.14979433246521819956 
0.00000000099999999964 0.00000000099999999964 0.00000000099999999964 0.00000000099999999964 0.00000000099999999964 0.00000000099999999964 0.99999999199999989319 0.00000000099999999964 0.00000000099999999964 
0.00000000099999999960 0.00000000099999999960 0.00000000099999999960 0.00000000099999999960 0.00000000099999999960 0.00000000099999999960 0.99999999200000000421 0.00000000099999999960 0.00000000099999999960 
0.08370975983707337753 0.00000000099999999999 0.43600813383787151434 0.18645341497502088135 0.18226555734028387912 0.00000000099999999999 0.00000000099999999999 0.00000000099999999999 0.11156313000975046079 
0.08315225239563024673 0.00000000099999999997 0.35798077164071889777 0.00000000099999999997 0.00000000099999999997 0.55886696996365081702 0.00000000099999999997 0.00000000099999999997 0.00000000099999999997 
0.02360904370492514920 0.00000000099999999997 0.38518066461379296683 0.36109057114005388422 0.00000000099999999997 0.00000000099999999997 0.00000000099999999997 0.00000000099999999997 0.23011971554122820360 
0.16861302736075622910 0.00000000099999999987 0.00000000099999999987 0.00000000099999999987 0.00000000099999999987 0.00000000099999999987 0.00000000099999999987 0.83138696563924374683 0.00000000099999999987 
0.63484859371266055827 0.00000000099999999975 0.00000000099999999975 0.00000000099999999975 0.00000000099999999975 0.00000000099999999975 0.36515139928733963970 0.00000000099999999975 0.00000000099999999975 
0.00000000099999999995 0.00000000099999999995 0.45463772611801084311 0.00000000099999999995 0.54536226688198929935 0.00000000099999999995 0.00000000099999999995 0.00000000099999999995 0.00000000099999999995 
0.00000000099999999958 0.99999999200000022626 0.00000000099999999958 0.00000000099999999958 0.00000000099999999958 0.00000000099999999958 0.00000000099999999958 0.00000000099999999958 0.00000000099999999958 
0.00000000099999999948 0.99999999200000022626 0.00000000099999999948 0.00000000099999999948 0.00000000099999999948 0.00000000099999999948 0.00000000099999999948 0.00000000099999999948 0.00000000099999999948 
0.00000000099999999948 0.99999999200000022626 0.00000000099999999948 0.00000000099999999948 0.00000000099999999948 0.00000000099999999948 0.00000000099999999948 0.00000000099999999948 0.00000000099999999948 
0.00000000099999999966 0.00000000099999999966 0.00000000099999999966 0.00000000099999999966 0.00000000099999999966 0.00000000099999999966 0.99999999199999989319 0.00000000099999999966 0.00000000099999999966 
0.00000000099999999961 0.00000000099999999961 0.00000000099999999961 0.00000000099999999961 0.00000000099999999961 0.00000000099999999961 0.99999999199999989319 0.00000000099999999961 0.00000000099999999961 
0.00000000099999999997 0.00000000099999999997 0.41158865820217432896 0.58841133479782570248 0.00000000099999999997 0.00000000099999999997 0.00000000099999999997 0.00000000099999999997 0.00000000099999999997 
0.00000000099999999996 0.00000000099999999996 0.00000000099999999996 0.00000000099999999996 0.00000000099999999996 0.00000000099999999996 0.00000000099999999996 0.99999999200000000421 0.00000000099999999996 
0.00000000099999999963 0.00000000099999999963 0.00000000099999999963 0.00000000099999999963 0.00000000099999999963 0.00000000099999999963 0.99999999200000000421 0.00000000099999999963 0.00000000099999999963 
0.00000000099999999997 0.00000000099999999997 0.58836189238531366730 0.00000000099999999997 0.41163810061468647516 0.00000000099999999997 0.00000000099999999997 0.00000000099999999997 0.00000000099999999997 
0.00000000099999999993 0.00000000099999999993 0.00000000099999999993 0.00000000099999999993 0.00000000099999999993 0.00000000099999999993 0.00000000099999999993 0.99999999199999989319 0.00000000099999999993 
0.00000000099999999967 0.00000000099999999967 0.00000000099999999967 0.00000000099999999967 0.00000000099999999967 0.00000000099999999967 0.99999999200000000421 0.00000000099999999967 0.00000000099999999967 
0.00000000099999999999 0.00000000099999999999 0.37084205416696602864 0.18454553791650829542 0.24931659917958734485 0.18229213023099577473 0.00543930362940641884 0.00756437187653614864 0.00000000099999999999 
0.00000000099999999963 0.00000000099999999963 0.00000000099999999963 0.00000000099999999963 0.00000000099999999963 0.00000000099999999963 0.99999999199999989319 0.00000000099999999963 0.00000000099999999963 
0.00000000099999999994 0.00000000099999999994 0.00000000099999999994 0.00000000099999999994 0.00000000099999999994 0.00000000099999999994 0.00000000099999999994 0.99999999200000000421 0.00000000099999999994 
0.00000000099999999990 0.00000000099999999990 0.00000000099999999990 0.00000000099999999990 0.00000000099999999990 0.00000000099999999990 0.00000000099999999990 0.99999999200000000421 0.00000000099999999990 
0.00000000099999999958 0.00000000099999999958 0.00000000099999999958 0.00000000099999999958 0.00000000099999999958 0.00000000099999999958 0.99999999199999989319 0.00000000099999999958 0.00000000099999999958 
0.00000000099999999961 0.00000000099999999961 0.00000000099999999961 0.00000000099999999961 0.00000000099999999961 0.00000000099999999961 0.99999999199999989319 0.00000000099999999961 0.00000000099999999961 
0.00000000099999999995 0.00000000099999999995 0.00000000099999999995 0.00000000099999999995 0.00000000099999999995 0.00000000099999999995 0.00000000099999999995 0.99999999199999989319 0.00000000099999999995 
0.00000000099999999995 0.00000000099999999995 0.00000000099999999995 0.00000000099999999995 0.00000000099999999995 0.00000000099999999995 0.00000000099999999995 0.99999999199999989319 0.00000000099999999995 
0.00000000099999999996 0.00000000099999999996 0.00000000099999999996 0.00000000099999999996 0.00000000099999999996 0.00003322231928845414 0.00000000099999999996 0.99996677068071149197 0.00000000099999999996 
0.00000000099999999968 0.00000000099999999968 0.00000000099999999968 0.00000000099999999968 0.00000000099999999968 0.00000000099999999968 0.99999999199999989319 0.00000000099999999968 0.00000000099999999968 
0.00000000099999999993 0.00000000099999999993 0.00000000099999999993 0.00000000099999999993 0.00000000099999999993 0.99999999200000000421 0.00000000099999999993 0.00000000099999999993 0.00000000099999999993 
0.00000000099999999998 0.00000000099999999998 0.43952881442668928491 0.54252861665443130601 0.00000000099999999998 0.00000000099999999998 0.01794256291887946428 0.00000000099999999998 0.00000000099999999998 
0.00000000099999999989 0.00000000099999999989 0.00000000099999999989 0.00000000099999999989 0.00000000099999999989 0.99999999200000011523 0.00000000099999999989 0.00000000099999999989 0.00000000099999999989 
0.00000000099999999998 0.00000000099999999998 0.33563700731108991882 0.00000000099999999998 0.29878547881569322842 0.36557750787321674490 0.00000000099999999998 0.00000000099999999998 0.00000000099999999998 
0.00000000099999999993 0.00000000099999999993 0.00000000099999999993 0.00000000099999999993 0.00000000099999999993 0.00000000099999999993 0.00000000099999999993 0.99999999199999989319 0.00000000099999999993 
0.00000000099999999998 0.00000000099999999998 0.48176660710648389063 0.31472304526003874736 0.00000000099999999998 0.03407225250760448354 0.00000000099999999998 0.00000000099999999998 0.16943809012587296436 
0.00000000099999999955 0.99999999200000022626 0.00000000099999999955 0.00000000099999999955 0.00000000099999999955 0.00000000099999999955 0.00000000099999999955 0.00000000099999999955 0.00000000099999999955 
0.00000000099999999992 0.00000000099999999992 0.00000000099999999992 0.99999999200000011523 0.00000000099999999992 0.00000000099999999992 0.00000000099999999992 0.00000000099999999992 0.00000000099999999992 
0.00000000099999999956 0.99999999200000011523 0.00000000099999999956 0.00000000099999999956 0.00000000099999999956 0.00000000099999999956 0.00000000099999999956 0.00000000099999999956 0.00000000099999999956 
0.17899193047589539995 0.00000000099999999998 0.30041403400245358934 0.19323175937711500882 0.17979465690603094186 0.03620719553702501925 0.00000000099999999998 0.00746427492399163572 0.10389614677748849891 
0.00000000099999999957 0.99999999200000011523 0.00000000099999999957 0.00000000099999999957 0.00000000099999999957 0.00000000099999999957 0.00000000099999999957 0.00000000099999999957 0.00000000099999999957 
0.00000000099999999970 0.00000000099999999970 0.00000000099999999970 0.00000000099999999970 0.00000000099999999970 0.00000000099999999970 0.00000000099999999970 0.00000000099999999970 0.99999999200000000421 
0.00000000099999999999 0.00000000099999999999 0.00000723294513575576 0.46683118788395638887 0.18982714656179339174 0.26193541063569097949 0.00124413895311972539 0.00000000099999999999 0.08015488002030389525 
0.00000000099999999992 0.00000000099999999992 0.00000000099999999992 0.00000000099999999992 0.00000000099999999992 0.00000000099999999992 0.00000000099999999992 0.99999999199999989319 0.00000000099999999992 
0.00000000099999999988 0.00000000099999999988 0.00000000099999999988 0.00000000099999999988 0.99999999200000000421 0.00000000099999999988 0.00000000099999999988 0.00000000099999999988 0.00000000099999999988 
0.00000000099999999957 0.99999999200000011523 0.00000000099999999957 0.00000000099999999957 0.00000000099999999957 0.00000000099999999957 0.00000000099999999957 0.00000000099999999957 0.00000000099999999957 
0.00000000099999999961 0.99999999200000022626 0.00000000099999999961 0.00000000099999999961 0.00000000099999999961 0.00000000099999999961 0.00000000099999999961 0.00000000099999999961 0.00000000099999999961 
0.03509667626529636847 0.00000000099999999999 0.24955138835960863353 0.30606874099326941696 0.26726440869705214709 0.00000005174157946953 0.00860151506360048133 0.07362697969385804952 0.05979023818573542953 
0.00000000099999999993 0.00000000099999999993 0.00000000099999999993 0.00000000099999999993 0.00000000099999999993 0.00000000099999999993 0.00000000099999999993 0.99999999199999989319 0.00000000099999999993 
0.00000000099999999970 0.00000000099999999970 0.00000000099999999970 0.00000000099999999970 0.00000000099999999970 0.00000000099999999970 0.99999999199999989319 0.00000000099999999970 0.00000000099999999970 
0.00000000099999999993 0.00000000099999999993 0.00000000099999999993 0.00000000099999999993 0.00000000099999999993 0.00000000099999999993 0.00000000099999999993 0.99999999200000000421 0.00000000099999999993 
0.09609498450243840473 0.00000000099999999999 0.00000000099999999999 0.23603743569014642989 0.40731414266390125745 0.12217048094556534621 0.00000000099999999999 0.01708398299665578671 0.12129897020129266905 
0.00000000099999999952 0.99999999200000011523 0.00000000099999999952 0.00000000099999999952 0.00000000099999999952 0.00000000099999999952 0.00000000099999999952 0.00000000099999999952 0.00000000099999999952 
0.00000000099999999954 0.00000000099999999954 0.00000000099999999954 0.00000000099999999954 0.00000000099999999954 0.00000000099999999954 0.99999999199999989319 0.00000000099999999954 0.00000000099999999954 
0.00000000099999999963 0.99999999200000011523 0.00000000099999999963 0.00000000099999999963 0.00000000099999999963 0.00000000099999999963 0.00000000099999999963 0.00000000099999999963 0.00000000099999999963 
0.00000000099999999998 0.00000000099999999998 0.31103047922851523310 0.68422773088150845577 0.00000000099999999998 0.00000000099999999998 0.00474178388997631428 0.00000000099999999998 0.00000000099999999998 
0.00000000099999999990 0.00000000099999999990 0.00000000099999999990 0.00000000099999999990 0.00000000099999999990 0.00000000099999999990 0.00000000099999999990 0.99999999200000000421 0.00000000099999999990 
0.00000000099999999992 0.00000000099999999992 0.00000000099999999992 0.00000000099999999992 0.00000000099999999992 0.00000000099999999992 0.00000000099999999992 0.99999999200000000421 0.00000000099999999992 
0.14392564115343076114 0.00000000099999999998 0.16033373713051651821 0.22952493177056323970 0.18445233675208519419 0.06056294775492140209 0.00000000099999999998 0.22120040181032610271 0.00000000162815663159 
0.14166442527530612172 0.00000000099999999999 0.34577678689555702007 0.07727767644745923981 0.19525400219383587386 0.22273367130344096099 0.01729343488440083371 0.00000000099999999999 0.00000000099999999999 
0.00000000099999999990 0.00000000099999999990 0.99999999200000011523 0.00000000099999999990 0.00000000099999999990 0.00000000099999999990 0.00000000099999999990 0.00000000099999999990 0.00000000099999999990 
0.04038617979705881600 0.00000000099999999998 0.23096502497631551942 0.35095274122662351024 0.15277474436531615631 0.13512915783450027418 0.00000000099999999998 0.00924545857162770678 0.08054669122855824537 
0.05290459315948506380 0.00000000099999999999 0.33676000206593897923 0.39315056422569866212 0.06992158365606873649 0.14726325289280850495 0.00000000099999999999 0.00000000099999999999 0.00000000099999999999 
0.00877562280275631136 0.00000000099999999996 0.46294573471192534964 0.00000012609744411157 0.37437903789558901746 0.00003557796226199472 0.00000000099999999996 0.00000000099999999996 0.15386389753002324698 
0.09986505124441263925 0.00000000099999999997 0.26775596800777556883 0.63062965737526621712 0.00000000099999999997 0.00174931837254561364 0.00000000099999999997 0.00000000099999999997 0.00000000099999999997 
0.00009398477459534589 0.00000000099999999999 0.35873083303091335416 0.37336922059529342732 0.00000000099999999999 0.26780595580068244921 0.00000000099999999999 0.00000000179851545924 0.00000000099999999999 
0.00000000099999999998 0.00000000099999999998 0.39579005121860627581 0.21756641653915109735 0.35558968279874314522 0.00000172062622137396 0.00000000099999999998 0.03105212481727826976 0.00000000099999999998 
0.00000000099999999995 0.00000000099999999995 0.00000000099999999995 0.00000000099999999995 0.00000000099999999995 0.00000000099999999995 0.00000000099999999995 0.99999999200000000421 0.00000000099999999995 
0.00000000099999999997 0.00000000099999999997 0.00000000099999999997 0.00000007809687006568 0.00000000099999999997 0.02207116152255403710 0.00000000099999999997 0.97792875438057591531 0.00000000099999999997 
0.00000000099999999973 0.99999999200000022626 0.00000000099999999973 0.00000000099999999973 0.00000000099999999973 0.00000000099999999973 0.00000000099999999973 0.00000000099999999973 0.00000000099999999973 
0.00000000099999999994 0.00000000099999999994 0.00000000099999999994 0.00000000099999999994 0.00000000099999999994 0.00000000099999999994 0.00000000099999999994 0.95429939372288619115 0.04570059927711381947 
0.00000000099999999996 0.00000000099999999996 0.00000000099999999996 0.00000000099999999996 0.00000000099999999996 0.02881414591312812107 0.00000000099999999996 0.97118584708687183404 0.00000000099999999996 
0.01400679586981217958 0.00000000099999999999 0.00000000099999999999 0.36283386801488254347 0.36562054728154241845 0.21531352053505420363 0.00302617150018538467 0.00695132916075677423 0.03224776563776641375 
0.00000000099999999947 0.99999999200000022626 0.00000000099999999947 0.00000000099999999947 0.00000000099999999947 0.00000000099999999947 0.00000000099999999947 0.00000000099999999947 0.00000000099999999947 
0.00000000099999999990 0.00000000099999999990 0.00000000099999999990 0.00000000099999999990 0.99999999200000011523 0.00000000099999999990 0.00000000099999999990 0.00000000099999999990 0.00000000099999999990 
0.00000000099999999993 0.00000000099999999993 0.00000000099999999993 0.99999999200000011523 0.00000000099999999993 0.00000000099999999993 0.00000000099999999993 0.00000000099999999993 0.00000000099999999993 
0.06183366345819683169 0.00000000099999999999 0.15045930923906908339 0.14431373428259733349 0.30434443763909652114 0.24620403672737431466 0.00000000099999999999 0.00000000099999999999 0.09284481565366593803 
0.00000000099999999999 0.00000000099999999999 0.26820937395018379368 0.19998367142835934973 0.13533905465172252347 0.30352923295698569506 0.00000000099999999999 0.01657231886589102116 0.07636634514685777808 
0.00000000099999999990 0.00000000099999999990 0.00000000099999999990 0.99999999200000011523 0.00000000099999999990 0.00000000099999999990 0.00000000099999999990 0.00000000099999999990 0.00000000099999999990 
0.00000000099999999991 0.00000000099999999991 0.99999999200000000421 0.00000000099999999991 0.00000000099999999991 0.00000000099999999991 0.00000000099999999991 0.00000000099999999991 0.00000000099999999991 
0.00001523301642509693 0.00000000099999999997 0.00000000099999999997 0.00000037767760006538 0.67489982017290206517 0.32508456413307279531 0.00000000099999999997 0.00000000099999999997 0.00000000099999999997 
0.00000000099999999994 0.00000000099999999994 0.99999999200000011523 0.00000000099999999994 0.00000000099999999994 0.00000000099999999994 0.00000000099999999994 0.00000000099999999994 0.00000000099999999994 
0.00001066404856107080 0.00000000100000000000 0.00002659698095618797 0.34846860169533311335 0.17982337563546560433 0.41583985604005468950 0.02671163579467589200 0.00461942230647938590 0.02449984649847388590 
0.08267839172801609571 0.00000000099999999999 0.19710775650847525697 0.37190620391705792036 0.34303711300261868766 0.00000000790646651027 0.00526400202036851964 0.00000000099999999999 0.00000652291699717926 
0.00000000099999999997 0.00000000099999999997 0.11255277217997060324 0.38798157538613570194 0.27498629646226241396 0.16529146960107687914 0.00000000099999999997 0.00000000099999999997 0.05918788237055437607 
0.00047734416819995135 0.00000000099999999999 0.00000293676067602592 0.67486951363018921057 0.00000000099999999999 0.28316163204305067058 0.02786401364678362663 0.01362455675110064122 0.00000000099999999999 
0.02162944314970130510 0.00000000099999999998 0.20326904394140593579 0.41023975770842013855 0.00000000099999999998 0.35339872400620381265 0.01123260751120345839 0.00000000099999999998 0.00023042068306550147 
0.04106841694955679772 0.00000000099999999997 0.00000000099999999997 0.65930662093549008418 0.29962495611495321146 0.00000000099999999997 0.00000000099999999997 0.00000000099999999997 0.00000000099999999997 
0.00000000099999999995 0.00000000099999999995 0.00000000099999999995 0.99999999200000000421 0.00000000099999999995 0.00000000099999999995 0.00000000099999999995 0.00000000099999999995 0.00000000099999999995 
0.13972156542181865535 0.00000000099999999998 0.36063340553617984074 0.34718242120887427005 0.10771770027779160872 0.02570439385414930930 0.00000000099999999998 0.01904051070118628619 0.00000000099999999998 
0.00087626447818036604 0.00000000099999999998 0.15540872045022910419 0.00003099273160194441 0.35079144574526144318 0.25952288964054581744 0.00000000099999999998 0.00000000099999999998 0.23336968395418122846 
0.00000000099999999992 0.00000000099999999992 0.00000000099999999992 0.00000000099999999992 0.00000000099999999992 0.99999999200000011523 0.00000000099999999992 0.00000000099999999992 0.00000000099999999992 
0.02443284370849813786 0.00000000099999999998 0.18587010523195066081 0.29158880325110525522 0.00000001574233751909 0.39538246628216555667 0.00000000099999999998 0.00000000099999999998 0.10272576278394283944 
0.00000000099999999996 0.00000000099999999996 0.32947658541982133285 0.00000097649821794661 0.66841866854921272445 0.00000000099999999996 0.00000000099999999996 0.00210376453274795224 0.00000000099999999996 
0.08694746613266610136 0.06881717898341187245 0.15878903410015818287 0.37382618204370265946 0.08760576694423670430 0.20549692216599768635 0.00635459813714960454 0.01216285049267711547 0.00000000100000000000 
0.09431611358865930883 0.00000000099999999996 0.00000000099999999996 0.00000001326866972414 0.66391802649908504552 0.24176584164358583262 0.00000000099999999996 0.00000000099999999996 0.00000000099999999996 
0.22552330721587615647 0.00000000099999999995 0.00000000099999999995 0.77447668578412387497 0.00000000099999999995 0.00000000099999999995 0.00000000099999999995 0.00000000099999999995 0.00000000099999999995 
0.08385017673565635377 0.00000000099999999997 0.37773720327125709373 0.00000065671225685745 0.22213843837362032274 0.15506453533459940708 0.00000000099999999997 0.00000000099999999997 0.16120898657261001352 
0.06560958342254362419 0.00000000099999999999 0.44059832756583944269 0.19058183284252055989 0.08701899030457252437 0.20441887907012262771 0.01177238348691147206 0.00000000099999999999 0.00000000130748969656 
0.02160230567085941536 0.00000000099999999997 0.45488984864827813892 0.22411416213813536991 0.00000000099999999997 0.19430219597667641729 0.00000000099999999997 0.00000000099999999997 0.10509148356605067798 
0.13722551135523994303 0.00000000099999999999 0.25046558629598886236 0.00000000099999999999 0.35875751125298827038 0.25355138609578298237 0.00000000099999999999 0.00000000099999999999 0.00000000099999999999 
0.02979952150783658771 0.00000000099999999999 0.32210748812382788975 0.30936128979819943474 0.18086290874886462587 0.04782740321900248726 0.00559725567669107534 0.00764472094794846346 0.09679941097762945201 
0.00000000099999999996 0.00000000099999999996 0.00000000099999999996 0.52730909865325825692 0.47269089434674171901 0.00000000099999999996 0.00000000099999999996 0.00000000099999999996 0.00000000099999999996 
0.00000000099999999997 0.00000000099999999997 0.35166967887519345881 0.31489786327749297312 0.31091880416653638886 0.00000000099999999997 0.00000000099999999997 0.02251364868077707429 0.00000000099999999997 
0.00000000099999999993 0.00000000099999999993 0.00000000099999999993 0.00000000099999999993 0.00000000099999999993 0.00000000099999999993 0.00000000099999999993 0.99999999199999989319 0.00000000099999999993 
0.00000000099999999997 0.00000000099999999997 0.00000000099999999997 0.00000000099999999997 0.01042081903681605845 0.00000000099999999997 0.00000000099999999997 0.98954525074228538717 0.00003392422089857666 
0.00000000099999999965 0.99999999200000022626 0.00000000099999999965 0.00000000099999999965 0.00000000099999999965 0.00000000099999999965 0.00000000099999999965 0.00000000099999999965 0.00000000099999999965 
0.00000000099999999956 0.00000000099999999956 0.00000000099999999956 0.00000000099999999956 0.00000000099999999956 0.00000000099999999956 0.99999999199999989319 0.00000000099999999956 0.00000000099999999956 
0.00000000099999999998 0.00000000099999999998 0.00000000099999999998 0.00000000099999999998 0.00000000099999999998 0.00000000099999999998 0.02782382146964752431 0.87442791691399457399 0.09774825561635784588 
0.09857086034614924441 0.00000000099999999995 0.00000000099999999995 0.66986932809332444538 0.00000000099999999995 0.00077184742920010903 0.00000000099999999995 0.00000000099999999995 0.23078795913132629791 
0.00000000099999999995 0.00000000099999999995 0.00000000099999999995 0.67536312884424609670 0.00000000099999999995 0.00000000099999999995 0.00000000099999999995 0.00000000099999999995 0.32463686415575410127 
0.04067574849066733778 0.00000000099999999997 0.00000000099999999997 0.00000000099999999997 0.00000000099999999997 0.00000000099999999997 0.00029211165073945110 0.95903213385859320539 0.00000000099999999997 
0.00000000099999999997 0.00000000099999999997 0.00000000099999999997 0.00000000099999999997 0.37609916151484396041 0.59524546442457360040 0.00000000099999999997 0.00000000099999999997 0.02865536806058253602 
0.00000000099999999996 0.00000000099999999996 0.00000000099999999996 0.00000000099999999996 0.38765421821761436583 0.61234577478238572112 0.00000000099999999996 0.00000000099999999996 0.00000000099999999996 
0.11267455875654291964 0.00000000099999999997 0.43293413905316213697 0.00000000099999999997 0.45439129619029505758 0.00000000099999999997 0.00000000099999999997 0.00000000099999999997 0.00000000099999999997 
0.00000000099999999953 0.99999999200000022626 0.00000000099999999953 0.00000000099999999953 0.00000000099999999953 0.00000000099999999953 0.00000000099999999953 0.00000000099999999953 0.00000000099999999953 
0.00000000099999999956 0.99999999200000011523 0.00000000099999999956 0.00000000099999999956 0.00000000099999999956 0.00000000099999999956 0.00000000099999999956 0.00000000099999999956 0.00000000099999999956 
0.00000000099999999947 0.99999999200000011523 0.00000000099999999947 0.00000000099999999947 0.00000000099999999947 0.00000000099999999947 0.00000000099999999947 0.00000000099999999947 0.00000000099999999947 
0.00000000099999999950 0.99999999200000022626 0.00000000099999999950 0.00000000099999999950 0.00000000099999999950 0.00000000099999999950 0.00000000099999999950 0.00000000099999999950 0.00000000099999999950 
0.00000000099999999951 0.99999999200000022626 0.00000000099999999951 0.00000000099999999951 0.00000000099999999951 0.00000000099999999951 0.00000000099999999951 0.00000000099999999951 0.00000000099999999951 
0.00000000099999999997 0.00000000099999999997 0.00000000099999999997 0.00000000099999999997 0.00000000099999999997 0.00000000099999999997 0.00000000099999999997 0.99999999200000000421 0.00000000099999999997 
0.00000000099999999997 0.00000000099999999997 0.45784969564861982549 0.00000000099999999997 0.00000000099999999997 0.54215029735138009492 0.00000000099999999997 0.00000000099999999997 0.00000000099999999997 
0.00000000099999999950 0.99999999200000011523 0.00000000099999999950 0.00000000099999999950 0.00000000099999999950 0.00000000099999999950 0.00000000099999999950 0.00000000099999999950 0.00000000099999999950 
0.00000000099999999958 0.99999999200000022626 0.00000000099999999958 0.00000000099999999958 0.00000000099999999958 0.00000000099999999958 0.00000000099999999958 0.00000000099999999958 0.00000000099999999958 
0.00000000099999999955 0.00000000099999999955 0.00000000099999999955 0.00000000099999999955 0.00000000099999999955 0.00000000099999999955 0.99999999200000000421 0.00000000099999999955 0.00000000099999999955 
0.00000000099999999955 0.00000000099999999955 0.00000000099999999955 0.00000000099999999955 0.00000000099999999955 0.00000000099999999955 0.99999999200000000421 0.00000000099999999955 0.00000000099999999955 
0.00000000099999999996 0.00000000099999999996 0.39882970670224932030 0.00000000099999999996 0.00000000099999999996 0.60117028629775071114 0.00000000099999999996 0.00000000099999999996 0.00000000099999999996 
0.00000000099999999953 0.99999999200000011523 0.00000000099999999953 0.00000000099999999953 0.00000000099999999953 0.00000000099999999953 0.00000000099999999953 0.00000000099999999953 0.00000000099999999953 
0.00000000099999999997 0.00000000099999999997 0.00000000099999999997 0.64845489708700276843 0.00000000099999999997 0.35154509591299720750 0.00000000099999999997 0.00000000099999999997 0.00000000099999999997 
0.00000000099999999992 0.00000000099999999992 0.00000000099999999992 0.00000000099999999992 0.00000000099999999992 0.55782970479087434779 0.00000000099999999992 0.00000000099999999992 0.44217028820912562814 
0.00000000099999999997 0.00000000099999999997 0.00000000099999999997 0.00000000099999999997 0.05600431460912236314 0.00000000099999999997 0.00000000099999999997 0.94399567839087750176 0.00000000099999999997 
0.04938624323943892336 0.00000000099999999998 0.27124604532186735728 0.34895009360138878884 0.24645682228392440383 0.00000000099999999998 0.00000000099999999998 0.00000000099999999998 0.08396079155338061206 
0.00000000099999999990 0.00000000099999999990 0.00000000099999999990 0.00000000099999999990 0.00000000099999999990 0.00000000099999999990 0.00000000099999999990 0.99999999199999989319 0.00000000099999999990 
0.00000000099999999989 0.00000000099999999989 0.00000000099999999989 0.00000000099999999989 0.00000000099999999989 0.99999999200000011523 0.00000000099999999989 0.00000000099999999989 0.00000000099999999989 
0.00000000099999999992 0.00000000099999999992 0.00000000099999999992 0.00000000099999999992 0.00000000099999999992 0.00000000099999999992 0.00000000099999999992 0.99999999199999989319 0.00000000099999999992 
0.00000000099999999989 0.00000000099999999989 0.00000000099999999989 0.00000000099999999989 0.99999999200000011523 0.00000000099999999989 0.00000000099999999989 0.00000000099999999989 0.00000000099999999989 
0.00000000099999999970 0.00000000099999999970 0.00000000099999999970 0.00000000099999999970 0.00000000099999999970 0.00000000099999999970 0.00000000099999999970 0.00000000099999999970 0.99999999200000000421 
0.00000000099999999958 0.99999999200000011523 0.00000000099999999958 0.00000000099999999958 0.00000000099999999958 0.00000000099999999958 0.00000000099999999958 0.00000000099999999958 0.00000000099999999958 
0.00000000099999999993 0.00000000099999999993 0.00000000099999999993 0.00000000099999999993 0.00000000099999999993 0.00000000099999999993 0.00000000099999999993 0.99999999200000000421 0.00000000099999999993 
0.00000000099999999951 0.99999999200000011523 0.00000000099999999951 0.00000000099999999951 0.00000000099999999951 0.00000000099999999951 0.00000000099999999951 0.00000000099999999951 0.00000000099999999951 
0.00000000099999999950 0.99999999200000022626 0.00000000099999999950 0.00000000099999999950 0.00000000099999999950 0.00000000099999999950 0.00000000099999999950 0.00000000099999999950 0.00000000099999999950 
0.00000000099999999990 0.00000000099999999990 0.00000000099999999990 0.00000000099999999990 0.00000000099999999990 0.99999999200000000421 0.00000000099999999990 0.00000000099999999990 0.00000000099999999990 
0.00000000099999999997 0.00000000099999999997 0.29679776119017020619 0.31783273247070503720 0.36592578091790850525 0.00000000099999999997 0.00000000099999999997 0.01719581168039940877 0.00224790974081675535 
0.00000000099999999990 0.00000000099999999990 0.00000000099999999990 0.00000000099999999990 0.00000000099999999990 0.99999999200000000421 0.00000000099999999990 0.00000000099999999990 0.00000000099999999990 
0.00000000099999999991 0.00000000099999999991 0.00000000099999999991 0.00000000099999999991 0.00000000099999999991 0.99999999200000011523 0.00000000099999999991 0.00000000099999999991 0.00000000099999999991 
0.99999999200000011523 0.00000000099999999981 0.00000000099999999981 0.00000000099999999981 0.00000000099999999981 0.00000000099999999981 0.00000000099999999981 0.00000000099999999981 0.00000000099999999981 
0.11717132229239639318 0.00000000099999999998 0.21910281533904421569 0.35071959258395724035 0.30991813970891085583 0.00000000099999999998 0.00308606447924714231 0.00000206259644426217 0.00000000099999999998 
0.00000000099999999996 0.00000000099999999996 0.45350953141164529470 0.54649046158835468123 0.00000000099999999996 0.00000000099999999996 0.00000000099999999996 0.00000000099999999996 0.00000000099999999996 
0.00000000099999999996 0.00000000099999999996 0.00000000099999999996 0.03973329159045903280 0.00000000099999999996 0.00000000099999999996 0.00000000099999999996 0.96026670140954095700 0.00000000099999999996 
0.00000715709903492332 0.00000000099999999997 0.23896428268982841669 0.43490756078857117917 0.17522470128017847424 0.00000000099999999997 0.00000000099999999997 0.00000000099999999997 0.15089629414238700522 
0.00000000099999999950 0.99999999200000011523 0.00000000099999999950 0.00000000099999999950 0.00000000099999999950 0.00000000099999999950 0.00000000099999999950 0.00000000099999999950 0.00000000099999999950 
0.00000000099999999997 0.00000000099999999997 0.52545633228921662106 0.00000000099999999997 0.00000000099999999997 0.47454366071078341038 0.00000000099999999997 0.00000000099999999997 0.00000000099999999997 
0.00000000099999999985 0.99999999200000022626 0.00000000099999999985 0.00000000099999999985 0.00000000099999999985 0.00000000099999999985 0.00000000099999999985 0.00000000099999999985 0.00000000099999999985 
0.00000000099999999957 0.99999999200000022626 0.00000000099999999957 0.00000000099999999957 0.00000000099999999957 0.00000000099999999957 0.00000000099999999957 0.00000000099999999957 0.00000000099999999957 
0.06153526206785647074 0.00000000099999999998 0.21502247381240965907 0.25760520945446313545 0.00000000099999999998 0.28661846380506628140 0.00000000099999999998 0.00157366974025044209 0.17764491811995405945 
0.00000000099999999997 0.00000000099999999997 0.36373626873854553176 0.63626372426145449968 0.00000000099999999997 0.00000000099999999997 0.00000000099999999997 0.00000000099999999997 0.00000000099999999997 
0.09349625689823788666 0.00000000099999999998 0.14011904168593408704 0.00000000099999999998 0.46029948887650629086 0.30608495401559493443 0.00000000099999999998 0.00000025452372671734 0.00000000099999999998 
0.00000000099999999961 0.99999999200000022626 0.00000000099999999961 0.00000000099999999961 0.00000000099999999961 0.00000000099999999961 0.00000000099999999961 0.00000000099999999961 0.00000000099999999961 
0.00000000099999999992 0.00000000099999999992 0.00000000099999999992 0.00000000099999999992 0.00000000099999999992 0.00000000099999999992 0.00000000099999999992 0.99999999199999989319 0.00000000099999999992 
0.00000000099999999993 0.00000000099999999993 0.00000000099999999993 0.00000000099999999993 0.00000000099999999993 0.00000000099999999993 0.00000000099999999993 0.99999999199999989319 0.00000000099999999993 
0.00000000099999999956 0.99999999200000022626 0.00000000099999999956 0.00000000099999999956 0.00000000099999999956 0.00000000099999999956 0.00000000099999999956 0.00000000099999999956 0.00000000099999999956 
0.00000000099999999991 0.00000000099999999991 0.00000000099999999991 0.00000000099999999991 0.99999999200000000421 0.00000000099999999991 0.00000000099999999991 0.00000000099999999991 0.00000000099999999991 
0.12752056333044944902 0.00000000100000000000 0.15969222126470886125 0.15527499471829067645 0.43120249034431679114 0.10536714658625023766 0.00016162388676547033 0.02077831421021860206 0.00000264465899987160 
0.00000000099999999959 0.99999999200000022626 0.00000000099999999959 0.00000000099999999959 0.00000000099999999959 0.00000000099999999959 0.00000000099999999959 0.00000000099999999959 0.00000000099999999959 
0.12850138250882989222 0.00000000099999999998 0.22936509994964338066 0.25537612306670565143 0.20087906517694303909 0.12505599084232463247 0.00000000099999999998 0.00000000099999999998 0.06082233545555360693 
0.00000000099999999991 0.00000000099999999991 0.00000000099999999991 0.00000000099999999991 0.00000000099999999991 0.00000000099999999991 0.00000000099999999991 0.99999999199999989319 0.00000000099999999991 
0.00000000099999999970 0.00000000099999999970 0.00000000099999999970 0.00000000099999999970 0.00000000099999999970 0.00000000099999999970 0.00000000099999999970 0.00000000099999999970 0.99999999200000000421 
