0.01191790875370621686 0.97602506151594770056 0.01205702973034597329 
0.00000000099999999998 0.00000000099999999998 0.99999999800000005656 
0.00000000099999999997 0.00000000099999999997 0.99999999799999994554 
0.00000000099999999999 0.95624074701477479454 0.04375925198522520598 
0.00003794973465636767 0.99934945414495723881 0.00061259612038639570 
0.00000000099999999999 0.96721550995335581202 0.03278448904664428565 
0.00000000099999999998 0.00000000099999999998 0.99999999800000005656 
0.00000000099999999997 0.00000000099999999997 0.99999999799999994554 
0.00000000100000000000 0.98814780702598381534 0.01185219197401615396 
0.00000000099999999998 0.00000000099999999998 0.99999999799999994554 
0.00000000100000000000 0.98189123367327502123 0.01810876532672502787 
0.00000000099999999999 0.97532376608530890749 0.02467623291469109303 
0.00000000100000000000 0.99452125048952155772 0.00547874851047843586 
0.00146375887115304804 0.98226418500563372760 0.01627205612321327988 
0.01621779665169053447 0.98248931418004115113 0.00129288916826834541 
0.01292544819807023813 0.92009248549275712836 0.06698206630917255544 
0.00000000099999999999 0.99379554986500684421 0.00620444913499323524 
0.00729926532674531579 0.99270073367325462055 0.00000000100000000000 
0.01163921373157433478 0.98290486602998250465 0.00545592023844326292 
0.00000000099999999999 0.99832921293574872212 0.00167078606425131722 
0.00000000100000000000 0.99824063014563146901 0.00175936885436859289 
0.00000000099999999998 0.00000000099999999998 0.99999999800000005656 
0.00000000099999999999 0.97062994108128852755 0.02937005791871153543 
0.00000000099999999999 0.96209388282532559700 0.03790611617467450761 
0.00000000099999999999 0.96695725539775079227 0.03304274360224915968 
0.00000000099999999999 0.99999999800000005656 0.00000000099999999999 
0.78870339625426799657 0.04200146588041348689 0.16929513786531849573 
0.80418088540397025810 0.00757227351482756082 0.18824684108120209869 
0.00004095444893702626 0.99429301110928025587 0.00566603444178265594 
0.00000000099999999999 0.99999999799999994554 0.00000000099999999999 
0.00000000099999999999 0.97208154291131265712 0.02791845608868743014 
0.00000000099999999998 0.00000000099999999998 0.99999999799999994554 
0.24170905778303414246 0.45166344917128220526 0.30662749304568370778 
0.00000000099999999999 0.99998316799517628084 0.00001683100482379207 
0.99999999799999994554 0.00000000099999999989 0.00000000099999999989 
0.99999999799999994554 0.00000000099999999986 0.00000000099999999986 
0.99999999800000005656 0.00000000099999999987 0.00000000099999999987 
0.79600064694424699230 0.06357001052107714989 0.14042934253467570516 
0.80102787515866802348 0.02936857902863367759 0.16960354581269834751 
0.00000000099999999999 0.99904887082620197347 0.00095112817379800038 
0.00000000099999999998 0.00000000099999999998 0.99999999799999994554 
0.78708909635788382175 0.06214216155901663985 0.15076874208309948289 
0.00000000100000000000 0.97069324085990282835 0.02930675814009716523 
0.00000000099999999997 0.00000000099999999997 0.99999999799999994554 
0.78818989069796097091 0.02857234781136180207 0.18323776149067722008 
0.00000000099999999999 0.97699812230088756149 0.02300187669911243210 
0.78994364154418372781 0.04156814321532315698 0.16848821524049301113 
0.00000000099999999998 0.00000000099999999998 0.99999999799999994554 
0.00000000099999999996 0.00000000099999999996 0.99999999799999994554 
0.79247070554205112369 0.01890623569253475217 0.18862305876541410332 
0.80239905174377579300 0.03903784025665454904 0.15856310799956963020 
0.00000000099999999998 0.00000000099999999998 0.99999999800000005656 
0.00000000099999999998 0.00000000099999999998 0.99999999800000005656 
0.00000000099999999998 0.00000000099999999998 0.99999999799999994554 
0.79297621924510686142 0.03867571681356670593 0.16834806394132631469 
0.00570181255624338957 0.94359955540805617868 0.05069863203570049853 
0.01477842049598148202 0.97519028963765053142 0.01003128986636801431 
0.00000000099999999999 0.97321014833873698002 0.02678985066126301703 
0.00000000099999999999 0.98211150303329031175 0.01788849596670972000 
0.00000000099999999998 0.00000000099999999998 0.99999999800000005656 
0.00495149854314085730 0.99491370294175562883 0.00013479851510351558 
0.99999999799999994554 0.00000000099999999988 0.00000000099999999988 
0.00000000099999999999 0.98487350353850144913 0.01512649546149845772 
0.99999999800000005656 0.00000000099999999989 0.00000000099999999989 
0.00000000100000000000 0.95422344505431744288 0.04577655394568266867 
0.99999999799999994554 0.00000000099999999988 0.00000000099999999988 
0.00000000099999999999 0.98705378200907889497 0.01294621699092110556 
0.00066932671682969796 0.98318290535613273029 0.01614776792703754779 
0.00000000099999999997 0.00000000099999999997 0.99999999799999994554 
0.00000000099999999999 0.99999997783721650269 0.00000002116278358049 
0.99999999800000005656 0.00000000099999999988 0.00000000099999999988 
0.99999999799999994554 0.00000000099999999989 0.00000000099999999989 
0.00000000100000000000 0.90883382324565287202 0.09116617575434718401 
0.00000000099999999997 0.00000000099999999997 0.99999999800000005656 
0.77102910182836770225 0.07153713199492292563 0.15743376617670942763 
0.00000000099999999997 0.00000000099999999997 0.99999999800000005656 
0.00000000100000000000 0.96026683063189310907 0.03973316836810689839 
0.99999999799999994554 0.00000000099999999987 0.00000000099999999987 
0.81085288288650758659 0.02939332894733165044 0.15975378816616075950 
0.99999999800000005656 0.00000000099999999991 0.00000000099999999991 
0.01442847391083555177 0.98190287578308454997 0.00366865030607978768 
0.00000000099999999997 0.00000000099999999997 0.99999999800000005656 
0.00000000099999999998 0.00000000099999999998 0.99999999800000005656 
0.00000000099999999999 0.76357746111082158702 0.23642253788917849677 
0.00000050747948364216 0.99215365459856796893 0.00784583792194839223 
0.00000000099999999999 0.98638047392498606758 0.01361952507501405438 
0.00000000099999999999 0.97203804091722212366 0.02796195808277786993 
0.00000000099999999999 0.99946895935236357289 0.00053103964763646732 
0.00000000099999999999 0.99999999800000005656 0.00000000099999999999 
0.00000000099999999999 0.98379929864936555006 0.01620070035063454761 
0.00000000099999999999 0.98284228315249999586 0.01715771584750007406 
0.00000000100000000000 0.96105048484143695831 0.03894951415856309773 
0.00000000099999999998 0.00000000099999999998 0.99999999800000005656 
0.00000000099999999999 0.00001022541643021326 0.99998977358356977430 
0.99999999800000005656 0.00000000099999999992 0.00000000099999999992 
0.00000000099999999998 0.00000000099999999998 0.99999999799999994554 
0.00000000099999999999 0.00000000099999999999 0.99999999800000005656 
0.00000000099999999999 0.97161227890652046568 0.02838772009347956260 
0.99999999799999994554 0.00000000099999999986 0.00000000099999999986 
0.00000012471156793764 0.99999987428843206683 0.00000000100000000000 
0.00000000099999999999 0.97854871247393859779 0.02145128652606146519 
0.00866669547517406359 0.98788673211652855422 0.00344657240829735574 
0.00000000100000000000 0.97036109891459998433 0.02963890008540011681 
0.00000000100000000000 0.99418090131168423973 0.00581909768831586228 
0.00000000100000000000 0.96002127225887601281 0.03997872674112395996 
0.00000000100000000000 0.99725481599493404072 0.00274518300506592381 
0.00000000100000000000 0.98073645623587479836 0.01926354276412519523 
0.01918259617361046943 0.95946674987555502501 0.02135065395083435985 
0.00000000313413629563 0.99052798729534485833 0.00947200957051882661 
0.00000000099999999999 0.99993645447869827780 0.00006354452130176536 
0.01574350213065760923 0.95373837232902258787 0.03051812554031989658 
0.00000000099999999999 0.99999999800000005656 0.00000000099999999999 
0.00000000100000000000 0.98538484933899683771 0.01461514966100315414 
0.00000000099999999999 0.99934506489292607156 0.00065493410707391758 
0.00000000099999999999 0.96463647410408381866 0.03536352489591607084 
0.00000000100000000000 0.98097720787604603121 0.01902279112395390340 
0.00000000100000000000 0.95722487770383291039 0.04277512129616719422 
0.00000000100000000000 0.99455938036388369383 0.00544061863611639517 
0.00000000099999999999 0.97116757959194222050 0.02883241940805785636 
0.07531678930985523379 0.89462335503258594294 0.03005985565755895164 
0.00000000099999999999 0.99392231853654211537 0.00607768046345786954 
0.00000000099999999999 0.97923892900030340414 0.02076106999969659292 
0.00000000099999999999 0.97004345707952166489 0.02995654192047840850 
0.00000000100000000000 0.99749062834581125880 0.00250937065418868231 
0.00000000099999999999 0.98443686570902033672 0.01556313329097960135 
0.00416911543103485899 0.98692507061004108859 0.00890581395892413481 
0.00000000099999999999 0.97689296104723677416 0.02310703795276327494 
0.00000000099999999999 0.99999999800000005656 0.00000000099999999999 
0.00000000099999999999 0.96368005284155378032 0.03631994615844621327 
0.00000000099999999997 0.00000000099999999997 0.99999999799999994554 
0.00000000099999999999 0.00000000099999999999 0.99999999799999994554 
0.99999999800000005656 0.00000000099999999991 0.00000000099999999991 
0.81579436442423725051 0.02189500924980064545 0.16231062632596215956 
0.01401078229697007814 0.06320716281203596354 0.92278205489099396353 
0.00000000099999999999 0.98397574784851804530 0.01602425115148194482 
0.00000000100000000000 0.96816172205704109643 0.03183827694295903593 
0.00000000099999999999 0.00000000099999999999 0.99999999800000005656 
0.00000000099999999999 0.97840087074386239419 0.02159912825613763410 
0.00000000099999999999 0.99240711046009644214 0.00759288853990348726 
0.00000000099999999999 0.99999999799999994554 0.00000000099999999999 
0.99999999799999994554 0.00000000099999999987 0.00000000099999999987 
0.99999999800000005656 0.00000000099999999987 0.00000000099999999987 
0.99999999799999994554 0.00000000099999999986 0.00000000099999999986 
0.99999999799999994554 0.00000000099999999986 0.00000000099999999986 
0.99999999799999994554 0.00000000099999999988 0.00000000099999999988 
0.00000000099999999999 0.00000000099999999999 0.99999999799999994554 
0.00001428420107975595 0.99384838501907435404 0.00613733077984585443 
0.99999999799999994554 0.00000000099999999987 0.00000000099999999987 
0.99999999800000005656 0.00000000099999999988 0.00000000099999999988 
0.81940967838692335690 0.00065152888428621930 0.17993879272879040321 
0.81117676281069361899 0.02717131341476393749 0.16165192377454240535 
0.00000000100000000000 0.99999996830516735269 0.00000003069483273568 
0.99999999800000005656 0.00000000099999999988 0.00000000099999999988 
0.00000000100000000000 0.98205337055168551164 0.01794662844831462767 
0.00000000099999999999 0.99999999799999994554 0.00000000099999999999 
0.00000000099999999999 0.03700686256465215984 0.96299313643534789620 
0.00000000099999999999 0.98563899551503020291 0.01436100348496985139 
0.00000000099999999997 0.00000000099999999997 0.99999999799999994554 
0.00000000099999999999 0.97232991086403486314 0.02767008813596504024 
0.00000000099999999997 0.00000000099999999997 0.99999999799999994554 
0.00219764451569426063 0.97870476278140239312 0.01909759270290339178 
0.00241440695145117481 0.99744241983801629203 0.00014317321053266961 
0.99999999799999994554 0.00000000099999999988 0.00000000099999999988 
0.00000000099999999998 0.00000000099999999998 0.99999999800000005656 
0.99999999800000005656 0.00000000099999999986 0.00000000099999999986 
0.99999999800000005656 0.00000000099999999988 0.00000000099999999988 
0.00000000099999999999 0.98735036176746560077 0.01264963723253440149 
0.00000000099999999999 0.97022265275920138716 0.02977734624079852316 
0.00000000099999999999 0.99058747864382357129 0.00941252035617641016 
0.00000000099999999999 0.99101782089879941751 0.00898217810120059169 
0.00000000100000000000 0.98599022436405814318 0.01400977463594195102 
0.00000000099999999999 0.97591649402731517338 0.02408350497268488266 
0.00000000099999999999 0.99999999800000005656 0.00000000099999999999 
0.00000000099999999998 0.00237530983997227005 0.99762468916002766672 
0.00000000099999999999 0.99999993988302549042 0.00000005911697464603 
0.99999999799999994554 0.00000000099999999987 0.00000000099999999987 
0.00000000100000000000 0.99890687109463949245 0.00109312790536043912 
0.99999999800000005656 0.00000000099999999996 0.00000000099999999996 
0.99999999800000005656 0.00000000099999999989 0.00000000099999999989 
0.00000000099999999999 0.97358850444783007205 0.02641149455216990419 
0.00000000100000000000 0.99999999800000005656 0.00000000100000000000 
0.00000000100000000000 0.97776536201255914715 0.02223463698744080827 
0.99999999800000005656 0.00000000099999999990 0.00000000099999999990 
0.00000000099999999997 0.00000000099999999997 0.99999999799999994554 
0.00000000099999999997 0.00000000099999999997 0.99999999800000005656 
0.99999999799999994554 0.00000000099999999989 0.00000000099999999989 
0.00000000100000000000 0.98878094613947686842 0.01121905286052325701 
0.00000000100000000000 0.95297843137914584055 0.04702156762085407671 
0.99999999799999994554 0.00000000099999999989 0.00000000099999999989 
0.00000000099999999999 0.98823645081282962543 0.01176354818717049826 
0.00000000099999999997 0.00000000099999999997 0.99999999800000005656 
0.18742309649995267384 0.55193604847057609053 0.26064085502947120787 
0.00032931134515319736 0.96880431516298182171 0.03086637349186492629 
0.00000000100000000000 0.95862241816538551475 0.04137758083461457598 
0.00000000100000000000 0.99577128988186169867 0.00422870911813832528 
0.00000000099999999999 0.99983722850993550502 0.00016277049006443591 
0.00000000099999999999 0.99999999800000005656 0.00000000099999999999 
0.00000000099999999999 0.98906633900441276452 0.01093365999558731233 
0.00000000100000000000 0.98622895823625711387 0.01377104076374275655 
0.01100058306698425102 0.96212186824638779026 0.02687754868662790494 
0.00000000099999999998 0.00000000099999999998 0.99999999799999994554 
0.00000000099999999999 0.97487211173189569635 0.02512788726810428336 
0.00000000099999999999 0.99999999800000005656 0.00000000099999999999 
0.00000000100000000000 0.94994321927566172103 0.05005677972433826561 
0.00000000099999999999 0.98168841013403307372 0.01831158886596682273 
0.00190520976896834835 0.95930335747587525130 0.03879143275515638256 
0.00000000099999999999 0.99999998924899069497 0.00000000975100944000 
0.00000000100000000000 0.97918852931400446327 0.02081146968599564828 
0.00000000099999999999 0.00128835401542584400 0.99871164498457420944 
0.00000000100000000000 0.97174867220295724213 0.02825132679704267166 
0.00000000100000000000 0.98986561632941072464 0.01013438267058935915 
0.01061423293045196843 0.97698151266220756295 0.01240425440734046515 
0.00000000099999999999 0.00000000099999999999 0.99999999799999994554 
0.01969803026655888786 0.95052878621820036109 0.02977318351524076145 
0.00000000100000000000 0.98615898673591784185 0.01384101226408216909 
0.00000000099999999999 0.51422903023349531004 0.48577096876650477375 
0.00000000099999999999 0.97190534353643998067 0.02809465546356008578 
0.99999999800000005656 0.00000000099999999990 0.00000000099999999990 
0.00000003161093700798 0.97125273417804469656 0.02874723421101836943 
0.00000000100000000000 0.97036679592730057387 0.02963320307269951687 
