0.38636493622589379582 0.16173019200817553842 0.00000000099999999999 0.00000000099999999999 0.43517143542958780511 0.01673343433634288599 
0.00000000099999999995 0.00000000099999999995 0.00000000099999999995 0.99999999499999991937 0.00000000099999999995 0.00000000099999999995 
0.00000000099999999996 0.00006952291006181707 0.00000000099999999996 0.99993047308993820987 0.00000000099999999996 0.00000000099999999996 
0.45779642103600354242 0.00000000099999999999 0.00000000099999999999 0.03442997005357929796 0.50692655204715808548 0.00084705486325894357 
0.51246005773624880852 0.03203377045161034248 0.00000000100000000000 0.00000000100000000000 0.44415343982297073033 0.01135272998917020472 
0.52647201671708065973 0.08347102553265559055 0.00000000099999999999 0.02236403488380047863 0.36454608445594549604 0.00314683741051772787 
0.00000000099999999997 0.00002169208809206228 0.00000000099999999997 0.99997830391190789534 0.00000000099999999997 0.00000000099999999997 
0.00000000099999999994 0.00000000099999999994 0.00000000099999999994 0.99999999500000003039 0.00000000099999999994 0.00000000099999999994 
0.99873296977992209733 0.00000000099999999997 0.00000000099999999997 0.00000000099999999997 0.00000000099999999997 0.00126702622007811056 
0.00000000099999999996 0.00000000099999999996 0.00000000099999999996 0.99999999499999991937 0.00000000099999999996 0.00000000099999999996 
0.00000000099999999996 0.00000000099999999996 0.00000000099999999996 0.00000000099999999996 0.99999999500000003039 0.00000000099999999996 
0.41336093613871555119 0.08169176682100112719 0.00000000099999999999 0.01360712715657616534 0.48668246997750885807 0.00465769890619815909 
0.32894435722063491978 0.10783885812661812842 0.00000000099999999999 0.00000000099999999999 0.56321678165274680072 0.00000000099999999999 
0.34457990638593893884 0.09419263701229253771 0.00000000099999999999 0.00000000099999999999 0.54668671973055449342 0.01454073487121392699 
0.00000000099999999995 0.00000000099999999995 0.00000000099999999995 0.00000000099999999995 0.99999999499999991937 0.00000000099999999995 
0.46755953799531740911 0.09400644255557943918 0.00000000099999999999 0.05097702942796135395 0.35979903050945571952 0.02765795851168609612 
0.39562175046123509992 0.09002954848487387807 0.00000000099999999999 0.00000000099999999999 0.51434869805389105135 0.00000000099999999999 
0.81521954948893127213 0.18478044651106884100 0.00000000099999999998 0.00000000099999999998 0.00000000099999999998 0.00000000099999999998 
0.48896432578469450903 0.13475195890636387785 0.00000000100461911602 0.00000000100000000000 0.37294962887502558502 0.00333408442929694192 
0.49182289646623555956 0.06752253581615752509 0.00000000099999999998 0.00000000099999999998 0.43932349043022195234 0.00133107528738493782 
0.42896389909400090001 0.09076024450565065016 0.00000000099999999999 0.00000000099999999999 0.48027585340034839589 0.00000000099999999999 
0.00000000099999999996 0.03863376053334786897 0.00000000099999999996 0.96136623546665211926 0.00000000099999999996 0.00000000099999999996 
0.99999999500000003039 0.00000000099999999997 0.00000000099999999997 0.00000000099999999997 0.00000000099999999997 0.00000000099999999997 
0.99999999500000003039 0.00000000099999999994 0.00000000099999999994 0.00000000099999999994 0.00000000099999999994 0.00000000099999999994 
0.46707278677954544577 0.11187545488775697822 0.00000000099999999998 0.02017592672079071558 0.40087582961190676434 0.00000000099999999998 
0.43756822785054222402 0.05186931414138991336 0.00000000099999999999 0.00000000099999999999 0.51056245500806762827 0.00000000099999999999 
0.00000000099999999979 0.00000000099999999979 0.00000000099999999979 0.00000000099999999979 0.00000000099999999979 0.99999999499999991937 
0.00000000099999999975 0.00000000099999999975 0.00000000099999999975 0.00000000099999999975 0.00000000099999999975 0.99999999499999991937 
0.46206687898565856898 0.13862425819326681942 0.00000000099999999999 0.00000000099999999999 0.39747016417452279979 0.00183869664655175887 
0.49569522526213527502 0.00000000099999999999 0.00000000099999999999 0.00000000099999999999 0.49378250388305461316 0.01052226785481011340 
0.47276928561999254086 0.21389990070620301665 0.00000000099999999998 0.00000001053322381715 0.31333080114058059484 0.00000000099999999998 
0.00000000099999999997 0.00000000099999999997 0.00000000099999999997 0.99999999499999991937 0.00000000099999999997 0.00000000099999999997 
0.42503151214719653295 0.00000000099999999995 0.00000000099999999995 0.21503073384396481638 0.00000000099999999995 0.35993775100883851348 
0.51126708861387870630 0.06971938638456633142 0.00000000099999999999 0.00000000099999999999 0.41901352200155506100 0.00000000099999999999 
0.00000000099999999975 0.00000000099999999975 0.99999999499999991937 0.00000000099999999975 0.00000000099999999975 0.00000000099999999975 
0.00000000099999999969 0.00000000099999999969 0.99999999499999991937 0.00000000099999999969 0.00000000099999999969 0.00000000099999999969 
0.00000000099999999969 0.00000000099999999969 0.99999999499999991937 0.00000000099999999969 0.00000000099999999969 0.00000000099999999969 
0.00000000099999999980 0.00000000099999999980 0.00000000099999999980 0.00000000099999999980 0.00000000099999999980 0.99999999500000003039 
0.00000000099999999977 0.00000000099999999977 0.00000000099999999977 0.00000000099999999977 0.00000000099999999977 0.99999999499999991937 
0.44347994053861894415 0.11837822615087223443 0.00000000099999999998 0.00000000099999999998 0.43814183031050885075 0.00000000099999999998 
0.00000000099999999997 0.00000000099999999997 0.00000000099999999997 0.99999999500000003039 0.00000000099999999997 0.00000000099999999997 
0.00000000099999999978 0.00000000099999999978 0.00000000099999999978 0.00000000099999999978 0.00000000099999999978 0.99999999499999991937 
0.59537092129712287925 0.00007663959279208922 0.00000000099999999999 0.01928337721402220012 0.37522860755282072542 0.01004045334324221023 
0.00000000099999999995 0.00000000099999999995 0.00000000099999999995 0.99999999500000003039 0.00000000099999999995 0.00000000099999999995 
0.00000000099999999981 0.00000000099999999981 0.00000000099999999981 0.00000000099999999981 0.00000000099999999981 0.99999999499999991937 
0.20523145619156762942 0.00000000099999999998 0.00000000099999999998 0.00118679297954678059 0.78875784463102427413 0.00482390419786131886 
0.00000000099999999978 0.00000000099999999978 0.00000000099999999978 0.00000000099999999978 0.00000000099999999978 0.99999999499999991937 
0.00000000099999999996 0.00000000099999999996 0.00000000099999999996 0.99999999500000003039 0.00000000099999999996 0.00000000099999999996 
0.00000000099999999993 0.00000000099999999993 0.00000000099999999993 0.99999999500000003039 0.00000000099999999993 0.00000000099999999993 
0.00000000099999999975 0.00000000099999999975 0.00000000099999999975 0.00000000099999999975 0.00000000099999999975 0.99999999500000003039 
0.00000000099999999977 0.00000000099999999977 0.00000000099999999977 0.00000000099999999977 0.00000000099999999977 0.99999999499999991937 
0.00000000099999999996 0.00000000099999999996 0.00000000099999999996 0.99999999500000003039 0.00000000099999999996 0.00000000099999999996 
0.00000000099999999996 0.00000000099999999996 0.00000000099999999996 0.99999999500000003039 0.00000000099999999996 0.00000000099999999996 
0.00000000099999999996 0.00000000099999999996 0.00000000099999999996 0.99999999500000003039 0.00000000099999999996 0.00000000099999999996 
0.00000000099999999981 0.00000000099999999981 0.00000000099999999981 0.00000000099999999981 0.00000000099999999981 0.99999999500000003039 
0.48695487602225417945 0.00000000593575593628 0.00000000100000000000 0.04273169773209855443 0.45331162140119046766 0.01700179790870075258 
0.51840967026546758145 0.00000000100000000000 0.00000000100000000000 0.00000000100000000000 0.45330865764843464305 0.02828166908609771116 
0.00000000099999999994 0.00000000099999999994 0.00000000099999999994 0.00000000099999999994 0.99999999500000003039 0.00000000099999999994 
0.53918554377410776723 0.00077816646241257595 0.00000000099999999999 0.01199956534183216524 0.44803045849752021201 0.00000626492412727843 
0.00000000099999999995 0.00000000099999999995 0.00000000099999999995 0.99999999500000003039 0.00000000099999999995 0.00000000099999999995 
0.42184438837932092259 0.06353608120423051564 0.00000000100000000000 0.00000000100000000000 0.51089842336024449132 0.00372110505620398694 
0.00000000099999999973 0.00000000099999999973 0.99999999500000003039 0.00000000099999999973 0.00000000099999999973 0.00000000099999999973 
0.99999999500000003039 0.00000000099999999996 0.00000000099999999996 0.00000000099999999996 0.00000000099999999996 0.00000000099999999996 
0.00000000099999999974 0.00000000099999999974 0.99999999500000003039 0.00000000099999999974 0.00000000099999999974 0.00000000099999999974 
0.47356491483328516656 0.05370165613352086142 0.00000000099999999999 0.03434435349215346489 0.43838907354104045266 0.00000000099999999999 
0.00000000099999999974 0.00000000099999999974 0.99999999500000003039 0.00000000099999999974 0.00000000099999999974 0.00000000099999999974 
0.00000000099999999981 0.99999999500000014141 0.00000000099999999981 0.00000000099999999981 0.00000000099999999981 0.00000000099999999981 
0.44352272681050453063 0.14837698984077815623 0.00000000100000000000 0.00003396005792583280 0.40687706409340745894 0.00118925819738387108 
0.00000000099999999994 0.00000000099999999994 0.00000000099999999994 0.99999999500000003039 0.00000000099999999994 0.00000000099999999994 
0.45050046214093814045 0.12465607246546581144 0.00000000099999999997 0.00000000099999999997 0.42484346239359610520 0.00000000099999999997 
0.00000000099999999975 0.00000000099999999975 0.99999999500000003039 0.00000000099999999975 0.00000000099999999975 0.00000000099999999975 
0.00000000099999999977 0.00000000099999999977 0.99999999500000003039 0.00000000099999999977 0.00000000099999999977 0.00000000099999999977 
0.45966605795399739787 0.00000058466142161747 0.00000000099999999999 0.08091462984118301394 0.44733444769369845595 0.01208427884969945354 
0.00000000099999999994 0.00000000099999999994 0.00000000099999999994 0.99999999500000003039 0.00000000099999999994 0.00000000099999999994 
0.00000000099999999981 0.00000000099999999981 0.00000000099999999981 0.00000000099999999981 0.00000000099999999981 0.99999999499999991937 
0.00000000099999999995 0.00000000099999999995 0.00000000099999999995 0.99999999499999991937 0.00000000099999999995 0.00000000099999999995 
0.46415847182528224835 0.20852744030405162556 0.00000000099999999999 0.02380747913559799755 0.30350660673506812959 0.00000000099999999999 
0.00000000099999999972 0.00000000099999999972 0.99999999500000003039 0.00000000099999999972 0.00000000099999999972 0.00000000099999999972 
0.00000000099999999974 0.00000000099999999974 0.00000000099999999974 0.00000000099999999974 0.00000000099999999974 0.99999999499999991937 
0.00000000099999999977 0.00000000099999999977 0.99999999499999991937 0.00000000099999999977 0.00000000099999999977 0.00000000099999999977 
0.66070902718392987563 0.00000000100000000000 0.00368937062773580342 0.00000000100000000000 0.31592865720248886063 0.01967294298584554291 
0.00000000099999999993 0.00000000099999999993 0.00000000099999999993 0.99999999500000003039 0.00000000099999999993 0.00000000099999999993 
0.00000000099999999995 0.00000000099999999995 0.00000000099999999995 0.99999999500000003039 0.00000000099999999995 0.00000000099999999995 
0.43750294811152518060 0.11399613011662965145 0.00000000099999999999 0.22292255552019199505 0.22556884052259779105 0.00000952472905540139 
0.50044391428773837838 0.00000000099999999999 0.00000000099999999999 0.00133000120651921962 0.47465296910041193668 0.02357311340533046681 
0.41549649495242074737 0.11723506975623308735 0.00000000099999999998 0.00001229747800940995 0.46725613581333663715 0.00000000099999999998 
0.49045201797763715579 0.14813177007137823260 0.00000000099999999998 0.00930769789670049530 0.35210851205428400634 0.00000000099999999998 
0.66330836375975144037 0.00000000099999999999 0.00000000099999999999 0.00000000099999999999 0.33664094021866075579 0.00005069302158792810 
0.60234317141553783692 0.00170166509588877803 0.00000000099999999998 0.00000000099999999998 0.39595516048857337665 0.00000000099999999998 
0.50512903792366081746 0.00000004690578684652 0.00000000099999999998 0.00731187590329822942 0.48755903726725408065 0.00000000099999999998 
0.63987346142192003118 0.00000000099999999999 0.00000000099999999999 0.00908865876714057969 0.34287142061748271393 0.00816645719345661901 
0.33893584643928104105 0.00000000099999999998 0.00000000099999999998 0.03032332309041398805 0.63074082747030502105 0.00000000099999999998 
0.00000000099999999996 0.00000000099999999996 0.00000000099999999996 0.99999999500000003039 0.00000000099999999996 0.00000000099999999996 
0.00000000099999999998 0.00000000099999999998 0.00000000099999999998 0.98080806534926123774 0.01919193065073874355 0.00000000099999999998 
0.00000000099999999984 0.00000000099999999984 0.99999999500000003039 0.00000000099999999984 0.00000000099999999984 0.00000000099999999984 
0.00000000099999999997 0.00000000099999999997 0.00000000099999999997 0.99999999499999991937 0.00000000099999999997 0.00000000099999999997 
0.00000000099999999998 0.00000000099999999998 0.00000000099999999998 0.99999622949245570158 0.00000376650754418615 0.00000000099999999998 
0.44462189873151825026 0.10787940943631123270 0.00000000099999999999 0.01449048653876761246 0.42992264369459975981 0.00308556059880307114 
0.00000000099999999968 0.00000000099999999968 0.99999999500000003039 0.00000000099999999968 0.00000000099999999968 0.00000000099999999968 
0.54473012681023125214 0.03583722206245089359 0.00000000099999999999 0.00000000099999999999 0.41347245902412294027 0.00596019010319489249 
0.54300911070444968232 0.15401332423031777186 0.00000000099999999999 0.00735198519267186556 0.29549229413380523335 0.00013328473875541519 
0.41986740646529929766 0.08516062665287559008 0.00000000100000000000 0.00000000100000000000 0.49087825391556894061 0.00409371096625634878 
0.33065030940733564080 0.10640342631918237037 0.00000000100000000000 0.01883297950247598759 0.54411237465965389681 0.00000090911135227320 
0.60631006995967939854 0.00000000099999999999 0.00000000099999999999 0.00000314436912348497 0.39368678267119705527 0.00000000099999999999 
0.57034228449778845427 0.00033291239112932613 0.00000000100000000000 0.03773612798653565997 0.39158867312454664900 0.00000000100000000000 
0.50901255602507522458 0.00000000099999999999 0.00000000099999999999 0.00000000099999999999 0.48848435989517402511 0.00250308107975082562 
0.55481221569293437401 0.08844786851235392211 0.00000000100000000000 0.00000080747481282509 0.35192106862206051776 0.00481803869783848770 
0.40220593575384333551 0.06572935522293690824 0.00001134218440934821 0.00371833681126539951 0.49831862252563241533 0.03001640750191266263 
0.49775051451274510139 0.11465156430061317072 0.00000000099999999999 0.00000001351502635221 0.37670761013370857029 0.01089029653790679099 
0.00000000099999999993 0.00000000099999999993 0.00000000099999999993 0.00000000099999999993 0.99999999499999991937 0.00000000099999999993 
0.52929147485144245611 0.12567391076950024109 0.00000000100000000000 0.01608352732188301701 0.30762579180516896882 0.02132529425200533138 
0.50438781672111610010 0.09690596040328773586 0.00000000099999999998 0.00000000099999999998 0.39140231080348752979 0.00730391007210884867 
0.59794797593839255079 0.00000000100000000000 0.00000000100000000000 0.00520214246705245301 0.39684987840169838602 0.00000000119285666263 
0.99999999500000003039 0.00000000099999999996 0.00000000099999999996 0.00000000099999999996 0.00000000099999999996 0.00000000099999999996 
0.50576792281736970835 0.00000000099999999998 0.00000000099999999998 0.03489833211659305878 0.45933374206603722056 0.00000000099999999998 
0.46232238620355498027 0.12684013607338287533 0.00000000099999999999 0.00388661135305446229 0.40503366664194939695 0.00191719872805834923 
0.50088940067676723800 0.01465316585321942318 0.00000000099999999999 0.03494040053345615071 0.44951703093655709376 0.00000000099999999999 
0.00000000099999999995 0.00000000099999999995 0.00000000099999999995 0.00000000099999999995 0.99999999499999991937 0.00000000099999999995 
0.46580810189848526059 0.07999374100499513640 0.00000000099999999999 0.01727846589339958328 0.43691968920312013180 0.00000000099999999999 
0.47486779352724284298 0.03926792977372284277 0.06796087919110414821 0.02098165870819700130 0.39048207189314515508 0.00643966690658800099 
0.49689349797801940500 0.08160926339775476102 0.00000000099999999998 0.00000000099999999998 0.42149723562422580780 0.00000000099999999998 
0.85413204743511150774 0.14586794856488868866 0.00000000099999999997 0.00000000099999999997 0.00000000099999999997 0.00000000099999999997 
0.34330056218831317416 0.10733207161768495985 0.00000000099999999998 0.01037112580810447583 0.53899623838589749703 0.00000000099999999998 
0.44616599632283387988 0.03538811862484835674 0.00000000099999999999 0.00000000099999999999 0.50525339630518217859 0.01319248674713549389 
0.60930067511428642746 0.00000001704469931995 0.00000000099999999998 0.00910798052183717406 0.38159132531917716591 0.00000000099999999998 
0.51708576484309043408 0.05139822050234654077 0.00297110527092803904 0.00000000100000000000 0.42338644580162038134 0.00515846258201446781 
0.47680258918384565980 0.08035967902466205348 0.00000000099999999999 0.00680433584006120105 0.42848020672870318348 0.00755318822272799117 
0.52684096478322195445 0.15052044971082367830 0.00000000099999999998 0.00000000099999999998 0.32263858250595439658 0.00000000099999999998 
0.44610404952388349464 0.00000000247404318758 0.00000000099999999998 0.02799645829787934109 0.52589948770419381319 0.00000000099999999998 
0.00000000099999999995 0.00000000099999999995 0.00000000099999999995 0.99999999500000003039 0.00000000099999999995 0.00000000099999999995 
0.00000000099999999997 0.00000000099999999997 0.00000000099999999997 0.98767933780976768787 0.01232065819023216678 0.00000000099999999997 
0.00000000099999999979 0.00000000099999999979 0.99999999499999991937 0.00000000099999999979 0.00000000099999999979 0.00000000099999999979 
0.00000000099999999974 0.00000000099999999974 0.00000000099999999974 0.00000000099999999974 0.00000000099999999974 0.99999999499999991937 
0.00000000099999999999 0.06419610428460191531 0.00000000099999999999 0.90084663782722940173 0.00000000099999999999 0.03495725488816868454 
0.58965900001298776623 0.00000000118705800922 0.00000000099999999998 0.01247306048797320981 0.39786793631198097421 0.00000000099999999998 
0.78003724077536096271 0.21996275522463906715 0.00000000099999999998 0.00000000099999999998 0.00000000099999999998 0.00000000099999999998 
0.00000000099999999997 0.04341480866637791730 0.00000000099999999997 0.95658518733362218889 0.00000000099999999997 0.00000000099999999997 
0.99996013615997347834 0.00000000099999999998 0.00000000099999999998 0.00003985984002663660 0.00000000099999999998 0.00000000099999999998 
0.41917585574307675289 0.04435181740686094248 0.00000000099999999998 0.00000000099999999998 0.52487086475567112931 0.01160146009439125096 
0.49747345718224256217 0.08182653347723331527 0.00000000099999999999 0.00000000099999999999 0.42069997999381308906 0.00000002734671106046 
0.00000000099999999972 0.00000000099999999972 0.99999999499999991937 0.00000000099999999972 0.00000000099999999972 0.00000000099999999972 
0.00000000099999999974 0.00000000099999999974 0.99999999499999991937 0.00000000099999999974 0.00000000099999999974 0.00000000099999999974 
0.00000000099999999969 0.00000000099999999969 0.99999999499999991937 0.00000000099999999969 0.00000000099999999969 0.00000000099999999969 
0.00000000099999999970 0.00000000099999999970 0.99999999500000003039 0.00000000099999999970 0.00000000099999999970 0.00000000099999999970 
0.00000000099999999970 0.00000000099999999970 0.99999999500000003039 0.00000000099999999970 0.00000000099999999970 0.00000000099999999970 
0.00000000099999999998 0.00000000099999999998 0.00000000099999999998 0.99999999500000003039 0.00000000099999999998 0.00000000099999999998 
0.42573363103678379948 0.00000000099999999999 0.00000000099999999999 0.00000000099999999999 0.56525686523593199340 0.00900950072728418615 
0.00000000099999999970 0.00000000099999999970 0.99999999499999991937 0.00000000099999999970 0.00000000099999999970 0.00000000099999999970 
0.00000000099999999975 0.00000000099999999975 0.99999999500000003039 0.00000000099999999975 0.00000000099999999975 0.00000000099999999975 
0.00000000099999999973 0.00000000099999999973 0.00000000099999999973 0.00000000099999999973 0.00000000099999999973 0.99999999500000003039 
0.00000000099999999973 0.00000000099999999973 0.00000000099999999973 0.00000000099999999973 0.00000000099999999973 0.99999999499999991937 
0.47004706416682739967 0.12551625559099047202 0.00000000099999999998 0.00000000099999999998 0.40443667724218201887 0.00000000099999999998 
0.00000000099999999972 0.00000000099999999972 0.99999999500000003039 0.00000000099999999972 0.00000000099999999972 0.00000000099999999972 
0.43166634522737717949 0.09922328685740854082 0.00000000099999999999 0.00547502384107277640 0.46363534207414131005 0.00000000099999999999 
0.54073997307217314123 0.09807534314635511785 0.00000000099999999998 0.00000000099999999998 0.36118468078147170086 0.00000000099999999998 
0.05071410275225963354 0.00000000099999999998 0.00000000099999999998 0.94928589324774026448 0.00000000099999999998 0.00000000099999999998 
0.62814723101588787468 0.07602726403610222949 0.00000000099999999998 0.00397687973082386497 0.29184862321718590961 0.00000000099999999998 
0.00000000099999999993 0.00000000099999999993 0.00000000099999999993 0.99999999499999991937 0.00000000099999999993 0.00000000099999999993 
0.45848691040872135982 0.09205006868772251660 0.00000000099999999999 0.01503968010866490665 0.43442103204657345206 0.00000230774831795361 
0.00000000099999999994 0.00000000099999999994 0.00000000099999999994 0.99999999499999991937 0.00000000099999999994 0.00000000099999999994 
0.46134603491731823732 0.18431561104586227651 0.00000000099999999999 0.00005712208740744084 0.34505416100877528418 0.00922706994063681590 
0.99999997820880059951 0.00000001779119944023 0.00000000099999999998 0.00000000099999999998 0.00000000099999999998 0.00000000099999999998 
0.00000000099999999975 0.00000000099999999975 0.99999999499999991937 0.00000000099999999975 0.00000000099999999975 0.00000000099999999975 
0.00000000099999999995 0.00000000099999999995 0.00000000099999999995 0.99999999500000003039 0.00000000099999999995 0.00000000099999999995 
0.00000000099999999970 0.00000000099999999970 0.99999999499999991937 0.00000000099999999970 0.00000000099999999970 0.00000000099999999970 
0.00000000099999999970 0.00000000099999999970 0.99999999500000003039 0.00000000099999999970 0.00000000099999999970 0.00000000099999999970 
0.00000000099999999994 0.00000000099999999994 0.00000000099999999994 0.00000000099999999994 0.99999999499999991937 0.00000000099999999994 
0.45798760705870683596 0.09923044860169794035 0.00000000099999999998 0.01937929444473251300 0.42340264789486276031 0.00000000099999999998 
0.44020433441118572704 0.00000000099999999998 0.00000000099999999998 0.00110767462926270326 0.55868798795955143532 0.00000000099999999998 
0.55699016054554217892 0.00000000099999999999 0.00000000099999999999 0.00000007260970166711 0.44028478762870676411 0.00272497721604936845 
0.54008677679463168442 0.19850923892565308648 0.00000000099999999999 0.00000000099999999999 0.26113553980628156914 0.00026844247343374617 
0.65815625721146653326 0.00901819063706709063 0.00000000099999999999 0.01526023414027920765 0.31030172021480256772 0.00726359679638469060 
0.99999999500000014141 0.00000000099999999996 0.00000000099999999996 0.00000000099999999996 0.00000000099999999996 0.00000000099999999996 
0.00000000099999999997 0.05612210277968103511 0.00000000099999999997 0.94387365876133855203 0.00000423545898043220 0.00000000099999999997 
0.58681384308447193110 0.08569715281627671155 0.00000000099999999998 0.00000000099999999998 0.32748900109925133117 0.00000000099999999998 
0.00000000099999999970 0.00000000099999999970 0.99999999499999991937 0.00000000099999999970 0.00000000099999999970 0.00000000099999999970 
0.00000000099999999996 0.00000000099999999996 0.00000000099999999996 0.00000000099999999996 0.99999999499999991937 0.00000000099999999996 
0.00000000099999999991 0.00000000099999999991 0.99999999500000003039 0.00000000099999999991 0.00000000099999999991 0.00000000099999999991 
0.00000000099999999974 0.00000000099999999974 0.99999999500000003039 0.00000000099999999974 0.00000000099999999974 0.00000000099999999974 
0.45396339352205888895 0.20568121230841948655 0.00000000099999999998 0.00603225280774545656 0.33432313936177604496 0.00000000099999999998 
0.99999999500000014141 0.00000000099999999997 0.00000000099999999997 0.00000000099999999997 0.00000000099999999997 0.00000000099999999997 
0.38424098947865747977 0.00000000099999999999 0.00000000099999999999 0.02057702544740356090 0.59518198207393868682 0.00000000099999999999 
0.00000000099999999977 0.00000000099999999977 0.99999999499999991937 0.00000000099999999977 0.00000000099999999977 0.00000000099999999977 
0.00000000099999999995 0.00000000099999999995 0.00000000099999999995 0.99999999499999991937 0.00000000099999999995 0.00000000099999999995 
0.00000000099999999994 0.00000000099999999994 0.00000000099999999994 0.99999999500000003039 0.00000000099999999994 0.00000000099999999994 
0.00000000099999999974 0.00000000099999999974 0.99999999500000003039 0.00000000099999999974 0.00000000099999999974 0.00000000099999999974 
0.46138987032228095941 0.00000000099999999999 0.00000000099999999999 0.00827681766582374391 0.52580965155056114124 0.00452365846133415388 
0.00000000099999999999 0.00000000099999999999 0.00000000099999999999 0.00001262799592505303 0.99998736800407506120 0.00000000099999999999 
0.00000000099999999975 0.00000000099999999975 0.99999999499999991937 0.00000000099999999975 0.00000000099999999975 0.00000000099999999975 
0.99767947029633397005 0.00005246192534468886 0.00000000099999999998 0.00000000099999999998 0.00000000099999999998 0.00226806477832139884 
0.00000000099999999993 0.00000000099999999993 0.00000000099999999993 0.99999999499999991937 0.00000000099999999993 0.00000000099999999993 
0.00000000099999999986 0.99999999500000014141 0.00000000099999999986 0.00000000099999999986 0.00000000099999999986 0.00000000099999999986 
0.56161352334277592213 0.08735506816217432358 0.00000318177224262777 0.01864205827452104780 0.33238616744828608507 0.00000000100000000000 
0.47599647212246848360 0.00000622735385867251 0.00000000099999999999 0.03366865074720058054 0.47602869824470384064 0.01429995053176841627 
0.41680680964957927959 0.00000000099999999999 0.00000000099999999999 0.00000000099999999999 0.56730970834954896898 0.01588347900087174261 
0.64401497865220835859 0.00000000099999999999 0.00000000099999999999 0.00000000099999999999 0.34543920442130099380 0.01054581392649069430 
0.52173339847405042491 0.04114157148131190878 0.00000000099999999999 0.00000000099999999999 0.43431554285572088192 0.00280948518891686871 
0.65964739216633117014 0.09969092794738550201 0.00000000099999999999 0.00000000099999999999 0.24066167688628328780 0.00000000099999999999 
0.54803055340713113797 0.04471900814076724268 0.00000000099999999999 0.00001414855563945131 0.39453408392660538340 0.01270220496985680764 
0.00000000099999999981 0.99999999500000014141 0.00000000099999999981 0.00000000099999999981 0.00000000099999999981 0.00000000099999999981 
0.00000000099999999996 0.00000000099999999996 0.00000000099999999996 0.99999999499999991937 0.00000000099999999996 0.00000000099999999996 
0.50891299567518399893 0.06838852563241301641 0.00000000099999999999 0.01176749005878369690 0.40366806197019761138 0.00726292566342166390 
0.57137276059330188716 0.23770110893738399804 0.00000000099999999998 0.00000000099999999998 0.19092612746931408862 0.00000000099999999998 
0.58727314263101437763 0.13623942030634514366 0.00000000099999999999 0.03519925515031271240 0.24128817991232762163 0.00000000099999999999 
0.99999999500000014141 0.00000000099999999996 0.00000000099999999996 0.00000000099999999996 0.00000000099999999996 0.00000000099999999996 
0.38198185065736300903 0.00000000099999999999 0.00000000099999999999 0.02780077485933885734 0.59000846870733403282 0.00020890377596407674 
0.58192313151111751957 0.14477091868317940038 0.00000000099999999998 0.00000000099999999998 0.27330594680570308164 0.00000000099999999998 
0.57638173497265265954 0.12397738530703275583 0.00000000099999999999 0.00000043424423036600 0.29964044347608415064 0.00000000099999999999 
0.00000000099999999997 0.00000000099999999997 0.00000000099999999997 0.97618746863087946242 0.02381252736912042520 0.00000000099999999997 
0.00000000099999999982 0.99999999500000003039 0.00000000099999999982 0.00000000099999999982 0.00000000099999999982 0.00000000099999999982 
0.56539036117651875202 0.00000190404507985802 0.00000000099999999999 0.00200087691956930954 0.42077023293489412836 0.01183662392393812664 
0.53848773476592037834 0.00000018771941459272 0.00951753419033466580 0.00723064856151437417 0.44476389376281594279 0.00000000100000000000 
0.00000000099999999997 0.00000000099999999997 0.00000000099999999997 0.99999999499999991937 0.00000000099999999997 0.00000000099999999997 
0.36723555404397295598 0.00000000100000000000 0.01779785321629697228 0.01750697320471526416 0.59745961753501475311 0.00000000100000000000 
0.58785688431543670074 0.00000000100000000000 0.00000000100000000000 0.00888676795826618716 0.39662990368665718144 0.00662644203963990309 
0.30121538768741024095 0.10509596622688288647 0.00000000099999999999 0.47269230255593958079 0.11459954983671630235 0.00639679269305106109 
0.99999999500000003039 0.00000000099999999995 0.00000000099999999995 0.00000000099999999995 0.00000000099999999995 0.00000000099999999995 
0.00000000099999999976 0.00000000099999999976 0.99999999499999991937 0.00000000099999999976 0.00000000099999999976 0.00000000099999999976 
0.00000000099999999997 0.00000000099999999997 0.00000000099999999997 0.00000000099999999997 0.99999999499999991937 0.00000000099999999997 
0.42552614714193243151 0.05957363180756841681 0.00000000099999999999 0.01999563164322422024 0.49291535727793944766 0.00198923112933537937 
