0.00000000099999999999 0.00000000099999999999 0.00000000099999999999 0.17518408957057693409 0.18135827097933654439 0.02095598094096971786 0.26139571222433777287 0.00000000099999999999 0.00000000099999999999 0.36110594128477901954 
0.00000000099999999993 0.00000000099999999993 0.99999999100000014352 0.00000000099999999993 0.00000000099999999993 0.00000000099999999993 0.00000000099999999993 0.00000000099999999993 0.00000000099999999993 0.00000000099999999993 
0.00000000099999999993 0.00000000099999999993 0.99999999100000003249 0.00000000099999999993 0.00000000099999999993 0.00000000099999999993 0.00000000099999999993 0.00000000099999999993 0.00000000099999999993 0.00000000099999999993 
0.00000000099999999997 0.43281986311694270464 0.00518506187798249175 0.00000000099999999997 0.00000000099999999997 0.00000000099999999997 0.56199506800507459392 0.00000000099999999997 0.00000000099999999997 0.00000000099999999997 
0.19205275423955311953 0.20255087370664287549 0.00000000099999999999 0.11648532884072172744 0.21076525998816503238 0.00000000099999999999 0.15331781148859874309 0.05026959228644044264 0.00000000099999999999 0.07455837644987804713 
0.00000000099999999998 0.34729900830749271812 0.00095205533165080658 0.00000000099999999998 0.27116336277196623206 0.00000000099999999998 0.38058555114301351185 0.00000000099999999998 0.00000000099999999998 0.00000001744587670809 
0.00000000099999999994 0.00000000099999999994 0.98419074713039778057 0.00000000099999999994 0.00000000099999999994 0.00000000099999999994 0.00000000099999999994 0.01580924486960235201 0.00000000099999999994 0.00000000099999999994 
0.00000000099999999990 0.00000000099999999990 0.99999999100000003249 0.00000000099999999990 0.00000000099999999990 0.00000000099999999990 0.00000000099999999990 0.00000000099999999990 0.00000000099999999990 0.00000000099999999990 
0.00000000099999999997 0.47592112166535577300 0.00000000099999999997 0.00000000099999999997 0.52407887033464417570 0.00000000099999999997 0.00000000099999999997 0.00000000099999999997 0.00000000099999999997 0.00000000099999999997 
0.00000000099999999993 0.00000000099999999993 0.99999999100000014352 0.00000000099999999993 0.00000000099999999993 0.00000000099999999993 0.00000000099999999993 0.00000000099999999993 0.00000000099999999993 0.00000000099999999993 
0.43106222943378535994 0.00000100424064927108 0.00000000099999999998 0.29763600159686376401 0.00000000099999999998 0.00000000099999999998 0.00000000099999999998 0.02697474891920643297 0.00000000099999999998 0.24432601080949506445 
0.22236983622229067326 0.27081507216984340713 0.00558488072268154001 0.12527766437562126711 0.07283891869357372872 0.00171745647430537212 0.17198609114214177818 0.01042277512264915690 0.00000000099999999998 0.11898730407689320221 
0.52703635271417748065 0.00000000099999999998 0.00000000099999999998 0.13267585797261108316 0.00000000099999999998 0.00000000099999999998 0.34028778231321155090 0.00000000099999999998 0.00000000099999999998 0.00000000099999999998 
0.36107145312538047044 0.41376118511370990616 0.00000000099999999998 0.00000000099999999998 0.00000000099999999998 0.00000000099999999998 0.00000000099999999998 0.00000000099999999998 0.00000000099999999998 0.22516735476090990464 
0.00000000099999999988 0.00000000099999999988 0.00000000099999999988 0.00000000099999999988 0.00000000099999999988 0.00000000099999999988 0.00000000099999999988 0.00000000099999999988 0.00000000099999999988 0.99999999100000003249 
0.06817936624288160885 0.16921725533718270928 0.04569118386268784110 0.14270706162801208294 0.23432065372311272622 0.02355788545136540402 0.13678509941882813217 0.04178787032516022293 0.00000000099999999999 0.13775362301076929383 
0.00000000099999999986 0.00000000099999999986 0.00000000099999999986 0.00000000099999999986 0.00000000099999999986 0.00000000099999999986 0.00000000099999999986 0.00000000099999999986 0.00000000099999999986 0.99999999100000003249 
0.26537648211279440957 0.42371196120310722355 0.00000000099999999997 0.00000000099999999997 0.31091154968409850934 0.00000000099999999997 0.00000000099999999997 0.00000000099999999997 0.00000000099999999997 0.00000000099999999997 
0.00000000110296931996 0.22158270684611799939 0.00000000099999999999 0.13771770066628724605 0.19306474194180109349 0.00004153484716144498 0.44759331059566292987 0.00000000099999999999 0.00000000099999999999 0.00000000099999999999 
0.00000000099999999995 0.00000000099999999995 0.00000000099999999995 0.48399321346769874630 0.24218754386255589295 0.00000000099999999995 0.00000000099999999995 0.00000000099999999995 0.00000000099999999995 0.27381923566974541995 
0.15705664901062985073 0.07819685197471060167 0.00000000099999999999 0.13738317943635861007 0.17925892973885870774 0.00000000099999999999 0.28576955194896658252 0.00000000099999999999 0.00000000099999999999 0.16233483389047573264 
0.01238363841171714712 0.00000000099999999997 0.98761635358828303577 0.00000000099999999997 0.00000000099999999997 0.00000000099999999997 0.00000000099999999997 0.00000000099999999997 0.00000000099999999997 0.00000000099999999997 
0.00000000099999999988 0.00000000099999999988 0.00000000099999999988 0.00000000099999999988 0.00000000099999999988 0.00000000099999999988 0.00000000099999999988 0.00000000099999999988 0.00000000099999999988 0.99999999099999992147 
0.00000000099999999929 0.00000000099999999929 0.00000000099999999929 0.00000000099999999929 0.00000000099999999929 0.00000000099999999929 0.00000000099999999929 0.99999999100000003249 0.00000000099999999929 0.00000000099999999929 
0.65949926955509352577 0.00000000099999999995 0.00196237920901203662 0.33853834423589462821 0.00000000099999999995 0.00000000099999999995 0.00000000099999999995 0.00000000099999999995 0.00000000099999999995 0.00000000099999999995 
0.35105185536704280880 0.24161494275828571121 0.00000000099999999998 0.11415710766233924667 0.00039799220428852041 0.00000000099999999998 0.18630882303426746227 0.00000000099999999998 0.00000000099999999998 0.10646927497377643712 
0.00000000099999999958 0.00000000099999999958 0.00000000099999999958 0.00000000099999999958 0.00000000099999999958 0.99999999100000014352 0.00000000099999999958 0.00000000099999999958 0.00000000099999999958 0.00000000099999999958 
0.00000000099999999957 0.00000000099999999957 0.00000000099999999957 0.00000000099999999957 0.00000000099999999957 0.99999999100000014352 0.00000000099999999957 0.00000000099999999957 0.00000000099999999957 0.00000000099999999957 
0.43334612413935436059 0.20945194812250431116 0.00000000099999999998 0.00000000099999999998 0.12321695276178205869 0.00000000099999999998 0.23286599197806512329 0.00111897799829432259 0.00000000099999999998 0.00000000099999999998 
0.00000000099999999984 0.99999999100000014352 0.00000000099999999984 0.00000000099999999984 0.00000000099999999984 0.00000000099999999984 0.00000000099999999984 0.00000000099999999984 0.00000000099999999984 0.00000000099999999984 
0.00002101351222495121 0.13491109832171624405 0.00795519479643610333 0.00000000099999999998 0.25176896703677403844 0.00000000099999999998 0.32953361775995737570 0.02882932902688783300 0.00000000099999999998 0.24698077654600367192 
0.00000000099999999979 0.00000000099999999979 0.74216761248092799619 0.00000000099999999979 0.00000000099999999979 0.00000000099999999979 0.00000000099999999979 0.25783237951907211905 0.00000000099999999979 0.00000000099999999979 
0.00000000099999999957 0.00000000099999999957 0.00000000099999999957 0.00000000099999999957 0.00000000099999999957 0.36263968017425629586 0.00000000099999999957 0.63736031182574370835 0.00000000099999999957 0.00000000099999999957 
0.00000000099999999987 0.00000000099999999987 0.00000000099999999987 0.00000000099999999987 0.00000000099999999987 0.00000000099999999987 0.00000000099999999987 0.00000000099999999987 0.00000000099999999987 0.99999999099999992147 
0.00000000099999999951 0.00000000099999999951 0.00000000099999999951 0.00000000099999999951 0.00000000099999999951 0.00000000099999999951 0.00000000099999999951 0.00000000099999999951 0.99999999100000003249 0.00000000099999999951 
0.00000000099999999939 0.00000000099999999939 0.00000000099999999939 0.00000000099999999939 0.00000000099999999939 0.00000000099999999939 0.00000000099999999939 0.00000000099999999939 0.99999999099999992147 0.00000000099999999939 
0.00000000099999999940 0.00000000099999999940 0.00000000099999999940 0.00000000099999999940 0.00000000099999999940 0.00000000099999999940 0.00000000099999999940 0.00000000099999999940 0.99999999100000003249 0.00000000099999999940 
0.00000000099999999960 0.00000000099999999960 0.00000000099999999960 0.00000000099999999960 0.00000000099999999960 0.99999999100000003249 0.00000000099999999960 0.00000000099999999960 0.00000000099999999960 0.00000000099999999960 
0.00000000099999999954 0.00000000099999999954 0.00000000099999999954 0.00000000099999999954 0.00000000099999999954 0.99999999100000014352 0.00000000099999999954 0.00000000099999999954 0.00000000099999999954 0.00000000099999999954 
0.64092227323152528573 0.00000000099999999994 0.00000000099999999994 0.35907771876847477399 0.00000000099999999994 0.00000000099999999994 0.00000000099999999994 0.00000000099999999994 0.00000000099999999994 0.00000000099999999994 
0.00000000099999999996 0.00000000099999999996 0.99999999100000014352 0.00000000099999999996 0.00000000099999999996 0.00000000099999999996 0.00000000099999999996 0.00000000099999999996 0.00000000099999999996 0.00000000099999999996 
0.00000000099999999957 0.00000000099999999957 0.00000000099999999957 0.00000000099999999957 0.00000000099999999957 0.99999999100000014352 0.00000000099999999957 0.00000000099999999957 0.00000000099999999957 0.00000000099999999957 
0.99999999100000025454 0.00000000099999999989 0.00000000099999999989 0.00000000099999999989 0.00000000099999999989 0.00000000099999999989 0.00000000099999999989 0.00000000099999999989 0.00000000099999999989 0.00000000099999999989 
0.00000000099999999992 0.00000000099999999992 0.99999999100000003249 0.00000000099999999992 0.00000000099999999992 0.00000000099999999992 0.00000000099999999992 0.00000000099999999992 0.00000000099999999992 0.00000000099999999992 
0.00000000099999999961 0.00000000099999999961 0.00000000099999999961 0.00000000099999999961 0.00000000099999999961 0.99999999100000003249 0.00000000099999999961 0.00000000099999999961 0.00000000099999999961 0.00000000099999999961 
0.07311584372182558522 0.14044978416691472622 0.00000000099999999999 0.14660303842564903487 0.11258447142712459110 0.00004032743957777392 0.35049124254952274127 0.01335375831055598574 0.00000000099999999999 0.16336153195882960332 
0.00000000099999999957 0.00000000099999999957 0.00000000099999999957 0.00000000099999999957 0.00000000099999999957 0.99999999100000014352 0.00000000099999999957 0.00000000099999999957 0.00000000099999999957 0.00000000099999999957 
0.00000000099999999993 0.00000000099999999993 0.99999999100000014352 0.00000000099999999993 0.00000000099999999993 0.00000000099999999993 0.00000000099999999993 0.00000000099999999993 0.00000000099999999993 0.00000000099999999993 
0.00000000099999999989 0.00000000099999999989 0.99999999100000014352 0.00000000099999999989 0.00000000099999999989 0.00000000099999999989 0.00000000099999999989 0.00000000099999999989 0.00000000099999999989 0.00000000099999999989 
0.00000000099999999951 0.00000000099999999951 0.00000000099999999951 0.00000000099999999951 0.00000000099999999951 0.99999999100000014352 0.00000000099999999951 0.00000000099999999951 0.00000000099999999951 0.00000000099999999951 
0.00000000099999999955 0.00000000099999999955 0.00000000099999999955 0.00000000099999999955 0.00000000099999999955 0.99999999100000014352 0.00000000099999999955 0.00000000099999999955 0.00000000099999999955 0.00000000099999999955 
0.00000000099999999995 0.00000000099999999995 0.99999999100000003249 0.00000000099999999995 0.00000000099999999995 0.00000000099999999995 0.00000000099999999995 0.00000000099999999995 0.00000000099999999995 0.00000000099999999995 
0.00000000099999999995 0.00000000099999999995 0.99999999100000014352 0.00000000099999999995 0.00000000099999999995 0.00000000099999999995 0.00000000099999999995 0.00000000099999999995 0.00000000099999999995 0.00000000099999999995 
0.00000000099999999995 0.00773807350115085935 0.99226191849884926022 0.00000000099999999995 0.00000000099999999995 0.00000000099999999995 0.00000000099999999995 0.00000000099999999995 0.00000000099999999995 0.00000000099999999995 
0.00000000099999999963 0.00000000099999999963 0.00000000099999999963 0.00000000099999999963 0.00000000099999999963 0.99999999100000014352 0.00000000099999999963 0.00000000099999999963 0.00000000099999999963 0.00000000099999999963 
0.00000000099999999991 0.00000000099999999991 0.00000000099999999991 0.99999999100000003249 0.00000000099999999991 0.00000000099999999991 0.00000000099999999991 0.00000000099999999991 0.00000000099999999991 0.00000000099999999991 
0.00000000099999999998 0.22988061302379783624 0.00000000099999999998 0.00000000099999999998 0.38194772300806073551 0.01970102956116066492 0.36846529905222175083 0.00000000099999999998 0.00000000099999999998 0.00000533035475906657 
0.00000000099999999997 0.00000026634707960385 0.00000031399769225435 0.00000011494549284823 0.35364301023041844196 0.00000000099999999997 0.24240339837141833268 0.00000000099999999997 0.00000000099999999997 0.40395289210789869783 
0.00000000099999999996 0.00000000099999999996 0.00000000099999999996 0.00000000099999999996 0.00000000099999999996 0.00000000099999999996 0.43579260368059813402 0.00000000099999999996 0.00000000099999999996 0.56420738831940187019 
0.00000000099999999993 0.00000000099999999993 0.99999999100000014352 0.00000000099999999993 0.00000000099999999993 0.00000000099999999993 0.00000000099999999993 0.00000000099999999993 0.00000000099999999993 0.00000000099999999993 
0.00000000099999999997 0.44098748703094814427 0.00000000099999999997 0.24544944250952968612 0.00000000099999999997 0.00000000099999999997 0.31356306345952206227 0.00000000099999999997 0.00000000099999999997 0.00000000099999999997 
0.00000000099999999948 0.00000000099999999948 0.00000000099999999948 0.00000000099999999948 0.00000000099999999948 0.00000000099999999948 0.00000000099999999948 0.00000000099999999948 0.99999999099999992147 0.00000000099999999948 
0.00000000099999999988 0.00000000099999999988 0.00000000099999999988 0.00000000099999999988 0.99999999100000014352 0.00000000099999999988 0.00000000099999999988 0.00000000099999999988 0.00000000099999999988 0.00000000099999999988 
0.00000000099999999949 0.00000000099999999949 0.00000000099999999949 0.00000000099999999949 0.00000000099999999949 0.00000000099999999949 0.00000000099999999949 0.00000000099999999949 0.99999999099999992147 0.00000000099999999949 
0.11376605052666234619 0.15461081598497447565 0.00319935849638084335 0.24444133187398278673 0.00000000099999999998 0.00000000099999999998 0.28138633476035312952 0.06778276807846764229 0.00000000099999999998 0.13481333727917885201 
0.00000000099999999950 0.00000000099999999950 0.00000000099999999950 0.00000000099999999950 0.00000000099999999950 0.00000000099999999950 0.00000000099999999950 0.00000000099999999950 0.99999999099999992147 0.00000000099999999950 
0.14385694209577531977 0.11067396502148096893 0.00000000099999999998 0.34148300053616664762 0.25966382345870808734 0.00000000099999999998 0.14432226388786892346 0.00000000099999999998 0.00000000099999999998 0.00000000099999999998 
0.00000000099999999986 0.00000000099999999986 0.00000000099999999986 0.99999999100000003249 0.00000000099999999986 0.00000000099999999986 0.00000000099999999986 0.00000000099999999986 0.00000000099999999986 0.00000000099999999986 
0.00000000099999999991 0.00000000099999999991 0.99999999100000003249 0.00000000099999999991 0.00000000099999999991 0.00000000099999999991 0.00000000099999999991 0.00000000099999999991 0.00000000099999999991 0.00000000099999999991 
0.08611088357529007864 0.00000000099999999997 0.00000000099999999997 0.17096624253961895112 0.26622827540920634970 0.00000000099999999997 0.23551046953637505554 0.00155694570511850797 0.00000000099999999997 0.23962717923439119661 
0.00000000099999999951 0.00000000099999999951 0.00000000099999999951 0.00000000099999999951 0.00000000099999999951 0.00000000099999999951 0.00000000099999999951 0.00000000099999999951 0.99999999100000003249 0.00000000099999999951 
0.00000000099999999955 0.00000000099999999955 0.00000000099999999955 0.00000000099999999955 0.00000000099999999955 0.00000000099999999955 0.00000000099999999955 0.00000000099999999955 0.99999999099999992147 0.00000000099999999955 
0.35865598567776252326 0.00000000099999999998 0.08698215860865116111 0.31363543920815151189 0.00002383167406082302 0.00000000099999999998 0.00000000168537061876 0.00000000099999999998 0.00000000099999999998 0.24070257914600337590 
0.00000000099999999993 0.00000000099999999993 0.99999999100000003249 0.00000000099999999993 0.00000000099999999993 0.00000000099999999993 0.00000000099999999993 0.00000000099999999993 0.00000000099999999993 0.00000000099999999993 
0.00000000099999999965 0.00000000099999999965 0.00000000099999999965 0.00000000099999999965 0.00000000099999999965 0.99999999100000003249 0.00000000099999999965 0.00000000099999999965 0.00000000099999999965 0.00000000099999999965 
0.00000000099999999993 0.00000000099999999993 0.99999999100000014352 0.00000000099999999993 0.00000000099999999993 0.00000000099999999993 0.00000000099999999993 0.00000000099999999993 0.00000000099999999993 0.00000000099999999993 
0.24438453252821240591 0.07440411628460648352 0.02762990600719425136 0.00000000099999999999 0.25368145245413187272 0.00000000099999999999 0.30041403177440750838 0.00060598250498269252 0.00000000099999999999 0.09887997544646466574 
0.00000000099999999945 0.00000000099999999945 0.00000000099999999945 0.00000000099999999945 0.00000000099999999945 0.00000000099999999945 0.00000000099999999945 0.00000000099999999945 0.99999999100000003249 0.00000000099999999945 
0.00000000099999999946 0.00000000099999999946 0.00000000099999999946 0.00000000099999999946 0.00000000099999999946 0.99999999100000003249 0.00000000099999999946 0.00000000099999999946 0.00000000099999999946 0.00000000099999999946 
0.00000000099999999956 0.00000000099999999956 0.00000000099999999956 0.00000000099999999956 0.00000000099999999956 0.00000000099999999956 0.00000000099999999956 0.00000000099999999956 0.99999999099999992147 0.00000000099999999956 
0.00000000099999999996 0.00000000099999999996 0.00000000099999999996 0.00000000099999999996 0.00000000099999999996 0.00000000099999999996 0.64054581417585998437 0.00000000099999999996 0.00000000099999999996 0.35945417782414007535 
0.00000000099999999988 0.00000000099999999988 0.99999999100000003249 0.00000000099999999988 0.00000000099999999988 0.00000000099999999988 0.00000000099999999988 0.00000000099999999988 0.00000000099999999988 0.00000000099999999988 
0.00000000099999999991 0.00000000099999999991 0.99999999100000014352 0.00000000099999999991 0.00000000099999999991 0.00000000099999999991 0.00000000099999999991 0.00000000099999999991 0.00000000099999999991 0.00000000099999999991 
0.16399819668907694714 0.05415274010151461398 0.21936417549799294702 0.18599192483654464203 0.23640214479444263129 0.00000000099999999998 0.00000000099999999998 0.03354501477636043227 0.00000000099999999998 0.10654580030406775315 
0.07414360337107914201 0.00000000099999999999 0.00000000099999999999 0.00000000149424656268 0.00000000099999999999 0.01814806157541211037 0.51783944025168426872 0.04162670177785021686 0.00000000099999999999 0.34824218752972768698 
0.00000000099999999988 0.00000000099999999988 0.00000000099999999988 0.00000000099999999988 0.00000000099999999988 0.00000000099999999988 0.00000000099999999988 0.00000000099999999988 0.00000000099999999988 0.99999999099999992147 
0.19821788174580554087 0.09278572724363924606 0.01575591567978753757 0.12040173314610337629 0.27089437719070713628 0.00000000099999999998 0.17440643244696887870 0.00000000099999999998 0.00000000099999999998 0.12753792954698842110 
0.10349566109393842916 0.00005306336570144089 0.00000000099999999999 0.13169982205552702159 0.25078425005875421006 0.00000000099999999999 0.32698485909483065992 0.03444510371193203885 0.00000000099999999999 0.15253723761931614611 
0.00000000169271851054 0.22059368105039717234 0.00000000099999999996 0.22417436961370340587 0.16628002281077705615 0.00000000099999999996 0.05315963262397024186 0.00000000099999999996 0.00000000099999999996 0.33579228820843365355 
0.00000000099999999996 0.30912132339772652179 0.00000000099999999996 0.00000000099999999996 0.69087866721276391946 0.00000000099999999996 0.00000000099999999996 0.00000000238950954322 0.00000000099999999996 0.00000000099999999996 
0.21339110863417085073 0.00000000099999999999 0.00000020945853334239 0.13734863164656130330 0.32255606536000747120 0.00308769668027916245 0.15370638513983217455 0.00000000099999999999 0.00000000099999999999 0.16990990008061568339 
0.00000000099999999992 0.00000000099999999992 0.00000000099999999992 0.00000000099999999992 0.00000000099999999992 0.00000000099999999992 0.99999999099999992147 0.00000000099999999992 0.00000000099999999992 0.00000000099999999992 
0.00000000099999999994 0.00000000099999999994 0.99999999100000003249 0.00000000099999999994 0.00000000099999999994 0.00000000099999999994 0.00000000099999999994 0.00000000099999999994 0.00000000099999999994 0.00000000099999999994 
0.00000000099999999997 0.00000000099999999997 0.96312723744508055290 0.03687275455491943049 0.00000000099999999997 0.00000000099999999997 0.00000000099999999997 0.00000000099999999997 0.00000000099999999997 0.00000000099999999997 
0.00000000099999999969 0.00000000099999999969 0.00000000099999999969 0.00000000099999999969 0.00000000099999999969 0.00000000099999999969 0.00000000099999999969 0.00000000099999999969 0.99999999099999992147 0.00000000099999999969 
0.00000000099999999996 0.00000000099999999996 0.99999999100000014352 0.00000000099999999996 0.00000000099999999996 0.00000000099999999996 0.00000000099999999996 0.00000000099999999996 0.00000000099999999996 0.00000000099999999996 
0.00000000099999999996 0.00000000099999999996 0.97831370587031840635 0.00000000099999999996 0.00000000099999999996 0.00000000099999999996 0.02168628612968164296 0.00000000099999999996 0.00000000099999999996 0.00000000099999999996 
0.23069270551958198645 0.00000000099999999998 0.00000054895863749512 0.00017746522580935293 0.42128117917464491526 0.00000000099999999998 0.34770240645300004578 0.00014569066832640536 0.00000000099999999998 0.00000000099999999998 
0.00000000099999999938 0.00000000099999999938 0.00000000099999999938 0.00000000099999999938 0.00000000099999999938 0.00000000099999999938 0.00000000099999999938 0.00000000099999999938 0.99999999099999992147 0.00000000099999999938 
0.13492147091227998934 0.00000000099999999998 0.00000000099999999998 0.00000000099999999998 0.27883367145734644366 0.00291140062925800093 0.23079417231412685529 0.00000000099999999998 0.00000000099999999998 0.35253927968698872686 
0.00000000099999999996 0.00000000099999999996 0.00000000099999999996 0.00000000099999999996 0.48904944002313049944 0.00000000099999999996 0.51095055197686944926 0.00000000099999999996 0.00000000099999999996 0.00000000099999999996 
0.99999999100000025454 0.00000000099999999992 0.00000000099999999992 0.00000000099999999992 0.00000000099999999992 0.00000000099999999992 0.00000000099999999992 0.00000000099999999992 0.00000000099999999992 0.00000000099999999992 
0.32670972109990331633 0.00000000099999999998 0.00000000099999999998 0.29738696432069616771 0.00000000099999999998 0.00000000099999999998 0.34921162551714307609 0.02669168306225744650 0.00000000099999999998 0.00000000099999999998 
0.00000000099999999989 0.00000000099999999989 0.00000000099999999989 0.00000000099999999989 0.99999999100000003249 0.00000000099999999989 0.00000000099999999989 0.00000000099999999989 0.00000000099999999989 0.00000000099999999989 
0.00000000099999999990 0.00000000099999999990 0.00000000099999999990 0.00000000099999999990 0.00000000099999999990 0.00000000099999999990 0.99999999099999992147 0.00000000099999999990 0.00000000099999999990 0.00000000099999999990 
0.00000000099999999996 0.00000000099999999996 0.00000000099999999996 0.42879490209461007533 0.00000000099999999996 0.00000000099999999996 0.00000000099999999996 0.00000000099999999996 0.00000000099999999996 0.57120508990538965133 
0.00000000099999999984 0.99999999100000014352 0.00000000099999999984 0.00000000099999999984 0.00000000099999999984 0.00000000099999999984 0.00000000099999999984 0.00000000099999999984 0.00000000099999999984 0.00000000099999999984 
0.00000000099999999988 0.00000000099999999988 0.00000000099999999988 0.99999999100000003249 0.00000000099999999988 0.00000000099999999988 0.00000000099999999988 0.00000000099999999988 0.00000000099999999988 0.00000000099999999988 
0.00000000099999999990 0.00000000099999999990 0.00000000099999999990 0.00000000099999999990 0.00000000099999999990 0.00000000099999999990 0.99999999099999992147 0.00000000099999999990 0.00000000099999999990 0.00000000099999999990 
0.00000000099999999988 0.00000000099999999988 0.00000000099999999988 0.00000000099999999988 0.00000000099999999988 0.00000000099999999988 0.99999999100000003249 0.00000000099999999988 0.00000000099999999988 0.00000000099999999988 
0.00000000099999999988 0.99999999100000025454 0.00000000099999999988 0.00000000099999999988 0.00000000099999999988 0.00000000099999999988 0.00000000099999999988 0.00000000099999999988 0.00000000099999999988 0.00000000099999999988 
0.47422799388385572517 0.00000000099999999995 0.00000000099999999995 0.00000000099999999995 0.52577199811614427905 0.00000000099999999995 0.00000000099999999995 0.00000000099999999995 0.00000000099999999995 0.00000000099999999995 
0.00000000099999999983 0.00000000099999999983 0.00000000099999999983 0.99999999100000003249 0.00000000099999999983 0.00000000099999999983 0.00000000099999999983 0.00000000099999999983 0.00000000099999999983 0.00000000099999999983 
0.00000277871160766593 0.20116348362059988109 0.00000000099999999997 0.42967987067006813140 0.32463906902336714388 0.00000000099999999997 0.04448829794711847696 0.00002649602723889128 0.00000000099999999997 0.00000000099999999997 
0.09942080159904780057 0.13174205455790644059 0.01043398265489458090 0.18087610697709083363 0.25313027248093133981 0.00000000099999999998 0.12326114063149964939 0.04828064972042026698 0.00000000099999999998 0.15285498937820934939 
0.21747860650571271268 0.00000000099999999999 0.00000000099999999999 0.00000000777139332912 0.00000886921340458734 0.00000000099999999999 0.42634103009197305001 0.01604273465001729640 0.00000000099999999999 0.34012874776749918437 
0.00000000099999999998 0.19511714574576616288 0.01668214226914295842 0.00000000099999999998 0.00000000099999999998 0.00000000099999999998 0.41598311198617382578 0.02948321958580040272 0.00000000099999999998 0.34273437541311668753 
0.31680679750685181162 0.35516218057495824167 0.00000000099999999996 0.32803101491819025570 0.00000000099999999996 0.00000000099999999996 0.00000000099999999996 0.00000000099999999996 0.00000000099999999996 0.00000000099999999996 
0.22478562106475308280 0.16585659177501832495 0.01389265463233916274 0.00000000099999999997 0.09279882085487269061 0.00000000099999999997 0.27101901271075623523 0.00000000099999999997 0.00000000099999999997 0.23164729496226046934 
0.00000000100000000000 0.32325069061148664629 0.00000000100000000000 0.00000000141522626645 0.20663951357981255597 0.00000000100000000000 0.23515901964344329556 0.06228058401364989366 0.06617828030362453429 0.10649190743275666060 
0.00000000099999999987 0.00000000099999999987 0.00000000099999999987 0.00000000099999999987 0.00000000099999999987 0.00000000099999999987 0.00000000099999999987 0.00000000099999999987 0.00000000099999999987 0.99999999099999992147 
0.00000000099999999989 0.00000000099999999989 0.00000000099999999989 0.00000000099999999989 0.99999999100000014352 0.00000000099999999989 0.00000000099999999989 0.00000000099999999989 0.00000000099999999989 0.00000000099999999989 
0.37738789061838740047 0.26553989633605717957 0.00000802706824953634 0.10170134337208075470 0.10217935853786581923 0.00000000099999999997 0.00000000099999999997 0.02571275859362246938 0.00000000099999999997 0.12747072247373711362 
0.00000000099999999989 0.00000000099999999989 0.00000000099999999989 0.00000000099999999989 0.00000000099999999989 0.00000000099999999989 0.00000000099999999989 0.00000000099999999989 0.00000000099999999989 0.99999999100000003249 
0.30209690767371272235 0.46224056101801297425 0.00000000099999999997 0.00000000099999999997 0.20336464658429104224 0.00000000099999999997 0.00000000099999999997 0.03229787872398325738 0.00000000099999999997 0.00000000099999999997 
0.30589142682240327842 0.19336556317681102835 0.00000000099999999999 0.00000000099999999999 0.31546561576846410269 0.00000000099999999999 0.00004702069219211407 0.04859241961705816626 0.00000000099999999999 0.13663794992307135012 
0.27530847962323229394 0.07202716630268343745 0.00000006114057408947 0.26666848123476488697 0.19565777173134113465 0.00000000099999999999 0.17860781647998580368 0.01173022048741835174 0.00000000099999999999 0.00000000099999999999 
0.13631254150751964671 0.30491790083332709349 0.00000000099999999996 0.40191871761070391278 0.00000000099999999996 0.00000000099999999996 0.00000000099999999996 0.00000000099999999996 0.00000000099999999996 0.15685083404844948896 
0.38977516652433696898 0.00000429906102520922 0.00446452382514619505 0.29453034573228997761 0.00000000099999999996 0.00000000099999999996 0.31122565985720168635 0.00000000099999999996 0.00000000099999999996 0.00000000099999999996 
0.00000000099999999992 0.00000000099999999992 0.99999999100000014352 0.00000000099999999992 0.00000000099999999992 0.00000000099999999992 0.00000000099999999992 0.00000000099999999992 0.00000000099999999992 0.00000000099999999992 
0.00000000099999999996 0.02550873611582611319 0.97449125588417406796 0.00000000099999999996 0.00000000099999999996 0.00000000099999999996 0.00000000099999999996 0.00000000099999999996 0.00000000099999999996 0.00000000099999999996 
0.00000000099999999959 0.00000000099999999959 0.00000000099999999959 0.00000000099999999959 0.00000000099999999959 0.00000000099999999959 0.00000000099999999959 0.00000000099999999959 0.99999999100000003249 0.00000000099999999959 
0.00000000099999999949 0.00000000099999999949 0.00000000099999999949 0.00000000099999999949 0.00000000099999999949 0.99999999100000014352 0.00000000099999999949 0.00000000099999999949 0.00000000099999999949 0.00000000099999999949 
0.00000000099999999999 0.00000000099999999999 0.89470527594513660219 0.00000000099999999999 0.00000000099999999999 0.02936476758202327675 0.00000000099999999999 0.07592994947284019414 0.00000000099999999999 0.00000000099999999999 
0.00000000099999999988 0.00000000099999999988 0.00000000099999999988 0.00000000099999999988 0.99999999100000003249 0.00000000099999999988 0.00000000099999999988 0.00000000099999999988 0.00000000099999999988 0.00000000099999999988 
0.00000000099999999984 0.00000000099999999984 0.00000000099999999984 0.99999999100000003249 0.00000000099999999984 0.00000000099999999984 0.00000000099999999984 0.00000000099999999984 0.00000000099999999984 0.00000000099999999984 
0.00000000099999999997 0.00000000099999999997 0.96710409767583060958 0.00000000099999999997 0.00000000099999999997 0.00286361615534807840 0.00000000099999999997 0.00000000099999999997 0.00000000099999999997 0.03003227916882121942 
0.17845750366708690304 0.23827067208170915613 0.00309936811612102807 0.19676512840649845737 0.15333367272861014863 0.00000000099999999998 0.22382617598334988984 0.00000000099999999998 0.00000000099999999998 0.00624747601662456898 
0.00000000099999999997 0.00000000099999999997 0.00000000099999999997 0.31987108794126034583 0.30998896986364649075 0.00104976467871943126 0.00000000099999999997 0.00000000099999999997 0.00000000099999999997 0.36909017151637368848 
0.00000000099999999983 0.99999999100000014352 0.00000000099999999983 0.00000000099999999983 0.00000000099999999983 0.00000000099999999983 0.00000000099999999983 0.00000000099999999983 0.00000000099999999983 0.00000000099999999983 
0.00000000099999999946 0.00000000099999999946 0.00000000099999999946 0.00000000099999999946 0.00000000099999999946 0.00000000099999999946 0.00000000099999999946 0.00000000099999999946 0.99999999100000003249 0.00000000099999999946 
0.00000000099999999948 0.00000000099999999948 0.00000000099999999948 0.00000000099999999948 0.00000000099999999948 0.00000000099999999948 0.00000000099999999948 0.00000000099999999948 0.99999999100000003249 0.00000000099999999948 
0.00000000099999999939 0.00000000099999999939 0.00000000099999999939 0.00000000099999999939 0.00000000099999999939 0.00000000099999999939 0.00000000099999999939 0.00000000099999999939 0.99999999099999992147 0.00000000099999999939 
0.00000000099999999941 0.00000000099999999941 0.00000000099999999941 0.00000000099999999941 0.00000000099999999941 0.00000000099999999941 0.00000000099999999941 0.00000000099999999941 0.99999999100000003249 0.00000000099999999941 
0.00000000099999999943 0.00000000099999999943 0.00000000099999999943 0.00000000099999999943 0.00000000099999999943 0.00000000099999999943 0.00000000099999999943 0.00000000099999999943 0.99999999099999992147 0.00000000099999999943 
0.00000000099999999996 0.00000000099999999996 0.99999999100000003249 0.00000000099999999996 0.00000000099999999996 0.00000000099999999996 0.00000000099999999996 0.00000000099999999996 0.00000000099999999996 0.00000000099999999996 
0.19700367775733795828 0.00000000099999999998 0.00000000099999999998 0.00000000099999999998 0.22507392961072428261 0.00000000099999999998 0.55967146959658975458 0.01825091703534816034 0.00000000099999999998 0.00000000099999999998 
0.00000000099999999942 0.00000000099999999942 0.00000000099999999942 0.00000000099999999942 0.00000000099999999942 0.00000000099999999942 0.00000000099999999942 0.00000000099999999942 0.99999999099999992147 0.00000000099999999942 
0.00000000099999999951 0.00000000099999999951 0.00000000099999999951 0.00000000099999999951 0.00000000099999999951 0.00000000099999999951 0.00000000099999999951 0.00000000099999999951 0.99999999099999992147 0.00000000099999999951 
0.00000000099999999947 0.00000000099999999947 0.00000000099999999947 0.00000000099999999947 0.00000000099999999947 0.99999999100000014352 0.00000000099999999947 0.00000000099999999947 0.00000000099999999947 0.00000000099999999947 
0.00000000099999999948 0.00000000099999999948 0.00000000099999999948 0.00000000099999999948 0.00000000099999999948 0.99999999100000003249 0.00000000099999999948 0.00000000099999999948 0.00000000099999999948 0.00000000099999999948 
0.00000000099999999995 0.64303872391839733691 0.00000000099999999995 0.00000000099999999995 0.35696126808160277832 0.00000000099999999995 0.00000000099999999995 0.00000000099999999995 0.00000000099999999995 0.00000000099999999995 
0.00000000099999999946 0.00000000099999999946 0.00000000099999999946 0.00000000099999999946 0.00000000099999999946 0.00000000099999999946 0.00000000099999999946 0.00000000099999999946 0.99999999099999992147 0.00000000099999999946 
0.00000000099999999988 0.00000000099999999988 0.00000000099999999988 0.00000000099999999988 0.99999999100000014352 0.00000000099999999988 0.00000000099999999988 0.00000000099999999988 0.00000000099999999988 0.00000000099999999988 
0.00000000099999999995 0.00000000099999999995 0.00000000099999999995 0.00000000099999999995 0.47899303840392470910 0.00000000099999999995 0.00000000099999999995 0.00000000099999999995 0.00000000099999999995 0.52100695359607518409 
0.00000000099999999997 0.05095634171841645355 0.93865456680599301809 0.00000000099999999997 0.00000000099999999997 0.00000000099999999997 0.00000000099999999997 0.01038908447559069165 0.00000000099999999997 0.00000000099999999997 
0.30279628374159023307 0.00000000099999999996 0.00000000099999999996 0.38785487606887308898 0.30934883318953665388 0.00000000099999999996 0.00000000099999999996 0.00000000099999999996 0.00000000099999999996 0.00000000099999999996 
0.00000000099999999989 0.00000000099999999989 0.99999999100000014352 0.00000000099999999989 0.00000000099999999989 0.00000000099999999989 0.00000000099999999989 0.00000000099999999989 0.00000000099999999989 0.00000000099999999989 
0.99999999100000025454 0.00000000099999999988 0.00000000099999999988 0.00000000099999999988 0.00000000099999999988 0.00000000099999999988 0.00000000099999999988 0.00000000099999999988 0.00000000099999999988 0.00000000099999999988 
0.00000000099999999992 0.00000000099999999992 0.99999999100000003249 0.00000000099999999992 0.00000000099999999992 0.00000000099999999992 0.00000000099999999992 0.00000000099999999992 0.00000000099999999992 0.00000000099999999992 
0.99999999100000014352 0.00000000099999999988 0.00000000099999999988 0.00000000099999999988 0.00000000099999999988 0.00000000099999999988 0.00000000099999999988 0.00000000099999999988 0.00000000099999999988 0.00000000099999999988 
0.00000000099999999987 0.00000000099999999987 0.00000000099999999987 0.99999999100000014352 0.00000000099999999987 0.00000000099999999987 0.00000000099999999987 0.00000000099999999987 0.00000000099999999987 0.00000000099999999987 
0.00000000099999999950 0.00000000099999999950 0.00000000099999999950 0.00000000099999999950 0.00000000099999999950 0.00000000099999999950 0.00000000099999999950 0.00000000099999999950 0.99999999100000003249 0.00000000099999999950 
0.00000000099999999993 0.00000000099999999993 0.99999999100000003249 0.00000000099999999993 0.00000000099999999993 0.00000000099999999993 0.00000000099999999993 0.00000000099999999993 0.00000000099999999993 0.00000000099999999993 
0.00000000099999999943 0.00000000099999999943 0.00000000099999999943 0.00000000099999999943 0.00000000099999999943 0.00000000099999999943 0.00000000099999999943 0.00000000099999999943 0.99999999099999992147 0.00000000099999999943 
0.00000000099999999943 0.00000000099999999943 0.00000000099999999943 0.00000000099999999943 0.00000000099999999943 0.00000000099999999943 0.00000000099999999943 0.00000000099999999943 0.99999999099999992147 0.00000000099999999943 
0.08807791837912495869 0.10732699898928306503 0.00000000099999999999 0.25105693894410530120 0.00000017361648413213 0.00000000099999999999 0.19423258254695138780 0.02672171770151508113 0.00000000099999999999 0.33258366682253598379 
0.99999999100000014352 0.00000000099999999988 0.00000000099999999988 0.00000000099999999988 0.00000000099999999988 0.00000000099999999988 0.00000000099999999988 0.00000000099999999988 0.00000000099999999988 0.00000000099999999988 
0.00000000099999999989 0.00000000099999999989 0.00000000099999999989 0.00000000099999999989 0.00000000099999999989 0.00000000099999999989 0.99999999099999992147 0.00000000099999999989 0.00000000099999999989 0.00000000099999999989 
0.24765644634777209121 0.10865917830208154937 0.00000000099999999998 0.20983025490747167496 0.16850213642257827473 0.00000000099999999998 0.18619390572744265455 0.04065851859922899048 0.00000000099999999998 0.03849955669342473158 
0.18119867161096808728 0.25534457948510069780 0.00000000099999999999 0.15627937275689049446 0.00000000099999999999 0.00000000099999999999 0.20870034119177702236 0.03736947094467756025 0.00000000099999999999 0.16110756001058632036 
0.22654786587375908002 0.00000000099999999998 0.00000000099999999998 0.00000000153098986555 0.33769111830653042450 0.00000000099999999998 0.00000000566037164024 0.01197039411123437119 0.00000000099999999998 0.42379061051711480745 
0.34162717746893322968 0.00000000099999999996 0.00000000099999999996 0.00000000099999999996 0.65837281453106666351 0.00000000099999999996 0.00000000099999999996 0.00000000099999999996 0.00000000099999999996 0.00000000099999999996 
