0.31342124964392792386 0.14397866827361724407 0.11117550776026086101 0.00000000100000000000 0.41147487572186186577 0.00000210057374551480 0.01994759602658658162 0.00000000100000000000 
0.00000000099999999993 0.00000000099999999993 0.00000000099999999993 0.99999999300000008695 0.00000000099999999993 0.00000000099999999993 0.00000000099999999993 0.00000000099999999993 
0.00000000099999999993 0.00000000099999999993 0.00000000099999999993 0.99999999299999997593 0.00000000099999999993 0.00000000099999999993 0.00000000099999999993 0.00000000099999999993 
0.27138069263081382454 0.18666311804011437303 0.06556066002653854197 0.02641791869259812672 0.44687840318755206459 0.00000000099999999999 0.00309920542238291408 0.00000000099999999999 
0.28443299430732338351 0.27408245828019817125 0.11164674313491777802 0.00000000099999999999 0.32433760193290189777 0.00000000099999999999 0.00550019934465889593 0.00000000099999999999 
0.19718430741150477781 0.23645407635670437352 0.21816165971527895495 0.01592981664550711246 0.33227013687100470651 0.00000000099999999998 0.00000000099999999998 0.00000000099999999998 
0.00000000099999999994 0.00000000099999999994 0.00000000099999999994 0.99999999300000008695 0.00000000099999999994 0.00000000099999999994 0.00000000099999999994 0.00000000099999999994 
0.00000000099999999990 0.00000000099999999990 0.00000000099999999990 0.99999999300000008695 0.00000000099999999990 0.00000000099999999990 0.00000000099999999990 0.00000000099999999990 
0.00000000099999999998 0.42707897010645506919 0.17323977261894443758 0.00000000099999999998 0.39080074284971272336 0.00000000099999999998 0.00888051042488775810 0.00000000099999999998 
0.00000000099999999993 0.00000000099999999993 0.00000000099999999993 0.99999999300000008695 0.00000000099999999993 0.00000000099999999993 0.00000000099999999993 0.00000000099999999993 
0.28820648800584680593 0.48146531395776615003 0.00006316071118800967 0.01319478277914075577 0.21468883398432000997 0.00000000099999999999 0.00238141856173830751 0.00000000099999999999 
0.33285055714910499747 0.33745075112225880742 0.11730119430083887910 0.01305713062928951125 0.19607007712503402019 0.00000000099999999997 0.00327028767347397210 0.00000000099999999997 
0.17497405192398202134 0.43544831302797570860 0.00000000625194274534 0.00000000099999999999 0.38776615552545656840 0.00000000099999999999 0.00181147027064284920 0.00000000099999999999 
0.38245542272517146776 0.32492114362710466935 0.14887067337153425672 0.00000026371509134620 0.13112268564079990196 0.00000000099999999999 0.01262980892029837501 0.00000000099999999999 
0.99999999300000008695 0.00000000099999999991 0.00000000099999999991 0.00000000099999999991 0.00000000099999999991 0.00000000099999999991 0.00000000099999999991 0.00000000099999999991 
0.26114704670549648835 0.25928519923654413937 0.15501030380608254999 0.05036484307814072248 0.24697115763474086769 0.00000000099999999999 0.02722144753899518460 0.00000000099999999999 
0.37477296720480329784 0.32785288914706195440 0.09069937676556384665 0.00000000099999999998 0.20667476288257091710 0.00000000099999999998 0.00000000099999999998 0.00000000099999999998 
0.00000000099999999993 0.99999999300000008695 0.00000000099999999993 0.00000000099999999993 0.00000000099999999993 0.00000000099999999993 0.00000000099999999993 0.00000000099999999993 
0.20174052856783386556 0.19257002940622872100 0.20007663435629158277 0.00000000100000000000 0.39761369592354073310 0.00379008506087823811 0.00420902468522680543 0.00000000100000000000 
0.27305114491680254618 0.10671822468475644641 0.00000000099999999996 0.00000000099999999996 0.62023062539844098229 0.00000000099999999996 0.00000000099999999996 0.00000000099999999996 
0.20999361614992004266 0.23402667888145406438 0.00000000099999999998 0.00000000099999999998 0.55597969996862584008 0.00000000099999999998 0.00000000099999999998 0.00000000099999999998 
0.00000000099999999996 0.00000000099999999996 0.00000000099999999996 0.99999999299999997593 0.00000000099999999996 0.00000000099999999996 0.00000000099999999996 0.00000000099999999996 
0.99999999300000008695 0.00000000099999999991 0.00000000099999999991 0.00000000099999999991 0.00000000099999999991 0.00000000099999999991 0.00000000099999999991 0.00000000099999999991 
0.00000000099999999973 0.00000000099999999973 0.99999999300000008695 0.00000000099999999973 0.00000000099999999973 0.00000000099999999973 0.00000000099999999973 0.00000000099999999973 
0.00000000099999999996 0.45370718668712534116 0.00000000099999999996 0.02618376328883123202 0.52010904502404331495 0.00000000099999999996 0.00000000099999999996 0.00000000099999999996 
0.26767212580704108360 0.26395731861711291266 0.14716027158703964828 0.00000000099999999998 0.32121027998880624654 0.00000000099999999998 0.00000000099999999998 0.00000000099999999998 
0.00000000099999999971 0.00000000099999999971 0.00000000099999999971 0.00000000099999999971 0.00000000099999999971 0.00000000099999999971 0.99999999299999997593 0.00000000099999999971 
0.00000000099999999967 0.00000000099999999967 0.00000000099999999967 0.00000000099999999967 0.00000000099999999967 0.00000000099999999967 0.99999999299999986491 0.00000000099999999967 
0.00000000099999999993 0.99999999300000008695 0.00000000099999999993 0.00000000099999999993 0.00000000099999999993 0.00000000099999999993 0.00000000099999999993 0.00000000099999999993 
0.22635986498659424471 0.50168632367132670602 0.27195380634207899639 0.00000000099999999997 0.00000000099999999997 0.00000000099999999997 0.00000000099999999997 0.00000000099999999997 
0.00000000099999999997 0.46293885862768835437 0.00006592168696418047 0.00594740937093472029 0.53104780631441261818 0.00000000099999999997 0.00000000099999999997 0.00000000099999999997 
0.00000000099999999992 0.00000000099999999992 0.08844230864968763428 0.91155768535031256317 0.00000000099999999992 0.00000000099999999992 0.00000000099999999992 0.00000000099999999992 
0.00000000099999999984 0.00000000099999999984 0.51223121035689800351 0.13139215740187071280 0.00000000099999999984 0.00000000099999999984 0.35637662724123120306 0.00000000099999999984 
0.37870660468438072099 0.19630404557571609625 0.05347135031231390473 0.00000000099999999997 0.37151799542758923156 0.00000000099999999997 0.00000000099999999997 0.00000000099999999997 
0.00000000099999999960 0.00000000099999999960 0.00000000099999999960 0.00000000099999999960 0.00000000099999999960 0.99999999299999997593 0.00000000099999999960 0.00000000099999999960 
0.00000000099999999954 0.00000000099999999954 0.00000000099999999954 0.00000000099999999954 0.00000000099999999954 0.00000000099999999954 0.00000000099999999954 0.99999999300000008695 
0.00000000099999999955 0.00000000099999999955 0.00000000099999999955 0.00000000099999999955 0.00000000099999999955 0.00000000099999999955 0.00000000099999999955 0.99999999299999997593 
0.00000000099999999973 0.00000000099999999973 0.00000000099999999973 0.00000000099999999973 0.00000000099999999973 0.00000000099999999973 0.99999999299999997593 0.00000000099999999973 
0.00000000099999999968 0.00000000099999999968 0.00000000099999999968 0.00000000099999999968 0.00000000099999999968 0.00000000099999999968 0.99999999299999986491 0.00000000099999999968 
0.45174715184987562777 0.54825284215012448641 0.00000000099999999995 0.00000000099999999995 0.00000000099999999995 0.00000000099999999995 0.00000000099999999995 0.00000000099999999995 
0.00000000099999999995 0.00000000099999999995 0.00000000099999999995 0.99999999300000008695 0.00000000099999999995 0.00000000099999999995 0.00000000099999999995 0.00000000099999999995 
0.00000000099999999970 0.00000000099999999970 0.00000000099999999970 0.00000000099999999970 0.00000000099999999970 0.00000000099999999970 0.99999999299999997593 0.00000000099999999970 
0.99999999300000008695 0.00000000099999999990 0.00000000099999999990 0.00000000099999999990 0.00000000099999999990 0.00000000099999999990 0.00000000099999999990 0.00000000099999999990 
0.00000000099999999992 0.00000000099999999992 0.00000000099999999992 0.99999999299999997593 0.00000000099999999992 0.00000000099999999992 0.00000000099999999992 0.00000000099999999992 
0.00000000099999999974 0.00000000099999999974 0.00000000099999999974 0.00000000099999999974 0.00000000099999999974 0.00000000099999999974 0.99999999299999986491 0.00000000099999999974 
0.99999999300000019797 0.00000000099999999991 0.00000000099999999991 0.00000000099999999991 0.00000000099999999991 0.00000000099999999991 0.00000000099999999991 0.00000000099999999991 
0.00000000099999999970 0.00000000099999999970 0.00000000099999999970 0.00000000099999999970 0.00000000099999999970 0.00000000099999999970 0.99999999299999997593 0.00000000099999999970 
0.00000000099999999993 0.00000000099999999993 0.00000000099999999993 0.99999999300000008695 0.00000000099999999993 0.00000000099999999993 0.00000000099999999993 0.00000000099999999993 
0.00000000099999999989 0.00000000099999999989 0.00000000099999999989 0.99999999300000008695 0.00000000099999999989 0.00000000099999999989 0.00000000099999999989 0.00000000099999999989 
0.00000000099999999966 0.00000000099999999966 0.00000000099999999966 0.00000000099999999966 0.00000000099999999966 0.00000000099999999966 0.99999999299999997593 0.00000000099999999966 
0.00000000099999999969 0.00000000099999999969 0.00000000099999999969 0.00000000099999999969 0.00000000099999999969 0.00000000099999999969 0.99999999299999997593 0.00000000099999999969 
0.00000000099999999994 0.00000000099999999994 0.00000000099999999994 0.99999999299999997593 0.00000000099999999994 0.00000000099999999994 0.00000000099999999994 0.00000000099999999994 
0.00000000099999999994 0.00000000099999999994 0.00000000099999999994 0.99999999300000008695 0.00000000099999999994 0.00000000099999999994 0.00000000099999999994 0.00000000099999999994 
0.00000000099999999995 0.00000000099999999995 0.00000000099999999995 0.99999999300000008695 0.00000000099999999995 0.00000000099999999995 0.00000000099999999995 0.00000000099999999995 
0.00000000099999999974 0.00000000099999999974 0.00000000099999999974 0.00000000099999999974 0.00000000099999999974 0.00000000099999999974 0.99999999299999986491 0.00000000099999999974 
0.38134827893886380501 0.26286089874443691050 0.06286629320803764631 0.03500922369073436458 0.24757958066634752625 0.00000000099999999999 0.01033572275157988545 0.00000000099999999999 
0.32272098267350834977 0.00000000099999999998 0.00000000099999999998 0.00000000099999999998 0.65604458626652184527 0.00000000099999999998 0.02123442605996963412 0.00000000099999999998 
0.99999999300000019797 0.00000000099999999988 0.00000000099999999988 0.00000000099999999988 0.00000000099999999988 0.00000000099999999988 0.00000000099999999988 0.00000000099999999988 
0.18014191768375414915 0.21857594611675851271 0.15546174751212751830 0.00584624911409356400 0.43997413657326622793 0.00000000099999999999 0.00000000099999999999 0.00000000099999999999 
0.00000000099999999993 0.00000000099999999993 0.00000000099999999993 0.99999999299999997593 0.00000000099999999993 0.00000000099999999993 0.00000000099999999993 0.00000000099999999993 
0.23234580128109899588 0.40209079824177906826 0.00000000099999999999 0.00000000099999999999 0.36556292119536037966 0.00000000099999999999 0.00000047528176173090 0.00000000099999999999 
0.00000000099999999960 0.00000000099999999960 0.00000000099999999960 0.00000000099999999960 0.00000000099999999960 0.99999999300000008695 0.00000000099999999960 0.00000000099999999960 
0.00000000099999999991 0.00000000099999999991 0.00000000099999999991 0.00000000099999999991 0.99999999300000008695 0.00000000099999999991 0.00000000099999999991 0.00000000099999999991 
0.00000000099999999961 0.00000000099999999961 0.00000000099999999961 0.00000000099999999961 0.00000000099999999961 0.99999999299999997593 0.00000000099999999961 0.00000000099999999961 
0.18801920226922144708 0.25768499630039987114 0.25789592425241542051 0.02175861714189951043 0.27464125703606362405 0.00000000099999999998 0.00000000099999999998 0.00000000099999999998 
0.00000000099999999962 0.00000000099999999962 0.00000000099999999962 0.00000000099999999962 0.00000000099999999962 0.99999999299999997593 0.00000000099999999962 0.00000000099999999962 
0.18087704121104702937 0.36314668182205839253 0.18021096225993626927 0.00000000099999999998 0.27576531070695819992 0.00000000099999999998 0.00000000099999999998 0.00000000099999999998 
0.42353574780702191171 0.00000000099999999999 0.07420950197141037985 0.00000000099999999999 0.50225474522156754453 0.00000000099999999999 0.00000000099999999999 0.00000000099999999999 
0.00000000099999999991 0.00000000099999999991 0.00000000099999999991 0.99999999300000008695 0.00000000099999999991 0.00000000099999999991 0.00000000099999999991 0.00000000099999999991 
0.00000000099999999993 0.00000000099999999993 0.40118255081637532733 0.00000000099999999993 0.59881744318362450930 0.00000000099999999993 0.00000000099999999993 0.00000000099999999993 
0.00000000099999999968 0.00000000099999999968 0.00000000099999999968 0.00000000099999999968 0.00000000099999999968 0.57430099613318474905 0.00000000099999999968 0.42569899786681536513 
0.00000000099999999963 0.00000000099999999963 0.00000000099999999963 0.00000000099999999963 0.00000000099999999963 0.99999999300000008695 0.00000000099999999963 0.00000000099999999963 
0.00000000099999999996 0.92213442293605318856 0.00000000099999999996 0.07786557106394700889 0.00000000099999999996 0.00000000099999999996 0.00000000099999999996 0.00000000099999999996 
0.00000000099999999992 0.00000000099999999992 0.00000000099999999992 0.99999999300000008695 0.00000000099999999992 0.00000000099999999992 0.00000000099999999992 0.00000000099999999992 
0.00000000099999999975 0.00000000099999999975 0.00000000099999999975 0.00000000099999999975 0.00000000099999999975 0.00000000099999999975 0.99999999299999997593 0.00000000099999999975 
0.00000000099999999992 0.00000000099999999992 0.00000000099999999992 0.99999999300000008695 0.00000000099999999992 0.00000000099999999992 0.00000000099999999992 0.00000000099999999992 
0.00000000410030667727 0.67791297539303785324 0.30657071132724483808 0.01551630517941077377 0.00000000099999999998 0.00000000099999999998 0.00000000099999999998 0.00000000099999999998 
0.00000000099999999959 0.00000000099999999959 0.00000000099999999959 0.00000000099999999959 0.00000000099999999959 0.00000000099999999959 0.00000000099999999959 0.99999999300000008695 
0.00000000099999999964 0.00000000099999999964 0.00000000099999999964 0.00000000099999999964 0.00000000099999999964 0.00000000099999999964 0.99999999299999997593 0.00000000099999999964 
0.00000000099999999964 0.00000000099999999964 0.00000000099999999964 0.00000000099999999964 0.00000000099999999964 0.00000000099999999964 0.00000000099999999964 0.99999999300000008695 
0.00000000099999999995 0.00000000099999999995 0.00000000099999999995 0.00000000099999999995 0.99999999299999997593 0.00000000099999999995 0.00000000099999999995 0.00000000099999999995 
0.00000000099999999989 0.00000000099999999989 0.00000000099999999989 0.99999999299999997593 0.00000000099999999989 0.00000000099999999989 0.00000000099999999989 0.00000000099999999989 
0.00000000099999999992 0.00000000099999999992 0.00000000099999999992 0.99999999300000008695 0.00000000099999999992 0.00000000099999999992 0.00000000099999999992 0.00000000099999999992 
0.47575249223844806590 0.00000000099999999996 0.30567975522935003641 0.21856774753220198360 0.00000000099999999996 0.00000000099999999996 0.00000000099999999996 0.00000000099999999996 
0.09552212235152449105 0.20347291447785617602 0.14054349036998495248 0.00000000099999999999 0.54158059876556874368 0.00000000099999999999 0.01888087103506562794 0.00000000099999999999 
0.41000462279263288901 0.00000000099999999996 0.00000000099999999996 0.00000000099999999996 0.58999537120736711415 0.00000000099999999996 0.00000000099999999996 0.00000000099999999996 
0.08244758089356202246 0.49517284787366683263 0.08608052991003535548 0.01129022032780088725 0.32500881799493491764 0.00000000099999999997 0.00000000099999999997 0.00000000099999999997 
0.00000000099999999994 0.99999999300000008695 0.00000000099999999994 0.00000000099999999994 0.00000000099999999994 0.00000000099999999994 0.00000000099999999994 0.00000000099999999994 
0.19240252175666539003 0.31169834789986222701 0.22276923074618273923 0.00000000099999999996 0.27312989559728972910 0.00000000099999999996 0.00000000099999999996 0.00000000099999999996 
0.21871991922086489457 0.26261766055091861904 0.00000000099999999996 0.00000161202888627970 0.51866080419933013879 0.00000000099999999996 0.00000000099999999996 0.00000000099999999996 
0.16795162338705338367 0.38087213368729799789 0.00390297948794761720 0.00128325750375107807 0.44405012613416927625 0.00000000099999999998 0.00193987779978076484 0.00000000099999999998 
0.00000000099999999996 0.00000000099999999996 0.00000000099999999996 0.00614088665104871052 0.99385910734895144270 0.00000000099999999996 0.00000000099999999996 0.00000000099999999996 
0.00000000099999999993 0.00000000099999999993 0.00000000099999999993 0.99999999299999997593 0.00000000099999999993 0.00000000099999999993 0.00000000099999999993 0.00000000099999999993 
0.00000000099999999997 0.00000000099999999997 0.00000000099999999997 0.99197703609219289866 0.00802295790780723633 0.00000000099999999997 0.00000000099999999997 0.00000000099999999997 
0.00000000099999999979 0.00000000099999999979 0.00000000099999999979 0.00000000099999999979 0.00000000099999999979 0.43162802824774793020 0.00000000099999999979 0.56837196575225212847 
0.00000000099999999995 0.00000000099999999995 0.00000000099999999995 0.99999999300000008695 0.00000000099999999995 0.00000000099999999995 0.00000000099999999995 0.00000000099999999995 
0.00368584337138267489 0.00000000099999999996 0.00000000099999999996 0.99631415062861727883 0.00000000099999999996 0.00000000099999999996 0.00000000099999999996 0.00000000099999999996 
0.25086688094431353058 0.27922947014333543425 0.07558498754352355187 0.01318657135610567036 0.37719613469434248865 0.00000000099999999998 0.00393595331837937306 0.00000000099999999998 
0.00000000099999999954 0.00000000099999999954 0.00000000099999999954 0.00000000099999999954 0.00000000099999999954 0.00000000099999999954 0.00000000099999999954 0.99999999300000008695 
0.10308757794978483380 0.39554453405002787392 0.10409456171548420178 0.00000000099999999998 0.39727332228470313424 0.00000000099999999998 0.00000000099999999998 0.00000000099999999998 
0.00000000099999999997 0.57425729515875412190 0.00000000099999999997 0.00000000099999999997 0.42574269884124599228 0.00000000099999999997 0.00000000099999999997 0.00000000099999999997 
0.33201695617067750188 0.12683561740686633001 0.23723025599200595059 0.00000000099999999999 0.30391716626813425339 0.00000000099999999999 0.00000000116231596496 0.00000000099999999999 
0.30444351465984387239 0.24462603133163540736 0.00000000099999999999 0.01259025126704637829 0.43834019874147434059 0.00000000099999999999 0.00000000099999999999 0.00000000099999999999 
0.20479887329821716557 0.24779990574612481558 0.08920165282994922673 0.00000000099999999999 0.45819956412570872484 0.00000000099999999999 0.00000000099999999999 0.00000000099999999999 
0.43431966987011144665 0.00000000226495246094 0.16108365178517655703 0.01955511999757841499 0.38504155308218102061 0.00000000099999999998 0.00000000099999999998 0.00000000099999999998 
0.24537283433980391911 0.00000000099999999997 0.32095530086412377146 0.00000000099999999997 0.43367185979607242308 0.00000000099999999997 0.00000000099999999997 0.00000000099999999997 
0.38427764947764941894 0.00000000099999999998 0.13012283626707590867 0.00000000099999999998 0.48008488308857849569 0.00000000099999999998 0.00551462716669618228 0.00000000099999999998 
0.42774050125406337663 0.00000000099999999999 0.00000000099999999999 0.00000000099999999999 0.54555771505588535053 0.00000000099999999999 0.02670177869005120955 0.00000000099999999999 
0.00000000099999999998 0.58041080904520137018 0.00000001015584247418 0.00000000099999999998 0.41958917579895621541 0.00000000099999999998 0.00000000099999999998 0.00000000099999999998 
0.99999999300000019797 0.00000000099999999988 0.00000000099999999988 0.00000000099999999988 0.00000000099999999988 0.00000000099999999988 0.00000000099999999988 0.00000000099999999988 
0.00000000099999999996 0.00000000099999999996 0.00000000099999999996 0.00000000099999999996 0.99999999300000008695 0.00000000099999999996 0.00000000099999999996 0.00000000099999999996 
0.00000000099999999991 0.99999999300000008695 0.00000000099999999991 0.00000000099999999991 0.00000000099999999991 0.00000000099999999991 0.00000000099999999991 0.00000000099999999991 
0.00000000099999999997 0.00000000099999999997 0.25718798272269954852 0.00000000099999999997 0.74281201127730034361 0.00000000099999999997 0.00000000099999999997 0.00000000099999999997 
0.00000000099999999997 0.32803172911523431621 0.16712712148728361972 0.00000000099999999997 0.50484114439748195569 0.00000000099999999997 0.00000000099999999997 0.00000000099999999997 
0.00000000099999999994 0.00000000099999999994 0.00000000099999999994 0.00000000099999999994 0.99999999300000008695 0.00000000099999999994 0.00000000099999999994 0.00000000099999999994 
0.37450640206400309662 0.20421622928602772840 0.14263919771564026462 0.00389105954045133786 0.27449897753268875933 0.00000000099999999999 0.00024813186118893328 0.00000000099999999999 
0.24593053870243966608 0.22307208998330768646 0.15524520477681880148 0.02818235079759813175 0.34756981273983567071 0.00000000099999999999 0.00000000099999999999 0.00000000099999999999 
0.73821306834873678948 0.00000000099999999996 0.26178692565126332470 0.00000000099999999996 0.00000000099999999996 0.00000000099999999996 0.00000000099999999996 0.00000000099999999996 
0.31347480458921611612 0.32868121679179679306 0.22175166085805078642 0.01193241096528061852 0.12415990379565552959 0.00000000099999999997 0.00000000099999999997 0.00000000099999999997 
0.00001133497074061914 0.37509985271561424591 0.16838168945535675336 0.00428488974370147113 0.37875411654857155108 0.00000000100000000000 0.00000000100000000000 0.07346811456601543000 
0.00000797332506433706 0.00000000099999999996 0.40857311319689842977 0.00000000099999999996 0.59141890847803713083 0.00000000099999999996 0.00000000099999999996 0.00000000099999999996 
0.00000000099999999993 0.66820174917161090367 0.33179824482838904398 0.00000000099999999993 0.00000000099999999993 0.00000000099999999993 0.00000000099999999993 0.00000000099999999993 
0.39806816460789168355 0.59752908987035191490 0.00000000099999999995 0.00440274052175661929 0.00000000099999999995 0.00000000099999999995 0.00000000099999999995 0.00000000099999999995 
0.28679275502691875532 0.07362941245186707673 0.15387729257795437765 0.00000000099999999998 0.47271014591266202753 0.00000000099999999998 0.01299039103059796210 0.00000000099999999998 
0.19620389358391143730 0.36903865468104757319 0.08497855807749972457 0.00564331391079683081 0.34413557674674438713 0.00000000099999999997 0.00000000099999999997 0.00000000099999999997 
0.00000000099999999997 0.62338882992854571796 0.37661116407145439622 0.00000000099999999997 0.00000000099999999997 0.00000000099999999997 0.00000000099999999997 0.00000000099999999997 
0.28428605591933264751 0.51616505287071190455 0.00003230869967338447 0.01021634013751670372 0.18756168379569351790 0.00000000099999999998 0.00173855657707182266 0.00000000099999999998 
0.30325291512407875905 0.20416996436393872183 0.11011150597450351796 0.00000000099999999998 0.38246561053747912817 0.00000000099999999998 0.00000000099999999998 0.00000000099999999998 
0.20672407188019145674 0.33877954225906292685 0.00000000099999999996 0.02743212173521720337 0.42706426012552844984 0.00000000099999999996 0.00000000099999999996 0.00000000099999999996 
0.00000000099999999992 0.00000000099999999992 0.00000000099999999992 0.99999999299999997593 0.00000000099999999992 0.00000000099999999992 0.00000000099999999992 0.00000000099999999992 
0.00000000099999999997 0.00000000099999999997 0.00000000099999999997 0.99999999300000008695 0.00000000099999999997 0.00000000099999999997 0.00000000099999999997 0.00000000099999999997 
0.00000000099999999964 0.00000000099999999964 0.00000000099999999964 0.00000000099999999964 0.00000000099999999964 0.00000000099999999964 0.00000000099999999964 0.99999999300000008695 
0.00000000099999999965 0.00000000099999999965 0.00000000099999999965 0.00000000099999999965 0.00000000099999999965 0.00000000099999999965 0.99999999299999997593 0.00000000099999999965 
0.00000000099999999999 0.00000000099999999999 0.05879376269860857318 0.90303077019645039414 0.00000000099999999999 0.00000000099999999999 0.03817546210494113940 0.00000000099999999999 
0.36712055600371262809 0.00094767496932850540 0.16274397497551534864 0.00000000099999999997 0.46918779005144356509 0.00000000099999999997 0.00000000099999999997 0.00000000099999999997 
0.00000000099999999993 0.00000000099999999993 0.00000000099999999993 0.00000000099999999993 0.99999999300000008695 0.00000000099999999993 0.00000000099999999993 0.00000000099999999993 
0.00000000099999999996 0.00000000099999999996 0.03530526363701355641 0.96387119636826024127 0.00000000099999999996 0.00000000099999999996 0.00082353499472633993 0.00000000099999999996 
0.21798265631432001133 0.27269163646946914525 0.15213480291446890291 0.00899023747037466618 0.34820066383136721866 0.00000000099999999998 0.00000000099999999998 0.00000000099999999998 
0.22226847620183368126 0.40442948585818699891 0.00234005035512270271 0.00000000099999999996 0.36319462655141870888 0.00000000099999999996 0.00776735803343797399 0.00000000099999999996 
0.45707661698475993139 0.00000000099999999997 0.21736148597899157542 0.00000000099999999997 0.32556189203624852357 0.00000000099999999997 0.00000000099999999997 0.00000000099999999997 
0.00000000099999999959 0.00000000099999999959 0.00000000099999999959 0.00000000099999999959 0.00000000099999999959 0.00000000099999999959 0.00000000099999999959 0.99999999300000008695 
0.00000000099999999961 0.00000000099999999961 0.00000000099999999961 0.00000000099999999961 0.00000000099999999961 0.99999999299999997593 0.00000000099999999961 0.00000000099999999961 
0.00000000099999999956 0.00000000099999999956 0.00000000099999999956 0.00000000099999999956 0.00000000099999999956 0.99999999299999997593 0.00000000099999999956 0.00000000099999999956 
0.00000000099999999962 0.00000000099999999962 0.00000000099999999962 0.00000000099999999962 0.00000000099999999962 0.67662250897358544588 0.00000000099999999962 0.32337748502641472381 
0.00000000099999999955 0.00000000099999999955 0.00000000099999999955 0.00000000099999999955 0.00000000099999999955 0.00000000099999999955 0.00000000099999999955 0.99999999300000008695 
0.00000000099999999996 0.00000000099999999996 0.00000000099999999996 0.99999999300000008695 0.00000000099999999996 0.00000000099999999996 0.00000000099999999996 0.00000000099999999996 
0.31632863432325281083 0.26044914263943635957 0.14350221013683700511 0.00000000099999999999 0.27428371878583124310 0.00000000099999999999 0.00543629111464278419 0.00000000099999999999 
0.00000000099999999962 0.00000000099999999962 0.00000000099999999962 0.00000000099999999962 0.00000000099999999962 0.65879488832149379895 0.00000000099999999962 0.34120510567850631523 
0.00000000099999999968 0.00000000099999999968 0.00000000099999999968 0.00000000099999999968 0.00000000099999999968 0.62391704733592256993 0.00000000099999999968 0.37608294666407759976 
0.00000000099999999964 0.00000000099999999964 0.00000000099999999964 0.00000000099999999964 0.00000000099999999964 0.00000000099999999964 0.99999999299999986491 0.00000000099999999964 
0.00000000099999999964 0.00000000099999999964 0.00000000099999999964 0.00000000099999999964 0.00000000099999999964 0.00000000099999999964 0.99999999299999997593 0.00000000099999999964 
0.32802174336464634541 0.44517032505447712287 0.22680792658087656211 0.00000000099999999997 0.00000000099999999997 0.00000000099999999997 0.00000000099999999997 0.00000000099999999997 
0.00000000099999999959 0.00000000099999999959 0.00000000099999999959 0.00000000099999999959 0.00000000099999999959 0.99999999300000008695 0.00000000099999999959 0.00000000099999999959 
0.00000000099999999992 0.99999999300000019797 0.00000000099999999992 0.00000000099999999992 0.00000000099999999992 0.00000000099999999992 0.00000000099999999992 0.00000000099999999992 
0.43591094344910613634 0.00000000099999999996 0.00000000099999999996 0.00000000099999999996 0.56408905055089386682 0.00000000099999999996 0.00000000099999999996 0.00000000099999999996 
0.00000000099999999996 0.04953140794293091342 0.00000000099999999996 0.95046858605706918688 0.00000000099999999996 0.00000000099999999996 0.00000000099999999996 0.00000000099999999996 
0.00000132780936049816 0.58749995300176216517 0.10262446552593934568 0.00099013563777867238 0.30888411502515927820 0.00000000099999999996 0.00000000099999999996 0.00000000099999999996 
0.00000000099999999990 0.00000000099999999990 0.00000000099999999990 0.99999999300000008695 0.00000000099999999990 0.00000000099999999990 0.00000000099999999990 0.00000000099999999990 
0.99999999300000019797 0.00000000099999999990 0.00000000099999999990 0.00000000099999999990 0.00000000099999999990 0.00000000099999999990 0.00000000099999999990 0.00000000099999999990 
0.00000000099999999991 0.00000000099999999991 0.00000000099999999991 0.99999999300000008695 0.00000000099999999991 0.00000000099999999991 0.00000000099999999991 0.00000000099999999991 
0.28227032546182839745 0.18713748620612991047 0.16330026871180355896 0.00000014364236781976 0.35409816974703706149 0.00000000099999999999 0.01319360423083332408 0.00000000099999999999 
0.00000000099999999999 0.39730902901475473321 0.10918943958687661600 0.00000000099999999999 0.48704124429735679014 0.00000000099999999999 0.00646028310101176735 0.00000000099999999999 
0.00000000099999999962 0.00000000099999999962 0.00000000099999999962 0.00000000099999999962 0.00000000099999999962 0.99999999300000008695 0.00000000099999999962 0.00000000099999999962 
0.00000000099999999993 0.00000000099999999993 0.00000000099999999993 0.99999999299999997593 0.00000000099999999993 0.00000000099999999993 0.00000000099999999993 0.00000000099999999993 
0.00000000099999999958 0.00000000099999999958 0.00000000099999999958 0.00000000099999999958 0.00000000099999999958 0.99999999299999997593 0.00000000099999999958 0.00000000099999999958 
0.00000000099999999962 0.00000000099999999962 0.00000000099999999962 0.00000000099999999962 0.00000000099999999962 0.42818836935103188335 0.00000000099999999962 0.57181162464896806430 
0.99999999300000008695 0.00000000099999999989 0.00000000099999999989 0.00000000099999999989 0.00000000099999999989 0.00000000099999999989 0.00000000099999999989 0.00000000099999999989 
0.36115125551663773695 0.44800893832359001134 0.00000000099999999996 0.01584541076462358394 0.17499439139514866293 0.00000000099999999996 0.00000000099999999996 0.00000000099999999996 
0.39991589408590288990 0.00000000099999999995 0.00000000099999999995 0.00000000099999999995 0.60008409991409705775 0.00000000099999999995 0.00000000099999999995 0.00000000099999999995 
0.00000000099999999995 0.71692455866175763823 0.28307543533824242044 0.00000000099999999995 0.00000000099999999995 0.00000000099999999995 0.00000000099999999995 0.00000000099999999995 
0.00000000099999999985 0.00000000099999999985 0.99999999300000008695 0.00000000099999999985 0.00000000099999999985 0.00000000099999999985 0.00000000099999999985 0.00000000099999999985 
0.00000000099999999995 0.00000000099999999995 0.30817325616578206127 0.00000000099999999995 0.69182673783421777536 0.00000000099999999995 0.00000000099999999995 0.00000000099999999995 
0.00000000099999999996 0.40479745784504800321 0.00000000099999999996 0.00000000099999999996 0.59520253615495188892 0.00000000099999999996 0.00000000099999999996 0.00000000099999999996 
0.02166430467454227154 0.00000000099999999995 0.00000000099999999995 0.97833568932545778019 0.00000000099999999995 0.00000000099999999995 0.00000000099999999995 0.00000000099999999995 
0.00000000988209770838 0.19674011486416287386 0.18584231037378171059 0.00000000099999999996 0.61741756087995769420 0.00000000099999999996 0.00000000099999999996 0.00000000099999999996 
0.00000000099999999957 0.00000000099999999957 0.00000000099999999957 0.00000000099999999957 0.00000000099999999957 0.99999999300000008695 0.00000000099999999957 0.00000000099999999957 
0.28993173245875386579 0.34505646486075264301 0.05378653862813808501 0.00000000099999999999 0.31122526005235529034 0.00000000099999999999 0.00000000099999999999 0.00000000099999999999 
0.00000000099999999982 0.00000000099999999982 0.00000000099999999982 0.00000000099999999982 0.00000000099999999982 0.00000000099999999982 0.00000000099999999982 0.99999999299999997593 
0.00000000099999999959 0.00000000099999999959 0.00000000099999999959 0.00000000099999999959 0.00000000099999999959 0.00000000099999999959 0.00000000099999999959 0.99999999300000008695 
0.26315860241413452369 0.35854559804742336393 0.08550481142672614054 0.01106069327275291218 0.28173029183896297623 0.00000000099999999998 0.00000000099999999998 0.00000000099999999998 
0.00000000099999999997 0.33695744505506186606 0.00000000099999999997 0.00000000099999999997 0.66304254894493819261 0.00000000099999999997 0.00000000099999999997 0.00000000099999999997 
0.64223817246954051363 0.00000000099999999995 0.35776182153045960055 0.00000000099999999995 0.00000000099999999995 0.00000000099999999995 0.00000000099999999995 0.00000000099999999995 
0.00000000099999999966 0.00000000099999999966 0.00000000099999999966 0.00000000099999999966 0.00000000099999999966 0.99999999300000008695 0.00000000099999999966 0.00000000099999999966 
0.00000000099999999992 0.00000000099999999992 0.00000000099999999992 0.99999999299999997593 0.00000000099999999992 0.00000000099999999992 0.00000000099999999992 0.00000000099999999992 
0.00000000099999999992 0.00000000099999999992 0.00000000099999999992 0.99999999300000008695 0.00000000099999999992 0.00000000099999999992 0.00000000099999999992 0.00000000099999999992 
0.00000000099999999967 0.00000000099999999967 0.00000000099999999967 0.00000000099999999967 0.00000000099999999967 0.65176599055286943418 0.00000000099999999967 0.34823400344713051346 
0.00000000099999999988 0.00000000099999999988 0.99999999299999997593 0.00000000099999999988 0.00000000099999999988 0.00000000099999999988 0.00000000099999999988 0.00000000099999999988 
0.45505092438775740504 0.04754428503295066166 0.21804790789729741607 0.02969764656426050059 0.24963029362985886261 0.00000000099999999999 0.00002894048787526514 0.00000000099999999999 
0.00000000099999999961 0.00000000099999999961 0.00000000099999999961 0.00000000099999999961 0.00000000099999999961 0.00000000099999999961 0.00000000099999999961 0.99999999299999997593 
0.10888018967420094729 0.57210736516812021879 0.22077095554552311762 0.00000000099999999997 0.09824148561215570452 0.00000000099999999997 0.00000000099999999997 0.00000000099999999997 
0.00000000099999999990 0.00000000099999999990 0.00000000099999999990 0.99999999300000008695 0.00000000099999999990 0.00000000099999999990 0.00000000099999999990 0.00000000099999999990 
0.00000000099999999999 0.57749068052246677052 0.00000000099999999999 0.21268382784639686123 0.00000000099999999999 0.10703175054712314729 0.10279373708401325083 0.00000000099999999999 
0.00000000099999999995 0.00000000099999999995 0.00000000099999999995 0.00000000099999999995 0.99999999300000008695 0.00000000099999999995 0.00000000099999999995 0.00000000099999999995 
0.29008735998459111993 0.70341148557248711626 0.00000000099999999997 0.00650080566370996819 0.00000000099999999997 0.00000000099999999997 0.00000034477921188884 0.00000000099999999997 
0.19032205008818622871 0.31522199795411937062 0.00000000099999999998 0.00000000099999999998 0.48191329455345793820 0.00000000099999999998 0.01254265340423652876 0.00000000099999999998 
0.00000000099999999983 0.00000000099999999983 0.99999999300000008695 0.00000000099999999983 0.00000000099999999983 0.00000000099999999983 0.00000000099999999983 0.00000000099999999983 
0.00000000099999999992 0.99999999300000019797 0.00000000099999999992 0.00000000099999999992 0.00000000099999999992 0.00000000099999999992 0.00000000099999999992 0.00000000099999999992 
0.00000042061863265653 0.55065418412367206358 0.06633026171899633616 0.00000000099999999998 0.38301512953869898404 0.00000000099999999998 0.00000000099999999998 0.00000000099999999998 
0.00000000099999999996 0.76723760556592812687 0.23276238843407184853 0.00000000099999999996 0.00000000099999999996 0.00000000099999999996 0.00000000099999999996 0.00000000099999999996 
0.34999229111632490508 0.64635975803257261774 0.00000000099999999998 0.00364794585110258390 0.00000000099999999998 0.00000000099999999998 0.00000000099999999998 0.00000000099999999998 
0.00000000099999999994 0.00000000099999999994 0.00000000099999999994 0.99999999300000008695 0.00000000099999999994 0.00000000099999999994 0.00000000099999999994 0.00000000099999999994 
0.25421254172618273914 0.31919131367710318337 0.00000101463193650724 0.00617882929586811933 0.41528569963026246148 0.00000000099999999997 0.00513059903864692291 0.00000000099999999997 
0.18589293845384480264 0.35162682332704514598 0.08492397122824485445 0.00000000099999999998 0.37705342826821569568 0.00000000099999999998 0.00050283572264949860 0.00000000099999999998 
0.00000000099999999994 0.00000000099999999994 0.00000000099999999994 0.00000000099999999994 0.99999999300000008695 0.00000000099999999994 0.00000000099999999994 0.00000000099999999994 
0.22449251997721819674 0.00000000099999999997 0.07098609415210101192 0.00000000099999999997 0.70452138087068072458 0.00000000099999999997 0.00000000099999999997 0.00000000099999999997 
0.33137603465958342941 0.00000000099999999997 0.00000000099999999997 0.00917228671103801144 0.65945167362937839872 0.00000000099999999997 0.00000000099999999997 0.00000000099999999997 
0.00000000099999999991 0.00000000099999999991 0.00000000099999999991 0.00000000099999999991 0.99999999300000008695 0.00000000099999999991 0.00000000099999999991 0.00000000099999999991 
0.11476785272671811977 0.31715127268085457901 0.16337388558144028128 0.00000001763726901428 0.40470696837371805676 0.00000000099999999999 0.00000000099999999999 0.00000000099999999999 
0.03026943691824888691 0.00000000099999999995 0.00000000099999999995 0.96973055708175115441 0.00000000099999999995 0.00000000099999999995 0.00000000099999999995 0.00000000099999999995 
0.00000000099999999992 0.99999999300000019797 0.00000000099999999992 0.00000000099999999992 0.00000000099999999992 0.00000000099999999992 0.00000000099999999992 0.00000000099999999992 
0.31956313178211709358 0.19745280274384283126 0.12837077668415561305 0.00000000099999999998 0.34796136570765556772 0.00000000099999999998 0.00665192008222890898 0.00000000099999999998 
0.23291345084605311055 0.17025857920062598128 0.22331200830113853706 0.00000000100000000000 0.36950974374435863190 0.00400621490782356125 0.00000000100000000000 0.00000000100000000000 
0.00000000099999999996 0.00000000099999999996 0.00000000099999999996 0.99920680429468700101 0.00079318970531295715 0.00000000099999999996 0.00000000099999999996 0.00000000099999999996 
0.25714040847099950415 0.33040771364073856509 0.00393843485805251640 0.02204335877715399641 0.36923451465884138400 0.00000000349341118687 0.00000000100000000000 0.01723556510080280837 
0.31866898827831902086 0.31914865510003964655 0.16632027210790584215 0.00000001635611457995 0.19586206515762091818 0.00000000099999999999 0.00000000099999999999 0.00000000099999999999 
0.00000000099999999997 0.52411507724973660505 0.00000000099999999997 0.47586070289415344226 0.00000000099999999997 0.00000000099999999997 0.00002421485611006138 0.00000000099999999997 
