0.00000000099999999994 0.00000000099999999994 0.00000000099999999994 0.00000000099999999994 0.99999999400000005867 0.00000000099999999994 0.00000000099999999994 
0.00000000099999999994 0.00000000099999999994 0.00000000099999999994 0.99999999400000005867 0.00000000099999999994 0.00000000099999999994 0.00000000099999999994 
0.00000000099999999994 0.00000000099999999994 0.00000000099999999994 0.99999999400000005867 0.00000000099999999994 0.00000000099999999994 0.00000000099999999994 
0.31120803442349770362 0.00106841378922950449 0.49205585921059746823 0.03393856690941993853 0.16172912366725541999 0.00000000099999999999 0.00000000099999999999 
0.30840424731320892349 0.00000000099999999999 0.31456653847029591997 0.00000000099999999999 0.31672271492396369963 0.00000000099999999999 0.06030649629253162503 
0.42505167285639422481 0.00335111702335625381 0.47462529209423287568 0.02317289924103375573 0.07379901678498300421 0.00000000099999999999 0.00000000099999999999 
0.00000000099999999996 0.00000000099999999996 0.00000000099999999996 0.98657831376397930878 0.00000000099999999996 0.00000000099999999996 0.01342168123602062967 
0.00000000099999999993 0.00000000099999999993 0.00000000099999999993 0.99999999399999994765 0.00000000099999999993 0.00000000099999999993 0.00000000099999999993 
0.29675847210946720844 0.01223793006438719105 0.65079614546560338173 0.00000000099999999999 0.00525819466171676894 0.00000000099999999999 0.03494925569882547517 
0.00000000099999999995 0.00000000099999999995 0.00000000099999999995 0.99999999400000005867 0.00000000099999999995 0.00000000099999999995 0.00000000099999999995 
0.21965711016252728593 0.00000005081956554533 0.26680157937650039734 0.00000000100000000000 0.46952879118635870714 0.00000000100000000000 0.04401246645504802713 
0.32946137812967762892 0.00448042550766513097 0.30855540231167638554 0.00733777416040147078 0.33077175210953219109 0.00000000099999999999 0.01939326678104728169 
0.50602193061482891867 0.00067923751082872195 0.34175637056041774375 0.00000000100000000000 0.14119573005402752397 0.00000000100000000000 0.01034672925989716351 
0.18101401679206105544 0.01207889114148138869 0.48294624538904284972 0.00000000099999999999 0.30687657181013644481 0.00000000099999999999 0.01708427286727832659 
0.00000000099999999993 0.00000000099999999993 0.00000000099999999993 0.00000000099999999993 0.99999999400000005867 0.00000000099999999993 0.00000000099999999993 
0.17559826658627447626 0.02523642879403232425 0.46746257402634683320 0.04353200717649261670 0.24107447553234218063 0.00000000099999999999 0.04709624688451138214 
0.41757478092556288285 0.00000000099999999997 0.00000000099999999997 0.00000000099999999997 0.58242521407443692549 0.00000000099999999997 0.00000000099999999997 
0.12114229570052859053 0.00000000099999999999 0.52122837564572821467 0.00000000099999999999 0.32587153034741539459 0.00000000099999999999 0.03175779530632804465 
0.27499152401529541878 0.01032530623390661567 0.53551949789256914070 0.00000000100000000000 0.17916335294718829796 0.00000031691104055040 0.00000000100000000000 
0.28622804361596670963 0.00009288770464568641 0.41314717707769621491 0.00000000099999999998 0.30053188860169133267 0.00000000099999999998 0.00000000099999999998 
0.19258661740234683801 0.00000000099999999998 0.46323792066698366021 0.00000000099999999998 0.34417545793066955939 0.00000000099999999998 0.00000000099999999998 
0.00000000099999999997 0.00000000099999999997 0.00000000523380104157 0.99999998976619897118 0.00000000099999999997 0.00000000099999999997 0.00000000099999999997 
0.00000000099999999998 0.00000000099999999998 0.49451841849021455078 0.01191784471428174348 0.47454642911920580373 0.00000000099999999998 0.01901730467629806839 
0.00000000099999999952 0.00000000099999999952 0.00000000099999999952 0.00000000099999999952 0.00000000099999999952 0.00000000099999999952 0.99999999399999994765 
0.45185894087724787216 0.00000000099999999997 0.00000000099999999997 0.00430394847752689751 0.54383710664522522116 0.00000000099999999997 0.00000000099999999997 
0.54658492453296259050 0.00000000099999999998 0.00000000099999999998 0.00000000099999999998 0.45341507046703743988 0.00000000099999999998 0.00000000099999999998 
0.00000000099999999972 0.99999999400000016969 0.00000000099999999972 0.00000000099999999972 0.00000000099999999972 0.00000000099999999972 0.00000000099999999972 
0.00000000099999999973 0.99999999400000005867 0.00000000099999999973 0.00000000099999999973 0.00000000099999999973 0.00000000099999999973 0.00000000099999999973 
0.43487446195616979994 0.00254425860483461965 0.20325341709202834894 0.00000000099999999999 0.33417280435485574586 0.00000000099999999999 0.02515505599211171478 
0.46203653329392530003 0.00368693234662411827 0.50087350027810328967 0.00000000099999999998 0.00000000099999999998 0.00000000099999999998 0.03340303108134742155 
0.00000000099999999998 0.00000000099999999998 0.44125304323442010590 0.00000000099999999998 0.53135386535256978746 0.00000000099999999998 0.02739308741301011915 
0.00000000099999999986 0.00000000099999999986 0.00000000099999999986 0.73322917307595958381 0.00000000099999999986 0.00000000099999999986 0.26677082192404039107 
0.00000000099999999974 0.35752656360323104012 0.00000000099999999974 0.00000000099999999974 0.00000000099999999974 0.00000000099999999974 0.64247343139676893475 
0.37015105735498043948 0.00000000099999999998 0.29201797716982796915 0.00000000099999999998 0.33783096147519164898 0.00000000099999999998 0.00000000099999999998 
0.00000000099999999968 0.00000000099999999968 0.00000000099999999968 0.00000000099999999968 0.00000000099999999968 0.99999999399999994765 0.00000000099999999968 
0.00000000099999999960 0.00000000099999999960 0.00000000099999999960 0.00000000099999999960 0.00000000099999999960 0.99999999400000005867 0.00000000099999999960 
0.00000000099999999960 0.00000000099999999960 0.00000000099999999960 0.00000000099999999960 0.00000000099999999960 0.99999999399999994765 0.00000000099999999960 
0.00000000099999999974 0.99999999400000016969 0.00000000099999999974 0.00000000099999999974 0.00000000099999999974 0.00000000099999999974 0.00000000099999999974 
0.00000000099999999970 0.99999999400000016969 0.00000000099999999970 0.00000000099999999970 0.00000000099999999970 0.00000000099999999970 0.00000000099999999970 
0.41519966885707532134 0.00000000099999999997 0.00000000099999999997 0.00000000099999999997 0.58480032614292454252 0.00000000099999999997 0.00000000099999999997 
0.00000000099999999996 0.00000000099999999996 0.00000000099999999996 0.99999999399999994765 0.00000000099999999996 0.00000000099999999996 0.00000000099999999996 
0.00000000099999999971 0.99999999400000016969 0.00000000099999999971 0.00000000099999999971 0.00000000099999999971 0.00000000099999999971 0.00000000099999999971 
0.00000000099999999994 0.00000000099999999994 0.00000000099999999994 0.00000000099999999994 0.99999999399999994765 0.00000000099999999994 0.00000000099999999994 
0.00000000099999999994 0.00000000099999999994 0.00000000099999999994 0.99999999399999994765 0.00000000099999999994 0.00000000099999999994 0.00000000099999999994 
0.00000000099999999974 0.99999999400000016969 0.00000000099999999974 0.00000000099999999974 0.00000000099999999974 0.00000000099999999974 0.00000000099999999974 
0.45664651195396610550 0.00374638174754974521 0.18793574499337836747 0.00406775476250564264 0.33413911482575314738 0.00000000099999999999 0.01346449071684692467 
0.00000000099999999971 0.99999999400000016969 0.00000000099999999971 0.00000000099999999971 0.00000000099999999971 0.00000000099999999971 0.00000000099999999971 
0.00000000099999999995 0.00000000099999999995 0.00000000099999999995 0.99999999400000005867 0.00000000099999999995 0.00000000099999999995 0.00000000099999999995 
0.00000000099999999992 0.00000000099999999992 0.00000000099999999992 0.99999999400000005867 0.00000000099999999992 0.00000000099999999992 0.00000000099999999992 
0.00000000099999999967 0.99999999400000016969 0.00000000099999999967 0.00000000099999999967 0.00000000099999999967 0.00000000099999999967 0.00000000099999999967 
0.00000000099999999970 0.99999999400000005867 0.00000000099999999970 0.00000000099999999970 0.00000000099999999970 0.00000000099999999970 0.00000000099999999970 
0.00000000099999999995 0.00000000099999999995 0.00000000099999999995 0.99999999399999994765 0.00000000099999999995 0.00000000099999999995 0.00000000099999999995 
0.00000000099999999996 0.00000000099999999996 0.00000000099999999996 0.99999999399999994765 0.00000000099999999996 0.00000000099999999996 0.00000000099999999996 
0.00000000099999999996 0.00000000099999999996 0.00000000099999999996 0.99999999399999994765 0.00000000099999999996 0.00000000099999999996 0.00000000099999999996 
0.00000000099999999975 0.99999999400000005867 0.00000000099999999975 0.00000000099999999975 0.00000000099999999975 0.00000000099999999975 0.00000000099999999975 
0.00000000099999999998 0.00000000099999999998 0.98050347988483421702 0.00039119879836125134 0.00000000099999999998 0.00000000099999999998 0.01910531731680463821 
0.00000000099999999996 0.00938044408048520524 0.99061955091951492403 0.00000000099999999996 0.00000000099999999996 0.00000000099999999996 0.00000000099999999996 
0.40762068435857112814 0.00000000099999999998 0.30517985845082318264 0.02213959213288103911 0.26505986205772469333 0.00000000099999999998 0.00000000099999999998 
0.00000000099999999996 0.00000000099999999996 0.99999999399999994765 0.00000000099999999996 0.00000000099999999996 0.00000000099999999996 0.00000000099999999996 
0.00000000099999999995 0.00000000099999999995 0.00000000099999999995 0.99999999399999994765 0.00000000099999999995 0.00000000099999999995 0.00000000099999999995 
0.38241759545700376721 0.00411809286311178718 0.49089400395270343935 0.00000000100000000000 0.11628027497014319092 0.00000001212146329979 0.00629001963557454524 
0.00000000099999999965 0.00000000099999999965 0.00000000099999999965 0.00000000099999999965 0.00000000099999999965 0.99999999399999994765 0.00000000099999999965 
0.00000000099999999994 0.00000000099999999994 0.99999999400000005867 0.00000000099999999994 0.00000000099999999994 0.00000000099999999994 0.00000000099999999994 
0.00000000099999999966 0.00000000099999999966 0.00000000099999999966 0.00000000099999999966 0.00000000099999999966 0.99999999400000005867 0.00000000099999999966 
0.91603087814524986054 0.00000000099999999998 0.00000000099999999998 0.00000000099999999998 0.00000000099999999998 0.00000000099999999998 0.08396911685475012821 
0.00000000099999999967 0.00000000099999999967 0.00000000099999999967 0.00000000099999999967 0.00000000099999999967 0.99999999399999994765 0.00000000099999999967 
0.31434721802870041474 0.00054339104380635584 0.45490602947631053610 0.00279945735937585588 0.22740390209180705305 0.00000000099999999999 0.00000000099999999999 
0.99999999400000016969 0.00000000099999999996 0.00000000099999999996 0.00000000099999999996 0.00000000099999999996 0.00000000099999999996 0.00000000099999999996 
0.00000000099999999993 0.00000000099999999993 0.00000000099999999993 0.99999999400000005867 0.00000000099999999993 0.00000000099999999993 0.00000000099999999993 
0.44088834012687488917 0.00000000099999999997 0.55911165487312508571 0.00000000099999999997 0.00000000099999999997 0.00000000099999999997 0.00000000099999999997 
0.00000000099999999968 0.00000000099999999968 0.00000000099999999968 0.00000000099999999968 0.00000000099999999968 0.99999999399999994765 0.00000000099999999968 
0.00000000099999999970 0.00000000099999999970 0.00000000099999999970 0.00000000099999999970 0.00000000099999999970 0.99999999400000005867 0.00000000099999999970 
0.00000000099999999994 0.00000000099999999994 0.00000000099999999994 0.00000000099999999994 0.99999999400000005867 0.00000000099999999994 0.00000000099999999994 
0.00000000099999999994 0.00000000099999999994 0.00000000099999999994 0.99999999400000005867 0.00000000099999999994 0.00000000099999999994 0.00000000099999999994 
0.00000000099999999976 0.99999999400000016969 0.00000000099999999976 0.00000000099999999976 0.00000000099999999976 0.00000000099999999976 0.00000000099999999976 
0.00000000099999999994 0.00000000099999999994 0.00000000099999999994 0.99999999399999994765 0.00000000099999999994 0.00000000099999999994 0.00000000099999999994 
0.41661230976513324853 0.00000000099999999999 0.45653489125965840412 0.03082536557100320693 0.09133830410774411435 0.00000000099999999999 0.00468912729646103494 
0.00000000099999999964 0.00000000099999999964 0.00000000099999999964 0.00000000099999999964 0.00000000099999999964 0.99999999400000005867 0.00000000099999999964 
0.00000000099999999965 0.99999999400000005867 0.00000000099999999965 0.00000000099999999965 0.00000000099999999965 0.00000000099999999965 0.00000000099999999965 
0.00000000099999999971 0.00000000099999999971 0.00000000099999999971 0.00000000099999999971 0.00000000099999999971 0.99999999399999994765 0.00000000099999999971 
0.15505848979905834106 0.01358687079189761261 0.35129747859997517700 0.00000000099999999999 0.48005715780906887957 0.00000000099999999999 0.00000000099999999999 
0.00000000099999999992 0.00000000099999999992 0.00000000099999999992 0.99999999399999994765 0.00000000099999999992 0.00000000099999999992 0.00000000099999999992 
0.00000000099999999994 0.00000000099999999994 0.00000000099999999994 0.99999999399999994765 0.00000000099999999994 0.00000000099999999994 0.00000000099999999994 
0.37205342159591597850 0.00000000099999999999 0.18060486067093214912 0.22215529350178714330 0.18454286939817873825 0.00000000099999999999 0.04064355283318604739 
0.00000000099999999999 0.01874144341086534521 0.45751112308245894811 0.00000000099999999999 0.50729064330014228545 0.00000000099999999999 0.01645678720653352342 
0.00000000099999999991 0.00000000099999999991 0.00000000099999999991 0.00000000099999999991 0.99999999399999994765 0.00000000099999999991 0.00000000099999999991 
0.37474996987351577582 0.00000000099999999998 0.28199109607794592414 0.00817329196867361794 0.33196478878108487409 0.00000000099999999998 0.00312085129877980125 
0.99999999400000016969 0.00000000099999999996 0.00000000099999999996 0.00000000099999999996 0.00000000099999999996 0.00000000099999999996 0.00000000099999999996 
0.23182127342225120059 0.00000000099999999997 0.52494171827540536679 0.00000000099999999997 0.24323698549032252147 0.00000000099999999997 0.00000001981202097222 
0.26620945816544905327 0.00000000099999999998 0.54823817301338717556 0.00070877880672950413 0.16555731612698523780 0.00000000099999999998 0.01928627188744890322 
0.30199169646967816139 0.00431523045625316955 0.43416053222904515962 0.00114837940317086534 0.25525834303418781790 0.00000000099999999999 0.00312581740766493168 
0.36466840650855275596 0.00000000099999999999 0.33253959572038316317 0.02987226062979665697 0.27291973414126752262 0.00000000099999999999 0.00000000099999999999 
0.00000000099999999994 0.00000000099999999994 0.00000000099999999994 0.99999999399999994765 0.00000000099999999994 0.00000000099999999994 0.00000000099999999994 
0.01900390359914621088 0.00000000099999999998 0.00000000099999999998 0.98099609140085375358 0.00000000099999999998 0.00000000099999999998 0.00000000099999999998 
0.00000000099999999979 0.00000000099999999979 0.00000000099999999979 0.00000000099999999979 0.00000000099999999979 0.99999999400000005867 0.00000000099999999979 
0.00000000099999999997 0.00000000099999999997 0.00000000099999999997 0.99999999399999994765 0.00000000099999999997 0.00000000099999999997 0.00000000099999999997 
0.00000000099999999998 0.00000000099999999998 0.00000000099999999998 0.98506944955921060814 0.00000000099999999998 0.00000000099999999998 0.01493054544078934766 
0.48944225083404202525 0.00406949696111898011 0.47960920027144415823 0.02226699886879439025 0.00461205106460044895 0.00000000099999999999 0.00000000099999999999 
0.00000000099999999959 0.00000000099999999959 0.00000000099999999959 0.00000000099999999959 0.00000000099999999959 0.99999999399999994765 0.00000000099999999959 
0.32779224763329789516 0.00000000723236228611 0.36430743841752577517 0.00000000099999999999 0.30790030371681403887 0.00000000099999999999 0.00000000099999999999 
0.49394762502165073803 0.00124652594669154965 0.47943935288421568597 0.00456065032507190892 0.00000000099999999999 0.00000000099999999999 0.02080584382237010699 
0.99999999400000016969 0.00000000099999999996 0.00000000099999999996 0.00000000099999999996 0.00000000099999999996 0.00000000099999999996 0.00000000099999999996 
0.45377972806690558549 0.00000000100000000000 0.32160645727194292487 0.01564572736956207355 0.17916192856311913273 0.00000000100000000000 0.02980615672847028094 
0.99999999400000005867 0.00000000099999999995 0.00000000099999999995 0.00000000099999999995 0.00000000099999999995 0.00000000099999999995 0.00000000099999999995 
0.00000000099999999997 0.00000000099999999997 0.30604052208684506819 0.00450881145187874335 0.65882860963478928618 0.00000000099999999997 0.03062205382648696891 
0.69197648731511318676 0.00000000099999999999 0.30802349392567879294 0.00000000099999999999 0.00000001475920803697 0.00000000099999999999 0.00000000099999999999 
0.00000000099999999999 0.00000000099999999999 0.67587165020916040170 0.00000000099999999999 0.31456624711052560972 0.00000000099999999999 0.00956209868031388313 
0.50283718246698871912 0.03087433063322049184 0.39995653521395246877 0.01306960196075220015 0.05326234772508592341 0.00000000100000000000 0.00000000100000000000 
0.29916661020818385852 0.00911210783764060915 0.48046610609907480782 0.00000000099999999999 0.19149205136931884974 0.00000000099999999999 0.01976312248578199898 
0.43212564036598755113 0.00000000099999999997 0.45317441791495544079 0.00000000099999999997 0.11469993771905702407 0.00000000099999999997 0.00000000099999999997 
0.00000000099999999998 0.01659553910987897687 0.98340445589012115413 0.00000000099999999998 0.00000000099999999998 0.00000000099999999998 0.00000000099999999998 
0.36053943343300337565 0.00827281342310561690 0.39533575424390238195 0.00000000099999999998 0.23585199589998873115 0.00000000099999999998 0.00000000099999999998 
0.99999999400000016969 0.00000000099999999994 0.00000000099999999994 0.00000000099999999994 0.00000000099999999994 0.00000000099999999994 0.00000000099999999994 
0.54390190968273355310 0.00000000099999999998 0.44913525105442514418 0.00000000099999999998 0.00000000099999999998 0.00000000099999999998 0.00696283526284131177 
0.40224211149083971550 0.00000000099999999998 0.34718744834265186094 0.01123573901322319143 0.17740002225528403446 0.00000000099999999998 0.06193467689800110504 
0.29428939027619133162 0.00191861302632522998 0.42170645757205676984 0.00358746286141469134 0.26600302161629391096 0.00000000100000000000 0.01249505364771803448 
0.00000000099999999997 0.00000000099999999997 0.99245394745409443171 0.00754604754590561689 0.00000000099999999997 0.00000000099999999997 0.00000000099999999997 
0.61294685244035029825 0.00000000099999999999 0.36153835322937527552 0.00000000099999999999 0.00000000099999999999 0.00000000099999999999 0.02551479033027452201 
0.62234983581273595199 0.00000000099999999998 0.00000000099999999998 0.01110693376645516435 0.36654322642080905403 0.00000000099999999998 0.00000000099999999998 
0.18642799248552455182 0.00000000100000000000 0.36221354185727600017 0.00517296307478145711 0.31758119477436747013 0.06846339139609355917 0.06014091541195677043 
0.34896460213709901144 0.00000000099999999998 0.20050359084882188321 0.00000000099999999998 0.44962113637705120039 0.00000000099999999998 0.00091066763702787120 
0.51486042971725598516 0.00000000099999999997 0.00000000099999999997 0.00000000125887997457 0.44830734200917221610 0.00000000099999999997 0.03683222401469198742 
0.39601584186516464170 0.00000000099999999997 0.00000000099999999997 0.00000000099999999997 0.57631885232314949974 0.00000000099999999997 0.02766530181168581903 
0.15663840666342146446 0.00838027113752115235 0.36616566043353204751 0.00000000099999999998 0.43573986457903474134 0.00000000099999999998 0.03307579518649079314 
0.33108363406840418675 0.00000000099999999998 0.39015314578087723074 0.00145656945633239354 0.24048998370645655043 0.00000000099999999998 0.03681666498792958431 
0.33646121720199173577 0.00000000100000000000 0.34764850064548685760 0.00000000100000000000 0.27075370093413742012 0.00000000100000000000 0.04513657821838393258 
0.31380692606383331356 0.00522829190618830011 0.32485435496430131730 0.00374630069878736796 0.32710619305538712887 0.00000000099999999999 0.02525793231150259485 
0.38443022068145116243 0.00000000099999999999 0.40267924408187805163 0.00000000099999999999 0.21289001131257551114 0.00000000099999999999 0.00000052092409547850 
0.52435878819462966582 0.00000000099999999997 0.23072551899748153237 0.02577278954186809287 0.21914290026602067929 0.00000000099999999997 0.00000000099999999997 
0.00000000099999999993 0.00000000099999999993 0.00000000099999999993 0.99999999400000005867 0.00000000099999999993 0.00000000099999999993 0.00000000099999999993 
0.00000000099999999997 0.00000000099999999997 0.01308114369700953683 0.98691885130299050743 0.00000000099999999997 0.00000000099999999997 0.00000000099999999997 
0.00000000099999999973 0.00000000099999999973 0.00000000099999999973 0.00000000099999999973 0.00000000099999999973 0.99999999400000005867 0.00000000099999999973 
0.00000000099999999967 0.99999999400000005867 0.00000000099999999967 0.00000000099999999967 0.00000000099999999967 0.00000000099999999967 0.00000000099999999967 
0.00000000099999999999 0.02862823469651347777 0.00000000099999999999 0.89209801655685883048 0.00000000099999999999 0.00000000099999999999 0.07927374474662783610 
0.40920264277914547568 0.00000000099999999997 0.58167398177780793578 0.00912337144304658024 0.00000000099999999997 0.00000000099999999997 0.00000000099999999997 
0.41326628071181575885 0.00000000099999999999 0.57415741107913753627 0.01257630420904687872 0.00000000099999999999 0.00000000099999999999 0.00000000099999999999 
0.00000000099999999998 0.00373595972035806580 0.00000000099999999998 0.98296937191566025049 0.00000000099999999998 0.00000000099999999998 0.01329466436398169665 
0.44006964614168425642 0.00000000099999999998 0.55163579127618156406 0.00829455858213407754 0.00000000099999999998 0.00000000099999999998 0.00000000099999999998 
0.52657315107352287153 0.01095638394966544880 0.38732193314154927943 0.00000000099999999998 0.06552565129474867411 0.00000000099999999998 0.00962287854051379482 
0.00000000099999999997 0.00000000099999999997 0.97123581417465632004 0.00000000099999999997 0.00000000099999999997 0.00000000099999999997 0.02876418082534376239 
0.00000000099999999964 0.00000000099999999964 0.00000000099999999964 0.00000000099999999964 0.00000000099999999964 0.99999999399999994765 0.00000000099999999964 
0.00000000099999999966 0.00000000099999999966 0.00000000099999999966 0.00000000099999999966 0.00000000099999999966 0.99999999400000005867 0.00000000099999999966 
0.00000000099999999959 0.00000000099999999959 0.00000000099999999959 0.00000000099999999959 0.00000000099999999959 0.99999999400000005867 0.00000000099999999959 
0.00000000099999999961 0.00000000099999999961 0.00000000099999999961 0.00000000099999999961 0.00000000099999999961 0.99999999400000005867 0.00000000099999999961 
0.00000000099999999962 0.00000000099999999962 0.00000000099999999962 0.00000000099999999962 0.00000000099999999962 0.99999999399999994765 0.00000000099999999962 
0.00000000099999999997 0.00000000099999999997 0.00000000099999999997 0.99999999399999994765 0.00000000099999999997 0.00000000099999999997 0.00000000099999999997 
0.00000000099999999998 0.00000000099999999998 0.33098063730135451888 0.00000000099999999998 0.64200803121573324361 0.00000000099999999998 0.02701132748291219798 
0.00000000099999999962 0.00000000099999999962 0.00000000099999999962 0.00000000099999999962 0.00000000099999999962 0.99999999400000005867 0.00000000099999999962 
0.00000000099999999967 0.00000000099999999967 0.00000000099999999967 0.00000000099999999967 0.00000000099999999967 0.99999999399999994765 0.00000000099999999967 
0.00000000099999999965 0.99999999400000005867 0.00000000099999999965 0.00000000099999999965 0.00000000099999999965 0.00000000099999999965 0.00000000099999999965 
0.00000000099999999965 0.99999999400000016969 0.00000000099999999965 0.00000000099999999965 0.00000000099999999965 0.00000000099999999965 0.00000000099999999965 
0.00000000099999999997 0.00000000099999999997 0.74166142738243323596 0.00000000099999999997 0.25833856761756668341 0.00000000099999999997 0.00000000099999999997 
0.00000000099999999964 0.00000000099999999964 0.00000000099999999964 0.00000000099999999964 0.00000000099999999964 0.99999999400000005867 0.00000000099999999964 
0.00000000099999999996 0.00000000099999999996 0.99999999400000005867 0.00000000099999999996 0.00000000099999999996 0.00000000099999999996 0.00000000099999999996 
0.00000000099999999994 0.00000000099999999994 0.99999999399999994765 0.00000000099999999994 0.00000000099999999994 0.00000000099999999994 0.00000000099999999994 
0.00000000099999999997 0.00000000099999999997 0.00000000099999999997 0.93499458457595252536 0.06500541042404735237 0.00000000099999999997 0.00000000099999999997 
0.37150650957915531958 0.00000000099999999998 0.28873062468102783651 0.00001567124762072457 0.33974719149219612113 0.00000000099999999998 0.00000000099999999998 
0.00000000099999999992 0.00000000099999999992 0.00000000099999999992 0.99999999399999994765 0.00000000099999999992 0.00000000099999999992 0.00000000099999999992 
0.99999999400000016969 0.00000000099999999995 0.00000000099999999995 0.00000000099999999995 0.00000000099999999995 0.00000000099999999995 0.00000000099999999995 
0.00000000099999999993 0.00000000099999999993 0.00000000099999999993 0.99999999399999994765 0.00000000099999999993 0.00000000099999999993 0.00000000099999999993 
0.35403093305889249409 0.01113308816212417278 0.32206914208275505551 0.00000000099999999999 0.26721002620388611959 0.00000000099999999999 0.04555680849234210877 
0.21724609203888442521 0.00682518414967466739 0.56552053956246750577 0.00000000099999999999 0.17053311511002117173 0.00000000099999999999 0.03987506713895250243 
0.00000000099999999967 0.00000000099999999967 0.00000000099999999967 0.00000000099999999967 0.00000000099999999967 0.99999999400000005867 0.00000000099999999967 
0.00000000099999999994 0.00000000099999999994 0.00000000099999999994 0.99999999399999994765 0.00000000099999999994 0.00000000099999999994 0.00000000099999999994 
0.00000000099999999962 0.00000000099999999962 0.00000000099999999962 0.00000000099999999962 0.00000000099999999962 0.99999999399999994765 0.00000000099999999962 
0.00000000099999999962 0.00000000099999999962 0.00000000099999999962 0.00000000099999999962 0.00000000099999999962 0.99999999400000005867 0.00000000099999999962 
0.11987840175959764422 0.00000000099999999999 0.38586877705835948005 0.00000000099999999999 0.45820291412639907458 0.00000000099999999999 0.03604990405564393458 
0.48851914171622001781 0.00000000099999999997 0.00000000099999999997 0.00415353319001503154 0.50732732109376499352 0.00000000099999999997 0.00000000099999999997 
0.54755167086962042156 0.00000000099999999998 0.31049526515186276487 0.00000141253669318470 0.14153374831816009638 0.00000000099999999998 0.00041790112366365666 
0.54635052462761757308 0.00000000099999999998 0.42000486000736536596 0.00000000099999999998 0.00026654735411552071 0.00000000099999999998 0.03337806501090156974 
0.26799010646272919400 0.00375462426184484249 0.36099458729056888018 0.00000000099999999999 0.32453562531313789874 0.00000000099999999999 0.04272505467171916482 
0.99999999400000016969 0.00000000099999999995 0.00000000099999999995 0.00000000099999999995 0.00000000099999999995 0.00000000099999999995 0.00000000099999999995 
0.00000000099999999996 0.00000000099999999996 0.49543446835516558036 0.00000000099999999996 0.50456552664483445003 0.00000000099999999996 0.00000000099999999996 
0.00000000099999999996 0.00000000099999999996 0.03061864889405588319 0.96938134610594406393 0.00000000099999999996 0.00000000099999999996 0.00000000099999999996 
0.44522063481537133001 0.00000000099999999998 0.38859664615878469762 0.00000000099999999998 0.16618271502584405774 0.00000000099999999998 0.00000000099999999998 
0.00000000099999999961 0.00000000099999999961 0.00000000099999999961 0.00000000099999999961 0.00000000099999999961 0.99999999399999994765 0.00000000099999999961 
0.00000000099999999997 0.00000000099999999997 0.50641385987958542625 0.00000000099999999997 0.49358613512041449312 0.00000000099999999997 0.00000000099999999997 
0.00000000099999999988 0.00000000099999999988 0.00000000099999999988 0.00000000099999999988 0.00000000099999999988 0.99999999400000005867 0.00000000099999999988 
0.00000000099999999967 0.00000000099999999967 0.00000000099999999967 0.00000000099999999967 0.00000000099999999967 0.99999999400000005867 0.00000000099999999967 
0.00000000099999999998 0.00000000099999999998 0.67795352227229499498 0.00975162485731815090 0.31066488062616332000 0.00000000099999999998 0.00162996924422343314 
0.34933976876039202208 0.00480871895109628942 0.34458750213935140927 0.00000000099999999999 0.30126400714916029555 0.00000000099999999999 0.00000000099999999999 
0.00000000099999999998 0.00000000099999999998 0.60777530428027470855 0.00000000099999999998 0.38665934449913880178 0.00000000099999999998 0.00556534722058644668 
0.00000000099999999970 0.00000000099999999970 0.00000000099999999970 0.00000000099999999970 0.00000000099999999970 0.99999999400000005867 0.00000000099999999970 
0.00000000099999999994 0.00000000099999999994 0.00000000099999999994 0.99999999400000005867 0.00000000099999999994 0.00000000099999999994 0.00000000099999999994 
0.00000000099999999994 0.00000000099999999994 0.00000000099999999994 0.99999999399999994765 0.00000000099999999994 0.00000000099999999994 0.00000000099999999994 
0.00000000099999999967 0.00000000099999999967 0.00000000099999999967 0.00000000099999999967 0.00000000099999999967 0.99999999400000005867 0.00000000099999999967 
0.99999999400000005867 0.00000000099999999995 0.00000000099999999995 0.00000000099999999995 0.00000000099999999995 0.00000000099999999995 0.00000000099999999995 
0.41760524126040377002 0.01244683946787837787 0.20643734734937255193 0.03079171933528240812 0.31522711411021275829 0.00000000100000000000 0.01749173747685017766 
0.00000000099999999967 0.00000000099999999967 0.00000000099999999967 0.00000000099999999967 0.00000000099999999967 0.99999999400000005867 0.00000000099999999967 
0.36095380419777223224 0.00000000099999999998 0.29427080973498315197 0.00000000099999999998 0.28874698484836497370 0.00000000099999999998 0.05602839821887962285 
0.00000000099999999992 0.00000000099999999992 0.00000000099999999992 0.99999999399999994765 0.00000000099999999992 0.00000000099999999992 0.00000000099999999992 
0.00000000099999999999 0.10909774423331754234 0.00000000099999999999 0.20170586152182023998 0.58971382739186317679 0.09948256385299915350 0.00000000099999999999 
0.50015493704512947737 0.00000000099999999999 0.47818454436013074771 0.02166051459473988805 0.00000000099999999999 0.00000000099999999999 0.00000000099999999999 
0.49185317424732988290 0.01077964674815194007 0.26257138526972917392 0.02869744667394181353 0.20609834506084709349 0.00000000099999999999 0.00000000099999999999 
0.99999999400000016969 0.00000000099999999995 0.00000000099999999995 0.00000000099999999995 0.00000000099999999995 0.00000000099999999995 0.00000000099999999995 
0.36031305730951235233 0.00170387323587813675 0.25247956153095935106 0.00000000099999999998 0.34076956136372726913 0.00000000099999999998 0.04473394455992287660 
0.00000000099999999992 0.00000000099999999992 0.00000000099999999992 0.00000000099999999992 0.99999999399999994765 0.00000000099999999992 0.00000000099999999992 
0.43342179783856843445 0.00000000099999999999 0.33084490884664202737 0.00000000099999999999 0.20753969136016806041 0.00000000099999999999 0.02819359895462159038 
0.96318840843659381257 0.00000000099999999997 0.00000000099999999997 0.00000000099999999997 0.00000000099999999997 0.00000000099999999997 0.03681158656340625251 
0.21888962170778422656 0.00000000099999999999 0.38495908268715106626 0.01785956302275591365 0.37611534730810292082 0.00217638327420587030 0.00000000099999999999 
0.00000000099999999995 0.00000000099999999995 0.00000000099999999995 0.99999999399999994765 0.00000000099999999995 0.00000000099999999995 0.00000000099999999995 
0.00000000099999999992 0.00000000099999999992 0.00000000099999999992 0.00000000099999999992 0.99999999399999994765 0.00000000099999999992 0.00000000099999999992 
0.00000000099999999994 0.00000000099999999994 0.99999999399999994765 0.00000000099999999994 0.00000000099999999994 0.00000000099999999994 0.00000000099999999994 
0.00000000099999999996 0.00000000099999999996 0.99999999399999994765 0.00000000099999999996 0.00000000099999999996 0.00000000099999999996 0.00000000099999999996 
0.33097205356958259159 0.00000000099999999997 0.66751917295557117171 0.00150876947484622167 0.00000000099999999997 0.00000000099999999997 0.00000000099999999997 
0.65367135882480875697 0.00000000099999999998 0.31931554936102962694 0.02701308781416152452 0.00000000099999999998 0.00000000099999999998 0.00000000099999999998 
0.45602393785837758156 0.00000000099999999997 0.54397605714162244883 0.00000000099999999997 0.00000000099999999997 0.00000000099999999997 0.00000000099999999997 
0.59020185996592600119 0.00000000099999999999 0.31896805410114886792 0.00208949184773194992 0.04370708172265948266 0.00000000099999999999 0.04503351036253372408 
0.00000000099999999997 0.00000000099999999997 0.01293937080587392874 0.98706062385633563938 0.00000000133779044282 0.00000000099999999997 0.00000000099999999997 
0.00000000099999999998 0.01218618372914513637 0.63147114648068702891 0.01142484379431595726 0.34491782299585199700 0.00000000099999999998 0.00000000099999999998 
0.37769519708473364705 0.00661044050965998043 0.48570599766850108825 0.00000000099999999999 0.10834888842848555690 0.00000000099999999999 0.02163947430861967031 
0.99999999400000016969 0.00000000099999999997 0.00000000099999999997 0.00000000099999999997 0.00000000099999999997 0.00000000099999999997 0.00000000099999999997 
0.00000000099999999997 0.00000000099999999997 0.00000000099999999997 0.99999999399999994765 0.00000000099999999997 0.00000000099999999997 0.00000000099999999997 
0.58911811938612057560 0.00000000099999999999 0.38219074880912906611 0.01050995131414197113 0.00000006396930797686 0.01818111452130048017 0.00000000099999999999 
0.49431206660442966738 0.00000000099999999999 0.46361709166254466696 0.00000000099999999999 0.00000000099999999999 0.00000000099999999999 0.04207083773302571633 
0.00000000099999999998 0.00000000099999999998 0.00000000099999999998 0.46948980419095132088 0.53051019080904859848 0.00000000099999999998 0.00000000099999999998 
0.49449248434169573718 0.00000000099999999997 0.48836423397356126808 0.00949088390254992226 0.00000000099999999997 0.00000000099999999997 0.00765239478219304197 
0.00000000099999999969 0.00000000099999999969 0.00000000099999999969 0.00000000099999999969 0.00000000099999999969 0.99999999400000005867 0.00000000099999999969 
0.00000000099999999999 0.00800834734339584547 0.40075721939744768374 0.00000001300457088820 0.59123441725458569795 0.00000000099999999999 0.00000000099999999999 
0.47582074254402118019 0.00002775826675253685 0.30017243697173134898 0.01777502484442407271 0.18857931519981757651 0.00000000099999999999 0.01762472117325331045 
