0.01249775677904431566 0.01192819491694474023 0.97557404830401095452 
0.99999999800000005656 0.00000000099999999998 0.00000000099999999998 
0.99999999800000005656 0.00000000099999999997 0.00000000099999999997 
0.04402360754766937445 0.00000000099999999999 0.95597639145233059832 
0.00082122593234017053 0.00007666404162569421 0.99910211002603410702 
0.03301373063150740694 0.00000000099999999999 0.96698626836849266297 
0.99999999800000005656 0.00000000099999999998 0.00000000099999999998 
0.99999999799999994554 0.00000000099999999997 0.00000000099999999997 
0.01222972654336909777 0.00000000100000000000 0.98777027245663084898 
0.99999999799999994554 0.00000000099999999998 0.00000000099999999998 
0.01821662355967044664 0.00000000100000000000 0.98178337544032945328 
0.02498872128345517793 0.00000000099999999999 0.97501127771654472198 
0.00565879231013540710 0.00000000100000000000 0.99434120668986458735 
0.01683984061238187266 0.00142925738257450329 0.98173090200504353753 
0.00152151357098901990 0.01628555026317444338 0.98219293616583658313 
0.06733384970082124943 0.01293239318672279210 0.91973375711245597408 
0.00650592520301272997 0.00000000099999999999 0.99349407379698728704 
0.00000000100000000000 0.00733454430388680474 0.99266545469611311425 
0.00568966458957486515 0.01165600859286790997 0.98265432681755715549 
0.00228120331381980379 0.00000000099999999999 0.99771879568618015988 
0.00190960017306622911 0.00000000100000000000 0.99809039882693373347 
0.99999999800000005656 0.00000000099999999998 0.00000000099999999998 
0.02951531795088439825 0.00000000099999999999 0.97048468104911567167 
0.03806330570964092108 0.00000000099999999999 0.96193669329035902393 
0.03327282548342871960 0.00000000099999999999 0.96672717351657122542 
0.00000000099999999999 0.00000000099999999999 0.99999999800000005656 
0.18289263334163516350 0.78849868819840718270 0.02860867845995760522 
0.19759812724814787566 0.80240187175185206936 0.00000000100000000000 
0.00588608871498052383 0.00010968431605451850 0.99400422696896495456 
0.00000000099999999999 0.00000000099999999999 0.99999999800000005656 
0.02792950591316690004 0.00000000099999999999 0.97207049308683313171 
0.99999999799999994554 0.00000000099999999998 0.00000000099999999998 
0.31029510706173574208 0.24145597670966986725 0.44824891622859447393 
0.00001501506617615389 0.00000000099999999999 0.99998498393382384553 
0.00000000099999999989 0.99999999799999994554 0.00000000099999999989 
0.00000000099999999986 0.99999999799999994554 0.00000000099999999986 
0.00000000099999999987 0.99999999800000005656 0.00000000099999999987 
0.15201472779012750736 0.79539004609729380135 0.05259522611257867741 
0.18204832179988453267 0.79989726691890794541 0.01805441128120757049 
0.00104880094575432502 0.00000000099999999999 0.99895119805424570369 
0.99999999799999994554 0.00000000099999999998 0.00000000099999999998 
0.16296586477073349286 0.78645071564603086234 0.05058341958323554766 
0.02947886819035405725 0.00000000100000000000 0.97052113080964586000 
0.99999999799999994554 0.00000000099999999997 0.00000000099999999997 
0.20812811099691899686 0.79186906818364410920 0.00000282081943692861 
0.02352772050411051571 0.00000000099999999999 0.97647227849588957849 
0.18085683071569513825 0.78934409960822760066 0.02979906967607722640 
0.99999999800000005656 0.00000000099999999998 0.00000000099999999998 
0.99999999800000005656 0.00000000099999999996 0.00000000099999999996 
0.20616687055135224371 0.79383312509680392655 0.00000000435184373030 
0.17119730400157259775 0.80195803242060703653 0.02684466357782039000 
0.99999999800000005656 0.00000000099999999998 0.00000000099999999998 
0.99999999799999994554 0.00000000099999999998 0.00000000099999999998 
0.99999999799999994554 0.00000000099999999998 0.00000000099999999998 
0.18045679453654769886 0.79223754140070112850 0.02730566406275110672 
0.05080605065066223086 0.00572704174010640974 0.94346690760923135333 
0.01076454179698425190 0.01475794027018044290 0.97447751793283521327 
0.02654863086299771857 0.00000000099999999999 0.97345136813700228196 
0.01806147347779039902 0.00000000099999999999 0.98193852552220961538 
0.99999999799999994554 0.00000000099999999998 0.00000000099999999998 
0.00014769993286301220 0.00504141327948993707 0.99481088678764706401 
0.00000000099999999988 0.99999999799999994554 0.00000000099999999988 
0.01525288075829000362 0.00000000099999999999 0.98474711824170990671 
0.00000000099999999989 0.99999999799999994554 0.00000000099999999989 
0.04584471766400260301 0.00000000100000000000 0.95415528133599747385 
0.00000000099999999988 0.99999999800000005656 0.00000000099999999988 
0.01318237514613894434 0.00000000099999999999 0.98681762385386095904 
0.01629187079300717031 0.00074375124855719519 0.98296437795843560892 
0.99999999799999994554 0.00000000099999999997 0.00000000099999999997 
0.00000005016490639913 0.00000000099999999999 0.99999994883509368826 
0.00000000099999999988 0.99999999799999994554 0.00000000099999999988 
0.00000000099999999989 0.99999999800000005656 0.00000000099999999989 
0.09156409422973468826 0.00000000100000000000 0.90843590477026536778 
0.99999999799999994554 0.00000000099999999997 0.00000000099999999997 
0.16920222148372057736 0.77015959939989708793 0.06063817911638238328 
0.99999999799999994554 0.00000000099999999997 0.00000000099999999997 
0.03968164518313225392 0.00000000100000000000 0.96031835381686780906 
0.00000000099999999987 0.99999999799999994554 0.00000000099999999987 
0.18570484112518076403 0.81423952023423440405 0.00005563864058482968 
0.00000000099999999991 0.99999999799999994554 0.00000000099999999991 
0.00388554427851649925 0.01448975584419356401 0.98162469987728995235 
0.99999999800000005656 0.00000000099999999997 0.00000000099999999997 
0.99999999800000005656 0.00000000099999999998 0.00000000099999999998 
0.23660588785185093785 0.00000000099999999999 0.76339411114814892390 
0.00821015211108686548 0.00000129106341176558 0.99178855682550137729 
0.01367494671505900712 0.00000000099999999999 0.98632505228494093963 
0.02818051407152360327 0.00000000099999999999 0.97181948492847636256 
0.00091397195168019718 0.00000000099999999999 0.99908602704831983576 
0.00000000099999999999 0.00000000099999999999 0.99999999799999994554 
0.01665999251930270694 0.00000000099999999999 0.98334000648069741501 
0.01737451175776911008 0.00000000099999999999 0.98262548724223097718 
0.03890071485949255642 0.00000000100000000000 0.96109928414050749268 
0.99999999799999994554 0.00000000099999999998 0.00000000099999999998 
0.99965038069139966481 0.00000000099999999999 0.00034961830860046636 
0.00000000099999999992 0.99999999799999994554 0.00000000099999999992 
0.99999999799999994554 0.00000000099999999998 0.00000000099999999998 
0.99999999799999994554 0.00000000099999999999 0.00000000099999999999 
0.02864667065660408615 0.00000000099999999999 0.97135332834339593866 
0.00000000099999999986 0.99999999800000005656 0.00000000099999999986 
0.00000000100000000000 0.00000024444500989547 0.99999975455499001686 
0.02156927976899606844 0.00000000099999999999 0.97843071923100399800 
0.00339721577719820584 0.00872161736376502079 0.98788116685903681891 
0.02980050325257663571 0.00000000100000000000 0.97019949574742336829 
0.00609409608811178807 0.00000000100000000000 0.99390590291188818384 
0.03989745107006052033 0.00000000100000000000 0.96010254792993943163 
0.00330153074407344045 0.00000000100000000000 0.99669846825592656181 
0.01965710704933840494 0.00000000100000000000 0.98034289195066159905 
0.02167746331158945661 0.01923124494879598079 0.95909129173961460424 
0.00974861647506563948 0.00000001031533570118 0.99025137320959866205 
0.00008444866637746192 0.00000000099999999999 0.99991555033362256033 
0.03077660553205054453 0.01580774506579247368 0.95341564940215695056 
0.00000000203532753029 0.00000000099999999999 0.99999999696467256616 
0.01477265932150773585 0.00000000100000000000 0.98522733967849218661 
0.00082744717877153559 0.00000000099999999999 0.99917255182122843848 
0.03520141539698816435 0.00000000099999999999 0.96479858360301173903 
0.01913337241867496888 0.00000000100000000000 0.98086662658132506287 
0.04282783570666125889 0.00000000100000000000 0.95717216329333876246 
0.00546049972136315731 0.00000000100000000000 0.99453949927863682934 
0.02901318283329924405 0.00000000099999999999 0.97098681616670068362 
0.03037793932189246718 0.07531670645695660860 0.89430535422115087218 
0.00632720722663850186 0.00000000099999999999 0.99367279177336143015 
0.02094638150523206108 0.00000000099999999999 0.97905361749476793598 
0.03016972415747926420 0.00000000099999999999 0.96983027484252082306 
0.00268319983325420288 0.00000000100000000000 0.99731679916674575992 
0.01541166782561234454 0.00000000099999999999 0.98458833117438759874 
0.00908134107652527368 0.00418214473177503515 0.98673651419169972066 
0.02319431743618432379 0.00000000099999999999 0.97680568156381564204 
0.00000000099999999999 0.00000000099999999999 0.99999999799999994554 
0.03644562400383971612 0.00000000099999999999 0.96355437499616036767 
0.99999999800000005656 0.00000000099999999997 0.00000000099999999997 
0.99999999800000005656 0.00000000099999999999 0.00000000099999999999 
0.00000000099999999991 0.99999999800000005656 0.00000000099999999991 
0.18190874049142582991 0.81809091769438213593 0.00000034181419193731 
0.92352015935406428504 0.01366087054026826793 0.06281897010566758754 
0.01594540069285688144 0.00000000099999999999 0.98405459830714303582 
0.03204618316953078416 0.00000000100000000000 0.96795381583046913310 
0.99999999800000005656 0.00000000099999999999 0.00000000099999999999 
0.02167472324440492676 0.00000000099999999999 0.97832527575559513622 
0.00813765122677295206 0.00000000099999999999 0.99186234777322712652 
0.00000000099999999999 0.00000000099999999999 0.99999999800000005656 
0.00000000099999999987 0.99999999800000005656 0.00000000099999999987 
0.00000000099999999987 0.99999999800000005656 0.00000000099999999987 
0.00000000099999999986 0.99999999800000005656 0.00000000099999999986 
0.00000000099999999986 0.99999999800000005656 0.00000000099999999986 
0.00000000099999999988 0.99999999800000005656 0.00000000099999999988 
0.99999999799999994554 0.00000000099999999999 0.00000000099999999999 
0.00631655964879275587 0.00003918858962808179 0.99364425176157922248 
0.00000000099999999987 0.99999999799999994554 0.00000000099999999987 
0.00000000099999999988 0.99999999800000005656 0.00000000099999999988 
0.18382531792300391138 0.81617468107699608915 0.00000000100000000000 
0.17150619422944751724 0.81002029813662779212 0.01847350763392468370 
0.00000001337855559753 0.00000000100000000000 0.99999998562144432057 
0.00000000099999999988 0.99999999799999994554 0.00000000099999999988 
0.01798760856045041739 0.00000000100000000000 0.98201239043954968722 
0.00000000099999999999 0.00000000099999999999 0.99999999799999994554 
0.96334233736822461047 0.00000000099999999999 0.03665766163177535536 
0.01455917447454961600 0.00000000099999999999 0.98544082452545034290 
0.99999999800000005656 0.00000000099999999997 0.00000000099999999997 
0.02792835219172376190 0.00000000099999999999 0.97207164680827629066 
0.99999999799999994554 0.00000000099999999997 0.00000000099999999997 
0.01943250472767804257 0.00222921364220443098 0.97833828163011749002 
0.00023522737729475763 0.00246707523217316134 0.99729769739053197863 
0.00000000099999999988 0.99999999800000005656 0.00000000099999999988 
0.99999999800000005656 0.00000000099999999998 0.00000000099999999998 
0.00000000099999999986 0.99999999799999994554 0.00000000099999999986 
0.00000000099999999988 0.99999999800000005656 0.00000000099999999988 
0.01282665871777206867 0.00000000099999999999 0.98717334028222802900 
0.02992920614299492479 0.00000000099999999999 0.97007079285700503757 
0.00931510061236190574 0.00000000099999999999 0.99068489838763817978 
0.00907798080425353468 0.00000000099999999999 0.99092201819574654564 
0.01422622366583316950 0.00000000100000000000 0.98577377533416687960 
0.02428478358397708620 0.00000000099999999999 0.97571521541602279637 
0.00000000099999999999 0.00000000099999999999 0.99999999800000005656 
0.99649193850220885160 0.00000000099999999998 0.00350806049779113505 
0.00000010400637280851 0.00000000099999999999 0.99999989499362718082 
0.00000000099999999987 0.99999999799999994554 0.00000000099999999987 
0.00112096550408175076 0.00000000100000000000 0.99887903349591822266 
0.00000000099999999996 0.99999999800000005656 0.00000000099999999996 
0.00000000099999999989 0.99999999800000005656 0.00000000099999999989 
0.02644044074310211365 0.00000000099999999999 0.97355955825689799443 
0.00000000100000000000 0.00000000100000000000 0.99999999800000005656 
0.02222080215262286010 0.00000000100000000000 0.97777919684737713002 
0.00000000099999999990 0.99999999799999994554 0.00000000099999999990 
0.99999999799999994554 0.00000000099999999997 0.00000000099999999997 
0.99999999800000005656 0.00000000099999999997 0.00000000099999999997 
0.00000000099999999989 0.99999999799999994554 0.00000000099999999989 
0.01140980306788538269 0.00000000100000000000 0.98859019593211461263 
0.04731776129024940075 0.00000000100000000000 0.95268223770975057896 
0.00000000099999999989 0.99999999800000005656 0.00000000099999999989 
0.01221887008495427945 0.00000000099999999999 0.98778112891504565862 
0.99999999800000005656 0.00000000099999999997 0.00000000099999999997 
0.26243959302248526244 0.18732007488632346215 0.55024033209119127541 
0.03093597147824752452 0.00031692785872945435 0.96874710066302305300 
0.04166779781335278737 0.00000000100000000000 0.95833220118664730336 
0.00455224176730981665 0.00000000100000000000 0.99544775723269030010 
0.00024592900647252839 0.00000000099999999999 0.99975406999352756099 
0.00000000099999999999 0.00000000099999999999 0.99999999800000005656 
0.01105384259399327419 0.00000000099999999999 0.98894615640600658235 
0.01418223052781567191 0.00000000100000000000 0.98581776847218427484 
0.02705487895825928885 0.01100336326837150769 0.96194175777336921040 
0.99999999799999994554 0.00000000099999999998 0.00000000099999999998 
0.02543495791415609567 0.00000000099999999999 0.97456504108584396384 
0.00000000099999999999 0.00000000099999999999 0.99999999800000005656 
0.05020249221138499418 0.00000000100000000000 0.94979750678861507573 
0.01816074577003955540 0.00000000099999999999 0.98183925322996046248 
0.03915061973562768138 0.00184161356790123838 0.95900776669647114225 
0.00000005632973995826 0.00000000099999999999 0.99999994267026004469 
0.02139049440723315293 0.00000000100000000000 0.97860950459276685454 
0.99760359645715424026 0.00000000099999999999 0.00239640254284592940 
0.02857011057953254621 0.00000000100000000000 0.97142988842046740228 
0.01021975203416381622 0.00000000100000000000 0.98978024696583610798 
0.01240039507905473307 0.01063531650753556101 0.97696428841340976490 
0.99999999757928359490 0.00000000099999999999 0.00000000142071652357 
0.02998040675158653023 0.01972153456991102005 0.95029805867850247747 
0.01408636706484540056 0.00000000100000000000 0.98591363193515468843 
0.48611450695699576219 0.00000000099999999999 0.51388549204300426609 
0.02803645273804034402 0.00000000099999999999 0.97196354626195957671 
0.00000000099999999990 0.99999999800000005656 0.00000000099999999990 
0.02938910901384162930 0.00000000867989647358 0.97061088230626191287 
0.02977126926555564990 0.00000000100000000000 0.97022872973444440614 
