0.00595742105039686731 0.96539994001854223526 0.02864263893106085840 
0.00000000099999999998 0.99999999800000005656 0.00000000099999999998 
0.00000000099999999998 0.99602578101214700457 0.00397421798785306014 
0.00000000100000000000 0.99446168866942885600 0.00553831033057118702 
0.00068623881924486871 0.98371524719920866442 0.01559851398154636637 
0.00000000099999999999 0.99254996820531782298 0.00745003079468225301 
0.00000000099999999999 0.98726459762588625324 0.01273540137411373861 
0.00000000099999999999 0.98990976658371543362 0.01009023241628450272 
0.00000000099999999999 0.97444533938962651920 0.02555465961037348133 
0.00000000099999999999 0.99691245040319720339 0.00308754859680296454 
0.00000000100000000000 0.98489588100848157737 0.01510411799151844918 
0.00000000099999999999 0.98385589542216433934 0.01614410357783576527 
0.00008210625759476871 0.98940151175515644866 0.01051638198724886251 
0.00000139750387670730 0.97886964394587760996 0.02112895855024576885 
0.00783111679621751114 0.96575175694759973766 0.02641712625618275467 
0.00000000100000000000 0.96315554756786037061 0.03684445143213962992 
0.00000000100000000000 0.99564770648220091154 0.00435229251779901179 
0.00976748633312074684 0.97890777513475868421 0.01132473853212051171 
0.00932106681973971472 0.97679081686156632447 0.01388811631869391224 
0.00000000099999999998 0.99123680984255857496 0.00876318915744152271 
0.00069746926638220485 0.99678328213392020096 0.00251924859969749086 
0.00000000099999999999 0.98839103940862471642 0.01160895959137530839 
0.00000000100000000000 0.99963773264226918336 0.00036226635773091746 
0.00000000099999999999 0.99154660054233390021 0.00845339845766620440 
0.00000000099999999999 0.99362768845995363964 0.00637231054004643461 
0.00045822898749363079 0.99316358418544159470 0.00637818682706486201 
0.00000000099999999992 0.00000000099999999992 0.99999999799999994554 
0.00000000099999999991 0.00000000099999999991 0.99999999799999994554 
0.00146038488514929230 0.98167251437588276541 0.01686710073896794532 
0.00000000100000000000 0.98385513790799361544 0.01614486109200643366 
0.00000000100000000000 0.99527071027283986471 0.00472928872716011847 
0.00000000099999999999 0.98935613086566864816 0.01064386813433151197 
0.00000000099999999997 0.63554920143965787371 0.36445079756034215457 
0.00000000099999999999 0.99413093783246753166 0.00586906116753258770 
0.99999999800000005656 0.00000000099999999992 0.00000000099999999992 
0.99999999800000005656 0.00000000099999999989 0.00000000099999999989 
0.99999999799999994554 0.00000000099999999989 0.00000000099999999989 
0.00000000099999999993 0.00000000099999999993 0.99999999799999994554 
0.00000000099999999992 0.00000000099999999992 0.99999999800000005656 
0.00000000099999999999 0.98910756451926296062 0.01089243448073712664 
0.00000000099999999999 0.98755812734699033317 0.01244187165300957021 
0.00000000099999999992 0.00000000099999999992 0.99999999800000005656 
0.00000000099999999999 0.98458160018664675484 0.01541839881335321620 
0.00000000099999999999 0.98981666064721940401 0.01018333835278060866 
0.00000000099999999993 0.00000000099999999993 0.99999999799999994554 
0.00000000099999999999 0.98875691811676758025 0.01124308088323253824 
0.00000000099999999992 0.00000000099999999992 0.99999999800000005656 
0.00000000099999999999 0.99016372711643796389 0.00983627188356216500 
0.00000000099999999998 0.99999999799999994554 0.00000000099999999998 
0.00000000099999999991 0.00000000099999999991 0.99999999800000005656 
0.00000000099999999992 0.00000000099999999992 0.99999999799999994554 
0.00000000099999999998 0.99999999800000005656 0.00000000099999999998 
0.00000000099999999999 0.99549527419388073035 0.00450472480611922681 
0.00000000099999999999 0.99991152054526599713 0.00008847845473409214 
0.00000000099999999993 0.00000000099999999993 0.99999999800000005656 
0.00022762357661216693 0.97924031005100997671 0.02053206637237768931 
0.00029076234404116510 0.97100413353738834754 0.02870510411857040908 
0.00026647521295365369 0.99973238966236355196 0.00000113512468286457 
0.00000000100000000000 0.99210328906212175148 0.00789670993787825945 
0.00000000099999999999 0.99792442844457718287 0.00207557055542273786 
0.00704979633706606570 0.98002138509696101742 0.01292881856597299581 
0.99999999800000005656 0.00000000099999999991 0.00000000099999999991 
0.00000000099999999999 0.98944365978623471936 0.01055633921376528638 
0.99999999800000005656 0.00000000099999999991 0.00000000099999999991 
0.00001318914609589136 0.99220791262521412790 0.00777889822868988584 
0.99999999800000005656 0.00000000099999999991 0.00000000099999999991 
0.00000000099999999999 0.99383123659743810574 0.00616876240256192428 
0.00485008486516230134 0.98014950525786292967 0.01500040987697473516 
0.00000000099999999999 0.99260375440742065756 0.00739624459257931088 
0.00000000099999999999 0.99999999800000005656 0.00000000099999999999 
0.99999999800000005656 0.00000000099999999991 0.00000000099999999991 
0.99999999800000005656 0.00000000099999999992 0.00000000099999999992 
0.00000000100000000000 0.98149140674484647295 0.01850859225515364900 
0.00000000099999999999 0.99999999800000005656 0.00000000099999999999 
0.00000000099999999993 0.00000000099999999993 0.99999999799999994554 
0.00000000099999999999 0.99999863021607826585 0.00000136878392175323 
0.00668846648695043799 0.99324016100972767340 0.00007137250332199173 
0.99999999800000005656 0.00000000099999999990 0.00000000099999999990 
0.00000000099999999991 0.00000000099999999991 0.99999999799999994554 
0.99999999800000005656 0.00000000099999999992 0.00000000099999999992 
0.00712539567670311680 0.96891994621116728226 0.02395465811212967380 
0.00000000099999999999 0.98221639528201376557 0.01778360371798631476 
0.00000000100000000000 0.99999998021958380612 0.00000001878041629549 
0.00000000099999999999 0.99151537568069059159 0.00848462331930943149 
0.00000000100000000000 0.97184529847373590794 0.02815470052626410993 
0.00000000099999999999 0.99521628566105380109 0.00478371333894626449 
0.00000000099999999999 0.99999999799999994554 0.00000000099999999999 
0.00000007670962130683 0.99467827504036343544 0.00532164825001520733 
0.00000000099999999999 0.99999839089254261015 0.00000160810745732559 
0.00000000099999999999 0.99537034485984277055 0.00462965414015734707 
0.00000000099999999999 0.99222854239909863416 0.00777145660090140279 
0.00016680225437853882 0.99792257012740759325 0.00191062761821395380 
0.00000000099999999998 0.99999999800000005656 0.00000000099999999998 
0.00000000720782455432 0.99491714722691548811 0.00508284556525995419 
0.99999999800000005656 0.00000000099999999995 0.00000000099999999995 
0.00000000099999999999 0.98126737287594423265 0.01873262612405570196 
0.00000000099999999999 0.99249731553743791856 0.00750268346256208803 
0.00000000099999999999 0.98722270129158917751 0.01277729770841080914 
0.99999999800000005656 0.00000000099999999989 0.00000000099999999989 
0.00129496624288599695 0.98532438854750570290 0.01338064520960841053 
0.00000000099999999999 0.98357407762305448795 0.01642592137694555768 
0.00897166124908454002 0.97523961739728448617 0.01578872135363088708 
0.00002278359523935341 0.98818182719649039214 0.01179538920827030019 
0.00623344223671619922 0.99215730199951068791 0.00160925576377316058 
0.00043371986770224534 0.99459115989299440308 0.00497512023930337180 
0.00000000100000000000 0.98721643108316847748 0.01278356791683147274 
0.00000011140413396924 0.98677057135512047381 0.01322931724074563435 
0.00479252123464192058 0.95831017388615002961 0.03689730487920801077 
0.00000000100000000000 0.98216570079077092359 0.01783429820922904224 
0.00000000099999999999 0.99999994391129443105 0.00000005508870561678 
0.00564648135695420671 0.96414101115431904976 0.03021250748872669756 
0.00000000099999999999 0.98192771245805265945 0.01807228654194741047 
0.00321169478368299195 0.99008784952118500389 0.00670045569513209698 
0.00000000100000000000 0.99569929256956368757 0.00430070643043618112 
0.00000000415794075464 0.99986294861950442137 0.00013704722255484411 
0.00000000100000000000 0.98491420959287712122 0.01508578940712288451 
0.00130250186169299513 0.99855212782262414706 0.00014537031568289901 
0.00000000099999999999 0.99759263446421253541 0.00240736453578747683 
0.00000000099999999999 0.99455858970335053737 0.00544140929664959500 
0.06832829808948870376 0.92072135183138925640 0.01095035007912200861 
0.00000000099999999999 0.99967008128992362881 0.00032991771007644604 
0.00000000099999999999 0.99998625988033407186 0.00001373911966588430 
0.00000000099999999999 0.99975016300839281147 0.00024983599160720814 
0.00000000099999999999 0.97224276789733576898 0.02775723110266426971 
0.00000001325686423890 0.99999998574313564426 0.00000000099999999999 
0.00770837732982921579 0.98031264971228149196 0.01197897295788933301 
0.00000000099999999999 0.99465884895851663927 0.00534115004148338554 
0.00000027002339674921 0.99180977629361455339 0.00818995368298877126 
0.00000000099999999999 0.99999975093676318760 0.00000024806323680252 
0.00000000099999999998 0.99999999800000005656 0.00000000099999999998 
0.00000000100000000000 0.98682803546605013523 0.01317196353394990520 
0.99999999799999994554 0.00000000099999999992 0.00000000099999999992 
0.00000000099999999991 0.00000000099999999991 0.99999999800000005656 
0.00000000100000000000 0.95767173486748558009 0.04232826413251442738 
0.00000000099999999999 0.99999999799999994554 0.00000000099999999999 
0.00000020349218655897 0.99708124718410950926 0.00291854932370393463 
0.00000000099999999999 0.98393812406208935872 0.01606187493791065915 
0.00000002788381047105 0.99990733629576988850 0.00009263582041958386 
0.00000000099999999999 0.98258388305649302374 0.01741611594350694903 
0.00000000099999999999 0.99474770673084222938 0.00525229226915781625 
0.99999999800000005656 0.00000000099999999990 0.00000000099999999990 
0.99999999800000005656 0.00000000099999999991 0.00000000099999999991 
0.99999999800000005656 0.00000000099999999989 0.00000000099999999989 
0.99999999799999994554 0.00000000099999999990 0.00000000099999999990 
0.99999999799999994554 0.00000000099999999989 0.00000000099999999989 
0.00000000954685169430 0.98119838519513424835 0.01880160525801415072 
0.00055468721421744478 0.98100646449708706065 0.01843884828869541206 
0.99999999800000005656 0.00000000099999999990 0.00000000099999999990 
0.99999999799999994554 0.00000000099999999991 0.00000000099999999991 
0.00000000099999999991 0.00000000099999999991 0.99999999799999994554 
0.00000000099999999991 0.00000000099999999991 0.99999999800000005656 
0.00005678648393298787 0.99350004142167258614 0.00644317209439429234 
0.99999999800000005656 0.00000000099999999990 0.00000000099999999990 
0.00666262222284094100 0.99332527528789260618 0.00001210248926649054 
0.00000000100000000000 0.99189278161023275437 0.00810721738976730340 
0.00000000100000000000 0.98198883866811670362 0.01801116033188344956 
0.00000000099999999999 0.99857741751559270238 0.00142258148440725239 
0.00000000099999999999 0.99573481607302560814 0.00426518292697428830 
0.00000000099999999999 0.98877951536611619066 0.01122048363388373875 
0.00000000099999999998 0.99999994933255498264 0.00000004966744509686 
0.00015984949355630343 0.97438178628968885597 0.02545836421675488556 
0.00000000100000000000 0.98265756994021036252 0.01734242905978967270 
0.99999999799999994554 0.00000000099999999992 0.00000000099999999992 
0.00000000100000000000 0.99755929013211808165 0.00244070886788199694 
0.99999999800000005656 0.00000000099999999990 0.00000000099999999990 
0.99999999800000005656 0.00000000099999999989 0.00000000099999999989 
0.00000582263130771706 0.99237529074567176757 0.00761888662302034978 
0.00000000099999999999 0.99691637953898049052 0.00308361946101951435 
0.00000000099999999999 0.99972484261816374485 0.00027515638183629216 
0.00000000100000000000 0.99448120624967517589 0.00551879275032475004 
0.00000000099999999999 0.97915434574732340689 0.02084565325267658323 
0.00000000099999999999 0.98791997903683403948 0.01208001996316599054 
0.00160006981628848990 0.99044419870463717981 0.00795573147907439361 
0.00000000099999999999 0.99636942734765587826 0.00363057165234406676 
0.00000000099999999999 0.99315609677202154604 0.00684390222797851694 
0.99999999800000005656 0.00000000099999999990 0.00000000099999999990 
0.00002694761651224675 0.99324878602337018929 0.00672426636011747274 
0.99999999799999994554 0.00000000099999999997 0.00000000099999999997 
0.99999999799999994554 0.00000000099999999991 0.00000000099999999991 
0.00000000100000000000 0.99412861813575359449 0.00587138086424636874 
0.00000000100000000000 0.98686937986189371408 0.01313061913810617543 
0.00383663397399311738 0.99616336351454493059 0.00000000251146188023 
0.99999999799999994554 0.00000000099999999992 0.00000000099999999992 
0.00000000099999999999 0.99986566489276684777 0.00013433410723323253 
0.00000000099999999999 0.99999986023536813207 0.00000013876463183063 
0.99999999800000005656 0.00000000099999999991 0.00000000099999999991 
0.00000000100000000000 0.98684626821985277356 0.01315373078014739523 
0.00000000100000000000 0.98268887094398094106 0.01731112805601900395 
0.99999999799999994554 0.00000000099999999991 0.00000000099999999991 
0.00000000099999999999 0.98531488290747371028 0.01468511609252625902 
0.00000000099999999999 0.99999999799999994554 0.00000000099999999999 
0.10610198666462261619 0.77823830174515795655 0.11565971159021948278 
0.00849506654589402173 0.99144187896609925481 0.00006305448800667815 
0.00000000099999999999 0.97919421289280439424 0.02080578610719565832 
0.00000000099999999999 0.97765027482923627655 0.02234972417076381765 
0.00000000099999999999 0.98267443230150675060 0.01732556669849338524 
0.00150547161638652665 0.98302164152138660214 0.01547288686222693041 
0.00000004110541168684 0.99999989027314839518 0.00000006862143995922 
0.00000000099999999999 0.98102906779329179798 0.01897093120670820948 
0.00798589927086439284 0.98215236699652541663 0.00986173373261016104 
0.00000000099999999999 0.98811544097609449455 0.01188455802390550251 
0.00000000099999999999 0.98752868569762208839 0.01247131330237788265 
0.00000000100000000000 0.98940804469560794665 0.01059195430439207469 
0.00008572414062327943 0.98795139105462548290 0.01196288480475127952 
0.00000000776888724164 0.99999999123111282806 0.00000000099999999999 
0.00288812452345838704 0.99043135015073979766 0.00668052532580179752 
0.00000005048327378426 0.99874366429759564578 0.00125628521913051755 
0.00000000862547440618 0.99658226084841505799 0.00341773052611045024 
0.00000000099999999999 0.99996891694110801030 0.00003108205889201222 
0.00000000099999999999 0.97512733946366736415 0.02487265953633260862 
0.00000000099999999999 0.98164172571014884916 0.01835827328985125892 
0.01390595605131964008 0.98158509528279336287 0.00450894866588705083 
0.00184923360565478895 0.99815076539434521852 0.00000000099999999999 
0.02163240600688366364 0.97734120053489470514 0.00102639345822165421 
0.00014498210706550966 0.98406344017245472866 0.01579157772047981925 
0.00000000099999999999 0.98343276531064660606 0.01656723368935333549 
0.00000000099999999998 0.99999999800000005656 0.00000000099999999998 
0.99999999800000005656 0.00000000099999999991 0.00000000099999999991 
0.00000000100000000000 0.98008064453741694511 0.01991935446258299991 
0.00000000100000000000 0.98743572460934425639 0.01256427439065583435 
