0.00000000099999999998 0.00000000099999999998 0.00000000099999999998 0.00000000099999999998 0.98742141883431089333 0.01257857716568914867 
0.00000000099999999995 0.00000000099999999995 0.00000000099999999995 0.99999999500000003039 0.00000000099999999995 0.00000000099999999995 
0.00000000099999999995 0.00000000099999999995 0.00000000099999999995 0.99999999499999991937 0.00000000099999999995 0.00000000099999999995 
0.37482281135462502952 0.17019566287902940238 0.00000000099999999999 0.03154157315634330966 0.42263567915391925256 0.00080427245608315255 
0.32437094261489385350 0.20410205141097656489 0.00000000100000000000 0.00000000100000000000 0.46394679953256356963 0.00758020444156594364 
0.00000000099999999997 0.00000000099999999997 0.00000000099999999997 0.00000000099999999997 0.99999999500000003039 0.00000000099999999997 
0.00000000099999999996 0.00000000099999999996 0.00000000099999999996 0.99999999500000003039 0.00000000099999999996 0.00000000099999999996 
0.00000000099999999994 0.00000000099999999994 0.00000000099999999994 0.99999999499999991937 0.00000000099999999994 0.00000000099999999994 
0.27815307219982660092 0.10869544779614437324 0.00000000099999999999 0.00433012774404621225 0.59278464139974307301 0.01603670986023979922 
0.00000000099999999995 0.00000000099999999995 0.00000000099999999995 0.99999999499999991937 0.00000000099999999995 0.00000000099999999995 
0.99999999500000003039 0.00000000099999999997 0.00000000099999999997 0.00000000099999999997 0.00000000099999999997 0.00000000099999999997 
0.47557146515474874038 0.12189240769970632883 0.00000000099999999999 0.01192860856009475556 0.38434308390876498196 0.00626443367668543579 
0.99999999500000014141 0.00000000099999999996 0.00000000099999999996 0.00000000099999999996 0.00000000099999999996 0.00000000099999999996 
0.36513077616790229341 0.25885392071249135881 0.00000000099999999999 0.00000000099999999999 0.36319394932257081932 0.01282135179703558676 
0.32669794149545777762 0.28362489453696432262 0.00316594765460767678 0.00000000100000000000 0.37202356577266459947 0.01448764954030557980 
0.22335702217462402586 0.18818157086626752239 0.00000000099999999999 0.05403539626932660905 0.50545346194902363024 0.02897254774075811584 
0.00000000099999999997 0.00000000099999999997 0.00000000099999999997 0.00000000099999999997 0.99999999499999991937 0.00000000099999999997 
0.32406332132532350565 0.17030925544875014088 0.00404213661703185529 0.00000000099999999999 0.49980326524913520903 0.00178202035975911165 
0.32548247527107554422 0.15375268635607455825 0.00607966009146370615 0.00000000100000000000 0.50686099669955553271 0.00782418058183076762 
0.32403848115494349180 0.21228457872622677471 0.00000000099999999998 0.00000000099999999998 0.46115327435164127357 0.00252366376718851778 
0.54770637808700306515 0.00000000099999999999 0.00000000099999999999 0.00000000099999999999 0.45229361791299693696 0.00000000099999999999 
0.00000000099999999997 0.00000000099999999997 0.00000000099999999997 0.99999999499999991937 0.00000000099999999997 0.00000000099999999997 
0.33724335318760756408 0.28738404037872261609 0.00000000099999999999 0.01665332268447339281 0.35871928174919637256 0.00000000099999999999 
0.00000000099999999986 0.99999999500000014141 0.00000000099999999986 0.00000000099999999986 0.00000000099999999986 0.00000000099999999986 
0.99999999500000014141 0.00000000099999999996 0.00000000099999999996 0.00000000099999999996 0.00000000099999999996 0.00000000099999999996 
0.45011294624565661993 0.19708760739788958039 0.00000000099999999999 0.00000000099999999999 0.35279944335645369025 0.00000000099999999999 
0.00000000099999999978 0.00000000099999999978 0.00000000099999999978 0.00000000099999999978 0.00000000099999999978 0.99999999500000003039 
0.00000000099999999975 0.00000000099999999975 0.00000000099999999975 0.00000000099999999975 0.00000000099999999975 0.99999999499999991937 
0.66028576116034709553 0.00000000099999999999 0.00000000099999999999 0.00000000099999999999 0.33971423483965290657 0.00000000099999999999 
0.52166990953886460680 0.00000005484955963405 0.00000000099999999998 0.00000000099999999998 0.47240997773788306890 0.00592005587369265687 
0.45052479161494679571 0.00000000099999999998 0.00000000099999999998 0.01654912558761227961 0.53292607979744077706 0.00000000099999999998 
0.00000000099999999996 0.05859063397064255552 0.00000000099999999996 0.94140936202935732169 0.00000000099999999996 0.00000000099999999996 
0.00000000099999999992 0.48114153332401526919 0.00000000099999999992 0.16219428153970238959 0.00000000099999999992 0.35666418213628237055 
0.35889473147762129823 0.11491849990324350117 0.00000000099999999999 0.00000000099999999999 0.52618676561913502177 0.00000000099999999999 
0.00000000099999999975 0.00000000099999999975 0.99999999500000003039 0.00000000099999999975 0.00000000099999999975 0.00000000099999999975 
0.00000000099999999968 0.00000000099999999968 0.99999999499999991937 0.00000000099999999968 0.00000000099999999968 0.00000000099999999968 
0.00000000099999999969 0.00000000099999999969 0.99999999499999991937 0.00000000099999999969 0.00000000099999999969 0.00000000099999999969 
0.00000000099999999979 0.00000000099999999979 0.00000000099999999979 0.00000000099999999979 0.00000000099999999979 0.99999999500000003039 
0.00000000099999999976 0.00000000099999999976 0.00000000099999999976 0.00000000099999999976 0.00000000099999999976 0.99999999499999991937 
0.74251693937088703024 0.25748305662911302738 0.00000000099999999997 0.00000000099999999997 0.00000000099999999997 0.00000000099999999997 
0.00000000099999999997 0.00000000099999999997 0.00000000099999999997 0.99999999500000003039 0.00000000099999999997 0.00000000099999999997 
0.00000000099999999977 0.00000000099999999977 0.00000000099999999977 0.00000000099999999977 0.00000000099999999977 0.99999999499999991937 
0.33221073965519742899 0.39534612326229656709 0.00000000099999999999 0.00779560348450447377 0.26072002925365067583 0.00392750334435075770 
0.00000000099999999995 0.00000000099999999995 0.00000000099999999995 0.99999999499999991937 0.00000000099999999995 0.00000000099999999995 
0.00000000099999999980 0.00000000099999999980 0.00000000099999999980 0.00000000099999999980 0.00000000099999999980 0.99999999500000003039 
0.00000000099999999997 0.00000000099999999997 0.00000000099999999997 0.00000000099999999997 0.99999999500000003039 0.00000000099999999997 
0.00000000099999999978 0.00000000099999999978 0.00000000099999999978 0.00000000099999999978 0.00000000099999999978 0.99999999500000003039 
0.00000000099999999996 0.00000000099999999996 0.00000000099999999996 0.99999999500000003039 0.00000000099999999996 0.00000000099999999996 
0.00000000099999999993 0.00000000099999999993 0.00000000099999999993 0.99999999499999991937 0.00000000099999999993 0.00000000099999999993 
0.00000000099999999975 0.00000000099999999975 0.00000000099999999975 0.00000000099999999975 0.00000000099999999975 0.99999999500000003039 
0.00000000099999999977 0.00000000099999999977 0.00000000099999999977 0.00000000099999999977 0.00000000099999999977 0.99999999500000003039 
0.00000000099999999996 0.00000000099999999996 0.00000000099999999996 0.99999999500000003039 0.00000000099999999996 0.00000000099999999996 
0.00000000099999999996 0.00000000099999999996 0.00000000099999999996 0.99999999500000003039 0.00000000099999999996 0.00000000099999999996 
0.00000000099999999997 0.00000000099999999997 0.00000000099999999997 0.99999999499999991937 0.00000000099999999997 0.00000000099999999997 
0.00000000099999999981 0.00000000099999999981 0.00000000099999999981 0.00000000099999999981 0.00000000099999999981 0.99999999499999991937 
0.45857582404895053108 0.00000000100000000000 0.00000000100000000000 0.03948102813999197075 0.48851790800332017817 0.01342523780773733494 
0.00000000099999999998 0.00000000099999999998 0.00000000099999999998 0.00000000099999999998 0.98238808128224075489 0.01761191471775929926 
0.00000000099999999991 0.99999999500000014141 0.00000000099999999991 0.00000000099999999991 0.00000000099999999991 0.00000000099999999991 
0.33888363018449907393 0.12783668874350362366 0.00000000099999999999 0.00806945217142146336 0.52521022690057572735 0.00000000099999999999 
0.00000000099999999995 0.00000000099999999995 0.00000000099999999995 0.99999999500000003039 0.00000000099999999995 0.00000000099999999995 
0.61214773215517237492 0.00000000099999999999 0.00000000099999999999 0.00000000099999999999 0.38561190228186381646 0.00224036256296381454 
0.00000000099999999973 0.00000000099999999973 0.99999999499999991937 0.00000000099999999973 0.00000000099999999973 0.00000000099999999973 
0.00000000099999999998 0.23989917194230139796 0.00000000099999999998 0.00000000099999999998 0.76010082405769852087 0.00000000099999999998 
0.00000000099999999973 0.00000000099999999973 0.99999999500000003039 0.00000000099999999973 0.00000000099999999973 0.00000000099999999973 
0.50932781355544443080 0.24109391799796298095 0.00000000099999999999 0.02499317815050856872 0.22458508829608397894 0.00000000099999999999 
0.00000000099999999974 0.00000000099999999974 0.99999999499999991937 0.00000000099999999974 0.00000000099999999974 0.00000000099999999974 
0.35123850242272780520 0.00000000099999999999 0.00000000099999999999 0.00487607602452329487 0.64388541855274883385 0.00000000099999999999 
0.48663889859201953092 0.28034147490350785903 0.00000000100000000000 0.00000000100000000000 0.23141902582133841437 0.00160059868313409980 
0.00000000099999999994 0.00000000099999999994 0.00000000099999999994 0.99999999499999991937 0.00000000099999999994 0.00000000099999999994 
0.00000000099999999995 0.00000000099999999995 0.00000000099999999995 0.00000000099999999995 0.99999999500000003039 0.00000000099999999995 
0.00000000099999999974 0.00000000099999999974 0.99999999500000003039 0.00000000099999999974 0.00000000099999999974 0.00000000099999999974 
0.00000000099999999976 0.00000000099999999976 0.99999999499999991937 0.00000000099999999976 0.00000000099999999976 0.00000000099999999976 
0.42154247776478248610 0.24020455054362094272 0.00000000099999999999 0.07446925860121006435 0.25404600167250113163 0.00973771041788539828 
0.00000000099999999994 0.00000000099999999994 0.00000000099999999994 0.99999999499999991937 0.00000000099999999994 0.00000000099999999994 
0.00000000099999999982 0.00000000099999999982 0.00000000099999999982 0.00000000099999999982 0.00000000099999999982 0.99999999499999991937 
0.00000000099999999995 0.00000000099999999995 0.00000000099999999995 0.99999999499999991937 0.00000000099999999995 0.00000000099999999995 
0.20127522970461489416 0.21630522013719014063 0.00000000099999999999 0.03272897436962384637 0.54969057378857111296 0.00000000099999999999 
0.00000000099999999971 0.00000000099999999971 0.99999999500000003039 0.00000000099999999971 0.00000000099999999971 0.00000000099999999971 
0.00000000099999999973 0.00000000099999999973 0.00000000099999999973 0.00000000099999999973 0.00000000099999999973 0.99999999499999991937 
0.00000000099999999977 0.00000000099999999977 0.99999999499999991937 0.00000000099999999977 0.00000000099999999977 0.00000000099999999977 
0.00000000100000000000 0.32456871951407262333 0.00000000100000000000 0.00000000100000000000 0.66409761313599025012 0.01133366434993708302 
0.00000000099999999993 0.00000000099999999993 0.00000000099999999993 0.99999999500000003039 0.00000000099999999993 0.00000000099999999993 
0.00000000099999999994 0.00000000099999999994 0.00000000099999999994 0.99999999499999991937 0.00000000099999999994 0.00000000099999999994 
0.09747911541872281149 0.24460429242045969578 0.00000000099999999998 0.22916408124170561944 0.42875250891911170781 0.00000000099999999998 
0.18388306956784025714 0.00000000099999999999 0.00000000099999999999 0.00000000099999999999 0.79558954333595011121 0.02052738409620950139 
0.99999999500000014141 0.00000000099999999995 0.00000000099999999995 0.00000000099999999995 0.00000000099999999995 0.00000000099999999995 
0.34318967648410819704 0.21311246819491799775 0.00000000099999999999 0.01336226060354045626 0.43033559271743326846 0.00000000099999999999 
0.44236901805323214365 0.22110978524024249570 0.00000000099999999999 0.00000000099999999999 0.33652119370652527897 0.00000000099999999999 
0.38023151134318938782 0.04622162048401391721 0.00000000099999999997 0.00000000099999999997 0.57354686517279651614 0.00000000099999999997 
0.41420974589720216397 0.06057898820060982764 0.00000000099999999998 0.00552573012060812024 0.51968553378157988920 0.00000000099999999998 
0.38416444474936900511 0.13665669393573293133 0.00000000099999999999 0.00416028255334545058 0.46979461799010668877 0.00522395977144590653 
0.47024520303128802823 0.12342527852554663337 0.00000000099999999999 0.03211919893870090331 0.37421031750446420716 0.00000000099999999999 
0.00000000099999999996 0.00000000099999999996 0.00000000099999999996 0.99999999499999991937 0.00000000099999999996 0.00000000099999999996 
0.00000000099999999997 0.04119136330599629248 0.00000000099999999997 0.95880863269400373738 0.00000000099999999997 0.00000000099999999997 
0.00000000099999999984 0.00000000099999999984 0.99999999499999991937 0.00000000099999999984 0.00000000099999999984 0.00000000099999999984 
0.00000000099999999997 0.00000000099999999997 0.00000000099999999997 0.99999999500000003039 0.00000000099999999997 0.00000000099999999997 
0.00000000099999999998 0.00000000099999999998 0.00000000099999999998 0.99999999500000003039 0.00000000099999999998 0.00000000099999999998 
0.29296019018570435000 0.22556752045932262907 0.00000000099999999999 0.01527173892471230844 0.46083254512949489712 0.00536800430076579942 
0.00000000099999999968 0.00000000099999999968 0.99999999500000003039 0.00000000099999999968 0.00000000099999999968 0.00000000099999999968 
0.00000000099999999998 0.41790451782281223814 0.00000000099999999998 0.00000000099999999998 0.58209547817718754192 0.00000000099999999998 
0.36595870681494219179 0.24755505503066932427 0.00000000099999999999 0.00567255395484117780 0.37984938736134787884 0.00096429583819956639 
0.39204534592311807151 0.21595700981973592336 0.00000000100000000000 0.00000000100000000000 0.38610481493064091607 0.00589282732650519853 
0.99999999500000003039 0.00000000099999999997 0.00000000099999999997 0.00000000099999999997 0.00000000099999999997 0.00000000099999999997 
0.00000000099999999990 0.99999999500000003039 0.00000000099999999990 0.00000000099999999990 0.00000000099999999990 0.00000000099999999990 
0.24648348093942959447 0.19182151465004357305 0.00000000099999999999 0.03154213279292998606 0.53015286961759666706 0.00000000099999999999 
0.27621151636257645912 0.28543216514392710792 0.00000000099999999999 0.00000000099999999999 0.43835630879393289172 0.00000000769956354752 
0.24173931029920381341 0.23962469849430789726 0.00000000099999999999 0.00907253685419826851 0.50532624681119120424 0.00423720654109879802 
0.32714217088480979090 0.13386563246045038444 0.00065672134349165881 0.00676690688443013378 0.50159938468579889914 0.02996918374101916263 
0.42105549206069042834 0.16579999305617143524 0.00000000099999999999 0.00000000099999999999 0.40203132269217972672 0.01111319019095845587 
0.00000000099999999995 0.00000000099999999995 0.00000000099999999995 0.00000000099999999995 0.99999999500000003039 0.00000000099999999995 
0.56973669760100975612 0.19162706572175566833 0.00000000100000000000 0.01528934375916006332 0.20106153265497186955 0.02228535926310271434 
0.34669065088579142930 0.15237620388534350857 0.00000000099999999998 0.00000000099999999998 0.49279888154334317019 0.00813426168552182013 
0.75878461996550672364 0.24121537603449333398 0.00000000099999999998 0.00000000099999999998 0.00000000099999999998 0.00000000099999999998 
0.24951758376549795782 0.16878232190097994248 0.00000000099999999999 0.00000000099999999999 0.58170009133352196251 0.00000000099999999999 
0.25887192177910423041 0.30178051503269431866 0.00000000099999999998 0.02227669865602098856 0.41707086253218045302 0.00000000099999999998 
0.32721715622455355144 0.00000263331260567148 0.00000000099999999999 0.00608028686377752245 0.66669992159906310558 0.00000000099999999999 
0.35571579509707562661 0.18952619714880783452 0.00000000099999999999 0.03179970163602257455 0.42295830411809409721 0.00000000099999999999 
0.44734749293878683929 0.16868079207365771488 0.00000000099999999999 0.00000000099999999999 0.38397171198755541965 0.00000000099999999999 
0.39239391551335911501 0.26474684379400287293 0.00000000099999999998 0.01354833545739268785 0.32931090323524536689 0.00000000099999999998 
0.41632386576804880640 0.21209125047867946612 0.06842263534089308707 0.01326047729523052027 0.28614931017627159848 0.00375246094087660536 
0.23931137767478652401 0.30478145344889973067 0.00000000099999999998 0.00000000099999999998 0.45590716587631380241 0.00000000099999999998 
0.00000000099999999990 0.99999999500000003039 0.00000000099999999990 0.00000000099999999990 0.00000000099999999990 0.00000000099999999990 
0.99999999500000014141 0.00000000099999999995 0.00000000099999999995 0.00000000099999999995 0.00000000099999999995 0.00000000099999999995 
0.44027036572899080902 0.11639853746766362641 0.00000000099999999999 0.00000000099999999999 0.42766971858071456403 0.01566137622263095303 
0.51075466060511565125 0.16200431163675718671 0.00000000099999999998 0.00298357519240859083 0.32425745056571858571 0.00000000099999999998 
0.23730451797098167654 0.33189634547884755422 0.00000000100000000000 0.00000000100000000000 0.42882854376205586933 0.00197059078811493262 
0.39732630913732625011 0.22629807070387189527 0.00000000099999999999 0.00501626567427722152 0.36318999625995973535 0.00816935722456503706 
0.99999999500000014141 0.00000000099999999996 0.00000000099999999996 0.00000000099999999996 0.00000000099999999996 0.00000000099999999996 
0.99999999500000003039 0.00000000099999999994 0.00000000099999999994 0.00000000099999999994 0.00000000099999999994 0.00000000099999999994 
0.00000000099999999995 0.00000000099999999995 0.00000000099999999995 0.99999999500000003039 0.00000000099999999995 0.00000000099999999995 
0.01280701973564984594 0.00000000099999999997 0.00000000099999999997 0.98719297626435009718 0.00000000099999999997 0.00000000099999999997 
0.00000000099999999979 0.00000000099999999979 0.99999999500000003039 0.00000000099999999979 0.00000000099999999979 0.00000000099999999979 
0.00000000099999999974 0.00000000099999999974 0.00000000099999999974 0.00000000099999999974 0.00000000099999999974 0.99999999500000003039 
0.00000000099999999999 0.00000000099999999999 0.00000000099999999999 0.89537032753065526336 0.06851220147557963991 0.03611746799376504974 
0.00000000099999999996 0.00000000099999999996 0.00000000099999999996 0.00000000099999999996 0.99999999499999991937 0.00000000099999999996 
0.50458444542041436254 0.00000000099999999999 0.00000000099999999999 0.02656348678448287176 0.46885206479510277422 0.00000000099999999999 
0.00000000099999999998 0.00000000099999999998 0.00000000099999999998 0.99584009384642269147 0.00000000099999999998 0.00415990215357734706 
0.45324916400433495900 0.20822416518878908431 0.00000000099999999999 0.00719814193471718117 0.33132852687215880172 0.00000000099999999999 
0.39863853428068002360 0.25080110297618868342 0.00000000099999999998 0.00000000099999999998 0.34133963182124099633 0.00922072892189031504 
0.37545561903227014922 0.15665578579462047237 0.00000000099999999999 0.00000000099999999999 0.46702524506813580807 0.00086334810497354006 
0.00000000099999999972 0.00000000099999999972 0.99999999499999991937 0.00000000099999999972 0.00000000099999999972 0.00000000099999999972 
0.00000000099999999974 0.00000000099999999974 0.99999999499999991937 0.00000000099999999974 0.00000000099999999974 0.00000000099999999974 
0.00000000099999999968 0.00000000099999999968 0.99999999499999991937 0.00000000099999999968 0.00000000099999999968 0.00000000099999999968 
0.00000000099999999969 0.00000000099999999969 0.99999999499999991937 0.00000000099999999969 0.00000000099999999969 0.00000000099999999969 
0.00000000099999999970 0.00000000099999999970 0.99999999500000003039 0.00000000099999999970 0.00000000099999999970 0.00000000099999999970 
0.00000000099999999998 0.00000000099999999998 0.00000000099999999998 0.99999999499999991937 0.00000000099999999998 0.00000000099999999998 
0.32109742462410645336 0.27737468646625446089 0.00000000099999999999 0.00000000099999999999 0.39401183843309695032 0.00751604847654227092 
0.00000000099999999970 0.00000000099999999970 0.99999999500000003039 0.00000000099999999970 0.00000000099999999970 0.00000000099999999970 
0.00000000099999999974 0.00000000099999999974 0.99999999499999991937 0.00000000099999999974 0.00000000099999999974 0.00000000099999999974 
0.00000000099999999973 0.00000000099999999973 0.00000000099999999973 0.00000000099999999973 0.00000000099999999973 0.99999999499999991937 
0.00000000099999999973 0.00000000099999999973 0.00000000099999999973 0.00000000099999999973 0.00000000099999999973 0.99999999499999991937 
0.00000000099999999996 0.00000000099999999996 0.00000000099999999996 0.00000000099999999996 0.99999999500000003039 0.00000000099999999996 
0.00000000099999999972 0.00000000099999999972 0.99999999499999991937 0.00000000099999999972 0.00000000099999999972 0.00000000099999999972 
0.00000000099999999998 0.45019889173571003838 0.00000000099999999998 0.00000000099999999998 0.54980110426428985271 0.00000000099999999998 
0.00000000099999999996 0.00000000099999999996 0.00000000099999999996 0.00000000099999999996 0.99999999499999991937 0.00000000099999999996 
0.00000000099999999997 0.05554670584847303666 0.00000000099999999997 0.94445329015152701402 0.00000000099999999997 0.00000000099999999997 
0.45296768752008625958 0.20055588423496339967 0.00000000099999999998 0.00615901326980892658 0.34031741297514134237 0.00000000099999999998 
0.00000000099999999993 0.00000000099999999993 0.00000000099999999993 0.99999999500000003039 0.00000000099999999993 0.00000000099999999993 
0.70820206502658777925 0.29179793097341227837 0.00000000099999999998 0.00000000099999999998 0.00000000099999999998 0.00000000099999999998 
0.00000000099999999994 0.00000000099999999994 0.00000000099999999994 0.99999999500000003039 0.00000000099999999994 0.00000000099999999994 
0.57610364293531446389 0.42389635306468576026 0.00000000099999999999 0.00000000099999999999 0.00000000099999999999 0.00000000099999999999 
0.00000000099999999997 0.00000000099999999997 0.00000000099999999997 0.00000000099999999997 0.99999999500000003039 0.00000000099999999997 
0.00000000099999999974 0.00000000099999999974 0.99999999499999991937 0.00000000099999999974 0.00000000099999999974 0.00000000099999999974 
0.00000000099999999995 0.00000000099999999995 0.00000000099999999995 0.99999999499999991937 0.00000000099999999995 0.00000000099999999995 
0.00000000099999999970 0.00000000099999999970 0.99999999499999991937 0.00000000099999999970 0.00000000099999999970 0.00000000099999999970 
0.00000000099999999970 0.00000000099999999970 0.99999999500000003039 0.00000000099999999970 0.00000000099999999970 0.00000000099999999970 
0.33942058410110992339 0.12959986137854725974 0.00000000099999999999 0.00459819142537709440 0.52638136109496558301 0.00000000099999999999 
0.54156828343092178191 0.25116130913294421045 0.00000000099999999998 0.01873903693145509766 0.18853136850467891450 0.00000000099999999998 
0.00000000099999999995 0.00000000099999999995 0.00000000099999999995 0.00000000099999999995 0.99999999500000003039 0.00000000099999999995 
0.43467447210350229625 0.16144871984060391035 0.00000000099999999999 0.00000000099999999999 0.40347638024819992841 0.00040042580769390236 
0.00000000099999999998 0.00000000099999999998 0.00000000099999999998 0.00000000099999999998 0.99999999344628809350 0.00000000255371188181 
0.32301635830206315569 0.23699297801483129589 0.00000000099999999998 0.00875663977593075030 0.42587455595095957683 0.00535946695621537534 
0.40203731760795496930 0.09363586831475820271 0.00000000099999999999 0.00000000099999999999 0.50432681107728671854 0.00000000099999999999 
0.02467707670367852088 0.00000000099999999997 0.00000000099999999997 0.97532291929632153327 0.00000000099999999997 0.00000000099999999997 
0.41631230899569893200 0.15992596387036517314 0.00000000099999999998 0.00000000099999999998 0.42376172413393586869 0.00000000099999999998 
0.00000000099999999970 0.00000000099999999970 0.99999999499999991937 0.00000000099999999970 0.00000000099999999970 0.00000000099999999970 
0.99999999500000014141 0.00000000099999999996 0.00000000099999999996 0.00000000099999999996 0.00000000099999999996 0.00000000099999999996 
0.00000000099999999990 0.00000000099999999990 0.99999999499999991937 0.00000000099999999990 0.00000000099999999990 0.00000000099999999990 
0.00000000099999999974 0.00000000099999999974 0.99999999500000003039 0.00000000099999999974 0.00000000099999999974 0.00000000099999999974 
0.00000000099999999998 0.18263085024521191757 0.00000000099999999998 0.01199319929815409469 0.80537594745663398932 0.00000000099999999998 
0.00000000099999999998 0.23221135397918982179 0.00000000099999999998 0.00000000099999999998 0.76778864069873986598 0.00000000232207042123 
0.00000000099999999998 0.23579357385512739187 0.00000000099999999998 0.00048929722780340806 0.76371712591706908402 0.00000000099999999998 
0.00000000099999999976 0.00000000099999999976 0.99999999500000003039 0.00000000099999999976 0.00000000099999999976 0.00000000099999999976 
0.00000000099999999994 0.00000000099999999994 0.00000000099999999994 0.99999999499999991937 0.00000000099999999994 0.00000000099999999994 
0.00000000099999999994 0.00000000099999999994 0.00000000099999999994 0.99999999500000003039 0.00000000099999999994 0.00000000099999999994 
0.00000000099999999973 0.00000000099999999973 0.99999999500000003039 0.00000000099999999973 0.00000000099999999973 0.00000000099999999973 
0.35818683250497790338 0.06911413931113263853 0.00000000099999999999 0.00007799795164757627 0.56722273442255832787 0.00539829480968372945 
0.97816575112830883576 0.00000000099999999999 0.00000000099999999999 0.02183424487169127043 0.00000000099999999999 0.00000000099999999999 
0.00000000099999999975 0.00000000099999999975 0.99999999499999991937 0.00000000099999999975 0.00000000099999999975 0.00000000099999999975 
0.42994561201866876576 0.33737548798869665401 0.00000000099999999998 0.00000000099999999998 0.23267889699263463732 0.00000000099999999998 
0.00000000099999999993 0.00000000099999999993 0.00000000099999999993 0.99999999499999991937 0.00000000099999999993 0.00000000099999999993 
0.57362117432962367314 0.00000000100000000000 0.10230040079060480351 0.21655023354158295379 0.00000000100000000000 0.10752818933818873715 
0.99999999500000014141 0.00000000099999999997 0.00000000099999999997 0.00000000099999999997 0.00000000099999999997 0.00000000099999999997 
0.54546580323183435635 0.00000000099999999999 0.00000000099999999999 0.02037114683648538760 0.42363775158846361801 0.01052529634321666512 
0.61762062210102830484 0.10599947713579586928 0.00000000099999999999 0.00000000099999999999 0.26515251529538941266 0.01122738346778651662 
0.00000000099999999992 0.99999999500000014141 0.00000000099999999992 0.00000000099999999992 0.00000000099999999992 0.00000000099999999992 
0.99999999500000003039 0.00000000099999999995 0.00000000099999999995 0.00000000099999999995 0.00000000099999999995 0.00000000099999999995 
0.30248851613403515692 0.24087146384166122082 0.00000000099999999999 0.00000000099999999999 0.45664001702430367935 0.00000000099999999999 
0.28247772201831339300 0.34512485582093443970 0.00000000099999999999 0.00000000099999999999 0.36522841396766780875 0.00716900619308446715 
0.44762361126376021270 0.10966828714291509961 0.00827596915635901015 0.02176686195225280285 0.41154028018025157198 0.00112499030446147272 
0.00000000099999999996 0.00000000099999999996 0.00000000099999999996 0.99999999500000003039 0.00000000099999999996 0.00000000099999999996 
0.72978956078216872250 0.27021043521783133512 0.00000000099999999998 0.00000000099999999998 0.00000000099999999998 0.00000000099999999998 
0.29914779686486403509 0.00000000099999999998 0.00000000099999999998 0.00000000099999999998 0.70085219913513585599 0.00000000099999999998 
0.41884055603163222736 0.00000000099999999999 0.00000000099999999999 0.04282241861269431987 0.53833702235567326699 0.00000000099999999999 
0.38654314996230854096 0.00000063649065746328 0.00000000099999999998 0.00703396526387747682 0.60642224628315655188 0.00000000099999999998 
0.99999999500000003039 0.00000000099999999997 0.00000000099999999997 0.00000000099999999997 0.00000000099999999997 0.00000000099999999997 
0.00000000153732515880 0.26484279933582222100 0.00000000099999999998 0.00000000099999999998 0.73515719612685248574 0.00000000099999999998 
0.00000000099999999995 0.99999999500000003039 0.00000000099999999995 0.00000000099999999995 0.00000000099999999995 0.00000000099999999995 
0.03869644135712928951 0.00000000099999999997 0.00000000099999999997 0.96130355464287076117 0.00000000099999999997 0.00000000099999999997 
0.47093248485541172599 0.00000000099999999999 0.00000000099999999999 0.01186515119724268312 0.50208298252527894245 0.01511937942206652286 
0.27131235647693197066 0.26824757076225286268 0.00000000099999999999 0.00000000442151270532 0.45156505701925875318 0.00887501032004372158 
0.43654944310713317268 0.28804192787869753456 0.00459536096758244444 0.00001829605767144429 0.27079497098891552875 0.00000000100000000000 
0.00000000099999999997 0.00000000099999999997 0.00000000099999999997 0.99999999499999991937 0.00000000099999999997 0.00000000099999999997 
0.35612417142604069209 0.14949214365666427251 0.01828264011257161106 0.02229592993570512008 0.45380511386901828397 0.00000000100000000000 
0.00000000099999999999 0.26159584611429848033 0.00000000099999999999 0.00000000099999999999 0.73840414988570135524 0.00000000099999999999 
0.06252099864090283898 0.19388210773143221832 0.00000000099999999999 0.47973611653039260894 0.26034974274194744304 0.00351103335532476635 
0.34129170667250102733 0.17329248296356297709 0.00000000099999999998 0.01914882726805746879 0.46626698109587860763 0.00000000099999999998 
0.00000000099999999976 0.00000000099999999976 0.99999999499999991937 0.00000000099999999976 0.00000000099999999976 0.00000000099999999976 
0.33712617651916182426 0.21719665458229522881 0.00000000099999999999 0.00936875316786717378 0.42129094318649473738 0.01501747154418097210 
0.39083015818936400754 0.30205249186166599484 0.00000000099999999999 0.01659602135229188216 0.29052132659667789794 0.00000000099999999999 
