0.00000000099999999995 0.44277018834031811600 0.00000000099999999995 0.00000000099999999995 0.00000000099999999995 0.00000000099999999995 0.55722980365968166616 0.00000000099999999995 0.00000000099999999995 0.00000000099999999995 
0.00000000099999999992 0.00000000099999999992 0.00000000099999999992 0.00000000099999999992 0.00000000099999999992 0.00000000099999999992 0.00000000099999999992 0.00000000099999999992 0.00000000099999999992 0.99999999100000003249 
0.00000000099999999993 0.00000000099999999993 0.00000000099999999993 0.00000000099999999993 0.00000000099999999993 0.00000000099999999993 0.00000000099999999993 0.00000000099999999993 0.00000000099999999993 0.99999999100000003249 
0.00010817551965190906 0.14922451586146986968 0.00000000099999999999 0.08506564523176513015 0.00000000099999999999 0.00000000111306743382 0.11093336492571310992 0.40383674396549024133 0.22491115203607833783 0.02592039934676399274 
0.00000000099999999998 0.14683377398226532540 0.00000000099999999998 0.14712886079722378718 0.06306835132073737582 0.00000000099999999998 0.28128373049644156412 0.12925786729784877194 0.23242741210548331643 0.00000000099999999998 
0.00000000099999999998 0.11407774258957965874 0.00000000099999999998 0.00000000099999999998 0.00000000099999999998 0.00000000099999999998 0.41418145661758964948 0.46787397004040537363 0.00000000099999999998 0.00386682475242532478 
0.00000000099999999995 0.00000000099999999995 0.00000000099999999995 0.00000000099999999995 0.01765853710422643497 0.00000000099999999995 0.00000000099999999995 0.00000000099999999995 0.00000000099999999995 0.98234145489577362476 
0.00000000099999999990 0.00000000099999999990 0.00000000099999999990 0.00000000099999999990 0.00000000099999999990 0.00000000099999999990 0.00000000099999999990 0.00000000099999999990 0.00000000099999999990 0.99999999100000003249 
0.00754413014142024663 0.00000000099999999998 0.00000000099999999998 0.24773216169464332137 0.02562006888106602848 0.00000105834964774001 0.00000000099999999998 0.71910257593322268743 0.00000000099999999998 0.00000000099999999998 
0.00000000099999999993 0.00000000099999999993 0.00000000099999999993 0.00000000099999999993 0.00000000099999999993 0.00000000099999999993 0.00000000099999999993 0.00000000099999999993 0.00000000099999999993 0.99999999100000003249 
0.00000000099999999985 0.00000000099999999985 0.00000000099999999985 0.99999999100000003249 0.00000000099999999985 0.00000000099999999985 0.00000000099999999985 0.00000000099999999985 0.00000000099999999985 0.00000000099999999985 
0.00491781891421618454 0.09338277512114057100 0.00000000099999999998 0.17471140583541114322 0.02398963916820977260 0.00000000099999999998 0.39309930040675200580 0.20596140422944739234 0.09324450902291976651 0.01069314530190333505 
0.00000000099999999999 0.00230909905639242654 0.00000000099999999999 0.15725949118945897753 0.01382758870596148722 0.00659703910681565253 0.30548338679759445835 0.42528144020492419930 0.08924195193885268995 0.00000000099999999999 
0.00000000099999999999 0.30558679451426157270 0.00000000099999999999 0.25985085037134642016 0.01434431434026177225 0.00012630631283003395 0.00048468799783619852 0.15196545157579205432 0.26764159188767178144 0.00000000099999999999 
0.00000000099999999983 0.00000000099999999983 0.00000000099999999983 0.99999999100000014352 0.00000000099999999983 0.00000000099999999983 0.00000000099999999983 0.00000000099999999983 0.00000000099999999983 0.00000000099999999983 
0.02511734649865960886 0.05151863926969606211 0.00000000099999999999 0.18300499355230764875 0.04300151670640616625 0.00000001126531749459 0.20307526630376143695 0.26749922347161553260 0.18166835754378779511 0.04511464438844824815 
0.00000000099999999988 0.00000000099999999988 0.00000000099999999988 0.00000000099999999988 0.00000000099999999988 0.00000000099999999988 0.99999999100000003249 0.00000000099999999988 0.00000000099999999988 0.00000000099999999988 
0.00000000099999999997 0.27679676710474410140 0.00000000099999999997 0.22747898169446345573 0.00000004972326639120 0.00000000099999999997 0.00000000099999999997 0.43015555060514215624 0.06556864587238385444 0.00000000099999999997 
0.00000000099999999999 0.17804368563203479270 0.00000000099999999999 0.12110270612250476074 0.00000000099999999999 0.00000000099999999999 0.00000000099999999999 0.30820493258438175221 0.39264866966107853097 0.00000000099999999999 
0.00000000099999999995 0.00000000099999999995 0.00000000099999999995 0.00000000099999999995 0.00000000099999999995 0.00000000099999999995 0.33787073349004592693 0.00000000099999999995 0.66212925850995396626 0.00000000099999999995 
0.00000000099999999997 0.11223709418017463468 0.00000000099999999997 0.30137571646144306614 0.00000000099999999997 0.00000000099999999997 0.09200255375481390663 0.24828416531739891382 0.24610046528616941197 0.00000000099999999997 
0.00000000099999999995 0.00000000099999999995 0.00000000099999999995 0.02698564615460758917 0.00000000099999999995 0.00000000099999999995 0.00000000099999999995 0.00000000099999999995 0.00000000099999999995 0.97301434584539236994 
0.00000000099999999991 0.65752013646301388228 0.00000000099999999991 0.00000000099999999991 0.00000000099999999991 0.00000000099999999991 0.00000000099999999991 0.34247985553698634398 0.00000000099999999991 0.00000000099999999991 
0.00000000099999999928 0.00000000099999999928 0.00000000099999999928 0.00000000099999999928 0.99999999100000003249 0.00000000099999999928 0.00000000099999999928 0.00000000099999999928 0.00000000099999999928 0.00000000099999999928 
0.00000000099999999996 0.31859789768903495899 0.00000000099999999996 0.00120834949951507042 0.00000000099999999996 0.00000000099999999996 0.30935232122650030417 0.36989266754621286104 0.00000001145669974531 0.00094874858203687900 
0.00000000099999999997 0.17246197510257055274 0.00000000099999999997 0.00000000099999999997 0.00674079746974410535 0.00000000099999999997 0.32720318583154878178 0.49359322815033807030 0.00000080844579838948 0.00000000099999999997 
0.99999999100000025454 0.00000000099999999946 0.00000000099999999946 0.00000000099999999946 0.00000000099999999946 0.00000000099999999946 0.00000000099999999946 0.00000000099999999946 0.00000000099999999946 0.00000000099999999946 
0.00000000099999999952 0.00000000099999999952 0.00000000099999999952 0.00000000099999999952 0.00000000099999999952 0.99999999100000003249 0.00000000099999999952 0.00000000099999999952 0.00000000099999999952 0.00000000099999999952 
0.00000000099999999995 0.31339737747040397053 0.00000000099999999995 0.00000000099999999995 0.00000000099999999995 0.00000000099999999995 0.00000000099999999995 0.68660261452959592265 0.00000000099999999995 0.00000000099999999995 
0.00000000099999999991 0.00000000099999999991 0.00000000099999999991 0.00000000099999999991 0.00000000099999999991 0.00000000099999999991 0.00000000099999999991 0.99999999099999992147 0.00000000099999999991 0.00000000099999999991 
0.00000000099999999997 0.32962390874251540351 0.00000000099999999997 0.00018489792649106440 0.04135094740524716123 0.00000000099999999997 0.00000000099999999997 0.39710336433639392695 0.23173687658935235301 0.00000000099999999997 
0.00000000099999999978 0.00000000099999999978 0.00000000099999999978 0.00000000099999999978 0.26469964651130500899 0.00000000099999999978 0.00000000099999999978 0.00000000099999999978 0.00000000099999999978 0.73530034548869493971 
0.00000000099999999961 0.00000000099999999961 0.00000000099999999961 0.00000000099999999961 0.62973730231006619373 0.37026268968993386599 0.00000000099999999961 0.00000000099999999961 0.00000000099999999961 0.00000000099999999961 
0.00000000099999999996 0.00000000099999999996 0.00000000099999999996 0.00004451126662398887 0.00000000099999999996 0.00000000099999999996 0.00000000099999999996 0.66053085389921373238 0.33942462783416227357 0.00000000099999999996 
0.00000000099999999954 0.00000000099999999954 0.99999999100000003249 0.00000000099999999954 0.00000000099999999954 0.00000000099999999954 0.00000000099999999954 0.00000000099999999954 0.00000000099999999954 0.00000000099999999954 
0.00000000099999999942 0.00000000099999999942 0.99999999100000003249 0.00000000099999999942 0.00000000099999999942 0.00000000099999999942 0.00000000099999999942 0.00000000099999999942 0.00000000099999999942 0.00000000099999999942 
0.00000000099999999943 0.00000000099999999943 0.99999999100000003249 0.00000000099999999943 0.00000000099999999943 0.00000000099999999943 0.00000000099999999943 0.00000000099999999943 0.00000000099999999943 0.00000000099999999943 
0.00000000099999999955 0.00000000099999999955 0.00000000099999999955 0.00000000099999999955 0.00000000099999999955 0.99999999100000003249 0.00000000099999999955 0.00000000099999999955 0.00000000099999999955 0.00000000099999999955 
0.99999999100000025454 0.00000000099999999942 0.00000000099999999942 0.00000000099999999942 0.00000000099999999942 0.00000000099999999942 0.00000000099999999942 0.00000000099999999942 0.00000000099999999942 0.00000000099999999942 
0.00000000099999999998 0.06807721410208474044 0.00000000099999999998 0.27284227396894011886 0.00681743503907916455 0.00000000099999999998 0.05732733517973617049 0.26043610650320059285 0.33449963120695919150 0.00000000099999999998 
0.00000000099999999995 0.00000000099999999995 0.00000000099999999995 0.00000000099999999995 0.00000000099999999995 0.00000000099999999995 0.00000000099999999995 0.00000000099999999995 0.00000000099999999995 0.99999999100000003249 
0.99999999100000025454 0.00000000099999999945 0.00000000099999999945 0.00000000099999999945 0.00000000099999999945 0.00000000099999999945 0.00000000099999999945 0.00000000099999999945 0.00000000099999999945 0.00000000099999999945 
0.00000000099999999998 0.36684377599949202775 0.00000000099999999998 0.00000000099999999998 0.03824981348430231409 0.00000000099999999998 0.00000008825541905574 0.35585594029771766555 0.23905037696306868922 0.00000000099999999998 
0.00000000099999999992 0.00000000099999999992 0.00000000099999999992 0.00000000099999999992 0.00000000099999999992 0.00000000099999999992 0.00000000099999999992 0.00000000099999999992 0.00000000099999999992 0.99999999100000003249 
0.00000000099999999955 0.00000000099999999955 0.00000000099999999955 0.00000000099999999955 0.00000000099999999955 0.99999999100000003249 0.00000000099999999955 0.00000000099999999955 0.00000000099999999955 0.00000000099999999955 
0.00020220357381323651 0.00000000099999999998 0.00000000099999999998 0.00000000099999999998 0.01370399600779252137 0.00000000099999999998 0.55358024569712316332 0.43013881288602889841 0.00000000099999999998 0.00237473683524205966 
0.99999999100000025454 0.00000000099999999944 0.00000000099999999944 0.00000000099999999944 0.00000000099999999944 0.00000000099999999944 0.00000000099999999944 0.00000000099999999944 0.00000000099999999944 0.00000000099999999944 
0.00000000099999999993 0.00000000099999999993 0.00000000099999999993 0.00000000099999999993 0.00000000099999999993 0.00000000099999999993 0.00000000099999999993 0.00000000099999999993 0.00000000099999999993 0.99999999100000003249 
0.00000000099999999988 0.00000000099999999988 0.00000000099999999988 0.00000000099999999988 0.00000000099999999988 0.00000000099999999988 0.00000000099999999988 0.00000000099999999988 0.00000000099999999988 0.99999999099999992147 
0.99999999100000025454 0.00000000099999999939 0.00000000099999999939 0.00000000099999999939 0.00000000099999999939 0.00000000099999999939 0.00000000099999999939 0.00000000099999999939 0.00000000099999999939 0.00000000099999999939 
0.00000000099999999952 0.00000000099999999952 0.00000000099999999952 0.00000000099999999952 0.00000000099999999952 0.99999999100000003249 0.00000000099999999952 0.00000000099999999952 0.00000000099999999952 0.00000000099999999952 
0.00000000099999999994 0.00000000099999999994 0.00000000099999999994 0.00000000099999999994 0.00000000099999999994 0.00000000099999999994 0.00000000099999999994 0.00000000099999999994 0.00000000099999999994 0.99999999100000003249 
0.00000000099999999994 0.00000000099999999994 0.00000000099999999994 0.00000000099999999994 0.00000000099999999994 0.00000000099999999994 0.00000188536753432666 0.00000000099999999994 0.00000000099999999994 0.99999810663246557763 
0.00000000099999999994 0.00000000099999999994 0.00000000099999999994 0.00000000099999999994 0.00000000099999999994 0.00000000099999999994 0.00000000099999999994 0.00569930055955332557 0.00000000099999999994 0.99430069144044663787 
0.28862295836685830652 0.00000000099999999967 0.00000000099999999967 0.00000000099999999967 0.00000000099999999967 0.71137703363314164218 0.00000000099999999967 0.00000000099999999967 0.00000000099999999967 0.00000000099999999967 
0.00000039611627788833 0.00000000099999999999 0.00000000099999999999 0.34221625021688184543 0.02637425775303340811 0.00466665760509183541 0.38216465748836908611 0.20421455949708772204 0.00000000099999999999 0.04036321832325834302 
0.00000000099999999978 0.99999999100000025454 0.00000000099999999978 0.00000000099999999978 0.00000000099999999978 0.00000000099999999978 0.00000000099999999978 0.00000000099999999978 0.00000000099999999978 0.00000000099999999978 
0.00000000099999999987 0.00000000099999999987 0.00000000099999999987 0.00000000099999999987 0.00000000099999999987 0.00000000099999999987 0.00000000099999999987 0.00000000099999999987 0.99999999099999992147 0.00000000099999999987 
0.00000000099999999998 0.33451898215463721220 0.00000000099999999998 0.00000000099999999998 0.00001877643440348873 0.00000000099999999998 0.07194518036554341245 0.30939538122863624592 0.28412167481677952363 0.00000000099999999998 
0.00000000099999999993 0.00000000099999999993 0.00000000099999999993 0.00000000099999999993 0.00000000099999999993 0.00000000099999999993 0.00000000099999999993 0.00000000099999999993 0.00000000099999999993 0.99999999099999992147 
0.00000000145494562661 0.00000000099999999999 0.00000000099999999999 0.16478608577197015328 0.00000000099999999999 0.00198385186305505019 0.00000000099999999999 0.56228005560269556096 0.27095000030733351615 0.00000000099999999999 
0.00000000099999999950 0.00000000099999999950 0.99999999100000014352 0.00000000099999999950 0.00000000099999999950 0.00000000099999999950 0.00000000099999999950 0.00000000099999999950 0.00000000099999999950 0.00000000099999999950 
0.00000000099999999985 0.00000000099999999985 0.00000000099999999985 0.00000000099999999985 0.00000000099999999985 0.00000000099999999985 0.00000000099999999985 0.00000000099999999985 0.99999999100000003249 0.00000000099999999985 
0.00000000099999999951 0.00000000099999999951 0.99999999100000003249 0.00000000099999999951 0.00000000099999999951 0.00000000099999999951 0.00000000099999999951 0.00000000099999999951 0.00000000099999999951 0.00000000099999999951 
0.00000000099999999998 0.08386454532451231847 0.00000000099999999998 0.00000000099999999998 0.06705371937544933603 0.00000000099999999998 0.21060432363292680424 0.45959103205008056126 0.17275847073777003682 0.00612790487926112050 
0.00000000099999999953 0.00000000099999999953 0.99999999100000014352 0.00000000099999999953 0.00000000099999999953 0.00000000099999999953 0.00000000099999999953 0.00000000099999999953 0.00000000099999999953 0.00000000099999999953 
0.00000000099999999998 0.16641537422566582416 0.00000000099999999998 0.14614034672719417030 0.00000000099999999998 0.00000000099999999998 0.18104352997755140953 0.26110516738004763138 0.24529557668954085625 0.00000000099999999998 
0.00000000099999999991 0.00000000099999999991 0.00000000099999999991 0.00000000099999999991 0.00000000099999999991 0.00000000099999999991 0.99999999100000003249 0.00000000099999999991 0.00000000099999999991 0.00000000099999999991 
0.00000000099999999990 0.00000000099999999990 0.00000000099999999990 0.00000000099999999990 0.00000000099999999990 0.00000000099999999990 0.00000000099999999990 0.00000000099999999990 0.00000000099999999990 0.99999999100000003249 
0.00000000099999999993 0.00000000099999999993 0.00000000099999999993 0.00000000099999999993 0.00000000099999999993 0.00000000099999999993 0.58764473680032924818 0.00000000099999999993 0.41235525519967070052 0.00000000099999999993 
0.00000000099999999954 0.00000000099999999954 0.99999999100000014352 0.00000000099999999954 0.00000000099999999954 0.00000000099999999954 0.00000000099999999954 0.00000000099999999954 0.00000000099999999954 0.00000000099999999954 
0.00000000099999999957 0.00000000099999999957 0.99999999100000014352 0.00000000099999999957 0.00000000099999999957 0.00000000099999999957 0.00000000099999999957 0.00000000099999999957 0.00000000099999999957 0.00000000099999999957 
0.00465756005363721255 0.23731930040863105646 0.00000000099999999998 0.00010822715304783095 0.00000000099999999998 0.00000000099999999998 0.17562206350204864758 0.25370623105441786338 0.25891312235236163541 0.06967349247585576111 
0.00000000099999999991 0.00000000099999999991 0.00000000099999999991 0.00000000099999999991 0.00000000099999999991 0.00000000099999999991 0.00000000099999999991 0.00000000099999999991 0.00000000099999999991 0.99999999100000003249 
0.00000000099999999957 0.00000000099999999957 0.00000000099999999957 0.00000000099999999957 0.00000000099999999957 0.99999999100000014352 0.00000000099999999957 0.00000000099999999957 0.00000000099999999957 0.00000000099999999957 
0.00000000099999999992 0.00000000099999999992 0.00000000099999999992 0.00000000099999999992 0.00000000099999999992 0.00000000099999999992 0.00000000099999999992 0.00000000099999999992 0.00000000099999999992 0.99999999099999992147 
0.00000000099999999999 0.00226007754984238526 0.00000000099999999999 0.18760422574548296648 0.00833248383876990587 0.00000000099999999999 0.25817763254566528097 0.30123138911450958455 0.20972818273387544563 0.03266600547185437992 
0.00000000099999999948 0.00000000099999999948 0.99999999100000014352 0.00000000099999999948 0.00000000099999999948 0.00000000099999999948 0.00000000099999999948 0.00000000099999999948 0.00000000099999999948 0.00000000099999999948 
0.99999999100000014352 0.00000000099999999934 0.00000000099999999934 0.00000000099999999934 0.00000000099999999934 0.00000000099999999934 0.00000000099999999934 0.00000000099999999934 0.00000000099999999934 0.00000000099999999934 
0.00000000099999999958 0.00000000099999999958 0.99999999100000003249 0.00000000099999999958 0.00000000099999999958 0.00000000099999999958 0.00000000099999999958 0.00000000099999999958 0.00000000099999999958 0.00000000099999999958 
0.00064157509601206887 0.41265226012349492946 0.00000000099999999997 0.00000000099999999997 0.00000000099999999997 0.00000000099999999997 0.26755462364020221600 0.00000000936695819298 0.31915152677333241682 0.00000000099999999997 
0.00000000099999999989 0.00000000099999999989 0.00000000099999999989 0.00000000099999999989 0.00000000099999999989 0.00000000099999999989 0.00000000099999999989 0.00000000099999999989 0.00000000099999999989 0.99999999100000003249 
0.00000000099999999990 0.00000000099999999990 0.00000000099999999990 0.00000000099999999990 0.00000000099999999990 0.00000000099999999990 0.00000000099999999990 0.00000000099999999990 0.00000000099999999990 0.99999999100000003249 
0.00000000099999999997 0.00000000099999999997 0.00000000099999999997 0.07848658699716400122 0.03639031067861878133 0.00000000099999999997 0.38253959061543268971 0.28170953791651343057 0.00000000099999999997 0.22087396879227119695 
0.02603491428789770842 0.21079799847431229809 0.00000000099999999999 0.00022996516276421579 0.02374071889384549508 0.00000000099999999999 0.33670046921648355553 0.40249592996469657491 0.00000000099999999999 0.00000000099999999999 
0.00000000099999999975 0.99999999100000014352 0.00000000099999999975 0.00000000099999999975 0.00000000099999999975 0.00000000099999999975 0.00000000099999999975 0.00000000099999999975 0.00000000099999999975 0.00000000099999999975 
0.00000000099999999997 0.12326045413920627691 0.00000000099999999997 0.00000000099999999997 0.00000000099999999997 0.00000000099999999997 0.28022246897757407957 0.30259410742656800419 0.28592949105927201181 0.00799347339737966137 
0.00168130156864545891 0.00000000099999999998 0.00000000099999999998 0.19702741397997311501 0.04606127469138227709 0.00000000099999999998 0.00000000099999999998 0.41412069389023148380 0.34110931086976764570 0.00000000099999999998 
0.00000000099999999995 0.17961953511928610561 0.00000000099999999995 0.26727526229397746693 0.00000000099999999995 0.00000000099999999995 0.00000000099999999995 0.29150559743248755096 0.26159959915424879640 0.00000000099999999995 
0.00000000099999999996 0.00000000165821443075 0.00000000099999999996 0.35118141015235421198 0.00400363988205761946 0.00000000099999999996 0.35798715419097754120 0.00000000099999999996 0.28682778911639617014 0.00000000099999999996 
0.00000000099999999989 0.00000000099999999989 0.00000000099999999989 0.00000000099999999989 0.00000000099999999989 0.00000000099999999989 0.99999999100000003249 0.00000000099999999989 0.00000000099999999989 0.00000000099999999989 
0.00000000099999999997 0.00000014290344555013 0.00000000099999999997 0.00000000099999999997 0.00000000099999999997 0.00000000099999999997 0.31189557028558462237 0.65175621306161779511 0.00000000099999999997 0.03634806774935204349 
0.00000000099999999992 0.00000000099999999992 0.00000000099999999992 0.00000000099999999992 0.00000000099999999992 0.00000000099999999992 0.00000000099999999992 0.00000000099999999992 0.00000000099999999992 0.99999999100000003249 
0.00000000099999999996 0.00000000099999999996 0.00000000099999999996 0.00000000099999999996 0.00000000099999999996 0.00000000099999999996 0.00000000099999999996 0.00000000099999999996 0.02747349490899773927 0.97252649709100225106 
0.00000000099999999971 0.00000000099999999971 0.99999999100000014352 0.00000000099999999971 0.00000000099999999971 0.00000000099999999971 0.00000000099999999971 0.00000000099999999971 0.00000000099999999971 0.00000000099999999971 
0.00000000099999999996 0.00000000099999999996 0.00000000099999999996 0.00000016293132286011 0.00000000099999999996 0.00000000099999999996 0.00000000099999999996 0.00000000099999999996 0.00000000099999999996 0.99999982906867712629 
0.00000000099999999997 0.01171824928217982467 0.00000000099999999997 0.00000000099999999997 0.00000002464381336140 0.00000000099999999997 0.00000000099999999997 0.00000000099999999997 0.00000000099999999997 0.98828171907400674812 
0.00000000099999999999 0.12306055327967516111 0.00000000099999999999 0.17142126687710357302 0.00000000099999999999 0.00237899826489320785 0.00000000099999999999 0.34895195607431189755 0.34255577074416143635 0.01163145075985457140 
0.00000000099999999941 0.00000000099999999941 0.99999999100000014352 0.00000000099999999941 0.00000000099999999941 0.00000000099999999941 0.00000000099999999941 0.00000000099999999941 0.00000000099999999941 0.00000000099999999941 
0.00000000099999999996 0.00000000100104971388 0.00000000099999999996 0.36287867289364444945 0.00000000099999999996 0.00000000099999999996 0.00000000099999999996 0.63712131910530578338 0.00000000099999999996 0.00000000099999999996 
0.00000000099999999997 0.00000000099999999997 0.00000000099999999997 0.00000019993261429421 0.00000000099999999997 0.00000000099999999997 0.00000000099999999997 0.59252572194956243390 0.40747407111782318889 0.00000000099999999997 
0.00208000579009317297 0.00000000107091433875 0.00000000100000000000 0.13428844852374324792 0.02551322859872649437 0.00000000100000000000 0.36192361155581276311 0.24593752787021458395 0.23025717359049530097 0.00000000100000000000 
0.00000000099999999996 0.40589357203894216308 0.00000000099999999996 0.00000000099999999996 0.00000000099999999996 0.00000000099999999996 0.00000000099999999996 0.59410641996105761908 0.00000000099999999996 0.00000000099999999996 
0.00000000099999999988 0.00000000099999999988 0.00000000099999999988 0.00000000099999999988 0.00000000099999999988 0.00000000099999999988 0.00000000099999999988 0.00000000099999999988 0.99999999099999992147 0.00000000099999999988 
0.00000000099999999992 0.00000000099999999992 0.00000000099999999992 0.00000000099999999992 0.00000000099999999992 0.00000000099999999992 0.00000000099999999992 0.99999999099999992147 0.00000000099999999992 0.00000000099999999992 
0.00000000099999999997 0.00000000099999999997 0.00000000099999999997 0.00000000099999999997 0.00950577212521910853 0.00000000099999999997 0.50202637428964591582 0.00014878276489676087 0.48831906482023823557 0.00000000099999999997 
0.00000000099999999993 0.62618791484221913990 0.00000000099999999993 0.00000000099999999993 0.00000000099999999993 0.00000000099999999993 0.00000000099999999993 0.00000026960146158022 0.37381180855631945814 0.00000000099999999993 
0.02904295863235266048 0.03337162045276804989 0.00000000100000000000 0.00000000100000000000 0.00856306405310730892 0.00000000100000000000 0.40535347100513524632 0.34048382744500377273 0.17688503882096787145 0.00630001659066504061 
0.00000000099999999993 0.00000000099999999993 0.00000000099999999993 0.00000000099999999993 0.00000000099999999993 0.00000000099999999993 0.00000000099999999993 0.99999999099999992147 0.00000000099999999993 0.00000000099999999993 
0.00000000099999999995 0.00000000139443356778 0.00000000099999999995 0.00000003993812981716 0.00000000099999999995 0.00000000099999999995 0.50161732762049959788 0.49835073784240513373 0.00003188820453193654 0.00000000099999999995 
0.00000000099999999996 0.44452131128025557105 0.00000000099999999996 0.00000000099999999996 0.00000000099999999996 0.00000000099999999996 0.00000000099999999996 0.00000000099999999996 0.55547868071974415560 0.00000000099999999996 
0.00000000099999999998 0.05049244541936794700 0.00000000099999999998 0.29048723116040342518 0.00000000099999999998 0.00736551683841799639 0.21978904349412195507 0.17326047429827923230 0.25860528478940952857 0.00000000099999999998 
0.00000000099999999995 0.00000000099999999995 0.00000000099999999995 0.00000000099999999995 0.00000000099999999995 0.00000000099999999995 0.62773410799739004506 0.00000000099999999995 0.37226588400260984812 0.00000000099999999995 
0.00000000099999999998 0.00000000099999999998 0.00000000099999999998 0.07626714840352320779 0.01343292901924051513 0.00000000099999999998 0.27339732362972607449 0.35769165619862003380 0.27921093774889016448 0.00000000099999999998 
0.00000000099999999997 0.05190169063990050097 0.00000000099999999997 0.00000000099999999997 0.05037223301112545015 0.00000000099999999997 0.33376290854573087419 0.22035592584144200745 0.33374581811844467039 0.00986141984335649202 
0.00000000099999999998 0.24410674123050699058 0.00000000099999999998 0.19937761508579418535 0.00000001117724574293 0.00000000099999999998 0.31430926982512724654 0.24220635768132584009 0.00000000099999999998 0.00000000099999999998 
0.00000000099999999998 0.21216026131191353943 0.00000000099999999998 0.10278946019773645137 0.02668223147505906223 0.00000000099999999998 0.16064079320102764292 0.25859855850326085580 0.21874448287741599106 0.02038420943358659754 
0.00000000099999999999 0.00002475819151130567 0.00000000099999999999 0.11023408611736947027 0.00897008196287140368 0.00000000099999999999 0.29142651801690899749 0.42481182704117242954 0.16453272467016638592 0.00000000099999999999 
0.00000000099999999991 0.00000000099999999991 0.00000000099999999991 0.00000000099999999991 0.00000000099999999991 0.00000000099999999991 0.00000000099999999991 0.99999999100000003249 0.00000000099999999991 0.00000000099999999991 
0.00000000100000000000 0.00000001751373271044 0.06864966058279112215 0.17115503727322189942 0.07423273027358753828 0.00000000100000000000 0.00132665460772513847 0.26924721194272277502 0.41538732621343604778 0.00000135959278282324 
0.00000000099999999988 0.00000000099999999988 0.00000000099999999988 0.00000000099999999988 0.00000000099999999988 0.00000000099999999988 0.99999999100000003249 0.00000000099999999988 0.00000000099999999988 0.00000000099999999988 
0.00000000099999999997 0.13379043407928956078 0.00000000099999999997 0.00000000099999999997 0.03390691938245003062 0.00000000099999999997 0.12939020763917333245 0.33822416593217335956 0.36468826774696816440 0.00000000121994546956 
0.00000000099999999995 0.21657791647804025548 0.00000000099999999995 0.35847728636654280221 0.02050588638943139086 0.00000000099999999995 0.40443890476598559625 0.00000000099999999995 0.00000000099999999995 0.00000000099999999995 
0.00000006333589273440 0.28777725260547670771 0.00000000099999999998 0.10533004513175713013 0.01800002273711700726 0.00539388850045565294 0.32587865733032439497 0.19138365029086562563 0.06623641806811067512 0.00000000099999999998 
0.00000000099999999996 0.25830491363605656563 0.00000000099999999996 0.07624434307368885277 0.02743852276346824687 0.00000000099999999996 0.19928486362608346938 0.31251589919654304550 0.12621145370415978726 0.00000000099999999996 
0.00000000099999999999 0.00000000099999999999 0.00000000099999999999 0.20824678280261257890 0.04380441383880354089 0.00354094358659688604 0.30509524144373290078 0.29541741589093145626 0.14389519843732262450 0.00000000099999999999 
0.00641257341060421336 0.00866254620107773619 0.00000000099999999999 0.09022052877948946725 0.02901465233587173162 0.00000005882393813352 0.20690210123829783084 0.38806571846991583241 0.26993876051727533349 0.00078305922352961822 
0.00000000099999999997 0.00000000099999999997 0.00000000099999999997 0.00000225208696656327 0.00000000099999999997 0.00000000099999999997 0.36182691497641827905 0.25850199627398795510 0.37966883066262724356 0.00000000099999999997 
0.00000000099999999994 0.00000000099999999994 0.00000000099999999994 0.35547311372415058006 0.00000000099999999994 0.00000000099999999994 0.00000000099999999994 0.64452681364052000212 0.00000000099999999994 0.00000006563532933210 
0.00000000099999999991 0.00000000099999999991 0.00000000099999999991 0.00000000099999999991 0.00000000099999999991 0.00000000099999999991 0.00000000099999999991 0.00000000099999999991 0.00000000099999999991 0.99999999099999992147 
0.00000000099999999994 0.05008770459720791185 0.00000000099999999994 0.00000000099999999994 0.00000000099999999994 0.00000000099999999994 0.00000000099999999994 0.00000000099999999994 0.00000000099999999994 0.94991228740279209930 
0.00000000099999999961 0.00000000099999999961 0.99999999100000014352 0.00000000099999999961 0.00000000099999999961 0.00000000099999999961 0.00000000099999999961 0.00000000099999999961 0.00000000099999999961 0.00000000099999999961 
0.00000000099999999945 0.00000000099999999945 0.00000000099999999945 0.00000000099999999945 0.00000000099999999945 0.99999999100000014352 0.00000000099999999945 0.00000000099999999945 0.00000000099999999945 0.00000000099999999945 
0.03923941673087921744 0.00000000099999999998 0.00000000099999999998 0.00000000099999999998 0.07406371134715118709 0.00000000099999999998 0.00000000099999999998 0.00000000099999999998 0.00064568995607404054 0.88605117596589555440 
0.00000000099999999987 0.00000000099999999987 0.00000000099999999987 0.00000000099999999987 0.00000000099999999987 0.00000000099999999987 0.99999999100000003249 0.00000000099999999987 0.00000000099999999987 0.00000000099999999987 
0.00000000099999999988 0.00000000099999999988 0.00000000099999999988 0.00000000099999999988 0.00000000099999999988 0.00000000099999999988 0.00000000099999999988 0.00000000099999999988 0.99999999099999992147 0.00000000099999999988 
0.00000000099999999996 0.04998492626728837096 0.00000000099999999996 0.00000000099999999996 0.00000000099999999996 0.00000000099999999996 0.00000000099999999996 0.00000000099999999996 0.00000000099999999996 0.95001506573271154998 
0.00000000099999999997 0.27178928354781584087 0.00000000099999999997 0.12872390586344495400 0.00873848732464111051 0.00000000099999999997 0.00000000099999999997 0.26365348954766315570 0.32709482871643491553 0.00000000099999999997 
0.01591485188213828672 0.00000000099999999998 0.00000000099999999998 0.06100622673009226810 0.00309604580050977735 0.00000000099999999998 0.26429363607437866834 0.34500561707640908793 0.31068361843647179787 0.00000000099999999998 
0.00000000099999999997 0.30989827243433182291 0.00000000099999999997 0.01349253228738046817 0.02681493482273885828 0.00000000099999999997 0.20622035699473295622 0.35630201277924944403 0.08727188668156635187 0.00000000099999999997 
0.00000000099999999949 0.00000000099999999949 0.99999999100000014352 0.00000000099999999949 0.00000000099999999949 0.00000000099999999949 0.00000000099999999949 0.00000000099999999949 0.00000000099999999949 0.00000000099999999949 
0.00000000099999999952 0.00000000099999999952 0.99999999100000003249 0.00000000099999999952 0.00000000099999999952 0.00000000099999999952 0.00000000099999999952 0.00000000099999999952 0.00000000099999999952 0.00000000099999999952 
0.00000000099999999942 0.00000000099999999942 0.99999999100000014352 0.00000000099999999942 0.00000000099999999942 0.00000000099999999942 0.00000000099999999942 0.00000000099999999942 0.00000000099999999942 0.00000000099999999942 
0.00000000099999999944 0.00000000099999999944 0.99999999100000014352 0.00000000099999999944 0.00000000099999999944 0.00000000099999999944 0.00000000099999999944 0.00000000099999999944 0.00000000099999999944 0.00000000099999999944 
0.00000000099999999945 0.00000000099999999945 0.99999999100000003249 0.00000000099999999945 0.00000000099999999945 0.00000000099999999945 0.00000000099999999945 0.00000000099999999945 0.00000000099999999945 0.00000000099999999945 
0.00000000099999999996 0.00775494580363798869 0.00000000099999999996 0.00000000099999999996 0.00000000099999999996 0.00000000099999999996 0.00000000099999999996 0.00000000099999999996 0.00000000099999999996 0.99224504619636200164 
0.00000000099999999998 0.00000000099999999998 0.00000000099999999998 0.00000000099999999998 0.01241555033023323922 0.00000000099999999998 0.52559111218540721655 0.46199333048435947680 0.00000000099999999998 0.00000000099999999998 
0.00000000099999999945 0.00000000099999999945 0.99999999100000003249 0.00000000099999999945 0.00000000099999999945 0.00000000099999999945 0.00000000099999999945 0.00000000099999999945 0.00000000099999999945 0.00000000099999999945 
0.00000000099999999954 0.00000000099999999954 0.99999999100000003249 0.00000000099999999954 0.00000000099999999954 0.00000000099999999954 0.00000000099999999954 0.00000000099999999954 0.00000000099999999954 0.00000000099999999954 
0.00000000099999999944 0.00000000099999999944 0.00000000099999999944 0.00000000099999999944 0.00000000099999999944 0.99999999100000003249 0.00000000099999999944 0.00000000099999999944 0.00000000099999999944 0.00000000099999999944 
0.00000000099999999944 0.00000000099999999944 0.00000000099999999944 0.00000000099999999944 0.00000000099999999944 0.99999999100000014352 0.00000000099999999944 0.00000000099999999944 0.00000000099999999944 0.00000000099999999944 
0.00000000099999999996 0.00000001052142401060 0.00000000099999999996 0.32442566624944213505 0.00000000099999999996 0.00000000099999999996 0.37660104742694028301 0.29897326980219363080 0.00000000099999999996 0.00000000099999999996 
0.00000000099999999949 0.00000000099999999949 0.99999999100000003249 0.00000000099999999949 0.00000000099999999949 0.00000000099999999949 0.00000000099999999949 0.00000000099999999949 0.00000000099999999949 0.00000000099999999949 
0.00000000099999999989 0.00000000099999999989 0.00000000099999999989 0.00000000099999999989 0.00000000099999999989 0.00000000099999999989 0.00000000099999999989 0.00000000099999999989 0.99999999099999992147 0.00000000099999999989 
0.00000000099999999981 0.00000000099999999981 0.00000000099999999981 0.99999999100000003249 0.00000000099999999981 0.00000000099999999981 0.00000000099999999981 0.00000000099999999981 0.00000000099999999981 0.00000000099999999981 
0.00000000099999999996 0.05920351370124379148 0.00000000099999999996 0.00000000099999999996 0.00832976221241494078 0.00000000099999999996 0.00000000099999999996 0.00000000099999999996 0.00000000099999999996 0.93246671708634121245 
0.00000000099999999998 0.10040545927164647166 0.00000000099999999998 0.00000315928774988083 0.00000000099999999998 0.00000000099999999998 0.22932696849464578870 0.44197919167084909198 0.22828521627510861558 0.00000000099999999998 
0.00000000099999999989 0.00000000099999999989 0.00000000099999999989 0.00000000099999999989 0.00000000099999999989 0.00000000099999999989 0.00000000099999999989 0.00000000099999999989 0.00000000099999999989 0.99999999100000003249 
0.00000000099999999998 0.20218405431728428412 0.00000000099999999998 0.00000000099999999998 0.03488629775736588196 0.00000000099999999998 0.37721538476637067605 0.38571425715897916797 0.00000000099999999998 0.00000000099999999998 
0.00000000099999999991 0.00000000099999999991 0.00000000099999999991 0.00000000099999999991 0.00000000099999999991 0.00000000099999999991 0.00000000099999999991 0.00000000099999999991 0.00000000099999999991 0.99999999100000003249 
0.00000000099999999999 0.00210720408846501407 0.00000000099999999999 0.18296752890871062491 0.03611293268941090373 0.01752721240941212608 0.15294972835094192143 0.26984757046196811148 0.33848782009109129598 0.00000000099999999999 
0.00000000099999999985 0.00000000099999999985 0.00000000099999999985 0.99999999100000003249 0.00000000099999999985 0.00000000099999999985 0.00000000099999999985 0.00000000099999999985 0.00000000099999999985 0.00000000099999999985 
0.00000000099999999954 0.00000000099999999954 0.99999999100000003249 0.00000000099999999954 0.00000000099999999954 0.00000000099999999954 0.00000000099999999954 0.00000000099999999954 0.00000000099999999954 0.00000000099999999954 
0.00000000099999999992 0.00000000099999999992 0.00000000099999999992 0.00000000099999999992 0.00000000099999999992 0.00000000099999999992 0.00000000099999999992 0.00000000099999999992 0.00000000099999999992 0.99999999100000003249 
0.00000000099999999946 0.00000000099999999946 0.99999999100000014352 0.00000000099999999946 0.00000000099999999946 0.00000000099999999946 0.00000000099999999946 0.00000000099999999946 0.00000000099999999946 0.00000000099999999946 
0.00000000099999999945 0.00000000099999999945 0.99999999100000003249 0.00000000099999999945 0.00000000099999999945 0.00000000099999999945 0.00000000099999999945 0.00000000099999999945 0.00000000099999999945 0.00000000099999999945 
0.00000000099999999987 0.00000000099999999987 0.00000000099999999987 0.00000000099999999987 0.00000000099999999987 0.00000000099999999987 0.99999999100000003249 0.00000000099999999987 0.00000000099999999987 0.00000000099999999987 
0.00000000099999999993 0.40941925810768031724 0.00000000099999999993 0.00000000099999999993 0.00000000099999999993 0.00000000099999999993 0.00000000099999999993 0.59058073389231946493 0.00000000099999999993 0.00000000099999999993 
0.00000000099999999996 0.00000000099999999996 0.00000000099999999996 0.00000000099999999996 0.00000000099999999996 0.00000000099999999996 0.20051998876085211365 0.54238004124926086913 0.25709996298988707641 0.00000000099999999996 
0.00000000099999999998 0.00000000099999999998 0.00000000099999999998 0.11646123176657496856 0.04654317823411842359 0.00000000099999999998 0.30124133895205273959 0.36361400901145601861 0.17214023703579775515 0.00000000099999999998 
0.00000000099999999998 0.00000000099999999998 0.00000000099999999998 0.26191028252362436035 0.03640674998284589015 0.00781829471710747403 0.39876570901707369954 0.13442406143249516215 0.16067489832685330486 0.00000000099999999998 
0.00796321874818020983 0.01494544872368089999 0.00000000099999999999 0.09948078569586274456 0.01865210036168662988 0.00000001370559836815 0.23926537510142695253 0.44088178370345743051 0.17363582127339360905 0.00517545168671331313 
0.00000000099999999994 0.29806188505872427408 0.00000000099999999994 0.32213895502045131192 0.00000000099999999994 0.00000000099999999994 0.00000000099999999994 0.00793743489805153954 0.37186171902277281864 0.00000000099999999994 
