0.00000000099999999994 0.00000000099999999994 0.00000000099999999994 0.00000000099999999994 0.00000000099999999994 0.00000000099999999994 0.00000000099999999994 0.00000000099999999994 0.99999999200000000421 
0.52789599577658130602 0.47210399722341883644 0.00000000099999999992 0.00000000099999999992 0.00000000099999999992 0.00000000099999999992 0.00000000099999999992 0.00000000099999999992 0.00000000099999999992 
0.00000000099999999989 0.99999999200000022626 0.00000000099999999989 0.00000000099999999989 0.00000000099999999989 0.00000000099999999989 0.00000000099999999989 0.00000000099999999989 0.00000000099999999989 
0.00000000099999999999 0.03587984885339934316 0.20471327509243322784 0.17434817487401502167 0.00000000099999999999 0.00000000099999999999 0.00000000099999999999 0.17226549150357953200 0.41279320567657268315 
0.00000000099999999999 0.00000000099999999999 0.21154221390502861433 0.28373400975054974271 0.00000000099999999999 0.00000000099999999999 0.00610567752561162747 0.18868713132573566860 0.30993096349307425186 
0.02105228863033276054 0.00000000099999999997 0.32061502559822746550 0.00000000099999999997 0.00000000099999999997 0.00000000099999999997 0.00000000099999999997 0.27417902475401406681 0.38415365601742562651 
0.30016547472200005853 0.69983451827800013945 0.00000000099999999994 0.00000000099999999994 0.00000000099999999994 0.00000000099999999994 0.00000000099999999994 0.00000000099999999994 0.00000000099999999994 
0.00000000099999999987 0.99999999200000011523 0.00000000099999999987 0.00000000099999999987 0.00000000099999999987 0.00000000099999999987 0.00000000099999999987 0.00000000099999999987 0.00000000099999999987 
0.00323774980379239966 0.00000000099999999997 0.24347773298974564882 0.44823467663168359287 0.00000000099999999997 0.00000000099999999997 0.00839389085256902340 0.29665594572220921332 0.00000000099999999997 
0.47145363494316766539 0.52854635805683236605 0.00000000099999999992 0.00000000099999999992 0.00000000099999999992 0.00000000099999999992 0.00000000099999999992 0.00000000099999999992 0.00000000099999999992 
0.00000000099999999999 0.00000000761559669277 0.00000000099999999999 0.29933269302618109586 0.00000000099999999999 0.00000000099999999999 0.00000000099999999999 0.00000000099999999999 0.70066729335822197644 
0.00346117361865130044 0.01422028560403917029 0.35296350776512430691 0.17367329311006410308 0.00000000099999999998 0.00000000099999999998 0.00345696859110455629 0.07965841867209733085 0.37256635063891913040 
0.00000000099999999999 0.00000000099999999999 0.19050318127999091300 0.31237992364911582044 0.00037015936973748846 0.00000000099999999999 0.00006695924940511578 0.18395324916694943962 0.31272652428480124387 
0.00000000099999999998 0.00000000099999999998 0.45987931909322160573 0.00000000099999999998 0.00000000099999999998 0.00000000099999999998 0.00000000099999999998 0.00000000099999999998 0.54012067390677820367 
0.00000000099999999999 0.00000000099999999999 0.00368653631334364988 0.02524364204416147672 0.00000000099999999999 0.00000941558760221949 0.00375312193235053130 0.14993749724394017653 0.81736978387860192985 
0.04739650035236422226 0.00766806063303473399 0.24605070372254617128 0.20382872038959415351 0.00000000099999999998 0.00000000099999999998 0.02739231585069900818 0.14280220049384692582 0.32486149655791479729 
0.00012684586256490351 0.00000000099999999998 0.21358325465229183182 0.22104147928462711259 0.00000000099999999998 0.00000000099999999998 0.00000000099999999998 0.00000000099999999998 0.56524841520051594124 
0.00000000099999999999 0.00000000099999999999 0.27801472059129206382 0.13649816180681043076 0.00530626234189280656 0.00000000099999999999 0.00000000099999999999 0.25006962198327931102 0.33011122927672537086 
0.00000000099999999999 0.00000000099999999999 0.46353915290041597386 0.24294311597005202596 0.00000000099999999999 0.00000000099999999999 0.00382519516405545887 0.00000654144696003356 0.28968599051851667836 
0.00000000099999999989 0.00000000099999999989 0.00000000099999999989 0.99999999200000000421 0.00000000099999999989 0.00000000099999999989 0.00000000099999999989 0.00000000099999999989 0.00000000099999999989 
0.00000000099999999998 0.00000012988557227777 0.21730999332034178773 0.24904122159000152692 0.00000000099999999998 0.00000000099999999998 0.00000000099999999998 0.00044470887173804453 0.53320394233234624792 
0.99999999200000011523 0.00000000099999999983 0.00000000099999999983 0.00000000099999999983 0.00000000099999999983 0.00000000099999999983 0.00000000099999999983 0.00000000099999999983 0.00000000099999999983 
0.00495383506473435695 0.00000000099999999996 0.32008143534134253505 0.00000000099999999996 0.00000000099999999996 0.00000000099999999996 0.00000000099999999996 0.00000000099999999996 0.67496472359392289952 
0.00000000099999999981 0.00000000099999999981 0.99999999200000011523 0.00000000099999999981 0.00000000099999999981 0.00000000099999999981 0.00000000099999999981 0.00000000099999999981 0.00000000099999999981 
0.03070499753468804507 0.00000000099999999995 0.00000000099999999995 0.46375146102634384748 0.00000000099999999995 0.00000000099999999995 0.00000000099999999995 0.00000000099999999995 0.50554353543896812795 
0.00000000099999999998 0.00000000099999999998 0.18591733713995603483 0.17917516057382404382 0.00000000099999999998 0.00000000099999999998 0.00000005003158362537 0.22388479526039603562 0.41102265299424017853 
0.00000000099999999966 0.00000000099999999966 0.00000000099999999966 0.00000000099999999966 0.00000000099999999966 0.00000000099999999966 0.99999999199999989319 0.00000000099999999966 0.00000000099999999966 
0.00000000099999999961 0.00000000099999999961 0.00000000099999999961 0.00000000099999999961 0.00000000099999999961 0.00000000099999999961 0.99999999199999989319 0.00000000099999999961 0.00000000099999999961 
0.00031870710650605023 0.00000000099999999999 0.24703642797390626407 0.00000004943087118940 0.00000000099999999999 0.00000000099999999999 0.00606853510007014825 0.26980243973735973384 0.47677383765128650284 
0.00000000099999999996 0.00000000099999999996 0.47710671502303403368 0.29926180927441159429 0.00000000099999999996 0.00000000099999999996 0.00000000099999999996 0.00000000099999999996 0.22363146970255456947 
0.00000000099999999992 0.00000000099999999992 0.00000000099999999992 0.00000000099999999992 0.00000000099999999992 0.00000000099999999992 0.00000000099999999992 0.00000000099999999992 0.99999999200000000421 
0.00000000099999999992 0.99999999200000011523 0.00000000099999999992 0.00000000099999999992 0.00000000099999999992 0.00000000099999999992 0.00000000099999999992 0.00000000099999999992 0.00000000099999999992 
0.00000000099999999987 0.19442940382626486273 0.45071614825065620114 0.00000000099999999987 0.00000000099999999987 0.00000000099999999987 0.35485444192307918909 0.00000000099999999987 0.00000000099999999987 
0.00000000099999999996 0.00000000099999999996 0.32177879723319008365 0.19278317089670329865 0.00000000099999999996 0.00000000099999999996 0.00000000099999999996 0.00002230948683760945 0.48541571738326905194 
0.00000000099999999949 0.00000000099999999949 0.00000000099999999949 0.00000000099999999949 0.99999999200000011523 0.00000000099999999949 0.00000000099999999949 0.00000000099999999949 0.00000000099999999949 
0.00000000099999999950 0.00000000099999999950 0.00000000099999999950 0.00000000099999999950 0.00000000099999999950 0.99999999200000000421 0.00000000099999999950 0.00000000099999999950 0.00000000099999999950 
0.00000000099999999946 0.00000000099999999946 0.00000000099999999946 0.00000000099999999946 0.99999999200000000421 0.00000000099999999946 0.00000000099999999946 0.00000000099999999946 0.00000000099999999946 
0.00000000099999999968 0.00000000099999999968 0.00000000099999999968 0.00000000099999999968 0.00000000099999999968 0.00000000099999999968 0.99999999199999989319 0.00000000099999999968 0.00000000099999999968 
0.00000000099999999963 0.00000000099999999963 0.00000000099999999963 0.00000000099999999963 0.00000000099999999963 0.00000000099999999963 0.99999999199999989319 0.00000000099999999963 0.00000000099999999963 
0.00000000099999999996 0.00000000099999999996 0.00000000099999999996 0.30015295416311316146 0.00000000099999999996 0.00000000099999999996 0.00000000099999999996 0.37457086367896519352 0.32527617615792159267 
0.00000000099999999990 0.99999999200000022626 0.00000000099999999990 0.00000000099999999990 0.00000000099999999990 0.00000000099999999990 0.00000000099999999990 0.00000000099999999990 0.00000000099999999990 
0.00000000099999999965 0.00000000099999999965 0.00000000099999999965 0.00000000099999999965 0.00000000099999999965 0.00000000099999999965 0.99999999199999989319 0.00000000099999999965 0.00000000099999999965 
0.01672179734291342340 0.00000000099999999998 0.30559394591177962974 0.00000000099999999998 0.00000000099999999998 0.00000000099999999998 0.00247964380815251769 0.21542374892933230379 0.45978086000782214526 
0.00000000099999999988 0.99999999200000022626 0.00000000099999999988 0.00000000099999999988 0.00000000099999999988 0.00000000099999999988 0.00000000099999999988 0.00000000099999999988 0.00000000099999999988 
0.00000000099999999970 0.00000000099999999970 0.00000000099999999970 0.00000000099999999970 0.00000000099999999970 0.00000000099999999970 0.99999999199999989319 0.00000000099999999970 0.00000000099999999970 
0.00000000099999999996 0.00808225893722413179 0.43241570981105348359 0.00000000099999999996 0.00000000099999999996 0.00000000099999999996 0.00000000099999999996 0.00000000099999999996 0.55950202525172221257 
0.00000000099999999965 0.00000000099999999965 0.00000000099999999965 0.00000000099999999965 0.00000000099999999965 0.00000000099999999965 0.99999999200000000421 0.00000000099999999965 0.00000000099999999965 
0.15157951036784844678 0.84842048263215164017 0.00000000099999999992 0.00000000099999999992 0.00000000099999999992 0.00000000099999999992 0.00000000099999999992 0.00000000099999999992 0.00000000099999999992 
0.00000000099999999985 0.99999999200000022626 0.00000000099999999985 0.00000000099999999985 0.00000000099999999985 0.00000000099999999985 0.00000000099999999985 0.00000000099999999985 0.00000000099999999985 
0.00000000099999999961 0.00000000099999999961 0.00000000099999999961 0.00000000099999999961 0.00000000099999999961 0.00000000099999999961 0.99999999199999989319 0.00000000099999999961 0.00000000099999999961 
0.00000000099999999964 0.00000000099999999964 0.00000000099999999964 0.00000000099999999964 0.00000000099999999964 0.00000000099999999964 0.99999999199999989319 0.00000000099999999964 0.00000000099999999964 
0.99999999200000022626 0.00000000099999999982 0.00000000099999999982 0.00000000099999999982 0.00000000099999999982 0.00000000099999999982 0.00000000099999999982 0.00000000099999999982 0.00000000099999999982 
0.53170790340193241352 0.46829208959806761792 0.00000000099999999992 0.00000000099999999992 0.00000000099999999992 0.00000000099999999992 0.00000000099999999992 0.00000000099999999992 0.00000000099999999992 
0.00000000099999999992 0.99999999200000022626 0.00000000099999999992 0.00000000099999999992 0.00000000099999999992 0.00000000099999999992 0.00000000099999999992 0.00000000099999999992 0.00000000099999999992 
0.00000000099999999970 0.00000000099999999970 0.00000000099999999970 0.00000000099999999970 0.00000000099999999970 0.00000000099999999970 0.99999999200000000421 0.00000000099999999970 0.00000000099999999970 
0.03995371083330984813 0.00000000136446024990 0.54641317543804257539 0.41363303524773509245 0.00000000099999999998 0.00000000099999999998 0.00000000432232738310 0.00000000099999999998 0.00000006979412484986 
0.00000000099999999999 0.00000000099999999999 0.00000000099999999999 0.12515698765207636245 0.00000000099999999999 0.00000000099999999999 0.01899443703329714572 0.34855465185906420178 0.50729391845556237595 
0.00000000099999999996 0.01772416963384593550 0.00000000099999999996 0.14767184695830004593 0.00000000099999999996 0.00000000099999999996 0.00000000099999999996 0.35653587377489398547 0.47806810463296012248 
0.00000000099999999996 0.00000000099999999996 0.30433558051293685409 0.00000000099999999996 0.00000000099999999996 0.00000000099999999996 0.00000000099999999996 0.00000000099999999996 0.69566441248706301081 
0.00000000099999999990 0.99999999200000011523 0.00000000099999999990 0.00000000099999999990 0.00000000099999999990 0.00000000099999999990 0.00000000099999999990 0.00000000099999999990 0.00000000099999999990 
0.00000000099999999999 0.00000000099999999999 0.18444354214162569927 0.52468479492759823035 0.00000000099999999999 0.00000000099999999999 0.00000000099999999999 0.00000005753870288224 0.29087160039207310414 
0.00000000099999999955 0.00000000099999999955 0.00000000099999999955 0.00000000099999999955 0.00000000099999999955 0.99999999200000011523 0.00000000099999999955 0.00000000099999999955 0.00000000099999999955 
0.00000000099999999987 0.00000000099999999987 0.00000000099999999987 0.99999999200000000421 0.00000000099999999987 0.00000000099999999987 0.00000000099999999987 0.00000000099999999987 0.00000000099999999987 
0.00000000099999999949 0.00000000099999999949 0.00000000099999999949 0.00000000099999999949 0.99999999200000011523 0.00000000099999999949 0.00000000099999999949 0.00000000099999999949 0.00000000099999999949 
0.00000000099999999997 0.03400927182121781661 0.36268088187958047452 0.42991257111455022377 0.00000000099999999997 0.00000000099999999997 0.00000000099999999997 0.00000000099999999997 0.17339727018465159181 
0.00000000099999999949 0.00000000099999999949 0.00000000099999999949 0.00000000099999999949 0.99999999200000000421 0.00000000099999999949 0.00000000099999999949 0.00000000099999999949 0.00000000099999999949 
0.00000000099999999989 0.00000000099999999989 0.99999999200000011523 0.00000000099999999989 0.00000000099999999989 0.00000000099999999989 0.00000000099999999989 0.00000000099999999989 0.00000000099999999989 
0.02108013719523800858 0.00000000099999999999 0.25484078991760283905 0.30515051017510680387 0.00000000099999999999 0.00000000099999999999 0.00131901275698273653 0.12961751439135796304 0.28799203256371175286 
0.99999999200000022626 0.00000000099999999980 0.00000000099999999980 0.00000000099999999980 0.00000000099999999980 0.00000000099999999980 0.00000000099999999980 0.00000000099999999980 0.00000000099999999980 
0.00000000099999999995 0.00000000099999999995 0.34902234522166453168 0.15044375979015650602 0.00000000099999999995 0.00000000099999999995 0.00000000099999999995 0.16307523838085843937 0.33745865160732041454 
0.00000000099999999962 0.00000000099999999962 0.00000000099999999962 0.00000000099999999962 0.30741943787773534646 0.69258055512226457395 0.00000000099999999962 0.00000000099999999962 0.00000000099999999962 
0.00000000099999999959 0.00000000099999999959 0.00000000099999999959 0.00000000099999999959 0.00000000099999999959 0.99999999200000000421 0.00000000099999999959 0.00000000099999999959 0.00000000099999999959 
0.00000000099999999998 0.08447226391180250038 0.00000000099999999998 0.19200254227502155935 0.00000000099999999998 0.00000000099999999998 0.00000000411153720719 0.20399859837427927745 0.51952658732735945701 
0.00000000099999999989 0.99999999200000011523 0.00000000099999999989 0.00000000099999999989 0.00000000099999999989 0.00000000099999999989 0.00000000099999999989 0.00000000099999999989 0.00000000099999999989 
0.00000000099999999971 0.00000000099999999971 0.00000000099999999971 0.00000000099999999971 0.00000000099999999971 0.00000000099999999971 0.99999999199999989319 0.00000000099999999971 0.00000000099999999971 
0.49299456598460739132 0.50700542701539275114 0.00000000099999999991 0.00000000099999999991 0.00000000099999999991 0.00000000099999999991 0.00000000099999999991 0.00000000099999999991 0.00000000099999999991 
0.00000000099999999997 0.00620975859074829155 0.56946997765104168110 0.00000000099999999997 0.00000000099999999997 0.00000000099999999997 0.00000000099999999997 0.42432025775821019531 0.00000000099999999997 
0.00000000099999999948 0.00000000099999999948 0.00000000099999999948 0.00000000099999999948 0.99999999200000000421 0.00000000099999999948 0.00000000099999999948 0.00000000099999999948 0.00000000099999999948 
0.00000000099999999958 0.00000000099999999958 0.00000000099999999958 0.00000000099999999958 0.00000000099999999958 0.00000000099999999958 0.99999999199999989319 0.00000000099999999958 0.00000000099999999958 
0.00000000099999999961 0.00000000099999999961 0.00000000099999999961 0.00000000099999999961 0.00000000099999999961 0.99999999200000000421 0.00000000099999999961 0.00000000099999999961 0.00000000099999999961 
0.00000000099999999998 0.00000000099999999998 0.00000000099999999998 0.00000000099999999998 0.00000000099999999998 0.00000000099999999998 0.00202644203947567733 0.25897453186085833687 0.73899902009966611516 
0.99999999200000011523 0.00000000099999999978 0.00000000099999999978 0.00000000099999999978 0.00000000099999999978 0.00000000099999999978 0.00000000099999999978 0.00000000099999999978 0.00000000099999999978 
0.99999999200000022626 0.00000000099999999981 0.00000000099999999981 0.00000000099999999981 0.00000000099999999981 0.00000000099999999981 0.00000000099999999981 0.00000000099999999981 0.00000000099999999981 
0.00000000099999999997 0.23107290450291875783 0.27554814266145971624 0.13587298836142883141 0.00000000099999999997 0.00000000099999999997 0.00024367579242883707 0.09904707302773493871 0.25821521265402880285 
0.00000000099999999999 0.00573740089837979778 0.00011128874506996380 0.00000000099999999999 0.00000000099999999999 0.00000000099999999999 0.02171594003105866560 0.38255907010447720573 0.58987629622101422910 
0.00000000099999999990 0.00000000099999999990 0.00000000099999999990 0.00000000099999999990 0.00000000099999999990 0.00000000099999999990 0.00000000099999999990 0.00000000099999999990 0.99999999200000000421 
0.00000000099999999992 0.00000000099999999992 0.00000000099999999992 0.00000000099999999992 0.00000000099999999992 0.00000000099999999992 0.00000000099999999992 0.00000000099999999992 0.99999999199999989319 
0.00000000099999999998 0.00000000099999999998 0.00000000447598166310 0.30465540974588839473 0.00000000099999999998 0.00000000099999999998 0.00000000099999999998 0.31797907536574915310 0.37736550541238084167 
0.00000000099999999995 0.00000000099999999995 0.24648724932038354463 0.34053850958228892853 0.00000000099999999995 0.00000000099999999995 0.00000000099999999995 0.00000000099999999995 0.41297423509732777980 
0.00000000099999999995 0.00613377856375202282 0.00000000099999999995 0.32947838486361369359 0.00000000099999999995 0.00000000099999999995 0.00000000099999999995 0.31378043490826468265 0.35060739666436963047 
0.00000000099999999998 0.01700221489249494761 0.17485989248965397302 0.31382666614877419153 0.00000000099999999998 0.00000000099999999998 0.00068785554913896858 0.15131270341317296091 0.34231066450676517210 
0.01411670565188769856 0.01503420786888986366 0.27495582048671080022 0.08354004597429989798 0.00000000099999999998 0.00000000099999999998 0.00000000099999999998 0.13863242827098279375 0.47372078874722883812 
0.99999999200000011523 0.00000000099999999983 0.00000000099999999983 0.00000000099999999983 0.00000000099999999983 0.00000000099999999983 0.00000000099999999983 0.00000000099999999983 0.00000000099999999983 
0.00000000099999999994 0.99999999200000022626 0.00000000099999999994 0.00000000099999999994 0.00000000099999999994 0.00000000099999999994 0.00000000099999999994 0.00000000099999999994 0.00000000099999999994 
0.00000000099999999970 0.00000000099999999970 0.00000000099999999970 0.00000000099999999970 0.00000000099999999970 0.99999999200000000421 0.00000000099999999970 0.00000000099999999970 0.00000000099999999970 
0.45189539413691759417 0.54810459886308260380 0.00000000099999999994 0.00000000099999999994 0.00000000099999999994 0.00000000099999999994 0.00000000099999999994 0.00000000099999999994 0.00000000099999999994 
0.00000000099999999992 0.99999999200000022626 0.00000000099999999992 0.00000000099999999992 0.00000000099999999992 0.00000000099999999992 0.00000000099999999992 0.00000000099999999992 0.00000000099999999992 
0.00000000099999999997 0.02386324048153573574 0.36748638588238824454 0.22975627187827823983 0.00000000099999999997 0.00000000099999999997 0.00000000099999999997 0.21744267470595193825 0.16145142305184592701 
0.00000000099999999949 0.00000000099999999949 0.00000000099999999949 0.00000000099999999949 0.00000000099999999949 0.99999999200000011523 0.00000000099999999949 0.00000000099999999949 0.00000000099999999949 
0.00000000099999999998 0.00000000099999999998 0.28773444323299329772 0.00000000099999999998 0.00000000099999999998 0.00000000099999999998 0.00000000099999999998 0.32712893410809629202 0.38513661665891035790 
0.00000000099999999987 0.00000000099999999987 0.00000000099999999987 0.00000000099999999987 0.00000000099999999987 0.00000000099999999987 0.00000000099999999987 0.99999999200000000421 0.00000000099999999987 
0.00021647822649475276 0.00000000100000000000 0.21629639701308284172 0.18451380891017341024 0.00000000100000000000 0.00000000100000000000 0.00311595432062430379 0.15917846692907205997 0.43667889160055262110 
0.00000000099999999999 0.03026005965185200527 0.29055355711513181083 0.21102252477633995364 0.00000000099999999999 0.00000000099999999999 0.00000000099999999999 0.23803882741937765211 0.23012502703729859066 
0.00000000099999999985 0.00000000099999999985 0.00000000099999999985 0.00000000099999999985 0.00000000099999999985 0.00000000099999999985 0.00000000099999999985 0.99999999200000000421 0.00000000099999999985 
0.03929807707730596095 0.00000000099999999997 0.23132619656333910929 0.00000000099999999997 0.00000000099999999997 0.00000000099999999997 0.00000000099999999997 0.18557428495981367900 0.54380143639954103829 
0.00000000099999999998 0.00000000099999999998 0.34494074850047257152 0.13388205336069833318 0.00000000099999999998 0.00000000099999999998 0.00037233910059303088 0.19826458910873806518 0.32254026592949786023 
0.00571184580755709596 0.00000000099999999998 0.20318737638092845832 0.29819823952710600157 0.00000000099999999998 0.00000000099999999998 0.00356370566823181875 0.00000000099999999998 0.48933882861617666871 
0.01814446393268472416 0.00000000100000000000 0.27501931037382171263 0.29919057358020850756 0.00000000100000000000 0.00043243368739011810 0.02853334386696665045 0.11863070335637808383 0.26004916920255033430 
0.00000000099999999988 0.00000000099999999988 0.00000000099999999988 0.00000000099999999988 0.00000000099999999988 0.00000000099999999988 0.00000000099999999988 0.99999999200000000421 0.00000000099999999988 
0.00000000099999999996 0.00000000099999999996 0.30472368411472561256 0.19336554405369768550 0.00000000099999999996 0.00000000099999999996 0.00000000099999999996 0.27655806127919502213 0.22535270555238159917 
0.00000995043812032648 0.02186508864372853009 0.17883512425660166856 0.22139176272080152152 0.00000000100000000000 0.00000000100000000000 0.02338071317270130900 0.27766297690861863057 0.27685438185942790046 
0.00000000099999999996 0.00000000099999999996 0.00000000099999999996 0.17828391721113764912 0.00000000099999999996 0.00000000099999999996 0.00687196298258389848 0.44070060254271709033 0.37414351226356135083 
0.00000000099999999997 0.00000000099999999997 0.00000000099999999997 0.43552370226566733402 0.00000000099999999997 0.00000000099999999997 0.00000000099999999997 0.00000000099999999997 0.56447629073433258640 
0.00000000099999999997 0.00000000099999999997 0.27332094550903346386 0.30822794720317026052 0.00000000099999999997 0.00000000099999999997 0.00000000099999999997 0.21925773875163012683 0.19919336353616634572 
0.00000000099999999997 0.03479046261813577290 0.13677482860784209717 0.29018448577384703402 0.00000000099999999997 0.00000000099999999997 0.00000000099999999997 0.30187834142037917040 0.23637187757979585823 
0.01397960840677702279 0.00000000099999999999 0.37688334504991150009 0.09776642015784324513 0.00000000099999999999 0.00000000099999999999 0.00112335890911737803 0.20157300804933533933 0.30867425642701534771 
0.03998658901392413562 0.00000000099999999998 0.40984212086363314143 0.14163912802766351340 0.00000000099999999998 0.00000000099999999998 0.00000000099999999998 0.00000000099999999998 0.40853215709477930240 
0.00000000099999999998 0.00000000099999999998 0.29543092156318173647 0.32671243960176715726 0.00000000099999999998 0.00000000099999999998 0.00000000099999999998 0.11808861129380279764 0.25976802254124831126 
0.00000071258520204938 0.01367455778304464166 0.22094606961043697368 0.00004293469549041192 0.00000000099999999997 0.00000000099999999997 0.00000000099999999997 0.42392479511691089078 0.34141092720891513812 
0.02235545060030889528 0.00000000100000000000 0.19132746422634991368 0.24267125496518238137 0.00000000100000000000 0.07192213135013222902 0.00000000100000000000 0.04023619863873498237 0.43148749721929163803 
0.00246133480734032298 0.00000000099999999997 0.26668829560785900501 0.15433396321690115438 0.00000000099999999997 0.00000000099999999997 0.00000000099999999997 0.11554241471477928738 0.46097398765312019853 
0.00000090728238727383 0.00000007204830426419 0.00000000099999999994 0.00000000099999999994 0.00000000099999999994 0.00000000099999999994 0.00000000099999999994 0.47062252708539398238 0.52937648858391439521 
0.00006383004919746659 0.00892742163492197920 0.32450088369011936829 0.00000000099999999996 0.00000000099999999996 0.00000000099999999996 0.00000000099999999996 0.12668126271477050948 0.53982659791099052438 
0.00000000099999999991 0.00000000099999999991 0.00000000099999999991 0.00000000099999999991 0.00000000099999999991 0.00000000099999999991 0.00000000099999999991 0.00000000099999999991 0.99999999199999989319 
0.01048613872158748149 0.00000000099999999997 0.22323616841307242220 0.00000000435272970855 0.00000000099999999997 0.00000000099999999997 0.00000000099999999997 0.20219423841415246068 0.56408344609845784134 
0.00000000099999999999 0.00000000099999999999 0.43433015777979466776 0.00000000099999999999 0.00000000099999999999 0.00000000099999999999 0.00000000099999999999 0.20095101116947000630 0.36471882505073521807 
0.00000000099999999997 0.01608177206504469298 0.17882029413726172051 0.31384793986157538681 0.00000000099999999997 0.00000000099999999997 0.00367006886708265900 0.23094317416482734728 0.25663674790420837324 
0.00000000099999999996 0.00000000099999999996 0.33192257112508893879 0.41701241933274735274 0.00000000099999999996 0.00000000099999999996 0.00000000099999999996 0.00000000099999999996 0.25106500354216382265 
0.00000000099999999989 0.00000000099999999989 0.00000000099999999989 0.99999999200000000421 0.00000000099999999989 0.00000000099999999989 0.00000000099999999989 0.00000000099999999989 0.00000000099999999989 
0.40712341889141773210 0.59287657410858241036 0.00000000099999999992 0.00000000099999999992 0.00000000099999999992 0.00000000099999999992 0.00000000099999999992 0.00000000099999999992 0.00000000099999999992 
0.00000000099999999993 0.99999999200000011523 0.00000000099999999993 0.00000000099999999993 0.00000000099999999993 0.00000000099999999993 0.00000000099999999993 0.00000000099999999993 0.00000000099999999993 
0.00000000099999999962 0.00000000099999999962 0.00000000099999999962 0.00000000099999999962 0.00000000099999999962 0.99999999200000011523 0.00000000099999999962 0.00000000099999999962 0.00000000099999999962 
0.00000000099999999959 0.00000000099999999959 0.00000000099999999959 0.00000000099999999959 0.00000000099999999959 0.00000000099999999959 0.99999999199999989319 0.00000000099999999959 0.00000000099999999959 
0.00000000099999999998 0.90422161887659235902 0.00000000099999999998 0.00000000099999999998 0.00000000099999999998 0.00000000099999999998 0.03391437416589670323 0.00000000099999999998 0.06186400095751114908 
0.00000000099999999987 0.00000000099999999987 0.00000000099999999987 0.00000000099999999987 0.00000000099999999987 0.00000000099999999987 0.00000000099999999987 0.99999999199999989319 0.00000000099999999987 
0.00000000099999999989 0.00000000099999999989 0.00000000099999999989 0.99999999200000011523 0.00000000099999999989 0.00000000099999999989 0.00000000099999999989 0.00000000099999999989 0.00000000099999999989 
0.51626166508772952657 0.48373832791227067140 0.00000000099999999996 0.00000000099999999996 0.00000000099999999996 0.00000000099999999996 0.00000000099999999996 0.00000000099999999996 0.00000000099999999996 
0.00000000099999999995 0.00000000099999999995 0.70326278126328445328 0.00000000099999999995 0.00000000099999999995 0.00000000099999999995 0.00000000099999999995 0.29673721173671546714 0.00000000099999999995 
0.00000000099999999996 0.00000000099999999996 0.24188828908920798066 0.21344316798353668574 0.00000000099999999996 0.00000000099999999996 0.00848242621199470428 0.24191939115285221451 0.29426672156240840650 
0.00000000099999999995 0.00000000099999999995 0.64265844228283286466 0.35734155071716727781 0.00000000099999999995 0.00000000099999999995 0.00000000099999999995 0.00000000099999999995 0.00000000099999999995 
0.00000000099999999955 0.00000000099999999955 0.00000000099999999955 0.00000000099999999955 0.00000000099999999955 0.99999999200000011523 0.00000000099999999955 0.00000000099999999955 0.00000000099999999955 
0.00000000099999999954 0.00000000099999999954 0.00000000099999999954 0.00000000099999999954 0.00000000099999999954 0.99999999200000011523 0.00000000099999999954 0.00000000099999999954 0.00000000099999999954 
0.00000000099999999945 0.00000000099999999945 0.00000000099999999945 0.00000000099999999945 0.99999999200000000421 0.00000000099999999945 0.00000000099999999945 0.00000000099999999945 0.00000000099999999945 
0.00000000099999999950 0.00000000099999999950 0.00000000099999999950 0.00000000099999999950 0.00000000099999999950 0.99999999200000011523 0.00000000099999999950 0.00000000099999999950 0.00000000099999999950 
0.00000000099999999944 0.00000000099999999944 0.00000000099999999944 0.00000000099999999944 0.99999999200000000421 0.00000000099999999944 0.00000000099999999944 0.00000000099999999944 0.00000000099999999944 
0.99999999200000022626 0.00000000099999999985 0.00000000099999999985 0.00000000099999999985 0.00000000099999999985 0.00000000099999999985 0.00000000099999999985 0.00000000099999999985 0.00000000099999999985 
0.00000000099999999999 0.00000000099999999999 0.19238822706864291967 0.15360978883806380990 0.00000000099999999999 0.00000000099999999999 0.00208368896418434542 0.09701355563659408432 0.55490473549251462249 
0.00000000099999999956 0.00000000099999999956 0.00000000099999999956 0.00000000099999999956 0.50010813731006242833 0.49989185568993754760 0.00000000099999999956 0.00000000099999999956 0.00000000099999999956 
0.00000000099999999949 0.00000000099999999949 0.00000000099999999949 0.00000000099999999949 0.99999999200000011523 0.00000000099999999949 0.00000000099999999949 0.00000000099999999949 0.00000000099999999949 
0.00000000099999999958 0.00000000099999999958 0.00000000099999999958 0.00000000099999999958 0.00000000099999999958 0.00000000099999999958 0.99999999200000000421 0.00000000099999999958 0.00000000099999999958 
0.00000000099999999958 0.00000000099999999958 0.00000000099999999958 0.00000000099999999958 0.00000000099999999958 0.00000000099999999958 0.99999999199999989319 0.00000000099999999958 0.00000000099999999958 
0.00000000099999999995 0.00000000099999999995 0.00000000099999999995 0.00000000099999999995 0.00000000099999999995 0.00000000099999999995 0.00000000099999999995 0.40372953872864708602 0.59627045427135294542 
0.00000000099999999953 0.00000000099999999953 0.00000000099999999953 0.00000000099999999953 0.00000000099999999953 0.99999999200000011523 0.00000000099999999953 0.00000000099999999953 0.00000000099999999953 
0.00000000099999999986 0.00000000099999999986 0.00000000099999999986 0.00000000099999999986 0.00000000099999999986 0.00000000099999999986 0.00000000099999999986 0.99999999199999989319 0.00000000099999999986 
0.00000000099999999994 0.00000000099999999994 0.43227664784591895986 0.56772334515408118261 0.00000000099999999994 0.00000000099999999994 0.00000000099999999994 0.00000000099999999994 0.00000000099999999994 
0.99999999200000022626 0.00000000099999999988 0.00000000099999999988 0.00000000099999999988 0.00000000099999999988 0.00000000099999999988 0.00000000099999999988 0.00000000099999999988 0.00000000099999999988 
0.01233822554491103424 0.00000000099999999997 0.23694747387081727119 0.31876633023871220329 0.00000000099999999997 0.00000000099999999997 0.00000000099999999997 0.24647236034851940922 0.18547560599704010498 
0.00000000099999999986 0.99999999200000011523 0.00000000099999999986 0.00000000099999999986 0.00000000099999999986 0.00000000099999999986 0.00000000099999999986 0.00000000099999999986 0.00000000099999999986 
0.00000000099999999986 0.00000000099999999986 0.00000000099999999986 0.00000000099999999986 0.00000000099999999986 0.00000000099999999986 0.00000000099999999986 0.99999999200000000421 0.00000000099999999986 
0.00000000099999999987 0.99999999200000022626 0.00000000099999999987 0.00000000099999999987 0.00000000099999999987 0.00000000099999999987 0.00000000099999999987 0.00000000099999999987 0.00000000099999999987 
0.00000000099999999990 0.00000000099999999990 0.99999999200000000421 0.00000000099999999990 0.00000000099999999990 0.00000000099999999990 0.00000000099999999990 0.00000000099999999990 0.00000000099999999990 
0.00000000099999999997 0.00000000099999999997 0.42219814107464603836 0.57780185192535404859 0.00000000099999999997 0.00000000099999999997 0.00000000099999999997 0.00000000099999999997 0.00000000099999999997 
0.00000000099999999962 0.00000000099999999962 0.00000000099999999962 0.00000000099999999962 0.28297921170633338894 0.71702078129366675352 0.00000000099999999962 0.00000000099999999962 0.00000000099999999962 
0.00000000099999999989 0.99999999200000022626 0.00000000099999999989 0.00000000099999999989 0.00000000099999999989 0.00000000099999999989 0.00000000099999999989 0.00000000099999999989 0.00000000099999999989 
0.00000000099999999950 0.00000000099999999950 0.00000000099999999950 0.00000000099999999950 0.00000000099999999950 0.99999999200000011523 0.00000000099999999950 0.00000000099999999950 0.00000000099999999950 
0.00000000099999999946 0.00000000099999999946 0.00000000099999999946 0.00000000099999999946 0.99999999200000000421 0.00000000099999999946 0.00000000099999999946 0.00000000099999999946 0.00000000099999999946 
0.00000000099999999997 0.00000000099999999997 0.48324541193597608801 0.00000000099999999997 0.00000000099999999997 0.00000000099999999997 0.00000000099999999997 0.00000000099999999997 0.51675458106402383240 
0.02449408960081617820 0.00015610795981424938 0.16820009288619888754 0.00068652752517356396 0.00000000099999999997 0.00000000099999999997 0.00000000099999999997 0.31245156772026244640 0.49401161130773468821 
0.00199846732338138751 0.00000000099999999996 0.16034775309840068602 0.26312408601958597876 0.00000000099999999996 0.00000000099999999996 0.00000000099999999996 0.34583149915759320292 0.22869819040103864238 
0.00000000099999999997 0.00000000099999999997 0.29922472104799358039 0.12324837048471845580 0.00000000099999999997 0.00000000099999999997 0.00000000099999999997 0.27153640221626401674 0.30599050125102389419 
0.01930814369008286568 0.00000000099999999998 0.27931483481021185389 0.17835348176922855012 0.00000000099999999998 0.00000000099999999998 0.00633154095682458232 0.09820330595845370991 0.41848868981519832255 
0.01740992967896981200 0.00000000099999999997 0.16152771637020463258 0.25325491883068534937 0.00000000099999999997 0.00000000099999999997 0.00213858681211795106 0.33871374460053443878 0.22695510070748772802 
0.00000000099999999994 0.00000000099999999994 0.00000000099999999994 0.56664280244851217283 0.00000000099999999994 0.00000000099999999994 0.00000000099999999994 0.43335719055148780310 0.00000000099999999994 
0.00000000099999999994 0.99999999200000022626 0.00000000099999999994 0.00000000099999999994 0.00000000099999999994 0.00000000099999999994 0.00000000099999999994 0.00000000099999999994 0.00000000099999999994 
0.00000000099999999996 0.00000000099999999996 0.22340940936939773787 0.37200656136530652063 0.00000000099999999996 0.00000000099999999996 0.00000000099999999996 0.00142619247927528088 0.40315783178602060399 
0.00000000099999999955 0.00000000099999999955 0.00000000099999999955 0.00000000099999999955 0.56796168155195725369 0.43203831144804283326 0.00000000099999999955 0.00000000099999999955 0.00000000099999999955 
0.00000000099999999993 0.00000000099999999993 0.00000000099999999993 0.00000000099999999993 0.00000000099999999993 0.00000000099999999993 0.00000000099999999993 0.00000000099999999993 0.99999999199999989319 
0.00000000099999999981 0.00000000099999999981 0.00000000099999999981 0.00000000099999999981 0.00000000099999999981 0.99999999200000000421 0.00000000099999999981 0.00000000099999999981 0.00000000099999999981 
0.00000000099999999956 0.00000000099999999956 0.00000000099999999956 0.00000000099999999956 0.00000000099999999956 0.99999999200000000421 0.00000000099999999956 0.00000000099999999956 0.00000000099999999956 
0.00000000099999999997 0.02271768784556777929 0.23623040762258706859 0.17554346419080243957 0.00000000099999999997 0.00000000099999999997 0.00000000099999999997 0.00066726146414031727 0.56484117487690221893 
0.00000000099999999995 0.00000000099999999995 0.00000000099999999995 0.58585205834105846812 0.00000000099999999995 0.00000000099999999995 0.00000000099999999995 0.00000000099999999995 0.41414793465894167435 
0.00518450127956479687 0.00000000099999999997 0.39651575510986264428 0.00000000099999999997 0.00000000099999999997 0.00000000099999999997 0.00000000099999999997 0.00000000099999999997 0.59829973761057231307 
0.00000000099999999966 0.00000000099999999966 0.00000000099999999966 0.00000000099999999966 0.25078169921284504396 0.74921829378715487646 0.00000000099999999966 0.00000000099999999966 0.00000000099999999966 
0.43266103742361500251 0.56733895557638502893 0.00000000099999999991 0.00000000099999999991 0.00000000099999999991 0.00000000099999999991 0.00000000099999999991 0.00000000099999999991 0.00000000099999999991 
0.99999999200000011523 0.00000000099999999982 0.00000000099999999982 0.00000000099999999982 0.00000000099999999982 0.00000000099999999982 0.00000000099999999982 0.00000000099999999982 0.00000000099999999982 
0.00000000099999999962 0.00000000099999999962 0.00000000099999999962 0.00000000099999999962 0.32676282328739170158 0.67323716971260838537 0.00000000099999999962 0.00000000099999999962 0.00000000099999999962 
0.00000000099999999991 0.00000000099999999991 0.99999999200000000421 0.00000000099999999991 0.00000000099999999991 0.00000000099999999991 0.00000000099999999991 0.00000000099999999991 0.00000000099999999991 
0.03640494620174990203 0.00000000099999999999 0.25309931951904424130 0.13414961384509513365 0.00000000099999999999 0.00000000099999999999 0.01197845832864113252 0.13548089848160541071 0.42888676062386421606 
0.00000000099999999963 0.00000000099999999963 0.00000000099999999963 0.00000000099999999963 0.41824828052487322827 0.58175171247512680317 0.00000000099999999963 0.00000000099999999963 0.00000000099999999963 
0.00000000099999999997 0.00000000099999999997 0.40040432773470840955 0.00000000099999999997 0.00000000099999999997 0.00000000099999999997 0.00000000099999999997 0.28850721688335323467 0.31108844938193841445 
0.52297449085348435283 0.47702550214651578964 0.00000000099999999989 0.00000000099999999989 0.00000000099999999989 0.00000000099999999989 0.00000000099999999989 0.00000000099999999989 0.00000000099999999989 
0.23598099106611519771 0.00000000099999999999 0.00000000099999999999 0.00000000099999999999 0.00009721365074586528 0.10198193940764900545 0.10787904306025539181 0.00000000099999999999 0.55406080881523445125 
