0.97537039151976867579 0.01192344721645948249 0.01270616126377195100 
0.00000000099999999998 0.00000000099999999998 0.99999999799999994554 
0.00000000099999999997 0.00000000099999999997 0.99999999799999994554 
0.95569994772354904811 0.00000000099999999999 0.04430005127645100099 
0.99862425765828455315 0.00011392760648766556 0.00126181473522778663 
0.96677230794875246289 0.00000000099999999999 0.03322769105124753763 
0.00000000099999999998 0.00000000099999999998 0.99999999800000005656 
0.00000000099999999997 0.00000000099999999997 0.99999999800000005656 
0.98749150362372217771 0.00000000100000000000 0.01250849537627775343 
0.00000000099999999998 0.00000000099999999998 0.99999999799999994554 
0.98153860329539033280 0.00000000190235893050 0.01846139480225074056 
0.97475323801567903548 0.00000000099999999999 0.02524676098432099627 
0.99382612086965316234 0.00000000100000000000 0.00617387813034680176 
0.98160145947333421468 0.00145670629632549051 0.01694183423034037808 
0.98169776311883993891 0.01622300500902404408 0.00207923187213599359 
0.91965897112165340133 0.01292557928901992212 0.06741544958932670084 
0.99307273340857615818 0.00000000099999999999 0.00692726559142381546 
0.99268741569436158567 0.00731258330563848251 0.00000000100000000000 
0.98220738820103969946 0.01162617550472950373 0.00616643629423066844 
0.99731284395716057745 0.00000000099999999999 0.00268715504283954885 
0.99742666408930291677 0.00000000100000000000 0.00257333491069703171 
0.00000000099999999998 0.00000000099999999998 0.99999999799999994554 
0.97018613478567772290 0.00000000099999999999 0.02981386421432229844 
0.96162581820956971601 0.00000000099999999999 0.03837418079043034003 
0.96642309737496223665 0.00000000099999999999 0.03357690162503777775 
0.99999999800000005656 0.00000000099999999999 0.00000000099999999999 
0.03925160597559648051 0.78865000131433793396 0.17209839271006557859 
0.00000534573666526272 0.80520638144916834023 0.19478827281416646877 
0.99348914472629212824 0.00013072980648436651 0.00638012546722359960 
0.99999997864536782632 0.00000000100000000000 0.00000002035463213920 
0.97155518413195052219 0.00000000099999999999 0.02844481486804939507 
0.00000000099999999998 0.00000000099999999998 0.99999999799999994554 
0.45057744542428507240 0.24168877175994374351 0.30773378281577107307 
0.99990955838304518277 0.00000000099999999999 0.00009044061695495739 
0.00000000099999999989 0.99999999799999994554 0.00000000099999999989 
0.00000000099999999986 0.99999999800000005656 0.00000000099999999986 
0.00000000099999999987 0.99999999800000005656 0.00000000099999999987 
0.06136009153664661459 0.79586652742137864447 0.14277338104197478952 
0.02691026284672919794 0.80083504400826222014 0.17225469314500865825 
0.99834892756146387249 0.00000000099999999999 0.00165107143853619504 
0.00000000099999999998 0.00000000099999999998 0.99999999799999994554 
0.05975228067410392335 0.78696009685471002282 0.15328762247118610240 
0.97017822413733934006 0.00000000100000000000 0.02982177486266063965 
0.00000000099999999997 0.00000000099999999997 0.99999999800000005656 
0.02566074574409188749 0.78824886598926924286 0.18609038826663890087 
0.97637609940355862825 0.00000000099999999999 0.02362389959644133758 
0.03910812407099032578 0.78982808478089638893 0.17106379114811326447 
0.00000000099999999998 0.00000000099999999998 0.99999999800000005656 
0.00000000099999999996 0.00000000099999999996 0.99999999799999994554 
0.01614768975720858035 0.79244585460605765359 0.19140645563673366891 
0.03650084238094870870 0.80231422791221396196 0.16118492970683731547 
0.00000000099999999998 0.00000000099999999998 0.99999999799999994554 
0.00000000099999999998 0.00000000099999999998 0.99999999800000005656 
0.00000000099999999998 0.00000000099999999998 0.99999999799999994554 
0.03623182572282834107 0.79283986100788139684 0.17092831326929025515 
0.94312886129619544207 0.00569346320799574319 0.05117767549580878178 
0.97446510040636824534 0.01476242273497452122 0.01077247685865727854 
0.97282795479574513120 0.00000000099999999999 0.02717204420425487280 
0.98171509201240381159 0.00000000099999999999 0.01828490698759626526 
0.00000000099999999998 0.00000000099999999998 0.99999999799999994554 
0.99459299194210371020 0.00497672840800133642 0.00043027964989498211 
0.00000000099999999988 0.99999999799999994554 0.00000000099999999988 
0.98464678569233410332 0.00000000099999999999 0.01535321330766599608 
0.00000000099999999989 0.99999999799999994554 0.00000000099999999989 
0.95373564954557221718 0.00000000100000000000 0.04626434945442796376 
0.00000000099999999988 0.99999999799999994554 0.00000000099999999988 
0.98645892271925739170 0.00000000099999999999 0.01354107628074272505 
0.98258544946716441792 0.00074812343626954627 0.01666642709656607560 
0.00000000099999999997 0.00000000099999999997 0.99999999800000005656 
0.99999899705425410179 0.00000000099999999999 0.00000100194574588874 
0.00000000099999999988 0.99999999799999994554 0.00000000099999999988 
0.00000000099999999989 0.99999999800000005656 0.00000000099999999989 
0.90834550617021470043 0.00000000100000000000 0.09165449282978530010 
0.00000000099999999997 0.00000000099999999997 0.99999999799999994554 
0.06927375997155707510 0.77083715999905977334 0.15988908002938323483 
0.00000000099999999997 0.00000000099999999997 0.99999999799999994554 
0.95980926183266135343 0.00000000100000000000 0.04019073716733859158 
0.00000000099999999987 0.99999999799999994554 0.00000000099999999987 
0.02630909320304901378 0.81086129271711304689 0.16282961407983795321 
0.00000000099999999991 0.99999999799999994554 0.00000000099999999991 
0.98116395808248046961 0.01443010165770701285 0.00440594025981257999 
0.00000000099999999997 0.00000000099999999997 0.99999999800000005656 
0.00000000099999999998 0.00000000099999999998 0.99999999799999994554 
0.76321349107465352724 0.00000000099999999999 0.23678650792534647329 
0.99125145116748103469 0.00000479924703979475 0.00874374958547922444 
0.98581365871816517554 0.00000000099999999999 0.01418634028183494294 
0.97150727044851026282 0.00000000099999999999 0.02849272855148974812 
0.99869425282295920532 0.00000000099999999999 0.00130574617704070565 
0.99999999799999994554 0.00000000099999999999 0.00000000099999999999 
0.98315882746346672239 0.00000000099999999999 0.01684117153653325039 
0.98224177137257495662 0.00000000099999999999 0.01775822762742509248 
0.96061486430525033775 0.00000000100000000000 0.03938513469474982931 
0.00000000099999999998 0.00000000099999999998 0.99999999799999994554 
0.00035080779378383230 0.00000000099999999999 0.99964919120621620330 
0.00000000099999999992 0.99999999799999994554 0.00000000099999999992 
0.00000000099999999998 0.00000000099999999998 0.99999999800000005656 
0.00000000099999999999 0.00000000099999999999 0.99999999800000005656 
0.97105195414169931389 0.00000000099999999999 0.02894804485830071786 
0.00000000099999999986 0.99999999800000005656 0.00000000099999999986 
0.99999875861689158096 0.00000124021419450548 0.00000000116891395331 
0.97804992598636009138 0.00000000099999999999 0.02195007301363986058 
0.98717118018925342771 0.00867993861608830353 0.00414888119465821673 
0.96982087601938404831 0.00000000100000000000 0.03017912298061593834 
0.99345195904711247614 0.00000000100000000000 0.00654803995288763454 
0.95963684309057928346 0.00000000100000000000 0.04036315590942063380 
0.99618107588159410248 0.00000000100000000000 0.00381892311840590802 
0.98012348112518155041 0.00000000100000000000 0.01987651787481855420 
0.95896893558985618622 0.01918934801398242476 0.02184171639616142718 
0.98986651917690904323 0.00000008535419131036 0.01013339546889962563 
0.99971622152000672035 0.00000000099999999999 0.00028377747999326636 
0.95324482230518126080 0.01575802169262907962 0.03099715600218973938 
0.99999994138185110959 0.00000000099999999999 0.00000005761814897369 
0.98479312917940042826 0.00000000100000000000 0.01520686982059969022 
0.99868838294208583939 0.00000000099999999999 0.00131161605791419800 
0.96418711904856313488 0.00000000099999999999 0.03581287995143681013 
0.98041151768379330989 0.00000000100000000000 0.01958848131620672187 
0.95673977385229636017 0.00000000100000000000 0.04326022514770379995 
0.99386410890815979347 0.00000000100000000000 0.00613589009184024869 
0.97062067958852615845 0.00000000099999999999 0.02937931941147380044 
0.89400075754630847769 0.07531032803415499410 0.03068891441953646923 
0.99323292671066742976 0.00000000099999999999 0.00676707228933265837 
0.97871302318640340800 0.00000000099999999999 0.02128697581359665844 
0.96956212147253295619 0.00000000099999999999 0.03043787752746706515 
0.99668276361587804235 0.00000000273264647120 0.00331723365147556940 
0.98394872876165684339 0.00000000099999999999 0.01605127023834325081 
0.98630322993420638245 0.00417027656289542265 0.00952649350289814720 
0.97663026252545337424 0.00000000099999999999 0.02336973647454675465 
0.99999999413646356583 0.00000000099999999999 0.00000000486353643518 
0.96324508280559983930 0.00000000099999999999 0.03675491619440022367 
0.00000000099999999997 0.00000000099999999997 0.99999999799999994554 
0.00000000602387382949 0.00000000099999999999 0.99999999297612618410 
0.00000000099999999991 0.99999999800000005656 0.00000000099999999991 
0.01895463862119391510 0.81589753805897624606 0.16514782331982982844 
0.06311736291621587724 0.01394362046074782389 0.92293901662303634570 
0.98363122869433738948 0.00000000099999999999 0.01636877030566251737 
0.96764942555563948634 0.00000000100000000000 0.03235057344436061827 
0.00000000099999999999 0.00000000099999999999 0.99999999799999994554 
0.97788534528541237734 0.00000000099999999999 0.02211465371458759196 
0.99167304161165281684 0.00000000099999999999 0.00832695738834723226 
0.99999999799999994554 0.00000000099999999999 0.00000000099999999999 
0.00000000099999999987 0.99999999799999994554 0.00000000099999999987 
0.00000000099999999987 0.99999999799999994554 0.00000000099999999987 
0.00000000099999999986 0.99999999800000005656 0.00000000099999999986 
0.00000000099999999986 0.99999999799999994554 0.00000000099999999986 
0.00000000099999999988 0.99999999799999994554 0.00000000099999999988 
0.00000000099999999999 0.00000000099999999999 0.99999999800000005656 
0.99311335679457446446 0.00006144104903248583 0.00682520215639299040 
0.00000000099999999987 0.99999999799999994554 0.00000000099999999987 
0.00000000099999999988 0.99999999799999994554 0.00000000099999999988 
0.00000000100000000000 0.81888207381315170075 0.18111792518684827202 
0.02525721944222909104 0.81097529486751174232 0.16376748569025909030 
0.99999940426970479468 0.00000000100000000000 0.00000059473029525524 
0.00000000099999999988 0.99999999799999994554 0.00000000099999999988 
0.98150496927277264270 0.00000000100000000000 0.01849502972722737865 
0.99999999800000005656 0.00000000099999999999 0.00000000099999999999 
0.03694707676288146864 0.00000000099999999999 0.96305292223711846944 
0.98507240394890638324 0.00000000099999999999 0.01492759505109362075 
0.00000000099999999997 0.00000000099999999997 0.99999999799999994554 
0.97187852561381382621 0.00000000099999999999 0.02812147338618623330 
0.00000000099999999997 0.00000000099999999997 0.99999999799999994554 
0.97809957455542884119 0.00221384330161456628 0.01968658214295662331 
0.99705130124022434135 0.00244368444367274807 0.00050501431610293671 
0.00000000099999999988 0.99999999799999994554 0.00000000099999999988 
0.00000000099999999998 0.00000000099999999998 0.99999999799999994554 
0.00000000099999999986 0.99999999800000005656 0.00000000099999999986 
0.00000000099999999988 0.99999999799999994554 0.00000000099999999988 
0.98680778704553195890 0.00000000099999999999 0.01319221195446813530 
0.96974896597935922316 0.00000000099999999999 0.03025103302064068717 
0.99006160799948361717 0.00000000099999999999 0.00993839100051637989 
0.99081976937580218401 0.00000000099999999999 0.00918022962419778182 
0.98539388246199921539 0.00000000100000000000 0.01460611653800072615 
0.97539587035696184714 0.00000000099999999999 0.02460412864303831992 
0.99999999800000005656 0.00000000099999999999 0.00000000099999999999 
0.00349005122085430412 0.00000000099999999998 0.99650994777914558842 
0.99999827784230010952 0.00000000099999999999 0.00000172115769995277 
0.00000000099999999987 0.99999999800000005656 0.00000000099999999987 
0.99820455423584852905 0.00000000100000000000 0.00179544476415157404 
0.00000000099999999996 0.99999999799999994554 0.00000000099999999996 
0.00000000099999999989 0.99999999799999994554 0.00000000099999999989 
0.97308904256138895050 0.00000000099999999999 0.02691095643861103268 
0.99999998967049608112 0.00000000100000000000 0.00000000932950395881 
0.97727881806147842703 0.00000000100000000000 0.02272118093852158044 
0.00000000099999999990 0.99999999799999994554 0.00000000099999999990 
0.00000000099999999997 0.00000000099999999997 0.99999999799999994554 
0.00000000099999999997 0.00000000099999999997 0.99999999800000005656 
0.00000000099999999989 0.99999999800000005656 0.00000000099999999989 
0.98814929784552807401 0.00000000100000000000 0.01185070115447183284 
0.95253726162280294432 0.00000000100000000000 0.04746273737719706315 
0.00000000099999999989 0.99999999800000005656 0.00000000099999999989 
0.98752379646051768880 0.00000000099999999999 0.01247620253948234295 
0.00000000099999999997 0.00000000099999999997 0.99999999799999994554 
0.55133221643322061212 0.18740829297287492361 0.26125949059390446427 
0.96820651018676329169 0.00038184636377381714 0.03141164344946297676 
0.95813013534249547032 0.00000000100000000000 0.04186986365750460654 
0.99497268917302550406 0.00000000100000000000 0.00502730982697452249 
0.99944654894283413427 0.00000000099999999999 0.00055345005716595419 
0.99999999799999994554 0.00000000099999999999 0.00000000099999999999 
0.98886496285560876451 0.00000000099999999999 0.01113503614439126897 
0.98557471239232452564 0.00000000100000000000 0.01442528660767554080 
0.96168340815274000466 0.01100658720732377964 0.02731000463993614805 
0.00000000099999999998 0.00000000099999999998 0.99999999800000005656 
0.97439963693561515434 0.00000000099999999999 0.02560036206438492598 
0.99999998986350446817 0.00000000100000000000 0.00000000913649553828 
0.94944945066478225737 0.00000000100000000000 0.05055054833521779867 
0.98119924151154158665 0.00000000099999999999 0.01880075748845853531 
0.95876741359050088320 0.00188451398430328795 0.03934807242519577919 
0.99999906027416263221 0.00000000099999999999 0.00000093872583730397 
0.97851844385891417755 0.00000000100000000000 0.02148155514108581257 
0.00250364130010038294 0.00000000099999999999 0.99749635769989963840 
0.97128656513944222617 0.00000000100000000000 0.02871343386055770150 
0.98927614371918581870 0.00000000100000000000 0.01072385528081433795 
0.97645994068802166588 0.01061993321757679493 0.01292012609440156175 
0.00000001487249168514 0.00000000099999999999 0.99999998412750834564 
0.95012922511514230628 0.01970072766921288424 0.03017004721564467418 
0.98556526596633664550 0.00000000189646840310 0.01443473213719498154 
0.51394362963539530487 0.00000000099999999999 0.48605636936460455688 
0.97143350124766947307 0.00000000099999999999 0.02856649775233066624 
0.00000000099999999990 0.99999999799999994554 0.00000000099999999990 
0.97062641255986670252 0.00000010687318568629 0.02937348056694766285 
0.96993962666794819594 0.00000000100000000000 0.03006037233205169357 
