0.00039299783716831489 0.00000000100000000000 0.52047486484068139490 0.45711082966382549087 0.02202130665832473938 
0.99999999600000011313 0.00000000099999999996 0.00000000099999999996 0.00000000099999999996 0.00000000099999999996 
0.99999999600000000211 0.00000000099999999996 0.00000000099999999996 0.00000000099999999996 0.00000000099999999996 
0.03482656219711949275 0.00000000099999999999 0.46344266356959573638 0.50042234584686406951 0.00130842738642056203 
0.00000000100000000000 0.00000000100000000000 0.61432114327894304928 0.37782482846061365978 0.00785402626044327812 
0.02462230055370632359 0.00000000099999999999 0.57100985394705860987 0.40158238885992803002 0.00278545563930719404 
0.99999999600000000211 0.00000000099999999997 0.00000000099999999997 0.00000000099999999997 0.00000000099999999997 
0.99999999600000000211 0.00000000099999999995 0.00000000099999999995 0.00000000099999999995 0.00000000099999999995 
0.00078175964958033129 0.00000000099999999999 0.54139917269324655535 0.44190681294986827732 0.01591225370730485131 
0.99999999600000011313 0.00000000099999999996 0.00000000099999999996 0.00000000099999999996 0.00000000099999999996 
0.01334137386046063689 0.00000000100000000000 0.56444306481701866929 0.41298749230026066126 0.00922806802226014238 
0.01461185925964034529 0.00000000099999999999 0.72792652853570560811 0.24991833719147885096 0.00754327401317528463 
0.00000000100000000000 0.00000000100000000000 0.51058815172062821386 0.48490552699783523449 0.00450631928153633673 
0.00287596525934355821 0.00000000100000000000 0.62049554748222468525 0.36132687396493390342 0.01530161229349804621 
0.00000000099999999999 0.00000000099999999999 0.99505642951903083837 0.00000000099999999999 0.00494356748096907127 
0.05519275791331815922 0.00000000099999999999 0.53330139745779947535 0.38142776953845780596 0.03007807409042464672 
0.00000000099999999998 0.00000000099999999998 0.99999999599999989108 0.00000000099999999998 0.00000000099999999998 
0.00000000099999999999 0.00241590179143095487 0.45541456819194514605 0.53837434374461157205 0.00379518527201214931 
0.00000007036763820860 0.00760954356154915686 0.53174199146202860700 0.45360903547954312121 0.00703935912924099575 
0.00000000099999999998 0.00000000099999999998 0.57458594933740170241 0.42137500807486938381 0.00403904058772880555 
0.00000000099999999999 0.00000000099999999999 0.48164038895861444045 0.51835960804138547786 0.00000000099999999999 
0.99999999600000000211 0.00000000099999999997 0.00000000099999999997 0.00000000099999999997 0.00000000099999999997 
0.02189469378509582842 0.00000000099999999999 0.41667361006154485237 0.56143169415335936190 0.00000000099999999999 
0.00000000099999999996 0.00000000099999999996 0.99999999599999989108 0.00000000099999999996 0.00000000099999999996 
0.03012592538326645808 0.00000000099999999998 0.34524116110991315276 0.62463291150682032082 0.00000000099999999998 
0.00000000099999999999 0.00000000099999999999 0.49011327944674759616 0.50778885187478839391 0.00209786667846413978 
0.00000000099999999983 0.00000000099999999983 0.00000000099999999983 0.00000000099999999983 0.99999999599999989108 
0.00000000099999999980 0.00000000099999999980 0.00000000099999999980 0.00000000099999999980 0.99999999599999989108 
0.00000000099999999996 0.00000000099999999996 0.00000000099999999996 0.99999999600000000211 0.00000000099999999996 
0.00000000099999999999 0.00000000099999999999 0.57248158581771890763 0.41713070704632221330 0.01038770513595883328 
0.01839672910028243222 0.00000000099999999999 0.37518677500349389975 0.60641649389622354072 0.00000000099999999999 
0.99999999600000011313 0.00000000099999999997 0.00000000099999999997 0.00000000099999999997 0.00000000099999999997 
0.21993555028407898999 0.00000000099999999996 0.42141253889301472091 0.00000000099999999996 0.35865190882290642893 
0.00000000099999999999 0.00000000099999999999 0.53627615653204041557 0.46372384046795944723 0.00000000099999999999 
0.00000000099999999980 0.99999999600000000211 0.00000000099999999980 0.00000000099999999980 0.00000000099999999980 
0.00000000099999999975 0.99999999600000011313 0.00000000099999999975 0.00000000099999999975 0.00000000099999999975 
0.00000000099999999975 0.99999999600000000211 0.00000000099999999975 0.00000000099999999975 0.00000000099999999975 
0.00000000099999999984 0.00000000099999999984 0.00000000099999999984 0.00000000099999999984 0.99999999599999989108 
0.00000000099999999982 0.00000000099999999982 0.00000000099999999982 0.00000000099999999982 0.99999999600000000211 
0.00000000099999999999 0.00000000099999999999 0.39076492007596624889 0.60923507692403366942 0.00000000099999999999 
0.99999999600000011313 0.00000000099999999997 0.00000000099999999997 0.00000000099999999997 0.00000000099999999997 
0.00000000099999999982 0.00000000099999999982 0.00000000099999999982 0.00000000099999999982 0.99999999600000000211 
0.01924665396122553218 0.00000000099999999999 0.47852249601494034614 0.49290908226753066268 0.00932176675630352718 
0.99999999600000000211 0.00000000099999999995 0.00000000099999999995 0.00000000099999999995 0.00000000099999999995 
0.00000000099999999985 0.00000000099999999985 0.00000000099999999985 0.00000000099999999985 0.99999999599999989108 
0.01252880803529095657 0.00000000099999999999 0.60296945044882643838 0.37863541314705179142 0.00586632736883085058 
0.00000000099999999983 0.00000000099999999983 0.00000000099999999983 0.00000000099999999983 0.99999999599999989108 
0.99999999600000011313 0.00000000099999999996 0.00000000099999999996 0.00000000099999999996 0.00000000099999999996 
0.99999999600000011313 0.00000000099999999994 0.00000000099999999994 0.00000000099999999994 0.00000000099999999994 
0.00000000099999999980 0.00000000099999999980 0.00000000099999999980 0.00000000099999999980 0.99999999599999989108 
0.00000000099999999982 0.00000000099999999982 0.00000000099999999982 0.00000000099999999982 0.99999999600000000211 
0.99999999600000011313 0.00000000099999999996 0.00000000099999999996 0.00000000099999999996 0.00000000099999999996 
0.99999999600000011313 0.00000000099999999996 0.00000000099999999996 0.00000000099999999996 0.00000000099999999996 
0.99990356916137101972 0.00000000099999999997 0.00000000099999999997 0.00009642783862906763 0.00000000099999999997 
0.00000000099999999985 0.00000000099999999985 0.00000000099999999985 0.00000000099999999985 0.99999999599999989108 
0.04218127577647075299 0.00000000100000000000 0.55597927619444975633 0.38590280772342450133 0.01593663930565514947 
0.00000000099999999997 0.00000000099999999997 0.00000000099999999997 0.99999999599999989108 0.00000000099999999997 
0.01724549920698787223 0.00000000099999999999 0.61173043381133485052 0.37102406498167733728 0.00000000099999999999 
0.00746163131056978759 0.00000000099999999999 0.44744665553731977070 0.54509171115211041414 0.00000000099999999999 
0.99999999600000011313 0.00000000099999999996 0.00000000099999999996 0.00000000099999999996 0.00000000099999999996 
0.00000000099999999997 0.00000000099999999997 0.00000000099999999997 0.99999999599999989108 0.00000000099999999997 
0.00000000099999999979 0.99999999600000011313 0.00000000099999999979 0.00000000099999999979 0.00000000099999999979 
0.00000000099999999995 0.00000000099999999995 0.00000000099999999995 0.99999999600000000211 0.00000000099999999995 
0.00000000099999999979 0.99999999600000000211 0.00000000099999999979 0.00000000099999999979 0.00000000099999999979 
0.03665137454353580015 0.00000000100000000000 0.50367369169619724545 0.45967493176026685830 0.00000000100000000000 
0.00000000099999999980 0.99999999600000000211 0.00000000099999999980 0.00000000099999999980 0.00000000099999999980 
0.00461300173832763800 0.00000000099999999999 0.59521554986941727083 0.39751745925582326890 0.00265398813643186746 
0.00000000099999999998 0.00000000099999999998 0.99999999600000000211 0.00000000099999999998 0.00000000099999999998 
0.99999999600000011313 0.00000000099999999994 0.00000000099999999994 0.00000000099999999994 0.00000000099999999994 
0.00000000099999999996 0.00000000099999999996 0.99999999600000000211 0.00000000099999999996 0.00000000099999999996 
0.00000000099999999980 0.99999999600000011313 0.00000000099999999980 0.00000000099999999980 0.00000000099999999980 
0.00000000099999999982 0.99999999600000000211 0.00000000099999999982 0.00000000099999999982 0.00000000099999999982 
0.08153509708562510505 0.00000000099999999999 0.39407923821789253571 0.51458666035972744357 0.00979900333675481558 
0.99999999600000000211 0.00000000099999999995 0.00000000099999999995 0.00000000099999999995 0.00000000099999999995 
0.00000000099999999985 0.00000000099999999985 0.00000000099999999985 0.00000000099999999985 0.99999999599999989108 
0.99999999600000011313 0.00000000099999999995 0.00000000099999999995 0.00000000099999999995 0.00000000099999999995 
0.03346141052266887739 0.00000032907567037050 0.66472884355558503611 0.30180941584607562378 0.00000000100000000000 
0.00000000099999999978 0.99999999600000000211 0.00000000099999999978 0.00000000099999999978 0.00000000099999999978 
0.00000000099999999979 0.00000000099999999979 0.00000000099999999979 0.00000000099999999979 0.99999999600000000211 
0.00000000099999999982 0.99999999600000011313 0.00000000099999999982 0.00000000099999999982 0.00000000099999999982 
0.00000000100000000000 0.00000000100000000000 0.36926032161896760186 0.61392081315638213912 0.01681886322465018027 
0.99999999600000000211 0.00000000099999999994 0.00000000099999999994 0.00000000099999999994 0.00000000099999999994 
0.99999999600000000211 0.00000000099999999995 0.00000000099999999995 0.00000000099999999995 0.00000000099999999995 
0.23042739842261705796 0.00000000099999999999 0.47040053366784800870 0.29796319773401186426 0.00120886917552300499 
0.00000071933794140217 0.00000000099999999999 0.32106255755804041785 0.65720766816431785973 0.02172905393970032614 
0.00001539513257072250 0.00000000099999999998 0.39815504639480298055 0.60182955647262637022 0.00000000099999999998 
0.01692059555708665120 0.00000000099999999999 0.60417443162228945397 0.37890497082062385426 0.00000000099999999999 
0.00000000099999999999 0.00000000099999999999 0.45241108406625296645 0.54758891293374689635 0.00000000099999999999 
0.00000000099999999998 0.00000000099999999998 0.49674977512167017846 0.50325022187832968434 0.00000000099999999998 
0.00683290653157608580 0.00000000099999999998 0.41235935997721689938 0.58080773149120690224 0.00000000099999999998 
0.00590592126924793272 0.00000000099999999999 0.44067691882107262735 0.54783704148272971413 0.00558011742694963179 
0.03379447321269971743 0.00000000099999999999 0.55905325589727083990 0.40715226889002942290 0.00000000099999999999 
0.99999999600000000211 0.00000000099999999996 0.00000000099999999996 0.00000000099999999996 0.00000000099999999996 
0.99312835323233161766 0.00000000099999999998 0.00687164376766838565 0.00000000099999999998 0.00000000099999999998 
0.00000000099999999988 0.99999999600000000211 0.00000000099999999988 0.00000000099999999988 0.00000000099999999988 
0.99999999600000000211 0.00000000099999999997 0.00000000099999999997 0.00000000099999999997 0.00000000099999999997 
0.99999999600000011313 0.00000000099999999998 0.00000000099999999998 0.00000000099999999998 0.00000000099999999998 
0.01962542934905229727 0.00000000099999999999 0.55378041070968420101 0.41897186036333078363 0.00762229857793273683 
0.00000000099999999975 0.99999999600000000211 0.00000000099999999975 0.00000000099999999975 0.00000000099999999975 
0.00000000099999999999 0.00000000099999999999 0.54917974663131363666 0.44720428583819449297 0.00361596553049192563 
0.01000391218868410328 0.00000000099999999999 0.34458844353459999743 0.64365628544412079037 0.00175135783259510662 
0.00000000099999999998 0.00000000099999999998 0.99999999600000000211 0.00000000099999999998 0.00000000099999999998 
0.02062673296616367169 0.00000000100000000000 0.47392945233764000035 0.50310662446541321025 0.00233718923078307965 
0.00000000099999999998 0.00000000099999999998 0.99999999600000000211 0.00000000099999999998 0.00000000099999999998 
0.03442214126596140206 0.00000000099999999999 0.41002718756751682649 0.55555066916652173781 0.00000000099999999999 
0.00000000099999999998 0.00000000099999999998 0.99999999599999989108 0.00000000099999999998 0.00000000099999999998 
0.00000000099999999997 0.00000000099999999997 0.00000000099999999997 0.99999999600000000211 0.00000000099999999997 
0.00757234102833020430 0.00287696767852663009 0.61589604275956755242 0.34411016682944267631 0.02954448170413303751 
0.00000000099999999999 0.00000000099999999999 0.30023988591111944180 0.69422441050614025482 0.00553570158274027755 
0.00000000099999999998 0.00000000099999999998 0.52246574330141404285 0.47753425369858576444 0.00000000099999999998 
0.02085847995831649829 0.00001357570240502071 0.49330183891337098245 0.46051452920280661063 0.02531157622310096361 
0.00000000099999999999 0.00000000099999999999 0.58858156605280698148 0.40164931471537823615 0.00976911723181473485 
0.00582398697311779616 0.00000000100000000000 0.58124617310035997519 0.41292983792652215858 0.00000000100000000000 
0.00000000099999999999 0.00000000099999999999 0.59600533176073178243 0.40399466523926808037 0.00000000099999999999 
0.02960943965766300867 0.00000000099999999999 0.52732786656893404498 0.44306269177340279475 0.00000000099999999999 
0.01099137832287049553 0.00000000100000000000 0.56851623671872819621 0.41405134434211060546 0.00644103961629079267 
0.03673853080303410984 0.00000000099999999999 0.50783798708629368512 0.45542348011067212976 0.00000000099999999999 
0.00005136632021581239 0.00000000099999999999 0.61033488108387379256 0.38961345588921991734 0.00000029570669041982 
0.02350134579780627231 0.00000000099999999999 0.61792808655515873983 0.35857056564703487789 0.00000000099999999999 
0.02126328884252586329 0.06812287918902076855 0.59539041558476402116 0.31107796877296400861 0.00414544761072528287 
0.00000000099999999996 0.00000000099999999996 0.99999999599999989108 0.00000000099999999996 0.00000000099999999996 
0.01442523845357640729 0.00000000099999999998 0.61138133838880170945 0.37419342115762183054 0.00000000099999999998 
0.00000000329639683337 0.00000000099999999997 0.99999999370360315165 0.00000000099999999997 0.00000000099999999997 
0.00000000099999999999 0.00000000099999999999 0.56116443130033877296 0.42363402247370895992 0.01520154422595216930 
0.00806074495984148397 0.00000000099999999998 0.40793505738714463948 0.58400419565301375791 0.00000000099999999998 
0.00000000099999999999 0.00000000099999999999 0.99999999600000000211 0.00000000099999999999 0.00000000099999999999 
0.00858785347950760496 0.00000000099999999999 0.43891681089277251315 0.54534392397512965189 0.00715141065259025915 
0.00000000099999999999 0.00000000099999999999 0.58526319254372050072 0.41473680445627952862 0.00000000099999999999 
0.02638751868830821468 0.00000000099999999998 0.38488157807290801493 0.58873090123878368818 0.00000000099999999998 
0.99999999600000000211 0.00000000099999999995 0.00000000099999999995 0.00000000099999999995 0.00000000099999999995 
0.99999999600000000211 0.00000000099999999998 0.00000000099999999998 0.00000000099999999998 0.00000000099999999998 
0.00000000099999999983 0.99999999600000011313 0.00000000099999999983 0.00000000099999999983 0.00000000099999999983 
0.00000000099999999980 0.00000000099999999980 0.00000000099999999980 0.00000000099999999980 0.99999999600000000211 
0.89485359201911907068 0.00000000099999999999 0.00000000099999999999 0.06848775838538115335 0.03665864759549988805 
0.01269284967750312736 0.00000000099999999998 0.54022160152126097454 0.44708554680123585578 0.00000000099999999998 
0.00000000099999999996 0.00000000099999999996 0.00000000099999999996 0.99999999600000000211 0.00000000099999999996 
0.99599034591962354312 0.00000000099999999999 0.00000000099999999999 0.00000000099999999999 0.00400965108037654432 
0.01379428228722764244 0.00000000099999999999 0.49141999754332832406 0.49478571816944388884 0.00000000099999999999 
0.00000000099999999998 0.00000000099999999998 0.99461997868411067270 0.00000000099999999998 0.00538001831588924995 
0.00000000099999999999 0.00000000099999999999 0.53804330958924595496 0.46035866050964829865 0.00159802790110563035 
0.00000000099999999978 0.99999999600000000211 0.00000000099999999978 0.00000000099999999978 0.00000000099999999978 
0.00000000099999999979 0.99999999600000000211 0.00000000099999999979 0.00000000099999999979 0.00000000099999999979 
0.00000000099999999975 0.99999999600000000211 0.00000000099999999975 0.00000000099999999975 0.00000000099999999975 
0.00000000099999999976 0.99999999600000000211 0.00000000099999999976 0.00000000099999999976 0.00000000099999999976 
0.00000000099999999976 0.99999999600000011313 0.00000000099999999976 0.00000000099999999976 0.00000000099999999976 
0.99999999600000000211 0.00000000099999999998 0.00000000099999999998 0.00000000099999999998 0.00000000099999999998 
0.00000237249562713720 0.00000000100000000000 0.58907674259821296570 0.39970582232154294733 0.01121506158461694699 
0.00000000099999999976 0.99999999600000000211 0.00000000099999999976 0.00000000099999999976 0.00000000099999999976 
0.00000000099999999980 0.99999999600000011313 0.00000000099999999980 0.00000000099999999980 0.00000000099999999980 
0.00000000099999999979 0.00000000099999999979 0.00000000099999999979 0.00000000099999999979 0.99999999600000000211 
0.00000000099999999979 0.00000000099999999979 0.00000000099999999979 0.00000000099999999979 0.99999999600000000211 
0.00000000099999999999 0.00000000099999999999 0.57015287663583824607 0.42984712036416161673 0.00000000099999999999 
0.00000000099999999978 0.99999999600000011313 0.00000000099999999978 0.00000000099999999978 0.00000000099999999978 
0.01104263828091734366 0.00000000099999999999 0.57848472361154257282 0.41047263610753992324 0.00000000099999999999 
0.00000000099999999997 0.00000000099999999997 0.99999999600000000211 0.00000000099999999997 0.00000000099999999997 
0.94738773557206457099 0.00000000099999999998 0.00000562306731087443 0.05260663936062450613 0.00000000099999999998 
0.00794579183265271306 0.00000000099999999998 0.44707837299601066450 0.54497583317133646563 0.00000000099999999998 
0.99999999600000011313 0.00000000099999999994 0.00000000099999999994 0.00000000099999999994 0.00000000099999999994 
0.01895053769168841482 0.00000000099999999999 0.73274882413434749839 0.24564453145459244632 0.00265610571937160804 
0.99999999600000000211 0.00000000099999999995 0.00000000099999999995 0.00000000099999999995 0.00000000099999999995 
0.00791713316136976285 0.00000000100000000000 0.65415594091105055963 0.32058501514549875289 0.01734190978208090261 
0.00000000099999999999 0.00000000099999999999 0.50679482369998496427 0.48077307932234375487 0.01243209497767120038 
0.00000000099999999980 0.99999999600000011313 0.00000000099999999980 0.00000000099999999980 0.00000000099999999980 
0.99999999600000011313 0.00000000099999999996 0.00000000099999999996 0.00000000099999999996 0.00000000099999999996 
0.00000000099999999977 0.99999999600000011313 0.00000000099999999977 0.00000000099999999977 0.00000000099999999977 
0.00000000099999999976 0.99999999600000011313 0.00000000099999999976 0.00000000099999999976 0.00000000099999999976 
0.00000000099999999997 0.00000000099999999997 0.99999999599999989108 0.00000000099999999997 0.00000000099999999997 
0.02652037637653212668 0.00000000099999999998 0.35603684409415103929 0.61744277752931675529 0.00000000099999999998 
0.00110553332396714707 0.00000000099999999998 0.49578390495551549755 0.50311055972051721419 0.00000000099999999998 
0.00000015573235320833 0.00000000099999999999 0.62423756994003076759 0.37364006172046082543 0.00212221160715535912 
0.00145468142986193011 0.00000000099999999999 0.68714289321494215201 0.30013241306337379299 0.01127001129182215317 
0.01469237202462151878 0.00000000099999999999 0.55651610811696783365 0.42173064966518858387 0.00706086919322200090 
0.00000000099999999995 0.00000000099999999995 0.00000000099999999995 0.99999999599999989108 0.00000000099999999995 
0.97114749505277997432 0.00000000099999999997 0.00000000099999999997 0.02885250194722012440 0.00000000099999999997 
0.00000000099999999998 0.00000000099999999998 0.50241256489023133902 0.49758743210976846827 0.00000000099999999998 
0.00000000099999999977 0.99999999600000000211 0.00000000099999999977 0.00000000099999999977 0.00000000099999999977 
0.00000000100000000000 0.00000000100000000000 0.46776692902749378300 0.53223306797250624633 0.00000000100000000000 
0.00000000099999999992 0.99999999600000011313 0.00000000099999999992 0.00000000099999999992 0.00000000099999999992 
0.00000000099999999980 0.99999999600000000211 0.00000000099999999980 0.00000000099999999980 0.00000000099999999980 
0.02083106485743759645 0.00000000099999999999 0.53723064347379356764 0.44193828966876874675 0.00000000099999999999 
0.00000000099999999999 0.00000000099999999999 0.36414266662164285204 0.63041124188520569760 0.00544608949315152687 
0.00000001591247590025 0.00000000099999999997 0.99999998108752408132 0.00000000099999999997 0.00000000099999999997 
0.00000000099999999982 0.99999999600000000211 0.00000000099999999982 0.00000000099999999982 0.00000000099999999982 
0.99999999600000011313 0.00000000099999999995 0.00000000099999999995 0.00000000099999999995 0.00000000099999999995 
0.99999999600000011313 0.00000000099999999995 0.00000000099999999995 0.00000000099999999995 0.00000000099999999995 
0.00000000099999999979 0.99999999600000011313 0.00000000099999999979 0.00000000099999999979 0.00000000099999999979 
0.00227544372614010967 0.00000000099999999999 0.67626588516652741401 0.31696810781623463438 0.00449056229109792097 
0.03593411354931205781 0.00000000100000000000 0.80105786337783579931 0.15352043832333880924 0.00948758374951329427 
0.00000000099999999980 0.99999999600000000211 0.00000000099999999980 0.00000000099999999980 0.00000000099999999980 
0.00627957880225035823 0.00000000099999999999 0.63748643941713190042 0.35058587692517206857 0.00564810385544568718 
0.99999999600000011313 0.00000000099999999994 0.00000000099999999994 0.00000000099999999994 0.00000000099999999994 
0.23056145244878539780 0.10525648247672932112 0.00000000100000000000 0.56110331234363253206 0.10307875173085276344 
0.00000000099999999997 0.00000000099999999997 0.00000000099999999997 0.99999999599999989108 0.00000000099999999997 
0.02913515946975850715 0.00000000099999999999 0.39601334385958530948 0.56452339579739019282 0.01032809987326600669 
0.00000000099999999999 0.00000000099999999999 0.39896865046909529839 0.58858229962139907432 0.01244904790950565783 
0.00000000099999999999 0.00000000099999999999 0.65521397836137651449 0.33503528771259827312 0.00975073192602514752 
0.00000000099999999999 0.00000000099999999999 0.39773848700972713743 0.60133047762779456846 0.00093103336247837701 
0.00091817743802080165 0.00000000099999999999 0.41793061924009888841 0.58115120132188025082 0.00000000099999999999 
0.00275746618719335075 0.00000000099999999999 0.62422763883882936842 0.36102406334408709832 0.01199083062989012363 
0.02051325614485602009 0.00721022957567500015 0.63811743779077390037 0.32977891389507918429 0.00438016259361601306 
0.99999999600000000211 0.00000000099999999996 0.00000000099999999996 0.00000000099999999996 0.00000000099999999996 
0.00000000099999999996 0.00000000099999999996 0.00000000099999999996 0.99999999599999989108 0.00000000099999999996 
0.00000000099999999999 0.00000000099999999999 0.43173087498613449409 0.56464707592623764043 0.00362204708762790513 
0.03803465158677391683 0.00000000099999999999 0.36821333624668206586 0.59375201016654388653 0.00000000099999999999 
0.01150031686217224333 0.00000000099999999998 0.46895660679300599227 0.51954307434482172035 0.00000000099999999998 
0.00000000099999999997 0.00000000099999999997 0.00000000099999999997 0.99999999599999989108 0.00000000099999999997 
0.00000000099999999999 0.00000000099999999999 0.49415809202713434356 0.50584190497286574129 0.00000000099999999999 
0.01015070618783567823 0.00000000100000000000 0.63395798234586597797 0.35588951645002936397 0.00000179401626892623 
0.97391665552532136196 0.00000000099999999997 0.00000000099999999997 0.02608334147467871247 0.00000000099999999997 
0.01851223565107711772 0.00000000099999999999 0.47772807833443176051 0.48752128281197837367 0.01623840220251275210 
0.00239813779678037719 0.00000000099999999999 0.53096953079394226815 0.45638884684178349094 0.01024348356749378228 
0.00543108391683945393 0.01022242590523674173 0.66085628232452742203 0.32349020685339630043 0.00000000100000000000 
0.99999999600000000211 0.00000000099999999997 0.00000000099999999997 0.00000000099999999997 0.00000000099999999997 
0.02332597869387974254 0.01850075082840667642 0.57643659755445297854 0.38173667192326043995 0.00000000100000000000 
0.00000000099999999999 0.00000000099999999999 0.99999988707727660575 0.00000000099999999999 0.00000010992272340239 
0.47768176163061931705 0.00000000099999999999 0.31597967017824046820 0.19666101421667483984 0.00967755297446531125 
0.01981969531772241958 0.00000000099999999998 0.47432388583593010356 0.50585641684634730098 0.00000000099999999998 
0.00000000099999999981 0.99999999600000011313 0.00000000099999999981 0.00000000099999999981 0.00000000099999999981 
0.01388794389559153825 0.00000000099999999999 0.76893191918352210568 0.20073728808102503374 0.01644284783986138879 
0.02298381773674184128 0.00000000099999999999 0.63165941094164823610 0.34393048059756992085 0.00142628972404014150 
