0.00006590833554744979 0.00000000099999999998 0.43368118940993649613 0.00000000099999999998 0.50517177389206857629 0.00000000099999999998 0.00000000099999999998 0.06108112236244759435 0.00000000099999999998 0.00000000099999999998 
0.00000000099999999993 0.00000000099999999993 0.00000000099999999993 0.00000000099999999993 0.00000000099999999993 0.00000000099999999993 0.00000000099999999993 0.00000000099999999993 0.99999999100000003249 0.00000000099999999993 
0.00000000099999999993 0.00000000099999999993 0.00000000099999999993 0.00000000099999999993 0.00000000099999999993 0.00000000099999999993 0.00000000099999999993 0.03463795977222942218 0.96536203222777050570 0.00000000099999999993 
0.00000000099999999999 0.18198577703816218309 0.14550830490625987768 0.30020955454098879889 0.06644149956366014742 0.00000000099999999999 0.26296514859960240518 0.01718228745122461765 0.02570742490010200637 0.00000000099999999999 
0.00000000099999999999 0.14628341390926438703 0.26069918454234947136 0.10674081429820087008 0.23549279516019372416 0.00000000099999999999 0.16407796245220229725 0.01510468329900438618 0.00000000099999999999 0.07160114333878486725 
0.00000000099999999999 0.18618670786354882263 0.28207544564710990143 0.16662832135571564729 0.04823229134656718126 0.00000000099999999999 0.28698924732249253555 0.00919668645666212210 0.02069129700790372714 0.00000000099999999999 
0.00000000099999999989 0.00000000099999999989 0.00000000099999999989 0.00000000099999999989 0.00000000099999999989 0.00000000099999999989 0.00000000099999999989 0.10824622261955267610 0.89175376938044736974 0.00000000099999999989 
0.00000000099999999991 0.00000000099999999991 0.00000000099999999991 0.00000000099999999991 0.00000000099999999991 0.00000000099999999991 0.00000000099999999991 0.00000000099999999991 0.99999999100000003249 0.00000000099999999991 
0.00000000099999999990 0.99999999100000025454 0.00000000099999999990 0.00000000099999999990 0.00000000099999999990 0.00000000099999999990 0.00000000099999999990 0.00000000099999999990 0.00000000099999999990 0.00000000099999999990 
0.00000000099999999994 0.00000000099999999994 0.00000000099999999994 0.00000000099999999994 0.00000000099999999994 0.00000000099999999994 0.00000000099999999994 0.00000000099999999994 0.99999999099999992147 0.00000000099999999994 
0.00000000099999999996 0.60926135888087340486 0.00000000099999999996 0.00000000099999999996 0.39073863311912676588 0.00000000099999999996 0.00000000099999999996 0.00000000099999999996 0.00000000099999999996 0.00000000099999999996 
0.00216984915498315842 0.16524519106243826250 0.18249415675724869890 0.13250301384933402260 0.29835270436345434630 0.00000000099999999998 0.16704654100790214399 0.00000000099999999998 0.00980837816410945820 0.04238016364053004414 
0.00000000099999999998 0.00000000853889284949 0.36688585841656090603 0.26870067548947496050 0.00000000099999999998 0.00000000099999999998 0.31417331737100184785 0.05024013518406949402 0.00000000099999999998 0.00000000099999999998 
0.00351503999159737558 0.08504798749365947985 0.00057541392736483812 0.23456742596750312924 0.38287899960614157902 0.00000000099999999999 0.24803025629899391746 0.03742099384497558218 0.00000000099999999999 0.00796388086976427406 
0.00000000099999999996 0.40008933894117298946 0.00000000099999999996 0.00000000099999999996 0.59991065305882695924 0.00000000099999999996 0.00000000099999999996 0.00000000099999999996 0.00000000099999999996 0.00000000099999999996 
0.02353229776562722544 0.20334022720612410229 0.16266441831631706094 0.04337540110717422875 0.29026431477651931656 0.00000000099999999999 0.16788293632051762283 0.01598775377279968574 0.04522643204392416683 0.04772621769099656686 
0.00000000099999999987 0.00000000099999999987 0.00000000099999999987 0.00000000099999999987 0.99999999100000014352 0.00000000099999999987 0.00000000099999999987 0.00000000099999999987 0.00000000099999999987 0.00000000099999999987 
0.00000000099999999989 0.99999999100000014352 0.00000000099999999989 0.00000000099999999989 0.00000000099999999989 0.00000000099999999989 0.00000000099999999989 0.00000000099999999989 0.00000000099999999989 0.00000000099999999989 
0.00539562256733900486 0.16172059351204495781 0.19398441218852929824 0.29929331809189158031 0.08000250000392634953 0.00012007364172924010 0.24141685641407953367 0.01800050644832904695 0.00000000100000000000 0.00006611613213089199 
0.00000000099999999997 0.29297197934367191774 0.30634109279553706218 0.00000000099999999997 0.30879163657443553515 0.00000000099999999997 0.06500086931612390762 0.02689441697023178465 0.00000000099999999997 0.00000000099999999997 
0.00000000099999999998 0.21214859964349394583 0.38568512485244804688 0.19634310788583231311 0.02719181088079277234 0.00000000099999999998 0.17863135173743308060 0.00000000099999999998 0.00000000099999999998 0.00000000099999999998 
0.00000000099999999996 0.01831595502830378128 0.00000000099999999996 0.00000000099999999996 0.00000000099999999996 0.00000000099999999996 0.00000000099999999996 0.00000000099999999996 0.98168403697169615008 0.00000000099999999996 
0.00000000099999999989 0.00000000099999999989 0.00000000099999999989 0.00000000099999999989 0.00000000099999999989 0.00000000099999999989 0.99999999100000003249 0.00000000099999999989 0.00000000099999999989 0.00000000099999999989 
0.00000000099999999942 0.00000000099999999942 0.00000000099999999942 0.00000000099999999942 0.00000000099999999942 0.00000000099999999942 0.00000000099999999942 0.00000000099999999942 0.00000000099999999942 0.99999999100000003249 
0.00000000099999999997 0.10471604714237961464 0.29031406527052416866 0.10168094165998720069 0.20877370704409309310 0.00000000099999999997 0.22788675770552282995 0.06530168553640734730 0.00132679264108582899 0.00000000099999999997 
0.00000000099999999998 0.00000471624051307997 0.27363384396930240383 0.34920244464053462607 0.13566456934495585429 0.00000000099999999998 0.23558838767135811820 0.00590603413333603763 0.00000000099999999998 0.00000000099999999998 
0.99999999100000025454 0.00000000099999999960 0.00000000099999999960 0.00000000099999999960 0.00000000099999999960 0.00000000099999999960 0.00000000099999999960 0.00000000099999999960 0.00000000099999999960 0.00000000099999999960 
0.99999999100000014352 0.00000000099999999956 0.00000000099999999956 0.00000000099999999956 0.00000000099999999956 0.00000000099999999956 0.00000000099999999956 0.00000000099999999956 0.00000000099999999956 0.00000000099999999956 
0.00000000099999999991 0.00000000099999999991 0.00000000099999999991 0.99999999100000014352 0.00000000099999999991 0.00000000099999999991 0.00000000099999999991 0.00000000099999999991 0.00000000099999999991 0.00000000099999999991 
0.00000000099999999986 0.00000000099999999986 0.00000000099999999986 0.99999999100000014352 0.00000000099999999986 0.00000000099999999986 0.00000000099999999986 0.00000000099999999986 0.00000000099999999986 0.00000000099999999986 
0.00000000099999999997 0.27837833792766830676 0.22535736641151637993 0.25979126406316360720 0.00000000099999999997 0.00000000099999999997 0.10235390667801209930 0.07203206569049432073 0.00000000099999999997 0.06208705522914534369 
0.00000000099999999982 0.00000000099999999982 0.00000000099999999982 0.00000000099999999982 0.00000000099999999982 0.00000000099999999982 0.00000000099999999982 0.00000000099999999982 0.77257281649994025141 0.22742717550005983607 
0.36426638244545733736 0.00000000099999999963 0.00000000099999999963 0.00000000099999999963 0.00000000099999999963 0.00000000099999999963 0.00000000099999999963 0.00000000099999999963 0.00000000099999999963 0.63573360955454238930 
0.00000000099999999994 0.42257861228273657650 0.00000000099999999994 0.57742137971726359424 0.00000000099999999994 0.00000000099999999994 0.00000000099999999994 0.00000000099999999994 0.00000000099999999994 0.00000000099999999994 
0.00000000099999999952 0.00000000099999999952 0.00000000099999999952 0.00000000099999999952 0.00000000099999999952 0.99999999100000014352 0.00000000099999999952 0.00000000099999999952 0.00000000099999999952 0.00000000099999999952 
0.00000000099999999941 0.00000000099999999941 0.00000000099999999941 0.00000000099999999941 0.00000000099999999941 0.99999999100000003249 0.00000000099999999941 0.00000000099999999941 0.00000000099999999941 0.00000000099999999941 
0.00000000099999999941 0.00000000099999999941 0.00000000099999999941 0.00000000099999999941 0.00000000099999999941 0.99999999100000003249 0.00000000099999999941 0.00000000099999999941 0.00000000099999999941 0.00000000099999999941 
0.99999999100000014352 0.00000000099999999961 0.00000000099999999961 0.00000000099999999961 0.00000000099999999961 0.00000000099999999961 0.00000000099999999961 0.00000000099999999961 0.00000000099999999961 0.00000000099999999961 
0.99999999100000014352 0.00000000099999999955 0.00000000099999999955 0.00000000099999999955 0.00000000099999999955 0.00000000099999999955 0.00000000099999999955 0.00000000099999999955 0.00000000099999999955 0.00000000099999999955 
0.00000000099999999996 0.00000000099999999996 0.54055158732210417671 0.00000000099999999996 0.00000000099999999996 0.00000000099999999996 0.40530611049448961314 0.05414229518340624853 0.00000000099999999996 0.00000000099999999996 
0.00000000099999999996 0.00000000099999999996 0.00000000099999999996 0.00000000099999999996 0.00000000099999999996 0.00000000099999999996 0.00000000099999999996 0.00000000099999999996 0.99999999100000003249 0.00000000099999999996 
0.99999999100000014352 0.00000000099999999958 0.00000000099999999958 0.00000000099999999958 0.00000000099999999958 0.00000000099999999958 0.00000000099999999958 0.00000000099999999958 0.00000000099999999958 0.00000000099999999958 
0.00000000099999999997 0.00000000099999999997 0.00000000099999999997 0.52419690094350213094 0.39126793648814572890 0.00000000099999999997 0.00000000099999999997 0.00000000099999999997 0.00000000099999999997 0.08453515556835228262 
0.00000000099999999993 0.00000000099999999993 0.00000000099999999993 0.00000000099999999993 0.00000000099999999993 0.00000000099999999993 0.00000000099999999993 0.00000000099999999993 0.99999999100000003249 0.00000000099999999993 
0.99999999100000014352 0.00000000099999999962 0.00000000099999999962 0.00000000099999999962 0.00000000099999999962 0.00000000099999999962 0.00000000099999999962 0.00000000099999999962 0.00000000099999999962 0.00000000099999999962 
0.00000000099999999996 0.00000000099999999996 0.00000000099999999996 0.63419836611172730745 0.36580162588827269676 0.00000000099999999996 0.00000000099999999996 0.00000000099999999996 0.00000000099999999996 0.00000000099999999996 
0.99999999100000014352 0.00000000099999999958 0.00000000099999999958 0.00000000099999999958 0.00000000099999999958 0.00000000099999999958 0.00000000099999999958 0.00000000099999999958 0.00000000099999999958 0.00000000099999999958 
0.00000000099999999993 0.00000000099999999993 0.00000000099999999993 0.00000000099999999993 0.00000000099999999993 0.00000000099999999993 0.00000000099999999993 0.03875665619264099387 0.96124333580735887850 0.00000000099999999993 
0.00000000099999999991 0.00000000099999999991 0.00000000099999999991 0.00000000099999999991 0.00000000099999999991 0.00000000099999999991 0.00000000099999999991 0.00000000099999999991 0.99999999099999992147 0.00000000099999999991 
0.99999999100000025454 0.00000000099999999952 0.00000000099999999952 0.00000000099999999952 0.00000000099999999952 0.00000000099999999952 0.00000000099999999952 0.00000000099999999952 0.00000000099999999952 0.00000000099999999952 
0.99999999100000014352 0.00000000099999999956 0.00000000099999999956 0.00000000099999999956 0.00000000099999999956 0.00000000099999999956 0.00000000099999999956 0.00000000099999999956 0.00000000099999999956 0.00000000099999999956 
0.00000000099999999991 0.00000000099999999991 0.00000000099999999991 0.00000000099999999991 0.00000000099999999991 0.00000000099999999991 0.00000000099999999991 0.08915306263179705037 0.91084692936820299547 0.00000000099999999991 
0.00000000099999999996 0.00000000099999999996 0.00000000099999999996 0.00274539012752226782 0.00000000099999999996 0.00000000099999999996 0.00000000099999999996 0.00000000099999999996 0.99725460187247771948 0.00000000099999999996 
0.00000000099999999996 0.00297795611829728074 0.00000000099999999996 0.00000000099999999996 0.00000000099999999996 0.00000000099999999996 0.00000000099999999996 0.00000000099999999996 0.99702203588170268400 0.00000000099999999996 
0.99999999100000025454 0.00000000099999999964 0.00000000099999999964 0.00000000099999999964 0.00000000099999999964 0.00000000099999999964 0.00000000099999999964 0.00000000099999999964 0.00000000099999999964 0.00000000099999999964 
0.00000000099999999990 0.00000000099999999990 0.00000000099999999990 0.00000000099999999990 0.00000000099999999990 0.00000000099999999990 0.99999999099999992147 0.00000000099999999990 0.00000000099999999990 0.00000000099999999990 
0.01437162385109553957 0.30285896496194536498 0.00000000099999999998 0.00000000099999999998 0.27104467611901483792 0.00000000099999999998 0.41172472906794427283 0.00000000099999999998 0.00000000099999999998 0.00000000099999999998 
0.00000000099999999997 0.00000000099999999997 0.39557900334538398379 0.00000000099999999997 0.21481466590340092537 0.00000000099999999997 0.38072001169560643064 0.00000000099999999997 0.00888631305560855581 0.00000000099999999997 
0.00000000099999999995 0.00000000099999999995 0.00000000099999999995 0.32503531501658861069 0.00000000099999999995 0.00000000099999999995 0.60357648985025680322 0.07138818813315470080 0.00000000099999999995 0.00000000099999999995 
0.00000000099999999993 0.00000000099999999993 0.00000000099999999993 0.00000000099999999993 0.00000000099999999993 0.00000000099999999993 0.00000000099999999993 0.00000000099999999993 0.99999999099999992147 0.00000000099999999993 
0.00000000099999999997 0.52488379271920948543 0.00000000099999999997 0.47511619928079074082 0.00000000099999999997 0.00000000099999999997 0.00000000099999999997 0.00000000099999999997 0.00000000099999999997 0.00000000099999999997 
0.00000000099999999949 0.00000000099999999949 0.00000000099999999949 0.00000000099999999949 0.00000000099999999949 0.99999999100000003249 0.00000000099999999949 0.00000000099999999949 0.00000000099999999949 0.00000000099999999949 
0.00016592245667668482 0.23220483354790363850 0.46831991450622567630 0.00000000099999999997 0.00000000099999999997 0.00000000099999999997 0.29930932348919414565 0.00000000099999999997 0.00000000099999999997 0.00000000099999999997 
0.00000000099999999950 0.00000000099999999950 0.00000000099999999950 0.00000000099999999950 0.00000000099999999950 0.99999999100000003249 0.00000000099999999950 0.00000000099999999950 0.00000000099999999950 0.00000000099999999950 
0.00000000099999999995 0.00000000099999999995 0.00000000099999999995 0.86038770549042375979 0.00000000099999999995 0.00000000099999999995 0.00000000099999999995 0.00000000099999999995 0.00000000099999999995 0.13961228650957629993 
0.00000000099999999951 0.00000000099999999951 0.00000000099999999951 0.00000000099999999951 0.00000000099999999951 0.99999999100000014352 0.00000000099999999951 0.00000000099999999951 0.00000000099999999951 0.00000000099999999951 
0.00000000099999999997 0.12028723705592428428 0.21999159650877220251 0.32898979339324541105 0.25816893853667510772 0.00000000099999999997 0.00000000099999999997 0.07256242950538299707 0.00000000099999999997 0.00000000099999999997 
0.00000000099999999990 0.00000000099999999990 0.99999999100000003249 0.00000000099999999990 0.00000000099999999990 0.00000000099999999990 0.00000000099999999990 0.00000000099999999990 0.00000000099999999990 0.00000000099999999990 
0.00000000099999999991 0.00000000099999999991 0.00000000099999999991 0.00000000099999999991 0.00000000099999999991 0.00000000099999999991 0.00000000099999999991 0.00000000099999999991 0.99999999099999992147 0.00000000099999999991 
0.00000000099999999986 0.00000000099999999986 0.00000000099999999986 0.99999999100000014352 0.00000000099999999986 0.00000000099999999986 0.00000000099999999986 0.00000000099999999986 0.00000000099999999986 0.00000000099999999986 
0.00000000099999999952 0.00000000099999999952 0.00000000099999999952 0.00000000099999999952 0.00000000099999999952 0.99999999100000014352 0.00000000099999999952 0.00000000099999999952 0.00000000099999999952 0.00000000099999999952 
0.00000000099999999956 0.00000000099999999956 0.00000000099999999956 0.00000000099999999956 0.00000000099999999956 0.99999999100000014352 0.00000000099999999956 0.00000000099999999956 0.00000000099999999956 0.00000000099999999956 
0.00227200497145528188 0.20090094497674670926 0.25457095163608167709 0.00006685986609607926 0.31511567858008004972 0.00000000099999999999 0.14440061809799339954 0.00000000099999999999 0.08267293887154693321 0.00000000099999999999 
0.00000000099999999992 0.00000000099999999992 0.00000000099999999992 0.00000000099999999992 0.00000000099999999992 0.00000000099999999992 0.00000000099999999992 0.00000000099999999992 0.99999999100000003249 0.00000000099999999992 
0.99999999100000014352 0.00000000099999999966 0.00000000099999999966 0.00000000099999999966 0.00000000099999999966 0.00000000099999999966 0.00000000099999999966 0.00000000099999999966 0.00000000099999999966 0.00000000099999999966 
0.00000000099999999993 0.00000000099999999993 0.00000000099999999993 0.00000000099999999993 0.00000000099999999993 0.00000000099999999993 0.00000000099999999993 0.00000000099999999993 0.99999999100000003249 0.00000000099999999993 
0.00000000099999999999 0.21169421161635468276 0.21525208679565099867 0.24441082209211040244 0.00000000099999999999 0.00000000099999999999 0.24322728736948787120 0.05661354678039853122 0.01174447660560627195 0.01705756574039129017 
0.00000000099999999946 0.00000000099999999946 0.00000000099999999946 0.00000000099999999946 0.00000000099999999946 0.99999999100000003249 0.00000000099999999946 0.00000000099999999946 0.00000000099999999946 0.00000000099999999946 
0.99999999100000025454 0.00000000099999999949 0.00000000099999999949 0.00000000099999999949 0.00000000099999999949 0.00000000099999999949 0.00000000099999999949 0.00000000099999999949 0.00000000099999999949 0.00000000099999999949 
0.00000000099999999957 0.00000000099999999957 0.00000000099999999957 0.00000000099999999957 0.00000000099999999957 0.99999999100000014352 0.00000000099999999957 0.00000000099999999957 0.00000000099999999957 0.00000000099999999957 
0.00255553282033297484 0.00000000099999999997 0.51680737801942222553 0.00000000099999999997 0.48063708216024481068 0.00000000099999999997 0.00000000099999999997 0.00000000099999999997 0.00000000099999999997 0.00000000099999999997 
0.00000000099999999989 0.00000000099999999989 0.00000000099999999989 0.00000000099999999989 0.00000000099999999989 0.00000000099999999989 0.00000000099999999989 0.00000000099999999989 0.99999999099999992147 0.00000000099999999989 
0.00000000099999999993 0.00000000099999999993 0.00000000099999999993 0.00000000099999999993 0.00000000099999999993 0.00000000099999999993 0.00000000099999999993 0.00000000099999999993 0.99999999100000003249 0.00000000099999999993 
0.00000000099999999998 0.00000000099999999998 0.46681506760615304463 0.23154187677953752544 0.00000000099999999998 0.00000000099999999998 0.00000000099999999998 0.00000000099999999998 0.21377218374410686397 0.08787086587020279116 
0.01579288420300704876 0.50491230692038713279 0.24476140438111598785 0.20737720866736986114 0.02715601441849547007 0.00000000099999999999 0.00000017740962466917 0.00000000099999999999 0.00000000099999999999 0.00000000099999999999 
0.00000000099999999997 0.43178551059388603495 0.00000000099999999997 0.14113720137960278356 0.36658110558337908547 0.00000000099999999997 0.00000000099999999997 0.06049617644313209919 0.00000000099999999997 0.00000000099999999997 
0.00000000099999999998 0.10811182857801318602 0.38217987533964925539 0.27460116241334348031 0.05596124349245612528 0.00000000099999999998 0.08820475551653071677 0.03684116322282068173 0.00000000099999999998 0.05409996843718647974 
0.00000000099999999992 0.00000000099999999992 0.00000000099999999992 0.00000000099999999992 0.00000000099999999992 0.00000000099999999992 0.99999999100000003249 0.00000000099999999992 0.00000000099999999992 0.00000000099999999992 
0.00000000099999999997 0.24479431745100443951 0.00000000770173602259 0.35207282547489021640 0.22888093215909044442 0.00000000099999999997 0.17425191221327893110 0.00000000099999999997 0.00000000099999999997 0.00000000099999999997 
0.00000000099999999997 0.37784017831715405178 0.37895928016823360318 0.00000000099999999997 0.24288703727763014117 0.00000000099999999997 0.00000000099999999997 0.00000000099999999997 0.00000000099999999997 0.00031349823698232038 
0.00000000099999999998 0.27695290193652999378 0.25468629509887591444 0.00000000099999999998 0.00000000099999999998 0.00000000099999999998 0.43067730417765259787 0.03768349278694169135 0.00000000099999999998 0.00000000099999999998 
0.00000000099999999992 0.00000000099999999992 0.00000000099999999992 0.99999999100000003249 0.00000000099999999992 0.00000000099999999992 0.00000000099999999992 0.00000000099999999992 0.00000000099999999992 0.00000000099999999992 
0.00000000099999999995 0.00000000099999999995 0.00000000099999999995 0.00000000099999999995 0.00000000099999999995 0.00000000099999999995 0.00000000099999999995 0.00000000099999999995 0.99999999100000003249 0.00000000099999999995 
0.00000000099999999996 0.00000000099999999996 0.04174639225611825877 0.00000000099999999996 0.00000000099999999996 0.00000000099999999996 0.00000000099999999996 0.00000000099999999996 0.95825359974388168993 0.00000000099999999996 
0.00000000099999999970 0.00000000099999999970 0.00000000099999999970 0.00000000099999999970 0.00000000099999999970 0.99999999100000003249 0.00000000099999999970 0.00000000099999999970 0.00000000099999999970 0.00000000099999999970 
0.00000000099999999996 0.00000000099999999996 0.00000000099999999996 0.00000000099999999996 0.00000000099999999996 0.00000000099999999996 0.00000000099999999996 0.00000000099999999996 0.99999999100000003249 0.00000000099999999996 
0.00000000099999999996 0.00000000099999999996 0.02578550739227623151 0.00000000099999999996 0.00000000099999999996 0.00000000099999999996 0.00000000099999999996 0.00000000099999999996 0.97421448460772386291 0.00000000099999999996 
0.00000000099999999998 0.32238547727080740790 0.23717500211379274888 0.17610291841855776895 0.00000000099999999998 0.00000000099999999998 0.24538331091205109469 0.00000000099999999998 0.01895122708742164042 0.00000206019736952764 
0.00000000099999999940 0.00000000099999999940 0.00000000099999999940 0.00000000099999999940 0.00000000099999999940 0.99999999100000003249 0.00000000099999999940 0.00000000099999999940 0.00000000099999999940 0.00000000099999999940 
0.00000000099999999990 0.99999999100000014352 0.00000000099999999990 0.00000000099999999990 0.00000000099999999990 0.00000000099999999990 0.00000000099999999990 0.00000000099999999990 0.00000000099999999990 0.00000000099999999990 
0.00000000099999999997 0.46315601794173105743 0.53684390813033977530 0.00000000099999999997 0.00000000099999999997 0.00000000099999999997 0.00000006692792944164 0.00000000099999999997 0.00000000099999999997 0.00000000099999999997 
0.00000000099999999998 0.27512605809666945689 0.72487393390333054732 0.00000000099999999998 0.00000000099999999998 0.00000000099999999998 0.00000000099999999998 0.00000000099999999998 0.00000000099999999998 0.00000000099999999998 
0.00000000099999999999 0.23349679440455364809 0.26234061272921055386 0.10969934741229256381 0.10230493544565781583 0.00000000099999999999 0.26910234403045824036 0.00000000099999999999 0.02305596197782705178 0.00000000099999999999 
0.00000000099999999990 0.00000000099999999990 0.99999999100000003249 0.00000000099999999990 0.00000000099999999990 0.00000000099999999990 0.00000000099999999990 0.00000000099999999990 0.00000000099999999990 0.00000000099999999990 
0.00000000099999999988 0.00000000099999999988 0.00000000099999999988 0.99999999100000014352 0.00000000099999999988 0.00000000099999999988 0.00000000099999999988 0.00000000099999999988 0.00000000099999999988 0.00000000099999999988 
0.00000000099999999998 0.09182736021455051301 0.23048084276219091282 0.13414977616566833851 0.35535208512949933990 0.00000000099999999998 0.16865449531080062284 0.00000000099999999998 0.00000000099999999998 0.01953543641729037217 
0.00000487624546955027 0.14080958776591681603 0.00000000099999999999 0.34838008506502998740 0.20751848745229972693 0.00000000099999999999 0.25480210388565927015 0.03742293831261091219 0.00000000099999999999 0.01106191827301395564 
0.02249073258975965023 0.00000000099999999999 0.46632375305091561257 0.26038187078447649903 0.25080363757484835929 0.00000000099999999999 0.00000000099999999999 0.00000000099999999999 0.00000000099999999999 0.00000000099999999999 
0.00000000099999999990 0.95825076907414297178 0.00000000099999999990 0.04174922292585715039 0.00000000099999999990 0.00000000099999999990 0.00000000099999999990 0.00000000099999999990 0.00000000099999999990 0.00000000099999999990 
0.00000000099999999995 0.00000000099999999995 0.00000059623344598634 0.45306867280198909187 0.31591938533853058946 0.00000000099999999995 0.23101133962603453975 0.00000000099999999995 0.00000000099999999995 0.00000000099999999995 
0.00000000099999999992 0.00000000099999999992 0.00000000099999999992 0.00000000099999999992 0.99999999100000014352 0.00000000099999999992 0.00000000099999999992 0.00000000099999999992 0.00000000099999999992 0.00000000099999999992 
0.00000000099999999988 0.00000000099999999988 0.00000000099999999988 0.00000000099999999988 0.00000000099999999988 0.00000000099999999988 0.99999999100000003249 0.00000000099999999988 0.00000000099999999988 0.00000000099999999988 
0.00000000099999999991 0.00000000099999999991 0.99999999100000014352 0.00000000099999999991 0.00000000099999999991 0.00000000099999999991 0.00000000099999999991 0.00000000099999999991 0.00000000099999999991 0.00000000099999999991 
0.00000000099999999998 0.00048479106022598001 0.50105216030319754683 0.33589949688980846876 0.00000041394961838914 0.00000000099999999998 0.16244734969108662326 0.00011578410606305751 0.00000000099999999998 0.00000000099999999998 
0.00000000099999999997 0.30662061314075517160 0.27237578404495321749 0.00000000099999999997 0.39253482167341791076 0.00000000099999999997 0.00000000099999999997 0.01298581505206084646 0.01123740445560676184 0.00424555763320621886 
0.00000000099999999999 0.18361340973057863057 0.20650152209522956714 0.21362981088194665791 0.15710179086598477505 0.00000000099999999999 0.23192223525536748152 0.00000000099999999999 0.00723122717089283787 0.00000000099999999999 
0.00000000099999999998 0.14521360738141445013 0.00000000099999999998 0.10436707551073060030 0.28536118481033617700 0.00000000099999999998 0.41932599996258157482 0.00000000099999999998 0.02789595634419056447 0.01783617199074664927 
0.00000000099999999998 0.00000000099999999998 0.40815059118017177342 0.30694513881202190042 0.14447769948892941194 0.00000000099999999998 0.14042656451887713942 0.00000000099999999998 0.00000000099999999998 0.00000000099999999998 
0.00000000099999999989 0.00000000099999999989 0.00000000099999999989 0.99999999100000003249 0.00000000099999999989 0.00000000099999999989 0.00000000099999999989 0.00000000099999999989 0.00000000099999999989 0.00000000099999999989 
0.00000000099999999999 0.00000000099999999999 0.16452618484099562624 0.00000000099999999999 0.41519705995569577972 0.06832401579088673294 0.24887311382510862723 0.00000000099999999999 0.00000000099999999999 0.10307962058731333366 
0.00000000099999999997 0.00000000099999999997 0.33971305747114810547 0.21748028229234347974 0.27442550773820056920 0.00000000099999999997 0.13476002547928433994 0.01964825621085201576 0.00000000099999999997 0.01397286680817158046 
0.00000000099999999972 0.00000000099999999972 0.00000000099999999972 0.00000000099999999972 0.00000000099999999972 0.00000000099999999972 0.00000000099999999972 0.00000000099999999972 0.00000000099999999972 0.99999999100000003249 
0.00000000099999999997 0.19276187210120715454 0.11919241474290563632 0.15286594943245410128 0.29381821849668798841 0.00000000099999999997 0.12477024942223753634 0.05032354165794918760 0.00000000099999999997 0.06626775114655841792 
0.00000000099999999988 0.00000000099999999988 0.00000000099999999988 0.00000000099999999988 0.99999999100000014352 0.00000000099999999988 0.00000000099999999988 0.00000000099999999988 0.00000000099999999988 0.00000000099999999988 
0.00000000099999999998 0.10809146669782467021 0.20525097408673076416 0.33198994498025446998 0.00000000099999999998 0.00000000099999999998 0.31549065516390750741 0.00000000099999999998 0.00000000099999999998 0.03917695407128277824 
0.00000000099999999998 0.00000000099999999998 0.00000000099999999998 0.38350521559574113351 0.00247131992212857535 0.00000000099999999998 0.47219354288800552411 0.03884379919350984534 0.00000000099999999998 0.10298611740061495989 
0.00333759167977817905 0.26023415621224449401 0.22364560053908147386 0.26805754489773614413 0.00003839053179298114 0.00000000099999999999 0.19429565811223148408 0.00000000099999999999 0.00607728366062342418 0.04431377236651187074 
0.00000000099999999995 0.00000000099999999995 0.50823828135686388574 0.00000000099999999995 0.49176171064313611847 0.00000000099999999995 0.00000000099999999995 0.00000000099999999995 0.00000000099999999995 0.00000000099999999995 
0.00000000099999999988 0.99999999100000014352 0.00000000099999999988 0.00000000099999999988 0.00000000099999999988 0.00000000099999999988 0.00000000099999999988 0.00000000099999999988 0.00000000099999999988 0.00000000099999999988 
0.00000000099999999993 0.00000000099999999993 0.00000000099999999993 0.00000000099999999993 0.00000000099999999993 0.00000000099999999993 0.00000000099999999993 0.00000000099999999993 0.99999999100000003249 0.00000000099999999993 
0.00000000099999999996 0.00000000099999999996 0.00000000099999999996 0.00000000099999999996 0.03210040056825086419 0.00000000099999999996 0.00000000099999999996 0.00000000099999999996 0.96789959143174897349 0.00000000099999999996 
0.00000000099999999960 0.00000000099999999960 0.00000000099999999960 0.00000000099999999960 0.00000000099999999960 0.99999999100000003249 0.00000000099999999960 0.00000000099999999960 0.00000000099999999960 0.00000000099999999960 
0.99999999100000025454 0.00000000099999999951 0.00000000099999999951 0.00000000099999999951 0.00000000099999999951 0.00000000099999999951 0.00000000099999999951 0.00000000099999999951 0.00000000099999999951 0.00000000099999999951 
0.03634677267271799878 0.00000000099999999999 0.00000000099999999999 0.00000000099999999999 0.00000000099999999999 0.00000000099999999999 0.00000000099999999999 0.00000109570299867309 0.88274919301939247518 0.08090293260489095362 
0.00000000099999999989 0.00000000099999999989 0.99999999100000003249 0.00000000099999999989 0.00000000099999999989 0.00000000099999999989 0.00000000099999999989 0.00000000099999999989 0.00000000099999999989 0.00000000099999999989 
0.00000000099999999997 0.00000000099999999997 0.58192043504145329891 0.41807955695854664979 0.00000000099999999997 0.00000000099999999997 0.00000000099999999997 0.00000000099999999997 0.00000000099999999997 0.00000000099999999997 
0.00000000099999999993 0.00000000099999999993 0.00000000099999999993 0.00000000099999999993 0.00000000099999999993 0.00000000099999999993 0.00000000099999999993 0.09896560269620505168 0.90103438930379498029 0.00000000099999999993 
0.00000000099999999991 0.00000000099999999991 0.00000000099999999991 0.00000000099999999991 0.00000000099999999991 0.00000000099999999991 0.99999999099999992147 0.00000000099999999991 0.00000000099999999991 0.00000000099999999991 
0.00726906622130440386 0.11046222148503043181 0.27821073351614233893 0.23941424391547194706 0.08640529740476675380 0.00000000099999999998 0.27820706286222623982 0.00000000099999999998 0.00000000099999999998 0.00003137159505812132 
0.00000000099999999995 0.00000000099999999995 0.00000000099999999995 0.55763237113644570364 0.44236762086355424506 0.00000000099999999995 0.00000000099999999995 0.00000000099999999995 0.00000000099999999995 0.00000000099999999995 
0.00000000099999999947 0.00000000099999999947 0.00000000099999999947 0.00000000099999999947 0.00000000099999999947 0.99999999100000014352 0.00000000099999999947 0.00000000099999999947 0.00000000099999999947 0.00000000099999999947 
0.00000000099999999950 0.00000000099999999950 0.00000000099999999950 0.00000000099999999950 0.00000000099999999950 0.99999999100000003249 0.00000000099999999950 0.00000000099999999950 0.00000000099999999950 0.00000000099999999950 
0.00000000099999999941 0.00000000099999999941 0.00000000099999999941 0.00000000099999999941 0.00000000099999999941 0.99999999100000003249 0.00000000099999999941 0.00000000099999999941 0.00000000099999999941 0.00000000099999999941 
0.00000000099999999942 0.00000000099999999942 0.00000000099999999942 0.00000000099999999942 0.00000000099999999942 0.99999999100000003249 0.00000000099999999942 0.00000000099999999942 0.00000000099999999942 0.00000000099999999942 
0.00000000099999999944 0.00000000099999999944 0.00000000099999999944 0.00000000099999999944 0.00000000099999999944 0.99999999100000014352 0.00000000099999999944 0.00000000099999999944 0.00000000099999999944 0.00000000099999999944 
0.00000000099999999992 0.00000000099999999992 0.00000000099999999992 0.00000000099999999992 0.00000000099999999992 0.00000000099999999992 0.00000000099999999992 0.10583019142852480299 0.89416980057147521510 0.00000000099999999992 
0.00043641110703511172 0.09442566862718358711 0.34670484939869350427 0.08030184386263944374 0.15154089523813343843 0.00000000099999999999 0.24289996356062093508 0.04657296347864092051 0.00000000099999999999 0.03711740272705316146 
0.00000000099999999943 0.00000000099999999943 0.00000000099999999943 0.00000000099999999943 0.00000000099999999943 0.99999999100000003249 0.00000000099999999943 0.00000000099999999943 0.00000000099999999943 0.00000000099999999943 
0.00000000099999999952 0.00000000099999999952 0.00000000099999999952 0.00000000099999999952 0.00000000099999999952 0.99999999100000003249 0.00000000099999999952 0.00000000099999999952 0.00000000099999999952 0.00000000099999999952 
0.99999999100000025454 0.00000000099999999948 0.00000000099999999948 0.00000000099999999948 0.00000000099999999948 0.00000000099999999948 0.00000000099999999948 0.00000000099999999948 0.00000000099999999948 0.00000000099999999948 
0.99999999100000014352 0.00000000099999999949 0.00000000099999999949 0.00000000099999999949 0.00000000099999999949 0.00000000099999999949 0.00000000099999999949 0.00000000099999999949 0.00000000099999999949 0.00000000099999999949 
0.00000000099999999995 0.00000000099999999995 0.00000000099999999995 0.48153201851024141078 0.00000000099999999995 0.00000000099999999995 0.51846797348975859343 0.00000000099999999995 0.00000000099999999995 0.00000000099999999995 
0.00000000099999999947 0.00000000099999999947 0.00000000099999999947 0.00000000099999999947 0.00000000099999999947 0.99999999100000003249 0.00000000099999999947 0.00000000099999999947 0.00000000099999999947 0.00000000099999999947 
0.00000000099999999997 0.00000000099999999997 0.57517301716459667826 0.00000000099999999997 0.00000000099999999997 0.00000000099999999997 0.42482697483540332595 0.00000000099999999997 0.00000000099999999997 0.00000000099999999997 
0.00000000099999999997 0.36764335116424767813 0.00000150890928733674 0.00000000099999999997 0.19081437215525456907 0.00000000099999999997 0.42136275933987005216 0.02017800343134040428 0.00000000099999999997 0.00000000099999999997 
0.00000000099999999996 0.07457012341514296372 0.00000000099999999996 0.00000000099999999996 0.00000000099999999996 0.00000000099999999996 0.00000000099999999996 0.00000000099999999996 0.92542986858485698498 0.00000000099999999996 
0.00000000099999999996 0.52594638364236301342 0.42598864257531454669 0.00000000099999999996 0.00000000099999999996 0.00000000099999999996 0.00000000099999999996 0.04806496678232245745 0.00000000099999999996 0.00000000099999999996 
0.00000000099999999990 0.00000000099999999990 0.00000000099999999990 0.00000000099999999990 0.00000000099999999990 0.00000000099999999990 0.00000000099999999990 0.00000000099999999990 0.99999999100000003249 0.00000000099999999990 
0.00000000099999999997 0.00000000099999999997 0.42066041692824368559 0.00000000099999999997 0.00000000099999999997 0.00000000099999999997 0.47378422306659134788 0.04701554608251011513 0.00000000099999999997 0.05853980792265486843 
0.00000000099999999992 0.00000000099999999992 0.00000000099999999992 0.00000000099999999992 0.00000000099999999992 0.00000000099999999992 0.00000000099999999992 0.00000000099999999992 0.99999999100000003249 0.00000000099999999992 
0.00000000099999999991 0.00000000099999999991 0.99999999100000003249 0.00000000099999999991 0.00000000099999999991 0.00000000099999999991 0.00000000099999999991 0.00000000099999999991 0.00000000099999999991 0.00000000099999999991 
0.00000000099999999990 0.99999999100000014352 0.00000000099999999990 0.00000000099999999990 0.00000000099999999990 0.00000000099999999990 0.00000000099999999990 0.00000000099999999990 0.00000000099999999990 0.00000000099999999990 
0.00000000099999999952 0.00000000099999999952 0.00000000099999999952 0.00000000099999999952 0.00000000099999999952 0.99999999100000014352 0.00000000099999999952 0.00000000099999999952 0.00000000099999999952 0.00000000099999999952 
0.00000000099999999993 0.00000000099999999993 0.00000000099999999993 0.00000000099999999993 0.00000000099999999993 0.00000000099999999993 0.00000000099999999993 0.00000000099999999993 0.99999999100000003249 0.00000000099999999993 
0.00000000099999999944 0.00000000099999999944 0.00000000099999999944 0.00000000099999999944 0.00000000099999999944 0.99999999100000014352 0.00000000099999999944 0.00000000099999999944 0.00000000099999999944 0.00000000099999999944 
0.00000000099999999944 0.00000000099999999944 0.00000000099999999944 0.00000000099999999944 0.00000000099999999944 0.99999999100000003249 0.00000000099999999944 0.00000000099999999944 0.00000000099999999944 0.00000000099999999944 
0.00000000099999999988 0.00000000099999999988 0.00000000099999999988 0.00000000099999999988 0.99999999100000003249 0.00000000099999999988 0.00000000099999999988 0.00000000099999999988 0.00000000099999999988 0.00000000099999999988 
0.00000000099999999993 0.00000000099999999993 0.99999999100000014352 0.00000000099999999993 0.00000000099999999993 0.00000000099999999993 0.00000000099999999993 0.00000000099999999993 0.00000000099999999993 0.00000000099999999993 
0.00000000099999999996 0.15837960688011251675 0.31860576464404394281 0.37655548410432015949 0.04042157457060168574 0.00000000099999999996 0.10603756480092174641 0.00000000099999999996 0.00000000099999999996 0.00000000099999999996 
0.00000000099999999988 0.00000000099999999988 0.00000000099999999988 0.00000000099999999988 0.00000000099999999988 0.00000000099999999988 0.99999999100000003249 0.00000000099999999988 0.00000000099999999988 0.00000000099999999988 
0.00000000099999999999 0.23951744179259695788 0.12114050079719829167 0.27851830613053529806 0.26013768636859058159 0.00000000099999999999 0.01204034215748753939 0.01057682391794868143 0.00000000099999999999 0.07806889583564270707 
0.00000000099999999998 0.30799781497489636672 0.35466572759138659254 0.32512134771841266767 0.00000000099999999998 0.00000000099999999998 0.00000000099999999998 0.00000000099999999998 0.00000000099999999998 0.01221510371530456010 
0.00000000099999999986 0.99999999100000025454 0.00000000099999999986 0.00000000099999999986 0.00000000099999999986 0.00000000099999999986 0.00000000099999999986 0.00000000099999999986 0.00000000099999999986 0.00000000099999999986 
