0.02604325920628418334 0.00035306799072305154 0.96551696042229628869 0.00808671238069650841 
0.00000000099999999996 0.00000000099999999996 0.00000000099999999996 0.99999999699999997382 
0.00000000099999999996 0.00000000099999999996 0.00000000099999999996 0.99999999700000008485 
0.00549187282546712528 0.00000000099999999999 0.95156812653546429814 0.04293999963906858230 
0.01319422480435345109 0.00000000100000000000 0.98630141730034781578 0.00050435689529877053 
0.00635169274221599432 0.00000000099999999999 0.96297048611248992067 0.03067782014529393114 
0.00000000099999999997 0.00000000099999999997 0.00000000099999999997 0.99999999700000008485 
0.00000000099999999995 0.00000000099999999995 0.00000000099999999995 0.99999999700000008485 
0.01969609174198346663 0.00000000099999999999 0.97123311698379077850 0.00907079027422570162 
0.00000000099999999997 0.00000000099999999997 0.00000000099999999997 0.99999999699999997382 
0.01375539308626345589 0.00000000100000000000 0.96837507417627066708 0.01786953173746578735 
0.01149261830838745752 0.00000000099999999999 0.96576322094727140577 0.02274415974434117541 
0.00882074531544187884 0.00000000100000000000 0.98589809944182804635 0.00528115424273001288 
0.01963727470853593796 0.00000000100000000000 0.96963342642066807642 0.01072929787079591329 
0.02160482443817636142 0.00608739651507428457 0.97092200446566578886 0.00138577458108358510 
0.03328980772586091763 0.00000000099999999999 0.90559162400022918948 0.06111856727390995586 
0.00014671424981219821 0.00000000100000000000 0.99220178013328219624 0.00765150461690560207 
0.00652124181008844304 0.00538719983340118017 0.98809155735651044150 0.00000000100000000000 
0.01146016045446847029 0.00816879863956172098 0.97695256793364848580 0.00341847297232138799 
0.00791774272936527149 0.00000000099999999998 0.99113343334925885220 0.00094882292137578555 
0.00000427041248476608 0.00000000100000000000 0.99588615118676637739 0.00410957740074885565 
0.00000000099999999998 0.00000000099999999998 0.00000000220764146159 0.99999999579235843150 
0.00000000099999999999 0.00000000099999999999 0.96959346700802906405 0.03040653099197078088 
0.00405745695201844593 0.00000000099999999999 0.95797149184598007210 0.03797105020200156056 
0.00000005045978043340 0.00000000099999999999 0.96653441708943277355 0.03346553145078672714 
0.00687552815752496497 0.00000000099999999999 0.99312446984247504389 0.00000000099999999999 
0.99999999699999997382 0.00000000099999999988 0.00000000099999999988 0.00000000099999999988 
0.99999999700000008485 0.00000000099999999986 0.00000000099999999986 0.00000000099999999986 
0.01167593420955094323 0.00000000100000000000 0.98282724164312462722 0.00549682314732444222 
0.01498121427537559350 0.00000000099999999999 0.98501878372462425837 0.00000000099999999999 
0.00000000099999999999 0.00000000099999999999 0.97025851848656397003 0.02974147951343598939 
0.00000000099999999998 0.00000000099999999998 0.00000000099999999998 0.99999999699999997382 
0.36098900943755141135 0.00000000099999999997 0.39852583775368466412 0.24048515180876398056 
0.00102121919208230001 0.00000000099999999999 0.99847031398607277719 0.00050846582184483268 
0.00000000099999999986 0.99999999700000008485 0.00000000099999999986 0.00000000099999999986 
0.00000000099999999982 0.99999999700000008485 0.00000000099999999982 0.00000000099999999982 
0.00000000099999999982 0.99999999700000008485 0.00000000099999999982 0.00000000099999999982 
0.99999999699999997382 0.00000000099999999988 0.00000000099999999988 0.00000000099999999988 
0.99999999699999997382 0.00000000099999999987 0.00000000099999999987 0.00000000099999999987 
0.00356848040752229213 0.00000000099999999999 0.99414813606569485405 0.00228338252678285001 
0.00000000099999999998 0.00000000099999999998 0.00000000099999999998 0.99999999700000008485 
0.99999999699999997382 0.00000000099999999987 0.00000000099999999987 0.00000000099999999987 
0.01214738363329712252 0.00000000099999999999 0.95991596004113921570 0.02793665532556375772 
0.00000000099999999996 0.00000000099999999996 0.00000000099999999996 0.99999999699999997382 
0.99999999699999997382 0.00000000099999999989 0.00000000099999999989 0.00000000099999999989 
0.00995459861396909979 0.00000000099999999999 0.97036559182471815443 0.01967980856131270120 
0.99999999700000008485 0.00000000099999999987 0.00000000099999999987 0.00000000099999999987 
0.00000000099999999997 0.00000000099999999997 0.00000000099999999997 0.99999999699999997382 
0.00000000099999999995 0.00000000099999999995 0.00000000099999999995 0.99999999700000008485 
0.99999999700000008485 0.00000000099999999986 0.00000000099999999986 0.00000000099999999986 
0.99999999700000008485 0.00000000099999999987 0.00000000099999999987 0.00000000099999999987 
0.00000000099999999997 0.00000000099999999997 0.00000000099999999997 0.99999999700000008485 
0.00000000099999999996 0.00000000099999999996 0.00000000099999999996 0.99999999700000008485 
0.00000000099999999997 0.00000000099999999997 0.00000000099999999997 0.99999999699999997382 
0.99999999699999997382 0.00000000099999999989 0.00000000099999999989 0.00000000099999999989 
0.01957475029133487129 0.00000000382324521129 0.93165007814523626006 0.04877516774018363088 
0.03017445043494064449 0.00000000100000000000 0.96746904951553946983 0.00235649904951991526 
0.00000000099999999999 0.00000000099999999999 0.97016732123502680274 0.02983267676497317750 
0.00445206021023062271 0.00000000099999999999 0.97790172711515455095 0.01764621167461492834 
0.00000000099999999996 0.00000000099999999996 0.00000000099999999996 0.99999999699999997382 
0.00976205546012711561 0.00162050509270030810 0.98789129257383789806 0.00072614687333474176 
0.00000000099999999985 0.99999999699999997382 0.00000000099999999985 0.00000000099999999985 
0.00931472338858155280 0.00000000099999999998 0.98050774226651327137 0.01017753334490503585 
0.00000000099999999985 0.99999999699999997382 0.00000000099999999985 0.00000000099999999985 
0.00111075583707658269 0.00000000100000000000 0.95214003274428027357 0.04674921041864310567 
0.00000000099999999986 0.99999999700000008485 0.00000000099999999986 0.00000000099999999986 
0.00568551943637804740 0.00000000099999999999 0.98156212837316780817 0.01275235119045406949 
0.01068714396977596230 0.00000014147149042662 0.97381997344549486861 0.01549274111323867276 
0.00000000099999999995 0.00000000099999999995 0.00000000099999999995 0.99999999700000008485 
0.00000000099999999998 0.00000000099999999998 0.99999620764213537072 0.00000379035786462416 
0.00000000099999999985 0.99999999700000008485 0.00000000099999999985 0.00000000099999999985 
0.00000000099999999987 0.99999999699999997382 0.00000000099999999987 0.00000000099999999987 
0.01483580895451970007 0.00000000099999999999 0.89781139664053100091 0.08735279340494922495 
0.00000000099999999995 0.00000000099999999995 0.00000000099999999995 0.99999999700000008485 
0.99999999699999997382 0.00000000099999999989 0.00000000099999999989 0.00000000099999999989 
0.00000000099999999996 0.00000000099999999996 0.00000000099999999996 0.99999999700000008485 
0.00000000100000000000 0.00117443880568938227 0.95667860075250754637 0.04214695944180309184 
0.00000000099999999984 0.99999999700000008485 0.00000000099999999984 0.00000000099999999984 
0.99999999699999997382 0.00000000099999999985 0.00000000099999999985 0.00000000099999999985 
0.00000000099999999987 0.99999999700000008485 0.00000000099999999987 0.00000000099999999987 
0.02162051794066504121 0.00320619741312920710 0.97260806855875414634 0.00256521608745160015 
0.00000000099999999995 0.00000000099999999995 0.00000000099999999995 0.99999999700000008485 
0.00000000099999999996 0.00000000099999999996 0.00000000099999999996 0.99999999700000008485 
0.00459210058579768727 0.00000000099999999999 0.75925838726322525396 0.23614951115097698731 
0.02488618239607142194 0.00000000100000000000 0.96877221025065096693 0.00634160635327754487 
0.00000012706069067103 0.00000000099999999999 0.98514653677673291732 0.01485333516257637994 
0.00000000099999999999 0.00000000099999999999 0.97098290423328259546 0.02901709376671736049 
0.00255589810875823421 0.00000000100000000000 0.99675968204606602008 0.00068441884517563684 
0.00000000099999999998 0.00000000099999999998 0.99999999699999997382 0.00000000099999999998 
0.00070915687176548961 0.00000000099999999999 0.98417144631465958149 0.01511939581357483672 
0.01060918047135962772 0.00000000099999999999 0.97596307064093124062 0.01342774788770910617 
0.00000000296272533952 0.00000000416080354404 0.95795602700745230429 0.04204396586901872762 
0.00000000099999999996 0.00000000099999999996 0.00000000099999999996 0.99999999700000008485 
0.00000000099999999998 0.00000000099999999998 0.00002565963731749567 0.99997433836268256879 
0.00000000099999999991 0.99999999699999997382 0.00000000099999999991 0.00000000099999999991 
0.00000000099999999998 0.00000000099999999998 0.00000000099999999998 0.99999999700000008485 
0.00000000099999999998 0.00000000099999999998 0.00000000218074434884 0.99999999581925569370 
0.01046630665742565199 0.00000000099999999999 0.96193234405212968419 0.02760134829044467650 
0.00000000099999999982 0.99999999700000008485 0.00000000099999999982 0.00000000099999999982 
0.00825208015773050418 0.00000000100000000000 0.99174791553361574259 0.00000000330865386619 
0.00842013080827966678 0.00000000099999999999 0.97016061314498580614 0.02141925504673463862 
0.00999877168613397607 0.00202489173264913062 0.98309853402544145062 0.00487780255577536723 
0.00699539936831239904 0.00000000100000000000 0.96382631769651283538 0.02917828193517485458 
0.00021735270309962990 0.00059970773958477319 0.99206577720487743033 0.00711716235243816959 
0.00005037475066709859 0.00000028544667376555 0.95730452197072191112 0.04264481783193722897 
0.00901183438130640641 0.00000000100000000000 0.98891710058639381575 0.00207106403229978661 
0.01121439308641259715 0.00000000100000000000 0.97206684168125290224 0.01671876423233456185 
0.03203362849285603525 0.00443324027886189513 0.94710452645519671577 0.01642860477308539027 
0.01502242177024234841 0.00000000099999999999 0.97705747014427846153 0.00792010708547920446 
0.00000000099999999999 0.00000000099999999999 0.99917830059883272487 0.00082169740116736303 
0.02867861310224812874 0.00098614385194495651 0.94304873924589871503 0.02728650379990809130 
0.01407455109538404379 0.00000000099999999999 0.98592544690461580981 0.00000000099999999999 
0.00054305084282687903 0.00000000100000000000 0.98440437656113777276 0.01505257159603553239 
0.00143007246986647353 0.00000000099999999999 0.99667570558320173202 0.00189422094693173404 
0.00000000099999999999 0.00000000099999999999 0.96224817013530006271 0.03775182786469989671 
0.01092276607038636903 0.00000000100000000000 0.97012252387099839890 0.01895470905861521352 
0.00000000099999999999 0.00000000099999999999 0.95533657100571978127 0.04466342699428020591 
0.00186078646673620601 0.00000000100000000000 0.99043817441033799032 0.00770103812292572201 
0.00236988634513775158 0.00000000099999999999 0.96811779408580733719 0.02951231856905494819 
0.00699867444217407500 0.06812014335302890577 0.89682611001979051224 0.02805507218500654515 
0.00000000099999999999 0.00000000099999999999 0.99250745354470171211 0.00749254445529827506 
0.00000000099999999998 0.00000000099999999998 0.97806999713534503726 0.02193000086465492562 
0.00000006752269565977 0.00000000099999999998 0.96916041524013030184 0.03083951623717415963 
0.01925521494946728918 0.00000000099999999999 0.97830983684809302847 0.00243494720243962520 
0.00000000099999999998 0.00000000099999999998 0.98170355233270401030 0.01829644566729595606 
0.00848168283329280535 0.00362530810904387012 0.98013462757755398513 0.00775838148010926654 
0.00884715896808603228 0.00000000099999999999 0.97543917230988330669 0.01571366772203063034 
0.00294715607292977706 0.00000000099999999999 0.99705283995584870205 0.00000000297122169767 
0.00000000099999999998 0.00000000099999999998 0.96244205974203933529 0.03755793825796047841 
0.00000000099999999996 0.00000000099999999996 0.00000000099999999996 0.99999999699999997382 
0.00000000099999999998 0.00000000099999999998 0.00000001369731898248 0.99999998430268111083 
0.00000000099999999988 0.99999999699999997382 0.00000000099999999988 0.00000000099999999988 
0.99999999699999997382 0.00000000099999999985 0.00000000099999999985 0.00000000099999999985 
0.03979538273102795065 0.00000000100000000000 0.04629656238942320146 0.91390805387954876515 
0.00000000099999999998 0.00000000099999999998 0.98271857940748497118 0.01728141859251508539 
0.00456297355904603658 0.00000001987294538539 0.96321472944425412521 0.03222227712375450026 
0.00395694691664101074 0.00000000099999999999 0.00000000099999999999 0.99604305108335899899 
0.00000000099999999999 0.00000000099999999999 0.97703930378550984948 0.02296069421448998851 
0.01520367842479163588 0.00000000099999999998 0.98142090931171444002 0.00337541126349390555 
0.00610265437745774464 0.00000000099999999999 0.99389734362254222866 0.00000000099999999999 
0.00000000099999999984 0.99999999699999997382 0.00000000099999999984 0.00000000099999999984 
0.00000000099999999985 0.99999999700000008485 0.00000000099999999985 0.00000000099999999985 
0.00000000099999999982 0.99999999699999997382 0.00000000099999999982 0.00000000099999999982 
0.00000000099999999983 0.99999999700000008485 0.00000000099999999983 0.00000000099999999983 
0.00000000099999999983 0.99999999700000008485 0.00000000099999999983 0.00000000099999999983 
0.00000000099999999998 0.00000000099999999998 0.00000000099999999998 0.99999999700000008485 
0.01462922712135317042 0.00000000100000000000 0.97947368805135548442 0.00589708382729143069 
0.00000000099999999983 0.99999999699999997382 0.00000000099999999983 0.00000000099999999983 
0.00000000099999999985 0.99999999699999997382 0.00000000099999999985 0.00000000099999999985 
0.99999999699999997382 0.00000000099999999985 0.00000000099999999985 0.00000000099999999985 
0.99999999700000008485 0.00000000099999999985 0.00000000099999999985 0.00000000099999999985 
0.00000000099999999999 0.00000000099999999999 0.99997264324407553193 0.00002735475592427146 
0.00000000099999999984 0.99999999700000008485 0.00000000099999999984 0.00000000099999999984 
0.00000000100000000000 0.00006354484422985355 0.97938778060485265353 0.02054867355091745049 
0.00236888619255319491 0.00000000099999999999 0.99763111180744667994 0.00000000099999999999 
0.00000000099999999998 0.00000000099999999998 0.03846699859302520064 0.96153299940697478654 
0.00002105824671484449 0.00000000099999999999 0.98452777393530088723 0.01545116681798428503 
0.00000000099999999995 0.00000000099999999995 0.00000000099999999995 0.99999999699999997382 
0.00885263483996124104 0.00000000099999999999 0.96485111120496824810 0.02629625295507060506 
0.00000000099999999995 0.00000000099999999995 0.00000000099999999995 0.99999999700000008485 
0.02047027967778735844 0.00000000100000000000 0.96291091460273925406 0.01661880471947332211 
0.01614821807378111207 0.00000000100000000000 0.98371708596652929213 0.00013469495968972017 
0.00000000099999999986 0.99999999700000008485 0.00000000099999999986 0.00000000099999999986 
0.00000000099999999996 0.00000000099999999996 0.00000000099999999996 0.99999999700000008485 
0.00000000099999999983 0.99999999699999997382 0.00000000099999999983 0.00000000099999999983 
0.00000000099999999983 0.99999999700000008485 0.00000000099999999983 0.00000000099999999983 
0.00120549951577503169 0.00000000100000000000 0.98560520115030680888 0.01318929833391812786 
0.00047441118873384577 0.00000000099999999999 0.96726016269602210773 0.03226542511524412710 
0.00000000099999999998 0.00000000099999999998 0.98829239003131763575 0.01170760796868224908 
0.00618144847378533386 0.00000000099999999999 0.98855565967461334065 0.00526289085160145959 
0.01578691269684605672 0.00000000099999999999 0.97354475073688184761 0.01066833556627194354 
0.01059811982952175817 0.00000000099999999999 0.96698920093343210258 0.02241267823704606865 
0.00000002027663517426 0.00000000099999999999 0.99999997772336479684 0.00000000099999999999 
0.00000000099999999998 0.00000000099999999998 0.00199586364243653849 0.99800413435756352154 
0.00009719200470172489 0.00000000099999999999 0.99989620009001090040 0.00000660690528728197 
0.00000000099999999983 0.99999999700000008485 0.00000000099999999983 0.00000000099999999983 
0.00331762463439167279 0.00000000100000000000 0.99381381940384039275 0.00286855496176801391 
0.00000000099999999994 0.99999999699999997382 0.00000000099999999994 0.00000000099999999994 
0.00000000099999999985 0.99999999699999997382 0.00000000099999999985 0.00000000099999999985 
0.00000693207010825389 0.00000000099999999999 0.97174192846803575385 0.02825113846185599298 
0.01264373460292308494 0.00000000099999999999 0.98735626339707693866 0.00000000099999999999 
0.00000000100000000000 0.00000334184626926383 0.97551362340136316131 0.02448303375236758270 
0.00000000099999999987 0.99999999700000008485 0.00000000099999999987 0.00000000099999999987 
0.00000000099999999996 0.00000000099999999996 0.00000000099999999996 0.99999999699999997382 
0.00000000099999999996 0.00000000099999999996 0.00000000099999999996 0.99999999699999997382 
0.00000000099999999985 0.99999999699999997382 0.00000000099999999985 0.00000000099999999985 
0.01009968493036695995 0.00000000100000000000 0.97870919602436101670 0.01119111804527207418 
0.01604358806471413434 0.00000000100000000000 0.93986767003199356285 0.04408874090329215067 
0.00000000099999999986 0.99999999700000008485 0.00000000099999999986 0.00000000099999999986 
0.01080251757881191786 0.00000000099999999999 0.97967180990726920875 0.00952567151391893636 
0.00000000099999999995 0.00000000099999999995 0.00000000099999999995 0.99999999700000008485 
0.11192168716034162079 0.10675027088286181964 0.54452584661260694521 0.23680219534418953109 
0.00000000100000000000 0.00459948203114162596 0.96326211843961950798 0.03213839852923882495 
0.01597458771966911439 0.00000000099999999999 0.94591014216351676502 0.03811526911681418356 
0.01838849600960147310 0.00000000099999999999 0.97840292359391878296 0.00320857939647965123 
0.01468477650207080515 0.00000000099999999999 0.98503336666432905755 0.00028185583360019643 
0.00600489317128055210 0.00000000099999999999 0.99399510482871944461 0.00000000099999999999 
0.00000000099999999999 0.00000000099999999999 0.98881770900668408686 0.01118228899331591246 
0.01645888013535656141 0.00000000099999999999 0.97298223992077192968 0.01055887894387154413 
0.00820927718015995907 0.00833464358089362235 0.95666860326234848255 0.02678747597659780766 
0.00000000099999999997 0.00000000099999999997 0.00000000099999999997 0.99999999699999997382 
0.01039424582768431159 0.00000000099999999999 0.96671745413162879501 0.02288829904068687485 
0.01015847669102767567 0.00000000099999999999 0.98984152130897240518 0.00000000099999999999 
0.00553114700679302376 0.00000000100000000000 0.94473455450571297565 0.04973429748749414597 
0.00000000099999999999 0.00000000099999999999 0.97853714065840857739 0.02146285734159130917 
0.00550413681023917325 0.00243473950565815554 0.95471105278539625250 0.03735007089870653885 
0.00048942766223495282 0.00000000099999999999 0.99950867056565551039 0.00000190077210953973 
0.00218757774592995930 0.00000000100000000000 0.97879481535613466203 0.01901760589793550019 
0.00000000099999999998 0.00000000099999999998 0.00183771889410917397 0.99816227910589083727 
0.02084482973010216150 0.00000000099999999999 0.95531141520792905997 0.02384375406196878600 
0.01362178493705198598 0.00000000099999999999 0.97619513845455652135 0.01018307560839143422 
0.00013755401850279464 0.01112088120143837379 0.97409793271026423600 0.01464363206979452971 
0.00000000099999999998 0.00000000099999999998 0.00000003495064298288 0.99999996304935701019 
0.00000002168663226675 0.01926827711894833761 0.95105954845271278852 0.02967215274170666162 
0.01252825069894799269 0.00000000100000000000 0.97417934333304101457 0.01329240496801093428 
0.01190108611130713361 0.00000000099999999999 0.50614461143757649708 0.48195430145111639586 
0.00000000099999999998 0.00000000099999999998 0.96957879609637065421 0.03042120190362938154 
0.00000000099999999986 0.99999999700000008485 0.00000000099999999986 0.00000000099999999986 
0.01975587196748999907 0.00000000099999999999 0.95911933353525713475 0.02112479349725280078 
0.00784011805256832131 0.00000000100000000000 0.96249796081770710998 0.02966192012972469413 
