0.01426393260021560638 0.00000000099999999999 0.26568323860349873922 0.00000000099999999999 0.38459713944320012002 0.02267082452589681829 0.00000000099999999999 0.00000000138300347112 0.31278486044418529755 
0.00000000099999999994 0.00000000099999999994 0.00000000099999999994 0.99999999200000000421 0.00000000099999999994 0.00000000099999999994 0.00000000099999999994 0.00000000099999999994 0.00000000099999999994 
0.00000000099999999991 0.00000000099999999991 0.00000000099999999991 0.94155170875243487938 0.00000000099999999991 0.05844828424756512431 0.00000000099999999991 0.00000000099999999991 0.00000000099999999991 
0.00000000099999999999 0.00000000099999999999 0.10408507798446875459 0.03845964612582133957 0.48466016834340108765 0.00000000099999999999 0.00000000099999999999 0.16973346243199594063 0.20306164111431282415 
0.00000000099999999999 0.00000000099999999999 0.00225558797703661164 0.00000000099999999999 0.41334601329753850596 0.00000000099999999999 0.10805639119635854217 0.44651110984761094302 0.02983089368145534423 
0.00000000099999999999 0.00000000099999999999 0.00000000099999999999 0.01876475512540188434 0.39358894885479284165 0.00725460163340053282 0.00246866088742670603 0.30271501360348973542 0.27520801689548812785 
0.00000000099999999992 0.00000000099999999992 0.00000000099999999992 0.93362301281238413431 0.00000000099999999992 0.06637698018761588326 0.00000000099999999992 0.00000000099999999992 0.00000000099999999992 
0.00000000099999999991 0.00000000099999999991 0.00000000099999999991 0.99999999200000011523 0.00000000099999999991 0.00000000099999999991 0.00000000099999999991 0.00000000099999999991 0.00000000099999999991 
0.00000000099999999987 0.00000000099999999987 0.00000000099999999987 0.00000000099999999987 0.00000000099999999987 0.00000000099999999987 0.00000000099999999987 0.00000000099999999987 0.99999999200000000421 
0.00000000099999999994 0.00000000099999999994 0.00000000099999999994 0.99999999200000011523 0.00000000099999999994 0.00000000099999999994 0.00000000099999999994 0.00000000099999999994 0.00000000099999999994 
0.00274893193098365001 0.00000000100000000000 0.26590537936390284957 0.00000000456502472964 0.44275752132227297331 0.00000000100000000000 0.06456129660769020784 0.22402686321012557635 0.00000000100000000000 
0.00269718690206665083 0.00000000099999999998 0.23134511829214340906 0.00815368920895566743 0.43778103515868022066 0.00000000099999999998 0.05674096425898095264 0.26328200317917305195 0.00000000099999999998 
0.00000000099999999998 0.00000000099999999998 0.21304055106706648592 0.00000000099999999998 0.71372359716647637562 0.00443066178344550966 0.06880518498301164965 0.00000000099999999998 0.00000000099999999998 
0.01027103311654545270 0.00000000099999999999 0.24751001816724774174 0.00000000099999999999 0.23430932995357064974 0.02140883548134869113 0.01988686476459524538 0.26077772088085138247 0.20583619563584068524 
0.00000000099999999987 0.00000000099999999987 0.99999999200000000421 0.00000000099999999987 0.00000000099999999987 0.00000000099999999987 0.00000000099999999987 0.00000000099999999987 0.00000000099999999987 
0.02174429535108227465 0.00000000099999999999 0.11607332811155696151 0.04114659716613697921 0.25904103700410552324 0.03623287488901626857 0.05160052123872081731 0.27366673722406498204 0.20049460801531621135 
0.00000000099999999993 0.00000000099999999993 0.00000000099999999993 0.00000000099999999993 0.00000000099999999993 0.00000000099999999993 0.00000000099999999993 0.99999999199999989319 0.00000000099999999993 
0.00000000099999999988 0.00000000099999999988 0.00000000099999999988 0.00000000099999999988 0.00000000099999999988 0.00000000099999999988 0.00000000099999999988 0.00000000099999999988 0.99999999199999989319 
0.00000000099999999996 0.00000000099999999996 0.00000000099999999996 0.00000000099999999996 0.99999999200000000421 0.00000000099999999996 0.00000000099999999996 0.00000000099999999996 0.00000000099999999996 
0.00000000099999999997 0.00000000099999999997 0.35792154928965802529 0.00000000099999999997 0.00000346505195539637 0.00373119165735344687 0.00000000099999999997 0.42668212686830742086 0.21166166313272577471 
0.00000000099999999998 0.00000000099999999998 0.49091507131674422260 0.00000000099999999998 0.43226756280734174309 0.00000000099999999998 0.00000000099999999998 0.00062897413803704103 0.07618838673787695082 
0.00000000099999999993 0.00000000099999999993 0.00000000099999999993 0.93319770207328966993 0.00000000099999999993 0.06680229092671029212 0.00000000099999999993 0.00000000099999999993 0.00000000099999999993 
0.00000000099999999987 0.00000000099999999987 0.00000000099999999987 0.00000000099999999987 0.00000000099999999987 0.00000000099999999987 0.00000000099999999987 0.00000000099999999987 0.99999999200000000421 
0.00000000099999999947 0.00000000099999999947 0.00000000099999999947 0.00000000099999999947 0.00000000099999999947 0.00000000099999999947 0.99999999200000000421 0.00000000099999999947 0.00000000099999999947 
0.00000000099999999997 0.00000000099999999997 0.12933322686306950033 0.02086978361049374869 0.47665330868316069246 0.03559465471959540050 0.00000000099999999997 0.33754902212368070868 0.00000000099999999997 
0.00000000099999999995 0.00000000099999999995 0.00000000099999999995 0.00000000099999999995 0.99999999200000011523 0.00000000099999999995 0.00000000099999999995 0.00000000099999999995 0.00000000099999999995 
0.99999999200000011523 0.00000000099999999964 0.00000000099999999964 0.00000000099999999964 0.00000000099999999964 0.00000000099999999964 0.00000000099999999964 0.00000000099999999964 0.00000000099999999964 
0.99999999200000011523 0.00000000099999999962 0.00000000099999999962 0.00000000099999999962 0.00000000099999999962 0.00000000099999999962 0.00000000099999999962 0.00000000099999999962 0.00000000099999999962 
0.00000000099999999995 0.00000000099999999995 0.00000000099999999995 0.00000000099999999995 0.99999999200000000421 0.00000000099999999995 0.00000000099999999995 0.00000000099999999995 0.00000000099999999995 
0.00000000099999999992 0.00000000099999999992 0.00000000099999999992 0.00000000099999999992 0.99999999200000000421 0.00000000099999999992 0.00000000099999999992 0.00000000099999999992 0.00000000099999999992 
0.00000000099999999997 0.00000000099999999997 0.21688693265485520234 0.00000000099999999997 0.38653362200442697993 0.07755019319364318819 0.02684186295218042584 0.29015862925908803005 0.00202875693580627063 
0.00000000099999999983 0.00000000099999999983 0.00000000099999999983 0.75906468206597654813 0.00000000099999999983 0.00000000099999999983 0.24093531093402351106 0.00000000099999999983 0.00000000099999999983 
0.35882208730760750681 0.00000000099999999967 0.00000000099999999967 0.00000000099999999967 0.00000000099999999967 0.00000000099999999967 0.64117790569239252463 0.00000000099999999967 0.00000000099999999967 
0.00000000099999999986 0.00000000099999999986 0.99999999200000011523 0.00000000099999999986 0.00000000099999999986 0.00000000099999999986 0.00000000099999999986 0.00000000099999999986 0.00000000099999999986 
0.00000000099999999957 0.99999999200000011523 0.00000000099999999957 0.00000000099999999957 0.00000000099999999957 0.00000000099999999957 0.00000000099999999957 0.00000000099999999957 0.00000000099999999957 
0.00000000099999999948 0.99999999200000011523 0.00000000099999999948 0.00000000099999999948 0.00000000099999999948 0.00000000099999999948 0.00000000099999999948 0.00000000099999999948 0.00000000099999999948 
0.00000000099999999948 0.99999999200000022626 0.00000000099999999948 0.00000000099999999948 0.00000000099999999948 0.00000000099999999948 0.00000000099999999948 0.00000000099999999948 0.00000000099999999948 
0.99999999200000011523 0.00000000099999999965 0.00000000099999999965 0.00000000099999999965 0.00000000099999999965 0.00000000099999999965 0.00000000099999999965 0.00000000099999999965 0.00000000099999999965 
0.99999999200000022626 0.00000000099999999960 0.00000000099999999960 0.00000000099999999960 0.00000000099999999960 0.00000000099999999960 0.00000000099999999960 0.00000000099999999960 0.00000000099999999960 
0.00000000099999999998 0.00000000099999999998 0.24768907076775187326 0.00000000099999999998 0.37122044035753182234 0.02159342429438917965 0.00000000099999999998 0.35949705958032701636 0.00000000099999999998 
0.00000000099999999995 0.00000000099999999995 0.00000000099999999995 0.99999999200000000421 0.00000000099999999995 0.00000000099999999995 0.00000000099999999995 0.00000000099999999995 0.00000000099999999995 
0.99999999200000022626 0.00000000099999999963 0.00000000099999999963 0.00000000099999999963 0.00000000099999999963 0.00000000099999999963 0.00000000099999999963 0.00000000099999999963 0.00000000099999999963 
0.00574965328720774063 0.00000000099999999999 0.23090448944886027283 0.01844139851082359643 0.24488463130080659336 0.00000000099999999999 0.02134066051150163013 0.25336833814817522059 0.22531082679262492974 
0.00000000099999999993 0.00000000099999999993 0.00000000099999999993 0.99999999200000000421 0.00000000099999999993 0.00000000099999999993 0.00000000099999999993 0.00000000099999999993 0.00000000099999999993 
0.99999999200000011523 0.00000000099999999967 0.00000000099999999967 0.00000000099999999967 0.00000000099999999967 0.00000000099999999967 0.00000000099999999967 0.00000000099999999967 0.00000000099999999967 
0.00333518791947971837 0.00000000099999999998 0.25130903359049883150 0.00044617610620628000 0.36376076232633192120 0.00000000099999999998 0.04773167772043098583 0.33341715933705212693 0.00000000099999999998 
0.99999999200000011523 0.00000000099999999963 0.00000000099999999963 0.00000000099999999963 0.00000000099999999963 0.00000000099999999963 0.00000000099999999963 0.00000000099999999963 0.00000000099999999963 
0.00000000099999999995 0.00000000099999999995 0.00000000099999999995 0.98119407912358302948 0.00000000099999999995 0.01880591387641710951 0.00000000099999999995 0.00000000099999999995 0.00000000099999999995 
0.00000000099999999991 0.00000000099999999991 0.00000000099999999991 0.99999999200000000421 0.00000000099999999991 0.00000000099999999991 0.00000000099999999991 0.00000000099999999991 0.00000000099999999991 
0.99999999200000011523 0.00000000099999999957 0.00000000099999999957 0.00000000099999999957 0.00000000099999999957 0.00000000099999999957 0.00000000099999999957 0.00000000099999999957 0.00000000099999999957 
0.99999999200000011523 0.00000000099999999961 0.00000000099999999961 0.00000000099999999961 0.00000000099999999961 0.00000000099999999961 0.00000000099999999961 0.00000000099999999961 0.00000000099999999961 
0.00000000099999999995 0.00000000099999999995 0.00000000099999999995 0.99999999200000011523 0.00000000099999999995 0.00000000099999999995 0.00000000099999999995 0.00000000099999999995 0.00000000099999999995 
0.00000000099999999995 0.00000000099999999995 0.00000000099999999995 0.99999999200000000421 0.00000000099999999995 0.00000000099999999995 0.00000000099999999995 0.00000000099999999995 0.00000000099999999995 
0.00000000099999999995 0.00000000099999999995 0.00000000099999999995 0.99177642888812655997 0.00822356411187345759 0.00000000099999999995 0.00000000099999999995 0.00000000099999999995 0.00000000099999999995 
0.99999999200000011523 0.00000000099999999969 0.00000000099999999969 0.00000000099999999969 0.00000000099999999969 0.00000000099999999969 0.00000000099999999969 0.00000000099999999969 0.00000000099999999969 
0.01233645471544827024 0.00000000099999999999 0.00000000099999999999 0.04151928929530000062 0.30540007318170886430 0.00000000099999999999 0.05405540287156346962 0.29575723819426930072 0.29093153874171018280 
0.00000000099999999987 0.00000000099999999987 0.00000000099999999987 0.00000000099999999987 0.00000000099999999987 0.00000000099999999987 0.00000000099999999987 0.00000000099999999987 0.99999999200000000421 
0.00000000099999999985 0.00000000099999999985 0.99999999200000011523 0.00000000099999999985 0.00000000099999999985 0.00000000099999999985 0.00000000099999999985 0.00000000099999999985 0.00000000099999999985 
0.00000000099999999997 0.00000000099999999997 0.00000000099999999997 0.00000000099999999997 0.48466011439746919942 0.02602403781645815095 0.00000000099999999997 0.00000000099999999997 0.48931584178607262503 
0.00000000099999999992 0.00000000099999999992 0.00000000099999999992 0.99999999200000000421 0.00000000099999999992 0.00000000099999999992 0.00000000099999999992 0.00000000099999999992 0.00000000099999999992 
0.00000000099999999995 0.00000000099999999995 0.00000000099999999995 0.00000000099999999995 0.99999999200000000421 0.00000000099999999995 0.00000000099999999995 0.00000000099999999995 0.00000000099999999995 
0.00000000099999999955 0.99999999200000011523 0.00000000099999999955 0.00000000099999999955 0.00000000099999999955 0.00000000099999999955 0.00000000099999999955 0.00000000099999999955 0.00000000099999999955 
0.00000000099999999986 0.00000000099999999986 0.00000000099999999986 0.00000000099999999986 0.00000000099999999986 0.00000000099999999986 0.00000000099999999986 0.00000000099999999986 0.99999999199999989319 
0.00000000099999999956 0.99999999200000011523 0.00000000099999999956 0.00000000099999999956 0.00000000099999999956 0.00000000099999999956 0.00000000099999999956 0.00000000099999999956 0.00000000099999999956 
0.00000000099999999976 0.00000000099999999976 0.00000000099999999976 0.00000000099999999976 0.00000000099999999976 0.00000000099999999976 0.99999999199999989319 0.00000000099999999976 0.00000000099999999976 
0.00000000099999999957 0.99999999200000022626 0.00000000099999999957 0.00000000099999999957 0.00000000099999999957 0.00000000099999999957 0.00000000099999999957 0.00000000099999999957 0.00000000099999999957 
0.00000000099999999998 0.00000000099999999998 0.15230544713231553011 0.00000000099999999998 0.39503077391036678367 0.04673273517265054411 0.00000000099999999998 0.40593103878466718637 0.00000000099999999998 
0.00000000099999999987 0.00000000099999999987 0.99999999200000000421 0.00000000099999999987 0.00000000099999999987 0.00000000099999999987 0.00000000099999999987 0.00000000099999999987 0.00000000099999999987 
0.00000000099999999992 0.00000000099999999992 0.00000000099999999992 0.99999999200000011523 0.00000000099999999992 0.00000000099999999992 0.00000000099999999992 0.00000000099999999992 0.00000000099999999992 
0.00000000099999999996 0.00000000099999999996 0.51407530877161800031 0.00000000099999999996 0.00000000099999999996 0.00000000099999999996 0.00000000099999999996 0.48592468422838203113 0.00000000099999999996 
0.00000000099999999958 0.99999999200000022626 0.00000000099999999958 0.00000000099999999958 0.00000000099999999958 0.00000000099999999958 0.00000000099999999958 0.00000000099999999958 0.00000000099999999958 
0.00000000099999999961 0.99999999200000022626 0.00000000099999999961 0.00000000099999999961 0.00000000099999999961 0.00000000099999999961 0.00000000099999999961 0.00000000099999999961 0.00000000099999999961 
0.01203510741647757613 0.00000000099999999999 0.25549843358895485412 0.08077806448718354015 0.29788113467708943194 0.00000000099999999999 0.00000000099999999999 0.34125436257036861898 0.01255289425992600974 
0.00000000099999999993 0.00000000099999999993 0.00000000099999999993 0.99999999200000000421 0.00000000099999999993 0.00000000099999999993 0.00000000099999999993 0.00000000099999999993 0.00000000099999999993 
0.99999999200000011523 0.00000000099999999969 0.00000000099999999969 0.00000000099999999969 0.00000000099999999969 0.00000000099999999969 0.00000000099999999969 0.00000000099999999969 0.00000000099999999969 
0.00000000099999999994 0.00000000099999999994 0.00000000099999999994 0.99999999200000000421 0.00000000099999999994 0.00000000099999999994 0.00000000099999999994 0.00000000099999999994 0.00000000099999999994 
0.00000000099999999999 0.00000000099999999999 0.16730485092375882439 0.01999759600416089328 0.21942665247286366470 0.03895387980766466113 0.02769577681144990908 0.35504005425916057570 0.17158118772094138604 
0.00000000099999999953 0.99999999200000011523 0.00000000099999999953 0.00000000099999999953 0.00000000099999999953 0.00000000099999999953 0.00000000099999999953 0.00000000099999999953 0.00000000099999999953 
0.99999999200000011523 0.00000000099999999955 0.00000000099999999955 0.00000000099999999955 0.00000000099999999955 0.00000000099999999955 0.00000000099999999955 0.00000000099999999955 0.00000000099999999955 
0.00000000099999999962 0.99999999200000022626 0.00000000099999999962 0.00000000099999999962 0.00000000099999999962 0.00000000099999999962 0.00000000099999999962 0.00000000099999999962 0.00000000099999999962 
0.01567891585552115205 0.00000000099999999999 0.00000000099999999999 0.00000000099999999999 0.45380513820549639448 0.00000000099999999999 0.00000000099999999999 0.53051593993898238377 0.00000000099999999999 
0.00000000099999999990 0.00000000099999999990 0.00000000099999999990 0.99999999200000000421 0.00000000099999999990 0.00000000099999999990 0.00000000099999999990 0.00000000099999999990 0.00000000099999999990 
0.00000000099999999992 0.00000000099999999992 0.00000000099999999992 0.95665729562088452909 0.00000000099999999992 0.04334269737911550235 0.00000000099999999992 0.00000000099999999992 0.00000000099999999992 
0.00000000099999999994 0.00000000099999999994 0.77522472778052731179 0.22477526521947280291 0.00000000099999999994 0.00000000099999999994 0.00000000099999999994 0.00000000099999999994 0.00000000099999999994 
0.02244364124053938730 0.00000000099999999999 0.32307097552451674582 0.00000000099999999999 0.23036319710630390190 0.00000000099999999999 0.02454043170327615056 0.08024859117694092825 0.31933316024842295366 
0.00000000099999999998 0.00000000099999999998 0.26310385451830342607 0.00000000099999999998 0.43057456593247128707 0.02231164276795466472 0.00000000099999999998 0.00000000099999999998 0.28400993178127070804 
0.00000000099999999998 0.00000000099999999998 0.26008877925009271648 0.01078511623358064699 0.25745550280554396760 0.01178957628934961671 0.01680887198713567135 0.44307215043429715173 0.00000000099999999998 
0.00000000099999999998 0.00000000099999999998 0.00125865350334906532 0.00000000099999999998 0.53920962499556990277 0.00000000099999999998 0.05710644919377410450 0.40242526730730693307 0.00000000099999999998 
0.00000000099999999997 0.00000000099999999997 0.17904273424789532432 0.00000000099999999997 0.36193524680848326858 0.00000000099999999997 0.00000000099999999997 0.23848052828392909963 0.22054148565969239337 
0.00000000099999999992 0.00000000099999999992 0.00000000099999999992 0.00000000099999999992 0.00000000099999999992 0.00000000099999999992 0.00000000099999999992 0.99999999200000000421 0.00000000099999999992 
0.00000000099999999998 0.00000000099999999998 0.14405993208984568810 0.00000000099999999998 0.00000000099999999998 0.00000000099999999998 0.04504890378284792662 0.42690883885678204690 0.38398232027052420223 
0.00000000099999999997 0.00000000099999999997 0.19731347087037698351 0.02830493908831321556 0.61751065712874497748 0.00000000099999999997 0.00000000099999999997 0.00000000099999999997 0.15687092791256490587 
0.00000000099999999994 0.00000000099999999994 0.00000001712049659321 0.99999997587950339994 0.00000000099999999994 0.00000000099999999994 0.00000000099999999994 0.00000000099999999994 0.00000000099999999994 
0.00000000099999999996 0.00000000099999999996 0.00000000099999999996 0.95807607691749208101 0.00000000099999999996 0.00000000099999999996 0.04192391608250806839 0.00000000099999999996 0.00000000099999999996 
0.00000000099999999974 0.99999999200000022626 0.00000000099999999974 0.00000000099999999974 0.00000000099999999974 0.00000000099999999974 0.00000000099999999974 0.00000000099999999974 0.00000000099999999974 
0.00000000099999999996 0.00000000099999999996 0.00000000099999999996 0.99999999200000011523 0.00000000099999999996 0.00000000099999999996 0.00000000099999999996 0.00000000099999999996 0.00000000099999999996 
0.00000000099999999997 0.00000000099999999997 0.00000000099999999997 0.97231468502691875688 0.00000000099999999997 0.00000000099999999997 0.02768530797308131619 0.00000000099999999997 0.00000000099999999997 
0.00088824760224995140 0.00000000099999999999 0.27865257631703543861 0.01523654667104033626 0.38476939149123440265 0.00000000099999999999 0.00000000099999999999 0.10379464671590125924 0.21665858820253874883 
0.00000000099999999947 0.99999999200000022626 0.00000000099999999947 0.00000000099999999947 0.00000000099999999947 0.00000000099999999947 0.00000000099999999947 0.00000000099999999947 0.00000000099999999947 
0.00000000099999999999 0.00000000099999999999 0.29066758372252982090 0.00000000099999999999 0.09230518228637923928 0.00450159607484193567 0.00000000099999999999 0.29048434280997309509 0.32204129110627599530 
0.00257129442416093078 0.00000000099999999999 0.00000000099999999999 0.00894971419780815278 0.34906748164178225124 0.00466171196784900387 0.00000000099999999999 0.47051000042866958362 0.16423979433973007191 
0.00000095281699473883 0.00000000100000000000 0.39111964214199723688 0.00000000100000000000 0.40281316224801572146 0.00514566143076592829 0.01371721254566299689 0.18720336581656346620 0.00000000100000000000 
0.00000000099999999999 0.00000000099999999999 0.19587796305971377775 0.00019271508768106246 0.53782603460723066302 0.01326973455412509828 0.10013691993639566025 0.15242506517424037060 0.00027156558061342619 
0.00000000099999999991 0.00000000099999999991 0.00000000099999999991 0.00000000099999999991 0.00000000099999999991 0.00000000099999999991 0.00000000099999999991 0.99999999199999989319 0.00000000099999999991 
0.00000000099999999999 0.00000000099999999999 0.14999838051019856455 0.03258176792211743555 0.40964297424723489227 0.00000000099999999999 0.03685939333591413403 0.14195675844747837613 0.22896072253705659905 
0.00000000099999999999 0.00000000099999999999 0.26929483691983374660 0.00000000099999999999 0.29968726558550912165 0.00000000099999999999 0.06704656423723573400 0.36397132825742128936 0.00000000099999999999 
0.00000000099999999996 0.00000000099999999996 0.41277919337014074008 0.00000000099999999996 0.00000000099999999996 0.03131440661498663403 0.00000000099999999996 0.00000000099999999996 0.55590639401487251803 
0.02962756640521653495 0.00000000100000000000 0.25738735678133112250 0.00211804208443692066 0.43348783328307077811 0.00000408713500907976 0.00904867345144092991 0.14886700308188643982 0.11945943677760821611 
0.00497901972102836668 0.00000000099999999999 0.00000000099999999999 0.00000000099999999999 0.29520121116342135092 0.00000000436754870471 0.03093842275961162375 0.32860693414538466595 0.34027440484300541801 
0.00000000099999999996 0.00000000099999999996 0.00000000099999999996 0.00000000099999999996 0.50345990791776462636 0.00000000099999999996 0.00000000099999999996 0.22385038922480934853 0.27268969685742616704 
0.00994815454839979504 0.00000000099999999995 0.00000000099999999995 0.00000000099999999995 0.00000000099999999995 0.00000000099999999995 0.00000000099999999995 0.99005183845160027456 0.00000000099999999995 
0.00000000099999999992 0.00000000099999999992 0.00000000099999999992 0.00000000099999999992 0.00000000099999999992 0.00000000099999999992 0.00000000099999999992 0.99999999199999989319 0.00000000099999999992 
0.00000000099999999987 0.00000000099999999987 0.99999999200000000421 0.00000000099999999987 0.00000000099999999987 0.00000000099999999987 0.00000000099999999987 0.00000000099999999987 0.00000000099999999987 
0.00000000099999999996 0.00000000099999999996 0.36632319041724065167 0.00000000099999999996 0.00000000099999999996 0.00000000099999999996 0.00000000099999999996 0.63367680258275926874 0.00000000099999999996 
0.00000000099999999998 0.00000000099999999998 0.17892525269187001258 0.02230470218413518196 0.28494868173311654891 0.00000000453203838916 0.05781681466021686838 0.22305297888437730647 0.23295156331424560214 
0.00000000099999999999 0.00000000099999999999 0.20218600354299742783 0.00844972331386622914 0.26479418710664781589 0.01144413838510608718 0.00000011879237333146 0.23723271451955260658 0.27589311233945634783 
0.00000000099999999999 0.00000000099999999999 0.00000000099999999999 0.03198788864122289327 0.42871508366637922638 0.00000000099999999999 0.04564274390442212004 0.18289264289023493548 0.31076163689774077836 
0.00000000099999999998 0.00000000099999999998 0.46607420246784675433 0.00000000099999999998 0.50731898578020173662 0.00000012400244337312 0.02660668274950803852 0.00000000099999999998 0.00000000099999999998 
0.00000000099999999999 0.00000000099999999999 0.11450685079633676766 0.01220125962332261477 0.36851588499691950718 0.00748178671135506408 0.02617097051746003142 0.47112324435460611882 0.00000000099999999999 
0.01000907915686454278 0.06588122616155409061 0.00000001179548286170 0.00391823570756866940 0.49390749884567430872 0.00000000100000000000 0.08428041808704898885 0.34200352824580665390 0.00000000100000000000 
0.00000000099999999998 0.00000000099999999998 0.28254092805868091798 0.00000000099999999998 0.21734938675301976319 0.01241997421394432782 0.02082175402008913656 0.46686795295426580799 0.00000000099999999998 
0.00000000099999999992 0.00000000099999999992 0.00000000099999999992 0.00000000099999999992 0.00000000099999999992 0.00000000099999999992 0.00000000099999999992 0.99999999199999989319 0.00000000099999999992 
0.00000000099999999997 0.00000000099999999997 0.19622148347111018074 0.00000000149096984826 0.34628138228910260166 0.02062457439635639531 0.06963971171341987176 0.36723284363904107330 0.00000000099999999997 
0.01307635575355219938 0.00000000099999999999 0.00000000099999999999 0.00000000099999999999 0.40687127909960557615 0.01648251210017676049 0.00129678935378812967 0.36135794344965171954 0.20091511724322574928 
0.00000000099999999997 0.00000000099999999997 0.09159186128516039194 0.00012229053421459042 0.44164914250077769164 0.00000000099999999997 0.06964234724768313123 0.24544681980336147120 0.15154753562880271534 
0.00000000099999999999 0.00000000099999999999 0.16856989604595082333 0.00000000099999999999 0.20556358435056862333 0.01189447587902199566 0.11103482381760466924 0.50293721050243911375 0.00000000640441468626 
0.00000000099999999999 0.00000000099999999999 0.09873880457877590167 0.00000000099999999999 0.30395906423496898974 0.00619443290793362730 0.07640199574155094597 0.26707598138529892173 0.24762971815147147292 
0.00000000099999999997 0.00000000099999999997 0.38581634572835465935 0.00000000099999999997 0.00000000099999999997 0.01369854045444976291 0.00000000099999999997 0.60048510781719555141 0.00000000099999999997 
0.00000000099999999995 0.00000000099999999995 0.40895458055421995969 0.01658174596254360575 0.57446366748323651752 0.00000000099999999995 0.00000000099999999995 0.00000000099999999995 0.00000000099999999995 
0.00000000099999999994 0.00000000099999999994 0.00000000099999999994 0.99999999200000000421 0.00000000099999999994 0.00000000099999999994 0.00000000099999999994 0.00000000099999999994 0.00000000099999999994 
0.00000000099999999997 0.00000000099999999997 0.00000000099999999997 0.97833283688693728486 0.00000000099999999997 0.00000000099999999997 0.00000000099999999997 0.02166715611306276393 0.00000000099999999997 
0.00000000099999999965 0.99999999200000022626 0.00000000099999999965 0.00000000099999999965 0.00000000099999999965 0.00000000099999999965 0.00000000099999999965 0.00000000099999999965 0.00000000099999999965 
0.99999999200000022626 0.00000000099999999956 0.00000000099999999956 0.00000000099999999956 0.00000000099999999956 0.00000000099999999956 0.00000000099999999956 0.00000000099999999956 0.00000000099999999956 
0.03656990366578340840 0.00000000099999999999 0.00000000099999999999 0.87948943288289982423 0.00925904480739081839 0.01784902728354307785 0.05683258736038293568 0.00000000099999999999 0.00000000099999999999 
0.00000000099999999996 0.00000000099999999996 0.00000000099999999996 0.00000000099999999996 0.00000000099999999996 0.00000139040458373961 0.00000000099999999996 0.58460524688924930814 0.41539335670616706064 
0.00000000099999999999 0.00000000099999999999 0.39754176165152921296 0.01378943954935287625 0.30280622156197012362 0.01990595454077425872 0.00000000099999999999 0.00000076298787283448 0.26595585670850069304 
0.00000000099999999992 0.00000000099999999992 0.00000000099999999992 0.91509497442925613608 0.00000000099999999992 0.08490501857074390923 0.00000000099999999992 0.00000000099999999992 0.00000000099999999992 
0.00000000099999999994 0.00000000099999999994 0.00000000099999999994 0.00000000099999999994 0.99999999200000000421 0.00000000099999999994 0.00000000099999999994 0.00000000099999999994 0.00000000099999999994 
0.01131419797156713383 0.00000000099999999998 0.29084279630265325034 0.00000000099999999998 0.35558753948932930733 0.00246683342514540703 0.00032399782375678096 0.33946463198754817103 0.00000000099999999998 
0.00000000099999999996 0.00000000099999999996 0.00000000099999999996 0.00000000099999999996 0.68246744130602421397 0.03933577125029946719 0.00000000099999999996 0.00000000099999999996 0.27819678144367648853 
0.00000000099999999953 0.99999999200000022626 0.00000000099999999953 0.00000000099999999953 0.00000000099999999953 0.00000000099999999953 0.00000000099999999953 0.00000000099999999953 0.00000000099999999953 
0.00000000099999999956 0.99999999200000022626 0.00000000099999999956 0.00000000099999999956 0.00000000099999999956 0.00000000099999999956 0.00000000099999999956 0.00000000099999999956 0.00000000099999999956 
0.00000000099999999947 0.99999999200000022626 0.00000000099999999947 0.00000000099999999947 0.00000000099999999947 0.00000000099999999947 0.00000000099999999947 0.00000000099999999947 0.00000000099999999947 
0.00000000099999999949 0.99999999200000011523 0.00000000099999999949 0.00000000099999999949 0.00000000099999999949 0.00000000099999999949 0.00000000099999999949 0.00000000099999999949 0.00000000099999999949 
0.00000000099999999951 0.99999999200000011523 0.00000000099999999951 0.00000000099999999951 0.00000000099999999951 0.00000000099999999951 0.00000000099999999951 0.00000000099999999951 0.00000000099999999951 
0.00000000099999999993 0.00000000099999999993 0.00000000099999999993 0.93056722053881746337 0.00000000099999999993 0.06943277246118265134 0.00000000099999999993 0.00000000099999999993 0.00000000099999999993 
0.00000000099999999998 0.00000000099999999998 0.38116776313423184064 0.00000000099999999998 0.59801803063686675976 0.02081420022890141663 0.00000000099999999998 0.00000000099999999998 0.00000000099999999998 
0.00000000099999999950 0.99999999200000022626 0.00000000099999999950 0.00000000099999999950 0.00000000099999999950 0.00000000099999999950 0.00000000099999999950 0.00000000099999999950 0.00000000099999999950 
0.00000000099999999958 0.99999999200000011523 0.00000000099999999958 0.00000000099999999958 0.00000000099999999958 0.00000000099999999958 0.00000000099999999958 0.00000000099999999958 0.00000000099999999958 
0.99999999200000011523 0.00000000099999999955 0.00000000099999999955 0.00000000099999999955 0.00000000099999999955 0.00000000099999999955 0.00000000099999999955 0.00000000099999999955 0.00000000099999999955 
0.99999999200000022626 0.00000000099999999955 0.00000000099999999955 0.00000000099999999955 0.00000000099999999955 0.00000000099999999955 0.00000000099999999955 0.00000000099999999955 0.00000000099999999955 
0.00000000099999999986 0.00000000099999999986 0.00000000099999999986 0.00000000099999999986 0.00000000099999999986 0.00000000099999999986 0.00000000099999999986 0.00000000099999999986 0.99999999200000000421 
0.00000000099999999953 0.99999999200000022626 0.00000000099999999953 0.00000000099999999953 0.00000000099999999953 0.00000000099999999953 0.00000000099999999953 0.00000000099999999953 0.00000000099999999953 
0.00000000099999999991 0.00000000099999999991 0.00000000099999999991 0.00000000099999999991 0.00000000099999999991 0.00000000099999999991 0.00000000099999999991 0.99999999200000000421 0.00000000099999999991 
0.00000000099999999997 0.00000000099999999997 0.26883864889084452265 0.00000000099999999997 0.00000000099999999997 0.00328245016789354858 0.00000000099999999997 0.50691549115426437488 0.22096340478699744159 
0.00000000099999999997 0.00000000099999999997 0.00000000099999999997 0.93488937981951369949 0.00000000099999999997 0.00000000099999999997 0.00000000099999999997 0.00000000099999999997 0.06511061318048647073 
0.00000000099999999998 0.00000000099999999998 0.14257306959937018909 0.00000000099999999998 0.32187833127423942647 0.01804172188366250443 0.01111017760910927403 0.39239272686511567079 0.11400396976850311892 
0.00000000099999999991 0.00000000099999999991 0.00000000099999999991 0.99999999200000011523 0.00000000099999999991 0.00000000099999999991 0.00000000099999999991 0.00000000099999999991 0.00000000099999999991 
0.00000000099999999998 0.00000000099999999998 0.16761525978811364634 0.00001508376675448524 0.32554152380108619669 0.04003435091407539503 0.05157516226168565310 0.41521861646828467363 0.00000000099999999998 
0.00000000099999999992 0.00000000099999999992 0.00000000099999999992 0.99999999200000011523 0.00000000099999999992 0.00000000099999999992 0.00000000099999999992 0.00000000099999999992 0.00000000099999999992 
0.00000000099999999988 0.00000000099999999988 0.99999999200000000421 0.00000000099999999988 0.00000000099999999988 0.00000000099999999988 0.00000000099999999988 0.00000000099999999988 0.00000000099999999988 
0.00000000099999999998 0.00000000099999999998 0.00000000099999999998 0.00000000099999999998 0.00000000099999999998 0.00000000099999999998 0.05163136825127331853 0.47390720808449826595 0.47446141766422839092 
0.00000000099999999958 0.99999999200000011523 0.00000000099999999958 0.00000000099999999958 0.00000000099999999958 0.00000000099999999958 0.00000000099999999958 0.00000000099999999958 0.00000000099999999958 
0.00000000099999999993 0.00000000099999999993 0.00000000099999999993 0.99999999200000011523 0.00000000099999999993 0.00000000099999999993 0.00000000099999999993 0.00000000099999999993 0.00000000099999999993 
0.00000000099999999951 0.99999999200000011523 0.00000000099999999951 0.00000000099999999951 0.00000000099999999951 0.00000000099999999951 0.00000000099999999951 0.00000000099999999951 0.00000000099999999951 
0.00000000099999999949 0.99999999200000011523 0.00000000099999999949 0.00000000099999999949 0.00000000099999999949 0.00000000099999999949 0.00000000099999999949 0.00000000099999999949 0.00000000099999999949 
0.00000000099999999999 0.00000000099999999999 0.22607521482899919918 0.00000000099999999999 0.26875698354283139579 0.00292044313418521849 0.06511106580845973935 0.29179523322945738473 0.14534105645606718027 
0.00000000099999999998 0.00000000099999999998 0.21014936646893492278 0.02227550296273049513 0.41197338563366314723 0.01095674235837695680 0.00000000099999999998 0.34464499857629438129 0.00000000099999999998 
0.00000000099999999996 0.00000000099999999996 0.42070640055524516354 0.00000000099999999996 0.57695926952214515726 0.00000000099999999996 0.00000000099999999996 0.00000000099999999996 0.00233432392260986754 
0.00000000099999999998 0.00000000099999999998 0.00000000099999999998 0.00000000099999999998 0.46089023984436389147 0.00000000099999999998 0.03644141698397220658 0.36429182437629359370 0.13837651379537022067 
0.00000000099999999999 0.00000000099999999999 0.32603097432892663710 0.00000000099999999999 0.23456603136461082193 0.03325438617592996193 0.08218776694634163937 0.32396083718419083075 0.00000000099999999999 
0.00000000099999999997 0.00000000099999999997 0.33094441312299394120 0.00000000099999999997 0.00000000312492490339 0.04746674438537869939 0.01919742123065044243 0.43642427758497487345 0.16596713755107711519 
0.00000000099999999994 0.00000000099999999994 0.00000000099999999994 0.00000000099999999994 0.00000000099999999994 0.00000000099999999994 0.00000000099999999994 0.56518019985567347074 0.43481979314432639416 
0.00000000099999999996 0.00000000099999999996 0.00000000099999999996 0.95195277378876264063 0.00000000099999999996 0.00000000099999999996 0.00000000099999999996 0.00000000099999999996 0.04804721921123748796 
0.00000000099999999997 0.00000000099999999997 0.17976414759903924789 0.00000000099999999997 0.42648477315589600201 0.03421794457832364605 0.01560583133856913336 0.34392729932817206473 0.00000000099999999997 
0.00000000099999999950 0.99999999200000011523 0.00000000099999999950 0.00000000099999999950 0.00000000099999999950 0.00000000099999999950 0.00000000099999999950 0.00000000099999999950 0.00000000099999999950 
0.00000000099999999994 0.00000000099999999994 0.00000000099999999994 0.00000000099999999994 0.99999999200000000421 0.00000000099999999994 0.00000000099999999994 0.00000000099999999994 0.00000000099999999994 
0.00000000099999999984 0.99999999200000022626 0.00000000099999999984 0.00000000099999999984 0.00000000099999999984 0.00000000099999999984 0.00000000099999999984 0.00000000099999999984 0.00000000099999999984 
0.00000000099999999957 0.99999999200000022626 0.00000000099999999957 0.00000000099999999957 0.00000000099999999957 0.00000000099999999957 0.00000000099999999957 0.00000000099999999957 0.00000000099999999957 
0.00000000099999999998 0.00000000099999999998 0.00000001547796620818 0.01136754103574133361 0.26938046292974815454 0.04041533496153505711 0.00000000099999999998 0.41016883191405928422 0.26866781068094985896 
0.00000000099999999997 0.00000000099999999997 0.22451997709493243249 0.00000000099999999997 0.00000000099999999997 0.00000000099999999997 0.00000008952988198577 0.36527038636900421853 0.41020954200618126029 
0.00000000099999999999 0.00000000099999999999 0.20322510559501127947 0.01362758781680194382 0.30772656217195082373 0.00000000099999999999 0.02756280669827015570 0.21980588786616928054 0.22805204685179669699 
0.00000000099999999961 0.99999999200000011523 0.00000000099999999961 0.00000000099999999961 0.00000000099999999961 0.00000000099999999961 0.00000000099999999961 0.00000000099999999961 0.00000000099999999961 
0.00000000099999999993 0.00000000099999999993 0.00000000099999999993 0.99999999200000011523 0.00000000099999999993 0.00000000099999999993 0.00000000099999999993 0.00000000099999999993 0.00000000099999999993 
0.00000000099999999994 0.00000000099999999994 0.00000000099999999994 0.99510216277983665201 0.00000000099999999994 0.00489783022016327188 0.00000000099999999994 0.00000000099999999994 0.00000000099999999994 
0.00000000099999999957 0.99999999200000011523 0.00000000099999999957 0.00000000099999999957 0.00000000099999999957 0.00000000099999999957 0.00000000099999999957 0.00000000099999999957 0.00000000099999999957 
0.00000000099999999995 0.00000000099999999995 0.00000000099999999995 0.00000000099999999995 0.99999999200000011523 0.00000000099999999995 0.00000000099999999995 0.00000000099999999995 0.00000000099999999995 
0.00947310709429083526 0.00000000100000000000 0.19540351606428582598 0.03774352173974365732 0.51048313791402399886 0.00207097009529482639 0.00000000100000000000 0.24482574409236085300 0.00000000100000000000 
0.00000000099999999959 0.99999999200000011523 0.00000000099999999959 0.00000000099999999959 0.00000000099999999959 0.00000000099999999959 0.00000000099999999959 0.00000000099999999959 0.00000000099999999959 
0.00000000099999999998 0.00000000099999999998 0.35760448591482812963 0.00000000099999999998 0.00000000099999999998 0.00303583936391150014 0.07969520036704773325 0.36570795627999796995 0.19395651407421474199 
0.00000000099999999991 0.00000000099999999991 0.00000000099999999991 0.99999999200000011523 0.00000000099999999991 0.00000000099999999991 0.00000000099999999991 0.00000000099999999991 0.00000000099999999991 
0.00000000099999999891 0.00000000099999999891 0.00000000099999999891 0.00000000099999999891 0.00000000099999999891 0.99999999199999989319 0.00000000099999999891 0.00000000099999999891 0.00000000099999999891 
