0.00000000099999999982 0.00000000099999999982 0.99999999100000014352 0.00000000099999999982 0.00000000099999999982 0.00000000099999999982 0.00000000099999999982 0.00000000099999999982 0.00000000099999999982 0.00000000099999999982 
0.00000000099999999993 0.00000000099999999993 0.00000000099999999993 0.00000000099999999993 0.00000000099999999993 0.99999999100000014352 0.00000000099999999993 0.00000000099999999993 0.00000000099999999993 0.00000000099999999993 
0.00000000099999999994 0.00000000099999999994 0.00000000099999999994 0.00000000099999999994 0.00000000099999999994 0.99999999100000003249 0.00000000099999999994 0.00000000099999999994 0.00000000099999999994 0.00000000099999999994 
0.02056446434992583241 0.39688369708413184789 0.13175574981161644605 0.04753947700616659860 0.00000000099999999998 0.01034649832288811813 0.00000000099999999998 0.39291010942527110350 0.00000000099999999998 0.00000000099999999998 
0.00000000099999999998 0.23205529124616341985 0.26653974008851666344 0.22894555711465094938 0.00000000099999999998 0.00000000099999999998 0.00181688766917772289 0.20334569685451214793 0.06729682302697906349 0.00000000099999999998 
0.00000000099999999997 0.58537709384382508038 0.00000000099999999997 0.00000000099999999997 0.00000000099999999997 0.00000000099999999997 0.00000000099999999997 0.41462289815617509037 0.00000000099999999997 0.00000000099999999997 
0.00000000099999999995 0.00000000099999999995 0.00000000099999999995 0.00000000099999999995 0.00000000099999999995 0.98368825372636836679 0.00000000099999999995 0.00000000099999999995 0.01631173827363177967 0.00000000099999999995 
0.00000000099999999990 0.00000000099999999990 0.00000000099999999990 0.00000000099999999990 0.00000000099999999990 0.99999999100000014352 0.00000000099999999990 0.00000000099999999990 0.00000000099999999990 0.00000000099999999990 
0.00000000099999999989 0.00000000099999999989 0.00000000099999999989 0.00000000099999999989 0.00000000099999999989 0.00000000099999999989 0.99999999100000003249 0.00000000099999999989 0.00000000099999999989 0.00000000099999999989 
0.00000000099999999993 0.00000000099999999993 0.00000000099999999993 0.00000000099999999993 0.00000000099999999993 0.99999999100000014352 0.00000000099999999993 0.00000000099999999993 0.00000000099999999993 0.00000000099999999993 
0.00000000099999999998 0.53824223076113986153 0.00000000099999999998 0.42946644413418338937 0.00000000099999999998 0.00000000099999999998 0.00000000099999999998 0.00000000099999999998 0.03229131810467685687 0.00000000099999999998 
0.16774838990953694351 0.24737781072438555507 0.06408757177239497727 0.18577969237938274372 0.00000000099999999999 0.01434745425389685053 0.30286214245122422550 0.00861345039084784707 0.00682596163372827663 0.00235752548460235615 
0.00000000099999999987 0.00000000099999999987 0.00000000099999999987 0.99999999100000014352 0.00000000099999999987 0.00000000099999999987 0.00000000099999999987 0.00000000099999999987 0.00000000099999999987 0.00000000099999999987 
0.27834639034236841049 0.49734215637309570068 0.20339836982092981965 0.00000000099999999998 0.00000000099999999998 0.00000000099999999998 0.00000000099999999998 0.00000000099999999998 0.02090828761919782605 0.00000479084440844135 
0.00000000099999999982 0.00000000099999999982 0.99999999100000003249 0.00000000099999999982 0.00000000099999999982 0.00000000099999999982 0.00000000099999999982 0.00000000099999999982 0.00000000099999999982 0.00000000099999999982 
0.11938252774369464970 0.13645158217454597671 0.17425617642851903843 0.09417118959793292776 0.00000000099999999999 0.04184734923991962480 0.21853783136895779671 0.14986615763052132944 0.04212670910389527956 0.02336047571201345027 
0.00000000099999999997 0.00000000099999999997 0.20624169736931471930 0.00000000099999999997 0.00000000099999999997 0.00000000099999999997 0.51630141732788625841 0.27745687830279919250 0.00000000099999999997 0.00000000099999999997 
0.00000000099999999988 0.00000000099999999988 0.00000000099999999988 0.00000000099999999988 0.00000000099999999988 0.00000000099999999988 0.99999999100000003249 0.00000000099999999988 0.00000000099999999988 0.00000000099999999988 
0.12283739955721886816 0.22029703313670764842 0.20591373519019284810 0.16513118055092795844 0.00000000099999999999 0.00000000099999999999 0.25214214245095262212 0.03367850511400001523 0.00000000099999999999 0.00000000099999999999 
0.00000000099999999983 0.00000000099999999983 0.99999999100000014352 0.00000000099999999983 0.00000000099999999983 0.00000000099999999983 0.00000000099999999983 0.00000000099999999983 0.00000000099999999983 0.00000000099999999983 
0.27344240713290335343 0.36066319304581195837 0.00000000099999999997 0.36589439282128488617 0.00000000099999999997 0.00000000099999999997 0.00000000099999999997 0.00000000099999999997 0.00000000099999999997 0.00000000099999999997 
0.00000000099999999995 0.00000000099999999995 0.03431407669088130247 0.00000000099999999995 0.00000000099999999995 0.96568591530911873644 0.00000000099999999995 0.00000000099999999995 0.00000000099999999995 0.00000000099999999995 
0.50628368707619431088 0.00000000099999999996 0.00000000099999999996 0.00000000099999999996 0.00000000099999999996 0.00000000099999999996 0.00000000099999999996 0.47924655385946757225 0.01446975206433830617 0.00000000099999999996 
0.00000000099999999928 0.00000000099999999928 0.00000000099999999928 0.00000000099999999928 0.00000000099999999928 0.00000000099999999928 0.00000000099999999928 0.00000000099999999928 0.99999999100000003249 0.00000000099999999928 
0.00000000099999999996 0.38533881822460519517 0.00004130522880520508 0.35402599834169778958 0.00000000099999999996 0.00452103767984312482 0.25607283552504878088 0.00000000099999999996 0.00000000099999999996 0.00000000099999999996 
0.00000000099999999998 0.46711991897976290478 0.13914641882351189150 0.11133628497140911351 0.00000000099999999998 0.00000000099999999998 0.07614497278784278234 0.19743381470259471766 0.00881858573487859058 0.00000000099999999998 
0.00000000099999999958 0.00000000099999999958 0.00000000099999999958 0.00000000099999999958 0.00000000099999999958 0.00000000099999999958 0.00000000099999999958 0.00000000099999999958 0.00000000099999999958 0.99999999100000003249 
0.00000000099999999957 0.00000000099999999957 0.00000000099999999957 0.00000000099999999957 0.00000000099999999957 0.00000000099999999957 0.00000000099999999957 0.00000000099999999957 0.00000000099999999957 0.99999999099999992147 
0.13335839712801467183 0.57517149265417977233 0.00000000099999999999 0.15606988009636937886 0.00000000099999999999 0.00000000099999999999 0.01031403996765362964 0.10833931082574246862 0.01674687532803998888 0.00000000099999999999 
0.00000000099999999989 0.00000000099999999989 0.00000000099999999989 0.00000000099999999989 0.00000000099999999989 0.00000000099999999989 0.00000000099999999989 0.99999999099999992147 0.00000000099999999989 0.00000000099999999989 
0.00000000099999999995 0.68405156125322741367 0.31594843074677275707 0.00000000099999999995 0.00000000099999999995 0.00000000099999999995 0.00000000099999999995 0.00000000099999999995 0.00000000099999999995 0.00000000099999999995 
0.00000000099999999979 0.00000000099999999979 0.00000000099999999979 0.00000000099999999979 0.00000000099999999979 0.73857725688048170287 0.00000000099999999979 0.00000000099999999979 0.26142273511951841236 0.00000000099999999979 
0.00000000099999999957 0.00000000099999999957 0.00000000099999999957 0.00000000099999999957 0.00000000099999999957 0.00000000099999999957 0.00000000099999999957 0.00000000099999999957 0.63756730129393890394 0.36243269070606104476 
0.32898162368878197670 0.00000005332852243170 0.00000000099999999996 0.00000000099999999996 0.00000000099999999996 0.00000000099999999996 0.46855579673506220217 0.20246252024763325417 0.00000000099999999996 0.00000000099999999996 
0.00000000099999999951 0.00000000099999999951 0.00000000099999999951 0.00000000099999999951 0.99999999100000014352 0.00000000099999999951 0.00000000099999999951 0.00000000099999999951 0.00000000099999999951 0.00000000099999999951 
0.00000000099999999940 0.00000000099999999940 0.00000000099999999940 0.00000000099999999940 0.99999999100000003249 0.00000000099999999940 0.00000000099999999940 0.00000000099999999940 0.00000000099999999940 0.00000000099999999940 
0.00000000099999999939 0.00000000099999999939 0.00000000099999999939 0.00000000099999999939 0.99999999100000003249 0.00000000099999999939 0.00000000099999999939 0.00000000099999999939 0.00000000099999999939 0.00000000099999999939 
0.00000000099999999960 0.00000000099999999960 0.00000000099999999960 0.00000000099999999960 0.00000000099999999960 0.00000000099999999960 0.00000000099999999960 0.00000000099999999960 0.00000000099999999960 0.99999999099999992147 
0.00000000099999999954 0.00000000099999999954 0.00000000099999999954 0.00000000099999999954 0.00000000099999999954 0.00000000099999999954 0.00000000099999999954 0.00000000099999999954 0.00000000099999999954 0.99999999100000003249 
0.00000000099999999985 0.00000000099999999985 0.00000000099999999985 0.99999999100000014352 0.00000000099999999985 0.00000000099999999985 0.00000000099999999985 0.00000000099999999985 0.00000000099999999985 0.00000000099999999985 
0.00000000099999999995 0.00691738631253739113 0.00000000099999999995 0.00000000099999999995 0.00000000099999999995 0.99308260568746276054 0.00000000099999999995 0.00000000099999999995 0.00000000099999999995 0.00000000099999999995 
0.00000000099999999957 0.00000000099999999957 0.00000000099999999957 0.00000000099999999957 0.00000000099999999957 0.00000000099999999957 0.00000000099999999957 0.00000000099999999957 0.00000000099999999957 0.99999999099999992147 
0.00000000099999999999 0.00000000099999999999 0.27683814101629122817 0.00000000099999999999 0.00000000099999999999 0.00070069144437610973 0.39908094605089083906 0.28504569443245614258 0.03833452205598560092 0.00000000099999999999 
0.00000000099999999992 0.00000000099999999992 0.00000000099999999992 0.00000000099999999992 0.00000000099999999992 0.99999999100000003249 0.00000000099999999992 0.00000000099999999992 0.00000000099999999992 0.00000000099999999992 
0.00000000099999999961 0.00000000099999999961 0.00000000099999999961 0.00000000099999999961 0.00000000099999999961 0.00000000099999999961 0.00000000099999999961 0.00000000099999999961 0.00000000099999999961 0.99999999100000003249 
0.00000000099999999999 0.31222307987478298275 0.09566248458974843660 0.20855607764572098306 0.00000000099999999999 0.00000001774756877027 0.03924842985111287597 0.32251612209544522347 0.02179008218312361231 0.00000370401249719589 
0.00000000099999999957 0.00000000099999999957 0.00000000099999999957 0.00000000099999999957 0.00000000099999999957 0.00000000099999999957 0.00000000099999999957 0.00000000099999999957 0.00000000099999999957 0.99999999100000003249 
0.00000000099999999993 0.00000000099999999993 0.00000000099999999993 0.00000000099999999993 0.00000000099999999993 0.99999999100000003249 0.00000000099999999993 0.00000000099999999993 0.00000000099999999993 0.00000000099999999993 
0.00000000099999999989 0.00000000099999999989 0.00000000099999999989 0.00000000099999999989 0.00000000099999999989 0.99999999100000003249 0.00000000099999999989 0.00000000099999999989 0.00000000099999999989 0.00000000099999999989 
0.00000000099999999951 0.00000000099999999951 0.00000000099999999951 0.00000000099999999951 0.00000000099999999951 0.00000000099999999951 0.00000000099999999951 0.00000000099999999951 0.00000000099999999951 0.99999999099999992147 
0.00000000099999999955 0.00000000099999999955 0.00000000099999999955 0.00000000099999999955 0.00000000099999999955 0.00000000099999999955 0.00000000099999999955 0.00000000099999999955 0.00000000099999999955 0.99999999100000003249 
0.00000000099999999995 0.00000000099999999995 0.00000000099999999995 0.00000000099999999995 0.00000000099999999995 0.99999999100000014352 0.00000000099999999995 0.00000000099999999995 0.00000000099999999995 0.00000000099999999995 
0.00000000099999999995 0.00000000099999999995 0.00000000099999999995 0.00000000099999999995 0.00000000099999999995 0.99999998978820114903 0.00000000099999999995 0.00000000221179898917 0.00000000099999999995 0.00000000099999999995 
0.00000000099999999996 0.00000000099999999996 0.00000000099999999996 0.00000000099999999996 0.00000000099999999996 0.99999999100000003249 0.00000000099999999996 0.00000000099999999996 0.00000000099999999996 0.00000000099999999996 
0.00000000099999999963 0.00000000099999999963 0.00000000099999999963 0.00000000099999999963 0.00000000099999999963 0.00000000099999999963 0.00000000099999999963 0.00000000099999999963 0.00000000099999999963 0.99999999099999992147 
0.33170563800345109762 0.00000000099999999999 0.00000000099999999999 0.24322762816200438341 0.00000000099999999999 0.03101430179927365180 0.00000000099999999999 0.36221463493845496018 0.02786054957997586429 0.00397724351683995721 
0.00000000099999999992 0.99999999100000025454 0.00000000099999999992 0.00000000099999999992 0.00000000099999999992 0.00000000099999999992 0.00000000099999999992 0.00000000099999999992 0.00000000099999999992 0.00000000099999999992 
0.00000000099999999979 0.00000000099999999979 0.99999999100000014352 0.00000000099999999979 0.00000000099999999979 0.00000000099999999979 0.00000000099999999979 0.00000000099999999979 0.00000000099999999979 0.00000000099999999979 
0.46318416041832227714 0.00000000099999999996 0.00000000099999999996 0.00000000099999999996 0.00000000099999999996 0.00000000099999999996 0.00000000099999999996 0.53681583158167756054 0.00000000099999999996 0.00000000099999999996 
0.00000000099999999993 0.00000000099999999993 0.00000000099999999993 0.00000000099999999993 0.00000000099999999993 0.99999999100000014352 0.00000000099999999993 0.00000000099999999993 0.00000000099999999993 0.00000000099999999993 
0.00000000099999999996 0.43474721057547555114 0.00000000099999999996 0.56525278142452450858 0.00000000099999999996 0.00000000099999999996 0.00000000099999999996 0.00000000099999999996 0.00000000099999999996 0.00000000099999999996 
0.00000000099999999948 0.00000000099999999948 0.00000000099999999948 0.00000000099999999948 0.99999999100000014352 0.00000000099999999948 0.00000000099999999948 0.00000000099999999948 0.00000000099999999948 0.00000000099999999948 
0.00000000099999999980 0.00000000099999999980 0.99999999100000014352 0.00000000099999999980 0.00000000099999999980 0.00000000099999999980 0.00000000099999999980 0.00000000099999999980 0.00000000099999999980 0.00000000099999999980 
0.00000000099999999949 0.00000000099999999949 0.00000000099999999949 0.00000000099999999949 0.99999999100000014352 0.00000000099999999949 0.00000000099999999949 0.00000000099999999949 0.00000000099999999949 0.00000000099999999949 
0.00000000099999999998 0.00000000099999999998 0.11397677498899733139 0.29763987314916801052 0.00000000099999999998 0.00821882891889611292 0.28506536073980320856 0.23729860169960872995 0.05780055650352655672 0.00000000099999999998 
0.00000000099999999950 0.00000000099999999950 0.00000000099999999950 0.00000000099999999950 0.99999999100000014352 0.00000000099999999950 0.00000000099999999950 0.00000000099999999950 0.00000000099999999950 0.00000000099999999950 
0.40359311807477260547 0.00000000099999999996 0.00000000099999999996 0.00000000099999999996 0.00000000099999999996 0.00000000099999999996 0.59640687392522717669 0.00000000099999999996 0.00000000099999999996 0.00000000099999999996 
0.00000000099999999999 0.40339580055594448371 0.22603163225160000094 0.20051188458046317886 0.00000000099999999999 0.00000000099999999999 0.00000076749258379448 0.14704879882106525191 0.02301111229834321148 0.00000000099999999999 
0.00000000099999999991 0.00000000099999999991 0.00000000099999999991 0.00000000099999999991 0.00000000099999999991 0.99999999100000014352 0.00000000099999999991 0.00000000099999999991 0.00000000099999999991 0.00000000099999999991 
0.27975869370117967261 0.00026783723340439660 0.20188283533495457456 0.00000000099999999996 0.00000000099999999996 0.00000000099999999996 0.27393785847473339778 0.24415277025572804104 0.00000000099999999996 0.00000000099999999996 
0.00000000099999999951 0.00000000099999999951 0.00000000099999999951 0.00000000099999999951 0.99999999100000014352 0.00000000099999999951 0.00000000099999999951 0.00000000099999999951 0.00000000099999999951 0.00000000099999999951 
0.00000000099999999955 0.00000000099999999955 0.00000000099999999955 0.00000000099999999955 0.99999999100000014352 0.00000000099999999955 0.00000000099999999955 0.00000000099999999955 0.00000000099999999955 0.00000000099999999955 
0.07720519448101734183 0.19353051217038921838 0.12254786888455761196 0.27009640136189150272 0.00000000099999999999 0.07816459394595719201 0.21684558206264092917 0.03838967933969242297 0.00000000099999999999 0.00322016575385369614 
0.00000000099999999992 0.00000000099999999992 0.00000000099999999992 0.00000000099999999992 0.00000000099999999992 0.99999999100000003249 0.00000000099999999992 0.00000000099999999992 0.00000000099999999992 0.00000000099999999992 
0.00000000099999999965 0.00000000099999999965 0.00000000099999999965 0.00000000099999999965 0.00000000099999999965 0.00000000099999999965 0.00000000099999999965 0.00000000099999999965 0.00000000099999999965 0.99999999100000003249 
0.00000000099999999993 0.00000000099999999993 0.00000000099999999993 0.00000000099999999993 0.00000000099999999993 0.99999999100000014352 0.00000000099999999993 0.00000000099999999993 0.00000000099999999993 0.00000000099999999993 
0.99999999100000014352 0.00000000099999999988 0.00000000099999999988 0.00000000099999999988 0.00000000099999999988 0.00000000099999999988 0.00000000099999999988 0.00000000099999999988 0.00000000099999999988 0.00000000099999999988 
0.00000000099999999945 0.00000000099999999945 0.00000000099999999945 0.00000000099999999945 0.99999999100000014352 0.00000000099999999945 0.00000000099999999945 0.00000000099999999945 0.00000000099999999945 0.00000000099999999945 
0.00000000099999999947 0.00000000099999999947 0.00000000099999999947 0.00000000099999999947 0.00000000099999999947 0.00000000099999999947 0.00000000099999999947 0.00000000099999999947 0.00000000099999999947 0.99999999099999992147 
0.00000000099999999956 0.00000000099999999956 0.00000000099999999956 0.00000000099999999956 0.99999999100000014352 0.00000000099999999956 0.00000000099999999956 0.00000000099999999956 0.00000000099999999956 0.00000000099999999956 
0.00000000099999999989 0.00000000099999999989 0.00000000099999999989 0.00000000099999999989 0.00000000099999999989 0.00000000099999999989 0.00000000099999999989 0.99999999099999992147 0.00000000099999999989 0.00000000099999999989 
0.00000000099999999988 0.00000000099999999988 0.00000000099999999988 0.00000000099999999988 0.00000000099999999988 0.99999999100000003249 0.00000000099999999988 0.00000000099999999988 0.00000000099999999988 0.00000000099999999988 
0.00000000099999999992 0.00000000099999999992 0.00000000099999999992 0.00000000099999999992 0.00000000099999999992 0.99999999100000003249 0.00000000099999999992 0.00000000099999999992 0.00000000099999999992 0.00000000099999999992 
0.03248542765971908913 0.00000000099999999998 0.28955279746605477875 0.30579918092770208560 0.00000000099999999998 0.21273571861470427780 0.12077881501548634602 0.00000000099999999998 0.03864805631633350808 0.00000000099999999998 
0.20106200176041869043 0.22493223071348802944 0.05067504445512441974 0.00000129962318682367 0.00000000099999999999 0.00004628768150539904 0.20178629968610473089 0.28727603190535783151 0.01508727190997407458 0.01913353126484008265 
0.00000000099999999987 0.00000000099999999987 0.00000000099999999987 0.00000000099999999987 0.00000000099999999987 0.00000000099999999987 0.99999999099999992147 0.00000000099999999987 0.00000000099999999987 0.00000000099999999987 
0.12884775692709204975 0.32222174291589361639 0.09228752039457144285 0.00000000099999999998 0.00000000099999999998 0.00317487669934971364 0.30987008294542461861 0.14359801611766867535 0.00000000099999999998 0.00000000099999999998 
0.08293257598049295909 0.22200558350205829017 0.00000000099999999998 0.35631882402266090715 0.00000000099999999998 0.00000000099999999998 0.19613314084636368495 0.11859845342643669797 0.02401141822198735176 0.00000000099999999998 
0.27309405415039322840 0.00066252617794704271 0.06767360376274392242 0.18563500076725544807 0.00000000099999999997 0.00000000099999999997 0.22322893297856336026 0.24970587816309705587 0.00000000099999999997 0.00000000099999999997 
0.00000000099999999997 0.43869605308673104149 0.00000000099999999997 0.28742546010587904926 0.00000000099999999997 0.00000000099999999997 0.26589115668855567431 0.00000000099999999997 0.00798732411883413228 0.00000000099999999997 
0.21231382390439618169 0.41744485294171629342 0.09640832435903202990 0.27383299279485562305 0.00000000099999999998 0.00000000099999999998 0.00000000099999999998 0.00000000099999999998 0.00000000099999999998 0.00000000099999999998 
0.00000000099999999997 0.60609050464596103680 0.00000000099999999997 0.00000000099999999997 0.00000000099999999997 0.00537846710185224501 0.00000000099999999997 0.38853102125218691443 0.00000000099999999997 0.00000000099999999997 
0.00000000099999999994 0.00000000099999999994 0.00000000099999999994 0.00000000099999999994 0.00000000099999999994 0.99999999100000003249 0.00000000099999999994 0.00000000099999999994 0.00000000099999999994 0.00000000099999999994 
0.00000000099999999995 0.00000000099999999995 0.00000000099999999995 0.05108911710751044138 0.00000000099999999995 0.94891087489248959752 0.00000000099999999995 0.00000000099999999995 0.00000000099999999995 0.00000000099999999995 
0.00000000099999999969 0.00000000099999999969 0.00000000099999999969 0.00000000099999999969 0.99999999100000003249 0.00000000099999999969 0.00000000099999999969 0.00000000099999999969 0.00000000099999999969 0.00000000099999999969 
0.00000000099999999996 0.00000000099999999996 0.00000000099999999996 0.00000000099999999996 0.00000000099999999996 0.99999999100000014352 0.00000000099999999996 0.00000000099999999996 0.00000000099999999996 0.00000000099999999996 
0.00000000099999999998 0.00000000258925455256 0.00001294785451845573 0.00000000099999999998 0.00000000099999999998 0.99975251345453552965 0.00000000099999999998 0.00000000099999999998 0.00023453010169159191 0.00000000099999999998 
0.27673216507074921422 0.39700857980459086649 0.00000000099999999998 0.00000013123769168173 0.00000000099999999998 0.00000000099999999998 0.32625911788696826399 0.00000000099999999998 0.00000000099999999998 0.00000000099999999998 
0.00000000099999999938 0.00000000099999999938 0.00000000099999999938 0.00000000099999999938 0.99999999100000003249 0.00000000099999999938 0.00000000099999999938 0.00000000099999999938 0.00000000099999999938 0.00000000099999999938 
0.37765753326990181282 0.00000000099999999997 0.00000000099999999997 0.00000000099999999997 0.00000000099999999997 0.00000000099999999997 0.30366216877101748217 0.31868029095908051440 0.00000000099999999997 0.00000000099999999997 
0.00000000099999999993 0.99999999100000025454 0.00000000099999999993 0.00000000099999999993 0.00000000099999999993 0.00000000099999999993 0.00000000099999999993 0.00000000099999999993 0.00000000099999999993 0.00000000099999999993 
0.00000000099999999998 0.51185008923544195181 0.18238846794736351953 0.00000000099999999998 0.00000000099999999998 0.00000000099999999998 0.30576143581719472664 0.00000000099999999998 0.00000000099999999998 0.00000000099999999998 
0.32680990551734784288 0.67319008648265221684 0.00000000099999999997 0.00000000099999999997 0.00000000099999999997 0.00000000099999999997 0.00000000099999999997 0.00000000099999999997 0.00000000099999999997 0.00000000099999999997 
0.00000000099999999991 0.00000000099999999991 0.00000000099999999991 0.00000000099999999991 0.00000000099999999991 0.00000000099999999991 0.00000000099999999991 0.99999999100000003249 0.00000000099999999991 0.00000000099999999991 
0.00000000099999999987 0.00000000099999999987 0.00000000099999999987 0.00000000099999999987 0.00000000099999999987 0.00000000099999999987 0.00000000099999999987 0.99999999099999992147 0.00000000099999999987 0.00000000099999999987 
0.21877910037169509549 0.44587351283607773444 0.33534707565619431557 0.00000000099999999998 0.00000000099999999998 0.00000000099999999998 0.00000000099999999998 0.00000030513603295529 0.00000000099999999998 0.00000000099999999998 
0.00000000099999999998 0.00000000099999999998 0.33065370396955284793 0.30659494335597992087 0.00000000099999999998 0.00000000099999999998 0.36275134567446715161 0.00000000099999999998 0.00000000099999999998 0.00000000099999999998 
0.00000000099999999999 0.23828217726342754146 0.21199232297529296831 0.05196686456936276677 0.00000000099999999999 0.00000000099999999999 0.16977018102536409194 0.30468227159390737224 0.00012277782084316351 0.02318340175180222049 
0.17743873853121608364 0.27096146854289232531 0.00000000099999999998 0.00000000099999999998 0.00000000099999999998 0.00000000099999999998 0.24456445770305859644 0.30257533597779778800 0.00000000099999999998 0.00445999424503515981 
0.00000000099999999986 0.00000000099999999986 0.00000000099999999986 0.00000000099999999986 0.00000000099999999986 0.00000000099999999986 0.00000000099999999986 0.99999999099999992147 0.00000000099999999986 0.00000000099999999986 
0.00000000099999999992 0.99999999100000014352 0.00000000099999999992 0.00000000099999999992 0.00000000099999999992 0.00000000099999999992 0.00000000099999999992 0.00000000099999999992 0.00000000099999999992 0.00000000099999999992 
0.00000000099999999996 0.00000000099999999996 0.00000000099999999996 0.42842297530735817812 0.00000000099999999996 0.00000000099999999996 0.57157701669264182609 0.00000000099999999996 0.00000000099999999996 0.00000000099999999996 
0.00000000099999999997 0.46575511442250694394 0.14332226887226440226 0.39092260970522874075 0.00000000099999999997 0.00000000099999999997 0.00000000099999999997 0.00000000099999999997 0.00000000099999999997 0.00000000099999999997 
0.25174559348943309489 0.19320372399810348263 0.00000000360001718315 0.21487088689333488922 0.00000000099999999998 0.00000000099999999998 0.13801091634235226890 0.18862325834489243603 0.01354561433186662195 0.00000000099999999998 
0.00000000099999999997 0.23577493922102088497 0.00000000099999999997 0.34779114283553397291 0.00000000099999999997 0.00564320213742199820 0.00000000099999999997 0.35266929554409587322 0.05812141526192741298 0.00000000099999999997 
0.12412279595579044089 0.53008624797501757708 0.00000000099999999998 0.00000000099999999998 0.00000000099999999998 0.00000000099999999998 0.00000007016589650186 0.34579087990329560043 0.00000000099999999998 0.00000000099999999998 
0.12666735020023711655 0.34186837348334764286 0.16985324345886684827 0.00000000099999999999 0.00000000099999999999 0.01549473127788849637 0.00000000099999999999 0.32557434219483560867 0.02054195538482441255 0.00000000099999999999 
0.04210164682345700349 0.22444334876299537607 0.00000000099999999998 0.41138838818146444831 0.00000000099999999998 0.00000000099999999998 0.00000000099999999998 0.31385452481572884142 0.00821208641635447906 0.00000000099999999998 
0.00000000099999999988 0.00000000099999999988 0.00000000099999999988 0.00000000099999999988 0.00000000099999999988 0.00000000099999999988 0.99999999100000003249 0.00000000099999999988 0.00000000099999999988 0.00000000099999999988 
0.00033496771103667293 0.34893409068381003868 0.22027088684854434497 0.23713651184058359700 0.06734065919632546693 0.00000000100000000000 0.02356780285218356905 0.03560981463659158158 0.06680526423092460198 0.00000000100000000000 
0.00000000099999999994 0.00000000099999999994 0.53686609374591254262 0.00000000099999999994 0.00000000099999999994 0.00000000099999999994 0.46213950068820369710 0.00099439856588380516 0.00000000099999999994 0.00000000099999999994 
0.00000000099999999989 0.00000000099999999989 0.00000000099999999989 0.00000000099999999989 0.00000000099999999989 0.00000000099999999989 0.99999999099999992147 0.00000000099999999989 0.00000000099999999989 0.00000000099999999989 
0.00000000099999999990 0.00000000099999999990 0.00000000099999999990 0.00000000099999999990 0.00000000099999999990 0.00000000099999999990 0.99999999099999992147 0.00000000099999999990 0.00000000099999999990 0.00000000099999999990 
0.00000000099999999998 0.38694075272309486069 0.00000000099999999998 0.23033329555132137090 0.00000000099999999998 0.00000000099999999998 0.00000000099999999998 0.35708214870450211142 0.01407692058743675347 0.01156687743364495473 
0.00000000099999999998 0.35477505031950895553 0.00000000099999999998 0.26951896470105207726 0.00000000099999999998 0.00000000099999999998 0.17041404919673391882 0.17268098646721141698 0.03261094431549348832 0.00000000099999999998 
0.43282801847438434617 0.00000000099999999997 0.00000000099999999997 0.56717197348405290480 0.00000000099999999997 0.00000000099999999997 0.00000000099999999997 0.00000000099999999997 0.00000000104156290904 0.00000000099999999997 
0.14595529407083165929 0.13347586377785275458 0.14624482376393949101 0.19513557837057154964 0.00000000099999999999 0.00000000099999999999 0.14469880555617953277 0.20419039586246398588 0.02999477430675879380 0.00030446229140238716 
0.25221344363724040871 0.09858115741634286555 0.22991960702508218439 0.19724504390774899587 0.00000000099999999997 0.00000000099999999997 0.22204074301358567300 0.00000000099999999997 0.00000000099999999997 0.00000000099999999997 
0.32705137055796301704 0.67294862144203704268 0.00000000099999999994 0.00000000099999999994 0.00000000099999999994 0.00000000099999999994 0.00000000099999999994 0.00000000099999999994 0.00000000099999999994 0.00000000099999999994 
0.00000000099999999992 0.00000000099999999992 0.00000000099999999992 0.00000000099999999992 0.00000000099999999992 0.99999999100000003249 0.00000000099999999992 0.00000000099999999992 0.00000000099999999992 0.00000000099999999992 
0.02302239826639534623 0.00000000099999999996 0.00000000099999999996 0.00000000099999999996 0.00000000099999999996 0.97697759373360482105 0.00000000099999999996 0.00000000099999999996 0.00000000099999999996 0.00000000099999999996 
0.00000000099999999959 0.00000000099999999959 0.00000000099999999959 0.00000000099999999959 0.99999999100000014352 0.00000000099999999959 0.00000000099999999959 0.00000000099999999959 0.00000000099999999959 0.00000000099999999959 
0.00000000099999999949 0.00000000099999999949 0.00000000099999999949 0.00000000099999999949 0.00000000099999999949 0.00000000099999999949 0.00000000099999999949 0.00000000099999999949 0.00000000099999999949 0.99999999099999992147 
0.00000000099999999998 0.00000000099999999998 0.06358080860335039997 0.00000000099999999998 0.00000000099999999998 0.87414472049545810517 0.00000000099999999998 0.00000000099999999998 0.03154281223005128698 0.03073165267114034635 
0.38460868641593703998 0.61539130558406318627 0.00000000099999999995 0.00000000099999999995 0.00000000099999999995 0.00000000099999999995 0.00000000099999999995 0.00000000099999999995 0.00000000099999999995 0.00000000099999999995 
0.00000000099999999994 0.00000000099999999994 0.37653373419212815554 0.62346625780787190418 0.00000000099999999994 0.00000000099999999994 0.00000000099999999994 0.00000000099999999994 0.00000000099999999994 0.00000000099999999994 
0.03248692842907336537 0.00000000099999999996 0.00000000099999999996 0.00000000099999999996 0.00000000099999999996 0.96697930936382048284 0.00000000099999999996 0.00000000099999999996 0.00000000099999999996 0.00053375520710623311 
0.40631917466388839388 0.34788471322515457373 0.00000207433953298397 0.24187620476791432678 0.00000000099999999998 0.00000000119821416391 0.00000000099999999998 0.00000000099999999998 0.00391782780529557288 0.00000000099999999998 
0.25702334554543171397 0.18049391145769239087 0.12447770455534634682 0.09946905089218387175 0.00000000099999999998 0.00000000099999999998 0.08720877612827500347 0.24434718328298296597 0.00000000099999999998 0.00698002513808771916 
0.00000000099999999998 0.31117672397687912156 0.14561405068908231386 0.17823352142446008406 0.00000000099999999998 0.00000000099999999998 0.00000000099999999998 0.34373415133726170634 0.02124154757231681498 0.00000000099999999998 
0.00000000099999999946 0.00000000099999999946 0.00000000099999999946 0.00000000099999999946 0.99999999100000003249 0.00000000099999999946 0.00000000099999999946 0.00000000099999999946 0.00000000099999999946 0.00000000099999999946 
0.00000000099999999949 0.00000000099999999949 0.00000000099999999949 0.00000000099999999949 0.99999999100000014352 0.00000000099999999949 0.00000000099999999949 0.00000000099999999949 0.00000000099999999949 0.00000000099999999949 
0.00000000099999999939 0.00000000099999999939 0.00000000099999999939 0.00000000099999999939 0.99999999100000003249 0.00000000099999999939 0.00000000099999999939 0.00000000099999999939 0.00000000099999999939 0.00000000099999999939 
0.00000000099999999941 0.00000000099999999941 0.00000000099999999941 0.00000000099999999941 0.99999999100000014352 0.00000000099999999941 0.00000000099999999941 0.00000000099999999941 0.00000000099999999941 0.00000000099999999941 
0.00000000099999999943 0.00000000099999999943 0.00000000099999999943 0.00000000099999999943 0.99999999100000003249 0.00000000099999999943 0.00000000099999999943 0.00000000099999999943 0.00000000099999999943 0.00000000099999999943 
0.00000000099999999996 0.00000000099999999996 0.00000000099999999996 0.00000000099999999996 0.00000000099999999996 0.99999999100000003249 0.00000000099999999996 0.00000000099999999996 0.00000000099999999996 0.00000000099999999996 
0.00000000099999999997 0.00000000099999999997 0.42428789881545253548 0.18832592385930946310 0.00000000099999999997 0.00000000099999999997 0.00000000099999999997 0.37619346106249740291 0.01119271026274051492 0.00000000099999999997 
0.00000000099999999942 0.00000000099999999942 0.00000000099999999942 0.00000000099999999942 0.99999999100000003249 0.00000000099999999942 0.00000000099999999942 0.00000000099999999942 0.00000000099999999942 0.00000000099999999942 
0.00000000099999999951 0.00000000099999999951 0.00000000099999999951 0.00000000099999999951 0.99999999100000014352 0.00000000099999999951 0.00000000099999999951 0.00000000099999999951 0.00000000099999999951 0.00000000099999999951 
0.00000000099999999947 0.00000000099999999947 0.00000000099999999947 0.00000000099999999947 0.00000000099999999947 0.00000000099999999947 0.00000000099999999947 0.00000000099999999947 0.00000000099999999947 0.99999999099999992147 
0.00000000099999999948 0.00000000099999999948 0.00000000099999999948 0.00000000099999999948 0.00000000099999999948 0.00000000099999999948 0.00000000099999999948 0.00000000099999999948 0.00000000099999999948 0.99999999099999992147 
0.00000000099999999988 0.00000000099999999988 0.00000000099999999988 0.00000000099999999988 0.00000000099999999988 0.00000000099999999988 0.00000000099999999988 0.99999999099999992147 0.00000000099999999988 0.00000000099999999988 
0.00000000099999999946 0.00000000099999999946 0.00000000099999999946 0.00000000099999999946 0.99999999100000014352 0.00000000099999999946 0.00000000099999999946 0.00000000099999999946 0.00000000099999999946 0.00000000099999999946 
0.99999999100000014352 0.00000000099999999982 0.00000000099999999982 0.00000000099999999982 0.00000000099999999982 0.00000000099999999982 0.00000000099999999982 0.00000000099999999982 0.00000000099999999982 0.00000000099999999982 
0.28462519288249721328 0.00000000099999999997 0.20141724132226362931 0.00000292930595879997 0.00000000099999999997 0.00000000099999999997 0.27216818327451980375 0.24178644821476036331 0.00000000099999999997 0.00000000099999999997 
0.00000000099999999997 0.00000000099999999997 0.00000000099999999997 0.04708003853022964952 0.00000000099999999997 0.94205890918596590922 0.00000002238047606606 0.00000000099999999997 0.01086102390332832103 0.00000000099999999997 
0.56409012834482508136 0.00000000099999999993 0.00000000099999999993 0.43590986365517514489 0.00000000099999999993 0.00000000099999999993 0.00000000099999999993 0.00000000099999999993 0.00000000099999999993 0.00000000099999999993 
0.00000000099999999989 0.00000000099999999989 0.00000000099999999989 0.00000000099999999989 0.00000000099999999989 0.99999999100000014352 0.00000000099999999989 0.00000000099999999989 0.00000000099999999989 0.00000000099999999989 
0.15767885515799229257 0.51630854156769778740 0.00000004004677044244 0.00000000099999999998 0.00000000099999999998 0.00000000099999999998 0.00000000099999999998 0.28695947335539206957 0.03905308487214741164 0.00000000099999999998 
0.00000000099999999992 0.00000000099999999992 0.00000000099999999992 0.00000000099999999992 0.00000000099999999992 0.99999999100000003249 0.00000000099999999992 0.00000000099999999992 0.00000000099999999992 0.00000000099999999992 
0.99999999100000014352 0.00000000099999999980 0.00000000099999999980 0.00000000099999999980 0.00000000099999999980 0.00000000099999999980 0.00000000099999999980 0.00000000099999999980 0.00000000099999999980 0.00000000099999999980 
0.22957589437434647306 0.00000000099999999999 0.00000000212883879993 0.27862552677601065687 0.00000000099999999999 0.00000000099999999999 0.29257882699748477551 0.16900520375713198873 0.03021445446437088719 0.00000008850181643702 
0.00000000099999999951 0.00000000099999999951 0.00000000099999999951 0.00000000099999999951 0.99999999100000014352 0.00000000099999999951 0.00000000099999999951 0.00000000099999999951 0.00000000099999999951 0.00000000099999999951 
0.00000000099999999992 0.00000000099999999992 0.00000000099999999992 0.00000000099999999992 0.00000000099999999992 0.99999999100000014352 0.00000000099999999992 0.00000000099999999992 0.00000000099999999992 0.00000000099999999992 
0.00000000099999999943 0.00000000099999999943 0.00000000099999999943 0.00000000099999999943 0.99999999100000003249 0.00000000099999999943 0.00000000099999999943 0.00000000099999999943 0.00000000099999999943 0.00000000099999999943 
0.00000000099999999943 0.00000000099999999943 0.00000000099999999943 0.00000000099999999943 0.99999999100000014352 0.00000000099999999943 0.00000000099999999943 0.00000000099999999943 0.00000000099999999943 0.00000000099999999943 
0.00000000099999999997 0.00000000099999999997 0.00000005528717781728 0.29664218780608764270 0.00000000099999999997 0.00000000099999999997 0.00000000099999999997 0.70333767090185972393 0.00002008000487460130 0.00000000099999999997 
0.00000000099999999991 0.99999999100000014352 0.00000000099999999991 0.00000000099999999991 0.00000000099999999991 0.00000000099999999991 0.00000000099999999991 0.00000000099999999991 0.00000000099999999991 0.00000000099999999991 
0.00000000099999999987 0.00000000099999999987 0.00000000099999999987 0.00000000099999999987 0.00000000099999999987 0.00000000099999999987 0.00000000099999999987 0.99999999100000003249 0.00000000099999999987 0.00000000099999999987 
0.20787256579631532838 0.23859944985013636920 0.00000000099999999998 0.21616183552619935848 0.00000000099999999998 0.00000000099999999998 0.13571341842865680682 0.17402526874594642647 0.02762745765274569193 0.00000000099999999998 
0.00000000099999999991 0.00000000099999999991 0.00000000099999999991 0.00000000099999999991 0.00000000099999999991 0.00000000099999999991 0.99999999099999992147 0.00000000099999999991 0.00000000099999999991 0.00000000099999999991 
0.00000000099999999996 0.53721108049748278468 0.00000000099999999996 0.00000000099999999996 0.00000000099999999996 0.00000000099999999996 0.46278891150251727504 0.00000000099999999996 0.00000000099999999996 0.00000000099999999996 
0.20297838325051317798 0.00000000099999999997 0.00000000099999999997 0.19114515896939010542 0.00000000099999999997 0.00000000099999999997 0.31641977749771094119 0.28945667428238586183 0.00000000099999999997 0.00000000099999999997 
