0.00000000099999999994 0.00000000099999999994 0.00000000099999999994 0.99999999200000011523 0.00000000099999999994 0.00000000099999999994 0.00000000099999999994 0.00000000099999999994 0.00000000099999999994 
0.00000000099999999990 0.00000000099999999990 0.00000000099999999990 0.00000000099999999990 0.00000000099999999990 0.00000000099999999990 0.00000000099999999990 0.99999999200000000421 0.00000000099999999990 
0.00000000099999999993 0.00000000099999999993 0.00000000099999999993 0.00000000099999999993 0.00000000099999999993 0.02883771975587090530 0.25464044848167233237 0.71652182576245670997 0.00000000099999999993 
0.23368699100401052471 0.34562478536933349815 0.00000000099999999999 0.34742079507946954653 0.00000000099999999999 0.00000000099999999999 0.04953843371907426518 0.00000000099999999999 0.02372899082811211202 
0.29677906361086608955 0.18925295159905888842 0.01073274765272145582 0.36929532039027507251 0.00000000099999999999 0.00410862560899401784 0.00765443008502712016 0.00000000099999999999 0.12217685905305739058 
0.00000000099999999999 0.53650681080557049984 0.00000000099999999999 0.28649736791079649656 0.00000000099999999999 0.00000000099999999999 0.03076150109546262751 0.00000000099999999999 0.14623431518817059382 
0.00000000099999999985 0.00000000099999999985 0.00000000099999999985 0.00000000099999999985 0.00000000099999999985 0.00000000099999999985 0.99999999200000000421 0.00000000099999999985 0.00000000099999999985 
0.00000000099999999988 0.00000000099999999988 0.00000000099999999988 0.00000000099999999988 0.00000000099999999988 0.00000000099999999988 0.00000000099999999988 0.99999999200000000421 0.00000000099999999988 
0.28091557363143110360 0.50187661187217824654 0.01178081716951083144 0.19757246624752858311 0.00000000099999999997 0.00000000099999999997 0.00000000099999999997 0.00785452707935124263 0.00000000099999999997 
0.00000000099999999990 0.00000000099999999990 0.00000000099999999990 0.00000000099999999990 0.00000000099999999990 0.00000000099999999990 0.00000000099999999990 0.99999999199999989319 0.00000000099999999990 
0.27828942805295786567 0.28016870640915025881 0.01010169085613875535 0.31274018111650692120 0.00000000099999999999 0.00000000099999999999 0.00000000099999999999 0.01896755134036946094 0.09973243922487697033 
0.00005335399383740407 0.45155848314209395822 0.00652885278706160331 0.34390165281664003549 0.00000000099999999998 0.00000000099999999998 0.02922456480532541895 0.00000000099999999998 0.16873308945504184031 
0.22310672441572176883 0.28603022771269509539 0.00138607278433952358 0.23152030290821709602 0.00000000099999999999 0.00351305563020339528 0.00500972132712911369 0.00000000099999999999 0.24943389322169409739 
0.00000000099999999999 0.41273448563172238091 0.00781481280227908255 0.28556722438649179141 0.00000000099999999999 0.02010173741756449139 0.00000259922870658047 0.00000001347972615488 0.27377912505350959771 
0.00000000099999999993 0.00000000099999999993 0.00000000099999999993 0.99999999200000000421 0.00000000099999999993 0.00000000099999999993 0.00000000099999999993 0.00000000099999999993 0.00000000099999999993 
0.16291078013844800809 0.33269245872534464192 0.02517246897700030003 0.25696977499514722654 0.00000000099999999999 0.02785962035585635294 0.00000000099999999999 0.05089978958213852572 0.14349510522606498397 
0.08446723763286639874 0.34088557880795961053 0.00000000099999999999 0.43787577375962072335 0.00000000099999999999 0.01039959250121714508 0.00000000099999999999 0.00389301178283966596 0.12247880251549651820 
0.00000000099999999994 0.99999999200000022626 0.00000000099999999994 0.00000000099999999994 0.00000000099999999994 0.00000000099999999994 0.00000000099999999994 0.00000000099999999994 0.00000000099999999994 
0.23591954492928307596 0.24875984521352695333 0.00761956275258806725 0.42699115789006231170 0.00000000413872395458 0.00302339617990195122 0.00000000100000000000 0.00000000100000000000 0.07768648689591378664 
0.57291790251482188623 0.00000000099999999996 0.00000000099999999996 0.42708209048517825623 0.00000000099999999996 0.00000000099999999996 0.00000000099999999996 0.00000000099999999996 0.00000000099999999996 
0.19830368242427978687 0.40906043725713603365 0.00000000099999999999 0.28953262515001720878 0.00000000099999999999 0.00000000099999999999 0.00743672546627261941 0.00000000099999999999 0.09566652570229446095 
0.00000000099999999992 0.00000000099999999992 0.00000000099999999992 0.00000000099999999992 0.00000000099999999992 0.00000000099999999992 0.00000000099999999992 0.99999999199999989319 0.00000000099999999992 
0.16099995075251108401 0.25695194040230801003 0.00000000099999999999 0.35232395177299730138 0.00000000099999999999 0.01205804723458256227 0.02769521330551403052 0.00000000099999999999 0.18997089353208707063 
0.00000000099999999977 0.00000000099999999977 0.00000000099999999977 0.00000000099999999977 0.00000000099999999977 0.00000000099999999977 0.00000000099999999977 0.00000000099999999977 0.99999999200000000421 
0.36593072751913691132 0.11221536491864110563 0.00000000099999999998 0.31063814710831277877 0.00000000099999999998 0.02896713174586293404 0.02108447270963841047 0.00000000099999999998 0.16116415299840800013 
0.21661714242935550812 0.21786541679914084302 0.00000000099999999998 0.55598659118453241934 0.00000000099999999998 0.00691690626536598744 0.00000000099999999998 0.00000000099999999998 0.00261393932160526197 
0.00000000099999999965 0.00000000099999999965 0.99999999200000000421 0.00000000099999999965 0.00000000099999999965 0.00000000099999999965 0.00000000099999999965 0.00000000099999999965 0.00000000099999999965 
0.00000000099999999959 0.00000000099999999959 0.99999999200000011523 0.00000000099999999959 0.00000000099999999959 0.00000000099999999959 0.00000000099999999959 0.00000000099999999959 0.00000000099999999959 
0.00000000099999999997 0.50835773419302998644 0.00000000099999999997 0.20003120309204938665 0.00000000099999999997 0.07565861325459419251 0.00000000099999999997 0.00000000099999999997 0.21595244446032663133 
0.00000000099999999997 0.51462066441954135154 0.00682658142122747648 0.47855274815923126708 0.00000000099999999997 0.00000000099999999997 0.00000000099999999997 0.00000000099999999997 0.00000000099999999997 
0.00000000099999999994 0.92394297040014894407 0.00000000099999999994 0.00000000099999999994 0.00000000099999999994 0.07605702259985110125 0.00000000099999999994 0.00000000099999999994 0.00000000099999999994 
0.00000000099999999991 0.00000000099999999991 0.00000000099999999991 0.00000000099999999991 0.00000000099999999991 0.00000000099999999991 0.00000000099999999991 0.99999999200000000421 0.00000000099999999991 
0.00000000099999999989 0.00000000099999999989 0.35472147596483183385 0.00000000099999999989 0.00000000099999999989 0.00000000099999999989 0.00000000099999999989 0.17976107596463655747 0.46551744207053147306 
0.00000372722042632097 0.50666804474689997040 0.00000000099999999998 0.31816748069803657550 0.00000000099999999998 0.00000000099999999998 0.00000000099999999998 0.00000000099999999998 0.17516074233463732601 
0.00000000099999999958 0.00000000099999999958 0.00000000099999999958 0.00000000099999999958 0.99999999200000000421 0.00000000099999999958 0.00000000099999999958 0.00000000099999999958 0.00000000099999999958 
0.00000000099999999948 0.00000000099999999948 0.00000000099999999948 0.00000000099999999948 0.99999999200000000421 0.00000000099999999948 0.00000000099999999948 0.00000000099999999948 0.00000000099999999948 
0.00000000099999999948 0.00000000099999999948 0.00000000099999999948 0.00000000099999999948 0.99999999200000011523 0.00000000099999999948 0.00000000099999999948 0.00000000099999999948 0.00000000099999999948 
0.00000000099999999965 0.00000000099999999965 0.99999999200000000421 0.00000000099999999965 0.00000000099999999965 0.00000000099999999965 0.00000000099999999965 0.00000000099999999965 0.00000000099999999965 
0.00000000099999999961 0.00000000099999999961 0.99999999200000011523 0.00000000099999999961 0.00000000099999999961 0.00000000099999999961 0.00000000099999999961 0.00000000099999999961 0.00000000099999999961 
0.37712966224110805458 0.21417324613028165814 0.00000000099999999998 0.21778458062202871170 0.00000000099999999998 0.01358508743259198570 0.00000000099999999998 0.00000000099999999998 0.17732741957398961974 
0.00000000099999999993 0.00000000099999999993 0.00000000099999999993 0.00000000099999999993 0.00000000099999999993 0.00000000099999999993 0.00000000163577056228 0.99999999136422934587 0.00000000099999999993 
0.00000000099999999963 0.00000000099999999963 0.99999999200000000421 0.00000000099999999963 0.00000000099999999963 0.00000000099999999963 0.00000000099999999963 0.00000000099999999963 0.00000000099999999963 
0.33237113015282054862 0.00017544635645204572 0.00233936480469441356 0.40776224757552181899 0.00000000099999999999 0.00000000099999999999 0.02099381885726394129 0.00000000099999999999 0.23635798925324730257 
0.00000000099999999988 0.00000000099999999988 0.00000000099999999988 0.00000000099999999988 0.00000000099999999988 0.00000000099999999988 0.00000000099999999988 0.99999999200000000421 0.00000000099999999988 
0.00000000099999999968 0.00000000099999999968 0.99999999200000000421 0.00000000099999999968 0.00000000099999999968 0.00000000099999999968 0.00000000099999999968 0.00000000099999999968 0.00000000099999999968 
0.14410325068507492952 0.41522922263625866579 0.00348425808508208467 0.27680744326924117127 0.00000000099999999998 0.00000000099999999998 0.00000000099999999998 0.01863873049832568546 0.14173709182601743062 
0.00000000099999999963 0.00000000099999999963 0.99999999200000000421 0.00000000099999999963 0.00000000099999999963 0.00000000099999999963 0.00000000099999999963 0.00000000099999999963 0.00000000099999999963 
0.00000000099999999984 0.00000000099999999984 0.00000000099999999984 0.00000000099999999984 0.00000000099999999984 0.00000000099999999984 0.99999999199999989319 0.00000000099999999984 0.00000000099999999984 
0.00000000099999999981 0.00000000099999999981 0.00000000099999999981 0.00000000099999999981 0.00000000099999999981 0.00000000099999999981 0.99999999200000000421 0.00000000099999999981 0.00000000099999999981 
0.00000000099999999958 0.00000000099999999958 0.99999999200000000421 0.00000000099999999958 0.00000000099999999958 0.00000000099999999958 0.00000000099999999958 0.00000000099999999958 0.00000000099999999958 
0.00000000099999999961 0.00000000099999999961 0.99999999200000000421 0.00000000099999999961 0.00000000099999999961 0.00000000099999999961 0.00000000099999999961 0.00000000099999999961 0.00000000099999999961 
0.00000000099999999995 0.00000000099999999995 0.00000000099999999995 0.00000000099999999995 0.00000000099999999995 0.00000000099999999995 0.29692529391755523305 0.70307469908244468737 0.00000000099999999995 
0.00000000099999999994 0.00000000099999999994 0.00000000099999999994 0.00000000099999999994 0.00000000099999999994 0.00000000099999999994 0.50326189575734259218 0.49673809724265732823 0.00000000099999999994 
0.00000000099999999986 0.00000000099999999986 0.00000000099999999986 0.00000000099999999986 0.00000000099999999986 0.00000000099999999986 0.99999999199999989319 0.00000000099999999986 0.00000000099999999986 
0.00000000099999999969 0.00000000099999999969 0.99999999200000011523 0.00000000099999999969 0.00000000099999999969 0.00000000099999999969 0.00000000099999999969 0.00000000099999999969 0.00000000099999999969 
0.10738572145774308297 0.51229394896849833607 0.01355043312941887033 0.17638595590579400629 0.00000000099999999999 0.00000000099999999999 0.00000000099999999999 0.05000607077911745774 0.14037786675942826031 
0.00000000099999999998 0.65223788218624356716 0.02350850133495537356 0.32425361047880113530 0.00000000099999999998 0.00000000099999999998 0.00000000099999999998 0.00000000099999999998 0.00000000099999999998 
0.14147321014066413514 0.30580083709025285277 0.00000000099999999998 0.28233299704757053306 0.00000000099999999998 0.00000000099999999998 0.02177108266024030056 0.00000000099999999998 0.24862186906127242692 
0.00000000099999999992 0.00000000099999999992 0.00000000099999999992 0.82531323093418640369 0.00000000099999999992 0.17468676206581371102 0.00000000099999999992 0.00000000099999999992 0.00000000099999999992 
0.00000000099999999992 0.00000000099999999992 0.00000000099999999992 0.00000000099999999992 0.00000000099999999992 0.00000000099999999992 0.43289561073383175938 0.56710438226616821655 0.00000000099999999992 
0.50901998240199897161 0.49098001059800111534 0.00000000099999999998 0.00000000099999999998 0.00000000099999999998 0.00000000099999999998 0.00000000099999999998 0.00000000099999999998 0.00000000099999999998 
0.00000000099999999955 0.00000000099999999955 0.00000000099999999955 0.00000000099999999955 0.99999999200000011523 0.00000000099999999955 0.00000000099999999955 0.00000000099999999955 0.00000000099999999955 
0.99999999200000011523 0.00000000099999999988 0.00000000099999999988 0.00000000099999999988 0.00000000099999999988 0.00000000099999999988 0.00000000099999999988 0.00000000099999999988 0.00000000099999999988 
0.00000000099999999957 0.00000000099999999957 0.00000000099999999957 0.00000000099999999957 0.99999999200000011523 0.00000000099999999957 0.00000000099999999957 0.00000000099999999957 0.00000000099999999957 
0.99999999200000011523 0.00000000099999999992 0.00000000099999999992 0.00000000099999999992 0.00000000099999999992 0.00000000099999999992 0.00000000099999999992 0.00000000099999999992 0.00000000099999999992 
0.00000000099999999958 0.00000000099999999958 0.00000000099999999958 0.00000000099999999958 0.99999999200000011523 0.00000000099999999958 0.00000000099999999958 0.00000000099999999958 0.00000000099999999958 
0.14995772817803515453 0.35209155490285853896 0.00000000099999999998 0.30547290801724796827 0.00000000099999999998 0.04326706864494903743 0.00000000099999999998 0.00000000099999999998 0.14921073625690925435 
0.00000000099999999987 0.00000000099999999987 0.00000000099999999987 0.00000000099999999987 0.00000000099999999987 0.00000000099999999987 0.00000000099999999987 0.00000000099999999987 0.99999999200000000421 
0.00000000099999999986 0.00000000099999999986 0.00000000099999999986 0.00000000099999999986 0.00000000099999999986 0.00000000099999999986 0.00000000099999999986 0.99999999200000000421 0.00000000099999999986 
0.00000000099999999990 0.00000000099999999990 0.00000000099999999990 0.99999999200000011523 0.00000000099999999990 0.00000000099999999990 0.00000000099999999990 0.00000000099999999990 0.00000000099999999990 
0.00000000099999999957 0.00000000099999999957 0.00000000099999999957 0.00000000099999999957 0.99999999200000000421 0.00000000099999999957 0.00000000099999999957 0.00000000099999999957 0.00000000099999999957 
0.00000000099999999961 0.00000000099999999961 0.00000000099999999961 0.00000000099999999961 0.99999999200000011523 0.00000000099999999961 0.00000000099999999961 0.00000000099999999961 0.00000000099999999961 
0.26899698513074998818 0.15290365719090209806 0.00777463308363667439 0.33340041013885896026 0.00000000099999999999 0.00636591064656194007 0.08592597402840858323 0.00000000099999999999 0.14463242778088175600 
0.00000000099999999992 0.00000000099999999992 0.00000000099999999992 0.00000000099999999992 0.00000000099999999992 0.00000000099999999992 0.26903424273456150173 0.73096575026543841869 0.00000000099999999992 
0.00000000099999999969 0.00000000099999999969 0.99999999200000011523 0.00000000099999999969 0.00000000099999999969 0.00000000099999999969 0.00000000099999999969 0.00000000099999999969 0.00000000099999999969 
0.00000000099999999993 0.00000000099999999993 0.00000000099999999993 0.00000000099999999993 0.00000000099999999993 0.00000000099999999993 0.23744201841750844917 0.76255797458249141574 0.00000000099999999993 
0.16692119202561878089 0.28980088099465495244 0.00000000099999999999 0.30463851694737625886 0.00000000099999999999 0.03367142496613043101 0.01672537686713901350 0.01132796266491134518 0.17691464353416919142 
0.00000000099999999953 0.00000000099999999953 0.00000000099999999953 0.00000000099999999953 0.99999999200000011523 0.00000000099999999953 0.00000000099999999953 0.00000000099999999953 0.00000000099999999953 
0.00000000099999999956 0.00000000099999999956 0.99999999200000011523 0.00000000099999999956 0.00000000099999999956 0.00000000099999999956 0.00000000099999999956 0.00000000099999999956 0.00000000099999999956 
0.00000000099999999963 0.00000000099999999963 0.00000000099999999963 0.00000000099999999963 0.99999999200000000421 0.00000000099999999963 0.00000000099999999963 0.00000000099999999963 0.00000000099999999963 
0.00000000099999999993 0.00000000099999999993 0.00000000099999999993 0.99999999200000000421 0.00000000099999999993 0.00000000099999999993 0.00000000099999999993 0.00000000099999999993 0.00000000099999999993 
0.00000000099999999986 0.00000000099999999986 0.00000000099999999986 0.00000000099999999986 0.00000000099999999986 0.00000000099999999986 0.00000000099999999986 0.99999999199999989319 0.00000000099999999986 
0.00000000099999999989 0.00000000099999999989 0.00000000099999999989 0.00000000099999999989 0.00000000099999999989 0.00000000099999999989 0.00000000099999999989 0.99999999200000000421 0.00000000099999999989 
0.00000000099999999996 0.76350445381527787259 0.00000000099999999996 0.00000000099999999996 0.00000000099999999996 0.00000000099999999996 0.23649553918472243641 0.00000000099999999996 0.00000000099999999996 
0.19048039170644759377 0.33655582929521854485 0.02020389660158641507 0.37794886843274594357 0.00000000099999999999 0.00000090156588952199 0.03099413603003114276 0.00000000099999999999 0.04381597436808108703 
0.45694737805416757448 0.00000000099999999997 0.00000000099999999997 0.52274431013198419116 0.00000000099999999997 0.02030830581384815078 0.00000000099999999997 0.00000000099999999997 0.00000000099999999997 
0.00000000099999999997 0.56369100150642847957 0.00000000099999999997 0.00000000099999999997 0.00000000099999999997 0.00833877691862179929 0.00000000099999999997 0.00000000099999999997 0.42797021557494985267 
0.29312040266879185735 0.43083439716130333963 0.00000000099999999999 0.13963231421778199426 0.00000000099999999999 0.00000000099999999999 0.00000000099999999999 0.00000000099999999999 0.13641288095212300568 
0.17315356006233628694 0.41209722560022510329 0.00000000099999999997 0.40603676746647837659 0.00000000099999999997 0.00871244187096020632 0.00000000099999999997 0.00000000099999999997 0.00000000099999999997 
0.00000000099999999991 0.99999999200000022626 0.00000000099999999991 0.00000000099999999991 0.00000000099999999991 0.00000000099999999991 0.00000000099999999991 0.00000000099999999991 0.00000000099999999991 
0.24873538022681196402 0.33052452206675891899 0.00412887365750871146 0.19624745533048920665 0.00000000099999999999 0.00000000099999999999 0.00983266887797944536 0.00000000099999999999 0.21053109684045184791 
0.35536568944955099214 0.00000000099999999998 0.00000000099999999998 0.33847406911778316063 0.00000000099999999998 0.00000000099999999998 0.00000000099999999998 0.02508306513885442610 0.28107717129381137866 
0.00000000099999999994 0.00000000099999999994 0.00000000099999999994 0.00000000099999999994 0.00000000099999999994 0.00000000099999999994 0.31888860319828038481 0.68111138980171948010 0.00000000099999999994 
0.00000000099999999993 0.00000000099999999993 0.00000000099999999993 0.00000000099999999993 0.00000000099999999993 0.00000000099999999993 0.00000000099999999993 0.99999999199999989319 0.00000000099999999993 
0.00000000099999999974 0.00000000099999999974 0.00000000099999999974 0.00000000099999999974 0.99999999200000000421 0.00000000099999999974 0.00000000099999999974 0.00000000099999999974 0.00000000099999999974 
0.00000000099999999986 0.00000000099999999986 0.00000000099999999986 0.00000000099999999986 0.00000000099999999986 0.00000000099999999986 0.99999999199999989319 0.00000000099999999986 0.00000000099999999986 
0.00000000099999999986 0.00000000099999999986 0.00000000099999999986 0.00000000099999999986 0.00000000099999999986 0.00000000099999999986 0.99999999200000000421 0.00000000099999999986 0.00000000099999999986 
0.19820908536637360520 0.26545237914035207938 0.00328655192773389228 0.25915625865325969679 0.00000000099999999999 0.01408420278342309602 0.01568909679831954548 0.00000000099999999999 0.24412242333053812970 
0.00000000099999999948 0.00000000099999999948 0.00000000099999999948 0.00000000099999999948 0.99999999200000011523 0.00000000099999999948 0.00000000099999999948 0.00000000099999999948 0.00000000099999999948 
0.00000000099999999999 0.35163355591912798248 0.00326603295311857830 0.41205954678426998106 0.00000000099999999999 0.00011063099781017287 0.00000000099999999999 0.00000000099999999999 0.23293022934567345072 
0.35799240338735049960 0.43940666805661449112 0.00000000099999999998 0.00000000099999999998 0.00000000099999999998 0.00000000099999999998 0.00000000099999999998 0.00982049749643224869 0.19278042605960307720 
0.00000000130564351571 0.27403023818790295252 0.00353710795607672240 0.36497616643094404898 0.00000000099999999999 0.00000000099999999999 0.00000000099999999999 0.00000000099999999999 0.35745648211943281680 
0.40539186669885263203 0.00000135230924737560 0.00000000099999999998 0.21252187955371312778 0.00000000099999999998 0.02137150960273268702 0.02158954842800991231 0.00000000099999999998 0.33912384040744414371 
0.45891029967221358410 0.00000000099999999993 0.00000000099999999993 0.00000000099999999993 0.00000000099999999993 0.00000000099999999993 0.00000000099999999993 0.00000000099999999993 0.54108969332778633632 
0.00000000099999999998 0.35138005085425999541 0.00000000099999999998 0.35438956123643233775 0.00000000099999999998 0.00000000099999999998 0.00000000099999999998 0.04528854016643719949 0.24894184274287051162 
0.17292292729759181635 0.00000000099999999998 0.00000000099999999998 0.57919155954667711494 0.00000000099999999998 0.00000000099999999998 0.00000000099999999998 0.00000000099999999998 0.24788550715573115513 
0.38146688789878313575 0.56422263083361001712 0.00000000099999999998 0.00000000099999999998 0.00000000099999999998 0.05431047526760694744 0.00000000099999999998 0.00000000099999999998 0.00000000099999999998 
0.32739861030699779487 0.15063465543539325542 0.02881599291912759903 0.20732745902572616292 0.00000000100000000000 0.00556609888241041927 0.00000000100000000000 0.01225605439060114057 0.26800112703974349193 
0.22428603343177463958 0.47410580069090657584 0.00604497430432197631 0.10702350503932207826 0.00000000099999999999 0.00027421024376593034 0.01212638988542350665 0.00000000099999999999 0.17613908440448525217 
0.36773205592940283459 0.00000031997245171524 0.00000000099999999995 0.63226761809814546744 0.00000000099999999995 0.00000000099999999995 0.00000000099999999995 0.00000000099999999995 0.00000000099999999995 
0.43416811800958676759 0.00000000099999999998 0.00063552330325768094 0.00000000099999999998 0.00000000099999999998 0.00000000099999999998 0.00000000099999999998 0.00000000099999999998 0.56519635268715540111 
0.00000000115436418736 0.60607759669590766105 0.00119673816452696381 0.39209400361006147007 0.00000000099999999997 0.00063165637513975213 0.00000000099999999997 0.00000000099999999997 0.00000000099999999997 
0.47956284626204376265 0.00000000099999999996 0.00000000099999999996 0.00000000099999999996 0.00000000099999999996 0.00000000099999999996 0.00000000099999999996 0.00000000099999999996 0.52043714673795604675 
0.00000000099999999995 0.59198525706290072712 0.00000000099999999995 0.00000000099999999995 0.00000000099999999995 0.00000000099999999995 0.00000000099999999995 0.00000000099999999995 0.40801473593709935983 
0.52109784118320645607 0.00000000099999999997 0.00000000099999999997 0.00000000099999999997 0.00000000099999999997 0.00499249087126752301 0.00923812687416727084 0.00000000099999999997 0.46467153607135874838 
0.00000000099999999999 0.43641031093231030802 0.00060395707265056820 0.35416278143406615397 0.00000000099999999999 0.01463647498665054947 0.00000000099999999999 0.00693655453605145945 0.18724991803827109593 
0.10996457169533228881 0.30167319179789281458 0.00000000099999999999 0.36817388295497238682 0.00000000099999999999 0.00000000137799154724 0.00000000161644669882 0.03492927135590329080 0.18525907720146089774 
0.13915236150916468483 0.37841229827140426822 0.00000000099999999999 0.37705612096625690244 0.00000000099999999999 0.01995629194430831657 0.00000000099999999999 0.00000000099999999999 0.08542292330886597229 
0.19656595457771211533 0.32076902943507318300 0.00000000099999999998 0.29075630676412889120 0.00000000099999999998 0.00586886461343994002 0.00000000099999999998 0.02453735391004616129 0.16150248769959968387 
0.17806087522187016847 0.39297154841968168215 0.00202445528213962165 0.24140428170086863924 0.06843635783797599736 0.00000000100000000000 0.00000000100000000000 0.02421127968665247668 0.09289119985081145670 
0.00000000099999999992 0.00000000099999999992 0.00000000099999999992 0.99999999200000011523 0.00000000099999999992 0.00000000099999999992 0.00000000099999999992 0.00000000099999999992 0.00000000099999999992 
0.05806770130510394839 0.38272028670601182521 0.00000000099999999997 0.32119200482019666376 0.00000000099999999997 0.02173094420132801532 0.01548120957536634756 0.00000000099999999997 0.20080785039199311459 
0.00083475294983877070 0.27045806735596761294 0.00000000099999999997 0.37939559738239814202 0.00000000099999999997 0.02359377976335164107 0.00000000099999999997 0.00511604438571159649 0.32060175516273231588 
0.00000000099999999998 0.31278381087807866079 0.00923047081156781052 0.46105118475656542421 0.00000000099999999998 0.02627961910751359584 0.00000000099999999998 0.00000000099999999998 0.19065491044627447259 
0.09064224451780064640 0.49983015773107619673 0.00000000099999999997 0.19232189425062326538 0.00000000099999999997 0.00000000099999999997 0.00704842356973088471 0.00350654124486816628 0.20665073568590100472 
0.00000000100000000000 0.44122153861981894263 0.00681697286287957435 0.33599450381371998020 0.00000012927871438018 0.00000000100000000000 0.00000000168805618568 0.00000000100000000000 0.21596685073681087808 
0.47820969457936396418 0.24637187546221650525 0.00000000099999999998 0.00000000618660760316 0.00000000099999999998 0.02354431473918380466 0.00000000099999999998 0.00000000099999999998 0.25187410503262824824 
0.19302596895706264357 0.28082545194138647249 0.00000000099999999998 0.21924402408005852494 0.00000000099999999998 0.00000000416829033570 0.00000000099999999998 0.00000000099999999998 0.30690454685320200934 
0.30115429543917382471 0.33981732957667343253 0.00000000099999999997 0.31496419495093774810 0.00000000099999999997 0.00000000099999999997 0.04406417503321503198 0.00000000099999999997 0.00000000099999999997 
0.00000000099999999994 0.00000000099999999994 0.00000000099999999994 0.00000000099999999994 0.00000000099999999994 0.00000000099999999994 0.31754670727127998209 0.68245328572871988282 0.00000000099999999994 
0.00000000099999999985 0.00000000099999999985 0.00000000099999999985 0.00000000099999999985 0.00000000099999999985 0.00000000099999999985 0.99999999200000000421 0.00000000099999999985 0.00000000099999999985 
0.00000000099999999966 0.00000000099999999966 0.00000000099999999966 0.00000000099999999966 0.99999999200000011523 0.00000000099999999966 0.00000000099999999966 0.00000000099999999966 0.00000000099999999966 
0.00000000099999999957 0.00000000099999999957 0.99999999200000000421 0.00000000099999999957 0.00000000099999999957 0.00000000099999999957 0.00000000099999999957 0.00000000099999999957 0.00000000099999999957 
0.00000000099999999996 0.00000000099999999996 0.00000000099999999996 0.00000000099999999996 0.00000000099999999996 0.13225982881352704723 0.00000000099999999996 0.86774016418647303972 0.00000000099999999996 
0.00000000099999999996 0.71596866931088753994 0.00000000099999999996 0.26239631252519218796 0.00000000099999999996 0.00000000099999999996 0.01718709656877012715 0.00000000099999999996 0.00444791659515031846 
0.99999999200000022626 0.00000000099999999989 0.00000000099999999989 0.00000000099999999989 0.00000000099999999989 0.00000000099999999989 0.00000000099999999989 0.00000000099999999989 0.00000000099999999989 
0.00000000099999999992 0.00000000099999999992 0.00000000099999999992 0.00000000099999999992 0.00000000099999999992 0.07638833561530097849 0.40120268829387834009 0.52240897009082054581 0.00000000099999999992 
0.03860949786924447458 0.33926272057442180552 0.00000000099999999998 0.30811083713889936275 0.00000000099999999998 0.00000000099999999998 0.01734696025193270194 0.00000000099999999998 0.29666998016550166772 
0.14493804519011579957 0.34090899218549264305 0.00985176924508541531 0.22784320921724637854 0.00000000099999999998 0.00000000099999999998 0.00000000099999999998 0.00000000099999999998 0.27645798016205991310 
0.15133037351936101667 0.37020860351605028304 0.00000000099999999998 0.45142793727220292821 0.00000000099999999998 0.02703307434184781463 0.00000000099999999998 0.00000000099999999998 0.00000000735053802582 
0.00000000099999999954 0.00000000099999999954 0.00000000099999999954 0.00000000099999999954 0.99999999200000000421 0.00000000099999999954 0.00000000099999999954 0.00000000099999999954 0.00000000099999999954 
0.00000000099999999957 0.00000000099999999957 0.00000000099999999957 0.00000000099999999957 0.99999999200000000421 0.00000000099999999957 0.00000000099999999957 0.00000000099999999957 0.00000000099999999957 
0.00000000099999999948 0.00000000099999999948 0.00000000099999999948 0.00000000099999999948 0.99999999200000011523 0.00000000099999999948 0.00000000099999999948 0.00000000099999999948 0.00000000099999999948 
0.00000000099999999949 0.00000000099999999949 0.00000000099999999949 0.00000000099999999949 0.99999999200000000421 0.00000000099999999949 0.00000000099999999949 0.00000000099999999949 0.00000000099999999949 
0.00000000099999999951 0.00000000099999999951 0.00000000099999999951 0.00000000099999999951 0.99999999200000000421 0.00000000099999999951 0.00000000099999999951 0.00000000099999999951 0.00000000099999999951 
0.00000000099999999993 0.00000000099999999993 0.00000000099999999993 0.00000000099999999993 0.00000000099999999993 0.00000000099999999993 0.00000000099999999993 0.99999999200000000421 0.00000000099999999993 
0.16207503998444974802 0.20997912277600244702 0.00434757318768289047 0.36676023174502647706 0.00000000099999999999 0.00000000099999999999 0.00000000313801870953 0.00000000099999999999 0.25683802616881967751 
0.00000000099999999950 0.00000000099999999950 0.00000000099999999950 0.00000000099999999950 0.99999999200000000421 0.00000000099999999950 0.00000000099999999950 0.00000000099999999950 0.00000000099999999950 
0.00000000099999999958 0.00000000099999999958 0.00000000099999999958 0.00000000099999999958 0.99999999200000011523 0.00000000099999999958 0.00000000099999999958 0.00000000099999999958 0.00000000099999999958 
0.00000000099999999956 0.00000000099999999956 0.99999999200000011523 0.00000000099999999956 0.00000000099999999956 0.00000000099999999956 0.00000000099999999956 0.00000000099999999956 0.00000000099999999956 
0.00000000099999999956 0.00000000099999999956 0.99999999200000000421 0.00000000099999999956 0.00000000099999999956 0.00000000099999999956 0.00000000099999999956 0.00000000099999999956 0.00000000099999999956 
0.00000000099999999992 0.99999999200000022626 0.00000000099999999992 0.00000000099999999992 0.00000000099999999992 0.00000000099999999992 0.00000000099999999992 0.00000000099999999992 0.00000000099999999992 
0.00000000099999999954 0.00000000099999999954 0.00000000099999999954 0.00000000099999999954 0.99999999200000000421 0.00000000099999999954 0.00000000099999999954 0.00000000099999999954 0.00000000099999999954 
0.00000000099999999997 0.70379406780211217765 0.00000000099999999997 0.00000000099999999997 0.00000000099999999997 0.00000000099999999997 0.00495416249206930524 0.00000000099999999997 0.29125176370581878915 
0.00000000099999999992 0.99999999200000011523 0.00000000099999999992 0.00000000099999999992 0.00000000099999999992 0.00000000099999999992 0.00000000099999999992 0.00000000099999999992 0.00000000099999999992 
0.00000000936109680324 0.00794176355151578542 0.00000000099999999998 0.00000000099999999998 0.00000000099999999998 0.00000000099999999998 0.51743327362847857387 0.47462494845890862427 0.00000000099999999998 
0.33242086983565155567 0.17936401182663114229 0.00000000099999999998 0.28956659950562879668 0.00000000099999999998 0.01497095128017409543 0.00574085049472401569 0.00000000347704355821 0.17793671158014690015 
0.00000000099999999987 0.00000000099999999987 0.00000000099999999987 0.00000000099999999987 0.00000000099999999987 0.00000000099999999987 0.00000000099999999987 0.99999999199999989319 0.00000000099999999987 
0.00000000099999999987 0.00000000099999999987 0.00000000099999999987 0.00000000099999999987 0.00000000099999999987 0.00000000099999999987 0.00000000099999999987 0.00000000099999999987 0.99999999199999989319 
0.00000000099999999992 0.00000000099999999992 0.00000000099999999992 0.00000000099999999992 0.00000000099999999992 0.00000000099999999992 0.50123536172801042010 0.49876463127198950032 0.00000000099999999992 
0.00000000099999999998 0.00000000099999999998 0.00000000147639366404 0.44158929979228267459 0.00000000099999999998 0.00770640690667799468 0.00000000099999999998 0.00000000099999999998 0.55070428682464556136 
0.39510252964075748272 0.57283001103428943246 0.00000000099999999998 0.00000000099999999998 0.00000000099999999998 0.03206745332495307410 0.00000000099999999998 0.00000000099999999998 0.00000000099999999998 
0.00000000099999999958 0.00000000099999999958 0.00000000099999999958 0.00000000099999999958 0.99999999200000011523 0.00000000099999999958 0.00000000099999999958 0.00000000099999999958 0.00000000099999999958 
0.00000000099999999980 0.00000000099999999980 0.00000000099999999980 0.00000000099999999980 0.00000000099999999980 0.00000000099999999980 0.99999999200000000421 0.00000000099999999980 0.00000000099999999980 
0.00000000099999999951 0.00000000099999999951 0.00000000099999999951 0.00000000099999999951 0.99999999200000011523 0.00000000099999999951 0.00000000099999999951 0.00000000099999999951 0.00000000099999999951 
0.00000000099999999950 0.00000000099999999950 0.00000000099999999950 0.00000000099999999950 0.99999999200000011523 0.00000000099999999950 0.00000000099999999950 0.00000000099999999950 0.00000000099999999950 
0.22971490765420188307 0.18706133214154790911 0.00000000099999999999 0.35889321224342635164 0.00000000099999999999 0.00000113077078482397 0.00849944219017654407 0.00000000099999999999 0.21582997199986253545 
0.00000000099999999995 0.00000000099999999995 0.00000000099999999995 0.99998142178164584060 0.00000000099999999995 0.00001857121835428004 0.00000000099999999995 0.00000000099999999995 0.00000000099999999995 
0.28770349193025818169 0.34603029793925804691 0.00000000099999999997 0.20464648175511498951 0.00000000099999999997 0.00000000099999999997 0.00000000099999999997 0.00634736320655304199 0.15527236116881579231 
0.15094243657420630678 0.34010294405907021131 0.00000000099999999998 0.28396794706190114921 0.00000000099999999998 0.00000000099999999998 0.00987244337988950858 0.00000000099999999998 0.21511422492493309511 
0.00000000099999999999 0.47924975705014433158 0.00542425082292211438 0.39709795852726703647 0.00000000099999999999 0.00714719566426739571 0.00888409436267599030 0.00000000099999999999 0.10219674057272332135 
0.19148370688400268014 0.30623082340319396355 0.00009039646977725580 0.28184822386335844913 0.00000000099999999998 0.03060308635704152291 0.00000000099999999998 0.01502852727520889026 0.17471523374741726453 
0.99999999200000011523 0.00000000099999999987 0.00000000099999999987 0.00000000099999999987 0.00000000099999999987 0.00000000099999999987 0.00000000099999999987 0.00000000099999999987 0.00000000099999999987 
0.01765878051382339942 0.00000000099999999996 0.00000000099999999996 0.00000000099999999996 0.00000000099999999996 0.00000000099999999996 0.48876428686087042275 0.49357692662530605610 0.00000000099999999996 
0.21681006469988461927 0.22035464031485504921 0.00000000099999999998 0.35985112497296067868 0.00000000099999999998 0.01697578010493960843 0.00000000099999999998 0.00000000099999999998 0.18600838590736004652 
0.00000000099999999951 0.00000000099999999951 0.00000000099999999951 0.00000000099999999951 0.99999999200000011523 0.00000000099999999951 0.00000000099999999951 0.00000000099999999951 0.00000000099999999951 
0.00000000099999999992 0.00000000099999999992 0.00000000099999999992 0.99999999200000000421 0.00000000099999999992 0.00000000099999999992 0.00000000099999999992 0.00000000099999999992 0.00000000099999999992 
0.00000000099999999984 0.00000000099999999984 0.00000000099999999984 0.00000000099999999984 0.99999999200000000421 0.00000000099999999984 0.00000000099999999984 0.00000000099999999984 0.00000000099999999984 
0.00000000099999999957 0.00000000099999999957 0.00000000099999999957 0.00000000099999999957 0.99999999200000011523 0.00000000099999999957 0.00000000099999999957 0.00000000099999999957 0.00000000099999999957 
0.00000001574601665856 0.58300380888314273786 0.00000000099999999998 0.29118339995196890202 0.00000000099999999998 0.04183553578054708538 0.00000000099999999998 0.01346172570361621988 0.07051551093470849463 
0.99999999200000022626 0.00000000099999999987 0.00000000099999999987 0.00000000099999999987 0.00000000099999999987 0.00000000099999999987 0.00000000099999999987 0.00000000099999999987 0.00000000099999999987 
0.00000000099999999992 0.00000000099999999992 0.00000000099999999992 0.99999999200000000421 0.00000000099999999992 0.00000000099999999992 0.00000000099999999992 0.00000000099999999992 0.00000000099999999992 
0.00000000099999999962 0.00000000099999999962 0.00000000099999999962 0.00000000099999999962 0.99999999200000011523 0.00000000099999999962 0.00000000099999999962 0.00000000099999999962 0.00000000099999999962 
0.00000000099999999992 0.00000000099999999992 0.00000000099999999992 0.00000000099999999992 0.00000000099999999992 0.00000000099999999992 0.53564749550786017185 0.46435249749213974857 0.00000000099999999992 
0.00000000099999999993 0.00000000099999999993 0.00000000099999999993 0.00000000099999999993 0.00000000099999999993 0.00000000099999999993 0.25232317834701306625 0.74767681465298685417 0.00000000099999999993 
0.00000000099999999957 0.00000000099999999957 0.00000000099999999957 0.00000000099999999957 0.99999999200000000421 0.00000000099999999957 0.00000000099999999957 0.00000000099999999957 0.00000000099999999957 
0.00000000099999999994 0.00000000099999999994 0.00000000099999999994 0.99999999200000011523 0.00000000099999999994 0.00000000099999999994 0.00000000099999999994 0.00000000099999999994 0.00000000099999999994 
0.00000000099999999998 0.00000000099999999998 0.00000000099999999998 0.99999999200000011523 0.00000000099999999998 0.00000000099999999998 0.00000000099999999998 0.00000000099999999998 0.00000000099999999998 
0.00000000099999999959 0.00000000099999999959 0.00000000099999999959 0.00000000099999999959 0.99999999200000000421 0.00000000099999999959 0.00000000099999999959 0.00000000099999999959 0.00000000099999999959 
0.00000000099999999987 0.00000000099999999987 0.00000000099999999987 0.00000000099999999987 0.00000000099999999987 0.00000000099999999987 0.00000000099999999987 0.00000000099999999987 0.99999999199999989319 
0.00000000099999999987 0.00000000099999999987 0.00000000099999999987 0.00000000099999999987 0.00000000099999999987 0.00000000099999999987 0.00000000099999999987 0.99999999199999989319 0.00000000099999999987 
0.00000000099999999895 0.00000000099999999895 0.00000000099999999895 0.00000000099999999895 0.00000000099999999895 0.99999999199999989319 0.00000000099999999895 0.00000000099999999895 0.00000000099999999895 
