0.12049883337265676619 0.31873297237562775441 0.00000000099999999999 0.00000000099999999999 0.00000000099999999999 0.54550671430671882067 0.01526147594499664348 0.00000000099999999999 
0.00000000099999999994 0.00000000099999999994 0.00000000099999999994 0.00000000099999999994 0.99999999299999997593 0.00000000099999999994 0.00000000099999999994 0.00000000099999999994 
0.00000000099999999995 0.00000000099999999995 0.00000000099999999995 0.00000000099999999995 0.99999999299999997593 0.00000000099999999995 0.00000000099999999995 0.00000000099999999995 
0.00000000099999999999 0.31509172620258157904 0.22482116781780631110 0.00000000099999999999 0.02868647763229917672 0.42978533895829490463 0.00161528638901813982 0.00000000099999999999 
0.00000000099999999999 0.25045673870373258429 0.16148966282231508318 0.10422230097035214968 0.00000000099999999999 0.47603839459666935641 0.00779289990693090087 0.00000000099999999999 
0.00000000099999999999 0.64459370752180800146 0.00000000099999999999 0.03508225898761556383 0.01131142726163053905 0.30901259946566933534 0.00000000376327673284 0.00000000099999999999 
0.00000000099999999996 0.00000000099999999996 0.00000000099999999996 0.00000000099999999996 0.99999999300000008695 0.00000000099999999996 0.00000000099999999996 0.00000000099999999996 
0.00000000099999999992 0.00000000099999999992 0.00000000099999999992 0.00000000099999999992 0.99999999299999997593 0.00000000099999999992 0.00000000099999999992 0.00000000099999999992 
0.00000000099999999987 0.00000000099999999987 0.00000000099999999987 0.99999999300000008695 0.00000000099999999987 0.00000000099999999987 0.00000000099999999987 0.00000000099999999987 
0.00000000099999999994 0.00000000099999999994 0.00000000099999999994 0.00000000099999999994 0.99999999300000008695 0.00000000099999999994 0.00000000099999999994 0.00000000099999999994 
0.00000000099999999990 0.00000000099999999990 0.99999999300000008695 0.00000000099999999990 0.00000000099999999990 0.00000000099999999990 0.00000000099999999990 0.00000000099999999990 
0.08165589205766518588 0.33592510821496457396 0.26414535669872390988 0.09940462719098311362 0.00901472215528950106 0.20639047707644694873 0.00346381560592681206 0.00000000099999999999 
0.00000000099999999990 0.00000000099999999990 0.99999999299999997593 0.00000000099999999990 0.00000000099999999990 0.00000000099999999990 0.00000000099999999990 0.00000000099999999990 
0.12180383242932632526 0.34880573330841574409 0.20921576223313798071 0.10097060734701855667 0.00000000099999999999 0.20798147829239216344 0.01122258438970930028 0.00000000099999999999 
0.07165360785702006019 0.47401383876343045065 0.14900717558134898844 0.00000000099999999999 0.00000000099999999999 0.28867275047288626366 0.01267712466783014851 0.00397550065748403583 
0.06647890955848431704 0.33421077521792108556 0.12183197501179925115 0.14579190856041843172 0.04990156223702385541 0.25528334453223622269 0.02650152388211660798 0.00000000099999999999 
0.00000000099999999995 0.99999999300000008695 0.00000000099999999995 0.00000000099999999995 0.00000000099999999995 0.00000000099999999995 0.00000000099999999995 0.00000000099999999995 
0.00000000099999999987 0.00000000099999999987 0.00000000099999999987 0.99999999300000008695 0.00000000099999999987 0.00000000099999999987 0.00000000099999999987 0.00000000099999999987 
0.00000000100000000000 0.40022956017976946130 0.28849092655827551779 0.00000000100000000000 0.00000000100000000000 0.30510614090513227259 0.00617336835682264547 0.00000000100000000000 
0.00000000099999999994 0.00000000099999999994 0.00000000099999999994 0.00000000099999999994 0.00000000099999999994 0.99999999300000008695 0.00000000099999999994 0.00000000099999999994 
0.12274839957705062365 0.38439891701351525111 0.22029825544852993380 0.00000000099999999998 0.00000000099999999998 0.27255442396090423518 0.00000000099999999998 0.00000000099999999998 
0.03755137664558447219 0.00000000099999999996 0.00000000099999999996 0.00000000099999999996 0.96244861735441555872 0.00000000099999999996 0.00000000099999999996 0.00000000099999999996 
0.12433777744407525923 0.39998507908254354870 0.00000000099999999998 0.18643421720269801045 0.01678162502679741985 0.27246129824388587437 0.00000000099999999998 0.00000000099999999998 
0.00000000099999999975 0.00000000099999999975 0.00000000099999999975 0.99999999300000008695 0.00000000099999999975 0.00000000099999999975 0.00000000099999999975 0.00000000099999999975 
0.15255693043064175174 0.00000000099999999996 0.50325838788381072053 0.00000000099999999996 0.00000000099999999996 0.34418467668554758587 0.00000000099999999996 0.00000000099999999996 
0.00000000099999999999 0.42367116473713595237 0.27120768210272050425 0.06190072560957309705 0.00000000099999999999 0.24322042355057041374 0.00000000099999999999 0.00000000099999999999 
0.00000000099999999969 0.00000000099999999969 0.00000000099999999969 0.00000000099999999969 0.00000000099999999969 0.00000000099999999969 0.99999999299999997593 0.00000000099999999969 
0.00000000099999999965 0.00000000099999999965 0.00000000099999999965 0.00000000099999999965 0.00000000099999999965 0.00000000099999999965 0.99999999299999986491 0.00000000099999999965 
0.26249979523648825364 0.00000000099999999996 0.41308121952920745512 0.32441898023430432163 0.00000000099999999996 0.00000000099999999996 0.00000000099999999996 0.00000000099999999996 
0.00000000099999999989 0.00000000099999999989 0.99999999299999997593 0.00000000099999999989 0.00000000099999999989 0.00000000099999999989 0.00000000099999999989 0.00000000099999999989 
0.14546839223951413267 0.41186676927441845386 0.15182843642596102751 0.00000000099999999998 0.00868166618112231440 0.28215473287898412691 0.00000000099999999998 0.00000000099999999998 
0.00000000099999999992 0.00000000099999999992 0.00000000099999999992 0.09262998044169343248 0.90737001355830659843 0.00000000099999999992 0.00000000099999999992 0.00000000099999999992 
0.00000000099999999985 0.00000000099999999985 0.00000000099999999985 0.51858163918867961062 0.12889906603759943016 0.00000000099999999985 0.35251928977372098961 0.00000000099999999985 
0.00000000099999999995 0.99999999300000019797 0.00000000099999999995 0.00000000099999999995 0.00000000099999999995 0.00000000099999999995 0.00000000099999999995 0.00000000099999999995 
0.00000000099999999963 0.00000000099999999963 0.00000000099999999963 0.00000000099999999963 0.00000000099999999963 0.00000000099999999963 0.00000000099999999963 0.99999999300000008695 
0.00000000099999999955 0.00000000099999999955 0.00000000099999999955 0.00000000099999999955 0.00000000099999999955 0.00000000099999999955 0.00000000099999999955 0.99999999299999997593 
0.00000000099999999955 0.00000000099999999955 0.00000000099999999955 0.00000000099999999955 0.00000000099999999955 0.00000000099999999955 0.00000000099999999955 0.99999999300000008695 
0.00000000099999999971 0.00000000099999999971 0.00000000099999999971 0.00000000099999999971 0.00000000099999999971 0.00000000099999999971 0.99999999299999997593 0.00000000099999999971 
0.00000000099999999966 0.00000000099999999966 0.00000000099999999966 0.00000000099999999966 0.00000000099999999966 0.00000000099999999966 0.99999999299999997593 0.00000000099999999966 
0.17222877885293860767 0.00000018546755453757 0.33838255743277678711 0.00000000099999999997 0.00000000099999999997 0.48938847424673015407 0.00000000099999999997 0.00000000099999999997 
0.00000000099999999996 0.00000000099999999996 0.00000000099999999996 0.00000000099999999996 0.99999999299999997593 0.00000000099999999996 0.00000000099999999996 0.00000000099999999996 
0.00000000099999999968 0.00000000099999999968 0.00000000099999999968 0.00000000099999999968 0.00000000099999999968 0.00000000099999999968 0.99999999299999997593 0.00000000099999999968 
0.13262133455283617312 0.45447904777990821845 0.00000000099999999999 0.09691482927897808464 0.00600937857543456383 0.30807951153895152263 0.00189589627389138591 0.00000000099999999999 
0.00000000099999999994 0.00000000099999999994 0.00000000099999999994 0.00000000099999999994 0.99999999300000008695 0.00000000099999999994 0.00000000099999999994 0.00000000099999999994 
0.00000000099999999972 0.00000000099999999972 0.00000000099999999972 0.00000000099999999972 0.00000000099999999972 0.00000000099999999972 0.99999999299999997593 0.00000000099999999972 
0.00000000099999999995 0.99999999300000019797 0.00000000099999999995 0.00000000099999999995 0.00000000099999999995 0.00000000099999999995 0.00000000099999999995 0.00000000099999999995 
0.00000000099999999968 0.00000000099999999968 0.00000000099999999968 0.00000000099999999968 0.00000000099999999968 0.00000000099999999968 0.99999999299999986491 0.00000000099999999968 
0.00000000099999999995 0.00000000099999999995 0.00000000099999999995 0.00000000099999999995 0.99999999299999997593 0.00000000099999999995 0.00000000099999999995 0.00000000099999999995 
0.00000000099999999991 0.00000000099999999991 0.00000000099999999991 0.00000000099999999991 0.99999999300000008695 0.00000000099999999991 0.00000000099999999991 0.00000000099999999991 
0.00000000099999999964 0.00000000099999999964 0.00000000099999999964 0.00000000099999999964 0.00000000099999999964 0.00000000099999999964 0.99999999299999997593 0.00000000099999999964 
0.00000000099999999967 0.00000000099999999967 0.00000000099999999967 0.00000000099999999967 0.00000000099999999967 0.00000000099999999967 0.99999999299999997593 0.00000000099999999967 
0.00000000099999999995 0.00000000099999999995 0.00000000099999999995 0.00000000099999999995 0.99999999300000008695 0.00000000099999999995 0.00000000099999999995 0.00000000099999999995 
0.00000000099999999996 0.00000000099999999996 0.00000000099999999996 0.00000000099999999996 0.99999999299999997593 0.00000000099999999996 0.00000000099999999996 0.00000000099999999996 
0.00000000099999999996 0.00000000099999999996 0.00562065401900221483 0.00000021800543556396 0.99437912297556230179 0.00000000099999999996 0.00000000099999999996 0.00000000099999999996 
0.00000000099999999972 0.00000000099999999972 0.00000000099999999972 0.00000000099999999972 0.00000000099999999972 0.00000000099999999972 0.99999999299999986491 0.00000000099999999972 
0.00984921163516701281 0.35117634971615030448 0.21850270242121347386 0.18391370489607722361 0.03858567643330620273 0.18458262115225262945 0.01338973274583320043 0.00000000100000000000 
0.00000000099999999997 0.00000000099999999997 0.00000000099999999997 0.30181363060604787796 0.00000000099999999997 0.69155430418480179355 0.00663206020915039010 0.00000000099999999997 
0.10888509457875163167 0.33182162690997091259 0.00000000099999999997 0.00000000099999999997 0.00590057693097999995 0.55339269758029752122 0.00000000099999999997 0.00000000099999999997 
0.00000000099999999996 0.00000000099999999996 0.00000000099999999996 0.00000000099999999996 0.00000000099999999996 0.99999999299999997593 0.00000000099999999996 0.00000000099999999996 
0.00000000099999999994 0.00000000099999999994 0.00000000099999999994 0.00000000099999999994 0.99999999299999997593 0.00000000099999999994 0.00000000099999999994 0.00000000099999999994 
0.00000000099999999991 0.00000000099999999991 0.99999999300000008695 0.00000000099999999991 0.00000000099999999991 0.00000000099999999991 0.00000000099999999991 0.00000000099999999991 
0.00000000099999999961 0.00000000099999999961 0.00000000099999999961 0.00000000099999999961 0.00000000099999999961 0.00000000099999999961 0.00000000099999999961 0.99999999299999997593 
0.00000000099999999993 0.00000000099999999993 0.00000000099999999993 0.00000000099999999993 0.00000000099999999993 0.99999999299999997593 0.00000000099999999993 0.00000000099999999993 
0.00000000099999999962 0.00000000099999999962 0.00000000099999999962 0.00000000099999999962 0.00000000099999999962 0.00000000099999999962 0.00000000099999999962 0.99999999299999997593 
0.03351004873355534208 0.41328729036553379927 0.34397417406881564128 0.17982388099541551929 0.02939542675448453615 0.00000917708219520124 0.00000000099999999998 0.00000000099999999998 
0.00000000099999999963 0.00000000099999999963 0.00000000099999999963 0.00000000099999999963 0.00000000099999999963 0.00000000099999999963 0.00000000099999999963 0.99999999299999997593 
0.22595101123083799477 0.41464813367241798447 0.11838863677155139764 0.00003772530753614439 0.00000000099999999998 0.24097449001765650078 0.00000000099999999998 0.00000000099999999998 
0.11499292921844693482 0.42809297473787122357 0.07812136346897168016 0.00000000099999999999 0.00000000099999999999 0.37391776791889819176 0.00487496165581194178 0.00000000099999999999 
0.00000000099999999993 0.00000000099999999993 0.00000000099999999993 0.00000000099999999993 0.99999999299999997593 0.00000000099999999993 0.00000000099999999993 0.00000000099999999993 
0.00000000099999999992 0.99999999300000008695 0.00000000099999999992 0.00000000099999999992 0.00000000099999999992 0.00000000099999999992 0.00000000099999999992 0.00000000099999999992 
0.00000000099999999963 0.00000000099999999963 0.00000000099999999963 0.00000000099999999963 0.00000000099999999963 0.00000000099999999963 0.00000000099999999963 0.99999999300000008695 
0.00000000099999999966 0.00000000099999999966 0.00000000099999999966 0.00000000099999999966 0.00000000099999999966 0.00000000099999999966 0.00000000099999999966 0.99999999299999997593 
0.06274290192682217826 0.19924531721399540984 0.21898600685196698001 0.00000000099999999999 0.07440643985055309106 0.43538316476845656533 0.00923616738820585981 0.00000000099999999999 
0.00000000099999999993 0.00000000099999999993 0.00000000099999999993 0.00000000099999999993 0.99999999300000008695 0.00000000099999999993 0.00000000099999999993 0.00000000099999999993 
0.00000000099999999974 0.00000000099999999974 0.00000000099999999974 0.00000000099999999974 0.00000000099999999974 0.00000000099999999974 0.99999999299999997593 0.00000000099999999974 
0.00000000099999999994 0.00000000099999999994 0.00000000099999999994 0.00000000099999999994 0.99999999299999997593 0.00000000099999999994 0.00000000099999999994 0.00000000099999999994 
0.20837942250442023640 0.45900159626144809710 0.00000000099999999999 0.10145635491014308449 0.02291916184559674580 0.20824346147839190024 0.00000000099999999999 0.00000000099999999999 
0.00000000099999999959 0.00000000099999999959 0.00000000099999999959 0.00000000099999999959 0.00000000099999999959 0.00000000099999999959 0.00000000099999999959 0.99999999299999997593 
0.00000000099999999961 0.00000000099999999961 0.00000000099999999961 0.00000000099999999961 0.00000000099999999961 0.00000000099999999961 0.99999999299999986491 0.00000000099999999961 
0.00000000099999999968 0.00000000099999999968 0.00000000099999999968 0.00000000099999999968 0.00000000099999999968 0.00000000099999999968 0.00000000099999999968 0.99999999300000008695 
0.00000000099999999994 0.00000000099999999994 0.00000000099999999994 0.00000000099999999994 0.00000000099999999994 0.99999999300000008695 0.00000000099999999994 0.00000000099999999994 
0.00000000099999999991 0.00000000099999999991 0.00000000099999999991 0.00000000099999999991 0.99999999300000008695 0.00000000099999999991 0.00000000099999999991 0.00000000099999999991 
0.00000000099999999993 0.00000000099999999993 0.00000000099999999993 0.00000000099999999993 0.99999999299999997593 0.00000000099999999993 0.00000000099999999993 0.00000000099999999993 
0.15767462446627705797 0.51621637113021767718 0.00000000099999999997 0.11130253381108297372 0.21480646659242216834 0.00000000099999999997 0.00000000099999999997 0.00000000099999999997 
0.04686442638320743870 0.28762116404207849207 0.00019973460631731739 0.20939250640477913290 0.00000000099999999999 0.43697480794885495969 0.01894735861476276942 0.00000000099999999999 
0.08831017675313267146 0.00000577739663241802 0.46316013088870194858 0.00000000099999999997 0.00000000099999999997 0.44852391096153321204 0.00000000099999999997 0.00000000099999999997 
0.05410278975362459164 0.46343298459669884926 0.21822288297430325610 0.02186423033835581745 0.01165686478435612287 0.23072024555266137935 0.00000000099999999998 0.00000000099999999998 
0.00000000099999999999 0.35415479780827419098 0.36777993546579601514 0.00159271213205086724 0.00000000099999999999 0.27647255059387892961 0.00000000099999999999 0.00000000099999999999 
0.02382438927851887253 0.48171411895286025961 0.20797129450475063117 0.10067310140458553269 0.00000000099999999998 0.18581709285928477149 0.00000000099999999998 0.00000000099999999998 
0.00000000099999999998 0.30387689969036923987 0.16244779900777722714 0.12990083735692328770 0.00272216857364385384 0.40105229237128636743 0.00000000099999999998 0.00000000099999999998 
0.00000000099999999988 0.00000000099999999988 0.00000000099999999988 0.99999999299999997593 0.00000000099999999988 0.00000000099999999988 0.00000000099999999988 0.00000000099999999988 
0.00000000099999999998 0.64717969932763774743 0.32679190273742875217 0.00000000099999999998 0.02602839293493361406 0.00000000099999999998 0.00000000099999999998 0.00000000099999999998 
0.00000000099999999995 0.00000000099999999995 0.00000000099999999995 0.00000000099999999995 0.99999999300000008695 0.00000000099999999995 0.00000000099999999995 0.00000000099999999995 
0.00000000099999999997 0.00000000099999999997 0.00000000099999999997 0.00000000099999999997 0.97754984898241714664 0.02245014501758280448 0.00000000099999999997 0.00000000099999999997 
0.00000000099999999977 0.00000000099999999977 0.00000000099999999977 0.00000000099999999977 0.00000000099999999977 0.00000000099999999977 0.00000000099999999977 0.99999999299999997593 
0.00000000099999999997 0.00000000099999999997 0.00000000099999999997 0.00000000099999999997 0.99999999300000008695 0.00000000099999999997 0.00000000099999999997 0.00000000099999999997 
0.00000000099999999997 0.00000000099999999997 0.00000000099999999997 0.00000000099999999997 0.98145192106182999048 0.01854807293817008901 0.00000000099999999997 0.00000000099999999997 
0.11995024063517042978 0.37806094265455220116 0.10665134716327903663 0.16645007311800757988 0.00783212809341574286 0.22105526633557495697 0.00000000099999999999 0.00000000099999999999 
0.00000000099999999954 0.00000000099999999954 0.00000000099999999954 0.00000000099999999954 0.00000000099999999954 0.00000000099999999954 0.00000000099999999954 0.99999999300000008695 
0.09879678920628910677 0.41798338348954894306 0.00000000099999999999 0.11277752792120607217 0.00000000099999999999 0.37044229538295603277 0.00000000099999999999 0.00000000099999999999 
0.06109856114983438363 0.25946588611854898287 0.17641629740573980256 0.12800486150109799399 0.00358496016166544003 0.37069608469657217009 0.00073334796654116055 0.00000000099999999999 
0.02709504433293704467 0.32249101812629482611 0.18488561686248641824 0.07130726185894611935 0.00000000100000000000 0.38863961971755889291 0.00558143710177684289 0.00000000100000000000 
0.07297190588100398168 0.24703778802045295304 0.41203731569490170683 0.00000000579638335509 0.01337667700854233872 0.25457630559871563536 0.00000000099999999999 0.00000000099999999999 
0.00000000099999999992 0.00000000099999999992 0.00000000099999999992 0.00000000099999999992 0.00000000099999999992 0.99999999300000008695 0.00000000099999999992 0.00000000099999999992 
0.00000000099999999996 0.99999999300000008695 0.00000000099999999996 0.00000000099999999996 0.00000000099999999996 0.00000000099999999996 0.00000000099999999996 0.00000000099999999996 
0.00000000099999999998 0.42620523732072107537 0.00000000099999999998 0.00000000099999999998 0.00000000099999999998 0.57379475667927881677 0.00000000099999999998 0.00000000099999999998 
0.05246221127838439358 0.47330336691205782129 0.10122519263874875384 0.07733633337090319027 0.00706827899905562284 0.28554570131643475239 0.00305891448441557301 0.00000000100000000000 
0.03216394850218560336 0.43860917792269210613 0.18235818232083084167 0.00059186182452894897 0.00714164679727306330 0.30989740669794729744 0.02923777493454206636 0.00000000100000000000 
0.00000004195272886601 0.35439510044542210654 0.16181817005633794548 0.19890238496959367076 0.00000000099999999999 0.27899004571860552826 0.00589425485731178735 0.00000000099999999999 
0.00000000099999999996 0.71076707947627748574 0.00000000099999999996 0.00000000099999999996 0.00000000099999999996 0.28923291452372251742 0.00000000099999999996 0.00000000099999999996 
0.00000000099999999997 0.00000000099999999997 0.00000000099999999997 0.00000000099999999997 0.00000000099999999997 0.99275930548307800283 0.00724068851692198819 0.00000000099999999997 
0.00000000099999999998 0.43875836706248672048 0.16395256387846104951 0.09011219157629127285 0.00000000099999999998 0.30087916682138921010 0.00629770766137158818 0.00000000099999999998 
0.04002879157030049539 0.47283922655109261735 0.31064036475649930980 0.00000000099999999999 0.00000185239189537202 0.17648976173021224678 0.00000000099999999999 0.00000000099999999999 
0.00000000099999999998 0.61659999423037525901 0.09096648791658153155 0.09812270542702782039 0.00000000099999999998 0.19431080842601536340 0.00000000099999999998 0.00000000099999999998 
0.00000000099999999996 0.00000000099999999996 0.00000000099999999996 0.30558957958003729605 0.00000000099999999996 0.69441041441996265160 0.00000000099999999996 0.00000000099999999996 
0.14228128412013668624 0.70634177201249648270 0.00000000099999999998 0.15137693886736691695 0.00000000099999999998 0.00000000099999999998 0.00000000099999999998 0.00000000099999999998 
0.00000000099999999999 0.37955776622084047567 0.16396717341082064912 0.13297826851697269746 0.03002592114509850668 0.29347086770626773511 0.00000000099999999999 0.00000000099999999999 
0.13519029852226913113 0.45994869279271405338 0.37089418648507699316 0.03396681819993982443 0.00000000099999999997 0.00000000099999999997 0.00000000099999999997 0.00000000099999999997 
0.09200791579995007408 0.90799207820005001235 0.00000000099999999996 0.00000000099999999996 0.00000000099999999996 0.00000000099999999996 0.00000000099999999996 0.00000000099999999996 
0.04892626437243351167 0.08140791882656958633 0.25637473989860798396 0.09939801488863687917 0.00795727921079659138 0.43567374305026212999 0.00000000149128061702 0.07026203826141261266 
0.13341257559244718012 0.48626149680237845674 0.00000000099999999997 0.00001326734745170584 0.00000000099999999997 0.38031265625772259220 0.00000000099999999997 0.00000000099999999997 
0.05439845100350451657 0.15863731309857678764 0.21870269588606233713 0.14369962975153552365 0.00532633677472087869 0.41923557148559997820 0.00000000099999999998 0.00000000099999999998 
0.00000000099999999989 0.00000000099999999989 0.99999999299999997593 0.00000000099999999989 0.00000000099999999989 0.00000000099999999989 0.00000000099999999989 0.00000000099999999989 
0.00000000099999999999 0.29535949249856902066 0.21634116315032575484 0.06621534640751650103 0.00000000099999999999 0.40824677418920518601 0.01383722075438357547 0.00000000099999999999 
0.04739860490475428234 0.22667789696881993078 0.36112690964360133483 0.13320199883616892778 0.00000000122187800750 0.23159458642477750989 0.00000000099999999998 0.00000000099999999998 
0.07614036621720499110 0.44291031213226594865 0.15448690935016895498 0.32641564001784095783 0.00000000099999999999 0.00004676928251920359 0.00000000099999999999 0.00000000099999999999 
0.05259178632489626415 0.31211807963463616966 0.28956368103062918307 0.08855264440216809030 0.00354933239021745653 0.24806131205390999361 0.00556316316354290089 0.00000000099999999999 
0.15339594928683908392 0.46869424480770416341 0.00000000099999999997 0.00000000099999999997 0.00000000099999999997 0.37790980090545700509 0.00000000099999999997 0.00000000099999999997 
0.00000000099999999989 0.00000000099999999989 0.99999999300000008695 0.00000000099999999989 0.00000000099999999989 0.00000000099999999989 0.00000000099999999989 0.00000000099999999989 
0.00000000099999999994 0.00000000099999999994 0.00000000099999999994 0.00000000099999999994 0.99999999299999997593 0.00000000099999999994 0.00000000099999999994 0.00000000099999999994 
0.00000000099999999997 0.00000000099999999997 0.00365495513713273452 0.00000000099999999997 0.99634503886286740482 0.00000000099999999997 0.00000000099999999997 0.00000000099999999997 
0.00000000099999999970 0.00000000099999999970 0.00000000099999999970 0.00000000099999999970 0.00000000099999999970 0.00000000099999999970 0.00000000099999999970 0.99999999300000008695 
0.00000000099999999963 0.00000000099999999963 0.00000000099999999963 0.00000000099999999963 0.00000000099999999963 0.00000000099999999963 0.99999999299999997593 0.00000000099999999963 
0.00000000099999999999 0.00000000099999999999 0.00000000099999999999 0.00000000099999999999 0.88663622156873955760 0.07729989183991672896 0.03606388159134378546 0.00000000099999999999 
0.09540589541568554599 0.27342513126981038418 0.00000000099999999997 0.21042113454987865229 0.00000000099999999997 0.42074783476462535026 0.00000000099999999997 0.00000000099999999997 
0.23136182707012303839 0.00000000099999999996 0.00000000099999999996 0.00000000099999999996 0.00000000099999999996 0.76863816692987707579 0.00000000099999999996 0.00000000099999999996 
0.04268617545582331640 0.00000000099999999997 0.00000000099999999997 0.00000000099999999997 0.95731381854417685329 0.00000000099999999997 0.00000000099999999997 0.00000000099999999997 
0.07244479444235550625 0.20426901286917081846 0.23397671038517572906 0.08659755031677186798 0.00000101649810715772 0.40271091348841903113 0.00000000099999999999 0.00000000099999999999 
0.09863826624887833683 0.28828967818021938863 0.13174338277910643824 0.13247140355165512582 0.00000000099999999998 0.34254194398295501056 0.00631532325718577817 0.00000000099999999998 
0.04186040948939324935 0.46144926781584577613 0.23808328364588926540 0.09485526314560396854 0.00000000099999999999 0.16375177290326783930 0.00000000099999999999 0.00000000099999999999 
0.00000000099999999960 0.00000000099999999960 0.00000000099999999960 0.00000000099999999960 0.00000000099999999960 0.00000000099999999960 0.00000000099999999960 0.99999999299999997593 
0.00000000099999999962 0.00000000099999999962 0.00000000099999999962 0.00000000099999999962 0.00000000099999999962 0.00000000099999999962 0.00000000099999999962 0.99999999299999997593 
0.00000000099999999955 0.00000000099999999955 0.00000000099999999955 0.00000000099999999955 0.00000000099999999955 0.00000000099999999955 0.00000000099999999955 0.99999999299999997593 
0.00000000099999999956 0.00000000099999999956 0.00000000099999999956 0.00000000099999999956 0.00000000099999999956 0.00000000099999999956 0.00000000099999999956 0.99999999299999997593 
0.00000000099999999957 0.00000000099999999957 0.00000000099999999957 0.00000000099999999957 0.00000000099999999957 0.00000000099999999957 0.00000000099999999957 0.99999999300000008695 
0.00000000099999999997 0.00000000099999999997 0.00000000099999999997 0.00000000099999999997 0.99999999300000008695 0.00000000099999999997 0.00000000099999999997 0.00000000099999999997 
0.00000000099999999999 0.44891795848661919521 0.31932156586963078571 0.00000000432542506015 0.00000000099999999999 0.22238364969860077713 0.00937681861972419414 0.00000000099999999999 
0.00000000099999999957 0.00000000099999999957 0.00000000099999999957 0.00000000099999999957 0.00000000099999999957 0.00000000099999999957 0.00000000099999999957 0.99999999300000008695 
0.00000000099999999964 0.00000000099999999964 0.00000000099999999964 0.00000000099999999964 0.00000000099999999964 0.00000000099999999964 0.00000000099999999964 0.99999999299999997593 
0.00000000099999999961 0.00000000099999999961 0.00000000099999999961 0.00000000099999999961 0.00000000099999999961 0.00000000099999999961 0.99999999299999997593 0.00000000099999999961 
0.00000000099999999962 0.00000000099999999962 0.00000000099999999962 0.00000000099999999962 0.00000000099999999962 0.00000000099999999962 0.99999999299999997593 0.00000000099999999962 
0.00000000099999999995 0.99999999300000019797 0.00000000099999999995 0.00000000099999999995 0.00000000099999999995 0.00000000099999999995 0.00000000099999999995 0.00000000099999999995 
0.00000000099999999960 0.00000000099999999960 0.00000000099999999960 0.00000000099999999960 0.00000000099999999960 0.00000000099999999960 0.00000000099999999960 0.99999999299999997593 
0.00000000099999999995 0.00000000099999999995 0.00000000099999999995 0.00000000099999999995 0.00000000099999999995 0.99999999299999997593 0.00000000099999999995 0.00000000099999999995 
0.00000000099999999997 0.84909773926397058563 0.00000000099999999997 0.15090225473602955630 0.00000000099999999997 0.00000000099999999997 0.00000000099999999997 0.00000000099999999997 
0.07513489598765565880 0.00000000099999999996 0.00000000099999999996 0.00000000099999999996 0.92486509801234439987 0.00000000099999999996 0.00000000099999999996 0.00000000099999999996 
0.08521195937189469938 0.00000000099999999997 0.35993181569032439704 0.20052064899098481776 0.00000000099999999997 0.35433557194679621283 0.00000000099999999997 0.00000000099999999997 
0.00000000099999999991 0.00000000099999999991 0.00000000099999999991 0.00000000099999999991 0.99999999299999997593 0.00000000099999999991 0.00000000099999999991 0.00000000099999999991 
0.00000000099999999994 0.00000000099999999994 0.00000000099999999994 0.00000000099999999994 0.00000000099999999994 0.99999999300000008695 0.00000000099999999994 0.00000000099999999994 
0.00000000099999999993 0.00000000099999999993 0.00000000099999999993 0.00000000099999999993 0.99999999300000008695 0.00000000099999999993 0.00000000099999999993 0.00000000099999999993 
0.99999999300000008695 0.00000000099999999975 0.00000000099999999975 0.00000000099999999975 0.00000000099999999975 0.00000000099999999975 0.00000000099999999975 0.00000000099999999975 
0.14054872122469833085 0.45749222504249115184 0.00000000099999999999 0.14395190262465426545 0.00000000099999999999 0.25493912590830297704 0.00306802219985333711 0.00000000099999999999 
0.00000000099999999964 0.00000000099999999964 0.00000000099999999964 0.00000000099999999964 0.00000000099999999964 0.00000000099999999964 0.00000000099999999964 0.99999999299999997593 
0.00000000099999999994 0.00000000099999999994 0.00000000099999999994 0.00000000099999999994 0.99999999299999997593 0.00000000099999999994 0.00000000099999999994 0.00000000099999999994 
0.00000000099999999958 0.00000000099999999958 0.00000000099999999958 0.00000000099999999958 0.00000000099999999958 0.00000000099999999958 0.00000000099999999958 0.99999999300000008695 
0.00000000099999999957 0.00000000099999999957 0.00000000099999999957 0.00000000099999999957 0.00000000099999999957 0.00000000099999999957 0.00000000099999999957 0.99999999300000008695 
0.06540890900175259925 0.58784405350350099617 0.34674703249474647659 0.00000000099999999998 0.00000000099999999998 0.00000000099999999998 0.00000000099999999998 0.00000000099999999998 
0.10015106232201358150 0.28452518777816454554 0.30709485508502887274 0.03743319422681595093 0.01476131649044807280 0.25603438209752898969 0.00000000099999999998 0.00000000099999999998 
0.00000000099999999997 0.68418040276639391362 0.00000000099999999997 0.00000000099999999997 0.00000000099999999997 0.31581959123360625608 0.00000000099999999997 0.00000000099999999997 
0.04872408045054642950 0.41805887092265126004 0.19017458072998594254 0.16668056069484668558 0.00000000099999999998 0.17636190420196973250 0.00000000099999999998 0.00000000099999999998 
0.00000000099999999997 0.99999999300000008695 0.00000000099999999997 0.00000000099999999997 0.00000000099999999997 0.00000000099999999997 0.00000000099999999997 0.00000000099999999997 
0.06063113772405518548 0.41127293446240775765 0.05031991064375459372 0.22640282887789209276 0.00483301981225048912 0.24654016647963994391 0.00000000099999999998 0.00000000099999999998 
0.00000000099999999993 0.00000000099999999993 0.00000000099999999993 0.00000000099999999993 0.00000000099999999993 0.99999999299999997593 0.00000000099999999993 0.00000000099999999993 
0.05050253888169830424 0.00000000099999999996 0.00000000099999999996 0.00000000099999999996 0.94949745511830174749 0.00000000099999999996 0.00000000099999999996 0.00000000099999999996 
0.09068564794839564791 0.22083310245971293773 0.33321830508106059510 0.00000000099999999997 0.00000000099999999997 0.35526294051083073811 0.00000000099999999997 0.00000000099999999997 
0.00000000099999999957 0.00000000099999999957 0.00000000099999999957 0.00000000099999999957 0.00000000099999999957 0.00000000099999999957 0.00000000099999999957 0.99999999299999997593 
0.00000000099999999997 0.00000000099999999997 0.51967201191397249804 0.00000000099999999997 0.00000000099999999997 0.48032798208602756063 0.00000000099999999997 0.00000000099999999997 
0.00000000099999999987 0.00000000099999999987 0.00000000099999999987 0.00000000099999999987 0.00000000099999999987 0.00000000099999999987 0.00000000099999999987 0.99999999299999997593 
0.00000000099999999963 0.00000000099999999963 0.00000000099999999963 0.00000000099999999963 0.00000000099999999963 0.00000000099999999963 0.00000000099999999963 0.99999999300000008695 
0.11257659726919978793 0.42155693452293685475 0.00000000099999999998 0.12317665610727636383 0.00717635141513112574 0.33551345768545604020 0.00000000099999999998 0.00000000099999999998 
0.00000000099999999996 0.99999999300000008695 0.00000000099999999996 0.00000000099999999996 0.00000000099999999996 0.00000000099999999996 0.00000000099999999996 0.00000000099999999996 
0.00000000099999999998 0.71579317069906922555 0.00000000099999999998 0.00000000099999999998 0.00569500322968761238 0.27851182107124322629 0.00000000099999999998 0.00000000099999999998 
0.00000000099999999966 0.00000000099999999966 0.00000000099999999966 0.00000000099999999966 0.00000000099999999966 0.00000000099999999966 0.00000000099999999966 0.99999999300000008695 
0.00000000099999999993 0.00000000099999999993 0.00000000099999999993 0.00000000099999999993 0.99999999299999997593 0.00000000099999999993 0.00000000099999999993 0.00000000099999999993 
0.00000000099999999994 0.00000000099999999994 0.00000000099999999994 0.00000000099999999994 0.99999999299999997593 0.00000000099999999994 0.00000000099999999994 0.00000000099999999994 
0.00000000099999999962 0.00000000099999999962 0.00000000099999999962 0.00000000099999999962 0.00000000099999999962 0.00000000099999999962 0.00000000099999999962 0.99999999300000008695 
0.00000000099999999998 0.74978496148313211744 0.25021503251686794123 0.00000000099999999998 0.00000000099999999998 0.00000000099999999998 0.00000000099999999998 0.00000000099999999998 
0.05716071676946463814 0.25629041174416428150 0.31137549179386297959 0.00693705011596759940 0.03278365360542666307 0.32452374325234689678 0.01092893171876697586 0.00000000099999999999 
0.00000000099999999964 0.00000000099999999964 0.00000000099999999964 0.00000000099999999964 0.00000000099999999964 0.00000000099999999964 0.00000000099999999964 0.99999999299999997593 
0.19432031468294555521 0.47495241271542554262 0.00000000099999999997 0.33072725530141777739 0.00000000099999999997 0.00000001330021120000 0.00000000099999999997 0.00000000099999999997 
0.00000000099999999991 0.00000000099999999991 0.00000000099999999991 0.00000000099999999991 0.99999999299999997593 0.00000000099999999991 0.00000000099999999991 0.00000000099999999991 
0.99999999300000019797 0.00000000099999999979 0.00000000099999999979 0.00000000099999999979 0.00000000099999999979 0.00000000099999999979 0.00000000099999999979 0.00000000099999999979 
0.05666970974995394483 0.00000000099999999998 0.42718044023950602073 0.06416074970769011787 0.00536784496926200148 0.44662125233358779264 0.00000000099999999998 0.00000000099999999998 
0.00000000099999999997 0.40170668970110573470 0.59829330429889437948 0.00000000099999999997 0.00000000099999999997 0.00000000099999999997 0.00000000099999999997 0.00000000099999999997 
0.00000000099999999989 0.00000000099999999989 0.99999999299999997593 0.00000000099999999989 0.00000000099999999989 0.00000000099999999989 0.00000000099999999989 0.00000000099999999989 
0.00000000099999999998 0.49463169423043340522 0.00000000099999999998 0.16377029224639011451 0.00000000099999999998 0.33647880446604616633 0.00511920505713028221 0.00000000099999999998 
0.00000000099999999997 0.22280806088676247123 0.42858682891934479775 0.34860510519389281692 0.00000000099999999997 0.00000000099999999997 0.00000000099999999997 0.00000000099999999997 
0.07873836120416496942 0.16520916573935554017 0.17381502896901146471 0.12691814193651562714 0.00000000099999999999 0.45531929915095242789 0.00000000099999999999 0.00000000099999999999 
0.00000000099999999985 0.00000000099999999985 0.00000000099999999985 0.99999999300000008695 0.00000000099999999985 0.00000000099999999985 0.00000000099999999985 0.00000000099999999985 
0.99999999300000008695 0.00000000099999999976 0.00000000099999999976 0.00000000099999999976 0.00000000099999999976 0.00000000099999999976 0.00000000099999999976 0.00000000099999999976 
0.00000000099999999995 0.00000000099999999995 0.00000000099999999995 0.00000000099999999995 0.99999999300000008695 0.00000000099999999995 0.00000000099999999995 0.00000000099999999995 
0.08508942630186350220 0.00000000099999999998 0.31473788151697695836 0.16053716386495159307 0.00000000099999999998 0.43963552431620805949 0.00000000099999999998 0.00000000099999999998 
0.28429786764684766842 0.55648857314341249047 0.00000000099999999996 0.15921355420973998251 0.00000000099999999996 0.00000000099999999996 0.00000000099999999996 0.00000000099999999996 
0.00751353988471921853 0.25228724030459792615 0.22422569268573333545 0.16876549306992139066 0.03613101068622644185 0.31107702136880172050 0.00000000099999999999 0.00000000099999999999 
0.00000000099999999998 0.31462874730169876347 0.24096915458439030489 0.00000000099999999998 0.00521818909463986520 0.43918390501927107028 0.00000000099999999998 0.00000000099999999998 
0.00000000099999999998 0.18614571426856824088 0.34855956877033522634 0.00000000099999999998 0.02480645533857845503 0.44048825762251814231 0.00000000099999999998 0.00000000099999999998 
0.23745923494381340757 0.00000000099999999995 0.00000000099999999995 0.00000000099999999995 0.00000000099999999995 0.76254075905618656783 0.00000000099999999995 0.00000000099999999995 
0.05088585771194958918 0.16776831016454205048 0.00000000099999999999 0.28905644572775007761 0.00000000099999999999 0.49228938239575836811 0.00000000099999999999 0.00000000099999999999 
0.00000000099999999996 0.00000000099999999996 0.03867326781384600870 0.00000000099999999996 0.96132672618615389037 0.00000000099999999996 0.00000000099999999996 0.00000000099999999996 
0.99999999300000019797 0.00000000099999999976 0.00000000099999999976 0.00000000099999999976 0.00000000099999999976 0.00000000099999999976 0.00000000099999999976 0.00000000099999999976 
0.07128516562237935394 0.36035729835641167051 0.13501607334368620483 0.04370647240757651042 0.00000000099999999999 0.38170973082313175428 0.00792525744681436307 0.00000000099999999999 
0.00000010836540433166 0.26184680937856663618 0.27582476250746018609 0.10782656292763473371 0.00479030496001789201 0.34384366295719009932 0.00000000100000000000 0.00586778790372618868 
0.02060778136068599012 0.00000000099999999997 0.00000000099999999997 0.00000000099999999997 0.97939221263931419692 0.00000000099999999997 0.00000000099999999997 0.00000000099999999997 
0.04999049760583983842 0.33847365822083635978 0.22102029000178149976 0.01045484336808634625 0.02362216662073078274 0.33817027254928272439 0.00000000100000000000 0.01826827063344250296 
0.00000000099999999998 0.74861555116964795253 0.00000000099999999998 0.25138444283035232818 0.00000000099999999998 0.00000000099999999998 0.00000000099999999998 0.00000000099999999998 
0.07348012302301613896 0.15458152639008537754 0.00000000099999999999 0.15988115551675091686 0.46772852367681799768 0.13955900555848371747 0.00476966383484586209 0.00000000099999999999 
