0.99999999300000008695 0.00000000099999999991 0.00000000099999999991 0.00000000099999999991 0.00000000099999999991 0.00000000099999999991 0.00000000099999999991 0.00000000099999999991 
0.00000000099999999994 0.00000000099999999994 0.00000000099999999994 0.00000000099999999994 0.00000000099999999994 0.00000000099999999994 0.00000000099999999994 0.99999999300000008695 
0.00000000099999999994 0.00000000099999999994 0.00000000099999999994 0.00000000099999999994 0.00000000099999999994 0.00000000099999999994 0.00000000099999999994 0.99999999300000008695 
0.21823316466626535570 0.00000000099999999999 0.31618502367214673665 0.00049374703228578949 0.00000000099999999999 0.00000000099999999999 0.43522120494045440919 0.02986685668884780237 
0.28697684785039179189 0.00000000099999999999 0.10967303416497685420 0.23522704810866845726 0.05860917119954469484 0.00000000099999999999 0.30951389567641796052 0.00000000099999999999 
0.29254521366490965351 0.00000000099999999999 0.01767629564274067130 0.13136205137897838391 0.00000000099999999999 0.00000000099999999999 0.53581734571284578283 0.02259909060052548574 
0.00000000099999999996 0.00000000099999999996 0.00000000099999999996 0.00000000099999999996 0.01519485984073070187 0.00000000099999999996 0.00000000099999999996 0.98480513415926929088 
0.00000000099999999992 0.00000000099999999992 0.00000000099999999992 0.00000000099999999992 0.00000000099999999992 0.00000000099999999992 0.00000000099999999992 0.99999999299999997593 
0.00000007810569180053 0.00000000099999999999 0.23331335180306450594 0.30069816787984282591 0.02799599653173122024 0.01244618417863666698 0.42554621950103282968 0.00000000099999999999 
0.00000000099999999994 0.00000000099999999994 0.00000000099999999994 0.00000000099999999994 0.00000000099999999994 0.00000000099999999994 0.00000000099999999994 0.99999999300000008695 
0.00000000099999999997 0.00000000099999999997 0.00000000099999999997 0.00000000099999999997 0.02054648861507944735 0.00000000099999999997 0.97945350538492059744 0.00000000099999999997 
0.24859682084860895701 0.00000000099999999999 0.10188658064748058740 0.10709564955923332741 0.01826808583847290557 0.00524998193626809075 0.51071248006149805310 0.00819040010843797954 
0.00000000099999999997 0.00000000099999999997 0.00000000099999999997 0.00000000099999999997 0.00000039898665695361 0.00000000099999999997 0.99999959501334290124 0.00000000099999999997 
0.18145997845293923567 0.00000000100000000000 0.08798586582387725452 0.11442633487439672624 0.01709345594295963097 0.01597238234847092944 0.58306197988841890201 0.00000000166893751523 
0.44643044721858554658 0.00000000099999999999 0.00000132193603624667 0.00000000099999999999 0.02437026864099936171 0.00948228723350995513 0.51971567197086887546 0.00000000099999999999 
0.17952246157752210776 0.00000000099999999999 0.10326542208012938484 0.19914402763257449402 0.04889870579763581915 0.02485641443231146122 0.39897832933968840896 0.04533463814013831417 
0.00000000099999999999 0.00000000099999999999 0.29598182243837273253 0.16094906252240354094 0.00004734025446095903 0.00000000099999999999 0.54302177078476265848 0.00000000099999999999 
0.00000000099999999999 0.00000000099999999999 0.33275006687961206087 0.25218889908587288629 0.01141109049377590431 0.00000000099999999999 0.40364993954073907778 0.00000000099999999999 
0.25800358051940230908 0.00000000100000000000 0.03811536096515075189 0.31621682042058468776 0.00000000100000000000 0.00021201531227806603 0.38745221978258415074 0.00000000100000000000 
0.00000000099999999989 0.00000000099999999989 0.00000000099999999989 0.99999999299999997593 0.00000000099999999989 0.00000000099999999989 0.00000000099999999989 0.00000000099999999989 
0.38333646657132286473 0.00000000099999999998 0.07009034954743872947 0.00000000099999999998 0.00000000099999999998 0.00000000099999999998 0.54657317888123835292 0.00000000099999999998 
0.00000000099999999996 0.00000000099999999996 0.00000000099999999996 0.01951978216054155515 0.00000000099999999996 0.00000000099999999996 0.00000000099999999996 0.98048021183945854862 
0.00000000099999999988 0.00000000099999999988 0.99999999299999997593 0.00000000099999999988 0.00000000099999999988 0.00000000099999999988 0.00000000099999999988 0.00000000099999999988 
0.00000000099999999945 0.00000000099999999945 0.00000000099999999945 0.00000000099999999945 0.99999999300000008695 0.00000000099999999945 0.00000000099999999945 0.00000000099999999945 
0.14663285031826339688 0.00000000099999999998 0.17657369439461403915 0.19185612036171564854 0.00000000099999999998 0.00000000099999999998 0.45828587451814301046 0.02665145740726388227 
0.00000000099999999989 0.00000000099999999989 0.99999999300000008695 0.00000000099999999989 0.00000000099999999989 0.00000000099999999989 0.00000000099999999989 0.00000000099999999989 
0.00000000099999999968 0.00000000099999999968 0.00000000099999999968 0.00000000099999999968 0.00000000099999999968 0.99999999300000008695 0.00000000099999999968 0.00000000099999999968 
0.00000000099999999968 0.00000000099999999968 0.00000000099999999968 0.00000000099999999968 0.00000000099999999968 0.99999999300000008695 0.00000000099999999968 0.00000000099999999968 
0.00000000099999999999 0.00000000099999999999 0.25783367158697767518 0.17487309738211423427 0.01637731996599539955 0.00000000099999999999 0.55091590706491244678 0.00000000099999999999 
0.00000000099999999996 0.00000000099999999996 0.00000000099999999996 0.00000000099999999996 0.00000000099999999996 0.00000000099999999996 0.99999999299999997593 0.00000000099999999996 
0.33433848510574454282 0.00000000099999999998 0.12506471418386599925 0.16115551485944704102 0.02332331162005172459 0.00000000099999999998 0.34624555147983943071 0.00987242075105114643 
0.00000000099999999984 0.00000000099999999984 0.00000000099999999984 0.00000000099999999984 0.26506149694158709362 0.00000000099999999984 0.00000000099999999984 0.73493849705841285402 
0.00000000099999999968 0.00000000099999999968 0.00000000099999999968 0.00000000099999999968 0.64197980650682762160 0.35802018749317238155 0.00000000099999999968 0.00000000099999999968 
0.00000000099999999998 0.00000000099999999998 0.25831095719954078049 0.23512666027863193818 0.00000000099999999998 0.00000000099999999998 0.50656237752182708967 0.00000000099999999998 
0.00000000099999999962 0.99999999300000008695 0.00000000099999999962 0.00000000099999999962 0.00000000099999999962 0.00000000099999999962 0.00000000099999999962 0.00000000099999999962 
0.00000000099999999953 0.99999999300000019797 0.00000000099999999953 0.00000000099999999953 0.00000000099999999953 0.00000000099999999953 0.00000000099999999953 0.00000000099999999953 
0.00000000099999999953 0.99999999300000019797 0.00000000099999999953 0.00000000099999999953 0.00000000099999999953 0.00000000099999999953 0.00000000099999999953 0.00000000099999999953 
0.00000000099999999969 0.00000000099999999969 0.00000000099999999969 0.00000000099999999969 0.00000000099999999969 0.99999999300000008695 0.00000000099999999969 0.00000000099999999969 
0.00000000099999999964 0.00000000099999999964 0.00000000099999999964 0.00000000099999999964 0.00000000099999999964 0.99999999299999997593 0.00000000099999999964 0.00000000099999999964 
0.20118826783427140592 0.00000000099999999999 0.21207402562317895223 0.11671851059060556199 0.00970009974578732448 0.00000000099999999999 0.46031909320615671533 0.00000000099999999999 
0.00219832402345261635 0.00000000099999999996 0.00000000099999999996 0.00000000099999999996 0.00000000099999999996 0.00000000099999999996 0.00000000099999999996 0.99780166997654740069 
0.00000000099999999966 0.00000000099999999966 0.00000000099999999966 0.00000000099999999966 0.00000000099999999966 0.99999999300000008695 0.00000000099999999966 0.00000000099999999966 
0.00000000099999999988 0.00000000099999999988 0.99999999300000008695 0.00000000099999999988 0.00000000099999999988 0.00000000099999999988 0.00000000099999999988 0.00000000099999999988 
0.00000000099999999994 0.00000000099999999994 0.00000000099999999994 0.00000000099999999994 0.00000000099999999994 0.00000000099999999994 0.00000000099999999994 0.99999999299999997593 
0.00000000099999999970 0.00000000099999999970 0.00000000099999999970 0.00000000099999999970 0.00000000099999999970 0.99999999299999997593 0.00000000099999999970 0.00000000099999999970 
0.00000000175349676888 0.00000000099999999998 0.27541248749988322952 0.00000000099999999998 0.00312447958057964891 0.00126503315859483479 0.72019605351059812204 0.00000194249684738459 
0.00000000099999999966 0.00000000099999999966 0.00000000099999999966 0.00000000099999999966 0.00000000099999999966 0.99999999299999997593 0.00000000099999999966 0.00000000099999999966 
0.00000000099999999994 0.00000000099999999994 0.00000000099999999994 0.00000000099999999994 0.00000000099999999994 0.00000000099999999994 0.00000000099999999994 0.99999999300000008695 
0.00000000099999999991 0.00000000099999999991 0.00000000099999999991 0.00000000099999999991 0.00000000099999999991 0.00000000099999999991 0.00000000099999999991 0.99999999299999997593 
0.00000000099999999962 0.00000000099999999962 0.00000000099999999962 0.00000000099999999962 0.00000000099999999962 0.99999999300000008695 0.00000000099999999962 0.00000000099999999962 
0.00000000099999999965 0.00000000099999999965 0.00000000099999999965 0.00000000099999999965 0.00000000099999999965 0.99999999299999997593 0.00000000099999999965 0.00000000099999999965 
0.00000000099999999995 0.00000000099999999995 0.00000000099999999995 0.00000000099999999995 0.00000000099999999995 0.00000000099999999995 0.00000000099999999995 0.99999999299999997593 
0.00000000099999999996 0.00000000099999999996 0.00000000099999999996 0.00000000099999999996 0.00000000099999999996 0.00000000099999999996 0.00000000099999999996 0.99999999299999997593 
0.00000000099999999996 0.00000000099999999996 0.00000112526610953760 0.00000000099999999996 0.00000000099999999996 0.00000000099999999996 0.00000000099999999996 0.99999886873389032260 
0.00000000099999999971 0.00000000099999999971 0.00000000099999999971 0.00000000099999999971 0.00000000099999999971 0.99999999299999997593 0.00000000099999999971 0.00000000099999999971 
0.00000000099999999999 0.00000000099999999999 0.00000000099999999999 0.00000000099999999999 0.02394138698480215502 0.00066328499612036923 0.94864247427882775199 0.02675284974024971438 
0.99999999300000008695 0.00000000099999999991 0.00000000099999999991 0.00000000099999999991 0.00000000099999999991 0.00000000099999999991 0.00000000099999999991 0.00000000099999999991 
0.99999999300000008695 0.00000000099999999988 0.00000000099999999988 0.00000000099999999988 0.00000000099999999988 0.00000000099999999988 0.00000000099999999988 0.00000000099999999988 
0.26798358350864198707 0.00000000099999999999 0.16413668845231296767 0.13513176113994679328 0.00000000099999999999 0.00000000099999999999 0.42978738674258520902 0.00296057715651310309 
0.00000000099999999994 0.00000000099999999994 0.00000000099999999994 0.00000000099999999994 0.00000000099999999994 0.00000000099999999994 0.00000000099999999994 0.99999999300000008695 
0.21414584133163294677 0.00000000100000000000 0.21647307571073268195 0.15727055587360347366 0.00003705703502310656 0.00311575119671135808 0.40895771685229642678 0.00000000100000000000 
0.00000000099999999960 0.99999999300000019797 0.00000000099999999960 0.00000000099999999960 0.00000000099999999960 0.00000000099999999960 0.00000000099999999960 0.00000000099999999960 
0.00000000099999999986 0.00000000099999999986 0.00000000099999999986 0.99999999299999997593 0.00000000099999999986 0.00000000099999999986 0.00000000099999999986 0.00000000099999999986 
0.00000000099999999960 0.99999999300000008695 0.00000000099999999960 0.00000000099999999960 0.00000000099999999960 0.00000000099999999960 0.00000000099999999960 0.00000000099999999960 
0.00000000099999999998 0.00000000099999999998 0.24467817115997386734 0.22359258576043014588 0.07159701057292644499 0.00000000099999999998 0.45665827665311425898 0.00347395285355522627 
0.00000000099999999961 0.99999999300000008695 0.00000000099999999961 0.00000000099999999961 0.00000000099999999961 0.00000000099999999961 0.00000000099999999961 0.00000000099999999961 
0.00000000099999999988 0.00000000099999999988 0.00000000099999999988 0.99999999299999997593 0.00000000099999999988 0.00000000099999999988 0.00000000099999999988 0.00000000099999999988 
0.30256516604393135506 0.00000000099999999999 0.00000000099999999999 0.29694656535136249031 0.02497401627956035222 0.00095143861916357618 0.37456281070598212990 0.00000000099999999999 
0.00000000099999999993 0.00000000099999999993 0.00000000099999999993 0.00000000099999999993 0.00000000099999999993 0.00000000099999999993 0.00000000099999999993 0.99999999299999997593 
0.00000000099999999996 0.00000000099999999996 0.00000000099999999996 0.38297778180760572164 0.00000000099999999996 0.00000000099999999996 0.61702221219239405947 0.00000000099999999996 
0.00000000099999999962 0.99999999300000008695 0.00000000099999999962 0.00000000099999999962 0.00000000099999999962 0.00000000099999999962 0.00000000099999999962 0.00000000099999999962 
0.00000000099999999965 0.99999999300000019797 0.00000000099999999965 0.00000000099999999965 0.00000000099999999965 0.00000000099999999965 0.00000000099999999965 0.00000000099999999965 
0.30270724542403260049 0.00000000099999999999 0.04140314409717216898 0.19877864435157224787 0.00000000099999999999 0.00684285982583995693 0.37272918486694933682 0.07753891943443359802 
0.00000000099999999993 0.00000000099999999993 0.00000000099999999993 0.00000000099999999993 0.00000000099999999993 0.00000000099999999993 0.00000000099999999993 0.99999999300000008695 
0.00000000099999999973 0.00000000099999999973 0.00000000099999999973 0.00000000099999999973 0.00000000099999999973 0.99999999299999997593 0.00000000099999999973 0.00000000099999999973 
0.00000000099999999994 0.00000000099999999994 0.00000000099999999994 0.00000000099999999994 0.00000000099999999994 0.00000000099999999994 0.00000000099999999994 0.99999999299999997593 
0.16691423437627331272 0.00000000099999999999 0.10570199224629653334 0.29980638725697045244 0.00001676382180951823 0.00000000099999999999 0.39566743501093637470 0.03189318528771389882 
0.00000000099999999958 0.99999999300000008695 0.00000000099999999958 0.00000000099999999958 0.00000000099999999958 0.00000000099999999958 0.00000000099999999958 0.00000000099999999958 
0.00000000099999999959 0.00000000099999999959 0.00000000099999999959 0.00000000099999999959 0.00000000099999999959 0.99999999299999997593 0.00000000099999999959 0.00000000099999999959 
0.00000000099999999966 0.99999999300000019797 0.00000000099999999966 0.00000000099999999966 0.00000000099999999966 0.00000000099999999966 0.00000000099999999966 0.00000000099999999966 
0.99999999300000019797 0.00000000099999999990 0.00000000099999999990 0.00000000099999999990 0.00000000099999999990 0.00000000099999999990 0.00000000099999999990 0.00000000099999999990 
0.00000000099999999991 0.00000000099999999991 0.00000000099999999991 0.00000000099999999991 0.00000000099999999991 0.00000000099999999991 0.00000000099999999991 0.99999999300000008695 
0.00000000099999999993 0.00000000099999999993 0.00000000099999999993 0.00000000099999999993 0.00000000099999999993 0.00000000099999999993 0.00000000099999999993 0.99999999299999997593 
0.04458836364507701849 0.00000000099999999998 0.25824429359203626699 0.03840351306289321864 0.03781073480657230756 0.00000000099999999998 0.39758163577356331331 0.22337145711985778584 
0.34602543472435798311 0.00000000099999999999 0.29521029538836945916 0.14136011678447973905 0.02032153735517966062 0.02049299012824577770 0.17658962361936733632 0.00000000099999999999 
0.00000000099999999988 0.00000000099999999988 0.99999999299999997593 0.00000000099999999988 0.00000000099999999988 0.00000000099999999988 0.00000000099999999988 0.00000000099999999988 
0.50684759555994807201 0.00000000099999999997 0.00000000099999999997 0.00000657811294119074 0.00000000099999999997 0.00000000099999999997 0.49289085874111249197 0.00025496358599829842 
0.24341172744933198269 0.00000000099999999999 0.00000000099999999999 0.00000000099999999999 0.02730700004399152364 0.00000000099999999999 0.72928126750667632283 0.00000000099999999999 
0.00000000099999999997 0.00000000099999999997 0.10999678180973211650 0.29012922173779726043 0.00000000099999999997 0.00000000099999999997 0.59987399145247044530 0.00000000099999999997 
0.41315188387023810135 0.00000000099999999997 0.00000000099999999997 0.04367556995825416094 0.01588863404245682842 0.00000000099999999997 0.52728390812905068241 0.00000000099999999997 
0.08576739462001400915 0.00000000099999999999 0.00000000099999999999 0.31010001139937709569 0.00000832785002800044 0.00000000099999999999 0.60412426213058068036 0.00000000099999999999 
0.18251062219619593185 0.00000000099999999998 0.28697978451728994864 0.00000000099999999998 0.00000000099999999998 0.00000000099999999998 0.50353585331313999163 0.02697373597337404671 
0.00000000099999999994 0.00000000099999999994 0.00000000099999999994 0.00000000099999999994 0.00000000099999999994 0.00000000099999999994 0.00000000099999999994 0.99999999300000008695 
0.03217833608935009859 0.00000000099999999997 0.00000000099999999997 0.00000000099999999997 0.00000000099999999997 0.00000000099999999997 0.00000000099999999997 0.96782165791065000171 
0.00000000099999999976 0.99999999300000008695 0.00000000099999999976 0.00000000099999999976 0.00000000099999999976 0.00000000099999999976 0.00000000099999999976 0.00000000099999999976 
0.00000000099999999996 0.00000000099999999996 0.00000000099999999996 0.00000000099999999996 0.00000000099999999996 0.00000000099999999996 0.00000000099999999996 0.99999999299999997593 
0.03162948710375660527 0.00000000099999999997 0.00000000099999999997 0.00000000099999999997 0.00000000099999999997 0.00000000099999999997 0.00000000099999999997 0.96837050689624348809 
0.16069124119389754934 0.00000000099999999999 0.00000000099999999999 0.29668136731933253403 0.00000000099999999999 0.00015011571338532204 0.52682031415184249479 0.01565695862154199008 
0.00000000099999999952 0.99999999300000008695 0.00000000099999999952 0.00000000099999999952 0.00000000099999999952 0.00000000099999999952 0.00000000099999999952 0.00000000099999999952 
0.25021437578435884452 0.00000000099999999999 0.21814022297566870723 0.00000000099999999999 0.00000000099999999999 0.00000000099999999999 0.53164539623997220108 0.00000000099999999999 
0.25907763612029938161 0.00000000099999999999 0.00000197685837126534 0.28143554812261689646 0.01059165893145713917 0.00014547195502354082 0.44325122815896883521 0.00549647885326280065 
0.34963923897242132899 0.00000000100000000000 0.00037639338505194789 0.18863753090588153416 0.02801525895910909197 0.00150181675299180975 0.43182975902454429074 0.00000000100000000000 
0.04968640780510087673 0.00000000099999999999 0.16164688824992395899 0.21660689448875480867 0.04032676084502465064 0.00000000099999999999 0.51897732944844909841 0.01275571716274658159 
0.43295965604638542157 0.00000000099999999998 0.15817724717997494466 0.33103391321380559731 0.02905073933663591956 0.00000000099999999998 0.04877844122319800746 0.00000000099999999998 
0.00000000099999999988 0.00000000099999999988 0.99999999299999997593 0.00000000099999999988 0.00000000099999999988 0.00000000099999999988 0.00000000099999999988 0.00000000099999999988 
0.19696427265152477437 0.00000000099999999999 0.00000000099999999999 0.30303735543924215090 0.00205826118814075604 0.00000000099999999999 0.49794010672109240145 0.00000000099999999999 
0.00000000099999999989 0.00000000099999999989 0.99999999299999997593 0.00000000099999999989 0.00000000099999999989 0.00000000099999999989 0.00000000099999999989 0.00000000099999999989 
0.29695577197700079308 0.00000000100000000000 0.15473541683694747029 0.21325808248598548955 0.00186615695610509690 0.02683016292975830622 0.30194241846058950118 0.00441198935361323402 
0.10658549128594564659 0.00000000099999999999 0.14013554920396273373 0.27654083049603989108 0.01096214644586122021 0.00926682730033653347 0.45650915326785412862 0.00000000099999999999 
0.32238977304524252254 0.00000000099999999997 0.00017341247238993735 0.18218641353950587591 0.00000000099999999997 0.00000000099999999997 0.49525039694286160374 0.00000000099999999997 
0.27998574620457666873 0.00000000100000000000 0.16687832268319718887 0.24074390688684629835 0.01882289571997115829 0.02132672603333279210 0.25888108241625279460 0.01336131905582314816 
0.00000000099999999995 0.00000000099999999995 0.00000000099999999995 0.00000000099999999995 0.00000000099999999995 0.00000000099999999995 0.99999999299999997593 0.00000000099999999995 
0.00000000099999999995 0.00000000099999999995 0.00000000099999999995 0.00000000099999999995 0.00000000099999999995 0.00000000099999999995 0.99999999299999986491 0.00000000099999999995 
0.00000000099999999997 0.00000000099999999997 0.00000000099999999997 0.00000000099999999997 0.00000000099999999997 0.00000000099999999997 0.99999999299999986491 0.00000000099999999997 
0.16987041977626360367 0.00000000099999999998 0.24220565496378004822 0.24213548190398487270 0.05789324465939690162 0.00000000099999999998 0.27452193497548416090 0.01337326172109037058 
0.00000000326028935590 0.00000000099999999999 0.22765468917019027195 0.28521181011318613718 0.00089708433363909685 0.00515827878856116914 0.48097879540814164612 0.00009933792599225807 
0.22007622089506456708 0.00000000099999999999 0.09897452484826392560 0.00001184135828026072 0.02779671834778909417 0.00000000099999999999 0.62775007319115805338 0.02539061935944399856 
0.00000000099999999998 0.00000000099999999998 0.20321348093727475970 0.00000000099999999998 0.02112793977593216063 0.00000000099999999998 0.77565857428679307883 0.00000000099999999998 
0.00000000099999999988 0.00000000099999999988 0.99999999299999997593 0.00000000099999999988 0.00000000099999999988 0.00000000099999999988 0.00000000099999999988 0.00000000099999999988 
0.49282172289644321506 0.07146059146032647524 0.00000000100000000000 0.00019526910157546359 0.06503323921084337711 0.00000000100000000000 0.37048917433081135497 0.00000000100000000000 
0.22742612497622707868 0.00000000099999999998 0.12584065237189076547 0.33553012497923573321 0.00001154428837800262 0.00000000099999999998 0.31119155038426843385 0.00000000099999999998 
0.99999999300000008695 0.00000000099999999990 0.00000000099999999990 0.00000000099999999990 0.00000000099999999990 0.00000000099999999990 0.00000000099999999990 0.00000000099999999990 
0.00000000099999999996 0.00000000099999999996 0.00000000099999999996 0.00000000099999999996 0.06077630315767563324 0.00000000099999999996 0.93922369084232437686 0.00000000099999999996 
0.42808941316356891038 0.00000000099999999998 0.00019697543756900832 0.00007658090235713488 0.02943061527279258738 0.01174766267811267785 0.53045875054559965545 0.00000000099999999998 
0.21940600414444408339 0.00000000099999999998 0.28644832382142182414 0.00649476700111178799 0.04286004306468942787 0.00000000099999999998 0.44478789708090982202 0.00000296288742304564 
0.27504747304533255781 0.00000000100000000000 0.12254404160490510456 0.00000000100000000000 0.05622938624129457386 0.00000097531786454215 0.54617812079060323871 0.00000000100000000000 
0.11027770220920062039 0.00000000099999999999 0.25079477415416495667 0.20135476941052679600 0.02021692769935847650 0.00625614109549807972 0.40624102694774616440 0.00485865748350477241 
0.25439090293614163851 0.00000000099999999998 0.00000000099999999998 0.26022790975589604745 0.00000000099999999998 0.00000000099999999998 0.48538118230796223340 0.00000000099999999998 
0.00000000099999999994 0.00000000099999999994 0.00000000099999999994 0.00000000099999999994 0.00000000099999999994 0.00000000099999999994 0.99999999299999997593 0.00000000099999999994 
0.00000000099999999993 0.00000000099999999993 0.00000000099999999993 0.00000000099999999993 0.00000000099999999993 0.00000000099999999993 0.00000000099999999993 0.99999999300000008695 
0.00000000099999999997 0.00000000099999999997 0.00000000099999999997 0.00000000099999999997 0.00000000099999999997 0.00000000099999999997 0.00002194725409516715 0.99997804674590484719 
0.00000000099999999968 0.99999999300000008695 0.00000000099999999968 0.00000000099999999968 0.00000000099999999968 0.00000000099999999968 0.00000000099999999968 0.00000000099999999968 
0.00000000099999999961 0.00000000099999999961 0.00000000099999999961 0.00000000099999999961 0.00000000099999999961 0.99999999300000008695 0.00000000099999999961 0.00000000099999999961 
0.00000000099999999999 0.00000000099999999999 0.00000000099999999999 0.03348751546966126369 0.05088055632111566917 0.03237559389434596646 0.00000000099999999999 0.88325633031487715829 
0.40970854699211611827 0.00000000099999999995 0.03239896837196953178 0.55352653740085722145 0.00000000099999999995 0.00000000099999999995 0.00436594323505709418 0.00000000099999999995 
0.00000000099999999988 0.00000000099999999988 0.00000000099999999988 0.99999999300000008695 0.00000000099999999988 0.00000000099999999988 0.00000000099999999988 0.00000000099999999988 
0.00000000099999999997 0.00000000099999999997 0.04036250310925158097 0.00000000099999999997 0.00000000099999999997 0.00002338097242214909 0.00000000099999999997 0.95961411091832626852 
0.23321846241945465295 0.00000000099999999999 0.06473006471795302030 0.17604288185388219934 0.00154884897440493718 0.00000000099999999999 0.51389385748695104450 0.01056588254735396637 
0.27250175066135351454 0.00000000099999999998 0.00192724193839251506 0.15585332405699903191 0.01200688572175958972 0.01092780259240326395 0.54678299302909205704 0.00000000099999999998 
0.00000000099999999988 0.00000000099999999988 0.99999999299999997593 0.00000000099999999988 0.00000000099999999988 0.00000000099999999988 0.00000000099999999988 0.00000000099999999988 
0.00000000099999999958 0.99999999300000008695 0.00000000099999999958 0.00000000099999999958 0.00000000099999999958 0.00000000099999999958 0.00000000099999999958 0.00000000099999999958 
0.00000000099999999960 0.99999999300000008695 0.00000000099999999960 0.00000000099999999960 0.00000000099999999960 0.00000000099999999960 0.00000000099999999960 0.00000000099999999960 
0.00000000099999999952 0.99999999300000019797 0.00000000099999999952 0.00000000099999999952 0.00000000099999999952 0.00000000099999999952 0.00000000099999999952 0.00000000099999999952 
0.00000000099999999955 0.99999999300000008695 0.00000000099999999955 0.00000000099999999955 0.00000000099999999955 0.00000000099999999955 0.00000000099999999955 0.00000000099999999955 
0.00000000099999999956 0.99999999300000008695 0.00000000099999999956 0.00000000099999999956 0.00000000099999999956 0.00000000099999999956 0.00000000099999999956 0.00000000099999999956 
0.00000000099999999997 0.00000000099999999997 0.00000000099999999997 0.00000000099999999997 0.00000000099999999997 0.00000000099999999997 0.00000000099999999997 0.99999999299999997593 
0.99999999300000019797 0.00000000099999999991 0.00000000099999999991 0.00000000099999999991 0.00000000099999999991 0.00000000099999999991 0.00000000099999999991 0.00000000099999999991 
0.00000000099999999955 0.99999999300000008695 0.00000000099999999955 0.00000000099999999955 0.00000000099999999955 0.00000000099999999955 0.00000000099999999955 0.00000000099999999955 
0.00000000099999999962 0.99999999300000008695 0.00000000099999999962 0.00000000099999999962 0.00000000099999999962 0.00000000099999999962 0.00000000099999999962 0.00000000099999999962 
0.00000000099999999959 0.00000000099999999959 0.00000000099999999959 0.00000000099999999959 0.00000000099999999959 0.99999999299999997593 0.00000000099999999959 0.00000000099999999959 
0.00000000099999999959 0.00000000099999999959 0.00000000099999999959 0.00000000099999999959 0.00000000099999999959 0.99999999300000008695 0.00000000099999999959 0.00000000099999999959 
0.14557387030885690637 0.00000000099999999998 0.37778662021906139756 0.00000000099999999998 0.00000000099999999998 0.00000000099999999998 0.47663950447208175420 0.00000000099999999998 
0.00000000099999999958 0.99999999300000008695 0.00000000099999999958 0.00000000099999999958 0.00000000099999999958 0.00000000099999999958 0.00000000099999999958 0.00000000099999999958 
0.99999999300000008695 0.00000000099999999990 0.00000000099999999990 0.00000000099999999990 0.00000000099999999990 0.00000000099999999990 0.00000000099999999990 0.00000000099999999990 
0.00000000099999999997 0.00000000099999999997 0.00000000099999999997 0.43766531616629633650 0.00000000099999999997 0.00000000099999999997 0.56233467783370338910 0.00000000099999999997 
0.00000000099999999996 0.00000000099999999996 0.07487667226030975121 0.00000000099999999996 0.00000000099999999996 0.00000000099999999996 0.00000000099999999996 0.92512332173969014093 
0.18349371185462032274 0.00000000099999999998 0.00000000099999999998 0.30849316470979881721 0.00000000099999999998 0.00000000099999999998 0.50798828706211796025 0.00002483237346285494 
0.00000000099999999991 0.00000000099999999991 0.00000000099999999991 0.00000000099999999991 0.00000000099999999991 0.00000000099999999991 0.00000000099999999991 0.99999999300000008695 
0.26799798537014585254 0.00000000099999999999 0.20265611106803782526 0.00000000099999999999 0.04439619789626035595 0.00000000099999999999 0.47805925614819050340 0.00689044651736540371 
0.00000000099999999993 0.00000000099999999993 0.00000000099999999993 0.00000000099999999993 0.00000000099999999993 0.00000000099999999993 0.00000000099999999993 0.99999999299999997593 
0.00000003539025657839 0.00000000099999999999 0.19639206738080558501 0.39678978026591965600 0.03836297082233766642 0.00639826723723684217 0.36205687690344362517 0.00000000099999999999 
0.00000000099999999989 0.00000000099999999989 0.00000000099999999989 0.99999999300000008695 0.00000000099999999989 0.00000000099999999989 0.00000000099999999989 0.00000000099999999989 
0.00000000099999999962 0.99999999300000019797 0.00000000099999999962 0.00000000099999999962 0.00000000099999999962 0.00000000099999999962 0.00000000099999999962 0.00000000099999999962 
0.00000000099999999994 0.00000000099999999994 0.00000000099999999994 0.00000000099999999994 0.00000000099999999994 0.00000000099999999994 0.00000000099999999994 0.99999999299999997593 
0.00000000099999999956 0.99999999300000019797 0.00000000099999999956 0.00000000099999999956 0.00000000099999999956 0.00000000099999999956 0.00000000099999999956 0.00000000099999999956 
0.00000000099999999955 0.99999999300000008695 0.00000000099999999955 0.00000000099999999955 0.00000000099999999955 0.00000000099999999955 0.00000000099999999955 0.00000000099999999955 
0.00000000099999999999 0.00000000099999999999 0.06946226509415907857 0.14807189985906041296 0.03434488600684175441 0.00000000099999999999 0.74812094503993853412 0.00000000099999999999 
0.24692636878469889639 0.00000000099999999998 0.25572995556990218979 0.00000005587640653040 0.00000000099999999998 0.00000000099999999998 0.47930494470102846805 0.01803867206796405318 
0.33241657173746436138 0.00000000099999999998 0.21598100665661110198 0.00000000215628629582 0.00000000099999999998 0.00000000099999999998 0.45160241544963836136 0.00000000099999999998 
0.00000000099999999996 0.00000000099999999996 0.00000000099999999996 0.00000000099999999996 0.03932587560268460680 0.00000000099999999996 0.96067411839731531309 0.00000000099999999996 
0.14656829755582273522 0.00000000099999999999 0.11225565892940275736 0.29839917493717149632 0.04338764766682832313 0.00538539054007233439 0.39400382837070230257 0.00000000099999999999 
0.00001957800772966457 0.00000000099999999998 0.31413801276925434891 0.16354164702208351390 0.01675850532388219530 0.00415612887191053448 0.48986214203297634429 0.01152398497216350869 
0.00045483450780180125 0.00000000099999999994 0.28845699383996453724 0.71108816665223373299 0.00000000099999999994 0.00000000099999999994 0.00000000099999999994 0.00000000099999999994 
0.00000000099999999995 0.00000000099999999995 0.00000000099999999995 0.05537260556831528208 0.00000000099999999995 0.00000000099999999995 0.00000000099999999995 0.94462738843168470027 
0.42139361372677219819 0.00000000099999999997 0.00002789588632635190 0.34055684266352753697 0.00407884244673786985 0.00000000099999999997 0.23394280227663596938 0.00000000099999999997 
0.00000000099999999955 0.99999999300000008695 0.00000000099999999955 0.00000000099999999955 0.00000000099999999955 0.00000000099999999955 0.00000000099999999955 0.00000000099999999955 
0.25461009462772360434 0.00000000099999999998 0.00001271735058421706 0.00000000099999999998 0.00000000099999999998 0.00000000099999999998 0.74537718302169209128 0.00000000099999999998 
0.00000000099999999986 0.99999999300000019797 0.00000000099999999986 0.00000000099999999986 0.00000000099999999986 0.00000000099999999986 0.00000000099999999986 0.00000000099999999986 
0.00000000099999999961 0.99999999300000019797 0.00000000099999999961 0.00000000099999999961 0.00000000099999999961 0.00000000099999999961 0.00000000099999999961 0.00000000099999999961 
0.99999999300000019797 0.00000000099999999991 0.00000000099999999991 0.00000000099999999991 0.00000000099999999991 0.00000000099999999991 0.00000000099999999991 0.00000000099999999991 
0.15666053812640906573 0.00000000099999999999 0.17350867029231761829 0.23781512504327631530 0.00000000099999999999 0.00390238390547733172 0.42811327963251966100 0.00000000099999999999 
0.28002270397848572081 0.00000000099999999998 0.34097789741671902242 0.00000000099999999998 0.00000000099999999998 0.00000000099999999998 0.36688527319860680942 0.01211412140618850844 
0.00000000099999999965 0.99999999300000019797 0.00000000099999999965 0.00000000099999999965 0.00000000099999999965 0.00000000099999999965 0.00000000099999999965 0.00000000099999999965 
0.00000000099999999993 0.00000000099999999993 0.00000000099999999993 0.00000000099999999993 0.00000000099999999993 0.00000000099999999993 0.00000000099999999993 0.99999999299999997593 
0.00000000099999999994 0.00000000099999999994 0.00000000099999999994 0.00000000099999999994 0.00000000099999999994 0.00000000099999999994 0.00000000099999999994 0.99999999300000008695 
0.00000000099999999961 0.99999999300000008695 0.00000000099999999961 0.00000000099999999961 0.00000000099999999961 0.00000000099999999961 0.00000000099999999961 0.00000000099999999961 
0.00000000099999999996 0.00000000099999999996 0.00000000099999999996 0.00000000099999999996 0.00000000099999999996 0.00000000099999999996 0.99999999299999997593 0.00000000099999999996 
0.00000000100000000000 0.00000000100000000000 0.00568076072078252912 0.20264620971951269324 0.00055685639623066243 0.00514945565351908937 0.74767387769021542709 0.03829283781973961270 
0.00000000099999999962 0.99999999300000008695 0.00000000099999999962 0.00000000099999999962 0.00000000099999999962 0.00000000099999999962 0.00000000099999999962 0.00000000099999999962 
0.13071697515443661541 0.00000000099999999998 0.08884400944660973687 0.19214712764336061568 0.05813639951071686990 0.00000000099999999998 0.53015548524487599025 0.00000000099999999998 
0.00000000099999999991 0.00000000099999999991 0.00000000099999999991 0.00000000099999999991 0.00000000099999999991 0.00000000099999999991 0.00000000099999999991 0.99999999300000008695 
0.00000000099999999998 0.09606787330866989327 0.00000000099999999998 0.62012218901774607271 0.00000000099999999998 0.10147652318902593283 0.00000000099999999998 0.18233341048455820044 
0.10871957278490267107 0.00000000099999999999 0.16422463161071915172 0.29657713000782676138 0.00018983792438839874 0.00000000099999999999 0.40765051824997827756 0.02263830742218477660 
0.10207478497215877189 0.00000000099999999999 0.19085582275177676026 0.00000000264747563046 0.00000000099999999999 0.01140484238442138719 0.66828288051592499297 0.02738166472824233796 
0.00000000099999999996 0.00000000099999999996 0.00000000099999999996 0.00000000099999999996 0.00000000099999999996 0.00006647833797931180 0.99993351566202071101 0.00000000099999999996 
0.24586330523593194486 0.00000000099999999998 0.48782925344280742008 0.00000066025549299194 0.03392902993928602340 0.00081257036586522254 0.23156517876061635808 0.00000000099999999998 
0.00000681977785105896 0.00000000099999999998 0.33495379840895250778 0.00000000099999999998 0.02618863829416589323 0.00000000099999999998 0.63885073951903037504 0.00000000099999999998 
0.17402461148833495153 0.00000000099999999999 0.16329436487363452324 0.25092015408808870935 0.03044575636561063642 0.00000000099999999999 0.38131511018433100757 0.00000000099999999999 
0.25495989522452899845 0.00000000099999999999 0.00000000099999999999 0.00000000099999999999 0.06031856530369369973 0.00015184622456569937 0.68456968924721139924 0.00000000099999999999 
0.00000000099999999999 0.00000000099999999999 0.00000000099999999999 0.44506183771864088472 0.00000000099999999999 0.00000000099999999999 0.55493801345774773637 0.00000014382361125024 
0.00000000099999999994 0.00000000099999999994 0.00000000099999999994 0.00000000099999999994 0.00000000099999999994 0.00000000099999999994 0.00000000099999999994 0.99999999299999997593 
0.21927695316771358969 0.00000000099999999998 0.36933519365692690783 0.05289243831592713857 0.00000000099999999998 0.00000440305655255954 0.34853787678023451235 0.00995313302264537979 
0.00000000099999999996 0.00000000099999999996 0.00000000099999999996 0.53293770639880455597 0.00000000099999999996 0.00000000099999999996 0.46706228760119539167 0.00000000099999999996 
0.00000000099999999998 0.00000000099999999998 0.00000000099999999998 0.49304489105165472118 0.00000000573391379340 0.00000000099999999998 0.47254256155133661510 0.03441253766309488454 
0.16880366988784997750 0.00000000099999999997 0.00000000099999999997 0.47379186941430184721 0.00000000099999999997 0.00000000099999999997 0.35740439520990735511 0.00000006148794102184 
0.22320244240181910667 0.00000000099999999999 0.22635924620803554719 0.00015693868451300113 0.00000000099999999999 0.00000000099999999999 0.52362115953374466226 0.02666021017188743847 
0.09937942415269652996 0.00000000099999999991 0.00000000099999999991 0.89990581981929995692 0.00000000099999999991 0.00000000099999999991 0.00071475102800353527 0.00000000099999999991 
0.15982113984878235091 0.00000000099999999999 0.10745910207870311426 0.40213667752893433871 0.02791549694658489872 0.00000000099999999999 0.30266758059699538919 0.00000000099999999999 
0.00000000099999999996 0.00000000099999999996 0.03390922056991683281 0.00000000099999999996 0.00000000099999999996 0.00000000099999999996 0.00000000099999999996 0.96609077343008320504 
0.00000040657833243578 0.00000000099999999998 0.00000000160453953970 0.35470814168759612350 0.00000000099999999998 0.01362717313522810239 0.63166427398837021734 0.00000000100593348999 
0.22484719007376410826 0.00000000099999999999 0.16959207611554322215 0.16154694236346739400 0.02302406350071086599 0.00610773218690257354 0.41488199375961176685 0.00000000099999999999 
0.35600970201647036406 0.00000043319332221294 0.13808644150527324412 0.00000000100000000000 0.01790926856704329329 0.00000000100000000000 0.48629069649582046253 0.00170345622207042553 
0.00000000099999999997 0.00000000099999999997 0.00000000099999999997 0.00882121304548532520 0.00000000099999999997 0.00000000099999999997 0.00000000099999999997 0.99117878095451472653 
0.00000000099999999998 0.01363077635564133479 0.00000000099999999998 0.00000000099999999998 0.00000000099999999998 0.00000000099999999998 0.98636554086967553889 0.00000367777468301697 
0.23015834996042425220 0.00000000099999999999 0.00000000099999999999 0.19355606818392595558 0.04022185981999987919 0.00000086688485105179 0.53606285215079885198 0.00000000099999999999 
0.48459562828029012493 0.00000000099999999998 0.03308604715756709863 0.00000000099999999998 0.00000000099999999998 0.00000000099999999998 0.00000000137048718650 0.48231831919165574218 
