0.02605781999414919989 0.00033868501896519896 0.96547060413542706847 0.00813289085145840404 
0.00000000099999999996 0.00000000099999999996 0.00000000099999999996 0.99999999699999997382 
0.00000000099999999996 0.00000000099999999996 0.00000000099999999996 0.99999999699999997382 
0.00550485528343003586 0.00000000099999999999 0.95151481057258768814 0.04298033314398223836 
0.01320071512328189686 0.00000000100000000000 0.98626838514131165425 0.00053089873540637135 
0.00636099741676455360 0.00000000099999999999 0.96293037999309294417 0.03070862159014254786 
0.00000000099999999997 0.00000000099999999997 0.00000000099999999997 0.99999999699999997382 
0.00000000099999999995 0.00000000099999999995 0.00000000099999999995 0.99999999700000008485 
0.01970709154539184230 0.00000000099999999999 0.97117525550327421513 0.00911765195133396912 
0.00000000099999999997 0.00000000099999999997 0.00000000099999999997 0.99999999700000008485 
0.01376670426014793211 0.00000000100000000000 0.96833885890786031148 0.01789443583199189919 
0.01150477958499595069 0.00000000099999999999 0.96571275424553026934 0.02278246516947367642 
0.00883310865991021078 0.00000000100000000000 0.98583432316036589960 0.00533256717972395173 
0.01964800669168067712 0.00000000100000000000 0.96957518160260314222 0.01077681070571605629 
0.02161666056558528975 0.00608529428336603354 0.97086769265576233767 0.00143035249528636744 
0.03329979997539540132 0.00000000099999999999 0.90555387689200939061 0.06114632213259525717 
0.00017930730013449782 0.00000000100000000000 0.99212725916155375394 0.00769343253831171556 
0.00653745011529724591 0.00538276468485915545 0.98807978419984354712 0.00000000100000000000 
0.01146945577868387078 0.00816563661043522362 0.97689426513539279195 0.00347064247548811147 
0.00792807167663527913 0.00000000099999999998 0.99108216721280961714 0.00098976011055505243 
0.00000833130933346659 0.00000000100000000000 0.99582271165600977358 0.00416895603465662536 
0.00000000099999999998 0.00000000099999999998 0.00000000099999999998 0.99999999699999997382 
0.00000000099999999999 0.00000000099999999999 0.96955785049983966850 0.03044214750016021112 
0.00407289905524951985 0.00000000099999999999 0.95792458162394777954 0.03800251832080260572 
0.00000011019376569829 0.00000000099999999999 0.96649356141983133739 0.03350632738640297453 
0.00689118356738207920 0.00000000099999999999 0.99310881443261789236 0.00000000099999999999 
0.99999999699999997382 0.00000000099999999988 0.00000000099999999988 0.00000000099999999988 
0.99999999699999997382 0.00000000099999999986 0.00000000099999999986 0.00000000099999999986 
0.01168917161840902705 0.00000000100000000000 0.98276278751212930995 0.00554803986946175980 
0.01499572601429860659 0.00000000099999999999 0.98500427198570128517 0.00000000099999999999 
0.00000000099999999999 0.00000000099999999999 0.97021700725754023154 0.02978299074245964462 
0.00000000099999999998 0.00000000099999999998 0.00000000099999999998 0.99999999700000008485 
0.36099394488613051335 0.00000000099999999997 0.39850545218896044064 0.24050060192490896327 
0.00104762391769793947 0.00000000099999999999 0.99841366393193253792 0.00053871115036942989 
0.00000000099999999986 0.99999999700000008485 0.00000000099999999986 0.00000000099999999986 
0.00000000099999999982 0.99999999699999997382 0.00000000099999999982 0.00000000099999999982 
0.00000000099999999982 0.99999999699999997382 0.00000000099999999982 0.00000000099999999982 
0.99999999700000008485 0.00000000099999999988 0.00000000099999999988 0.00000000099999999988 
0.99999999700000008485 0.00000000099999999987 0.00000000099999999987 0.00000000099999999987 
0.00358802233004475385 0.00000000099999999999 0.99407583148133549233 0.00233614518861973526 
0.00000000099999999998 0.00000000099999999998 0.00000000099999999998 0.99999999700000008485 
0.99999999699999997382 0.00000000099999999987 0.00000000099999999987 0.00000000099999999987 
0.01216069417017057175 0.00000000099999999999 0.95987222484809708867 0.02796707998173235052 
0.00000000099999999996 0.00000000099999999996 0.00000000099999999996 0.99999999700000008485 
0.99999999699999997382 0.00000000099999999989 0.00000000099999999989 0.00000000099999999989 
0.00996610910516306306 0.00000000099999999999 0.97031352296389816736 0.01972036693093876317 
0.99999999699999997382 0.00000000099999999987 0.00000000099999999987 0.00000000099999999987 
0.00000000099999999997 0.00000000099999999997 0.00000000099999999997 0.99999999700000008485 
0.00000000099999999995 0.00000000099999999995 0.00000000099999999995 0.99999999699999997382 
0.99999999700000008485 0.00000000099999999986 0.00000000099999999986 0.00000000099999999986 
0.99999999700000008485 0.00000000099999999987 0.00000000099999999987 0.00000000099999999987 
0.00000000099999999997 0.00000000099999999997 0.00000000099999999997 0.99999999700000008485 
0.00000000099999999996 0.00000000099999999996 0.00000000099999999996 0.99999999699999997382 
0.00000000099999999997 0.00000000099999999997 0.00000000099999999997 0.99999999700000008485 
0.99999999699999997382 0.00000000099999999989 0.00000000099999999989 0.00000000099999999989 
0.01958233537012223080 0.00000000160688090660 0.93160812505073076206 0.04880953797226612184 
0.03018277375656643405 0.00000000100000000000 0.96740810929049592115 0.00240911595293764619 
0.00000000099999999999 0.00000000099999999999 0.97013307400682058379 0.02986692399317933747 
0.00446442435777598748 0.00000000099999999999 0.97786182202504168259 0.01767375261718221943 
0.00000000099999999996 0.00000000099999999996 0.00000000099999999996 0.99999999699999997382 
0.00978008699980103743 0.00160988370180680158 0.98784733257040679977 0.00076269672798524369 
0.00000000099999999985 0.99999999700000008485 0.00000000099999999985 0.00000000099999999985 
0.00932234754618914939 0.00000000099999999998 0.98048113851462892487 0.01019651293918197657 
0.00000000099999999985 0.99999999699999997382 0.00000000099999999985 0.00000000099999999985 
0.00113917037905221985 0.00000000100000000000 0.95208172138277025187 0.04677910723817749195 
0.00000000099999999986 0.99999999700000008485 0.00000000099999999986 0.00000000099999999986 
0.00569374566496892720 0.00000000099999999999 0.98150877972547978523 0.01279747360955122044 
0.01069926709883075450 0.00000007746941165029 0.97376913548861110392 0.01553151994314653540 
0.00000000099999999995 0.00000000099999999995 0.00000000099999999995 0.99999999700000008485 
0.00000000099999999998 0.00000000099999999998 0.99999511665292661888 0.00000488134707337832 
0.00000000099999999985 0.99999999700000008485 0.00000000099999999985 0.00000000099999999985 
0.00000000099999999987 0.99999999700000008485 0.00000000099999999987 0.00000000099999999987 
0.01484714162373556787 0.00000000099999999999 0.89776769971995007413 0.08738515765631432730 
0.00000000099999999995 0.00000000099999999995 0.00000000099999999995 0.99999999700000008485 
0.99999999699999997382 0.00000000099999999989 0.00000000099999999989 0.00000000099999999989 
0.00000000099999999996 0.00000000099999999996 0.00000000099999999996 0.99999999700000008485 
0.00000000100000000000 0.00118119928138141336 0.95663405680173219103 0.04218474291688650846 
0.00000000099999999984 0.99999999700000008485 0.00000000099999999984 0.00000000099999999984 
0.99999999699999997382 0.00000000099999999985 0.00000000099999999985 0.00000000099999999985 
0.00000000099999999987 0.99999999699999997382 0.00000000099999999987 0.00000000099999999987 
0.02163149174687116483 0.00320466368466623555 0.97254826775021574470 0.00261557681824681589 
0.00000000099999999995 0.00000000099999999995 0.00000000099999999995 0.99999999700000008485 
0.00000000099999999996 0.00000000099999999996 0.00000000099999999996 0.99999999699999997382 
0.00460167656733147332 0.00000000099999999999 0.75921928611001532339 0.23617903632265330183 
0.02489330166512049997 0.00000000100000000000 0.96870428093618698995 0.00640241639869255398 
0.00000026930360484752 0.00000000099999999999 0.98510206173680714414 0.01489766795958794021 
0.00000000099999999999 0.00000000099999999999 0.97094755842869084894 0.02905243957130916946 
0.00257311451893714460 0.00000000100000000000 0.99670896803510211637 0.00071791644596072362 
0.00000000099999999998 0.00000000099999999998 0.99999999699999997382 0.00000000099999999998 
0.00074299138736880427 0.00000000099999999999 0.98410114777508006512 0.01515585983755118188 
0.01061560295188711256 0.00000000099999999999 0.97592316320625838166 0.01346123284185446294 
0.00000001425040073624 0.00000000182652143388 0.95791889699727295060 0.04208108692580481841 
0.00000000099999999996 0.00000000099999999996 0.00000000099999999996 0.99999999700000008485 
0.00000000099999999998 0.00000000099999999998 0.00001825374232020559 0.99998174425767982765 
0.00000000099999999991 0.99999999700000008485 0.00000000099999999991 0.00000000099999999991 
0.00000000099999999998 0.00000000099999999998 0.00000000099999999998 0.99999999700000008485 
0.00000000099999999998 0.00000000099999999998 0.00000000099999999998 0.99999999699999997382 
0.01047409838453391973 0.00000000099999999999 0.96188530251912351954 0.02764059809634261677 
0.00000000099999999982 0.99999999699999997382 0.00000000099999999982 0.00000000099999999982 
0.00826889930421974111 0.00000000100000000000 0.99173109327518105260 0.00000000642059921351 
0.00843305857164828448 0.00000000099999999999 0.97010913308892354756 0.02145780733942806787 
0.01001507880721093889 0.00201376423660225463 0.98304181537134882607 0.00492934158483785551 
0.00700662399296757277 0.00000000100000000000 0.96377643954141911653 0.02921693546561334245 
0.00037308686631456572 0.00051660391098197337 0.99196850788660617670 0.00714180133609737273 
0.00007894221092464413 0.00000009810664779295 0.95724827287189795388 0.04267268681052965168 
0.00902394241827586194 0.00000000100000000000 0.98884959975866681958 0.00212645682305726870 
0.01122831345839224101 0.00000000100000000000 0.97201111353108504698 0.01676057201052263274 
0.03204579887213591938 0.00443042561818049116 0.94705443320838211818 0.01646934230130158230 
0.01503278505804698899 0.00000000099999999999 0.97699620829720035253 0.00797100564475270411 
0.00000000099999999999 0.00000000099999999999 0.99913615095054109094 0.00086384704945877101 
0.02869549396865096400 0.00097302966452160824 0.94301294906266852625 0.02731852730415887387 
0.01408609654290702770 0.00000000099999999999 0.98591390145709301152 0.00000000099999999999 
0.00058420258753943554 0.00000000100000000000 0.98432598743708987765 0.01508980897537077863 
0.00145237127309763526 0.00000000099999999999 0.99660837791881240477 0.00193924980808984839 
0.00000000099999999999 0.00000000099999999999 0.96220962906608664689 0.03779036893391339580 
0.01093388093323968170 0.00000000100000000000 0.97008346949178891894 0.01898264857497157856 
0.00000000099999999999 0.00000000099999999999 0.95529724205710409013 0.04470275594289589011 
0.00188178508464629623 0.00000000100000000000 0.99036779992575740827 0.00775041398959642591 
0.00238598601078041702 0.00000000099999999999 0.96806292345268418753 0.02955108953653531531 
0.00708669063941150777 0.06803187573430137525 0.89678957697765571133 0.02809185664863134493 
0.00000000099999999999 0.00000000099999999999 0.99245584568279920923 0.00754415231720086555 
0.00000000099999999998 0.00000000099999999998 0.97803005702713008418 0.02196994097286981279 
0.00000015402862342488 0.00000000099999999998 0.96912364194436106946 0.03087620302701567232 
0.01926695129367526210 0.00000000099999999999 0.97824356201381412745 0.00248948569251060577 
0.00000000099999999998 0.00000000099999999998 0.98166220247677860034 0.01833779552322130357 
0.00849546796679325963 0.00362417278144214379 0.98007318958333455861 0.00780716966842990873 
0.00884946332792639796 0.00000000099999999999 0.97541082915249643914 0.01573970651957720332 
0.00296532882931200767 0.00000000099999999999 0.99703466448712851911 0.00000000568355960999 
0.00000000099999999998 0.00000000099999999998 0.96240647771295750879 0.03759352028704242982 
0.00000000099999999996 0.00000000099999999996 0.00000000099999999996 0.99999999700000008485 
0.00000000099999999998 0.00000000099999999998 0.00000000618858124802 0.99999999181141874249 
0.00000000099999999988 0.99999999700000008485 0.00000000099999999988 0.00000000099999999988 
0.99999999700000008485 0.00000000099999999985 0.00000000099999999985 0.00000000099999999985 
0.03979652861404635311 0.00000000100000000000 0.04628447174595817087 0.91391899863999537246 
0.00000000099999999998 0.00000000099999999998 0.98268927296436958674 0.01731072503563045248 
0.00457566789375410832 0.00000000463812235078 0.96316566336388043101 0.03225866410424320374 
0.00395638861364667332 0.00000000099999999999 0.00000000099999999999 0.99604360938635327916 
0.00000000099999999999 0.00000000099999999999 0.97699745974000062887 0.02300253825999921606 
0.01521427684270776522 0.00000000099999999998 0.98135888708821206183 0.00342683506908014269 
0.00612066731746949665 0.00000000099999999999 0.99387933068253042634 0.00000000099999999999 
0.00000000099999999984 0.99999999699999997382 0.00000000099999999984 0.00000000099999999984 
0.00000000099999999985 0.99999999699999997382 0.00000000099999999985 0.00000000099999999985 
0.00000000099999999982 0.99999999700000008485 0.00000000099999999982 0.00000000099999999982 
0.00000000099999999983 0.99999999699999997382 0.00000000099999999983 0.00000000099999999983 
0.00000000099999999983 0.99999999700000008485 0.00000000099999999983 0.00000000099999999983 
0.00000000099999999998 0.00000000099999999998 0.00000000099999999998 0.99999999699999997382 
0.01463588454465076724 0.00000000100000000000 0.97941792520676274059 0.00594618924858652045 
0.00000000099999999983 0.99999999700000008485 0.00000000099999999983 0.00000000099999999983 
0.00000000099999999985 0.99999999699999997382 0.00000000099999999985 0.00000000099999999985 
0.99999999700000008485 0.00000000099999999985 0.00000000099999999985 0.00000000099999999985 
0.99999999699999997382 0.00000000099999999985 0.00000000099999999985 0.00000000099999999985 
0.00000000099999999999 0.00000000099999999999 0.99996763291888401959 0.00003236508111589023 
0.00000000099999999984 0.99999999699999997382 0.00000000099999999984 0.00000000099999999984 
0.00000000113296284050 0.00005973742703635312 0.97934514282719686840 0.02059511861280384840 
0.00238521218902513306 0.00000000099999999999 0.99761478511977819128 0.00000000169119656047 
0.00000000099999999998 0.00000000099999999998 0.03846177535931833563 0.96153822264068167236 
0.00003221693606295787 0.00000000099999999999 0.98447562587239878518 0.01549215619153834940 
0.00000000099999999995 0.00000000099999999995 0.00000000099999999995 0.99999999699999997382 
0.00886441450052481011 0.00000000099999999999 0.96480879324835666644 0.02632679125111851010 
0.00000000099999999995 0.00000000099999999995 0.00000000099999999995 0.99999999699999997382 
0.02048255751641590849 0.00000000100000000000 0.96285831582172110021 0.01665912566186300223 
0.01615966713786037845 0.00000000100000000000 0.98369198557055315124 0.00014834629158641909 
0.00000000099999999986 0.99999999700000008485 0.00000000099999999986 0.00000000099999999986 
0.00000000099999999996 0.00000000099999999996 0.00000000099999999996 0.99999999699999997382 
0.00000000099999999983 0.99999999699999997382 0.00000000099999999983 0.00000000099999999983 
0.00000000099999999983 0.99999999699999997382 0.00000000099999999983 0.00000000099999999983 
0.00123202819701564124 0.00000000100000000000 0.98554151671317646866 0.01322645408980788195 
0.00051358100410374896 0.00000000099999999999 0.96719521374384054280 0.03229120425205588008 
0.00000000099999999998 0.00000000099999999998 0.98824870407547937834 0.01175129392452049434 
0.00618747286610278526 0.00000000099999999999 0.98852906223710701461 0.00528346389679014861 
0.01579724668603350868 0.00000000099999999999 0.97349112287728112314 0.01071162943668551616 
0.01061031855436362324 0.00000000099999999999 0.96694076394682171305 0.02244891649881462781 
0.00000005513581785409 0.00000000099999999999 0.99999994286418203426 0.00000000099999999999 
0.00000000099999999998 0.00000000099999999998 0.00182404118814233243 0.99817595681185777856 
0.00011822889440460318 0.00000000099999999999 0.99987366758532925104 0.00000810252026627506 
0.00000000099999999983 0.99999999699999997382 0.00000000099999999983 0.00000000099999999983 
0.00333236158709523164 0.00000000100000000000 0.99374384727158726616 0.00292379014131749970 
0.00000000099999999994 0.99999999700000008485 0.00000000099999999994 0.00000000099999999994 
0.00000000099999999985 0.99999999699999997382 0.00000000099999999985 0.00000000099999999985 
0.00001127786824864541 0.00000000099999999999 0.97169889001200338008 0.02828983111974799070 
0.01265886180299870788 0.00000000099999999999 0.98734113619700136777 0.00000000099999999999 
0.00000000100000000000 0.00000289907856425284 0.97547309603972065517 0.02452400388171509585 
0.00000000099999999987 0.99999999699999997382 0.00000000099999999987 0.00000000099999999987 
0.00000000099999999996 0.00000000099999999996 0.00000000099999999996 0.99999999699999997382 
0.00000000099999999996 0.00000000099999999996 0.00000000099999999996 0.99999999700000008485 
0.00000000099999999985 0.99999999699999997382 0.00000000099999999985 0.00000000099999999985 
0.01011156248807918920 0.00000000100000000000 0.97864930107541714399 0.01123913543650366560 
0.01604968525394041487 0.00000000100000000000 0.93983358816128537150 0.04411672558477423844 
0.00000000099999999986 0.99999999699999997382 0.00000000099999999986 0.00000000099999999986 
0.01081539662517424887 0.00000000099999999999 0.97961169636718514742 0.00957290600764067884 
0.00000000099999999995 0.00000000099999999995 0.00000000099999999995 0.99999999700000008485 
0.11192838522004226742 0.10675115616855682110 0.54449703595008702717 0.23682342266131387043 
0.00000000100000000000 0.00457552669170325967 0.96324144419764123892 0.03218302811065536229 
0.01598424635442600994 0.00000000099999999999 0.94586688680699038123 0.03814886583858367181 
0.01839818232673855539 0.00000000099999999999 0.97834218207417233959 0.00325963459908903443 
0.01469784690299191267 0.00000000099999999999 0.98499757202125692856 0.00030458007575126023 
0.00601628736120508271 0.00000000099999999999 0.99398371063879475962 0.00000000099999999999 
0.00000000099999999999 0.00000000099999999999 0.98880241170275018359 0.01119758629724963879 
0.01646904805468954111 0.00000000099999999999 0.97292625571502167059 0.01060469523028877842 
0.00822007841759594265 0.00833272909345464732 0.95662769651101486890 0.02681949597793464868 
0.00000000099999999997 0.00000000099999999997 0.00000000099999999997 0.99999999700000008485 
0.01040411355025434165 0.00000000099999999999 0.96667524691403261539 0.02292063853571289084 
0.01017394298428277860 0.00000000099999999999 0.98982605435163195651 0.00000000166408528868 
0.00554374508366920621 0.00000000100000000000 0.94468684997156127103 0.04976940394476950247 
0.00000000099999999999 0.00000000099999999999 0.97849461637527324065 0.02150538162472676040 
0.00552281316849311758 0.00242718021289884496 0.95466399554083480883 0.03738601107777313193 
0.00052242440106532934 0.00000000099999999999 0.99947510669298345043 0.00000246790595120939 
0.00221405116589141939 0.00000000100000000000 0.97872644804010444641 0.01905949979400411651 
0.00000000099999999998 0.00000000099999999998 0.00157532165545839369 0.99842467634454168390 
0.02085598615669941036 0.00000000099999999999 0.95527043333066297137 0.02387357951263766737 
0.01363119752371920630 0.00000000099999999999 0.97614215581169372360 0.01022664566458710012 
0.00017450706647313997 0.01110980526095679648 0.97403475493493463233 0.01468093273763527475 
0.00000000099999999998 0.00000000099999999998 0.00000001275102090427 0.99999998524897915075 
0.00000004724807012421 0.01926988351679449762 0.95102625836340470844 0.02970381087173072296 
0.01253803531975542472 0.00000000100000000000 0.97412486162729461370 0.01333710205294984588 
0.01191178965307094009 0.00000000099999999999 0.50611136683836377426 0.48197684250856531740 
0.00000000099999999998 0.00000000099999999998 0.96954374632762585495 0.03045625167237410794 
0.00000000099999999986 0.99999999700000008485 0.00000000099999999986 0.00000000099999999986 
0.01976629818581833453 0.00000000099999999999 0.95906816477513945340 0.02116553603904227851 
0.00785314767325794895 0.00000000100000000000 0.96245337934748165232 0.02969347197926047385 
