0.01982834062709479955 0.24347886937594104273 0.43057976180599588645 0.00000000195427201138 0.30609227331733745991 0.00000000100000000000 0.00000000100000000000 0.00002075091935880581 
0.00000000099999999993 0.00000000099999999993 0.00000000099999999993 0.99999999299999997593 0.00000000099999999993 0.00000000099999999993 0.00000000099999999993 0.00000000099999999993 
0.00000000099999999993 0.00000000099999999993 0.00000000099999999993 0.99999999300000008695 0.00000000099999999993 0.00000000099999999993 0.00000000099999999993 0.00000000099999999993 
0.00000000099999999999 0.07636252664156958914 0.36750302183701327730 0.03139373315731999042 0.49070524281052491089 0.00000000099999999999 0.00000000099999999999 0.03403547255357230322 
0.00236999555530942752 0.35194415783556781685 0.44118909375653803107 0.00000000099999999999 0.11492376589332264913 0.00000000099999999999 0.00000000099999999999 0.08957298395926216461 
0.00000000099999999997 0.33528102349758803769 0.17713443987856405948 0.02356571342476999550 0.46401881919907794760 0.00000000099999999997 0.00000000099999999997 0.00000000099999999997 
0.00000000099999999994 0.00000000099999999994 0.00000000099999999994 0.99999999299999997593 0.00000000099999999994 0.00000000099999999994 0.00000000099999999994 0.00000000099999999994 
0.00000000099999999990 0.00000000099999999990 0.00000000099999999990 0.99999999299999997593 0.00000000099999999990 0.00000000099999999990 0.00000000099999999990 0.00000000099999999990 
0.01067289419203563093 0.46402018536397304782 0.00000000099999999997 0.00000000099999999997 0.47527724161177897777 0.00000000099999999997 0.00000000099999999997 0.05002967483221221201 
0.00000000099999999993 0.00000000099999999993 0.00000000099999999993 0.99999999300000008695 0.00000000099999999993 0.00000000099999999993 0.00000000099999999993 0.00000000099999999993 
0.00000000099999999996 0.00000000099999999996 0.99999999300000008695 0.00000000099999999996 0.00000000099999999996 0.00000000099999999996 0.00000000099999999996 0.00000000099999999996 
0.00523758451418775747 0.28234693674859634438 0.41593846386590704878 0.01280100348246663092 0.24338694614382946901 0.00000000099999999997 0.00000000099999999997 0.04028906324501276004 
0.00000002224543386696 0.00000000099999999999 0.40625101680214353861 0.00000000099999999999 0.59374895595242271895 0.00000000099999999999 0.00000000099999999999 0.00000000099999999999 
0.01314879863842692738 0.26366276135518579293 0.31399777268770090455 0.00000000099999999999 0.34413596070079160993 0.00000000099999999999 0.00000000099999999999 0.06505470361789467137 
0.00000000099999999996 0.00000000099999999996 0.99999999300000008695 0.00000000099999999996 0.00000000099999999996 0.00000000099999999996 0.00000000099999999996 0.00000000099999999996 
0.02576749298951613865 0.30750064439501645364 0.23767791909599081390 0.04875434583087706608 0.30051920334337806073 0.00000000099999999998 0.00000000099999999998 0.07978039234522144030 
0.00000000099999999998 0.34224376286393975999 0.26296725302185958162 0.00000000099999999998 0.35774343209987569114 0.00000000099999999998 0.00000000099999999998 0.03704554801432506650 
0.00000000099999999991 0.99999999300000019797 0.00000000099999999991 0.00000000099999999991 0.00000000099999999991 0.00000000099999999991 0.00000000099999999991 0.00000000099999999991 
0.00554256923126922926 0.25351303460566687598 0.28765352632785601283 0.00000000100000000000 0.41628721859976725028 0.00000000100000000000 0.00634814639287337255 0.03065550284256744057 
0.00000000099999999994 0.50998536836465713229 0.49001462563534292638 0.00000000099999999994 0.00000000099999999994 0.00000000099999999994 0.00000000099999999994 0.00000000099999999994 
0.00000000099999999997 0.00000000099999999997 0.62799220870607619371 0.00000000099999999997 0.37200778529392375393 0.00000000099999999997 0.00000000099999999997 0.00000000099999999997 
0.00000000099999999995 0.00484229219340855284 0.00000000099999999995 0.99515770180659157695 0.00000000099999999995 0.00000000099999999995 0.00000000099999999995 0.00000000099999999995 
0.00000000099999999998 0.18794136457224119852 0.43442829282098444077 0.00720091079953330548 0.27561828027472867753 0.00000000099999999998 0.00000000099999999998 0.09481114853251228214 
0.00000000099999999956 0.00000000099999999956 0.00000000099999999956 0.00000000099999999956 0.00000000099999999956 0.00000000099999999956 0.00000000099999999956 0.99999999299999997593 
0.00000000099999999997 0.18592797441928460289 0.50044708746754895667 0.03139469293548686341 0.28223024117767941954 0.00000000099999999997 0.00000000099999999997 0.00000000099999999997 
0.00000000099999999998 0.23081189186014505754 0.31851941321834281728 0.00000000099999999998 0.40273991577743584180 0.00000000099999999998 0.00000000099999999998 0.04792877514407647976 
0.99999999300000019797 0.00000000099999999970 0.00000000099999999970 0.00000000099999999970 0.00000000099999999970 0.00000000099999999970 0.00000000099999999970 0.00000000099999999970 
0.99999999300000008695 0.00000000099999999968 0.00000000099999999968 0.00000000099999999968 0.00000000099999999968 0.00000000099999999968 0.00000000099999999968 0.00000000099999999968 
0.00547996984901261055 0.15042534037731544738 0.32032874963193735951 0.00000000099999999999 0.48266110760955249770 0.00000000099999999999 0.00000000099999999999 0.04110482953218203700 
0.00000000099999999992 0.00000000099999999992 0.00000000099999999992 0.00000000099999999992 0.99999999300000008695 0.00000000099999999992 0.00000000099999999992 0.00000000099999999992 
0.00000000099999999998 0.21187465222224710626 0.43719152490682317014 0.01956279504713918579 0.32913465899299448880 0.00000000099999999998 0.00000000099999999998 0.00223636583079631687 
0.00000000099999999986 0.00000000099999999986 0.00000000099999999986 0.79606406210574653937 0.00000000099999999986 0.00000000099999999986 0.00000000099999999986 0.20393593189425351930 
0.36312288660780928096 0.00000000099999999973 0.00000000099999999973 0.00000000099999999973 0.00000000099999999973 0.00000000099999999973 0.00000000099999999973 0.63687710739219061118 
0.00000000099999999998 0.27969476613919347363 0.23569237498743927928 0.00000000099999999998 0.45993524000645852334 0.00000000099999999998 0.00000000099999999998 0.02467761486690881606 
0.00000000099999999959 0.00000000099999999959 0.00000000099999999959 0.00000000099999999959 0.00000000099999999959 0.00000000099999999959 0.99999999299999986491 0.00000000099999999959 
0.00000000099999999955 0.00000000099999999955 0.00000000099999999955 0.00000000099999999955 0.00000000099999999955 0.99999999300000008695 0.00000000099999999955 0.00000000099999999955 
0.00000000099999999956 0.00000000099999999956 0.00000000099999999956 0.00000000099999999956 0.00000000099999999956 0.99999999300000008695 0.00000000099999999956 0.00000000099999999956 
0.99999999300000008695 0.00000000099999999972 0.00000000099999999972 0.00000000099999999972 0.00000000099999999972 0.00000000099999999972 0.00000000099999999972 0.00000000099999999972 
0.99999999300000019797 0.00000000099999999968 0.00000000099999999968 0.00000000099999999968 0.00000000099999999968 0.00000000099999999968 0.00000000099999999968 0.00000000099999999968 
0.00000000099999999996 0.00000000099999999996 0.70912413669817209172 0.00000000099999999996 0.28769279909463940648 0.00000000099999999996 0.00000000099999999996 0.00318305920718847885 
0.00000000099999999995 0.00000000099999999995 0.00000000099999999995 0.99999999300000008695 0.00000000099999999995 0.00000000099999999995 0.00000000099999999995 0.00000000099999999995 
0.99999999300000019797 0.00000000099999999970 0.00000000099999999970 0.00000000099999999970 0.00000000099999999970 0.00000000099999999970 0.00000000099999999970 0.00000000099999999970 
0.00723416401704551557 0.21192773451466392909 0.41216738320886348035 0.01013697959245503204 0.28122167307038931083 0.00000000099999999998 0.00000000099999999998 0.07731206359658279736 
0.00000000099999999992 0.00000000099999999992 0.00000000099999999992 0.99999999300000008695 0.00000000099999999992 0.00000000099999999992 0.00000000099999999992 0.00000000099999999992 
0.99999999300000019797 0.00000000099999999973 0.00000000099999999973 0.00000000099999999973 0.00000000099999999973 0.00000000099999999973 0.00000000099999999973 0.00000000099999999973 
0.00000000099999999993 0.00000000099999999993 0.00000000099999999993 0.00000000099999999993 0.99999999299999997593 0.00000000099999999993 0.00000000099999999993 0.00000000099999999993 
0.99999999300000008695 0.00000000099999999969 0.00000000099999999969 0.00000000099999999969 0.00000000099999999969 0.00000000099999999969 0.00000000099999999969 0.00000000099999999969 
0.00000000099999999994 0.00000000099999999994 0.00000000099999999994 0.99999999300000008695 0.00000000099999999994 0.00000000099999999994 0.00000000099999999994 0.00000000099999999994 
0.00000000099999999989 0.00000000099999999989 0.00000000099999999989 0.99999999299999997593 0.00000000099999999989 0.00000000099999999989 0.00000000099999999989 0.00000000099999999989 
0.99999999300000008695 0.00000000099999999965 0.00000000099999999965 0.00000000099999999965 0.00000000099999999965 0.00000000099999999965 0.00000000099999999965 0.00000000099999999965 
0.99999999300000008695 0.00000000099999999969 0.00000000099999999969 0.00000000099999999969 0.00000000099999999969 0.00000000099999999969 0.00000000099999999969 0.00000000099999999969 
0.00000000099999999993 0.00000000099999999993 0.00000000099999999993 0.99999999300000008695 0.00000000099999999993 0.00000000099999999993 0.00000000099999999993 0.00000000099999999993 
0.00000000099999999994 0.00000000099999999994 0.00000000099999999994 0.99999999300000008695 0.00000000099999999994 0.00000000099999999994 0.00000000099999999994 0.00000000099999999994 
0.00000000099999999995 0.00000000099999999995 0.00000000099999999995 0.99999999300000008695 0.00000000099999999995 0.00000000099999999995 0.00000000099999999995 0.00000000099999999995 
0.99999999300000008695 0.00000000099999999974 0.00000000099999999974 0.00000000099999999974 0.00000000099999999974 0.00000000099999999974 0.00000000099999999974 0.00000000099999999974 
0.01437972545267972996 0.22310093372985700944 0.34482156028406124593 0.04301624412250218410 0.37468112238594541985 0.00000000100000000000 0.00000000100000000000 0.00000041202495445922 
0.02549940350087340907 0.29820272902042815888 0.38153949962514122074 0.00000000099999999999 0.29475836385355713709 0.00000000099999999999 0.00000000099999999999 0.00000000099999999999 
0.00000000099999999997 0.00000000099999999997 0.39513292005140737695 0.01584611527677677600 0.57131441141823158247 0.00000000099999999997 0.00000000099999999997 0.01770654925358438464 
0.00000000099999999994 0.00000000099999999994 0.99999999300000008695 0.00000000099999999994 0.00000000099999999994 0.00000000099999999994 0.00000000099999999994 0.00000000099999999994 
0.00000000099999999993 0.00000000099999999993 0.00000000099999999993 0.99999999299999997593 0.00000000099999999993 0.00000000099999999993 0.00000000099999999993 0.00000000099999999993 
0.00000000099999999999 0.32210913683720310274 0.00000000099999999999 0.00000000099999999999 0.67789085716279684490 0.00000000099999999999 0.00000000099999999999 0.00000000099999999999 
0.00000000099999999958 0.00000000099999999958 0.00000000099999999958 0.00000000099999999958 0.00000000099999999958 0.00000000099999999958 0.99999999299999986491 0.00000000099999999958 
0.00000000099999999987 0.99999999300000019797 0.00000000099999999987 0.00000000099999999987 0.00000000099999999987 0.00000000099999999987 0.00000000099999999987 0.00000000099999999987 
0.00000000099999999959 0.00000000099999999959 0.00000000099999999959 0.00000000099999999959 0.00000000099999999959 0.00000000099999999959 0.99999999299999997593 0.00000000099999999959 
0.00000000099999999997 0.00000000099999999997 0.39239754226262202330 0.00001334329423115162 0.44320213393306362448 0.00000000099999999997 0.00000000099999999997 0.16438697651008324363 
0.00000000099999999958 0.00000000099999999958 0.00000000099999999958 0.00000000099999999958 0.00000000099999999958 0.00000000099999999958 0.99999999299999986491 0.00000000099999999958 
0.00000000099999999996 0.58541098642637290350 0.00000000099999999996 0.00000000099999999996 0.41458900757362721068 0.00000000099999999996 0.00000000099999999996 0.00000000099999999996 
0.00335257577940209581 0.14800892438584012378 0.31953720175181110630 0.00515180281675843132 0.46358528575925500581 0.00000000100000000000 0.00000000100000000000 0.06036420750693327619 
0.00000000099999999991 0.00000000099999999991 0.00000000099999999991 0.99999999300000008695 0.00000000099999999991 0.00000000099999999991 0.00000000099999999991 0.00000000099999999991 
0.00000000099999999996 0.24090140780493859984 0.43430151662827104486 0.00000000099999999996 0.28174549431495293783 0.00000000099999999996 0.00000000099999999996 0.04305157725183753753 
0.00000000099999999962 0.00000000099999999962 0.00000000099999999962 0.00000000099999999962 0.00000000099999999962 0.99999999299999997593 0.00000000099999999962 0.00000000099999999962 
0.00000000099999999969 0.00000000099999999969 0.00000000099999999969 0.00000000099999999969 0.00000000099999999969 0.71689465169995647553 0.28310534230004358314 0.00000000099999999969 
0.00761196203363010988 0.17626543018991905343 0.48674424289196216442 0.07983225409344335555 0.24954610779104549612 0.00000000099999999998 0.00000000099999999998 0.00000000099999999998 
0.00000000099999999992 0.00000000099999999992 0.00000000099999999992 0.99999999299999997593 0.00000000099999999992 0.00000000099999999992 0.00000000099999999992 0.00000000099999999992 
0.99999999300000019797 0.00000000099999999975 0.00000000099999999975 0.00000000099999999975 0.00000000099999999975 0.00000000099999999975 0.00000000099999999975 0.00000000099999999975 
0.00000000099999999992 0.00000000099999999992 0.00000000099999999992 0.99999999300000008695 0.00000000099999999992 0.00000000099999999992 0.00000000099999999992 0.00000000099999999992 
0.00000000099999999999 0.24243264069647393888 0.27544160256011956944 0.02950015302301700615 0.40197335778518600291 0.00000000099999999999 0.00000000099999999999 0.05065224293520358134 
0.00000000099999999961 0.00000000099999999961 0.00000000099999999961 0.00000000099999999961 0.00000000099999999961 0.99999999300000008695 0.00000000099999999961 0.00000000099999999961 
0.99999999300000008695 0.00000000099999999963 0.00000000099999999963 0.00000000099999999963 0.00000000099999999963 0.00000000099999999963 0.00000000099999999963 0.00000000099999999963 
0.00000000099999999965 0.00000000099999999965 0.00000000099999999965 0.00000000099999999965 0.00000000099999999965 0.99999999300000008695 0.00000000099999999965 0.00000000099999999965 
0.00000000099999999995 0.00000000099999999995 0.99999999299999997593 0.00000000099999999995 0.00000000099999999995 0.00000000099999999995 0.00000000099999999995 0.00000000099999999995 
0.00000000099999999990 0.00000000099999999990 0.00000000099999999990 0.99999999299999997593 0.00000000099999999990 0.00000000099999999990 0.00000000099999999990 0.00000000099999999990 
0.00000000099999999992 0.00000000099999999992 0.00000000099999999992 0.99999999299999997593 0.00000000099999999992 0.00000000099999999992 0.00000000099999999992 0.00000000099999999992 
0.00000000099999999996 0.00000000099999999996 0.00000000099999999996 0.22667669222046762934 0.66963495421720509171 0.00000000099999999996 0.00000000099999999996 0.10368834856232739261 
0.02126125012453276841 0.20041540890249737172 0.31247114721820529182 0.00000004023691477743 0.44668335047163965079 0.00000000099999999999 0.00000000099999999999 0.01916880104621027786 
0.00000000099999999991 0.00000000099999999991 0.99999999299999997593 0.00000000099999999991 0.00000000099999999991 0.00000000099999999991 0.00000000099999999991 0.00000000099999999991 
0.00000000099999999994 0.00000000099999999994 0.99999999299999997593 0.00000000099999999994 0.00000000099999999994 0.00000000099999999994 0.00000000099999999994 0.00000000099999999994 
0.00000000099999999998 0.00000000099999999998 0.50092546570096330161 0.00000000099999999998 0.41721699748579921252 0.00000000099999999998 0.00000000099999999998 0.08185753181323755789 
0.00000000099999999996 0.36397177276845116278 0.31851707070983165115 0.00000000099999999996 0.30652317798190437115 0.00000000099999999996 0.00000000099999999996 0.01098797453981280141 
0.00000000099999999996 0.24372244949273297321 0.46170761216713041009 0.00509780238200730883 0.28946676551923272713 0.00000000099999999996 0.00000000099999999996 0.00000536743889665311 
0.00322076296916647868 0.26987717819089140914 0.43256176433390436387 0.00588647839747882384 0.28584733823410907183 0.00000000099999999998 0.00000000099999999998 0.00260647587444995865 
0.00000000099999999997 0.00000000099999999997 0.48078742339116603555 0.02851971463353242253 0.49069285697530162782 0.00000000099999999997 0.00000000099999999997 0.00000000099999999997 
0.00000000099999999993 0.00000000099999999993 0.00000000099999999993 0.99999999299999997593 0.00000000099999999993 0.00000000099999999993 0.00000000099999999993 0.00000000099999999993 
0.00000000099999999996 0.00000000099999999996 0.02452094800650491888 0.97547904599349510857 0.00000000099999999996 0.00000000099999999996 0.00000000099999999996 0.00000000099999999996 
0.00000000099999999974 0.00000000099999999974 0.00000000099999999974 0.00000000099999999974 0.00000000099999999974 0.99999999300000008695 0.00000000099999999974 0.00000000099999999974 
0.00000000099999999995 0.00000000099999999995 0.00000000099999999995 0.99999999300000008695 0.00000000099999999995 0.00000000099999999995 0.00000000099999999995 0.00000000099999999995 
0.00000000099999999996 0.00000000099999999996 0.00000000099999999996 0.99999999299999997593 0.00000000099999999996 0.00000000099999999996 0.00000000099999999996 0.00000000099999999996 
0.00372345469993452371 0.27057032776542899732 0.31822066125605535936 0.02072429069038364199 0.38670508460633790104 0.00000000099999999998 0.00000000099999999998 0.00005617898185969577 
0.00000000099999999955 0.00000000099999999955 0.00000000099999999955 0.00000000099999999955 0.00000000099999999955 0.99999999299999997593 0.00000000099999999955 0.00000000099999999955 
0.00000000099999999998 0.00000000099999999998 0.58699753828634804176 0.00000000099999999998 0.41300245571365196140 0.00000000099999999998 0.00000000099999999998 0.00000000099999999998 
0.00299042945156969067 0.25944561337008298363 0.36393537155242333681 0.01177902635400863117 0.35012598102362879615 0.00000000099999999998 0.00000000099999999998 0.01172357624828677600 
0.00335922594475048051 0.30576549668493829826 0.31210257681677816555 0.00000000100000000000 0.36167165997952416268 0.00000000100000000000 0.00000000100000000000 0.01710103757400888852 
0.00000016328883778411 0.19786495301023154791 0.42363545119983514464 0.02218527858443178694 0.35631415091666385209 0.00000000099999999999 0.00000000099999999999 0.00000000099999999999 
0.00000000099999999994 0.00000000099999999994 0.99979825594197135885 0.00000000099999999994 0.00000000099999999994 0.00000000099999999994 0.00000000099999999994 0.00020173805802864986 
0.00000000099999999998 0.00000000099999999998 0.39987482130555435100 0.02461312748880189333 0.48773857484399701923 0.00000000099999999998 0.00000000099999999998 0.08777347236164680100 
0.00000000099999999998 0.28251479502935050725 0.50876974118744844322 0.00000000099999999998 0.12140922916911661700 0.00000000099999999998 0.00000000099999999998 0.08730623061408430974 
0.00446691927753347946 0.27631070125174189700 0.27345752466094092048 0.00127952373771909444 0.38455281874867253133 0.00000000099999999999 0.00000000099999999999 0.05993251032339211304 
0.02934535420370767630 0.21862594913008526198 0.26845982100372972612 0.00773387885591724032 0.47583499380656002486 0.00000000100000000000 0.00000000100000000000 0.00000000100000000000 
0.01106687229757318501 0.23835451968935766898 0.41434570671680304166 0.00000000099999999999 0.30754201222834826046 0.00000000099999999999 0.00000000099999999999 0.02869088606791781251 
0.00000000099999999996 0.31159293784950925499 0.31970592199743147477 0.00000000099999999996 0.36870113515305924512 0.00000000099999999996 0.00000000099999999996 0.00000000099999999996 
0.02366175794097242005 0.33899191295499569998 0.37318566936596353489 0.01791889725468686842 0.21955749960091933137 0.00000000100000000000 0.00000000100000000000 0.02668426088246209082 
0.00801960215015002850 0.31787619428702512669 0.29750075227893263419 0.00000000099999999997 0.37660344728389216762 0.00000000099999999997 0.00000000099999999997 0.00000000099999999997 
0.00000000099999999998 0.00000000099999999998 0.36208378698881105162 0.00162735495902352977 0.61682253346454385401 0.00000000099999999998 0.00000000099999999998 0.01946632058762177292 
0.00000000099999999993 0.00000000099999999993 0.00000000099999999993 0.00000000099999999993 0.99999999299999997593 0.00000000099999999993 0.00000000099999999993 0.00000000099999999993 
0.00000000099999999997 0.16986701471074150405 0.37253243619453185742 0.01434180011848467523 0.33506993038335997070 0.00000000099999999997 0.00000000099999999997 0.10818881559288201499 
0.00000000099999999992 0.99999999300000008695 0.00000000099999999992 0.00000000099999999992 0.00000000099999999992 0.00000000099999999992 0.00000000099999999992 0.00000000099999999992 
0.00000000099999999999 0.20906185043956401759 0.35560641606645676527 0.02634439509967001145 0.32701071145012505781 0.00000000099999999999 0.00000000099999999999 0.08197662394418421539 
0.00000000099999999994 0.00000000099999999994 0.00000000099999999994 0.00000000099999999994 0.99999999300000008695 0.00000000099999999994 0.00000000099999999994 0.00000000099999999994 
0.00000000099999999997 0.27422109720789300535 0.00000000392321542359 0.00000000099999999997 0.62533170594749687421 0.00000000099999999997 0.00000000099999999997 0.10044718892139473110 
0.00003193260001155207 0.07939221039053805107 0.41997043614404921952 0.00955619053643886815 0.33136748286593298296 0.07257076960630019780 0.00000000100000000000 0.08711097685672911095 
0.00000000099999999996 0.42284310300305727459 0.52698178446558818777 0.00000000099999999996 0.00000000099999999996 0.00000000099999999996 0.00000000099999999996 0.05017510753135475537 
0.00000000099999999995 0.30401355180809075396 0.56624011613747682325 0.00000000099999999995 0.00089916708970015342 0.00000000099999999995 0.00000000099999999995 0.12884716096473231017 
0.00000000099999999996 0.24526021133276315611 0.50266709886974114685 0.01400759190515876718 0.19401932931613274924 0.00000000099999999996 0.00000000099999999996 0.04404576557620424465 
0.00891369902709595457 0.08766351238745191676 0.54482628686873424417 0.00000000099999999997 0.27460857712811442832 0.00000000099999999997 0.00000000099999999997 0.08398792158860343693 
0.00000000099999999997 0.14451568651946525290 0.41670451806549496654 0.00519291399637873512 0.38551702398053977472 0.00000000099999999997 0.00000000099999999997 0.04806985443812127057 
0.00000000099999999999 0.11721915577275578146 0.34951062490573631125 0.00000000099999999999 0.41566536468370862689 0.00000000099999999999 0.00000000099999999999 0.11760485063779932413 
0.00693357854518229788 0.10932661976618993083 0.39787854949416479045 0.01036040730806584570 0.46081121320174645017 0.00000000099999999998 0.00000000099999999998 0.01468962968465073113 
0.00000000099999999996 0.54600607925069200022 0.00000000099999999996 0.00000000099999999996 0.45399391474930811397 0.00000000099999999996 0.00000000099999999996 0.00000000099999999996 
0.00000000099999999995 0.00000000099999999995 0.40541015616991837867 0.01703645476467603032 0.57755338406540557283 0.00000000099999999995 0.00000000099999999995 0.00000000099999999995 
0.00000000099999999992 0.00000000099999999992 0.00000000099999999992 0.99999999300000008695 0.00000000099999999992 0.00000000099999999992 0.00000000099999999992 0.00000000099999999992 
0.00000000099999999996 0.00000000099999999996 0.00000001760728497784 0.99999997639271498429 0.00000000099999999996 0.00000000099999999996 0.00000000099999999996 0.00000000099999999996 
0.00000000099999999963 0.00000000099999999963 0.00000000099999999963 0.00000000099999999963 0.00000000099999999963 0.00000000099999999963 0.99999999299999997593 0.00000000099999999963 
0.99999999300000019797 0.00000000099999999965 0.00000000099999999965 0.00000000099999999965 0.00000000099999999965 0.00000000099999999965 0.00000000099999999965 0.00000000099999999965 
0.03971600644424121140 0.02600554122568051255 0.00000000099999999999 0.90682966718611401902 0.00000000099999999999 0.00000000099999999999 0.00000000099999999999 0.02744878114396437016 
0.00000000099999999989 0.99999999300000019797 0.00000000099999999989 0.00000000099999999989 0.00000000099999999989 0.00000000099999999989 0.00000000099999999989 0.00000000099999999989 
0.00000000099999999999 0.38017214212129207818 0.20719010310385896356 0.01763566812728567176 0.39500208264756325738 0.00000000099999999999 0.00000000099999999999 0.00000000099999999999 
0.00093545890649395760 0.00000000099999999997 0.00000000099999999997 0.96803357292207403706 0.00000000099999999997 0.00000000099999999997 0.00000000099999999997 0.03103096317143191202 
0.00000000099999999998 0.32997489820215603062 0.27742259257039775244 0.01469886973915090697 0.34971890947586198317 0.00000000099999999998 0.00000000099999999998 0.02818472701243337694 
0.00000000099999999993 0.00000000099999999993 0.00000000099999999993 0.00000000099999999993 0.99999999300000008695 0.00000000099999999993 0.00000000099999999993 0.00000000099999999993 
0.00000000099999999998 0.24347744182739347596 0.23571272949687574472 0.00000000099999999998 0.41594219334454779480 0.00000000099999999998 0.00000000099999999998 0.10486763133118288949 
0.00000000099999999964 0.00000000099999999964 0.00000000099999999964 0.00000000099999999964 0.00000000099999999964 0.42595915790872024287 0.57404083609127964927 0.00000000099999999964 
0.00000000099999999960 0.00000000099999999960 0.00000000099999999960 0.00000000099999999960 0.00000000099999999960 0.99999999300000008695 0.00000000099999999960 0.00000000099999999960 
0.00000000099999999952 0.00000000099999999952 0.00000000099999999952 0.00000000099999999952 0.00000000099999999952 0.00000000099999999952 0.99999999299999986491 0.00000000099999999952 
0.00000000099999999954 0.00000000099999999954 0.00000000099999999954 0.00000000099999999954 0.00000000099999999954 0.00000000099999999954 0.99999999299999997593 0.00000000099999999954 
0.00000000099999999958 0.00000000099999999958 0.00000000099999999958 0.00000000099999999958 0.00000000099999999958 0.99999999300000008695 0.00000000099999999958 0.00000000099999999958 
0.00000000099999999997 0.00000000099999999997 0.00000000099999999997 0.99999999299999997593 0.00000000099999999997 0.00000000099999999997 0.00000000099999999997 0.00000000099999999997 
0.01114827757807452038 0.00008210077319398876 0.51898692354846087671 0.00000000099999999999 0.40843958722120576876 0.00000000099999999999 0.00000000099999999999 0.06134310787906495366 
0.00000000099999999959 0.00000000099999999959 0.00000000099999999959 0.00000000099999999959 0.00000000099999999959 0.99999999300000008695 0.00000000099999999959 0.00000000099999999959 
0.00000000099999999967 0.00000000099999999967 0.00000000099999999967 0.00000000099999999967 0.00000000099999999967 0.69748772642774781172 0.30251226757225219144 0.00000000099999999967 
0.99999999300000019797 0.00000000099999999963 0.00000000099999999963 0.00000000099999999963 0.00000000099999999963 0.00000000099999999963 0.00000000099999999963 0.00000000099999999963 
0.99999999300000019797 0.00000000099999999963 0.00000000099999999963 0.00000000099999999963 0.00000000099999999963 0.00000000099999999963 0.00000000099999999963 0.00000000099999999963 
0.00000000099999999998 0.06478414960947583012 0.34821652992799789761 0.00000000099999999998 0.53930488399488596407 0.00000000099999999998 0.00000000099999999998 0.04769443246764035887 
0.00000000099999999958 0.00000000099999999958 0.00000000099999999958 0.00000000099999999958 0.00000000099999999958 0.99999999299999997593 0.00000000099999999958 0.00000000099999999958 
0.00000000099999999999 0.24417172577310508608 0.46435166396268229283 0.01399533349647341142 0.27748127276773915106 0.00000000099999999999 0.00000000099999999999 0.00000000099999999999 
0.00000000099999999988 0.99999999300000019797 0.00000000099999999988 0.00000000099999999988 0.00000000099999999988 0.00000000099999999988 0.00000000099999999988 0.00000000099999999988 
0.00000000099999999996 0.00000000099999999996 0.00000000099999999996 0.95408275036812661973 0.00000000099999999996 0.00000000099999999996 0.00000000099999999996 0.04591724363187357077 
0.00000000099999999997 0.24515442607132234554 0.39564528142821198120 0.00782520201667795401 0.35137508648378784626 0.00000000099999999997 0.00000000099999999997 0.00000000099999999997 
0.00000000099999999989 0.00000000099999999989 0.00000000099999999989 0.99999999299999997593 0.00000000099999999989 0.00000000099999999989 0.00000000099999999989 0.00000000099999999989 
0.00146078965066964868 0.21244754926027761832 0.40256283557050021038 0.01315623876535119453 0.32757739613677538948 0.00000000099999999998 0.00000000099999999998 0.04279518861642595678 
0.00000000099999999991 0.00000000099999999991 0.00000000099999999991 0.99999999299999997593 0.00000000099999999991 0.00000000099999999991 0.00000000099999999991 0.00000000099999999991 
0.01243279093541485233 0.37618631648752048902 0.29612035213379461762 0.00000000099999999998 0.23429164722172429736 0.00000000099999999998 0.00000000099999999998 0.08096889022154581117 
0.00000000099999999990 0.99999999300000019797 0.00000000099999999990 0.00000000099999999990 0.00000000099999999990 0.00000000099999999990 0.00000000099999999990 0.00000000099999999990 
0.00000000099999999962 0.00000000099999999962 0.00000000099999999962 0.00000000099999999962 0.00000000099999999962 0.99999999299999997593 0.00000000099999999962 0.00000000099999999962 
0.00000000099999999993 0.00000000099999999993 0.00000000099999999993 0.99999999299999997593 0.00000000099999999993 0.00000000099999999993 0.00000000099999999993 0.00000000099999999993 
0.00000000099999999963 0.00000000099999999963 0.00000000099999999963 0.00000000099999999963 0.00000000099999999963 0.51105783112527403134 0.48894216287472608284 0.00000000099999999963 
0.00000000099999999955 0.00000000099999999955 0.00000000099999999955 0.00000000099999999955 0.00000000099999999955 0.00000000099999999955 0.99999999299999986491 0.00000000099999999955 
0.00000000099999999999 0.27541131644799116129 0.32908013139644481937 0.00156065327236576076 0.35954178593976954259 0.00000000099999999999 0.00000000099999999999 0.03440610994342869350 
0.00000000099999999997 0.35214958560321224512 0.63837027961415215849 0.00948012978263561117 0.00000000099999999997 0.00000000099999999997 0.00000000099999999997 0.00000000099999999997 
0.00000000099999999990 0.00000000099999999990 0.00000000099999999990 0.00000000099999999990 0.99999999299999997593 0.00000000099999999990 0.00000000099999999990 0.00000000099999999990 
0.00000000099999999997 0.13279053600656531842 0.26112063470725255243 0.00000000099999999997 0.54491851847384442653 0.00000000099999999997 0.00000000099999999997 0.06117030681233771167 
0.00000000099999999997 0.31225158696011401371 0.21820133759577248211 0.00000000099999999997 0.33266253275715884641 0.00000000099999999997 0.00000000099999999997 0.13688453868695474314 
0.00293034930625811442 0.19780693974703825178 0.27221749238428655238 0.00000013432548029720 0.43484328776650438275 0.00000000099999999997 0.00000000099999999997 0.09220179447043239107 
0.00000000099999999991 0.00000000099999999991 0.99999999299999997593 0.00000000099999999991 0.00000000099999999991 0.00000000099999999991 0.00000000099999999991 0.00000000099999999991 
0.00000000099999999995 0.00000000103852785241 0.01343851517939004085 0.98656147878208211299 0.00000000099999999995 0.00000000099999999995 0.00000000099999999995 0.00000000099999999995 
0.00000000099999999997 0.26840601294486554629 0.46987269126017217058 0.00000000099999999997 0.23539918031248960317 0.00000000099999999997 0.00000000099999999997 0.02632211148247264043 
0.00000000099999999954 0.00000000099999999954 0.00000000099999999954 0.00000000099999999954 0.00000000099999999954 0.00000000099999999954 0.99999999299999997593 0.00000000099999999954 
0.00000000099999999993 0.00000000099999999993 0.99999999300000008695 0.00000000099999999993 0.00000000099999999993 0.00000000099999999993 0.00000000099999999993 0.00000000099999999993 
0.00000000099999999981 0.00000000099999999981 0.00000000099999999981 0.00000000099999999981 0.00000000099999999981 0.00000000099999999981 0.99999999299999997593 0.00000000099999999981 
0.00000000099999999965 0.00000000099999999965 0.00000000099999999965 0.00000000099999999965 0.00000000099999999965 0.80485299693159639833 0.19514699706840349380 0.00000000099999999965 
0.00000000099999999997 0.51449562915724367240 0.00001709501597662550 0.01605572281974560964 0.46943154900703421006 0.00000000099999999997 0.00000000099999999997 0.00000000099999999997 
0.00000000099999999994 0.00000000099999999994 0.99999999300000008695 0.00000000099999999994 0.00000000099999999994 0.00000000099999999994 0.00000000099999999994 0.00000000099999999994 
0.00000000099999999999 0.24199287048858475480 0.30823702144045733720 0.00891495044194433317 0.37272052183795084668 0.00000000099999999999 0.00000000099999999999 0.06813463279106279913 
0.00000000099999999970 0.00000000099999999970 0.00000000099999999970 0.00000000099999999970 0.00000000099999999970 0.66326039090414401489 0.33673960309585604378 0.00000000099999999970 
0.00000000099999999992 0.00000000099999999992 0.00000000099999999992 0.99999999299999997593 0.00000000099999999992 0.00000000099999999992 0.00000000099999999992 0.00000000099999999992 
0.00000000099999999992 0.00000000099999999992 0.00000000099999999992 0.99999999300000008695 0.00000000099999999992 0.00000000099999999992 0.00000000099999999992 0.00000000099999999992 
0.00000000099999999967 0.00000000099999999967 0.00000000099999999967 0.00000000099999999967 0.00000000099999999967 0.70382444300399849002 0.29617555099600140212 0.00000000099999999967 
0.00000000099999999994 0.00000000099999999994 0.00000000099999999994 0.00000000099999999994 0.99999999300000008695 0.00000000099999999994 0.00000000099999999994 0.00000000099999999994 
0.00192502152516348265 0.27052800550545164082 0.59968985352316683812 0.02165609822797908215 0.00001835847624715980 0.00000000099999999999 0.00000000099999999999 0.10618266074199181337 
0.00000000099999999962 0.00000000099999999962 0.00000000099999999962 0.00000000099999999962 0.00000000099999999962 0.99999999299999997593 0.00000000099999999962 0.00000000099999999962 
0.00000000099999999997 0.23167264647512580966 0.38609075443083207269 0.00000000099999999997 0.28812233679928889174 0.00000000099999999997 0.00000000099999999997 0.09411425829475331128 
0.00000000099999999990 0.00000000099999999990 0.00000000099999999990 0.99999999300000008695 0.00000000099999999990 0.00000000099999999990 0.00000000099999999990 0.00000000099999999990 
0.10665948554388307579 0.60535185183762652006 0.00000000099999999999 0.19268188487296974976 0.00000000099999999999 0.09530677374552073977 0.00000000099999999999 0.00000000099999999999 
0.00000000099999999999 0.16003222452827667310 0.25282443453709052550 0.02460462323489113687 0.54295534375219711709 0.00000000099999999999 0.00000000099999999999 0.01958337094754461147 
0.00747622728628256124 0.31652805947844014911 0.00000000099999999997 0.00823269873080492189 0.66776301050447228747 0.00000000099999999997 0.00000000099999999997 0.00000000099999999997 
0.00971030775453968729 0.00000000099999999998 0.41255443542318359640 0.00000000099999999998 0.57773525182227669639 0.00000000099999999998 0.00000000099999999998 0.00000000099999999998 
0.00000000099999999977 0.00000000099999999977 0.00000000099999999977 0.00000000099999999977 0.00000000099999999977 0.00000000099999999977 0.00000000099999999977 0.99999999300000008695 
0.00215052906882936190 0.15145494201978390580 0.32500689116274333879 0.00000000099999999998 0.48438530484671343812 0.00000000099999999998 0.00000000099999999998 0.03700232990192992705 
0.00000000099999999998 0.09214176210481858642 0.64248387045738963863 0.00000000099999999998 0.20662994292865993762 0.00000000099999999998 0.00000000099999999998 0.05874442050913191576 
0.00000000099999999994 0.00000000099999999994 0.00000000099999999994 0.00000000099999999994 0.99999999300000008695 0.00000000099999999994 0.00000000099999999994 0.00000000099999999994 
0.00000000099999999991 0.99999999300000019797 0.00000000099999999991 0.00000000099999999991 0.00000000099999999991 0.00000000099999999991 0.00000000099999999991 0.00000000099999999991 
0.00000000099999999993 0.00000000099999999993 0.00000000099999999993 0.99999999299999997593 0.00000000099999999993 0.00000000099999999993 0.00000000099999999993 0.00000000099999999993 
0.00000000099999999992 0.00000000099999999992 0.99999999300000008695 0.00000000099999999992 0.00000000099999999992 0.00000000099999999992 0.00000000099999999992 0.00000000099999999992 
0.00000000099999999995 0.57055307068777416646 0.00000000099999999995 0.00000000099999999995 0.42944692331222594772 0.00000000099999999995 0.00000000099999999995 0.00000000099999999995 
0.00000000099999999998 0.42740385439592748495 0.23078099573693197644 0.04287937639330057643 0.29588054077235154127 0.00000000099999999998 0.00000000099999999998 0.00305522970148839950 
0.00000000099999999988 0.99999999300000008695 0.00000000099999999988 0.00000000099999999988 0.00000000099999999988 0.00000000099999999988 0.00000000099999999988 0.00000000099999999988 
0.00000000099999999998 0.00000000099999999998 0.49554269142268397852 0.02277398912711420254 0.48168331445020179382 0.00000000099999999998 0.00000000099999999998 0.00000000099999999998 
0.00000000099999999997 0.42104336386473861786 0.25322079967453792193 0.00000000099999999997 0.32573583146072354610 0.00000000099999999997 0.00000000099999999997 0.00000000099999999997 
0.00000000099999999998 0.36786742269103855918 0.58602533086206276547 0.00000000099999999998 0.00000019428518925688 0.00000000099999999998 0.00000000099999999998 0.04610704816170951847 
0.00000000099999999995 0.00000000099999999995 0.00000000099999999995 0.96136109435530925360 0.03863889964469077037 0.00000000099999999995 0.00000000099999999995 0.00000000099999999995 
0.00000000099999999994 0.00000000099999999994 0.00000000099999999994 0.00000000099999999994 0.99999999299999997593 0.00000000099999999994 0.00000000099999999994 0.00000000099999999994 
0.00000000099999999996 0.00000000099999999996 0.00000000099999999996 0.00000000099999999996 0.91158032268162547673 0.00000000099999999996 0.00000000099999999996 0.08841967131837452643 
0.00000000099999999999 0.00000000099999999999 0.44883493549852143678 0.00000000099999999999 0.46002741246544759379 0.00000000099999999999 0.00328682640333784106 0.08785082163269328226 
0.00000000099999999996 0.00000000099999999996 0.00000000099999999996 0.99999999300000008695 0.00000000099999999996 0.00000000099999999996 0.00000000099999999996 0.00000000099999999996 
0.00000000099999999999 0.00000174869028776944 0.51042951116014634305 0.02118398053493164568 0.45203158020130990158 0.00000011240895376578 0.01635306500437046576 0.00000000099999999999 
0.00000000099999999997 0.00000000099999999997 0.00000000099999999997 0.00000000099999999997 0.89737439980355038216 0.00000000099999999997 0.00000000099999999997 0.10262559419644960712 
0.00630090800059970608 0.20237235760292651698 0.28107544314689403286 0.47775710878395893921 0.00000000099999999998 0.00000000099999999998 0.00000000099999999998 0.03249417946562080384 
