0.02609094389371527378 0.96565531738506127368 0.00033197169214711471 0.00792176702907639377 
0.00000000099999999996 0.00000000099999999996 0.00000000099999999996 0.99999999700000008485 
0.00000000099999999996 0.00000000099999999996 0.00000000099999999996 0.99999999699999997382 
0.00553937308810733935 0.95164743281695551858 0.00000000099999999999 0.04281319309493710618 
0.01323374206472930324 0.98636479188016423780 0.00000000100000000000 0.00040146505510662385 
0.00639183900228763955 0.96305221208431113222 0.00000000099999999999 0.03055594791340122615 
0.00000000099999999997 0.00000000099999999997 0.00000000099999999997 0.99999999699999997382 
0.00000000099999999995 0.00000000099999999995 0.00000000099999999995 0.99999999699999997382 
0.01973714611663087565 0.97135634499975065381 0.00000000099999999999 0.00890650788361841729 
0.00000000099999999997 0.00000000099999999997 0.00000000099999999997 0.99999999699999997382 
0.01379085135748602496 0.96842790474510087595 0.00000000100000000000 0.01778124289741303543 
0.01153548676172365915 0.96586450000297729979 0.00000000099999999999 0.02260001223529899475 
0.00887192497208923181 0.98602681191316821074 0.00000000100000000000 0.00510126211474243134 
0.01968062398734593890 0.96975719859356324104 0.00000000100000000000 0.01056217641909086742 
0.02164821112727539215 0.97104467303457753236 0.00608504637934469648 0.00122206945880237922 
0.03332658686077494270 0.90565566330251023874 0.00000000099999999999 0.06101774883671488847 
0.00025165720791425078 0.99228692404551310791 0.00000000100000000000 0.00746141774657246935 
0.00655781940927378446 0.98806287867419884119 0.00537930091652732371 0.00000000100000000000 
0.01149996299791447574 0.97709551132657457284 0.00816561622219295902 0.00323890945331811947 
0.00795537464641813200 0.99123734419926745609 0.00000000099999999998 0.00080728015431463221 
0.00001908674070158534 0.99606926753967428567 0.00000000100000000000 0.00391164471962404062 
0.00000000099999999998 0.00000000843260663663 0.00000000099999999998 0.99999998956739344358 
0.00000000099999999999 0.96970503275396646714 0.00000000099999999999 0.03029496524603347493 
0.00411050240897304839 0.95803968379926340848 0.00000000099999999999 0.03784981279176365121 
0.00000042182779278081 0.96666465312631211226 0.00000000099999999999 0.03333492404589523395 
0.00691387776096145674 0.99308612023903841681 0.00000000099999999999 0.00000000099999999999 
0.99999999700000008485 0.00000000099999999988 0.00000000099999999988 0.00000000099999999988 
0.99999999699999997382 0.00000000099999999986 0.00000000099999999986 0.00000000099999999986 
0.01172638965750351023 0.98295990374597030925 0.00000000100000000000 0.00531370559652614548 
0.01501410535113293504 0.98498589264886715622 0.00000000099999999999 0.00000000099999999999 
0.00000000158606173376 0.97039430014703309535 0.00000000099999999999 0.02960569726690513020 
0.00000000099999999998 0.00000000099999999998 0.00000000099999999998 0.99999999700000008485 
0.36100575685684854754 0.39856113425197881028 0.00000000099999999997 0.24043310789117267046 
0.00110672134423028443 0.99848807551431906226 0.00000000099999999999 0.00040520214145066706 
0.00000000099999999986 0.00000000099999999986 0.99999999699999986280 0.00000000099999999986 
0.00000000099999999982 0.00000000099999999982 0.99999999699999997382 0.00000000099999999982 
0.00000000099999999982 0.00000000099999999982 0.99999999699999986280 0.00000000099999999982 
0.99999999699999997382 0.00000000099999999988 0.00000000099999999988 0.00000000099999999988 
0.99999999700000008485 0.00000000099999999987 0.00000000099999999987 0.00000000099999999987 
0.00363536475020182935 0.99427206362454267907 0.00000000099999999999 0.00209257062525549254 
0.00000000099999999998 0.00000000099999999998 0.00000000099999999998 0.99999999700000008485 
0.99999999700000008485 0.00000000099999999987 0.00000000099999999987 0.00000000099999999987 
0.01219490432225382552 0.96002614752865311765 0.00000000099999999999 0.02777894714909294807 
0.00000000099999999996 0.00000000099999999996 0.00000000099999999996 0.99999999699999997382 
0.99999999699999997382 0.00000000099999999989 0.00000000099999999989 0.00000000099999999989 
0.00999797224333340805 0.97046961473257076225 0.00000000099999999999 0.01953241202409588054 
0.99999999700000008485 0.00000000099999999987 0.00000000099999999987 0.00000000099999999987 
0.00000000099999999997 0.00000000099999999997 0.00000000099999999997 0.99999999699999997382 
0.00000000099999999995 0.00000000099999999995 0.00000000099999999995 0.99999999699999997382 
0.99999999700000008485 0.00000000099999999986 0.00000000099999999986 0.00000000099999999986 
0.99999999699999997382 0.00000000099999999987 0.00000000099999999987 0.00000000099999999987 
0.00000000099999999997 0.00000000099999999997 0.00000000099999999997 0.99999999699999997382 
0.00000000099999999996 0.00000000099999999996 0.00000000099999999996 0.99999999700000008485 
0.00000000099999999997 0.00000000099999999997 0.00000000099999999997 0.99999999700000008485 
0.99999999700000008485 0.00000000099999999989 0.00000000099999999989 0.00000000099999999989 
0.01960597755302219414 0.93174467438290797805 0.00000000321427490931 0.04864934484979496765 
0.03021391668088099780 0.96761324341239018931 0.00000000100000000000 0.00217283890672880344 
0.00000000099999999999 0.97028823422076238003 0.00000000099999999999 0.02971176377923771469 
0.00449266721873657886 0.97796010303104285999 0.00000000099999999999 0.01754722875022063366 
0.00000000099999999996 0.00000000099999999996 0.00000000099999999996 0.99999999699999997382 
0.00981661610480590897 0.98797299117212866726 0.00160807176330988728 0.00060232095975554061 
0.00000000099999999985 0.00000000099999999985 0.99999999699999986280 0.00000000099999999985 
0.00937055681346970690 0.98055520777436777635 0.00000000099999999998 0.01007423441216255718 
0.00000000099999999985 0.00000000099999999985 0.99999999699999997382 0.00000000099999999985 
0.00120252202418902115 0.95218398180914676221 0.00000000100000000000 0.04661349516666424275 
0.00000000099999999986 0.00000000099999999986 0.99999999699999986280 0.00000000099999999986 
0.00571897090457069383 0.98168198226554315156 0.00000000099999999999 0.01259904582988620285 
0.01073169730456653703 0.97391186842339172447 0.00000007072203544928 0.01535636355000623461 
0.00000000099999999995 0.00000000099999999995 0.00000000099999999995 0.99999999699999997382 
0.00000000099999999998 0.99999789692134755104 0.00000000099999999998 0.00000210107865243633 
0.00000000099999999985 0.00000000099999999985 0.99999999699999997382 0.00000000099999999985 
0.00000000099999999987 0.00000000099999999987 0.99999999699999986280 0.00000000099999999987 
0.01487357690031138220 0.89788982481958934390 0.00000000099999999999 0.08723659728009924841 
0.00000000099999999995 0.00000000099999999995 0.00000000099999999995 0.99999999699999997382 
0.99999999700000008485 0.00000000099999999989 0.00000000099999999989 0.00000000099999999989 
0.00000000099999999996 0.00000000099999999996 0.00000000099999999996 0.99999999699999997382 
0.00000000100000000000 0.95677449930081936991 0.00120789722816366319 0.04201760247101708062 
0.00000000099999999984 0.00000000099999999984 0.99999999699999986280 0.00000000099999999984 
0.99999999700000008485 0.00000000099999999985 0.00000000099999999985 0.00000000099999999985 
0.00000000099999999987 0.00000000099999999987 0.99999999699999986280 0.00000000099999999987 
0.02166079316859324810 0.97275011600269079004 0.00320272117262041618 0.00238636965609556346 
0.00000000099999999995 0.00000000099999999995 0.00000000099999999995 0.99999999700000008485 
0.00000000099999999996 0.00000000099999999996 0.00000000099999999996 0.99999999699999997382 
0.00462539152948559032 0.75932643396552368387 0.00000000099999999999 0.23604817350499079920 
0.02492326676077629213 0.96895005518405430411 0.00000000100000000000 0.00612667705516931668 
0.00000096694720276085 0.98528796885541902739 0.00000000099999999999 0.01471106319737817449 
0.00000000099999999999 0.97112875654928432212 0.00000000099999999999 0.02887124145071573791 
0.00261761036647595226 0.99682177305833952197 0.00000000100000000000 0.00056061557518460512 
0.00000000099999999998 0.99999999700000008485 0.00000000099999999998 0.00000000099999999998 
0.00081764329500498469 0.98422723135036382924 0.00000000099999999999 0.01495512435463126552 
0.01065289735669941798 0.97607020562996460455 0.00000000099999999999 0.01327689601333603177 
0.00000006550304539724 0.95807673176935614912 0.00000000234949680778 0.04192320037810157857 
0.00000000099999999996 0.00000000099999999996 0.00000000099999999996 0.99999999700000008485 
0.00000000099999999998 0.00005444441408285245 0.00000000099999999998 0.99994555358591719063 
0.00000000099999999991 0.00000000099999999991 0.99999999699999986280 0.00000000099999999991 
0.00000000099999999998 0.00000000099999999998 0.00000000099999999998 0.99999999699999997382 
0.00000000099999999998 0.00000000777775322833 0.00000000099999999998 0.99999999022224683731 
0.01049654932704695807 0.96203838427991539284 0.00000000099999999999 0.02746506539303780747 
0.00000000099999999982 0.00000000099999999982 0.99999999699999986280 0.00000000099999999982 
0.00829126913872075058 0.99170872886127914292 0.00000000100000000000 0.00000000100000000000 
0.00846542707689749811 0.97025610191114486369 0.00000000099999999999 0.02127847001195766127 
0.01004871431794013975 0.98324926636574461192 0.00201148558596831242 0.00469053373034703305 
0.00703571751740485023 0.96392783813099891521 0.00000000100000000000 0.02903644335159630274 
0.00053168325942996820 0.99214114479736059682 0.00043039997263984202 0.00689677197056961459 
0.00012907975213503501 0.95735206660952498758 0.00000008722577705773 0.04251876641256296940 
0.00906172104650281723 0.98907356425708481407 0.00000000100000000000 0.00186471369641246897 
0.01126462612528514318 0.97215921193107290854 0.00000000100000000000 0.01657616094364188636 
0.03207842040963977681 0.94720698341294085054 0.00443008333445436484 0.01628451284296493842 
0.01506039167667117505 0.97719210368416908885 0.00000000099999999999 0.00774750363915973662 
0.00000000099999999999 0.99929666687879381559 0.00000000099999999999 0.00070333112120626656 
0.02872807545679151656 0.94313840023938544377 0.00096178075692828207 0.02717174354689482971 
0.01410433992760245885 0.98589565807239742945 0.00000000099999999999 0.00000000099999999999 
0.00066596494522463794 0.98445881586993733148 0.00000000100000000000 0.01487521818483814214 
0.00151444509544657350 0.99678617377589240345 0.00000000099999999999 0.00169938012866098628 
0.00000000099999999999 0.96237525879920349237 0.00000000099999999999 0.03762473920079646011 
0.01097970094639617346 0.97017760762403104646 0.00000000100000000000 0.01884269042957290377 
0.00000000099999999999 0.95546344746031797168 0.00000000099999999999 0.04453655053968204325 
0.00194086448572850174 0.99054825134320534374 0.00000000100000000000 0.00751088317106623528 
0.00242498924441006099 0.96820253290290336778 0.00000000099999999999 0.02937247685268673872 
0.00714333981099603364 0.89694267882449696394 0.06802375006623952169 0.02789023129826754058 
0.00000000099999999999 0.99265905833952694515 0.00000000099999999999 0.00734093966047321203 
0.00000000099999999998 0.97819586865414132060 0.00000000099999999998 0.02180412934585876025 
0.00000084094036480638 0.96927175686063982152 0.00000000099999999998 0.03072740119899549163 
0.01929803420598018293 0.97844781038894268477 0.00000000099999999999 0.00225415440507715711 
0.00000000099999999998 0.98183945384999538053 0.00000000099999999998 0.01816054415000470032 
0.00853360532361135439 0.98025624887865148160 0.00362276628305511442 0.00758737951468200188 
0.00889382934142850072 0.97551618203354784065 0.00000000099999999999 0.01558998762502379100 
0.00299293528227659702 0.99700706271772354672 0.00000000099999999999 0.00000000099999999999 
0.00000000099999999998 0.96255557009698711202 0.00000000099999999998 0.03744442790301282659 
0.00000000099999999996 0.00000000099999999996 0.00000000099999999996 0.99999999699999997382 
0.00000000099999999998 0.00000004956207017059 0.00000000099999999998 0.99999994843792971988 
0.00000000099999999988 0.00000000099999999988 0.99999999699999997382 0.00000000099999999988 
0.99999999699999997382 0.00000000099999999985 0.00000000099999999985 0.00000000099999999985 
0.03979592240554945259 0.04631497194486701441 0.00000000100000000000 0.91388910464958361679 
0.00000000099999999998 0.98282064106452970975 0.00000000099999999998 0.01717935693547021497 
0.00461220438089034093 0.96330623430811235242 0.00000000470311669882 0.03208155660788057639 
0.00395553183542946950 0.00000000099999999999 0.00000000099999999999 0.99604446616457054109 
0.00000000099999999999 0.97716654071665676184 0.00000000099999999999 0.02283345728334332594 
0.01524967768738678953 0.98156081051449162178 0.00000000099999999998 0.00318951079812170328 
0.00614037972164213543 0.99385961827835778148 0.00000000099999999999 0.00000000099999999999 
0.00000000099999999984 0.00000000099999999984 0.99999999699999986280 0.00000000099999999984 
0.00000000099999999985 0.00000000099999999985 0.99999999699999986280 0.00000000099999999985 
0.00000000099999999982 0.00000000099999999982 0.99999999699999986280 0.00000000099999999982 
0.00000000099999999983 0.00000000099999999983 0.99999999699999997382 0.00000000099999999983 
0.00000000099999999983 0.00000000099999999983 0.99999999699999997382 0.00000000099999999983 
0.00000000099999999998 0.00000000099999999998 0.00000000099999999998 0.99999999699999997382 
0.01466930740358078286 0.97961420550993960621 0.00000000100000000000 0.00571648608647947094 
0.00000000099999999983 0.00000000099999999983 0.99999999699999986280 0.00000000099999999983 
0.00000000099999999985 0.00000000099999999985 0.99999999699999986280 0.00000000099999999985 
0.99999999700000008485 0.00000000099999999985 0.00000000099999999985 0.00000000099999999985 
0.99999999700000008485 0.00000000099999999985 0.00000000099999999985 0.00000000099999999985 
0.00000000099999999999 0.99998320437607957079 0.00000000099999999999 0.00001679362392055354 
0.00000000099999999984 0.00000000099999999984 0.99999999699999997382 0.00000000099999999984 
0.00000000599173288027 0.97951807440630156432 0.00007220555006835431 0.02040971405189720422 
0.00241248603298284793 0.99758751196701722641 0.00000000099999999999 0.00000000099999999999 
0.00000000099999999998 0.03847758355321776597 0.00000000099999999998 0.96152241444678221427 
0.00006445529008939508 0.98463054802681149180 0.00000000099999999999 0.01530499568309910859 
0.00000000099999999995 0.00000000099999999995 0.00000000099999999995 0.99999999699999997382 
0.00889682831658009966 0.96491880615496006257 0.00000000099999999999 0.02618436452845985390 
0.00000000099999999995 0.00000000099999999995 0.00000000099999999995 0.99999999699999997382 
0.02051414901571264535 0.96301206348622869768 0.00000000100000000000 0.01647378649805862627 
0.01617554536938107732 0.98372722373209764424 0.00000000100000000000 0.00009722989852139172 
0.00000000099999999986 0.00000000099999999986 0.99999999699999986280 0.00000000099999999986 
0.00000000099999999996 0.00000000099999999996 0.00000000099999999996 0.99999999699999997382 
0.00000000099999999983 0.00000000099999999983 0.99999999699999997382 0.00000000099999999983 
0.00000000099999999983 0.00000000099999999983 0.99999999699999986280 0.00000000099999999983 
0.00129870094215337275 0.98567090272367308135 0.00000000100000000000 0.01303039533417369410 
0.00059459875913446937 0.96728626779935700242 0.00000000099999999999 0.03211913244150847724 
0.00000000099999999998 0.98843406792221633062 0.00000000099999999998 0.01156593007778378319 
0.00624617748278977376 0.98861850734387368700 0.00000000099999999999 0.00513531417333656145 
0.01582821468298485981 0.97365937362430554636 0.00000000099999999999 0.01051241069270966201 
0.01064141590596729206 0.96707511182452599030 0.00000000099999999999 0.02228347126950667653 
0.00000018873541841742 0.99999980926458154062 0.00000000099999999999 0.00000000099999999999 
0.00000000099999999998 0.00225590884509078082 0.00000000099999999998 0.99774408915490908623 
0.00016350884173826699 0.99983289028198552018 0.00000000099999999999 0.00000359987627635846 
0.00000000099999999983 0.00000000099999999983 0.99999999699999997382 0.00000000099999999983 
0.00337753746755314801 0.99396437776224400018 0.00000000100000000000 0.00265808377020290091 
0.00000000099999999994 0.00000000099999999994 0.99999999699999986280 0.00000000099999999994 
0.00000000099999999985 0.00000000099999999985 0.99999999699999997382 0.00000000099999999985 
0.00002512281880421644 0.97185508234463546806 0.00000000099999999999 0.02811979383656028689 
0.01267126290753849659 0.98732873509246144028 0.00000000099999999999 0.00000000099999999999 
0.00000000100000000000 0.97563986090752330416 0.00000592167957331638 0.02435421641290340042 
0.00000000099999999987 0.00000000099999999987 0.99999999699999997382 0.00000000099999999987 
0.00000000099999999996 0.00000000099999999996 0.00000000099999999996 0.99999999699999997382 
0.00000000099999999996 0.00000000099999999996 0.00000000099999999996 0.99999999700000008485 
0.00000000099999999985 0.00000000099999999985 0.99999999699999986280 0.00000000099999999985 
0.01014766612356148533 0.97882579690559501362 0.00000000100000000000 0.01102653597084360393 
0.01606556693984926773 0.93994401521418313727 0.00000000100000000000 0.04399041684596766144 
0.00000000099999999986 0.00000000099999999986 0.99999999699999986280 0.00000000099999999986 
0.01085074392962753417 0.97979856410166266123 0.00000000099999999999 0.00935069096870977390 
0.00000000099999999995 0.00000000099999999995 0.00000000099999999995 0.99999999700000008485 
0.11194477634902515184 0.54457435712497437308 0.10675033622154302126 0.23673053030445748157 
0.00000000100000000000 0.96341612661706754750 0.00458488451596418111 0.03199898786696823288 
0.01601314512221874847 0.94599159416287370572 0.00000000099999999999 0.03799525971490740756 
0.01843311647310041240 0.97854405285902745781 0.00000000099999999999 0.00302282966787233284 
0.01472285749659175969 0.98506400825106243957 0.00000000099999999999 0.00021313325234579542 
0.00604008080213462844 0.99395991719786525032 0.00000000099999999999 0.00000000099999999999 
0.00000000099999999999 0.98886394015032375027 0.00000000099999999999 0.01113605784967625599 
0.01649725591116094417 0.97310480478296501605 0.00000000099999999999 0.01039793830587412531 
0.00824531731010466271 0.95675040691625712341 0.00832549090538587874 0.02667878486825229351 
0.00000000099999999997 0.00000000099999999997 0.00000000099999999997 0.99999999699999997382 
0.01042983712523304698 0.96679853563647033532 0.00000000099999999999 0.02277162623829646904 
0.01019236030601959608 0.98980763769398039109 0.00000000099999999999 0.00000000099999999999 
0.00557510305961489167 0.94482403631807632127 0.00000000100000000000 0.04960085962230880580 
0.00000000099999999999 0.97866905385110392057 0.00000000099999999999 0.02133094414889616722 
0.00555395138366693818 0.95478116928744638514 0.00244060872460667754 0.03722427060427992151 
0.00057266369963594234 0.99942649044204989739 0.00000000099999999999 0.00000084485831426992 
0.00227695891049104491 0.97886962298111468428 0.00000000100000000000 0.01885341710839423188 
0.00000000099999999998 0.00211808918607459071 0.00000000099999999998 0.99788190881392535569 
0.02088331572087449503 0.95537914723538597261 0.00000000099999999999 0.02373753604373959880 
0.01365953347359470313 0.97631203652030407181 0.00000000099999999999 0.01002842900610123773 
0.00024074429761933723 0.97417351341980462642 0.01109384185677670179 0.01449190042579934223 
0.00000000099999999998 0.00000012834018207849 0.00000000099999999998 0.99999986965981801923 
0.00000015030549948053 0.95115203796625324983 0.01927555915634947964 0.02957225257189773429 
0.01256407356611749168 0.97429818343929219804 0.00000000100000000000 0.01313774199459050163 
0.01193148707642155068 0.50618822385229544913 0.00000000099999999999 0.48188028807128313602 
0.00000000099999999998 0.96969301683269437664 0.00000000099999999998 0.03030698116730569727 
0.00000000099999999986 0.00000000099999999986 0.99999999699999997382 0.00000000099999999986 
0.01979666477849094386 0.95921835884995876320 0.00000000099999999999 0.02098497537155036632 
0.00788135198778271151 0.96256582981412919242 0.00000000100000000000 0.02955281719808813129 
