0.01870802132147927205 0.07145783396400610943 0.30988429370787279327 0.57754865720405423879 0.02240119180258742793 0.00000000100000000000 0.00000000100000000000 
0.00000000099999999995 0.00000000099999999995 0.00000000099999999995 0.00000000099999999995 0.00000000099999999995 0.00000000099999999995 0.99999999400000005867 
0.00000000099999999993 0.00000000099999999993 0.00000000099999999993 0.00000000099999999993 0.05165605201932388368 0.00000000099999999993 0.94834394298067603568 
0.00251884277308422368 0.00000000099999999999 0.43170756258558784513 0.52987928874054024408 0.00000000099999999999 0.00000000099999999999 0.03589430290078775981 
0.00398717704837193206 0.23478380535689138964 0.27560939845457177455 0.46219180345890414907 0.02342781368126077221 0.00000000099999999999 0.00000000099999999999 
0.00269062955023941777 0.10905748696143351129 0.43991691720831760382 0.41333015944847800727 0.01038027425155620652 0.00000000099999999999 0.02462453157997529507 
0.00000000099999999993 0.00000000099999999993 0.00000000099999999993 0.00000000099999999993 0.06884787948642370758 0.00000000099999999993 0.93115211551357623954 
0.00000000099999999993 0.00000000099999999993 0.00000000099999999993 0.00000000099999999993 0.00000000099999999993 0.00000000099999999993 0.99999999400000005867 
0.01547651839219268272 0.18884733116987381663 0.51696180667556634880 0.27867420975482326551 0.00000000099999999998 0.00000000099999999998 0.00004013200754385019 
0.00000000099999999995 0.00000000099999999995 0.00000000099999999995 0.00000000099999999995 0.00000000099999999995 0.00000000099999999995 0.99999999399999994765 
0.00701551133970938767 0.00011501650953276811 0.32041435406130019947 0.66444967833653312272 0.00000000099999999999 0.00000000099999999999 0.00800543775292458792 
0.00759920666705091175 0.09948991137659890516 0.36341239155561566587 0.51402815994859318849 0.00000000099999999998 0.00000000099999999998 0.01547032845214138183 
0.00000000099999999997 0.00000000099999999997 0.00000000099999999997 0.99642944155031154541 0.00357055344968846070 0.00000000099999999997 0.00000000099999999997 
0.01191500444683736386 0.16535297064346074492 0.32255248586534135402 0.46976850700563943519 0.03041103003872119501 0.00000000099999999999 0.00000000099999999999 
0.01804793198487410558 0.00000000099999999999 0.42063742140928750413 0.55828083982905807314 0.00000000099999999999 0.00303380377678030442 0.00000000099999999999 
0.02219268889231633055 0.10747033647558790204 0.40336962019795258305 0.37504296286619720480 0.04707717761842582921 0.00000000099999999999 0.04484721294952019599 
0.00000000099999999996 0.00000000099999999996 0.99999999399999994765 0.00000000099999999996 0.00000000099999999996 0.00000000099999999996 0.00000000099999999996 
0.00000000099999999999 0.06562991496688784510 0.63056160271626227054 0.27988979497289556697 0.02390878643250061650 0.00000989891145377504 0.00000000099999999999 
0.00060309964437838188 0.04491470021603920226 0.39456631576705392117 0.51539162981175001832 0.04452425256077847948 0.00000000100000000000 0.00000000100000000000 
0.00073043626101503575 0.19877044739635926773 0.50005686273511729123 0.28326118405531020006 0.01718106755219819121 0.00000000099999999998 0.00000000099999999998 
0.00000000099999999996 0.00000000099999999996 0.00000000099999999996 0.99999999400000005867 0.00000000099999999996 0.00000000099999999996 0.00000000099999999996 
0.00000000099999999994 0.00000000099999999994 0.00000000099999999994 0.00000000099999999994 0.07175474552180741150 0.00000000099999999994 0.92824524947819264664 
0.00000000099999999999 0.00000000099999999999 0.36314197312920681870 0.61488493441272951134 0.00000000099999999999 0.00000000099999999999 0.02197308845806365471 
0.00000000099999999980 0.99999999400000016969 0.00000000099999999980 0.00000000099999999980 0.00000000099999999980 0.00000000099999999980 0.00000000099999999980 
0.00000000099999999998 0.13073612449358099075 0.37133746095431396927 0.44749152137143805019 0.03215933780505020323 0.00000000099999999998 0.01827555337561689863 
0.00000000099999999999 0.15603709263919135486 0.40641039112846505388 0.41747931495383844291 0.02007319827850532687 0.00000000099999999999 0.00000000099999999999 
0.99999999400000016969 0.00000000099999999975 0.00000000099999999975 0.00000000099999999975 0.00000000099999999975 0.00000000099999999975 0.00000000099999999975 
0.99999999400000016969 0.00000000099999999970 0.00000000099999999970 0.00000000099999999970 0.00000000099999999970 0.00000000099999999970 0.00000000099999999970 
0.00000000099999999991 0.99999999400000016969 0.00000000099999999991 0.00000000099999999991 0.00000000099999999991 0.00000000099999999991 0.00000000099999999991 
0.01058582856959617083 0.04027147469641264438 0.50490640783146523152 0.44423628590252589587 0.00000000099999999998 0.00000000099999999998 0.00000000099999999998 
0.00000000099999999997 0.05850284068893247397 0.35573581498022538439 0.50437121856957822796 0.08139012276126390832 0.00000000099999999997 0.00000000099999999997 
0.00000000099999999995 0.06527556476266273278 0.00000000099999999995 0.00000000099999999995 0.00000000099999999995 0.00000000099999999995 0.93472443023733720047 
0.35728788020400492620 0.48730802084556434917 0.00000000099999999991 0.00000000099999999991 0.00000000099999999991 0.00000000099999999991 0.15540409495043075450 
0.00000000099999999995 0.00000000099999999995 0.99999999400000005867 0.00000000099999999995 0.00000000099999999995 0.00000000099999999995 0.00000000099999999995 
0.00000000099999999969 0.00000000099999999969 0.00000000099999999969 0.00000000099999999969 0.00000000099999999969 0.99999999399999994765 0.00000000099999999969 
0.00000000099999999962 0.00000000099999999962 0.00000000099999999962 0.00000000099999999962 0.00000000099999999962 0.99999999399999994765 0.00000000099999999962 
0.00000000099999999962 0.00000000099999999962 0.00000000099999999962 0.00000000099999999962 0.00000000099999999962 0.99999999400000005867 0.00000000099999999962 
0.99999999400000005867 0.00000000099999999975 0.00000000099999999975 0.00000000099999999975 0.00000000099999999975 0.00000000099999999975 0.00000000099999999975 
0.99999999400000016969 0.00000000099999999971 0.00000000099999999971 0.00000000099999999971 0.00000000099999999971 0.00000000099999999971 0.00000000099999999971 
0.00000000099999999998 0.20390394685140939002 0.13530668786908883749 0.62821637515119743700 0.03257298712830441340 0.00000000099999999998 0.00000000099999999998 
0.00000000099999999996 0.00000000099999999996 0.00000000099999999996 0.00000000099999999996 0.00000000099999999996 0.00000000099999999996 0.99999999400000005867 
0.99999999400000005867 0.00000000099999999973 0.00000000099999999973 0.00000000099999999973 0.00000000099999999973 0.00000000099999999973 0.00000000099999999973 
0.00764813946567093322 0.19694245825590778187 0.43206269492725263293 0.34546526835662849653 0.00000000099999999999 0.00000000099999999999 0.01788143699454024585 
0.00000000099999999994 0.00000000099999999994 0.00000000099999999994 0.00000000099999999994 0.00000000099999999994 0.00000000099999999994 0.99999999400000005867 
0.99999999400000016969 0.00000000099999999977 0.00000000099999999977 0.00000000099999999977 0.00000000099999999977 0.00000000099999999977 0.00000000099999999977 
0.00923231772416799323 0.12335888857678926900 0.58673339309639227501 0.27119485579666413599 0.00000000099999999998 0.00000000099999999998 0.00948054280598637465 
0.99999999400000016969 0.00000000099999999973 0.00000000099999999973 0.00000000099999999973 0.00000000099999999973 0.00000000099999999973 0.00000000099999999973 
0.00000000099999999995 0.00000000099999999995 0.00000000099999999995 0.00000000099999999995 0.02109096165548649329 0.00000000099999999995 0.97890903334451362383 
0.00000000099999999992 0.00000000099999999992 0.00000000099999999992 0.00000000099999999992 0.00000000099999999992 0.00000000099999999992 0.99999999400000005867 
0.99999999400000005867 0.00000000099999999969 0.00000000099999999969 0.00000000099999999969 0.00000000099999999969 0.00000000099999999969 0.00000000099999999969 
0.99999999400000005867 0.00000000099999999972 0.00000000099999999972 0.00000000099999999972 0.00000000099999999972 0.00000000099999999972 0.00000000099999999972 
0.00000000099999999996 0.00000000099999999996 0.00000000099999999996 0.00000000099999999996 0.00000000099999999996 0.00000000099999999996 0.99999999400000005867 
0.00000000099999999996 0.00000000099999999996 0.00000000099999999996 0.00000000099999999996 0.00000000099999999996 0.00000000099999999996 0.99999999399999994765 
0.00000000099999999995 0.04008261641357571681 0.00000000099999999995 0.00000000099999999995 0.00000000099999999995 0.00000000099999999995 0.95991737858642434134 
0.99999999400000005867 0.00000000099999999977 0.00000000099999999977 0.00000000099999999977 0.00000000099999999977 0.00000000099999999977 0.00000000099999999977 
0.00475728888076144135 0.00000000099999999998 0.00000000099999999998 0.96568021345852284032 0.00000000099999999998 0.00000000099999999998 0.02956249366071583493 
0.02674495255593292015 0.10093749959695556828 0.39945111860001347726 0.47286642624709812610 0.00000000099999999999 0.00000000099999999999 0.00000000099999999999 
0.00000000099999999999 0.00000126919022231634 0.50782098292368216264 0.45652882341547407208 0.01283207536236916600 0.00000000099999999999 0.02281684710825223131 
0.00000000099999999998 0.15599243711630172982 0.00000000099999999998 0.80183673152565271280 0.04217082735804559418 0.00000000099999999998 0.00000000099999999998 
0.00000000099999999993 0.00000000099999999993 0.00000000099999999993 0.00000000099999999993 0.00000000099999999993 0.00000000099999999993 0.99999999399999994765 
0.00489929564612325268 0.15281939652067128010 0.42078056251965101353 0.41752679883949334050 0.00228436860641687044 0.00168957686764411338 0.00000000100000000000 
0.00000000099999999967 0.00000000099999999967 0.00000000099999999967 0.00000000099999999967 0.00000000099999999967 0.99999999399999994765 0.00000000099999999967 
0.00000000099999999997 0.19591349099054050642 0.80408650400945957948 0.00000000099999999997 0.00000000099999999997 0.00000000099999999997 0.00000000099999999997 
0.00000000099999999968 0.00000000099999999968 0.00000000099999999968 0.00000000099999999968 0.00000000099999999968 0.99999999400000005867 0.00000000099999999968 
0.00000000099999999999 0.17187943522793369677 0.40752260146264701612 0.36386610907074790067 0.02791189682174456677 0.00000000099999999999 0.02881995541692698726 
0.00000000099999999969 0.00000000099999999969 0.00000000099999999969 0.00000000099999999969 0.00000000099999999969 0.99999999399999994765 0.00000000099999999969 
0.00000000099999999998 0.17850081222964153671 0.38714180804936421110 0.35934252796557880627 0.07501484875541528097 0.00000000099999999998 0.00000000099999999998 
0.00423600331053076290 0.33149651271038838019 0.32414003971992827458 0.33299348921143923086 0.00000000099999999999 0.00000000099999999999 0.00713395304771355376 
0.00000000099999999993 0.00000000099999999993 0.00000000099999999993 0.00000000099999999993 0.00000000099999999993 0.00000000099999999993 0.99999999399999994765 
0.00000000099999999994 0.00000000099999999994 0.99999999399999994765 0.00000000099999999994 0.00000000099999999994 0.00000000099999999994 0.00000000099999999994 
0.00000000099999999969 0.00000000099999999969 0.00000000099999999969 0.00000000099999999969 0.00000000099999999969 0.99999999399999994765 0.00000000099999999969 
0.00000000099999999971 0.00000000099999999971 0.00000000099999999971 0.00000000099999999971 0.00000000099999999971 0.99999999399999994765 0.00000000099999999971 
0.01158454713433706984 0.15415479353188585310 0.23951028833702678322 0.51664177467430771884 0.00000000099999999999 0.00000000099999999999 0.07810859432244268707 
0.00000000099999999993 0.00000000099999999993 0.00000000099999999993 0.00000000099999999993 0.00000000099999999993 0.00000000099999999993 0.99999999400000005867 
0.99999999400000016969 0.00000000099999999977 0.00000000099999999977 0.00000000099999999977 0.00000000099999999977 0.00000000099999999977 0.00000000099999999977 
0.00000000099999999995 0.00000000099999999995 0.00000000099999999995 0.00000000099999999995 0.00000000099999999995 0.00000000099999999995 0.99999999399999994765 
0.00000000099999999999 0.08469886085573624657 0.44013381862850947668 0.39480257848206118387 0.05630246934046416463 0.00000000099999999999 0.02406227069322895706 
0.00000000099999999966 0.00000000099999999966 0.00000000099999999966 0.00000000099999999966 0.00000000099999999966 0.99999999399999994765 0.00000000099999999966 
0.99999999400000016969 0.00000000099999999968 0.00000000099999999968 0.00000000099999999968 0.00000000099999999968 0.00000000099999999968 0.00000000099999999968 
0.00000000099999999973 0.00000000099999999973 0.00000000099999999973 0.00000000099999999973 0.00000000099999999973 0.99999999399999994765 0.00000000099999999973 
0.01025323197375375972 0.18310800490660589235 0.00000000099999999999 0.80663875911964044718 0.00000000099999999999 0.00000000099999999999 0.00000000099999999999 
0.00000000099999999992 0.00000000099999999992 0.00000000099999999992 0.00000000099999999992 0.00000000099999999992 0.00000000099999999992 0.99999999399999994765 
0.00000000099999999993 0.00000000099999999993 0.00000000099999999993 0.00000000099999999993 0.04392685300263695497 0.00000000099999999993 0.95607314199736304072 
0.00000000099999999998 0.00000000099999999998 0.76844572693807977615 0.00000000099999999998 0.00000000099999999998 0.00000000099999999998 0.23155426806192030975 
0.01205322838582236281 0.00000000099999999999 0.00000000099999999999 0.98794676661417779595 0.00000000099999999999 0.00000000099999999999 0.00000000099999999999 
0.00000000099999999998 0.00000007904359873235 0.39124700697533715266 0.58409549060383025854 0.02272858943835559531 0.00000000099999999998 0.00192883193887819979 
0.00000000099999999998 0.18317890982316287207 0.40453612233332081338 0.37834916557302394891 0.02230446310917646308 0.00000000099999999998 0.01163133716131595566 
0.00000000099999999998 0.22267917005773985029 0.77732082494226018010 0.00000000099999999998 0.00000000099999999998 0.00000000099999999998 0.00000000099999999998 
0.00000000099999999998 0.08431310329592753283 0.46953041980991261362 0.43968879044984832127 0.00646768344431142544 0.00000000099999999998 0.00000000099999999998 
0.00000000099999999998 0.19123637458607198325 0.44998682432153203070 0.35228318083719323273 0.00000000099999999998 0.00000000099999999998 0.00649361725520278005 
0.00000000099999999998 0.22522613893360515780 0.00000000099999999998 0.77477385606639481708 0.00000000099999999998 0.00000000099999999998 0.00000000099999999998 
0.00000000099999999998 0.00000000779593632788 0.30501647959277633504 0.66107860066282231326 0.00000000099999999998 0.00000000099999999998 0.03390490894846510256 
0.00000000099999999995 0.00000000099999999995 0.00000000099999999995 0.00000000099999999995 0.00000000099999999995 0.00000000099999999995 0.99999999400000005867 
0.00000000099999999997 0.03783665554483506971 0.00000000099999999997 0.00000000099999999997 0.00000000099999999997 0.00000000099999999997 0.96216333945516496762 
0.00000000099999999981 0.00000000099999999981 0.00000000099999999981 0.00000000099999999981 0.00000000099999999981 0.99999999400000005867 0.00000000099999999981 
0.00000000099999999997 0.00000000099999999997 0.00000000099999999997 0.00000000099999999997 0.00000000099999999997 0.00000000099999999997 0.99999999399999994765 
0.00000000099999999998 0.00000000099999999998 0.00000000099999999998 0.00787186428103979659 0.00000000099999999998 0.00000000099999999998 0.99212813071896022166 
0.00381025714942970174 0.18675469311155387664 0.36429049830311727165 0.41633468942490764464 0.01006577808098357146 0.00000000099999999999 0.01874408293000817682 
0.00000000099999999962 0.00000000099999999962 0.00000000099999999962 0.00000000099999999962 0.00000000099999999962 0.99999999399999994765 0.00000000099999999962 
0.00352825645658897714 0.14889110952331166549 0.28733385248316750671 0.56024677853693183316 0.00000000099999999999 0.00000000099999999999 0.00000000099999999999 
0.00114826776224360430 0.06372067855077272192 0.39349225515690333665 0.51052458382920073987 0.01978581215743033944 0.00000000099999999999 0.01132840154344930822 
0.00981459645202437808 0.14808519061093153302 0.63382255833060507921 0.20366398523059411896 0.00461366737584472265 0.00000000100000000000 0.00000000100000000000 
0.00000000099999999997 0.00000000099999999997 0.00000000099999999997 0.95516385158662442389 0.04483614341337559955 0.00000000099999999997 0.00000000099999999997 
0.00000000099999999988 0.99999999400000016969 0.00000000099999999988 0.00000000099999999988 0.00000000099999999988 0.00000000099999999988 0.00000000099999999988 
0.00000000099999999996 0.00000000099999999996 0.00000000099999999996 0.99999993825066257891 0.00000000099999999996 0.00000000099999999996 0.00000005674933753029 
0.00157138520485424621 0.27557944937624484494 0.45846945593299698318 0.26437970648590397582 0.00000000099999999999 0.00000000099999999999 0.00000000099999999999 
0.00000000099999999998 0.00000000099999999998 0.93940532042525715095 0.00000000099999999998 0.06059467457474287250 0.00000000099999999998 0.00000000099999999998 
0.03064574057063863474 0.07817498213518102312 0.43983781268872040870 0.44023590090229419713 0.00001101056747342372 0.00216276462856093829 0.00893178850713141279 
0.00970756741457196037 0.13506635605838646086 0.32039603651383319338 0.50950485348809404496 0.02532518452511424781 0.00000000099999999999 0.00000000099999999999 
0.00000000099999999997 0.00000000099999999997 0.47979108902666112169 0.52020890597333879768 0.00000000099999999997 0.00000000099999999997 0.00000000099999999997 
0.00000000099999999990 0.99999999400000016969 0.00000000099999999990 0.00000000099999999990 0.00000000099999999990 0.00000000099999999990 0.00000000099999999990 
0.00700750211454670771 0.00485112416792403411 0.56143718635399986194 0.41191975266996927463 0.01478443269356030654 0.00000000099999999998 0.00000000099999999998 
0.00000000099999999998 0.23533472706724375967 0.76466526793275635399 0.00000000099999999998 0.00000000099999999998 0.00000000099999999998 0.00000000099999999998 
0.00000000099999999998 0.00406537484007691175 0.58823598091785900266 0.40769864024206398101 0.00000000099999999998 0.00000000099999999998 0.00000000099999999998 
0.00000000099999999989 0.99999999400000016969 0.00000000099999999989 0.00000000099999999989 0.00000000099999999989 0.00000000099999999989 0.00000000099999999989 
0.00326540212979255142 0.00000010861810520118 0.53734820064979893495 0.44021886822116046423 0.01253632411012321930 0.00000000099999999999 0.00663109527101970065 
0.00000000099999999999 0.12803795995888253567 0.31096960476811208451 0.52775180611913519169 0.00000000099999999999 0.00000000099999999999 0.03324062615387017583 
0.00000000099999999999 0.10395860451041974426 0.37638177701536240649 0.50086251890586019897 0.01879709656835750614 0.00000000099999999999 0.00000000099999999999 
0.00000000099999999996 0.00000000099999999996 0.99999999399999994765 0.00000000099999999996 0.00000000099999999996 0.00000000099999999996 0.00000000099999999996 
0.00726145968465046528 0.16557097307041657164 0.19707002455462471757 0.54301931021042249004 0.00000000100000000000 0.06822692255464923861 0.01885130892523640897 
0.00000000099999999998 0.16201175704008805023 0.49976978199935451208 0.31394907855759807136 0.02426937940295940260 0.00000000099999999998 0.00000000099999999998 
0.00000000099999999997 0.26978837836364577552 0.67752337769821968649 0.00000000099999999997 0.05268823993813453316 0.00000000099999999997 0.00000000099999999997 
0.00000000099999999997 0.00000000099999999997 0.30367268292224275372 0.65533959976297440075 0.03338397838017902880 0.00000000099999999997 0.00760373593460375152 
0.00000000099999999997 0.16915177546128382091 0.00000000099999999997 0.75814968680719418970 0.07269853373152201925 0.00000000099999999997 0.00000000099999999997 
0.00000000099999999998 0.17821218234258726087 0.36481883229137290758 0.44808224247090677750 0.00000000099999999998 0.00000000099999999998 0.00888673989513308338 
0.00000000099999999998 0.00000000099999999998 0.00000000099999999998 0.99999999399999994765 0.00000000099999999998 0.00000000099999999998 0.00000000099999999998 
0.00746957725974867724 0.15771360142838755647 0.37101599297590859283 0.44214046084977415285 0.01411710477032682327 0.00000000099999999999 0.00754326171585421347 
0.00000000099999999998 0.11713571223266545929 0.59457769088118339607 0.27064198609658768335 0.01764460778956344206 0.00000000099999999998 0.00000000099999999998 
0.00000000099999999997 0.00000000099999999997 0.55731656921974848107 0.41491091461911305815 0.00000000099999999997 0.00000000099999999997 0.02777251216113835186 
0.00000000099999999994 0.00000000099999999994 0.00000000099999999994 0.00000000099999999994 0.00000000099999999994 0.00000000099999999994 0.99999999400000005867 
0.00000000099999999998 0.00000000099999999998 0.00000000099999999998 0.01198850142817705668 0.00000062812775617453 0.00000000099999999998 0.98801086644406688198 
0.00000000099999999975 0.00000000099999999975 0.00000000099999999975 0.00000000099999999975 0.00000000099999999975 0.99999999399999994765 0.00000000099999999975 
0.99999999400000005867 0.00000000099999999968 0.00000000099999999968 0.00000000099999999968 0.00000000099999999968 0.00000000099999999968 0.00000000099999999968 
0.00000000099999999998 0.00000000099999999998 0.00000000099999999998 0.00000000099999999998 0.12357671209571605142 0.00000000099999999998 0.87642328290428395121 
0.00000000099999999997 0.36914258090369039822 0.63085741409630957666 0.00000000099999999997 0.00000000099999999997 0.00000000099999999997 0.00000000099999999997 
0.00000000099999999997 0.00000000099999999997 0.99999999399999994765 0.00000000099999999997 0.00000000099999999997 0.00000000099999999997 0.00000000099999999997 
0.00000000099999999994 0.00000000099999999994 0.00000000099999999994 0.00000000099999999994 0.08381388508755838185 0.00000000099999999994 0.91618610991244164854 
0.00000000099999999997 0.23935747689325181931 0.00000000099999999997 0.76064251810674832210 0.00000000099999999997 0.00000000099999999997 0.00000000099999999997 
0.00902337811365321041 0.19967489572090477146 0.30656170373216212743 0.46497207529099310319 0.01976794514228688571 0.00000000099999999998 0.00000000099999999998 
0.00000000099999999998 0.11513034240518392470 0.44356426496937867432 0.40925661424659753873 0.03204877537883981525 0.00000000099999999998 0.00000000099999999998 
0.00000000099999999966 0.00000000099999999966 0.00000000099999999966 0.00000000099999999966 0.00000000099999999966 0.99999999399999994765 0.00000000099999999966 
0.00000000099999999969 0.00000000099999999969 0.00000000099999999969 0.00000000099999999969 0.00000000099999999969 0.99999999399999994765 0.00000000099999999969 
0.00000000099999999962 0.00000000099999999962 0.00000000099999999962 0.00000000099999999962 0.00000000099999999962 0.99999999400000005867 0.00000000099999999962 
0.00000000099999999963 0.00000000099999999963 0.00000000099999999963 0.00000000099999999963 0.00000000099999999963 0.99999999400000005867 0.00000000099999999963 
0.00000000099999999964 0.00000000099999999964 0.00000000099999999964 0.00000000099999999964 0.00000000099999999964 0.99999999400000005867 0.00000000099999999964 
0.00000000099999999997 0.00000000099999999997 0.00000000099999999997 0.00000000099999999997 0.02004257963536711790 0.00000000099999999997 0.97995741536463298882 
0.00000000099999999997 0.00000000099999999997 0.00000000099999999997 0.99999999399999994765 0.00000000099999999997 0.00000000099999999997 0.00000000099999999997 
0.00000000099999999964 0.00000000099999999964 0.00000000099999999964 0.00000000099999999964 0.00000000099999999964 0.99999999399999994765 0.00000000099999999964 
0.00000000099999999969 0.00000000099999999969 0.00000000099999999969 0.00000000099999999969 0.00000000099999999969 0.99999999399999994765 0.00000000099999999969 
0.99999999400000016969 0.00000000099999999968 0.00000000099999999968 0.00000000099999999968 0.00000000099999999968 0.00000000099999999968 0.00000000099999999968 
0.99999999400000005867 0.00000000099999999968 0.00000000099999999968 0.00000000099999999968 0.00000000099999999968 0.00000000099999999968 0.00000000099999999968 
0.00000000099999999995 0.00000000099999999995 0.99999999400000005867 0.00000000099999999995 0.00000000099999999995 0.00000000099999999995 0.00000000099999999995 
0.00000000099999999966 0.00000000099999999966 0.00000000099999999966 0.00000000099999999966 0.00000000099999999966 0.99999999400000005867 0.00000000099999999966 
0.00000000099999999999 0.16699368892418470223 0.23893052062266625923 0.57430807179592702205 0.00962740390166008306 0.00000000099999999999 0.01014031275556209581 
0.00000000099999999998 0.06783065290744967613 0.53274919981903223754 0.37794693607415830172 0.02147320819935981742 0.00000000099999999998 0.00000000099999999998 
0.00000000099999999998 0.00000000099999999998 0.05041951980482216322 0.00000000099999999998 0.00000000099999999998 0.00000000099999999998 0.94958047519517785329 
0.00000000099999999997 0.22448311459401612544 0.00000000099999999997 0.74515008151067618769 0.03036679989530775142 0.00000000099999999997 0.00000000099999999997 
0.00000000099999999993 0.00000000099999999993 0.00000000099999999993 0.00000000099999999993 0.00000000099999999993 0.00000000099999999993 0.99999999399999994765 
0.00000000099999999998 0.19085783119431237731 0.25219824898669301882 0.50285062561663795844 0.04737967607870802872 0.00000000099999999998 0.00671361612364858393 
0.00000000099999999993 0.00000000099999999993 0.00000000099999999993 0.00000000099999999993 0.00000000099999999993 0.00000000099999999993 0.99999999400000005867 
0.01338304413625062035 0.22789783852655337570 0.21175127139105040519 0.51697699638637495401 0.02999072893357395894 0.00000000099999999999 0.00000011962619675216 
0.00943655753116413518 0.19590745270010576085 0.43948824216482251792 0.32893704092581499410 0.02623070467809258260 0.00000000099999999999 0.00000000099999999999 
0.00000000099999999970 0.00000000099999999970 0.00000000099999999970 0.00000000099999999970 0.00000000099999999970 0.99999999400000005867 0.00000000099999999970 
0.00000000099999999994 0.00000000099999999994 0.00000000099999999994 0.00000000099999999994 0.00000000099999999994 0.00000000099999999994 0.99999999399999994765 
0.00000000099999999964 0.00000000099999999964 0.00000000099999999964 0.00000000099999999964 0.00000000099999999964 0.99999999399999994765 0.00000000099999999964 
0.00000000099999999963 0.00000000099999999963 0.00000000099999999963 0.00000000099999999963 0.00000000099999999963 0.99999999400000005867 0.00000000099999999963 
0.00000000099999999996 0.00000000099999999996 0.00000000099999999996 0.99999999399999994765 0.00000000099999999996 0.00000000099999999996 0.00000000099999999996 
0.00000000099999999997 0.00000000099999999997 0.00000000099999999997 0.97565723420090255669 0.02434276079909730023 0.00000000099999999997 0.00000000099999999997 
0.00000000099999999994 0.00000000099999999994 0.00000000099999999994 0.99999999400000005867 0.00000000099999999994 0.00000000099999999994 0.00000000099999999994 
0.00205910248532990923 0.13811333364567787707 0.45066138595690280466 0.40916617491208939761 0.00000000099999999999 0.00000000099999999999 0.00000000099999999999 
0.00000000099999999996 0.00000000099999999996 0.91338553789437171293 0.00000000099999999996 0.08661445710562831746 0.00000000099999999996 0.00000000099999999996 
0.00000000099999999997 0.00000000099999999997 0.96658214256116548047 0.00000000099999999997 0.03341785243883450829 0.00000000099999999997 0.00000000099999999997 
0.00000000099999999999 0.18295830765916232252 0.38317461551690357169 0.43386707282393399687 0.00000000099999999999 0.00000000099999999999 0.00000000099999999999 
0.00000000099999999997 0.00000315614646922298 0.00000000099999999997 0.02065322542873135325 0.00000000099999999997 0.00000000099999999997 0.97934361442479955784 
0.00000000099999999997 0.13068260295040726171 0.47456217045306742230 0.35602236278134885561 0.03873286081517653828 0.00000000099999999997 0.00000000099999999997 
0.00000000099999999964 0.00000000099999999964 0.00000000099999999964 0.00000000099999999964 0.00000000099999999964 0.99999999399999994765 0.00000000099999999964 
0.00000000099999999996 0.00000000099999999996 0.00000000099999999996 0.99999999399999994765 0.00000000099999999996 0.00000000099999999996 0.00000000099999999996 
0.00000000099999999988 0.00000000099999999988 0.00000000099999999988 0.00000000099999999988 0.00000000099999999988 0.99999999399999994765 0.00000000099999999988 
0.00000000099999999968 0.00000000099999999968 0.00000000099999999968 0.00000000099999999968 0.00000000099999999968 0.99999999400000005867 0.00000000099999999968 
0.00000000099999999998 0.16790567502886105666 0.37613518223988373634 0.40038340219833018496 0.05165192356553495456 0.00000000099999999998 0.00392381496739007372 
0.00635345949576188521 0.09446580621857257609 0.54388602753094983377 0.35529470375471561283 0.00000000099999999998 0.00000000099999999998 0.00000000099999999998 
0.00000000099999999999 0.05070017375013099320 0.61507376420727022381 0.31719077385626454069 0.00000000099999999999 0.00000000099999999999 0.01703528518633426123 
0.00000000099999999972 0.00000000099999999972 0.00000000099999999972 0.00000000099999999972 0.00000000099999999972 0.99999999399999994765 0.00000000099999999972 
0.00000000099999999994 0.00000000099999999994 0.00000000099999999994 0.00000000099999999994 0.00000000099999999994 0.00000000099999999994 0.99999999399999994765 
0.00000000099999999994 0.00000000099999999994 0.00000000099999999994 0.00000000099999999994 0.00000000099999999994 0.00000000099999999994 0.99999999399999994765 
0.00000000099999999968 0.00000000099999999968 0.00000000099999999968 0.00000000099999999968 0.00000000099999999968 0.99999999400000005867 0.00000000099999999968 
0.00000000099999999998 0.00000000099999999998 0.64187770895960816198 0.35812211939913718428 0.00000000099999999998 0.00000000099999999998 0.00000016764125466789 
0.00730462412977570755 0.24693330969656063223 0.31622387365129878134 0.37792307227717464313 0.01617577819071878628 0.00000000100000000000 0.03543934105447165556 
0.00000000099999999970 0.00000000099999999970 0.00000000099999999970 0.00000000099999999970 0.00000000099999999970 0.99999999399999994765 0.00000000099999999970 
0.00000000099999999998 0.24664446114689947409 0.23917849959447037844 0.48377403739062868615 0.03040299886800143167 0.00000000099999999998 0.00000000099999999998 
0.00000000099999999993 0.00000000099999999993 0.00000000099999999993 0.00000000099999999993 0.00000000099999999993 0.00000000099999999993 0.99999999400000005867 
0.00000000099999999922 0.00000000099999999922 0.00000000099999999922 0.00000000099999999922 0.99999999399999994765 0.00000000099999999922 0.00000000099999999922 
0.00000000099999999999 0.22059810166188062452 0.33829862105386893090 0.41698587413181908978 0.00412934657365782599 0.00000000099999999999 0.01998805457877360359 
0.00000365267621125031 0.00000000099999999998 0.99999634173853091390 0.00000000099999999998 0.00000000158525785800 0.00000000099999999998 0.00000000099999999998 
0.01348279892988142256 0.15152825307416256662 0.55052098968747020802 0.28446795530848573152 0.00000000099999999998 0.00000000099999999998 0.00000000099999999998 
0.00000000099999999996 0.00000000099999999996 0.99999999400000005867 0.00000000099999999996 0.00000000099999999996 0.00000000099999999996 0.00000000099999999996 
0.00072852539737147811 0.22806349858621000060 0.35535660950150815829 0.40564753456399155196 0.01020382995091879269 0.00000000099999999999 0.00000000099999999999 
0.00000000099999999999 0.25262398092606991318 0.31101987301984307388 0.42239661497060188022 0.01395952808348520542 0.00000000099999999999 0.00000000099999999999 
0.00908927398067072186 0.31800687537083061063 0.38143898470633180731 0.28209302206028569193 0.00937184188188124392 0.00000000099999999999 0.00000000099999999999 
0.00000000099999999996 0.00000000099999999996 0.37619089009018413794 0.49359740211253450015 0.13021170379728128075 0.00000000099999999996 0.00000000099999999996 
0.00000000099999999995 0.00000000099999999995 0.00000000099999999995 0.00000000099999999995 0.00000000099999999995 0.00000000099999999995 0.99999999399999994765 
0.00000000099999999998 0.17114470810633308773 0.00000000099999999998 0.80489828763979531789 0.02395700025387148893 0.00000000099999999998 0.00000000099999999998 
0.00000000099999999996 0.00000000099999999996 0.97890718093060014038 0.00000000099999999996 0.02109281406939995940 0.00000000099999999996 0.00000000099999999996 
0.00000000099999999999 0.21522811988757278856 0.33485468010581020959 0.39620030083811796917 0.01744122199611930837 0.00000000099999999999 0.03627567517237997169 
0.00000000099999999989 0.99999999400000016969 0.00000000099999999989 0.00000000099999999989 0.00000000099999999989 0.00000000099999999989 0.00000000099999999989 
0.00428952604564345787 0.12833465505187344191 0.52552757378418502032 0.31303072458381275833 0.00000000100000000000 0.00000000100000000000 0.02881751853448535905 
0.00000000099999999997 0.42005006057980581735 0.00000000159301217943 0.57534606121913789423 0.00460387360804410690 0.00000000099999999997 0.00000000099999999997 
0.00000000099999999999 0.27679461802805499504 0.48348006947783228604 0.20646844502108555042 0.03325686447302714926 0.00000000099999999999 0.00000000099999999999 
0.00000000099999999996 0.00000000099999999996 0.02580133699310948464 0.00012611922402912037 0.00000000099999999996 0.00000000099999999996 0.97407253978286134632 
0.00621877866068087926 0.00000000099999999998 0.57652895561553807457 0.36413148249727939065 0.05312067011874700706 0.00000000099999999998 0.00000011110775487227 
0.00982892657798453522 0.24014394002130637351 0.39006347867389368211 0.35747463115926059185 0.00248902156755477196 0.00000000099999999999 0.00000000099999999999 
0.00000000100000000000 0.26282403387746172685 0.25295005609277143588 0.46256412810507108180 0.01800403108551561215 0.00362106277242585589 0.00003668706675423491 
0.00000000099999999997 0.00000000099999999997 0.00000000099999999997 0.00376671120522229039 0.00000000099999999997 0.00000000099999999997 0.99623328379477771310 
0.00000000100000000000 0.00000000100000000000 0.40485274560195594340 0.55401731801567966063 0.00000000100000000000 0.01917912333538257519 0.02195081004698191604 
0.00876172932533318856 0.18643995947633187904 0.30340154533053687036 0.49778680107279332789 0.00000000099999999999 0.00000000099999999999 0.00360996279500482324 
0.00000000099999999998 0.09798807745379610468 0.00000000099999999998 0.38783463417869751266 0.05619105700903635758 0.00000000099999999998 0.45798622835846997114 
0.00000000099999999996 0.17733863752348799636 0.30588302305233860956 0.49727222024398881617 0.00000000099999999996 0.00000000099999999996 0.01950611618018473908 
0.00000000099999999971 0.00000000099999999971 0.00000000099999999971 0.00000000099999999971 0.00000000099999999971 0.99999999399999994765 0.00000000099999999971 
0.00000000099999999997 0.00000000099999999997 0.00000000099999999997 0.99999999399999994765 0.00000000099999999997 0.00000000099999999997 0.00000000099999999997 
0.00241241146902849892 0.06046372180431668075 0.41779021988485209871 0.48056022472339127161 0.01914576667228596457 0.00000000099999999999 0.01962765444612551632 
