0.97521781955162412103 0.01286169715049780872 0.01192048329787815351 
0.00000000099999999998 0.99999999799999994554 0.00000000099999999998 
0.00000000099999999997 0.99999999799999994554 0.00000000099999999997 
0.95555478893833289966 0.04444521006166699678 0.00000000099999999999 
0.99838365568498743663 0.00147002020038358087 0.00014632411462898570 
0.96664917526493909783 0.03335082373506085412 0.00000000099999999999 
0.00000000099999999998 0.99999999800000005656 0.00000000099999999998 
0.00000000099999999997 0.99999999799999994554 0.00000000099999999997 
0.98731867242597359802 0.01268132657402636435 0.00000000100000000000 
0.00000000099999999998 0.99999999799999994554 0.00000000099999999998 
0.98142715134277935807 0.01857284032130066681 0.00000000833591991669 
0.97459968897940263410 0.02540031002059737683 0.00000000099999999999 
0.99360269545328172569 0.00639730354671838499 0.00000000100000000000 
0.98143753996629801151 0.01709148219912169295 0.00147097783458025586 
0.98147823706314585301 0.00230975800435765950 0.01621200493249646407 
0.91956898129673692033 0.06750752817142652296 0.01292349053183661396 
0.99285529392259874726 0.00714470507740132613 0.00000000099999999999 
0.99268838701169526129 0.00000000100000000000 0.00731161198830465250 
0.98201961052722652745 0.00636166311639222836 0.01161872635638125373 
0.99711119215778720726 0.00288880684221270133 0.00000000099999999999 
0.99715531274173951903 0.00284468625826030976 0.00000000100000000000 
0.00000000099999999998 0.99999999800000005656 0.00000000099999999998 
0.97004170840663861419 0.02995829059336129266 0.00000000099999999999 
0.96149284601691831220 0.03850715298308174384 0.00000000099999999999 
0.96625347707943565201 0.03374652192056426525 0.00000000099999999999 
0.99999999799999994554 0.00000000099999999999 0.00000000099999999999 
0.04076208559575506679 0.17054968158759190033 0.78868823281665301206 
0.00551110480274703569 0.19013892410591373694 0.80434997109133932192 
0.99324211501376691302 0.00660641730212097652 0.00015146768411218126 
0.99999991971528900958 0.00000007928471090362 0.00000000100000000000 
0.97136206447081407944 0.02863793452918592108 0.00000000099999999999 
0.00000000099999999998 0.99999999800000005656 0.00000000099999999998 
0.45105666114555265089 0.30724805397517673811 0.24169528487927066651 
0.99984893252992235180 0.00015106647007773018 0.00000000099999999999 
0.00000000099999999989 0.00000000099999999989 0.99999999800000005656 
0.00000000099999999986 0.00000000099999999986 0.99999999800000005656 
0.00000000099999999987 0.00000000099999999987 0.99999999800000005656 
0.06258770182023863649 0.14147098649597425468 0.79594131168378712271 
0.02827346048131437750 0.17077712067432102017 0.80094941884436454682 
0.99810105743301980041 0.00189894156698021096 0.00000000099999999999 
0.00000000099999999998 0.99999999799999994554 0.00000000099999999998 
0.06106829290124742016 0.15189264465062002341 0.78703906244813248705 
0.97000106635228688923 0.02999893264771321191 0.00000000100000000000 
0.00000000099999999997 0.99999999800000005656 0.00000000099999999997 
0.02720114084101738633 0.18455643809654870280 0.78824242106243402883 
0.97623928488075273346 0.02376071411924721502 0.00000000099999999999 
0.04045748584909945184 0.16964173702393403609 0.78990077712696660228 
0.00000000099999999998 0.99999999800000005656 0.00000000099999999998 
0.00000000099999999996 0.99999999800000005656 0.00000000099999999996 
0.01771431941816128258 0.18982455218086385917 0.79246112840097471253 
0.03792629256484491423 0.15970895885564639904 0.80236474857950867978 
0.00000000099999999998 0.99999999800000005656 0.00000000099999999998 
0.00000000099999999998 0.99999999799999994554 0.00000000099999999998 
0.00000000134565392451 0.99999999765434599563 0.00000000099999999998 
0.03757513062880921823 0.16949815954136199236 0.79292670982982871308 
0.94297956171787100654 0.05133626587353900400 0.00568417240858999206 
0.97433164699870877801 0.01090521030475239891 0.01476314269653882134 
0.97264742987309948941 0.02735256912690041398 0.00000000099999999999 
0.98159852715610429463 0.01840147184389570589 0.00000000099999999999 
0.00000000099999999998 0.99999999800000005656 0.00000000099999999998 
0.99445144472942359481 0.00058054809808383344 0.00496800717249253933 
0.00000000099999999988 0.00000000099999999988 0.99999999800000005656 
0.98458892475665305000 0.01541107424334680308 0.00000000099999999999 
0.00000000099999999989 0.00000000099999999989 0.99999999800000005656 
0.95356816288124734982 0.04643183611875262295 0.00000000100000000000 
0.00000000099999999988 0.00000000099999999988 0.99999999799999994554 
0.98628096051006997058 0.01371903848992991198 0.00000000099999999999 
0.98240142791442108816 0.01683666621713734296 0.00076190586844159208 
0.00000000099999999997 0.99999999800000005656 0.00000000099999999997 
0.99999731678002479196 0.00000268221997522716 0.00000000099999999999 
0.00000000099999999988 0.00000000099999999988 0.99999999800000005656 
0.00000000099999999989 0.00000000099999999989 0.99999999800000005656 
0.90822511225895674603 0.09177488674104319899 0.00000000100000000000 
0.00000000099999999997 0.99999999800000005656 0.00000000099999999997 
0.07054285097166967944 0.15850763490936423117 0.77094951411896606164 
0.00000000099999999997 0.99999999800000005656 0.00000000099999999997 
0.95961967140844728341 0.04038032759155269630 0.00000000100000000000 
0.00000000099999999987 0.00000000099999999987 0.99999999799999994554 
0.02799948534835813851 0.16113192459778732935 0.81086859005385447663 
0.00000000099999999991 0.00000000099999999991 0.99999999799999994554 
0.98093582014201285979 0.00464147946810826093 0.01442270038987891398 
0.00000000099999999997 0.99999999799999994554 0.00000000099999999997 
0.00000000099999999998 0.99999999800000005656 0.00000000099999999998 
0.76309427485998471141 0.23690572414001526136 0.00000000099999999999 
0.99098721221166508055 0.00900373798492997389 0.00000904980340495743 
0.98562082100226588999 0.01437917799773403595 0.00000000099999999999 
0.97133525108376528312 0.02866474791623476598 0.00000000099999999999 
0.99850319013871180474 0.00149680886128814375 0.00000000099999999999 
0.99999999799999994554 0.00000000099999999999 0.00000000099999999999 
0.98301955788195949371 0.01698044111804043396 0.00000000099999999999 
0.98206758629118984238 0.01793241270881015467 0.00000000099999999999 
0.96043610417230007581 0.03956389482769983451 0.00000000100000000000 
0.00000000099999999998 0.99999999799999994554 0.00000000099999999998 
0.00039990712011795266 0.99960009187988208001 0.00000000099999999999 
0.00000000099999999992 0.00000000099999999992 0.99999999800000005656 
0.00000000099999999998 0.99999999800000005656 0.00000000099999999998 
0.00000000099999999999 0.99999999799999994554 0.00000000099999999999 
0.97089267765587594639 0.02910732134412410618 0.00000000099999999999 
0.00000000099999999986 0.00000000099999999986 0.99999999800000005656 
0.99999735666185318728 0.00000000784787485096 0.00000263549027185591 
0.97786968217450731533 0.02213031682549270601 0.00000000099999999999 
0.98689680533278911767 0.00442736411961195883 0.00867583054759890442 
0.96963738820491018888 0.03036261002762127847 0.00000000176746853676 
0.99322847334423192134 0.00677152365813034254 0.00000000299763763883 
0.95947566408985296427 0.04052433491014693911 0.00000000100000000000 
0.99591576736080178467 0.00408423163919819331 0.00000000100000000000 
0.97997754655516045030 0.02002245244483955022 0.00000000100000000000 
0.95884343497609880735 0.02197418559907801314 0.01918237942482310318 
0.98966539450446100457 0.01033436689612902103 0.00000023859941003534 
0.99959708492117149703 0.00040291407882857663 0.00000000099999999999 
0.95311956187965740650 0.03112834041397050111 0.01575209770637211321 
0.99999980804217070141 0.00000019095782926411 0.00000000099999999999 
0.98459823783139122089 0.01540176116860868770 0.00000000100000000000 
0.99847363071366446174 0.00152636828633552946 0.00000000099999999999 
0.96398316451026933027 0.03601683448973061474 0.00000000099999999999 
0.98022553073587637140 0.01977446826412346259 0.00000000100000000000 
0.95655861971914324382 0.04344137928085670813 0.00000000100000000000 
0.99359485242949385775 0.00640514657050621564 0.00000000100000000000 
0.97046021792110426230 0.02953978107889576946 0.00000000099999999999 
0.89385013272795454942 0.03084086731660728650 0.07530899995543810510 
0.99301418323511714270 0.00698581576488292461 0.00000000099999999999 
0.97854619407541421072 0.02145380492458580368 0.00000000099999999999 
0.96943083849628419735 0.03056916050371575808 0.00000000099999999999 
0.99642445495133047384 0.00357553406769896146 0.00000001098097064064 
0.98373925385150839951 0.01626074514849160449 0.00000000099999999999 
0.98610019349689848056 0.00973233270823370411 0.00416747379486785349 
0.97654908203437840175 0.02345091696562153979 0.00000000099999999999 
0.99999997477935242962 0.00000002422064747013 0.00000000099999999999 
0.96308397718759897188 0.03691602181240094538 0.00000000099999999999 
0.00000000099999999997 0.99999999800000005656 0.00000000099999999997 
0.00000003358688996793 0.99999996541310998133 0.00000000099999999999 
0.00000000099999999991 0.00000000099999999991 0.99999999800000005656 
0.02056353234712637174 0.16358537362029576534 0.81585109403257782823 
0.06314664943820709475 0.92286347850555039418 0.01398987205624245903 
0.98348748661760665435 0.01651251238239343985 0.00000000099999999999 
0.96749438772638640671 0.03250560826729051445 0.00000000400632306015 
0.00000000099999999999 0.99999999800000005656 0.00000000099999999999 
0.97770680671399978756 0.02229319228600016786 0.00000000099999999999 
0.99151168611925677432 0.00848831288074313253 0.00000000099999999999 
0.99999999799999994554 0.00000000099999999999 0.00000000099999999999 
0.00000000099999999987 0.00000000099999999987 0.99999999799999994554 
0.00000000099999999987 0.00000000099999999987 0.99999999799999994554 
0.00000000099999999986 0.00000000099999999986 0.99999999799999994554 
0.00000000099999999986 0.00000000099999999986 0.99999999799999994554 
0.00000000099999999988 0.00000000099999999988 0.99999999800000005656 
0.00000000099999999999 0.99999999799999994554 0.00000000099999999999 
0.99286574851929809693 0.00705416981194593312 0.00008008166875599154 
0.00000000099999999987 0.00000000099999999987 0.99999999799999994554 
0.00000000099999999988 0.00000000099999999988 0.99999999800000005656 
0.00001250991858210283 0.18071799068335711591 0.81926949939806070766 
0.02631702566723215925 0.16258886902680952380 0.81109410530595826838 
0.99999803849240154197 0.00000196050759849997 0.00000000100000000000 
0.00000000099999999988 0.00000000099999999988 0.99999999799999994554 
0.98129901536286645580 0.01870098363713357942 0.00000000100000000000 
0.99999999799999994554 0.00000000099999999999 0.00000000099999999999 
0.03697962898891790640 0.96302037001108198311 0.00000000099999999999 
0.98489407520677940688 0.01510592379322055027 0.00000000099999999999 
0.00000000099999999997 0.99999999799999994554 0.00000000099999999997 
0.97174598570387571428 0.02825401329612421339 0.00000000099999999999 
0.00000000099999999997 0.99999999799999994554 0.00000000099999999997 
0.97794740881803277066 0.01984105428436180873 0.00221153689760535772 
0.99691208017262544772 0.00064384525299447052 0.00244407457438014465 
0.00000000099999999988 0.00000000099999999988 0.99999999800000005656 
0.00000000099999999998 0.99999999799999994554 0.00000000099999999998 
0.00000000099999999986 0.00000000099999999986 0.99999999799999994554 
0.00000000099999999988 0.00000000099999999988 0.99999999799999994554 
0.98663509202181653990 0.01336490697818350400 0.00000000099999999999 
0.96960139812119061631 0.03039860087880931830 0.00000000099999999999 
0.98983894062193789054 0.01016105837806216723 0.00000000099999999999 
0.99076553007742962365 0.00923446892257034739 0.00000000099999999999 
0.98521945103415187184 0.01478054796584811828 0.00000000100000000000 
0.97525720812634797419 0.02474279087365191879 0.00000000099999999999 
0.99999999800000005656 0.00000000099999999999 0.00000000099999999999 
0.00359748396125020428 0.99640251503874976979 0.00000000099999999998 
0.99999580694806089465 0.00000419205193892942 0.00000000099999999999 
0.00000000099999999987 0.00000000099999999987 0.99999999799999994554 
0.99793526962049516893 0.00206472937950480427 0.00000000100000000000 
0.00000000099999999996 0.00000000099999999996 0.99999999799999994554 
0.00000000099999999989 0.00000000099999999989 0.99999999800000005656 
0.97290416792031420012 0.02709583107968577265 0.00000000099999999999 
0.99999995562428467544 0.00000004337571525339 0.00000000100000000000 
0.97708482443849775656 0.02291517456150219886 0.00000000100000000000 
0.00000000099999999990 0.00000000099999999990 0.99999999800000005656 
0.00000000099999999997 0.99999999800000005656 0.00000000099999999997 
0.00000000099999999997 0.99999999800000005656 0.00000000099999999997 
0.00000000099999999989 0.00000000099999999989 0.99999999799999994554 
0.98794266532783936441 0.01205733367216065000 0.00000000100000000000 
0.95243839184564538236 0.04756160593906488127 0.00000000221528981403 
0.00000000099999999989 0.00000000099999999989 0.99999999800000005656 
0.98734290844154970479 0.01265709055845024890 0.00000000099999999999 
0.00000000099999999997 0.99999999800000005656 0.00000000099999999997 
0.55145227215562031553 0.26112987695338102379 0.18741785089099871620 
0.96797960194982135551 0.03159256500720555166 0.00042783304297304496 
0.95799135093000842289 0.04200864806999154988 0.00000000100000000000 
0.99474343520768460092 0.00525656379231525910 0.00000000100000000000 
0.99928787262348106601 0.00071212637651886230 0.00000000099999999999 
0.99999999799999994554 0.00000000099999999999 0.00000000099999999999 
0.98880702322398050796 0.01119297577601948736 0.00000000099999999999 
0.98541603074085426517 0.01458396825914561046 0.00000000100000000000 
0.96153915943942491751 0.02744743540332463330 0.01101340515725048909 
0.00000000099999999998 0.99999999800000005656 0.00000000099999999998 
0.97426696853175409618 0.02573303046824600843 0.00000000099999999999 
0.99999995640798600149 0.00000004259201398877 0.00000000100000000000 
0.94928801401323248399 0.05071198498676750960 0.00000000100000000000 
0.98097860890399379841 0.01902139009600617783 0.00000000099999999999 
0.95862809280510141718 0.03947389058824675445 0.00189801660665179714 
0.99999757959794910445 0.00000241940205083034 0.00000000099999999999 
0.97837417157230488485 0.02162582742769512262 0.00000000100000000000 
0.00273174428945647868 0.99726825471054347805 0.00000000099999999999 
0.97117822485186888759 0.02882177414813113028 0.00000000100000000000 
0.98907366414458353088 0.01092633485541634995 0.00000000100000000000 
0.97626117172661908139 0.01312245045351520187 0.01061637781986575664 
0.00000006834593992187 0.99999993065406000969 0.00000000099999999999 
0.95000971979950765700 0.03029244503099471492 0.01969783516949767319 
0.98537271454866481868 0.01462727693460054608 0.00000000851673457121 
0.51389535343490488906 0.48610464556509497269 0.00000000099999999999 
0.97111811142395831897 0.02888188757604165727 0.00000000099999999999 
0.00000000099999999990 0.00000000099999999990 0.99999999799999994554 
0.97050913509383662792 0.02949051108767960019 0.00000035381848372813 
0.96978658956226437837 0.03021340943773570889 0.00000000100000000000 
