0.33815985690160133004 0.00000000099999999999 0.00000000099999999999 0.00000000099999999999 0.01335043550969528328 0.00000000099999999999 0.63341003798468542563 0.01507966560401784867 
0.00000000099999999994 0.00000000099999999994 0.00000000099999999994 0.00000000099999999994 0.00000000099999999994 0.99999999299999997593 0.00000000099999999994 0.00000000099999999994 
0.00000000099999999994 0.00000000099999999994 0.00000000099999999994 0.00000000099999999994 0.00000000099999999994 0.97035381421690691806 0.00000000099999999994 0.02964617978309321347 
0.29728171580057627388 0.00000000099999999999 0.00000000099999999999 0.14606466090818026604 0.00137368930330295804 0.03805042204187485816 0.51577220773400411780 0.00145730221206135562 
0.44250587540829516842 0.10610968265171494274 0.00000000099999999999 0.00000001337153178078 0.00000000099999999999 0.00000000099999999999 0.44573571247990811939 0.00564871308854999078 
0.37242057973037479002 0.00000000099999999998 0.00000000099999999998 0.00000161165169687658 0.00000000099999999998 0.02873737977366017105 0.59428356728582532043 0.00455685855844287051 
0.00000000099999999993 0.00000000099999999993 0.00000000099999999993 0.00000000099999999993 0.00000000099999999993 0.93756269724740581850 0.00000000099999999993 0.06243729675259423323 
0.00000000099999999992 0.00000000099999999992 0.00000000099999999992 0.00000000099999999992 0.00000000099999999992 0.99999999299999997593 0.00000000099999999992 0.00000000099999999992 
0.35408347940186901681 0.02623513874595460871 0.00000000099999999998 0.31780829812050870320 0.01475199901137021381 0.00000000099999999998 0.28712108172029759956 0.00000000099999999998 
0.00000000099999999995 0.00000000099999999995 0.00000000099999999995 0.00000000099999999995 0.00000000099999999995 0.99999999299999997593 0.00000000099999999995 0.00000000099999999995 
0.00000000099999999993 0.00000000099999999993 0.00000000099999999993 0.99999999300000008695 0.00000000099999999993 0.00000000099999999993 0.00000000099999999993 0.00000000099999999993 
0.22276649145366747562 0.04814345556316005498 0.00000000099999999998 0.23180780091361166684 0.00600207348287202028 0.01144620549272627047 0.47983397109396241920 0.00000000099999999998 
0.51304502749761293767 0.06203980408226264509 0.00000000099999999999 0.42491516342012447538 0.00000000099999999999 0.00000000099999999999 0.00000000099999999999 0.00000000099999999999 
0.00000000099999999999 0.05638944550115865262 0.00000000099999999999 0.39727877342578366004 0.01053888908544549190 0.00000000099999999999 0.52061379079682601478 0.01517909819078616836 
0.00000000099999999999 0.06742741967718286766 0.00043035826563017952 0.30387567287439631869 0.01872043732594769541 0.00000000099999999999 0.60954610885684290533 0.00000000099999999999 
0.19142163739543205381 0.07892997218308281382 0.00000000099999999999 0.14324723691930296710 0.02608491214443133324 0.04156904264128036958 0.49822200184385367905 0.02052519587261690537 
0.14484765589740905556 0.03026791152029582876 0.00000000099999999999 0.27252556357245694141 0.00000000099999999999 0.00000000099999999999 0.54008402911244945965 0.01227483689738878385 
0.20535733088831839566 0.03743989404203322546 0.00015568757133481748 0.22766486248797168646 0.00164023098250795922 0.00000000099999999999 0.51060665611661937291 0.01713533691121461866 
0.12128015684947136832 0.00000000100000000000 0.00000000100000000000 0.41563746279492586044 0.00995722533411455210 0.00000000100000000000 0.44774158050825330069 0.00538357151323482115 
0.35877461218876088855 0.00000000099999999998 0.00000000099999999998 0.17068310019133983713 0.00038452417906475735 0.00000000099999999998 0.45505117267500444500 0.01510658776583000996 
0.20135519736549406522 0.00000000099999999999 0.00000000099999999999 0.37765241082093042868 0.00000000099999999999 0.00000000099999999999 0.41828206063795564384 0.00271032717561991727 
0.00000000099999999997 0.00000000099999999997 0.00000000099999999997 0.01651234668033563571 0.00000000099999999997 0.98348764731966442643 0.00000000099999999997 0.00000000099999999997 
0.00000000099999999997 0.07689817206846227826 0.00000000099999999997 0.00000000099999999997 0.00000000099999999997 0.00000000099999999997 0.92310182193153778041 0.00000000099999999997 
0.00000000099999999957 0.99999999300000008695 0.00000000099999999957 0.00000000099999999957 0.00000000099999999957 0.00000000099999999957 0.00000000099999999957 0.00000000099999999957 
0.64183816070706056767 0.00000000099999999996 0.00000000099999999996 0.34671386587428260073 0.00000000099999999996 0.01144796156315795038 0.00000000099999999996 0.00000000785549881893 
0.37800357576417736860 0.00014030768348817279 0.00000000099999999999 0.00001154340246018881 0.00000000099999999999 0.00000000099999999999 0.60563935255634471222 0.01620521759352946262 
0.00000000099999999969 0.00000000099999999969 0.00000000099999999969 0.00000000099999999969 0.99999999300000008695 0.00000000099999999969 0.00000000099999999969 0.00000000099999999969 
0.00000000099999999967 0.00000000099999999967 0.00000000099999999967 0.00000000099999999967 0.99999999299999997593 0.00000000099999999967 0.00000000099999999967 0.00000000099999999967 
0.00000488459426391623 0.00000000860246546722 0.00000000099999999999 0.49381719860007305956 0.00000000099999999999 0.00000000099999999999 0.47913569366634128910 0.02704221153685622270 
0.00000000099999999990 0.00000000099999999990 0.00000000099999999990 0.99999999300000008695 0.00000000099999999990 0.00000000099999999990 0.00000000099999999990 0.00000000099999999990 
0.32101176557587063343 0.06544830777088135598 0.00000000099999999997 0.18661589158325864179 0.00000000099999999997 0.00000000099999999997 0.35065235877690748012 0.07627167329308195964 
0.00000000099999999985 0.25742616604815105052 0.00000000099999999985 0.00000000099999999985 0.00000000099999999985 0.74257382795184889712 0.00000000099999999985 0.00000000099999999985 
0.00000000099999999973 0.64523185024859819325 0.00000000099999999973 0.00000000099999999973 0.35476814375140186542 0.00000000099999999973 0.00000000099999999973 0.00000000099999999973 
0.00000000099999999990 0.00000000099999999990 0.00000000099999999990 0.99999999299999997593 0.00000000099999999990 0.00000000099999999990 0.00000000099999999990 0.00000000099999999990 
0.00000000099999999963 0.00000000099999999963 0.99999999300000008695 0.00000000099999999963 0.00000000099999999963 0.00000000099999999963 0.00000000099999999963 0.00000000099999999963 
0.00000000099999999955 0.00000000099999999955 0.99999999299999997593 0.00000000099999999955 0.00000000099999999955 0.00000000099999999955 0.00000000099999999955 0.00000000099999999955 
0.00000000099999999955 0.00000000099999999955 0.99999999300000008695 0.00000000099999999955 0.00000000099999999955 0.00000000099999999955 0.00000000099999999955 0.00000000099999999955 
0.00000000099999999970 0.00000000099999999970 0.00000000099999999970 0.00000000099999999970 0.99999999300000008695 0.00000000099999999970 0.00000000099999999970 0.00000000099999999970 
0.00000000099999999966 0.00000000099999999966 0.00000000099999999966 0.00000000099999999966 0.99999999300000008695 0.00000000099999999966 0.00000000099999999966 0.00000000099999999966 
0.43179905980285859801 0.04134389832658943997 0.00000000099999999998 0.17957073660053271547 0.00000000099999999998 0.00000000099999999998 0.33139259272874294071 0.01589370954127626231 
0.00000000099999999996 0.00000000099999999996 0.00000000099999999996 0.00000000099999999996 0.00000000099999999996 0.99999999300000008695 0.00000000099999999996 0.00000000099999999996 
0.00000000099999999968 0.00000000099999999968 0.00000000099999999968 0.00000000099999999968 0.99999999299999997593 0.00000000099999999968 0.00000000099999999968 0.00000000099999999968 
0.31466286205464499837 0.13076948383067274473 0.00000000099999999999 0.00000000099999999999 0.00000022812537795221 0.00000000525105632808 0.54240368556113438547 0.01216373317711346227 
0.00000000099999999993 0.00000000099999999993 0.00000000099999999993 0.00000000099999999993 0.00000000099999999993 0.99999999300000008695 0.00000000099999999993 0.00000000099999999993 
0.00000000099999999972 0.00000000099999999972 0.00000000099999999972 0.00000000099999999972 0.99999999299999997593 0.00000000099999999972 0.00000000099999999972 0.00000000099999999972 
0.00000000099999999997 0.10388543311575945682 0.00000000099999999997 0.00000000446557223179 0.00000000099999999997 0.00000000099999999997 0.89611455741866830049 0.00000000099999999997 
0.00000000099999999967 0.00000000099999999967 0.00000000099999999967 0.00000000099999999967 0.99999999300000008695 0.00000000099999999967 0.00000000099999999967 0.00000000099999999967 
0.00000000099999999995 0.00000000099999999995 0.00000000099999999995 0.00000000099999999995 0.00000000099999999995 0.99971556451169718560 0.00000000099999999995 0.00028442948830280850 
0.00000000099999999992 0.00000000099999999992 0.00000000099999999992 0.00000000099999999992 0.00000000099999999992 0.99999999299999997593 0.00000000099999999992 0.00000000099999999992 
0.00000000099999999963 0.00000000099999999963 0.00000000099999999963 0.00000000099999999963 0.99999999299999997593 0.00000000099999999963 0.00000000099999999963 0.00000000099999999963 
0.00000000099999999966 0.00000000099999999966 0.00000000099999999966 0.00000000099999999966 0.99999999299999997593 0.00000000099999999966 0.00000000099999999966 0.00000000099999999966 
0.00000000099999999995 0.00000000099999999995 0.00000000099999999995 0.00000000099999999995 0.00000000099999999995 0.99999999300000008695 0.00000000099999999995 0.00000000099999999995 
0.00000000099999999995 0.00000000099999999995 0.00000000099999999995 0.00000000099999999995 0.00000000099999999995 0.99999999300000008695 0.00000000099999999995 0.00000000099999999995 
0.00000000099999999996 0.00000000099999999996 0.00000000099999999996 0.00000000099999999996 0.00000000099999999996 0.99999999299999997593 0.00000000099999999996 0.00000000099999999996 
0.00000000099999999973 0.00000000099999999973 0.00000000099999999973 0.00000000099999999973 0.99999999299999997593 0.00000000099999999973 0.00000000099999999973 0.00000000099999999973 
0.00000000099999999998 0.10256595659321469938 0.00000000099999999998 0.00000000099999999998 0.01004779850676275690 0.00525449193088322730 0.88213174896913926215 0.00000000099999999998 
0.41730666938666788335 0.00000000099999999998 0.00000000099999999998 0.00000000099999999998 0.02506889775240047843 0.00000000099999999998 0.55762442786093135982 0.00000000099999999998 
0.30852219315471823835 0.00000000266975883115 0.00000000099999999999 0.12714844249252174602 0.00000000099999999999 0.02765281253351207016 0.53546403721269431042 0.00121250993679477832 
0.16754440064328529614 0.00854168788776748719 0.00000000099999999999 0.24677052349717978896 0.00117173514774429610 0.01104602548541399991 0.54733544757002738912 0.01759017876858153667 
0.00000000099999999992 0.00000000099999999992 0.00000000099999999992 0.00000000099999999992 0.00000000099999999992 0.99999999299999997593 0.00000000099999999992 0.00000000099999999992 
0.38181764428203185391 0.00000000099999999999 0.00000000099999999999 0.32081168711530294591 0.00000000099999999999 0.00000000099999999999 0.28015972399088023836 0.01721094061178498821 
0.00000000099999999961 0.00000000099999999961 0.99999999299999997593 0.00000000099999999961 0.00000000099999999961 0.00000000099999999961 0.00000000099999999961 0.00000000099999999961 
0.30980122237729990076 0.00376607072059425901 0.00000000099999999998 0.00000000099999999998 0.00000000099999999998 0.00003873976482759820 0.67078881020525549239 0.01560515393202271256 
0.00000000099999999962 0.00000000099999999962 0.99999999299999997593 0.00000000099999999962 0.00000000099999999962 0.00000000099999999962 0.00000000099999999962 0.00000000099999999962 
0.35554831810653564350 0.10858712197134896826 0.00000000099999999998 0.31830070692663481324 0.00000000099999999998 0.00106974032114613986 0.18477251623699267324 0.03172159443734182127 
0.00000000099999999963 0.00000000099999999963 0.99999999299999997593 0.00000000099999999963 0.00000000099999999963 0.00000000099999999963 0.00000000099999999963 0.00000000099999999963 
0.00000000099999999997 0.00000000462759754383 0.00000000099999999997 0.59435608871892220417 0.00000000099999999997 0.00000000099999999997 0.35704666784418531700 0.04859723480929491191 
0.99999999300000008695 0.00000000099999999992 0.00000000099999999992 0.00000000099999999992 0.00000000099999999992 0.00000000099999999992 0.00000000099999999992 0.00000000099999999992 
0.00000000099999999993 0.00000000099999999993 0.00000000099999999993 0.00000000099999999993 0.00000000099999999993 0.99999999299999997593 0.00000000099999999993 0.00000000099999999993 
0.00000000099999999990 0.00000000099999999990 0.00000000099999999990 0.99999999299999997593 0.00000000099999999990 0.00000000099999999990 0.00000000099999999990 0.00000000099999999990 
0.00000000099999999964 0.00000000099999999964 0.99999999299999997593 0.00000000099999999964 0.00000000099999999964 0.00000000099999999964 0.00000000099999999964 0.00000000099999999964 
0.00000000099999999966 0.00000000099999999966 0.99999999299999997593 0.00000000099999999966 0.00000000099999999966 0.00000000099999999966 0.00000000099999999966 0.00000000099999999966 
0.33132399077610480420 0.00000000099999999999 0.00000000099999999999 0.00000000099999999999 0.00483702501481772344 0.08713823132579909259 0.57095189204953156192 0.00574885783374671621 
0.00000000099999999993 0.00000000099999999993 0.00000000099999999993 0.00000000099999999993 0.00000000099999999993 0.99999999299999997593 0.00000000099999999993 0.00000000099999999993 
0.00000000099999999973 0.00000000099999999973 0.00000000099999999973 0.00000000099999999973 0.99999999299999997593 0.00000000099999999973 0.00000000099999999973 0.00000000099999999973 
0.00000000099999999994 0.00000000099999999994 0.00000000099999999994 0.00000000099999999994 0.00000000099999999994 0.99999999299999997593 0.00000000099999999994 0.00000000099999999994 
0.14740722467103964388 0.03704505898155568966 0.00000000099999999999 0.29413228509653027709 0.00000000099999999999 0.02518285590261689494 0.45923340409440455145 0.03699916925385293709 
0.00000000099999999959 0.00000000099999999959 0.99999999300000008695 0.00000000099999999959 0.00000000099999999959 0.00000000099999999959 0.00000000099999999959 0.00000000099999999959 
0.00000000099999999961 0.00000000099999999961 0.00000000099999999961 0.00000000099999999961 0.99999999299999997593 0.00000000099999999961 0.00000000099999999961 0.00000000099999999961 
0.00000000099999999967 0.00000000099999999967 0.99999999300000008695 0.00000000099999999967 0.00000000099999999967 0.00000000099999999967 0.00000000099999999967 0.00000000099999999967 
0.52409855280709616299 0.00000000099999999998 0.00000000099999999998 0.00000000099999999998 0.01695874318078216883 0.00000000099999999998 0.45894269901212186857 0.00000000099999999998 
0.00000000099999999991 0.00000000099999999991 0.00000000099999999991 0.00000000099999999991 0.00000000099999999991 0.99999999300000008695 0.00000000099999999991 0.00000000099999999991 
0.00000000099999999994 0.00000000099999999994 0.00000000099999999994 0.00000000099999999994 0.00000000099999999994 0.99922155710234750181 0.00000000099999999994 0.00077843689765257681 
0.00000000099999999978 0.99999999300000019797 0.00000000099999999978 0.00000000099999999978 0.00000000099999999978 0.00000000099999999978 0.00000000099999999978 0.00000000099999999978 
0.99999999201023626050 0.00000000099999999998 0.00000000099999999998 0.00000000099999999998 0.00000000198976386386 0.00000000099999999998 0.00000000099999999998 0.00000000099999999998 
0.26157387678127824726 0.00000000099999999998 0.00000000099999999998 0.37930867678502494522 0.00000000099999999998 0.00021811672098073635 0.32757170903206783708 0.03132761768064836611 
0.00485608519055657096 0.02423236702596660158 0.00000000099999999998 0.54796403157537276751 0.00000000099999999998 0.01073540133411198839 0.39230502413345214041 0.01990708874053981337 
0.25481666671728508966 0.06258629363930121037 0.00000000099999999999 0.27713286434682565806 0.00000000099999999999 0.00000000099999999999 0.40546417129658796075 0.00000000099999999999 
0.00000515396717729841 0.00000000099999999997 0.00000000099999999997 0.44795774632394591563 0.00000000099999999997 0.00000000099999999997 0.54081739600000366952 0.01121969970887304151 
0.40510426026403190125 0.07130770597764297947 0.00000000099999999997 0.30337533818126694030 0.00000000099999999997 0.00000000099999999997 0.22021269157705819497 0.00000000099999999997 
0.31132402589293711737 0.03172370280106794754 0.00000000099999999999 0.18517440493829334658 0.00366499894318631295 0.00417544219090854561 0.46393742323360664948 0.00000000099999999999 
0.41080131008248887969 0.01379962687195110567 0.00000000099999999998 0.22886139272318520299 0.00000000099999999998 0.03286559765070036498 0.31367206967167432508 0.00000000099999999998 
0.00000000099999999994 0.00000000099999999994 0.00000000099999999994 0.00000000099999999994 0.00000000099999999994 0.99999999300000008695 0.00000000099999999994 0.00000000099999999994 
0.00000000739367323919 0.00000059167939960102 0.00000000099999999997 0.00000000099999999997 0.00000000099999999997 0.98681377322325514179 0.01318562370367213146 0.00000000099999999997 
0.00000000099999999978 0.00000000099999999978 0.99999999300000008695 0.00000000099999999978 0.00000000099999999978 0.00000000099999999978 0.00000000099999999978 0.00000000099999999978 
0.00000000099999999996 0.00000000099999999996 0.00000000099999999996 0.00000000099999999996 0.00000000099999999996 0.99999999299999997593 0.00000000099999999996 0.00000000099999999996 
0.02114836382337063198 0.00000000099999999997 0.00000000099999999997 0.00000000099999999997 0.00000000099999999997 0.97885163017662946139 0.00000000099999999997 0.00000000099999999997 
0.00000000099999999994 0.00000000099999999994 0.00000000099999999994 0.99999999300000008695 0.00000000099999999994 0.00000000099999999994 0.00000000099999999994 0.00000000099999999994 
0.00000000099999999954 0.00000000099999999954 0.99999999300000008695 0.00000000099999999954 0.00000000099999999954 0.00000000099999999954 0.00000000099999999954 0.00000000099999999954 
0.20339105019724665335 0.02975093059943589510 0.00000000099999999999 0.28033431512985479417 0.00430011499259161118 0.00000000099999999999 0.48130911307086987616 0.00091447401000114984 
0.46111153246807734529 0.00927349163397799686 0.00000000099999999999 0.18447499628311875286 0.00000000099999999999 0.00707565744562140431 0.32605386711842260228 0.01201045305078188991 
0.32516501168643285880 0.02607367891846177482 0.00000000099999999999 0.38358301032637331929 0.00586708616021825585 0.00000000099999999999 0.25931120990851375119 0.00000000099999999999 
0.41098856475770190189 0.00000000099999999999 0.00000000099999999999 0.33843546205315139241 0.00000000099999999999 0.01806328858628195033 0.22045760576238340733 0.01205507584048132186 
0.36980097834162900527 0.08456316390225161739 0.00000000099999999997 0.06916559134370001138 0.00000000099999999997 0.00000000099999999997 0.47647026241241918765 0.00000000099999999997 
0.40591279256578044476 0.02206806573467662291 0.00000000099999999999 0.00000000099999999999 0.00000000099999999999 0.02653380049882872113 0.54548533720071401554 0.00000000099999999999 
0.34674543233180316060 0.06861023013885994559 0.00000000099999999999 0.00000000354467856451 0.00010793648435283821 0.00000000099999999999 0.58453639450030536739 0.00000000099999999999 
0.07840450486945461928 0.07121746434185750874 0.00000000099999999999 0.25926821041486081132 0.00000000099999999999 0.00000000099999999999 0.54040646815620385635 0.05070334921762319202 
0.99999999300000019797 0.00000000099999999995 0.00000000099999999995 0.00000000099999999995 0.00000000099999999995 0.00000000099999999995 0.00000000099999999995 0.00000000099999999995 
0.99999999300000019797 0.00000000099999999993 0.00000000099999999993 0.00000000099999999993 0.00000000099999999993 0.00000000099999999993 0.00000000099999999993 0.00000000099999999993 
0.00000000099999999993 0.00000000099999999993 0.00000000099999999993 0.00000000099999999993 0.00000000099999999993 0.00000000099999999993 0.99999999299999986491 0.00000000099999999993 
0.49850900031625883235 0.00000000099999999999 0.00000000099999999999 0.00000000099999999999 0.02084570360834060027 0.02314293940978045735 0.44070548206741749775 0.01679687159820252018 
0.00000000099999999996 0.00000000099999999996 0.00000000099999999996 0.00000000131717541096 0.00000000099999999996 0.00000000099999999996 0.99266368626329526403 0.00733630741952920849 
0.42696328363215385604 0.02473159351560285865 0.00000000099999999999 0.25081302618595324727 0.00000000099999999999 0.00514841767544159824 0.29234367393236410093 0.00000000305848433080 
0.34434584277156288223 0.02513486199953597622 0.00000000099999999998 0.33419089886936670375 0.00000000099999999998 0.00000000099999999998 0.29632839235953439827 0.00000000099999999998 
0.48132198149776639351 0.10388832620937953066 0.00000000099999999997 0.00000000099999999997 0.00000000099999999997 0.00544072862192484814 0.40934895967092904678 0.00000000099999999997 
0.22338651640939652387 0.01571688970544240019 0.00000000099999999999 0.11127309068951043991 0.00021175636774924597 0.00647543659360340796 0.62163820593130503234 0.02129810330299292120 
0.00000000099999999997 0.00000000099999999997 0.00000000099999999997 0.00000000099999999997 0.00000000099999999997 0.03087686815350369762 0.96912312584649640268 0.00000000099999999997 
0.18843336729175896860 0.06937046584324405019 0.00000000099999999998 0.39428218373559303922 0.00000000099999999998 0.00000000099999999998 0.32581541932562230190 0.02209856080378178392 
0.00000000099999999993 0.00000000099999999993 0.00000000099999999993 0.99999999299999997593 0.00000000099999999993 0.00000000099999999993 0.00000000099999999993 0.00000000099999999993 
0.15639690633694200428 0.03632393489900685030 0.06821307921585374745 0.23357621281836174476 0.00223903760418047793 0.01787820759643532834 0.47819408986595696165 0.00717853166326294818 
0.16288769626070417895 0.06193760357275804318 0.00000000099999999998 0.22263971117478359441 0.00000000099999999998 0.00000000099999999998 0.53939776727688326652 0.01313721871487077801 
0.16646225065436864865 0.10747186015828200101 0.00000000099999999997 0.34746449158468861729 0.00000000099999999997 0.00000000099999999997 0.36360946045728159692 0.01499193414537931292 
0.00000000099999999997 0.00000000145466850986 0.00000000099999999997 0.45995490648442916015 0.00000000099999999997 0.01076313647834851311 0.49528532369121125445 0.03399662889134262567 
0.27170194087817994832 0.03530746026587413405 0.00000000099999999999 0.13206481792459145996 0.01119652707919534251 0.00000000099999999999 0.52618222441539130863 0.02354702743676778329 
0.16106385696688510500 0.04652902244680404142 0.00000000099999999997 0.41835783670439358195 0.00000000099999999997 0.00148588567136396566 0.37256339521055314989 0.00000000099999999997 
0.00000000099999999999 0.11311345720112794822 0.00000000099999999999 0.29460587014076294876 0.00000000099999999999 0.00000000099999999999 0.59228066765810905014 0.00000000099999999999 
0.23672141420358386310 0.07001468391596935015 0.00000000099999999999 0.32537160028129341605 0.00529262863834797665 0.00043870499726977804 0.34908814728659387505 0.01307281967694172431 
0.52706753153575092163 0.00000000099999999997 0.00000000099999999997 0.00000023677467289199 0.00000000099999999997 0.00000000099999999997 0.46020855599790438939 0.01272367169167192176 
0.00000000099999999990 0.00000000099999999990 0.00000000099999999990 0.99999999300000008695 0.00000000099999999990 0.00000000099999999990 0.00000000099999999990 0.00000000099999999990 
0.00000000099999999994 0.00000000099999999994 0.00000000099999999994 0.00000000099999999994 0.00000000099999999994 0.99999999300000008695 0.00000000099999999994 0.00000000099999999994 
0.00000000099999999997 0.00000000099999999997 0.00000000099999999997 0.00007492075095720634 0.00000000099999999997 0.99989884960177843887 0.00002622357379503903 0.00000000207346943218 
0.00000000099999999970 0.00000000099999999970 0.99999999299999997593 0.00000000099999999970 0.00000000099999999970 0.00000000099999999970 0.00000000099999999970 0.00000000099999999970 
0.00000000099999999962 0.00000000099999999962 0.00000000099999999962 0.00000000099999999962 0.99999999300000008695 0.00000000099999999962 0.00000000099999999962 0.00000000099999999962 
0.00000000099999999999 0.07782577216005168164 0.00000000099999999999 0.00000000099999999999 0.03319762880456574028 0.87263522528304615644 0.00000000099999999999 0.01634136975233645497 
0.33596030518558017697 0.01878210011220381864 0.00000000099999999998 0.08638633792630688590 0.00000000099999999998 0.01123784595413939227 0.54763340782176972432 0.00000000099999999998 
0.48632890187948696337 0.00000000099999999998 0.00000000099999999998 0.47671967756194455479 0.00000000099999999998 0.00000000099999999998 0.00000000099999999998 0.03695141555856845672 
0.00000000099999999993 0.00000000099999999993 0.00000000099999999993 0.00000000099999999993 0.00000000099999999993 0.92147825449193898617 0.00000000099999999993 0.07852173950806104474 
0.00000000099999999996 0.00000000099999999996 0.00000000099999999996 0.00000000099999999996 0.00000000099999999996 0.00000000099999999996 0.99999999299999986491 0.00000000099999999996 
0.32754027367016197436 0.00148914022948657765 0.00000000099999999998 0.28666633383442607919 0.00946133817682149117 0.00000030505892743013 0.36888531898942061860 0.00595728904075577652 
0.00000000099999999996 0.07119464231726001235 0.00000000099999999996 0.00000000099999999996 0.00000000099999999996 0.00000000099999999996 0.87797457914367682541 0.05083077353906319956 
0.00000000099999999960 0.00000000099999999960 0.99999999299999997593 0.00000000099999999960 0.00000000099999999960 0.00000000099999999960 0.00000000099999999960 0.00000000099999999960 
0.00000000099999999962 0.00000000099999999962 0.99999999300000008695 0.00000000099999999962 0.00000000099999999962 0.00000000099999999962 0.00000000099999999962 0.00000000099999999962 
0.00000000099999999955 0.00000000099999999955 0.99999999299999997593 0.00000000099999999955 0.00000000099999999955 0.00000000099999999955 0.00000000099999999955 0.00000000099999999955 
0.00000000099999999956 0.00000000099999999956 0.99999999299999997593 0.00000000099999999956 0.00000000099999999956 0.00000000099999999956 0.00000000099999999956 0.00000000099999999956 
0.00000000099999999957 0.00000000099999999957 0.99999999300000008695 0.00000000099999999957 0.00000000099999999957 0.00000000099999999957 0.00000000099999999957 0.00000000099999999957 
0.00000000099999999996 0.00000000099999999996 0.00000000099999999996 0.00000000099999999996 0.00000000099999999996 0.97945976539826629104 0.00000000099999999996 0.02054022860173379539 
0.36423918365980062495 0.09284433172216396968 0.00000000099999999999 0.00017112677683013490 0.00000000099999999999 0.00000000099999999999 0.52226102287185294237 0.02048433196935217984 
0.00000000099999999957 0.00000000099999999957 0.99999999299999997593 0.00000000099999999957 0.00000000099999999957 0.00000000099999999957 0.00000000099999999957 0.00000000099999999957 
0.00000000099999999964 0.00000000099999999964 0.99999999300000008695 0.00000000099999999964 0.00000000099999999964 0.00000000099999999964 0.00000000099999999964 0.00000000099999999964 
0.00000000099999999961 0.00000000099999999961 0.00000000099999999961 0.00000000099999999961 0.99999999300000008695 0.00000000099999999961 0.00000000099999999961 0.00000000099999999961 
0.00000000099999999961 0.00000000099999999961 0.00000000099999999961 0.00000000099999999961 0.99999999299999997593 0.00000000099999999961 0.00000000099999999961 0.00000000099999999961 
0.00000000099999999995 0.00000000099999999995 0.00000000099999999995 0.00000000099999999995 0.00000000099999999995 0.00000000099999999995 0.99999999299999986491 0.00000000099999999995 
0.00000000099999999960 0.00000000099999999960 0.99999999300000008695 0.00000000099999999960 0.00000000099999999960 0.00000000099999999960 0.00000000099999999960 0.00000000099999999960 
0.42322439907460035480 0.00000000099999999999 0.00000000099999999999 0.00000000099999999999 0.00000000099999999999 0.01366140729800735878 0.56311418862739204272 0.00000000099999999999 
0.00000000099999999996 0.00000000099999999996 0.00000000099999999996 0.00000000099999999996 0.00000000099999999996 0.00000000099999999996 0.99999999299999997593 0.00000000099999999996 
0.00000000099999999996 0.00000000099999999996 0.00000000099999999996 0.00000000099999999996 0.00000000099999999996 0.93848757565292184601 0.00000000099999999996 0.06151241834707819878 
0.35623775392569601017 0.04430374336924609857 0.00000000099999999998 0.26914244726126929086 0.00000000099999999998 0.00019300168700933759 0.31908543454647769755 0.01103761721030155699 
0.00000000099999999992 0.00000000099999999992 0.00000000099999999992 0.00000000099999999992 0.00000000099999999992 0.99999999300000008695 0.00000000099999999992 0.00000000099999999992 
0.99999999300000019797 0.00000000099999999992 0.00000000099999999992 0.00000000099999999992 0.00000000099999999992 0.00000000099999999992 0.00000000099999999992 0.00000000099999999992 
0.00000000099999999992 0.00000000099999999992 0.00000000099999999992 0.00000000099999999992 0.00000000099999999992 0.99999999300000008695 0.00000000099999999992 0.00000000099999999992 
0.14350076575507825227 0.09237644424103687302 0.00000000099999999999 0.34595279828648184406 0.00787092509632806442 0.00000000099999999999 0.39189159776747356512 0.01840746685360149931 
0.24114750418744565486 0.02391471358869446534 0.00000000099999999999 0.24957599316466724804 0.00500528234434769511 0.00000000099999999999 0.43813569733240093074 0.04222080738244408937 
0.00000000099999999963 0.00000000099999999963 0.99999999299999997593 0.00000000099999999963 0.00000000099999999963 0.00000000099999999963 0.00000000099999999963 0.00000000099999999963 
0.00000000099999999994 0.00000000099999999994 0.00000000099999999994 0.00000000099999999994 0.00000000099999999994 0.99999999300000008695 0.00000000099999999994 0.00000000099999999994 
0.00000000099999999958 0.00000000099999999958 0.99999999299999997593 0.00000000099999999958 0.00000000099999999958 0.00000000099999999958 0.00000000099999999958 0.00000000099999999958 
0.00000000099999999956 0.00000000099999999956 0.99999999300000008695 0.00000000099999999956 0.00000000099999999956 0.00000000099999999956 0.00000000099999999956 0.00000000099999999956 
0.00000000099999999997 0.13604296222989156750 0.00000000099999999997 0.00000000099999999997 0.00000000099999999997 0.00000000099999999997 0.85204436294460816903 0.01191266982550012385 
0.44175851499361734609 0.02164660323348525581 0.00000000099999999998 0.50796849809792921082 0.00000000099999999998 0.01162565328393564898 0.00000000099999999998 0.01700072739103257111 
0.99999999300000008695 0.00000000099999999989 0.00000000099999999989 0.00000000099999999989 0.00000000099999999989 0.00000000099999999989 0.00000000099999999989 0.00000000099999999989 
0.22349832542201664154 0.05736710591746683324 0.00000000099999999998 0.19036783763596645813 0.00000014744343353251 0.00000000099999999998 0.52876658058111636329 0.00000000099999999998 
0.33553615152551818923 0.09975006816826537115 0.00000000099999999999 0.18426852732040283067 0.00498623570174927533 0.00000000099999999999 0.36133433109838075659 0.01412468418568373768 
0.99999999300000019797 0.00000000099999999993 0.00000000099999999993 0.00000000099999999993 0.00000000099999999993 0.00000000099999999993 0.00000000099999999993 0.00000000099999999993 
0.65510721612075528686 0.00000000099999999996 0.00000000099999999996 0.00000000099999999996 0.00000000099999999996 0.00000000099999999996 0.34489277787924488283 0.00000000099999999996 
0.00000000099999999996 0.00000000099999999996 0.00000000099999999996 0.04476190090809143568 0.00000000099999999996 0.95523809309190865768 0.00000000099999999996 0.00000000099999999996 
0.36759353150123891263 0.00000000099999999997 0.00000000099999999997 0.61577082067359689699 0.00000000099999999997 0.00000000099999999997 0.00021371209220542357 0.01642193173295871875 
0.00000000099999999956 0.00000000099999999956 0.99999999300000008695 0.00000000099999999956 0.00000000099999999956 0.00000000099999999956 0.00000000099999999956 0.00000000099999999956 
0.00000000099999999998 0.00000000099999999998 0.00000000099999999998 0.29483243615672977134 0.00000000099999999998 0.00000000099999999998 0.70516755784327012080 0.00000000099999999998 
0.00000000099999999986 0.00000000099999999986 0.99999999300000008695 0.00000000099999999986 0.00000000099999999986 0.00000000099999999986 0.00000000099999999986 0.00000000099999999986 
0.00000000099999999962 0.00000000099999999962 0.99999999299999997593 0.00000000099999999962 0.00000000099999999962 0.00000000099999999962 0.00000000099999999962 0.00000000099999999962 
0.22147600250265228605 0.02284555552171099041 0.00000000099999999998 0.00000000099999999998 0.00000000099999999998 0.00931294724565732632 0.71000632819033782095 0.03635916353964148418 
0.00000000099999999994 0.00000000099999999994 0.00000000099999999994 0.00000000099999999994 0.00000000099999999994 0.00000000099999999994 0.99999999299999997593 0.00000000099999999994 
0.00000000099999999996 0.00000000099999999996 0.00000000099999999996 0.00000000099999999996 0.00000000099999999996 0.00000000099999999996 0.99999999299999997593 0.00000000099999999996 
0.00000000099999999967 0.00000000099999999967 0.99999999300000008695 0.00000000099999999967 0.00000000099999999967 0.00000000099999999967 0.00000000099999999967 0.00000000099999999967 
0.00000000099999999993 0.00000000099999999993 0.00000000099999999993 0.00000000099999999993 0.00000000099999999993 0.99999999300000008695 0.00000000099999999993 0.00000000099999999993 
0.00000000099999999994 0.00000000099999999994 0.00000000099999999994 0.00000000099999999994 0.00000000099999999994 0.99999999299999997593 0.00000000099999999994 0.00000000099999999994 
0.00000000099999999962 0.00000000099999999962 0.99999999299999997593 0.00000000099999999962 0.00000000099999999962 0.00000000099999999962 0.00000000099999999962 0.00000000099999999962 
0.23342892763364106457 0.00000001146542558881 0.00000000099999999999 0.38559564229970172411 0.00497430453563338544 0.00078073548138226777 0.37522037658421597550 0.00000000099999999999 
0.00000002032543068858 0.14388300444238374953 0.00000000099999999999 0.35393751564075454086 0.00000000099999999999 0.00021526887118485964 0.50196418772024598010 0.00000000099999999999 
0.00000000099999999964 0.00000000099999999964 0.99999999300000008695 0.00000000099999999964 0.00000000099999999964 0.00000000099999999964 0.00000000099999999964 0.00000000099999999964 
0.00000014561153468525 0.09841969392206073586 0.00000000099999999998 0.46438961842056719620 0.00000000099999999998 0.00000000099999999998 0.43409605340358126124 0.00309448564225608350 
0.00000000099999999991 0.00000000099999999991 0.00000000099999999991 0.00000000099999999991 0.00000000099999999991 0.99999999299999997593 0.00000000099999999991 0.00000000099999999991 
0.00000000099999999902 0.00000000099999999902 0.00000000099999999902 0.00000000099999999902 0.00000000099999999902 0.00000000099999999902 0.00000000099999999902 0.99999999300000008695 
0.99999999300000019797 0.00000000099999999994 0.00000000099999999994 0.00000000099999999994 0.00000000099999999994 0.00000000099999999994 0.00000000099999999994 0.00000000099999999994 
0.20384556155661751053 0.01369832978583963856 0.00000000099999999999 0.30155379015450617386 0.01193023780254707025 0.02412104046142566835 0.42498650301572704624 0.01986453622333688579 
0.27448470492719623248 0.00000000099999999999 0.00000000099999999999 0.30660514935283034177 0.01311732735257758672 0.00000082251553073401 0.40579199285186490220 0.00000000099999999999 
0.00000000099999999997 0.10435663011546689183 0.00000000099999999997 0.00000000099999999997 0.00000000099999999997 0.00000000099999999997 0.89564336388453302806 0.00000000099999999997 
0.99999999300000008695 0.00000000099999999991 0.00000000099999999991 0.00000000099999999991 0.00000000099999999991 0.00000000099999999991 0.00000000099999999991 0.00000000099999999991 
0.30994973315487778232 0.03076462815540604787 0.00000000099999999999 0.19065756956664053900 0.00000000099999999999 0.00000000099999999999 0.45782125209521723486 0.01080681402785840795 
0.38829821648575879589 0.10808092696712567893 0.00000000099999999999 0.13135346368047162713 0.00334274044269624931 0.00000000099999999999 0.35681323398308950612 0.01211141644085819181 
0.00000000099999999993 0.00000000099999999993 0.00000000099999999993 0.99837390533648406876 0.00000000099999999993 0.00000000099999999993 0.00000000099999999993 0.00162608866351601116 
0.00000000099999999995 0.00000000099999999995 0.00000000099999999995 0.00000000099999999995 0.00000000099999999995 0.99999999299999997593 0.00000000099999999995 0.00000000099999999995 
0.27419514117633841943 0.00000000099999999998 0.00000000099999999998 0.00000000099999999998 0.00000000099999999998 0.00724321836300443993 0.68923789953096148420 0.02932373692969558743 
0.00000000099999999992 0.00000000099999999992 0.00000000099999999992 0.99999999300000008695 0.00000000099999999992 0.00000000099999999992 0.00000000099999999992 0.00000000099999999992 
0.25311821599966616292 0.05049281367252301395 0.00000000099999999999 0.32939855353178448816 0.00000000099999999999 0.03391104625492084856 0.31928374256554659105 0.01379562597555890682 
0.00000000099999999998 0.00000000099999999998 0.00000000099999999998 0.48796404566316836648 0.00000000099999999998 0.00400402559139855473 0.50803192374543304499 0.00000000099999999998 
0.37083350375082591022 0.00000000100000000000 0.00000000100000000000 0.18778303812006097440 0.00000000100000000000 0.03476741564019304037 0.40314329722711067516 0.00347274226180941965 
0.35565902310852476331 0.00000000099999999998 0.00000000099999999998 0.31977467802283432441 0.00000000099999999998 0.00000000099999999998 0.30055186881023160383 0.02401442605840926545 
0.26823844494304044384 0.06175307622451824130 0.00000000099999999999 0.33994009464530583475 0.00000000099999999999 0.00000000099999999999 0.32023363148551037272 0.00983474970162519571 
0.04200807150958717207 0.00000000099999999996 0.00000000099999999996 0.00000000099999999996 0.00000000099999999996 0.95799192249041276170 0.00000000099999999996 0.00000000099999999996 
0.00000002370786239470 0.00000000099999999997 0.00000000099999999997 0.46175348224577622558 0.00000000099999999997 0.00000000099999999997 0.42489051005592481935 0.11335597999043652007 
0.22722067332183587540 0.09274513171456130745 0.00000000099999999999 0.00000075912635721673 0.00244825133352141863 0.00000000099999999999 0.67347906239313293231 0.00410612011059109661 
0.39301091530981535627 0.02295193572816663780 0.00386294698125799621 0.22555038184213188623 0.00000000100000000000 0.00748095064368435765 0.34274110102577703962 0.00440176746916658927 
0.03979159704446921103 0.00000000099999999996 0.00000000099999999996 0.00000000099999999996 0.00000000099999999996 0.96020839695553084070 0.00000000099999999996 0.00000000099999999996 
0.19542097540839253877 0.00000000099999999999 0.01904129909338945700 0.28712407006117018904 0.00000000099999999999 0.02432767658705188921 0.47408597584999601082 0.00000000099999999999 
0.32266070467575852510 0.07018759610514302416 0.00000000099999999999 0.07910488060792363052 0.00000160215987718769 0.00000000168388817742 0.52804521276740945535 0.00000000099999999999 
0.00000000099999999999 0.05429644698353442572 0.00000000099999999999 0.00000034199294300853 0.00381596692574466458 0.46846271884083151571 0.45691876318619295549 0.01650576007075350848 
