0.96565215520214919831 0.02608567920850338520 0.00793182569642485527 0.00033033989292263256 
0.00000000099999999996 0.00000000099999999996 0.99999999699999997382 0.00000000099999999996 
0.00000000099999999996 0.00000000099999999996 0.99999999699999997382 0.00000000099999999996 
0.95164459013417757038 0.00553221942124943258 0.04282318944457298715 0.00000000099999999999 
0.98636686457361999469 0.01322908558918508247 0.00040404883719494586 0.00000000100000000000 
0.96304928616903684446 0.00638573886415651215 0.03056497396680671330 0.00000000099999999999 
0.00000000099999999997 0.00000000099999999997 0.99999999699999986280 0.00000000099999999997 
0.00000000099999999995 0.00000000099999999995 0.99999999699999986280 0.00000000099999999995 
0.97135306855685299432 0.01973069996552945238 0.00891623047761748271 0.00000000099999999999 
0.00000000099999999997 0.00000000099999999997 0.99999999699999997382 0.00000000099999999997 
0.96842749187412313638 0.01378495577645775030 0.01778755134941925956 0.00000000100000000000 
0.96586121973904826010 0.01152871653930880556 0.02261006272164278047 0.00000000099999999999 
0.98601632038092512644 0.00886292248287116370 0.00512075613620358375 0.00000000100000000000 
0.96975231274852569108 0.01967410750712908843 0.01057357874434515337 0.00000000100000000000 
0.97104898079124002397 0.02164605628057972297 0.00122700516205020136 0.00607795776613007273 
0.90565423471640893460 0.03332114702032418219 0.06102461726326688374 0.00000000099999999999 
0.99229104802026502075 0.00023429101969117721 0.00747465996004388882 0.00000000100000000000 
0.98806883111226517791 0.00655108164977101157 0.00000000100000000000 0.00538008623796378763 
0.97709104585806261234 0.01149442803395225345 0.00324920014117149793 0.00816532596681353480 
0.99123767081404179358 0.00794967145718997528 0.00081265672876830192 0.00000000099999999998 
0.99605996107323346855 0.00001484092538569154 0.00392519700138076102 0.00000000100000000000 
0.00000000177768581390 0.00000000099999999998 0.99999999622231416918 0.00000000099999999998 
0.96969707310628949770 0.00000000099999999999 0.03030292489371045131 0.00000000099999999999 
0.95803690754526027451 0.00410161406842057645 0.03786147738631906456 0.00000000099999999999 
0.96665654609534601427 0.00000020379068471936 0.03334324911396919361 0.00000000099999999999 
0.99309297839213339643 0.00690701960786662978 0.00000000099999999999 0.00000000099999999999 
0.00000000099999999988 0.99999999700000008485 0.00000000099999999988 0.00000000099999999988 
0.00000000099999999986 0.99999999700000008485 0.00000000099999999986 0.00000000099999999986 
0.98295648898266696492 0.01171871566091324361 0.00532479435641974603 0.00000000100000000000 
0.98499215205210066681 0.01500784594789930475 0.00000000099999999999 0.00000000099999999999 
0.97038536946509679204 0.00000000099999999999 0.02961462853490324371 0.00000000099999999999 
0.00000000099999999998 0.00000000099999999998 0.99999999699999997382 0.00000000099999999998 
0.39855916885811937256 0.36100311488025060846 0.24043771526163001950 0.00000000099999999997 
0.99850193187157088026 0.00109287585476656405 0.00040519127366264458 0.00000000099999999999 
0.00000000099999999986 0.00000000099999999986 0.00000000099999999986 0.99999999700000008485 
0.00000000099999999982 0.00000000099999999982 0.00000000099999999982 0.99999999700000008485 
0.00000000099999999982 0.00000000099999999982 0.00000000099999999982 0.99999999700000008485 
0.00000000099999999988 0.99999999699999997382 0.00000000099999999988 0.00000000099999999988 
0.00000000099999999987 0.99999999700000008485 0.00000000099999999987 0.00000000099999999987 
0.99426960759334104267 0.00362444914551511913 0.00210594226114389728 0.00000000099999999999 
0.00000000099999999998 0.00000000099999999998 0.99999999699999986280 0.00000000099999999998 
0.00000000099999999987 0.99999999700000008485 0.00000000099999999987 0.00000000099999999987 
0.96001928609031605966 0.01218223654875874237 0.02779847636092514646 0.00000000099999999999 
0.00000000099999999996 0.00000000099999999996 0.99999999699999997382 0.00000000099999999996 
0.00000000099999999989 0.99999999699999997382 0.00000000099999999989 0.00000000099999999989 
0.97046648471466545605 0.00999116658071437340 0.01954234770462021445 0.00000000099999999999 
0.00000000099999999987 0.99999999700000008485 0.00000000099999999987 0.00000000099999999987 
0.00000000099999999997 0.00000000099999999997 0.99999999699999997382 0.00000000099999999997 
0.00000000099999999995 0.00000000099999999995 0.99999999699999986280 0.00000000099999999995 
0.00000000099999999986 0.99999999699999997382 0.00000000099999999986 0.00000000099999999986 
0.00000000099999999987 0.99999999700000008485 0.00000000099999999987 0.00000000099999999987 
0.00000000099999999997 0.00000000099999999997 0.99999999699999986280 0.00000000099999999997 
0.00000000099999999996 0.00000000099999999996 0.99999999699999986280 0.00000000099999999996 
0.00000000099999999997 0.00000000099999999997 0.99999999699999997382 0.00000000099999999997 
0.00000000099999999989 0.99999999700000008485 0.00000000099999999989 0.00000000099999999989 
0.93174013298653945991 0.01960111827350769290 0.04865874748496887975 0.00000000125498393682 
0.96760743138315663536 0.03020831977528248488 0.00218424784156073760 0.00000000100000000000 
0.97027549783488054036 0.00000000099999999999 0.02972450016511939477 0.00000000099999999999 
0.97795979185074044526 0.00448584200131371073 0.01755436514794580030 0.00000000099999999999 
0.00000000099999999996 0.00000000099999999996 0.99999999699999997382 0.00000000099999999996 
0.98797789641676236894 0.00980924057882514439 0.00060555760489414416 0.00160730539951835249 
0.00000000099999999985 0.00000000099999999985 0.00000000099999999985 0.99999999700000008485 
0.98055370584647416621 0.00936302207298700395 0.01008327108053885118 0.00000000099999999998 
0.00000000099999999985 0.00000000099999999985 0.00000000099999999985 0.99999999699999997382 
0.95218422063917307341 0.00118706797213789469 0.04662871038868891121 0.00000000100000000000 
0.00000000099999999986 0.00000000099999999986 0.00000000099999999986 0.99999999700000008485 
0.98167774065626911550 0.00571396750242711502 0.01260829084130361127 0.00000000099999999999 
0.97390953139412173023 0.01072493330084662438 0.01536548947948066998 0.00000004582555092893 
0.00000000099999999995 0.00000000099999999995 0.99999999699999986280 0.00000000099999999995 
0.99999870993578743317 0.00000000099999999998 0.00000128806421257939 0.00000000099999999998 
0.00000000099999999985 0.00000000099999999985 0.00000000099999999985 0.99999999699999997382 
0.00000000099999999987 0.00000000099999999987 0.00000000099999999987 0.99999999700000008485 
0.89788711457251146886 0.01486751478074056949 0.08724536964674792228 0.00000000099999999999 
0.00000000099999999995 0.00000000099999999995 0.99999999699999997382 0.00000000099999999995 
0.00000000099999999989 0.99999999699999997382 0.00000000099999999989 0.00000000099999999989 
0.00000000099999999996 0.00000000099999999996 0.99999999699999986280 0.00000000099999999996 
0.95677305900271003569 0.00000000100000000000 0.04202691084121488313 0.00120002915607520834 
0.00000000099999999984 0.00000000099999999984 0.00000000099999999984 0.99999999699999997382 
0.00000000099999999985 0.99999999699999997382 0.00000000099999999985 0.00000000099999999985 
0.00000000099999999987 0.00000000099999999987 0.00000000099999999987 0.99999999700000008485 
0.97274356378453807892 0.02165485647066891020 0.00239873203818516444 0.00320284770660781478 
0.00000000099999999995 0.00000000099999999995 0.99999999699999986280 0.00000000099999999995 
0.00000000099999999996 0.00000000099999999996 0.99999999699999997382 0.00000000099999999996 
0.75932357696279406678 0.00462009308479055351 0.23605632895241532299 0.00000000099999999999 
0.96894027808734439766 0.02491774900736254059 0.00614197190529302064 0.00000000100000000000 
0.98527986736888395480 0.00000053628763248239 0.01471959534348349710 0.00000000099999999999 
0.97111075627775100827 0.00000000099999999999 0.02888924172224907258 0.00000000099999999999 
0.99682863597093152030 0.00260693126522142018 0.00056443176384719676 0.00000000100000000000 
0.99999999699999997382 0.00000000099999999998 0.00000000099999999998 0.00000000099999999998 
0.98423253452687586851 0.00080031021912734630 0.01496715425399693100 0.00000000099999999999 
0.97606486223812827241 0.01064722654675956566 0.01328791021511196470 0.00000000099999999999 
0.95806772079162616507 0.00000002209398211434 0.04193225611439168471 0.00000000100000000000 
0.00000000099999999996 0.00000000099999999996 0.99999999699999986280 0.00000000099999999996 
0.00004034580762074766 0.00000000099999999998 0.99995965219237925581 0.00000000099999999998 
0.00000000099999999991 0.00000000099999999991 0.00000000099999999991 0.99999999700000008485 
0.00000000099999999998 0.00000000099999999998 0.99999999699999997382 0.00000000099999999998 
0.00000000160460842290 0.00000000099999999998 0.99999999639539149943 0.00000000099999999998 
0.96203406532627500081 0.01049178940026959661 0.02747414427345527821 0.00000000099999999999 
0.00000000099999999982 0.00000000099999999982 0.00000000099999999982 0.99999999700000008485 
0.99171563975821885872 0.00828435824178108335 0.00000000100000000000 0.00000000100000000000 
0.97025279786351159572 0.00845823064407575168 0.02128897049241255945 0.00000000099999999999 
0.98324412104011205127 0.01004189125578622797 0.00470299359728413094 0.00201099410681760370 
0.96392442548903189969 0.00702919455448213111 0.02904637895648581186 0.00000000100000000000 
0.99214408587094871095 0.00050313172276012842 0.00691147198272736626 0.00044131042356376478 
0.95735489266840778644 0.00011607004867017946 0.04252897451350648450 0.00000006276941562397 
0.98906738003582250762 0.00905351579628890617 0.00187910316788869060 0.00000000100000000000 
0.97215700041873853721 0.01125676853981291692 0.01658623004144850130 0.00000000100000000000 
0.94720352200084501071 0.03207189832251684802 0.01629419195203484286 0.00443038772460335219 
0.97718759557103673785 0.01505474824284402761 0.00775765518611921251 0.00000000099999999999 
0.99929411085695984962 0.00000000099999999999 0.00070588714304012519 0.00000000099999999999 
0.94313593716510102372 0.02872156358173455840 0.02718014565026532353 0.00096235360289898366 
0.98590096507119528990 0.01409903292880470248 0.00000000099999999999 0.00000000099999999999 
0.98446398444154370466 0.00064695475205527563 0.01488905980640104799 0.00000000100000000000 
0.99678596294301902159 0.00150028610600181625 0.00171374995097903281 0.00000000099999999999 
0.96236726666446115175 0.00000000099999999999 0.03763273133553882155 0.00000000099999999999 
0.97017021771473554992 0.01097492601304490313 0.01885485527221961513 0.00000000100000000000 
0.95545500910227409985 0.00000000099999999999 0.04454498889772602610 0.00000000099999999999 
0.99054910684504016150 0.00192679849137618537 0.00752409366358361593 0.00000000100000000000 
0.96820176112893574505 0.00241606852518329134 0.02938216934588100057 0.00000000099999999999 
0.89693117775723973928 0.00711589213322470510 0.02790059423364738694 0.06805233587588828403 
0.99265135759914280289 0.00000000099999999999 0.00734864040085724327 0.00000000099999999999 
0.97818761269455445362 0.00000000099999999998 0.02181238530544555437 0.00000000099999999998 
0.96926402405013944996 0.00000045055305342664 0.03073552439680703185 0.00000000099999999998 
0.97845412584689595015 0.01929164100978893182 0.00225423214331521831 0.00000000099999999999 
0.98183071820566358845 0.00000000099999999998 0.01816927979433639873 0.00000000099999999998 
0.98025407177519507940 0.00852557420782189442 0.00759715177799522457 0.00362320223898781289 
0.97551171552938975573 0.00888811316454974146 0.01560017030606043395 0.00000000099999999999 
0.99701608523142759566 0.00298391276857238978 0.00000000099999999999 0.00000000099999999999 
0.96254817542557469245 0.00000000099999999998 0.03745182257442525309 0.00000000099999999998 
0.00000000099999999996 0.00000000099999999996 0.99999999699999997382 0.00000000099999999996 
0.00000001549705920812 0.00000000099999999998 0.99999998250294086510 0.00000000099999999998 
0.00000000099999999988 0.00000000099999999988 0.00000000099999999988 0.99999999700000008485 
0.00000000099999999985 0.99999999699999997382 0.00000000099999999985 0.00000000099999999985 
0.04631069476089358372 0.03979573215652933149 0.91389357208257693266 0.00000000100000000000 
0.98281482038919243394 0.00000000099999999998 0.01718517761080767120 0.00000000099999999998 
0.96330393034675265707 0.00460419129153737117 0.03209187594043284159 0.00000000242127721972 
0.00000000099999999999 0.00395524825267865379 0.99604474974732126746 0.00000000099999999999 
0.97715861262916159369 0.00000000099999999999 0.02284138537083833798 0.00000000099999999999 
0.98155492749563433286 0.01524279641189640704 0.00320227509246937252 0.00000000099999999998 
0.99386713879947485850 0.00613285920052506275 0.00000000099999999999 0.00000000099999999999 
0.00000000099999999984 0.00000000099999999984 0.00000000099999999984 0.99999999699999997382 
0.00000000099999999985 0.00000000099999999985 0.00000000099999999985 0.99999999700000008485 
0.00000000099999999982 0.00000000099999999982 0.00000000099999999982 0.99999999700000008485 
0.00000000099999999983 0.00000000099999999983 0.00000000099999999983 0.99999999700000008485 
0.00000000099999999983 0.00000000099999999983 0.00000000099999999983 0.99999999699999997382 
0.00000000099999999998 0.00000000099999999998 0.99999999699999997382 0.00000000099999999998 
0.97960849075453304557 0.01466409326899462476 0.00572741497647221483 0.00000000100000000000 
0.00000000099999999983 0.00000000099999999983 0.00000000099999999983 0.99999999700000008485 
0.00000000099999999985 0.00000000099999999985 0.00000000099999999985 0.99999999699999997382 
0.00000000099999999985 0.99999999700000008485 0.00000000099999999985 0.00000000099999999985 
0.00000000099999999985 0.99999999700000008485 0.00000000099999999985 0.00000000099999999985 
0.99998603074374803334 0.00000000099999999999 0.00001396725625199022 0.00000000099999999999 
0.00000000099999999984 0.00000000099999999984 0.00000000099999999984 0.99999999699999997382 
0.97951428459218503608 0.00000000112760296683 0.02041929500320556479 0.00006641927700639464 
0.99759544195895666352 0.00240455604104327985 0.00000000099999999999 0.00000000099999999999 
0.03847471757336868442 0.00000000099999999998 0.96152528042663121255 0.00000000099999999998 
0.98463035806113730075 0.00005507433996422726 0.01531456659889843600 0.00000000099999999999 
0.00000000099999999995 0.00000000099999999995 0.99999999699999986280 0.00000000099999999995 
0.96491791197264231705 0.00888980931744389781 0.02619227770991375617 0.00000000099999999999 
0.00000000099999999995 0.00000000099999999995 0.99999999699999986280 0.00000000099999999995 
0.96300983073844836913 0.02050723316554947662 0.01648293509600209233 0.00000000100000000000 
0.98373600759024759643 0.01617114295988652389 0.00009284844986585239 0.00000000100000000000 
0.00000000099999999986 0.00000000099999999986 0.00000000099999999986 0.99999999700000008485 
0.00000000099999999996 0.00000000099999999996 0.99999999699999997382 0.00000000099999999996 
0.00000000099999999983 0.00000000099999999983 0.00000000099999999983 0.99999999699999997382 
0.00000000099999999983 0.00000000099999999983 0.00000000099999999983 0.99999999700000008485 
0.98567494476739125897 0.00128297403038085634 0.01304208020222779284 0.00000000100000000000 
0.96729228652379739550 0.00057674943589357567 0.03213096304030903932 0.00000000099999999999 
0.98842583354204249790 0.00000000099999999998 0.01157416445795741468 0.00000000099999999998 
0.98861509870813335521 0.00623761209839310618 0.00514728819347356949 0.00000000099999999999 
0.97365617386500136199 0.01582187466016756264 0.01052195047483100131 0.00000000099999999999 
0.96707348197867992745 0.01063469966967544623 0.02229181735164452796 0.00000000099999999999 
0.99999992247622249142 0.00000007552377756561 0.00000000099999999999 0.00000000099999999999 
0.00215663196484920227 0.00000000099999999998 0.99784336603515078057 0.00000000099999999998 
0.99984729812393169368 0.00015007118551091259 0.00000262969055750348 0.00000000099999999999 
0.00000000099999999983 0.00000000099999999983 0.00000000099999999983 0.99999999699999997382 
0.99395825147997474147 0.00336762761397760161 0.00267411990604768043 0.00000000100000000000 
0.00000000099999999994 0.00000000099999999994 0.00000000099999999994 0.99999999700000008485 
0.00000000099999999985 0.00000000099999999985 0.00000000099999999985 0.99999999699999997382 
0.97185094691490758745 0.00002004689362810248 0.02812900519146434991 0.00000000099999999999 
0.98733434790131491265 0.01266565009868515605 0.00000000099999999999 0.00000000099999999999 
0.97563332832965132813 0.00000000100000000000 0.02436211228913932880 0.00000455838120939150 
0.00000000099999999987 0.00000000099999999987 0.00000000099999999987 0.99999999699999997382 
0.00000000099999999996 0.00000000099999999996 0.99999999699999986280 0.00000000099999999996 
0.00000000099999999996 0.00000000099999999996 0.99999999699999997382 0.00000000099999999996 
0.00000000099999999985 0.00000000099999999985 0.00000000099999999985 0.99999999700000008485 
0.97882345554041372271 0.01014047949501297938 0.01103606396457322732 0.00000000100000000000 
0.93994112595382472986 0.01606197511979553377 0.04399689792637970914 0.00000000100000000000 
0.00000000099999999986 0.00000000099999999986 0.00000000099999999986 0.99999999700000008485 
0.97979353846125294414 0.01084354133495634386 0.00936291920379070559 0.00000000099999999999 
0.00000000099999999995 0.00000000099999999995 0.99999999699999986280 0.00000000099999999995 
0.54457238082637660082 0.11194129028154638228 0.23673666593372497124 0.10674966295835215668 
0.96340231249112462386 0.00000000100000000000 0.03200855188155082159 0.00458913462732470859 
0.94599012049509345612 0.01600716626186174038 0.03800271224304484913 0.00000000099999999999 
0.97853857585335113356 0.01842671586075170925 0.00303470728589722103 0.00000000099999999999 
0.98507229501518767112 0.01471748221549795156 0.00021022176931442794 0.00000000099999999999 
0.99396602033977932145 0.00603397766022068655 0.00000000099999999999 0.00000000099999999999 
0.98886149942543977165 0.00000000099999999999 0.01113849857456013573 0.00000000099999999999 
0.97310087127751210279 0.01649144627093131893 0.01040768145155655799 0.00000000099999999999 
0.95674761441152644803 0.00823982862699031843 0.02668630791786745504 0.00832624904361577850 
0.00000000099999999997 0.00000000099999999997 0.99999999699999986280 0.00000000099999999997 
0.96679542487552672103 0.01042421252047080749 0.02278036160400236099 0.00000000099999999999 
0.98981423915888422371 0.01018575884111571142 0.00000000099999999999 0.00000000099999999999 
0.94482094519184911530 0.00556849015523415945 0.04961056365291673098 0.00000000100000000000 
0.97865957723997998308 0.00000000099999999999 0.02134042076002016716 0.00000000099999999999 
0.95478143219081768045 0.00554521696820247170 0.03723336042494058279 0.00243999041603920738 
0.99944110131142416265 0.00055845448074350588 0.00000044320783240511 0.00000000099999999999 
0.97887159052156857975 0.00226192128897277330 0.01886648718945869649 0.00000000100000000000 
0.00202527184173859672 0.00000000099999999998 0.99797472615826143816 0.00000000099999999998 
0.95538479524764852169 0.02087742244449325088 0.02373778130785827306 0.00000000099999999999 
0.97630879394168701424 0.01365367126134056121 0.01003753379697243028 0.00000000099999999999 
0.97417420426917100684 0.00022401008219769726 0.01450316288846302364 0.01109862276016821379 
0.00000004681470361479 0.00000000099999999998 0.99999995118529638738 0.00000000099999999998 
0.95114728477289145481 0.00000006444397066936 0.02957841291744104165 0.01927423786569672573 
0.97429428472319623555 0.01255876198481830491 0.01314695229198539934 0.00000000100000000000 
0.50618433696682252343 0.01192700470843788621 0.48188865732473951109 0.00000000099999999999 
0.96968530333983160574 0.00000000099999999998 0.03031469466016840225 0.00000000099999999998 
0.00000000099999999986 0.00000000099999999986 0.00000000099999999986 0.99999999700000008485 
0.95921572479930605759 0.01979026195252708842 0.02099401224816695166 0.00000000099999999999 
0.96256527636936406456 0.00787456106160999876 0.02956016156902597364 0.00000000100000000000 
