0.00000000099999999998 0.01698987818240004291 0.00000000099999999998 0.00000000099999999998 0.00000000099999999998 0.37422776515014766208 0.00000000099999999998 0.60878235066745223225 0.00000000099999999998 
0.00000000099999999992 0.00000000099999999992 0.99999999200000000421 0.00000000099999999992 0.00000000099999999992 0.00000000099999999992 0.00000000099999999992 0.00000000099999999992 0.00000000099999999992 
0.00000000099999999992 0.00000000099999999992 0.99999999200000011523 0.00000000099999999992 0.00000000099999999992 0.00000000099999999992 0.00000000099999999992 0.00000000099999999992 0.00000000099999999992 
0.00000000099999999998 0.00000000262429636283 0.03989818752008119501 0.00000000099999999998 0.00004933719263120896 0.00000000579736630990 0.00006735935603036795 0.51576928559445855971 0.44421581991513592325 
0.00000000099999999996 0.00000000099999999996 0.00000000099999999996 0.00000000099999999996 0.11524650800936042661 0.00000000099999999996 0.00000000099999999996 0.88475348499063954932 0.00000000099999999996 
0.00000000099999999996 0.00000000099999999996 0.00000000099999999996 0.00000000099999999996 0.00000000099999999996 0.39578281865784964433 0.00000000099999999996 0.60421717434215027609 0.00000000099999999996 
0.00000000099999999994 0.00000000099999999994 0.99999999200000000421 0.00000000099999999994 0.00000000099999999994 0.00000000099999999994 0.00000000099999999994 0.00000000099999999994 0.00000000099999999994 
0.00000000099999999990 0.00000000099999999990 0.99999999200000000421 0.00000000099999999990 0.00000000099999999990 0.00000000099999999990 0.00000000099999999990 0.00000000099999999990 0.00000000099999999990 
0.00000000099999999995 0.00000000099999999995 0.00000000099999999995 0.00000000099999999995 0.14691057281439756643 0.00000000099999999995 0.00000000099999999995 0.00000000099999999995 0.85308942018560240950 
0.00000000099999999993 0.00000000099999999993 0.99999999200000000421 0.00000000099999999993 0.00000000099999999993 0.00000000099999999993 0.00000000099999999993 0.00000000099999999993 0.00000000099999999993 
0.00000000099999999999 0.00630525845989042630 0.00017821240551894603 0.00000000099999999999 0.05030795523993580182 0.00000000099999999999 0.32195154242053186655 0.33472750020403985172 0.28652952827008332237 
0.00000000099999999997 0.00065964844864658775 0.00639180009670496218 0.00000000099999999997 0.06905851498512170783 0.16137220972059490576 0.18569213161973824322 0.41713368396224170809 0.15969200916695180936 
0.00000000099999999998 0.00000000099999999998 0.00000000099999999998 0.00000000099999999998 0.00131289870514127507 0.00000000099999999998 0.61568122631331256844 0.38300586898154609372 0.00000000099999999998 
0.00000000099999999999 0.01376589157974325572 0.00000000115155254741 0.00000000099999999999 0.03407113940979974998 0.24850738299627880834 0.14727445943780173576 0.39170262930744287333 0.16467849411738100240 
0.00000000099999999994 0.00000000099999999994 0.00000000099999999994 0.00000000099999999994 0.00000000099999999994 0.00000000099999999994 0.00000000099999999994 0.99999999199999989319 0.00000000099999999994 
0.00000000099999999998 0.02510313303347450758 0.04530559571959785065 0.00000000099999999998 0.09606929682424815431 0.18328484630009472811 0.11006778272017134213 0.32569532805524936681 0.21447401534716387106 
0.00000000099999999997 0.00000000099999999997 0.00000000099999999997 0.00000000099999999997 0.00000002599280651331 0.00000000099999999997 0.00000000099999999997 0.43891321446112147031 0.56108675354607207009 
0.00000000099999999976 0.00000000099999999976 0.00000000099999999976 0.00000000099999999976 0.99999999200000011523 0.00000000099999999976 0.00000000099999999976 0.00000000099999999976 0.00000000099999999976 
0.00000000100101526596 0.00377197429988289498 0.00000000100000000000 0.00000000100000000000 0.02667176360262138793 0.24870126983367563112 0.08388440975027672275 0.40094481298022327520 0.23602576653230464276 
0.00000000099999999995 0.00000000099999999995 0.00000000099999999995 0.00000000099999999995 0.00000000099999999995 0.20711258631832174526 0.00000000099999999995 0.48373196384743638587 0.30915544383424192754 
0.00000000099999999997 0.00000000099999999997 0.00000000099999999997 0.00000000099999999997 0.00000000099999999997 0.26767853491245152675 0.53378074135627195940 0.19853967068370206861 0.00000104804757440859 
0.00000000099999999995 0.00000000099999999995 0.98178859880304625296 0.00000000099999999995 0.00000000099999999995 0.01821139419695366399 0.00000000099999999995 0.00000000099999999995 0.00000000099999999995 
0.00000000099999999990 0.00000000099999999990 0.00000000099999999990 0.00000000099999999990 0.00000000099999999990 0.00000000099999999990 0.00000000099999999990 0.00000000099999999990 0.99999999200000000421 
0.00000000099999999950 0.00000000099999999950 0.00000000099999999950 0.00000000099999999950 0.99999999200000000421 0.00000000099999999950 0.00000000099999999950 0.00000000099999999950 0.00000000099999999950 
0.00000000099999999996 0.00000000099999999996 0.02345019481540707232 0.00000000099999999996 0.00000000099999999996 0.00000031581911258407 0.61711426711810080104 0.35937049678120591700 0.00006472146617376469 
0.00000000099999999993 0.00000000099999999993 0.00000000099999999993 0.00000000099999999993 0.00000000099999999993 0.00000000099999999993 0.00000000099999999993 0.99999999199999989319 0.00000000099999999993 
0.00000000099999999966 0.99999999200000022626 0.00000000099999999966 0.00000000099999999966 0.00000000099999999966 0.00000000099999999966 0.00000000099999999966 0.00000000099999999966 0.00000000099999999966 
0.00000000099999999963 0.99999999200000011523 0.00000000099999999963 0.00000000099999999963 0.00000000099999999963 0.00000000099999999963 0.00000000099999999963 0.00000000099999999963 0.00000000099999999963 
0.00000000099999999998 0.00000000099999999998 0.00000000099999999998 0.00000000099999999998 0.03918860875685690331 0.23300272585062345443 0.46372565555558009631 0.00000000099999999998 0.26408300483693958327 
0.00000000099999999997 0.00517413045787924308 0.00000000099999999997 0.00000000099999999997 0.04567431642979742634 0.09399360806469839180 0.13041410492777733010 0.44783577014707098840 0.27690806697277664528 
0.00000000099999999997 0.00000000099999999997 0.00937495190149555992 0.00000000099999999997 0.01758477218794161218 0.39603248796274292953 0.24951788325549334457 0.15248998972414767872 0.17499991196817893391 
0.00000000099999999982 0.00000000099999999982 0.77793421128106243767 0.00000000099999999982 0.22206578171893762153 0.00000000099999999982 0.00000000099999999982 0.00000000099999999982 0.00000000099999999982 
0.00000000099999999968 0.35905453620399652159 0.00000000099999999968 0.00000000099999999968 0.64094545679600345434 0.00000000099999999968 0.00000000099999999968 0.00000000099999999968 0.00000000099999999968 
0.00000000099999999997 0.00000000099999999997 0.00000000099999999997 0.00000000099999999997 0.00000032587784465720 0.29582225657796623608 0.00003928119881279418 0.30065628802837346401 0.40348184431700273578 
0.99999999200000022626 0.00000000099999999950 0.00000000099999999950 0.00000000099999999950 0.00000000099999999950 0.00000000099999999950 0.00000000099999999950 0.00000000099999999950 0.00000000099999999950 
0.00000000099999999947 0.00000000099999999947 0.00000000099999999947 0.99999999200000000421 0.00000000099999999947 0.00000000099999999947 0.00000000099999999947 0.00000000099999999947 0.00000000099999999947 
0.56881827783918581520 0.00000000099999999954 0.00000000099999999954 0.43118171516081427175 0.00000000099999999954 0.00000000099999999954 0.00000000099999999954 0.00000000099999999954 0.00000000099999999954 
0.00000000099999999968 0.99999999200000022626 0.00000000099999999968 0.00000000099999999968 0.00000000099999999968 0.00000000099999999968 0.00000000099999999968 0.00000000099999999968 0.00000000099999999968 
0.00000000099999999963 0.99999999200000011523 0.00000000099999999963 0.00000000099999999963 0.00000000099999999963 0.00000000099999999963 0.00000000099999999963 0.00000000099999999963 0.00000000099999999963 
0.00000000099999999991 0.00000000099999999991 0.00000000099999999991 0.00000000099999999991 0.00000000099999999991 0.00000000099999999991 0.99999999199999989319 0.00000000099999999991 0.00000000099999999991 
0.00000000099999999995 0.00000000099999999995 0.99999999200000000421 0.00000000099999999995 0.00000000099999999995 0.00000000099999999995 0.00000000099999999995 0.00000000099999999995 0.00000000099999999995 
0.00000000099999999965 0.99999999200000022626 0.00000000099999999965 0.00000000099999999965 0.00000000099999999965 0.00000000099999999965 0.00000000099999999965 0.00000000099999999965 0.00000000099999999965 
0.00000000099999999991 0.00000000099999999991 0.00000000099999999991 0.00000000099999999991 0.00000000099999999991 0.00000000099999999991 0.00000000099999999991 0.00000000099999999991 0.99999999199999989319 
0.00000000099999999991 0.00000000099999999991 0.99999999200000011523 0.00000000099999999991 0.00000000099999999991 0.00000000099999999991 0.00000000099999999991 0.00000000099999999991 0.00000000099999999991 
0.00000000099999999969 0.99999999200000022626 0.00000000099999999969 0.00000000099999999969 0.00000000099999999969 0.00000000099999999969 0.00000000099999999969 0.00000000099999999969 0.00000000099999999969 
0.00000000099999999991 0.00000000099999999991 0.00000000099999999991 0.00000000099999999991 0.00000000099999999991 0.00000000099999999991 0.00000000099999999991 0.00000000099999999991 0.99999999199999989319 
0.00000000099999999964 0.99999999200000022626 0.00000000099999999964 0.00000000099999999964 0.00000000099999999964 0.00000000099999999964 0.00000000099999999964 0.00000000099999999964 0.00000000099999999964 
0.00000000099999999993 0.00000000099999999993 0.99999999200000011523 0.00000000099999999993 0.00000000099999999993 0.00000000099999999993 0.00000000099999999993 0.00000000099999999993 0.00000000099999999993 
0.00000000099999999988 0.00000000099999999988 0.99999999200000011523 0.00000000099999999988 0.00000000099999999988 0.00000000099999999988 0.00000000099999999988 0.00000000099999999988 0.00000000099999999988 
0.00000000099999999960 0.99999999200000022626 0.00000000099999999960 0.00000000099999999960 0.00000000099999999960 0.00000000099999999960 0.00000000099999999960 0.00000000099999999960 0.00000000099999999960 
0.00000000099999999964 0.99999999200000022626 0.00000000099999999964 0.00000000099999999964 0.00000000099999999964 0.00000000099999999964 0.00000000099999999964 0.00000000099999999964 0.00000000099999999964 
0.00000000099999999993 0.00000000099999999993 0.99999999200000011523 0.00000000099999999993 0.00000000099999999993 0.00000000099999999993 0.00000000099999999993 0.00000000099999999993 0.00000000099999999993 
0.00000000099999999993 0.00000000099999999993 0.99999999200000000421 0.00000000099999999993 0.00000000099999999993 0.00000000099999999993 0.00000000099999999993 0.00000000099999999993 0.00000000099999999993 
0.00000000099999999995 0.00000000099999999995 0.99999999200000011523 0.00000000099999999995 0.00000000099999999995 0.00000000099999999995 0.00000000099999999995 0.00000000099999999995 0.00000000099999999995 
0.00000000099999999969 0.99999999200000011523 0.00000000099999999969 0.00000000099999999969 0.00000000099999999969 0.00000000099999999969 0.00000000099999999969 0.00000000099999999969 0.00000000099999999969 
0.00000000099999999999 0.01038088972024535372 0.03402423339954200460 0.00000000099999999999 0.02899005066733570044 0.20411196969355474562 0.04896011870856749326 0.28820634942905548614 0.38532638638169908196 
0.00000000099999999999 0.02303671278222418559 0.00000000099999999999 0.00000000099999999999 0.00000000099999999999 0.22126373618134798082 0.21603156495090022893 0.27235284682289373492 0.26731513526263389613 
0.00000000099999999990 0.00000000099999999990 0.00000000099999999990 0.00000000099999999990 0.00000000099999999990 0.00000000099999999990 0.00000000099999999990 0.99999999200000000421 0.00000000099999999990 
0.00000000099999999998 0.00000000099999999998 0.00675055504005677483 0.00000000099999999998 0.00000000099999999998 0.14442580066512961112 0.35085574962759424889 0.20886717376879967989 0.28910071689841965181 
0.00000000099999999993 0.00000000099999999993 0.99999999200000011523 0.00000000099999999993 0.00000000099999999993 0.00000000099999999993 0.00000000099999999993 0.00000000099999999993 0.00000000099999999993 
0.00000000099999999999 0.00036002369659698664 0.00000000099999999999 0.00000000099999999999 0.01798944946778379891 0.16406420241819547057 0.00000000099999999999 0.39899143697537703401 0.41859488344204670573 
0.59176729872226352391 0.00000000099999999960 0.00000000099999999960 0.40823269427773656304 0.00000000099999999960 0.00000000099999999960 0.00000000099999999960 0.00000000099999999960 0.00000000099999999960 
0.00000000099999999988 0.00000000099999999988 0.00000000099999999988 0.00000000099999999988 0.00000000099999999988 0.00000000099999999988 0.00000000099999999988 0.00000000099999999988 0.99999999200000000421 
0.99999999200000022626 0.00000000099999999949 0.00000000099999999949 0.00000000099999999949 0.00000000099999999949 0.00000000099999999949 0.00000000099999999949 0.00000000099999999949 0.00000000099999999949 
0.00000000099999999998 0.00000000099999999998 0.01675889503255927060 0.00000000099999999998 0.11133927564815114530 0.04495131387472499351 0.24432777362703086976 0.23505919193115598631 0.34756354688637769446 
0.00000000099999999955 0.00000000099999999955 0.00000000099999999955 0.99999999200000011523 0.00000000099999999955 0.00000000099999999955 0.00000000099999999955 0.00000000099999999955 0.00000000099999999955 
0.00000000099999999985 0.00000000099999999985 0.00000000099999999985 0.00000000099999999985 0.00000000099999999985 0.99999999200000011523 0.00000000099999999985 0.00000000099999999985 0.00000000099999999985 
0.00000000099999999993 0.00000000099999999993 0.00000000099999999993 0.00000000099999999993 0.00000000099999999993 0.00000000099999999993 0.00000000099999999993 0.99999999199999989319 0.00000000099999999993 
0.00000000099999999990 0.00000000099999999990 0.99999999200000011523 0.00000000099999999990 0.00000000099999999990 0.00000000099999999990 0.00000000099999999990 0.00000000099999999990 0.00000000099999999990 
0.00000000099999999994 0.00000000099999999994 0.00000000099999999994 0.00000000099999999994 0.00000000099999999994 0.31734665980608911529 0.00000000099999999994 0.68265290568672942761 0.00000042850718141387 
0.28163914028077619012 0.00000000099999999961 0.00000000099999999961 0.71836085271922389683 0.00000000099999999961 0.00000000099999999961 0.00000000099999999961 0.00000000099999999961 0.00000000099999999961 
0.99999999200000022626 0.00000000099999999954 0.00000000099999999954 0.00000000099999999954 0.00000000099999999954 0.00000000099999999954 0.00000000099999999954 0.00000000099999999954 0.00000000099999999954 
0.00000000099999999997 0.00710555585267006080 0.07110018509138615883 0.00000000099999999997 0.00000000099999999997 0.21870233412123404881 0.61109292239846746408 0.00000000099999999997 0.09199899853624229906 
0.00000000099999999992 0.00000000099999999992 0.99999999200000000421 0.00000000099999999992 0.00000000099999999992 0.00000000099999999992 0.00000000099999999992 0.00000000099999999992 0.00000000099999999992 
0.00000000099999999970 0.99999999200000011523 0.00000000099999999970 0.00000000099999999970 0.00000000099999999970 0.00000000099999999970 0.00000000099999999970 0.00000000099999999970 0.00000000099999999970 
0.00000000099999999992 0.00000000099999999992 0.99999999200000011523 0.00000000099999999992 0.00000000099999999992 0.00000000099999999992 0.00000000099999999992 0.00000000099999999992 0.00000000099999999992 
0.00000000099999999999 0.00000000099999999999 0.02485054343795205581 0.00000000099999999999 0.01497180592089430648 0.38237774280423941775 0.06946080798251405564 0.29814849291442174772 0.21019060393997843206 
0.99999999200000022626 0.00000000099999999947 0.00000000099999999947 0.00000000099999999947 0.00000000099999999947 0.00000000099999999947 0.00000000099999999947 0.00000000099999999947 0.00000000099999999947 
0.00000000099999999957 0.99999999200000011523 0.00000000099999999957 0.00000000099999999957 0.00000000099999999957 0.00000000099999999957 0.00000000099999999957 0.00000000099999999957 0.00000000099999999957 
0.00000000099999999959 0.00000000099999999959 0.00000000099999999959 0.99999999200000000421 0.00000000099999999959 0.00000000099999999959 0.00000000099999999959 0.00000000099999999959 0.00000000099999999959 
0.00000000099999999993 0.00000000099999999993 0.00000000099999999993 0.00000000099999999993 0.00000000099999999993 0.00000000099999999993 0.99999999200000000421 0.00000000099999999993 0.00000000099999999993 
0.00000000099999999988 0.00000000099999999988 0.99999999200000011523 0.00000000099999999988 0.00000000099999999988 0.00000000099999999988 0.00000000099999999988 0.00000000099999999988 0.00000000099999999988 
0.00000000099999999991 0.00000000099999999991 0.99999999200000000421 0.00000000099999999991 0.00000000099999999991 0.00000000099999999991 0.00000000099999999991 0.00000000099999999991 0.00000000099999999991 
0.00000000099999999995 0.00000000099999999995 0.22844740412700681453 0.00000000099999999995 0.00000000099999999995 0.00000000099999999995 0.00000000099999999995 0.00000000099999999995 0.77155258887299316140 
0.00000000099999999999 0.01918906978502859031 0.00000001805298053414 0.00000000099999999999 0.03316842320073960099 0.19134503177668080176 0.14736938548739711430 0.47218701969293208620 0.13674105000424116585 
0.00000000099999999992 0.00000000099999999992 0.00000000099999999992 0.00000000099999999992 0.00000000099999999992 0.00000000099999999992 0.99999999200000000421 0.00000000099999999992 0.00000000099999999992 
0.00000000099999999997 0.00000000099999999997 0.00825769857051740150 0.00000000099999999997 0.02052933511164847097 0.35208022726199689201 0.40355826252844917423 0.21489390610170283624 0.00068056742568525005 
0.00000000099999999997 0.00000000099999999997 0.00000000099999999997 0.00000000099999999997 0.06064714481238948907 0.00000000099999999997 0.54855219340442085141 0.00000000099999999997 0.39080065578318978758 
0.00000000099999999996 0.00000000099999999996 0.00000000099999999996 0.00000000099999999996 0.03899829290556015154 0.26394165506686412259 0.19009620165889448695 0.31183561913736784765 0.19512822723131326152 
0.00000000099999999996 0.00000000099999999996 0.00146295014269360560 0.00000000099999999996 0.04455083841674866568 0.22829896141635111495 0.33941265097794726113 0.12361560762802872859 0.26265898841823059895 
0.00000000099999999997 0.00000000099999999997 0.00000004544198906595 0.00000000099999999997 0.00000000099999999997 0.26685196201663202720 0.50023985963158079660 0.00000000099999999997 0.23290812790979831259 
0.00000000099999999998 0.00000000099999999998 0.02242072053688912506 0.00000000099999999998 0.00000000099999999998 0.00000000099999999998 0.49035660460721253173 0.15143673571438021064 0.33578593414151819418 
0.00000000099999999993 0.00000000099999999993 0.99999999200000011523 0.00000000099999999993 0.00000000099999999993 0.00000000099999999993 0.00000000099999999993 0.00000000099999999993 0.00000000099999999993 
0.00000000099999999996 0.00000000099999999996 0.97040517918346913540 0.00000000099999999996 0.00000000099999999996 0.00000000099999999996 0.02959481381653089258 0.00000000099999999996 0.00000000099999999996 
0.00000000099999999969 0.00000000099999999969 0.00000000099999999969 0.99999999200000011523 0.00000000099999999969 0.00000000099999999969 0.00000000099999999969 0.00000000099999999969 0.00000000099999999969 
0.00000000099999999995 0.00000000099999999995 0.99999999200000000421 0.00000000099999999995 0.00000000099999999995 0.00000000099999999995 0.00000000099999999995 0.00000000099999999995 0.00000000099999999995 
0.00000000099999999996 0.00000000099999999996 0.99415772203574959143 0.00000000099999999996 0.00000000099999999996 0.00000002374646841860 0.00584224821778210439 0.00000000099999999996 0.00000000099999999996 
0.00000000099999999998 0.00229338203342239208 0.00681478650727354498 0.00000000099999999998 0.00000000099999999998 0.39688784039432750683 0.27132958626321307394 0.26723594124172278530 0.05543846056004077261 
0.99999999200000022626 0.00000000099999999945 0.00000000099999999945 0.00000000099999999945 0.00000000099999999945 0.00000000099999999945 0.00000000099999999945 0.00000000099999999945 0.00000000099999999945 
0.00000000099999999998 0.00000000099999999998 0.00000000099999999998 0.00000000099999999998 0.00000000099999999998 0.26676887006275357139 0.53539395902895303703 0.00000000099999999998 0.19783716490829333923 
0.00000000099999999998 0.00000000099999999998 0.00000036719401571938 0.00000000099999999998 0.04757029386941542815 0.34226262895674153253 0.44704901780003636347 0.00281638578432203595 0.16030130339546899698 
0.00000000099999999993 0.00000000099999999993 0.00000000099999999993 0.00000000099999999993 0.00000000099999999993 0.00000000099999999993 0.00000000099999999993 0.99999999199999989319 0.00000000099999999993 
0.00000000099999999999 0.00000000099999999999 0.01575243125137358244 0.00000000099999999999 0.00000000099999999999 0.19236734953742265497 0.39325225401352215115 0.39862796019768159672 0.00000000099999999999 
0.00000000099999999992 0.00000000099999999992 0.00000000099999999992 0.00000000099999999992 0.00000000099999999992 0.00000000099999999992 0.99999999199999989319 0.00000000099999999992 0.00000000099999999992 
0.00000000099999999999 0.00000000099999999999 0.03010528985247620110 0.00000000099999999999 0.03668692042311619272 0.12024432344304394893 0.31419667894869418578 0.22779642987606615878 0.27097035445660333508 
0.00000000099999999994 0.00000000099999999994 0.00000000099999999994 0.00000000099999999994 0.00000000099999999994 0.00000000099999999994 0.00000000099999999994 0.99999999200000000421 0.00000000099999999994 
0.00000000099999999991 0.00000000099999999991 0.00000000099999999991 0.00000000099999999991 0.00000000099999999991 0.00000000099999999991 0.00000000099999999991 0.00000000099999999991 0.99999999200000000421 
0.00000000099999999999 0.02625030534350662748 0.00131447678564387111 0.00000000099999999999 0.00000000099999999999 0.08060358592683024292 0.00000000099999999999 0.53671983401359502075 0.35511179393042419106 
0.00000000099999999998 0.00000000099999999998 0.00000000099999999998 0.00000000099999999998 0.09446856594124466988 0.33060515025224063157 0.43216183530476609542 0.00000001949634929602 0.14276442500539926472 
0.00000000099999999996 0.00000000099999999996 0.00000000099999999996 0.00000000099999999996 0.00000000099999999996 0.34290478644688343612 0.00000000099999999996 0.31362787836732175517 0.34346732918579458982 
0.00000000099999999999 0.02338554443300092101 0.01375523765433780965 0.00000000099999999999 0.02479441244593257737 0.19047709458050232634 0.33128578951926318519 0.41630191836696306407 0.00000000099999999999 
0.00000000099999999997 0.00769725383249714960 0.00000000099999999997 0.00000000099999999997 0.00000000099999999997 0.18703153422963680885 0.42032244086754394496 0.20697138571871898094 0.17797738135160320883 
0.00000000099999999997 0.00000000099999999997 0.00000000099999999997 0.00000000099999999997 0.00000000099999999997 0.00000000099999999997 0.51354124451548888164 0.48645874848451087225 0.00000000099999999997 
0.00000000099999999998 0.00000000099999999998 0.00000000099999999998 0.00000000099999999998 0.01418799475794342915 0.28912330939585823009 0.31773230021655907152 0.17937937900972636407 0.19957701261991295238 
0.00000000099999999997 0.00000000099999999997 0.01453954593697973606 0.00000000099999999997 0.10098537016356545770 0.00000000099999999997 0.34034197604458138464 0.28186436090785998987 0.26226874294701330026 
0.00000000099999999989 0.00000000099999999989 0.00000000099999999989 0.00000000099999999989 0.00000000099999999989 0.99999999200000000421 0.00000000099999999989 0.00000000099999999989 0.00000000099999999989 
0.00000000099999999998 0.00000000099999999998 0.02901459391204359861 0.00000000099999999998 0.05935953532218614381 0.21193943355679464857 0.04146471773706098679 0.47020818560075322567 0.18801353087116126628 
0.00000000099999999998 0.00000000099999999998 0.00000000099999999998 0.00000000099999999998 0.00000000099999999998 0.12415262407115452981 0.26437480706612226378 0.45687340033845030840 0.15459916352427274799 
0.00000000099999999997 0.00000000099999999997 0.01891898286015078479 0.00000000099999999997 0.00190567078640270352 0.12305027415931021895 0.31023103817187280828 0.26012650960635097519 0.28576752141591255096 
0.00000000100000000000 0.00235212133211002133 0.00000000100000000000 0.07252720991446538756 0.10505235944452018249 0.00000000114568757876 0.41792187609850650620 0.40214642906471020911 0.00000000100000000000 
0.00000000099999999996 0.00000000099999999996 0.00000000099999999996 0.00000000099999999996 0.00000000099999999996 0.19760580934961963218 0.23416243886439425115 0.41027416100903235652 0.15795758577695376279 
0.00000000099999999992 0.00000000099999999992 0.00000000099999999992 0.00000000099999999992 0.10562730024303081111 0.00000000099999999992 0.89437269275696917870 0.00000000099999999992 0.00000000099999999992 
0.00000000099999999993 0.00000000099999999993 0.00000000099999999993 0.00000000099999999993 0.12092955508670100162 0.00000000099999999993 0.87907043791329897431 0.00000000099999999993 0.00000000099999999993 
0.00000000099999999998 0.01139036254852990315 0.00000000099999999998 0.00000000099999999998 0.05151033542118008818 0.17522377437387967603 0.43685939042319221759 0.23745122865635329146 0.08756490557686483212 
0.00000000099999999997 0.00000000099999999997 0.00000861291108986050 0.00000000099999999997 0.04696380249749867314 0.17904998113048212205 0.32039023303532632170 0.14308349914418966309 0.31050386828141329776 
0.00000000099999999997 0.00000000099999999997 0.00000000099999999997 0.00000000099999999997 0.14793700493058570267 0.00000000099999999997 0.85206298511742106783 0.00000000395199318865 0.00000000099999999997 
0.00000000099999999997 0.00000000099999999997 0.00000000099999999997 0.00000000099999999997 0.01220588184714048105 0.17930218782581602843 0.27579321306546922266 0.00000000099999999997 0.53269871226157428090 
0.00000000099999999996 0.00000000099999999996 0.00000000099999999996 0.00000000099999999996 0.00059647490308524466 0.23522540957101098491 0.00000000099999999996 0.50322765514060241454 0.26095045538530137197 
0.00000000099999999996 0.00000000099999999996 0.02539699962507105738 0.00000000099999999996 0.00000000099999999996 0.16926202010706498102 0.25916794350610017350 0.21490559733337610826 0.33126743542838776868 
0.00000000099999999991 0.00000000099999999991 0.99999999200000000421 0.00000000099999999991 0.00000000099999999991 0.00000000099999999991 0.00000000099999999991 0.00000000099999999991 0.00000000099999999991 
0.00000000099999999996 0.00000000099999999996 0.99999977083927382715 0.00000000099999999996 0.00000000099999999996 0.00000016858716805044 0.00000005457355816781 0.00000000099999999996 0.00000000099999999996 
0.00000000099999999959 0.00000000099999999959 0.00000000099999999959 0.99999999200000000421 0.00000000099999999959 0.00000000099999999959 0.00000000099999999959 0.00000000099999999959 0.00000000099999999959 
0.00000000099999999959 0.99999999200000011523 0.00000000099999999959 0.00000000099999999959 0.00000000099999999959 0.00000000099999999959 0.00000000099999999959 0.00000000099999999959 0.00000000099999999959 
0.00000000099999999998 0.03511004954169468645 0.88618847384675603074 0.00000000099999999998 0.07870147061154926516 0.00000000099999999998 0.00000000099999999998 0.00000000099999999998 0.00000000099999999998 
0.00000000099999999996 0.00000000099999999996 0.00000000099999999996 0.00000000099999999996 0.00000000099999999996 0.46341633999292880519 0.00094297351990434250 0.29233490790148386473 0.24330577358568300506 
0.00000000099999999996 0.00000000099999999996 0.00000000099999999996 0.00000000099999999996 0.00000000099999999996 0.46190852839629359394 0.00000000099999999996 0.00000000099999999996 0.53809146460370627096 
0.00000000099999999997 0.00380973889971722131 0.98809206979328756404 0.00000000099999999997 0.00000000099999999997 0.00809818530699537610 0.00000000099999999997 0.00000000099999999997 0.00000000099999999997 
0.00000000099999999997 0.00000000099999999997 0.00000000195709625599 0.00000000099999999997 0.00000000243761231040 0.42378823244343999388 0.00000000223748795064 0.57621175692436332749 0.00000000099999999997 
0.00000000099999999996 0.00745566444362610187 0.00000000099999999996 0.00000000099999999996 0.00000000099999999996 0.23784292956023553312 0.33259172132795816745 0.42210967966818019326 0.00000000099999999996 
0.00000000099999999990 0.00000000099999999990 0.00000000099999999990 0.00000000099999999990 0.00000000099999999990 0.00000000099999999990 0.00000000099999999990 0.00000000099999999990 0.99999999200000000421 
0.35705187442387631425 0.00000000099999999959 0.00000000099999999959 0.64294811857612366168 0.00000000099999999959 0.00000000099999999959 0.00000000099999999959 0.00000000099999999959 0.00000000099999999959 
0.00000000099999999951 0.00000000099999999951 0.00000000099999999951 0.99999999200000011523 0.00000000099999999951 0.00000000099999999951 0.00000000099999999951 0.00000000099999999951 0.00000000099999999951 
0.99999999200000011523 0.00000000099999999942 0.00000000099999999942 0.00000000099999999942 0.00000000099999999942 0.00000000099999999942 0.00000000099999999942 0.00000000099999999942 0.00000000099999999942 
0.00000000099999999948 0.00000000099999999948 0.00000000099999999948 0.99999999200000000421 0.00000000099999999948 0.00000000099999999948 0.00000000099999999948 0.00000000099999999948 0.00000000099999999948 
0.99999999200000022626 0.00000000099999999946 0.00000000099999999946 0.00000000099999999946 0.00000000099999999946 0.00000000099999999946 0.00000000099999999946 0.00000000099999999946 0.00000000099999999946 
0.00000000099999999996 0.00000000099999999996 0.99999999200000011523 0.00000000099999999996 0.00000000099999999996 0.00000000099999999996 0.00000000099999999996 0.00000000099999999996 0.00000000099999999996 
0.00000000099999999999 0.00892467365047568996 0.00000000099999999999 0.00000000099999999999 0.00557648695622373763 0.00000000099999999999 0.30372152690542636444 0.33900293815262522168 0.34277437033524899013 
0.28348961954529089402 0.00000000099999999955 0.00000000099999999955 0.71651037345470913742 0.00000000099999999955 0.00000000099999999955 0.00000000099999999955 0.00000000099999999955 0.00000000099999999955 
0.99999999200000022626 0.00000000099999999949 0.00000000099999999949 0.00000000099999999949 0.00000000099999999949 0.00000000099999999949 0.00000000099999999949 0.00000000099999999949 0.00000000099999999949 
0.00000000099999999957 0.99999999200000011523 0.00000000099999999957 0.00000000099999999957 0.00000000099999999957 0.00000000099999999957 0.00000000099999999957 0.00000000099999999957 0.00000000099999999957 
0.00000000099999999958 0.99999999200000022626 0.00000000099999999958 0.00000000099999999958 0.00000000099999999958 0.00000000099999999958 0.00000000099999999958 0.00000000099999999958 0.00000000099999999958 
0.00000000099999999997 0.00000000099999999997 0.00000000099999999997 0.00000000099999999997 0.00460260734731888013 0.22837764122856876736 0.00000000099999999997 0.34876425478408179526 0.41825549164003050784 
0.32498213569593181749 0.00000000099999999958 0.00000000099999999958 0.67501785730406826946 0.00000000099999999958 0.00000000099999999958 0.00000000099999999958 0.00000000099999999958 0.00000000099999999958 
0.00000000099999999998 0.00000000099999999998 0.00000000099999999998 0.00000000099999999998 0.00000000099999999998 0.23053427548769550581 0.51567132914040159086 0.25379438937190285097 0.00000000099999999998 
0.00000000099999999996 0.00000000099999999996 0.00000000099999999996 0.00000000099999999996 0.00000000099999999996 0.46986301942489244743 0.00000000099999999996 0.21195060356371109300 0.31818637101139635170 
0.00000000099999999995 0.00000000099999999995 0.93424490495369405529 0.00000000099999999995 0.00000000099999999995 0.00000000099999999995 0.00000000099999999995 0.00000000099999999995 0.06575508804630601778 
0.00000000099999999997 0.00000000099999999997 0.00515111639883354590 0.00000000099999999997 0.00960377921676156335 0.13954056172365519872 0.42489204296561033924 0.20067821775065838863 0.22013427894448089894 
0.00000000099999999988 0.00000000099999999988 0.99999999200000011523 0.00000000099999999988 0.00000000099999999988 0.00000000099999999988 0.00000000099999999988 0.00000000099999999988 0.00000000099999999988 
0.00000000099999999990 0.00000000099999999990 0.00000000099999999990 0.00000000099999999990 0.00000000099999999990 0.00000000099999999990 0.00000000099999999990 0.99999999200000000421 0.00000000099999999990 
0.00000000099999999990 0.00000000099999999990 0.99999999200000000421 0.00000000099999999990 0.00000000099999999990 0.00000000099999999990 0.00000000099999999990 0.00000000099999999990 0.00000000099999999990 
0.00000000099999999997 0.00000000099999999997 0.00000000099999999997 0.00000000099999999997 0.05049191321761293400 0.53570010340366458479 0.41380797737872249131 0.00000000099999999997 0.00000000099999999997 
0.00000000099999999987 0.00000000099999999987 0.00000000099999999987 0.00000000099999999987 0.00000000099999999987 0.99999999200000011523 0.00000000099999999987 0.00000000099999999987 0.00000000099999999987 
0.69234587971302341547 0.00000000099999999959 0.00000000099999999959 0.30765411328697661597 0.00000000099999999959 0.00000000099999999959 0.00000000099999999959 0.00000000099999999959 0.00000000099999999959 
0.00000000099999999993 0.00000000099999999993 0.99999999200000011523 0.00000000099999999993 0.00000000099999999993 0.00000000099999999993 0.00000000099999999993 0.00000000099999999993 0.00000000099999999993 
0.00000000099999999949 0.00000000099999999949 0.00000000099999999949 0.99999999200000000421 0.00000000099999999949 0.00000000099999999949 0.00000000099999999949 0.00000000099999999949 0.00000000099999999949 
0.36498253778309264206 0.00000000099999999956 0.00000000099999999956 0.63501745521690744489 0.00000000099999999956 0.00000000099999999956 0.00000000099999999956 0.00000000099999999956 0.00000000099999999956 
0.00000000099999999998 0.00000000099999999998 0.00000000099999999998 0.00000000099999999998 0.05303448071632909516 0.21704007565889130160 0.00000000099999999998 0.43839909316255065708 0.29152634546222871981 
0.00000000099999999991 0.00000000099999999991 0.00000000099999999991 0.00000000099999999991 0.00000000099999999991 0.00000000099999999991 0.99999999200000000421 0.00000000099999999991 0.00000000099999999991 
0.00000000099999999990 0.00000000099999999990 0.00000000099999999990 0.00000000099999999990 0.00000000099999999990 0.00000000099999999990 0.00000000099999999990 0.99999999200000000421 0.00000000099999999990 
0.00000000099999999997 0.00000000099999999997 0.00000000099999999997 0.00000000099999999997 0.06369948491082370878 0.00000000229815787749 0.24564351407359086288 0.44204643113129099552 0.24861056358613667361 
0.00000000099999999997 0.00000000099999999997 0.00000000099999999997 0.00000000099999999997 0.09150989786317137442 0.30290577894744402654 0.00000000099999999997 0.51378078085049416757 0.09180353733889048962 
0.00000000099999999997 0.00000000099999999997 0.00671223527587245031 0.00000000099999999997 0.05051501695898186206 0.00000000484579276939 0.56729433315571387020 0.00000000667201255214 0.37547840009162652963 
0.00000000099999999989 0.00000000099999999989 0.00000000099999999989 0.00000000099999999989 0.00000000099999999989 0.00000000099999999989 0.00000000099999999989 0.00000000099999999989 0.99999999200000000421 
0.00000000099999999995 0.00000000099999999995 0.97311207153972389960 0.00000000099999999995 0.00000000099999999995 0.02688792146027619775 0.00000000099999999995 0.00000000099999999995 0.00000000099999999995 
0.00000000099999999996 0.00000000099999999996 0.00000000099999999996 0.00000000099999999996 0.00000000099999999996 0.26502792927674939660 0.38622905566023019164 0.18699227147533217797 0.16175073858768820867 
0.44818551418517110774 0.00000000099999999956 0.00000000099999999956 0.55181447881482881268 0.00000000099999999956 0.00000000099999999956 0.00000000099999999956 0.00000000099999999956 0.00000000099999999956 
0.00000000099999999997 0.00000000099999999997 0.00000000099999999997 0.00000000099999999997 0.00000000099999999997 0.00000000099999999997 0.41723504345683298800 0.58276494954316693242 0.00000000099999999997 
0.00000000099999999980 0.00000000099999999980 0.00000000099999999980 0.99999999200000000421 0.00000000099999999980 0.00000000099999999980 0.00000000099999999980 0.00000000099999999980 0.00000000099999999980 
0.46622910365772479713 0.00000000099999999962 0.00000000099999999962 0.53377088934227523431 0.00000000099999999962 0.00000000099999999962 0.00000000099999999962 0.00000000099999999962 0.00000000099999999962 
0.00000000099999999997 0.00000000099999999997 0.01396199969102974135 0.00000000099999999997 0.04573940370793253690 0.25375298906996918147 0.00000000099999999997 0.44559280064739098526 0.24095280288367745825 
0.00000000099999999989 0.00000000099999999989 0.00000000099999999989 0.00000000099999999989 0.00000000099999999989 0.00000000099999999989 0.00000000099999999989 0.00000000099999999989 0.99999999199999989319 
0.00000000099999999997 0.00000000099999999997 0.00065434235049259028 0.00000000099999999997 0.01929679952601837459 0.00000004041914470670 0.00000000099999999997 0.60858024178655378833 0.37146857191779047991 
0.29717681654551997283 0.00000000099999999964 0.00000000099999999964 0.70282317645448000309 0.00000000099999999964 0.00000000099999999964 0.00000000099999999964 0.00000000099999999964 0.00000000099999999964 
0.00000000099999999991 0.00000000099999999991 0.99999999200000011523 0.00000000099999999991 0.00000000099999999991 0.00000000099999999991 0.00000000099999999991 0.00000000099999999991 0.00000000099999999991 
0.00000000099999999992 0.00000000099999999992 0.99999999200000000421 0.00000000099999999992 0.00000000099999999992 0.00000000099999999992 0.00000000099999999992 0.00000000099999999992 0.00000000099999999992 
0.00000000099999999956 0.00000000099999999956 0.00000000099999999956 0.99999999200000000421 0.00000000099999999956 0.00000000099999999956 0.00000000099999999956 0.00000000099999999956 0.00000000099999999956 
0.00000000099999999996 0.00000000099999999996 0.00000000099999999996 0.00000000099999999996 0.00000000099999999996 0.00000000099999999996 0.00000000099999999996 0.80172684262203941508 0.19827315037796056085 
0.00000000099999999999 0.00118524357601590977 0.03357565625336925846 0.00000000099999999999 0.00000000099999999999 0.21897787075333483009 0.21813004163497534682 0.52813076934477698465 0.00000041543752781610 
0.00000000099999999955 0.00000000099999999955 0.00000000099999999955 0.99999999200000000421 0.00000000099999999955 0.00000000099999999955 0.00000000099999999955 0.00000000099999999955 0.00000000099999999955 
0.00000000099999999995 0.00000000099999999995 0.00000000099999999995 0.00000000099999999995 0.09468128511928625146 0.25645868525531295701 0.64886002362540085020 0.00000000099999999995 0.00000000099999999995 
0.00000000099999999989 0.00000000099999999989 0.99999999200000000421 0.00000000099999999989 0.00000000099999999989 0.00000000099999999989 0.00000000099999999989 0.00000000099999999989 0.00000000099999999989 
0.00000000099999999997 0.10227078359229867244 0.16361323635013197419 0.09153348094595320505 0.00000000099999999997 0.64258249411161616482 0.00000000099999999997 0.00000000099999999997 0.00000000099999999997 
