0.00000000099999999991 0.00000000099999999991 0.00000000099999999991 0.00000000099999999991 0.00000000099999999991 0.00000000099999999991 0.99999999199999989319 0.00000000099999999991 0.00000000099999999991 
0.00000000099999999988 0.00000000099999999988 0.99999999200000011523 0.00000000099999999988 0.00000000099999999988 0.00000000099999999988 0.00000000099999999988 0.00000000099999999988 0.00000000099999999988 
0.00000000099999999991 0.00000000099999999991 0.38477289302837824891 0.00000000099999999991 0.00000000099999999991 0.00000000099999999991 0.00000000099999999991 0.61522709997162172701 0.00000000099999999991 
0.00000000099999999998 0.00000000099999999998 0.03689803117273054295 0.38651833991879541719 0.00000000099999999998 0.35493846582326932237 0.22164496016521859079 0.00000000099999999998 0.00000019891998610179 
0.00000000099999999998 0.00000000099999999998 0.00000000099999999998 0.35763085242430503463 0.12307084115655332612 0.31069645025644321290 0.20860165625194029837 0.00000000099999999998 0.00000019591075803185 
0.00000000099999999997 0.00000000099999999997 0.02195638628260060052 0.14602434644192310853 0.07049850597806434083 0.42608935115458251852 0.33543140614282962453 0.00000000099999999997 0.00000000099999999997 
0.00000000099999999988 0.00000000099999999988 0.99999999200000011523 0.00000000099999999988 0.00000000099999999988 0.00000000099999999988 0.00000000099999999988 0.00000000099999999988 0.00000000099999999988 
0.00000000099999999989 0.00000000099999999989 0.49051794519667979433 0.00000000099999999989 0.00000000099999999989 0.00000000099999999989 0.00000000099999999989 0.50948204780331995956 0.00000000099999999989 
0.00000000099999999997 0.00000000099999999997 0.00000000099999999997 0.00000000099999999997 0.00000000099999999997 0.57715942987179669199 0.41013674139580219569 0.00000000099999999997 0.01270382273240117273 
0.00000000099999999992 0.00000000099999999992 0.52501622733812092214 0.00000000099999999992 0.00000000099999999992 0.00000000099999999992 0.00000000099999999992 0.47498376566187899828 0.00000000099999999992 
0.00000000099999999998 0.00000000099999999998 0.00000000099999999998 0.56007094685310687687 0.05320514849020005488 0.37138080041602317127 0.00000000099999999998 0.01337336458781730741 0.00196973565285281371 
0.00000000099999999997 0.00000000099999999997 0.01537484330347345558 0.30302185323653935134 0.01948250896822751113 0.40605178976437705796 0.24907522472469170727 0.00000000099999999997 0.00699377700269109091 
0.00000000099999999999 0.00000000099999999999 0.00000000099999999999 0.53629413341801679405 0.06167796170904193964 0.39973669705788245077 0.00000000099999999999 0.00229120281505890535 0.00000000099999999999 
0.00000000099999999999 0.00000000099999999999 0.00000000099999999999 0.43573254045953041524 0.09017067724862348754 0.27343518657599491517 0.18930146765897709615 0.00026525639543760579 0.01109486866143645327 
0.00000000099999999995 0.00000000099999999995 0.00000000099999999995 0.99999999200000011523 0.00000000099999999995 0.00000000099999999995 0.00000000099999999995 0.00000000099999999995 0.00000000099999999995 
0.00000000099999999998 0.00000000099999999998 0.05164271555314655510 0.26943485569814845659 0.08168036376908871521 0.26733511983600161122 0.30386558425389936788 0.00000000099999999998 0.02604135788971525395 
0.00000000099999999996 0.00000000099999999996 0.00000000099999999996 0.43566955712397570366 0.00000005346943670564 0.00000000099999999996 0.56433038340658758791 0.00000000099999999996 0.00000000099999999996 
0.00000000099999999998 0.00000000099999999998 0.00000000099999999998 0.00000000099999999998 0.00000010098867920176 0.52271527488685742835 0.47728461812446337786 0.00000000099999999998 0.00000000099999999998 
0.00000000099999999999 0.00527175041196500851 0.00000000099999999999 0.27656690025187863347 0.03386809692369038838 0.31509635021522625076 0.36807650485597698253 0.00000000099999999999 0.00112039434126268113 
0.00000000099999999994 0.00000000099999999994 0.00000000099999999994 0.88035587230660661273 0.11964412069339347422 0.00000000099999999994 0.00000000099999999994 0.00000000099999999994 0.00000000099999999994 
0.00000000099999999999 0.00000000099999999999 0.00000000099999999999 0.48984792194160992063 0.00000000099999999999 0.27293078632179962328 0.23722128573659032047 0.00000000099999999999 0.00000000099999999999 
0.00000000099999999989 0.00000000099999999989 0.99999999200000000421 0.00000000099999999989 0.00000000099999999989 0.00000000099999999989 0.00000000099999999989 0.00000000099999999989 0.00000000099999999989 
0.00000000099999999996 0.00000000099999999996 0.02209115158336174070 0.72230257742289805112 0.00000000099999999996 0.00000000099999999996 0.25560626499374017317 0.00000000099999999996 0.00000000099999999996 
0.00000000099999999961 0.00000000099999999961 0.00000000099999999961 0.00000000099999999961 0.99999999200000011523 0.00000000099999999961 0.00000000099999999961 0.00000000099999999961 0.00000000099999999961 
0.00000000099999999997 0.00000000099999999997 0.00009320274812836229 0.33135298528024220710 0.07275011243581694376 0.40251524589980319790 0.17113965568565137065 0.02214879495035797230 0.00000000099999999997 
0.00000000099999999998 0.00000000099999999998 0.00000000099999999998 0.30167705272363876112 0.06974539948988484062 0.46980243821141859373 0.15877510457505786268 0.00000000099999999998 0.00000000099999999998 
0.00000000099999999966 0.00000000099999999966 0.00000000099999999966 0.00000000099999999966 0.00000000099999999966 0.00000000099999999966 0.00000000099999999966 0.00000000099999999966 0.99999999199999989319 
0.00000000099999999962 0.00000000099999999962 0.00000000099999999962 0.00000000099999999962 0.00000000099999999962 0.00000000099999999962 0.00000000099999999962 0.00000000099999999962 0.99999999199999989319 
0.00000000099999999999 0.00000000099999999999 0.00061068582009637300 0.27353052807011352110 0.09013536726262053045 0.46556040090034001011 0.16888189580526477562 0.00000000099999999999 0.00128111914156485212 
0.00000000099999999997 0.00000000099999999997 0.00000000099999999997 0.42055603985560274793 0.00000000219178638054 0.57559603429424033294 0.00000000099999999997 0.00000000099999999997 0.00384791865837062980 
0.00000000099999999989 0.00000000099999999989 0.00000000099999999989 0.00000000099999999989 0.00000000099999999989 0.00000000099999999989 0.99999999200000000421 0.00000000099999999989 0.00000000099999999989 
0.00000000099999999985 0.00000000099999999985 0.00000000099999999985 0.00000000099999999985 0.00000000099999999985 0.00000000099999999985 0.00000000099999999985 0.99999999199999989319 0.00000000099999999985 
0.00000000099999999981 0.00000000099999999981 0.00000000099999999981 0.00000000099999999981 0.51510033156713830316 0.00000000099999999981 0.00000000099999999981 0.14122851460105056987 0.34367114783181113014 
0.00000000099999999996 0.00000000099999999996 0.00000000099999999996 0.47747974047167118794 0.00000000099999999996 0.25262219956149978284 0.26989805396682892136 0.00000000099999999996 0.00000000099999999996 
0.99999999200000011523 0.00000000099999999954 0.00000000099999999954 0.00000000099999999954 0.00000000099999999954 0.00000000099999999954 0.00000000099999999954 0.00000000099999999954 0.00000000099999999954 
0.99999999200000011523 0.00000000099999999946 0.00000000099999999946 0.00000000099999999946 0.00000000099999999946 0.00000000099999999946 0.00000000099999999946 0.00000000099999999946 0.00000000099999999946 
0.99999999200000022626 0.00000000099999999948 0.00000000099999999948 0.00000000099999999948 0.00000000099999999948 0.00000000099999999948 0.00000000099999999948 0.00000000099999999948 0.00000000099999999948 
0.00000000099999999968 0.00000000099999999968 0.00000000099999999968 0.00000000099999999968 0.00000000099999999968 0.00000000099999999968 0.00000000099999999968 0.00000000099999999968 0.99999999200000000421 
0.00000000099999999963 0.00000000099999999963 0.00000000099999999963 0.00000000099999999963 0.00000000099999999963 0.00000000099999999963 0.00000000099999999963 0.00000000099999999963 0.99999999199999989319 
0.00000000099999999996 0.00000000099999999996 0.00000000099999999996 0.44835683221125732789 0.00000983482053002534 0.55163332696821265611 0.00000000099999999996 0.00000000099999999996 0.00000000099999999996 
0.00000000099999999992 0.00000000099999999992 0.32633526478982050056 0.00000000099999999992 0.00000000099999999992 0.00000000099999999992 0.00000000099999999992 0.67366472821017941985 0.00000000099999999992 
0.00000000099999999965 0.00000000099999999965 0.00000000099999999965 0.00000000099999999965 0.00000000099999999965 0.00000000099999999965 0.00000000099999999965 0.00000000099999999965 0.99999999199999989319 
0.00000000099999999994 0.00000000099999999994 0.00000000099999999994 0.99999999200000011523 0.00000000099999999994 0.00000000099999999994 0.00000000099999999994 0.00000000099999999994 0.00000000099999999994 
0.00000000099999999980 0.00000000099999999980 0.00000000099999999980 0.00000000099999999980 0.00000000099999999980 0.00000000099999999980 0.00000000099999999980 0.99999999200000000421 0.00000000099999999980 
0.00000000099999999969 0.00000000099999999969 0.00000000099999999969 0.00000000099999999969 0.00000000099999999969 0.00000000099999999969 0.00000000099999999969 0.00000000099999999969 0.99999999199999989319 
0.00000000099999999997 0.00000000099999999997 0.00000000099999999997 0.52624641702850627478 0.00000000099999999997 0.00000000099999999997 0.45356477281728235784 0.02018880415421143992 0.00000000099999999997 
0.00000000099999999965 0.00000000099999999965 0.00000000099999999965 0.00000000099999999965 0.00000000099999999965 0.00000000099999999965 0.00000000099999999965 0.00000000099999999965 0.99999999200000000421 
0.00000000099999999992 0.00000000099999999992 0.47504926081588150222 0.00000000099999999992 0.00000000099999999992 0.00000000099999999992 0.00000000099999999992 0.52495073218411836269 0.00000000099999999992 
0.00000000099999999978 0.00000000099999999978 0.00000000099999999978 0.00000000099999999978 0.00000000099999999978 0.00000000099999999978 0.00000000099999999978 0.99999999199999989319 0.00000000099999999978 
0.00000000099999999960 0.00000000099999999960 0.00000000099999999960 0.00000000099999999960 0.00000000099999999960 0.00000000099999999960 0.00000000099999999960 0.00000000099999999960 0.99999999200000000421 
0.00000000099999999964 0.00000000099999999964 0.00000000099999999964 0.00000000099999999964 0.00000000099999999964 0.00000000099999999964 0.00000000099999999964 0.00000000099999999964 0.99999999200000000421 
0.00000000099999999988 0.00000000099999999988 0.99999999200000000421 0.00000000099999999988 0.00000000099999999988 0.00000000099999999988 0.00000000099999999988 0.00000000099999999988 0.00000000099999999988 
0.00000000099999999993 0.00000000099999999993 0.54022285599236141707 0.00000000099999999993 0.00000000099999999993 0.00000000099999999993 0.00000000099999999993 0.45977713700763855886 0.00000000099999999993 
0.00000000099999999994 0.00000000099999999994 0.54808309765958596049 0.00000000099999999994 0.00000000099999999994 0.00000000099999999994 0.00000000099999999994 0.45191689534041395993 0.00000000099999999994 
0.00000000099999999970 0.00000000099999999970 0.00000000099999999970 0.00000000099999999970 0.00000000099999999970 0.00000000099999999970 0.00000000099999999970 0.00000000099999999970 0.99999999199999989319 
0.00000000099999999999 0.00000000099999999999 0.00000000099999999999 0.71691902993348977091 0.05296993847593770011 0.00000000414173519036 0.17257507569595595398 0.04940536340838684592 0.00813058534449464902 
0.00000000099999999990 0.00000000099999999990 0.00000000099999999990 0.00000000099999999990 0.00000000099999999990 0.00000000099999999990 0.99999999199999989319 0.00000000099999999990 0.00000000099999999990 
0.00000000099999999998 0.00000000099999999998 0.00000000099999999998 0.36220314854514773506 0.00000000099999999998 0.43280455379975563135 0.17873554136020725069 0.02625675129488934736 0.00000000099999999998 
0.00000000099999999998 0.00000000099999999998 0.01104755564521522383 0.45444809717981610175 0.04919264209870959775 0.29927060836469021599 0.18593484490299827527 0.00000000099999999998 0.00010624880857057411 
0.00000000099999999992 0.00000000099999999992 0.51217517259795175555 0.00000000099999999992 0.00000000099999999992 0.00000000099999999992 0.00000000099999999992 0.48782482040204810936 0.00000000099999999992 
0.00096815557059877716 0.00000000099999999999 0.00000000099999999999 0.24197837552916487414 0.07898238027463755362 0.41271483677495512943 0.26535623414928261043 0.00000000099999999999 0.00000001470136108942 
0.28946257103740841155 0.71053742196259173092 0.00000000099999999959 0.00000000099999999959 0.00000000099999999959 0.00000000099999999959 0.00000000099999999959 0.00000000099999999959 0.00000000099999999959 
0.00000000099999999996 0.00000000099999999996 0.00000000099999999996 0.48507199228150554848 0.04554497875943292612 0.00000000099999999996 0.46938302295906136896 0.00000000099999999996 0.00000000099999999996 
0.52462401640735834008 0.47537597659264174688 0.00000000099999999961 0.00000000099999999961 0.00000000099999999961 0.00000000099999999961 0.00000000099999999961 0.00000000099999999961 0.00000000099999999961 
0.00000000099999999997 0.00000000099999999997 0.00000000099999999997 0.48829836436751361539 0.19146243820745212361 0.28733703959199563549 0.00000000099999999997 0.03290215283303851018 0.00000000099999999997 
0.00000000099999999954 0.99999999200000011523 0.00000000099999999954 0.00000000099999999954 0.00000000099999999954 0.00000000099999999954 0.00000000099999999954 0.00000000099999999954 0.00000000099999999954 
0.00000000099999999989 0.00000000099999999989 0.00000000099999999989 0.00000000099999999989 0.00000000099999999989 0.00000000099999999989 0.99999999200000000421 0.00000000099999999989 0.00000000099999999989 
0.00000000099999999999 0.00000000099999999999 0.00576462424693100720 0.24828861811391361725 0.09879123555964952619 0.29789801540371435573 0.34817720981066274666 0.00000000099999999999 0.00108029386512872860 
0.00000000099999999991 0.00000000099999999991 0.71570994332817572392 0.00000000099999999991 0.00000000099999999991 0.00000000099999999991 0.00000000099999999991 0.28429004967182425201 0.00000000099999999991 
0.00000000099999999996 0.00000000099999999996 0.00000000099999999996 0.37173952592444731158 0.06404128856338398013 0.32417088513040231978 0.24004829538176644665 0.00000000099999999996 0.00000000099999999996 
0.99999999200000011523 0.00000000099999999953 0.00000000099999999953 0.00000000099999999953 0.00000000099999999953 0.00000000099999999953 0.00000000099999999953 0.00000000099999999953 0.00000000099999999953 
0.00000000099999999955 0.99999999200000022626 0.00000000099999999955 0.00000000099999999955 0.00000000099999999955 0.00000000099999999955 0.00000000099999999955 0.00000000099999999955 0.00000000099999999955 
0.00000000099999999998 0.00000000099999999998 0.08318932105507302610 0.40743023461680116792 0.05775198767546007445 0.20909893659791098375 0.23690979679863430341 0.00000000099999999998 0.00561972025612046937 
0.00000000099999999991 0.00000000099999999991 0.71215636671062021446 0.00000000099999999991 0.00000000099999999991 0.00000000099999999991 0.00000000099999999991 0.28784362628937970596 0.00000000099999999991 
0.00000000099999999970 0.00000000099999999970 0.00000000099999999970 0.00000000099999999970 0.00000000099999999970 0.00000000099999999970 0.00000000099999999970 0.00000000099999999970 0.99999999200000000421 
0.00000000099999999987 0.00000000099999999987 0.99999999200000000421 0.00000000099999999987 0.00000000099999999987 0.00000000099999999987 0.00000000099999999987 0.00000000099999999987 0.00000000099999999987 
0.00000000099999999999 0.00000000099999999999 0.03070356292192005093 0.23929372321299291482 0.07669872368851621269 0.40135301193028316558 0.25195097424628765115 0.00000000099999999999 0.00000000099999999999 
0.00000000099999999951 0.99999999200000011523 0.00000000099999999951 0.00000000099999999951 0.00000000099999999951 0.00000000099999999951 0.00000000099999999951 0.00000000099999999951 0.00000000099999999951 
0.00000000099999999958 0.00000000099999999958 0.00000000099999999958 0.00000000099999999958 0.00000000099999999958 0.00000000099999999958 0.00000000099999999958 0.00000000099999999958 0.99999999199999989319 
0.99999999200000022626 0.00000000099999999957 0.00000000099999999957 0.00000000099999999957 0.00000000099999999957 0.00000000099999999957 0.00000000099999999957 0.00000000099999999957 0.00000000099999999957 
0.00460943406372817197 0.00000000099999999999 0.00000000099999999999 0.38452850698924856410 0.01048217577780471629 0.33367032680113190013 0.24992090135933106576 0.00000000099999999999 0.01678865200875553215 
0.00000000099999999983 0.00000000099999999983 0.99999999200000000421 0.00000000099999999983 0.00000000099999999983 0.00000000099999999983 0.00000000099999999983 0.00000000099999999983 0.00000000099999999983 
0.00000000099999999987 0.00000000099999999987 0.99999999200000000421 0.00000000099999999987 0.00000000099999999987 0.00000000099999999987 0.00000000099999999987 0.00000000099999999987 0.00000000099999999987 
0.00000000099999999996 0.00000000099999999996 0.00000000099999999996 0.57049433909740387971 0.18863216180280487078 0.00000000099999999996 0.00000000099999999996 0.24087349309979128043 0.00000000099999999996 
0.00000000099999999999 0.00000000099999999999 0.00001330184742538928 0.23895310799719785000 0.08085116449507911973 0.32430073477460907849 0.33582977025649946023 0.00000003366112875055 0.02005188496806037390 
0.00000000099999999997 0.00000000099999999997 0.00000000099999999997 0.48112142968877730231 0.02458210316055940703 0.21501766370452610189 0.27140607325229854085 0.00787272619383866216 0.00000000099999999997 
0.00000000099999999997 0.00000000099999999997 0.01536956393255701006 0.41215784091016000046 0.10330461197815926644 0.26736097967717936674 0.20180699950194450065 0.00000000099999999997 0.00000000099999999997 
0.00000000099999999996 0.00000000099999999996 0.00000000099999999996 0.00000000099999999996 0.09827374460174147230 0.90172624839825854526 0.00000000099999999996 0.00000000099999999996 0.00000000099999999996 
0.00000000099999999996 0.00000000099999999996 0.00000000099999999996 0.46349200879563173805 0.02525736144718087814 0.26312201552219810496 0.24812860923498933352 0.00000000099999999996 0.00000000099999999996 
0.00000000099999999996 0.00000000099999999996 0.00000000099999999996 0.26410313974754973110 0.02786035820426508922 0.31571541168820926870 0.38546258921427684063 0.00685849714569912970 0.00000000099999999996 
0.00000000099999999994 0.00000000099999999994 0.00000000099999999994 0.99999999200000000421 0.00000000099999999994 0.00000000099999999994 0.00000000099999999994 0.00000000099999999994 0.00000000099999999994 
0.00000000099999999996 0.00000000099999999996 0.00000000755957070029 0.99860565328174211164 0.00000000099999999996 0.00000000099999999996 0.00000000099999999996 0.00139433315868712983 0.00000000099999999996 
0.00000000099999999993 0.00000000099999999993 0.56206927879520762747 0.00000000099999999993 0.00000000099999999993 0.00000000099999999993 0.00000000099999999993 0.43793071420479240397 0.00000000099999999993 
0.00000000099999999987 0.00000000099999999987 0.00000000099999999987 0.00000000099999999987 0.00000000099999999987 0.00000000099999999987 0.00000000099999999987 0.99999999199999989319 0.00000000099999999987 
0.00000000099999999967 0.99999999200000011523 0.00000000099999999967 0.00000000099999999967 0.00000000099999999967 0.00000000099999999967 0.00000000099999999967 0.00000000099999999967 0.00000000099999999967 
0.00000000099999999994 0.00000000099999999994 0.76801094701734007320 0.00000000099999999994 0.00000000099999999994 0.00000000099999999994 0.00000000099999999994 0.23198904598265993049 0.00000000099999999994 
0.00000000099999999991 0.00000000099999999991 0.99999999200000000421 0.00000000099999999991 0.00000000099999999991 0.00000000099999999991 0.00000000099999999991 0.00000000099999999991 0.00000000099999999991 
0.00000000099999999997 0.00000000099999999997 0.00000000099999999997 0.22023079559758684809 0.00000000099999999997 0.45251899540341550265 0.29245061504742037028 0.03114110909493139623 0.00365848085664588311 
0.00000000099999999947 0.99999999200000022626 0.00000000099999999947 0.00000000099999999947 0.00000000099999999947 0.00000000099999999947 0.00000000099999999947 0.00000000099999999947 0.00000000099999999947 
0.00000000099999999998 0.00000000099999999998 0.00000000099999999998 0.45468413796366141666 0.00000000099999999998 0.54530653726902078571 0.00000931876731772228 0.00000000099999999998 0.00000000099999999998 
0.00000000099999999997 0.00000000099999999997 0.00000000099999999997 0.00000000099999999997 0.00000000099999999997 0.65276117708691772101 0.34723881591308231043 0.00000000099999999997 0.00000000099999999997 
0.00000000099999999996 0.00000000099999999996 0.00000000099999999996 0.00000000099999999996 0.09107870890764482863 0.90892128409235528608 0.00000000099999999996 0.00000000099999999996 0.00000000099999999996 
0.00000000099999999999 0.00000000099999999999 0.02420475356477462883 0.22529182659636742825 0.03960890092659606621 0.47496212998009956774 0.23593238493216234231 0.00000000099999999999 0.00000000099999999999 
0.00000000099999999997 0.00000000099999999997 0.00000005073562761175 0.45643505719285026867 0.00000000099999999997 0.54356488607152209092 0.00000000099999999997 0.00000000099999999997 0.00000000099999999997 
0.00000000099999999998 0.00000000099999999998 0.00000000099999999998 0.63515862595107852595 0.08719346637904754060 0.00292222451647607042 0.23790529579464589349 0.03682038335875189444 0.00000000099999999998 
0.00000000099999999998 0.00000000099999999998 0.00000000099999999998 0.34948659724581510044 0.13865674851988366023 0.40527603052894733970 0.10658061870535390225 0.00000000099999999998 0.00000000099999999998 
0.00000000099999999998 0.00000000099999999998 0.00517132388841657752 0.62717443988446230918 0.11698210428832224450 0.00000032976385926345 0.25067179817493978611 0.00000000099999999998 0.00000000099999999998 
0.00000000100000000000 0.00000007143159306501 0.01097839265142818745 0.24888495793569756498 0.04066093274167815325 0.33736039040041287951 0.33524988200005378935 0.00041538681364431898 0.02644998502549206557 
0.00000000099999999998 0.00000000099999999998 0.00000000099999999998 0.21491863433118438276 0.06573289913176733057 0.41863453116937826559 0.29534727317946207759 0.00000000099999999998 0.00536665818820810086 
0.00000000099999999988 0.00000000099999999988 0.00000000099999999988 0.00000000099999999988 0.00000000099999999988 0.00000000099999999988 0.99999999199999989319 0.00000000099999999988 0.00000000099999999988 
0.00000000099999999999 0.00000000099999999999 0.01872074515502545819 0.00000000099999999999 0.10024326312266619576 0.47122981081248849211 0.39152898147314368904 0.00000000099999999999 0.01827719543667617741 
0.00000000099999999997 0.00000000099999999997 0.00000000099999999997 0.35037823096078318796 0.00000000099999999997 0.46341585650286215570 0.17669962863027929845 0.00000000099999999997 0.00950627890607523042 
0.00000000099999999977 0.00000000099999999977 0.00000000099999999977 0.00000000099999999977 0.99999999200000011523 0.00000000099999999977 0.00000000099999999977 0.00000000099999999977 0.00000000099999999977 
0.00000000099999999997 0.00000000099999999997 0.00000000099999999997 0.21195962305983237495 0.08465372598476329780 0.34182270722874641411 0.36156393872665798517 0.00000000099999999997 0.00000000099999999997 
0.00000000099999999997 0.00000000099999999997 0.00000000167365456905 0.25201551630207091881 0.10283142255576468993 0.48346267139014942327 0.13381886189201827597 0.02787152318634220083 0.00000000099999999997 
0.00000000099999999999 0.00000000099999999999 0.01192806795711748996 0.33837556323187611973 0.06823231951717645405 0.24593184998757131043 0.33553219530625877365 0.00000000099999999999 0.00000000099999999999 
0.00000000099999999999 0.00000000099999999999 0.03644307543461214327 0.48892045028611669233 0.00006189478164622585 0.27202784253736594922 0.20254673296025901830 0.00000000099999999999 0.00000000099999999999 
0.00000000099999999997 0.00000000099999999997 0.00000000099999999997 0.49392129850230875876 0.09684902362473769843 0.40590852207810396157 0.00000588285171847403 0.00331526894313109591 0.00000000099999999997 
0.00000000099999999993 0.00000000099999999993 0.00000000099999999993 0.00000000099999999993 0.00000000099999999993 0.99999999200000000421 0.00000000099999999993 0.00000000099999999993 0.00000000099999999993 
0.07376133428517570034 0.00000000100000000000 0.02474640074503427559 0.24098796028300378813 0.02256018071970178340 0.30771305994910247428 0.33023106101798205270 0.00000000100000000000 0.00000000100000000000 
0.00000000099999999994 0.00000000099999999994 0.00000000099999999994 0.89752088802672846946 0.10247910497327158974 0.00000000099999999994 0.00000000099999999994 0.00000000099999999994 0.00000000099999999994 
0.00000000099999999995 0.00000000099999999995 0.00000000099999999995 0.00000000099999999995 0.13553442671327781133 0.55592050059986131139 0.29955956639117353735 0.00898550129568725757 0.00000000099999999995 
0.00000000099999999995 0.00000000099999999995 0.00000000099999999995 0.55214001005630986008 0.10759080824412692312 0.32917874477588365822 0.00000000099999999995 0.01109043192367951090 0.00000000099999999995 
0.00000000099999999998 0.00000000099999999998 0.00000000099999999998 0.35196797567465049061 0.04404957290046637025 0.26234675593321771236 0.32899504840852628051 0.00000000099999999998 0.01264064308313911714 
0.00000000099999999997 0.00000000099999999997 0.00097873126694511016 0.45222221638226151041 0.02331697179355957453 0.16056317474174533477 0.36161067974484722987 0.00130822307064125030 0.00000000099999999997 
0.00000000099999999999 0.00000000099999999999 0.00000000099999999999 0.42633238047675997562 0.14356625290598229450 0.43010136061725773304 0.00000000099999999999 0.00000000099999999999 0.00000000099999999999 
0.00000000099999999998 0.00000000099999999998 0.00769366609310665178 0.41607295728152110525 0.04424961531950154237 0.27689798772852597386 0.24797808310634256168 0.00000003494282974414 0.00710765352817230821 
0.00000000099999999988 0.00000000099999999988 0.00000000099999999988 0.00000000099999999988 0.00000000099999999988 0.00000000099999999988 0.99999999200000000421 0.00000000099999999988 0.00000000099999999988 
0.00000000099999999996 0.00000000099999999996 0.00000000099999999996 0.39671488531482124174 0.00000000099999999996 0.42391779331702855727 0.14091845346826625818 0.03844886289988375810 0.00000000099999999996 
0.00000000099999999982 0.00000000099999999982 0.00000000099999999982 0.00000000099999999982 0.00000000099999999982 0.00000000099999999982 0.00000000099999999982 0.99999999200000000421 0.00000000099999999982 
0.00000000099999999992 0.00000000099999999992 0.99999999200000011523 0.00000000099999999992 0.00000000099999999992 0.00000000099999999992 0.00000000099999999992 0.00000000099999999992 0.00000000099999999992 
0.57151076800707678593 0.42848922499292341204 0.00000000099999999968 0.00000000099999999968 0.00000000099999999968 0.00000000099999999968 0.00000000099999999968 0.00000000099999999968 0.00000000099999999968 
0.00000000099999999959 0.00000000099999999959 0.00000000099999999959 0.00000000099999999959 0.00000000099999999959 0.00000000099999999959 0.00000000099999999959 0.00000000099999999959 0.99999999200000000421 
0.00000000099999999999 0.00000000099999999999 0.45293757791944105895 0.00000000099999999999 0.03038470342564354373 0.00000000099999999999 0.02568221518716048979 0.45484419077472043602 0.03615130869303426892 
0.00000000099999999995 0.00000000099999999995 0.00000000099999999995 0.00000000099999999995 0.00000000099999999995 0.54306685516610497810 0.45693313783389510885 0.00000000099999999995 0.00000000099999999995 
0.00000000099999999999 0.00000000099999999999 0.00000000099999999999 0.21651163353252100841 0.00823975856843380157 0.29831448599477716765 0.44967839174643914335 0.02725572615782871286 0.00000000099999999999 
0.00000000099999999991 0.00000000099999999991 0.99999999200000011523 0.00000000099999999991 0.00000000099999999991 0.00000000099999999991 0.00000000099999999991 0.00000000099999999991 0.00000000099999999991 
0.00000000099999999995 0.00000000099999999995 0.00000000099999999995 0.00000000099999999995 0.00000000099999999995 0.99999999200000000421 0.00000000099999999995 0.00000000099999999995 0.00000000099999999995 
0.00000000099999999996 0.00000000099999999996 0.00000000099999999996 0.33254956954230352473 0.00000000099999999996 0.66185083330932736878 0.00000000099999999996 0.00000000099999999996 0.00559959114836908450 
0.00000000099999999994 0.00000000099999999994 0.00000000099999999994 0.84077261338874587082 0.15922737961125432715 0.00000000099999999994 0.00000000099999999994 0.00000000099999999994 0.00000000099999999994 
0.00000000099999999951 0.99999999200000022626 0.00000000099999999951 0.00000000099999999951 0.00000000099999999951 0.00000000099999999951 0.00000000099999999951 0.00000000099999999951 0.00000000099999999951 
0.00000000099999999954 0.99999999200000011523 0.00000000099999999954 0.00000000099999999954 0.00000000099999999954 0.00000000099999999954 0.00000000099999999954 0.00000000099999999954 0.00000000099999999954 
0.00000000099999999947 0.99999999200000011523 0.00000000099999999947 0.00000000099999999947 0.00000000099999999947 0.00000000099999999947 0.00000000099999999947 0.00000000099999999947 0.00000000099999999947 
0.00000000099999999948 0.99999999200000011523 0.00000000099999999948 0.00000000099999999948 0.00000000099999999948 0.00000000099999999948 0.00000000099999999948 0.00000000099999999948 0.00000000099999999948 
0.99999999200000011523 0.00000000099999999949 0.00000000099999999949 0.00000000099999999949 0.00000000099999999949 0.00000000099999999949 0.00000000099999999949 0.00000000099999999949 0.00000000099999999949 
0.00000000099999999995 0.00000000099999999995 0.72677232561505733521 0.00000000099999999995 0.00000000099999999995 0.00000000099999999995 0.00000000099999999995 0.27322766738494264072 0.00000000099999999995 
0.00000000099999999998 0.00000000099999999998 0.00000000099999999998 0.64656014529367200616 0.05949218165880951203 0.28454177357054138975 0.00000031297302857821 0.00000000099999999998 0.00940558250394845329 
0.61081942478906670058 0.38918056821093355291 0.00000000099999999956 0.00000000099999999956 0.00000000099999999956 0.00000000099999999956 0.00000000099999999956 0.00000000099999999956 0.00000000099999999956 
0.00000000099999999956 0.99999999200000011523 0.00000000099999999956 0.00000000099999999956 0.00000000099999999956 0.00000000099999999956 0.00000000099999999956 0.00000000099999999956 0.00000000099999999956 
0.00000000099999999958 0.00000000099999999958 0.00000000099999999958 0.00000000099999999958 0.00000000099999999958 0.00000000099999999958 0.00000000099999999958 0.00000000099999999958 0.99999999200000000421 
0.00000000099999999958 0.00000000099999999958 0.00000000099999999958 0.00000000099999999958 0.00000000099999999958 0.00000000099999999958 0.00000000099999999958 0.00000000099999999958 0.99999999199999989319 
0.00000000099999999998 0.00000000099999999998 0.00000000099999999998 0.34807780761351275745 0.05716908767742385350 0.25436519332827567386 0.34038790638078769701 0.00000000099999999998 0.00000000099999999998 
0.00000000099999999950 0.99999999200000022626 0.00000000099999999950 0.00000000099999999950 0.00000000099999999950 0.00000000099999999950 0.00000000099999999950 0.00000000099999999950 0.00000000099999999950 
0.00000000099999999997 0.00000000099999999997 0.00000000099999999997 0.00000000099999999997 0.00000000099999999997 0.52309979771358339207 0.47690019528641663937 0.00000000099999999997 0.00000000099999999997 
0.00000000099999999993 0.00000000099999999993 0.00000000099999999993 0.99999999200000011523 0.00000000099999999993 0.00000000099999999993 0.00000000099999999993 0.00000000099999999993 0.00000000099999999993 
0.00000000099999999993 0.00000000099999999993 0.99999999200000011523 0.00000000099999999993 0.00000000099999999993 0.00000000099999999993 0.00000000099999999993 0.00000000099999999993 0.00000000099999999993 
0.00000000099999999996 0.00000000099999999996 0.00153786926531049848 0.31248704028690799106 0.00000000235209664947 0.68597427683958323019 0.00000080725610167956 0.00000000099999999996 0.00000000099999999996 
0.00000000099999999986 0.00000000099999999986 0.99999999200000000421 0.00000000099999999986 0.00000000099999999986 0.00000000099999999986 0.00000000099999999986 0.00000000099999999986 0.00000000099999999986 
0.00000000099999999992 0.00000000099999999992 0.00000000099999999992 0.00000000099999999992 0.00000000099999999992 0.99999999200000000421 0.00000000099999999992 0.00000000099999999992 0.00000000099999999992 
0.00000000099999999980 0.00000000099999999980 0.00000000099999999980 0.00000000099999999980 0.00000000099999999980 0.00000000099999999980 0.00000000099999999980 0.99999999199999989319 0.00000000099999999980 
0.00000000099999999998 0.00000000099999999998 0.00761447175922824043 0.56386657656981697961 0.10816358865838532344 0.30732710573371180285 0.00000000099999999998 0.00000000099999999998 0.01302825327885777720 
0.00000000099999999997 0.00000000099999999997 0.00000000099999999997 0.00000000099999999997 0.10279141914048360584 0.34037393525268622163 0.55409132026341367805 0.00000000099999999997 0.00274332034341645244 
0.00000000099999999954 0.99999999200000011523 0.00000000099999999954 0.00000000099999999954 0.00000000099999999954 0.00000000099999999954 0.00000000099999999954 0.00000000099999999954 0.00000000099999999954 
0.00000000099999999993 0.00000000099999999993 0.71878968304660384447 0.00000000099999999993 0.00000000099999999993 0.00000000099999999993 0.00000000099999999993 0.28121030995339618697 0.00000000099999999993 
0.38515161433506639455 0.61484837866493380343 0.00000000099999999956 0.00000000099999999956 0.00000000099999999956 0.00000000099999999956 0.00000000099999999956 0.00000000099999999956 0.00000000099999999956 
0.99999999200000011523 0.00000000099999999947 0.00000000099999999947 0.00000000099999999947 0.00000000099999999947 0.00000000099999999947 0.00000000099999999947 0.00000000099999999947 0.00000000099999999947 
0.00000000099999999993 0.00000000099999999993 0.00000000099999999993 0.99999999200000011523 0.00000000099999999993 0.00000000099999999993 0.00000000099999999993 0.00000000099999999993 0.00000000099999999993 
0.00000000099999999994 0.00000000099999999994 0.00000000099999999994 0.99999999200000011523 0.00000000099999999994 0.00000000099999999994 0.00000000099999999994 0.00000000099999999994 0.00000000099999999994 
0.00000000099999999996 0.00000000099999999996 0.00551500987159918472 0.29192506403411838667 0.00000000099999999996 0.57288469572832978471 0.12967522536595282867 0.00000000099999999996 0.00000000099999999996 
0.00000000099999999997 0.00000000099999999997 0.00000000099999999997 0.21175507905478896387 0.00114406215190801129 0.55581224266308859594 0.23128855716213078675 0.00000005496808379603 0.00000000099999999997 
0.00000000099999999976 0.00000000099999999976 0.00000000099999999976 0.00000000099999999976 0.99999999200000011523 0.00000000099999999976 0.00000000099999999976 0.00000000099999999976 0.00000000099999999976 
0.00000000099999999993 0.00000000099999999993 0.00000000099999999993 0.00000000099999999993 0.00000000099999999993 0.99999999200000011523 0.00000000099999999993 0.00000000099999999993 0.00000000099999999993 
0.00000000099999999996 0.00000000099999999996 0.00000000099999999996 0.38215953119263962323 0.00000000099999999996 0.20260046474692514074 0.41523999806043526695 0.00000000099999999996 0.00000000099999999996 
0.00000000099999999995 0.00000000099999999995 0.46545934199935207198 0.00000000099999999995 0.00000000099999999995 0.00000000099999999995 0.00000000099999999995 0.53454065100064784843 0.00000000099999999995 
0.00000000099999999996 0.00000000099999999996 0.00000000099999999996 0.19481291077412610235 0.09471210867489417151 0.30702052858682149505 0.40345444696415833086 0.00000000099999999996 0.00000000099999999996 
0.99999999200000022626 0.00000000099999999949 0.00000000099999999949 0.00000000099999999949 0.00000000099999999949 0.00000000099999999949 0.00000000099999999949 0.00000000099999999949 0.00000000099999999949 
0.00000000099999999994 0.00000000099999999994 0.00000000099999999994 0.99999999200000011523 0.00000000099999999994 0.00000000099999999994 0.00000000099999999994 0.00000000099999999994 0.00000000099999999994 
0.99999999200000022626 0.00000000099999999979 0.00000000099999999979 0.00000000099999999979 0.00000000099999999979 0.00000000099999999979 0.00000000099999999979 0.00000000099999999979 0.00000000099999999979 
0.99999999200000011523 0.00000000099999999953 0.00000000099999999953 0.00000000099999999953 0.00000000099999999953 0.00000000099999999953 0.00000000099999999953 0.00000000099999999953 0.00000000099999999953 
0.00000000099999999990 0.00000000099999999990 0.00000000099999999990 0.00000000099999999990 0.00000000099999999990 0.00000000099999999990 0.99999999199999989319 0.00000000099999999990 0.00000000099999999990 
0.00000000099999999996 0.00000000099999999996 0.00000000099999999996 0.67080773835461660060 0.00000000099999999996 0.00000000099999999996 0.32919225464538354187 0.00000000099999999996 0.00000000099999999996 
0.00000000099999999998 0.00000000099999999998 0.00955581999839999821 0.59920086763456825718 0.06506683428102234823 0.00000000099999999998 0.32617647308600938860 0.00000000099999999998 0.00000000099999999998 
0.61062645904233570082 0.38937353395766444164 0.00000000099999999965 0.00000000099999999965 0.00000000099999999965 0.00000000099999999965 0.00000000099999999965 0.00000000099999999965 0.00000000099999999965 
0.00000000099999999988 0.00000000099999999988 0.99999999200000011523 0.00000000099999999988 0.00000000099999999988 0.00000000099999999988 0.00000000099999999988 0.00000000099999999988 0.00000000099999999988 
0.00000000099999999987 0.00000000099999999987 0.99999999200000011523 0.00000000099999999987 0.00000000099999999987 0.00000000099999999987 0.00000000099999999987 0.00000000099999999987 0.00000000099999999987 
0.34000423897323672762 0.65999575402676335933 0.00000000099999999961 0.00000000099999999961 0.00000000099999999961 0.00000000099999999961 0.00000000099999999961 0.00000000099999999961 0.00000000099999999961 
0.00000000099999999995 0.00000000099999999995 0.00000000099999999995 0.00000000099999999995 0.00000000099999999995 0.99999999200000000421 0.00000000099999999995 0.00000000099999999995 0.00000000099999999995 
0.00000000099999999999 0.00000000099999999999 0.01894468670256185122 0.38823670819234323837 0.11254699221318927027 0.46204182312192149107 0.00079857030824707746 0.00911924619698470905 0.00831197126475227005 
0.99999999200000011523 0.00000000099999999954 0.00000000099999999954 0.00000000099999999954 0.00000000099999999954 0.00000000099999999954 0.00000000099999999954 0.00000000099999999954 0.00000000099999999954 
0.00000000099999999997 0.00000000099999999997 0.00074969709040550721 0.37120931093569675685 0.12898110852135558080 0.29897579973656585040 0.20008407971597644281 0.00000000099999999997 0.00000000099999999997 
0.00000000099999999990 0.00000000099999999990 0.73722871437425518959 0.00000000099999999990 0.00000000099999999990 0.00000000099999999990 0.00000000099999999990 0.26277127862574478634 0.00000000099999999990 
0.00000000099999999987 0.03752175403243701579 0.00000000099999999987 0.00000000099999999987 0.96247823896756312667 0.00000000099999999987 0.00000000099999999987 0.00000000099999999987 0.00000000099999999987 
