0.99310138722470275852 0.00000000099999999998 0.00000000099999999998 0.00689860777529739070 0.00000000099999999998 0.00000000099999999998 0.00000000099999999998 
0.00000000099999999990 0.00000000099999999990 0.00000000099999999990 0.00000000099999999990 0.00000000099999999990 0.99999999399999994765 0.00000000099999999990 
0.00000000099999999995 0.36015963781290744050 0.00000000099999999995 0.00000000099999999995 0.00000000099999999995 0.63984035718709242335 0.00000000099999999995 
0.49274227140930554336 0.00000000099999999999 0.42753813317352806767 0.00000000099999999999 0.03579065834745443625 0.04392893406971191961 0.00000000099999999999 
0.60036015078107185516 0.00000000099999999999 0.17411743405278923280 0.00587511577687945073 0.21964729638925958866 0.00000000099999999999 0.00000000099999999999 
0.53335126950555988845 0.03304638756022469648 0.40884143229759628557 0.00000000099999999998 0.02476090763661916577 0.00000000099999999998 0.00000000099999999998 
0.00000000099999999996 0.48960677972881611053 0.00000000099999999996 0.00000000099999999996 0.00000000099999999996 0.51039321527118375332 0.00000000099999999996 
0.00000000099999999990 0.00000000099999999990 0.00000000099999999990 0.00000000099999999990 0.00000000099999999990 0.99999999399999994765 0.00000000099999999990 
0.00000196015691764084 0.00000000099999999998 0.52683035735569583302 0.01543160231017115178 0.45773607717721553900 0.00000000099999999998 0.00000000099999999998 
0.00000000099999999995 0.50787592061027231338 0.00000000099999999995 0.00000000099999999995 0.00000000099999999995 0.49212407438972771700 0.00000000099999999995 
0.40327106781195498630 0.00000000099999999999 0.22257700969549967795 0.00543967789622577975 0.35253390453118121917 0.01617833806513828410 0.00000000099999999999 
0.41548475964006092997 0.02639310580694429267 0.21177358284426084367 0.00332699533827574218 0.34302155437045822595 0.00000000099999999998 0.00000000099999999998 
0.17671111660901697715 0.00000000100000000000 0.52436035829587268609 0.00000000100000000000 0.29892852109511047765 0.00000000100000000000 0.00000000100000000000 
0.61270427104071389923 0.00000000099999999999 0.10888452170588007462 0.01225882617591827692 0.25770605775267235726 0.00844632132481539649 0.00000000099999999999 
0.99999990507049585364 0.00000000099999999998 0.00000000099999999998 0.00000008992950428408 0.00000000099999999998 0.00000000099999999998 0.00000000099999999998 
0.52478997880270894516 0.01391449715651816785 0.18051711624304619952 0.03064082915273318858 0.20862633665617044687 0.04151124098882287561 0.00000000099999999999 
0.00000000099999999998 0.00000000099999999998 0.59940103625177687530 0.00000000099999999998 0.40059895874822304407 0.00000000099999999998 0.00000000099999999998 
0.00000000099999999992 0.00000000099999999992 0.00000000099999999992 0.00000000099999999992 0.99999999400000005867 0.00000000099999999992 0.00000000099999999992 
0.58776794299619705697 0.00000000100000000000 0.24719236505416045113 0.00714671341029244830 0.14905824280471965948 0.00883473199800661503 0.00000000273662388446 
0.99999999400000016969 0.00000000099999999996 0.00000000099999999996 0.00000000099999999996 0.00000000099999999996 0.00000000099999999996 0.00000000099999999996 
0.59139497985350775178 0.00000000099999999998 0.40811763338346052077 0.00000000099999999998 0.00000663042260832174 0.00048075334042334663 0.00000000099999999998 
0.00000000099999999989 0.99999999400000005867 0.00000000099999999989 0.00000000099999999989 0.00000000099999999989 0.00000000099999999989 0.00000000099999999989 
0.57649039654550937595 0.00000000099999999999 0.19302461472637574835 0.00000000099999999999 0.20054618780349120488 0.02993879792462366546 0.00000000099999999999 
0.00000000099999999986 0.00000000099999999986 0.00000000099999999986 0.00000000099999999986 0.99999999400000005867 0.00000000099999999986 0.00000000099999999986 
0.20929781582849599220 0.03369128497327368577 0.51609530591692398538 0.00000000099999999998 0.24091559028130637987 0.00000000099999999998 0.00000000099999999998 
0.33796768743175442662 0.00000000099999999998 0.36242454863888351468 0.00000014648696338400 0.29960761444239869533 0.00000000099999999998 0.00000000099999999998 
0.00000000099999999974 0.00000000099999999974 0.00000000099999999974 0.99999999399999994765 0.00000000099999999974 0.00000000099999999974 0.00000000099999999974 
0.00000000099999999970 0.00000000099999999970 0.00000000099999999970 0.99999999400000005867 0.00000000099999999970 0.00000000099999999970 0.00000000099999999970 
0.00000000099999999999 0.00080588214690157668 0.55730675734399004462 0.00000000099999999999 0.44188735650910831998 0.00000000099999999999 0.00000000099999999999 
0.00000000099999999998 0.00000000099999999998 0.60866624290581960999 0.00000000099999999998 0.39133375209418030938 0.00000000099999999998 0.00000000099999999998 
0.00000000099999999994 0.00000000099999999994 0.99999999400000005867 0.00000000099999999994 0.00000000099999999994 0.00000000099999999994 0.00000000099999999994 
0.00000000099999999989 0.99999999400000005867 0.00000000099999999989 0.00000000099999999989 0.00000000099999999989 0.00000000099999999989 0.00000000099999999989 
0.00000000099999999991 0.20586068169331525612 0.00000000099999999991 0.35087764682380173653 0.44326166748288298169 0.00000000099999999991 0.00000000099999999991 
0.00000000099999999998 0.00000000099999999998 0.72210560899471520901 0.00000000099999999998 0.27789438600528476586 0.00000000099999999998 0.00000000099999999998 
0.00000000099999999969 0.00000000099999999969 0.00000000099999999969 0.00000000099999999969 0.00000000099999999969 0.00000000099999999969 0.99999999400000005867 
0.00000000099999999961 0.00000000099999999961 0.00000000099999999961 0.00000000099999999961 0.00000000099999999961 0.00000000099999999961 0.99999999400000005867 
0.00000000099999999961 0.00000000099999999961 0.00000000099999999961 0.00000000099999999961 0.00000000099999999961 0.00000000099999999961 0.99999999399999994765 
0.00000000099999999975 0.00000000099999999975 0.00000000099999999975 0.99999999400000005867 0.00000000099999999975 0.00000000099999999975 0.00000000099999999975 
0.00000000099999999971 0.00000000099999999971 0.00000000099999999971 0.99999999399999994765 0.00000000099999999971 0.00000000099999999971 0.00000000099999999971 
0.27769839894228748323 0.00060143226291907773 0.39205656409347133806 0.00000000099999999999 0.32964360170132234185 0.00000000099999999999 0.00000000099999999999 
0.00000000099999999991 0.00000000099999999991 0.00000000099999999991 0.00000000099999999991 0.00000000099999999991 0.99999999399999994765 0.00000000099999999991 
0.00000000099999999972 0.00000000099999999972 0.00000000099999999972 0.99999999400000005867 0.00000000099999999972 0.00000000099999999972 0.00000000099999999972 
0.48658532886090555269 0.00000000099999999999 0.10921221431785940736 0.00404917085467486684 0.37553963683454233413 0.02461364713201754165 0.00000000099999999999 
0.00000000099999999990 0.00000000099999999990 0.00000000099999999990 0.00000000099999999990 0.00000000099999999990 0.99999999399999994765 0.00000000099999999990 
0.00000000099999999976 0.00000000099999999976 0.00000000099999999976 0.99999999400000005867 0.00000000099999999976 0.00000000099999999976 0.00000000099999999976 
0.50575727121016511578 0.01298573700647849723 0.48124486404488503455 0.00000000099999999999 0.00001208754752420511 0.00000003819094707145 0.00000000099999999999 
0.00000000099999999973 0.00000000099999999973 0.00000000099999999973 0.99999999400000005867 0.00000000099999999973 0.00000000099999999973 0.00000000099999999973 
0.00000000099999999995 0.52483607770843132556 0.00000000099999999995 0.00000000099999999995 0.00000000099999999995 0.47516391729156876034 0.00000000099999999995 
0.00000000099999999989 0.00000000099999999989 0.00000000099999999989 0.00000000099999999989 0.00000000099999999989 0.99999999399999994765 0.00000000099999999989 
0.00000000099999999969 0.00000000099999999969 0.00000000099999999969 0.99999999400000005867 0.00000000099999999969 0.00000000099999999969 0.00000000099999999969 
0.00000000099999999972 0.00000000099999999972 0.00000000099999999972 0.99999999400000005867 0.00000000099999999972 0.00000000099999999972 0.00000000099999999972 
0.00000000099999999992 0.00000000099999999992 0.00000000099999999992 0.00000000099999999992 0.00000000099999999992 0.99999999399999994765 0.00000000099999999992 
0.00000000099999999988 0.99999999400000005867 0.00000000099999999988 0.00000000099999999988 0.00000000099999999988 0.00000000099999999988 0.00000000099999999988 
0.00000000099999999996 0.27809020420281721497 0.00000000099999999996 0.00000000099999999996 0.00000019043069793584 0.72190960136648463230 0.00000000099999999996 
0.00000000099999999976 0.00000000099999999976 0.00000000099999999976 0.99999999399999994765 0.00000000099999999976 0.00000000099999999976 0.00000000099999999976 
0.65456596242325715274 0.04672427399342343052 0.00000000099999999999 0.01176177074755896564 0.28694796962820445785 0.00000002120755603461 0.00000000099999999999 
0.97916685441292583558 0.00000000099999999997 0.00000000099999999997 0.02083314058707417399 0.00000000099999999997 0.00000000099999999997 0.00000000099999999997 
0.99999999400000016969 0.00000000099999999995 0.00000000099999999995 0.00000000099999999995 0.00000000099999999995 0.00000000099999999995 0.00000000099999999995 
0.48831183044720699593 0.00000000099999999999 0.35328329288318971457 0.00000000099999999999 0.13975764622065917075 0.01864722744894402318 0.00000000099999999999 
0.00000000099999999995 0.35656752009303760431 0.00000000099999999995 0.00000000099999999995 0.00000000099999999995 0.64343247490696220403 0.00000000099999999995 
0.40740841624077661631 0.00000000100000000000 0.42352775908494966206 0.00444658957116324249 0.16461723210311035581 0.00000000100000000000 0.00000000100000000000 
0.00000000099999999967 0.00000000099999999967 0.00000000099999999967 0.00000000099999999967 0.00000000099999999967 0.00000000099999999967 0.99999999400000005867 
0.99999999400000016969 0.00000000099999999995 0.00000000099999999995 0.00000000099999999995 0.00000000099999999995 0.00000000099999999995 0.00000000099999999995 
0.00000000099999999968 0.00000000099999999968 0.00000000099999999968 0.00000000099999999968 0.00000000099999999968 0.00000000099999999968 0.99999999399999994765 
0.00000006928790402181 0.03370505624778683679 0.58823663729524966470 0.00000000099999999998 0.37805823416905942613 0.00000000099999999998 0.00000000099999999998 
0.00000000099999999968 0.00000000099999999968 0.00000000099999999968 0.00000000099999999968 0.00000000099999999968 0.00000000099999999968 0.99999999400000005867 
0.37646525368531025268 0.00000000099999999999 0.40832657424466073381 0.00000223288279689770 0.20357524741102570043 0.01163068977620644422 0.00000000099999999999 
0.30813423299815062562 0.01254343668309233252 0.47767259183873983508 0.00303038956309746241 0.19861934691691973676 0.00000000100000000000 0.00000000100000000000 
0.00000000099999999990 0.00000000099999999990 0.00000000099999999990 0.00000000099999999990 0.00000000099999999990 0.99999999399999994765 0.00000000099999999990 
0.43185943806069315709 0.00000000099999999997 0.37098889108516458490 0.00000000099999999997 0.19715166685414217684 0.00000000099999999997 0.00000000099999999997 
0.00000000099999999968 0.00000000099999999968 0.00000000099999999968 0.00000000099999999968 0.00000000099999999968 0.00000000099999999968 0.99999999399999994765 
0.00000000099999999971 0.00000000099999999971 0.00000000099999999971 0.00000000099999999971 0.00000000099999999971 0.00000000099999999971 0.99999999400000005867 
0.39407321906564668490 0.00000039444004017151 0.25006189280625279459 0.00978488950661195525 0.26205142636857242655 0.08402817681287587381 0.00000000099999999999 
0.00000000099999999993 0.61065742424846181091 0.00000000099999999993 0.00000000099999999993 0.00000000099999999993 0.38934257075153833050 0.00000000099999999993 
0.00000000099999999977 0.00000000099999999977 0.00000000099999999977 0.99999999400000005867 0.00000000099999999977 0.00000000099999999977 0.00000000099999999977 
0.00000000099999999994 0.26496703636273194471 0.00000000099999999994 0.00000000099999999994 0.00000000099999999994 0.73503295863726791914 0.00000000099999999994 
0.31808878181248911865 0.00000000099999999999 0.35801392929002229248 0.00000000099999999999 0.28493050821326237898 0.03896677768422615595 0.00000000099999999999 
0.00000000099999999965 0.00000000099999999965 0.00000000099999999965 0.00000000099999999965 0.00000000099999999965 0.00000000099999999965 0.99999999399999994765 
0.00000000099999999967 0.00000000099999999967 0.00000000099999999967 0.99999999400000005867 0.00000000099999999967 0.00000000099999999967 0.00000000099999999967 
0.00000000099999999973 0.00000000099999999973 0.00000000099999999973 0.00000000099999999973 0.00000000099999999973 0.00000000099999999973 0.99999999399999994765 
0.65300216107635999929 0.00000000099999999999 0.32851199903811501013 0.01848583588552514187 0.00000000099999999999 0.00000000099999999999 0.00000000099999999999 
0.00000000099999999985 0.99999999400000016969 0.00000000099999999985 0.00000000099999999985 0.00000000099999999985 0.00000000099999999985 0.00000000099999999985 
0.00000000099999999986 0.99999999400000005867 0.00000000099999999986 0.00000000099999999986 0.00000000099999999986 0.00000000099999999986 0.00000000099999999986 
0.18273660858366969073 0.00000000099999999999 0.39929499283273001131 0.00000000099999999999 0.18331804782175295521 0.23465034776184720555 0.00000000099999999999 
0.48718015470296938130 0.00000000099999999999 0.33990357800019688206 0.01912796442982561337 0.13584851782988510704 0.01793978303712317687 0.00000000099999999999 
0.31798368191518677772 0.01406032222822446026 0.37279011754407254120 0.00000000099999999998 0.29516587531251631260 0.00000000099999999998 0.00000000099999999998 
0.32167191397375088924 0.00000000099999999998 0.38670728001262005824 0.00000000099999999998 0.26921966164641764063 0.02240114136721118449 0.00000000099999999998 
0.00000000099999999998 0.00000000099999999998 0.58253981989340375414 0.00000000099999999998 0.41746017510659616523 0.00000000099999999998 0.00000000099999999998 
0.39253694695075952437 0.00000000099999999997 0.43939825332898907462 0.00000000099999999997 0.16806479572025137537 0.00000000099999999997 0.00000000099999999997 
0.47614150211229411269 0.00905441523615798001 0.26974336554704519964 0.00000000099999999998 0.24506071410450283588 0.00000000099999999998 0.00000000099999999998 
0.40014028205862789411 0.00000000099999999999 0.24143456134465482443 0.00425666862252687718 0.33829982105864064845 0.01586866491554968228 0.00000000099999999999 
0.38417394971543061821 0.00000000099999999999 0.35742681105871138003 0.00000000099999999999 0.21129909400864957392 0.04710014221720844330 0.00000000099999999999 
0.00000000099999999995 0.29783346204929145307 0.00000000099999999995 0.00000000099999999995 0.00000000099999999995 0.70216653295070841079 0.00000000099999999995 
0.00000000099999999991 0.99999999400000016969 0.00000000099999999991 0.00000000099999999991 0.00000000099999999991 0.00000000099999999991 0.00000000099999999991 
0.00000000099999999980 0.00000000099999999980 0.00000000099999999980 0.00000000099999999980 0.00000000099999999980 0.00000000099999999980 0.99999999400000005867 
0.00000000099999999997 0.45521615557812566966 0.00000000099999999997 0.00000000099999999997 0.00000000099999999997 0.54478383942187424971 0.00000000099999999997 
0.00000000099999999997 0.51800357611040659389 0.00000000099999999997 0.00000000099999999997 0.00000000099999999997 0.48199641888959349201 0.00000000099999999997 
0.49428161150874555529 0.00000000099999999999 0.22181024278616318091 0.00403081673960131292 0.25962110825152218130 0.02025621871396772467 0.00000000099999999999 
0.00000000099999999961 0.00000000099999999961 0.00000000099999999961 0.00000000099999999961 0.00000000099999999961 0.00000000099999999961 0.99999999400000005867 
0.38578259449321677943 0.00000000099999999999 0.34602886201337107464 0.00279377305682729964 0.26539476743658491076 0.00000000099999999999 0.00000000099999999999 
0.22544849534601310581 0.01780725788548823477 0.41618300750974690505 0.00000000099999999999 0.34056123625875184269 0.00000000099999999999 0.00000000099999999999 
0.35668339693106226873 0.00995038164504723210 0.43624963630612617616 0.00468243647838012273 0.19243414663938429587 0.00000000099999999999 0.00000000099999999999 
0.43606117530074850475 0.00000000100000000000 0.35184207837670133934 0.00068348004538140153 0.18538454658866138081 0.02602871768850718859 0.00000000100000000000 
0.55416586155893587939 0.00000000099999999998 0.00000000099999999998 0.00000000099999999998 0.44583413344106415099 0.00000000099999999998 0.00000000099999999998 
0.32220910149781717413 0.04379290315001604234 0.33460687970470859298 0.00000000099999999999 0.29939111264745821295 0.00000000099999999999 0.00000000099999999999 
0.73899620110740993351 0.00000000099999999999 0.25547164648294173883 0.00000000099999999999 0.00553214840964834538 0.00000000099999999999 0.00000000099999999999 
0.98956139610060878109 0.01043859889939130828 0.00000000099999999998 0.00000000099999999998 0.00000000099999999998 0.00000000099999999998 0.00000000099999999998 
0.45351289006003953075 0.00894247843502206201 0.51159758996073867454 0.02488449814111803535 0.00106254140308159172 0.00000000100000000000 0.00000000100000000000 
0.21249035862679646613 0.00000000099999999999 0.50652963983702825601 0.00902323595424014621 0.27173449873965394019 0.00022226484228108343 0.00000000099999999999 
0.60323124396823857296 0.00000000099999999998 0.26279742972716857441 0.00000000099999999998 0.13397132230459279922 0.00000000099999999998 0.00000000099999999998 
0.95501710455509936093 0.03272838346867927573 0.00000000099999999999 0.01225450797622129606 0.00000000099999999999 0.00000000099999999999 0.00000000099999999999 
0.36934077940771470328 0.00000000099999999998 0.29314465975767889372 0.00729442395009071137 0.33022013388451565419 0.00000000099999999998 0.00000000099999999998 
0.00000000099999999994 0.00000000099999999994 0.99999999400000005867 0.00000000099999999994 0.00000000099999999994 0.00000000099999999994 0.00000000099999999994 
0.19324427869230054178 0.00000000099999999999 0.53689669820535701472 0.00000000099999999999 0.26985901910234255663 0.00000000099999999999 0.00000000099999999999 
0.32348445822889421164 0.00000000099999999998 0.26058358946665821643 0.00000000099999999998 0.37981095105631829112 0.03612099824812919219 0.00000000099999999998 
0.48542126110488931223 0.01633306153128358251 0.30200107282790517038 0.00000161778678870003 0.19624298474913326462 0.00000000100000000000 0.00000000100000000000 
0.77630221767331408778 0.04476276551739775261 0.00000000099999999999 0.00000000099999999999 0.17893501280928805763 0.00000000099999999999 0.00000000099999999999 
0.37038482802314437459 0.00000000099999999999 0.46920212408960398909 0.00000000099999999999 0.15358192691089392334 0.00683111797635767206 0.00000000099999999999 
0.00000000099999999998 0.01489176661890608509 0.58183763691097112325 0.00000000099999999998 0.40327059247012281284 0.00000000099999999998 0.00000000099999999998 
0.39646423262427454848 0.03626450239833056699 0.32584001011105806489 0.00034212634937507330 0.17333616379747279757 0.00000000100000000000 0.06775296371948899554 
0.54173036212623293384 0.00169029231036700220 0.29182008784533974843 0.00000000099999999998 0.16475925471806032729 0.00000000099999999998 0.00000000099999999998 
0.31611276151547385016 0.00000000099999999998 0.31140481501386302332 0.00000000099999999998 0.35428481934950534216 0.01819760112115789349 0.00000000099999999998 
0.00000000099999999992 0.00000000099999999992 0.00000000099999999992 0.00000000099999999992 0.99999999400000005867 0.00000000099999999992 0.00000000099999999992 
0.54654587062149073695 0.00000000099999999999 0.34005984945967293598 0.01501241791385772399 0.09838185900497854741 0.00000000099999999999 0.00000000099999999999 
0.00000000099999999992 0.00000000099999999992 0.00000000099999999992 0.00000000099999999992 0.99999999399999994765 0.00000000099999999992 0.00000000099999999992 
0.44866348706069369978 0.00000000099999999999 0.08503190301632093662 0.00000000099999999999 0.46630460592298539346 0.00000000099999999999 0.00000000099999999999 
0.27568085543806797322 0.00000000099999999998 0.33638430603338126401 0.00376966909997163884 0.36052261318267819767 0.02364255424590089305 0.00000000099999999998 
0.00000000099999999993 0.00000000099999999993 0.99999999399999994765 0.00000000099999999993 0.00000000099999999993 0.00000000099999999993 0.00000000099999999993 
0.00000000099999999993 0.00000000099999999993 0.99999999400000005867 0.00000000099999999993 0.00000000099999999993 0.00000000099999999993 0.00000000099999999993 
0.00000000099999999989 0.99999999400000016969 0.00000000099999999989 0.00000000099999999989 0.00000000099999999989 0.00000000099999999989 0.00000000099999999989 
0.00000000099999999997 0.49701766066117170073 0.00000000099999999997 0.00000000099999999997 0.00000000099999999997 0.50298233433882810761 0.00000000099999999997 
0.00000000099999999974 0.00000000099999999974 0.00000000099999999974 0.00000000099999999974 0.00000000099999999974 0.00000000099999999974 0.99999999400000005867 
0.00000000099999999968 0.00000000099999999968 0.00000000099999999968 0.99999999399999994765 0.00000000099999999968 0.00000000099999999968 0.00000000099999999968 
0.04690149099321491016 0.48432779805648934479 0.00000000099999999999 0.03754002851305106303 0.00000000099999999999 0.43123067943724457951 0.00000000099999999999 
0.67730972115388077270 0.00000000099999999997 0.00000000099999999997 0.00000000099999999997 0.30894330415805471013 0.01374697068806461815 0.00000000099999999997 
0.00000000099999999995 0.00000000099999999995 0.99999999400000005867 0.00000000099999999995 0.00000000099999999995 0.00000000099999999995 0.00000000099999999995 
0.00000000099999999997 0.58043669875239467526 0.00000000099999999997 0.00000000099999999997 0.00000000099999999997 0.41956329624760541064 0.00000000099999999997 
0.58447130911539779685 0.00000000099999999998 0.22222451309837734645 0.00000000099999999998 0.17146995790142835481 0.02183421688479656939 0.00000000099999999998 
0.00000000099999999995 0.00000000099999999995 0.99999999399999994765 0.00000000099999999995 0.00000000099999999995 0.00000000099999999995 0.00000000099999999995 
0.99999999400000005867 0.00000000099999999996 0.00000000099999999996 0.00000000099999999996 0.00000000099999999996 0.00000000099999999996 0.00000000099999999996 
0.00000000099999999965 0.00000000099999999965 0.00000000099999999965 0.00000000099999999965 0.00000000099999999965 0.00000000099999999965 0.99999999399999994765 
0.00000000099999999967 0.00000000099999999967 0.00000000099999999967 0.00000000099999999967 0.00000000099999999967 0.00000000099999999967 0.99999999399999994765 
0.00000000099999999961 0.00000000099999999961 0.00000000099999999961 0.00000000099999999961 0.00000000099999999961 0.00000000099999999961 0.99999999400000005867 
0.00000000099999999962 0.00000000099999999962 0.00000000099999999962 0.00000000099999999962 0.00000000099999999962 0.00000000099999999962 0.99999999399999994765 
0.00000000099999999963 0.00000000099999999963 0.00000000099999999963 0.00000000099999999963 0.00000000099999999963 0.00000000099999999963 0.99999999400000005867 
0.00000000099999999990 0.99999999400000016969 0.00000000099999999990 0.00000000099999999990 0.00000000099999999990 0.00000000099999999990 0.00000000099999999990 
0.99999999400000005867 0.00000000099999999997 0.00000000099999999997 0.00000000099999999997 0.00000000099999999997 0.00000000099999999997 0.00000000099999999997 
0.00000000099999999963 0.00000000099999999963 0.00000000099999999963 0.00000000099999999963 0.00000000099999999963 0.00000000099999999963 0.99999999399999994765 
0.00000000099999999968 0.00000000099999999968 0.00000000099999999968 0.00000000099999999968 0.00000000099999999968 0.00000000099999999968 0.99999999400000005867 
0.00000000099999999967 0.00000000099999999967 0.00000000099999999967 0.99999999399999994765 0.00000000099999999967 0.00000000099999999967 0.00000000099999999967 
0.00000000099999999967 0.00000000099999999967 0.00000000099999999967 0.99999999399999994765 0.00000000099999999967 0.00000000099999999967 0.00000000099999999967 
0.64356813389080069765 0.00000000099999999997 0.00000000099999999997 0.00000000099999999997 0.35643186110919933274 0.00000000099999999997 0.00000000099999999997 
0.00000000099999999965 0.00000000099999999965 0.00000000099999999965 0.00000000099999999965 0.00000000099999999965 0.00000000099999999965 0.99999999400000005867 
0.50698591294930694939 0.00000000099999999999 0.21588021308253912967 0.00000000099999999999 0.25626410859534815012 0.02086976237280569607 0.00000000099999999999 
0.99999999400000016969 0.00000000099999999996 0.00000000099999999996 0.00000000099999999996 0.00000000099999999996 0.00000000099999999996 0.00000000099999999996 
0.00000000099999999998 0.55514592183069422227 0.00000000099999999998 0.00000000099999999998 0.02320048636107106821 0.42165358780823469775 0.00000000099999999998 
0.38985986108463804856 0.00957224806045199605 0.33315351808445781145 0.00000000099999999998 0.26741403431444804584 0.00000033645600406244 0.00000000099999999998 
0.00000000099999999989 0.00000000099999999989 0.00000000099999999989 0.00000000099999999989 0.00000000099999999989 0.99999999400000005867 0.00000000099999999989 
0.00000000099999999993 0.00000000099999999993 0.00000000099999999993 0.00000000099999999993 0.99999999400000005867 0.00000000099999999993 0.00000000099999999993 
0.00000000099999999994 0.23911328509789464558 0.00000000099999999994 0.00000000099999999994 0.00000000099999999994 0.76088670990210538481 0.00000000099999999994 
0.36570662187301478108 0.01525025476054025532 0.29366177400241022521 0.01434041766396432563 0.31104092970007041208 0.00000000099999999999 0.00000000099999999999 
0.38337534767297792859 0.00000000099999999999 0.34272638965265606048 0.01110669225782068281 0.26279156741654535745 0.00000000099999999999 0.00000000099999999999 
0.00000000099999999968 0.00000000099999999968 0.00000000099999999968 0.00000000099999999968 0.00000000099999999968 0.00000000099999999968 0.99999999399999994765 
0.00000000099999999991 0.00000000099999999991 0.00000000099999999991 0.00000000099999999991 0.00000000099999999991 0.99999999399999994765 0.00000000099999999991 
0.00000000099999999963 0.00000000099999999963 0.00000000099999999963 0.00000000099999999963 0.00000000099999999963 0.00000000099999999963 0.99999999399999994765 
0.00000000099999999963 0.00000000099999999963 0.00000000099999999963 0.00000000099999999963 0.00000000099999999963 0.00000000099999999963 0.99999999400000005867 
0.71383496226915099658 0.00000000099999999999 0.00000000099999999999 0.00000000099999999999 0.28100604266375983631 0.00515899106708908855 0.00000000099999999999 
0.28871615656700638786 0.00138442645321442282 0.39686539778763779696 0.00000000099999999998 0.28787145340452080511 0.02516256378762045387 0.00000000099999999998 
0.47729477195904757014 0.00000034127393496362 0.52270488276701754238 0.00000000099999999997 0.00000000099999999997 0.00000000099999999997 0.00000000099999999997 
0.00000000099999999997 0.00000000099999999997 0.55372267921613549380 0.00000000099999999997 0.44627731578386453659 0.00000000099999999997 0.00000000099999999997 
0.47601239063741618285 0.00754761272021112553 0.37069628697716960897 0.01138403329479500264 0.13435967437040796657 0.00000000099999999999 0.00000000099999999999 
0.00000000099999999995 0.00000000099999999995 0.99999999400000005867 0.00000000099999999995 0.00000000099999999995 0.00000000099999999995 0.00000000099999999995 
0.48753911128394933350 0.00000000099999999998 0.22156965182265683789 0.00000000099999999998 0.29089123289339380296 0.00000000099999999998 0.00000000099999999998 
0.00000000099999999994 0.00000000099999999994 0.00000000099999999994 0.00000000099999999994 0.00000000099999999994 0.99999999400000005867 0.00000000099999999994 
0.40162730208708874446 0.00000000099999999998 0.44309276820590631774 0.00000000099999999998 0.15527992570700491215 0.00000000099999999998 0.00000000099999999998 
0.00000000099999999963 0.00000000099999999963 0.00000000099999999963 0.00000000099999999963 0.00000000099999999963 0.00000000099999999963 0.99999999400000005867 
0.99999999400000005867 0.00000000099999999997 0.00000000099999999997 0.00000000099999999997 0.00000000099999999997 0.00000000099999999997 0.00000000099999999997 
0.00000000099999999988 0.00000000099999999988 0.00000000099999999988 0.00000000099999999988 0.00000000099999999988 0.00000000099999999988 0.99999999400000005867 
0.00000000099999999968 0.00000000099999999968 0.00000000099999999968 0.00000000099999999968 0.00000000099999999968 0.00000000099999999968 0.99999999399999994765 
0.77328912422640372348 0.00000000099999999998 0.19239953356338568291 0.00000000099999999998 0.00000000099999999998 0.03431133821021063735 0.00000000099999999998 
0.00000000099999999992 0.00000000099999999992 0.00000000099999999992 0.00000000099999999992 0.99999999399999994765 0.00000000099999999992 0.00000000099999999992 
0.99988428383091598750 0.00000000099999999997 0.00000000099999999997 0.00000000099999999997 0.00000000099999999997 0.00011571116908403264 0.00000000099999999997 
0.00000000099999999971 0.00000000099999999971 0.00000000099999999971 0.00000000099999999971 0.00000000099999999971 0.00000000099999999971 0.99999999399999994765 
0.00000000099999999994 0.53742634208906681081 0.00000000099999999994 0.00000000099999999994 0.00000000099999999994 0.46257365291093321957 0.00000000099999999994 
0.00000000099999999987 0.99999999400000016969 0.00000000099999999987 0.00000000099999999987 0.00000000099999999987 0.00000000099999999987 0.00000000099999999987 
0.00000000099999999968 0.00000000099999999968 0.00000000099999999968 0.00000000099999999968 0.00000000099999999968 0.00000000099999999968 0.99999999399999994765 
0.00000000099999999995 0.00000000099999999995 0.99999999400000005867 0.00000000099999999995 0.00000000099999999995 0.00000000099999999995 0.00000000099999999995 
0.52257409998633153059 0.00000228839688174165 0.26367578725523971306 0.01141366563440158501 0.16175556988918485257 0.04057858783796049196 0.00000000100000000000 
0.00000000099999999969 0.00000000099999999969 0.00000000099999999969 0.00000000099999999969 0.00000000099999999969 0.00000000099999999969 0.99999999399999994765 
0.00000000099999999992 0.00000000099999999992 0.00000000099999999992 0.00000000099999999992 0.99999999400000005867 0.00000000099999999992 0.00000000099999999992 
0.00000000099999999991 0.00000000099999999991 0.00000000099999999991 0.00000000099999999991 0.00000000099999999991 0.99999999399999994765 0.00000000099999999991 
0.00000000099999999999 0.25383676998354798293 0.53632293630841976206 0.10451582967468499297 0.00000000099999999999 0.00000000099999999999 0.10532446103334736076 
0.00000000099999999996 0.00000000099999999996 0.99999999399999994765 0.00000000099999999996 0.00000000099999999996 0.00000000099999999996 0.00000000099999999996 
0.00000000099999999999 0.00000000099999999999 0.71508258069124608358 0.00246191907443387824 0.24943186053242061284 0.03302363670189937400 0.00000000099999999999 
0.29736476221426855204 0.00000000099999999999 0.49538536795097609655 0.01072446823829308060 0.19504231353539414062 0.00148308606106801371 0.00000000099999999999 
0.51675940436463985161 0.00318498741173760518 0.20998828162841270961 0.00919250624649398974 0.26087481834871606434 0.00000000099999999999 0.00000000099999999999 
0.00000000099999999996 0.00000000099999999996 0.47927889124051170633 0.00000000099999999996 0.52072110375948832406 0.00000000099999999996 0.00000000099999999996 
0.17482853662648015214 0.00000000099999999999 0.40842185153586008095 0.00000000099999999999 0.41674960783765974126 0.00000000099999999999 0.00000000099999999999 
0.00000000099999999999 0.00437769425636285164 0.46339601082476472582 0.00039453485050026189 0.53183175706837204633 0.00000000099999999999 0.00000000099999999999 
0.40875191944078870243 0.00000000100000000000 0.29515895076215836745 0.00280940181607865864 0.26307120621881902034 0.02340477484826990195 0.00680374591388518274 
0.00000000099999999991 0.00000000099999999991 0.00000000099999999991 0.00000000099999999991 0.00000000099999999991 0.99999999400000005867 0.00000000099999999991 
0.64634044385815192513 0.01757269669520079847 0.00000000099999999998 0.00000000099999999998 0.33608685544664729239 0.00000000099999999998 0.00000000099999999998 
0.80806799493119985112 0.00000000099999999998 0.00000000099999999998 0.00000000099999999998 0.19193200006880031805 0.00000000099999999998 0.00000000099999999998 
0.40130036940402591394 0.01347017217819690589 0.25135323611305199210 0.00000000099999999999 0.30438437560832387607 0.02949184469640128703 0.00000000099999999999 
0.99227497432762734597 0.00772502067237274253 0.00000000099999999996 0.00000000099999999996 0.00000000099999999996 0.00000000099999999996 0.00000000099999999996 
0.00000000099999999995 0.00000000099999999995 0.99999999400000005867 0.00000000099999999995 0.00000000099999999995 0.00000000099999999995 0.00000000099999999995 
0.59552674010297601548 0.00000000099999999997 0.40447325489702401491 0.00000000099999999997 0.00000000099999999997 0.00000000099999999997 0.00000000099999999997 
0.30181791203689789516 0.00437945980710522514 0.23984691360657919845 0.00000000099999999999 0.45120598373949044602 0.00274972880992736942 0.00000000099999999999 
0.00000000099999999993 0.00000000099999999993 0.00000000099999999993 0.00000000099999999993 0.00000000099999999993 0.99999999399999994765 0.00000000099999999993 
0.27710343799631786954 0.01893487561485646814 0.54813022987304504952 0.01520592370429454249 0.14062553081148621015 0.00000000099999999999 0.00000000099999999999 
0.42759408160595729909 0.00850704736470510314 0.33753652195824468407 0.00795595195474081349 0.21840639511635207004 0.00000000099999999999 0.00000000099999999999 
0.37435148283671365599 0.00000000100000000000 0.30403924062733295175 0.00000000100000000000 0.30414559885052466770 0.00824241809550632643 0.00922125758992239572 
0.00000000099999999997 0.28508834548345723947 0.00000000099999999997 0.00000000099999999997 0.00000000099999999997 0.71491164951654251336 0.00000000099999999997 
0.41535802799795062956 0.00000000099999999999 0.54895350338412862712 0.00000000099999999999 0.00000000099999999999 0.01832946083727828024 0.01735900478064262772 
0.00000000099999999999 0.00161790451914617817 0.62465239255569349197 0.00000000099999999999 0.37372969892516028079 0.00000000099999999999 0.00000000099999999999 
0.25867322895564404117 0.19626705387643858525 0.00000000099999999999 0.00426693886711880868 0.25418016655710268248 0.28661260974369573429 0.00000000099999999999 
0.44028991368643011217 0.00000000099999999997 0.27284105546350290172 0.00000000099999999997 0.25304752091176174744 0.03382150693830521249 0.00000000099999999997 
0.00000000099999999970 0.00000000099999999970 0.00000000099999999970 0.00000000099999999970 0.00000000099999999970 0.00000000099999999970 0.99999999400000005867 
0.57246044516026917126 0.01530897328605732542 0.00000000099999999999 0.01216844107348886463 0.40006213748018465415 0.00000000099999999999 0.00000000099999999999 
0.33724725078262784983 0.00000000099999999999 0.27405540972728259508 0.00000000099999999999 0.36110863332996501196 0.02758870316012438512 0.00000000099999999999 
