0.00595345675684150460 0.02864976443966966296 0.96539677880348884198 
0.00000000099999999998 0.00000000099999999998 0.99999999799999994554 
0.00000000099999999998 0.00398348202986053244 0.99601651697013948716 
0.00000000100000000000 0.00554792463933651524 0.99445207436066362927 
0.00067468450173384083 0.01561112870015306936 0.98371418679811306607 
0.00000000099999999999 0.00745915561354715522 0.99254084338645276464 
0.00000000099999999999 0.01274020780748340124 0.98725979119251661142 
0.00000000099999999999 0.01009655133477327729 0.98990344766522686548 
0.00000000099999999999 0.02556111746389899686 0.97443888153610092040 
0.00000000099999999999 0.00309742573117811589 0.99690257326882192324 
0.00000000100000000000 0.01508225875074203741 0.98491774024925804465 
0.00000000099999999999 0.01615054987359576533 0.98384944912640415193 
0.00007544285584498455 0.01052688148149447805 0.98939767566266045851 
0.00000128118434133194 0.02113593004003291864 0.97886278877562571399 
0.00782817209685856066 0.02642306411267318286 0.96574876379046814545 
0.00000000100000000000 0.03685025085984058868 0.96314974814015930082 
0.00000000100000000000 0.00436233050766905717 0.99563766849233092948 
0.00976388462858339239 0.01133282434682318478 0.97890329102459339161 
0.00931955965255177286 0.01389333016073377933 0.97678711018671449118 
0.00000000099999999998 0.00876989070620119021 0.99123010829379876174 
0.00065957506851527421 0.00254967818784931129 0.99679074674363543629 
0.00000000099999999999 0.01161597786181733753 0.98838402113818268901 
0.00000000100000000000 0.00037230050379922754 0.99962769849620070062 
0.00000000099999999999 0.00846222627916928122 0.99153777272083065686 
0.00000000099999999999 0.00637629023873250052 0.99362370876126759889 
0.00044627174995364572 0.00638711869485239590 0.99316660955519397991 
0.00000000099999999992 0.99999999799999994554 0.00000000099999999992 
0.00000000099999999991 0.99999999800000005656 0.00000000099999999991 
0.00144305641140887861 0.01688038003823951957 0.98167656355035159965 
0.00000000100000000000 0.01615091250831226372 0.98384908649168778538 
0.00000000100000000000 0.00473937402867495496 0.99526062497132505857 
0.00000000099999999999 0.01064930771898754160 0.98935069128101249536 
0.00000000099999999997 0.36445417307308419774 0.63554582592691566401 
0.00000000099999999999 0.00587820676689632289 0.99412179223310370713 
0.99999999800000005656 0.00000000099999999992 0.00000000099999999992 
0.99999999800000005656 0.00000000099999999989 0.00000000099999999989 
0.99999999799999994554 0.00000000099999999989 0.00000000099999999989 
0.00000000099999999993 0.99999999799999994554 0.00000000099999999993 
0.00000000099999999992 0.99999999799999994554 0.00000000099999999992 
0.00000000099999999999 0.01090115118040359612 0.98909884781959644950 
0.00000000099999999999 0.01244918643434952260 0.98755081256565047099 
0.00000000099999999992 0.99999999800000005656 0.00000000099999999992 
0.00000000099999999999 0.01542642765182318694 0.98457357134817680144 
0.00000000099999999999 0.01018776299166772661 0.98981223600833212473 
0.00000000099999999993 0.99999999799999994554 0.00000000099999999993 
0.00000000099999999999 0.01124847404880679157 0.98875152495119322804 
0.00000000099999999992 0.99999999799999994554 0.00000000099999999992 
0.00000000099999999999 0.00984313988237442254 0.99015685911762563176 
0.00000000099999999998 0.00000000099999999998 0.99999999800000005656 
0.00000000099999999991 0.99999999799999994554 0.00000000099999999991 
0.00000000099999999992 0.99999999800000005656 0.00000000099999999992 
0.00000000099999999998 0.00000000099999999998 0.99999999799999994554 
0.00000000099999999999 0.00451291234539430430 0.99548708665460561296 
0.00000000099999999999 0.00009425880150658718 0.99990574019849354226 
0.00000000099999999993 0.99999999799999994554 0.00000000099999999993 
0.00021775845714445646 0.02054085440287135508 0.97924138713998420958 
0.00027881491772461430 0.02871553567415553732 0.97100564940811984194 
0.00025496575498213032 0.00000192546616092293 0.99974310877885685933 
0.00000000100000000000 0.00790479946397168107 0.99209519953602831599 
0.00000000099999999999 0.00208594733202848879 0.99791405166797142456 
0.00704790365427609544 0.01293603492089412908 0.98001606142482977635 
0.99999999800000005656 0.00000000099999999991 0.00000000099999999991 
0.00000000099999999999 0.01056378834946237674 0.98943621065053755093 
0.99999999799999994554 0.00000000099999999991 0.00000000099999999991 
0.00001171539589527388 0.00778300619300147621 0.99220527841110328637 
0.99999999799999994554 0.00000000099999999991 0.00000000099999999991 
0.00000000099999999999 0.00617535576612654978 0.99382464323387353922 
0.00484551763023243365 0.01500969893245854454 0.98014478343730904175 
0.00000000099999999999 0.00740295784696824982 0.99259704115303171168 
0.00000000099999999999 0.00000000118637557466 0.99999999781362436391 
0.99999999799999994554 0.00000000099999999991 0.00000000099999999991 
0.99999999800000005656 0.00000000099999999992 0.00000000099999999992 
0.00000000100000000000 0.01851410345477872907 0.98148589554522125411 
0.00000000099999999999 0.00000000099999999999 0.99999999799999994554 
0.00000000099999999993 0.99999999800000005656 0.00000000099999999993 
0.00000000099999999999 0.00000212168873835911 0.99999787731126166257 
0.00668641963352038099 0.00007788220523986396 0.99323569816123979948 
0.99999999799999994554 0.00000000099999999990 0.00000000099999999990 
0.00000000099999999991 0.99999999799999994554 0.00000000099999999991 
0.99999999800000005656 0.00000000099999999992 0.00000000099999999992 
0.00712339829379911912 0.02396170112171627092 0.96891490058448448419 
0.00000000099999999999 0.01779013292302845939 0.98220986607697147175 
0.00000000100000000000 0.00000006477595916114 0.99999993422404076515 
0.00000000099999999999 0.00849318169029356258 0.99150681730970635641 
0.00000000100000000000 0.02816247454181975210 0.97183752445818027965 
0.00000000099999999999 0.00479691685726400373 0.99520308214273611735 
0.00000000186917105610 0.00000000164108899447 0.99999999648973991739 
0.00000008044965704588 0.00533177520918911348 0.99466814434115380372 
0.00000000099999999999 0.00000245148880565910 0.99999754751119429574 
0.00000000099999999999 0.00464106584376499168 0.99535893315623502620 
0.00000000099999999999 0.00777936554533618756 0.99222063345466371409 
0.00015198169989625673 0.00192919334640635613 0.99791882495369743644 
0.00000000099999999998 0.00000000099999999998 0.99999999800000005656 
0.00000002131787081760 0.00509128380697124617 0.99490869487515798397 
0.99999999799999994554 0.00000000099999999995 0.00000000099999999995 
0.00000000099999999999 0.01873919485711564650 0.98126080414288430198 
0.00000000099999999999 0.00751114986839556027 0.99248884913160440036 
0.00000000099999999999 0.01278332797974847043 0.98721667102025145724 
0.99999999800000005656 0.00000000099999999989 0.00000000099999999989 
0.00127945242730144438 0.01339595149344042710 0.98532459607925815259 
0.00000000099999999999 0.01643230833310450542 0.98356769066689553327 
0.00897076595911759644 0.01579498029218935617 0.97523425374869310289 
0.00002000062840646660 0.01180454769876928579 0.98817545167282427876 
0.00622470986103565872 0.00162450439646893378 0.99215078574249537802 
0.00040906299020392419 0.00499668778626499548 0.99459424922353112386 
0.00000000100000000000 0.01278818902846360663 0.98721180997153634706 
0.00000011510328885803 0.01323783587979815955 0.98676204901691300098 
0.00478929127645911536 0.03690330371998801207 0.95830740500355293676 
0.00000000100000000000 0.01783992949538808909 0.98216006950461198777 
0.00000000099999999999 0.00000017040245565096 0.99999982859754443787 
0.00564483448801547140 0.03021895220842772331 0.96413621330355681049 
0.00000000099999999999 0.01807939515746947653 0.98192060384253054828 
0.00319013588345631264 0.00672055126859952279 0.99008931284794421401 
0.00000000100000000000 0.00431015643533620447 0.99568984256466386285 
0.00000000563716039633 0.00014518525554733651 0.99985480910729229720 
0.00000000178738667533 0.01509060825471436433 0.98490938995789900634 
0.00129202045259157691 0.00015502773961856666 0.99855295180778980146 
0.00000000099999999999 0.00241890452897290708 0.99758109447102705225 
0.00000000099999999999 0.00545099509199010665 0.99454900390800993204 
0.06831088986203667779 0.01099421766935697146 0.92069489246860636289 
0.00000000099999999999 0.00034054637504722516 0.99965945262495270462 
0.00000000099999999999 0.00001698299808104230 0.99998301600191896732 
0.00000000099999999999 0.00025882342690297872 0.99974117557309705173 
0.00000000099999999999 0.02776325997338902757 0.97223673902661100765 
0.00000002350995449839 0.00000000099999999999 0.99999997549004560060 
0.00770611024218478390 0.01198922353458185472 0.98030466622323342296 
0.00000000099999999999 0.00535329554431727712 0.99464670345568262366 
0.00000025030791703713 0.00809863304653443694 0.99190111664554847515 
0.00000000099999999999 0.00000053144316392283 0.99999946755683610800 
0.00000000099999999998 0.00000000099999999998 0.99999999799999994554 
0.00000000100000000000 0.01317899410123034992 0.98682100489876967142 
0.99999999800000005656 0.00000000099999999992 0.00000000099999999992 
0.00000000099999999991 0.99999999799999994554 0.00000000099999999991 
0.00000000100000000000 0.04233243142574831530 0.95766756757425175461 
0.00000000119355555732 0.00000000099999999999 0.99999999780644444058 
0.00000020073987338883 0.00293027625032794793 0.99706952300979856396 
0.00000000099999999999 0.01606638808526938966 0.98393361091473052760 
0.00000003178006716220 0.00009982975549536943 0.99990013846443748236 
0.00000000099999999999 0.01742346335531573184 0.98257653564468416807 
0.00000000099999999999 0.00526331320534656564 0.99473668579465335249 
0.99999999800000005656 0.00000000099999999990 0.00000000099999999990 
0.99999999800000005656 0.00000000099999999991 0.00000000099999999991 
0.99999999799999994554 0.00000000099999999989 0.00000000099999999989 
0.99999999799999994554 0.00000000099999999990 0.00000000099999999990 
0.99999999799999994554 0.00000000099999999989 0.00000000099999999989 
0.00000003017305423459 0.01880798606655218266 0.98119198376039362675 
0.00054274474402029726 0.01844777268901377082 0.98100948256696596239 
0.99999999800000005656 0.00000000099999999990 0.00000000099999999990 
0.99999999799999994554 0.00000000099999999991 0.00000000099999999991 
0.00000000099999999991 0.99999999800000005656 0.00000000099999999991 
0.00000000099999999991 0.99999999799999994554 0.00000000099999999991 
0.00004840278304806799 0.00645925242236657180 0.99349234479458525815 
0.99999999800000005656 0.00000000099999999990 0.00000000099999999990 
0.00666176779867176140 0.00001503244070933098 0.99332319976061889122 
0.00000000100578412716 0.00811622525881715816 0.99188377373539882154 
0.00000000100000000000 0.01801712842230927467 0.98198287057769073627 
0.00000000099999999999 0.00143337150041050396 0.99856662749958957637 
0.00000000099999999999 0.00427314993476821808 0.99572684906523178938 
0.00000000099999999999 0.01122649209258357039 0.98877350690741649952 
0.00000000099999999998 0.00000013714005811252 0.99999986185994194088 
0.00014988868899918994 0.02546835200778493902 0.97438175930321591078 
0.00000000100000000000 0.01734927701420429375 0.98265072198579583862 
0.99999999800000005656 0.00000000099999999992 0.00000000099999999992 
0.00000000100000000000 0.00245063161463777253 0.99754936738536226226 
0.99999999800000005656 0.00000000099999999990 0.00000000099999999990 
0.99999999799999994554 0.00000000099999999989 0.00000000099999999989 
0.00000522799344652946 0.00762732168631255741 0.99236745032024087365 
0.00000000099999999999 0.00309478297575236511 0.99690521602424764236 
0.00000000099999999999 0.00028467688493518561 0.99971532211506486387 
0.00000000117372758710 0.00553036865471843563 0.99446963017155398656 
0.00000000099999999999 0.02085198285626046685 0.97914801614373958571 
0.00000000099999999999 0.01208797824531706797 0.98791202075468298460 
0.00158736910159067396 0.00797185211454361740 0.99044077878386571623 
0.00000000099999999999 0.00364208306997867775 0.99635791593002120958 
0.00000000099999999999 0.00685286370042068656 0.99314713529957920901 
0.99999999799999994554 0.00000000099999999990 0.00000000099999999990 
0.00002305755144065955 0.00673560880136257496 0.99324133364719680017 
0.99999999800000005656 0.00000000099999999997 0.00000000099999999997 
0.99999999800000005656 0.00000000099999999991 0.00000000099999999991 
0.00000000100000000000 0.00587061133122666022 0.99412938766877323449 
0.00000000100000000000 0.01313601007164155732 0.98686398892835858199 
0.00383847243833209534 0.00000001533683635791 0.99616151222483162453 
0.99999999800000005656 0.00000000099999999992 0.00000000099999999992 
0.00000000099999999999 0.00014154232032322062 0.99985845667967665484 
0.00000000099999999999 0.00000031280147843922 0.99999968619852153129 
0.99999999799999994554 0.00000000099999999991 0.00000000099999999991 
0.00000000100000000000 0.01315820927506534781 0.98684178972493474813 
0.00000000100000000000 0.01731675416481381208 0.98268324483518632029 
0.99999999800000005656 0.00000000099999999991 0.00000000099999999991 
0.00000000099999999999 0.01469016727169855652 0.98530983172830144401 
0.00000000099999999999 0.00000000099999999999 0.99999999800000005656 
0.10610012551916876700 0.11566523818646019806 0.77823463629437095168 
0.00849148216307086569 0.00007078667723852337 0.99143773115969058285 
0.00000000099999999999 0.02081166088240286177 0.97918833811759709018 
0.00000000099999999999 0.02235616317465814393 0.97764383582534197803 
0.00000000099999999999 0.01733243508543007294 0.98266756391456988595 
0.00146003184472590997 0.01549792169344121548 0.98304204646183290794 
0.00000005475601464999 0.00000016104635482216 0.99999978419763047022 
0.00000000099999999999 0.01897710699689401925 0.98102289200310599515 
0.00798289124802994965 0.00986626857098016515 0.98215084018098997021 
0.00000000099999999999 0.01188750981599665836 0.98811248918400340635 
0.00000000099999999999 0.01247939488490359267 0.98752060411509634541 
0.00000000140033856481 0.01060022634556286383 0.98939977225409858619 
0.00007319483659339522 0.01197140984140963871 0.98795539532199705413 
0.00000001703395065273 0.00000000099999999999 0.99999998196604933387 
0.00288038283793479524 0.00669377774591201156 0.99042583941615325305 
0.00000004587053584030 0.00126726131217997978 0.99873269281728416225 
0.00000001138071559601 0.00342994218004786383 0.99657004643923652321 
0.00000000099999999999 0.00003549342278710628 0.99996450557721283658 
0.00000000099999999999 0.02488144284617563318 0.97511855615382436735 
0.00000000099999999999 0.01836460180020076105 0.98163539719979908682 
0.01390099351006386479 0.00452020655802550918 0.98157879993191066159 
0.00184820526872105269 0.00000000099999999999 0.99815179373127882467 
0.02162946440870466489 0.00103894028037870997 0.97733159531091651218 
0.00013650606348579360 0.01580036093862592292 0.98406313299788827909 
0.00000000099999999999 0.01657474065129400584 0.98342525834870608836 
0.00000000099999999998 0.00000000099999999998 0.99999999799999994554 
0.99999999800000005656 0.00000000099999999991 0.00000000099999999991 
0.00000000100000000000 0.01992489022976991556 0.98007510877023018558 
0.00000000100000000000 0.01257015383141780844 0.98742984516858212096 
