0.02607636712483197769 0.00034268637558771163 0.96548105743242040866 0.00809988906716003002 
0.00000000099999999996 0.00000000099999999996 0.00000000099999999996 0.99999999699999997382 
0.00000000099999999996 0.00000000099999999996 0.00000000099999999996 0.99999999700000008485 
0.00552795080247810069 0.00000000099999999999 0.95151770681740621693 0.04295434138011582081 
0.01321840512477465493 0.00000000100000000000 0.98627455473598435454 0.00050703913924109504 
0.00638095858005568138 0.00000000099999999999 0.96293743961352928906 0.03068160080641486875 
0.00000000099999999997 0.00000000099999999997 0.00000000099999999997 0.99999999700000008485 
0.00000000099999999995 0.00000000099999999995 0.00000000099999999995 0.99999999700000008485 
0.01972794064454406679 0.00000000099999999999 0.97118749998646014543 0.00908455836899585423 
0.00000000099999999997 0.00000000099999999997 0.00000000099999999997 0.99999999700000008485 
0.01378551678669302089 0.00000000100000000000 0.96833818432097451545 0.01787629789233249542 
0.01152702002765523988 0.00000000099999999999 0.96572140083716573322 0.02275157813517903263 
0.00885891285000690865 0.00000000100000000000 0.98584559857888842682 0.00529548757110465899 
0.01966911221496144696 0.00000000100000000000 0.96958811796541088945 0.01074276881962760860 
0.02163916159017548191 0.00608270872631764409 0.97088228847174429248 0.00139584121176267498 
0.03331907691365820767 0.00000000099999999999 0.90555555722569380794 0.06112536486064795022 
0.00023477080671414010 0.00000000100000000000 0.99211523224802000698 0.00764999594526588611 
0.00655967601444203217 0.00537718354687527836 0.98806313943868273597 0.00000000100000000000 
0.01148850479663758757 0.00816369925347906929 0.97691338338327238233 0.00343441256661087841 
0.00794688928471419705 0.00000000099999999998 0.99109194634253861000 0.00096116337274716735 
0.00001654610783023912 0.00000000100000000000 0.99585117771417730470 0.00413227517799243625 
0.00000000099999999998 0.00000000099999999998 0.00000000678103762066 0.99999999121896243626 
0.00000000099999999999 0.00000000099999999999 0.96957968874058209074 0.03042030925941785133 
0.00410055327442773298 0.00000000099999999999 0.95792220445688058827 0.03797724126869166106 
0.00000035822606460630 0.00000000099999999999 0.96651982994168128549 0.03347981083225420179 
0.00691346073991398920 0.00000000099999999999 0.99308653726008588869 0.00000000099999999999 
0.99999999700000008485 0.00000000099999999988 0.00000000099999999988 0.00000000099999999988 
0.99999999699999997382 0.00000000099999999986 0.00000000099999999986 0.00000000099999999986 
0.01171439392044275156 0.00000000100000000000 0.98277368711353119135 0.00551191796602613047 
0.01501621295998757308 0.00000000099999999999 0.98498378504001238287 0.00000000099999999999 
0.00000000149424824920 0.00000000099999999999 0.97024360626333072677 0.02975639124242101738 
0.00000000099999999998 0.00000000099999999998 0.00000000099999999998 0.99999999699999997382 
0.36100259695509451241 0.00000000099999999997 0.39851060102418600639 0.24048680102071964826 
0.00109138518383686484 0.00000000099999999999 0.99839288532414216526 0.00051572849202093844 
0.00000000099999999986 0.99999999700000008485 0.00000000099999999986 0.00000000099999999986 
0.00000000099999999982 0.99999999700000008485 0.00000000099999999982 0.00000000099999999982 
0.00000000099999999982 0.99999999700000008485 0.00000000099999999982 0.00000000099999999982 
0.99999999699999997382 0.00000000099999999988 0.00000000099999999988 0.00000000099999999988 
0.99999999700000008485 0.00000000099999999987 0.00000000099999999987 0.00000000099999999987 
0.00362231207403477303 0.00000000099999999999 0.99407986492744049301 0.00229782199852484464 
0.00000000099999999998 0.00000000099999999998 0.00000000099999999998 0.99999999700000008485 
0.99999999699999997382 0.00000000099999999987 0.00000000099999999987 0.00000000099999999987 
0.01218268888517913713 0.00000000099999999999 0.95987099323990132671 0.02794631687491971536 
0.00000000099999999996 0.00000000099999999996 0.00000000099999999996 0.99999999699999997382 
0.99999999700000008485 0.00000000099999999989 0.00000000099999999989 0.00000000099999999989 
0.00998824065773643542 0.00000000099999999999 0.97032284697418769159 0.01968891136807593770 
0.99999999700000008485 0.00000000099999999987 0.00000000099999999987 0.00000000099999999987 
0.00000000099999999997 0.00000000099999999997 0.00000000099999999997 0.99999999700000008485 
0.00000000099999999995 0.00000000099999999995 0.00000000099999999995 0.99999999700000008485 
0.99999999699999997382 0.00000000099999999986 0.00000000099999999986 0.00000000099999999986 
0.99999999699999997382 0.00000000099999999987 0.00000000099999999987 0.00000000099999999987 
0.00000000099999999997 0.00000000099999999997 0.00000000099999999997 0.99999999699999997382 
0.00000000099999999996 0.00000000099999999996 0.00000000099999999996 0.99999999699999997382 
0.00000000099999999997 0.00000000099999999997 0.00000000139537888927 0.99999999660462113305 
0.99999999699999997382 0.00000000099999999989 0.00000000099999999989 0.00000000099999999989 
0.01959794620710279128 0.00000000420231730997 0.93162043140677031072 0.04878161818380959136 
0.03020099564149423751 0.00000000100000000000 0.96742482036025179148 0.00237418299825409296 
0.00000000099999999999 0.00000000099999999999 0.97015747667999407966 0.02984252132000591445 
0.00448617067759256218 0.00000000099999999999 0.97786113052719636496 0.01765269779521096843 
0.00000000099999999996 0.00000000099999999996 0.00000000099999999996 0.99999999699999997382 
0.00980559988463838156 0.00161194141593835557 0.98784540939591281017 0.00073704930351051884 
0.00000000099999999985 0.99999999700000008485 0.00000000099999999985 0.00000000099999999985 
0.00934659325106314970 0.00000000099999999998 0.98048392439310105839 0.01016948135583581672 
0.00000000099999999985 0.99999999699999997382 0.00000000099999999985 0.00000000099999999985 
0.00118776118070451089 0.00000000100000000000 0.95206421777405791929 0.04674802004523753718 
0.00000000099999999986 0.99999999699999997382 0.00000000099999999986 0.00000000099999999986 
0.00571040424634789573 0.00000000099999999999 0.98152360459320453501 0.01276599016044756632 
0.01072221587096392793 0.00000011113967807893 0.97377431320604246334 0.01550335978331550749 
0.00000000099999999995 0.00000000099999999995 0.00000000099999999995 0.99999999699999997382 
0.00000000099999999998 0.00000000099999999998 0.99999568015831841183 0.00000431784168155282 
0.00000000099999999985 0.99999999699999997382 0.00000000099999999985 0.00000000099999999985 
0.00000000099999999987 0.99999999699999997382 0.00000000099999999987 0.00000000099999999987 
0.01486709619976575233 0.00000000099999999999 0.89777208893852622484 0.08736081386170792273 
0.00000000099999999995 0.00000000099999999995 0.00000000099999999995 0.99999999700000008485 
0.99999999699999997382 0.00000000099999999989 0.00000000099999999989 0.00000000099999999989 
0.00000000099999999996 0.00000000099999999996 0.00000000099999999996 0.99999999700000008485 
0.00000000100000000000 0.00120442581000655192 0.95663778337248916994 0.04215778981750428062 
0.00000000099999999984 0.99999999699999997382 0.00000000099999999984 0.00000000099999999984 
0.99999999700000008485 0.00000000099999999985 0.00000000099999999985 0.00000000099999999985 
0.00000000099999999987 0.99999999699999997382 0.00000000099999999987 0.00000000099999999987 
0.02165090112281092133 0.00320379938212948670 0.97256386455599341812 0.00258143493906610056 
0.00000000099999999995 0.00000000099999999995 0.00000000099999999995 0.99999999700000008485 
0.00000000099999999996 0.00000000099999999996 0.00000000099999999996 0.99999999700000008485 
0.00461915453871118969 0.00000000099999999999 0.75922752756867417645 0.23615331689261478965 
0.02491067016731926542 0.00000000100000000000 0.96872899336322926267 0.00636033546945140565 
0.00000081343987773843 0.00000000099999999999 0.98512729606825921724 0.01487188949186311372 
0.00000000099999999999 0.00000000099999999999 0.97096288164340815996 0.02903711635659174395 
0.00260661316969134846 0.00000000100000000000 0.99670281463709309300 0.00069057119321552579 
0.00000000099999999998 0.00000000099999999998 0.99999999699999997382 0.00000000099999999998 
0.00080020046334228689 0.00000000099999999999 0.98408265309555265077 0.01511714544110514223 
0.01063553187751367299 0.00000000099999999999 0.97594037186731885658 0.01342409525516737728 
0.00000005572558100091 0.00000000403095903247 0.95794156763982274416 0.04205837260363721325 
0.00000000099999999996 0.00000000099999999996 0.00000000099999999996 0.99999999699999997382 
0.00000000099999999998 0.00000000099999999998 0.00004751819182233356 0.99995247980817758560 
0.00000000099999999991 0.99999999699999997382 0.00000000099999999991 0.00000000099999999991 
0.00000000099999999998 0.00000000099999999998 0.00000000099999999998 0.99999999700000008485 
0.00000000099999999998 0.00000000099999999998 0.00000000665585542061 0.99999999134414452318 
0.01048959228805096400 0.00000000099999999999 0.96189729622349362526 0.02761311048845542862 
0.00000000099999999982 0.99999999699999997382 0.00000000099999999982 0.00000000099999999982 
0.00829132068379946630 0.00000000100000000000 0.99170867402532514312 0.00000000429087536157 
0.00845688793179535242 0.00000000099999999999 0.97011505157999011750 0.02142805948821460346 
0.01003741157158357343 0.00201571265142582454 0.98305494946888638541 0.00489192630810416328 
0.00702776993806042242 0.00000000100000000000 0.96378372046791005445 0.02918850859402946293 
0.00048226501921123488 0.00047696676946051072 0.99194959480271072128 0.00709117340861752099 
0.00011789170450760431 0.00000014844054830951 0.95723926035461015527 0.04264269950033397483 
0.00904820704221739013 0.00000000100000000000 0.98886523580935148381 0.00208655614843102771 
0.01125414986614558729 0.00000000100000000000 0.97201314576976083348 0.01673270336409374628 
0.03206702292173869290 0.00443002590561862499 0.94706328493348090891 0.01643966623916184172 
0.01505160672860172445 0.00000000099999999999 0.97701339468287540235 0.00793499758852299515 
0.00000000099999999999 0.00000000099999999999 0.99915649613005341756 0.00084350186994659000 
0.02871760920572187861 0.00096980211593086600 0.94301779279928077404 0.02729479587906646562 
0.01410339220267043357 0.00000000099999999999 0.98589660579732962820 0.00000000099999999999 
0.00064763833812358888 0.00000000100000000000 0.98430614127963800275 0.01504621938223842798 
0.00149521750746884588 0.00000000099999999999 0.99661024171954026851 0.00189453977299091302 
0.00000000099999999999 0.00000000099999999999 0.96223422990250662146 0.03776576809749319225 
0.01096868128002452016 0.00000000100000000000 0.97007303939801470261 0.01895827832196066848 
0.00000000099999999999 0.00000000099999999999 0.95532205708184503301 0.04467794091815487090 
0.00192412348631775497 0.00000000100000000000 0.99036756404247028307 0.00770831147121204142 
0.00241539200797158838 0.00000000099999999999 0.96806467552284802824 0.02951993146918037089 
0.00712329990364719574 0.06803197720239627377 0.89678663641738798340 0.02805808647656856530 
0.00000000099999999999 0.00000000099999999999 0.99248105285861276670 0.00751894514138722742 
0.00000000099999999998 0.00000000099999999998 0.97805231338030040877 0.02194768461969962697 
0.00000064136160427009 0.00000000099999999998 0.96914378277022383834 0.03085557486817194078 
0.01928858516505430054 0.00000000099999999999 0.97825423418194579206 0.00245717965299977218 
0.00000000099999999998 0.00000000099999999998 0.98168837587165636016 0.01831162212834362008 
0.00852201735637312351 0.00362279182899953589 0.98008633544221002154 0.00776885537241744049 
0.00886803496912175020 0.00000000099999999999 0.97542316876210344301 0.01570879526877490273 
0.00299247396253569291 0.00000000099999999999 0.99700752125965597106 0.00000000377780822567 
0.00000000099999999998 0.00000000099999999998 0.96242857335039422306 0.03757142464960563921 
0.00000000099999999996 0.00000000099999999996 0.00000000099999999996 0.99999999699999997382 
0.00000000099999999998 0.00000000099999999998 0.00000004115530970704 0.99999995684469034085 
0.00000000099999999988 0.99999999699999997382 0.00000000099999999988 0.00000000099999999988 
0.99999999699999997382 0.00000000099999999985 0.00000000099999999985 0.00000000099999999985 
0.03979732044128821838 0.00000000100000000000 0.04629896220302325005 0.91390371635568845576 
0.00000000099999999998 0.00000000099999999998 0.98271006057747700702 0.01728993742252281363 
0.00460087478556719335 0.00000000869364694157 0.96317239637747575909 0.03222672014331003087 
0.00395657730246829625 0.00000000099999999999 0.00000000099999999999 0.99604342069753171174 
0.00000000099999999999 0.00000000099999999999 0.97701945912783427772 0.02298053887216570598 
0.01523663097375703782 0.00000000099999999998 0.98137300817894002058 0.00339035984730304231 
0.00614470958236336753 0.00000000099999999999 0.99385528841763659536 0.00000000099999999999 
0.00000000099999999984 0.99999999699999997382 0.00000000099999999984 0.00000000099999999984 
0.00000000099999999985 0.99999999699999997382 0.00000000099999999985 0.00000000099999999985 
0.00000000099999999982 0.99999999700000008485 0.00000000099999999982 0.00000000099999999982 
0.00000000099999999983 0.99999999700000008485 0.00000000099999999983 0.00000000099999999983 
0.00000000099999999983 0.99999999699999997382 0.00000000099999999983 0.00000000099999999983 
0.00000000099999999998 0.00000000099999999998 0.00000000099999999998 0.99999999699999997382 
0.01465500257636321267 0.00000000100000000000 0.97943634377983679329 0.00590865264380003533 
0.00000000099999999983 0.99999999700000008485 0.00000000099999999983 0.00000000099999999983 
0.00000000099999999985 0.99999999699999997382 0.00000000099999999985 0.00000000099999999985 
0.99999999699999997382 0.00000000099999999985 0.00000000099999999985 0.00000000099999999985 
0.99999999700000008485 0.00000000099999999985 0.00000000099999999985 0.00000000099999999985 
0.00000000099999999999 0.00000000099999999999 0.99997065752037272990 0.00002934047962726942 
0.00000000099999999984 0.99999999699999997382 0.00000000099999999984 0.00000000099999999984 
0.00000000499788162762 0.00007516738856559968 0.97935791716397258000 0.02056691044958009612 
0.00241057598727314375 0.00000000099999999999 0.99758942195935174091 0.00000000105337515247 
0.00000000099999999998 0.00000000099999999998 0.03847089184059700878 0.96152910615940290207 
0.00005784659378839779 0.00000000099999999999 0.98448131432686281084 0.01546083807934871095 
0.00000000099999999995 0.00000000099999999995 0.00000000099999999995 0.99999999700000008485 
0.00888713790100060207 0.00000000099999999999 0.96480938838206320440 0.02630347271693618538 
0.00000000099999999995 0.00000000099999999995 0.00000000099999999995 0.99999999699999997382 
0.02050507172234299416 0.00000000100000000000 0.96286571291224554159 0.01662921436541159662 
0.01617558418212217825 0.00000000100000000000 0.98368413968472900866 0.00014027513314873307 
0.00000000099999999986 0.99999999700000008485 0.00000000099999999986 0.00000000099999999986 
0.00000000099999999996 0.00000000099999999996 0.00000000099999999996 0.99999999700000008485 
0.00000000099999999983 0.99999999699999997382 0.00000000099999999983 0.00000000099999999983 
0.00000000099999999983 0.99999999700000008485 0.00000000099999999983 0.00000000099999999983 
0.00128117613722630321 0.00000000100000000000 0.98552913328276670057 0.01318968958000693754 
0.00057630726585910879 0.00000000099999999999 0.96717052658725144454 0.03225316514688941760 
0.00000000099999999998 0.00000000099999999998 0.98827530610106695264 0.01172469189893291484 
0.00621444846531633410 0.00000000099999999999 0.98853746290281496734 0.00524808763186870777 
0.01581809761809498463 0.00000000099999999999 0.97350208960632444999 0.01067981177558048958 
0.01063222542529516923 0.00000000099999999999 0.96694618856266634221 0.02242158501203845786 
0.00000017551262046952 0.00000000099999999999 0.99999982248737939727 0.00000000099999999999 
0.00000000099999999998 0.00000000099999999998 0.00218447405401770876 0.99781552394598227451 
0.00015771389436581361 0.00000000099999999999 0.99983522488384712901 0.00000706022178700842 
0.00000000099999999983 0.99999999700000008485 0.00000000099999999983 0.00000000099999999983 
0.00336195037200408796 0.00000000100000000000 0.99375858649563864056 0.00287946213235729803 
0.00000000099999999994 0.99999999700000008485 0.00000000099999999994 0.00000000099999999994 
0.00000000099999999985 0.99999999700000008485 0.00000000099999999985 0.00000000099999999985 
0.00002212566202268674 0.00000000099999999999 0.97171352975620817194 0.02826434358176917183 
0.01267737052109941392 0.00000000099999999999 0.98732262747890042753 0.00000000099999999999 
0.00000000100000000000 0.00000579912910919281 0.97549392134093115825 0.02450027852995977778 
0.00000000099999999987 0.99999999699999997382 0.00000000099999999987 0.00000000099999999987 
0.00000000099999999996 0.00000000099999999996 0.00000000099999999996 0.99999999700000008485 
0.00000000099999999996 0.00000000099999999996 0.00000000099999999996 0.99999999700000008485 
0.00000000099999999985 0.99999999700000008485 0.00000000099999999985 0.00000000099999999985 
0.01013596277277391093 0.00000000100000000000 0.97865928074217700683 0.01120475548504912787 
0.01606107556277914378 0.00000000100000000000 0.93984254307337866674 0.04409638036384204429 
0.00000000099999999986 0.99999999700000008485 0.00000000099999999986 0.00000000099999999986 
0.01083959015326320732 0.00000000099999999999 0.97962195423831877061 0.00953845460841801218 
0.00000000099999999995 0.00000000099999999995 0.00000000099999999995 0.99999999700000008485 
0.11194073651763558619 0.10675053107488705062 0.54450388811734307115 0.23680484429013431980 
0.00000000100000000000 0.00458553164689032722 0.96326074569098552036 0.03215372166212399768 
0.01600524142784781265 0.00000000099999999999 0.94587029214216433726 0.03812446542998777776 
0.01842053613058354522 0.00000000099999999999 0.97835593554303845742 0.00322352732637804342 
0.01471946901576432105 0.00000000099999999999 0.98499140614276847749 0.00028912384146721119 
0.00603734553022350785 0.00000000099999999999 0.99396265246977644203 0.00000000099999999999 
0.00000000099999999999 0.00000000099999999999 0.98881093184924317985 0.01118906615075681947 
0.01648855887492494190 0.00000000099999999999 0.97293991184042294407 0.01057152828465207986 
0.00823835121729571927 0.00832910849194545486 0.95663486443142420335 0.02679767585933456181 
0.00000000099999999997 0.00000000099999999997 0.00000000099999999997 0.99999999700000008485 
0.01042250934050120183 0.00000000099999999999 0.96668031785563601765 0.02289717180386283135 
0.01019488696570084417 0.00000000099999999999 0.98980511099313561729 0.00000000104116353528 
0.00556665017085971204 0.00000000100000000000 0.94469275706713162766 0.04974059176200851945 
0.00000000099999999999 0.00000000099999999999 0.97851835399030473450 0.02148164400969522145 
0.00554976954647807674 0.00242772427417859522 0.95466236725548769826 0.03736013892385566665 
0.00057217475602698218 0.00000000099999999999 0.99942582695430359774 0.00000199728966931027 
0.00226038318900402069 0.00000000100000000000 0.97872006901644081900 0.01901954679455513872 
0.00000000099999999998 0.00000000099999999998 0.00204288543946409135 0.99795711256053598603 
0.02087596238587595063 0.00000000099999999999 0.95527435148986517000 0.02384968512425899786 
0.01365057018337571121 0.00000000099999999999 0.97615345147858745278 0.01019597733803695103 
0.00022720662493073808 0.01109730561238958177 0.97402806255340745878 0.01464742520927219717 
0.00000000099999999998 0.00000000099999999998 0.00000010676124017285 0.99999989123875976382 
0.00000013834173557129 0.01927330303780692283 0.95104215692206162114 0.02968440169839581602 
0.01255660460173121246 0.00000000100000000000 0.97413789857126920069 0.01330549582699960647 
0.01192624228646181443 0.00000000099999999999 0.50612061134897601278 0.48195314536456224097 
0.00000000099999999998 0.00000000099999999998 0.96956612405347764039 0.03043387394652238495 
0.00000000099999999986 0.99999999700000008485 0.00000000099999999986 0.00000000099999999986 
0.01978716982546077641 0.00000000099999999999 0.95907352057927408584 0.02113930859526515910 
0.00787529236978925899 0.00000000100000000000 0.96245437893627794335 0.02967032769393275135 
