0.02216732883525318609 0.00026472811867251863 0.44515507293098149910 0.00026375209638648892 0.53214911801870623531 
0.00000000099999999996 0.99999999600000000211 0.00000000099999999996 0.00000000099999999996 0.00000000099999999996 
0.00000000099999999996 0.99999999600000000211 0.00000000099999999996 0.00000000099999999996 0.00000000099999999996 
0.00203480722508971382 0.03554704283116522784 0.37339225331304537470 0.00000000099999999999 0.58902589563069962519 
0.00883462978034083024 0.00000000100000000000 0.42297498547690043358 0.00000000100000000000 0.56819038274275857070 
0.00331458254395667305 0.02401068659677585079 0.41889535940884825571 0.00000000099999999999 0.55377937045041936148 
0.00000000099999999997 0.99999999600000011313 0.00000000099999999997 0.00000000099999999997 0.00000000099999999997 
0.00000000099999999995 0.99999999600000011313 0.00000000099999999995 0.00000000099999999995 0.00000000099999999995 
0.00000000099999999998 0.00000000099999999998 0.99999999599999989108 0.00000000099999999998 0.00000000099999999998 
0.00000000099999999996 0.99999999600000011313 0.00000000099999999996 0.00000000099999999996 0.00000000099999999996 
0.00000000099999999998 0.00000000099999999998 0.00000000099999999998 0.00000000099999999998 0.99999999600000000211 
0.00685602529528915421 0.01413968835511131630 0.46350420832877048394 0.00000000099999999999 0.51550007702082900618 
0.00451509042607278407 0.00000290957581236990 0.42687204062148420558 0.00000000100000000000 0.56860995837663053099 
0.01600962820066250195 0.00289698723335454159 0.40128208819578986555 0.00000000099999999999 0.57981129537019315823 
0.00795452951953838291 0.00000000099999999999 0.00000000099999999999 0.00000000099999999999 0.99204546748046151805 
0.02886096639764818006 0.05323037877792180517 0.34735781073501270644 0.00000000099999999999 0.57055084308941739213 
0.00000000099999999999 0.00000207339223143040 0.45710152132895609522 0.00000000099999999999 0.54289640327881261150 
0.00315030464717919092 0.00000000099999999999 0.33487013936474691045 0.00139589093446479840 0.66058366405360924301 
0.00714385415633772645 0.00000020872214387464 0.48267945995483430011 0.00700096192952961646 0.50317551523715453587 
0.00289110610942039728 0.00000000099999999998 0.36519281392879299197 0.00000000099999999998 0.63191607796178672629 
0.00000000099999999999 0.00000003477848328159 0.31867829532777053325 0.00000000099999999999 0.68132166789374604132 
0.00000000099999999998 0.99999999283607510225 0.00000000099999999998 0.00000000099999999998 0.00000000416392498510 
0.00000000099999999999 0.02092927096779289425 0.48419874769274062754 0.00000000099999999999 0.49487197933946652784 
0.00000000099999999993 0.00000000099999999993 0.99999999599999989108 0.00000000099999999993 0.00000000099999999993 
0.00000000099999999998 0.02732229632866250632 0.36710300577645560427 0.00000000099999999998 0.60557469589488177597 
0.00000000099999999999 0.00000000099999999999 0.58704077789455999525 0.00000000099999999999 0.41295921910543992306 
0.99999999600000000211 0.00000000099999999983 0.00000000099999999983 0.00000000099999999983 0.00000000099999999983 
0.99999999600000000211 0.00000000099999999980 0.00000000099999999980 0.00000000099999999980 0.00000000099999999980 
0.00591882555867420581 0.00000023662957903513 0.52876743354018707066 0.00000000100000000000 0.46531350327155984736 
0.00428190935786032598 0.00000000099999999999 0.61507466214667505522 0.00000000099999999999 0.38064342649546462072 
0.00000000099999999999 0.02025196503064651335 0.31063298266993305541 0.00000000099999999999 0.66911505029942053291 
0.00000000099999999997 0.99999998253142119431 0.00000001446857881794 0.00000000099999999997 0.00000000099999999997 
0.35679620535948003424 0.20372848447971539376 0.43947530816080454530 0.00000000099999999995 0.00000000099999999995 
0.00000000099999999999 0.00000000099999999999 0.44808223348230497018 0.00000000099999999999 0.55191776351769505915 
0.00000000099999999980 0.00000000099999999980 0.00000000099999999980 0.99999999600000000211 0.00000000099999999980 
0.00000000099999999975 0.00000000099999999975 0.00000000099999999975 0.99999999600000000211 0.00000000099999999975 
0.00000000099999999975 0.00000000099999999975 0.00000000099999999975 0.99999999599999989108 0.00000000099999999975 
0.99999999600000000211 0.00000000099999999984 0.00000000099999999984 0.00000000099999999984 0.00000000099999999984 
0.99999999600000011313 0.00000000099999999982 0.00000000099999999982 0.00000000099999999982 0.00000000099999999982 
0.00000000099999999999 0.00000002285738132035 0.29126565029178475008 0.00000000099999999999 0.70873432485083376342 
0.00000000099999999997 0.99999999600000011313 0.00000000099999999997 0.00000000099999999997 0.00000000099999999997 
0.99999999600000011313 0.00000000099999999982 0.00000000099999999982 0.00000000099999999982 0.00000000099999999982 
0.00789872206607660811 0.01889789146325827202 0.48302915942115226544 0.00000000099999999999 0.49017422604951288445 
0.00000000099999999995 0.99999999600000011313 0.00000000099999999995 0.00000000099999999995 0.00000000099999999995 
0.99999999600000011313 0.00000000099999999985 0.00000000099999999985 0.00000000099999999985 0.00000000099999999985 
0.00591847912300527950 0.01067061943572511842 0.44512153347881633358 0.00000000099999999999 0.53828936696245310856 
0.99999999600000011313 0.00000000099999999983 0.00000000099999999983 0.00000000099999999983 0.00000000099999999983 
0.00000000099999999996 0.99999999600000000211 0.00000000099999999996 0.00000000099999999996 0.00000000099999999996 
0.00000000099999999994 0.99999999600000011313 0.00000000099999999994 0.00000000099999999994 0.00000000099999999994 
0.99999999600000000211 0.00000000099999999980 0.00000000099999999980 0.00000000099999999980 0.00000000099999999980 
0.99999999600000000211 0.00000000099999999982 0.00000000099999999982 0.00000000099999999982 0.00000000099999999982 
0.00000000099999999996 0.99999999600000000211 0.00000000099999999996 0.00000000099999999996 0.00000000099999999996 
0.00000000099999999996 0.99999999600000000211 0.00000000099999999996 0.00000000099999999996 0.00000000099999999996 
0.00000000099999999997 0.99999999600000000211 0.00000000099999999997 0.00000000099999999997 0.00000000099999999997 
0.99999999600000011313 0.00000000099999999985 0.00000000099999999985 0.00000000099999999985 0.00000000099999999985 
0.00626927002004950586 0.01849686932054246322 0.00000000099999999999 0.00000000099999999999 0.97523385865940814821 
0.01717343481811869216 0.00000000099999999998 0.00000000099999999998 0.00000000099999999998 0.98282656218188135799 
0.00000000099999999996 0.00000000099999999996 0.00000000099999999996 0.00000000099999999996 0.99999999599999989108 
0.00000000099999999998 0.00000000099999999998 0.00000000357235523904 0.00000000099999999998 0.99999999342764467336 
0.00000000099999999996 0.99999999600000011313 0.00000000099999999996 0.00000000099999999996 0.00000000099999999996 
0.00505918374484469816 0.00000000100000000000 0.43889416356754334947 0.00141715208274451488 0.55462949960486751522 
0.00000000099999999979 0.00000000099999999979 0.00000000099999999979 0.99999999599999989108 0.00000000099999999979 
0.00000000099999999996 0.00000000099999999996 0.00000000099999999996 0.00000000099999999996 0.99999999599999989108 
0.00000000099999999979 0.00000000099999999979 0.00000000099999999979 0.99999999599999989108 0.00000000099999999979 
0.00000000099999999997 0.00000000099999999997 0.99999999600000000211 0.00000000099999999997 0.00000000099999999997 
0.00000000099999999980 0.00000000099999999980 0.00000000099999999980 0.99999999599999989108 0.00000000099999999980 
0.00321834506561042384 0.00435533043282678323 0.42788553015740188323 0.00000000099999999999 0.56454079334416096270 
0.00599804714397523132 0.00697309376951088956 0.50283796570612215859 0.00000000100000000000 0.48419089238039164647 
0.00000000099999999994 0.99999999600000011313 0.00000000099999999994 0.00000000099999999994 0.00000000099999999994 
0.00000000099999999998 0.00000000099999999998 0.43830520820917717728 0.00000000099999999998 0.56169478879082290756 
0.00000000099999999980 0.00000000099999999980 0.00000000099999999980 0.99999999599999989108 0.00000000099999999980 
0.00000000099999999982 0.00000000099999999982 0.00000000099999999982 0.99999999600000000211 0.00000000099999999982 
0.01036375405943752021 0.08018964764158811875 0.37593379743692612038 0.00000000099999999999 0.53351279986204824812 
0.00000000099999999995 0.99999999600000000211 0.00000000099999999995 0.00000000099999999995 0.00000000099999999995 
0.99999999600000000211 0.00000000099999999985 0.00000000099999999985 0.00000000099999999985 0.00000000099999999985 
0.00000000099999999995 0.99999999600000011313 0.00000000099999999995 0.00000000099999999995 0.00000000099999999995 
0.00000000099999999999 0.03050451263094569945 0.56504911220197451271 0.00000000099999999999 0.40444637316707982011 
0.00000000099999999978 0.00000000099999999978 0.00000000099999999978 0.99999999599999989108 0.00000000099999999978 
0.99999999600000011313 0.00000000099999999979 0.00000000099999999979 0.00000000099999999979 0.00000000099999999979 
0.00000000099999999982 0.00000000099999999982 0.00000000099999999982 0.99999999600000000211 0.00000000099999999982 
0.01782653570759375888 0.00000000100000000000 0.52801081539123873032 0.00119964767127690632 0.45296300022989077760 
0.00000000099999999994 0.99999999600000011313 0.00000000099999999994 0.00000000099999999994 0.00000000099999999994 
0.00000000099999999995 0.99999999600000011313 0.00000000099999999995 0.00000000099999999995 0.00000000099999999995 
0.00372637597646686665 0.22776166473062503526 0.28877339816614688850 0.00000000099999999999 0.47973856012676130423 
0.02459894701481590146 0.00014148208327790872 0.64348146983251452991 0.00000000099999999999 0.33177810006939167931 
0.00000000099999999998 0.00194196234634772457 0.30769613638309550874 0.00000000099999999998 0.69036189927055680027 
0.00000000099999999999 0.01424927686232203318 0.52680286362544670453 0.00000000099999999999 0.45894785751223127201 
0.00000048476383754640 0.00000000106201685951 0.38555357489318148323 0.00000000099999999999 0.61444593828096405463 
0.00000000099999999998 0.00000000099999999998 0.37314506592891483194 0.00000000099999999998 0.62685493107108514188 
0.00000000099999999996 0.00000000099999999996 0.00000000099999999996 0.00000000099999999996 0.99999999600000000211 
0.00745781480878668097 0.00540407955547950181 0.47653719973118058295 0.00000000099999999999 0.51060090490455312118 
0.00000000099999999999 0.03247991753118806280 0.53222693843781776479 0.00000000099999999999 0.43529314203099411795 
0.00000000099999999996 0.99999999600000000211 0.00000000099999999996 0.00000000099999999996 0.00000000099999999996 
0.00000000099999999998 0.99997974789011545571 0.00000004198251550765 0.00000000099999999998 0.00002020812736907078 
0.00000000099999999988 0.00000000099999999988 0.00000000099999999988 0.99999999599999989108 0.00000000099999999988 
0.00000000099999999997 0.99999999600000000211 0.00000000099999999997 0.00000000099999999997 0.00000000099999999997 
0.00000000099999999998 0.99999999600000011313 0.00000000099999999998 0.00000000099999999998 0.00000000099999999998 
0.00437669660398747572 0.01862000906979772649 0.45024687843117838781 0.00000000099999999999 0.52675641489503643999 
0.00000000099999999975 0.00000000099999999975 0.00000000099999999975 0.99999999600000000211 0.00000000099999999975 
0.00324626746981894910 0.00000000099999999999 0.41606233731132402642 0.00000000099999999999 0.58069139321885698823 
0.00437692267941997698 0.01299556685257590403 0.41257776314065980339 0.00000000099999999999 0.57004974632734428663 
0.00641965848584878391 0.00000000381203687972 0.48045222476538945733 0.00001455194271330061 0.51311356099401150832 
0.00318327221488220406 0.02064940597652573442 0.43530911189773374703 0.00000000100000000000 0.54085820891085834017 
0.00000000100000000000 0.00000025448710132608 0.51049378777544829333 0.00000000100000000000 0.48950595573745037115 
0.00000000099999999997 0.00000000099999999997 0.99999999599999989108 0.00000000099999999997 0.00000000099999999997 
0.00263740577610340615 0.00000000114043670186 0.54151515145844875132 0.00000000099999999999 0.45584744062501131312 
0.00657316544847793161 0.00740889054349960080 0.38277014491634780979 0.00000000100000000000 0.60324779809167461408 
0.02960562857354401625 0.00624263115554544654 0.46567942961327507545 0.00286072280976971266 0.49561158784786574216 
0.01132562746929314558 0.00005021666466150279 0.41536401355214475073 0.00000000099999999999 0.57326014131390057305 
0.00000000099999999998 0.00000000099999999998 0.41459247973805068987 0.00000000099999999998 0.58540751726194928395 
0.02544352611210621423 0.02015722365380435976 0.37508538100170996099 0.00001372096535597902 0.57930014826702347364 
0.00916258983495925675 0.00000000099999999998 0.26197051712659019662 0.00000000099999999998 0.72886689103845048177 
0.00000000100000000000 0.00456124378883767181 0.46426940257758780861 0.00000000100000000000 0.53116935163357448246 
0.00000000099999999999 0.00000000099999999999 0.48742678767135605433 0.00000000099999999999 0.51257320932864403051 
0.00000000099999999998 0.02675253115702175971 0.55765054072620712233 0.00000000099999999998 0.41559692611677118146 
0.00667566974976174093 0.00823175908575767522 0.38711015471010640221 0.00000000099999999999 0.59798241545437424982 
0.00000000099999999999 0.03540245070798549859 0.36345196635027832155 0.00000000099999999999 0.60114558094173631275 
0.00000000444333404185 0.00004316431271553283 0.44031420942155991005 0.00000000099999999999 0.55964262082239035756 
0.00000000099999999996 0.00000000099999999996 0.99999999599999989108 0.00000000099999999996 0.00000000099999999996 
0.00418479815878783183 0.01939835859190840520 0.43233635307624979083 0.06788950385892782158 0.47619098631412604128 
0.00000000099999999996 0.00000000099999999996 0.99999999600000000211 0.00000000099999999996 0.00000000099999999996 
0.00000000099999999998 0.01018645172141931232 0.54352230030080816992 0.00000000099999999998 0.44629124597777247718 
0.00000000099999999998 0.01898534778988499039 0.53470396218070115335 0.00000000099999999998 0.44631068802941387119 
0.01585507700318412524 0.00000000269488763633 0.38918552838906844693 0.00000000099999999999 0.59495939091285976463 
0.00000000099999999998 0.00965706258515166942 0.46100201342494739887 0.00000000099999999998 0.52934092198990101430 
0.00153324390860099099 0.00000000115753388680 0.60406103844587710761 0.00000000138631928757 0.39440571510166871905 
0.00798775593278663355 0.00750536293673493247 0.48167012754626242765 0.00000000099999999999 0.50283675258421600684 
0.00000000099999999999 0.00000000099999999999 0.41687367738122343974 0.00000000099999999999 0.58312631961877658959 
0.00000000099999999998 0.03005683297821970870 0.42461763200262542250 0.00000000099999999998 0.54532553301915487332 
0.00000000099999999995 0.99999999600000011313 0.00000000099999999995 0.00000000099999999995 0.00000000099999999995 
0.00000000099999999998 0.99993766662061700501 0.00000000099999999998 0.00000000099999999998 0.00006233037938310794 
0.00000000099999999983 0.00000000099999999983 0.00000000099999999983 0.99999999600000000211 0.00000000099999999983 
0.99999999600000000211 0.00000000099999999980 0.00000000099999999980 0.00000000099999999980 0.00000000099999999980 
0.03762442114784575464 0.90382085592296002030 0.00000000140150861147 0.00000000100000000000 0.05855472052768560809 
0.00000000099999999998 0.01237826002264191816 0.38892166905735370275 0.00000000099999999998 0.59870006892000449117 
0.00086033654315121613 0.02282351480784026651 0.33169356521832560336 0.00000000100000000000 0.64462258243068293329 
0.00387111451003338157 0.99612888248996656060 0.00000000099999999999 0.00000000099999999999 0.00000000099999999999 
0.00000000099999999999 0.01326040196043312344 0.45749885433428405523 0.00000000099999999999 0.52924074170528268013 
0.00000000099999999997 0.00000000099999999997 0.99999999600000000211 0.00000000099999999997 0.00000000099999999997 
0.00209420367419887619 0.00000000099999999999 0.45151505334681951709 0.00000000099999999999 0.54639074097898165938 
0.00000000099999999978 0.00000000099999999978 0.00000000099999999978 0.99999999600000000211 0.00000000099999999978 
0.00000000099999999979 0.00000000099999999979 0.00000000099999999979 0.99999999600000000211 0.00000000099999999979 
0.00000000099999999975 0.00000000099999999975 0.00000000099999999975 0.99999999600000000211 0.00000000099999999975 
0.00000000099999999976 0.00000000099999999976 0.00000000099999999976 0.99999999599999989108 0.00000000099999999976 
0.00000000099999999976 0.00000000099999999976 0.00000000099999999976 0.99999999600000000211 0.00000000099999999976 
0.00000000099999999998 0.99999999600000000211 0.00000000099999999998 0.00000000099999999998 0.00000000099999999998 
0.00942777813048464863 0.00000000099999999999 0.54147137599192052271 0.00000000099999999999 0.44910084387759496849 
0.00000000099999999976 0.00000000099999999976 0.00000000099999999976 0.99999999600000000211 0.00000000099999999976 
0.00000000099999999980 0.00000000099999999980 0.00000000099999999980 0.99999999600000000211 0.00000000099999999980 
0.99999999600000011313 0.00000000099999999979 0.00000000099999999979 0.00000000099999999979 0.00000000099999999979 
0.99999999600000011313 0.00000000099999999979 0.00000000099999999979 0.00000000099999999979 0.00000000099999999979 
0.00000000099999999998 0.00000000099999999998 0.29088844329418023227 0.00000000099999999998 0.70911155370581968604 
0.00000000099999999978 0.00000000099999999978 0.00000000099999999978 0.99999999600000000211 0.00000000099999999978 
0.00000000100000000000 0.01216171437282192493 0.38579258334453497836 0.00000000100000000000 0.60204570028264314807 
0.00000000099999999997 0.00000000099999999997 0.00000000099999999997 0.00000000099999999997 0.99999999600000000211 
0.00000000099999999998 0.94797377297421003828 0.05202622402579000493 0.00000000099999999998 0.00000000099999999998 
0.00000000099999999998 0.00519196747252949342 0.51696508945264829649 0.00000000099999999998 0.47784294107482228053 
0.00000000099999999994 0.99999999600000011313 0.00000000099999999994 0.00000000099999999994 0.00000000099999999994 
0.00332177389146077768 0.01760710534807343255 0.46104626719358382525 0.00000000099999999999 0.51802485256688191040 
0.00000000099999999995 0.99999999600000000211 0.00000000099999999995 0.00000000099999999995 0.00000000099999999995 
0.01595507426876602644 0.00641329672288084175 0.52518742733688283941 0.00000000099999999999 0.45244420067147039788 
0.01203179920766932892 0.00000000099999999999 0.38477025698026984246 0.00000000099999999999 0.60319794181206076722 
0.00000000099999999980 0.00000000099999999980 0.00000000099999999980 0.99999999599999989108 0.00000000099999999980 
0.00000000099999999996 0.99999999600000011313 0.00000000099999999996 0.00000000099999999996 0.00000000099999999996 
0.00000000099999999977 0.00000000099999999977 0.00000000099999999977 0.99999999599999989108 0.00000000099999999977 
0.00000000099999999976 0.00000000099999999976 0.00000000099999999976 0.99999999600000000211 0.00000000099999999976 
0.00000000099999999999 0.00265947326703931328 0.47988209584508351169 0.00000000099999999999 0.51745842888787718650 
0.00000000099999999999 0.02262915814420081786 0.43266406958895720081 0.00000000099999999999 0.54470677026684188871 
0.00000000099999999995 0.00000000099999999995 0.99999999600000000211 0.00000000099999999995 0.00000000099999999995 
0.00192609958067005665 0.00003324259767090400 0.43483882849711702479 0.00000000099999999999 0.56320182832454201982 
0.01174644452967782936 0.00192016804380772100 0.40602468149207021630 0.00000000099999999999 0.58030870493444419722 
0.00629062154776369176 0.01185772498021681227 0.59418429689288121409 0.00000000099999999998 0.38766735557913822863 
0.00000000099999999999 0.00000000099999999999 0.38773774257300858137 0.00000000099999999999 0.61226225442699133694 
0.00000000099999999997 0.98704211801738017673 0.00000000099999999997 0.00000000099999999997 0.01295787898262002434 
0.00000000099999999998 0.00000000099999999998 0.41182300718040060206 0.00000000099999999998 0.58817698981959942728 
0.00000000099999999977 0.00000000099999999977 0.00000000099999999977 0.99999999599999989108 0.00000000099999999977 
0.00000027916931833496 0.00000000368895149812 0.29643754110754377828 0.00000000100000000000 0.70356217503418627679 
0.00000000099999999992 0.00000000099999999992 0.00000000099999999992 0.99999999600000000211 0.00000000099999999992 
0.00000000099999999980 0.00000000099999999980 0.00000000099999999980 0.99999999599999989108 0.00000000099999999980 
0.00000000099999999997 0.00004680023887254462 0.00000000099999999997 0.00000000099999999997 0.99995319676112748297 
0.00587588919947020123 0.00000000099999999999 0.34355780684858983065 0.00000000099999999999 0.65056630195193998478 
0.00000000099999999999 0.01427857207479011313 0.47537192651756698947 0.00000000099999999999 0.51034949940764284815 
0.00000000099999999982 0.00000000099999999982 0.00000000099999999982 0.99999999599999989108 0.00000000099999999982 
0.00000000099999999995 0.99999999600000011313 0.00000000099999999995 0.00000000099999999995 0.00000000099999999995 
0.00000000099999999995 0.99999999600000000211 0.00000000099999999995 0.00000000099999999995 0.00000000099999999995 
0.00000000099999999979 0.00000000099999999979 0.00000000099999999979 0.99999999600000000211 0.00000000099999999979 
0.00000000099999999997 0.00000000099999999997 0.99999999600000000211 0.00000000099999999997 0.00000000099999999997 
0.01215224919968316449 0.03797856115331645771 0.31448816506152493799 0.00000000100000000000 0.63538102358547532411 
0.00000000099999999980 0.00000000099999999980 0.00000000099999999980 0.99999999600000000211 0.00000000099999999980 
0.00546257670244504508 0.00052179036878793785 0.54146312963750398151 0.00000000099999999999 0.45255250229126320338 
0.00000000099999999994 0.99999999600000011313 0.00000000099999999994 0.00000000099999999994 0.00000000099999999994 
0.10891632663907714618 0.22624313750709551529 0.00000000100000000000 0.10124966556346881585 0.56359086929035839830 
0.00000000100000000000 0.02217148286775628280 0.46720516645143184142 0.00176951967646356788 0.50885383000434836198 
0.01216388186328484951 0.03012975973592139228 0.47989129230531957226 0.00000000099999999999 0.47781506509547427841 
0.01438528457625975511 0.00000005391734817822 0.43313025517130804287 0.00000000099999999999 0.55248440533508402783 
0.00000000099999999996 0.00000000099999999996 0.99999999600000000211 0.00000000099999999996 0.00000000099999999996 
0.00180437249341797818 0.00000000099999999999 0.57428428960934574388 0.00000000099999999999 0.42391133589723628550 
0.00000000099999999999 0.00358361190228923812 0.42018856495914608251 0.00000000099999999999 0.57622782113856474417 
0.01024563391683591500 0.00052997858587805653 0.56969099878006423943 0.00000000099999999999 0.41953338771722187284 
0.00000000099999999998 0.00000000099999999998 0.00000000099999999998 0.00000000099999999998 0.99999999599999989108 
0.00000000099999999996 0.99999999600000000211 0.00000000099999999996 0.00000000099999999996 0.00000000099999999996 
0.00767421177791576935 0.01362343830325147241 0.44394009945374507398 0.00000000099999999999 0.53476224946508765790 
0.00000000099999999996 0.00000000099999999996 0.00000000099999999996 0.00000000099999999996 0.99999999600000000211 
0.00056969337393724155 0.04233827578494158556 0.31322133727274553694 0.00000000099999999999 0.64387069256837570208 
0.00000000099999999998 0.01210539278950905490 0.37820078240835958150 0.00000000099999999998 0.60969382280213135772 
0.00183712496926480089 0.03000621606414533363 0.39406796345228461975 0.00060475779985523319 0.57348393771445005385 
0.00000000099999999999 0.00000000099999999999 0.34460398888522347782 0.00000000099999999999 0.65539600811477638498 
0.00000216531535833496 0.00943264556868465484 0.49927733414130864853 0.00000000100000000000 0.49128785397464852513 
0.00000000099999999998 0.99887765153582630528 0.00102310790321720815 0.00000000099999999998 0.00009923856095668792 
0.00000000776724982275 0.00000000099999999998 0.00000000099999999998 0.00000000099999999998 0.99999998923275024154 
0.00876208404344309098 0.00197137862485168708 0.51145003903192165495 0.00000000099999999999 0.47781649729978359353 
0.00000000100000000000 0.00329997182605916602 0.61604340069061203078 0.00748031411406472127 0.37317631236926418481 
0.00000000099999999997 0.99999999548938034444 0.00000000099999999997 0.00000000099999999997 0.00000000151061965296 
0.00000000100000000000 0.02482127263925945626 0.35246885202631200729 0.01845131420934835106 0.60425856012508016857 
0.00000000099999999997 0.00000000099999999997 0.99999999600000000211 0.00000000099999999997 0.00000000099999999997 
0.01175490678832454873 0.47738245090185649211 0.13731903543167414683 0.00000000099999999999 0.37354360587814489092 
0.00000000099999999998 0.01178877019528555732 0.60864897737215128970 0.00000000099999999998 0.37956225043256308638 
0.00000000099999999981 0.00000000099999999981 0.00000000099999999981 0.99999999600000000211 0.00000000099999999981 
0.01652147841060602057 0.01407417211825967573 0.34489508660608603208 0.00000000099999999999 0.62450926186504829296 
0.00075806814327003882 0.02071674056560776633 0.55194456073369890792 0.00000000099999999999 0.42658062955742342970 
