0.79645490378803551756 0.18027375694886851876 0.00000000100000000000 0.02267997401335590177 0.00059136424974000985 
0.00000000099999999996 0.00000000099999999996 0.00000000099999999996 0.00000000099999999996 0.99999999599999989108 
0.00000000099999999996 0.00000000099999999996 0.00000000099999999996 0.00000000099999999996 0.99999999599999989108 
0.59373587432515051443 0.36979268725707042931 0.00000000099999999999 0.00000010266078274649 0.03647133475699646660 
0.69186382779832245049 0.29749903425267743007 0.00000000100000000000 0.01063713594900003549 0.00000000100000000000 
0.73407229012041974592 0.23775129405420095119 0.00000000099999999999 0.00359272014561769692 0.02458369467976169453 
0.00000000099999999997 0.00000000099999999997 0.00000000099999999997 0.00000000099999999997 0.99999999600000000211 
0.00000000099999999995 0.00000000099999999995 0.00000000099999999995 0.00000000099999999995 0.99999999599999989108 
0.64600539870428175249 0.33679361958509940189 0.00000000099999999999 0.01556058994773245295 0.00164039076288663541 
0.00000000099999999996 0.00000000099999999996 0.00000000099999999996 0.00000000099999999996 0.99999999600000000211 
0.59360927785067596485 0.38640848664783444821 0.00000000100000000000 0.00808842869496966509 0.01189380580651987207 
0.62687023110321815622 0.34947689853548219441 0.00000000099999999999 0.00726770438359558568 0.01638516497770407115 
0.83709203146949817675 0.15764047192403110587 0.00000000100000000000 0.00522111083627512396 0.00004638477019582767 
0.54397125909395627197 0.44137702615242813131 0.00000000099999999999 0.01465081827686483262 0.00000089547675079817 
0.61446527624084479324 0.36258373113652819786 0.00460417285979644163 0.01834681876283037957 0.00000000100000000000 
0.57225059819410550865 0.34081353833147448595 0.00000000099999999999 0.03070551969171184808 0.05623034278270822722 
0.00000000099999999994 0.99999999600000000211 0.00000000099999999994 0.00000000099999999994 0.00000000099999999994 
0.59015251925767020502 0.40756514414146960412 0.00000000099999999999 0.00228233460086028732 0.00000000099999999999 
0.76108711802979389649 0.22395049852527734724 0.00751677266149500169 0.00744560978343376118 0.00000000100000000000 
0.81347054162310838965 0.18232557774460489419 0.00000000099999999998 0.00420387863228684558 0.00000000099999999998 
0.99999999600000000211 0.00000000099999999999 0.00000000099999999999 0.00000000099999999999 0.00000000099999999999 
0.00000000099999999997 0.00000000099999999997 0.00000000099999999997 0.00000000099999999997 0.99999999600000000211 
0.63046431733003371889 0.34641611115999015880 0.00000000099999999999 0.00000000099999999999 0.02311956950997630031 
0.00000000099999999991 0.99999999600000011313 0.00000000099999999991 0.00000000099999999991 0.00000000099999999991 
0.96939503433756346595 0.00000000099999999998 0.00000000099999999998 0.00000000099999999998 0.03060496266243671951 
0.60126742130227694982 0.39873257569772296849 0.00000000099999999999 0.00000000099999999999 0.00000000099999999999 
0.00000000099999999983 0.00000000099999999983 0.00000000099999999983 0.99999999600000000211 0.00000000099999999983 
0.00000000099999999980 0.00000000099999999980 0.00000000099999999980 0.99999999600000000211 0.00000000099999999980 
0.72307291585705402159 0.26888770593047373048 0.00000000100000000000 0.00803851218057409674 0.00000086503189824220 
0.00000000099999999995 0.99999999600000000211 0.00000000099999999995 0.00000000099999999995 0.00000000099999999995 
0.80607387798527074807 0.17319674620677169563 0.00000000099999999999 0.00000000099999999999 0.02072937380795768919 
0.00000000099999999997 0.03021177250735742476 0.00000000099999999997 0.00000000099999999997 0.96978822449264256988 
0.00000000099999999995 0.44962105327974738467 0.00000000099999999995 0.35668580878465844242 0.19369313593559406295 
0.69006835398083421484 0.30993164301916587000 0.00000000099999999999 0.00000000099999999999 0.00000000099999999999 
0.00000000099999999980 0.00000000099999999980 0.99999999600000000211 0.00000000099999999980 0.00000000099999999980 
0.00000000099999999975 0.00000000099999999975 0.99999999599999989108 0.00000000099999999975 0.00000000099999999975 
0.00000000099999999975 0.00000000099999999975 0.99999999600000000211 0.00000000099999999975 0.00000000099999999975 
0.00000000099999999984 0.00000000099999999984 0.00000000099999999984 0.99999999600000000211 0.00000000099999999984 
0.00000000099999999981 0.00000000099999999981 0.00000000099999999981 0.99999999600000000211 0.00000000099999999981 
0.99999999600000011313 0.00000000099999999998 0.00000000099999999998 0.00000000099999999998 0.00000000099999999998 
0.00000000099999999997 0.00000000099999999997 0.00000000099999999997 0.00000000099999999997 0.99999999599999989108 
0.00000000099999999982 0.00000000099999999982 0.00000000099999999982 0.99999999600000000211 0.00000000099999999982 
0.59781160918464160137 0.37288140322982143982 0.00000000099999999999 0.00743908419981384895 0.02186790238572294820 
0.00000000099999999995 0.00000000099999999995 0.00000000099999999995 0.00000000099999999995 0.99999999599999989108 
0.00000000099999999985 0.00000000099999999985 0.00000000099999999985 0.99999999599999989108 0.00000000099999999985 
0.55564403614836666012 0.42882697620602344690 0.00000000099999999999 0.00459705036178612372 0.01093193628382378019 
0.00000000099999999983 0.00000000099999999983 0.00000000099999999983 0.99999999600000000211 0.00000000099999999983 
0.00000000099999999996 0.00000000099999999996 0.00000000099999999996 0.00000000099999999996 0.99999999600000000211 
0.00000000099999999994 0.00000000099999999994 0.00000000099999999994 0.00000000099999999994 0.99999999599999989108 
0.00000000099999999980 0.00000000099999999980 0.00000000099999999980 0.99999999600000000211 0.00000000099999999980 
0.00000000099999999982 0.00000000099999999982 0.00000000099999999982 0.99999999599999989108 0.00000000099999999982 
0.00000000099999999996 0.00000000099999999996 0.00000000099999999996 0.00000000099999999996 0.99999999599999989108 
0.00000000099999999996 0.00000000099999999996 0.00000000099999999996 0.00000000099999999996 0.99999999600000000211 
0.00000000099999999997 0.00000000099999999997 0.00000000099999999997 0.00000000099999999997 0.99999999599999989108 
0.00000000099999999985 0.00000000099999999985 0.00000000099999999985 0.99999999600000000211 0.00000000099999999985 
0.63008163054430310623 0.31186288213626606192 0.00000000100000000000 0.01649682014332806007 0.04155866617610275843 
0.85843610797578417948 0.11516667209684050555 0.00000000100000000000 0.02639721792737514602 0.00000000100000000000 
0.75159658456119804448 0.22815412644332810910 0.00000000099999999999 0.00000000099999999999 0.02024928699547397931 
0.65293709512435460507 0.33356663937041780565 0.00000000099999999999 0.00127170564732148844 0.01222455885790625467 
0.00000000099999999996 0.00000000099999999996 0.00000000099999999996 0.00000000099999999996 0.99999999600000000211 
0.70875878872562392274 0.28415919610259948724 0.00129718143398649161 0.00578483273779008093 0.00000000100000000000 
0.00000000099999999979 0.00000000099999999979 0.99999999599999989108 0.00000000099999999979 0.00000000099999999979 
0.74467241730248923126 0.24041294078855063310 0.00000000099999999998 0.00672716011440533616 0.00818748079455481476 
0.00000000099999999979 0.00000000099999999979 0.99999999599999989108 0.00000000099999999979 0.00000000099999999979 
0.54482769395676000634 0.42130792809377337615 0.00000000099999999999 0.00000000099999999999 0.03386437594946670876 
0.00000000099999999980 0.00000000099999999980 0.99999999600000000211 0.00000000099999999980 0.00000000099999999980 
0.84049461953795367997 0.14439262421175855233 0.00000000099999999999 0.00301868055129628915 0.01209407469899151724 
0.99633582700746892158 0.00000000099999999999 0.00000000099999999999 0.00366416999253096594 0.00000000099999999999 
0.00000000099999999994 0.00000000099999999994 0.00000000099999999994 0.00000000099999999994 0.99999999600000000211 
0.68306038851443739990 0.31693960848556262944 0.00000000099999999998 0.00000000099999999998 0.00000000099999999998 
0.00000000099999999980 0.00000000099999999980 0.99999999600000000211 0.00000000099999999980 0.00000000099999999980 
0.00000000099999999982 0.00000000099999999982 0.99999999599999989108 0.00000000099999999982 0.00000000099999999982 
0.90964793644931341010 0.00000025711545140040 0.00000000099999999999 0.00856604537014701677 0.08178576006508830876 
0.00000000099999999995 0.00000000099999999995 0.00000000099999999995 0.00000000099999999995 0.99999999599999989108 
0.00000000099999999985 0.00000000099999999985 0.00000000099999999985 0.99999999599999989108 0.00000000099999999985 
0.00000000099999999995 0.00000000099999999995 0.00000000099999999995 0.00000000099999999995 0.99999999599999989108 
0.74698071366406504357 0.21983703692535602747 0.00000000100000000000 0.00000000100000000000 0.03318224741057883287 
0.00000000099999999978 0.00000000099999999978 0.99999999600000000211 0.00000000099999999978 0.00000000099999999978 
0.00000000099999999979 0.00000000099999999979 0.00000000099999999979 0.99999999600000000211 0.00000000099999999979 
0.00000000099999999982 0.00000000099999999982 0.99999999599999989108 0.00000000099999999982 0.00000000099999999982 
0.85827006811271400188 0.12255568457048027220 0.00000000100000000000 0.01917424531680568534 0.00000000100000000000 
0.00000000099999999994 0.00000000099999999994 0.00000000099999999994 0.00000000099999999994 0.99999999599999989108 
0.00000000099999999995 0.00000000099999999995 0.00000000099999999995 0.00000000099999999995 0.99999999600000000211 
0.51746247043382065378 0.25012005216992572176 0.00000000099999999999 0.00202264749063793417 0.23039482890561571726 
0.96849696686251052213 0.00763520267986308749 0.00000000100000000000 0.02386780828858614534 0.00000002116904038816 
0.71215386297833482843 0.28028218636458257507 0.00000000099999999999 0.00000000099999999999 0.00756394865708255332 
0.79525530042294245714 0.18420436975290496728 0.00000000099999999999 0.00000000099999999999 0.02054032782415270153 
0.72878559146348365072 0.27121127932541727601 0.00000000099999999999 0.00000312721109916474 0.00000000099999999999 
0.56099672629191499329 0.43900327070808503604 0.00000000099999999997 0.00000000099999999997 0.00000000099999999997 
0.82480238361471258646 0.16879988300670550894 0.00000000099999999998 0.00000000099999999998 0.00639773137858196290 
0.75176976531447103902 0.23297998195387645270 0.00000000099999999999 0.00871745682524187847 0.00653279490641066416 
0.63734250222160071520 0.32790470065189836202 0.00000000099999999999 0.00000000099999999999 0.03475279512650103486 
0.00000000099999999996 0.00000000099999999996 0.00000000099999999996 0.00000000099999999996 0.99999999599999989108 
0.00545891788637532533 0.00000000099999999998 0.00000000099999999998 0.00000000099999999998 0.99454107911362477079 
0.00000000099999999988 0.00000000099999999988 0.99999999599999989108 0.00000000099999999988 0.00000000099999999988 
0.00000000099999999997 0.00000000099999999997 0.00000000099999999997 0.00000000099999999997 0.99999999599999989108 
0.00022852938160391483 0.00000000099999999998 0.00000000099999999998 0.00000000099999999998 0.99977146761839608136 
0.98901185944408021022 0.00000000099999999999 0.00000000099999999999 0.00584820458914719551 0.00513993396677266644 
0.00000000099999999975 0.00000000099999999975 0.99999999600000000211 0.00000000099999999975 0.00000000099999999975 
0.76861956350236049218 0.22698761539511300156 0.00000000099999999999 0.00439281910252641971 0.00000000099999999999 
0.99995195655840585225 0.00000000099999999999 0.00000000099999999999 0.00000036053662519812 0.00004768090496894814 
0.75981160137569325741 0.23267552594077592354 0.00002648625078066232 0.00748638543275006573 0.00000000100000000000 
0.82720931753458837310 0.14712817454727419864 0.00000000100000000000 0.00104245589351166187 0.02462005102462574979 
0.99999999600000011313 0.00000000099999999998 0.00000000099999999998 0.00000000099999999998 0.00000000099999999998 
0.56846302437413942510 0.39502126341405269239 0.00000000099999999999 0.00000000099999999999 0.03651571021180805010 
0.65995596178865756354 0.33534362638071990581 0.00000000099999999999 0.00470040983062244410 0.00000000099999999999 
0.00000000099999999996 0.99999999600000011313 0.00000000099999999996 0.00000000099999999996 0.00000000099999999996 
0.66126882222014782275 0.29635279394840891021 0.00369696418850422141 0.02991131943044624680 0.00877010021249289423 
0.77613323759832164583 0.21012775687024243254 0.00000000099999999999 0.01216197660495898190 0.00157702792647695955 
0.74006188991805199606 0.25993810708194792225 0.00000000099999999998 0.00000000099999999998 0.00000000099999999998 
0.74691294956426057539 0.20421361315509178880 0.00000000100000000000 0.02648959102005933597 0.02238384526058830037 
0.73544784960588838185 0.25304638017074582157 0.00000000099999999998 0.01150576822336585661 0.00000000099999999998 
0.99999999600000011313 0.00000000099999999999 0.00000000099999999999 0.00000000099999999999 0.00000000099999999999 
0.85112164270353540818 0.14887831799401779476 0.00000000099999999999 0.00000003730244674778 0.00000000099999999999 
0.58848771134597355204 0.38108777900205065281 0.00000000099999999999 0.00000000099999999999 0.03042450765197576498 
0.71124457834780385745 0.27010720018826495092 0.00000000100000000000 0.00716026552969543928 0.01148795493423572858 
0.00000000099999999996 0.99999999600000000211 0.00000000099999999996 0.00000000099999999996 0.00000000099999999996 
0.62951480530154291237 0.37048519169845706145 0.00000000099999999999 0.00000000099999999999 0.00000000099999999999 
0.60791942008045252166 0.37098203190134498852 0.00000000099999999999 0.00000000099999999999 0.02109854601820273373 
0.58966263591998180349 0.31600262323377692475 0.06800637009098110808 0.00471636157317577819 0.02161200918208444968 
0.72201957932520410832 0.27798036245088519891 0.00000000099999999999 0.00000000099999999999 0.00000005622391079494 
0.71399313988588730684 0.27162636050179128633 0.00000000099999999998 0.00000000099999999998 0.01438049761232142350 
0.56214267609563961514 0.41776272042727191636 0.00000000099999999998 0.00000000099999999998 0.02009460147708849384 
0.56735818460384301876 0.41916193662885381510 0.00000000099999999999 0.01347987676730326954 0.00000000099999999999 
0.62868119286993418005 0.36050993307799278353 0.00000000099999999998 0.00000000099999999998 0.01080887205207321268 
0.53051287504230171255 0.46412920569465898613 0.00000000100000000000 0.00535791726303926855 0.00000000100000000000 
0.74904084925987357568 0.23148557477462591847 0.00000000099999999999 0.00771253023400330674 0.01176104473149723086 
0.70100418708776979226 0.29899580991223029258 0.00000000099999999999 0.00000000099999999999 0.00000000099999999999 
0.80048767375242291244 0.16748720032618857889 0.00000000099999999998 0.00000000099999999998 0.03202512392138861380 
0.00000000099999999995 0.00000000099999999995 0.00000000099999999995 0.00000000099999999995 0.99999999600000000211 
0.00000000099999999998 0.00000000099999999998 0.00000000099999999998 0.00000000099999999998 0.99999999600000000211 
0.00000000099999999983 0.00000000099999999983 0.99999999599999989108 0.00000000099999999983 0.00000000099999999983 
0.00000000099999999980 0.00000000099999999980 0.00000000099999999980 0.99999999599999989108 0.00000000099999999980 
0.05260204470861769982 0.00000000100000000000 0.00000000100000000000 0.03912714379991456826 0.90827080949146765665 
0.83542845372936913595 0.15092437661928123638 0.00000000099999999998 0.00000000099999999998 0.01364716765134963913 
0.99011780362302603820 0.00000000099999999999 0.00000000099999999999 0.00000000099999999999 0.00988219337697406747 
0.00000000099999999999 0.00000000099999999999 0.00000000099999999999 0.00419037144132598793 0.99580962555867391650 
0.72460989363457983803 0.25949696986350545558 0.00000000099999999999 0.00000000099999999999 0.01589313450191470745 
0.71885365211589713486 0.26897018779766157515 0.00000000099999999998 0.01217615808644135350 0.00000000099999999998 
0.00000000099999999994 0.99999999600000011313 0.00000000099999999994 0.00000000099999999994 0.00000000099999999994 
0.00000000099999999978 0.00000000099999999978 0.99999999599999989108 0.00000000099999999978 0.00000000099999999978 
0.00000000099999999979 0.00000000099999999979 0.99999999599999989108 0.00000000099999999979 0.00000000099999999979 
0.00000000099999999975 0.00000000099999999975 0.99999999599999989108 0.00000000099999999975 0.00000000099999999975 
0.00000000099999999976 0.00000000099999999976 0.99999999600000000211 0.00000000099999999976 0.00000000099999999976 
0.00000000099999999976 0.00000000099999999976 0.99999999599999989108 0.00000000099999999976 0.00000000099999999976 
0.00000000099999999998 0.00000000099999999998 0.00000000099999999998 0.00000000099999999998 0.99999999600000000211 
0.63732880744881914570 0.35143604299934161350 0.00000000100000000000 0.01123514755183935808 0.00000000100000000000 
0.00000000099999999976 0.00000000099999999976 0.99999999600000000211 0.00000000099999999976 0.00000000099999999976 
0.00000000099999999980 0.00000000099999999980 0.99999999600000000211 0.00000000099999999980 0.00000000099999999980 
0.00000000099999999979 0.00000000099999999979 0.00000000099999999979 0.99999999599999989108 0.00000000099999999979 
0.00000000099999999979 0.00000000099999999979 0.00000000099999999979 0.99999999600000000211 0.00000000099999999979 
0.51359969768356195097 0.48640029931643802286 0.00000000099999999999 0.00000000099999999999 0.00000000099999999999 
0.00000000099999999978 0.00000000099999999978 0.99999999599999989108 0.00000000099999999978 0.00000000099999999978 
0.99999997046132604872 0.00000000099999999999 0.00000000099999999999 0.00000000099999999999 0.00000002653867396934 
0.62190949968452891028 0.37809049731547100803 0.00000000099999999999 0.00000000099999999999 0.00000000099999999999 
0.00000000099999999998 0.04769168234028407088 0.00000000099999999998 0.00000000099999999998 0.95230831465971577110 
0.82102843103800138280 0.16653588814489569958 0.00000000099999999999 0.00000000099999999999 0.01243567881710301755 
0.00000000099999999994 0.00000000099999999994 0.00000000099999999994 0.00000000099999999994 0.99999999600000000211 
0.75572373787773106102 0.21973426122574318820 0.00000000099999999999 0.00506994628033237849 0.01947205361619350553 
0.00000000099999999994 0.00000000099999999994 0.00000000099999999994 0.00000000099999999994 0.99999999600000000211 
0.98724078998988240574 0.00000000099999999999 0.00000000099999999999 0.01274661747392766276 0.00001259053618987290 
0.79267320887952907871 0.19411206369801009552 0.00000000099999999999 0.01321472542246077478 0.00000000099999999999 
0.00000000099999999980 0.00000000099999999980 0.99999999599999989108 0.00000000099999999980 0.00000000099999999980 
0.00000000099999999996 0.00000000099999999996 0.00000000099999999996 0.00000000099999999996 0.99999999600000000211 
0.00000000099999999976 0.00000000099999999976 0.99999999600000000211 0.00000000099999999976 0.00000000099999999976 
0.00000000099999999976 0.00000000099999999976 0.99999999599999989108 0.00000000099999999976 0.00000000099999999976 
0.00000000099999999995 0.99999999600000011313 0.00000000099999999995 0.00000000099999999995 0.00000000099999999995 
0.97093234585590626473 0.00000000099999999998 0.00000000099999999998 0.00000000099999999998 0.02906765114409386522 
0.74292176868564741010 0.25389464954300505761 0.00000000099999999998 0.00000000099999999998 0.00318357977134765997 
0.70439221822168596177 0.29178594581661887464 0.00000000099999999999 0.00381284944563163326 0.00000898551606359313 
0.59798519158801322071 0.38972401299008191389 0.00000000099999999999 0.01024840896878524699 0.00204238545311963716 
0.66646342068005404169 0.31286084962916965724 0.00000000099999999999 0.00755461332080469526 0.01312111536997185614 
0.99999999600000011313 0.00000000099999999998 0.00000000099999999998 0.00000000099999999998 0.00000000099999999998 
0.01561035710904017104 0.00000000099999999997 0.00000000099999999997 0.00000000099999999997 0.98438963989095973339 
0.74515145024887885494 0.25484854675112106337 0.00000000099999999998 0.00000000099999999998 0.00000000099999999998 
0.00000000099999999976 0.00000000099999999976 0.99999999599999989108 0.00000000099999999976 0.00000000099999999976 
0.74472517173220165176 0.25527466800903558797 0.00000000100000000000 0.00000015825876274619 0.00000000100000000000 
0.00000000099999999992 0.00000000099999999992 0.99999999600000000211 0.00000000099999999992 0.00000000099999999992 
0.00000000099999999980 0.00000000099999999980 0.99999999600000000211 0.00000000099999999980 0.00000000099999999980 
0.65514779993304017580 0.32372681683858306467 0.00000000099999999999 0.00000000099999999999 0.02112538122837674323 
0.76205907974418285455 0.22940275839181806239 0.00000000099999999999 0.00853815986399892451 0.00000000099999999999 
0.00000000099999999995 0.99999999600000011313 0.00000000099999999995 0.00000000099999999995 0.00000000099999999995 
0.00000000099999999982 0.00000000099999999982 0.99999999599999989108 0.00000000099999999982 0.00000000099999999982 
0.00000000099999999995 0.00000000099999999995 0.00000000099999999995 0.00000000099999999995 0.99999999600000000211 
0.00000000099999999995 0.00000000099999999995 0.00000000099999999995 0.00000000099999999995 0.99999999599999989108 
0.00000000099999999979 0.00000000099999999979 0.99999999599999989108 0.00000000099999999979 0.00000000099999999979 
0.61126765343545519382 0.37808721705485676123 0.00000000099999999999 0.00448827503159991877 0.00615685347808815706 
0.62695083848468591281 0.32005281483488412508 0.00000000100000000000 0.01434216379841122060 0.03865418188201869693 
0.00000000099999999980 0.00000000099999999980 0.99999999599999989108 0.00000000099999999980 0.00000000099999999980 
0.72620563964900763931 0.26459776070329776854 0.00000000099999999999 0.00745882736439753592 0.00173777128329692643 
0.00000000099999999994 0.00000000099999999994 0.00000000099999999994 0.00000000099999999994 0.99999999599999989108 
0.55306632371649822044 0.00000000100000000000 0.10479815199660955094 0.11064943614151875884 0.23148608714537352582 
0.72391410448092086138 0.24830299487080731424 0.00319125626883060140 0.00000000100000000000 0.02459164337944119011 
0.58350131679034911159 0.37339470724490475551 0.00000000099999999999 0.01178195962137774423 0.03132201534336852278 
0.70279404578527460146 0.28161906912389594870 0.00000000099999999999 0.01558688309082956018 0.00000000099999999999 
0.00000000099999999994 0.99999999600000000211 0.00000000099999999994 0.00000000099999999994 0.00000000099999999994 
0.80147467829976692943 0.19567700846906610490 0.00000000099999999999 0.00284831123116704088 0.00000000099999999999 
0.82685990636351502925 0.17211371061243704861 0.00000000099999999999 0.00000000099999999999 0.00102638102404795659 
0.74105688724885121488 0.24315401831274699451 0.00000000099999999999 0.01386671391686295808 0.00192237952153891676 
0.97572060931046733501 0.00000000100000000000 0.00000000100000000000 0.00000000100000000000 0.02427938768953272208 
0.00000000099999999996 0.00000000099999999996 0.00000000099999999996 0.00000000099999999996 0.99999999599999989108 
0.57702625979602284456 0.40335854919469166235 0.00000000099999999999 0.00570285404728390968 0.01391233596200177995 
0.75917276086673712854 0.23453569380572739100 0.00000000099999999999 0.00629154332753546590 0.00000000099999999999 
0.64347338706776324724 0.31061758987369270102 0.00000000100000000000 0.00271706212739729509 0.04319195993114682830 
0.98597486235815856581 0.00000394803519725817 0.00000000099999999998 0.00000000099999999998 0.01402118760664430516 
0.80052059864986402360 0.16173287523806212374 0.00000000100000000000 0.00133925610397881822 0.03640726900809523880 
0.99999999600000000211 0.00000000099999999997 0.00000000099999999997 0.00000000099999999997 0.00000000099999999997 
0.69828817141395860268 0.28920770476111296032 0.00000000100000000000 0.00000000100000000000 0.01250412182492846580 
0.01636784922157794378 0.00000000099999999997 0.00000000099999999997 0.00000000099999999997 0.98363214777842211678 
0.97345990937770687790 0.00000000099999999999 0.00000000099999999999 0.01199613275148052154 0.01454395587081260162 
0.58106110356930984473 0.40731822932129269077 0.00000000099999999999 0.00880440591273464954 0.00281626019666279337 
0.68119362753681378386 0.30138173009502144950 0.01012834761324605225 0.00000000100000000000 0.00729629375491886931 
0.00000000099999999997 0.00000000099999999997 0.00000000099999999997 0.00000000099999999997 0.99999999599999989108 
0.73267511182168787442 0.22322529864257253940 0.01870732860709205594 0.00000000100000000000 0.02539225992864743014 
0.65657922250657407837 0.32948139018918459753 0.00000000100000000000 0.00633501387266738238 0.00760437243157395960 
0.42324087069447596798 0.08876477237534226294 0.00000000099999999999 0.01140601797208648863 0.47658833795809529832 
0.61196111322215096529 0.36700546035348857732 0.00000000099999999998 0.00000000099999999998 0.02103342442436054519 
0.00000000099999999981 0.00000000099999999981 0.99999999600000000211 0.00000000099999999981 0.00000000099999999981 
0.74094670430196174493 0.22772609393277495893 0.00000000099999999999 0.01753893315234074032 0.01378826761292276798 
0.65690388354456852316 0.31735784407457212630 0.00000000099999999999 0.00358718220405638546 0.02215108917680299119 
