0.00807639202993083553 0.02607458768056807041 0.96551382116033268588 0.00033519912916851481 
0.99999999700000008485 0.00000000099999999996 0.00000000099999999996 0.00000000099999999996 
0.99999999699999997382 0.00000000099999999996 0.00000000099999999996 0.00000000099999999996 
0.04293660210341198463 0.00552292844345070050 0.95154046845313733360 0.00000000099999999999 
0.00049259838356469402 0.01321597851264633486 0.98629142210378883959 0.00000000100000000000 
0.03066647092433916200 0.00637666475600186244 0.96295686331965901772 0.00000000099999999999 
0.99999999700000008485 0.00000000099999999997 0.00000000099999999997 0.00000000099999999997 
0.99999999699999997382 0.00000000099999999995 0.00000000099999999995 0.00000000099999999995 
0.00906121416359337295 0.01972299819030879156 0.97121578664609786724 0.00000000099999999999 
0.99999999699999997382 0.00000000099999999997 0.00000000099999999997 0.00000000099999999997 
0.01786419302962341873 0.01378055243909052235 0.96835525353128615311 0.00000000100000000000 
0.02273289771234320716 0.01152149547338706705 0.96574560581426960315 0.00000000099999999999 
0.00527283383762098753 0.00885284311723243990 0.98587432204514657830 0.00000000100000000000 
0.01071942532956570923 0.01966458989677570199 0.96961598377365865176 0.00000000100000000000 
0.00137428902086597919 0.02163336631091773363 0.97090796598936002226 0.00608437867885630156 
0.06111163775396222242 0.03331432314950065476 0.90557403809653713722 0.00000000099999999999 
0.00762783771091028913 0.00022011895179744869 0.99215204233729226146 0.00000000100000000000 
0.00000000100000000000 0.00655211065547833989 0.98806844812167271552 0.00537944022284884884 
0.00340714935344847702 0.01148476690958147133 0.97694352960225983029 0.00816455413471017799 
0.00093939765999752258 0.00794267654622853730 0.99111792479377391896 0.00000000099999999998 
0.00410212190443483282 0.00001374891553269422 0.99588412818003246851 0.00000000100000000000 
0.99999999695455643600 0.00000000099999999998 0.00000000104544363665 0.00000000099999999998 
0.03040431989329444445 0.00000000099999999999 0.96959567810670566068 0.00000000099999999999 
0.03796103950076191308 0.00409365470443896935 0.95794530479479911289 0.00000000099999999999 
0.03346116050748607074 0.00000024483968131236 0.96653859365283267824 0.00000000099999999999 
0.00000000099999999999 0.00690645474521875153 0.99309354325478127468 0.00000000099999999999 
0.00000000099999999988 0.99999999699999997382 0.00000000099999999988 0.00000000099999999988 
0.00000000099999999986 0.99999999700000008485 0.00000000099999999986 0.00000000099999999986 
0.00548533292406442902 0.01170870201572142902 0.98280596406021414335 0.00000000100000000000 
0.00000000099999999999 0.01500917261704922019 0.98499082538295068545 0.00000000099999999999 
0.02973656276898241357 0.00000000099999999999 0.97026343523101765687 0.00000000099999999999 
0.99999999699999997382 0.00000000099999999998 0.00000000099999999998 0.00000000099999999998 
0.24048182935971959551 0.36100043029814543605 0.39851773934213496897 0.00000000099999999997 
0.00049937506425280689 0.00108079053847540520 0.99841983339727180535 0.00000000099999999999 
0.00000000099999999986 0.00000000099999999986 0.00000000099999999986 0.99999999700000008485 
0.00000000099999999982 0.00000000099999999982 0.00000000099999999982 0.99999999699999997382 
0.00000000099999999982 0.00000000099999999982 0.00000000099999999982 0.99999999700000008485 
0.00000000099999999988 0.99999999699999997382 0.00000000099999999988 0.00000000099999999988 
0.00000000099999999987 0.99999999700000008485 0.00000000099999999987 0.00000000099999999987 
0.00227072215738510948 0.00361389341472624420 0.99411538342788863254 0.00000000099999999999 
0.99999999699999997382 0.00000000099999999998 0.00000000099999999998 0.00000000099999999998 
0.00000000099999999987 0.99999999699999997382 0.00000000099999999987 0.00000000099999999987 
0.02792668514025808957 0.01217752373767547192 0.95989579012206638353 0.00000000099999999999 
0.99999999699999997382 0.00000000099999999996 0.00000000099999999996 0.00000000099999999996 
0.00000000099999999989 0.99999999700000008485 0.00000000099999999989 0.00000000099999999989 
0.01966940660496051263 0.00998300988982052905 0.97034758250521890854 0.00000000099999999999 
0.00000000099999999987 0.99999999700000008485 0.00000000099999999987 0.00000000099999999987 
0.99999999699999997382 0.00000000099999999997 0.00000000099999999997 0.00000000099999999997 
0.99999999700000008485 0.00000000099999999995 0.00000000099999999995 0.00000000099999999995 
0.00000000099999999986 0.99999999699999997382 0.00000000099999999986 0.00000000099999999986 
0.00000000099999999987 0.99999999699999997382 0.00000000099999999987 0.00000000099999999987 
0.99999999699999997382 0.00000000099999999997 0.00000000099999999997 0.00000000099999999997 
0.99999999700000008485 0.00000000099999999996 0.00000000099999999996 0.00000000099999999996 
0.99999999700000008485 0.00000000099999999997 0.00000000099999999997 0.00000000099999999997 
0.00000000099999999989 0.99999999699999997382 0.00000000099999999989 0.00000000099999999989 
0.04876588943890248357 0.01959445256566777482 0.93163965583163943496 0.00000000216379037982 
0.00234627176825348690 0.03019771463382801141 0.96745601259791857984 0.00000000100000000000 
0.02982569937515689926 0.00000000099999999999 0.97017429862484294567 0.00000000099999999999 
0.01763959749796920051 0.00448044876109589436 0.97787995274093475473 0.00000000099999999999 
0.99999999699999997382 0.00000000099999999996 0.00000000099999999996 0.00000000099999999996 
0.00071742040916203506 0.00980063985142045485 0.98787399397728103967 0.00160794576213655498 
0.00000000099999999985 0.00000000099999999985 0.00000000099999999985 0.99999999699999997382 
0.01016006842545490174 0.00934338934399934866 0.98049654123054574839 0.00000000099999999998 
0.00000000099999999985 0.00000000099999999985 0.00000000099999999985 0.99999999700000008485 
0.04673315580169897648 0.00117487747267035658 0.95209196572563070671 0.00000000100000000000 
0.00000000099999999986 0.00000000099999999986 0.00000000099999999986 0.99999999699999997382 
0.01274453634687784317 0.00570675814002959397 0.98154870451309250701 0.00000000099999999999 
0.01548442919436031177 0.01071673829586800540 0.97379876011353616594 0.00000007239623552729 
0.99999999699999997382 0.00000000099999999995 0.00000000099999999995 0.00000000099999999995 
0.00000372359458780237 0.00000000099999999998 0.99999627440541227763 0.00000000099999999998 
0.00000000099999999985 0.00000000099999999985 0.00000000099999999985 0.99999999700000008485 
0.00000000099999999987 0.00000000099999999987 0.00000000099999999987 0.99999999699999997382 
0.08734514933996104236 0.01486194008432778491 0.89779290957571111775 0.00000000099999999999 
0.99999999700000008485 0.00000000099999999995 0.00000000099999999995 0.00000000099999999995 
0.00000000099999999989 0.99999999699999997382 0.00000000099999999989 0.00000000099999999989 
0.99999999699999997382 0.00000000099999999996 0.00000000099999999996 0.00000000099999999996 
0.04214038546627605492 0.00000000100000000000 0.95666361220472606597 0.00119600132899796638 
0.00000000099999999984 0.00000000099999999984 0.00000000099999999984 0.99999999699999997382 
0.00000000099999999985 0.99999999700000008485 0.00000000099999999985 0.00000000099999999985 
0.00000000099999999987 0.00000000099999999987 0.00000000099999999987 0.99999999700000008485 
0.00255530149599750896 0.02164674209938245719 0.97259437140177618097 0.00320358500284387889 
0.99999999700000008485 0.00000000099999999995 0.00000000099999999995 0.00000000099999999995 
0.99999999700000008485 0.00000000099999999996 0.00000000099999999996 0.00000000099999999996 
0.23614328070679829752 0.00461471689061951785 0.75924200140258224501 0.00000000099999999999 
0.00632927333512840577 0.02490750551768871127 0.96876322014718296849 0.00000000100000000000 
0.01484938305712329119 0.00000057799265591900 0.98515003795022082489 0.00000000099999999999 
0.02901566889902976870 0.00000000099999999999 0.97098432910097010051 0.00000000099999999999 
0.00067276027486437280 0.00259787602514205667 0.99672936269999357073 0.00000000100000000000 
0.00000000099999999998 0.00000000099999999998 0.99999999699999986280 0.00000000099999999998 
0.01509871383432229500 0.00078585892909932076 0.98411542623657843887 0.00000000099999999999 
0.01340798583149871784 0.01063234268176777540 0.97595967048673337718 0.00000000099999999999 
0.04204040094014580703 0.00000003566957758526 0.95795956141434912556 0.00000000197592735953 
0.99999999700000008485 0.00000000099999999996 0.00000000099999999996 0.00000000099999999996 
0.99997130962135283294 0.00000000099999999998 0.00002868837864706396 0.00000000099999999998 
0.00000000099999999991 0.00000000099999999991 0.00000000099999999991 0.99999999700000008485 
0.99999999700000008485 0.00000000099999999998 0.00000000099999999998 0.00000000099999999998 
0.99999999614450363339 0.00000000099999999998 0.00000000185549630580 0.00000000099999999998 
0.02759393145145900422 0.01048593720854940244 0.96192013033999146376 0.00000000099999999999 
0.00000000099999999982 0.00000000099999999982 0.00000000099999999982 0.99999999700000008485 
0.00000000296859794722 0.00828413665577269233 0.99171585937562944935 0.00000000100000000000 
0.02140950757095811882 0.00845086136081232668 0.97013963006822945268 0.00000000099999999999 
0.00486539293386854116 0.01003337087973748404 0.98308939083918400748 0.00201184534720997817 
0.02916881718231538467 0.00702252733490753810 0.96380865448277697194 0.00000000100000000000 
0.00706866712938643803 0.00046827479242696196 0.99199542342013835583 0.00046763465804822602 
0.04262896644212596509 0.00010725253244624700 0.95726369400896571538 0.00000008701646203300 
0.00205666771593049965 0.00904322216448183794 0.98890010911958770023 0.00000000100000000000 
0.01671226704962062298 0.01124795927261102585 0.97203977267776831006 0.00000000100000000000 
0.01641985197908334485 0.03206250860559161503 0.94708768436940216073 0.00442995504592280306 
0.00791086361349268435 0.01504738357175999103 0.97704175181474728351 0.00000000099999999999 
0.00082162031634734341 0.00000000099999999999 0.99917837768365258544 0.00000000099999999999 
0.02727923532214510116 0.02871357319737616320 0.94304076822408189340 0.00096642325639687617 
0.00000000099999999999 0.01409801490416448533 0.98590198309583554348 0.00000000099999999999 
0.01502821723843306492 0.00063088668361990395 0.98434089507794697571 0.00000000100000000000 
0.00187153897510321417 0.00148510024822700671 0.99664335977666973498 0.00000000099999999999 
0.03774700671688105413 0.00000000099999999999 0.96225299128311891916 0.00000000099999999999 
0.01894558889011207364 0.01095588631141376085 0.97009852379847405501 0.00000000100000000000 
0.04465944922605622619 0.00000000099999999999 0.95534054877394380956 0.00000000099999999999 
0.00768416283552267061 0.00191345090580613097 0.99040238525867108077 0.00000000100000000000 
0.02950478157124230075 0.00240696702665327842 0.96808825040210444435 0.00000000099999999999 
0.02803635116368438998 0.00711644899636838194 0.89682032885815066159 0.06802687098179663328 
0.00749313496625989093 0.00000000099999999999 0.99250686303374002772 0.00000000099999999999 
0.02192782388930604107 0.00000000099999999998 0.97807217411069402591 0.00000000099999999998 
0.03083864671575950456 0.00000043314013804441 0.96916091914410240626 0.00000000099999999998 
0.00242453070079889487 0.01928363177678827853 0.97829183652241280544 0.00000000099999999999 
0.01829159299258453775 0.00000000099999999998 0.98170840500741529677 0.00000000099999999998 
0.00774583864123075307 0.00851593701653753990 0.98011509856166734167 0.00362312578056423525 
0.01569622278604448570 0.00886696080338288985 0.97543681541057258855 0.00000000099999999999 
0.00000000263050814193 0.00298368577301250494 0.99701631059647932709 0.00000000099999999999 
0.03755458248929369192 0.00000000099999999998 0.96244541551070628138 0.00000000099999999998 
0.99999999700000008485 0.00000000099999999996 0.00000000099999999996 0.00000000099999999996 
0.99999998674866619197 0.00000000099999999998 0.00000001125133377251 0.00000000099999999998 
0.00000000099999999988 0.00000000099999999988 0.00000000099999999988 0.99999999700000008485 
0.00000000099999999985 0.99999999699999997382 0.00000000099999999985 0.00000000099999999985 
0.91390814554147481452 0.03979679411868605743 0.04629505933983917021 0.00000000100000000000 
0.01727529091845346823 0.00000000099999999998 0.98272470708154657792 0.00000000099999999998 
0.03220971191404867900 0.00459491762604508167 0.96319536631236357671 0.00000000414754274098 
0.99604393298435534021 0.00395606501564478574 0.00000000099999999999 0.00000000099999999999 
0.02295997327365732060 0.00000000099999999999 0.97704002472634277066 0.00000000099999999999 
0.00336368185960846892 0.01523195431674594091 0.98140436282364551523 0.00000000099999999998 
0.00000000099999999999 0.00613616833616879073 0.99386382966383124415 0.00000000099999999999 
0.00000000099999999984 0.00000000099999999984 0.00000000099999999984 0.99999999700000008485 
0.00000000099999999985 0.00000000099999999985 0.00000000099999999985 0.99999999699999997382 
0.00000000099999999982 0.00000000099999999982 0.00000000099999999982 0.99999999699999997382 
0.00000000099999999983 0.00000000099999999983 0.00000000099999999983 0.99999999699999997382 
0.00000000099999999983 0.00000000099999999983 0.00000000099999999983 0.99999999700000008485 
0.99999999700000008485 0.00000000099999999998 0.00000000099999999998 0.00000000099999999998 
0.00588379939535886576 0.01465132404961329120 0.97946487555502781408 0.00000000100000000000 
0.00000000099999999983 0.00000000099999999983 0.00000000099999999983 0.99999999700000008485 
0.00000000099999999985 0.00000000099999999985 0.00000000099999999985 0.99999999699999997382 
0.00000000099999999985 0.99999999699999997382 0.00000000099999999985 0.00000000099999999985 
0.00000000099999999985 0.99999999700000008485 0.00000000099999999985 0.00000000099999999985 
0.00002665378654685707 0.00000000099999999999 0.99997334421345296374 0.00000000099999999999 
0.00000000099999999984 0.00000000099999999984 0.00000000099999999984 0.99999999699999997382 
0.02055300328645844055 0.00000000311573816452 0.97938074731105084769 0.00006624628675244956 
0.00000000099999999999 0.00240271248261169582 0.99759728551738824365 0.00000000099999999999 
0.96153225751090387607 0.00000000099999999998 0.03846774048909621518 0.00000000099999999998 
0.01544133313260294231 0.00005045370494574209 0.98450821216245121281 0.00000000099999999999 
0.99999999700000008485 0.00000000099999999995 0.00000000099999999995 0.00000000099999999995 
0.02628837943612421027 0.00888172059210828001 0.96482989897176751892 0.00000000099999999999 
0.99999999700000008485 0.00000000099999999995 0.00000000099999999995 0.00000000099999999995 
0.01660920826119416382 0.02049961688491854298 0.96289117385388722781 0.00000000100000000000 
0.00013205163539803497 0.01617071981863744956 0.98369722754596455871 0.00000000100000000000 
0.00000000099999999986 0.00000000099999999986 0.00000000099999999986 0.99999999699999997382 
0.99999999700000008485 0.00000000099999999996 0.00000000099999999996 0.00000000099999999996 
0.00000000099999999983 0.00000000099999999983 0.00000000099999999983 0.99999999699999997382 
0.00000000099999999983 0.00000000099999999983 0.00000000099999999983 0.99999999700000008485 
0.01317099783737116225 0.00126878735224358213 0.98556021381038527718 0.00000000100000000000 
0.03223944418908547549 0.00056184324215075726 0.96719871156876369156 0.00000000099999999999 
0.01170332096044869770 0.00000000099999999998 0.98829667703955126346 0.00000000099999999998 
0.00523779031654134954 0.00621200344035563717 0.98855020524310288632 0.00000000099999999999 
0.01065799129094532893 0.01581336003839553528 0.97352864767065905305 0.00000000099999999999 
0.02240419609709157212 0.01062704470021808012 0.96696875820269034829 0.00000000099999999999 
0.00000000099999999999 0.00000011677548436231 0.99999988122451555217 0.00000000099999999999 
0.99798769484279470365 0.00000000099999999998 0.00201230315720539107 0.00000000099999999998 
0.00000628359855043098 0.00014520673564391570 0.99984850866580565754 0.00000000099999999999 
0.00000000099999999983 0.00000000099999999983 0.00000000099999999983 0.99999999700000008485 
0.00285157203346523202 0.00335545955990563648 0.99379296740662914633 0.00000000100000000000 
0.00000000099999999994 0.00000000099999999994 0.00000000099999999994 0.99999999700000008485 
0.00000000099999999985 0.00000000099999999985 0.00000000099999999985 0.99999999700000008485 
0.02824529917937357651 0.00001842471581847658 0.97173627510480797831 0.00000000099999999999 
0.00000000099999999999 0.01267026444331175589 0.98732973355668829374 0.00000000099999999999 
0.02448046181538989993 0.00000000100000000000 0.97551514844126796522 0.00000438874334199948 
0.00000000099999999987 0.00000000099999999987 0.00000000099999999987 0.99999999700000008485 
0.99999999699999997382 0.00000000099999999996 0.00000000099999999996 0.00000000099999999996 
0.99999999699999997382 0.00000000099999999996 0.00000000099999999996 0.00000000099999999996 
0.00000000099999999985 0.00000000099999999985 0.00000000099999999985 0.99999999700000008485 
0.01118190619808948939 0.01013040454510227492 0.97868768825680818590 0.00000000100000000000 
0.04408278619468747328 0.01605828849495475122 0.93985892431035766847 0.00000000100000000000 
0.00000000099999999986 0.00000000099999999986 0.00000000099999999986 0.99999999700000008485 
0.00951354643697267799 0.01083407440394551849 0.97965237815908168262 0.00000000099999999999 
0.99999999700000008485 0.00000000099999999995 0.00000000099999999995 0.00000000099999999995 
0.23679739675977432012 0.11193757822312756789 0.54451440863331190823 0.10675061638378618989 
0.03213444271230600502 0.00000000100000000000 0.96328477103123411052 0.00458078525645994137 
0.03810751534923501049 0.01599988963630109839 0.94589259401446379449 0.00000000099999999999 
0.00319633355666959105 0.01841579459598519791 0.97838787084734513133 0.00000000099999999999 
0.00027693831960069108 0.01471333499909730294 0.98500972568130185092 0.00000000099999999999 
0.00000000099999999999 0.00603098614689902973 0.99396901185310104765 0.00000000099999999999 
0.01118170766377371908 0.00000000099999999999 0.98881829033622636871 0.00000000099999999999 
0.01054986243720766083 0.01648391552413674965 0.97296622103865559872 0.00000000099999999999 
0.02678228706255211117 0.00823409578712620306 0.95665440219150899015 0.00832921495881265919 
0.99999999699999997382 0.00000000099999999997 0.00000000099999999997 0.00000000099999999997 
0.02288102218567912918 0.01041798060436303214 0.96670099620995775247 0.00000000099999999999 
0.00000000099999999999 0.01018766962434478236 0.98981232837565524818 0.00000000099999999999 
0.04972345737698921631 0.00556116398240663872 0.94471537764060398157 0.00000000100000000000 
0.02146113038028032299 0.00000000099999999999 0.97853886761971953234 0.00000000099999999999 
0.03734276809719416779 0.00554212347571767829 0.95468538488479481874 0.00242972354229340198 
0.00000171208866597134 0.00055685907042205777 0.99944142784091194454 0.00000000099999999999 
0.01900147481865089444 0.00224872293019904137 0.97874980125114996454 0.00000000100000000000 
0.99815029477546579617 0.00000000099999999998 0.00184970322453421529 0.00000000099999999998 
0.02383677846372836417 0.02087094896386236173 0.95529227157240914625 0.00000000099999999999 
0.01017377192292183950 0.01364608683352435022 0.97618014024355381775 0.00000000099999999999 
0.01462872995112095807 0.00021300208044785105 0.97405816853525695187 0.01110009943317422434 
0.99999995452295931120 0.00000000099999999998 0.00000004347704068777 0.00000000099999999998 
0.02966933222797177652 0.00000009452241798754 0.95105799328329976294 0.01927257996631044287 
0.01328354659411975711 0.01255191682257275794 0.97416453558330751150 0.00000000100000000000 
0.48194843588053437600 0.01192284658686971512 0.50612871653259583482 0.00000000099999999999 
0.03041717755665324097 0.00000000099999999998 0.96958282044334676009 0.00000000099999999998 
0.00000000099999999986 0.00000000099999999986 0.00000000099999999986 0.99999999699999997382 
0.02111842176241440078 0.01978218041885071790 0.95909939681873490613 0.00000000099999999999 
0.02965563051122016569 0.00786937634593855642 0.96247499214284115698 0.00000000100000000000 
