0.00595441045922201224 0.02859524306074163677 0.96545034648003624778 
0.00000000099999999998 0.00000000099999999998 0.99999999800000005656 
0.00000000099999999998 0.00390391804902438973 0.99609608095097557090 
0.00000000100000000000 0.00547175099791168216 0.99452824800208827760 
0.00065378823791275914 0.01555368919805103813 0.98379252256403615373 
0.00000000099999999999 0.00738424206118802520 0.99261575693881198834 
0.00000000099999999999 0.01269641158533349988 0.98730358741466639483 
0.00000000099999999999 0.01003564394119422880 0.98996435505880564509 
0.00000000099999999999 0.02549810328042069127 0.97450189571957923640 
0.00000000099999999999 0.00300669045845400069 0.99699330854154610826 
0.00000000100000000000 0.01494791700506448683 0.98505208199493554666 
0.00000000099999999999 0.01609604195345106653 0.98390395704654887155 
0.00006128685279014468 0.01046664056602645762 0.98947207258118341500 
0.00000063973249564688 0.02107593611313749588 0.97892342415436683911 
0.00783568720572226478 0.02636512498466804175 0.96579918780960971603 
0.00000000100000000000 0.03679637885593501495 0.96320362014406490925 
0.00000000100000000000 0.00427892968707904893 0.99572106931292081455 
0.00977014990146124994 0.01127440436280230558 0.97895544573573645142 
0.00932142231441775680 0.01384721450981676871 0.97683136317576546581 
0.00000000099999999998 0.00871591637038048733 0.99128408262961942299 
0.00065824690559097658 0.00242361661401853130 0.99691813648039051543 
0.00000000099999999999 0.01155645577471753338 0.98844354322528249490 
0.00000000100000000000 0.00028573534020718991 0.99971426365979276785 
0.00000000099999999999 0.00838835775765135912 0.99161164124234857375 
0.00000000099999999999 0.00634034099379707922 0.99365965800620292825 
0.00041014123172552033 0.00635044735784191187 0.99323941141043259329 
0.00000000099999999992 0.99999999800000005656 0.00000000099999999992 
0.00000000099999999991 0.99999999800000005656 0.00000000099999999991 
0.00142563715623516976 0.01683010932296996609 0.98174425352079497387 
0.00000000100000000000 0.01609733179897435487 0.98390266720102559361 
0.00000000100000000000 0.00465449912889305019 0.99534549987110687574 
0.00000000099999999999 0.01060304410813989705 0.98939695489186008093 
0.00000000099999999997 0.36441710359500534278 0.63558289540499479653 
0.00000000099999999999 0.00580664701997357299 0.99419335198002656284 
0.99999999799999994554 0.00000000099999999992 0.00000000099999999992 
0.99999999799999994554 0.00000000099999999989 0.00000000099999999989 
0.99999999799999994554 0.00000000099999999989 0.00000000099999999989 
0.00000000099999999993 0.99999999799999994554 0.00000000099999999993 
0.00000000099999999992 0.99999999799999994554 0.00000000099999999992 
0.00000000099999999999 0.01083238820515070033 0.98916761079484927244 
0.00000000099999999999 0.01238908750009814000 0.98761091149990198890 
0.00000000099999999992 0.99999999799999994554 0.00000000099999999992 
0.00000000099999999999 0.01535854989573695248 0.98464144910426321111 
0.00000000099999999999 0.01015068798310029587 0.98984931101689965782 
0.00000000099999999993 0.99999999800000005656 0.00000000099999999993 
0.00000000099999999999 0.01119923494391716380 0.98880076405608285928 
0.00000000099999999992 0.99999999799999994554 0.00000000099999999992 
0.00000000099999999999 0.00978291946435632179 0.99021707953564364058 
0.00000000099999999998 0.00000000099999999998 0.99999999800000005656 
0.00000000099999999991 0.99999999800000005656 0.00000000099999999991 
0.00000000099999999992 0.99999999799999994554 0.00000000099999999992 
0.00000000099999999998 0.00000000099999999998 0.99999999800000005656 
0.00000000099999999999 0.00443803946787002090 0.99556195953212989203 
0.00000000099999999999 0.00005643262464609551 0.99994356637535397603 
0.00000000099999999993 0.99999999799999994554 0.00000000099999999993 
0.00019023849200615426 0.02049708420793117450 0.97931267730006266170 
0.00025414956731220791 0.02867594046817764294 0.97106990996451003628 
0.00022366892092395962 0.00000036238302356387 0.99977596869605256380 
0.00000000100000000000 0.00783659469715802283 0.99216340430284188923 
0.00000000099999999999 0.00198861418407391246 0.99801138481592599483 
0.00704907071634883024 0.01287612598949746529 0.98007480329415375131 
0.99999999799999994554 0.00000000099999999991 0.00000000099999999991 
0.00000000099999999999 0.01049136228153592539 0.98950863671846400749 
0.99999999800000005656 0.00000000099999999991 0.00000000099999999991 
0.00000761114768567192 0.00773966812488146270 0.99225272072743275764 
0.99999999799999994554 0.00000000099999999991 0.00000000099999999991 
0.00000000099999999999 0.00612084959190146993 0.99387914940809862774 
0.00485310598270395459 0.01494433076014448254 0.98020256325715160450 
0.00000000099999999999 0.00733961625994901910 0.99266038274005097275 
0.00000000099999999999 0.00000000099999999999 0.99999999799999994554 
0.99999999799999994554 0.00000000099999999991 0.00000000099999999991 
0.99999999799999994554 0.00000000099999999992 0.00000000099999999992 
0.00000000100000000000 0.01845787606496420916 0.98154212293503584341 
0.00000000099999999999 0.00000000099999999999 0.99999999800000005656 
0.00000000099999999993 0.99999999799999994554 0.00000000099999999993 
0.00000000099999999999 0.00000044128234549348 0.99999955771765458579 
0.00668430988164249017 0.00004398755318051209 0.99327170256517705038 
0.99999999800000005656 0.00000000099999999990 0.00000000099999999990 
0.00000000099999999991 0.99999999800000005656 0.00000000099999999991 
0.99999999800000005656 0.00000000099999999992 0.00000000099999999992 
0.00712651997172997469 0.02390935610695752583 0.96896412392131248126 
0.00000000099999999999 0.01773295884194691849 0.98226704015805299530 
0.00000000100000000000 0.00000000268962642063 0.99999999631037361780 
0.00000000099999999999 0.00842912062859571022 0.99157087837140434061 
0.00000000100000000000 0.02810112090217139341 0.97189887809782871120 
0.00000000099999999999 0.00471057191324600853 0.99528942708675394169 
0.00000000099999999999 0.00000000099999999999 0.99999999799999994554 
0.00000002419516152003 0.00525249847177561031 0.99474747733306290165 
0.00000000099999999999 0.00000053960427584484 0.99999945939572421061 
0.00000000099999999999 0.00456005738671226395 0.99543994161328763770 
0.00000000099999999999 0.00771763987404268381 0.99228235912595730284 
0.00013885374866938176 0.00181335758765792539 0.99804778866367260814 
0.00000000099999999998 0.00000000099999999998 0.99999999800000005656 
0.00000000551493597932 0.00501925881697925288 0.99498073566808475920 
0.99999999800000005656 0.00000000099999999995 0.00000000099999999995 
0.00000000099999999999 0.01868245166598828111 0.98131754733401177493 
0.00000000099999999999 0.00744858146477230844 0.99255141753522779791 
0.00000000099999999999 0.01272980643268412787 0.98727019256731574082 
0.99999999799999994554 0.00000000099999999989 0.00000000099999999989 
0.00128314786386013024 0.01332302117012073607 0.98539383096601917966 
0.00000000099999999999 0.01637348888451188936 0.98362651011548807300 
0.00897035843596037663 0.01573738710675509633 0.97529225445728451316 
0.00001420482871570522 0.01174444102824192572 0.98824135414304237202 
0.00628156372654975134 0.00150276046408273070 0.99221567580936753661 
0.00039757492485530723 0.00492129169536774901 0.99468113337977692723 
0.00000000100000000000 0.01275041843358466938 0.98724958056641531901 
0.00000003611112470243 0.01316717859250520622 0.98683278529637008525 
0.00478872511853302429 0.03684492077985224850 0.95836635410161474802 
0.00000000100000000000 0.01779161199384598352 0.98220838700615409333 
0.00000000099999999999 0.00000000874001315271 0.99999999025998675961 
0.00564437384161737502 0.03016537212995400175 0.96419025402842861716 
0.00000000099999999999 0.01801523770015264758 0.98198476129984724192 
0.00321855467159527656 0.00663084051388921573 0.99015060481451555585 
0.00000000100000000000 0.00423241480159477265 0.99576758419840516456 
0.00000000100000000000 0.00009315857862881436 0.99990684042137123466 
0.00000000100000000000 0.01504929907643378847 0.98495069992356620858 
0.00127906625812764028 0.00010143810925330755 0.99861949563261898088 
0.00000000099999999999 0.00231887177943416577 0.99768112722056578878 
0.00000000099999999999 0.00537672069264560556 0.99462327830735441925 
0.06834238280882483363 0.01086001846035791404 0.92079759873081723498 
0.00000000099999999999 0.00025686556136475492 0.99974313343863518977 
0.00000000099999999999 0.00000627859889977998 0.99999372040110034998 
0.00000000099999999999 0.00018625134060198075 0.99981374765939801108 
0.00000000099999999999 0.02770781962313498617 0.97229217937686507334 
0.00000000249342682938 0.00000000099999999999 0.99999999650657311889 
0.00770868984943185506 0.01191676858237932304 0.98037454156818870654 
0.00000000099999999999 0.00526113684325938205 0.99473886215674056643 
0.00000009358730270728 0.00782991293279928537 0.99216999347989798252 
0.00000000099999999999 0.00000005592903267417 0.99999994307096740087 
0.00000000099999999998 0.00000000099999999998 0.99999999800000005656 
0.00000000100000000000 0.01311960638874001828 0.98688039261126003776 
0.99999999800000005656 0.00000000099999999992 0.00000000099999999992 
0.00000000099999999991 0.99999999800000005656 0.00000000099999999991 
0.00000000100000000000 0.04227781298486072564 0.95772218601513914304 
0.00000000099999999999 0.00000000099999999999 0.99999999800000005656 
0.00000007644003571114 0.00283005354243873360 0.99716987001752555031 
0.00000000099999999999 0.01602568248250413330 0.98397431651749589498 
0.00000000707261481648 0.00005866746972339572 0.99994132545766178932 
0.00000000099999999999 0.01735841257631149520 0.98264158642368848451 
0.00000000099999999999 0.00517216002175745464 0.99482783897824245134 
0.99999999800000005656 0.00000000099999999990 0.00000000099999999990 
0.99999999800000005656 0.00000000099999999991 0.00000000099999999991 
0.99999999799999994554 0.00000000099999999989 0.00000000099999999989 
0.99999999799999994554 0.00000000099999999990 0.00000000099999999990 
0.99999999799999994554 0.00000000099999999989 0.00000000099999999989 
0.00000000747852577948 0.01875134026953421268 0.98124865225194002338 
0.00051121397693235158 0.01841005667491056944 0.98107872934815698596 
0.99999999799999994554 0.00000000099999999990 0.00000000099999999990 
0.99999999800000005656 0.00000000099999999991 0.00000000099999999991 
0.00000000099999999991 0.99999999799999994554 0.00000000099999999991 
0.00000000099999999991 0.99999999800000005656 0.00000000099999999991 
0.00003927649761795940 0.00638596003555906479 0.99357476346682294110 
0.99999999799999994554 0.00000000099999999990 0.00000000099999999990 
0.00663668405408588628 0.00000570329922861665 0.99335761264668553938 
0.00000000100000000000 0.00804443755361056168 0.99195556144638952212 
0.00000000100000000000 0.01796611927463337421 0.98203387972536670958 
0.00000000099999999999 0.00132963884917336244 0.99867036015082666367 
0.00000000099999999999 0.00420131123736209363 0.99579868776263791297 
0.00000000099999999999 0.01117432742686055511 0.98882567157313938644 
0.00000000099999999998 0.00000000884317058133 0.99999999015682949910 
0.00012697646015500798 0.02541249859598296301 0.97446052494386192766 
0.00000000100000000000 0.01729106706181849848 0.98270893193818154021 
0.99999999799999994554 0.00000000099999999992 0.00000000099999999992 
0.00000000100000000000 0.00235209940356949582 0.99764789959643052075 
0.99999999799999994554 0.00000000099999999990 0.00000000099999999990 
0.99999999799999994554 0.00000000099999999989 0.00000000099999999989 
0.00000309775185562636 0.00755280118757407568 0.99244410106057023846 
0.00000000099999999999 0.00300674105534391072 0.99699325794465620820 
0.00000000099999999999 0.00020707238866996751 0.99979292661132990183 
0.00000000100000000000 0.00544163696927251091 0.99455836203072733870 
0.00000000099999999999 0.02079599859876318790 0.97920400040123667385 
0.00000000099999999999 0.01202281497587513737 0.98797718402412482153 
0.00159132173051731562 0.00789131917407176996 0.99051735909541094305 
0.00000000099999999999 0.00355507209569737390 0.99644492690430253035 
0.00000000099999999999 0.00678055222635076584 0.99321944677364937260 
0.99999999800000005656 0.00000000099999999990 0.00000000099999999990 
0.00001736716689998193 0.00666117975347148891 0.99332145307962849134 
0.99999999799999994554 0.00000000099999999997 0.00000000099999999997 
0.99999999799999994554 0.00000000099999999991 0.00000000099999999991 
0.00000000100000000000 0.00578322050012728371 0.99421677849987277753 
0.00000000100000000000 0.01308114753321684351 0.98691885146678304253 
0.00380075734517717513 0.00000000100000000000 0.99619924165482287570 
0.99999999800000005656 0.00000000099999999992 0.00000000099999999992 
0.00000000099999999999 0.00009088890482253165 0.99990911009517746688 
0.00000000099999999999 0.00000002952066910987 0.99999996947933089686 
0.99999999799999994554 0.00000000099999999991 0.00000000099999999991 
0.00000000100000000000 0.01311943781524331845 0.98688056118475664391 
0.00000000100000000000 0.01726851874902227482 0.98273148025097778469 
0.99999999800000005656 0.00000000099999999991 0.00000000099999999991 
0.00000000099999999999 0.01464681680027031703 0.98535318219972978238 
0.00000000099999999999 0.00000000099999999999 0.99999999799999994554 
0.10610021100337993505 0.11561750582495462780 0.77828228317166536776 
0.00848679198319510220 0.00003881562982827001 0.99147439238697665509 
0.00000000099999999999 0.02075601787944744009 0.97924398112055244248 
0.00000000099999999999 0.02229599061581756525 0.97770400838418247691 
0.00000000099999999999 0.01727162794514155997 0.98272837105485832954 
0.00147437052656153745 0.01542249365916367916 0.98310313581427477558 
0.00000001012193692772 0.00000001526383950638 0.99999997461422351908 
0.00000000099999999999 0.01892045072272295625 0.98107954827727705815 
0.00798726094552868783 0.00983597462705087904 0.98217676442742041232 
0.00000000099999999999 0.01185240724399818854 0.98814759175600175301 
0.00000000099999999999 0.01240851766800705677 0.98759148133199292641 
0.00000000100000000000 0.01052845530810681864 0.98947154369189316281 
0.00006082897681946338 0.01190516194252390705 0.98803400908065663888 
0.00000000138541191526 0.00000000099999999999 0.99999999761458813197 
0.00289802968480364596 0.00661015905346526867 0.99049181126173113654 
0.00000001321491245838 0.00114913578847786256 0.99885085099660964048 
0.00000000215103568639 0.00332422166749368362 0.99667577618147062957 
0.00000000099999999999 0.00001657158590403679 0.99998342741409607104 
0.00000000099999999999 0.02481181992525050353 0.97518817907474952822 
0.00000000099999999999 0.01830758797932882653 0.98169241102067117399 
0.01391817758851200161 0.00443728516349936684 0.98164453724798861334 
0.00183404489837145530 0.00000000099999999999 0.99816595410162844981 
0.02164773239642948585 0.00090855237064110697 0.97744371523292938875 
0.00011665736732105947 0.01575738062923222674 0.98412596200344681918 
0.00000000099999999999 0.01650986557900047114 0.98349013342099955715 
0.00000000099999999998 0.00000000099999999998 0.99999999799999994554 
0.99999999799999994554 0.00000000099999999991 0.00000000099999999991 
0.00000000100000000000 0.01986852597687602945 0.98013147302312397802 
0.00000000100000000000 0.01251813860817222596 0.98748186039182783702 
