0.26809084270991417887 0.36897388072312292673 0.00000000099999999998 0.00000000099999999998 0.29371739132558066787 0.05417457436747657312 0.00000000099999999998 0.00000000099999999998 0.01504330487390567912 0.00000000099999999998 0.00000000099999999998 
0.00000000099999999990 0.00000000099999999990 0.00000000099999999990 0.00000000099999999990 0.00000000099999999990 0.00000000099999999990 0.00000000099999999990 0.55714302259523029726 0.00000000099999999990 0.00000000099999999990 0.44285696840476973524 
0.00000000099999999991 0.00000000099999999991 0.00000000099999999991 0.00000000099999999991 0.00000000099999999991 0.00000000099999999991 0.00000000099999999991 0.43213836654067327991 0.00000000099999999991 0.00000000099999999991 0.56786162445932653053 
0.99999999000000028282 0.00000000099999999993 0.00000000099999999993 0.00000000099999999993 0.00000000099999999993 0.00000000099999999993 0.00000000099999999993 0.00000000099999999993 0.00000000099999999993 0.00000000099999999993 0.00000000099999999993 
0.18234020307756915180 0.10832044025523523967 0.00000000099999999999 0.00000000099999999999 0.46982485071294471934 0.00000000801570172546 0.00000000099999999999 0.00000000099999999999 0.00304975657098627631 0.23646473636756284997 0.00000000099999999999 
0.00000000099999999995 0.00000000099999999995 0.00000000099999999995 0.00000000099999999995 0.99999999000000017180 0.00000000099999999995 0.00000000099999999995 0.00000000099999999995 0.00000000099999999995 0.00000000099999999995 0.00000000099999999995 
0.00000000099999999990 0.00000000099999999990 0.00000000099999999990 0.00000000099999999990 0.00000000099999999990 0.00000000099999999990 0.00000000099999999990 0.00000000099999999990 0.00000000099999999990 0.00000000099999999990 0.99999998999999994975 
0.00000000099999999988 0.00000000099999999988 0.00000000099999999988 0.00000000099999999988 0.00000000099999999988 0.00000000099999999988 0.00000000099999999988 0.42997239220403171700 0.00000000099999999988 0.00000000099999999988 0.57002759879596809345 
0.14158229399863320186 0.15907104438557137516 0.00000000099999999997 0.28671343776399521586 0.38975927860207770781 0.00000000099999999997 0.00000000099999999997 0.01012134416701511268 0.01258582555314865375 0.00016677152955868707 0.00000000099999999997 
0.00000000099999999991 0.00000000099999999991 0.00000000099999999991 0.00000000099999999991 0.00000000099999999991 0.00000000099999999991 0.00000000099999999991 0.43845733030165234823 0.00000000099999999991 0.00000000099999999991 0.56154266069834768427 
0.17217009526872903424 0.16487385682256885944 0.00000000099999999999 0.27428374205445665845 0.33877033629269487358 0.02018004327616803109 0.00000000099999999999 0.01255038688922291597 0.00303543948890648346 0.01413582600783843193 0.00000027189941448983 
0.07724181988518270814 0.11119850684158734400 0.00000000099999999997 0.15222339969756906730 0.44187506416922933683 0.04907990953945140511 0.00000000099999999997 0.01862423300464774098 0.00160435033210292463 0.14815271353022935186 0.00000000099999999997 
0.00000000099999999993 0.00000000099999999993 0.00000000099999999993 0.00000000099999999993 0.99999999000000017180 0.00000000099999999993 0.00000000099999999993 0.00000000099999999993 0.00000000099999999993 0.00000000099999999993 0.00000000099999999993 
0.00000000099999999998 0.22640108685455706539 0.00000000099999999998 0.15745573952987573785 0.31350722915911255484 0.05062125019494496253 0.00000000099999999998 0.00000000099999999998 0.00830549826023687689 0.24370919100127277912 0.00000000099999999998 
0.19186112104880323481 0.27267556351133870329 0.00000000099999999999 0.16947404253462847179 0.34793433351346725324 0.00000000099999999999 0.00347421134179588635 0.00000000099999999999 0.01458072228907682753 0.00000000176088954153 0.00000000099999999999 
0.17194707375817075423 0.14033762704103433516 0.00000000099999999998 0.18278308051270963919 0.26385405856303345562 0.00073002036781045360 0.00000000099999999998 0.04958882419487985194 0.02811720220195487036 0.16236274058696475997 0.00027937077344194995 
0.00000000099999999985 0.99999999000000028282 0.00000000099999999985 0.00000000099999999985 0.00000000099999999985 0.00000000099999999985 0.00000000099999999985 0.00000000099999999985 0.00000000099999999985 0.00000000099999999985 0.00000000099999999985 
0.00000000099999999996 0.30715563300465981156 0.00000000099999999996 0.44335421432180599499 0.00000000099999999996 0.00000000123371856120 0.00000000099999999996 0.00000000099999999996 0.00000000099999999996 0.24949014443981562539 0.00000000099999999996 
0.21429171953149708796 0.01518032900768703092 0.00000000099999999999 0.10066427793860951989 0.51435557048176938633 0.05369611570336010886 0.00085586026322766867 0.00000000099999999999 0.00120589012860277713 0.09975023394524648590 0.00000000099999999999 
0.99999999000000017180 0.00000000099999999989 0.00000000099999999989 0.00000000099999999989 0.00000000099999999989 0.00000000099999999989 0.00000000099999999989 0.00000000099999999989 0.00000000099999999989 0.00000000099999999989 0.00000000099999999989 
0.21150363397125487852 0.16913029499256718169 0.00000000099999999998 0.21603351110500140786 0.39048091631305503757 0.01224212501012226194 0.00000000099999999998 0.00000000099999999998 0.00000000099999999998 0.00060951360799924329 0.00000000099999999998 
0.00000000099999999977 0.00000000099999999977 0.00000000099999999977 0.00000000099999999977 0.00000000099999999977 0.00000000099999999977 0.00000000099999999977 0.99999999000000006077 0.00000000099999999977 0.00000000099999999977 0.00000000099999999977 
0.00000000099999999985 0.00000000099999999985 0.00000000099999999985 0.99999999000000006077 0.00000000099999999985 0.00000000099999999985 0.00000000099999999985 0.00000000099999999985 0.00000000099999999985 0.00000000099999999985 0.00000000099999999985 
0.00000000099999999968 0.00000000099999999968 0.00000000099999999968 0.00000000099999999968 0.00000000099999999968 0.00000000099999999968 0.00000000099999999968 0.00000000099999999968 0.00000000099999999968 0.99999999000000006077 0.00000000099999999968 
0.29250391031072286996 0.25070273183362973279 0.00000000099999999996 0.18968629529617547780 0.00000000099999999996 0.08350895011270527413 0.00000000099999999996 0.01594808918912221998 0.00000000099999999996 0.16765001825764466736 0.00000000099999999996 
0.00000009441585051654 0.35059557508078931232 0.00000000099999999996 0.00000000099999999996 0.52599196737965658865 0.00000000099999999996 0.00000000099999999996 0.00000000099999999996 0.00000000099999999996 0.12341235612370342334 0.00000000099999999996 
0.00000000099999999958 0.00000000099999999958 0.00000000099999999958 0.00000000099999999958 0.00000000099999999958 0.00000000099999999958 0.00000000099999999958 0.00000000099999999958 0.99999999000000006077 0.00000000099999999958 0.00000000099999999958 
0.00000000099999999951 0.00000000099999999951 0.00000000099999999951 0.00000000099999999951 0.00000000099999999951 0.00000000099999999951 0.00000000099999999951 0.00000000099999999951 0.99999998999999994975 0.00000000099999999951 0.00000000099999999951 
0.00000000099999999989 0.99999999000000028282 0.00000000099999999989 0.00000000099999999989 0.00000000099999999989 0.00000000099999999989 0.00000000099999999989 0.00000000099999999989 0.00000000099999999989 0.00000000099999999989 0.00000000099999999989 
0.00000000099999999994 0.00000000099999999994 0.00000000099999999994 0.38969681226430141763 0.61030317873569872589 0.00000000099999999994 0.00000000099999999994 0.00000000099999999994 0.00000000099999999994 0.00000000099999999994 0.00000000099999999994 
0.00000000099999999987 0.99999999000000028282 0.00000000099999999987 0.00000000099999999987 0.00000000099999999987 0.00000000099999999987 0.00000000099999999987 0.00000000099999999987 0.00000000099999999987 0.00000000099999999987 0.00000000099999999987 
0.00000000099999999977 0.00000000099999999977 0.00000000099999999977 0.00000000099999999977 0.00000000099999999977 0.00000000099999999977 0.00000000099999999977 0.99999998999999994975 0.00000000099999999977 0.00000000099999999977 0.00000000099999999977 
0.00000000099999999980 0.00000000099999999980 0.00000000099999999980 0.00000000099999999980 0.00000000099999999980 0.00000000099999999980 0.00000000099999999980 0.19225753954776997334 0.35153171345526301739 0.45621073899696695797 0.00000000099999999980 
0.54784918449966024667 0.00000000099999999994 0.00000000099999999994 0.45215080644575644797 0.00000000099999999994 0.00000000105458349053 0.00000000099999999994 0.00000000099999999994 0.00000000099999999994 0.00000000099999999994 0.00000000099999999994 
0.00000000099999999940 0.00000000099999999940 0.00000000099999999940 0.00000000099999999940 0.00000000099999999940 0.00000000099999999940 0.99999998999999994975 0.00000000099999999940 0.00000000099999999940 0.00000000099999999940 0.00000000099999999940 
0.00000000099999999933 0.00000000099999999933 0.99999999000000006077 0.00000000099999999933 0.00000000099999999933 0.00000000099999999933 0.00000000099999999933 0.00000000099999999933 0.00000000099999999933 0.00000000099999999933 0.00000000099999999933 
0.00000000099999999935 0.00000000099999999935 0.99999999000000006077 0.00000000099999999935 0.00000000099999999935 0.00000000099999999935 0.00000000099999999935 0.00000000099999999935 0.00000000099999999935 0.00000000099999999935 0.00000000099999999935 
0.00000000099999999959 0.00000000099999999959 0.00000000099999999959 0.00000000099999999959 0.00000000099999999959 0.00000000099999999959 0.00000000099999999959 0.00000000099999999959 0.99999999000000006077 0.00000000099999999959 0.00000000099999999959 
0.00000000099999999953 0.00000000099999999953 0.00000000099999999953 0.00000000099999999953 0.00000000099999999953 0.00000000099999999953 0.00000000099999999953 0.00000000099999999953 0.99999999000000006077 0.00000000099999999953 0.00000000099999999953 
0.00001962335917393019 0.35734066916009155079 0.00000000099999999995 0.18217831954298563391 0.37698444512275175455 0.08347693681499732121 0.00000000099999999995 0.00000000099999999995 0.00000000099999999995 0.00000000099999999995 0.00000000099999999995 
0.00000000099999999989 0.00000000099999999989 0.00000000099999999989 0.00000000099999999989 0.00000000099999999989 0.00000000099999999989 0.00000000099999999989 0.00000000099999999989 0.00000000099999999989 0.00000000099999999989 0.99999999000000006077 
0.00000000099999999955 0.00000000099999999955 0.00000000099999999955 0.00000000099999999955 0.00000000099999999955 0.00000000099999999955 0.00000000099999999955 0.00000000099999999955 0.99999998999999994975 0.00000000099999999955 0.00000000099999999955 
0.00000000099999999994 0.53748468903418034071 0.00000000099999999994 0.00000000099999999994 0.00000000099999999994 0.14684719850510008499 0.00000000099999999994 0.00000000099999999994 0.00000000099999999994 0.31566810446071985607 0.00000000099999999994 
0.00000000099999999985 0.00000000099999999985 0.00000000099999999985 0.00000000099999999985 0.00000000099999999985 0.00000000099999999985 0.00000000099999999985 0.00000000099999999985 0.00000000099999999985 0.00000000099999999985 0.99999998999999994975 
0.00000000099999999961 0.00000000099999999961 0.00000000099999999961 0.00000000099999999961 0.00000000099999999961 0.00000000099999999961 0.00000000099999999961 0.00000000099999999961 0.99999998999999994975 0.00000000099999999961 0.00000000099999999961 
0.00000000099999999996 0.46039844547724639856 0.00000000099999999996 0.00000000099999999996 0.53960154552275363393 0.00000000099999999996 0.00000000099999999996 0.00000000099999999996 0.00000000099999999996 0.00000000099999999996 0.00000000099999999996 
0.00000000099999999956 0.00000000099999999956 0.00000000099999999956 0.00000000099999999956 0.00000000099999999956 0.00000000099999999956 0.00000000099999999956 0.00000000099999999956 0.99999998999999994975 0.00000000099999999956 0.00000000099999999956 
0.00000000099999999988 0.00000000099999999988 0.00000000099999999988 0.00000000099999999988 0.00000000099999999988 0.00000000099999999988 0.00000000099999999988 0.00000000099999999988 0.00000000099999999988 0.00000000099999999988 0.99999999000000006077 
0.00000000099999999983 0.00000000099999999983 0.00000000099999999983 0.00000000099999999983 0.00000000099999999983 0.00000000099999999983 0.00000000099999999983 0.00000000099999999983 0.00000000099999999983 0.00000000099999999983 0.99999998999999994975 
0.00000000099999999950 0.00000000099999999950 0.00000000099999999950 0.00000000099999999950 0.00000000099999999950 0.00000000099999999950 0.00000000099999999950 0.00000000099999999950 0.99999999000000006077 0.00000000099999999950 0.00000000099999999950 
0.00000000099999999954 0.00000000099999999954 0.00000000099999999954 0.00000000099999999954 0.00000000099999999954 0.00000000099999999954 0.00000000099999999954 0.00000000099999999954 0.99999999000000006077 0.00000000099999999954 0.00000000099999999954 
0.00000000099999999992 0.00000000099999999992 0.00000000099999999992 0.00000000099999999992 0.00000000099999999992 0.00000000099999999992 0.00000000099999999992 0.41580885148528839990 0.00000000099999999992 0.00000000099999999992 0.58419113951471146606 
0.00000000099999999988 0.00000000099999999988 0.00000000099999999988 0.00000000099999999988 0.00000000099999999988 0.00000000099999999988 0.00000000099999999988 0.00000000099999999988 0.00000000099999999988 0.00000000099999999988 0.99999998999999994975 
0.00000000099999999989 0.00000000099999999989 0.00000000099999999989 0.00000000099999999989 0.00000000099999999989 0.00000000099999999989 0.00000000099999999989 0.00000000099999999989 0.00000000099999999989 0.00000000099999999989 0.99999999000000006077 
0.00000000099999999962 0.00000000099999999962 0.00000000099999999962 0.00000000099999999962 0.00000000099999999962 0.00000000099999999962 0.00000000099999999962 0.00000000099999999962 0.99999998999999994975 0.00000000099999999962 0.00000000099999999962 
0.00000000099999999989 0.00000000099999999989 0.00000000099999999989 0.99999999000000006077 0.00000000099999999989 0.00000000099999999989 0.00000000099999999989 0.00000000099999999989 0.00000000099999999989 0.00000000099999999989 0.00000000099999999989 
0.00000000099999999998 0.33187505212058754367 0.00000000099999999998 0.28605134721351732630 0.29288879254476191116 0.00000000099999999998 0.00000000099999999998 0.00000000099999999998 0.01941476923525978920 0.06977003288587341201 0.00000000099999999998 
0.00000000099999999992 0.00000000099999999992 0.00000000099999999992 0.00000000099999999992 0.99999999000000006077 0.00000000099999999992 0.00000000099999999992 0.00000000099999999992 0.00000000099999999992 0.00000000099999999992 0.00000000099999999992 
0.99999999000000017180 0.00000000099999999990 0.00000000099999999990 0.00000000099999999990 0.00000000099999999990 0.00000000099999999990 0.00000000099999999990 0.00000000099999999990 0.00000000099999999990 0.00000000099999999990 0.00000000099999999990 
0.00000000099999999988 0.00000000099999999988 0.00000000099999999988 0.00000000099999999988 0.00000000099999999988 0.00000000099999999988 0.00000000099999999988 0.00000000099999999988 0.00000000099999999988 0.00000000099999999988 0.99999999000000006077 
0.07715921821890606158 0.25671209930086780204 0.00000000099999999999 0.00000000099999999999 0.48278495585015085423 0.00000000099999999999 0.00000000099999999999 0.00000000099999999999 0.00000000099999999999 0.18334371963007520256 0.00000000099999999999 
0.00000000099999999944 0.00000000099999999944 0.99999999000000017180 0.00000000099999999944 0.00000000099999999944 0.00000000099999999944 0.00000000099999999944 0.00000000099999999944 0.00000000099999999944 0.00000000099999999944 0.00000000099999999944 
0.99999999000000017180 0.00000000099999999988 0.00000000099999999988 0.00000000099999999988 0.00000000099999999988 0.00000000099999999988 0.00000000099999999988 0.00000000099999999988 0.00000000099999999988 0.00000000099999999988 0.00000000099999999988 
0.00000000099999999944 0.00000000099999999944 0.99999999000000006077 0.00000000099999999944 0.00000000099999999944 0.00000000099999999944 0.00000000099999999944 0.00000000099999999944 0.00000000099999999944 0.00000000099999999944 0.00000000099999999944 
0.29965642399765141102 0.00000506994324420166 0.00000000099999999998 0.00000000099999999998 0.49537334921379261310 0.04924508380222332449 0.00000000099999999998 0.03408199060243187473 0.00000000099999999998 0.12163807744065649463 0.00000000099999999998 
0.00000000099999999938 0.00000000099999999938 0.00000000099999999938 0.00000000099999999938 0.00000000099999999938 0.00000000099999999938 0.99999999000000006077 0.00000000099999999938 0.00000000099999999938 0.00000000099999999938 0.00000000099999999938 
0.00015434458706925033 0.21758527598972532413 0.00000000099999999996 0.08330520867487065106 0.32327845867977794692 0.12250914894043814229 0.00000000099999999996 0.00000000099999999996 0.00000000099999999996 0.25316755812811864157 0.00000000099999999996 
0.00000000099999999995 0.00000000099999999995 0.00000000099999999995 0.00000000099999999995 0.51723854617434861236 0.00000000099999999995 0.00000000099999999995 0.00000000099999999995 0.00000000099999999995 0.48276144482565158667 0.00000000099999999995 
0.00000000099999999974 0.00000000099999999974 0.00000000099999999974 0.00000000099999999974 0.00000000099999999974 0.00000000099999999974 0.00000000099999999974 0.99999998999999994975 0.00000000099999999974 0.00000000099999999974 0.00000000099999999974 
0.99999999000000028282 0.00000000099999999986 0.00000000099999999986 0.00000000099999999986 0.00000000099999999986 0.00000000099999999986 0.00000000099999999986 0.00000000099999999986 0.00000000099999999986 0.00000000099999999986 0.00000000099999999986 
0.00000000099999999943 0.00000000099999999943 0.99999999000000006077 0.00000000099999999943 0.00000000099999999943 0.00000000099999999943 0.00000000099999999943 0.00000000099999999943 0.00000000099999999943 0.00000000099999999943 0.00000000099999999943 
0.00000000099999999942 0.00000000099999999942 0.00000000099999999942 0.00000000099999999942 0.00000000099999999942 0.00000000099999999942 0.99999999000000006077 0.00000000099999999942 0.00000000099999999942 0.00000000099999999942 0.00000000099999999942 
0.00000000099999999989 0.99999999000000028282 0.00000000099999999989 0.00000000099999999989 0.00000000099999999989 0.00000000099999999989 0.00000000099999999989 0.00000000099999999989 0.00000000099999999989 0.00000000099999999989 0.00000000099999999989 
0.00000000099999999976 0.00000000099999999976 0.00000000099999999976 0.00000000099999999976 0.00000000099999999976 0.00000000099999999976 0.00000000099999999976 0.99999998999999994975 0.00000000099999999976 0.00000000099999999976 0.00000000099999999976 
0.00000000099999999963 0.00000000099999999963 0.00000000099999999963 0.00000000099999999963 0.00000000099999999963 0.00000000099999999963 0.00000000099999999963 0.00000000099999999963 0.99999999000000006077 0.00000000099999999963 0.00000000099999999963 
0.00000000099999999975 0.00000000099999999975 0.00000000099999999975 0.00000000099999999975 0.00000000099999999975 0.00000000099999999975 0.00000000099999999975 0.99999999000000006077 0.00000000099999999975 0.00000000099999999975 0.00000000099999999975 
0.15737031121225328323 0.22509101648687193653 0.00000000099999999997 0.12719282040138790713 0.30006374533720048259 0.16613167220488250786 0.00000000099999999997 0.02415042935740402408 0.00000000099999999997 0.00000000099999999997 0.00000000099999999997 
0.00000000099999999945 0.00000000099999999945 0.43870023137062785779 0.00000000099999999945 0.00000000099999999945 0.00000000099999999945 0.56129975962937217471 0.00000000099999999945 0.00000000099999999945 0.00000000099999999945 0.00000000099999999945 
0.00000000099999999946 0.00000000099999999946 0.00000000099999999946 0.00000000099999999946 0.00000000099999999946 0.00000000099999999946 0.00000000099999999946 0.00000000099999999946 0.99999999000000006077 0.00000000099999999946 0.00000000099999999946 
0.00000000099999999949 0.00000000099999999949 0.99999999000000017180 0.00000000099999999949 0.00000000099999999949 0.00000000099999999949 0.00000000099999999949 0.00000000099999999949 0.00000000099999999949 0.00000000099999999949 0.00000000099999999949 
0.45387547291555158102 0.54550031300475232410 0.00000000099999999996 0.00000000099999999996 0.00000000099999999996 0.00000000099999999996 0.00000000099999999996 0.00000000099999999996 0.00062420607969617531 0.00000000099999999996 0.00000000099999999996 
0.00000000099999999983 0.00000000099999999983 0.00000000099999999983 0.00000000099999999983 0.00000000099999999983 0.00000000099999999983 0.00000000099999999983 0.00000000099999999983 0.00000000099999999983 0.00000000099999999983 0.99999999000000006077 
0.00000000099999999976 0.00000000099999999976 0.00000000099999999976 0.00000000099999999976 0.00000000099999999976 0.00000000099999999976 0.00000000099999999976 0.99999999000000006077 0.00000000099999999976 0.00000000099999999976 0.00000000099999999976 
0.00000000099999999995 0.00000000099999999995 0.00000000099999999995 0.00000000099999999995 0.77546838971320408707 0.00000000280541818444 0.00000000099999999995 0.22453159751279022638 0.00000000099999999995 0.00000000099999999995 0.00000000296858749968 
0.12676794193090987206 0.26396900117611471481 0.00000000099999999999 0.26318008145464466541 0.24171681188184904188 0.00000002349008081929 0.00000000099999999999 0.00009210929845422577 0.02044056208154381923 0.08383346568640293039 0.00000000099999999999 
0.00000000099999999982 0.00000000099999999982 0.00000000099999999982 0.00000000099999999982 0.00000000099999999982 0.00000000099999999982 0.00000000099999999982 0.00000000099999999982 0.00000000099999999982 0.99999999000000006077 0.00000000099999999982 
0.99999999000000017180 0.00000000099999999992 0.00000000099999999992 0.00000000099999999992 0.00000000099999999992 0.00000000099999999992 0.00000000099999999992 0.00000000099999999992 0.00000000099999999992 0.00000000099999999992 0.00000000099999999992 
0.52398369561287250207 0.47601629538712764145 0.00000000099999999995 0.00000000099999999995 0.00000000099999999995 0.00000000099999999995 0.00000000099999999995 0.00000000099999999995 0.00000000099999999995 0.00000000099999999995 0.00000000099999999995 
0.28186717963995977509 0.14266093940233862125 0.00000000099999999996 0.29699948763466732515 0.16625448796198846746 0.00000002900344054333 0.00000000099999999996 0.00000000099999999996 0.00000000099999999996 0.11221787135760523391 0.00000000099999999996 
0.23283647557411407680 0.16932796418895626478 0.00000000099999999996 0.28015917050478550410 0.31272945867042306611 0.00000000099999999996 0.00000000099999999996 0.00000000099999999996 0.00000000099999999996 0.00000037003008111886 0.00494655603164016310 
0.37455120055984963967 0.00001905451684885994 0.00000000099999999996 0.39114570673968818149 0.23384852393176155938 0.00000000099999999996 0.00000000099999999996 0.00000000099999999996 0.00000000099999999996 0.00043374590360135252 0.00000176334825039974 
0.00000000269943011606 0.40088836994492349497 0.00000000099999999997 0.00000000099999999997 0.56949865240281816181 0.00000000099999999997 0.00000000099999999997 0.02961296795282824384 0.00000000099999999997 0.00000000099999999997 0.00000000099999999997 
0.00000000099999999988 0.00000000099999999988 0.00000000099999999988 0.00000000099999999988 0.00000000099999999988 0.00000000099999999988 0.00000000099999999988 0.00000000099999999988 0.00000000099999999988 0.00000000099999999988 0.99999999000000006077 
0.00000000099999999994 0.00000000099999999994 0.00000000099999999994 0.00000000099999999994 0.00000000099999999994 0.00000000099999999994 0.00000000099999999994 0.00000008947217983526 0.00000000099999999994 0.00000000099999999994 0.99999990152782014530 
0.00000000099999999955 0.00000000099999999955 0.00000000099999999955 0.00000000099999999955 0.00000000099999999955 0.00000000099999999955 0.99999999000000006077 0.00000000099999999955 0.00000000099999999955 0.00000000099999999955 0.00000000099999999955 
0.00000000099999999994 0.00000000099999999994 0.00000000099999999994 0.00000000099999999994 0.00000000099999999994 0.00000000099999999994 0.00000000099999999994 0.20405795448090954802 0.00000000099999999994 0.00000000099999999994 0.79594203651909034569 
0.00000000099999999995 0.00000000099999999995 0.00000000099999999995 0.00000000099999999995 0.00000000099999999995 0.00000000099999999995 0.00000000099999999995 0.39693523877920711129 0.00000000099999999995 0.00000000099999999995 0.60306475222079292120 
0.00000000099999999994 0.00000000099999999994 0.00000000099999999994 0.00000000099999999994 0.99999784704406946556 0.00000214395593065575 0.00000000099999999994 0.00000000099999999994 0.00000000099999999994 0.00000000099999999994 0.00000000099999999994 
0.00000000099999999929 0.00000000099999999929 0.00000000099999999929 0.00000000099999999929 0.00000000099999999929 0.00000000099999999929 0.99999998999999994975 0.00000000099999999929 0.00000000099999999929 0.00000000099999999929 0.00000000099999999929 
0.00000000099999999987 0.99999999000000028282 0.00000000099999999987 0.00000000099999999987 0.00000000099999999987 0.00000000099999999987 0.00000000099999999987 0.00000000099999999987 0.00000000099999999987 0.00000000099999999987 0.00000000099999999987 
0.19285543876399086072 0.34468021511753449415 0.00000000099999999997 0.00000002488270807513 0.39758309468163427480 0.04740843552458905152 0.00000000099999999997 0.01747278602954323648 0.00000000099999999997 0.00000000099999999997 0.00000000099999999997 
0.30666633552381683536 0.00000000099999999998 0.00000000099999999998 0.00000000099999999998 0.34288115666756413535 0.00000000099999999998 0.00000000099999999998 0.00000000099999999998 0.00000000099999999998 0.35045249980861897798 0.00000000099999999998 
0.00000000099999999998 0.11912280837539811207 0.00000000099999999998 0.00000000099999999998 0.61364774356360829444 0.02565013307853222790 0.00000000099999999998 0.00000000099999999998 0.00000000099999999998 0.23125354338770623408 0.01032576559475512946 
0.34686730088955308737 0.27431294579920717513 0.00000000099999999995 0.00000000099999999995 0.00000000099999999995 0.00000000099999999995 0.00000000099999999995 0.00000000099999999995 0.00000000099999999995 0.37881974531123990824 0.00000000099999999995 
0.00000000099999999994 0.59648453904342102483 0.00000000099999999994 0.39695145105792323248 0.00000000099999999994 0.00000000099999999994 0.00000000099999999994 0.00656400189865583624 0.00000000099999999994 0.00000000099999999994 0.00000000099999999994 
0.73955322814446999846 0.00000000099999999996 0.00000000099999999996 0.00000000099999999996 0.00000000099999999996 0.00000000118540679914 0.00000000099999999996 0.00000000099999999996 0.00000000099999999996 0.26044676267012334403 0.00000000099999999996 
0.35772127663151082055 0.00000000099999999998 0.00000000099999999998 0.24765324595890350623 0.23663491069056202809 0.03326917255124740153 0.00000000099999999998 0.02102596932553555883 0.00247603800146840988 0.10121938284077226788 0.00000000099999999998 
0.12164610594031244339 0.00000000099999999999 0.00000000099999999999 0.00000000099999999999 0.61539277621021315490 0.05358475960397306170 0.00000000099999999999 0.00000000099999999999 0.02747435956357794848 0.18190199268192347448 0.00000000099999999999 
0.00000000099999999985 0.99999999000000017180 0.00000000099999999985 0.00000000099999999985 0.00000000099999999985 0.00000000099999999985 0.00000000099999999985 0.00000000099999999985 0.00000000099999999985 0.00000000099999999985 0.00000000099999999985 
0.00000000099999999992 0.40833631933791197932 0.00000000099999999992 0.00000000099999999992 0.59166367166208810868 0.00000000099999999992 0.00000000099999999992 0.00000000099999999992 0.00000000099999999992 0.00000000099999999992 0.00000000099999999992 
0.00000000099999999982 0.00000000099999999982 0.00000000099999999982 0.00000000099999999982 0.00000000099999999982 0.00000000099999999982 0.00000000099999999982 0.00000000099999999982 0.00000000099999999982 0.99999999000000006077 0.00000000099999999982 
0.36417396337879787138 0.31665690475884011867 0.00000000099999999996 0.31916907458750276572 0.00000004973690878079 0.00000000099999999996 0.00000000099999999996 0.00000000099999999996 0.00000000153795057019 0.00000000099999999996 0.00000000099999999996 
0.64656769781514777939 0.00000000099999999994 0.00000000099999999994 0.00000000099999999994 0.00000000099999999994 0.00000000099999999994 0.00000000099999999994 0.00000000099999999994 0.00000000099999999994 0.35343229318485241963 0.00000000099999999994 
0.25801513994377145433 0.16939724610055198473 0.00000000099999999997 0.19198088333194870958 0.27449368555793335345 0.00000000099999999997 0.00000000099999999997 0.00000000099999999997 0.00000000099999999997 0.10611303906579468148 0.00000000099999999997 
0.20468514669142617857 0.17242168118185394188 0.00000000099999999997 0.00000000099999999997 0.38620239136333789354 0.00000000099999999997 0.00000000099999999997 0.02533591618112520163 0.00000000099999999997 0.21135485858225677713 0.00000000099999999997 
0.01328829678274883082 0.10864956036129876094 0.00000000099999999998 0.30022779137334931754 0.49641335567627786762 0.06391474019129254891 0.00000000099999999998 0.01750621694220884025 0.00000000099999999998 0.00000003467282393969 0.00000000099999999998 
0.42111462337823474256 0.00000000099999999997 0.00000000099999999997 0.37700456693209200010 0.00374230092072174890 0.00000000099999999997 0.00000000099999999997 0.04579477194360539322 0.00000000099999999997 0.15234373082534624633 0.00000000099999999997 
0.00000000099999999992 0.00000000099999999992 0.00000000099999999992 0.00000000099999999992 0.99999999000000006077 0.00000000099999999992 0.00000000099999999992 0.00000000099999999992 0.00000000099999999992 0.00000000099999999992 0.00000000099999999992 
0.24523228645727995767 0.22222753383834967233 0.00000000099999999997 0.11099787755602048833 0.30863535749497561511 0.04827408931890957849 0.00000000099999999997 0.01616131027178393381 0.00000000099999999997 0.04847154106268084656 0.00000000099999999997 
0.27697981070128707692 0.19530049734395008021 0.07267979110144599797 0.04401753840474696700 0.20101152033294475419 0.00000000100000000000 0.00000000100000000000 0.02775096630569614739 0.00007796300689831251 0.18218190980303050619 0.00000000100000000000 
0.99999999000000028282 0.00000000099999999989 0.00000000099999999989 0.00000000099999999989 0.00000000099999999989 0.00000000099999999989 0.00000000099999999989 0.00000000099999999989 0.00000000099999999989 0.00000000099999999989 0.00000000099999999989 
0.39057686791095103107 0.28602506122893273099 0.00000000099999999995 0.00000000099999999995 0.00000000099999999995 0.00000000099999999995 0.00000000099999999995 0.00000000099999999995 0.00000000099999999995 0.31827398350251895343 0.00512408035759748248 
0.00000000099999999992 0.52754100080282051444 0.00000000099999999992 0.00000000099999999992 0.00000000099999999992 0.00000000099999999992 0.00000000099999999992 0.00000000099999999992 0.00000000099999999992 0.47245899019717962908 0.00000000099999999992 
0.22633077339221030488 0.18275060286121722064 0.00000000099999999997 0.20590385563491214738 0.13066084666955041227 0.02517125017820719818 0.00000000099999999997 0.00000000099999999997 0.01142523318780739282 0.21775743407609535196 0.00000000099999999997 
0.13291225621974031568 0.22451469120328684803 0.00000000099999999997 0.25096363874779109571 0.18419140468126016241 0.00832152990787340258 0.00000000099999999997 0.00000000099999999997 0.00000000099999999997 0.19363247222885765497 0.00546400301119055829 
0.27877614493889379954 0.19961632927355574263 0.00000005541952773408 0.23736196232207951162 0.19520958589246070747 0.00000048878125150229 0.00000000100000000000 0.00000000100000000000 0.00310774613787673931 0.08372269130769278977 0.00220499392666156273 
0.00000071705934453507 0.46642418028424625920 0.00000000099999999997 0.00000000530921910892 0.48594149718025092533 0.04755586508736944773 0.00000000099999999997 0.00000000099999999997 0.00000000099999999997 0.00000594725338344029 0.00007178382618640115 
0.38957623257571449837 0.15214296075387440110 0.00000000099999999993 0.00000000099999999993 0.00000063404766351858 0.20852264226525238366 0.00000000099999999993 0.00000000099999999993 0.00000000099999999993 0.24975752435749534741 0.00000000099999999993 
0.17757776397678015634 0.00005080997353689941 0.00000000099999999995 0.24992980890253899129 0.54815325038022744142 0.00000000099999999995 0.00000000099999999995 0.00000000099999999995 0.00000000099999999995 0.00000000099999999995 0.02428836076691673340 
0.00000000099999999991 0.00000000099999999991 0.00000000099999999991 0.00000000099999999991 0.00000000099999999991 0.00000000099999999991 0.00000000099999999991 0.24223350210372154856 0.00000000099999999991 0.00000000099999999991 0.75776648889627851169 
0.00000000099999999996 0.00000000099999999996 0.00000000099999999996 0.00000000099999999996 0.00000000099999999996 0.00000000099999999996 0.00000000099999999996 0.21417672835072135151 0.00000000099999999996 0.00000032332891407058 0.78582294032036448250 
0.00000000099999999944 0.00000000099999999944 0.00000000099999999944 0.00000000099999999944 0.00000000099999999944 0.00000000099999999944 0.99999999000000006077 0.00000000099999999944 0.00000000099999999944 0.00000000099999999944 0.00000000099999999944 
0.00000000099999999949 0.00000000099999999949 0.00000000099999999949 0.00000000099999999949 0.00000000099999999949 0.00000000099999999949 0.00000000099999999949 0.00000000099999999949 0.99999998999999994975 0.00000000099999999949 0.00000000099999999949 
0.00000000099999999998 0.00000000099999999998 0.00000000099999999998 0.00000000099999999998 0.00000000099999999998 0.07967588343514275806 0.00000000099999999998 0.00000032675930656606 0.01940957855927962633 0.00000000099999999998 0.90091420424627088881 
0.26135696037234229516 0.00000000099999999996 0.00000000099999999996 0.24243419617713524161 0.35115563504100077985 0.00000125431042218643 0.00000000099999999996 0.00000000099999999996 0.00000000099999999996 0.14102686773338365955 0.00402508136571592002 
0.70345965314936531598 0.00000000099999999992 0.00000000099999999992 0.00000000099999999992 0.00000000099999999992 0.29654033785063471651 0.00000000099999999992 0.00000000099999999992 0.00000000099999999992 0.00000000099999999992 0.00000000099999999992 
0.00000000099999999995 0.00000000099999999995 0.00000000099999999995 0.00000000099999999995 0.00000000099999999995 0.03588792019171456460 0.00000000099999999995 0.18470909355163994681 0.00000000099999999995 0.00000000099999999995 0.77940297825664550668 
0.00000003884682343889 0.18620108869507034921 0.00000000099999999997 0.00011934162343558183 0.44759764366269333413 0.07528723504121340171 0.00000000099999999997 0.00000000099999999997 0.00000000099999999997 0.29079361782316703877 0.00000103030759695108 
0.21556452122555574968 0.14311818396492162475 0.00000000099999999996 0.08059803027117293239 0.33255117126955108242 0.02777228488764213465 0.00000000099999999996 0.00000000099999999996 0.00884529807560254996 0.19155050530939612963 0.00000000199615766490 
0.00000000099999999992 0.00000000099999999992 0.00000000099999999992 0.00000000099999999992 0.99999999000000006077 0.00000000099999999992 0.00000000099999999992 0.00000000099999999992 0.00000000099999999992 0.00000000099999999992 0.00000000099999999992 
0.00000000099999999941 0.00000000099999999941 0.99999999000000017180 0.00000000099999999941 0.00000000099999999941 0.00000000099999999941 0.00000000099999999941 0.00000000099999999941 0.00000000099999999941 0.00000000099999999941 0.00000000099999999941 
0.00000000099999999938 0.00000000099999999938 0.00000000099999999938 0.00000000099999999938 0.00000000099999999938 0.00000000099999999938 0.99999998999999994975 0.00000000099999999938 0.00000000099999999938 0.00000000099999999938 0.00000000099999999938 
0.00000000099999999932 0.00000000099999999932 0.00000000099999999932 0.00000000099999999932 0.00000000099999999932 0.00000000099999999932 0.99999999000000006077 0.00000000099999999932 0.00000000099999999932 0.00000000099999999932 0.00000000099999999932 
0.00000000099999999933 0.00000000099999999933 0.00000000099999999933 0.00000000099999999933 0.00000000099999999933 0.00000000099999999933 0.99999998999999994975 0.00000000099999999933 0.00000000099999999933 0.00000000099999999933 0.00000000099999999933 
0.00000000099999999937 0.00000000099999999937 0.99999999000000017180 0.00000000099999999937 0.00000000099999999937 0.00000000099999999937 0.00000000099999999937 0.00000000099999999937 0.00000000099999999937 0.00000000099999999937 0.00000000099999999937 
0.00000000099999999995 0.00000000099999999995 0.00000000099999999995 0.00000000099999999995 0.00000000099999999995 0.00000000099999999995 0.00000000099999999995 0.40957458422213738336 0.00000000099999999995 0.00000000099999999995 0.59042540677786259362 
0.36276380766735788486 0.00000000099999999997 0.00000000099999999997 0.00000000099999999997 0.63719004446269289499 0.00000000099999999997 0.00000000099999999997 0.00000000099999999997 0.00004613986994931219 0.00000000099999999997 0.00000000099999999997 
0.00000000099999999939 0.00000000099999999939 0.99999999000000017180 0.00000000099999999939 0.00000000099999999939 0.00000000099999999939 0.00000000099999999939 0.00000000099999999939 0.00000000099999999939 0.00000000099999999939 0.00000000099999999939 
0.00000000099999999941 0.00000000099999999941 0.00000000099999999941 0.00000000099999999941 0.00000000099999999941 0.00000000099999999941 0.99999998999999994975 0.00000000099999999941 0.00000000099999999941 0.00000000099999999941 0.00000000099999999941 
0.00000000099999999946 0.00000000099999999946 0.00000000099999999946 0.00000000099999999946 0.00000000099999999946 0.00000000099999999946 0.00000000099999999946 0.00000000099999999946 0.99999999000000006077 0.00000000099999999946 0.00000000099999999946 
0.00000000099999999947 0.00000000099999999947 0.00000000099999999947 0.00000000099999999947 0.00000000099999999947 0.00000000099999999947 0.00000000099999999947 0.00000000099999999947 0.99999999000000006077 0.00000000099999999947 0.00000000099999999947 
0.00000000099999999982 0.00000000099999999982 0.00000000099999999982 0.99999999000000017180 0.00000000099999999982 0.00000000099999999982 0.00000000099999999982 0.00000000099999999982 0.00000000099999999982 0.00000000099999999982 0.00000000099999999982 
0.00000000099999999935 0.00000000099999999935 0.00000000099999999935 0.00000000099999999935 0.00000000099999999935 0.00000000099999999935 0.99999998999999994975 0.00000000099999999935 0.00000000099999999935 0.00000000099999999935 0.00000000099999999935 
0.34700808881430256214 0.65299190218569769240 0.00000000099999999995 0.00000000099999999995 0.00000000099999999995 0.00000000099999999995 0.00000000099999999995 0.00000000099999999995 0.00000000099999999995 0.00000000099999999995 0.00000000099999999995 
0.21512283392038736296 0.00000000099999999996 0.00000000099999999996 0.31200791708238678757 0.27427607453859120801 0.01801988636898807505 0.00000000099999999996 0.00000000099999999996 0.00000000099999999996 0.18057328208964668059 0.00000000099999999996 
0.00000000099999999981 0.00000000099999999981 0.00000000099999999981 0.00000000099999999981 0.00000000099999999981 0.00000000099999999981 0.00000000099999999981 0.99999999000000006077 0.00000000099999999981 0.00000000099999999981 0.00000000099999999981 
0.27408667121060731331 0.20742385269932456238 0.00000000099999999996 0.06095565489554885530 0.26971750367552455030 0.09626789812616261266 0.00000000099999999996 0.00000000099999999996 0.00000000099999999996 0.09154841439283219195 0.00000000099999999996 
