0.00000000099999999999 0.01427925271149419091 0.46152015844999921823 0.00000000099999999999 0.00000000099999999999 0.00000000099999999999 0.00000000099999999999 0.52420058383850653971 
0.00000000099999999988 0.00000000099999999988 0.00000000099999999988 0.00000000099999999988 0.00000000099999999988 0.00000000099999999988 0.99999999299999986491 0.00000000099999999988 
0.00000000099999999988 0.00000000099999999988 0.00000000099999999988 0.00000000099999999988 0.00000000099999999988 0.00000000099999999988 0.99999999299999986491 0.00000000099999999988 
0.03460514784233283125 0.00000000099999999999 0.25049925766785668957 0.27492641084945396157 0.31503446251727934557 0.00000000099999999999 0.00000000099999999999 0.12493471812307736790 
0.00000000099999999999 0.00588923807159770236 0.29344398795767601129 0.25106056777609836450 0.20736681486385460937 0.00000000099999999999 0.00000000099999999999 0.24223938833077313104 
0.00002102077603269385 0.00000001950782656683 0.14880022507832507683 0.27819530942632036963 0.26230134318196868248 0.00000000099999999999 0.02388288109700012138 0.28679919993252650512 
0.67242406834218604317 0.00000000099999999995 0.00000000099999999995 0.00000000099999999995 0.00000000099999999995 0.00000000099999999995 0.32757592565781412652 0.00000000099999999995 
0.00000000099999999987 0.00000000099999999987 0.00000000099999999987 0.00000000099999999987 0.00000000099999999987 0.00000000099999999987 0.99999999299999997593 0.00000000099999999987 
0.00000000099999999995 0.00000000099999999995 0.00000000099999999995 0.00000000099999999995 0.99999999299999997593 0.00000000099999999995 0.00000000099999999995 0.00000000099999999995 
0.57691427586590193766 0.00000000099999999995 0.00000000099999999995 0.00000000099999999995 0.00000000099999999995 0.00000000099999999995 0.42308571813409812101 0.00000000099999999995 
0.00000000100000000000 0.00637288492431673567 0.17037418683903471361 0.34350276743518637357 0.46580188565358465747 0.00000000100000000000 0.01394827214787770081 0.00000000100000000000 
0.00000000099999999998 0.00000000099999999998 0.46324020413179628486 0.53675978986820382932 0.00000000099999999998 0.00000000099999999998 0.00000000099999999998 0.00000000099999999998 
0.00000000099999999994 0.00000000099999999994 0.00000000099999999994 0.00000000099999999994 0.99999999299999997593 0.00000000099999999994 0.00000000099999999994 0.00000000099999999994 
0.01118118849165929303 0.01251646638267432145 0.26954171545052729719 0.13999708801197227603 0.32817421369782223683 0.00000000099999999999 0.00000000099999999999 0.23858932596534451753 
0.00000000099999999994 0.00000000099999999994 0.99999999300000008695 0.00000000099999999994 0.00000000099999999994 0.00000000099999999994 0.00000000099999999994 0.00000000099999999994 
0.00000000099999999999 0.02688828161071489531 0.23362011316815647910 0.16147805155528835441 0.22108496002089811361 0.00000000099999999999 0.05377797625523043218 0.30315061538971171951 
0.00281119860564582776 0.00000000099999999998 0.20725604022690655159 0.21268344622855872572 0.16318817920681860656 0.00000000099999999998 0.00000000099999999998 0.41406113273207029168 
0.00000000099999999998 0.00000000099999999998 0.00000000099999999998 0.31653827399200412662 0.45218308192606626594 0.00000000099999999998 0.00000000099999999998 0.23127863908192958231 
0.00000000100000000000 0.00545586134659573410 0.12311415172137114837 0.18581054567140115052 0.32691712286920687758 0.00000000100000000000 0.00000000100000000000 0.35870231539142521937 
0.00000000099999999995 0.00000000099999999995 0.41768647404606495943 0.00000000099999999995 0.00000000099999999995 0.00000000099999999995 0.00000000099999999995 0.58231351995393509924 
0.00000000099999999999 0.00000000099999999999 0.23812432325570834224 0.50065992255197255822 0.26121574745154596542 0.00000000099999999999 0.00000000274077313704 0.00000000099999999999 
0.00000000099999999989 0.00000000099999999989 0.00000000099999999989 0.00000000099999999989 0.00000000099999999989 0.00000000099999999989 0.99999999299999986491 0.00000000099999999989 
0.00000000099999999993 0.00000000099999999993 0.99999999299999997593 0.00000000099999999993 0.00000000099999999993 0.00000000099999999993 0.00000000099999999993 0.00000000099999999993 
0.00000000099999999986 0.00000000099999999986 0.99999999300000008695 0.00000000099999999986 0.00000000099999999986 0.00000000099999999986 0.00000000099999999986 0.00000000099999999986 
0.02433589137666596416 0.00000000099999999998 0.20892048636220289515 0.41993583647128673864 0.30603770848472339194 0.00000000099999999998 0.00000000099999999998 0.04077007430512112618 
0.00000000099999999998 0.00000000099999999998 0.38506071929950069777 0.24444901832262985741 0.37049025725341622195 0.00000000099999999998 0.00000000099999999998 0.00000000112445325865 
0.00000000099999999969 0.99999999300000019797 0.00000000099999999969 0.00000000099999999969 0.00000000099999999969 0.00000000099999999969 0.00000000099999999969 0.00000000099999999969 
0.00000000099999999964 0.99999999300000008695 0.00000000099999999964 0.00000000099999999964 0.00000000099999999964 0.00000000099999999964 0.00000000099999999964 0.00000000099999999964 
0.00000000099999999995 0.00000000099999999995 0.00000000099999999995 0.00000000099999999995 0.99999999299999997593 0.00000000099999999995 0.00000000099999999995 0.00000000099999999995 
0.00000000099999999992 0.00000000099999999992 0.00000000099999999992 0.00000000099999999992 0.99999999299999997593 0.00000000099999999992 0.00000000099999999992 0.00000000099999999992 
0.00000000099999999992 0.00000000099999999992 0.00000000099999999992 0.99999999299999997593 0.00000000099999999992 0.00000000099999999992 0.00000000099999999992 0.00000000099999999992 
0.00000000099999999990 0.00000000099999999990 0.00000000099999999990 0.00000000099999999990 0.00000000099999999990 0.00000000099999999990 0.99999999299999997593 0.00000000099999999990 
0.00000000099999999991 0.35651005038412209025 0.43314067847937731681 0.00000000099999999991 0.00000000099999999991 0.00000000099999999991 0.21034926613650065108 0.00000000099999999991 
0.00000000099999999998 0.00000000099999999998 0.11017094366067373135 0.33215610123173383572 0.25760650534111007026 0.00000000099999999998 0.00000000099999999998 0.30006644576648239253 
0.00000000099999999963 0.00000000099999999963 0.00000000099999999963 0.00000000099999999963 0.00000000099999999963 0.99999999299999997593 0.00000000099999999963 0.00000000099999999963 
0.00000000099999999954 0.00000000099999999954 0.00000000099999999954 0.00000000099999999954 0.00000000099999999954 0.99999999299999997593 0.00000000099999999954 0.00000000099999999954 
0.00000000099999999955 0.00000000099999999955 0.00000000099999999955 0.00000000099999999955 0.00000000099999999955 0.99999999300000008695 0.00000000099999999955 0.00000000099999999955 
0.00000000099999999970 0.99999999300000019797 0.00000000099999999970 0.00000000099999999970 0.00000000099999999970 0.00000000099999999970 0.00000000099999999970 0.00000000099999999970 
0.00000000099999999966 0.99999999300000008695 0.00000000099999999966 0.00000000099999999966 0.00000000099999999966 0.00000000099999999966 0.00000000099999999966 0.00000000099999999966 
0.00000000099999999997 0.00000000099999999997 0.37993753974432104004 0.37645628343234088797 0.24360617182333799136 0.00000000099999999997 0.00000000099999999997 0.00000000099999999997 
0.99999999300000008695 0.00000000099999999990 0.00000000099999999990 0.00000000099999999990 0.00000000099999999990 0.00000000099999999990 0.00000000099999999990 0.00000000099999999990 
0.00000000099999999967 0.99999999300000019797 0.00000000099999999967 0.00000000099999999967 0.00000000099999999967 0.00000000099999999967 0.00000000099999999967 0.00000000099999999967 
0.00000056930327223628 0.00204519789354644420 0.50693212223743566724 0.49102208803872893217 0.00000000099999999998 0.00000000099999999998 0.00000000099999999998 0.00000001952701681516 
0.99999999300000008695 0.00000000099999999989 0.00000000099999999989 0.00000000099999999989 0.00000000099999999989 0.00000000099999999989 0.00000000099999999989 0.00000000099999999989 
0.00000000099999999972 0.99999999300000019797 0.00000000099999999972 0.00000000099999999972 0.00000000099999999972 0.00000000099999999972 0.00000000099999999972 0.00000000099999999972 
0.00000000099999999998 0.00267578603163954980 0.15069999463756925118 0.33198797623043446725 0.31169258284022260952 0.00000000099999999998 0.02649522678620055971 0.17644843147393357574 
0.00000000099999999968 0.99999999300000008695 0.00000000099999999968 0.00000000099999999968 0.00000000099999999968 0.00000000099999999968 0.00000000099999999968 0.00000000099999999968 
0.41597814345291272975 0.00000000099999999995 0.00000000099999999995 0.00000000099999999995 0.00000000099999999995 0.00000000099999999995 0.58402185054708710688 0.00000000099999999995 
0.57266023313531444483 0.00000000099999999992 0.00000000099999999992 0.00000000099999999992 0.00000000099999999992 0.00000000099999999992 0.42733976086468550282 0.00000000099999999992 
0.00000000099999999964 0.99999999300000019797 0.00000000099999999964 0.00000000099999999964 0.00000000099999999964 0.00000000099999999964 0.00000000099999999964 0.00000000099999999964 
0.00000000099999999967 0.99999999300000008695 0.00000000099999999967 0.00000000099999999967 0.00000000099999999967 0.00000000099999999967 0.00000000099999999967 0.00000000099999999967 
0.64091094780832702504 0.00000000099999999995 0.00000000099999999995 0.00000000099999999995 0.00000000099999999995 0.00000000099999999995 0.35908904619167303363 0.00000000099999999995 
0.63933149272908762484 0.00000000099999999995 0.00000000099999999995 0.00000000099999999995 0.00000000099999999995 0.00000000099999999995 0.36066850127091237832 0.00000000099999999995 
0.99999999300000008695 0.00000000099999999991 0.00000000099999999991 0.00000000099999999991 0.00000000099999999991 0.00000000099999999991 0.00000000099999999991 0.00000000099999999991 
0.00000000099999999972 0.99999999300000019797 0.00000000099999999972 0.00000000099999999972 0.00000000099999999972 0.00000000099999999972 0.00000000099999999972 0.00000000099999999972 
0.04324569688836465281 0.01144276313953756716 0.28832202967253156567 0.00655484963799048918 0.30438971090250849239 0.00000000099999999999 0.00000000099999999999 0.34604494775906730064 
0.00000000099999999999 0.02412522041217869673 0.31895864397495538034 0.35838414953905867177 0.00000008182014367123 0.00000000099999999999 0.00000000099999999999 0.29853190125366357854 
0.00000000099999999991 0.00000000099999999991 0.99999999299999997593 0.00000000099999999991 0.00000000099999999991 0.00000000099999999991 0.00000000099999999991 0.00000000099999999991 
0.00993659741613004896 0.00028549710717262538 0.29030980659887278827 0.12758160271661747598 0.30463422113770732835 0.00000000099999999999 0.00000000099999999999 0.26725227302349963132 
0.99999999300000008695 0.00000000099999999990 0.00000000099999999990 0.00000000099999999990 0.00000000099999999990 0.00000000099999999990 0.00000000099999999990 0.00000000099999999990 
0.00000000099999999998 0.00000000099999999998 0.00000000099999999998 0.55786436547727924484 0.44213529964177522569 0.00000000099999999998 0.00000000099999999998 0.00000032988094539520 
0.00000000099999999961 0.00000000099999999961 0.00000000099999999961 0.00000000099999999961 0.00000000099999999961 0.99999999300000008695 0.00000000099999999961 0.00000000099999999961 
0.00000000099999999988 0.00000000099999999988 0.00000000099999999988 0.00000000099999999988 0.00000000099999999988 0.00000000099999999988 0.00000000099999999988 0.99999999300000008695 
0.00000000099999999962 0.00000000099999999962 0.00000000099999999962 0.00000000099999999962 0.00000000099999999962 0.99999999300000008695 0.00000000099999999962 0.00000000099999999962 
0.00000000099999999999 0.00000000099999999999 0.16136033863509371966 0.24663904907208386574 0.42011084005816123899 0.00000000099999999999 0.04095638125099357318 0.13093338798366768727 
0.00000000099999999963 0.00000000099999999963 0.00000000099999999963 0.00000000099999999963 0.00000000099999999963 0.99999999299999997593 0.00000000099999999963 0.00000000099999999963 
0.00000000099999999990 0.00000000099999999990 0.00000000099999999990 0.00000000099999999990 0.00000000099999999990 0.00000000099999999990 0.00000000099999999990 0.99999999299999997593 
0.00000000099999999994 0.00000000099999999994 0.99999999299999997593 0.00000000099999999994 0.00000000099999999994 0.00000000099999999994 0.00000000099999999994 0.00000000099999999994 
0.00000000099999999986 0.00000000099999999986 0.00000000099999999986 0.00000000099999999986 0.00000000099999999986 0.00000000099999999986 0.99999999299999997593 0.00000000099999999986 
0.00000000099999999995 0.00000000099999999995 0.00000001847271845474 0.00000227435192236968 0.44472452089467678915 0.00000000099999999995 0.00000000099999999995 0.55527318228068234252 
0.00000000099999999963 0.00000000099999999963 0.00000000099999999963 0.00000000099999999963 0.00000000099999999963 0.99999999300000008695 0.00000000099999999963 0.00000000099999999963 
0.00000000099999999966 0.00000000099999999966 0.00000000099999999966 0.00000000099999999966 0.00000000099999999966 0.99999999299999997593 0.00000000099999999966 0.00000000099999999966 
0.08476967912797619964 0.00633191298593585063 0.30623650082951947571 0.38477266002530779998 0.21788028527703323656 0.00000000099999999999 0.00000000099999999999 0.00000895975422756197 
0.29520583638679293026 0.00000000099999999992 0.00000000099999999992 0.00000000099999999992 0.00000000099999999992 0.00000000099999999992 0.70479415761320696188 0.00000000099999999992 
0.00000000099999999974 0.99999999300000008695 0.00000000099999999974 0.00000000099999999974 0.00000000099999999974 0.00000000099999999974 0.00000000099999999974 0.00000000099999999974 
0.34300956998569687162 0.00000000099999999993 0.00000000099999999993 0.00000000099999999993 0.00000000099999999993 0.00000000099999999993 0.65699042401430296501 0.00000000099999999993 
0.00000000099999999998 0.00000000099999999998 0.00000000099999999998 0.00000000099999999998 0.59124946129958633190 0.00000000099999999998 0.02939679177867653842 0.37935374192173731966 
0.00000000099999999959 0.00000000099999999959 0.00000000099999999959 0.00000000099999999959 0.00000000099999999959 0.99999999300000008695 0.00000000099999999959 0.00000000099999999959 
0.00000000099999999961 0.99999999300000019797 0.00000000099999999961 0.00000000099999999961 0.00000000099999999961 0.00000000099999999961 0.00000000099999999961 0.00000000099999999961 
0.00000000099999999968 0.00000000099999999968 0.00000000099999999968 0.00000000099999999968 0.00000000099999999968 0.99999999300000008695 0.00000000099999999968 0.00000000099999999968 
0.00000000099999999994 0.00000000099999999994 0.99999999299999997593 0.00000000099999999994 0.00000000099999999994 0.00000000099999999994 0.00000000099999999994 0.00000000099999999994 
0.99999999300000008695 0.00000000099999999985 0.00000000099999999985 0.00000000099999999985 0.00000000099999999985 0.00000000099999999985 0.00000000099999999985 0.00000000099999999985 
0.99999999300000008695 0.00000000099999999988 0.00000000099999999988 0.00000000099999999988 0.00000000099999999988 0.00000000099999999988 0.00000000099999999988 0.00000000099999999988 
0.00000000099999999998 0.00000000099999999998 0.18353687666134277379 0.33093224618675004534 0.24911597448322178594 0.00000000099999999998 0.23230531244461838369 0.00410958722406699287 
0.00000000099999999999 0.01676759123812774505 0.26963949071508075406 0.13113109537632991475 0.41101072483571604588 0.00000000099999999999 0.01722901766806463411 0.15422207816668107028 
0.00000000099999999997 0.00000000099999999997 0.36966795354822340469 0.63033204045177682051 0.00000000099999999997 0.00000000099999999997 0.00000000099999999997 0.00000000099999999997 
0.00000000099999999998 0.00000000099999999998 0.11425407572838394699 0.45205449108682893566 0.23726367679581733539 0.00000000099999999998 0.01819477130109855081 0.17823298208787138885 
0.00000000099999999997 0.00000000099999999997 0.00000000099999999997 0.54263505037392534280 0.45736494362607466035 0.00000000099999999997 0.00000000099999999997 0.00000000099999999997 
0.00000000099999999997 0.00000000099999999997 0.16716058325389518413 0.16501223078512416986 0.30957246356605927495 0.00000000099999999997 0.00000000099999999997 0.35825471839492140091 
0.00000000099999999992 0.00000000099999999992 0.00000000099999999992 0.99999999300000008695 0.00000000099999999992 0.00000000099999999992 0.00000000099999999992 0.00000000099999999992 
0.00000000099999999999 0.00000000131846804935 0.25035115223175208321 0.14638712848496113206 0.29753983777359421792 0.00000000099999999999 0.00921519435384071488 0.29650668383738393308 
0.04120004368107609005 0.00000000099999999998 0.00000002802119114678 0.44677876319735732036 0.51202116110037554364 0.00000000099999999998 0.00000000099999999998 0.00000000099999999998 
0.60823138259865849875 0.00000000099999999995 0.00000000099999999995 0.00000000099999999995 0.00000000099999999995 0.00000000099999999995 0.39176861140134155992 0.00000000099999999995 
0.62956493489954545861 0.00000000099999999998 0.00000000099999999998 0.00000000099999999998 0.00000000099999999998 0.00000000099999999998 0.37043505910045465557 0.00000000099999999998 
0.00000000099999999977 0.00000000099999999977 0.00000000099999999977 0.00000000099999999977 0.00000000099999999977 0.99999999299999997593 0.00000000099999999977 0.00000000099999999977 
0.67239136524961518049 0.00000000099999999996 0.00000000099999999996 0.00000000099999999996 0.00000000099999999996 0.00000000099999999996 0.32760862875038493369 0.00000000099999999996 
0.00000000099999999992 0.00000000099999999992 0.00000000099999999992 0.00000000099999999992 0.00000000099999999992 0.00000000099999999992 0.99999999299999997593 0.00000000099999999992 
0.00306076706925522508 0.00000000099999999999 0.17892945399618787050 0.15901855759909189203 0.39534761855244288098 0.00000000099999999999 0.01901343411637252193 0.24463016666664946785 
0.00000000099999999954 0.00000000099999999954 0.00000000099999999954 0.00000000099999999954 0.00000000099999999954 0.99999999300000008695 0.00000000099999999954 0.00000000099999999954 
0.00000000099999999999 0.00212862642879818511 0.18228310336500624933 0.21769392825789354862 0.42214087339159223067 0.00000000099999999999 0.00000000099999999999 0.17575346555670987025 
0.00000000099999999998 0.00000000099999999998 0.00000000099999999998 0.57461137821534413739 0.42538824220154375366 0.00000000099999999998 0.00000037458311192520 0.00000000099999999998 
0.00000000099999999999 0.00000000099999999999 0.37910021022796286383 0.00000000099999999999 0.33119342978379606723 0.00000000099999999999 0.00000000099999999999 0.28970635498824115484 
0.00731446430485308864 0.00000000099999999999 0.25171644277084376240 0.00000000099999999999 0.37957496283547326188 0.00000000099999999999 0.01701355135060471369 0.34438057573822522528 
0.00000000099999999997 0.00000000099999999997 0.52687338661357574487 0.47312660738642425828 0.00000000099999999997 0.00000000099999999997 0.00000000099999999997 0.00000000099999999997 
0.00035452776272405122 0.00000000099999999998 0.58162185301290814099 0.41802342527431052277 0.00000000241302798114 0.00000000099999999998 0.00000018853702926674 0.00000000099999999998 
0.00000000099999999998 0.00000000099999999998 0.41129297190005781326 0.00000000099999999998 0.14666182811231551208 0.00000000099999999998 0.00000000099999999998 0.44204519498762678831 
0.00000000099999999999 0.00723335949698394529 0.28624717796720827723 0.40596435764158500525 0.09555336901133774929 0.00000000099999999999 0.00899112744682387978 0.19601060643606132983 
0.01278139442977556037 0.02695227163261437395 0.20238955784643045122 0.16400475624707372413 0.26775652036655445132 0.00000122578903813525 0.00000000100000000000 0.32611427268851334027 
0.00000000099999999999 0.00757458441397589922 0.00000000099999999999 0.39309196348254121789 0.37961233908462282960 0.00000000099999999999 0.00000000099999999999 0.21972110901886007794 
0.00000000099999999995 0.00000000099999999995 0.00000000099999999995 0.38284208906537703365 0.00000000099999999995 0.00000000099999999995 0.00000000099999999995 0.61715790493462296951 
0.00115253441945649317 0.02362975796705625575 0.36145998454237432407 0.44732067198329994451 0.00000000100000000000 0.00000000100000000000 0.01275214585628977465 0.15368490323152317334 
0.00000000099999999997 0.00000000099999999997 0.00000000099999999997 0.00000000099999999997 0.52280448312365446206 0.00000000099999999997 0.00000000099999999997 0.47719551087634554110 
0.00000000099999999998 0.00000000099999999998 0.24390289008311222263 0.42986148926497430578 0.30663014615182104805 0.00000000099999999998 0.01960547049995833846 0.00000000100013403613 
0.00000000099999999998 0.00000000099999999998 0.00000107135922546957 0.27676628599176639201 0.35585525677759333174 0.00000000099999999998 0.00000000099999999998 0.36737738187141488755 
0.04312126722911823612 0.00000000099999999998 0.39858447190657936288 0.13822881612185269895 0.31450268003473236256 0.00000000099999999998 0.00000000099999999998 0.10556276170771754230 
0.00000000099999999997 0.00000000099999999997 0.30424017122359725551 0.00000000099999999997 0.00000000099999999997 0.00000000099999999997 0.00000000099999999997 0.69575982277640258111 
0.00000000099999999999 0.00000000099999999999 0.26693628788939260943 0.13088539630462509011 0.30605397849406013044 0.00000000099999999999 0.03345477933553236277 0.26266955497638999617 
0.00000000099999999997 0.00000000099999999997 0.28332990210435082812 0.00000000099999999997 0.71667009189564911953 0.00000000099999999997 0.00000000099999999997 0.00000000099999999997 
0.00000009844892352302 0.00000000099999999998 0.00002793557516799486 0.29145383316222145398 0.47324394479445663908 0.00000000099999999998 0.01709780990831470671 0.21817637611091572625 
0.00000000100423421890 0.00201327949075864963 0.34127742264930072125 0.43264738026820798167 0.00254310851215906481 0.06985944268041684169 0.00000000114551140595 0.15165936424941103833 
0.00000000099999999996 0.00000000099999999996 0.43491633548660824093 0.00000000099999999996 0.00000000099999999996 0.00000000099999999996 0.00000000099999999996 0.56508365851339159569 
0.00000226602078163369 0.00000000099999999997 0.23670940208158364193 0.47411920470279178552 0.28322022930442142252 0.00000000099999999997 0.00594889489042143074 0.00000000099999999997 
0.00000000099999999998 0.00000000099999999998 0.27592268903048339235 0.18212385383961021690 0.26876109755830407400 0.00000000099999999998 0.02272961724971535313 0.25046273932188711786 
0.00000000099999999998 0.01049890692794038828 0.42432241173738860507 0.16412571352039748152 0.24599160776758416391 0.00000000099999999998 0.00000000099999999998 0.15506135704668946862 
0.00000000099999999993 0.00000000099999999993 0.00000000099999999993 0.99999999299999997593 0.00000000099999999993 0.00000000099999999993 0.00000000099999999993 0.00000000099999999993 
0.00000000099999999999 0.00134248670618011823 0.25175579582416163227 0.00000025986082968922 0.60255467962210618182 0.00000000099999999999 0.00000000099999999999 0.14434677498672243701 
0.00987326716732419597 0.00275634776074620532 0.05925061070685397335 0.38431572650531581337 0.36301749582237974323 0.00000000099999999999 0.00000000099999999999 0.18078655003738022811 
0.00000000099999999995 0.00000000099999999995 0.00000000099999999995 0.41140069010558716345 0.00000000099999999995 0.00000000099999999995 0.00000000099999999995 0.58859930389441272869 
0.00650226818594059394 0.00000000099999999996 0.00000000099999999996 0.50476724398468397759 0.48873048282937547881 0.00000000099999999996 0.00000000099999999996 0.00000000099999999996 
0.00000000099999999988 0.00000000099999999988 0.00000000099999999988 0.00000000099999999988 0.00000000099999999988 0.00000000099999999988 0.99999999299999997593 0.00000000099999999988 
0.72194607367625096561 0.00000000099999999996 0.00000000099999999996 0.00000000099999999996 0.00000000099999999996 0.00000000099999999996 0.27805392032374914857 0.00000000099999999996 
0.00000000099999999970 0.00000000099999999970 0.00000000099999999970 0.00000000099999999970 0.00000000099999999970 0.99999999299999997593 0.00000000099999999970 0.00000000099999999970 
0.00000000099999999962 0.99999999300000019797 0.00000000099999999962 0.00000000099999999962 0.00000000099999999962 0.00000000099999999962 0.00000000099999999962 0.00000000099999999962 
0.50188823439208796184 0.03690054003221708567 0.06091437597054496361 0.00000000099999999999 0.00000000099999999999 0.00000000099999999999 0.40029684560514999792 0.00000000099999999999 
0.00716175148818744278 0.00000000099999999998 0.22586878688135803017 0.19388236078408657703 0.22447616565947781098 0.00000000099999999998 0.00000000099999999998 0.34861093218689026552 
0.00000000099999999997 0.00000000099999999997 0.00000000099999999997 0.42238771313962120146 0.00000000099999999997 0.00000000099999999997 0.00000000545435260931 0.57761227640602608169 
0.00000000099999999991 0.00000000099999999991 0.00000000099999999991 0.00000000099999999991 0.00000000099999999991 0.00000000099999999991 0.99999999299999986491 0.00000000099999999991 
0.01772430950423351317 0.00000000099999999998 0.28330669221852861073 0.00000000099999999998 0.32938607933850128084 0.00000000099999999998 0.00000000099999999998 0.36958291493873668410 
0.00000000099999999997 0.00000000099999999997 0.00000000099999999997 0.00000000099999999997 0.64485993985631895331 0.00000000099999999997 0.00000000099999999997 0.35514005414368121638 
0.00000000099999999998 0.00049047228973323192 0.28030576987015753954 0.42680374635757833968 0.29240000732801679773 0.00000000099999999998 0.00000000099999999998 0.00000000115451434914 
0.00000000099999999959 0.00000000099999999959 0.00000000099999999959 0.00000000099999999959 0.00000000099999999959 0.99999999300000008695 0.00000000099999999959 0.00000000099999999959 
0.00000000099999999962 0.00000000099999999962 0.00000000099999999962 0.00000000099999999962 0.00000000099999999962 0.99999999300000008695 0.00000000099999999962 0.00000000099999999962 
0.00000000099999999954 0.00000000099999999954 0.00000000099999999954 0.00000000099999999954 0.00000000099999999954 0.99999999300000008695 0.00000000099999999954 0.00000000099999999954 
0.00000000099999999956 0.00000000099999999956 0.00000000099999999956 0.00000000099999999956 0.00000000099999999956 0.99999999299999997593 0.00000000099999999956 0.00000000099999999956 
0.00000000099999999957 0.00000000099999999957 0.00000000099999999957 0.00000000099999999957 0.00000000099999999957 0.99999999300000008695 0.00000000099999999957 0.00000000099999999957 
0.99999999300000008695 0.00000000099999999991 0.00000000099999999991 0.00000000099999999991 0.00000000099999999991 0.00000000099999999991 0.00000000099999999991 0.00000000099999999991 
0.00000000099999999999 0.00425925276669037161 0.43120409726033331888 0.23415813656898831763 0.33037850936233748023 0.00000000099999999999 0.00000000099999999999 0.00000000104165047693 
0.00000000099999999957 0.00000000099999999957 0.00000000099999999957 0.00000000099999999957 0.00000000099999999957 0.99999999300000008695 0.00000000099999999957 0.00000000099999999957 
0.00000000099999999963 0.00000000099999999963 0.00000000099999999963 0.00000000099999999963 0.00000000099999999963 0.99999999300000008695 0.00000000099999999963 0.00000000099999999963 
0.00000000099999999961 0.99999999300000008695 0.00000000099999999961 0.00000000099999999961 0.00000000099999999961 0.00000000099999999961 0.00000000099999999961 0.00000000099999999961 
0.00000000099999999961 0.99999999300000019797 0.00000000099999999961 0.00000000099999999961 0.00000000099999999961 0.00000000099999999961 0.00000000099999999961 0.00000000099999999961 
0.00000000099999999998 0.00000000099999999998 0.16926292547039051284 0.39946964338330409605 0.43126742588976513249 0.00000000099999999998 0.00000000099999999998 0.00000000125654020393 
0.00000000099999999959 0.00000000099999999959 0.00000000099999999959 0.00000000099999999959 0.00000000099999999959 0.99999999300000008695 0.00000000099999999959 0.00000000099999999959 
0.00000000099999999999 0.00000000099999999999 0.20158723680524801014 0.13182284780723069195 0.37866992417238642954 0.00000000099999999999 0.01028843732398252407 0.27763155089115232332 
0.00000000099999999988 0.00000000099999999988 0.00000000099999999988 0.00000000099999999988 0.00000000099999999988 0.00000000099999999988 0.00000000099999999988 0.99999999300000008695 
0.00000000099999999992 0.00000000099999999992 0.00000000099999999992 0.00000000099999999992 0.00000000099999999992 0.00000000099999999992 0.99999999299999997593 0.00000000099999999992 
0.00000000099999999993 0.00000000099999999993 0.00000000099999999993 0.00000000099999999993 0.99999999299999997593 0.00000000099999999993 0.00000000099999999993 0.00000000099999999993 
0.43150834041239177763 0.00000000099999999991 0.00000000099999999991 0.00000000099999999991 0.00000000099999999991 0.00000000099999999991 0.56849165358760811451 0.00000000099999999991 
0.00000000099999999992 0.00000000099999999992 0.99999999299999997593 0.00000000099999999992 0.00000000099999999992 0.00000000099999999992 0.00000000099999999992 0.00000000099999999992 
0.99999999300000019797 0.00000000099999999988 0.00000000099999999988 0.00000000099999999988 0.00000000099999999988 0.00000000099999999988 0.00000000099999999988 0.00000000099999999988 
0.00343099823894248276 0.00936786222382510192 0.25369020557991323050 0.00000000099999999999 0.31090816035286128471 0.00000000099999999999 0.00000000099999999999 0.42260277060445788910 
0.00000000099999999990 0.00000000099999999990 0.00000000099999999990 0.00000000099999999990 0.00000000099999999990 0.00000000099999999990 0.00000000099999999990 0.99999999300000008695 
0.00000000099999999963 0.00000000099999999963 0.00000000099999999963 0.00000000099999999963 0.00000000099999999963 0.99999999299999997593 0.00000000099999999963 0.00000000099999999963 
0.99999999300000008695 0.00000000099999999989 0.00000000099999999989 0.00000000099999999989 0.00000000099999999989 0.00000000099999999989 0.00000000099999999989 0.00000000099999999989 
0.00000000099999999957 0.00000000099999999957 0.00000000099999999957 0.00000000099999999957 0.00000000099999999957 0.99999999299999997593 0.00000000099999999957 0.00000000099999999957 
0.00000000099999999956 0.00000000099999999956 0.00000000099999999956 0.00000000099999999956 0.00000000099999999956 0.99999999300000008695 0.00000000099999999956 0.00000000099999999956 
0.00000000099999999998 0.00000000099999999998 0.29609772315320009861 0.00000000099999999998 0.27512261465430254415 0.00000000099999999998 0.00000000099999999998 0.42877965719249733212 
0.00000000099999999998 0.00000000099999999998 0.26668854344385678479 0.25482903001561441059 0.22723422400160497858 0.00000000099999999998 0.02232111982863123345 0.22892707971029260805 
0.00000000099999999993 0.00000000099999999993 0.00000000099999999993 0.00000000099999999993 0.99999999299999997593 0.00000000099999999993 0.00000000099999999993 0.00000000099999999993 
0.00000000099999999998 0.00000000099999999998 0.16612420377754194556 0.27728205134588101988 0.44925135381527658840 0.00000000099999999998 0.00000000099999999998 0.10734238706130040664 
0.00000000099999999999 0.00969303185190334947 0.23750651630004737669 0.31201358401512041540 0.26094318408065031445 0.00000000099999999999 0.00853547089462929238 0.17130821085764927347 
0.00000000099999999994 0.00000000099999999994 0.00000000099999999994 0.00000000099999999994 0.99999999300000008695 0.00000000099999999994 0.00000000099999999994 0.00000000099999999994 
0.00000000099999999991 0.00000000099999999991 0.00000000099999999991 0.99999999300000008695 0.00000000099999999991 0.00000000099999999991 0.00000000099999999991 0.00000000099999999991 
0.58377677022997243039 0.00000000099999999997 0.00000000099999999997 0.02075456708995837909 0.00000000099999999997 0.00000000099999999997 0.39546865768006933539 0.00000000099999999997 
0.00000000099999999992 0.00000000099999999992 0.00000000099999999992 0.99999999300000008695 0.00000000099999999992 0.00000000099999999992 0.00000000099999999992 0.00000000099999999992 
0.00000000099999999957 0.00000000099999999957 0.00000000099999999957 0.00000000099999999957 0.00000000099999999957 0.99999999300000008695 0.00000000099999999957 0.00000000099999999957 
0.00000000099999999998 0.00000000099999999998 0.49158879983341841058 0.00000000099999999998 0.50841119416658153707 0.00000000099999999998 0.00000000099999999998 0.00000000099999999998 
0.00000000099999999986 0.00000000099999999986 0.00000000099999999986 0.00000000099999999986 0.00000000099999999986 0.99999999299999997593 0.00000000099999999986 0.00000000099999999986 
0.00000000099999999963 0.00000000099999999963 0.00000000099999999963 0.00000000099999999963 0.00000000099999999963 0.99999999300000008695 0.00000000099999999963 0.00000000099999999963 
0.01964051658013242843 0.00000000099999999998 0.28376434720902260489 0.31367738217342333584 0.00014715823484253541 0.00000000099999999998 0.00000000099999999998 0.38277059280257907936 
0.00000000099999999992 0.00000000099999999992 0.00000000099999999992 0.99999999299999997593 0.00000000099999999992 0.00000000099999999992 0.00000000099999999992 0.00000000099999999992 
0.00000000099999999998 0.00000000099999999998 0.35418036985321182941 0.23726737179372664466 0.00000000099999999998 0.00000000099999999998 0.00988412621855764423 0.39866812813450402952 
0.00000000099999999966 0.00000000099999999966 0.00000000099999999966 0.00000000099999999966 0.00000000099999999966 0.99999999299999997593 0.00000000099999999966 0.00000000099999999966 
0.99999999300000019797 0.00000000099999999989 0.00000000099999999989 0.00000000099999999989 0.00000000099999999989 0.00000000099999999989 0.00000000099999999989 0.00000000099999999989 
0.99999999300000019797 0.00000000099999999990 0.00000000099999999990 0.00000000099999999990 0.00000000099999999990 0.00000000099999999990 0.00000000099999999990 0.00000000099999999990 
0.00000000099999999962 0.00000000099999999962 0.00000000099999999962 0.00000000099999999962 0.00000000099999999962 0.99999999300000008695 0.00000000099999999962 0.00000000099999999962 
0.00000000099999999994 0.00000000099999999994 0.00000000099999999994 0.00000000099999999994 0.99999999299999997593 0.00000000099999999994 0.00000000099999999994 0.00000000099999999994 
0.04073039112453288868 0.00000000099999999999 0.57604047672268354763 0.38322912389636132335 0.00000000099999999999 0.00000000099999999999 0.00000000099999999999 0.00000000425642238161 
0.00000000099999999963 0.00000000099999999963 0.00000000099999999963 0.00000000099999999963 0.00000000099999999963 0.99999999300000008695 0.00000000099999999963 0.00000000099999999963 
0.00000000099999999998 0.00000000099999999998 0.33335659213830931558 0.00000000099999999998 0.34458270169985755205 0.00000000099999999998 0.00006048656136729430 0.32200021560046582225 
0.32434343581527314004 0.00000000099999999991 0.00000000099999999991 0.00000000099999999991 0.00000000099999999991 0.00000000099999999991 0.67565655818472669658 0.00000000099999999991 
0.00000000099999999998 0.09896021010247718630 0.00000000099999999998 0.00000000099999999998 0.00000000099999999998 0.09436455493211394485 0.21873184853549240692 0.58794338242991639465 
0.00000000099999999998 0.00000000099999999998 0.00000000099999999998 0.35112531900527704787 0.54650280678851936855 0.00000000099999999998 0.03638544828543257420 0.06598642192077107393 
0.03383994308661596173 0.00139553022474130312 0.00000000099999999998 0.54216213876727936682 0.42260238392136334484 0.00000000099999999998 0.00000000099999999998 0.00000000099999999998 
0.00000000099999999994 0.00000000099999999994 0.00000000099999999994 0.00000000099999999994 0.99999999300000008695 0.00000000099999999994 0.00000000099999999994 0.00000000099999999994 
0.00000000099999999998 0.00000000099999999998 0.56601310229890811065 0.00000000099999999998 0.43398689170109200353 0.00000000099999999998 0.00000000099999999998 0.00000000099999999998 
0.00000000099999999996 0.00000000099999999996 0.00000000099999999996 0.39545363067867494999 0.60454636332132505316 0.00000000099999999996 0.00000000099999999996 0.00000000099999999996 
0.00000000099999999999 0.00000000099999999999 0.23876860356880350023 0.47434394602198937108 0.26905304419548242700 0.00000000099999999999 0.00000000099999999999 0.01783440221372484952 
0.00000000099999999994 0.00000000099999999994 0.00000000099999999994 0.00000000099999999994 0.99999403924839347368 0.00000000099999999994 0.00000000099999999994 0.00000595475160651590 
0.00000000099999999998 0.00000000099999999998 0.00000000099999999998 0.37665724771872138854 0.00000000099999999998 0.00000000099999999998 0.00000000099999999998 0.62334274628127839257 
0.99999999300000019797 0.00000000099999999990 0.00000000099999999990 0.00000000099999999990 0.00000000099999999990 0.00000000099999999990 0.00000000099999999990 0.00000000099999999990 
0.00000000099999999992 0.00000000099999999992 0.99999999300000008695 0.00000000099999999992 0.00000000099999999992 0.00000000099999999992 0.00000000099999999992 0.00000000099999999992 
0.00000000099999999988 0.00000000099999999988 0.00000000099999999988 0.00000000099999999988 0.00000000099999999988 0.00000000099999999988 0.00000000099999999988 0.99999999299999997593 
0.05200701272889571292 0.00000000099999999998 0.00000000099999999998 0.28893588648729506829 0.20476157352586513150 0.00000000099999999998 0.00000000099999999998 0.45429552325794414491 
0.00000000099999999993 0.00000000099999999993 0.00000000099999999993 0.99999999299999997593 0.00000000099999999993 0.00000000099999999993 0.00000000099999999993 0.00000000099999999993 
0.00000000099999999993 0.00000000099999999993 0.00000000099999999993 0.99999999300000008695 0.00000000099999999993 0.00000000099999999993 0.00000000099999999993 0.00000000099999999993 
0.00000000099999999997 0.00000000099999999997 0.00000000099999999997 0.37575237369845843061 0.23304143991047995832 0.00000000099999999997 0.00000000099999999997 0.39120618139106166922 
0.00000000099999999999 0.00000000099999999999 0.26757307713108779978 0.27313369335430243146 0.25395380507750903165 0.00000000099999999999 0.01263734542484606233 0.19270207601225466942 
0.00000000099999999991 0.00000000099999999991 0.00000000099999999991 0.00000000099999999991 0.00000000099999999991 0.00000000099999999991 0.99999999299999986491 0.00000000099999999991 
0.00000000099999999995 0.00000000099999999995 0.00000000099999999995 0.99999999300000008695 0.00000000099999999995 0.00000000099999999995 0.00000000099999999995 0.00000000099999999995 
0.00000000099999999999 0.00711570672526308252 0.23165261270179640651 0.25690048566310114131 0.32630710223554459937 0.00000000099999999999 0.00806378130043188326 0.16996030937386286119 
0.00070605198380362891 0.00000000099999999999 0.44160633599428084084 0.00086568534604588969 0.55682192267586971823 0.00000000099999999999 0.00000000099999999999 0.00000000099999999999 
0.00000000099999999993 0.00000000099999999993 0.00000000099999999993 0.00000000099999999993 0.00000000099999999993 0.00000000099999999993 0.99999999299999997593 0.00000000099999999993 
0.02617070603109329999 0.00000000099999999999 0.00600345081260063567 0.08455019908354120817 0.50844327111742881886 0.01687381829941212233 0.00000000099999999999 0.35795855265592396721 
0.00000000099999999999 0.00000000099999999999 0.14692966513605715262 0.08055879337751854774 0.40822405344904383329 0.00000000099999999999 0.02773816205427209400 0.33654932298310830108 
0.48667618645211990769 0.00000000099999999998 0.21274807454631336490 0.00000000099999999998 0.00000000099999999998 0.00000000099999999998 0.00000000099999999998 0.30057573400156684107 
