0.00000000099999999998 0.00000000099999999998 0.00000000099999999998 0.00000000099999999998 0.23553407647476093389 0.32499503004771218562 0.02112604314426532945 0.41834484333326149574 0.00000000099999999998 0.00000000099999999998 0.00000000099999999998 
0.00000000099999999981 0.00000000099999999981 0.00000000099999999981 0.00000000099999999981 0.00000000099999999981 0.00000000099999999981 0.00000000099999999981 0.00000000099999999981 0.00000000099999999981 0.00000000099999999981 0.99999999000000006077 
0.00000000099999999984 0.00000000099999999984 0.00000000099999999984 0.00000000099999999984 0.00000000099999999984 0.00000000099999999984 0.00000000099999999984 0.00000000099999999984 0.00000000099999999984 0.00000000099999999984 0.99999999000000006077 
0.00000000099999999997 0.00001354148800074597 0.00000000099999999997 0.00000000099999999997 0.00000000099999999997 0.52677268592236770051 0.00000000099999999997 0.45972822816626640607 0.00000000099999999997 0.00000000099999999997 0.01348553742336522712 
0.00000000099999999998 0.00000000099999999998 0.07986984719213022221 0.07605785372963987101 0.22549805986579185557 0.36525839062011616898 0.00000000099999999998 0.25331584259232181600 0.00000000099999999998 0.00000000099999999998 0.00000000099999999998 
0.00000000099999999997 0.00000000099999999997 0.00000000099999999997 0.00000357441912195284 0.32893687173694025061 0.40357935724038690450 0.00495325750626183538 0.23822341211758413237 0.00000000099999999997 0.00000000099999999997 0.02430352197970502351 
0.00000000099999999983 0.99999999000000017180 0.00000000099999999983 0.00000000099999999983 0.00000000099999999983 0.00000000099999999983 0.00000000099999999983 0.00000000099999999983 0.00000000099999999983 0.00000000099999999983 0.00000000099999999983 
0.00000000099999999988 0.36562470245925116075 0.00000000099999999988 0.00000000099999999988 0.00000000099999999988 0.00000000099999999988 0.00000000099999999988 0.00000000099999999988 0.00000000099999999988 0.00000000099999999988 0.63437528854074864970 
0.00000000099999999998 0.00000000099999999998 0.00000000099999999998 0.00000000099999999998 0.62275722824266566136 0.00000000099999999998 0.00000000099999999998 0.36988540380027601362 0.00000000099999999998 0.00664309244467454346 0.00071426851238408622 
0.00000000099999999981 0.99999999000000017180 0.00000000099999999981 0.00000000099999999981 0.00000000099999999981 0.00000000099999999981 0.00000000099999999981 0.00000000099999999981 0.00000000099999999981 0.00000000099999999981 0.00000000099999999981 
0.00000000099999999998 0.00000000099999999998 0.00964796991433553713 0.32978899693475888233 0.00000000099999999998 0.39888671244866547028 0.00649866295371658888 0.23617741269448813690 0.00000000099999999998 0.00000000099999999998 0.01900024005403529864 
0.00000000099999999997 0.00000000099999999997 0.00000000099999999997 0.27852037348907621173 0.18209648510631359919 0.35815519690145752874 0.00080340358349806449 0.15758022644639660403 0.00000000099999999997 0.00222549177322183076 0.02061881870003606440 
0.00000000099999999999 0.00000000099999999999 0.01840412888823316981 0.42721671805334504590 0.00000003679037141654 0.33190982708405991630 0.00286117812379734892 0.21960809525767571726 0.00000000099999999999 0.00000000099999999999 0.00000001180251748786 
0.00000000099999999998 0.00000001212059017327 0.03819745129508471393 0.35341223724130443884 0.27508864320448500607 0.32207160294783743204 0.00009755716237673454 0.00000000099999999998 0.00000000099999999998 0.01113249202832147788 0.00000000099999999998 
0.00428427035776987770 0.00000000099999999998 0.00000000099999999998 0.19103371035682373269 0.00000000099999999998 0.42797541402962763213 0.01656485378894415050 0.36014174546683463962 0.00000000099999999998 0.00000000099999999998 0.00000000099999999998 
0.00000000099999999998 0.00000000099999999998 0.03538712051498841410 0.14141453433498035741 0.26522211309619464492 0.32018881824176553819 0.01818772220515511850 0.15988630876398346459 0.00000000099999999998 0.00905311968263313761 0.05066026016029927942 
0.00000000099999999996 0.00000000099999999996 0.00000000099999999996 0.00000000099999999996 0.00000000099999999996 0.64322800744781571947 0.00000000099999999996 0.35677198355218436854 0.00000000099999999996 0.00000000099999999996 0.00000000099999999996 
0.00000000099999999998 0.00000000099999999998 0.02743757280784345914 0.27098227997510299092 0.45919049478194734482 0.24238964543510624350 0.00000000099999999998 0.00000000099999999998 0.00000000099999999998 0.00000000099999999998 0.00000000099999999998 
0.00000000099999999999 0.00000000099999999999 0.00000076353302585082 0.13105184557551941005 0.37480604143551649043 0.36229300808215675334 0.00000000099999999999 0.12371847533147654896 0.00000000099999999999 0.00812986104230494118 0.00000000099999999999 
0.00000000099999999993 0.00000000099999999993 0.00000000099999999993 0.00000000099999999993 0.57006593103426383973 0.00000000099999999993 0.00000000099999999993 0.42993405996573608174 0.00000000099999999993 0.00000000099999999993 0.00000000099999999993 
0.00000000099999999997 0.00000000099999999997 0.00000000099999999997 0.37511868437328643733 0.24122854253536918367 0.13725878124339249697 0.00000000099999999997 0.24639398484795185795 0.00000000099999999997 0.00000000099999999997 0.00000000099999999997 
0.00000000099999999984 0.00000000099999999984 0.00000000099999999984 0.00000000099999999984 0.00000000099999999984 0.00000000099999999984 0.00000000099999999984 0.00000000099999999984 0.00000000099999999984 0.00000000099999999984 0.99999999000000006077 
0.00000000099999999985 0.00000000099999999985 0.00000000099999999985 0.00000000099999999985 0.00000000099999999985 0.00000000099999999985 0.00000000099999999985 0.99999998999999994975 0.00000000099999999985 0.00000000099999999985 0.00000000099999999985 
0.00000000099999999935 0.00000000099999999935 0.99999999000000017180 0.00000000099999999935 0.00000000099999999935 0.00000000099999999935 0.00000000099999999935 0.00000000099999999935 0.00000000099999999935 0.00000000099999999935 0.00000000099999999935 
0.00000000099999999986 0.00000000099999999986 0.00000000099999999986 0.00000000099999999986 0.00000000099999999986 0.00000000099999999986 0.00000000099999999986 0.99999999000000006077 0.00000000099999999986 0.00000000099999999986 0.00000000099999999986 
0.00000000099999999995 0.00000000099999999995 0.02400626852507084866 0.00000000099999999995 0.00000000099999999995 0.48504296200279561901 0.00000000099999999995 0.49095076147213362328 0.00000000099999999995 0.00000000099999999995 0.00000000099999999995 
0.00000000099999999951 0.00000000099999999951 0.00000000099999999951 0.00000000099999999951 0.00000000099999999951 0.00000000099999999951 0.00000000099999999951 0.00000000099999999951 0.00000000099999999951 0.99999998999999994975 0.00000000099999999951 
0.00000000099999999938 0.00000000099999999938 0.00000000099999999938 0.00000000099999999938 0.00000000099999999938 0.00000000099999999938 0.99999999000000006077 0.00000000099999999938 0.00000000099999999938 0.00000000099999999938 0.00000000099999999938 
0.00000000099999999998 0.00000000099999999998 0.05659999960048426454 0.41445530432179950031 0.00165983105781217308 0.34626216499313433594 0.00000000099999999998 0.18102269402676973709 0.00000000099999999998 0.00000000099999999998 0.00000000099999999998 
0.00000000099999999989 0.00000000099999999989 0.00000000099999999989 0.00000000099999999989 0.00000000099999999989 0.99999999000000006077 0.00000000099999999989 0.00000000099999999989 0.00000000099999999989 0.00000000099999999989 0.00000000099999999989 
0.00000000099999999996 0.00415111825191061875 0.06564902426895043164 0.24468909235237176758 0.27660019379371031389 0.21077303374589423379 0.00000000099999999996 0.19813753258716268468 0.00000000099999999996 0.00000000099999999996 0.00000000099999999996 
0.00000000099999999976 0.00000000099999999976 0.28353540476149785565 0.00000000099999999976 0.00000000099999999976 0.00000000099999999976 0.00000000099999999976 0.00000000099999999976 0.00000000099999999976 0.00000000099999999976 0.71646458623850195480 
0.00000000099999999961 0.00000000099999999961 0.64202475151584592616 0.00000000099999999961 0.00000000099999999961 0.00000000099999999961 0.35797523948415416184 0.00000000099999999961 0.00000000099999999961 0.00000000099999999961 0.00000000099999999961 
0.00000000099999999996 0.00000000099999999996 0.00000000099999999996 0.38269744436327851611 0.28940560495434519694 0.16461966399931454719 0.00000000099999999996 0.16327727968306177120 0.00000000099999999996 0.00000000099999999996 0.00000000099999999996 
0.99999999000000028282 0.00000000099999999943 0.00000000099999999943 0.00000000099999999943 0.00000000099999999943 0.00000000099999999943 0.00000000099999999943 0.00000000099999999943 0.00000000099999999943 0.00000000099999999943 0.00000000099999999943 
0.99999999000000017180 0.00000000099999999936 0.00000000099999999936 0.00000000099999999936 0.00000000099999999936 0.00000000099999999936 0.00000000099999999936 0.00000000099999999936 0.00000000099999999936 0.00000000099999999936 0.00000000099999999936 
0.00000000099999999936 0.00000000099999999936 0.00000000099999999936 0.00000000099999999936 0.00000000099999999936 0.00000000099999999936 0.00000000099999999936 0.00000000099999999936 0.99999999000000006077 0.00000000099999999936 0.00000000099999999936 
0.00000000099999999960 0.00000000099999999960 0.00000000099999999960 0.00000000099999999960 0.00000000099999999960 0.00000000099999999960 0.64495090975503199804 0.00000000099999999960 0.00000000099999999960 0.35504908124496792343 0.00000000099999999960 
0.00000000099999999947 0.00000000099999999947 0.00000000099999999947 0.00000000099999999947 0.00000000099999999947 0.00000000099999999947 0.00000000099999999947 0.00000000099999999947 0.00000000099999999947 0.99999998999999994975 0.00000000099999999947 
0.00000000099999999986 0.00000000099999999986 0.00000000099999999986 0.99999999000000006077 0.00000000099999999986 0.00000000099999999986 0.00000000099999999986 0.00000000099999999986 0.00000000099999999986 0.00000000099999999986 0.00000000099999999986 
0.00000000099999999984 0.99999999000000028282 0.00000000099999999984 0.00000000099999999984 0.00000000099999999984 0.00000000099999999984 0.00000000099999999984 0.00000000099999999984 0.00000000099999999984 0.00000000099999999984 0.00000000099999999984 
0.00000000099999999950 0.00000000099999999950 0.00000000099999999950 0.00000000099999999950 0.00000000099999999950 0.00000000099999999950 0.00000000099999999950 0.00000000099999999950 0.00000000099999999950 0.99999999000000006077 0.00000000099999999950 
0.00000000099999999998 0.01775028171391005924 0.03615715143777077645 0.30200595653728873335 0.00000000099999999998 0.29288738739142572420 0.00000000099999999998 0.34481189792781014036 0.00000000099999999998 0.00638731999179453693 0.00000000099999999998 
0.00000000099999999982 0.00000000099999999982 0.00000000099999999982 0.00000000099999999982 0.00000000099999999982 0.00000000099999999982 0.00000000099999999982 0.00000000099999999982 0.00000000099999999982 0.00000000099999999982 0.99999999000000006077 
0.00000000099999999953 0.00000000099999999953 0.00000000099999999953 0.00000000099999999953 0.00000000099999999953 0.00000000099999999953 0.00000000099999999953 0.00000000099999999953 0.00000000099999999953 0.99999998999999994975 0.00000000099999999953 
0.00000000099999999991 0.00000000099999999991 0.00000000099999999991 0.00000000099999999991 0.00000000099999999991 0.99999999000000017180 0.00000000099999999991 0.00000000099999999991 0.00000000099999999991 0.00000000099999999991 0.00000000099999999991 
0.00000000099999999948 0.00000000099999999948 0.00000000099999999948 0.00000000099999999948 0.00000000099999999948 0.00000000099999999948 0.00000000099999999948 0.00000000099999999948 0.00000000099999999948 0.99999998999999994975 0.00000000099999999948 
0.00000000099999999992 0.38366553801967240300 0.00000000099999999992 0.00000000099999999992 0.00000000099999999992 0.00000000099999999992 0.00000000099999999992 0.00000000099999999992 0.00000000099999999992 0.00000000099999999992 0.61633445298032740745 
0.00000000099999999977 0.99999999000000017180 0.00000000099999999977 0.00000000099999999977 0.00000000099999999977 0.00000000099999999977 0.00000000099999999977 0.00000000099999999977 0.00000000099999999977 0.00000000099999999977 0.00000000099999999977 
0.00000000099999999943 0.00000000099999999943 0.00000000099999999943 0.00000000099999999943 0.00000000099999999943 0.00000000099999999943 0.00000000099999999943 0.00000000099999999943 0.00000000099999999943 0.99999999000000006077 0.00000000099999999943 
0.00000000099999999942 0.00000000099999999942 0.00000000099999999942 0.00000000099999999942 0.00000000099999999942 0.00000000099999999942 0.99999999000000006077 0.00000000099999999942 0.00000000099999999942 0.00000000099999999942 0.00000000099999999942 
0.00000000099999999983 0.00000000099999999983 0.00000000099999999983 0.00000000099999999983 0.00000000099999999983 0.00000000099999999983 0.00000000099999999983 0.00000000099999999983 0.00000000099999999983 0.00000000099999999983 0.99999998999999994975 
0.00000000099999999991 0.36330934888863752885 0.00000000099999999991 0.00000000099999999991 0.00000000099999999991 0.00000000099999999991 0.00000000099999999991 0.00000000099999999991 0.00000000099999999991 0.00000000099999999991 0.63669064211136217057 
0.00000000099999999984 0.99999999000000028282 0.00000000099999999984 0.00000000099999999984 0.00000000099999999984 0.00000000099999999984 0.00000000099999999984 0.00000000099999999984 0.00000000099999999984 0.00000000099999999984 0.00000000099999999984 
0.00000000099999999953 0.00000000099999999953 0.00000000099999999953 0.00000000099999999953 0.00000000099999999953 0.00000000099999999953 0.00000000099999999953 0.00000000099999999953 0.00000000099999999953 0.99999999000000006077 0.00000000099999999953 
0.00000000099999999999 0.00000000099999999999 0.00000000099999999999 0.36534131819138226938 0.16521082349822671653 0.41626808309815077624 0.00000000099999999999 0.00000000099999999999 0.00000000099999999999 0.01007804873358734282 0.04310172047865296063 
0.00000000099999999996 0.00000000099999999996 0.00000000099999999996 0.00000000099999999996 0.60655277054378409218 0.00000000099999999996 0.00000000099999999996 0.37237803456415957681 0.00000000099999999996 0.02106918689205633174 0.00000000099999999996 
0.00000000099999999990 0.00000000099999999990 0.00000000099999999990 0.00000000099999999990 0.00000000099999999990 0.99999999000000017180 0.00000000099999999990 0.00000000099999999990 0.00000000099999999990 0.00000000099999999990 0.00000000099999999990 
0.00000000099999999987 0.00000000099999999987 0.00000000099999999987 0.99999999000000006077 0.00000000099999999987 0.00000000099999999987 0.00000000099999999987 0.00000000099999999987 0.00000000099999999987 0.00000000099999999987 0.00000000099999999987 
0.00000000099999999990 0.34843460850672153262 0.00000000099999999990 0.00000000099999999990 0.00000000099999999990 0.00000000099999999990 0.00000000099999999990 0.00000000099999999990 0.00000000099999999990 0.00000000099999999990 0.65156538249327833334 
0.00000000099999999992 0.00000000099999999992 0.00000000099999999992 0.00000000099999999992 0.99999999000000006077 0.00000000099999999992 0.00000000099999999992 0.00000000099999999992 0.00000000099999999992 0.00000000099999999992 0.00000000099999999992 
0.99999999000000017180 0.00000000099999999943 0.00000000099999999943 0.00000000099999999943 0.00000000099999999943 0.00000000099999999943 0.00000000099999999943 0.00000000099999999943 0.00000000099999999943 0.00000000099999999943 0.00000000099999999943 
0.00000000099999999984 0.00000000099999999984 0.00000000099999999984 0.00000000099999999984 0.99999999000000006077 0.00000000099999999984 0.00000000099999999984 0.00000000099999999984 0.00000000099999999984 0.00000000099999999984 0.00000000099999999984 
0.99999999000000017180 0.00000000099999999945 0.00000000099999999945 0.00000000099999999945 0.00000000099999999945 0.00000000099999999945 0.00000000099999999945 0.00000000099999999945 0.00000000099999999945 0.00000000099999999945 0.00000000099999999945 
0.00000000099999999995 0.00000000099999999995 0.11020700809373802642 0.00000000099999999995 0.22453695127241929397 0.29244406836687114604 0.00000000099999999995 0.37281196526697163440 0.00000000099999999995 0.00000000099999999995 0.00000000099999999995 
0.00000000099999999941 0.00000000099999999941 0.00000000099999999941 0.00000000099999999941 0.00000000099999999941 0.00000000099999999941 0.00000000099999999941 0.00000000099999999941 0.99999999000000006077 0.00000000099999999941 0.00000000099999999941 
0.00000000099999999996 0.00000000099999999996 0.04121646268445183087 0.22684517305784290819 0.54035537435348679480 0.19158298290421851839 0.00000000099999999996 0.00000000099999999996 0.00000000099999999996 0.00000000099999999996 0.00000000099999999996 
0.00000000099999999998 0.00000000099999999998 0.01287792629200723744 0.00000000099999999998 0.35091741291514572110 0.32298091939834339126 0.00425354230192465533 0.28368648932484324954 0.00000000099999999998 0.00000000099999999998 0.02528370476773584771 
0.00000000099999999980 0.00000000099999999980 0.00000000099999999980 0.00000000099999999980 0.00000000099999999980 0.00000000099999999980 0.00000000099999999980 0.00000000099999999980 0.00000000099999999980 0.00000000099999999980 0.99999999000000006077 
0.00000000099999999995 0.00000000099999999995 0.00000357463186382100 0.00946937084517082694 0.22597305013459045853 0.46490217734264488447 0.00000000099999999995 0.29965182104573001576 0.00000000099999999995 0.00000000099999999995 0.00000000099999999995 
0.99999999000000017180 0.00000000099999999944 0.00000000099999999944 0.00000000099999999944 0.00000000099999999944 0.00000000099999999944 0.00000000099999999944 0.00000000099999999944 0.00000000099999999944 0.00000000099999999944 0.00000000099999999944 
0.00000000099999999943 0.00000000099999999943 0.00000000099999999943 0.00000000099999999943 0.00000000099999999943 0.00000000099999999943 0.00000000099999999943 0.00000000099999999943 0.99999998999999994975 0.00000000099999999943 0.00000000099999999943 
0.00000000099999999997 0.09267559314979334495 0.00000000099999999997 0.29294032298675309889 0.14429715479459642724 0.08188506879873064248 0.00000000099999999997 0.37986226643349735310 0.00000000099999999997 0.00833958883662911168 0.00000000099999999997 
0.00000000099999999989 0.51449353288292831721 0.00000000099999999989 0.00000000099999999989 0.00000000099999999989 0.00000000099999999989 0.00000000099999999989 0.00000000099999999989 0.00000000099999999989 0.00000000099999999989 0.48550645811707193733 
0.00000000099999999953 0.00000000099999999953 0.00000000099999999953 0.00000000099999999953 0.00000000099999999953 0.00000000099999999953 0.00000000099999999953 0.00000000099999999953 0.00000000099999999953 0.99999998999999994975 0.00000000099999999953 
0.00000000099999999981 0.00000000099999999981 0.00000000099999999981 0.00000000099999999981 0.00000000099999999981 0.00000000099999999981 0.00000000099999999981 0.00000000099999999981 0.00000000099999999981 0.00000000099999999981 0.99999998999999994975 
0.00000000099999999997 0.00000000099999999997 0.03761210598483936962 0.49505330614440090642 0.02214075342542766098 0.41648476170558412779 0.00000000099999999997 0.00000000099999999997 0.00000000099999999997 0.00000000099999999997 0.02870906673974802856 
0.99999999000000028282 0.00000000099999999939 0.00000000099999999939 0.00000000099999999939 0.00000000099999999939 0.00000000099999999939 0.00000000099999999939 0.00000000099999999939 0.00000000099999999939 0.00000000099999999939 0.00000000099999999939 
0.00000000099999999934 0.00000000099999999934 0.00000000099999999934 0.00000000099999999934 0.00000000099999999934 0.00000000099999999934 0.99999998999999994975 0.00000000099999999934 0.00000000099999999934 0.00000000099999999934 0.00000000099999999934 
0.60826661546165994299 0.00000000099999999958 0.00000000099999999958 0.00000000099999999958 0.00000000099999999958 0.00000000099999999958 0.00000000099999999958 0.00000000099999999958 0.39173337553834020053 0.00000000099999999958 0.00000000099999999958 
0.00000000099999999987 0.00000000099999999987 0.00000000099999999987 0.00000000099999999987 0.00000000099999999987 0.00000000099999999987 0.00000000099999999987 0.99999998999999994975 0.00000000099999999987 0.00000000099999999987 0.00000000099999999987 
0.00000000099999999975 0.99999999000000017180 0.00000000099999999975 0.00000000099999999975 0.00000000099999999975 0.00000000099999999975 0.00000000099999999975 0.00000000099999999975 0.00000000099999999975 0.00000000099999999975 0.00000000099999999975 
0.00000000099999999982 0.00000000099999999982 0.00000000099999999982 0.00000000099999999982 0.00000000099999999982 0.00000000099999999982 0.00000000099999999982 0.00000000099999999982 0.00000000099999999982 0.00000000099999999982 0.99999999000000006077 
0.00000000099999999996 0.22240469268018506210 0.05422012831541529049 0.22407653665360577344 0.07697024306390649884 0.42232838692595087160 0.00000000099999999996 0.00000000736093649968 0.00000000099999999996 0.00000000099999999996 0.00000000099999999996 
0.00000000099999999998 0.00000000099999999998 0.00000000099999999998 0.31194602842367935569 0.16170049238514364043 0.00000000099999999998 0.01907047601653074492 0.50728299617464611693 0.00000000099999999998 0.00000000099999999998 0.00000000099999999998 
0.00000000099999999996 0.01879683213040906492 0.00000004373010955016 0.08479648794535390999 0.23583642027109619210 0.26883716456615647239 0.00000000099999999996 0.39173304635687472564 0.00000000099999999996 0.00000000099999999996 0.00000000099999999996 
0.00000000099999999997 0.00000000099999999997 0.01136004273599309014 0.33411711479050426599 0.25089992614129741355 0.13302429680433600079 0.00000000099999999997 0.25082255124203334251 0.00000000099999999997 0.00000000099999999997 0.01977606328583597639 
0.00000000099999999997 0.00000000099999999997 0.02332871066299310736 0.36462585240020201072 0.00000000099999999997 0.35391652854254196381 0.00000000099999999997 0.25812890139426292180 0.00000000099999999997 0.00000000099999999997 0.00000000099999999997 
0.00000000099999999995 0.00000000099999999995 0.00000000099999999995 0.21298924352095471857 0.27289017473804677572 0.32235719591408013018 0.00000000099999999995 0.19176337882691849024 0.00000000099999999995 0.00000000099999999995 0.00000000099999999995 
0.00000000099999999993 0.00000000099999999993 0.00000000099999999993 0.38864407237306758391 0.61135591862693250409 0.00000000099999999993 0.00000000099999999993 0.00000000099999999993 0.00000000099999999993 0.00000000099999999993 0.00000000099999999993 
0.00000000099999999996 0.00000000099999999996 0.00000000099999999996 0.39663794511353978045 0.24570197142521438272 0.00000000099999999996 0.00000000099999999996 0.35766007546124595207 0.00000000099999999996 0.00000000099999999996 0.00000000099999999996 
0.00000000099999999997 0.00000000099999999997 0.00000000099999999997 0.16841496067965799899 0.00000000099999999997 0.53286158484556234161 0.00000000099999999997 0.25886325152148736972 0.00000000099999999997 0.00000000099999999997 0.03986019595329239745 
0.00000000099999999980 0.00000000099999999980 0.00000000099999999980 0.00000000099999999980 0.00000000099999999980 0.00000000099999999980 0.00000000099999999980 0.00000000099999999980 0.00000000099999999980 0.00000000099999999980 0.99999999000000006077 
0.00000000099999999996 0.60013421623553542261 0.00000000099999999996 0.00000000099999999996 0.00000000099999999996 0.00000000099999999996 0.00000000099999999996 0.00000000099999999996 0.00000000099999999996 0.00000000099999999996 0.39986577476446494295 
0.99999999000000017180 0.00000000099999999960 0.00000000099999999960 0.00000000099999999960 0.00000000099999999960 0.00000000099999999960 0.00000000099999999960 0.00000000099999999960 0.00000000099999999960 0.00000000099999999960 0.00000000099999999960 
0.00000000099999999988 0.00000000099999999988 0.00000000099999999988 0.00000000099999999988 0.00000000099999999988 0.00000000099999999988 0.00000000099999999988 0.00000000099999999988 0.00000000099999999988 0.00000000099999999988 0.99999998999999994975 
0.00000000099999999988 0.00000000099999999988 0.00000000099999999988 0.00000000099999999988 0.00000000099999999988 0.00000000099999999988 0.00000000099999999988 0.00000000099999999988 0.00000000099999999988 0.00000000099999999988 0.99999999000000006077 
0.00000000099999999997 0.02609913790992222579 0.00005014323787672537 0.33714555970756038272 0.23536157861728171370 0.39924795317129507799 0.00209549483067636433 0.00000000099999999997 0.00000000099999999997 0.00000012852538744526 0.00000000099999999997 
0.00000000099999999932 0.00000000099999999932 0.00000000099999999932 0.00000000099999999932 0.00000000099999999932 0.00000000099999999932 0.00000000099999999932 0.00000000099999999932 0.99999999000000006077 0.00000000099999999932 0.00000000099999999932 
0.00000000099999999987 0.00000000099999999987 0.00000000099999999987 0.99999999000000006077 0.00000000099999999987 0.00000000099999999987 0.00000000099999999987 0.00000000099999999987 0.00000000099999999987 0.00000000099999999987 0.00000000099999999987 
0.00000000099999999998 0.01621012997598807182 0.00000000099999999998 0.32582368657256827182 0.29648735711671975190 0.19994201327281588276 0.00096205121689444751 0.16054363292728077162 0.00000000099999999998 0.00003112491773285983 0.00000000099999999998 
0.00000000099999999999 0.00000000099999999999 0.03164333577131985681 0.10986008289955791206 0.33997756862246070186 0.30526705509128482241 0.00526279491899014559 0.20798915769638645634 0.00000000099999999999 0.00000000099999999999 0.00000000099999999999 
0.00000000099999999999 0.02218795681486804283 0.03211253949963265714 0.29740678082641486268 0.16497535296572152230 0.30868896543738927329 0.00156760586865472033 0.17306079458731879472 0.00000000099999999999 0.00000000099999999999 0.00000000099999999999 
0.00000000099999999998 0.00000000099999999998 0.02313771140120140721 0.30561871509650684331 0.16713997052151841061 0.33859006335026231582 0.00000000099999999998 0.16551353363051107825 0.00000000099999999998 0.00000000099999999998 0.00000000099999999998 
0.00000000099999999985 0.00000000099999999985 0.00000000099999999985 0.00000000099999999985 0.00000000099999999985 0.00000000099999999985 0.00000000099999999985 0.99999999000000006077 0.00000000099999999985 0.00000000099999999985 0.00000000099999999985 
0.00000000099999999999 0.00000000099999999999 0.00000000099999999999 0.15209517422613924587 0.25252294190169555232 0.27220662751336949237 0.00140788269383587683 0.32176734903315207248 0.00000000099999999999 0.00000001963180766667 0.00000000099999999999 
0.00000000099999999997 0.00000000099999999997 0.01729624773220098805 0.00000000099999999997 0.52982008096086030680 0.00000000099999999997 0.00000000099999999997 0.45033453874135281891 0.00000000099999999997 0.00254912556558578411 0.00000000099999999997 
0.00000000099999999999 0.00857380496783931995 0.00000000099999999999 0.00000000099999999999 0.25461949867865091290 0.50126749820589200368 0.02790183225708929571 0.20763735989052845010 0.00000000099999999999 0.00000000099999999999 0.00000000099999999999 
0.00000000099999999997 0.00000000099999999997 0.00000000099999999997 0.55015512816143419261 0.20241014193739861882 0.00000000099999999997 0.00000000099999999997 0.24690903735214386749 0.00000000099999999997 0.00000000099999999997 0.00052568554902345823 
0.00000000099999999991 0.00000000099999999991 0.00000000099999999991 0.00000000099999999991 0.25619142902789771021 0.74380856197210243330 0.00000000099999999991 0.00000000099999999991 0.00000000099999999991 0.00000000099999999991 0.00000000099999999991 
0.00000000099999999999 0.02817961821091348115 0.02260860172748661509 0.04667230666632606745 0.37714836977474464064 0.26527126332128492248 0.00000000099999999999 0.23635283346929691906 0.00000000099999999999 0.02376700282994751237 0.00000000099999999999 
0.00000000099999999995 0.00000000099999999995 0.00000000099999999995 0.46462874329331221857 0.00000000099999999995 0.53080027311688204872 0.00457097558980581586 0.00000000099999999995 0.00000000099999999995 0.00000000099999999995 0.00000000099999999995 
0.00000000099999999997 0.00000000099999999997 0.00000000099999999997 0.17275750595393710163 0.47701355707804626860 0.00000000099999999997 0.00000000099999999997 0.33299947625622694503 0.00000000099999999997 0.00000000099999999997 0.01722945371178994517 
0.00000000099999999997 0.00000000099999999997 0.00000000099999999997 0.30801359103106096260 0.37118775731042363830 0.06072357939428959378 0.00000000099999999997 0.26007506526422574655 0.00000000099999999997 0.00000000099999999997 0.00000000099999999997 
0.00000000099999999996 0.01784902954257685387 0.04646233367990854762 0.22158643268940922400 0.37553205632647057577 0.15563166419492485693 0.00000000099999999996 0.18293845571861608312 0.00000000099999999996 0.00000000099999999996 0.00000002384809404815 
0.00000000099999999999 0.00000000099999999999 0.00000011071485917881 0.10008483182235923536 0.22837578061924496131 0.40367543862740806748 0.00395374304322433038 0.25043632286084199778 0.00000000099999999999 0.00000000099999999999 0.01347376831206212842 
0.00000000099999999993 0.00000000099999999993 0.00000000099999999993 0.00000000099999999993 0.00000000099999999993 0.99999999000000017180 0.00000000099999999993 0.00000000099999999993 0.00000000099999999993 0.00000000099999999993 0.00000000099999999993 
0.00000000099999999996 0.00000000099999999996 0.04268277902865794809 0.28588905252824187153 0.13974893871812546498 0.53167922272497480929 0.00000000099999999996 0.00000000099999999996 0.00000000099999999996 0.00000000099999999996 0.00000000099999999996 
0.00000000099999999995 0.00594787599825257873 0.00000000099999999995 0.00000000099999999995 0.00000000099999999995 0.45602639922026511066 0.00000000099999999995 0.53802571678148225498 0.00000000099999999995 0.00000000099999999995 0.00000000099999999995 
0.07229496843186399013 0.00000012121577325789 0.04472467451618675899 0.11416310674443107265 0.18149501085624855645 0.22836732724566055630 0.00000000100000000000 0.34981963473963384459 0.00000000100000000000 0.00000327237947770468 0.00913188187072427708 
0.00000000099999999985 0.00000000099999999985 0.00000000099999999985 0.00000000099999999985 0.00000000099999999985 0.00000000099999999985 0.00000000099999999985 0.99999998999999994975 0.00000000099999999985 0.00000000099999999985 0.00000000099999999985 
0.00000000099999999994 0.01356004536021941133 0.04267208055690330237 0.37237538009377119108 0.15434997187968610421 0.12778444079398751376 0.00000000099999999994 0.28925807631543232201 0.00000000099999999994 0.00000000099999999994 0.00000000099999999994 
0.00000000099999999995 0.00000000099999999995 0.05592316613334483849 0.22324525572186779132 0.22044921929721952858 0.35140629617379959271 0.00000000099999999995 0.13971186067023949606 0.00000000099999999995 0.00000000099999999995 0.00926419700352893762 
0.00000000099999999988 0.00000000099999999988 0.00000000099999999988 0.99999999000000017180 0.00000000099999999988 0.00000000099999999988 0.00000000099999999988 0.00000000099999999988 0.00000000099999999988 0.00000000099999999988 0.00000000099999999988 
0.00000000099999999996 0.00091215179146004186 0.02964799825157388505 0.04894689868066988414 0.42619830305105621537 0.31412707946370743706 0.00000000099999999996 0.18016756128282454541 0.00000000099999999996 0.00000000099999999996 0.00000000347870799626 
0.00000000099999999999 0.00000000099999999999 0.04927808829039176386 0.40762094264925247122 0.00000000099999999999 0.34107832151365830020 0.00000000099999999999 0.20199591415280224171 0.00000000099999999999 0.00002672739389517550 0.00000000099999999999 
0.00000000099999999997 0.00788589025333921376 0.02250792485907497989 0.26751764585258563933 0.20759032618397854630 0.36164013193418137471 0.00693141364770026146 0.12592666326913998232 0.00000000099999999997 0.00000000099999999997 0.00000000099999999997 
0.00000000099999999997 0.00000000099999999997 0.00000000099999999997 0.18613694688825305201 0.40647911465408198550 0.28571437417462863806 0.00000000099999999997 0.12166955728303639750 0.00000000099999999997 0.00000000099999999997 0.00000000099999999997 
0.00000000099999999995 0.00000000099999999995 0.00000000099999999995 0.25330348674949770826 0.22546007956934163707 0.27145519982091470546 0.00000000099999999995 0.21477514389415780505 0.00000000099999999995 0.00000000099999999995 0.03500608396608805711 
0.00000000099999999989 0.35511754040617404815 0.00000000099999999989 0.00000000099999999989 0.00000000099999999989 0.00000000099999999989 0.00000000099999999989 0.00000000099999999989 0.00000000099999999989 0.00000000099999999989 0.64488245059382587332 
0.00000000099999999983 0.99999999000000017180 0.00000000099999999983 0.00000000099999999983 0.00000000099999999983 0.00000000099999999983 0.00000000099999999983 0.00000000099999999983 0.00000000099999999983 0.00000000099999999983 0.00000000099999999983 
0.00000000099999999948 0.00000000099999999948 0.00000000099999999948 0.00000000099999999948 0.00000000099999999948 0.00000000099999999948 0.00000000099999999948 0.00000000099999999948 0.99999999000000006077 0.00000000099999999948 0.00000000099999999948 
0.00000000099999999937 0.00000000099999999937 0.00000000099999999937 0.00000000099999999937 0.00000000099999999937 0.00000000099999999937 0.99999998999999994975 0.00000000099999999937 0.00000000099999999937 0.00000000099999999937 0.00000000099999999937 
0.00000000099999999998 0.45422964263947634977 0.05295018451904916212 0.00000000099999999998 0.01674163507860252850 0.00000000099999999998 0.00000000099999999998 0.00000000099999999998 0.00000000099999999998 0.04242141244339524969 0.43365711931947675817 
0.00000000099999999986 0.00000000099999999986 0.00000000099999999986 0.00000000099999999986 0.99999999000000006077 0.00000000099999999986 0.00000000099999999986 0.00000000099999999986 0.00000000099999999986 0.00000000099999999986 0.00000000099999999986 
0.00000000099999999989 0.00000000099999999989 0.00000000099999999989 0.00000000099999999989 0.99999999000000017180 0.00000000099999999989 0.00000000099999999989 0.00000000099999999989 0.00000000099999999989 0.00000000099999999989 0.00000000099999999989 
0.00000000099999999985 0.99999999000000028282 0.00000000099999999985 0.00000000099999999985 0.00000000099999999985 0.00000000099999999985 0.00000000099999999985 0.00000000099999999985 0.00000000099999999985 0.00000000099999999985 0.00000000099999999985 
0.00000000099999999996 0.00000000099999999996 0.00000000099999999996 0.36612236768454275992 0.27076610258662653363 0.34582177724498697202 0.00000000099999999996 0.00024667222178842890 0.00000000099999999996 0.00000000099999999996 0.01704307426205544512 
0.00000000099999999996 0.00000234880467379316 0.00000000099999999996 0.43984834901759622960 0.00045805606597103580 0.34336826393704922289 0.00000000099999999996 0.20492495256526735425 0.00000000099999999996 0.01139802460944231051 0.00000000099999999996 
0.00000000099999999995 0.00000000099999999995 0.06557380793555915577 0.00000000099999999995 0.00116110989127539681 0.61150121223117093194 0.00000000099999999995 0.32176386294199449400 0.00000000099999999995 0.00000000099999999995 0.00000000099999999995 
0.00000000099999999939 0.00000000099999999939 0.00000000099999999939 0.00000000099999999939 0.00000000099999999939 0.00000000099999999939 0.00000000099999999939 0.00000000099999999939 0.99999999000000006077 0.00000000099999999939 0.00000000099999999939 
0.00000000099999999940 0.00000000099999999940 0.00000000099999999940 0.00000000099999999940 0.00000000099999999940 0.00000000099999999940 0.00000000099999999940 0.00000000099999999940 0.99999998999999994975 0.00000000099999999940 0.00000000099999999940 
0.66838736128606413001 0.00000000099999999943 0.00000000099999999943 0.00000000099999999943 0.00000000099999999943 0.00000000099999999943 0.00000000099999999943 0.00000000099999999943 0.33161262971393606902 0.00000000099999999943 0.00000000099999999943 
0.00000000099999999936 0.00000000099999999936 0.00000000099999999936 0.00000000099999999936 0.00000000099999999936 0.00000000099999999936 0.00000000099999999936 0.00000000099999999936 0.99999998999999994975 0.00000000099999999936 0.00000000099999999936 
0.99999999000000028282 0.00000000099999999937 0.00000000099999999937 0.00000000099999999937 0.00000000099999999937 0.00000000099999999937 0.00000000099999999937 0.00000000099999999937 0.00000000099999999937 0.00000000099999999937 0.00000000099999999937 
0.00000000099999999995 0.34410174012736860494 0.00000000099999999995 0.00000000099999999995 0.00000000099999999995 0.00000000099999999995 0.00000000099999999995 0.00000007707340868113 0.00000000099999999995 0.00000000099999999995 0.65589817479922241095 
0.00000000099999999998 0.00000000099999999998 0.04139247743869454293 0.25347938674312692209 0.00000000099999999998 0.44133836238742113478 0.00537320946037961322 0.25841655797037788034 0.00000000099999999998 0.00000000099999999998 0.00000000099999999998 
0.43554667006459346634 0.00000000099999999946 0.00000000099999999946 0.00000000099999999946 0.00000000099999999946 0.00000000099999999946 0.00000000099999999946 0.00000000099999999946 0.56445332093540634411 0.00000000099999999946 0.00000000099999999946 
0.99999999000000028282 0.00000000099999999944 0.00000000099999999944 0.00000000099999999944 0.00000000099999999944 0.00000000099999999944 0.00000000099999999944 0.00000000099999999944 0.00000000099999999944 0.00000000099999999944 0.00000000099999999944 
0.00000000099999999935 0.00000000099999999935 0.00000000099999999935 0.00000000099999999935 0.00000000099999999935 0.00000000099999999935 0.99999998999999994975 0.00000000099999999935 0.00000000099999999935 0.00000000099999999935 0.00000000099999999935 
0.00000000099999999941 0.00000000099999999941 0.00000000099999999941 0.00000000099999999941 0.00000000099999999941 0.00000000099999999941 0.00000000099999999941 0.00000000099999999941 0.00000000099999999941 0.99999999000000006077 0.00000000099999999941 
0.00000000099999999989 0.00000000099999999989 0.00000000099999999989 0.00000000099999999989 0.00000000099999999989 0.99999999000000006077 0.00000000099999999989 0.00000000099999999989 0.00000000099999999989 0.00000000099999999989 0.00000000099999999989 
0.00000000099999999938 0.00000000099999999938 0.00000000099999999938 0.00000000099999999938 0.00000000099999999938 0.00000000099999999938 0.00000000099999999938 0.00000000099999999938 0.99999998999999994975 0.00000000099999999938 0.00000000099999999938 
0.00000000099999999986 0.00000000099999999986 0.00000000099999999986 0.99999999000000017180 0.00000000099999999986 0.00000000099999999986 0.00000000099999999986 0.00000000099999999986 0.00000000099999999986 0.00000000099999999986 0.00000000099999999986 
0.00000000099999999996 0.00000000099999999996 0.00436454768779192398 0.21617448533596228533 0.46535851428419977571 0.31410244569204609499 0.00000000099999999996 0.00000000099999999996 0.00000000099999999996 0.00000000099999999996 0.00000000099999999996 
0.00000000099999999994 0.62148949993040891737 0.02456464148738072770 0.00000000099999999994 0.00000000099999999994 0.00000000099999999994 0.00000000099999999994 0.01847843279271284972 0.00000000099999999994 0.00000000099999999994 0.33546741878949776217 
0.00000000099999999993 0.00000000099999999993 0.00000000099999999993 0.68086374583377251568 0.00000000099999999993 0.00000000099999999993 0.00000000099999999993 0.31913624516622751681 0.00000000099999999993 0.00000000099999999993 0.00000000099999999993 
