0.00983467215720058678 0.23906039497195283317 0.00000000100000000000 0.72958339665790017392 0.00000000100000000000 0.00000000100000000000 0.02152153321294649618 
0.21145373352674434742 0.00000000099999999994 0.00000000099999999994 0.00000000099999999994 0.78854626147325579399 0.00000000099999999994 0.00000000099999999994 
0.99999999400000005867 0.00000000099999999986 0.00000000099999999986 0.00000000099999999986 0.00000000099999999986 0.00000000099999999986 0.00000000099999999986 
0.04725103923037970999 0.38245759014247771024 0.00000000099999999999 0.56899069160391335664 0.00000000099999999999 0.00000000099999999999 0.00130067602322918459 
0.00001228719541570449 0.45159361745906517749 0.00000000099999999999 0.54111257144861035773 0.00000000099999999999 0.00000000099999999999 0.00728152089690879169 
0.04140581619576617911 0.38231235587153300504 0.00000000099999999998 0.57524236254115546085 0.00000000099999999998 0.00000000099999999998 0.00103946239154531711 
0.00000000099999999991 0.00000000099999999991 0.00000000099999999991 0.00000000099999999991 0.99999999399999994765 0.00000000099999999991 0.00000000099999999991 
0.46742314058856448966 0.00000000099999999992 0.00000000099999999992 0.00000000099999999992 0.53257685441143554073 0.00000000099999999992 0.00000000099999999992 
0.00000000099999999998 0.24554903618856849246 0.00000000099999999998 0.72323122686534491166 0.01686672850556860878 0.00000000099999999998 0.01435300544051805460 
0.00000000099999999990 0.00000000099999999990 0.00000000099999999990 0.00000000099999999990 0.99999999400000005867 0.00000000099999999990 0.00000000099999999990 
0.00000000099999999999 0.42953973770948467026 0.00000000099999999999 0.54118967960617114787 0.02046915201630111411 0.00000000099999999999 0.00880142766804296872 
0.02974113912193447964 0.43397590702058097545 0.00000000099999999997 0.53121544876297255300 0.00000000099999999997 0.00000000099999999997 0.00506750209451210451 
0.00851361146976540792 0.31952496089630549880 0.00000000099999999999 0.66824629391413137292 0.00000000099999999999 0.00000000099999999999 0.00371513071979792317 
0.01155475775133718921 0.50479346667133451199 0.00000000099999999999 0.47074541955374871183 0.00000000179940415497 0.00000000099999999999 0.01290635222417544845 
0.00000000099999999993 0.99999999400000016969 0.00000000099999999993 0.00000000099999999993 0.00000000099999999993 0.00000000099999999993 0.00000000099999999993 
0.06622736036532024528 0.42275020473064967019 0.00000000099999999998 0.48262664676344890768 0.00000000099999999998 0.00000000099999999998 0.02839578514058125475 
0.00000249631579192062 0.43410213896033705838 0.00000000099999999999 0.55937690852058341573 0.00651845320328757211 0.00000000099999999999 0.00000000099999999999 
0.00000000099999999999 0.50813512863820342602 0.00416635033606711086 0.48769553102496382424 0.00000000099999999999 0.00000000099999999999 0.00000298700076559962 
0.00603963191860488677 0.34157439735122607782 0.00704587319665557921 0.63789234640186232017 0.00000000615923009375 0.00000000100000000000 0.00744774397242093343 
0.00338928628114571395 0.36411729505957279862 0.00000000099999999997 0.62777441159654856495 0.00000000099999999997 0.00000000099999999997 0.00471900406273305373 
0.02123363076669764968 0.28650712093545299686 0.00000000099999999999 0.69225924429784924108 0.00000000099999999999 0.00000000099999999999 0.00000000099999999999 
0.23812004561423252835 0.00000000099999999995 0.00000000099999999995 0.00000000099999999995 0.76187994938576764081 0.00000000099999999995 0.00000000099999999995 
0.03325717340328571830 0.46347836225863614512 0.00000000099999999998 0.50326446033807803460 0.00000000099999999998 0.00000000099999999998 0.00000000099999999998 
0.00000000099999999988 0.99999999400000005867 0.00000000099999999988 0.00000000099999999988 0.00000000099999999988 0.00000000099999999988 0.00000000099999999988 
0.00000000099999999997 0.20145546773908207250 0.00000000099999999997 0.75720526054266512617 0.04133926771825271324 0.00000000099999999997 0.00000000099999999997 
0.00000000099999999998 0.39199192745453687037 0.00000000099999999998 0.60487005217776235177 0.00000000099999999998 0.00000000099999999998 0.00313801636770090486 
0.00000000099999999975 0.00000000099999999975 0.00000000099999999975 0.00000000099999999975 0.00000000099999999975 0.00000000099999999975 0.99999999399999994765 
0.00000000099999999971 0.00000000099999999971 0.00000000099999999971 0.00000000099999999971 0.00000000099999999971 0.00000000099999999971 0.99999999399999994765 
0.00000000099999999999 0.44516379040927145372 0.00000000099999999999 0.53693016993986886209 0.01100835213399465815 0.00000000099999999999 0.00689768451686508487 
0.00000000099999999997 0.49832583698068838585 0.00000000099999999997 0.49171714046812597942 0.00000000099999999997 0.00000000099999999997 0.00995701855118551714 
0.00000000099999999997 0.22550482300345300879 0.00000000099999999997 0.73605783894151632918 0.03843733405503072659 0.00000000099999999997 0.00000000099999999997 
0.00000000099999999992 0.00000000099999999992 0.00000000099999999992 0.00000000099999999992 0.99999999400000005867 0.00000000099999999992 0.00000000099999999992 
0.00000000099999999991 0.43944709695317391018 0.00000000099999999991 0.00000000099999999991 0.20587913646293359848 0.00000000099999999991 0.35467376258389254895 
0.00000000099999999997 0.40739400228387356862 0.00000000099999999997 0.58846159547061327455 0.00414439824551310863 0.00000000099999999997 0.00000000099999999997 
0.00000000099999999967 0.00000000099999999967 0.99999999400000005867 0.00000000099999999967 0.00000000099999999967 0.00000000099999999967 0.00000000099999999967 
0.00000000099999999962 0.00000000099999999962 0.99999999399999994765 0.00000000099999999962 0.00000000099999999962 0.00000000099999999962 0.00000000099999999962 
0.00000000099999999963 0.00000000099999999963 0.00000000099999999963 0.00000000099999999963 0.00000000099999999963 0.99999999399999994765 0.00000000099999999963 
0.00000000099999999977 0.00000000099999999977 0.00000000099999999977 0.00000000099999999977 0.00000000099999999977 0.00000000099999999977 0.99999999399999994765 
0.00000000099999999974 0.00000000099999999974 0.00000000099999999974 0.00000000099999999974 0.00000000099999999974 0.00000000099999999974 0.99999999400000005867 
0.00000000099999999998 0.36891517665908302170 0.00000000099999999998 0.62752433311162514329 0.00350628746355869346 0.00000000099999999998 0.00005419976573316310 
0.99999999400000016969 0.00000000099999999986 0.00000000099999999986 0.00000000099999999986 0.00000000099999999986 0.00000000099999999986 0.00000000099999999986 
0.00000000099999999974 0.00000000099999999974 0.00000000099999999974 0.00000000099999999974 0.00000000099999999974 0.00000000099999999974 0.99999999399999994765 
0.00000000099999999992 0.99999999400000016969 0.00000000099999999992 0.00000000099999999992 0.00000000099999999992 0.00000000099999999992 0.00000000099999999992 
0.44671482312767174516 0.00000000099999999993 0.00000000099999999993 0.00000000099999999993 0.55328517187232817420 0.00000000099999999993 0.00000000099999999993 
0.00000000099999999978 0.00000000099999999978 0.00000000099999999978 0.00000000099999999978 0.00000000099999999978 0.00000000099999999978 0.99999999400000005867 
0.01156687416580688341 0.48762317510981612045 0.00000000099999999998 0.48764205736998178509 0.00842269229271546370 0.00000000099999999998 0.00474519906167962351 
0.00000000099999999975 0.00000000099999999975 0.00000000099999999975 0.00000000099999999975 0.00000000099999999975 0.00000000099999999975 0.99999999400000005867 
0.99999999400000005867 0.00000000099999999986 0.00000000099999999986 0.00000000099999999986 0.00000000099999999986 0.00000000099999999986 0.00000000099999999986 
0.99999999400000016969 0.00000000099999999983 0.00000000099999999983 0.00000000099999999983 0.00000000099999999983 0.00000000099999999983 0.00000000099999999983 
0.00000000099999999972 0.00000000099999999972 0.00000000099999999972 0.00000000099999999972 0.00000000099999999972 0.00000000099999999972 0.99999999400000005867 
0.00000000099999999974 0.00000000099999999974 0.00000000099999999974 0.00000000099999999974 0.00000000099999999974 0.00000000099999999974 0.99999999400000005867 
0.00000000099999999990 0.00000000099999999990 0.00000000099999999990 0.00000000099999999990 0.99999999400000005867 0.00000000099999999990 0.00000000099999999990 
0.47667780872873927178 0.00000000099999999993 0.00000000099999999993 0.00000000099999999993 0.52332218627126070309 0.00000000099999999993 0.00000000099999999993 
0.52674103551854611904 0.00000000099999999995 0.00000000099999999995 0.00000000099999999995 0.47325895948145402237 0.00000000099999999995 0.00000000099999999995 
0.00000000099999999978 0.00000000099999999978 0.00000000099999999978 0.00000000099999999978 0.00000000099999999978 0.00000000099999999978 0.99999999400000005867 
0.00000000099999999999 0.38900815521004916686 0.00000000099999999999 0.54396167047066457112 0.05067396763854977587 0.00000000099999999999 0.01635620368073650854 
0.00000000099999999998 0.00000000099999999998 0.00000000099999999998 0.97893313160800110584 0.00000000099999999998 0.00000000099999999998 0.02106686339199887251 
0.00000000099999999993 0.99999999400000005867 0.00000000099999999993 0.00000000099999999993 0.00000000099999999993 0.00000000099999999993 0.00000000099999999993 
0.01663399765906614647 0.39104973208781623750 0.00000000099999999999 0.59138237398165183212 0.00000004559848265927 0.00000000099999999999 0.00093384867298313746 
0.51780570077355159153 0.00000000099999999993 0.00000000099999999993 0.00000000099999999993 0.48219429422644854988 0.00000000099999999993 0.00000000099999999993 
0.00000000100000000000 0.24872219942646051072 0.00000079959654124947 0.74204492170908054050 0.00428400023691751820 0.00000000100000000000 0.00494807703100022447 
0.00000000099999999967 0.00000000099999999967 0.99999999399999994765 0.00000000099999999967 0.00000000099999999967 0.00000000099999999967 0.00000000099999999967 
0.00000000099999999995 0.00000000099999999995 0.00000000099999999995 0.99883846356066441352 0.00116153143933547809 0.00000000099999999995 0.00000000099999999995 
0.00000000099999999968 0.00000000099999999968 0.99999999400000005867 0.00000000099999999968 0.00000000099999999968 0.00000000099999999968 0.00000000099999999968 
0.04854365998199326043 0.41486827180809476845 0.00000000099999999999 0.53658806420991189690 0.00000000099999999999 0.00000000099999999999 0.00000000099999999999 
0.00000000099999999973 0.00000000099999999973 0.34589706394022662339 0.00000000099999999973 0.00000000099999999973 0.65410293105977312944 0.00000000099999999973 
0.00000000099999999998 0.29710572097758758403 0.00000000099999999998 0.67954877439006367013 0.02207482614214748354 0.00000000099999999998 0.00127067549020121748 
0.01556400915140847795 0.37744941803506715239 0.00000000100000000000 0.59852459097741239624 0.00160119165713917149 0.00000000100000000000 0.00686078817897286912 
0.00000000099999999988 0.00000000099999999988 0.00000000099999999988 0.00000000099999999988 0.99999999399999994765 0.00000000099999999988 0.00000000099999999988 
0.00000000099999999996 0.40586513143005392701 0.00000000099999999996 0.59413486356994593685 0.00000000099999999996 0.00000000099999999996 0.00000000099999999996 
0.00000000099999999973 0.00000000099999999973 0.37729365118173241456 0.00000000099999999973 0.00000000099999999973 0.62270634381826750481 0.00000000099999999973 
0.00000000099999999968 0.00000000099999999968 0.00000000099999999968 0.00000000099999999968 0.00000000099999999968 0.99999999400000005867 0.00000000099999999968 
0.06134373694473695127 0.37986385129878713629 0.00000000099999999999 0.52130481977644493874 0.02700687264531559384 0.00000000099999999999 0.01048071733471544857 
0.00000000099999999989 0.00000000099999999989 0.00000000099999999989 0.00000000099999999989 0.99999999400000005867 0.00000000099999999989 0.00000000099999999989 
0.00000000099999999978 0.00000000099999999978 0.00000000099999999978 0.00000000099999999978 0.00000000099999999978 0.00000000099999999978 0.99999999399999994765 
0.47779670424991227407 0.00000000099999999993 0.00000000099999999993 0.00000000099999999993 0.52220329075008764530 0.00000000099999999993 0.00000000099999999993 
0.04622418088219948373 0.38599299456117541762 0.00000194296766714761 0.56778008337855723209 0.00000000191850338325 0.00000079529189733312 0.00000000100000000000 
0.00000000099999999965 0.00000000099999999965 0.99999999400000005867 0.00000000099999999965 0.00000000099999999965 0.00000000099999999965 0.00000000099999999965 
0.00000000099999999970 0.00000000099999999970 0.00000000099999999970 0.00000000099999999970 0.00000000099999999970 0.00000000099999999970 0.99999999399999994765 
0.00000000099999999971 0.00000000099999999971 0.00000000099999999971 0.00000000099999999971 0.00000000099999999971 0.99999999400000005867 0.00000000099999999971 
0.00000000099999999997 0.00000000099999999997 0.00000000099999999997 0.99280997848825935925 0.00000000099999999997 0.00000000099999999997 0.00719001651174065032 
0.00000000099999999987 0.00000000099999999987 0.00000000099999999987 0.00000000099999999987 0.99999999399999994765 0.00000000099999999987 0.00000000099999999987 
0.28922945404918398715 0.00000000099999999993 0.00000000099999999993 0.00000000099999999993 0.71077054095081593221 0.00000000099999999993 0.00000000099999999993 
0.24154303443214825142 0.75845696056785172345 0.00000000099999999995 0.00000000099999999995 0.00000000099999999995 0.00000000099999999995 0.00000000099999999995 
0.02200908809426170565 0.33660768270833540949 0.00000000099999999999 0.61950605884308129756 0.00000000099999999999 0.00000000099999999999 0.02187716735432155071 
0.00000000099999999998 0.43107250857463152993 0.00000000099999999998 0.55313970683131774564 0.01578778059405068837 0.00000000099999999998 0.00000000099999999998 
0.00081396663324440521 0.30865023470369767900 0.00000000099999999998 0.66263068789140755488 0.02790510777165044337 0.00000000099999999998 0.00000000099999999998 
0.00000000280381948213 0.34949971455646211549 0.00000000099999999999 0.65046696472179788007 0.00002376613128140629 0.00000000099999999999 0.00000954978663906831 
0.00000000099999999996 0.35294916272392867773 0.00000000099999999996 0.64705083227607118612 0.00000000099999999996 0.00000000099999999996 0.00000000099999999996 
0.01946991866133550644 0.36044985384996208744 0.00000000099999999997 0.62008022348870228679 0.00000000099999999997 0.00000000099999999997 0.00000000099999999997 
0.04066143157865952790 0.27559194829429878304 0.00000000099999999997 0.68004810992424924443 0.00000000099999999997 0.00000000099999999997 0.00369850720279253252 
0.04356996005518599252 0.36674003492220347278 0.00000000099999999999 0.58968998956629015140 0.00000001245632028528 0.00000000099999999999 0.00000000099999999999 
0.48621288067062462535 0.00000000099999999993 0.00000000099999999993 0.00000000099999999993 0.51378711432937518300 0.00000000099999999993 0.00000000099999999993 
0.00000000099999999993 0.00000000099999999993 0.00000000099999999993 0.00000000099999999993 0.99999999400000005867 0.00000000099999999993 0.00000000099999999993 
0.00000000099999999983 0.00000000099999999983 0.40483066642844767191 0.00000000099999999983 0.00000000099999999983 0.59516932857155224745 0.00000000099999999983 
0.48373597468835860536 0.00000000099999999995 0.00000000099999999995 0.00000000099999999995 0.51626402031164131401 0.00000000099999999995 0.00000000099999999995 
0.99999999400000016969 0.00000000099999999988 0.00000000099999999988 0.00000000099999999988 0.00000000099999999988 0.00000000099999999988 0.00000000099999999988 
0.02674215266457322451 0.37275419378721619257 0.00000000099999999998 0.59214265684454259198 0.00140435987718880314 0.00000000099999999998 0.00695663482647912793 
0.00000000099999999962 0.00000000099999999962 0.00000000099999999962 0.00000000099999999962 0.00000000099999999962 0.99999999399999994765 0.00000000099999999962 
0.00000000099999999999 0.45300547597262086352 0.00000000099999999999 0.54491160233992930184 0.00000000099999999999 0.00000000099999999999 0.00208291768744988358 
0.00000000099999999997 0.00000000099999999997 0.00000000099999999997 0.98584890243883260830 0.01415109256116737178 0.00000000099999999997 0.00000000099999999997 
0.00594426704803332519 0.37322177117185795225 0.00105579689120415313 0.61346661322884699086 0.00000231831864372576 0.00011296143840176756 0.00619627190301202252 
0.04977367603289958170 0.31682684165780772290 0.00000000099999999999 0.63271132083392012113 0.00000000099999999999 0.00000000099999999999 0.00068815847537263006 
0.00116503225673542554 0.47155805405957235132 0.00006410552803983957 0.52721276161382213399 0.00000004454183019603 0.00000000099999999999 0.00000000099999999999 
0.00000000099999999999 0.47334153572699100287 0.00000000099999999999 0.48510482970585439011 0.04155363056715469239 0.00000000099999999999 0.00000000099999999999 
0.00357222276029027118 0.41365104416880482674 0.00000000099999999999 0.58013980247707841453 0.00000000099999999999 0.00000000099999999999 0.00263692759382659018 
0.00000000099999999999 0.46150987866615550415 0.00000000099999999999 0.51694062401259832651 0.01499824445855139042 0.00000000099999999999 0.00655124986269464433 
0.00000000100000000000 0.35971002761773995804 0.00382035674802193607 0.58536188570065716963 0.02187654561184575880 0.00000000100000000000 0.02923118232173528910 
0.01456975462874161333 0.34991289934724578714 0.00000000099999999999 0.62404010768835871392 0.00000000099999999999 0.00000000099999999999 0.01147723533565397219 
0.00714947728235026513 0.31284089883555005196 0.00000000099999999997 0.68000961988209951414 0.00000000099999999997 0.00000000099999999997 0.00000000099999999997 
0.00000000100000000000 0.27043083899334263709 0.00000000100000000000 0.67059616630099472268 0.03320473940242077426 0.00000005901160466915 0.02576819429163702824 
0.00039416790043710650 0.39971007423554677507 0.00000000099999999997 0.58944849943580679419 0.00000000099999999997 0.00000000099999999997 0.01044725542820945305 
0.00000000099999999997 0.00000000099999999997 0.00000000099999999997 0.99999999399999994765 0.00000000099999999997 0.00000000099999999997 0.00000000099999999997 
0.00000000099999999999 0.24721763835739504755 0.00000000099999999999 0.74873349806866806855 0.00404820896592697922 0.00000000099999999999 0.00000065160800980034 
0.04338531747665922561 0.38036467046508881662 0.00000000099999999998 0.57625000805825199457 0.00000000099999999998 0.00000000099999999998 0.00000000099999999998 
0.02229590322393813426 0.40949526355207876982 0.00000000099999999999 0.56196829074841836427 0.00000003193948139817 0.00000000099999999999 0.00624050853608346980 
0.00000000099999999998 0.44960356816354274390 0.00000000099999999998 0.50234389225500997167 0.04805253558144712694 0.00000000099999999998 0.00000000099999999998 
0.00092258377860432699 0.48921925474703109593 0.00000000099999999999 0.50979041557208015778 0.00006774290228457953 0.00000000099999999999 0.00000000099999999999 
0.00000000099999999993 0.99999999400000005867 0.00000000099999999993 0.00000000099999999993 0.00000000099999999993 0.00000000099999999993 0.00000000099999999993 
0.00238375719099773262 0.29217711992968758983 0.07297607127360344892 0.60451050402713657483 0.02788734127428586437 0.00000000100000000000 0.00006520530428895423 
0.00000000099999999997 0.48151434787446367736 0.00000000099999999997 0.51007253849968736681 0.00841310962584888335 0.00000000099999999997 0.00000000099999999997 
0.03071843652672907876 0.44142416373014181641 0.00000000099999999996 0.52785739574312906530 0.00000000099999999996 0.00000000099999999996 0.00000000099999999996 
0.00000000099999999996 0.54765838257984333914 0.00000000099999999996 0.42035976633551258574 0.03198184708464416742 0.00000000099999999996 0.00000000099999999996 
0.00000000099999999998 0.31194114710822828940 0.00000000099999999998 0.66420441859483558833 0.00805184575708770695 0.00000000099999999998 0.01580258553984832323 
0.02280730278055800864 0.33966552849777476020 0.00000000099999999997 0.63752714086877915189 0.00000002485288815452 0.00000000099999999997 0.00000000099999999997 
0.00819743488766648543 0.53454742850075398497 0.00014901818521728612 0.45509799566889219680 0.00000000100000000000 0.00000000100000000000 0.00200812075747010483 
0.02334356719284683829 0.48307364693512216958 0.00000000099999999998 0.49143960254808716215 0.00000000099999999998 0.00000000099999999998 0.00214318032394406749 
0.00000000099999999995 0.00000000099999999995 0.00000000099999999995 0.99999999399999994765 0.00000000099999999995 0.00000000099999999995 0.00000000099999999995 
0.05002235089827143655 0.15638458851685538287 0.00000000099999999996 0.79359305658487311330 0.00000000099999999996 0.00000000099999999996 0.00000000099999999996 
0.48903373389151783002 0.00000000099999999992 0.00000000099999999992 0.00000000099999999992 0.51096626110848208935 0.00000000099999999992 0.00000000099999999992 
0.54277472958352579457 0.00000000099999999996 0.00000000099999999996 0.00000000099999999996 0.45722526541647440235 0.00000000099999999996 0.00000000099999999996 
0.00000000099999999970 0.00000000099999999970 0.00000000099999999970 0.00000000099999999970 0.00000000099999999970 0.99999999400000005867 0.00000000099999999970 
0.00000000099999999971 0.00000000099999999971 0.00000000099999999971 0.00000000099999999971 0.00000000099999999971 0.00000000099999999971 0.99999999400000005867 
0.44574833487615533878 0.00613617071817793274 0.00000000099999999999 0.03690811767044602232 0.47278442105577572763 0.00000000099999999999 0.03842295367944480178 
0.02375504714895718128 0.20797693360127950113 0.00000000099999999997 0.76826801524976329194 0.00000000099999999997 0.00000000099999999997 0.00000000099999999997 
0.00000000099999999997 0.00000000099999999997 0.00000000099999999997 0.99636727343660314027 0.00363272156339678040 0.00000000099999999997 0.00000000099999999997 
0.47729314037095216250 0.00000000099999999997 0.00000000099999999997 0.00000000099999999997 0.52270685462904775687 0.00000000099999999997 0.00000000099999999997 
0.03553221060708830481 0.28592520637317375698 0.00000000099999999998 0.67854257901973791256 0.00000000099999999998 0.00000000099999999998 0.00000000099999999998 
0.01139041097704194573 0.37409394015247821041 0.00000000099999999996 0.60367886596890474316 0.00000000099999999996 0.00000000099999999996 0.01083677990157515085 
0.00000000099999999998 0.54392425116951570452 0.00000000099999999998 0.45607567097583140425 0.00000000099999999998 0.00000000099999999998 0.00000007385465303271 
0.00000000099999999970 0.00000000099999999970 0.65289889943163370578 0.00000000099999999970 0.00000000099999999970 0.34710109556836626910 0.00000000099999999970 
0.00000000099999999965 0.00000000099999999965 0.00000000099999999965 0.00000000099999999965 0.00000000099999999965 0.99999999400000005867 0.00000000099999999965 
0.00000000099999999962 0.00000000099999999962 0.99999999400000005867 0.00000000099999999962 0.00000000099999999962 0.00000000099999999962 0.00000000099999999962 
0.00000000099999999964 0.00000000099999999964 0.00000000099999999964 0.00000000099999999964 0.00000000099999999964 0.99999999400000005867 0.00000000099999999964 
0.00000000099999999963 0.00000000099999999963 0.99999999399999994765 0.00000000099999999963 0.00000000099999999963 0.00000000099999999963 0.00000000099999999963 
0.00000000099999999992 0.00000000099999999992 0.00000000099999999992 0.00000000099999999992 0.99999999399999994765 0.00000000099999999992 0.00000000099999999992 
0.01105461189221303153 0.43711961665101001229 0.00000000099999999999 0.54124275598636850670 0.00000000099999999999 0.00000000099999999999 0.01058301247040844065 
0.00000000099999999969 0.00000000099999999969 0.36995447212922033531 0.00000000099999999969 0.00000000099999999969 0.63004552287077941752 0.00000000099999999969 
0.00000000099999999973 0.00000000099999999973 0.40947060646450167409 0.00000000099999999973 0.00000000099999999973 0.59052938853549818976 0.00000000099999999973 
0.00000000099999999970 0.00000000099999999970 0.00000000099999999970 0.00000000099999999970 0.00000000099999999970 0.00000000099999999970 0.99999999400000005867 
0.00000000099999999970 0.00000000099999999970 0.00000000099999999970 0.00000000099999999970 0.00000000099999999970 0.00000000099999999970 0.99999999400000005867 
0.00000000099999999991 0.99999999400000005867 0.00000000099999999991 0.00000000099999999991 0.00000000099999999991 0.00000000099999999991 0.00000000099999999991 
0.00000000099999999964 0.00000000099999999964 0.00000000099999999964 0.00000000099999999964 0.00000000099999999964 0.99999999399999994765 0.00000000099999999964 
0.03682609805393289443 0.32552359123155039100 0.00000000099999999999 0.63765030671451672362 0.00000000099999999999 0.00000000099999999999 0.00000000099999999999 
0.00000000099999999998 0.43481531020844066404 0.00000000099999999998 0.56518468479155914430 0.00000000099999999998 0.00000000099999999998 0.00000000099999999998 
0.43262063449565368867 0.03136442079678896516 0.00000000099999999997 0.00000000099999999997 0.53601494070755728583 0.00000000099999999997 0.00000000099999999997 
0.01857972323736459958 0.29864379270531116184 0.00000000099999999997 0.68277527314742558762 0.00000120790989858493 0.00000000099999999997 0.00000000099999999997 
0.00000000099999999988 0.00000000099999999988 0.00000000099999999988 0.00000000099999999988 0.99999999399999994765 0.00000000099999999988 0.00000000099999999988 
0.00025481763207232374 0.51620220343697387211 0.00000000099999999998 0.45996088217494063288 0.02128537668394519730 0.00000000099999999998 0.00229671807206804088 
0.99999999400000016969 0.00000000099999999984 0.00000000099999999984 0.00000000099999999984 0.00000000099999999984 0.00000000099999999984 0.00000000099999999984 
0.02300835060138705854 0.39394531289883510938 0.00000000099999999999 0.56669329118451916560 0.00000000099999999999 0.00000000099999999999 0.01635304231525862989 
0.00000000099999999999 0.27670228202504665305 0.00000000099999999999 0.70544634646586290572 0.00455617574332461799 0.00000000099999999999 0.01329519276576563401 
0.00000000099999999968 0.00000000099999999968 0.00000000099999999968 0.00000000099999999968 0.00000000099999999968 0.99999999400000005867 0.00000000099999999968 
0.99999999400000016969 0.00000000099999999984 0.00000000099999999984 0.00000000099999999984 0.00000000099999999984 0.00000000099999999984 0.00000000099999999984 
0.00000000099999999968 0.00000000099999999968 0.32496897759333115419 0.00000000099999999968 0.00000000099999999968 0.67503101740666882069 0.00000000099999999968 
0.00000000099999999963 0.00000000099999999963 0.99999999400000005867 0.00000000099999999963 0.00000000099999999963 0.00000000099999999963 0.00000000099999999963 
0.00000000099999999992 0.99999999400000005867 0.00000000099999999992 0.00000000099999999992 0.00000000099999999992 0.00000000099999999992 0.00000000099999999992 
0.00000000099999999997 0.38071588544581924651 0.00000000099999999997 0.58411338178309468727 0.03517072877108591566 0.00000000099999999997 0.00000000099999999997 
0.00000000099999999997 0.33293952999922687974 0.00000000099999999997 0.65412018003269778443 0.01294028596807510201 0.00000000099999999997 0.00000000099999999997 
0.00000000099999999998 0.40621054398098510596 0.00000000099999999998 0.58440627102943143445 0.00772206524166815875 0.00000000099999999998 0.00166111674791539501 
0.01657103422562220332 0.45368715022345340593 0.00000000099999999998 0.51966206095670186560 0.00000000099999999998 0.00000000099999999998 0.01007975159422262561 
0.00000000099999999997 0.36233915384576070862 0.00000000099999999997 0.60273323876687379119 0.02792919175348085661 0.00000000099999999997 0.00699841263388459658 
0.00000000099999999998 0.27211686614452595956 0.00000000099999999998 0.72788312885547390430 0.00000000099999999998 0.00000000099999999998 0.00000000099999999998 
0.00000000099999999994 0.00000000099999999994 0.00000000099999999994 0.00000000099999999994 0.99999999399999994765 0.00000000099999999994 0.00000000099999999994 
0.00000000099999999994 0.00000000099999999994 0.00000000099999999994 0.99999999400000005867 0.00000000099999999994 0.00000000099999999994 0.00000000099999999994 
0.00000000099999999964 0.00000000099999999964 0.99999999400000005867 0.00000000099999999964 0.00000000099999999964 0.00000000099999999964 0.00000000099999999964 
0.00000000099999999999 0.31344520294902311619 0.00000000099999999999 0.67767788357207869865 0.00887690947889815951 0.00000000099999999999 0.00000000099999999999 
0.00000000099999999985 0.00000000099999999985 0.99999999400000005867 0.00000000099999999985 0.00000000099999999985 0.00000000099999999985 0.00000000099999999985 
0.00000000099999999973 0.00000000099999999973 0.41596703308716059810 0.00000000099999999973 0.00000000099999999973 0.58403296191283926575 0.00000000099999999973 
0.04051408588805235911 0.36164541032643782170 0.00000000099999999998 0.59784049978550990456 0.00000000099999999998 0.00000000099999999998 0.00000000099999999998 
0.00000000099999999996 0.00000000099999999996 0.00000000099999999996 0.99999999399999994765 0.00000000099999999996 0.00000000099999999996 0.00000000099999999996 
0.01913391831612503216 0.58564746226689601283 0.00000000099999999998 0.39521861541697900222 0.00000000099999999998 0.00000000099999999998 0.00000000099999999998 
0.00000000099999999976 0.00000000099999999976 0.42328015056694906493 0.00000000099999999976 0.00000000099999999976 0.57671984443305090995 0.00000000099999999976 
0.00000000099999999991 0.00000000099999999991 0.00000000099999999991 0.00000000099999999991 0.99999999399999994765 0.00000000099999999991 0.00000000099999999991 
0.00000000099999999990 0.00000000099999999990 0.00000000099999999990 0.00000000099999999990 0.99999999399999994765 0.00000000099999999990 0.00000000099999999990 
0.00000000099999999967 0.00000000099999999967 0.99999999399999994765 0.00000000099999999967 0.00000000099999999967 0.00000000099999999967 0.00000000099999999967 
0.02351356847904492731 0.33479376874769573025 0.00000000099999999999 0.63619615098818405041 0.00000000099999999999 0.00000000099999999999 0.00549650878507538208 
0.05090599860602752769 0.49161629956057517621 0.00000000099999999999 0.44516804435823609243 0.00000001291200496052 0.00000000099999999999 0.01230964256315625859 
0.00000000099999999967 0.00000000099999999967 0.00000000099999999967 0.00000000099999999967 0.00000000099999999967 0.99999999400000005867 0.00000000099999999967 
0.00000000099999999997 0.47120080868566954768 0.00000000099999999997 0.51503541590610635303 0.01059885325381531088 0.00000000099999999997 0.00316491915440862866 
0.00000000099999999989 0.00000000099999999989 0.00000000099999999989 0.00000000099999999989 0.99999999399999994765 0.00000000099999999989 0.00000000099999999989 
0.00000000100000000000 0.53108385012824432803 0.00000000100000000000 0.00002689442888265236 0.24227588888482540219 0.11171449710444136816 0.11489886745360632092 
0.00000000099999999998 0.00000000099999999998 0.00000000099999999998 0.97886825954853795562 0.02113173545146194987 0.00000000099999999998 0.00000000099999999998 
0.05175045037671070075 0.27320708866794085612 0.00000000099999999998 0.66437652917206024838 0.00000000099999999998 0.00000000099999999998 0.01066592878328820153 
0.00007966389613171435 0.24168056214387301228 0.00000000099999999998 0.74277776458696198603 0.00094431434112043401 0.00000000099999999998 0.01451769303191283167 
0.00000000099999999997 0.50265774123480633229 0.00000000099999999997 0.48567643434711271766 0.00061832378070050874 0.00000000099999999997 0.01104749763738039833 
0.00000000099999999998 0.48035956833843035385 0.00000000099999999998 0.51964016131789780850 0.00000000099999999998 0.00000000099999999998 0.00000026634367186229 
0.00000212441918408546 0.32685706069002667951 0.00000000099999999998 0.65987262718435235609 0.01326818470643683495 0.00000000099999999998 0.00000000099999999998 
0.00000000630201518657 0.48513662195855528081 0.00000000099999999998 0.49413547272309693570 0.00977306532328805176 0.00000000099999999998 0.01095483169304455745 
0.00000000100000000000 0.52441646774221117866 0.00027468782003056311 0.44465699635904587517 0.02783481997019824836 0.00281632226517223834 0.00000070484334187693 
0.48178911494718035247 0.00000000099999999994 0.00000000099999999994 0.00000000099999999994 0.51821088005281956690 0.00000000099999999994 0.00000000099999999994 
0.03591562793146638177 0.34305551084906044101 0.00000000099999999997 0.61393753019629082601 0.00000000099999999997 0.00000000099999999997 0.00709132802318231635 
0.00000000099999999998 0.33342141043003070688 0.00000000099999999998 0.66149850252100550474 0.00000000099999999998 0.00000000099999999998 0.00508008304896383905 
0.00097579080443903018 0.32099596581909112247 0.00000000099999999999 0.62552722415638928322 0.05156167396485134696 0.00000000099999999999 0.00093934325522936209 
0.00000000099999999995 0.00000000099999999995 0.00000000099999999995 0.99999777748228435570 0.00000221751771558731 0.00000000099999999995 0.00000000099999999995 
0.00000000099999999997 0.00000000099999999997 0.00000000099999999997 0.96123049763060985917 0.03876949736939022673 0.00000000099999999997 0.00000000099999999997 
0.00000000099999999994 0.00000000099999999994 0.00000000099999999994 0.99999999399999994765 0.00000000099999999994 0.00000000099999999994 0.00000000099999999994 
0.00022299486953392597 0.40694380337933916403 0.00000000099999999999 0.57604730376402124570 0.01678589498710557695 0.00000000099999999999 0.00000000099999999999 
0.00000000099999999994 0.00000000099999999994 0.00000000099999999994 0.00000000099999999994 0.99999999400000005867 0.00000000099999999994 0.00000000099999999994 
0.00000000099999999998 0.41080557825508828840 0.00000000099999999998 0.54855511647165922096 0.02492389238411623145 0.00000000099999999998 0.01571540988913636833 
0.01376937290576521651 0.41253933913080825802 0.00000000099999999998 0.56332576092062902617 0.00000007243664438473 0.00000000099999999998 0.01036545260615308675 
0.02372835375851992806 0.35300226604893586435 0.00000000492919667025 0.61314885540783947704 0.00000000100000000000 0.01012051785550808700 0.00000000100000000000 
0.99999999400000016969 0.00000000099999999990 0.00000000099999999990 0.00000000099999999990 0.00000000099999999990 0.00000000099999999990 0.00000000099999999990 
0.01670345553277535061 0.29581234825989649595 0.00000003522673651280 0.65539440064481624404 0.01282979037318327138 0.01925996896259200147 0.00000000100000000000 
0.01606041305910316935 0.37606768828832665141 0.00000000099999999999 0.60034590013993638369 0.00000001774184231594 0.00000000099999999999 0.00752597877079153824 
0.20180083965436812488 0.29114681956235405336 0.00000000099999999998 0.21791755455631184324 0.28185591932848436114 0.00000000099999999998 0.00727886489848168696 
0.03239002869165540782 0.38733143538453634891 0.00000000099999999997 0.58027853192380818292 0.00000000099999999997 0.00000000099999999997 0.00000000099999999997 
0.00000000099999999969 0.00000000099999999969 0.99999999400000005867 0.00000000099999999969 0.00000000099999999969 0.00000000099999999969 0.00000000099999999969 
0.02854073654053804546 0.43176728910726674959 0.00000000099999999999 0.52430691580820676378 0.00000000099999999999 0.00000000099999999999 0.01538505554398835601 
0.00001470942818976238 0.53624684412855960769 0.00000000099999999998 0.44036816512129212109 0.02337027832195847157 0.00000000099999999998 0.00000000099999999998 
