0.00000000099999999999 0.25471617911069993623 0.73812892728080492510 0.00000000099999999999 0.00000000099999999999 0.00715489060849528423 
0.00000000099999999995 0.00000000099999999995 0.00000000099999999995 0.99999999500000003039 0.00000000099999999995 0.00000000099999999995 
0.00000000099999999995 0.00000000099999999995 0.00000000099999999995 0.99999999500000003039 0.00000000099999999995 0.00000000099999999995 
0.37799494715800774358 0.06559164105579576298 0.51923224006712853651 0.03472923559122766818 0.00000000099999999999 0.00245193512784022422 
0.22587335250497525552 0.06367275443089610854 0.69847074208840898013 0.00000000099999999999 0.00000000099999999999 0.01198314897571982167 
0.33308263601214110894 0.24760787354895463785 0.40817482215223827025 0.01113466628666609851 0.00000000099999999999 0.00000000099999999999 
0.00000000099999999996 0.00000000099999999996 0.00000000099999999996 0.99999999499999991937 0.00000000099999999996 0.00000000099999999996 
0.00000000099999999994 0.00000000099999999994 0.00000000099999999994 0.99999999500000003039 0.00000000099999999994 0.00000000099999999994 
0.50179125480303576889 0.00000003420473007059 0.47449581543552871166 0.00717406973510867178 0.00000000099999999999 0.01653882482159694037 
0.00000000099999999995 0.00000000099999999995 0.00000000099999999995 0.99999999500000003039 0.00000000099999999995 0.00000000099999999995 
0.32232695484469614522 0.13533611016596988619 0.52282976475074272038 0.01202979748541019300 0.00000000099999999999 0.00747737175318109997 
0.35993959828635496700 0.16960070077676159261 0.45507728367346877985 0.01146893999305225072 0.00000000099999999999 0.00391347627036251443 
0.56223091332872676684 0.09132287532393476570 0.34226010387149186087 0.00000000099999999999 0.00000000099999999999 0.00418610547584659549 
0.43246830996885071707 0.23616359490704288970 0.32453261948860068209 0.00000000099999999999 0.00000000099999999999 0.00683547363550592296 
0.00000000099999999998 0.00000000099999999998 0.99915602048921814404 0.00000000099999999998 0.00000000099999999998 0.00084397551078183009 
0.30855265202232678989 0.16449489313068543783 0.44970455528974523363 0.05047906247842302158 0.00000000099999999999 0.02676883607881955576 
0.00000000099999999997 0.00000000099999999997 0.99999999500000003039 0.00000000099999999997 0.00000000099999999997 0.00000000099999999997 
0.42596963533966847315 0.27391738799049575315 0.30011297366983585855 0.00000000099999999998 0.00000000099999999998 0.00000000099999999998 
0.45877397935307817622 0.00534319658642615474 0.52060296196318334161 0.00000000100000000000 0.00626323001565718546 0.00901663108165523877 
0.00000000099999999996 0.00000000099999999996 0.99999999499999991937 0.00000000099999999996 0.00000000099999999996 0.00000000099999999996 
0.44141958918151102953 0.14555556726728241523 0.41302484055120647355 0.00000000099999999999 0.00000000099999999999 0.00000000099999999999 
0.00000000099999999997 0.00297733914400616882 0.00000000099999999997 0.99702265685599378298 0.00000000099999999997 0.00000000099999999997 
0.30086965693797729227 0.09652289864457237745 0.57744534467116992449 0.02516209774628052481 0.00000000099999999999 0.00000000099999999999 
0.99999999500000003039 0.00000000099999999990 0.00000000099999999990 0.00000000099999999990 0.00000000099999999990 0.00000000099999999990 
0.18651771410664033657 0.18424455438768963522 0.60726773230450004082 0.02196999720117001273 0.00000000099999999998 0.00000000099999999998 
0.00000000099999999996 0.00000000099999999996 0.99999999500000003039 0.00000000099999999996 0.00000000099999999996 0.00000000099999999996 
0.00000000099999999979 0.00000000099999999979 0.00000000099999999979 0.00000000099999999979 0.00000000099999999979 0.99999999499999991937 
0.00000000099999999975 0.00000000099999999975 0.00000000099999999975 0.00000000099999999975 0.00000000099999999975 0.99999999500000003039 
0.33271572831953105664 0.22194408648519917127 0.44533681638250410817 0.00000000099999999999 0.00000000099999999999 0.00000336681276572119 
0.50797597979224029530 0.00000000099999999999 0.48429676349676914482 0.00000000099999999999 0.00000000099999999999 0.00772725371099068723 
0.00000000099999999985 0.99999999500000003039 0.00000000099999999985 0.00000000099999999985 0.00000000099999999985 0.00000000099999999985 
0.00089322816869145938 0.00000000099999999997 0.00000000099999999997 0.99910676783130858425 0.00000000099999999997 0.00000000099999999997 
0.44826145306180742445 0.00000000099999999994 0.00000000099999999994 0.19400879891663530552 0.00000000099999999994 0.35772974502155713283 
0.42028882219508467699 0.14608232690966355127 0.43362884789525185658 0.00000000099999999998 0.00000000099999999998 0.00000000099999999998 
0.00000000099999999975 0.00000000099999999975 0.00000000099999999975 0.00000000099999999975 0.99999999500000003039 0.00000000099999999975 
0.00000000099999999969 0.00000000099999999969 0.00000000099999999969 0.00000000099999999969 0.99999999500000003039 0.00000000099999999969 
0.00000000099999999969 0.00000000099999999969 0.00000000099999999969 0.00000000099999999969 0.99999999500000003039 0.00000000099999999969 
0.00000000099999999980 0.00000000099999999980 0.00000000099999999980 0.00000000099999999980 0.00000000099999999980 0.99999999500000003039 
0.00000000099999999977 0.00000000099999999977 0.00000000099999999977 0.00000000099999999977 0.00000000099999999977 0.99999999500000003039 
0.41223198124187693248 0.15915595623812003878 0.42861205952000314134 0.00000000099999999998 0.00000000099999999998 0.00000000099999999998 
0.00000000099999999997 0.00000000099999999997 0.00000000099999999997 0.99999999500000003039 0.00000000099999999997 0.00000000099999999997 
0.00000000099999999978 0.00000000099999999978 0.00000000099999999978 0.00000000099999999978 0.00000000099999999978 0.99999999500000003039 
0.39447742057517276582 0.00000000099999999999 0.57662758715606143856 0.02094058849673392439 0.00000000099999999999 0.00795440177203196770 
0.00000000099999999994 0.00000000099999999994 0.00000000099999999994 0.99999999499999991937 0.00000000099999999994 0.00000000099999999994 
0.00000000099999999981 0.00000000099999999981 0.00000000099999999981 0.00000000099999999981 0.00000000099999999981 0.99999999499999991937 
0.46325463116832715782 0.00000000108143563506 0.51883756021586213691 0.01147604845260617214 0.00000000099999999999 0.00643175808176895542 
0.00000000099999999978 0.00000000099999999978 0.00000000099999999978 0.00000000099999999978 0.00000000099999999978 0.99999999499999991937 
0.00000000099999999996 0.00000000099999999996 0.00000000099999999996 0.99999999499999991937 0.00000000099999999996 0.00000000099999999996 
0.00000000099999999993 0.00000000099999999993 0.00000000099999999993 0.99999999500000003039 0.00000000099999999993 0.00000000099999999993 
0.00000000099999999975 0.00000000099999999975 0.00000000099999999975 0.00000000099999999975 0.00000000099999999975 0.99999999500000003039 
0.00000000099999999977 0.00000000099999999977 0.00000000099999999977 0.00000000099999999977 0.00000000099999999977 0.99999999500000003039 
0.00000000099999999996 0.00000000099999999996 0.00000000099999999996 0.99999999499999991937 0.00000000099999999996 0.00000000099999999996 
0.00000000099999999996 0.00000000099999999996 0.00000000099999999996 0.99999999499999991937 0.00000000099999999996 0.00000000099999999996 
0.00300123084001061762 0.00000000099999999996 0.00000000099999999996 0.99699876515998930859 0.00000000099999999996 0.00000000099999999996 
0.00000000099999999981 0.00000000099999999981 0.00000000099999999981 0.00000000099999999981 0.00000000099999999981 0.99999999500000003039 
0.53741649885984044133 0.11907346669626703295 0.29347824334984479178 0.03812920100846219074 0.00000000100000000000 0.01190258908558571548 
0.26063665696463089727 0.17698687985037847570 0.54024289554113780198 0.00000000099999999999 0.00000000099999999999 0.02213356564385283651 
0.34013013653171852990 0.10987106910541366567 0.53048938995428474019 0.01950940240858320754 0.00000000099999999999 0.00000000099999999999 
0.39254203856161773434 0.21141727262965892553 0.39604068580872325844 0.00000000099999999999 0.00000000099999999999 0.00000000099999999999 
0.00000000099999999995 0.00000000099999999995 0.00000000099999999995 0.99999999499999991937 0.00000000099999999995 0.00000000099999999995 
0.30705022807450993438 0.06342117686464043835 0.62305415481641424069 0.00000000100000000000 0.00000000100000000000 0.00647443824443538329 
0.00000000099999999973 0.00000000099999999973 0.00000000099999999973 0.00000000099999999973 0.99999999499999991937 0.00000000099999999973 
0.34308273659289167945 0.05781841306474732461 0.58608181273683146451 0.00721230802207043983 0.00000000099999999998 0.00580472858345907044 
0.00000000099999999974 0.00000000099999999974 0.00000000099999999974 0.00000000099999999974 0.99999999499999991937 0.00000000099999999974 
0.38434731150984358106 0.00000000099999999999 0.58072139633768327105 0.03493128915247303151 0.00000000099999999999 0.00000000099999999999 
0.00000000099999999974 0.00000000099999999974 0.00000000099999999974 0.00000000099999999974 0.99999999499999991937 0.00000000099999999974 
0.33355843404862289825 0.29808224542339289975 0.36835931752798428684 0.00000000099999999998 0.00000000099999999998 0.00000000099999999998 
0.99999999500000003039 0.00000000099999999996 0.00000000099999999996 0.00000000099999999996 0.00000000099999999996 0.00000000099999999996 
0.00000000099999999994 0.00000000099999999994 0.00000000099999999994 0.99999999499999991937 0.00000000099999999994 0.00000000099999999994 
0.34593337396723689015 0.09827800183757808006 0.55578862119518501750 0.00000000099999999998 0.00000000099999999998 0.00000000099999999998 
0.00000000099999999975 0.00000000099999999975 0.00000000099999999975 0.00000000099999999975 0.99999999500000003039 0.00000000099999999975 
0.00000000099999999976 0.00000000099999999976 0.00000000099999999976 0.00000000099999999976 0.99999999500000003039 0.00000000099999999976 
0.00000000099999999998 0.26362687063370437990 0.66918899567220702096 0.06718413069408864235 0.00000000099999999998 0.00000000099999999998 
0.00000000099999999994 0.00000000099999999994 0.00000000099999999994 0.99999999499999991937 0.00000000099999999994 0.00000000099999999994 
0.00000000099999999981 0.00000000099999999981 0.00000000099999999981 0.00000000099999999981 0.00000000099999999981 0.99999999500000003039 
0.00000000099999999995 0.00000000099999999995 0.00000000099999999995 0.99999999500000003039 0.00000000099999999995 0.00000000099999999995 
0.32082232403839633372 0.24000546732508504233 0.41438101458443921121 0.02479119205207932011 0.00000000099999999999 0.00000000099999999999 
0.00000000099999999972 0.00000000099999999972 0.00000000099999999972 0.00000000099999999972 0.99999999500000003039 0.00000000099999999972 
0.00000000099999999973 0.00000000099999999973 0.00000000099999999973 0.00000000099999999973 0.00000000099999999973 0.99999999500000003039 
0.00000000099999999978 0.00000000099999999978 0.00000000099999999978 0.00000000099999999978 0.99999999500000003039 0.00000000099999999978 
0.00000000099999999998 0.00000000099999999998 0.99500986215941444879 0.00000000099999999998 0.00000000099999999998 0.00499013384058559321 
0.00000000099999999993 0.00000000099999999993 0.00000000099999999993 0.99999999500000003039 0.00000000099999999993 0.00000000099999999993 
0.00000000099999999995 0.00000000099999999995 0.00000000099999999995 0.99999999499999991937 0.00000000099999999995 0.00000000099999999995 
0.77285740685248172088 0.00000000099999999997 0.00000000099999999997 0.22714258914751830898 0.00000000099999999997 0.00000000099999999997 
0.17038692846813041637 0.14063518778707936874 0.66833806751415747449 0.00177221162584977011 0.00000000099999999999 0.01886760360478292181 
0.00000000099999999996 0.35576836287761082200 0.64423163312238918010 0.00000000099999999996 0.00000000099999999996 0.00000000099999999996 
0.37122271369257164864 0.20603683186365126523 0.41326359078090468824 0.00947686166287233997 0.00000000099999999998 0.00000000099999999998 
0.26180716567072886969 0.20796691664296867996 0.53022591468630242417 0.00000000099999999999 0.00000000099999999999 0.00000000099999999999 
0.26675082711293018889 0.15054239932522123224 0.58270677056184860820 0.00000000099999999997 0.00000000099999999997 0.00000000099999999997 
0.99999999500000003039 0.00000000099999999995 0.00000000099999999995 0.00000000099999999995 0.00000000099999999995 0.00000000099999999995 
0.46956288762266795711 0.06933440798790871384 0.44923618797367037558 0.00810469359336626720 0.00000000099999999999 0.00376182182238664559 
0.42229688494653205844 0.00000000099999999999 0.54338485381184331580 0.03431825824162444694 0.00000000099999999999 0.00000000099999999999 
0.00000000099999999996 0.00000000099999999996 0.00000000099999999996 0.99999999499999991937 0.00000000099999999996 0.00000000099999999996 
0.00000000099999999998 0.00000000099999999998 0.01116699078511343250 0.98883300521488659562 0.00000000099999999998 0.00000000099999999998 
0.00000000099999999984 0.00000000099999999984 0.00000000099999999984 0.00000000099999999984 0.99999999500000003039 0.00000000099999999984 
0.00000000099999999997 0.00000000099999999997 0.00000000099999999997 0.99999999500000003039 0.00000000099999999997 0.00000000099999999997 
0.00000000099999999997 0.03074909733538984391 0.00000000099999999997 0.96925089866461011656 0.00000000099999999997 0.00000000099999999997 
0.48298117911699989246 0.15916807963642617962 0.34349646021917062955 0.01212227864989840961 0.00000000099999999999 0.00223200137750494826 
0.00000000099999999968 0.00000000099999999968 0.00000000099999999968 0.00000000099999999968 0.99999999499999991937 0.00000000099999999968 
0.39517879916272652396 0.17038616889518193309 0.43443489713218663706 0.00000000099999999999 0.00000000099999999999 0.00000013280990495057 
0.34520922503129003456 0.24437729810411093490 0.40917878643736516064 0.00123468842723388960 0.00000000099999999999 0.00000000099999999999 
0.35479138394350656638 0.12164747882230358966 0.51834677621424629645 0.00000000100000000000 0.00000000100000000000 0.00521435901994364050 
0.39344609110073269775 0.13342180821003873925 0.45228373870266874723 0.01863490892834003890 0.00000000100000000000 0.00221345205821981295 
0.50715014690382675955 0.00000000099999999999 0.49284984909617318705 0.00000000099999999999 0.00000000099999999999 0.00000000099999999999 
0.38921284379021525712 0.04065722114842242052 0.53319297121966846564 0.03693696184169389246 0.00000000100000000000 0.00000000100000000000 
0.00000000099999999998 0.00000000099999999998 0.99999999499999991937 0.00000000099999999998 0.00000000099999999998 0.00000000099999999998 
0.36048471483671951088 0.15446506746026553158 0.47606051670143506582 0.00487439050251148483 0.00000000099999999999 0.00411530949906840741 
0.48656204538369041135 0.00000000100000000000 0.47426727329688073143 0.00557752269746003473 0.00186743743969949513 0.03172572018226926110 
0.31629158247088851041 0.27893473655110406773 0.40094536980490702582 0.00000000099999999999 0.00000000099999999999 0.00382830917310038538 
0.00000000099999999994 0.00000000099999999994 0.99999999500000003039 0.00000000099999999994 0.00000000099999999994 0.00000000099999999994 
0.35454184613716960284 0.17859287016541960935 0.43042915961158534355 0.01537868146940800894 0.00000000100000000000 0.02105744161641754167 
0.31197759161237015313 0.19732615553045279588 0.48650896371274471308 0.00000000099999999998 0.00000000099999999998 0.00418728714443223488 
0.46958103973061893210 0.11798230390624626918 0.41149761284653257887 0.00093904151660212484 0.00000000099999999999 0.00000000099999999999 
0.99999999500000003039 0.00000000099999999994 0.00000000099999999994 0.00000000099999999994 0.00000000099999999994 0.00000000099999999994 
0.46003579946390449340 0.00000000099999999998 0.50432213111194823529 0.03564206642414716186 0.00000000099999999998 0.00000000099999999998 
0.30600190490971590496 0.26582546796920958343 0.42817262412107437441 0.00000000099999999999 0.00000000099999999999 0.00000000099999999999 
0.29188847207087931235 0.17406724715083835009 0.50155456394246200613 0.03248971483582042269 0.00000000099999999999 0.00000000099999999999 
0.60261429953859668718 0.00000004496334140403 0.39738565249806190316 0.00000000099999999999 0.00000000099999999999 0.00000000099999999999 
0.00000000099999999996 0.00000000099999999996 0.99999999499999991937 0.00000000099999999996 0.00000000099999999996 0.00000000099999999996 
0.25258138157553972070 0.05004145429285378893 0.59995573144999281290 0.02204366176393663529 0.06830020030277801635 0.00707757061489904058 
0.00000000099999999996 0.00000000099999999996 0.99999999500000003039 0.00000000099999999996 0.00000000099999999996 0.00000000099999999996 
0.29153753556226641441 0.22438756841920365348 0.48212148435213747488 0.00195340966639233164 0.00000000099999999997 0.00000000099999999997 
0.44518785682945288817 0.10177893602112825233 0.43658186580075730721 0.01645133934866163314 0.00000000099999999998 0.00000000099999999998 
0.25174438916573432801 0.14170743212598443939 0.59494526752136878134 0.00000000099999999999 0.00000000099999999999 0.01160290918691248702 
0.56183271750061059002 0.00000000139096366609 0.43228376059471207427 0.00588351851371362016 0.00000000099999999998 0.00000000099999999998 
0.46862830063664501212 0.11737937969651862646 0.40888720250655602451 0.00000000100000000000 0.00366275591426598861 0.00144236024601443686 
0.43544405647922451719 0.13977735999488286045 0.40783887398875479091 0.00948442356674946210 0.00000000099999999999 0.00745528497038841151 
0.44247480409839951010 0.20611830420686377829 0.35140688869473662992 0.00000000099999999998 0.00000000099999999998 0.00000000099999999998 
0.41750642979720081760 0.20915169352677900894 0.35221281937980797316 0.02112905529621212503 0.00000000099999999997 0.00000000099999999997 
0.00000000099999999995 0.00000000099999999995 0.00000000099999999995 0.99999999500000003039 0.00000000099999999995 0.00000000099999999995 
0.00000000099999999998 0.00000000099999999998 0.00000000099999999998 0.99999999500000003039 0.00000000099999999998 0.00000000099999999998 
0.00000000099999999979 0.00000000099999999979 0.00000000099999999979 0.00000000099999999979 0.99999999499999991937 0.00000000099999999979 
0.00000000099999999974 0.00000000099999999974 0.00000000099999999974 0.00000000099999999974 0.00000000099999999974 0.99999999499999991937 
0.05893599276459553227 0.00003070467242631893 0.00000000100000000000 0.90254375229485062082 0.00000000100000000000 0.03848954826812753249 
0.49049119283631892330 0.06930664934882117822 0.43330088800494054313 0.00690126780991947957 0.00000000099999999998 0.00000000099999999998 
0.36809307711705702149 0.18227058968661249971 0.43256088679362619809 0.01707544440270433728 0.00000000099999999999 0.00000000099999999999 
0.00000000099999999998 0.04455846972563970443 0.00000000099999999998 0.95544152627436018665 0.00000000099999999998 0.00000000099999999998 
0.44098842575116381504 0.14405077848030625742 0.40547225647667994863 0.00948853729185007710 0.00000000099999999999 0.00000000099999999999 
0.47548870889468775047 0.00000184257210088697 0.51189590185409272749 0.00000000099999999998 0.00000000099999999998 0.01261354467911856604 
0.99999999500000003039 0.00000000099999999995 0.00000000099999999995 0.00000000099999999995 0.00000000099999999995 0.00000000099999999995 
0.00000000099999999972 0.00000000099999999972 0.00000000099999999972 0.00000000099999999972 0.99999999499999991937 0.00000000099999999972 
0.00000000099999999974 0.00000000099999999974 0.00000000099999999974 0.00000000099999999974 0.99999999499999991937 0.00000000099999999974 
0.00000000099999999969 0.00000000099999999969 0.00000000099999999969 0.00000000099999999969 0.99999999499999991937 0.00000000099999999969 
0.00000000099999999970 0.00000000099999999970 0.00000000099999999970 0.00000000099999999970 0.99999999500000003039 0.00000000099999999970 
0.00000000099999999970 0.00000000099999999970 0.00000000099999999970 0.00000000099999999970 0.99999999499999991937 0.00000000099999999970 
0.00000000099999999998 0.00000000099999999998 0.00000000099999999998 0.99999999499999991937 0.00000000099999999998 0.00000000099999999998 
0.49227958645425179407 0.00000000099999999999 0.49547263740579466917 0.00000000099999999999 0.00000000099999999999 0.01224777313995359905 
0.00000000099999999970 0.00000000099999999970 0.00000000099999999970 0.00000000099999999970 0.99999999500000003039 0.00000000099999999970 
0.00000000099999999975 0.00000000099999999975 0.00000000099999999975 0.00000000099999999975 0.99999999500000003039 0.00000000099999999975 
0.00000000099999999973 0.00000000099999999973 0.00000000099999999973 0.00000000099999999973 0.00000000099999999973 0.99999999500000003039 
0.00000000099999999973 0.00000000099999999973 0.00000000099999999973 0.00000000099999999973 0.00000000099999999973 0.99999999500000003039 
0.39795717001164032656 0.25799542897108057593 0.34404739801727918236 0.00000000099999999998 0.00000000099999999998 0.00000000099999999998 
0.00000000099999999972 0.00000000099999999972 0.00000000099999999972 0.00000000099999999972 0.99999999500000003039 0.00000000099999999972 
0.35210535373545348570 0.16677182701129936171 0.47556452164859303045 0.00555829560465428019 0.00000000099999999999 0.00000000099999999999 
0.36305714194499111303 0.15811397568604862451 0.47882887936896034731 0.00000000099999999998 0.00000000099999999998 0.00000000099999999998 
0.00000000099999999997 0.06108681176142265884 0.00000000099999999997 0.93891318423857739184 0.00000000099999999997 0.00000000099999999997 
0.30185379164710823829 0.14291145194693782861 0.55220507642521166058 0.00302967798074235770 0.00000000099999999998 0.00000000099999999998 
0.00000000099999999993 0.00000000099999999993 0.00000000099999999993 0.99999999500000003039 0.00000000099999999993 0.00000000099999999993 
0.42301508598666193173 0.17244319262837792817 0.39683497332652034606 0.00770674605843968755 0.00000000099999999999 0.00000000099999999999 
0.00000000099999999994 0.00000000099999999994 0.00000000099999999994 0.99999999500000003039 0.00000000099999999994 0.00000000099999999994 
0.99999999500000003039 0.00000000099999999997 0.00000000099999999997 0.00000000099999999997 0.00000000099999999997 0.00000000099999999997 
0.30559836685934138600 0.27865965708852508120 0.41199254807510782284 0.00000000099999999999 0.00000000099999999999 0.00374942597702564683 
0.00000000099999999975 0.00000000099999999975 0.00000000099999999975 0.00000000099999999975 0.99999999500000003039 0.00000000099999999975 
0.00000000099999999995 0.00000000099999999995 0.00000000099999999995 0.99999999499999991937 0.00000000099999999995 0.00000000099999999995 
0.00000000099999999970 0.00000000099999999970 0.00000000099999999970 0.00000000099999999970 0.99999999499999991937 0.00000000099999999970 
0.00000000099999999970 0.00000000099999999970 0.00000000099999999970 0.00000000099999999970 0.99999999500000003039 0.00000000099999999970 
0.41493628918076425061 0.00000000531411334051 0.57930830686125223128 0.00575539664387029505 0.00000000099999999999 0.00000000099999999999 
0.36271983996411411022 0.13895098326930030441 0.47765978225046368255 0.02066939251612177550 0.00000000099999999998 0.00000000099999999998 
0.35555846095231774529 0.00000000099999999998 0.64108637663394085759 0.00335515941374125385 0.00000000099999999998 0.00000000099999999998 
0.39459958745065815133 0.16879087446590160249 0.43660953508344030327 0.00000000099999999999 0.00000000099999999999 0.00000000099999999999 
0.17540378731458178274 0.34273033917403261661 0.48186587051138551896 0.00000000099999999998 0.00000000099999999998 0.00000000099999999998 
0.43659359182652512921 0.08560102855837384284 0.45790150950257663132 0.01339622314120977528 0.00000000099999999999 0.00650764597131473378 
0.00000000099999999995 0.40034462876164667033 0.59965536723835333177 0.00000000099999999995 0.00000000099999999995 0.00000000099999999995 
0.00335253316605586436 0.00000052986630472026 0.00096083820601862587 0.99568609676162078692 0.00000000099999999998 0.00000000099999999998 
0.40967891410002016395 0.12658555632149706693 0.46373552657848277070 0.00000000099999999998 0.00000000099999999998 0.00000000099999999998 
0.00000000099999999970 0.00000000099999999970 0.00000000099999999970 0.00000000099999999970 0.99999999499999991937 0.00000000099999999970 
0.00000000099999999997 0.00000000099999999997 0.99999999499999991937 0.00000000099999999997 0.00000000099999999997 0.00000000099999999997 
0.00000000099999999991 0.00000000099999999991 0.00000000099999999991 0.00000000099999999991 0.99999999500000003039 0.00000000099999999991 
0.00000000099999999974 0.00000000099999999974 0.00000000099999999974 0.00000000099999999974 0.99999999499999991937 0.00000000099999999974 
0.25347443639944261529 0.24884526490031674828 0.49173875087379970150 0.00594154582644084751 0.00000000099999999998 0.00000000099999999998 
0.33977504756272186581 0.00000000099999999999 0.65557150217655912883 0.00000000099999999999 0.00000000099999999999 0.00465344726071917954 
0.22730317341702413469 0.00000000099999999999 0.75277221380486702973 0.01992460977810901063 0.00000000099999999999 0.00000000099999999999 
0.00000000099999999977 0.00000000099999999977 0.00000000099999999977 0.00000000099999999977 0.99999999499999991937 0.00000000099999999977 
0.00000000099999999995 0.00000000099999999995 0.00000000099999999995 0.99999999499999991937 0.00000000099999999995 0.00000000099999999995 
0.00000000099999999994 0.00000000099999999994 0.00000000099999999994 0.99999999500000003039 0.00000000099999999994 0.00000000099999999994 
0.00000000099999999974 0.00000000099999999974 0.00000000099999999974 0.00000000099999999974 0.99999999499999991937 0.00000000099999999974 
0.35560339267700052934 0.00041582625073532627 0.62849143764361969922 0.01020075764115969258 0.00000000099999999999 0.00528858478748462594 
0.30007885976567733044 0.15934931193989326781 0.49325921415941526016 0.03444868001560995319 0.00000000100000000000 0.01286393311940420628 
0.00000000099999999975 0.00000000099999999975 0.00000000099999999975 0.00000000099999999975 0.99999999500000003039 0.00000000099999999975 
0.72121077676261524658 0.27878921923738481103 0.00000000099999999996 0.00000000099999999996 0.00000000099999999996 0.00000000099999999996 
0.00000000099999999993 0.00000000099999999993 0.00000000099999999993 0.99999999499999991937 0.00000000099999999993 0.00000000099999999993 
0.00000000099999999991 0.99999802784362379349 0.00000000099999999991 0.00000000099999999991 0.00000196815637628912 0.00000000099999999991 
0.77539850635390294986 0.22460148964609719102 0.00000000099999999998 0.00000000099999999998 0.00000000099999999998 0.00000000099999999998 
0.29980246147803107926 0.02971163450372842074 0.62254316713846269415 0.03449136561193569955 0.00000000099999999999 0.01345137026784214672 
0.33494374234522700240 0.00000000099999999999 0.64797027478774416043 0.00000000367242116335 0.00000000099999999999 0.01708597719460764816 
0.00000000099999999996 0.00000000099999999996 0.99999999499999991937 0.00000000099999999996 0.00000000099999999996 0.00000000099999999996 
0.34579988480434786791 0.25169289563619190453 0.40250721655946031241 0.00000000099999999998 0.00000000099999999998 0.00000000099999999998 
0.18502307805305551192 0.27521046902176071747 0.53976644992518385546 0.00000000099999999998 0.00000000099999999998 0.00000000099999999998 
0.57112896133932444798 0.06885768332128264224 0.34796967959925956260 0.00000000099999999999 0.00000000099999999999 0.01204367374013351304 
0.00000000099999999985 0.99999999500000003039 0.00000000099999999985 0.00000000099999999985 0.00000000099999999985 0.00000000099999999985 
0.00000000099999999996 0.00000000099999999996 0.00000000099999999996 0.99999999499999991937 0.00000000099999999996 0.00000000099999999996 
0.32700775844754459420 0.15925237122470423112 0.49882321632456838589 0.00967373890686731852 0.00000000099999999999 0.00524291409631561303 
0.46770315199245260374 0.23419790400362469618 0.29809894100392264615 0.00000000099999999998 0.00000000099999999998 0.00000000099999999998 
0.80485266896329799025 0.17696995693387557180 0.00000000099999999998 0.01817737110282639096 0.00000000099999999998 0.00000000099999999998 
0.36083269620687807855 0.09285697475796221567 0.53277331364457891638 0.01353701339058059963 0.00000000099999999998 0.00000000099999999998 
0.00000000099999999998 0.00000000099999999998 0.98293483845985696323 0.01706515754014307704 0.00000000099999999998 0.00000000099999999998 
0.38153813819394577500 0.17781279328026577957 0.44064906552578853027 0.00000000099999999998 0.00000000099999999998 0.00000000099999999998 
0.28428697052877754947 0.13821610828604719012 0.57079955655348924015 0.00669736263168588426 0.00000000099999999999 0.00000000099999999999 
0.01738032194886132697 0.00000000099999999997 0.00000000099999999997 0.98261967405113870289 0.00000000099999999997 0.00000000099999999997 
0.00000000099999999984 0.99999999500000014141 0.00000000099999999984 0.00000000099999999984 0.00000000099999999984 0.00000000099999999984 
0.52018808616414002888 0.00000000099999999999 0.47013084270114902097 0.00000000099999999999 0.00000000099999999999 0.00968106813471093092 
0.49536344911746421626 0.00000000100000000000 0.49741915773711820048 0.00000802965890647872 0.00720936148651111445 0.00000000100000000000 
0.00000000099999999997 0.04014136056651944340 0.00000000099999999997 0.95985863543348060034 0.00000000099999999997 0.00000000099999999997 
0.33823346059342240810 0.09826195271735478631 0.52209129189610736788 0.02340464109810384483 0.01800865269501174606 0.00000000100000000000 
0.99999999500000014141 0.00000000099999999996 0.00000000099999999996 0.00000000099999999996 0.00000000099999999996 0.00000000099999999996 
0.19694028933395540948 0.25036155234023976801 0.08355494193322000884 0.46659745407115243987 0.00000000099999999999 0.00254576132143220345 
0.59505078875542360972 0.00000000099999999997 0.39260080437780375817 0.01234840386677253481 0.00000000099999999997 0.00000000099999999997 
0.00000000099999999976 0.00000000099999999976 0.00000000099999999976 0.00000000099999999976 0.99999999499999991937 0.00000000099999999976 
0.28783807232317176750 0.20510452321848773871 0.48537035962968394509 0.00903765993561877513 0.00000000099999999999 0.01264938389303791114 
0.32994238362055910985 0.10749032136938699300 0.53766523989553005602 0.02267734476570687843 0.00000000099999999999 0.00222470934881681707 
