0.00000000100000000000 0.00000000180228938000 0.69863025498197162122 0.02177946054364247180 0.27959028167209659665 
0.00000000099999999996 0.99999999600000000211 0.00000000099999999996 0.00000000099999999996 0.00000000099999999996 
0.00000000099999999996 0.99999999600000000211 0.00000000099999999996 0.00000000099999999996 0.00000000099999999996 
0.00000000099999999999 0.03383419888689991051 0.71212748376181189691 0.00148198444565859921 0.25255633190562970514 
0.00000000099999999999 0.00000000099999999999 0.66159103200767521713 0.00443744405364190041 0.33397152193868290260 
0.00000000099999999999 0.02693344920835128234 0.79796736104283183533 0.00389484799972027564 0.17120434074909651745 
0.00000000099999999997 0.99999999600000000211 0.00000000099999999997 0.00000000099999999997 0.00000000099999999997 
0.00000000099999999994 0.99999999600000011313 0.00000000099999999994 0.00000000099999999994 0.00000000099999999994 
0.00000000099999999999 0.00164804706469510857 0.77560098874735194929 0.01719063335623952429 0.20556032983171351747 
0.00000000099999999996 0.99999999600000000211 0.00000000099999999996 0.00000000099999999996 0.00000000099999999996 
0.00000000099999999999 0.01544062218581512477 0.82553577470152506024 0.01066203276732559206 0.14836156934533420437 
0.00000000099999999999 0.01590837904946341627 0.75403131425338854044 0.00789314195448815800 0.22216716374265976786 
0.00000000100000000000 0.00002507579617992825 0.81484316213491958525 0.00590904262151683082 0.17922271844738379976 
0.00000000099999999999 0.00311704445217295513 0.81935516098072092017 0.01905122224406061854 0.15847657132304537875 
0.00518528556729032104 0.00000000100000000000 0.75806728913144139081 0.01859734299264401494 0.21815008130862423297 
0.00000000099999999999 0.05615821743709616121 0.72831005074240240393 0.03072184459763811770 0.18480988622286320666 
0.00000000099999999999 0.00000029787565501130 0.75083601556380952236 0.00000000099999999999 0.24916368456053561431 
0.00521618104244505991 0.00000000099999999999 0.80396406302124279186 0.00322224125464234653 0.18759751368166974195 
0.00149235185826128132 0.00000000100000000000 0.92672785157351522667 0.01170438665089756219 0.06007540891732601057 
0.00000000099999999998 0.00000000099999999998 0.88350372426809831161 0.00616603570726524317 0.11033023802463647056 
0.00000000099999999999 0.00000000099999999999 0.99999961934513437178 0.00000000099999999999 0.00000037765486552463 
0.00000000099999999997 0.99999999600000000211 0.00000000099999999997 0.00000000099999999997 0.00000000099999999997 
0.00000000099999999999 0.02189022885997478698 0.68181670463778176750 0.00000000099999999999 0.29629306450224351943 
0.00000000099999999987 0.00000000099999999987 0.00000000099999999987 0.00000000099999999987 0.99999999600000000211 
0.00000000099999999998 0.03190124467301035105 0.82078975917878571611 0.00000000099999999998 0.14730899414820386450 
0.00000000099999999998 0.00000000099999999998 0.62135518996825911398 0.00000000099999999998 0.37864480703174085985 
0.00000000099999999983 0.00000000099999999983 0.00000000099999999983 0.99999999600000000211 0.00000000099999999983 
0.00000000099999999980 0.00000000099999999980 0.00000000099999999980 0.99999999599999989108 0.00000000099999999980 
0.00000000100000000000 0.00000000100000000000 0.74792985126166144916 0.00818777686590289530 0.24388236987243552822 
0.00000000099999999999 0.00000000099999999999 0.72294724160633394572 0.00965002626641699342 0.26740273012724902202 
0.00000000099999999998 0.01588175004709671198 0.98411824695290317511 0.00000000099999999998 0.00000000099999999998 
0.00000000099999999997 0.93891874375332085023 0.00000000099999999997 0.00000000099999999997 0.06108125324667917216 
0.00000000099999999994 0.16339038918719189786 0.00000000099999999994 0.35446181918556091128 0.48214778962724724742 
0.00000000099999999999 0.00000000099999999999 0.89517724538408605106 0.00000000099999999999 0.10482275161591379786 
0.99999999600000011313 0.00000000099999999980 0.00000000099999999980 0.00000000099999999980 0.00000000099999999980 
0.99999999600000011313 0.00000000099999999975 0.00000000099999999975 0.00000000099999999975 0.00000000099999999975 
0.99999999600000011313 0.00000000099999999975 0.00000000099999999975 0.00000000099999999975 0.00000000099999999975 
0.00000000099999999984 0.00000000099999999984 0.00000000099999999984 0.99999999600000000211 0.00000000099999999984 
0.00000000099999999981 0.00000000099999999981 0.00000000099999999981 0.99999999599999989108 0.00000000099999999981 
0.00000000099999999999 0.00000000099999999999 0.70577096451159593293 0.00000000099999999999 0.29422903248840392987 
0.00000000099999999997 0.99999999600000011313 0.00000000099999999997 0.00000000099999999997 0.00000000099999999997 
0.00000000099999999982 0.00000000099999999982 0.00000000099999999982 0.99999999600000000211 0.00000000099999999982 
0.00000000099999999993 0.00000000099999999993 0.00000000099999999993 0.00000000099999999993 0.99999999599999989108 
0.00000000099999999995 0.99999999600000011313 0.00000000099999999995 0.00000000099999999995 0.00000000099999999995 
0.00000000099999999984 0.00000000099999999984 0.00000000099999999984 0.99999999599999989108 0.00000000099999999984 
0.00000000099999999999 0.01247944377860430581 0.77351954586062787733 0.00564567299003911234 0.20835533637072872759 
0.00000000099999999982 0.00000000099999999982 0.00000000099999999982 0.99999999600000000211 0.00000000099999999982 
0.00000000099999999996 0.99999999600000000211 0.00000000099999999996 0.00000000099999999996 0.00000000099999999996 
0.00000000099999999994 0.99999999600000000211 0.00000000099999999994 0.00000000099999999994 0.00000000099999999994 
0.00000000099999999980 0.00000000099999999980 0.00000000099999999980 0.99999999599999989108 0.00000000099999999980 
0.00000000099999999982 0.00000000099999999982 0.00000000099999999982 0.99999999599999989108 0.00000000099999999982 
0.00000000099999999996 0.99999999600000000211 0.00000000099999999996 0.00000000099999999996 0.00000000099999999996 
0.00000000099999999996 0.99999999600000000211 0.00000000099999999996 0.00000000099999999996 0.00000000099999999996 
0.00000000099999999997 0.99999999600000011313 0.00000000099999999997 0.00000000099999999997 0.00000000099999999997 
0.00000000099999999985 0.00000000099999999985 0.00000000099999999985 0.99999999600000000211 0.00000000099999999985 
0.00000000100000000000 0.04290080369674266481 0.76342281109852494492 0.01685149165259783310 0.17682489255213440504 
0.00000000100000000000 0.00000000100000000000 0.79603963284224454888 0.02755105677634788613 0.17640930838140753134 
0.00000000099999999999 0.02386490022472855313 0.89798480939240621357 0.00000000099999999999 0.07815028838286526558 
0.00000000099999999999 0.00469462971323465761 0.70069974808316071169 0.00043017777667684275 0.29417544342692786286 
0.00000000099999999996 0.99999999600000011313 0.00000000099999999996 0.00000000099999999996 0.00000000099999999996 
0.00160579483470619047 0.00000000100000000000 0.77901525701037355187 0.00621710964299647655 0.21316183751192382956 
0.99999999600000011313 0.00000000099999999979 0.00000000099999999979 0.00000000099999999979 0.00000000099999999979 
0.00000000099999999998 0.00634385858541862153 0.99133629407194090444 0.00231984534264041090 0.00000000099999999998 
0.99999999600000000211 0.00000000099999999979 0.00000000099999999979 0.00000000099999999979 0.00000000099999999979 
0.00000000099999999999 0.03582773082378377938 0.70103377013706313914 0.00000000099999999999 0.26313849703915309641 
0.99999999600000000211 0.00000000099999999980 0.00000000099999999980 0.00000000099999999980 0.00000000099999999980 
0.00000000099999999998 0.00520367236446636020 0.99479632463553357979 0.00000000099999999998 0.00000000099999999998 
0.00000000100000000000 0.00961069463416279642 0.77115521133162345802 0.00761753759381799452 0.21161655544039562060 
0.00000000099999999994 0.99999999600000000211 0.00000000099999999994 0.00000000099999999994 0.00000000099999999994 
0.00000000099999999997 0.00000000099999999997 0.99999999599999989108 0.00000000099999999997 0.00000000099999999997 
0.99999999600000000211 0.00000000099999999980 0.00000000099999999980 0.00000000099999999980 0.00000000099999999980 
0.99999999600000011313 0.00000000099999999982 0.00000000099999999982 0.00000000099999999982 0.00000000099999999982 
0.00000000099999999999 0.07921724574763863713 0.66604819140866544647 0.01174894334838608861 0.24298561849530991852 
0.00000000099999999995 0.99999999600000011313 0.00000000099999999995 0.00000000099999999995 0.00000000099999999995 
0.00000000099999999985 0.00000000099999999985 0.00000000099999999985 0.99999999600000000211 0.00000000099999999985 
0.00000000099999999995 0.99999999600000011313 0.00000000099999999995 0.00000000099999999995 0.00000000099999999995 
0.00000000100000000000 0.03820921282343806707 0.84654815817818340751 0.00000000100000000000 0.11524262699837868607 
0.99999999600000011313 0.00000000099999999977 0.00000000099999999977 0.00000000099999999977 0.00000000099999999977 
0.00000000099999999979 0.00000000099999999979 0.00000000099999999979 0.99999999600000000211 0.00000000099999999979 
0.99999999600000000211 0.00000000099999999982 0.00000000099999999982 0.00000000099999999982 0.00000000099999999982 
0.00000000099999999994 0.00000000099999999994 0.00000000099999999994 0.00000000099999999994 0.99999999599999989108 
0.00000000099999999994 0.99999999600000011313 0.00000000099999999994 0.00000000099999999994 0.00000000099999999994 
0.00000000099999999995 0.99999999600000011313 0.00000000099999999995 0.00000000099999999995 0.00000000099999999995 
0.00000000099999999999 0.23032150038091886435 0.61384729230777324016 0.00280760858645013114 0.15302359772485768508 
0.00000000099999999999 0.00000000099999999999 0.61550055310520201957 0.02137515123201802827 0.36312429366277998444 
0.00000000099999999999 0.00851229996876625046 0.84940669862956819092 0.00000000099999999999 0.14208099940166557529 
0.00000000099999999998 0.02232818961728584226 0.97767180738271419749 0.00000000099999999998 0.00000000099999999998 
0.00000000099999999999 0.00000000099999999999 0.82149404123187219628 0.00000193847103402291 0.17850401829709380830 
0.00000000099999999998 0.00000000099999999998 0.81337160781341288907 0.00000000099999999998 0.18662838918658716802 
0.00000000099999999998 0.00200750076473001603 0.99799249623526997688 0.00000000099999999998 0.00000000099999999998 
0.00000000099999999999 0.00635228887859380989 0.73272324487181017538 0.00644959392025025446 0.25447487132934570875 
0.00000000099999999999 0.03353816350682327363 0.73000101368151559811 0.00000000099999999999 0.23646082081166114319 
0.00000000099999999996 0.99999999600000000211 0.00000000099999999996 0.00000000099999999996 0.00000000099999999996 
0.00000000099999999998 0.99999996796319434722 0.00000002903680565599 0.00000000099999999998 0.00000000099999999998 
0.99999999600000011313 0.00000000099999999988 0.00000000099999999988 0.00000000099999999988 0.00000000099999999988 
0.00000000099999999997 0.99999999600000000211 0.00000000099999999997 0.00000000099999999997 0.00000000099999999997 
0.00000000099999999998 0.99999999600000000211 0.00000000099999999998 0.00000000099999999998 0.00000000099999999998 
0.00000000099999999999 0.02387020101473961292 0.82182286205090260278 0.00931668248604982166 0.14499025344830790418 
0.99999999600000000211 0.00000000099999999975 0.00000000099999999975 0.00000000099999999975 0.00000000099999999975 
0.00000000099999999999 0.00000000099999999999 0.73981917978687705695 0.00337594871543430439 0.25680486949768843719 
0.00000000099999999999 0.01753693730688837132 0.97524652332432526514 0.00721645955589510744 0.00000007881289127840 
0.00000000100000000000 0.00000000100000000000 0.99537207238252922714 0.00462792461747075102 0.00000000100000000000 
0.00000000100000000000 0.02560011767068162344 0.85284838765148429651 0.00475462294623308496 0.11679687073160097133 
0.00000000099999999999 0.00000000099999999999 0.63199561861276465358 0.00000000099999999999 0.36800437838723532025 
0.00000000099999999992 0.00000000099999999992 0.00000000099999999992 0.00000000099999999992 0.99999999599999989108 
0.00000000099999999999 0.00000000099999999999 0.76783911905618784655 0.00557474616018047847 0.22658613278363162746 
0.00000000100000000000 0.00934412448210421125 0.77284103938146975210 0.00828662308062850725 0.20952821205579741370 
0.00391243629203575673 0.00981594069996420161 0.74332045673749858050 0.02958073752521798300 0.21337042874528361347 
0.00000000099999999999 0.00091090938458234319 0.84177622145875052873 0.01270120857171603418 0.14461165958495111883 
0.00000000099999999998 0.00000000099999999998 0.87261372112407287194 0.00000000099999999998 0.12738627587592704637 
0.00000000100000000000 0.02174746995781992945 0.69728770713408183557 0.02543888677257536909 0.25552593513552274151 
0.00000000099999999998 0.00000000099999999998 0.99362640095243737193 0.00637359604756261924 0.00000000099999999998 
0.00000000099999999999 0.00315895536378177138 0.99684104163621833905 0.00000000099999999999 0.00000000099999999999 
0.00000000099999999999 0.00000000099999999999 0.85072150065392160290 0.00000000099999999999 0.14927849634607831542 
0.00000000099999999993 0.00000000099999999993 0.00000000099999999993 0.00000000099999999993 0.99999999600000000211 
0.00000000100000000000 0.01276243503256850424 0.78206686697312988166 0.00651356153286375070 0.19865713546143795587 
0.00000000099999999999 0.03486295458629764393 0.71022134632577271773 0.00000000099999999999 0.25491569708792960469 
0.00000000100000000000 0.00069085126490533175 0.80467678499997385977 0.00001146976848529401 0.19462089296663556692 
0.00000000099999999999 0.02222704850922604253 0.74348376783262670742 0.00000000099999999999 0.23428918165814724417 
0.06787701187214410792 0.02194056051429039284 0.70861654515187655345 0.00462477831021744501 0.19694110415147145221 
0.00000000099999999998 0.00000000099999999998 0.66806401864835640581 0.00000000099999999998 0.33193597835164351251 
0.00000000099999999998 0.01096552728357362040 0.70238223165608026921 0.00000000099999999998 0.28665223906034614787 
0.00000000099999999998 0.02523650972031945411 0.81295466379853276173 0.00000000099999999998 0.16180882448114777827 
0.00000000099999999999 0.00000000099999999999 0.64325106011543120577 0.01194494409742024275 0.34480399378714859937 
0.00000000099999999998 0.01104716786455244362 0.75223377672446911646 0.00000000099999999998 0.23671905341097848607 
0.00000000100000000000 0.00000000100000000000 0.62239219469477269353 0.00063321987325327955 0.37697458343197393082 
0.00000000099999999999 0.01010122382434476204 0.74087125379822182936 0.00780311055717286192 0.24122441082026038761 
0.00000000099999999998 0.00000000099999999998 0.99999999599999989108 0.00000000099999999998 0.00000000099999999998 
0.00000000099999999997 0.03223779190845357800 0.96776220509154653460 0.00000000099999999997 0.00000000099999999997 
0.00000000099999999995 0.99999999600000011313 0.00000000099999999995 0.00000000099999999995 0.00000000099999999995 
0.00000000099999999998 0.99999999600000000211 0.00000000099999999998 0.00000000099999999998 0.00000000099999999998 
0.99999999600000011313 0.00000000099999999983 0.00000000099999999983 0.00000000099999999983 0.00000000099999999983 
0.00000000099999999979 0.00000000099999999979 0.00000000099999999979 0.99999999600000000211 0.00000000099999999979 
0.00000000099999999999 0.89756071710317297807 0.00000000099999999999 0.03835325604494522339 0.06408602485188175102 
0.00000000099999999998 0.01794147839276775958 0.84452832752895479196 0.00000000099999999998 0.13753019207827740789 
0.00000000099999999999 0.02150022052169895531 0.97842329335442457250 0.00000000099999999999 0.00007648412387655288 
0.00000000099999999999 0.99591322073833477013 0.00000000099999999999 0.00408677626166528002 0.00000000099999999999 
0.00000000099999999999 0.01860665462254210145 0.79780777966356097863 0.00000000099999999999 0.18358556371389705975 
0.00000000099999999998 0.00000000099999999998 0.75481402690299159719 0.01130293290685706852 0.23388303819015132667 
0.00000000099999999999 0.00000000099999999999 0.64896662967794571664 0.00000144192743873506 0.35103192639461555657 
0.99999999600000000211 0.00000000099999999978 0.00000000099999999978 0.00000000099999999978 0.00000000099999999978 
0.99999999600000011313 0.00000000099999999979 0.00000000099999999979 0.00000000099999999979 0.00000000099999999979 
0.99999999600000011313 0.00000000099999999975 0.00000000099999999975 0.00000000099999999975 0.00000000099999999975 
0.99999999600000000211 0.00000000099999999976 0.00000000099999999976 0.00000000099999999976 0.00000000099999999976 
0.99999999600000011313 0.00000000099999999976 0.00000000099999999976 0.00000000099999999976 0.00000000099999999976 
0.00000000099999999998 0.99999999600000000211 0.00000000099999999998 0.00000000099999999998 0.00000000099999999998 
0.00000000099999999999 0.00000000099999999999 0.60815288178491322402 0.00553662310915835083 0.38631049310592835422 
0.99999999600000011313 0.00000000099999999976 0.00000000099999999976 0.00000000099999999976 0.00000000099999999976 
0.99999999600000011313 0.00000000099999999980 0.00000000099999999980 0.00000000099999999980 0.00000000099999999980 
0.00000000099999999979 0.00000000099999999979 0.00000000099999999979 0.99999999600000000211 0.00000000099999999979 
0.00000000099999999979 0.00000000099999999979 0.00000000099999999979 0.99999999599999989108 0.00000000099999999979 
0.00000000099999999999 0.00000000099999999999 0.79451031148636208634 0.00000000099999999999 0.20548968551363794299 
0.99999999600000000211 0.00000000099999999978 0.00000000099999999978 0.00000000099999999978 0.00000000099999999978 
0.00000000100000000000 0.01391583753746634435 0.80270140159394021140 0.00000000100000000000 0.18338275886859342623 
0.00000000099999999999 0.00000000099999999999 0.92186106613337182036 0.00000000099999999999 0.07813893086662816734 
0.00000000099999999998 0.94986841736730620589 0.00000000099999999998 0.00000000099999999998 0.05013157963269376100 
0.00000000099999999999 0.00948709693331489801 0.78003448197063840475 0.00000000099999999999 0.21047841909604664279 
0.00000000099999999994 0.99999999600000000211 0.00000000099999999994 0.00000000099999999994 0.00000000099999999994 
0.00000000099999999999 0.01464883555529415161 0.66979875836889690710 0.00272786510631095516 0.31282453996949782793 
0.00000000099999999995 0.99999999600000011313 0.00000000099999999995 0.00000000099999999995 0.00000000099999999995 
0.00000000099999999999 0.00220536043883192432 0.67645800455000415496 0.01581734800476077354 0.30551928600640299027 
0.00000000100000000000 0.00000000100000000000 0.79266126219818655585 0.01327525559224441293 0.19406348020956884493 
0.99999999600000011313 0.00000000099999999980 0.00000000099999999980 0.00000000099999999980 0.00000000099999999980 
0.00000000099999999996 0.99999999600000000211 0.00000000099999999996 0.00000000099999999996 0.00000000099999999996 
0.99999999600000000211 0.00000000099999999976 0.00000000099999999976 0.00000000099999999976 0.00000000099999999976 
0.99999999600000000211 0.00000000099999999976 0.00000000099999999976 0.00000000099999999976 0.00000000099999999976 
0.00000000099999999999 0.00444691692822515427 0.73233067352606096012 0.00000000099999999999 0.26322240754571407662 
0.00000000099999999999 0.02159942039133096875 0.71033733762710249415 0.00000000099999999999 0.26806323998156644794 
0.00000000099999999998 0.00111906742560196389 0.74467805264601272253 0.00000000099999999998 0.25420287792838525132 
0.00000000099999999999 0.00002610440951513657 0.77792055018239991693 0.00349091485234402209 0.21856242955574098352 
0.00000000099999999999 0.00579705853590069091 0.81569041545399567639 0.01293942801879254326 0.16557309699131106395 
0.00000000099999999999 0.01497663551266691789 0.73175048121600438922 0.00796990311823988877 0.24530297915308885148 
0.00000000099999999999 0.00000000099999999999 0.73564378611131953090 0.00000000099999999999 0.26435621088868027639 
0.00000000099999999997 0.98321954349662354922 0.01678045350337640726 0.00000000099999999997 0.00000000099999999997 
0.00000000099999999998 0.00000000099999999998 0.86247630160173827107 0.00000000099999999998 0.13752369539826178602 
0.99999999600000011313 0.00000000099999999976 0.00000000099999999976 0.00000000099999999976 0.00000000099999999976 
0.00000000100000000000 0.00000000100000000000 0.82927796432825795492 0.00062333736133900978 0.17009869631040297477 
0.99999999600000000211 0.00000000099999999992 0.00000000099999999992 0.00000000099999999992 0.00000000099999999992 
0.99999999600000011313 0.00000000099999999979 0.00000000099999999979 0.00000000099999999979 0.00000000099999999979 
0.00000000099999999999 0.01608102130351882902 0.68889194395218911193 0.00000000099999999999 0.29502703274429209479 
0.00000000099999999999 0.00000000099999999999 0.78472917507685258087 0.00744542214564750809 0.20782540077749994678 
0.00000000099999999999 0.01658260000209733562 0.74040802424084883882 0.00000000099999999999 0.24300937375705380927 
0.99999999600000011313 0.00000000099999999982 0.00000000099999999982 0.00000000099999999982 0.00000000099999999982 
0.00000000099999999995 0.99999999600000011313 0.00000000099999999995 0.00000000099999999995 0.00000000099999999995 
0.00000000099999999995 0.99999999600000000211 0.00000000099999999995 0.00000000099999999995 0.00000000099999999995 
0.99999999600000000211 0.00000000099999999979 0.00000000099999999979 0.00000000099999999979 0.00000000099999999979 
0.00000000100000000000 0.00324470067704695202 0.81332722460723816393 0.00753965232282518324 0.17588842139288959898 
0.00000000100000000000 0.04658109286252193337 0.93518426825060696483 0.01668882121631511464 0.00154581667055595840 
0.99999999600000011313 0.00000000099999999980 0.00000000099999999980 0.00000000099999999980 0.00000000099999999980 
0.00000000099999999999 0.00001857460790562085 0.71134328148056247265 0.00438987553404887425 0.28424826737748298822 
0.00000000099999999994 0.99999999600000011313 0.00000000099999999994 0.00000000099999999994 0.00000000099999999994 
0.10562316209324570937 0.23456911527394441741 0.55077382781323402927 0.10903389381957587223 0.00000000100000000000 
0.00350339549612792896 0.02484183172199870213 0.77220194347843695848 0.00000000100000000000 0.19945282830343646907 
0.00000000099999999999 0.03258652578146604278 0.95183582251334153401 0.01557764970519231497 0.00000000099999999999 
0.00000000099999999999 0.00000001009257004946 0.82051137260947704100 0.01571361367474889345 0.16377500262320415780 
0.00000000099999999998 0.00000000099999999998 0.50993210212694994876 0.00000086036908799378 0.49006703550396202296 
0.00000000099999999999 0.00000000099999999999 0.70644637771679019700 0.00053427889639414783 0.29301934138681567932 
0.00000000099999999999 0.00000000099999999999 0.70128225736461746731 0.00000000099999999999 0.29871773963538256202 
0.00000000099999999999 0.00033671921885091669 0.69121896861771547904 0.01103567375196535735 0.29740863741146822408 
0.00403494222970574978 0.02579215621067842967 0.97017289955961572012 0.00000000100000000000 0.00000000100000000000 
0.00000000099999999996 0.99999999600000000211 0.00000000099999999996 0.00000000099999999996 0.00000000099999999996 
0.00000000099999999999 0.01258104743149957711 0.66648056051908166619 0.00359371824546558501 0.31734467280395317612 
0.00000000099999999999 0.00000000099999999999 0.99999997478714486299 0.00000002221285514062 0.00000000099999999999 
0.00000000099999999999 0.04287630999396678522 0.95553283282661294340 0.00159085459024130207 0.00000000158917883960 
0.00000000099999999998 0.00817829851633972670 0.99182169848366030784 0.00000000099999999998 0.00000000099999999998 
0.00000000100000000000 0.03606995261592374491 0.84565363437963669835 0.00358750291455704837 0.11468890908988231547 
0.00000000099999999998 0.00000000099999999998 0.99999999599999989108 0.00000000099999999998 0.00000000099999999998 
0.00000000099999999999 0.01000425344831794641 0.69631442538186827385 0.00000000099999999999 0.29368131916981371488 
0.00000000099999999997 0.98803939123253370358 0.01196060576746630667 0.00000000099999999997 0.00000000099999999997 
0.00000000099999999999 0.01048658379663844169 0.96969253837602509272 0.01982087582733648573 0.00000000099999999999 
0.00000000099999999994 0.00000000099999999994 0.00000000099999999994 0.00000000099999999994 0.99999999599999989108 
0.00549670597871578220 0.00481255831179839503 0.63506160209263251559 0.00000000100000000000 0.35462913261685341526 
0.00000000099999999997 0.99999999600000000211 0.00000000099999999997 0.00000000099999999997 0.00000000099999999997 
0.01933338926430930999 0.02618538185851236599 0.95448122687717840140 0.00000000100000000000 0.00000000100000000000 
0.00000000100000000000 0.00091602154694241968 0.68881692297492869148 0.00194830311874476963 0.30831875135938413557 
0.00000000099999999999 0.47742917645461574461 0.35174470805146201835 0.00770348291117824071 0.16312263158274392660 
0.00000000099999999998 0.01927304316936747502 0.70835889958619291384 0.00000000099999999998 0.27236805524443968851 
0.99999999600000011313 0.00000000099999999981 0.00000000099999999981 0.00000000099999999981 0.00000000099999999981 
0.00000000099999999999 0.01224463627423129537 0.73409145587858215531 0.01694360080128765045 0.23672030604589902603 
0.00000000099999999999 0.02273307762288766590 0.73842202703187909130 0.00279029036388829836 0.23605460398134506250 
