0.01195765748640943010 0.01310138614197308045 0.97494095637161748424 
0.00000000099999999998 0.99999999800000005656 0.00000000099999999998 
0.00000000099999999997 0.99999999799999994554 0.00000000099999999997 
0.00000000099999999999 0.04445830244481231014 0.95554169655518772508 
0.00020455739025544009 0.00130656468269070851 0.99848887792705387501 
0.00000000099999999999 0.03327025639981139732 0.96672974260018862402 
0.00000000099999999998 0.99999999800000005656 0.00000000099999999998 
0.00000000099999999997 0.99999999800000005656 0.00000000099999999997 
0.00000000100000000000 0.01271767253127774333 0.98728232646872216005 
0.00000000099999999998 0.99999999799999994554 0.00000000099999999998 
0.00000001865064271355 0.01844236822431452941 0.98155761312504286042 
0.00000000099999999999 0.02544494452797922690 0.97455505447202073199 
0.00000000119749088377 0.00603561059004506170 0.99396438821246402284 
0.00144465181737635402 0.01751475553513774999 0.98104059264748599833 
0.01632407995187901487 0.00200797248616251586 0.98166794756195852045 
0.01294996712772514096 0.06783818256036285022 0.91921185031191199322 
0.00000000099999999999 0.00706065591305725382 0.99293934308694276059 
0.00737767025351068056 0.00000000100000000000 0.99262232874648936853 
0.01165587651610344722 0.00619879946958750826 0.98214532401430909569 
0.00000000099999999999 0.00308237116108448254 0.99691762783891557653 
0.00000000100000000000 0.00244059668520922157 0.99755940231479067748 
0.00000000099999999998 0.99999999800000005656 0.00000000099999999998 
0.00000000099999999999 0.02985646456201616547 0.97014353443798373444 
0.00000000099999999999 0.03840502509976206208 0.96159497390023795926 
0.00000000099999999999 0.03362800936804460905 0.96637198963195547474 
0.00000000099999999999 0.00000000099999999999 0.99999999800000005656 
0.79186721419947780909 0.20813116186069816060 0.00000162393982400331 
0.79910228273662531340 0.20089771626337465937 0.00000000100000000000 
0.00023201434495347673 0.00629205451417999984 0.99347593114086663046 
0.00000000100000000000 0.00000002897537887920 0.99999997002462115425 
0.00000000099999999999 0.02818141698739383416 0.97181858201260606922 
0.00000000099999999998 0.99999999799999994554 0.00000000099999999998 
0.24118357923160488321 0.31342874761776745585 0.44538767315062771646 
0.00000000099999999999 0.00005241115973696251 0.99994758784026294141 
0.99999999800000005656 0.00000000099999999989 0.00000000099999999989 
0.99999999799999994554 0.00000000099999999986 0.00000000099999999986 
0.99999999800000005656 0.00000000099999999987 0.00000000099999999987 
0.79473386398184231449 0.16204923945288365883 0.04321689656527403361 
0.80048313246264934939 0.19951682129753778305 0.00000004623981292200 
0.00000000099999999999 0.00150379301603524996 0.99849620598396471305 
0.00000000099999999998 0.99999999799999994554 0.00000000099999999998 
0.78569528785438280671 0.17402307781617723514 0.04028163432943997896 
0.00000000100000000000 0.02991654851501901816 0.97008345048498101360 
0.00000000099999999997 0.99999999799999994554 0.00000000099999999997 
0.78890031568452267940 0.21109968182631930200 0.00000000248915801478 
0.00000000099999999999 0.02413642607767584047 0.97586357292232417393 
0.79296206627478038609 0.20696297424631307504 0.00007495947890654823 
0.00000000099999999998 0.99999999800000005656 0.00000000099999999998 
0.00000000099999999996 0.99999999800000005656 0.00000000099999999996 
0.79069576998779711463 0.20930422901220280263 0.00000000100000000000 
0.80537700742251971953 0.19462219447199988198 0.00000079810548041670 
0.00000000099999999998 0.99999999799999994554 0.00000000099999999998 
0.00000000099999999998 0.99999999799999994554 0.00000000099999999998 
0.00000000099999999998 0.99999994282658644096 0.00000005617341353138 
0.79533043329845631852 0.20465936767491438308 0.00001019902662923922 
0.00574438560911877828 0.05116996012247658487 0.94308565426840462731 
0.01472951934240234774 0.01169578157574714325 0.97357469908185056973 
0.00000000100000000000 0.02653594355738810029 0.97346405544261183085 
0.00000000099999999999 0.01842112743420200663 0.98157887156579803900 
0.00000000099999999998 0.99999999800000005656 0.00000000099999999998 
0.00510378202352198326 0.00033299322670148529 0.99456322474977654213 
0.99999999799999994554 0.00000000099999999988 0.00000000099999999988 
0.00000000099999999999 0.01544841732910509288 0.98455158167089484866 
0.99999999800000005656 0.00000000099999999989 0.00000000099999999989 
0.00000000100000000000 0.04611688493291197372 0.95388311406708792273 
0.99999999800000005656 0.00000000099999999988 0.00000000099999999988 
0.00000000099999999999 0.01361495161684230307 0.98638504738315779807 
0.00081531653822234610 0.01660467908137070250 0.98258000438040693503 
0.00000000099999999997 0.99999999800000005656 0.00000000099999999997 
0.00000000099999999999 0.00000078763820362646 0.99999921136179636960 
0.99999999799999994554 0.00000000099999999988 0.00000000099999999988 
0.99999999799999994554 0.00000000099999999989 0.00000000099999999989 
0.00000000100000000000 0.09204728705629044994 0.90795271194370952283 
0.00000000099999999997 0.99999999799999994554 0.00000000099999999997 
0.76926558106431675021 0.17950470704854629145 0.05122971188713697915 
0.00000000099999999997 0.99999999800000005656 0.00000000099999999997 
0.00000000234432124776 0.03982498763643918527 0.96017501001923954984 
0.99999999799999994554 0.00000000099999999987 0.00000000099999999987 
0.81114847666856226827 0.18885152181453382370 0.00000000151690385954 
0.99999999799999994554 0.00000000099999999991 0.00000000099999999991 
0.01452778083024509198 0.00443973352513603401 0.98103248564461875691 
0.00000000099999999997 0.99999999799999994554 0.00000000099999999997 
0.00000000099999999998 0.99999999800000005656 0.00000000099999999998 
0.00000000099999999999 0.23695712644544075776 0.76304287255455915950 
0.00001167084320771103 0.00881608480171410663 0.99117224435507822466 
0.00000000099999999999 0.01399101715490629928 0.98600898184509377931 
0.00000000099999999999 0.02858349056546297118 0.97141650843453708486 
0.00000000099999999999 0.00145636721603510850 0.99854363178396476908 
0.00000000099999999999 0.00000000099999999999 0.99999999800000005656 
0.00000000099999999999 0.01731135223430993117 0.98268864676569001038 
0.00000000099999999999 0.01772343543873965491 0.98227656356126036297 
0.00000000100000000000 0.03902975422510602393 0.96097024477489390026 
0.00000000099999999998 0.99999999799999994554 0.00000000099999999998 
0.00000000099999999999 0.99887654400218961470 0.00112345499781048666 
0.99999999799999994554 0.00000000099999999992 0.00000000099999999992 
0.00000000099999999998 0.99999999800000005656 0.00000000099999999998 
0.00000000099999999999 0.99999998279720536676 0.00000001620279461081 
0.00000000099999999999 0.02897015288338334812 0.97102984611661680159 
0.99999999799999994554 0.00000000099999999986 0.00000000099999999986 
0.00000405023973945104 0.00000000100000000000 0.99999594876026054457 
0.00000000099999999999 0.02185711676660032077 0.97814288223339973527 
0.00876698640289906052 0.00383131733919159917 0.98740169625790930041 
0.00000000309900978701 0.03023546573622358860 0.96976453116476657446 
0.00000000621468384918 0.00664058423049615140 0.99335940955481993875 
0.00000000100000000000 0.03998549636068415153 0.96001450263931586981 
0.00000000100000000000 0.00411214728267182174 0.99588785171732818746 
0.00000000100000000000 0.02028074621750727141 0.97971925278249261115 
0.01926620983440386486 0.02209382811098996313 0.95863996205460622058 
0.00000047958561884570 0.01019956673178482563 0.98979995368259632293 
0.00000000099999999999 0.00023426497959230298 0.99976573402040758154 
0.01586270457091659355 0.03120422936939486885 0.95293306605968841616 
0.00000000099999999999 0.00000008748102867833 0.99999991151897138497 
0.00000000100000000000 0.01516826715649215521 0.98483173184350791818 
0.00000000099999999999 0.00128076024842464168 0.99871923875157531114 
0.00000000099999999999 0.03539104916989890826 0.96460894983010103676 
0.00000000100000000000 0.01938345167188383969 0.98061654732811609492 
0.00000000100000000000 0.04299505643792303489 0.95700494256207702115 
0.00000000100000000000 0.00589920037686729286 0.99410079862313271981 
0.00000000099999999999 0.02937563422987020736 0.97062436477012992153 
0.07532951616483808677 0.03096741788240734219 0.89370306595275461614 
0.00000000099999999999 0.00686208735010450203 0.99313791164989562166 
0.00000000099999999999 0.02125531794887195250 0.97874468105112799599 
0.00000000099999999999 0.03061097356864039484 0.96938902543135974099 
0.00000003814722185719 0.00317926211020279695 0.99682069974257536682 
0.00000000099999999999 0.01559602741655058238 0.98440397158344949968 
0.00419808205277763524 0.00959692440945052010 0.98620499353777191232 
0.00000000099999999999 0.02336693748706520496 0.97663306151293483026 
0.00000000099999999999 0.00000000419283837526 0.99999999480716172950 
0.00000000099999999999 0.03667146817612194909 0.96332853082387814858 
0.00000000099999999997 0.99999999800000005656 0.00000000099999999997 
0.00000000099999999999 0.99999947770970643024 0.00000052129029364529 
0.99999999799999994554 0.00000000099999999991 0.00000000099999999991 
0.81512203485256640167 0.18487796414743365436 0.00000000100000000000 
0.01333180698144447243 0.92408155628380039825 0.06258663673475528544 
0.00000000099999999999 0.01609546443297412907 0.98390453456702586799 
0.00000001208439250122 0.03236755045330853148 0.96763243746229887776 
0.00000000099999999999 0.99999999799999994554 0.00000000099999999999 
0.00000000099999999999 0.02203884763178799722 0.97796115136821204494 
0.00000000099999999999 0.00883588109277885954 0.99116411790722125374 
0.00000000099999999999 0.00000000099999999999 0.99999999799999994554 
0.99999999800000005656 0.00000000099999999987 0.00000000099999999987 
0.99999999800000005656 0.00000000099999999987 0.00000000099999999987 
0.99999999800000005656 0.00000000099999999986 0.00000000099999999986 
0.99999999799999994554 0.00000000099999999986 0.00000000099999999986 
0.99999999799999994554 0.00000000099999999988 0.00000000099999999988 
0.00000000099999999999 0.99999999800000005656 0.00000000099999999999 
0.00012651150790514301 0.00671996420008017393 0.99315352429201475548 
0.99999999799999994554 0.00000000099999999987 0.00000000099999999987 
0.99999999800000005656 0.00000000099999999988 0.00000000099999999988 
0.81301680934397491107 0.18698318965602517272 0.00000000100000000000 
0.81159276186465878489 0.18840693005956096751 0.00000030807578020896 
0.00000000100000000000 0.00000018105545189502 0.99999981794454806394 
0.99999999799999994554 0.00000000099999999988 0.00000000099999999988 
0.00000000100000000000 0.01835658567812868333 0.98164341332187121658 
0.00000000099999999999 0.00000000099999999999 0.99999999800000005656 
0.00000000099999999999 0.96382126466591333536 0.03617873433408678313 
0.00000000099999999999 0.01490551930518003998 0.98509447969481989116 
0.00000000099999999997 0.99999999799999994554 0.00000000099999999997 
0.00000000099999999999 0.02833440729874054168 0.97166559170125943456 
0.00000000099999999997 0.99999999800000005656 0.00000000099999999997 
0.00225795702247510305 0.01986756924290090584 0.97787447373462399458 
0.00252382564901385128 0.00050614032554111043 0.99697003402544503992 
0.99999999800000005656 0.00000000099999999988 0.00000000099999999988 
0.00000000099999999998 0.99999999799999994554 0.00000000099999999998 
0.99999999800000005656 0.00000000099999999986 0.00000000099999999986 
0.99999999799999994554 0.00000000099999999988 0.00000000099999999988 
0.00000000099999999999 0.01319851713487305532 0.98680148186512695041 
0.00000000099999999999 0.03028463558597408595 0.96971536341402597703 
0.00000000099999999999 0.00950626652905124658 0.99049373247094874007 
0.00000000099999999999 0.00926347479016629248 0.99073652420983371325 
0.00000000100000000000 0.01468101002353777024 0.98531898897646219559 
0.00000000099999999999 0.02473167375090518441 0.97526832524909490285 
0.00000000099999999999 0.00000000099999999999 0.99999999799999994554 
0.00000000099999999998 0.99564140983264748375 0.00435858916735254454 
0.00000000099999999999 0.00000126356436490154 0.99999873543563511102 
0.99999999800000005656 0.00000000099999999987 0.00000000099999999987 
0.00000000100000000000 0.00154263290113404927 0.99845736609886592827 
0.99999999800000005656 0.00000000099999999996 0.00000000099999999996 
0.99999999800000005656 0.00000000099999999989 0.00000000099999999989 
0.00000000099999999999 0.02665198015272014428 0.97334801884727983889 
0.00000000100000000000 0.00000001356793975763 0.99999998543206014556 
0.00000000100000000000 0.02249708234705165635 0.97750291665294841703 
0.99999999800000005656 0.00000000099999999990 0.00000000099999999990 
0.00000000099999999997 0.99999999800000005656 0.00000000099999999997 
0.00000000099999999997 0.99999999800000005656 0.00000000099999999997 
0.99999999800000005656 0.00000000099999999989 0.00000000099999999989 
0.00000000100000000000 0.01174839231749012780 0.98825160668250988660 
0.00000000353307563310 0.04764855186882253901 0.95235144459810172624 
0.99999999800000005656 0.00000000099999999989 0.00000000099999999989 
0.00000000099999999999 0.01287389652961174261 0.98712610247038834466 
0.00000000099999999997 0.99999999799999994554 0.00000000099999999997 
0.18721990442742636462 0.26397037377971388494 0.54880972179285969492 
0.00046041773980773826 0.03121479343286700028 0.96832478882732531122 
0.00000000100000000000 0.04218076329937672092 0.95781923570062321716 
0.00000000100000000000 0.00513045284132254351 0.99486954615867762008 
0.00000000099999999999 0.00052277989990287023 0.99947721910009723612 
0.00000000099999999999 0.00000000099999999999 0.99999999800000005656 
0.00000000099999999999 0.01124412950651447821 0.98875586949348559518 
0.00000000100000000000 0.01477247355523897930 0.98522752544476099867 
0.01100808944545291629 0.02734445404836454221 0.96164745650618255191 
0.00000000099999999998 0.99999999800000005656 0.00000000099999999998 
0.00000000099999999999 0.02579930573064961180 0.97420069326935032628 
0.00000000100000000000 0.00000000860043647837 0.99999999039956344316 
0.00000000100000000000 0.05055108187665881964 0.94944891712334134048 
0.00000000099999999999 0.01834242267776225663 0.98165757632223771267 
0.00183889770230250991 0.03964792625510847601 0.95851317604258901017 
0.00000000099999999999 0.00000102934157051070 0.99999896965842938190 
0.00000000100000000000 0.02216847383849098255 0.97783152516150895206 
0.00000000099999999999 0.99680363901211710420 0.00319635998788299477 
0.00000000100000000000 0.02889179199677490220 0.97110820700322519894 
0.00000000100000000000 0.01049540949798608534 0.98950458950201392039 
0.01064871852302260585 0.01255303399951505743 0.97679824747746224478 
0.00000000099999999999 0.99999884314182463374 0.00000115585817538704 
0.01974136177553876062 0.03032007117659137746 0.94993856704786983070 
0.00000002273071891145 0.01452887627810604647 0.98547110099117507520 
0.00000000099999999999 0.48667650723239286314 0.51332349176760727616 
0.00000000099999999999 0.02820372041334955407 0.97179627858665040829 
0.99999999800000005656 0.00000000099999999990 0.00000000099999999990 
0.00000038941414785915 0.03004422708446966017 0.96995538350138255090 
0.00000000100000000000 0.03006779160821445793 0.96993220739178565015 
