0.00806335634582172785 0.96551812892456090331 0.02608839222658433654 0.00033012250303308754 
0.99999999699999997382 0.00000000099999999996 0.00000000099999999996 0.00000000099999999996 
0.99999999700000008485 0.00000000099999999996 0.00000000099999999996 0.00000000099999999996 
0.04292675425224239116 0.95153605932710039195 0.00553718542065721308 0.00000000099999999999 
0.00048560645931681844 0.98628843936003440795 0.01322595318064867173 0.00000000100000000000 
0.03065458026221691210 0.96295694306788326422 0.00638847566989983896 0.00000000099999999999 
0.99999999700000008485 0.00000000099999999997 0.00000000099999999997 0.00000000099999999997 
0.99999999700000008485 0.00000000099999999995 0.00000000099999999995 0.00000000099999999995 
0.00904824914042562378 0.97121608957421223796 0.01973566028536207287 0.00000000099999999999 
0.99999999699999997382 0.00000000099999999997 0.00000000099999999997 0.00000000099999999997 
0.01785676516813002393 0.96835109181369261044 0.01379214201817722911 0.00000000100000000000 
0.02272004327451553410 0.96574536674779298817 0.01153458897769131346 0.00000000099999999999 
0.00525616809047876887 0.98587516817104792199 0.00886866273847327843 0.00000000100000000000 
0.01070593791668626206 0.96961702738454280670 0.01967703369877091962 0.00000000100000000000 
0.00136252190401024123 0.97090874208314092986 0.02164734595224837577 0.00608139006060048112 
0.06110316597225584623 0.90557027005290069432 0.03332656297484352242 0.00000000099999999999 
0.00760838513067158516 0.99213760435063025334 0.00025400951869808066 0.00000000100000000000 
0.00000000100000000000 0.98805877762039295842 0.00656683671444043080 0.00537438466516673014 
0.00339082712242241196 0.97695006580806431629 0.01149677251292541454 0.00816233455658781949 
0.00093126684300887791 0.99111481690738856276 0.00795391524960255454 0.00000000099999999998 
0.00408797228280459186 0.99589146963298724735 0.00002055708420818555 0.00000000100000000000 
0.99999999226661107077 0.00000000573338897224 0.00000000099999999998 0.00000000099999999998 
0.03039549408783604259 0.96960450391216390642 0.00000000099999999999 0.00000000099999999999 
0.03795030190998054109 0.95793911483716198685 0.00411058225285745697 0.00000000099999999999 
0.03345122117831782899 0.96654823686758628565 0.00000054095409575046 0.00000000099999999999 
0.00000000099999999999 0.99307955713260098740 0.00692044086739912381 0.00000000099999999999 
0.00000000099999999988 0.00000000099999999988 0.99999999699999997382 0.00000000099999999988 
0.00000000099999999986 0.00000000099999999986 0.99999999699999986280 0.00000000099999999986 
0.00547092429240192153 0.98280514770920424095 0.01172392699839376953 0.00000000100000000000 
0.00000000099999999999 0.98497818960142724531 0.01502180839857278870 0.00000000099999999999 
0.02972620667040288406 0.97027378924549645411 0.00000000308410051996 0.00000000099999999999 
0.99999999700000008485 0.00000000099999999998 0.00000000099999999998 0.00000000099999999998 
0.24047599245463313622 0.39851831806564425031 0.36100568847972253073 0.00000000099999999997 
0.00049385927375385208 0.99839890304235912044 0.00110723668388705695 0.00000000099999999999 
0.00000000099999999986 0.00000000099999999986 0.00000000099999999986 0.99999999700000008485 
0.00000000099999999982 0.00000000099999999982 0.00000000099999999982 0.99999999700000008485 
0.00000000099999999982 0.00000000099999999982 0.00000000099999999982 0.99999999700000008485 
0.00000000099999999988 0.00000000099999999988 0.99999999699999986280 0.00000000099999999988 
0.00000000099999999987 0.00000000099999999987 0.99999999699999997382 0.00000000099999999987 
0.00225562524197145875 0.99410967176912901078 0.00363470198889945771 0.00000000099999999999 
0.99999999699999997382 0.00000000099999999998 0.00000000099999999998 0.00000000099999999998 
0.00000000099999999987 0.00000000099999999987 0.99999999699999986280 0.00000000099999999987 
0.02790464308846469024 0.95990328449534989552 0.01219207141618525517 0.00000000099999999999 
0.99999999699999997382 0.00000000099999999996 0.00000000099999999996 0.00000000099999999996 
0.00000000099999999989 0.00000000099999999989 0.99999999699999997382 0.00000000099999999989 
0.01965653875870784079 0.97034709807262176096 0.00999636216867025827 0.00000000099999999999 
0.00000000099999999987 0.00000000099999999987 0.99999999699999986280 0.00000000099999999987 
0.99999999700000008485 0.00000000099999999997 0.00000000099999999997 0.00000000099999999997 
0.99999999700000008485 0.00000000099999999995 0.00000000099999999995 0.00000000099999999995 
0.00000000099999999986 0.00000000099999999986 0.99999999699999986280 0.00000000099999999986 
0.00000000099999999987 0.00000000099999999987 0.99999999699999986280 0.00000000099999999987 
0.99999999700000008485 0.00000000099999999997 0.00000000099999999997 0.00000000099999999997 
0.99999999700000008485 0.00000000099999999996 0.00000000099999999996 0.00000000099999999996 
0.99999999699999997382 0.00000000099999999997 0.00000000099999999997 0.00000000099999999997 
0.00000000099999999989 0.00000000099999999989 0.99999999699999997382 0.00000000099999999989 
0.04875417194848750968 0.93164220718723356196 0.01960361745612399995 0.00000000340815487574 
0.00233271728894202546 0.96745859790548671686 0.03020868380557120009 0.00000000100000000000 
0.02981550362303414525 0.97018449437696585580 0.00000000099999999999 0.00000000099999999999 
0.01763089475934074418 0.97787530750167961369 0.00449379673897962271 0.00000000099999999999 
0.99999999699999997382 0.00000000099999999996 0.00000000099999999996 0.00000000099999999996 
0.00071113781740565383 0.98786848998888343587 0.00981819803686428440 0.00160217415684673140 
0.00000000099999999985 0.00000000099999999985 0.00000000099999999985 0.99999999700000008485 
0.01014729581166015984 0.98049523985838682449 0.00935746332995315150 0.00000000099999999998 
0.00000000099999999985 0.00000000099999999985 0.00000000099999999985 0.99999999699999997382 
0.04671656389451128016 0.95207899497915204901 0.00120444012633651415 0.00000000100000000000 
0.00000000099999999986 0.00000000099999999986 0.00000000099999999986 0.99999999700000008485 
0.01273218992484318607 0.98155109164898401986 0.00571671742617265409 0.00000000099999999999 
0.01547326737338409336 0.97379613647512952568 0.01073051821639971030 0.00000007793508668945 
0.99999999700000008485 0.00000000099999999995 0.00000000099999999995 0.00000000099999999995 
0.00000417935957644015 0.99999581864042352830 0.00000000099999999998 0.00000000099999999998 
0.00000000099999999985 0.00000000099999999985 0.00000000099999999985 0.99999999699999997382 
0.00000000099999999987 0.00000000099999999987 0.00000000099999999987 0.99999999700000008485 
0.08733507309044524769 0.89779092383506720054 0.01487400207448754015 0.00000000099999999999 
0.99999999699999997382 0.00000000099999999995 0.00000000099999999995 0.00000000099999999995 
0.00000000099999999989 0.00000000099999999989 0.99999999699999997382 0.00000000099999999989 
0.99999999700000008485 0.00000000099999999996 0.00000000099999999996 0.00000000099999999996 
0.04212936519453055334 0.95666398951803366391 0.00000000100000000000 0.00120664428743568505 
0.00000000099999999984 0.00000000099999999984 0.00000000099999999984 0.99999999699999997382 
0.00000000099999999985 0.00000000099999999985 0.99999999699999997382 0.00000000099999999985 
0.00000000099999999987 0.00000000099999999987 0.00000000099999999987 0.99999999699999997382 
0.00254191746182043984 0.97259736364155380262 0.02165906545370078692 0.00320165344292500488 
0.99999999700000008485 0.00000000099999999995 0.00000000099999999995 0.00000000099999999995 
0.99999999700000008485 0.00000000099999999996 0.00000000099999999996 0.00000000099999999996 
0.23613174090691169127 0.75924281737677568049 0.00462544071631254550 0.00000000099999999999 
0.00631423350512963586 0.96876807824298460936 0.02491768725188576658 0.00000000100000000000 
0.01483978190204180564 0.98515903696585682692 0.00000118013210136128 0.00000000099999999999 
0.02899829540248331783 0.97100170259751661384 0.00000000099999999999 0.00000000099999999999 
0.00066470236159368954 0.99671713486432911289 0.00261816177407713391 0.00000000100000000000 
0.00000000099999999998 0.99999999699999997382 0.00000000099999999998 0.00000000099999999998 
0.01508167285817589923 0.98409886789961853459 0.00081945824220547683 0.00000000099999999999 
0.01339160140570786958 0.97596456757656535608 0.01064383001772665691 0.00000000099999999999 
0.04203141228846379862 0.95796849020134866581 0.00000009500404344802 0.00000000250614420061 
0.99999999699999997382 0.00000000099999999996 0.00000000099999999996 0.00000000099999999996 
0.99995491432776684171 0.00004508367223307201 0.00000000099999999998 0.00000000099999999998 
0.00000000099999999991 0.00000000099999999991 0.00000000099999999991 0.99999999700000008485 
0.99999999700000008485 0.00000000099999999998 0.00000000099999999998 0.00000000099999999998 
0.99999999206870437973 0.00000000593129558625 0.00000000099999999998 0.00000000099999999998 
0.02758301079454231197 0.96192173788134227586 0.01049525032411539882 0.00000000099999999999 
0.00000000099999999982 0.00000000099999999982 0.00000000099999999982 0.99999999700000008485 
0.00000000504609114193 0.99170264487919501661 0.00829734907471379492 0.00000000100000000000 
0.02139695226661812374 0.97013772379242435573 0.00846532294095747768 0.00000000099999999999 
0.00485041970116539389 0.98309368222742377075 0.01004923919928488348 0.00200665887212590939 
0.02915694197279448951 0.96380772201904185703 0.00703533500816362189 0.00000000100000000000 
0.00704572355077494675 0.99200871394697953676 0.00055580319001520919 0.00038975931223030009 
0.04261481430369809531 0.95725332064466694959 0.00013179348397187414 0.00000007156766311706 
0.00204233497034658372 0.98890035066030301802 0.00905731336935039835 0.00000000100000000000 
0.01670106045616542856 0.97203546521744754738 0.01126347332638701418 0.00000000100000000000 
0.01640784956423193761 0.94708693835438884090 0.03207518315211021348 0.00443002892926909475 
0.00789708812558084956 0.97704411793458501023 0.01505879293983412859 0.00000000099999999999 
0.00081828990389135926 0.99918170809610873384 0.00000000099999999999 0.00000000099999999999 
0.02726959564360613431 0.94304286030925377204 0.02872963412429992147 0.00095790992284015537 
0.00000000099999999999 0.98589123252622745675 0.01410876547377246971 0.00000000099999999999 
0.01500886452344227240 0.98432315540007553345 0.00066797907648223284 0.00000000100000000000 
0.00185205157649449966 0.99663695019291576038 0.00151099723058966480 0.00000000099999999999 
0.03773796606738437365 0.96226203193261572455 0.00000000099999999999 0.00000000099999999999 
0.01892949251803425353 0.97009293477402058770 0.01097757170794516277 0.00000000100000000000 
0.04464982737162492832 0.95535017062837512825 0.00000000099999999999 0.00000000099999999999 
0.00766642668782242971 0.99039422776514074442 0.00193934454703683745 0.00000000100000000000 
0.02948971317078300999 0.96808443120802911697 0.00242585462118774737 0.00000000099999999999 
0.02802406634647248984 0.89678985384976039885 0.00710540490749715474 0.06808067489627003810 
0.00748482664818893220 0.99251517135181099860 0.00000000099999999999 0.00000000099999999999 
0.02191938445645856548 0.97808061354354136618 0.00000000099999999998 0.00000000099999999998 
0.03083042916651298690 0.96916855789326905590 0.00000101194021800775 0.00000000099999999998 
0.00240823542821233657 0.97829497488018657414 0.01929678869160114316 0.00000000099999999999 
0.01828149097599165995 0.98171850702400831334 0.00000000099999999998 0.00000000099999999998 
0.00773135553257856857 0.98011526045075481051 0.00853210651952314436 0.00362127749714343970 
0.01568211405623086419 0.97544054539066082921 0.00887733955310816489 0.00000000099999999999 
0.00000000441829272607 0.99699913193123879118 0.00300086265046856744 0.00000000099999999999 
0.03754626339667916507 0.96245373460332073190 0.00000000099999999998 0.00000000099999999998 
0.99999999699999997382 0.00000000099999999996 0.00000000099999999996 0.00000000099999999996 
0.99999996239896393746 0.00000003560103615900 0.00000000099999999998 0.00000000099999999998 
0.00000000099999999988 0.00000000099999999988 0.00000000099999999988 0.99999999700000008485 
0.00000000099999999985 0.00000000099999999985 0.99999999699999997382 0.00000000099999999985 
0.91390203730457719722 0.04630070491559240553 0.03979725677983031451 0.00000000100000000000 
0.01726681153534996571 0.98273318646464991044 0.00000000099999999998 0.00000000099999999998 
0.03219482454161762264 0.96319537163059842921 0.00460980085878682794 0.00000000296899722315 
0.99604392226440008340 0.00000000099999999999 0.00395607573560002694 0.00000000099999999999 
0.02295160934406672432 0.97704838865593335306 0.00000000099999999999 0.00000000099999999999 
0.00334942506133066066 0.98140533123389905867 0.01524524270477026905 0.00000000099999999998 
0.00000000099999999999 0.99384878650706942604 0.00615121149293064180 0.00000000099999999999 
0.00000000099999999984 0.00000000099999999984 0.00000000099999999984 0.99999999699999997382 
0.00000000099999999985 0.00000000099999999985 0.00000000099999999985 0.99999999700000008485 
0.00000000099999999982 0.00000000099999999982 0.00000000099999999982 0.99999999700000008485 
0.00000000099999999983 0.00000000099999999983 0.00000000099999999983 0.99999999700000008485 
0.00000000099999999983 0.00000000099999999983 0.00000000099999999983 0.99999999699999997382 
0.99999999700000008485 0.00000000099999999998 0.00000000099999999998 0.00000000099999999998 
0.00586879661203773464 0.97946878256262870366 0.01466241982533356830 0.00000000100000000000 
0.00000000099999999983 0.00000000099999999983 0.00000000099999999983 0.99999999699999997382 
0.00000000099999999985 0.00000000099999999985 0.00000000099999999985 0.99999999699999997382 
0.00000000099999999985 0.00000000099999999985 0.99999999699999986280 0.00000000099999999985 
0.00000000099999999985 0.00000000099999999985 0.99999999699999997382 0.00000000099999999985 
0.00002770792124508452 0.99997229007875487738 0.00000000099999999999 0.00000000099999999999 
0.00000000099999999984 0.00000000099999999984 0.00000000099999999984 0.99999999699999997382 
0.02053737350806271456 0.97939232167871992374 0.00000001070152299074 0.00007029411169437403 
0.00000000134606194652 0.99758131261702709391 0.00241868503691091991 0.00000000099999999999 
0.96152828844862847646 0.03847170955137148990 0.00000000099999999998 0.00000000099999999998 
0.01542842176862741985 0.98450481287192881386 0.00006676435944375774 0.00000000099999999999 
0.99999999700000008485 0.00000000099999999995 0.00000000099999999995 0.00000000099999999995 
0.02627871234313673351 0.96482587724401758233 0.00889540941284564825 0.00000000099999999999 
0.99999999700000008485 0.00000000099999999995 0.00000000099999999995 0.00000000099999999995 
0.01659716516069027759 0.96288961462092848009 0.02051321921838108325 0.00000000100000000000 
0.00013232317342472778 0.98368738882942008406 0.01618028699715527360 0.00000000100000000000 
0.00000000099999999986 0.00000000099999999986 0.00000000099999999986 0.99999999699999997382 
0.99999999699999997382 0.00000000099999999996 0.00000000099999999996 0.00000000099999999996 
0.00000000099999999983 0.00000000099999999983 0.00000000099999999983 0.99999999699999997382 
0.00000000099999999983 0.00000000099999999983 0.00000000099999999983 0.99999999700000008485 
0.01315450825240971691 0.98554721850831372709 0.00129827223927654937 0.00000000100000000000 
0.03222217125392273090 0.96718056288910181362 0.00059726485697551878 0.00000000099999999999 
0.01169311472455716698 0.98830688327544280458 0.00000000099999999998 0.00000000099999999998 
0.00522033009970779369 0.98855206308242560276 0.00622760581786657892 0.00000000099999999999 
0.01064545016048861273 0.97352873350294111265 0.01582581533657020575 0.00000000099999999999 
0.02239307822679877449 0.96696650947645634844 0.01064041129674478045 0.00000000099999999999 
0.00000000099999999999 0.99999972980340934292 0.00000026819659068436 0.00000000099999999999 
0.99783197477910001716 0.00216802322089996264 0.00000000099999999998 0.00000000099999999998 
0.00000669769191038830 0.99982360199676156842 0.00016969931132808510 0.00000000099999999999 
0.00000000099999999983 0.00000000099999999983 0.00000000099999999983 0.99999999700000008485 
0.00283330165467932538 0.99379307129405536347 0.00337362605126529909 0.00000000100000000000 
0.00000000099999999994 0.00000000099999999994 0.00000000099999999994 0.99999999699999997382 
0.00000000099999999985 0.00000000099999999985 0.00000000099999999985 0.99999999700000008485 
0.02823476232338991906 0.97173832002011950593 0.00002691665649049610 0.00000000099999999999 
0.00000000099999999999 0.98731796441555541577 0.01268203358444452110 0.00000000099999999999 
0.02447157368484939588 0.97552252527159277751 0.00000000100000000000 0.00000590004355795975 
0.00000000099999999987 0.00000000099999999987 0.00000000099999999987 0.99999999700000008485 
0.99999999700000008485 0.00000000099999999996 0.00000000099999999996 0.00000000099999999996 
0.99999999699999997382 0.00000000099999999996 0.00000000099999999996 0.00000000099999999996 
0.00000000099999999985 0.00000000099999999985 0.00000000099999999985 0.99999999700000008485 
0.01116865878207620212 0.97868632517917664160 0.01014501503874698160 0.00000000100000000000 
0.04407478705721872697 0.93985997794219588997 0.01606523400058542522 0.00000000100000000000 
0.00000000099999999986 0.00000000099999999986 0.00000000099999999986 0.99999999700000008485 
0.00949943363022934945 0.97965187026949185345 0.01084869510027871090 0.00000000099999999999 
0.99999999700000008485 0.00000000099999999995 0.00000000099999999995 0.00000000099999999995 
0.23678996173420235882 0.54451593717267210426 0.11194588938785367260 0.10674821170527196146 
0.03212323628074811172 0.96327446970255325986 0.00000000100000000000 0.00460229301669856216 
0.03809740722386246309 0.94588897343032640741 0.01601361834581092186 0.00000000099999999999 
0.00318258551509551955 0.97838739109710215480 0.01843002238780233962 0.00000000099999999999 
0.00027549850721156555 0.98499802669293079482 0.01472647379985763359 0.00000000099999999999 
0.00000000099999999999 0.99395495880235373853 0.00604503919764623737 0.00000000099999999999 
0.01117882831619453066 0.98882116968380551203 0.00000000099999999999 0.00000000099999999999 
0.01053611848398624401 0.97296818419422981261 0.01649569632178389186 0.00000000099999999999 
0.02677368699277411432 0.95665485788445381310 0.00824635083000733841 0.00832510429276470294 
0.99999999700000008485 0.00000000099999999997 0.00000000099999999997 0.00000000099999999997 
0.02287124750159835740 0.96669953999279845114 0.01042921150560308964 0.00000000099999999999 
0.00000000134005871964 0.98979925573734406363 0.01020074192259729125 0.00000000099999999999 
0.04971133798960242905 0.94471354809302054978 0.00557511291737683955 0.00000000100000000000 
0.02145219340089985285 0.97854780459910017942 0.00000000099999999999 0.00000000099999999999 
0.03733324086745890003 0.95468028516843106424 0.00556048804193355964 0.00242598592217640021 
0.00000188641732998090 0.99941167619640369768 0.00058643638626618253 0.00000000099999999999 
0.01898431501183986750 0.97873802354339045628 0.00227766044476966981 0.00000000100000000000 
0.99796502373804618635 0.00203497426195381383 0.00000000099999999998 0.00000000099999999998 
0.02382754194116414384 0.95528934714269808648 0.02088310991613785694 0.00000000099999999999 
0.01016159559592778178 0.97618059734381579240 0.01365780606025643502 0.00000000099999999999 
0.01461438338008992123 0.97404922623892020717 0.00024705120205735661 0.01108933917893251825 
0.99999989290722146595 0.00000010509277847866 0.00000000099999999998 0.00000000099999999998 
0.02966245666500146733 0.95106340877764272701 0.00000021095348493773 0.01927392360387091344 
0.01327119650317301267 0.97416547026653921293 0.01256333223028779054 0.00000000100000000000 
0.48193838703685443203 0.50612952557384627283 0.01193208638929927137 0.00000000099999999999 
0.03040868096926902311 0.96959131703073087039 0.00000000099999999998 0.00000000099999999998 
0.00000000099999999986 0.00000000099999999986 0.00000000099999999986 0.99999999700000008485 
0.02110754370808750821 0.95909869379978462955 0.01979376149212793909 0.00000000099999999999 
0.02964637530801766951 0.96247066987647122982 0.00788295381551108384 0.00000000100000000000 
