0.00000000099999999998 0.00000000099999999998 0.05405582086729018160 0.37012861880449166030 0.56760439441093901713 0.00000000099999999998 0.00000000099999999998 0.00000003293663682142 0.00821112798064219107 0.00000000099999999998 
0.00000000099999999982 0.00000000099999999982 0.00000000099999999982 0.00000000099999999982 0.00000000099999999982 0.00000000099999999982 0.99999999099999992147 0.00000000099999999982 0.00000000099999999982 0.00000000099999999982 
0.00000000099999999992 0.00000000099999999992 0.02402756627664635880 0.00000000099999999992 0.00000000099999999992 0.00000000099999999992 0.53055831402549225029 0.00000000099999999992 0.00000000099999999992 0.44541411269786140847 
0.00000000099999999999 0.00000000099999999999 0.00000000969487439098 0.31486964812807149983 0.11262297675675334019 0.34675272794471706517 0.00000000099999999999 0.18263485609278096167 0.00000000099999999999 0.04311977738280290545 
0.09341470409125558760 0.00000000099999999998 0.00251950798281832178 0.33270117140666410904 0.45550707511996130217 0.11585753639930068681 0.00000000099999999998 0.00000000099999999998 0.00000000099999999998 0.00000000099999999998 
0.00614227940545432078 0.00000000099999999999 0.01221077733815969200 0.25444840409631058753 0.19892203979732570041 0.33162823493513243767 0.00000000099999999999 0.17066774046361932182 0.00057806880639122977 0.02540245315760665881 
0.00000000099999999992 0.00000000099999999992 0.05474827922737036945 0.00000000099999999992 0.00000000099999999992 0.00000000099999999992 0.42697624166506409349 0.00000000099999999992 0.00000000099999999992 0.51827547210756541585 
0.00000000099999999983 0.00000000099999999983 0.00000000099999999983 0.00000000099999999983 0.00000000099999999983 0.00000000099999999983 0.00000000099999999983 0.00000000099999999983 0.00000000099999999983 0.99999999100000003249 
0.00000000099999999992 0.00000000099999999992 0.00000000099999999992 0.00000000099999999992 0.00000000099999999992 0.99999999100000003249 0.00000000099999999992 0.00000000099999999992 0.00000000099999999992 0.00000000099999999992 
0.00000000099999999992 0.00000000099999999992 0.00000000099999999992 0.00000000099999999992 0.00000000099999999992 0.00000000099999999992 0.56415856273596809434 0.00000000099999999992 0.00000000099999999992 0.43584142926403196538 
0.01699610472327396649 0.00000000099999999999 0.00000000099999999999 0.46033925094137823075 0.00000000099999999999 0.51127971082004719516 0.00000000099999999999 0.00000000099999999999 0.00000000099999999999 0.01138492751530065933 
0.00000000099999999998 0.00000000099999999998 0.00000000099999999998 0.35632901778723208297 0.25602171219536196123 0.24725723532105314817 0.01998393072983409638 0.11470128076764463110 0.00570681919887411349 0.00000000099999999998 
0.00000000099999999994 0.00000000099999999994 0.00000000099999999994 0.00000000099999999994 0.99999999100000014352 0.00000000099999999994 0.00000000099999999994 0.00000000099999999994 0.00000000099999999994 0.00000000099999999994 
0.00000000099999999995 0.00000000099999999995 0.00000000099999999995 0.99999999100000003249 0.00000000099999999995 0.00000000099999999995 0.00000000099999999995 0.00000000099999999995 0.00000000099999999995 0.00000000099999999995 
0.00000000099999999991 0.00000000099999999991 0.00000000099999999991 0.99999999100000003249 0.00000000099999999991 0.00000000099999999991 0.00000000099999999991 0.00000000099999999991 0.00000000099999999991 0.00000000099999999991 
0.06463704725445350296 0.00000000099999999999 0.01937661968958369341 0.35413899509635887730 0.20128376954765139772 0.23974455672709205079 0.04906167541751305095 0.04610055249038192554 0.02565658037365876887 0.00000020240330657937 
0.00000000099999999992 0.00000000099999999992 0.00000000099999999992 0.99999999100000003249 0.00000000099999999992 0.00000000099999999992 0.00000000099999999992 0.00000000099999999992 0.00000000099999999992 0.00000000099999999992 
0.01288961092344837606 0.00000000099999999997 0.02030653262854626231 0.41807012630269591025 0.00000000099999999997 0.54873372414530963148 0.00000000099999999997 0.00000000099999999997 0.00000000099999999997 0.00000000099999999997 
0.00000000100000000000 0.00179545227669708441 0.01530740933130060079 0.19757063246893236119 0.33538443885809349210 0.30214574328008858561 0.00002834289961937483 0.14350279517213890279 0.00426518371312959756 0.00000000100000000000 
0.00000000099999999996 0.00000000099999999996 0.01208988078019693213 0.00000000099999999996 0.70491720546271807724 0.00000000099999999996 0.00000000099999999996 0.28299290675708504983 0.00000000099999999996 0.00000000099999999996 
0.00000000099999999998 0.00000000099999999998 0.00169351449269263639 0.22229056064500776757 0.19953435730003521442 0.38581029592230081660 0.00000000099999999998 0.19067126663996361580 0.00000000099999999998 0.00000000099999999998 
0.00000000099999999995 0.00000000099999999995 0.00000000099999999995 0.00000000099999999995 0.00000000099999999995 0.00000000099999999995 0.65376409211379360453 0.00000000099999999995 0.00000000099999999995 0.34623589988620639968 
0.00000000099999999989 0.00000000099999999989 0.00000000099999999989 0.00000000099999999989 0.00000000099999999989 0.00000000099999999989 0.00000000099999999989 0.99999999100000003249 0.00000000099999999989 0.00000000099999999989 
0.99999999100000025454 0.00000000099999999943 0.00000000099999999943 0.00000000099999999943 0.00000000099999999943 0.00000000099999999943 0.00000000099999999943 0.00000000099999999943 0.00000000099999999943 0.00000000099999999943 
0.00000000099999999996 0.00000000099999999996 0.04029458944493702344 0.00000000099999999996 0.53706141601520618334 0.00000000099999999996 0.00000000099999999996 0.42264376234100808905 0.00000000099999999996 0.00000022619884860327 
0.03894709867902394762 0.00000000099999999998 0.01593967241523199310 0.37074742291423989915 0.43766652888649432152 0.13669927210500978920 0.00000000099999999998 0.00000000099999999998 0.00000000099999999998 0.00000000099999999998 
0.00000000099999999960 0.00000000099999999960 0.00000000099999999960 0.00000000099999999960 0.00000000099999999960 0.00000000099999999960 0.00000000099999999960 0.00000000099999999960 0.99999999099999992147 0.00000000099999999960 
0.00000000099999999956 0.00000000099999999956 0.00000000099999999956 0.00000000099999999956 0.00000000099999999956 0.00000000099999999956 0.00000000099999999956 0.00000000099999999956 0.99999999100000003249 0.00000000099999999956 
0.00000000099999999994 0.00000000099999999994 0.00000000099999999994 0.00000000099999999994 0.00000000099999999994 0.99999999100000014352 0.00000000099999999994 0.00000000099999999994 0.00000000099999999994 0.00000000099999999994 
0.00000000099999999990 0.00000000099999999990 0.00000000099999999990 0.99999999100000014352 0.00000000099999999990 0.00000000099999999990 0.00000000099999999990 0.00000000099999999990 0.00000000099999999990 0.00000000099999999990 
0.00000000099999999991 0.00000000099999999991 0.16152416560968024806 0.00000000099999999991 0.00000000099999999991 0.83847582639031992269 0.00000000099999999991 0.00000000099999999991 0.00000000099999999991 0.00000000099999999991 
0.25439222098767860780 0.00000000099999999981 0.00000000099999999981 0.00000000099999999981 0.00000000099999999981 0.00000000099999999981 0.00000000099999999981 0.00000000099999999981 0.00000000099999999981 0.74560777101232111885 
0.64038686672930666965 0.00000000099999999966 0.00000000099999999966 0.00000000099999999966 0.00000000099999999966 0.00000000099999999966 0.00000000099999999966 0.00000000099999999966 0.35961312527069355660 0.00000000099999999966 
0.00000000099999999996 0.00000000099999999996 0.00000000099999999996 0.42543656100973947787 0.00000000099999999996 0.26311912544996418628 0.00000000099999999996 0.31144430654029631178 0.00000000099999999996 0.00000000099999999996 
0.00000000099999999951 0.99999999100000014352 0.00000000099999999951 0.00000000099999999951 0.00000000099999999951 0.00000000099999999951 0.00000000099999999951 0.00000000099999999951 0.00000000099999999951 0.00000000099999999951 
0.00000000099999999941 0.99999999100000014352 0.00000000099999999941 0.00000000099999999941 0.00000000099999999941 0.00000000099999999941 0.00000000099999999941 0.00000000099999999941 0.00000000099999999941 0.00000000099999999941 
0.00000000099999999941 0.99999999100000014352 0.00000000099999999941 0.00000000099999999941 0.00000000099999999941 0.00000000099999999941 0.00000000099999999941 0.00000000099999999941 0.00000000099999999941 0.00000000099999999941 
0.00000000099999999961 0.00000000099999999961 0.00000000099999999961 0.00000000099999999961 0.00000000099999999961 0.00000000099999999961 0.00000000099999999961 0.00000000099999999961 0.99999999100000003249 0.00000000099999999961 
0.00000000099999999955 0.00000000099999999955 0.00000000099999999955 0.00000000099999999955 0.00000000099999999955 0.00000000099999999955 0.00000000099999999955 0.00000000099999999955 0.99999999100000003249 0.00000000099999999955 
0.06750104909154244770 0.00000000099999999998 0.01879887092004291563 0.00000000099999999998 0.45137166538879885946 0.46035149319445978211 0.00000000099999999998 0.00197691640515609184 0.00000000099999999998 0.00000000099999999998 
0.00000000099999999987 0.00000000099999999987 0.00000000099999999987 0.00000000099999999987 0.00000000099999999987 0.00000000099999999987 0.00000000099999999987 0.00000000099999999987 0.00000000099999999987 0.99999999100000003249 
0.00000000099999999958 0.00000000099999999958 0.00000000099999999958 0.00000000099999999958 0.00000000099999999958 0.00000000099999999958 0.00000000099999999958 0.00000000099999999958 0.99999999100000003249 0.00000000099999999958 
0.05332245406795592391 0.00000000099999999998 0.00000000099999999998 0.59213373239598310338 0.32778527118288991460 0.00000000099999999998 0.00000000099999999998 0.00000000107604417082 0.00000000099999999998 0.02675853627712707072 
0.00000000099999999985 0.00000000099999999985 0.00000000099999999985 0.00000000099999999985 0.00000000099999999985 0.00000000099999999985 0.00000000099999999985 0.00000000099999999985 0.00000000099999999985 0.99999999099999992147 
0.00000000099999999963 0.00000000099999999963 0.00000000099999999963 0.00000000099999999963 0.00000000099999999963 0.00000000099999999963 0.00000000099999999963 0.00000000099999999963 0.99999999099999992147 0.00000000099999999963 
0.00000000099999999993 0.00000000099999999993 0.00000000099999999993 0.99999999100000014352 0.00000000099999999993 0.00000000099999999993 0.00000000099999999993 0.00000000099999999993 0.00000000099999999993 0.00000000099999999993 
0.00000000099999999958 0.00000000099999999958 0.00000000099999999958 0.00000000099999999958 0.00000000099999999958 0.00000000099999999958 0.00000000099999999958 0.00000000099999999958 0.99999999100000003249 0.00000000099999999958 
0.00000000099999999993 0.00000000099999999993 0.00000000099999999993 0.00000000099999999993 0.00000000099999999993 0.00000000099999999993 0.58501891613801659808 0.00000000099999999993 0.00000000099999999993 0.41498107586198335062 
0.00000000099999999991 0.00000000099999999991 0.00000000099999999991 0.00000000099999999991 0.00000000099999999991 0.00000000099999999991 0.45980141923429540540 0.00000000099999999991 0.00000000099999999991 0.54019857276570448779 
0.00000000099999999952 0.00000000099999999952 0.00000000099999999952 0.00000000099999999952 0.00000000099999999952 0.00000000099999999952 0.00000000099999999952 0.00000000099999999952 0.99999999100000003249 0.00000000099999999952 
0.00000000099999999956 0.00000000099999999956 0.00000000099999999956 0.00000000099999999956 0.00000000099999999956 0.00000000099999999956 0.00000000099999999956 0.00000000099999999956 0.99999999100000003249 0.00000000099999999956 
0.00000000099999999994 0.00000000099999999994 0.00000000099999999994 0.00000000099999999994 0.00000000099999999994 0.00000000099999999994 0.58316381084672808122 0.00000000099999999994 0.00000000099999999994 0.41683618115327197851 
0.00000000099999999993 0.00000000099999999993 0.00000000099999999993 0.00000000099999999993 0.00000000099999999993 0.00000000099999999993 0.60498296887678837397 0.00000000099999999993 0.00000000099999999993 0.39501702312321168575 
0.00000000099999999994 0.00000000099999999994 0.00000000099999999994 0.00000000099999999994 0.02053182557421831533 0.00000000099999999994 0.35067735755766771266 0.00000000099999999994 0.00000000099999999994 0.62879080986811397569 
0.00000000099999999964 0.00000000099999999964 0.00000000099999999964 0.00000000099999999964 0.00000000099999999964 0.00000000099999999964 0.00000000099999999964 0.00000000099999999964 0.99999999100000003249 0.00000000099999999964 
0.03721979129729093005 0.00000000099999999999 0.00000000099999999999 0.23981847722598306771 0.33450590853941225555 0.19973403152143942574 0.04647331060268641845 0.12932092488352103787 0.01292755292966700671 0.00000000099999999999 
0.00000000099999999993 0.00000000099999999993 0.00000000099999999993 0.00000000099999999993 0.99999999100000014352 0.00000000099999999993 0.00000000099999999993 0.00000000099999999993 0.00000000099999999993 0.00000000099999999993 
0.00000000099999999997 0.00000000099999999997 0.00525803149971204760 0.42909777970864371177 0.24197200130301255161 0.00000000099999999997 0.00000000099999999997 0.30186241140166997221 0.00000000099999999997 0.02180977108696182526 
0.00000000099999999998 0.00000000099999999998 0.03209537185172678386 0.21340939981103237977 0.45577209397839135718 0.29396143212112391119 0.00476169723772558451 0.00000000099999999998 0.00000000099999999998 0.00000000099999999998 
0.00000000099999999986 0.00000000099999999986 0.00000000099999999986 0.00000000099999999986 0.00000000099999999986 0.00000000099999999986 0.00000000099999999986 0.00000000099999999986 0.00000000099999999986 0.99999999099999992147 
0.00000000100000000000 0.00000000100000000000 0.00642208906555495184 0.30671596777206239226 0.32946691952896639544 0.24072662787010576380 0.00000000100000000000 0.11362688628152151082 0.00304150548178897841 0.00000000100000000000 
0.00000000099999999949 0.99999999100000025454 0.00000000099999999949 0.00000000099999999949 0.00000000099999999949 0.00000000099999999949 0.00000000099999999949 0.00000000099999999949 0.00000000099999999949 0.00000000099999999949 
0.00000000099999999990 0.00000000099999999990 0.00000000099999999990 0.00000000099999999990 0.99999999100000003249 0.00000000099999999990 0.00000000099999999990 0.00000000099999999990 0.00000000099999999990 0.00000000099999999990 
0.00000000099999999950 0.99999999100000014352 0.00000000099999999950 0.00000000099999999950 0.00000000099999999950 0.00000000099999999950 0.00000000099999999950 0.00000000099999999950 0.00000000099999999950 0.00000000099999999950 
0.09924160290218080049 0.00000000099999999998 0.02207084325955896431 0.46535621372118129990 0.29085793785183655658 0.09268157460433608386 0.02979182366090621717 0.00000000099999999998 0.00000000099999999998 0.00000000099999999998 
0.00000000099999999951 0.99999999100000025454 0.00000000099999999951 0.00000000099999999951 0.00000000099999999951 0.00000000099999999951 0.00000000099999999951 0.00000000099999999951 0.00000000099999999951 0.00000000099999999951 
0.00000000099999999997 0.00000000099999999997 0.06426444961105121090 0.26184677598774469542 0.15507872273017800357 0.24216773944785943695 0.00000000099999999997 0.27664230722316679456 0.00000000099999999997 0.00000000099999999997 
0.00000000099999999986 0.00000000099999999986 0.00000000099999999986 0.00000000099999999986 0.00000000099999999986 0.00000000099999999986 0.00000000099999999986 0.99999999099999992147 0.00000000099999999986 0.00000000099999999986 
0.00000000099999999979 0.00000000099999999979 0.00000000099999999979 0.00000000099999999979 0.00000000099999999979 0.00000000099999999979 0.99999999099999992147 0.00000000099999999979 0.00000000099999999979 0.00000000099999999979 
0.00826210252940546945 0.00000000099999999997 0.01680334149730268456 0.34630071101432069458 0.17599368790596806034 0.25772233668842536858 0.00000000099999999997 0.19491781636457769511 0.00000000099999999997 0.00000000099999999997 
0.00000000099999999951 0.99999999100000025454 0.00000000099999999951 0.00000000099999999951 0.00000000099999999951 0.00000000099999999951 0.00000000099999999951 0.00000000099999999951 0.00000000099999999951 0.00000000099999999951 
0.00000000099999999955 0.99999999100000014352 0.00000000099999999955 0.00000000099999999955 0.00000000099999999955 0.00000000099999999955 0.00000000099999999955 0.00000000099999999955 0.00000000099999999955 0.00000000099999999955 
0.00000000099999999999 0.00000000099999999999 0.00324482085924083022 0.31435437665729820678 0.39782565099587996471 0.00563669899300504353 0.00000000099999999999 0.18775254046853193102 0.00412246782795736531 0.08706344119808666349 
0.00000000099999999987 0.00000000099999999987 0.00000000099999999987 0.00000000099999999987 0.00000000099999999987 0.00000000099999999987 0.00000000099999999987 0.00000000099999999987 0.00000000099999999987 0.99999999099999992147 
0.00000000099999999965 0.00000000099999999965 0.00000000099999999965 0.00000000099999999965 0.00000000099999999965 0.00000000099999999965 0.00000000099999999965 0.00000000099999999965 0.99999999100000003249 0.00000000099999999965 
0.00000000099999999985 0.00000000099999999985 0.00000000099999999985 0.00000000099999999985 0.00000000099999999985 0.00000000099999999985 0.00000000099999999985 0.00000000099999999985 0.00000000099999999985 0.99999999100000003249 
0.02286949724998741523 0.00000000099999999999 0.02683366336120219728 0.17218712059169183348 0.11203873056322657953 0.38357943296525837118 0.00031996987812972835 0.25625588877653793229 0.00000000099999999999 0.02591569461396601645 
0.00000000099999999946 0.99999999100000025454 0.00000000099999999946 0.00000000099999999946 0.00000000099999999946 0.00000000099999999946 0.00000000099999999946 0.00000000099999999946 0.00000000099999999946 0.00000000099999999946 
0.00000000099999999948 0.00000000099999999948 0.00000000099999999948 0.00000000099999999948 0.00000000099999999948 0.00000000099999999948 0.00000000099999999948 0.00000000099999999948 0.99999999100000003249 0.00000000099999999948 
0.00000000099999999957 0.99999999100000025454 0.00000000099999999957 0.00000000099999999957 0.00000000099999999957 0.00000000099999999957 0.00000000099999999957 0.00000000099999999957 0.00000000099999999957 0.00000000099999999957 
0.00000000099999999991 0.00000000099999999991 0.00000000099999999991 0.00000000099999999991 0.99999999100000014352 0.00000000099999999991 0.00000000099999999991 0.00000000099999999991 0.00000000099999999991 0.00000000099999999991 
0.00000000099999999976 0.00000000099999999976 0.00000000099999999976 0.00000000099999999976 0.00000000099999999976 0.00000000099999999976 0.99999999099999992147 0.00000000099999999976 0.00000000099999999976 0.00000000099999999976 
0.00000000099999999991 0.00000000099999999991 0.00000000099999999991 0.00000000099999999991 0.00000000099999999991 0.00000000099999999991 0.61804636280812519367 0.00000000099999999991 0.00000000099999999991 0.38195362919187492157 
0.06344483458084443361 0.00000000099999999996 0.00000000099999999996 0.00000000099999999996 0.00000000099999999996 0.70168552043607546054 0.23486963798308016504 0.00000000099999999996 0.00000000099999999996 0.00000000099999999996 
0.05569977303228165755 0.00000000099999999999 0.00000000099999999999 0.18704225574743615912 0.25470671833583929944 0.23255716719949331983 0.00000000099999999999 0.24621751238609390633 0.02377606900609023285 0.00000050129276529647 
0.00000000099999999997 0.00000000099999999997 0.02671371247843734933 0.37305814318962537968 0.29326006508640350967 0.29066032509491840363 0.01630773527642854007 0.00000001487418690895 0.00000000099999999997 0.00000000099999999997 
0.00152986064133950436 0.00000000099999999998 0.01931305248311044817 0.18032969814491764393 0.17823214800868139585 0.40052500638995397475 0.00000002605566799496 0.19880979176078186765 0.00000000099999999998 0.02126041451554725251 
0.07518314910305273768 0.00000000099999999998 0.00000000099999999998 0.00000000099999999998 0.24341609123824758942 0.68140075265869981536 0.00000000099999999998 0.00000000099999999998 0.00000000099999999998 0.00000000099999999998 
0.00000000099999999991 0.00000000099999999991 0.00000000099999999991 0.99999999100000003249 0.00000000099999999991 0.00000000099999999991 0.00000000099999999991 0.00000000099999999991 0.00000000099999999991 0.00000000099999999991 
0.00000026467946338689 0.00000000099999999996 0.00000000099999999996 0.00000000099999999996 0.38284484853703287799 0.61711953434071609159 0.00000000099999999996 0.00000000099999999996 0.00000000099999999996 0.00003534644278762670 
0.00000000099999999991 0.00000000099999999991 0.00000000099999999991 0.00000000099999999991 0.99999999100000003249 0.00000000099999999991 0.00000000099999999991 0.00000000099999999991 0.00000000099999999991 0.00000000099999999991 
0.01546538552687763517 0.00000000099999999998 0.00000000099999999998 0.41664041324307948821 0.19338494915879955727 0.32617262076962633133 0.00000000099999999998 0.00000010378347095315 0.00000000099999999998 0.04833652351814614334 
0.00000000099999999993 0.00000000099999999993 0.00000000099999999993 0.00000000099999999993 0.00000000099999999993 0.00000000099999999993 0.34190544858839999609 0.00000000099999999993 0.00000000099999999993 0.65809454341160000812 
0.00000000099999999985 0.00000000099999999985 0.00000000099999999985 0.00000000099999999985 0.00000000099999999985 0.00000000099999999985 0.99999999099999992147 0.00000000099999999985 0.00000000099999999985 0.00000000099999999985 
0.00000000099999999970 0.99999999100000025454 0.00000000099999999970 0.00000000099999999970 0.00000000099999999970 0.00000000099999999970 0.00000000099999999970 0.00000000099999999970 0.00000000099999999970 0.00000000099999999970 
0.00000000099999999990 0.00000000099999999990 0.00000000099999999990 0.00000000099999999990 0.00000000099999999990 0.00000000099999999990 0.00000000099999999990 0.00000000099999999990 0.00000000099999999990 0.99999999100000003249 
0.00000000099999999997 0.00000000099999999997 0.00000000099999999997 0.00000000099999999997 0.01474069544640172272 0.00000000099999999997 0.33834729352377684863 0.00000000099999999997 0.00000000099999999997 0.64691200402982129702 
0.01388281416594232785 0.00000000099999999999 0.00777764428895148709 0.22797565703662170389 0.24369187638724762457 0.35913597924929641092 0.00000000099999999999 0.12846068266832103011 0.00104962651050562097 0.01802571769311388933 
0.00000000099999999940 0.99999999100000014352 0.00000000099999999940 0.00000000099999999940 0.00000000099999999940 0.00000000099999999940 0.00000000099999999940 0.00000000099999999940 0.00000000099999999940 0.00000000099999999940 
0.00000000099999999998 0.00000000099999999998 0.00000000099999999998 0.30106337184038384214 0.00000000099999999998 0.58064163270319968380 0.00000000099999999998 0.11829498845641638061 0.00000000099999999998 0.00000000099999999998 
0.00000000099999999991 0.00000000099999999991 0.00000000099999999991 0.00000000099999999991 0.00000000099999999991 0.99999999100000014352 0.00000000099999999991 0.00000000099999999991 0.00000000099999999991 0.00000000099999999991 
0.04339889221111851297 0.00000000099999999999 0.00703873007269917913 0.28684002383651924228 0.17708297648688514636 0.13877490056973360022 0.00000000099999999999 0.34671819810170162457 0.00014627572134259771 0.00000000099999999999 
0.00001998753574823200 0.00000000099999999999 0.00691037014769269389 0.20242767047934526192 0.19844992395132485252 0.29823176213542690327 0.00000000099999999999 0.26295391258684219782 0.00000000099999999999 0.03100637016361989032 
0.17763847885364811297 0.00000000099999999992 0.00000000099999999992 0.00000000099999999992 0.82236151314635197451 0.00000000099999999992 0.00000000099999999992 0.00000000099999999992 0.00000000099999999992 0.00000000099999999992 
0.10476534815862753591 0.00000000099999999996 0.00000000099999999996 0.89523464384137252381 0.00000000099999999996 0.00000000099999999996 0.00000000099999999996 0.00000000099999999996 0.00000000099999999996 0.00000000099999999996 
0.00000000237878843579 0.00000000099999999998 0.00000000099999999998 0.37920606876213958092 0.19107471571766415641 0.00000000099999999998 0.00000000099999999998 0.42971920714140793285 0.00000000099999999998 0.00000000099999999998 
0.00275287955087250751 0.00000000099999999999 0.03595078807404776533 0.40052583357258364494 0.16360434390542077931 0.17645714229822356822 0.00909908203095765103 0.21160992756789406832 0.00000000099999999999 0.00000000099999999999 
0.02913002836936582143 0.00000000100000000000 0.00480291639738931412 0.32725278891298609230 0.17763311688883529071 0.10753114440201898272 0.00923914412093859543 0.31799175907904081440 0.02641909982942490520 0.00000000100000000000 
0.00000000099999999992 0.00000000099999999992 0.00000000099999999992 0.00000000099999999992 0.00000000099999999992 0.99999999100000014352 0.00000000099999999992 0.00000000099999999992 0.00000000099999999992 0.00000000099999999992 
0.00000000099999999994 0.00000000099999999994 0.00000000099999999994 0.60019864639133357898 0.39980134560866648075 0.00000000099999999994 0.00000000099999999994 0.00000000099999999994 0.00000000099999999994 0.00000000099999999994 
0.00000000099999999989 0.00000000099999999989 0.00000000099999999989 0.00000000099999999989 0.00000000099999999989 0.00000000099999999989 0.00000000099999999989 0.99999999099999992147 0.00000000099999999989 0.00000000099999999989 
0.00000000099999999997 0.00000000099999999997 0.00000000099999999997 0.00000000099999999997 0.52655907861096007405 0.46944657262893713101 0.00000000099999999997 0.00000000099999999997 0.00399434176010272229 0.00000000099999999997 
0.00000000099999999986 0.00000000099999999986 0.00000000099999999986 0.00000000099999999986 0.00000000099999999986 0.00000000099999999986 0.00000000099999999986 0.99999999100000003249 0.00000000099999999986 0.00000000099999999986 
0.07427069290567180071 0.00000000099999999995 0.00000000099999999995 0.00000000099999999995 0.00000000099999999995 0.32864404804648333913 0.00000000099999999995 0.59708525204784479445 0.00000000099999999995 0.00000000099999999995 
0.18413597082554999940 0.00000000099999999994 0.00000000099999999994 0.00000000099999999994 0.81586402117445011584 0.00000000099999999994 0.00000000099999999994 0.00000000099999999994 0.00000000099999999994 0.00000000099999999994 
0.02089162241431123321 0.00000000099999999999 0.01609870064289072034 0.43284755734851426690 0.00000000099999999999 0.20714555253552111025 0.00000000099999999999 0.32297510664209322373 0.00004145641666934572 0.00000000099999999999 
0.00460327948649197610 0.00000000099999999998 0.00000000099999999998 0.52055592630577496305 0.20681426853879372740 0.21375175698057671814 0.05427476368836265525 0.00000000099999999998 0.00000000099999999998 0.00000000099999999998 
0.04259090530999519453 0.00000000099999999998 0.01910730085954000929 0.39104693528382311607 0.00000032690999956290 0.33138965625941396720 0.00000000099999999998 0.21586487137722823459 0.00000000099999999998 0.00000000099999999998 
0.00002737593091783517 0.00000000099999999997 0.00000000099999999997 0.55564213283926444653 0.00000000099999999997 0.42185914243120586908 0.02247134279861192838 0.00000000099999999997 0.00000000099999999997 0.00000000099999999997 
0.06284675927222888037 0.06893171398200091671 0.00000000100000000000 0.20585993448186984400 0.28433682766910139961 0.18817268402923786885 0.00013134956858880072 0.17612908007191077631 0.00252990769088571026 0.01106174223417593500 
0.02000383339231104687 0.00000000099999999997 0.01495580121694343838 0.39974371246174233985 0.41702934295931604058 0.00000000099999999997 0.00000000099999999997 0.14826730496968731909 0.00000000099999999997 0.00000000099999999997 
0.15232090198993206154 0.00000000099999999994 0.00000000099999999994 0.00000000099999999994 0.00000000099999999994 0.84767909001006791492 0.00000000099999999994 0.00000000099999999994 0.00000000099999999994 0.00000000099999999994 
0.07807042644132085318 0.00000000099999999997 0.02946755909647928717 0.68253795843697573353 0.20992403980957205500 0.00000000099999999997 0.00000000099999999997 0.00000000099999999997 0.00000000099999999997 0.00000001121565221587 
0.02307302287333449706 0.00000000099999999998 0.02312626134953275903 0.41273340067234098871 0.24730238573253185419 0.00000000099999999998 0.00000000099999999998 0.28853881065907943659 0.00522611471318067469 0.00000000099999999998 
0.01514730564979830177 0.00000000099999999997 0.00000000099999999997 0.16422275587082404980 0.36681236146357115713 0.25891190396525670669 0.01259203634029962618 0.18231363271025011197 0.00000000099999999997 0.00000000099999999997 
0.11620518351508429822 0.00000000099999999999 0.00000000099999999999 0.46463297733852382265 0.26836932459789836214 0.06363654540481777921 0.00000000099999999999 0.08715596414367571265 0.00000000099999999999 0.00000000099999999999 
0.03771927225556682278 0.00000000099999999998 0.02086004425531309478 0.24316699236983826959 0.27028624818466712165 0.35472010372710066628 0.00000000099999999998 0.05139965614805775546 0.00172305375097960272 0.02012462730847661488 
0.00000000099999999985 0.00000000099999999985 0.00000000099999999985 0.00000000099999999985 0.00000000099999999985 0.00000000099999999985 0.00000000099999999985 0.99999999099999992147 0.00000000099999999985 0.00000000099999999985 
0.00000000099999999990 0.00000000099999999990 0.00000000099999999990 0.00000000099999999990 0.00000000099999999990 0.99999999100000003249 0.00000000099999999990 0.00000000099999999990 0.00000000099999999990 0.00000000099999999990 
0.00000000099999999983 0.00000000099999999983 0.00000000099999999983 0.00000000099999999983 0.00000000099999999983 0.00000000099999999983 0.99999999099999992147 0.00000000099999999983 0.00000000099999999983 0.00000000099999999983 
0.00000000099999999990 0.00000000099999999990 0.00000000099999999990 0.00000000099999999990 0.00000000099999999990 0.00000000099999999990 0.00000000099999999990 0.00000000099999999990 0.00000000099999999990 0.99999999100000003249 
0.00000000099999999961 0.99999999100000025454 0.00000000099999999961 0.00000000099999999961 0.00000000099999999961 0.00000000099999999961 0.00000000099999999961 0.00000000099999999961 0.00000000099999999961 0.00000000099999999961 
0.00000000099999999950 0.00000000099999999950 0.00000000099999999950 0.00000000099999999950 0.00000000099999999950 0.00000000099999999950 0.00000000099999999950 0.00000000099999999950 0.99999999099999992147 0.00000000099999999950 
0.00000000099999999997 0.00000000099999999997 0.11819666194088139510 0.00000000099999999997 0.00000000099999999997 0.00000000099999999997 0.39771991710473608705 0.00000000099999999997 0.00000000099999999997 0.48408341395438264643 
0.00377497300539326574 0.00000000099999999998 0.00594997926832470034 0.00000000099999999998 0.41910416456442267652 0.33386597460554823247 0.00000000099999999998 0.23730490355631098098 0.00000000099999999998 0.00000000099999999998 
0.00000000099999999988 0.00000000099999999988 0.00000000099999999988 0.00000000099999999988 0.00000000099999999988 0.00000000099999999988 0.00000000099999999988 0.99999999099999992147 0.00000000099999999988 0.00000000099999999988 
0.00000000099999999986 0.00000000099999999986 0.00000000099999999986 0.00000000099999999986 0.00000000099999999986 0.00000000099999999986 0.99999999099999992147 0.00000000099999999986 0.00000000099999999986 0.00000000099999999986 
0.00000001653297016143 0.00000000099999999998 0.00000000099999999998 0.30313555477358916646 0.32889863199986379971 0.00000000099999999998 0.00000000099999999998 0.35628477845921674438 0.00000000099999999998 0.01168101323436024873 
0.03675201242165369864 0.00000000099999999998 0.00257738384037957489 0.34218964663210982291 0.31807497029838022184 0.00000000099999999998 0.00000000099999999998 0.29176786696853135306 0.00863811583894521888 0.00000000099999999998 
0.00000000099999999996 0.00000000099999999996 0.03522191651395244899 0.62855633949245792724 0.00000000099999999996 0.33622173699358970378 0.00000000099999999996 0.00000000099999999996 0.00000000099999999996 0.00000000099999999996 
0.00000000099999999947 0.99999999100000014352 0.00000000099999999947 0.00000000099999999947 0.00000000099999999947 0.00000000099999999947 0.00000000099999999947 0.00000000099999999947 0.00000000099999999947 0.00000000099999999947 
0.00000000099999999950 0.99999999100000014352 0.00000000099999999950 0.00000000099999999950 0.00000000099999999950 0.00000000099999999950 0.00000000099999999950 0.00000000099999999950 0.00000000099999999950 0.00000000099999999950 
0.00000000099999999941 0.99999999100000014352 0.00000000099999999941 0.00000000099999999941 0.00000000099999999941 0.00000000099999999941 0.00000000099999999941 0.00000000099999999941 0.00000000099999999941 0.00000000099999999941 
0.00000000099999999942 0.99999999100000014352 0.00000000099999999942 0.00000000099999999942 0.00000000099999999942 0.00000000099999999942 0.00000000099999999942 0.00000000099999999942 0.00000000099999999942 0.00000000099999999942 
0.00000000099999999944 0.99999999100000014352 0.00000000099999999944 0.00000000099999999944 0.00000000099999999944 0.00000000099999999944 0.00000000099999999944 0.00000000099999999944 0.00000000099999999944 0.00000000099999999944 
0.00000000099999999995 0.00000000099999999995 0.01188061954207688016 0.00000000099999999995 0.00000000099999999995 0.00000000099999999995 0.59304022067255601769 0.00000000099999999995 0.00000000099999999995 0.39507915278536714920 
0.03536841045991685056 0.00000000099999999999 0.00206541658832604157 0.22798885193085022260 0.42811575210993524365 0.29931680733266846639 0.00016742797482296556 0.00000000099999999999 0.00697733060348043090 0.00000000099999999999 
0.00000000099999999943 0.99999999100000014352 0.00000000099999999943 0.00000000099999999943 0.00000000099999999943 0.00000000099999999943 0.00000000099999999943 0.00000000099999999943 0.00000000099999999943 0.00000000099999999943 
0.00000000099999999952 0.99999999100000014352 0.00000000099999999952 0.00000000099999999952 0.00000000099999999952 0.00000000099999999952 0.00000000099999999952 0.00000000099999999952 0.00000000099999999952 0.00000000099999999952 
0.00000000099999999949 0.00000000099999999949 0.00000000099999999949 0.00000000099999999949 0.00000000099999999949 0.00000000099999999949 0.00000000099999999949 0.00000000099999999949 0.99999999100000003249 0.00000000099999999949 
0.00000000099999999949 0.00000000099999999949 0.00000000099999999949 0.00000000099999999949 0.00000000099999999949 0.00000000099999999949 0.00000000099999999949 0.00000000099999999949 0.99999999099999992147 0.00000000099999999949 
0.00000000099999999990 0.00000000099999999990 0.00000000099999999990 0.00000000099999999990 0.00000000099999999990 0.99999999100000003249 0.00000000099999999990 0.00000000099999999990 0.00000000099999999990 0.00000000099999999990 
0.00000000099999999947 0.99999999100000025454 0.00000000099999999947 0.00000000099999999947 0.00000000099999999947 0.00000000099999999947 0.00000000099999999947 0.00000000099999999947 0.00000000099999999947 0.00000000099999999947 
0.00035891929753243329 0.00000000099999999999 0.00765550320182078678 0.23119286115161646888 0.35196667138559323273 0.30866158463335502393 0.00000000099999999999 0.07303624572037709095 0.00000000099999999999 0.02712821160970499412 
0.00000000099999999993 0.00000000099999999993 0.00000000099999999993 0.99999999100000003249 0.00000000099999999993 0.00000000099999999993 0.00000000099999999993 0.00000000099999999993 0.00000000099999999993 0.00000000099999999993 
0.00000000099999999992 0.00000000099999999992 0.00000000099999999992 0.00000000099999999992 0.00000000099999999992 0.00000000099999999992 0.00000000099999999992 0.00000000099999999992 0.00000000099999999992 0.99999999100000003249 
0.02567193404481933963 0.00000000099999999998 0.00883966246871403447 0.19211757701449833080 0.34521751979928255727 0.28477606835039409594 0.01700243291730477863 0.12637480240498691342 0.00000000099999999998 0.00000000099999999998 
0.00000000099999999983 0.00000000099999999983 0.00000000099999999983 0.00000000099999999983 0.00000000099999999983 0.00000000099999999983 0.00000000099999999983 0.00000000099999999983 0.00000000099999999983 0.99999999100000003249 
0.07323053464438926408 0.00000000099999999997 0.04858957637389710316 0.22480815579603657950 0.44888396261937607568 0.00000282937333288925 0.00000000099999999997 0.20448493719296809146 0.00000000099999999997 0.00000000099999999997 
0.00000000099999999985 0.00000000099999999985 0.00000000099999999985 0.00000000099999999985 0.00000000099999999985 0.00000000099999999985 0.00000000099999999985 0.00000000099999999985 0.00000000099999999985 0.99999999100000003249 
0.00000000099999999988 0.00000000099999999988 0.00000000099999999988 0.00000000099999999988 0.00000000099999999988 0.00000000099999999988 0.00000000099999999988 0.99999999100000003249 0.00000000099999999988 0.00000000099999999988 
0.02651541182811089151 0.00000000099999999999 0.03441211582116356776 0.28566527867230900872 0.28133919815762337135 0.31347801250044238230 0.00000000099999999999 0.05206991676091857896 0.00652006325943213505 0.00000000099999999999 
0.00000000099999999952 0.99999999100000014352 0.00000000099999999952 0.00000000099999999952 0.00000000099999999952 0.00000000099999999952 0.00000000099999999952 0.00000000099999999952 0.00000000099999999952 0.00000000099999999952 
0.00000000099999999984 0.00000000099999999984 0.00000000099999999984 0.00000000099999999984 0.00000000099999999984 0.00000000099999999984 0.00000000099999999984 0.00000000099999999984 0.00000000099999999984 0.99999999100000003249 
0.00000000099999999944 0.99999999100000025454 0.00000000099999999944 0.00000000099999999944 0.00000000099999999944 0.00000000099999999944 0.00000000099999999944 0.00000000099999999944 0.00000000099999999944 0.00000000099999999944 
0.00000000099999999943 0.99999999100000025454 0.00000000099999999943 0.00000000099999999943 0.00000000099999999943 0.00000000099999999943 0.00000000099999999943 0.00000000099999999943 0.00000000099999999943 0.00000000099999999943 
0.00000000099999999992 0.00000000099999999992 0.00000000099999999992 0.99999999100000003249 0.00000000099999999992 0.00000000099999999992 0.00000000099999999992 0.00000000099999999992 0.00000000099999999992 0.00000000099999999992 
0.00000000099999999998 0.00000000099999999998 0.02055477444753323057 0.18176765598634611609 0.21420253803610406207 0.42582316487921029191 0.02447687508908280921 0.13317482805351951725 0.00000000099999999998 0.00000016050820408350 
0.04123242225644160180 0.00000000099999999997 0.00000000099999999997 0.32954293117052368967 0.35581453873269214272 0.10711583745961790470 0.00000000099999999997 0.16629426538072480946 0.00000000099999999997 0.00000000099999999997 
0.03782253520883756964 0.00000000099999999998 0.00000000099999999998 0.23741335989610701240 0.19541030434135608918 0.39416414260383214607 0.00000000099999999998 0.13518965294986720616 0.00000000099999999998 0.00000000099999999998 
0.05993009814963714404 0.00000000099999999998 0.03657674737403880660 0.33929469694531905199 0.00001671799120504604 0.37286185655018699858 0.00000000099999999998 0.19131987898961311245 0.00000000099999999998 0.00000000099999999998 
0.09765396837882830972 0.00000000099999999997 0.02605610192134728484 0.00817629963340952767 0.00000179682907727484 0.51531364705591675701 0.00000000099999999997 0.35279818218142094954 0.00000000099999999997 0.00000000099999999997 
0.00000000099999999995 0.00000000099999999995 0.00000000099999999995 0.00000000099999999995 0.42197823190310740360 0.57802176009689276714 0.00000000099999999995 0.00000000099999999995 0.00000000099999999995 0.00000000099999999995 
