0.00075544719353138159 0.02073444992086761335 0.00000000099999999999 0.00000000099999999999 0.38948836173132139749 0.00000000099999999999 0.00000000099999999999 0.32012978586264378977 0.26889195129163573350 
0.00000000099999999993 0.00000000099999999993 0.99999999200000000421 0.00000000099999999993 0.00000000099999999993 0.00000000099999999993 0.00000000099999999993 0.00000000099999999993 0.00000000099999999993 
0.00000000099999999992 0.00000000099999999992 0.99999999200000000421 0.00000000099999999992 0.00000000099999999992 0.00000000099999999992 0.00000000099999999992 0.00000000099999999992 0.00000000099999999992 
0.00000000099999999998 0.00000000099999999998 0.03032843536833726081 0.00000000099999999998 0.28048981018603630355 0.00000000099999999998 0.25933875629691754972 0.03125296056337054790 0.39859003358533828809 
0.15412921396033849031 0.00000000099999999999 0.00000000099999999999 0.00000000099999999999 0.17562049365688509051 0.00000000099999999999 0.33961234772220444400 0.11026816662957403259 0.22036977403099786144 
0.05640571222219531444 0.00000000099999999997 0.00000000123203433380 0.00000000099999999997 0.60553943198291948491 0.00000000099999999997 0.00000000099999999997 0.00000000099999999997 0.33805484956285103415 
0.00000000099999999994 0.00000000099999999994 0.99999999200000000421 0.00000000099999999994 0.00000000099999999994 0.00000000099999999994 0.00000000099999999994 0.00000000099999999994 0.00000000099999999994 
0.00000000099999999990 0.00000000099999999990 0.99999999200000011523 0.00000000099999999990 0.00000000099999999990 0.00000000099999999990 0.00000000099999999990 0.00000000099999999990 0.00000000099999999990 
0.04264183539108279408 0.01190828233325312395 0.00000000099999999998 0.00000000099999999998 0.53944781234297956019 0.00000000099999999998 0.40600206493268464758 0.00000000099999999998 0.00000000099999999998 
0.00000000099999999993 0.00000000099999999993 0.99999999200000000421 0.00000000099999999993 0.00000000099999999993 0.00000000099999999993 0.00000000099999999993 0.00000000099999999993 0.00000000099999999993 
0.01188554081723609997 0.00185643953358040196 0.00000000099999999999 0.00000000099999999999 0.00000000099999999999 0.00000000099999999999 0.30567459612087027887 0.39978924460472636815 0.28079417492358688113 
0.08726026813356679845 0.00296205590541684079 0.00774042958689453650 0.00000000099999999997 0.33608641013807938336 0.00000000099999999997 0.05937230713483548222 0.28782037726553127976 0.21875814983567548611 
0.12917176594611090579 0.00000000099999999997 0.00000000099999999997 0.00000000099999999997 0.00000000099999999997 0.00000000099999999997 0.31479989421633020052 0.00000000099999999997 0.55602833383755889685 
0.04946757672470818851 0.00366875583199536030 0.00000000099999999998 0.00000000099999999998 0.34139392457124195790 0.00000000099999999998 0.00000000099999999998 0.43076601695565125416 0.17470372191640323734 
0.00000000099999999990 0.00000000099999999990 0.00000000099999999990 0.00000000099999999990 0.00000000099999999990 0.00000000099999999990 0.00000000099999999990 0.99999999199999989319 0.00000000099999999990 
0.11626849904389548185 0.02516369316199461650 0.04768769199284960542 0.00000000099999999998 0.37347635795263828262 0.00000000099999999998 0.18579737137781346390 0.17297595362853521173 0.07863043084227329393 
0.00000000099999999988 0.00000000099999999988 0.00000000099999999988 0.00000000099999999988 0.00000000099999999988 0.00000000099999999988 0.00000000099999999988 0.99999999199999989319 0.00000000099999999988 
0.00000000099999999998 0.00000000099999999998 0.00000000099999999998 0.00000000099999999998 0.52032739717261045076 0.00000000099999999998 0.17331240321762911294 0.30636019360976035619 0.00000000099999999998 
0.00000000099999999998 0.00191399529975290190 0.00000000099999999998 0.00000000099999999998 0.54384984820705251085 0.00000000099999999998 0.21072725977218748072 0.00000000099999999998 0.24350889172100723123 
0.00000000099999999989 0.00000000099999999989 0.00000000099999999989 0.00000000099999999989 0.00000000099999999989 0.00000000099999999989 0.99999999199999989319 0.00000000099999999989 0.00000000099999999989 
0.00000014991770161027 0.00000000099999999998 0.00000000099999999998 0.00000000099999999998 0.30965981402495246222 0.00000000099999999998 0.17239690622943282250 0.29083777208236766265 0.22710535374554549626 
0.00000000099999999995 0.00000000099999999995 0.99709218669366861398 0.00000000099999999995 0.00000000099999999995 0.00000000099999999995 0.00000000099999999995 0.00290780630633148771 0.00000000099999999995 
0.07685833811097421420 0.00000000099999999998 0.01459938777785342069 0.00000000099999999998 0.24308593177010226483 0.00000000099999999998 0.21149568373608843008 0.28817725837655167043 0.16578339722842999615 
0.99999999200000011523 0.00000000099999999960 0.00000000099999999960 0.00000000099999999960 0.00000000099999999960 0.00000000099999999960 0.00000000099999999960 0.00000000099999999960 0.00000000099999999960 
0.00000000099999999996 0.00000000099999999996 0.01911661111248915898 0.00000000099999999996 0.00000000099999999996 0.00000000099999999996 0.39898013597728665403 0.36330317117725002829 0.21860007673297418562 
0.00000000099999999991 0.00000000099999999991 0.00000000099999999991 0.00000000099999999991 0.00000000099999999991 0.00000000099999999991 0.00000000099999999991 0.00000000099999999991 0.99999999200000000421 
0.00000000099999999966 0.99999999200000011523 0.00000000099999999966 0.00000000099999999966 0.00000000099999999966 0.00000000099999999966 0.00000000099999999966 0.00000000099999999966 0.00000000099999999966 
0.00000000099999999962 0.99999999200000011523 0.00000000099999999962 0.00000000099999999962 0.00000000099999999962 0.00000000099999999962 0.00000000099999999962 0.00000000099999999962 0.00000000099999999962 
0.00000000099999999990 0.00000000099999999990 0.00000000099999999990 0.00000000099999999990 0.00000000099999999990 0.00000000099999999990 0.00000000099999999990 0.00000000099999999990 0.99999999199999989319 
0.00000000099999999989 0.00000000099999999989 0.00000000099999999989 0.00000000099999999989 0.00000000099999999989 0.00000000099999999989 0.00000000099999999989 0.00000000099999999989 0.99999999200000000421 
0.07983345416748136025 0.00000000099999999996 0.00201162325110612215 0.00000000099999999996 0.51650631980742767180 0.00000000099999999996 0.00000000099999999996 0.00000000099999999996 0.40164859777398503882 
0.16307493555622779025 0.00000000099999999986 0.83692505744377221344 0.00000000099999999986 0.00000000099999999986 0.00000000099999999986 0.00000000099999999986 0.00000000099999999986 0.00000000099999999986 
0.63144141647441875964 0.36855857652558138282 0.00000000099999999975 0.00000000099999999975 0.00000000099999999975 0.00000000099999999975 0.00000000099999999975 0.00000000099999999975 0.00000000099999999975 
0.00000000099999999995 0.00000000099999999995 0.00000000099999999995 0.00000000099999999995 0.34494647459006666512 0.00000000099999999995 0.19998660141044943828 0.45506691799948378874 0.00000000099999999995 
0.00000000099999999954 0.00000000099999999954 0.00000000099999999954 0.00000000099999999954 0.00000000099999999954 0.99999999200000011523 0.00000000099999999954 0.00000000099999999954 0.00000000099999999954 
0.00000000099999999946 0.00000000099999999946 0.00000000099999999946 0.99999999200000011523 0.00000000099999999946 0.00000000099999999946 0.00000000099999999946 0.00000000099999999946 0.00000000099999999946 
0.00000000099999999947 0.00000000099999999947 0.00000000099999999947 0.99999999200000011523 0.00000000099999999947 0.00000000099999999947 0.00000000099999999947 0.00000000099999999947 0.00000000099999999947 
0.00000000099999999968 0.99999999200000022626 0.00000000099999999968 0.00000000099999999968 0.00000000099999999968 0.00000000099999999968 0.00000000099999999968 0.00000000099999999968 0.00000000099999999968 
0.00000000099999999963 0.99999999200000022626 0.00000000099999999963 0.00000000099999999963 0.00000000099999999963 0.00000000099999999963 0.00000000099999999963 0.00000000099999999963 0.00000000099999999963 
0.08457022851765223781 0.00000000099999999996 0.00000000099999999996 0.00000000099999999996 0.00000000099999999996 0.00000000099999999996 0.52963499529804936028 0.00000000099999999996 0.38579477018429836344 
0.00000000099999999995 0.00000000099999999995 0.99999999200000000421 0.00000000099999999995 0.00000000099999999995 0.00000000099999999995 0.00000000099999999995 0.00000000099999999995 0.00000000099999999995 
0.00000000099999999965 0.99999999200000022626 0.00000000099999999965 0.00000000099999999965 0.00000000099999999965 0.00000000099999999965 0.00000000099999999965 0.00000000099999999965 0.00000000099999999965 
0.00000000099999999998 0.00451168097684711850 0.00428420095211047743 0.00000000099999999998 0.00000000099999999998 0.00000000099999999998 0.38644914792601292586 0.30788092931353372439 0.29687403683149582445 
0.00000000099999999992 0.00000000099999999992 0.99999999200000011523 0.00000000099999999992 0.00000000099999999992 0.00000000099999999992 0.00000000099999999992 0.00000000099999999992 0.00000000099999999992 
0.00000000099999999969 0.99999999200000011523 0.00000000099999999969 0.00000000099999999969 0.00000000099999999969 0.00000000099999999969 0.00000000099999999969 0.00000000099999999969 0.00000000099999999969 
0.10666030164249058754 0.00005018554891797356 0.00000000166002478397 0.00000000099999999998 0.42562454264228460898 0.00000000099999999998 0.00000009934670110037 0.24252738796098441409 0.22513747919859652957 
0.00000000099999999965 0.99999999200000011523 0.00000000099999999965 0.00000000099999999965 0.00000000099999999965 0.00000000099999999965 0.00000000099999999965 0.00000000099999999965 0.00000000099999999965 
0.00000000099999999993 0.00000000099999999993 0.99999999200000000421 0.00000000099999999993 0.00000000099999999993 0.00000000099999999993 0.00000000099999999993 0.00000000099999999993 0.00000000099999999993 
0.00000000099999999988 0.00000000099999999988 0.99999999200000011523 0.00000000099999999988 0.00000000099999999988 0.00000000099999999988 0.00000000099999999988 0.00000000099999999988 0.00000000099999999988 
0.00000000099999999960 0.99999999200000022626 0.00000000099999999960 0.00000000099999999960 0.00000000099999999960 0.00000000099999999960 0.00000000099999999960 0.00000000099999999960 0.00000000099999999960 
0.00000000099999999964 0.99999999200000022626 0.00000000099999999964 0.00000000099999999964 0.00000000099999999964 0.00000000099999999964 0.00000000099999999964 0.00000000099999999964 0.00000000099999999964 
0.00000000099999999993 0.00000000099999999993 0.99999999200000011523 0.00000000099999999993 0.00000000099999999993 0.00000000099999999993 0.00000000099999999993 0.00000000099999999993 0.00000000099999999993 
0.00121500382361334818 0.00000000099999999994 0.99878498917638669496 0.00000000099999999994 0.00000000099999999994 0.00000000099999999994 0.00000000099999999994 0.00000000099999999994 0.00000000099999999994 
0.00000000099999999995 0.00000000099999999995 0.99999999200000011523 0.00000000099999999995 0.00000000099999999995 0.00000000099999999995 0.00000000099999999995 0.00000000099999999995 0.00000000099999999995 
0.00000000099999999970 0.99999999200000011523 0.00000000099999999970 0.00000000099999999970 0.00000000099999999970 0.00000000099999999970 0.00000000099999999970 0.00000000099999999970 0.00000000099999999970 
0.10050758240226499718 0.00954908209390500917 0.02416726140636872577 0.00000000099999999999 0.45423316913105027393 0.00000000099999999999 0.07444939949980741711 0.00000000099999999999 0.33709350246660357842 
0.00000000099999999993 0.00000000099999999993 0.00000000099999999993 0.00000000099999999993 0.99999999200000000421 0.00000000099999999993 0.00000000099999999993 0.00000000099999999993 0.00000000099999999993 
0.00000000099999999989 0.00000000099999999989 0.00000000099999999989 0.00000000099999999989 0.00000000099999999989 0.00000000099999999989 0.00000000099999999989 0.00000000099999999989 0.99999999200000000421 
0.00000000099999999996 0.00000000099999999996 0.00000000099999999996 0.00000000099999999996 0.00000000099999999996 0.00000000099999999996 0.39390478909151876996 0.00000000099999999996 0.60609520390848126148 
0.00000000099999999993 0.00000000099999999993 0.99999999200000011523 0.00000000099999999993 0.00000000099999999993 0.00000000099999999993 0.00000000099999999993 0.00000000099999999993 0.00000000099999999993 
0.00000000099999999999 0.00108069134455945903 0.00000000099999999999 0.00000000099999999999 0.29959656272361351315 0.00000000099999999999 0.32570503394446187473 0.00000000099999999999 0.37361770698736512797 
0.00000000099999999954 0.00000000099999999954 0.00000000099999999954 0.00000000099999999954 0.00000000099999999954 0.99999999200000011523 0.00000000099999999954 0.00000000099999999954 0.00000000099999999954 
0.00000000099999999988 0.00000000099999999988 0.00000000099999999988 0.00000000099999999988 0.00000000099999999988 0.00000000099999999988 0.99999999199999989319 0.00000000099999999988 0.00000000099999999988 
0.00000000099999999954 0.00000000099999999954 0.00000000099999999954 0.00000000099999999954 0.00000000099999999954 0.99999999200000011523 0.00000000099999999954 0.00000000099999999954 0.00000000099999999954 
0.16854668682683784930 0.00000000099999999997 0.01761092861644445590 0.00000000099999999997 0.00000000099999999997 0.00000000099999999997 0.54748523825850337055 0.26635714129821430607 0.00000000099999999997 
0.00000000099999999954 0.00000000099999999954 0.00000000099999999954 0.00000000099999999954 0.00000000099999999954 0.99999999200000000421 0.00000000099999999954 0.00000000099999999954 0.00000000099999999954 
0.00000000099999999992 0.00000000099999999992 0.00000000099999999992 0.00000000099999999992 0.99999999200000000421 0.00000000099999999992 0.00000000099999999992 0.00000000099999999992 0.00000000099999999992 
0.99999999200000011523 0.00000000099999999980 0.00000000099999999980 0.00000000099999999980 0.00000000099999999980 0.00000000099999999980 0.00000000099999999980 0.00000000099999999980 0.00000000099999999980 
0.00000000099999999990 0.00000000099999999990 0.99999999200000000421 0.00000000099999999990 0.00000000099999999990 0.00000000099999999990 0.00000000099999999990 0.00000000099999999990 0.00000000099999999990 
0.03688536156150529904 0.00000000099999999996 0.00000000099999999996 0.00000000099999999996 0.21952484723988199833 0.00000000099999999996 0.25886725048948400207 0.33581982359862783127 0.14890271311050068404 
0.00000000099999999962 0.00000000099999999962 0.00000000099999999962 0.61835503973178718162 0.00000000099999999962 0.38164495326821268328 0.00000000099999999962 0.00000000099999999962 0.00000000099999999962 
0.00000000099999999965 0.00000000099999999965 0.00000000099999999965 0.32381229641605829839 0.00000000099999999965 0.67618769658394162203 0.00000000099999999965 0.00000000099999999965 0.00000000099999999965 
0.00000000099999999998 0.00680850345455596712 0.08078306502842771963 0.00000000099999999998 0.00000000099999999998 0.00000000099999999998 0.29669955615887183553 0.30898924920237691438 0.30671962215576747957 
0.00000000099999999991 0.00000000099999999991 0.99999999200000000421 0.00000000099999999991 0.00000000099999999991 0.00000000099999999991 0.00000000099999999991 0.00000000099999999991 0.00000000099999999991 
0.00000000099999999971 0.99999999200000022626 0.00000000099999999971 0.00000000099999999971 0.00000000099999999971 0.00000000099999999971 0.00000000099999999971 0.00000000099999999971 0.00000000099999999971 
0.00000000099999999992 0.00000000099999999992 0.99999999200000000421 0.00000000099999999992 0.00000000099999999992 0.00000000099999999992 0.00000000099999999992 0.00000000099999999992 0.00000000099999999992 
0.04341695973632719169 0.00000000099999999999 0.02709570573589501624 0.00000000099999999999 0.48514642126643248154 0.00000000099999999999 0.26946058991821381090 0.12680644703124704931 0.04807387331188454210 
0.00000000099999999951 0.00000000099999999951 0.00000000099999999951 0.00000000099999999951 0.00000000099999999951 0.99999999200000011523 0.00000000099999999951 0.00000000099999999951 0.00000000099999999951 
0.00000000099999999957 0.99999999200000022626 0.00000000099999999957 0.00000000099999999957 0.00000000099999999957 0.00000000099999999957 0.00000000099999999957 0.00000000099999999957 0.00000000099999999957 
0.00000000099999999955 0.00000000099999999955 0.00000000099999999955 0.99999999200000000421 0.00000000099999999955 0.00000000099999999955 0.00000000099999999955 0.00000000099999999955 0.00000000099999999955 
0.00000000099999999999 0.01033425107343188820 0.00000000099999999999 0.00000000099999999999 0.00000000099999999999 0.00000000099999999999 0.46034806132249950217 0.27415394292428640899 0.25516373967978212001 
0.00000000099999999989 0.00000000099999999989 0.99999999200000011523 0.00000000099999999989 0.00000000099999999989 0.00000000099999999989 0.00000000099999999989 0.00000000099999999989 0.00000000099999999989 
0.00000000099999999991 0.00000000099999999991 0.99999999200000000421 0.00000000099999999991 0.00000000099999999991 0.00000000099999999991 0.00000000099999999991 0.00000000099999999991 0.00000000099999999991 
0.17552275715968912451 0.00000000099999999997 0.21620337071329198686 0.00000000099999999997 0.23432594420451596795 0.00000000099999999997 0.25608895823060312535 0.00009055715664499481 0.11776840953525473388 
0.00374493339362801146 0.02057216392251356649 0.00000000099999999999 0.00000000099999999999 0.52940581117726859262 0.00000000099999999999 0.13779388404778875055 0.30530477136101136226 0.00317843309778972818 
0.00000000099999999989 0.00000000099999999989 0.00000000099999999989 0.00000000099999999989 0.00000000099999999989 0.00000000099999999989 0.00000000099999999989 0.99999999200000000421 0.00000000099999999989 
0.06638776271035233545 0.00000000099999999998 0.01255789158098168622 0.00000000099999999998 0.27684880631886388258 0.00000000099999999998 0.29097586398909441874 0.22273856881390510787 0.13049110358680238164 
0.00000000099999999992 0.00000000099999999992 0.00000000099999999992 0.00000000099999999992 0.00000000099999999992 0.00000000099999999992 0.99999999199999989319 0.00000000099999999992 0.00000000099999999992 
0.00000000099999999996 0.00000000099999999996 0.00000000099999999996 0.00000000099999999996 0.30874631389919543478 0.00000000099999999996 0.20812927410017742491 0.21997780824307613945 0.26314659875755108676 
0.04643745851326867152 0.00000000099999999996 0.00000000099999999996 0.00000000099999999996 0.42456022634065759824 0.00000000099999999996 0.36171581935467894686 0.00000000099999999996 0.16728649079139484845 
0.10784113565657858780 0.00000000099999999997 0.00000000099999999997 0.00000000099999999997 0.46675722221420645752 0.00000000099999999997 0.42537564124501725527 0.00002599588419766239 0.00000000099999999997 
0.05702559708522030035 0.00000000099999999999 0.02669099935267225249 0.00000000099999999999 0.35282497674125762321 0.00000000099999999999 0.16440254674948195923 0.23674352456021385827 0.16231235251115400109 
0.00000000099999999993 0.00000000099999999993 0.99999999200000000421 0.00000000099999999993 0.00000000099999999993 0.00000000099999999993 0.00000000099999999993 0.00000000099999999993 0.00000000099999999993 
0.04389249472886017078 0.00000000099999999996 0.95610749827113994392 0.00000000099999999996 0.00000000099999999996 0.00000000099999999996 0.00000000099999999996 0.00000000099999999996 0.00000000099999999996 
0.00000000099999999974 0.00000000099999999974 0.00000000099999999974 0.65758991921036880068 0.00000000099999999974 0.34241007378963111973 0.00000000099999999974 0.00000000099999999974 0.00000000099999999974 
0.00000000099999999995 0.00000000099999999995 0.99999999200000000421 0.00000000099999999995 0.00000000099999999995 0.00000000099999999995 0.00000000099999999995 0.00000000099999999995 0.00000000099999999995 
0.00000000099999999996 0.00000000099999999996 0.99933373170239692129 0.00000000099999999996 0.00000000099999999996 0.00000000099999999996 0.00000000099999999996 0.00000000099999999996 0.00066626129760303631 
0.05542501161086851869 0.00000038325695879857 0.00722918785654827218 0.00000000099999999998 0.41726911314940418052 0.00000000099999999998 0.12978219726666789802 0.22951309153229670912 0.16078101332725550088 
0.00000000099999999945 0.00000000099999999945 0.00000000099999999945 0.99999999200000000421 0.00000000099999999945 0.00000000099999999945 0.00000000099999999945 0.00000000099999999945 0.00000000099999999945 
0.00000000099999999998 0.00000000099999999998 0.00000000099999999998 0.00000000099999999998 0.42310678680542612717 0.00000000099999999998 0.24959478340158663956 0.32729842379298729194 0.00000000099999999998 
0.09564973105461740954 0.00000000099999999997 0.00000000099999999997 0.00000000099999999997 0.44725529421794613105 0.00000000099999999997 0.45709486004528426806 0.00000000099999999997 0.00000010968215220095 
0.17841056201555091643 0.00000000099999999998 0.00000000099999999998 0.00000000099999999998 0.22807741949020210459 0.00000000099999999998 0.00001501171787386568 0.43747668000457556881 0.15602032277179767039 
0.19254803569591108503 0.00000000099999999997 0.00000000099999999997 0.00000000099999999997 0.80745195730408902968 0.00000000099999999997 0.00000000099999999997 0.00000000099999999997 0.00000000099999999997 
0.22120961376220499295 0.00000000099999999996 0.00000000099999999996 0.00000000099999999996 0.00000000099999999996 0.00000000099999999996 0.44874966386678677432 0.00000000099999999996 0.33004071637100829140 
0.00000000099999999990 0.00000000099999999990 0.00000000099999999990 0.00000000099999999990 0.00000000099999999990 0.00000000099999999990 0.00000000099999999990 0.00000000099999999990 0.99999999200000000421 
0.10922157949790875509 0.00000000099999999998 0.00000000099999999998 0.00000000099999999998 0.28735438540209085057 0.00000000099999999998 0.20140879332123579060 0.40201523677876449536 0.00000000099999999998 
0.00000000099999999999 0.00432442497409219872 0.00477197251886010872 0.00000000099999999999 0.19691404409544607801 0.00000000099999999999 0.30579023130527094310 0.26283894443542316077 0.22536037967090755130 
0.13150314725592598952 0.02703728363461622639 0.00000277154119848769 0.00000000100000000000 0.40288641966942062567 0.00000000100000000000 0.13575948894090206220 0.14695749521610754207 0.15585339174182916144 
0.00000000099999999998 0.00513081304113890968 0.00000000634317916166 0.00000000099999999998 0.42793888264805551858 0.00000000099999999998 0.25283596371255617763 0.19310092514160617783 0.12099340611346408314 
0.00000000099999999989 0.00000000099999999989 0.00000000099999999989 0.00000000099999999989 0.99999999200000000421 0.00000000099999999989 0.00000000099999999989 0.00000000099999999989 0.00000000099999999989 
0.13700348101314210880 0.02026218059624515511 0.00651750537304052885 0.00000000099999999999 0.28704160591463800944 0.00000000099999999999 0.07408566370453721628 0.31244732011110737391 0.16264224128728951846 
0.00000000162944501414 0.00848390949433351985 0.00000000099999999997 0.00000000099999999997 0.24407967830719512481 0.00000000099999999997 0.30620745163072576878 0.21043329825619286333 0.23079565768210766330 
0.22941867149542577442 0.00000000099999999993 0.00000000099999999993 0.00000000099999999993 0.00000000099999999993 0.00000000099999999993 0.00000000099999999993 0.77058132150457414600 0.00000000099999999993 
0.05544431946596120597 0.00000000099999999997 0.00000000099999999997 0.00000000099999999997 0.39225829460245636993 0.00000000099999999997 0.30498909889699049591 0.24730828203459181980 0.00000000099999999997 
0.17572303147558712699 0.00000000099999999997 0.00995614333604056233 0.00000000099999999997 0.35535696186216247927 0.00000000099999999997 0.27030465231273953508 0.13316105074559980714 0.05549815726787058617 
0.00000000099999999997 0.00000000099999999997 0.00000000099999999997 0.00000000099999999997 0.72581808887808429986 0.00000000099999999997 0.00000000099999999997 0.27418190412191584260 0.00000000099999999997 
0.00000000099999999998 0.00000000099999999998 0.02254948464402141070 0.00000000099999999998 0.27640232683679560877 0.00000000099999999998 0.00000002980353425642 0.26631632496995855108 0.43473182974569024584 
0.12105205048187661632 0.00000000099999999996 0.00000000099999999996 0.00000000099999999996 0.15595110332754255622 0.00000000099999999996 0.19302827217023554862 0.00000000099999999996 0.52996856902034528147 
0.00000000099999999990 0.00000000099999999990 0.00000000099999999990 0.00000000099999999990 0.00000000099999999990 0.00000000099999999990 0.00000000099999999990 0.99999999200000000421 0.00000000099999999990 
0.04748275015673281141 0.00000000100000000000 0.00311157441980166845 0.07244895996131399396 0.31411042058598137583 0.00000000100000000000 0.08738722893558352467 0.31260191816857291203 0.16285714577201379494 
0.00000000099999999988 0.00000000099999999988 0.00000000099999999988 0.00000000099999999988 0.00000000099999999988 0.00000000099999999988 0.00000000099999999988 0.99999999199999989319 0.00000000099999999988 
0.13504043799238887869 0.00000000099999999995 0.00220343266152931393 0.00000000099999999995 0.00000000099999999995 0.00000000099999999995 0.17701729355637979557 0.42580715118504253169 0.25993168060465948743 
0.00000000099999999988 0.00000000099999999988 0.00000000099999999988 0.00000000099999999988 0.00000000099999999988 0.00000000099999999988 0.00000000099999999988 0.99999999200000000421 0.00000000099999999988 
0.00000000099999999996 0.00076354057983717095 0.00000000099999999996 0.00000000099999999996 0.45731706900437324448 0.00000000099999999996 0.00000000099999999996 0.54191938441578957342 0.00000000099999999996 
0.07858478997166462587 0.00000000099999999996 0.00000000099999999996 0.00000000099999999996 0.34714178128650879929 0.00000000099999999996 0.00000000099999999996 0.00000000099999999996 0.57427342274182657800 
0.05879593870651243781 0.00528329400930495265 0.00000000100000000000 0.00000000100000000000 0.17495071630298508758 0.00000000100000000000 0.20143740765746778743 0.32806715352989035406 0.23146548679383932567 
0.11928988598767821527 0.00000000099999999997 0.00000000099999999997 0.00000000099999999997 0.17299402808365754725 0.00000000099999999997 0.48572657262815838175 0.00000000099999999997 0.22198950830050584448 
0.00000000099999999995 0.00000000099999999995 0.00000000099999999995 0.00000000099999999995 0.61789582763604267157 0.00000000099999999995 0.00000000099999999995 0.38210416536395730436 0.00000000099999999995 
0.06571313052678280642 0.00000000099999999996 0.02823586522968936710 0.00000000099999999996 0.37876512447997257027 0.00000000099999999996 0.41760302323548093018 0.00000000105079624008 0.10968285247727795062 
0.00000000099999999991 0.00000000099999999991 0.99999999200000000421 0.00000000099999999991 0.00000000099999999991 0.00000000099999999991 0.00000000099999999991 0.00000000099999999991 0.00000000099999999991 
0.00000000099999999996 0.00000000099999999996 0.99702318799028277763 0.00000000099999999996 0.00297680500971717835 0.00000000099999999996 0.00000000099999999996 0.00000000099999999996 0.00000000099999999996 
0.00000000099999999957 0.00000000099999999957 0.00000000099999999957 0.99999999200000000421 0.00000000099999999957 0.00000000099999999957 0.00000000099999999957 0.00000000099999999957 0.00000000099999999957 
0.00000000099999999959 0.99999999200000022626 0.00000000099999999959 0.00000000099999999959 0.00000000099999999959 0.00000000099999999959 0.00000000099999999959 0.00000000099999999959 0.00000000099999999959 
0.00000000099999999998 0.03419428166194173752 0.88023807085149585738 0.00000000099999999998 0.00000000099999999998 0.00000000099999999998 0.00000000099999999998 0.00000000099999999998 0.08556764148656248459 
0.00000000099999999990 0.00000000099999999990 0.00000000099999999990 0.00000000099999999990 0.99999999200000000421 0.00000000099999999990 0.00000000099999999990 0.00000000099999999990 0.00000000099999999990 
0.00000000099999999990 0.00000000099999999990 0.00000000099999999990 0.00000000099999999990 0.00000000099999999990 0.00000000099999999990 0.99999999200000000421 0.00000000099999999990 0.00000000099999999990 
0.00000000099999999997 0.00306016726947839829 0.98133852825705325529 0.00000000099999999997 0.00000000099999999997 0.00000000099999999997 0.00000000099999999997 0.01560129847346856426 0.00000000099999999997 
0.00000000099999999995 0.00000000099999999995 0.00000000099999999995 0.00000000099999999995 0.51659579548314948916 0.00000000099999999995 0.00000000099999999995 0.00000000099999999995 0.48340419751685048677 
0.06959700853326478143 0.00623839685608150538 0.00000000099999999996 0.00000000099999999996 0.29219285267714262266 0.00000000099999999996 0.00001044316979370721 0.31537815813036251811 0.31658313763335477198 
0.00000000099999999996 0.00000000099999999996 0.00000000099999999996 0.00000000099999999996 0.49143610846999452590 0.00000000099999999996 0.00000000099999999996 0.00000000099999999996 0.50856388453000533900 
0.00000000099999999952 0.00000000099999999952 0.00000000099999999952 0.00000000099999999952 0.00000000099999999952 0.99999999200000000421 0.00000000099999999952 0.00000000099999999952 0.00000000099999999952 
0.00000000099999999950 0.00000000099999999950 0.00000000099999999950 0.99999999200000000421 0.00000000099999999950 0.00000000099999999950 0.00000000099999999950 0.00000000099999999950 0.00000000099999999950 
0.00000000099999999946 0.00000000099999999946 0.00000000099999999946 0.00000000099999999946 0.00000000099999999946 0.99999999200000011523 0.00000000099999999946 0.00000000099999999946 0.00000000099999999946 
0.00000000099999999955 0.00000000099999999955 0.00000000099999999955 0.35064299057425324380 0.00000000099999999955 0.64935700242574678764 0.00000000099999999955 0.00000000099999999955 0.00000000099999999955 
0.00000000099999999949 0.00000000099999999949 0.00000000099999999949 0.00000000099999999949 0.00000000099999999949 0.99999999200000011523 0.00000000099999999949 0.00000000099999999949 0.00000000099999999949 
0.00000000099999999996 0.00000000099999999996 0.99999999200000000421 0.00000000099999999996 0.00000000099999999996 0.00000000099999999996 0.00000000099999999996 0.00000000099999999996 0.00000000099999999996 
0.22653021641816500908 0.00000000099999999997 0.00000000099999999997 0.00000000099999999997 0.00000000099999999997 0.00000000099999999997 0.45228191663582073545 0.00000000099999999997 0.32118786094601431413 
0.00000000099999999950 0.00000000099999999950 0.00000000099999999950 0.99999999200000011523 0.00000000099999999950 0.00000000099999999950 0.00000000099999999950 0.00000000099999999950 0.00000000099999999950 
0.00000000099999999954 0.00000000099999999954 0.00000000099999999954 0.00000000099999999954 0.00000000099999999954 0.99999999200000011523 0.00000000099999999954 0.00000000099999999954 0.00000000099999999954 
0.00000000099999999957 0.99999999200000011523 0.00000000099999999957 0.00000000099999999957 0.00000000099999999957 0.00000000099999999957 0.00000000099999999957 0.00000000099999999957 0.00000000099999999957 
0.00000000099999999958 0.99999999200000011523 0.00000000099999999958 0.00000000099999999958 0.00000000099999999958 0.00000000099999999958 0.00000000099999999958 0.00000000099999999958 0.00000000099999999958 
0.00000000099999999989 0.00000000099999999989 0.00000000099999999989 0.00000000099999999989 0.00000000099999999989 0.00000000099999999989 0.00000000099999999989 0.00000000099999999989 0.99999999199999989319 
0.00000000099999999949 0.00000000099999999949 0.00000000099999999949 0.99999999200000011523 0.00000000099999999949 0.00000000099999999949 0.00000000099999999949 0.00000000099999999949 0.00000000099999999949 
0.00000000099999999997 0.00000000099999999997 0.00000000099999999997 0.00000000099999999997 0.41695715789603743362 0.00000000099999999997 0.14546261412167887928 0.00000000099999999997 0.43758022198228369026 
0.00000000099999999996 0.00000000099999999996 0.00000000099999999996 0.00000000099999999996 0.64877683490190440896 0.00000000099999999996 0.00000000099999999996 0.35122315809809567799 0.00000000099999999996 
0.00000000099999999995 0.00000000099999999995 0.93348325327921455319 0.00000000099999999995 0.00000000099999999995 0.00000000099999999995 0.00000000099999999995 0.06651673972078556152 0.00000000099999999995 
0.00000000099999999989 0.00000000099999999989 0.00000000099999999989 0.00000000099999999989 0.00000000099999999989 0.00000000099999999989 0.99999999200000000421 0.00000000099999999989 0.00000000099999999989 
0.00000000099999999989 0.00000000099999999989 0.99999999200000000421 0.00000000099999999989 0.00000000099999999989 0.00000000099999999989 0.00000000099999999989 0.00000000099999999989 0.00000000099999999989 
0.29735155465908258421 0.00000000099999999993 0.00000000099999999993 0.00000000099999999993 0.00000000099999999993 0.00000000099999999993 0.00000000099999999993 0.00000000099999999993 0.70264843834091728070 
0.00000000099999999991 0.00000000099999999991 0.99999999200000000421 0.00000000099999999991 0.00000000099999999991 0.00000000099999999991 0.00000000099999999991 0.00000000099999999991 0.00000000099999999991 
0.11579874309131633903 0.01358062695651617025 0.00000000099999999999 0.00000000099999999999 0.24360653905843951406 0.00000000099999999999 0.20351712331647309195 0.27730992323039976855 0.14618704134685514551 
0.00000000099999999997 0.00000000099999999997 0.00000000099999999997 0.00000000099999999997 0.64625185422372810606 0.00000000099999999997 0.35374813877627203640 0.00000000099999999997 0.00000000099999999997 
0.00000000099999999961 0.00000000099999999961 0.00000000099999999961 0.68171049086355761659 0.00000000099999999961 0.31828950213644241485 0.00000000099999999961 0.00000000099999999961 0.00000000099999999961 
0.00000000099999999993 0.00000000099999999993 0.99999999200000011523 0.00000000099999999993 0.00000000099999999993 0.00000000099999999993 0.00000000099999999993 0.00000000099999999993 0.00000000099999999993 
0.00000000099999999948 0.00000000099999999948 0.00000000099999999948 0.99999999200000011523 0.00000000099999999948 0.00000000099999999948 0.00000000099999999948 0.00000000099999999948 0.00000000099999999948 
0.00000000099999999949 0.00000000099999999949 0.00000000099999999949 0.00000000099999999949 0.00000000099999999949 0.99999999200000011523 0.00000000099999999949 0.00000000099999999949 0.00000000099999999949 
0.00000000099999999993 0.00000000099999999993 0.00000000099999999993 0.00000000099999999993 0.99999999200000000421 0.00000000099999999993 0.00000000099999999993 0.00000000099999999993 0.00000000099999999993 
0.00000000099999999996 0.00000000099999999996 0.00000006733504509332 0.00000000099999999996 0.50889256478188993338 0.00000000099999999996 0.00002524290443413257 0.00000013047209629593 0.49108199050653444928 
0.00000000099999999996 0.00000000099999999996 0.00000020560134619596 0.00000000099999999996 0.38945253092429499286 0.00000000099999999996 0.32689978917671569381 0.08396777770002639141 0.19967969259761672585 
0.99999999200000022626 0.00000000099999999981 0.00000000099999999981 0.00000000099999999981 0.00000000099999999981 0.00000000099999999981 0.00000000099999999981 0.00000000099999999981 0.00000000099999999981 
0.00000014853792944724 0.00000000099999999997 0.00000000099999999997 0.00000000099999999997 0.00000000099999999997 0.00000000099999999997 0.40465472818066838823 0.59534511728140215858 0.00000000099999999997 
0.00000000099999999995 0.00000000099999999995 0.00000000099999999995 0.00000000099999999995 0.00000000099999999995 0.00000000099999999995 0.54997516244694588661 0.45002483055305392279 0.00000000099999999995 
0.00000000099999999988 0.00000000099999999988 0.00000000099999999988 0.00000000099999999988 0.00000000099999999988 0.00000000099999999988 0.99999999200000000421 0.00000000099999999988 0.00000000099999999988 
0.00000000099999999994 0.00000000099999999994 0.95932301265970432169 0.00000000099999999994 0.00000000099999999994 0.00000000099999999994 0.04067698034029566811 0.00000000099999999994 0.00000000099999999994 
0.09666585811262874695 0.00000000099999999996 0.00000000099999999996 0.00000000099999999996 0.34839287976238031419 0.00000000099999999996 0.24594020834908816853 0.22386943310867485346 0.08513161666722807164 
0.00000000099999999949 0.00000000099999999949 0.00000000099999999949 0.00000000099999999949 0.00000000099999999949 0.99999999200000011523 0.00000000099999999949 0.00000000099999999949 0.00000000099999999949 
0.00000000099999999990 0.00000000099999999990 0.00000000099999999990 0.00000000099999999990 0.00000000099999999990 0.00000000099999999990 0.00000000099999999990 0.00000000099999999990 0.99999999199999989319 
0.00000000099999999980 0.00000000099999999980 0.00000000099999999980 0.00000000099999999980 0.00000000099999999980 0.99999999200000011523 0.00000000099999999980 0.00000000099999999980 0.00000000099999999980 
0.00000000099999999954 0.00000000099999999954 0.00000000099999999954 0.99999999200000000421 0.00000000099999999954 0.00000000099999999954 0.00000000099999999954 0.00000000099999999954 0.00000000099999999954 
0.00000000099999999996 0.00000000099999999996 0.00643391194274954732 0.00000000099999999996 0.53760520399807043557 0.00000000099999999996 0.00000000099999999996 0.00000021312745151796 0.45596066593172834835 
0.00000000099999999989 0.00000000099999999989 0.00000000099999999989 0.00000000099999999989 0.00000000099999999989 0.00000000099999999989 0.99999999200000000421 0.00000000099999999989 0.00000000099999999989 
0.00000050247645754603 0.00000000099999999997 0.00001398415105749460 0.00000000099999999997 0.47322509498453640964 0.00000000099999999997 0.00000000099999999997 0.52676041338794843405 0.00000000099999999997 
0.00000000099999999966 0.00000000099999999966 0.00000000099999999966 0.54882064084381743108 0.00000000099999999966 0.45117935215618260036 0.00000000099999999966 0.00000000099999999966 0.00000000099999999966 
0.00000000099999999991 0.00000000099999999991 0.99999999200000011523 0.00000000099999999991 0.00000000099999999991 0.00000000099999999991 0.00000000099999999991 0.00000000099999999991 0.00000000099999999991 
0.00000000099999999992 0.00000000099999999992 0.99999999200000011523 0.00000000099999999992 0.00000000099999999992 0.00000000099999999992 0.00000000099999999992 0.00000000099999999992 0.00000000099999999992 
0.00000000099999999961 0.00000000099999999961 0.00000000099999999961 0.36798927087351029908 0.00000000099999999961 0.63201072212648956583 0.00000000099999999961 0.00000000099999999961 0.00000000099999999961 
0.11255430881024681977 0.00000000099999999998 0.00000000099999999998 0.00000000099999999998 0.29218018280754726179 0.00000000099999999998 0.00002667403094859105 0.25384638654382513101 0.34139244380743227758 
0.19133428573053978816 0.00000032324592369413 0.01994237230220871973 0.00000000099999999999 0.25138020099055075063 0.00000000099999999999 0.00000000099999999999 0.28727436351739416009 0.25006845121338283633 
0.00000000099999999954 0.00000000099999999954 0.00000000099999999954 0.99999999200000000421 0.00000000099999999954 0.00000000099999999954 0.00000000099999999954 0.00000000099999999954 0.00000000099999999954 
0.31448783625486298465 0.00000000099999999994 0.00000000099999999994 0.00000000099999999994 0.00000000099999999994 0.00000000099999999994 0.00000000099999999994 0.68551215674513688025 0.00000000099999999994 
0.00000000099999999989 0.00000000099999999989 0.99999999200000000421 0.00000000099999999989 0.00000000099999999989 0.00000000099999999989 0.00000000099999999989 0.00000000099999999989 0.00000000099999999989 
0.00000000099999999999 0.10874961810820613084 0.21535566037990958033 0.10174715361106258238 0.00000000099999999999 0.00000000099999999999 0.00000000099999999999 0.00000000099999999999 0.57414756290082169521 
