0.01192181179677135813 0.97537253927878486692 0.01270564892444379576 
0.00000000099999999998 0.00000000099999999998 0.99999999800000005656 
0.00000000099999999997 0.00000000099999999997 0.99999999800000005656 
0.00000000099999999999 0.95569400567555218284 0.04430599332444792871 
0.00014011196334867557 0.99856943174505086169 0.00129045629160062683 
0.00000000099999999999 0.96676572076285582913 0.03323427823714433099 
0.00000000099999999998 0.00000000099999999998 0.99999999799999994554 
0.00000000099999999997 0.00000000099999999997 0.99999999799999994554 
0.00000000100000000000 0.98748393538335066388 0.01251606361664934358 
0.00000000099999999998 0.00000000099999999998 0.99999999799999994554 
0.00000000425020027046 0.98152684458469530160 0.01847315116510446845 
0.00000000099999999999 0.97474648648898354342 0.02525351251101654385 
0.00000000100000000000 0.99380297303135822773 0.00619702596864177887 
0.00146708945163206159 0.98159765304955681753 0.01693525749881113346 
0.01621642862362708895 0.98167465836697265225 0.00210891300940022714 
0.01292488355915930899 0.91966739719082246651 0.06740771925001814990 
0.00000000099999999999 0.99304683235742829961 0.00695316664257178852 
0.00731087923534122844 0.99268911976465878944 0.00000000100000000000 
0.01162430338122580169 0.98219132320073743170 0.00618437341803684294 
0.00000000099999999999 0.99731244185628142862 0.00268755714371853634 
0.00000000100000000000 0.99738123758755858894 0.00261876141244148401 
0.00000000099999999998 0.00000000099999999998 0.99999999799999994554 
0.00000000099999999999 0.97016847384694782086 0.02983152515305210334 
0.00000000099999999999 0.96161694206771364257 0.03838305693228648979 
0.00000000099999999999 0.96640389151104300058 0.03359610748895699300 
0.00000000099999999999 0.99999999799999994554 0.00000000099999999999 
0.78867951426616444977 0.04037544540135708931 0.17094504033247842623 
0.80451739878313177634 0.00432424747819855522 0.19115835373866965630 
0.00014551759852074930 0.99344606528928713907 0.00640841711219217961 
0.00000000100000000000 0.99999997785685112994 0.00000002114314889487 
0.00000000099999999999 0.97152228259164330471 0.02847771640835681725 
0.00000000099999999998 0.00000000099999999998 0.99999999800000005656 
0.24169218712553314221 0.45098689647732742580 0.30732091639713954301 
0.00000000099999999999 0.99989876088149476363 0.00010123811850526832 
0.99999999799999994554 0.00000000099999999989 0.00000000099999999989 
0.99999999800000005656 0.00000000099999999986 0.00000000099999999986 
0.99999999800000005656 0.00000000099999999987 0.00000000099999999987 
0.79592197312814250143 0.06227914099553588656 0.14179888587632172303 
0.80092090650575420430 0.02792489641717359888 0.17115419707707227315 
0.00000000099999999999 0.99830453892424708684 0.00169546007575281914 
0.00000000099999999998 0.00000000099999999998 0.99999999800000005656 
0.78701843215332478731 0.06073591816949498734 0.15224564967718029473 
0.00000000100000000000 0.97016012565897313813 0.02983987334102689709 
0.00000000099999999997 0.00000000099999999997 0.99999999799999994554 
0.78824614971396367302 0.02680292399731198580 0.18495092628872444873 
0.00000000099999999999 0.97638404811694812224 0.02361595088305185053 
0.78988189226715854740 0.04011479194088563710 0.17000331579195590570 
0.00000000099999999998 0.00000000099999999998 0.99999999800000005656 
0.00000000099999999996 0.00000000099999999996 0.99999999799999994554 
0.79246052223477980725 0.01730951260909392025 0.19022996515612622392 
0.80234974705797001970 0.03757127171655730291 0.16007898122547273290 
0.00000000099999999998 0.00000000099999999998 0.99999999800000005656 
0.00000000099999999998 0.00000000099999999998 0.99999999800000005656 
0.00000000099999999998 0.00000000099999999998 0.99999999800000005656 
0.79290504130210937017 0.03723237028400537552 0.16986258841388518492 
0.00569054004894214028 0.94311142900108013709 0.05119803094997778248 
0.01476520628855196304 0.97448574631964712811 0.01074904739180094007 
0.00000000099999999999 0.97278512419449070237 0.02721487480550941612 
0.00000000099999999999 0.98170545932801678291 0.01829453967198319334 
0.00000000099999999998 0.00000000099999999998 0.99999999800000005656 
0.00497083307277984901 0.99457102399074548416 0.00045814293647461636 
0.99999999800000005656 0.00000000099999999988 0.00000000099999999988 
0.00000000099999999999 0.98464635400080890992 0.01535364499919110101 
0.99999999800000005656 0.00000000099999999989 0.00000000099999999989 
0.00000000100000000000 0.95371155865280210495 0.04628844034719795109 
0.99999999800000005656 0.00000000099999999988 0.00000000099999999988 
0.00000000099999999999 0.98644316722925928786 0.01355683177074074562 
0.00075520098070556909 0.98255668036931675946 0.01668811864997768457 
0.00000000099999999997 0.00000000099999999997 0.99999999800000005656 
0.00000000099999999999 0.99999887053161573558 0.00000112846838428123 
0.99999999800000005656 0.00000000099999999988 0.00000000099999999988 
0.99999999800000005656 0.00000000099999999989 0.00000000099999999989 
0.00000000100000000000 0.90834523397814137535 0.09165476502185851415 
0.00000000099999999997 0.00000000099999999997 0.99999999800000005656 
0.77092235217380122858 0.07022733303008635297 0.15885031479611241845 
0.00000000099999999997 0.00000000099999999997 0.99999999799999994554 
0.00000000100000000000 0.95976960283833223642 0.04023039616166789595 
0.99999999799999994554 0.00000000099999999987 0.00000000099999999987 
0.81086768199571035431 0.02756388725482310925 0.16156843074946655725 
0.99999999800000005656 0.00000000099999999991 0.00000000099999999991 
0.01442682726617026609 0.98113275618484729890 0.00444041654898247318 
0.00000000099999999997 0.00000000099999999997 0.99999999800000005656 
0.00000000099999999998 0.00000000099999999998 0.99999999800000005656 
0.00000000099999999999 0.76320071762427543760 0.23679928137572453517 
0.00000700234122029521 0.99122181477886284195 0.00877118287991691080 
0.00000000099999999999 0.98578630632458286165 0.01421369267541714929 
0.00000000099999999999 0.97149582330456740742 0.02850417569543268678 
0.00000000099999999999 0.99868222896987801640 0.00131777003012206176 
0.00000000099999999999 0.99999999799999994554 0.00000000099999999999 
0.00000000099999999999 0.98316781396928876191 0.01683218503071131147 
0.00000000099999999999 0.98222804242696915011 0.01777195657303079837 
0.00000000100000000000 0.96057880297193509733 0.03942119602806498646 
0.00000000099999999998 0.00000000099999999998 0.99999999800000005656 
0.00000000099999999999 0.00043443408860788848 0.99956556491139203491 
0.99999999800000005656 0.00000000099999999992 0.00000000099999999992 
0.00000000099999999998 0.00000000099999999998 0.99999999800000005656 
0.00000000099999999999 0.00000000099999999999 0.99999999800000005656 
0.00000000099999999999 0.97104133442484519279 0.02895866457515481468 
0.99999999800000005656 0.00000000099999999986 0.00000000099999999986 
0.00000190455814137440 0.99999809412541429410 0.00000000131644429595 
0.00000000099999999999 0.97802041319209709336 0.02197958580790286900 
0.00867690979920197371 0.98711416388111417053 0.00420892631968382541 
0.00000000100000000000 0.96979353033299031672 0.03020646866700977401 
0.00000000141346810084 0.99342422809366126568 0.00657577049287064955 
0.00000000100000000000 0.95960323480823284115 0.04039676419176727734 
0.00000000100000000000 0.99616088953917725224 0.00383910946082262989 
0.00000000100000000000 0.98012577291993163708 0.01987422608006829752 
0.01918565989526227825 0.95896630427196849489 0.02184803583276905686 
0.00000015732278066476 0.98984556116575439511 0.01015428151146497045 
0.00000000099999999999 0.99969644938032753423 0.00030354961967240482 
0.01575353380441223833 0.95324267527334416439 0.03100379092224357300 
0.00000000099999999999 0.99999994057793617497 0.00000005842206385947 
0.00000000100000000000 0.98476880828037771654 0.01523119071962225277 
0.00000000099999999999 0.99865598330593174925 0.00134401569406819880 
0.00000000099999999999 0.96413805877591562954 0.03586194022408428772 
0.00000000100000000000 0.98038507174648248377 0.01961492725351749247 
0.00000000100000000000 0.95670804581205015626 0.04329195318794985814 
0.00000000100000000000 0.99381108677766127890 0.00618891222233883178 
0.00000000099999999999 0.97060821992701606931 0.02939177907298408041 
0.07531198393704195693 0.89400073421762071835 0.03068728184533733513 
0.00000000099999999999 0.99320325864945013805 0.00679674035054982518 
0.00000000099999999999 0.97869348496482977406 0.02130651403517016054 
0.00000000099999999999 0.96955669103542707621 0.03044330796457280636 
0.00000000605829425720 0.99663971423439068342 0.00336027970731509352 
0.00000000099999999999 0.98390364977395561308 0.01609634922604454704 
0.00416944489646579354 0.98627637546350566122 0.00955417964002866840 
0.00000000099999999999 0.97661891294998215418 0.02338108605001788104 
0.00000000099999999999 0.99999999376095760617 0.00000000523904240357 
0.00000000099999999999 0.96321664624907499253 0.03678335275092491780 
0.00000000099999999997 0.00000000099999999997 0.99999999800000005656 
0.00000000099999999999 0.00000002664797400731 0.99999997235202597867 
0.99999999800000005656 0.00000000099999999991 0.00000000099999999991 
0.81586391249128553671 0.02014744341237078087 0.16398864409634369976 
0.01397554932572287432 0.06315233179423455911 0.92287211888004261340 
0.00000000099999999999 0.98360099821719459978 0.01639900078280543197 
0.00000000220540039065 0.96763564238507360216 0.03236435540952594531 
0.00000000099999999999 0.00000000099999999999 0.99999999800000005656 
0.00000000099999999999 0.97785858491333643716 0.02214141408666355643 
0.00000000099999999999 0.99167804924454361348 0.00832194975545645296 
0.00000000099999999999 0.99999999800000005656 0.00000000099999999999 
0.99999999800000005656 0.00000000099999999987 0.00000000099999999987 
0.99999999800000005656 0.00000000099999999987 0.00000000099999999987 
0.99999999799999994554 0.00000000099999999986 0.00000000099999999986 
0.99999999799999994554 0.00000000099999999986 0.00000000099999999986 
0.99999999799999994554 0.00000000099999999988 0.00000000099999999988 
0.00000000099999999999 0.00000000099999999999 0.99999999800000005656 
0.00007398033334316098 0.99306804073239729469 0.00685797893425949424 
0.99999999800000005656 0.00000000099999999987 0.00000000099999999987 
0.99999999800000005656 0.00000000099999999988 0.00000000099999999988 
0.81917265826317220423 0.00000004995861408039 0.18082729177821374456 
0.81106639719285500423 0.02604471023105500369 0.16288889257608987760 
0.00000000100000000000 0.99999926171721642554 0.00000073728278362879 
0.99999999799999994554 0.00000000099999999988 0.00000000099999999988 
0.00000000100000000000 0.98146773032430456585 0.01853226867569547631 
0.00000000099999999999 0.99999999800000005656 0.00000000099999999999 
0.00000000099999999999 0.03697699001251588541 0.96302300898748416369 
0.00000000099999999999 0.98505179821811650331 0.01494820078188358915 
0.00000000099999999997 0.00000000099999999997 0.99999999800000005656 
0.00000000099999999999 0.97186663159002228962 0.02813336740997776989 
0.00000000099999999997 0.00000000099999999997 0.99999999800000005656 
0.00221317783119301783 0.97809563576743741020 0.01969118640136961404 
0.00244317992801347441 0.99703304089433242297 0.00052377917765414263 
0.99999999799999994554 0.00000000099999999988 0.00000000099999999988 
0.00000000099999999998 0.00000000099999999998 0.99999999799999994554 
0.99999999800000005656 0.00000000099999999986 0.00000000099999999986 
0.99999999799999994554 0.00000000099999999988 0.00000000099999999988 
0.00000000099999999999 0.98678772041388085334 0.01321227858611922872 
0.00000000099999999999 0.96973268518748578781 0.03026731381251424741 
0.00000000099999999999 0.99001385248953799323 0.00998614651046209403 
0.00000000099999999999 0.99081752636080755448 0.00918247263919243391 
0.00000000100000000000 0.98537821802041858366 0.01462178097958142728 
0.00000000099999999999 0.97539126090182548534 0.02460873809817464355 
0.00000000099999999999 0.99999999800000005656 0.00000000099999999999 
0.00000000099999999998 0.00362706517122539287 0.99637293382877467618 
0.00000000099999999999 0.99999805543919828565 0.00000194356080181060 
0.99999999799999994554 0.00000000099999999987 0.00000000099999999987 
0.00000000100000000000 0.99815209982702168823 0.00184789917297828519 
0.99999999799999994554 0.00000000099999999996 0.00000000099999999996 
0.99999999799999994554 0.00000000099999999989 0.00000000099999999989 
0.00000000099999999999 0.97305685295427646331 0.02694314604572356497 
0.00000000100000000000 0.99999998935217826457 0.00000000964782177270 
0.00000000100000000000 0.97724021088852675021 0.02275978811147317052 
0.99999999800000005656 0.00000000099999999990 0.00000000099999999990 
0.00000000099999999997 0.00000000099999999997 0.99999999799999994554 
0.00000000099999999997 0.00000000099999999997 0.99999999800000005656 
0.99999999799999994554 0.00000000099999999989 0.00000000099999999989 
0.00000000100000000000 0.98812209190762712030 0.01187790709237298604 
0.00000000100000000000 0.95254263957458740197 0.04745735942541253610 
0.99999999799999994554 0.00000000099999999989 0.00000000099999999989 
0.00000000099999999999 0.98751736304983217529 0.01248263595016792411 
0.00000000099999999997 0.00000000099999999997 0.99999999799999994554 
0.18741521490419818519 0.55147731926000564950 0.26110746583579630409 
0.00041170466406810897 0.96815518990142346301 0.03143310543450833494 
0.00000000100000000000 0.95811947353816362405 0.04188052546183636954 
0.00000000100000000000 0.99494647199860108966 0.00505352700139878683 
0.00000000099999999999 0.99942352727451921890 0.00057647172548067147 
0.00000000099999999999 0.99999999800000005656 0.00000000099999999999 
0.00000000099999999999 0.98886106550851771146 0.01113893349148239141 
0.00000000100000000000 0.98557559497847968544 0.01442440402152038448 
0.01101072094537239830 0.96166338770122350432 0.02732589135340419279 
0.00000000099999999998 0.00000000099999999998 0.99999999800000005656 
0.00000000099999999999 0.97439042578943346751 0.02560957321056650873 
0.00000000100000000000 0.99999998918465438091 0.00000000981534561297 
0.00000000100000000000 0.94942840324532173923 0.05057159575467820578 
0.00000000099999999999 0.98114767997415619494 0.01885231902584373620 
0.00189613642958920805 0.95876286821000911154 0.03934099536040164963 
0.00000000099999999999 0.99999899228445809918 0.00000100671554194327 
0.00000000100000000000 0.97852783974431722935 0.02147215925568276076 
0.00000000099999999999 0.00277632367272903418 0.99722367532727085315 
0.00000000100000000000 0.97129018366682406960 0.02870981533317581644 
0.00000000100000000000 0.98924575218076427063 0.01075424681923575938 
0.01061788287920113240 0.97642490668531334297 0.01295721043548548473 
0.00000000099999999999 0.00000005508934800910 0.99999994391065194499 
0.01969924159463821642 0.95011839188761471053 0.03018236651774710774 
0.00000000448011040611 0.98554020753284909961 0.01445978798704054130 
0.00000000099999999999 0.51396129426118097872 0.48603870473881904957 
0.00000000099999999999 0.97140803868894576301 0.02859196031105415078 
0.99999999800000005656 0.00000000099999999990 0.00000000099999999990 
0.00000022990425028232 0.97064419016228908887 0.02935557993346057937 
0.00000000100000000000 0.96991299962993626771 0.03008699937006388200 
