0.35794174599338435261 0.00000000099999999999 0.18492697498461774241 0.00000000099999999999 0.01203450854017705345 0.10636768102630196620 0.00000000099999999999 0.18206254588651635262 0.00000000099999999999 0.13853878885092890672 0.01812775071807370963 
0.00000000099999999992 0.99999999000000017180 0.00000000099999999992 0.00000000099999999992 0.00000000099999999992 0.00000000099999999992 0.00000000099999999992 0.00000000099999999992 0.00000000099999999992 0.00000000099999999992 0.00000000099999999992 
0.00000000099999999992 0.99999999000000028282 0.00000000099999999992 0.00000000099999999992 0.00000000099999999992 0.00000000099999999992 0.00000000099999999992 0.00000000099999999992 0.00000000099999999992 0.00000000099999999992 0.00000000099999999992 
0.42808183211936834400 0.03412664890466900192 0.02062501077040076319 0.00000000099999999998 0.00000000099999999998 0.10653887581881686664 0.00000000099999999998 0.23866482917885498138 0.00000000099999999998 0.17196279820789001080 0.00000000099999999998 
0.27018448693476870837 0.00000000099999999999 0.18655887838247062205 0.06006846952678391444 0.02812235904460994029 0.17873196032392851818 0.00000000099999999999 0.00000000099999999999 0.00000000099999999999 0.27633384078743838952 0.00000000099999999999 
0.25713484718627838133 0.00921553938504340864 0.23860215864561207244 0.00000000099999999998 0.00465265493671384884 0.14205406150945940058 0.00000000099999999998 0.34705294821100018954 0.00000000099999999998 0.00007034829382590191 0.00121743883206699250 
0.00000000099999999993 0.99999999000000017180 0.00000000099999999993 0.00000000099999999993 0.00000000099999999993 0.00000000099999999993 0.00000000099999999993 0.00000000099999999993 0.00000000099999999993 0.00000000099999999993 0.00000000099999999993 
0.00000000099999999988 0.99999999000000028282 0.00000000099999999988 0.00000000099999999988 0.00000000099999999988 0.00000000099999999988 0.00000000099999999988 0.00000000099999999988 0.00000000099999999988 0.00000000099999999988 0.00000000099999999988 
0.00000000099999999990 0.00000000099999999990 0.00000000099999999990 0.00000000099999999990 0.00000000099999999990 0.00000000099999999990 0.00000000099999999990 0.00000000099999999990 0.00000000099999999990 0.99999998999999994975 0.00000000099999999990 
0.00000000099999999992 0.99999999000000017180 0.00000000099999999992 0.00000000099999999992 0.00000000099999999992 0.00000000099999999992 0.00000000099999999992 0.00000000099999999992 0.00000000099999999992 0.00000000099999999992 0.00000000099999999992 
0.38825041706763741001 0.00000000099999999998 0.00000000099999999998 0.05599844178339544870 0.00000000099999999998 0.00000467175381390244 0.00000000099999999998 0.12863510290706553496 0.00000000099999999998 0.42711136048808751031 0.00000000099999999998 
0.44462172206606542790 0.00404468187370986190 0.29907078811103326998 0.00000000099999999996 0.00000000099999999996 0.00000000099999999996 0.00000000099999999996 0.00000000099999999996 0.00000000099999999996 0.25165206349516167084 0.00061073845402989332 
0.00000000099999999997 0.00000000099999999997 0.00000000099999999997 0.00000000099999999997 0.00000000099999999997 0.00000000099999999997 0.00000000099999999997 0.48077405937417833082 0.00000000099999999997 0.51922593162582142412 0.00000000099999999997 
0.54375723996546132533 0.00000000099999999998 0.14743129707232052739 0.05774273665808667827 0.16996040507927931418 0.08098184793547989757 0.00000000099999999998 0.00000000099999999998 0.00000000099999999998 0.00000000099999999998 0.00012646828937250604 
0.38260492502204873633 0.00000000099999999999 0.30701900426811773448 0.06126217155751877835 0.00000000099999999999 0.24506879491866045973 0.00000000099999999999 0.00000000099999999999 0.00000000099999999999 0.00000000099999999999 0.00404509823365449463 
0.27781351101516604807 0.04033918829558039154 0.19393145821075488677 0.05966335754796166929 0.03742320245222320596 0.00086405478069097319 0.00000000099999999998 0.20740523727387577546 0.00000000099999999998 0.15492381215336223366 0.02763617627038484487 
0.67870982500459331455 0.00000000099999999996 0.00000000099999999996 0.00000000099999999996 0.00000000099999999996 0.00000000099999999996 0.00000000099999999996 0.00000000099999999996 0.00000000099999999996 0.32129016599540688448 0.00000000099999999996 
0.24676088139711779834 0.00000000099999999999 0.00000001775526145889 0.05275389498244766745 0.07935762710482500981 0.15194048782384572682 0.00000000099999999999 0.16766542971475356660 0.00000000099999999999 0.30152165722174872897 0.00000000099999999999 
0.37108861688400524015 0.00000000099999999999 0.00000000099999999999 0.00987170189785190923 0.00000000099999999999 0.00000003546683112636 0.00000000099999999999 0.29764244245354298801 0.00000000099999999999 0.31538171156044769727 0.00601548673732102499 
0.00000000099999999994 0.00000000099999999994 0.45662019139865223094 0.00000000099999999994 0.03151620620881488699 0.03181588670360918636 0.00000000099999999994 0.00000000099999999994 0.00000000099999999994 0.48004770868892371327 0.00000000099999999994 
0.18997538150092829756 0.00000000099999999998 0.21916503786792224107 0.00000000099999999998 0.00000011548449445865 0.30133084996139181122 0.00000000099999999998 0.17859201158124135556 0.00000000099999999998 0.11093659860402176054 0.00000000099999999998 
0.00000000099999999993 0.96064424585267793599 0.00000000099999999993 0.00000000099999999993 0.03935574514732228385 0.00000000099999999993 0.00000000099999999993 0.00000000099999999993 0.00000000099999999993 0.00000000099999999993 0.00000000099999999993 
0.29486645251301502046 0.00000000099999999997 0.00000000099999999997 0.06153575387982967299 0.00000000099999999997 0.31511093874365181389 0.00000000099999999997 0.32711665716183230268 0.00000000099999999997 0.00137019170167118620 0.00000000099999999997 
0.00000000099999999937 0.00000000099999999937 0.00000000099999999937 0.99999999000000006077 0.00000000099999999937 0.00000000099999999937 0.00000000099999999937 0.00000000099999999937 0.00000000099999999937 0.00000000099999999937 0.00000000099999999937 
0.00000000099999999995 0.00889402861050423744 0.27836322540738767106 0.00000000099999999995 0.09181509882404009781 0.30144800183278563921 0.00000000099999999995 0.00000000099999999995 0.00000000099999999995 0.31947963932528233855 0.00000000099999999995 
0.44711777641864591804 0.00000000099999999997 0.27188047694697953238 0.03011663169770079432 0.00000000099999999997 0.00609107092841047922 0.00000000099999999997 0.00000000099999999997 0.00000000099999999997 0.24479403800826335380 0.00000000099999999997 
0.00000000099999999957 0.00000000099999999957 0.00000000099999999957 0.00000000099999999957 0.00000000099999999957 0.00000000099999999957 0.00000000099999999957 0.00000000099999999957 0.00000000099999999957 0.00000000099999999957 0.99999999000000006077 
0.00000000099999999952 0.00000000099999999952 0.00000000099999999952 0.00000000099999999952 0.00000000099999999952 0.00000000099999999952 0.00000000099999999952 0.00000000099999999952 0.00000000099999999952 0.00000000099999999952 0.99999998999999994975 
0.40557501071095564127 0.00000000099999999996 0.00002077172104536403 0.00000000099999999996 0.26401672697156719494 0.00000000099999999996 0.00000000099999999996 0.00000000192528495772 0.00000000099999999996 0.33038748267114675938 0.00000000099999999996 
0.64415847475550425116 0.00000000099999999994 0.00000000099999999994 0.00000000099999999994 0.00000000099999999994 0.00000000099999999994 0.00000000099999999994 0.00000000099999999994 0.00000000099999999994 0.35584151624449600337 0.00000000099999999994 
0.00000000099999999985 0.00000000099999999985 0.00000000099999999985 0.00000000099999999985 0.00000000099999999985 0.00000000099999999985 0.00000000099999999985 0.99999998999999994975 0.00000000099999999985 0.00000000099999999985 0.00000000099999999985 
0.00000000099999999979 0.79189140574898453373 0.00000000099999999979 0.20810858525101569305 0.00000000099999999979 0.00000000099999999979 0.00000000099999999979 0.00000000099999999979 0.00000000099999999979 0.00000000099999999979 0.00000000099999999979 
0.00000000099999999958 0.00000000099999999958 0.00000000099999999958 0.63439265784376530632 0.00000000099999999958 0.00000000099999999958 0.00000000099999999958 0.00000000099999999958 0.00000000099999999958 0.00000000099999999958 0.36560733315623489270 
0.36172303825345492045 0.00000000099999999997 0.11722015311802008730 0.01242765719941069623 0.09366778121015330305 0.00014863015552198328 0.00000000099999999997 0.23058196489574070420 0.00000000099999999997 0.18423077116769825956 0.00000000099999999997 
0.00000000099999999951 0.00000000099999999951 0.00000000099999999951 0.00000000099999999951 0.00000000099999999951 0.00000000099999999951 0.32983647082072908852 0.00000000099999999951 0.67016352017927083295 0.00000000099999999951 0.00000000099999999951 
0.00000000099999999931 0.00000000099999999931 0.00000000099999999931 0.00000000099999999931 0.00000000099999999931 0.00000000099999999931 0.99999998999999994975 0.00000000099999999931 0.00000000099999999931 0.00000000099999999931 0.00000000099999999931 
0.00000000099999999940 0.00000000099999999940 0.00000000099999999940 0.00000000099999999940 0.00000000099999999940 0.00000000099999999940 0.36088389136876636298 0.00000000099999999940 0.63911609963123372502 0.00000000099999999940 0.00000000099999999940 
0.00000000099999999959 0.00000000099999999959 0.00000000099999999959 0.00000000099999999959 0.00000000099999999959 0.00000000099999999959 0.00000000099999999959 0.00000000099999999959 0.00000000099999999959 0.00000000099999999959 0.99999999000000006077 
0.00000000099999999952 0.00000000099999999952 0.00000000099999999952 0.00000000099999999952 0.00000000099999999952 0.00000000099999999952 0.00000000099999999952 0.00000000099999999952 0.00000000099999999952 0.00000000099999999952 0.99999999000000006077 
0.00000000099999999995 0.00000000099999999995 0.15287549791388529985 0.00930337964000176217 0.14438335587696682349 0.36212832844403397559 0.00000000099999999995 0.04960670815987067162 0.00000000099999999995 0.28170272496524140227 0.00000000099999999995 
0.00000000099999999994 0.99991265460972689194 0.00008733639027335976 0.00000000099999999994 0.00000000099999999994 0.00000000099999999994 0.00000000099999999994 0.00000000099999999994 0.00000000099999999994 0.00000000099999999994 0.00000000099999999994 
0.00000000099999999955 0.00000000099999999955 0.00000000099999999955 0.00000000099999999955 0.00000000099999999955 0.00000000099999999955 0.00000000099999999955 0.00000000099999999955 0.00000000099999999955 0.00000000099999999955 0.99999998999999994975 
0.40670353102219580776 0.00000000099999999997 0.00000031865796257308 0.05208399197786751228 0.18601826089963321986 0.35519389144234086997 0.00000000099999999997 0.00000000099999999997 0.00000000099999999997 0.00000000099999999997 0.00000000099999999997 
0.00000000099999999990 0.99999999000000017180 0.00000000099999999990 0.00000000099999999990 0.00000000099999999990 0.00000000099999999990 0.00000000099999999990 0.00000000099999999990 0.00000000099999999990 0.00000000099999999990 0.00000000099999999990 
0.00000000099999999960 0.00000000099999999960 0.00000000099999999960 0.00000000099999999960 0.00000000099999999960 0.00000000099999999960 0.00000000099999999960 0.00000000099999999960 0.00000000099999999960 0.00000000099999999960 0.99999999000000006077 
0.79083083708379320331 0.00000000099999999994 0.00000000099999999994 0.00000000099999999994 0.00000000099999999994 0.20916915391620702347 0.00000000099999999994 0.00000000099999999994 0.00000000099999999994 0.00000000099999999994 0.00000000099999999994 
0.00000000099999999955 0.00000000099999999955 0.00000000099999999955 0.00000000099999999955 0.00000000099999999955 0.00000000099999999955 0.00000000099999999955 0.00000000099999999955 0.00000000099999999955 0.00000000099999999955 0.99999999000000006077 
0.00000000099999999992 0.99999999000000017180 0.00000000099999999992 0.00000000099999999992 0.00000000099999999992 0.00000000099999999992 0.00000000099999999992 0.00000000099999999992 0.00000000099999999992 0.00000000099999999992 0.00000000099999999992 
0.00000000099999999987 0.99999999000000017180 0.00000000099999999987 0.00000000099999999987 0.00000000099999999987 0.00000000099999999987 0.00000000099999999987 0.00000000099999999987 0.00000000099999999987 0.00000000099999999987 0.00000000099999999987 
0.00000000099999999949 0.00000000099999999949 0.00000000099999999949 0.00000000099999999949 0.00000000099999999949 0.00000000099999999949 0.00000000099999999949 0.00000000099999999949 0.00000000099999999949 0.00000000099999999949 0.99999998999999994975 
0.00000000099999999954 0.00000000099999999954 0.00000000099999999954 0.00000000099999999954 0.00000000099999999954 0.00000000099999999954 0.00000000099999999954 0.00000000099999999954 0.00000000099999999954 0.00000000099999999954 0.99999998999999994975 
0.00000000099999999992 0.99999999000000017180 0.00000000099999999992 0.00000000099999999992 0.00000000099999999992 0.00000000099999999992 0.00000000099999999992 0.00000000099999999992 0.00000000099999999992 0.00000000099999999992 0.00000000099999999992 
0.00000000099999999993 0.99999948180479092397 0.00000050919520922461 0.00000000099999999993 0.00000000099999999993 0.00000000099999999993 0.00000000099999999993 0.00000000099999999993 0.00000000099999999993 0.00000000099999999993 0.00000000099999999993 
0.00000000099999999995 0.99999998895582908887 0.00000000099999999995 0.00000000099999999995 0.00000000099999999995 0.00000000099999999995 0.00000000099999999995 0.00000000099999999995 0.00000000099999999995 0.00000000204417116257 0.00000000099999999995 
0.00000000099999999961 0.00000000099999999961 0.00000000099999999961 0.00000000099999999961 0.00000000099999999961 0.00000000099999999961 0.00000000099999999961 0.00000000099999999961 0.00000000099999999961 0.00000000099999999961 0.99999998999999994975 
0.00000000099999999991 0.00000000099999999991 0.00000000099999999991 0.00000000099999999991 0.00000000099999999991 0.00000000099999999991 0.00000000099999999991 0.99999999000000006077 0.00000000099999999991 0.00000000099999999991 0.00000000099999999991 
0.40646987747313534367 0.00000000099999999996 0.00000000099999999996 0.00000000099999999996 0.00000000099999999996 0.58372604160546470720 0.00000000099999999996 0.00000000099999999996 0.00000000099999999996 0.00000000099999999996 0.00980407292139995855 
0.00000000099999999985 0.00000000099999999985 0.99999999000000006077 0.00000000099999999985 0.00000000099999999985 0.00000000099999999985 0.00000000099999999985 0.00000000099999999985 0.00000000099999999985 0.00000000099999999985 0.00000000099999999985 
0.37842314572445689969 0.00000000099999999995 0.00000000099999999995 0.00000000099999999995 0.00000000099999999995 0.00000000099999999995 0.00000000099999999995 0.62157684527554291076 0.00000000099999999995 0.00000000099999999995 0.00000000099999999995 
0.00000000099999999991 0.99999999000000028282 0.00000000099999999991 0.00000000099999999991 0.00000000099999999991 0.00000000099999999991 0.00000000099999999991 0.00000000099999999991 0.00000000099999999991 0.00000000099999999991 0.00000000099999999991 
0.00000000099999999991 0.00000000099999999991 0.00000000099999999991 0.00000000099999999991 0.00000000099999999991 0.00000000099999999991 0.00000000099999999991 0.00000000099999999991 0.00000000099999999991 0.99999999000000006077 0.00000000099999999991 
0.00000000099999999948 0.00000000099999999948 0.00000000099999999948 0.00000000099999999948 0.00000000099999999948 0.00000000099999999948 0.59875621382879484766 0.00000000099999999948 0.40124377717120518483 0.00000000099999999948 0.00000000099999999948 
0.00000000099999999987 0.00000000099999999987 0.00000000099999999987 0.00000000099999999987 0.00000000099999999987 0.00000000099999999987 0.00000000099999999987 0.00000000099999999987 0.00000000099999999987 0.99999999000000006077 0.00000000099999999987 
0.00000000099999999941 0.00000000099999999941 0.00000000099999999941 0.00000000099999999941 0.00000000099999999941 0.00000000099999999941 0.00000000099999999941 0.00000000099999999941 0.99999998999999994975 0.00000000099999999941 0.00000000099999999941 
0.00000000099999999993 0.00000000099999999993 0.00000000099999999993 0.20809666785361191632 0.00000000099999999993 0.00000000099999999993 0.00000000099999999993 0.00000000099999999993 0.00000000099999999993 0.79190332314638800515 0.00000000099999999993 
0.00000000099999999940 0.00000000099999999940 0.00000000099999999940 0.00000000099999999940 0.00000000099999999940 0.00000000099999999940 0.00000000099999999940 0.00000000099999999940 0.99999999000000006077 0.00000000099999999940 0.00000000099999999940 
0.37015575198593564377 0.00000000099999999995 0.00000000099999999995 0.00000000099999999995 0.21635600294751250461 0.00000000099999999995 0.00000000099999999995 0.16949207205698779699 0.00000000099999999995 0.24399616600956416934 0.00000000099999999995 
0.00000000099999999986 0.00000000099999999986 0.99999999000000006077 0.00000000099999999986 0.00000000099999999986 0.00000000099999999986 0.00000000099999999986 0.00000000099999999986 0.00000000099999999986 0.00000000099999999986 0.00000000099999999986 
0.00000000099999999989 0.99999999000000028282 0.00000000099999999989 0.00000000099999999989 0.00000000099999999989 0.00000000099999999989 0.00000000099999999989 0.00000000099999999989 0.00000000099999999989 0.00000000099999999989 0.00000000099999999989 
0.99999999000000017180 0.00000000099999999987 0.00000000099999999987 0.00000000099999999987 0.00000000099999999987 0.00000000099999999987 0.00000000099999999987 0.00000000099999999987 0.00000000099999999987 0.00000000099999999987 0.00000000099999999987 
0.00000000099999999940 0.00000000099999999940 0.00000000099999999940 0.00000000099999999940 0.00000000099999999940 0.00000000099999999940 0.99999999000000006077 0.00000000099999999940 0.00000000099999999940 0.00000000099999999940 0.00000000099999999940 
0.00000000099999999942 0.00000000099999999942 0.00000000099999999942 0.00000000099999999942 0.00000000099999999942 0.00000000099999999942 0.00000000099999999942 0.00000000099999999942 0.99999998999999994975 0.00000000099999999942 0.00000000099999999942 
0.00000000099999999989 0.00000000099999999989 0.99999999000000006077 0.00000000099999999989 0.00000000099999999989 0.00000000099999999989 0.00000000099999999989 0.00000000099999999989 0.00000000099999999989 0.00000000099999999989 0.00000000099999999989 
0.00000000099999999990 0.99999999000000028282 0.00000000099999999990 0.00000000099999999990 0.00000000099999999990 0.00000000099999999990 0.00000000099999999990 0.00000000099999999990 0.00000000099999999990 0.00000000099999999990 0.00000000099999999990 
0.00000000099999999963 0.00000000099999999963 0.00000000099999999963 0.00000000099999999963 0.00000000099999999963 0.00000000099999999963 0.00000000099999999963 0.00000000099999999963 0.00000000099999999963 0.00000000099999999963 0.99999998999999994975 
0.00000000099999999991 0.99999999000000017180 0.00000000099999999991 0.00000000099999999991 0.00000000099999999991 0.00000000099999999991 0.00000000099999999991 0.00000000099999999991 0.00000000099999999991 0.00000000099999999991 0.00000000099999999991 
0.22699351794057623377 0.01409939994678695990 0.00000000099999999998 0.03959725155856445161 0.20874062096114767706 0.10518199465231649337 0.00000000099999999998 0.30930197426489541845 0.00000000099999999998 0.09608523667571272631 0.00000000099999999998 
0.00000000099999999945 0.00000000099999999945 0.00000000099999999945 0.00000000099999999945 0.00000000099999999945 0.00000000099999999945 0.40016611839309773613 0.00000000099999999945 0.59983387260690224085 0.00000000099999999945 0.00000000099999999945 
0.00000000099999999945 0.00000000099999999945 0.00000000099999999945 0.00000000099999999945 0.00000000099999999945 0.00000000099999999945 0.00000000099999999945 0.00000000099999999945 0.00000000099999999945 0.00000000099999999945 0.99999998999999994975 
0.00000000099999999945 0.00000000099999999945 0.00000000099999999945 0.00000000099999999945 0.00000000099999999945 0.00000000099999999945 0.99999998999999994975 0.00000000099999999945 0.00000000099999999945 0.00000000099999999945 0.00000000099999999945 
0.00000000099999999987 0.00000000099999999987 0.00000000099999999987 0.00000000099999999987 0.00000000099999999987 0.99999999000000017180 0.00000000099999999987 0.00000000099999999987 0.00000000099999999987 0.00000000099999999987 0.00000000099999999987 
0.00000000099999999986 0.99999999000000028282 0.00000000099999999986 0.00000000099999999986 0.00000000099999999986 0.00000000099999999986 0.00000000099999999986 0.00000000099999999986 0.00000000099999999986 0.00000000099999999986 0.00000000099999999986 
0.00000000099999999991 0.99999999000000017180 0.00000000099999999991 0.00000000099999999991 0.00000000099999999991 0.00000000099999999991 0.00000000099999999991 0.00000000099999999991 0.00000000099999999991 0.00000000099999999991 0.00000000099999999991 
0.00000000099999999993 0.21097044633684947090 0.00000000099999999993 0.00000000099999999993 0.00000000099999999993 0.00000000099999999993 0.00000000099999999993 0.78902954466315045057 0.00000000099999999993 0.00000000099999999993 0.00000000099999999993 
0.08413353349246725787 0.00000000099999999999 0.20460520110749236267 0.00038047436593827507 0.00000000104462279903 0.22917181673734265956 0.00000000099999999999 0.29751819965662928968 0.00000000099999999999 0.16434101959711616692 0.01984975099839122320 
0.46269219550014195619 0.00512467171670631574 0.13225592915794789906 0.00000000099999999996 0.00000000099999999996 0.19467854506529788661 0.00000000099999999996 0.00058442935307650480 0.00000000099999999996 0.20466422420682969796 0.00000000099999999996 
0.00000000099999999986 0.00000000099999999986 0.00000000099999999986 0.00000000099999999986 0.00000000099999999986 0.00000000099999999986 0.00000000099999999986 0.99999999000000006077 0.00000000099999999986 0.00000000099999999986 0.00000000099999999986 
0.00000000099999999996 0.00000000099999999996 0.00000000099999999996 0.07991229094875544614 0.00000000099999999996 0.43530460804579851342 0.00000000099999999996 0.00053742652631843472 0.00000000099999999996 0.48424566747912756171 0.00000000099999999996 
0.99999999000000028282 0.00000000099999999991 0.00000000099999999991 0.00000000099999999991 0.00000000099999999991 0.00000000099999999991 0.00000000099999999991 0.00000000099999999991 0.00000000099999999991 0.00000000099999999991 0.00000000099999999991 
0.00000000099999999993 0.00000000099999999993 0.00000000099999999993 0.00000000099999999993 0.00000000099999999993 0.46940000263521031165 0.00000000099999999993 0.53059998836478949880 0.00000000099999999993 0.00000000099999999993 0.00000000099999999993 
0.00000000099999999996 0.00000000099999999996 0.00000000099999999996 0.00000000099999999996 0.00000000099999999996 0.44386438432446151392 0.00000000099999999996 0.24856610840549345220 0.00000000099999999996 0.30756949927004489931 0.00000000099999999996 
0.51334625366419717185 0.00000000099999999996 0.00000000099999999996 0.00000000099999999996 0.00000000099999999996 0.00000000099999999996 0.00000000099999999996 0.48665373733580291615 0.00000000099999999996 0.00000000099999999996 0.00000000099999999996 
0.00000000099999999992 0.99999999000000028282 0.00000000099999999992 0.00000000099999999992 0.00000000099999999992 0.00000000099999999992 0.00000000099999999992 0.00000000099999999992 0.00000000099999999992 0.00000000099999999992 0.00000000099999999992 
0.00000000099999999995 0.95815904979216293125 0.04184094120783723308 0.00000000099999999995 0.00000000099999999995 0.00000000099999999995 0.00000000099999999995 0.00000000099999999995 0.00000000099999999995 0.00000000099999999995 0.00000000099999999995 
0.00000000099999999956 0.00000000099999999956 0.00000000099999999956 0.00000000099999999956 0.00000000099999999956 0.00000000099999999956 0.99999999000000006077 0.00000000099999999956 0.00000000099999999956 0.00000000099999999956 0.00000000099999999956 
0.00000000099999999994 0.99999999000000028282 0.00000000099999999994 0.00000000099999999994 0.00000000099999999994 0.00000000099999999994 0.00000000099999999994 0.00000000099999999994 0.00000000099999999994 0.00000000099999999994 0.00000000099999999994 
0.00000000099999999995 0.96932760428665365460 0.03067238671334642300 0.00000000099999999995 0.00000000099999999995 0.00000000099999999995 0.00000000099999999995 0.00000000099999999995 0.00000000099999999995 0.00000000099999999995 0.00000000099999999995 
0.48058266866414028895 0.01531778602315911862 0.22230927633408209543 0.00000000099999999997 0.08750939983126464206 0.00001635470691100329 0.00000000099999999997 0.00007144507505587115 0.00000000099999999997 0.19376826676346164957 0.00042479960192532838 
0.00000000099999999932 0.00000000099999999932 0.00000000099999999932 0.00000000099999999932 0.00000000099999999932 0.00000000099999999932 0.00000000099999999932 0.00000000099999999932 0.99999999000000006077 0.00000000099999999932 0.00000000099999999932 
0.00000000099999999995 0.00000000099999999995 0.00000000099999999995 0.00000000099999999995 0.00000000099999999995 0.45330645005188063834 0.00000000099999999995 0.54669354094811939415 0.00000000099999999995 0.00000000099999999995 0.00000000099999999995 
0.00000000099999999990 0.00000000099999999990 0.00000000099999999990 0.00000000099999999990 0.00000000099999999990 0.00000000099999999990 0.00000000099999999990 0.00000000099999999990 0.00000000099999999990 0.99999998999999994975 0.00000000099999999990 
0.51075101247036125418 0.00000000099999999996 0.48924897852963900036 0.00000000099999999996 0.00000000099999999996 0.00000000099999999996 0.00000000099999999996 0.00000000099999999996 0.00000000099999999996 0.00000000099999999996 0.00000000099999999996 
0.27095305817755416244 0.01357048920151425822 0.21161883847510967738 0.00000000099999999999 0.11543163515300829125 0.00000391609431184511 0.00000000099999999999 0.12388098755708659704 0.00000000099999999999 0.26454107134141502389 0.00000000099999999999 
0.00000000099999999987 0.00000000099999999987 0.99999999000000006077 0.00000000099999999987 0.00000000099999999987 0.00000000099999999987 0.00000000099999999987 0.00000000099999999987 0.00000000099999999987 0.00000000099999999987 0.00000000099999999987 
0.37598220342735749755 0.00000000099999999995 0.00000000099999999995 0.00000000099999999995 0.00000000099999999995 0.00000000099999999995 0.00000000099999999995 0.62401778757264236841 0.00000000099999999995 0.00000000099999999995 0.00000000099999999995 
0.52769683889198848448 0.00000000099999999996 0.42320290638652963144 0.04910024672148184666 0.00000000099999999996 0.00000000099999999996 0.00000000099999999996 0.00000000099999999996 0.00000000099999999996 0.00000000099999999996 0.00000000099999999996 
0.18407946080890474905 0.00000000099999999998 0.00105122010445771554 0.04573973434692853862 0.09564067035102745418 0.20389939036733845112 0.00000000099999999998 0.14937933677945949840 0.00000000099999999998 0.32021018324188366133 0.00000000099999999998 
0.28167678915980237653 0.00001664233426247482 0.29155810468994547424 0.00000000099999999999 0.00008083846921610521 0.00000000099999999999 0.00000000099999999999 0.23422804726754425930 0.00000000099999999999 0.16635869964348651284 0.02608087443574285541 
0.00000000099999999986 0.00000000099999999986 0.00000000099999999986 0.00000000099999999986 0.00000000099999999986 0.00000000099999999986 0.00000000099999999986 0.99999999000000006077 0.00000000099999999986 0.00000000099999999986 0.00000000099999999986 
0.99999999000000017180 0.00000000099999999988 0.00000000099999999988 0.00000000099999999988 0.00000000099999999988 0.00000000099999999988 0.00000000099999999988 0.00000000099999999988 0.00000000099999999988 0.00000000099999999988 0.00000000099999999988 
0.00000000099999999989 0.00000000099999999989 0.99999999000000006077 0.00000000099999999989 0.00000000099999999989 0.00000000099999999989 0.00000000099999999989 0.00000000099999999989 0.00000000099999999989 0.00000000099999999989 0.00000000099999999989 
0.00000000099999999986 0.00000000099999999986 0.00000000099999999986 0.00000000099999999986 0.00000000099999999986 0.99999999000000017180 0.00000000099999999986 0.00000000099999999986 0.00000000099999999986 0.00000000099999999986 0.00000000099999999986 
0.00000000099999999985 0.00000000099999999985 0.99999999000000006077 0.00000000099999999985 0.00000000099999999985 0.00000000099999999985 0.00000000099999999985 0.00000000099999999985 0.00000000099999999985 0.00000000099999999985 0.00000000099999999985 
0.00000000099999999994 0.00000000099999999994 0.44128179344497053815 0.00000000099999999994 0.00000000099999999994 0.00000000099999999994 0.00000000099999999994 0.55871818835990760821 0.00000000099999999994 0.00000001019512182130 0.00000000099999999994 
0.20113233910287917072 0.00248376872997740309 0.30504726941462551038 0.11682063761132466251 0.00000000099999999996 0.00004391634979248270 0.00000000099999999996 0.00000058503788103621 0.00000000099999999996 0.37447147975351968707 0.00000000099999999996 
0.99999999000000028282 0.00000000099999999993 0.00000000099999999993 0.00000000099999999993 0.00000000099999999993 0.00000000099999999993 0.00000000099999999993 0.00000000099999999993 0.00000000099999999993 0.00000000099999999993 0.00000000099999999993 
0.99999999000000028282 0.00000000099999999993 0.00000000099999999993 0.00000000099999999993 0.00000000099999999993 0.00000000099999999993 0.00000000099999999993 0.00000000099999999993 0.00000000099999999993 0.00000000099999999993 0.00000000099999999993 
0.21836222864888976680 0.00000000099999999997 0.15560613215083288208 0.03300098783022917259 0.11351314078349915293 0.00000368084224597756 0.00000000099999999997 0.18065430328805556770 0.00000000099999999997 0.29885952245624741730 0.00000000099999999997 
0.47810714910539947597 0.00389727791618268721 0.05206349557050543586 0.00509933377610566774 0.14359500077966128040 0.31722694595705414056 0.00000000099999999996 0.00001079289509127442 0.00000000099999999996 0.00000000099999999996 0.00000000099999999996 
0.13656282554920479155 0.01079720076896261566 0.10702845503633615087 0.06461411890672413838 0.00000000100000000000 0.27785851183034671052 0.07351243304312396476 0.13931235727987228978 0.00000000100000000000 0.19031409458542924984 0.00000000100000000000 
0.33122053427200509601 0.00000000099999999996 0.14764154532006090736 0.06474639164206481834 0.09928054949213485636 0.21018473226927658626 0.00000000099999999996 0.00000000099999999996 0.00000000099999999996 0.14692624200445775218 0.00000000099999999996 
0.00000000099999999984 0.00000000099999999984 0.00000000099999999984 0.00000000099999999984 0.00000000099999999984 0.99999999000000006077 0.00000000099999999984 0.00000000099999999984 0.00000000099999999984 0.00000000099999999984 0.00000000099999999984 
0.48262697920214170377 0.00000000099999999995 0.00000027718048483699 0.03922662953984184381 0.00000000099999999995 0.47814610707753163465 0.00000000099999999995 0.00000000099999999995 0.00000000099999999995 0.00000000099999999995 0.00000000099999999995 
0.23249452883905247225 0.00000000099999999997 0.10831829546951843302 0.05943142406673704997 0.08869991743731414635 0.33082248235860939323 0.00000000099999999997 0.17447723437209994302 0.00000000099999999997 0.00000004681204866491 0.00575606764461970930 
0.20768403808228563800 0.00000000099999999996 0.00214600872316997142 0.03098360011809109943 0.06533598596625919686 0.00000000099999999996 0.00000000099999999996 0.29791215846817814539 0.00000000099999999996 0.39593820364201592898 0.00000000099999999996 
0.00000000099999999989 0.00000000099999999989 0.00000000099999999989 0.00000000099999999989 0.00000000099999999989 0.99999999000000017180 0.00000000099999999989 0.00000000099999999989 0.00000000099999999989 0.00000000099999999989 0.00000000099999999989 
0.17818095252908450199 0.00000000099999999997 0.00007462971336136731 0.01248262232955025391 0.00777717769601693910 0.07295024275057000740 0.00000000099999999997 0.41866414266356083429 0.00000000099999999997 0.30987022831785598909 0.00000000099999999997 
0.26909076631770700860 0.00000000099999999995 0.55711680984602962585 0.04585482591680373893 0.12793758731457074984 0.00000000099999999995 0.00000000099999999995 0.00000000112522261189 0.00000000099999999995 0.00000000447966630343 0.00000000099999999995 
0.28230634897291778662 0.01673174824918842105 0.00000000099999999995 0.00000000099999999995 0.00000000099999999995 0.10552058369153807793 0.00000000099999999995 0.19780317546321007915 0.00000000099999999995 0.39763813762314564881 0.00000000099999999995 
0.00000000099999999991 0.99999999000000028282 0.00000000099999999991 0.00000000099999999991 0.00000000099999999991 0.00000000099999999991 0.00000000099999999991 0.00000000099999999991 0.00000000099999999991 0.00000000099999999991 0.00000000099999999991 
0.00000000099999999994 0.95694008238127215016 0.00000000099999999994 0.00000000099999999994 0.04305990861872797254 0.00000000099999999994 0.00000000099999999994 0.00000000099999999994 0.00000000099999999994 0.00000000099999999994 0.00000000099999999994 
0.00000000099999999945 0.00000000099999999945 0.00000000099999999945 0.00000000099999999945 0.00000000099999999945 0.00000000099999999945 0.99999999000000006077 0.00000000099999999945 0.00000000099999999945 0.00000000099999999945 0.00000000099999999945 
0.00000000099999999948 0.00000000099999999948 0.00000000099999999948 0.00000000099999999948 0.00000000099999999948 0.00000000099999999948 0.00000000099999999948 0.00000000099999999948 0.00000000099999999948 0.00000000099999999948 0.99999999000000006077 
0.00000000099999999998 0.87705420749039464390 0.00000000099999999998 0.01718717737635059098 0.05962294466898860473 0.00000000099999999998 0.00000000099999999998 0.01436146547802072231 0.00000000099999999998 0.00000000099999999998 0.03177419898624558176 
0.17868178000219969714 0.00366557117234590345 0.19203121402478517954 0.00000000099999999996 0.09807490757835837791 0.16986253234609199891 0.00000000099999999996 0.00000000099999999996 0.00000000099999999996 0.35768398987621885521 0.00000000099999999996 
0.00000000099999999988 0.00000000099999999988 0.00000000099999999988 0.00000000099999999988 0.00000000099999999988 0.00000000099999999988 0.00000000099999999988 0.00000000099999999988 0.00000000099999999988 0.99999999000000006077 0.00000000099999999988 
0.00000000099999999995 0.96257233126141139579 0.00000000099999999995 0.00000000099999999995 0.03742765973858875467 0.00000000099999999995 0.00000000099999999995 0.00000000099999999995 0.00000000099999999995 0.00000000099999999995 0.00000000099999999995 
0.47521228688374894666 0.00204719444899649971 0.20992219878579956860 0.00000000099999999997 0.09435547889118270359 0.02254608038607300649 0.00000000099999999997 0.00000000099999999997 0.00000000099999999997 0.19591675560419941071 0.00000000099999999997 
0.00000000099999999991 0.00000000099999999991 0.69648400228384854671 0.00000000099999999991 0.30351598871615143027 0.00000000099999999991 0.00000000099999999991 0.00000000099999999991 0.00000000099999999991 0.00000000099999999991 0.00000000099999999991 
0.90975575912323392025 0.00000000099999999992 0.00000000099999999992 0.09024423187676636204 0.00000000099999999992 0.00000000099999999992 0.00000000099999999992 0.00000000099999999992 0.00000000099999999992 0.00000000099999999992 0.00000000099999999992 
0.00000000099999999937 0.00000000099999999937 0.00000000099999999937 0.00000000099999999937 0.00000000099999999937 0.00000000099999999937 0.00000000099999999937 0.00000000099999999937 0.99999999000000006077 0.00000000099999999937 0.00000000099999999937 
0.00000000099999999940 0.00000000099999999940 0.00000000099999999940 0.00000000099999999940 0.00000000099999999940 0.00000000099999999940 0.00000000099999999940 0.00000000099999999940 0.99999999000000006077 0.00000000099999999940 0.00000000099999999940 
0.00000000099999999931 0.00000000099999999931 0.00000000099999999931 0.00000000099999999931 0.00000000099999999931 0.00000000099999999931 0.00000000099999999931 0.00000000099999999931 0.99999998999999994975 0.00000000099999999931 0.00000000099999999931 
0.00000000099999999930 0.00000000099999999930 0.00000000099999999930 0.00000000099999999930 0.00000000099999999930 0.00000000099999999930 0.99999998999999994975 0.00000000099999999930 0.00000000099999999930 0.00000000099999999930 0.00000000099999999930 
0.00000000099999999934 0.00000000099999999934 0.00000000099999999934 0.00000000099999999934 0.00000000099999999934 0.00000000099999999934 0.99999998999999994975 0.00000000099999999934 0.00000000099999999934 0.00000000099999999934 0.00000000099999999934 
0.00000000099999999996 0.99999999000000028282 0.00000000099999999996 0.00000000099999999996 0.00000000099999999996 0.00000000099999999996 0.00000000099999999996 0.00000000099999999996 0.00000000099999999996 0.00000000099999999996 0.00000000099999999996 
0.00000000099999999996 0.00000000099999999996 0.00000000099999999996 0.00000000099999999996 0.00000000099999999996 0.39474688636640603567 0.00000000099999999996 0.60525310463359394131 0.00000000099999999996 0.00000000099999999996 0.00000000099999999996 
0.00000000099999999935 0.00000000099999999935 0.00000000099999999935 0.00000000099999999935 0.00000000099999999935 0.00000000099999999935 0.99999999000000006077 0.00000000099999999935 0.00000000099999999935 0.00000000099999999935 0.00000000099999999935 
0.00000000099999999944 0.00000000099999999944 0.00000000099999999944 0.00000000099999999944 0.00000000099999999944 0.00000000099999999944 0.00000000099999999944 0.00000000099999999944 0.99999998999999994975 0.00000000099999999944 0.00000000099999999944 
0.00000000099999999946 0.00000000099999999946 0.00000000099999999946 0.00000000099999999946 0.00000000099999999946 0.00000000099999999946 0.00000000099999999946 0.00000000099999999946 0.00000000099999999946 0.00000000099999999946 0.99999998999999994975 
0.00000000099999999946 0.00000000099999999946 0.00000000099999999946 0.00000000099999999946 0.00000000099999999946 0.00000000099999999946 0.00000000099999999946 0.00000000099999999946 0.00000000099999999946 0.00000000099999999946 0.99999998999999994975 
0.00000000099999999985 0.00000000099999999985 0.00000000099999999985 0.00000000099999999985 0.00000000099999999985 0.00000000099999999985 0.00000000099999999985 0.99999999000000006077 0.00000000099999999985 0.00000000099999999985 0.00000000099999999985 
0.00000000099999999946 0.00000000099999999946 0.00000000099999999946 0.00000000099999999946 0.00000000099999999946 0.00000000099999999946 0.56789663283044333753 0.00000000099999999946 0.43210335816955663946 0.00000000099999999946 0.00000000099999999946 
0.00000000099999999994 0.00000000099999999994 0.53210838737325816261 0.00000000099999999994 0.00000000099999999994 0.00000000099999999994 0.00000000099999999994 0.46789160362674198090 0.00000000099999999994 0.00000000099999999994 0.00000000099999999994 
0.25527868784902574273 0.00000000099999999996 0.00000171114830589240 0.00000000099999999996 0.12367780679606570071 0.31695313507271677400 0.00000000099999999996 0.00000000099999999996 0.00000000099999999996 0.30408865313388594442 0.00000000099999999996 
0.00000000099999999995 0.93539877188423725674 0.00000000099999999995 0.00000000099999999995 0.00000000099999999995 0.06460121911576297005 0.00000000099999999995 0.00000000099999999995 0.00000000099999999995 0.00000000099999999995 0.00000000099999999995 
0.00000000099999999993 0.00000000099999999993 0.00000000099999999993 0.00000000099999999993 0.09025795230364896948 0.45356347288485238112 0.00000000099999999993 0.00000000099999999993 0.00000000099999999993 0.45617856681149859810 0.00000000099999999993 
