0.00000000100000000000 0.00894764691082935645 0.47807244212646060610 0.46884117205009256946 0.02280420202340445804 0.00000000100000000000 0.02133453488921301794 
0.00000000099999999994 0.56026729152000986911 0.00000000099999999994 0.00000000099999999994 0.00000000099999999994 0.43973270347999021679 0.00000000099999999994 
0.00000000099999999994 0.63227895516498022754 0.00000000099999999994 0.00000000099999999994 0.05296101793252652040 0.31476002290249321947 0.00000000099999999994 
0.00000000099999999999 0.00000000099999999999 0.50549131528346114006 0.44252089382793391437 0.00318065858649024726 0.04626867854646533884 0.00253845175564944292 
0.00000000099999999999 0.00000000099999999999 0.47583966241935049535 0.49056738060138743718 0.02446695611604014081 0.00230036468979670072 0.00682563417342511858 
0.00000000099999999999 0.00006538702904782493 0.50966193911300572417 0.44547559754055798820 0.01126601888925583307 0.03026675690550765033 0.00326429952262489304 
0.00000000099999999992 0.91406471804904110279 0.00000000099999999992 0.00000000099999999992 0.08593527695095912189 0.00000000099999999992 0.00000000099999999992 
0.00000000099999999991 0.99999999400000005867 0.00000000099999999991 0.00000000099999999991 0.00000000099999999991 0.00000000099999999991 0.00000000099999999991 
0.00000000099999999997 0.00000000099999999997 0.98948936449458879672 0.00000000099999999997 0.00000000099999999997 0.00000000099999999997 0.01051063050541128745 
0.00000000099999999992 0.99999999400000016969 0.00000000099999999992 0.00000000099999999992 0.00000000099999999992 0.00000000099999999992 0.00000000099999999992 
0.00000000100000000000 0.02081030917782958692 0.76330028716250530874 0.20850505049317333284 0.00000000288988628952 0.00000000100000000000 0.00738434827660545100 
0.00000000099999999998 0.00000010255378217409 0.50423092200887253966 0.46189458362866842034 0.00000000099999999998 0.02479555361411516640 0.00907883619456171555 
0.00000000099999999998 0.00000000099999999998 0.96932512089028444180 0.00000000099999999998 0.03067487410971557818 0.00000000099999999998 0.00000000099999999998 
0.00000000099999999999 0.00000000099999999999 0.53804313620803967400 0.40623715644588848095 0.02535023678816548248 0.01670555169440585824 0.01366391686350030936 
0.00196642828551787550 0.00019752621601971235 0.40357621415009203858 0.57288480658041751603 0.00000000100000000000 0.00000000100000000000 0.02137502276795283720 
0.00000000099999999999 0.05414416047208048949 0.48463136852308652536 0.39331983220647298571 0.04344030201389485757 0.00000000099999999999 0.02446433478446531987 
0.00000000099999999996 0.00000000099999999996 0.00000000099999999996 0.99999999399999994765 0.00000000099999999996 0.00000000099999999996 0.00000000099999999996 
0.00000014746199687186 0.00000000099999999999 0.64995955066140065348 0.30985684725609402568 0.04018345162050852154 0.00000000099999999999 0.00000000099999999999 
0.00583527789207534658 0.00529290616252852536 0.65681339736499533277 0.31170798545587147244 0.01110398432789269120 0.00000000100000000000 0.00924644779663672672 
0.00000000099999999998 0.00000000099999999998 0.42878241560400642829 0.54780488156127504773 0.02188689014105068761 0.00000000099999999998 0.00152580969366791232 
0.00000000099999999998 0.00000000099999999998 0.99999306724391889833 0.00000000099999999998 0.00000692775608096544 0.00000000099999999998 0.00000000099999999998 
0.00000000099999999995 0.99999999400000005867 0.00000000099999999995 0.00000000099999999995 0.00000000099999999995 0.00000000099999999995 0.00000000099999999995 
0.00000000099999999999 0.00000000099999999999 0.57706925742808179436 0.38137562383553247347 0.00000000099999999999 0.04155511473638560938 0.00000000099999999999 
0.00000000099999999992 0.00000000099999999992 0.00000000099999999992 0.99999999400000005867 0.00000000099999999992 0.00000000099999999992 0.00000000099999999992 
0.00000000099999999998 0.00000000318654570809 0.59046617302438653141 0.34347850336923185788 0.03733127060389791058 0.02872404781593806272 0.00000000099999999998 
0.00000000099999999998 0.00000000099999999998 0.45513967091061457992 0.52747079598924140331 0.01738952908448005569 0.00000000099999999998 0.00000000101566406741 
0.00000000099999999974 0.00000000099999999974 0.00000000099999999974 0.00000000099999999974 0.00000000099999999974 0.00000000099999999974 0.99999999400000005867 
0.00000000099999999970 0.00000000099999999970 0.00000000099999999970 0.00000000099999999970 0.00000000099999999970 0.00000000099999999970 0.99999999399999994765 
0.00000000099999999999 0.00000000099999999999 0.69580873350620708884 0.26068222831212012336 0.04350903418167270664 0.00000000099999999999 0.00000000099999999999 
0.00000000099999999998 0.00000000099999999998 0.52798560256914461863 0.46009177323813882365 0.00000000099999999998 0.00000000099999999998 0.01192262019271659278 
0.00000000099999999997 0.00626221130075803496 0.66259276260500366007 0.25005659791149198456 0.08108842518274626820 0.00000000099999999997 0.00000000099999999997 
0.00000000099999999994 0.99999999400000016969 0.00000000099999999994 0.00000000099999999994 0.00000000099999999994 0.00000000099999999994 0.00000000099999999994 
0.00000000099999999995 0.21471118699317376377 0.00000000099999999995 0.42483312655583937989 0.00193737190211334476 0.00000000099999999995 0.35851831154887359165 
0.00000000099999999999 0.00597567315842238884 0.70043686054094211890 0.29358746230063542670 0.00000000099999999999 0.00000000099999999999 0.00000000099999999999 
0.99999999400000005867 0.00000000099999999969 0.00000000099999999969 0.00000000099999999969 0.00000000099999999969 0.00000000099999999969 0.00000000099999999969 
0.99999999400000016969 0.00000000099999999962 0.00000000099999999962 0.00000000099999999962 0.00000000099999999962 0.00000000099999999962 0.00000000099999999962 
0.99999999400000005867 0.00000000099999999962 0.00000000099999999962 0.00000000099999999962 0.00000000099999999962 0.00000000099999999962 0.00000000099999999962 
0.00000000099999999975 0.00000000099999999975 0.00000000099999999975 0.00000000099999999975 0.00000000099999999975 0.00000000099999999975 0.99999999400000005867 
0.00000000099999999971 0.00000000099999999971 0.00000000099999999971 0.00000000099999999971 0.00000000099999999971 0.00000000099999999971 0.99999999400000005867 
0.00000000099999999997 0.00000000099999999997 0.98557427453681267782 0.00000000099999999997 0.01442572046318732482 0.00000000099999999997 0.00000000099999999997 
0.00000000099999999994 0.99999999400000005867 0.00000000099999999994 0.00000000099999999994 0.00000000099999999994 0.00000000099999999994 0.00000000099999999994 
0.00000000099999999973 0.00000000099999999973 0.00000000099999999973 0.00000000099999999973 0.00000000099999999973 0.00000000099999999973 0.99999999400000005867 
0.00000000099999999999 0.00000000099999999999 0.32051978527838292932 0.63279661153272026564 0.00146888082182423550 0.04211847309118094823 0.00309624727589170477 
0.00000000099999999992 0.99999999400000016969 0.00000000099999999992 0.00000000099999999992 0.00000000099999999992 0.00000000099999999992 0.00000000099999999992 
0.00000000099999999977 0.00000000099999999977 0.00000000099999999977 0.00000000099999999977 0.00000000099999999977 0.00000000099999999977 0.99999999400000005867 
0.00000000099999999998 0.02525216833541766084 0.45851750030984428363 0.50936472357057738236 0.00000000099999999998 0.00000000099999999998 0.00686560478416082393 
0.00000000099999999973 0.00000000099999999973 0.00000000099999999973 0.00000000099999999973 0.00000000099999999973 0.00000000099999999973 0.99999999399999994765 
0.00000000099999999986 0.00000000099999999986 0.00000000099999999986 0.00000000099999999986 0.00000000099999999986 0.99999999400000005867 0.00000000099999999986 
0.00000000099999999993 0.57227870961863691601 0.00000000099999999993 0.00000000099999999993 0.00000000099999999993 0.42772128538136328091 0.00000000099999999993 
0.00000000099999999969 0.00000000099999999969 0.00000000099999999969 0.00000000099999999969 0.00000000099999999969 0.00000000099999999969 0.99999999400000005867 
0.00000000099999999972 0.00000000099999999972 0.00000000099999999972 0.00000000099999999972 0.00000000099999999972 0.00000000099999999972 0.99999999400000005867 
0.00000000099999999987 0.00000000099999999987 0.00000000099999999987 0.00000000099999999987 0.00000000099999999987 0.99999999400000005867 0.00000000099999999987 
0.00000000099999999994 0.43947253902636423950 0.00000000099999999994 0.00000000099999999994 0.00000000099999999994 0.56052745597363551333 0.00000000099999999994 
0.00000000099999999996 0.71097595780326805492 0.00000000099999999996 0.00000000099999999996 0.00000000099999999996 0.28902403719673197546 0.00000000099999999996 
0.00000000099999999977 0.00000000099999999977 0.00000000099999999977 0.00000000099999999977 0.00000000099999999977 0.00000000099999999977 0.99999999399999994765 
0.00000000099999999999 0.05478978261141893152 0.62330010475158359462 0.30475393211987933384 0.00000000099999999999 0.00000000099999999999 0.01715617751711811731 
0.00000000099999999999 0.00065732056620239462 0.71301228643131231433 0.25874912893238888323 0.00000000099999999999 0.00000000099999999999 0.02758126107009643488 
0.00000000099999999995 0.00000000099999999995 0.00000000099999999995 0.99999999399999994765 0.00000000099999999995 0.00000000099999999995 0.00000000099999999995 
0.00000000099999999998 0.01147942561910364132 0.94760076539908566495 0.00000000099999999998 0.04091980498181065767 0.00000000099999999998 0.00000000099999999998 
0.00000000099999999986 0.00000000099999999986 0.00000000099999999986 0.00000000099999999986 0.00000000099999999986 0.99999999399999994765 0.00000000099999999986 
0.00000000100000000000 0.00000000100000000000 0.66568762829708161277 0.30642743993484178322 0.02364462407196980809 0.00000005599348990663 0.00424024970261673365 
0.99999999400000016969 0.00000000099999999967 0.00000000099999999967 0.00000000099999999967 0.00000000099999999967 0.00000000099999999967 0.00000000099999999967 
0.00000000099999999998 0.00000000099999999998 0.42635753023180150700 0.55160653359904265880 0.01064793214905971307 0.00699584247420840903 0.00439215954588790397 
0.99999999400000005867 0.00000000099999999968 0.00000000099999999968 0.00000000099999999968 0.00000000099999999968 0.00000000099999999968 0.00000000099999999968 
0.00000000099999999999 0.03514740253462635827 0.51019816684818131147 0.41113111284755837760 0.04352331476963405138 0.00000000099999999999 0.00000000099999999999 
0.99999999400000005867 0.00000000099999999969 0.00000000099999999969 0.00000000099999999969 0.00000000099999999969 0.00000000099999999969 0.00000000099999999969 
0.00000000099999999997 0.00000000099999999997 0.57128327083146568377 0.35121980927443752218 0.07749691589409685166 0.00000000099999999997 0.00000000099999999997 
0.00000000099999999997 0.00000000099999999997 0.00000000099999999997 0.99999999400000005867 0.00000000099999999997 0.00000000099999999997 0.00000000099999999997 
0.00000000099999999991 0.99999999400000016969 0.00000000099999999991 0.00000000099999999991 0.00000000099999999991 0.00000000099999999991 0.00000000099999999991 
0.00000000099999999997 0.00000000099999999997 0.56939294987806943205 0.40529078682741520590 0.02531625929451520804 0.00000000099999999997 0.00000000099999999997 
0.99999999400000005867 0.00000000099999999969 0.00000000099999999969 0.00000000099999999969 0.00000000099999999969 0.00000000099999999969 0.00000000099999999969 
0.99999999400000016969 0.00000000099999999971 0.00000000099999999971 0.00000000099999999971 0.00000000099999999971 0.00000000099999999971 0.00000000099999999971 
0.00000000099999999999 0.09966778403069158354 0.61776250417109090929 0.26371056707399687102 0.00682501106597019954 0.00000000099999999999 0.01203413165825039863 
0.00000000099999999991 0.99999999400000016969 0.00000000099999999991 0.00000000099999999991 0.00000000099999999991 0.00000000099999999991 0.00000000099999999991 
0.00000000099999999977 0.00000000099999999977 0.00000000099999999977 0.00000000099999999977 0.00000000099999999977 0.00000000099999999977 0.99999999399999994765 
0.00000000099999999993 0.44013272175952949938 0.00000000099999999993 0.00000000099999999993 0.00000000099999999993 0.55986727324047036447 0.00000000099999999993 
0.00000000099999999999 0.02873293276524475567 0.61974725138920339074 0.29916896794660025050 0.05235084489895167753 0.00000000099999999999 0.00000000099999999999 
0.99999999400000005867 0.00000000099999999966 0.00000000099999999966 0.00000000099999999966 0.00000000099999999966 0.00000000099999999966 0.00000000099999999966 
0.00000000099999999968 0.00000000099999999968 0.00000000099999999968 0.00000000099999999968 0.00000000099999999968 0.00000000099999999968 0.99999999399999994765 
0.99999999400000016969 0.00000000099999999973 0.00000000099999999973 0.00000000099999999973 0.00000000099999999973 0.00000000099999999973 0.00000000099999999973 
0.00244463376611100871 0.00000000100000000000 0.60081585037572526886 0.36876463287258393065 0.00001184319860110007 0.00832651767589396088 0.01963652111108481549 
0.00000000099999999993 0.68233966992408667807 0.00000000099999999993 0.00000000099999999993 0.00000000099999999993 0.31766032507591340783 0.00000000099999999993 
0.00000000099999999993 0.99999999400000005867 0.00000000099999999993 0.00000000099999999993 0.00000000099999999993 0.00000000099999999993 0.00000000099999999993 
0.00000000099999999999 0.17014107541582135230 0.24841216606000229850 0.51286999266491484217 0.00218156730684609208 0.06609039494490252797 0.00030480260751296199 
0.00000000099999999999 0.00000000516146463420 0.98021332195655541675 0.00000070252764682371 0.00000000099999999999 0.00001130171595079756 0.01977466663838233982 
0.00000000099999999998 0.00000000099999999998 0.66080207758606568369 0.30008204291759871252 0.02690883151257564276 0.01220704498375986546 0.00000000099999999998 
0.00000000099999999998 0.00002966813824012845 0.57534357499166366434 0.37090745493579291292 0.03089038187434487229 0.02282891805995843071 0.00000000099999999998 
0.00000000099999999999 0.00000000099999999999 0.70632532988990281986 0.28676181910485082360 0.00000067608396907029 0.00691216667498944799 0.00000000624628789442 
0.00000000099999999998 0.00000000099999999998 0.63598014316218443032 0.36400647106127459462 0.00001338177654097399 0.00000000099999999998 0.00000000099999999998 
0.00000000099999999998 0.00000000099999999998 0.65937237032732820552 0.32021081397419803860 0.00000000099999999998 0.02041681169847367125 0.00000000099999999998 
0.00000000099999999997 0.00000000099999999997 0.99999999399999994765 0.00000000099999999997 0.00000000099999999997 0.00000000099999999997 0.00000000099999999997 
0.00000000099999999998 0.04341975843636547427 0.62316152530115653807 0.33341871226247798976 0.00000000099999999998 0.00000000099999999998 0.00000000099999999998 
0.00000000099999999987 0.00000000099999999987 0.00000000099999999987 0.00000000099999999987 0.00000000099999999987 0.99999999400000005867 0.00000000099999999987 
0.00000000099999999995 0.99999999400000005867 0.00000000099999999995 0.00000000099999999995 0.00000000099999999995 0.00000000099999999995 0.00000000099999999995 
0.99999999400000005867 0.00000000099999999981 0.00000000099999999981 0.00000000099999999981 0.00000000099999999981 0.00000000099999999981 0.00000000099999999981 
0.00000000099999999995 0.99999999400000016969 0.00000000099999999995 0.00000000099999999995 0.00000000099999999995 0.00000000099999999995 0.00000000099999999995 
0.00000000099999999996 0.44154421147950234650 0.00000000099999999996 0.00000000099999999996 0.00000000099999999996 0.55845578352049751736 0.00000000099999999996 
0.00000000099999999998 0.01513918771982460110 0.98094681575564701692 0.00000000099999999998 0.00391399252452846475 0.00000000099999999998 0.00000000099999999998 
0.99999999400000005867 0.00000000099999999962 0.00000000099999999962 0.00000000099999999962 0.00000000099999999962 0.00000000099999999962 0.00000000099999999962 
0.00000000099999999998 0.00000000099999999998 0.99999999400000005867 0.00000000099999999998 0.00000000099999999998 0.00000000099999999998 0.00000000099999999998 
0.00000000099999999998 0.01154252652702232596 0.98099285920557977025 0.00000000099999999998 0.00746461026739791370 0.00000000099999999998 0.00000000099999999998 
0.00000000100000000000 0.00000000100000000000 0.41382236781539361026 0.55975958629641775488 0.00980014604370207584 0.00983511698211174401 0.00678278086237467468 
0.00000000099999999998 0.00000000099999999998 0.94904539446176194861 0.00000000099999999998 0.01070317839828068690 0.04025142313995723475 0.00000000099999999998 
0.00000000099999999995 0.00000000099999999995 0.00000000099999999995 0.99999999400000005867 0.00000000099999999995 0.00000000099999999995 0.00000000099999999995 
0.00000000099999999999 0.00000000099999999999 0.43144812330866449956 0.52174625512231431745 0.00000000119715378639 0.04680561737186717669 0.00000000099999999999 
0.00000000099999999999 0.00000000099999999999 0.36933532140597391535 0.62608228534883336724 0.00000007912092633381 0.00053001904211406089 0.00405229308215238841 
0.00000000099999999999 0.01427680280854839306 0.37933849283763682037 0.56654270245011517648 0.03502260933098572115 0.00000000099999999999 0.00481939057271396458 
0.00000000099999999998 0.00000000099999999998 0.00000000099999999998 0.97717502598609995434 0.00000000099999999998 0.00000000099999999998 0.02282496901390012461 
0.00000000099999999999 0.00000000099999999999 0.99999999400000005867 0.00000000099999999999 0.00000000099999999999 0.00000000099999999999 0.00000000099999999999 
0.00000000099999999998 0.00000000099999999998 0.54151436312379952476 0.45848157339151890399 0.00000000099999999998 0.00000405948468160390 0.00000000099999999998 
0.00000000100000000000 0.02378715026025547338 0.33879380582330848037 0.58843207200603386831 0.02682361177419964604 0.00000000100000000000 0.02216335813620255377 
0.00000000099999999997 0.00000000099999999997 0.97275637429098182896 0.00000000099999999997 0.02724362070901819796 0.00000000099999999997 0.00000000099999999997 
0.00000000100000000000 0.00011214770507952871 0.49158492064285003176 0.48597775849274277293 0.00694562392002827291 0.01537954723929942438 0.00000000100000000000 
0.00000000099999999998 0.00854729007214777466 0.60275509674694105477 0.38869760918091111890 0.00000000099999999998 0.00000000099999999998 0.00000000099999999998 
0.00000000099999999998 0.00000000099999999998 0.47996241294198355165 0.46898303558930026780 0.00000000099999999998 0.05105454746871630062 0.00000000099999999998 
0.00000000099999999999 0.00000000099999999999 0.53555676984201094903 0.41221206777392171983 0.02192641374827165521 0.02679322126405928040 0.00351152537173626605 
0.00000000099999999999 0.00000000099999999999 0.51756769760658527524 0.43181800253074303919 0.00427473012459112477 0.04633956673808052595 0.00000000099999999999 
0.00000000099999999999 0.00000000099999999999 0.53432731878122308178 0.43013946567262129062 0.03541324441223328567 0.00011996813392242225 0.00000000099999999999 
0.00000000099999999998 0.03422726912612963218 0.41437165982399976061 0.54236716277880536730 0.00903390527106528486 0.00000000099999999998 0.00000000099999999998 
0.06954164856723385468 0.03178006589128853226 0.39393875865629779387 0.50014298647498567352 0.00000000100000000000 0.00016875415539401891 0.00442778525480030938 
0.00000000099999999996 0.00000000099999999996 0.00000000099999999996 0.99999999399999994765 0.00000000099999999996 0.00000000099999999996 0.00000000099999999996 
0.00000000099999999997 0.00000000099999999997 0.47069105430643642940 0.46580340016173688023 0.04746171312484067512 0.01604382940698581908 0.00000000099999999997 
0.00000000099999999997 0.02357010283421567820 0.51590394921529914019 0.42352867430053964259 0.03699727064994557529 0.00000000099999999997 0.00000000099999999997 
0.00000000099999999999 0.00000000099999999999 0.58839441405137848928 0.36224182330487286752 0.03884706098256153484 0.00000000099999999999 0.01051669866118695555 
0.00000000099999999998 0.01974697858052890109 0.55501438244242051745 0.42523863497705055581 0.00000000099999999998 0.00000000099999999998 0.00000000099999999998 
0.00382286209947049326 0.00000000100000000000 0.54193815949160895062 0.43268778851995304269 0.00491068863717624565 0.01027421672535479627 0.00636628352643648938 
0.00000000099999999999 0.00000000099999999999 0.59191884962718932517 0.37179815124524001613 0.01458417229266801077 0.01890686554593339411 0.00279195928896927917 
0.00000000099999999998 0.00000000099999999998 0.37988104966550556574 0.59762286045311974192 0.02249608588137481241 0.00000000099999999998 0.00000000099999999998 
0.00000000099999999995 0.00000000099999999995 0.99022230526624843705 0.00000000099999999995 0.00000000099999999995 0.00977768973375148925 0.00000000099999999995 
0.00000000099999999994 0.58437891503637151569 0.00000000099999999994 0.00000000099999999994 0.00000000099999999994 0.41562107996362862572 0.00000000099999999994 
0.00000000099999999995 0.99999999400000005867 0.00000000099999999995 0.00000000099999999995 0.00000000099999999995 0.00000000099999999995 0.00000000099999999995 
0.99999999400000005867 0.00000000099999999975 0.00000000099999999975 0.00000000099999999975 0.00000000099999999975 0.00000000099999999975 0.00000000099999999975 
0.00000000099999999968 0.00000000099999999968 0.00000000099999999968 0.00000000099999999968 0.00000000099999999968 0.00000000099999999968 0.99999999400000005867 
0.00000000099999999998 0.87110901862133371942 0.00000000099999999998 0.00000000099999999998 0.12889097637866636648 0.00000000099999999998 0.00000000099999999998 
0.00000000099999999998 0.00000000310523061913 0.51586540662459134943 0.46422308075608009759 0.00163880476136554635 0.01827270275273226371 0.00000000099999999998 
0.00000000099999999999 0.02993288979631738775 0.51016055511652680376 0.42369757450793488207 0.03620897757922086208 0.00000000099999999999 0.00000000099999999999 
0.00000000099999999994 0.90726944875563764192 0.00000000099999999994 0.00000000099999999994 0.09273054624436258275 0.00000000099999999994 0.00000000099999999994 
0.00000000099999999999 0.00000000099999999999 0.62954110177302258222 0.33693934648175610791 0.00000000099999999999 0.03351954774522130504 0.00000000099999999999 
0.00000000099999999998 0.00000000099999999998 0.53420675581545162824 0.43082964570814114014 0.01725391532951442777 0.00679514978043092247 0.01091453136646177748 
0.00000000099999999996 0.00000000099999999996 0.00000000099999999996 0.96816526882589526437 0.03183472617410477296 0.00000000099999999996 0.00000000099999999996 
0.99999999400000016969 0.00000000099999999966 0.00000000099999999966 0.00000000099999999966 0.00000000099999999966 0.00000000099999999966 0.00000000099999999966 
0.99999999400000016969 0.00000000099999999968 0.00000000099999999968 0.00000000099999999968 0.00000000099999999968 0.00000000099999999968 0.00000000099999999968 
0.99999999400000016969 0.00000000099999999962 0.00000000099999999962 0.00000000099999999962 0.00000000099999999962 0.00000000099999999962 0.00000000099999999962 
0.99999999400000016969 0.00000000099999999962 0.00000000099999999962 0.00000000099999999962 0.00000000099999999962 0.00000000099999999962 0.00000000099999999962 
0.99999999400000016969 0.00000000099999999964 0.00000000099999999964 0.00000000099999999964 0.00000000099999999964 0.00000000099999999964 0.00000000099999999964 
0.00000000099999999997 0.54281184242550639674 0.00000000099999999997 0.00000000099999999997 0.00167171344011204904 0.45551644013438152836 0.00000000099999999997 
0.00000000099999999999 0.00000000099999999999 0.48680791886508778532 0.47507369707660329627 0.01268607289981846763 0.01707670490453319298 0.00835560425395720334 
0.99999999400000005867 0.00000000099999999963 0.00000000099999999963 0.00000000099999999963 0.00000000099999999963 0.00000000099999999963 0.00000000099999999963 
0.99999999400000016969 0.00000000099999999969 0.00000000099999999969 0.00000000099999999969 0.00000000099999999969 0.00000000099999999969 0.00000000099999999969 
0.00000000099999999968 0.00000000099999999968 0.00000000099999999968 0.00000000099999999968 0.00000000099999999968 0.00000000099999999968 0.99999999399999994765 
0.00000000099999999967 0.00000000099999999967 0.00000000099999999967 0.00000000099999999967 0.00000000099999999967 0.00000000099999999967 0.99999999400000005867 
0.00000000099999999996 0.00000000099999999996 0.00000000099999999996 0.99999999400000005867 0.00000000099999999996 0.00000000099999999996 0.00000000099999999996 
0.99999999400000016969 0.00000000099999999966 0.00000000099999999966 0.00000000099999999966 0.00000000099999999966 0.00000000099999999966 0.00000000099999999966 
0.00000000099999999999 0.00000000099999999999 0.72282794470903155570 0.22964904787465922897 0.00354676408470509363 0.04397624033160398016 0.00000000099999999999 
0.00000000099999999998 0.00000000099999999998 0.50254234572788647473 0.44917995767741897284 0.04827769259469445740 0.00000000099999999998 0.00000000099999999998 
0.00000000099999999989 0.00000000099999999989 0.00000000099999999989 0.00000000099999999989 0.00000000099999999989 0.99999999399999994765 0.00000000099999999989 
0.00000000099999999997 0.00000000099999999997 0.97720573640994479181 0.00000000099999999997 0.02279425859005506511 0.00000000099999999997 0.00000000099999999997 
0.00000000099999999991 0.99999999400000016969 0.00000000099999999991 0.00000000099999999991 0.00000000099999999991 0.00000000099999999991 0.00000000099999999991 
0.00000000099999999998 0.00615817683941873029 0.47022454608820085653 0.46591383216554665969 0.05744347933541445878 0.00025996357141912761 0.00000000099999999998 
0.00000000099999999986 0.00000000099999999986 0.00000000099999999986 0.00000000099999999986 0.00000000099999999986 0.99999999400000005867 0.00000000099999999986 
0.00000000099999999999 0.00000000099999999999 0.52950316127371277464 0.40508874998824562219 0.02040879478642606409 0.03000030571505575214 0.01499898623655963360 
0.00000000099999999999 0.00000000099999999999 0.62106520832801104248 0.32969559385410451835 0.04103082068888623535 0.00000000099999999999 0.00820837412899811866 
0.99999999400000005867 0.00000000099999999969 0.00000000099999999969 0.00000000099999999969 0.00000000099999999969 0.00000000099999999969 0.00000000099999999969 
0.00000000099999999984 0.00000000099999999984 0.00000000099999999984 0.00000000099999999984 0.00000000099999999984 0.99999999400000005867 0.00000000099999999984 
0.99999999400000005867 0.00000000099999999964 0.00000000099999999964 0.00000000099999999964 0.00000000099999999964 0.00000000099999999964 0.00000000099999999964 
0.99999999400000005867 0.00000000099999999963 0.00000000099999999963 0.00000000099999999963 0.00000000099999999963 0.00000000099999999963 0.00000000099999999963 
0.00000000099999999999 0.00000000099999999999 0.32957069083610479598 0.64211856017731316904 0.01720310301417725396 0.01110764297240476872 0.00000000099999999999 
0.00000000099999999998 0.02775806248940284118 0.63888026979559642271 0.30248152953047724445 0.03083037545837605253 0.00004976072614734024 0.00000000099999999998 
0.00000000099999999998 0.00000000099999999998 0.57660997946473835363 0.40890795755524628197 0.00000000099999999998 0.01448205898001533008 0.00000000099999999998 
0.00000000099999999998 0.00939455443247179389 0.67868399278612479009 0.31004077535538671073 0.00000000099999999998 0.00000000099999999998 0.00188067442601675197 
0.00000000099999999999 0.00000000099999999999 0.42873105801133104542 0.51794803198689320922 0.05001139517953003683 0.00000000099999999999 0.00330951182224575435 
0.00000000099999999998 0.01604040945897578299 0.56785394139279221637 0.37318388179091155354 0.04233655363270890509 0.00000000099999999998 0.00058521172461153633 
0.00000000099999999996 0.00000000099999999996 0.99999999400000005867 0.00000000099999999996 0.00000000099999999996 0.00000000099999999996 0.00000000099999999996 
0.00000000099999999995 0.99999999400000005867 0.00000000099999999995 0.00000000099999999995 0.00000000099999999995 0.00000000099999999995 0.00000000099999999995 
0.00000000099999999998 0.00000000099999999998 0.58634967852653030462 0.38987483836471725773 0.02377547910875234261 0.00000000099999999998 0.00000000099999999998 
0.99999999400000016969 0.00000000099999999964 0.00000000099999999964 0.00000000099999999964 0.00000000099999999964 0.00000000099999999964 0.00000000099999999964 
0.00000000100000000000 0.00496422853362244332 0.68935611096323068381 0.30555706291923168116 0.00012255753360624380 0.00000000100000000000 0.00000003805030881432 
0.99999999400000016969 0.00000000099999999988 0.00000000099999999988 0.00000000099999999988 0.00000000099999999988 0.00000000099999999988 0.00000000099999999988 
0.99999999400000005867 0.00000000099999999968 0.00000000099999999968 0.00000000099999999968 0.00000000099999999968 0.00000000099999999968 0.00000000099999999968 
0.00000000099999999995 0.00000000099999999995 0.00000000099999999995 0.86801036866537861769 0.13198962633462132943 0.00000000099999999995 0.00000000099999999995 
0.00000000099999999998 0.00000000099999999998 0.58348508388928244095 0.40737155104364625169 0.00000000099999999998 0.00000000099999999998 0.00914336106707132334 
0.00000000099999999995 0.00000000099999999995 0.00000000099999999995 0.99999999400000005867 0.00000000099999999995 0.00000000099999999995 0.00000000099999999995 
0.99999999400000005867 0.00000000099999999972 0.00000000099999999972 0.00000000099999999972 0.00000000099999999972 0.00000000099999999972 0.00000000099999999972 
0.00000000099999999992 0.99999999400000005867 0.00000000099999999992 0.00000000099999999992 0.00000000099999999992 0.00000000099999999992 0.00000000099999999992 
0.00000000099999999987 0.00000000099999999987 0.00000000099999999987 0.00000000099999999987 0.00000000099999999987 0.99999999400000005867 0.00000000099999999987 
0.99999999400000016969 0.00000000099999999968 0.00000000099999999968 0.00000000099999999968 0.00000000099999999968 0.00000000099999999968 0.00000000099999999968 
0.00000000099999999999 0.01073016824716053856 0.60611801449396696118 0.37777936123930672130 0.00000000099999999999 0.00000000099999999999 0.00537245301956597223 
0.00000000099999999999 0.04011545160067642168 0.37316664087623463431 0.55927586915818650048 0.01554216041079416709 0.00000000099999999999 0.01189987595410841627 
0.99999999400000016969 0.00000000099999999970 0.00000000099999999970 0.00000000099999999970 0.00000000099999999970 0.00000000099999999970 0.00000000099999999970 
0.00000000099999999999 0.01195965116888188240 0.58290004091720315493 0.38330162216472413172 0.01617171850791524618 0.00000000099999999999 0.00566696524127577404 
0.00000000099999999991 0.99999999400000005867 0.00000000099999999991 0.00000000099999999991 0.00000000099999999991 0.00000000099999999991 0.00000000099999999991 
0.00000000099999999922 0.00000000099999999922 0.00000000099999999922 0.00000000099999999922 0.99999999399999994765 0.00000000099999999922 0.00000000099999999922 
0.00258561565605368695 0.03370822760117390265 0.56762080572062523220 0.37689340573879759333 0.01919194328334972860 0.00000000099999999999 0.00000000099999999999 
0.00000000099999999999 0.00000000099999999999 0.55222816158480170223 0.38650220911986599148 0.00937026646089173486 0.03958093883347219011 0.01231842200096830257 
0.00000000099999999999 0.00000000099999999999 0.62009521791273292113 0.35148412086670921539 0.00000000099999999999 0.01313323675712955649 0.01528742146342817153 
0.00000000099999999995 0.00000000099999999995 0.00000000099999999995 0.99999999400000005867 0.00000000099999999995 0.00000000099999999995 0.00000000099999999995 
0.00000000099999999996 0.00000000099999999996 0.99999999399999994765 0.00000000099999999996 0.00000000099999999996 0.00000000099999999996 0.00000000099999999996 
0.00000000099999999999 0.00000121265290278342 0.72232172799667504481 0.25901544364462242287 0.01241111875832883599 0.00625049494747089741 0.00000000099999999999 
0.00000000099999999999 0.00000000099999999999 0.54538297815556191495 0.40357813056737051882 0.03616603841867752078 0.00652135320541533028 0.00835149765297475526 
0.00000000099999999997 0.00000000099999999997 0.63196583197318956238 0.26233494068130991383 0.10569922334550052589 0.00000000099999999997 0.00000000099999999997 
0.00000000099999999993 0.99999999400000016969 0.00000000099999999993 0.00000000099999999993 0.00000000099999999993 0.00000000099999999993 0.00000000099999999993 
0.00000000099999999999 0.00000000099999999999 0.54295165834068770394 0.40554006361335709352 0.02474174698011207332 0.02028715621954517781 0.00647937284629787353 
0.00000000099999999998 0.00000000099999999998 0.65306913949430789312 0.30412566654735617711 0.04280518995833584167 0.00000000099999999998 0.00000000099999999998 
0.00000000099999999999 0.04730689140794970549 0.67635791825002344879 0.25267228139264402698 0.02366290594938275441 0.00000000099999999999 0.00000000099999999999 
0.00000000099999999998 0.02254051558534039476 0.59979425191701973841 0.37766522849763983771 0.00000000099999999998 0.00000000099999999998 0.00000000099999999998 
0.00000000100000000000 0.04131987108859208613 0.47067975331062589239 0.48331435085067808721 0.00083321174616715371 0.00000000100000000000 0.00385281100393668674 
0.00000000099999999999 0.00000000099999999999 0.70110229416306923955 0.27335492017134677134 0.02369944564773863310 0.00184333701784512318 0.00000000099999999999 
0.00000000099999999999 0.00327889019409080204 0.47735976658747980572 0.47509026842717611006 0.04392422566459707606 0.00034684712665606726 0.00000000099999999999 
0.00000000099999999994 0.99999999400000005867 0.00000000099999999994 0.00000000099999999994 0.00000000099999999994 0.00000000099999999994 0.00000000099999999994 
0.00000000099999999999 0.00000000099999999999 0.62724156414166354345 0.29255176728246989892 0.06818565403681027537 0.00325745430122296314 0.00876355823783329414 
0.00000000099999999999 0.00652316519025141275 0.34357553354939801560 0.63062277378114961479 0.00946572813008206976 0.00000000099999999999 0.00981279734911897489 
0.01054050941732063464 0.00000000100000000000 0.55079021027442387481 0.40558095190804194230 0.00732539723226363539 0.02576292916794988702 0.00000000100000000000 
0.00000000099999999996 0.42823008657143285527 0.00000000099999999996 0.00000000099999999996 0.00000000099999999996 0.57176990842856700858 0.00000000099999999996 
0.01799045590402279307 0.00000000100000000000 0.69233896206624156999 0.23380326868172515709 0.01926659047444535464 0.03660072087356519566 0.00000000100000000000 
0.00000000099999999999 0.01942961751542588572 0.49940571534216887661 0.47432622785760741868 0.00000000099999999999 0.00000000099999999999 0.00683843628479792812 
0.00000000099999999998 0.00000000099999999998 0.46861760939507474122 0.00000000099999999998 0.03902393512638468315 0.49235845147854045978 0.00000000099999999998 
0.00000000099999999996 0.03406559949591365932 0.56507846495017921562 0.40085593155390703002 0.00000000099999999996 0.00000000099999999996 0.00000000099999999996 
0.99999999400000016969 0.00000000099999999970 0.00000000099999999970 0.00000000099999999970 0.00000000099999999970 0.00000000099999999970 0.00000000099999999970 
0.00000000099999999998 0.01533471124843061376 0.98465572564389380883 0.00000000099999999998 0.00000000099999999998 0.00000000099999999998 0.00000955910767577756 
0.00000000099999999999 0.02816845388706831071 0.47659883506023342781 0.47497365748678882502 0.02025843448787706391 0.00000000099999999999 0.00000061707803234394 
