0.96538322621566341475 0.02865728714761302948 0.00595948663672368935 
0.99999999799999994554 0.00000000099999999998 0.00000000099999999998 
0.99600110645746320337 0.00399889254253689343 0.00000000099999999998 
0.99443910427456361223 0.00556089472543634927 0.00000000100000000000 
0.98368218983144350975 0.01561028746899157174 0.00070752269956499527 
0.99252851338112513258 0.00747148561887489918 0.00000000099999999999 
0.98725114208658149018 0.01274885691341855545 0.00000000099999999999 
0.98989103407870948637 0.01010896492129043089 0.00000000099999999999 
0.97442756663817187146 0.02557243236182801110 0.00000000099999999999 
0.99688510286913911695 0.00311489613086077819 0.00000000099999999999 
0.98490272161415659546 0.01509727738584331139 0.00000000100000000000 
0.98384030587585880046 0.01615969312414129028 0.00000000099999999999 
0.98937479401298156212 0.01053079268040666046 0.00009441330661183375 
0.97885199086745078301 0.02114587158929758653 0.00000213754325164027 
0.96573794867043083467 0.02643139636957025224 0.00783065495999885931 
0.96314004454875479233 0.03685995445124526371 0.00000000100000000000 
0.99562299766904105436 0.00437700133095903464 0.00000000100000000000 
0.97889120529776074697 0.01134130886370404018 0.00976748583853525275 
0.97677801926698593071 0.01390052707345858229 0.00932145365955552689 
0.99122085888190369918 0.00877914011809627359 0.00000000099999999998 
0.99672603688317806814 0.00254107751881783037 0.00073288559800414822 
0.98837277010787094600 0.01162722889212896606 0.00000000099999999999 
0.99961234386310560129 0.00038765513689433651 0.00000000100000000000 
0.99152492412197712479 0.00847507487802279073 0.00000000099999999999 
0.99361721390708279689 0.00638278509291703797 0.00000000099999999999 
0.99313321931332920744 0.00638567003156689794 0.00048111065510385396 
0.00000000099999999992 0.99999999799999994554 0.00000000099999999992 
0.00000000099999999991 0.99999999800000005656 0.00000000099999999991 
0.98164726582560590806 0.01687801186789929936 0.00147472230649479106 
0.98383942208223673642 0.01616057691776330227 0.00000000100000000000 
0.99524604152653106670 0.00475395747346894423 0.00000000100000000000 
0.98934210183918913639 0.01065789716081071148 0.00000000099999999999 
0.63553888118677914765 0.36446111781322082512 0.00000000099999999997 
0.99410926437739755013 0.00589073462260241310 0.00000000099999999999 
0.00000000099999999992 0.00000000099999999992 0.99999999799999994554 
0.00000000099999999989 0.00000000099999999989 0.99999999799999994554 
0.00000000099999999989 0.00000000099999999989 0.99999999799999994554 
0.00000000099999999993 0.99999999800000005656 0.00000000099999999993 
0.00000000099999999992 0.99999999800000005656 0.00000000099999999992 
0.98908696764944703528 0.01091303135055304852 0.00000000099999999999 
0.98754019526364367199 0.01245980373635641181 0.00000000099999999999 
0.00000000099999999992 0.99999999800000005656 0.00000000099999999992 
0.98456218104118065071 0.01543781795881927522 0.00000000099999999999 
0.98980513521674529098 0.01019486378325464189 0.00000000099999999999 
0.00000000099999999993 0.99999999800000005656 0.00000000099999999993 
0.98874287044576680827 0.01125712855423330674 0.00000000099999999999 
0.00000000099999999992 0.99999999800000005656 0.00000000099999999992 
0.99014520899717439750 0.00985479000282556659 0.00000000099999999999 
0.99999999799999994554 0.00000000099999999998 0.00000000099999999998 
0.00000000099999999991 0.99999999800000005656 0.00000000099999999991 
0.00000000099999999992 0.99999999800000005656 0.00000000099999999992 
0.99999999799999994554 0.00000000099999999998 0.00000000099999999998 
0.99547291455963571316 0.00452708444036417114 0.00000000099999999999 
0.99989840387875550398 0.00010159512124439375 0.00000000099999999999 
0.00000000099999999993 0.99999999800000005656 0.00000000099999999993 
0.97921244540904373022 0.02054048714925568384 0.00024706744170057131 
0.97097879367084127811 0.02871092272073566889 0.00031028360842311014 
0.99971196951190388624 0.00000203966014993204 0.00028599082794625080 
0.99208264857619232746 0.00791735042380771990 0.00000000100000000000 
0.99789578655988175893 0.00210421244011830101 0.00000000099999999999 
0.98000393094915172476 0.01294579926592615698 0.00705026978492200983 
0.00000000099999999991 0.00000000099999999991 0.99999999799999994554 
0.98942483567439132308 0.01057516332560857857 0.00000000099999999999 
0.00000000099999999991 0.00000000099999999991 0.99999999799999994554 
0.99219465392348171751 0.00778816917846281934 0.00001717689805551316 
0.00000000099999999991 0.00000000099999999991 0.99999999800000005656 
0.99381508661307949026 0.00618491238692045996 0.00000000099999999999 
0.98013180163842039683 0.01501854138833270610 0.00484965697324695084 
0.99258440314891027700 0.00741559585108974521 0.00000000099999999999 
0.99999999778500570091 0.00000000121499419195 0.00000000099999999999 
0.00000000099999999991 0.00000000099999999991 0.99999999799999994554 
0.00000000099999999992 0.00000000099999999992 0.99999999799999994554 
0.98147564770830619807 0.01852435129169382674 0.00000000100000000000 
0.99999999799999994554 0.00000000099999999999 0.00000000099999999999 
0.00000000099999999993 0.99999999800000005656 0.00000000099999999993 
0.99999758035810915047 0.00000241864189081589 0.00000000099999999999 
0.99322693620599622477 0.00008349969085751678 0.00668956410314629907 
0.00000000099999999990 0.00000000099999999990 0.99999999799999994554 
0.00000000099999999991 0.99999999800000005656 0.00000000099999999991 
0.00000000099999999992 0.00000000099999999992 0.99999999800000005656 
0.96890535743805206170 0.02396916637781023457 0.00712547618413773235 
0.98219900772407442435 0.01780099127592568720 0.00000000099999999999 
0.99999992518620506310 0.00000007381379488766 0.00000000100000000000 
0.99149632600325277032 0.00850367299674707582 0.00000000099999999999 
0.97182719674058337667 0.02817280225941655100 0.00000000100000000000 
0.99518943627574829591 0.00481056272425158665 0.00000000099999999999 
0.99999999502261205375 0.00000000167081382570 0.00000000330657410621 
0.99465384594459915757 0.00534600600951011355 0.00000014804589074832 
0.99999723074473911844 0.00000276825526080834 0.00000000099999999999 
0.99534526653408983421 0.00465473246591016979 0.00000000099999999999 
0.99221030281998623401 0.00778969618001371013 0.00000000099999999999 
0.99787857242307520522 0.00193772978864913212 0.00018369778827567265 
0.99999999799999994554 0.00000000099999999998 0.00000000099999999998 
0.99489473132442407532 0.00510522280215723167 0.00000004587341874460 
0.00000000099999999995 0.00000000099999999995 0.99999999800000005656 
0.98124970954868995232 0.01875028945131010719 0.00000000099999999999 
0.99247832676468961122 0.00752167223531021497 0.00000000099999999999 
0.98720689220466040226 0.01279310679533949939 0.00000000099999999999 
0.00000000099999999989 0.00000000099999999989 0.99999999799999994554 
0.98529654102857266995 0.01339491885234607091 0.00130854011908117089 
0.98355721304997478782 0.01644278595002517801 0.00000000099999999999 
0.97522298362297510366 0.01580466764142126473 0.00897234873560354834 
0.98816042818118576818 0.01181097455431927810 0.00002859726449495770 
0.99213936816165093635 0.00163849506664783527 0.00622213677170126156 
0.99455636301612337924 0.00498169511959759351 0.00046194186427910841 
0.98720519604516376866 0.01279480295483627697 0.00000000100000000000 
0.98674992786313486803 0.01324986161110724633 0.00000021052575802289 
0.95829351724467404239 0.03691189113012025014 0.00479459162520566411 
0.98215182316053206701 0.01784817583946793351 0.00000000100000000000 
0.99999980362716378579 0.00000019537283611306 0.00000000099999999999 
0.96412476485108644653 0.03022737252105645728 0.00564786262785706324 
0.98190936597747313641 0.01809063302252695085 0.00000000099999999999 
0.99006697949854893803 0.00672477738174886725 0.00320824311970214571 
0.99567628535619800978 0.00432371364380190835 0.00000000100000000000 
0.99984571430052260332 0.00015427377665594631 0.00000001192282134947 
0.98490241776254083828 0.01509757889742784076 0.00000000334003127412 
0.99852014213690720723 0.00016093803809821743 0.00131891982499449958 
0.99756237939162417661 0.00243761960837582089 0.00000000099999999999 
0.99453685473937858408 0.00546314426062141038 0.00000000099999999999 
0.92068277392983488561 0.01100218489417443407 0.06831504117599070114 
0.99964421497577915510 0.00035578402422074086 0.00000000099999999999 
0.99998114439294971678 0.00001885460705031227 0.00000000099999999999 
0.99972798629248005309 0.00027201270751988157 0.00000000099999999999 
0.97222677768310938884 0.02777322131689074006 0.00000000099999999999 
0.99999995964693633166 0.00000000099999999999 0.00000003935306364200 
0.98029217907383592312 0.01199887166355160725 0.00770894926261250779 
0.99463028467661451781 0.00536971432338549052 0.00000000099999999999 
0.99185019080451086726 0.00814931626258473020 0.00000049293290437138 
0.99999938834129198373 0.00000061065870808122 0.00000000099999999999 
0.99999999799999994554 0.00000000099999999998 0.00000000099999999998 
0.98680981118724053758 0.01319018781275940397 0.00000000100000000000 
0.00000000099999999992 0.00000000099999999992 0.99999999800000005656 
0.00000000099999999991 0.99999999799999994554 0.00000000099999999991 
0.95765644549572448430 0.04234355350427543990 0.00000000100000000000 
0.99999999709677533932 0.00000000099999999999 0.00000000190322459612 
0.99705159315187397162 0.00294804900790721124 0.00000035784021882896 
0.98392610934735402761 0.01607388965264605271 0.00000000099999999999 
0.99989276761284673345 0.00010716819655083324 0.00000006419060237166 
0.98256597316188465374 0.01743402583811531903 0.00000000099999999999 
0.99472267321160290354 0.00527732578839698596 0.00000000099999999999 
0.00000000099999999990 0.00000000099999999990 0.99999999800000005656 
0.00000000099999999991 0.00000000099999999991 0.99999999800000005656 
0.00000000099999999989 0.00000000099999999989 0.99999999799999994554 
0.00000000099999999990 0.00000000099999999990 0.99999999799999994554 
0.00000000099999999989 0.00000000099999999989 0.99999999800000005656 
0.98118092027088366081 0.01881901664842471761 0.00000006308069151387 
0.98097167295510812046 0.01844373119587753782 0.00058459584901434292 
0.00000000099999999990 0.00000000099999999990 0.99999999799999994554 
0.00000000099999999991 0.00000000099999999991 0.99999999799999994554 
0.00000000099999999991 0.99999999799999994554 0.00000000099999999991 
0.00000000099999999991 0.99999999799999994554 0.00000000099999999991 
0.99347096860453176781 0.00646082730073113416 0.00006820409473696827 
0.00000000099999999990 0.00000000099999999990 0.99999999800000005656 
0.99331271464996262477 0.00001634475507487897 0.00667094059496262364 
0.99187144619041189841 0.00812855192835712156 0.00000000188123087099 
0.98197341009922245458 0.01802658890077750084 0.00000000100000000000 
0.99854774217839448180 0.00145225682160546017 0.00000000099999999999 
0.99571163051636657482 0.00428836848363339448 0.00000000099999999999 
0.98876444349828696012 0.01123555550171296755 0.00000000099999999999 
0.99999984189971202753 0.00000015710028790244 0.00000000099999999998 
0.97435228899093229149 0.02547037417489752750 0.00017733683417016377 
0.98264084069858415038 0.01735915830141587443 0.00000000100000000000 
0.00000000099999999992 0.00000000099999999992 0.99999999800000005656 
0.99753023891844960769 0.00246976008155027228 0.00000000100000000000 
0.00000000099999999990 0.00000000099999999990 0.99999999799999994554 
0.00000000099999999989 0.00000000099999999989 0.99999999799999994554 
0.99235233030379221830 0.00763976461491683214 0.00000790508129104063 
0.99689001393997234146 0.00310998506002772542 0.00000000099999999999 
0.99970126105222834045 0.00029873794777157361 0.00000000099999999999 
0.99445539252710379863 0.00554460478578719471 0.00000000268710895401 
0.97913833401106176169 0.02086166498893827007 0.00000000099999999999 
0.98790106941422006770 0.01209892958578000048 0.00000000099999999999 
0.99041521095735374214 0.00797506184136937725 0.00160972720127676482 
0.99634275243377701248 0.00365724656622286965 0.00000000099999999999 
0.99313461727915275379 0.00686538172084721291 0.00000000099999999999 
0.00000000099999999990 0.00000000099999999990 0.99999999800000005656 
0.99322294830409263433 0.00674375185993097113 0.00003329983597637913 
0.00000000099999999997 0.00000000099999999997 0.99999999799999994554 
0.00000000099999999991 0.00000000099999999991 0.99999999800000005656 
0.99411688841913836701 0.00588311058086159449 0.00000000100000000000 
0.98685399687861141693 0.01314600211726205808 0.00000000100412652493 
0.99614966769705648453 0.00000001621498914673 0.00385031608795434596 
0.00000000099999999992 0.00000000099999999992 0.99999999800000005656 
0.99984877049162856899 0.00015122850837132916 0.00000000099999999999 
0.99999963740176911475 0.00000036159823089780 0.00000000099999999999 
0.00000000099999999991 0.00000000099999999991 0.99999999799999994554 
0.98683507644330403785 0.01316492255669594706 0.00000000100000000000 
0.98267468849354433491 0.01732531050645560317 0.00000000100000000000 
0.00000000099999999991 0.00000000099999999991 0.99999999800000005656 
0.98530267963310247392 0.01469731936689736874 0.00000000099999999999 
0.99999999799999994554 0.00000000099999999999 0.00000000099999999999 
0.77822424102938048129 0.11567264864495294119 0.10610311032566652201 
0.99142729715203814500 0.00007551308062863194 0.00849718976733322869 
0.97917871200810358001 0.02082128699189627827 0.00000000099999999999 
0.97763318809715071822 0.02236681090284928577 0.00000000099999999999 
0.98265662741774029154 0.01734337158225974021 0.00000000099999999999 
0.98299860229009949908 0.01549179808717649626 0.00150959962272392248 
0.99999972765693090349 0.00000017683580251109 0.00000009550726654333 
0.98101300408620750737 0.01898699491379239601 0.00000000099999999999 
0.98214386445347368060 0.00986991003946679525 0.00798622550705956058 
0.98810517017828392028 0.01189482882171605943 0.00000000099999999999 
0.98750852664890020893 0.01249147235109960771 0.00000000099999999999 
0.98938718815835591247 0.01061280853377104608 0.00000000330787302366 
0.98792270043217389475 0.01197577889872238066 0.00010152066910363151 
0.99999997272810714488 0.00000000099999999999 0.00000002627189277774 
0.99040847281827093518 0.00670217713332281039 0.00288935004840628349 
0.99871145092136404120 0.00128846191966237454 0.00000008715897359671 
0.99655095571193186288 0.00344902247622036386 0.00000002181184779433 
0.99996097719281085148 0.00003902180718915465 0.00000000099999999999 
0.97510806218437218185 0.02489193681562775623 0.00000000099999999999 
0.98162529800910636180 0.01837470099089363873 0.00000000099999999999 
0.98156433111753260690 0.00453305804671492226 0.01390261083575248732 
0.99814346679984311539 0.00000000099999999999 0.00185653220015688080 
0.97731031798836753843 0.00106083240964193219 0.02162884960199055670 
0.98403971696362335653 0.01580069646030591787 0.00015958657607078680 
0.98341466603730876006 0.01658533296269118842 0.00000000099999999999 
0.99999999799999994554 0.00000000099999999998 0.00000000099999999998 
0.00000000099999999991 0.00000000099999999991 0.99999999800000005656 
0.98006376424734809039 0.01993623475265198300 0.00000000100000000000 
0.98742108395671224219 0.01257891504328780344 0.00000000100000000000 
