0.00000000099999999996 0.00000000099999999996 0.00000000099999999996 0.00000000099999999996 0.00000000099999999996 0.00000000099999999996 0.56913275104259175574 0.43086724095740835949 0.00000000099999999996 0.00000000099999999996 
0.00000000099999999993 0.65811590541504583207 0.34188408658495422765 0.00000000099999999993 0.00000000099999999993 0.00000000099999999993 0.00000000099999999993 0.00000000099999999993 0.00000000099999999993 0.00000000099999999993 
0.00000000099999999994 0.43477890656923207091 0.56522108543076809983 0.00000000099999999994 0.00000000099999999994 0.00000000099999999994 0.00000000099999999994 0.00000000099999999994 0.00000000099999999994 0.00000000099999999994 
0.17062374999523302610 0.00000004431005867168 0.02881304721352626400 0.00000000099999999999 0.00000000099999999999 0.00000000099999999999 0.47537543661055420285 0.20396027452261625279 0.00000000716030393432 0.12122743718770769006 
0.10298112087262764613 0.00000000099999999999 0.00000000099999999999 0.00000000099999999999 0.00211559420276129099 0.25892860768762931967 0.42761216991455813785 0.00000000099999999999 0.20836250232242359282 0.00000000099999999999 
0.11252048278792961544 0.00000000099999999999 0.01549740022393262043 0.00000000099999999999 0.00000000099999999999 0.26695246641370717899 0.18182783771766958258 0.11381736244061176067 0.00000000099999999999 0.30938444641614937236 
0.00000000099999999986 0.00000000099999999986 0.99999999100000014352 0.00000000099999999986 0.00000000099999999986 0.00000000099999999986 0.00000000099999999986 0.00000000099999999986 0.00000000099999999986 0.00000000099999999986 
0.00000000099999999984 0.99999999100000025454 0.00000000099999999984 0.00000000099999999984 0.00000000099999999984 0.00000000099999999984 0.00000000099999999984 0.00000000099999999984 0.00000000099999999984 0.00000000099999999984 
0.18100461369308115667 0.00000000099999999999 0.00000000099999999999 0.00000000099999999999 0.01214199911712455018 0.21841863701626237915 0.00000025716067177958 0.00000000099999999999 0.28246790542340738384 0.30596658358945288958 
0.00000000099999999993 0.66047283780096432970 0.33952715419903595206 0.00000000099999999993 0.00000000099999999993 0.00000000099999999993 0.00000000099999999993 0.00000000099999999993 0.00000000099999999993 0.00000000099999999993 
0.13252338500725691084 0.01342748146231207036 0.00000000099999999999 0.00000000099999999999 0.00730102673251165849 0.00000000099999999999 0.24778059602332244693 0.00000005165844501385 0.25051698811767603159 0.34845046799847601005 
0.20883709417711784906 0.00000794930237412729 0.00736867802453926215 0.00000000099999999998 0.00193777519690736897 0.18223599210625415767 0.30087639390267134631 0.00026565510415206241 0.00000000099999999998 0.29847046018598388795 
0.26954784010769011759 0.00000000099999999998 0.00000000099999999998 0.00000000099999999998 0.00000000099999999998 0.00000000099999999998 0.00000000099999999998 0.00000000099999999998 0.38565836081004162272 0.34479379208226801357 
0.15684643633614528402 0.00000000099999999999 0.00000000699713852810 0.00000000099999999999 0.01193083692282003068 0.23904866987714312732 0.26651405469080391430 0.19893995197431360578 0.00000000099999999999 0.12672004020163551985 
0.00000000099999999991 0.00000000099999999991 0.00000000099999999991 0.00000000099999999991 0.00000000099999999991 0.00000000099999999991 0.99999999100000003249 0.00000000099999999991 0.00000000099999999991 0.00000000099999999991 
0.16972200836709697147 0.00000000099999999999 0.05351560258850660695 0.00000000099999999999 0.02752964919725804649 0.14112434930949910306 0.30599746895296986438 0.07036052224215141870 0.07423572777331678696 0.15751466956920118223 
0.00000000099999999996 0.00000000099999999996 0.00000000099999999996 0.00000000099999999996 0.00000000099999999996 0.00000000099999999996 0.60464386030014993789 0.00000000099999999996 0.00000000099999999996 0.39535613169985012183 
0.14242276317444685363 0.00000000099999999998 0.00000000099999999998 0.00000000099999999998 0.00000000099999999998 0.19075190173567513341 0.20724624371277411417 0.19814894095767393578 0.04108712518867523728 0.22034302123075483193 
0.15031083786269772151 0.00000000099999999999 0.00000000099999999999 0.00000000099999999999 0.00000000115186390604 0.16994680662921485270 0.46602446101713579374 0.20014849599348275011 0.01356939334560496209 0.00000000099999999999 
0.00000000099999999992 0.00000000099999999992 0.00000000099999999992 0.00000000099999999992 0.00000000099999999992 0.00000000099999999992 0.99999999099999992147 0.00000000099999999992 0.00000000099999999992 0.00000000099999999992 
0.00142212240887146886 0.00000000099999999998 0.00000000099999999998 0.00000000099999999998 0.00000000099999999998 0.26980038208573892122 0.00002820162551307972 0.26293710664859842874 0.24308379567159651979 0.22272838755968166202 
0.00000000099999999988 0.00000000099999999988 0.99999999100000014352 0.00000000099999999988 0.00000000099999999988 0.00000000099999999988 0.00000000099999999988 0.00000000099999999988 0.00000000099999999988 0.00000000099999999988 
0.22306589039063484670 0.00000000099999999996 0.00000000099999999996 0.00000000099999999996 0.00000000099999999996 0.00000000099999999996 0.00000000099999999996 0.30810396313594534679 0.46883013947341972694 0.00000000099999999996 
0.99999999100000014352 0.00000000099999999970 0.00000000099999999970 0.00000000099999999970 0.00000000099999999970 0.00000000099999999970 0.00000000099999999970 0.00000000099999999970 0.00000000099999999970 0.00000000099999999970 
0.00000000099999999996 0.00000000099999999996 0.00539976165759198032 0.00000000099999999996 0.00000000099999999996 0.00000000099999999996 0.00000000099999999996 0.00000000099999999996 0.48418470287312376232 0.51041552846928439635 
0.12861109066835202386 0.00000000099999999997 0.00000000099999999997 0.00000000099999999997 0.00000000099999999997 0.00000000339092892828 0.46700384824451363075 0.13411472603214008581 0.27027032607368672856 0.00000000159037880954 
0.00000000099999999960 0.00000000099999999960 0.00000000099999999960 0.00000000099999999960 0.99999999100000014352 0.00000000099999999960 0.00000000099999999960 0.00000000099999999960 0.00000000099999999960 0.00000000099999999960 
0.00000000099999999954 0.00000000099999999954 0.00000000099999999954 0.00000000099999999954 0.99999999100000003249 0.00000000099999999954 0.00000000099999999954 0.00000000099999999954 0.00000000099999999954 0.00000000099999999954 
0.00000000099999999984 0.00000000099999999984 0.00000000099999999984 0.00000000099999999984 0.00000000099999999984 0.00000000099999999984 0.00000000099999999984 0.99999999100000003249 0.00000000099999999984 0.00000000099999999984 
0.99999999100000025454 0.00000000099999999982 0.00000000099999999982 0.00000000099999999982 0.00000000099999999982 0.00000000099999999982 0.00000000099999999982 0.00000000099999999982 0.00000000099999999982 0.00000000099999999982 
0.00000000099999999993 0.00000000099999999993 0.00000000099999999993 0.00000000099999999993 0.00000000099999999993 0.00000000099999999993 0.00000000099999999993 0.60426364096344742372 0.00000000099999999993 0.39573635103655258050 
0.00000000099999999988 0.99999999100000025454 0.00000000099999999988 0.00000000099999999988 0.00000000099999999988 0.00000000099999999988 0.00000000099999999988 0.00000000099999999988 0.00000000099999999988 0.00000000099999999988 
0.47440085208152354967 0.17102379638502626658 0.00000000099999999983 0.00000000099999999983 0.35457534453345035397 0.00000000099999999983 0.00000000099999999983 0.00000000099999999983 0.00000000099999999983 0.00000000099999999983 
0.00000000099999999996 0.00000000099999999996 0.00000000099999999996 0.00000000099999999996 0.00000000099999999996 0.00000000099999999996 0.34325842472842965636 0.31303632059451302894 0.00002987596401737115 0.34367537271304005042 
0.00000000099999999952 0.00000000099999999952 0.00000000099999999952 0.99999999100000003249 0.00000000099999999952 0.00000000099999999952 0.00000000099999999952 0.00000000099999999952 0.00000000099999999952 0.00000000099999999952 
0.00000000099999999940 0.00000000099999999940 0.00000000099999999940 0.99999999100000014352 0.00000000099999999940 0.00000000099999999940 0.00000000099999999940 0.00000000099999999940 0.00000000099999999940 0.00000000099999999940 
0.00000000099999999941 0.00000000099999999941 0.00000000099999999941 0.99999999100000014352 0.00000000099999999941 0.00000000099999999941 0.00000000099999999941 0.00000000099999999941 0.00000000099999999941 0.00000000099999999941 
0.00000000099999999961 0.00000000099999999961 0.00000000099999999961 0.00000000099999999961 0.99999999100000003249 0.00000000099999999961 0.00000000099999999961 0.00000000099999999961 0.00000000099999999961 0.00000000099999999961 
0.00000000099999999956 0.00000000099999999956 0.00000000099999999956 0.00000000099999999956 0.99999999100000014352 0.00000000099999999956 0.00000000099999999956 0.00000000099999999956 0.00000000099999999956 0.00000000099999999956 
0.15888775796158186027 0.00000000099999999997 0.00000000099999999997 0.00000000099999999997 0.00000000099999999997 0.20236808372382264487 0.00000000099999999997 0.06037309131094744513 0.31013629419475680082 0.26823476780889121684 
0.00000000099999999996 0.57951584677279743829 0.42048414522720256592 0.00000000099999999996 0.00000000099999999996 0.00000000099999999996 0.00000000099999999996 0.00000000099999999996 0.00000000099999999996 0.00000000099999999996 
0.00000000099999999957 0.00000000099999999957 0.00000000099999999957 0.00000000099999999957 0.99999999100000003249 0.00000000099999999957 0.00000000099999999957 0.00000000099999999957 0.00000000099999999957 0.00000000099999999957 
0.07650025239357546858 0.00000000099999999999 0.03064623942460822578 0.00000000099999999999 0.00000000099999999999 0.10303540031173238911 0.49940631905190457918 0.00000001262207459042 0.29041177219610464499 0.00000000099999999999 
0.00000000099999999984 0.99999999100000014352 0.00000000099999999984 0.00000000099999999984 0.00000000099999999984 0.00000000099999999984 0.00000000099999999984 0.00000000099999999984 0.00000000099999999984 0.00000000099999999984 
0.00000000099999999963 0.00000000099999999963 0.00000000099999999963 0.00000000099999999963 0.99999999100000014352 0.00000000099999999963 0.00000000099999999963 0.00000000099999999963 0.00000000099999999963 0.00000000099999999963 
0.00513784869144256681 0.00000000099999999999 0.01637660227005754976 0.00000000099999999999 0.00186671254160391750 0.20091300837511122390 0.37439690615654536154 0.11835683905416215234 0.00000000250818436921 0.28295207840289277046 
0.00000000099999999958 0.00000000099999999958 0.00000000099999999958 0.00000000099999999958 0.99999999100000003249 0.00000000099999999958 0.00000000099999999958 0.00000000099999999958 0.00000000099999999958 0.00000000099999999958 
0.00000000099999999984 0.00000000099999999984 0.99999999100000003249 0.00000000099999999984 0.00000000099999999984 0.00000000099999999984 0.00000000099999999984 0.00000000099999999984 0.00000000099999999984 0.00000000099999999984 
0.00000000099999999982 0.00000000099999999982 0.99999999100000003249 0.00000000099999999982 0.00000000099999999982 0.00000000099999999982 0.00000000099999999982 0.00000000099999999982 0.00000000099999999982 0.00000000099999999982 
0.00000000099999999953 0.00000000099999999953 0.00000000099999999953 0.00000000099999999953 0.99999999100000003249 0.00000000099999999953 0.00000000099999999953 0.00000000099999999953 0.00000000099999999953 0.00000000099999999953 
0.00000000099999999956 0.00000000099999999956 0.00000000099999999956 0.00000000099999999956 0.99999999100000014352 0.00000000099999999956 0.00000000099999999956 0.00000000099999999956 0.00000000099999999956 0.00000000099999999956 
0.00000000099999999986 0.99999999100000014352 0.00000000099999999986 0.00000000099999999986 0.00000000099999999986 0.00000000099999999986 0.00000000099999999986 0.00000000099999999986 0.00000000099999999986 0.00000000099999999986 
0.00000000099999999994 0.34470868524726455684 0.65529130675273550288 0.00000000099999999994 0.00000000099999999994 0.00000000099999999994 0.00000000099999999994 0.00000000099999999994 0.00000000099999999994 0.00000000099999999994 
0.00000000099999999996 0.43911352059758856914 0.56088647140241154609 0.00000000099999999996 0.00000000099999999996 0.00000000099999999996 0.00000000099999999996 0.00000000099999999996 0.00000000099999999996 0.00000000099999999996 
0.00000000099999999964 0.00000000099999999964 0.00000000099999999964 0.00000000099999999964 0.99999999100000003249 0.00000000099999999964 0.00000000099999999964 0.00000000099999999964 0.00000000099999999964 0.00000000099999999964 
0.99999999100000014352 0.00000000099999999987 0.00000000099999999987 0.00000000099999999987 0.00000000099999999987 0.00000000099999999987 0.00000000099999999987 0.00000000099999999987 0.00000000099999999987 0.00000000099999999987 
0.00000000099999999984 0.00000000099999999984 0.00000000099999999984 0.00000000099999999984 0.00000000099999999984 0.00000000099999999984 0.00000000099999999984 0.99999999099999992147 0.00000000099999999984 0.00000000099999999984 
0.00000000099999999989 0.00000000099999999989 0.00000000099999999989 0.00000000099999999989 0.00000000099999999989 0.00000000099999999989 0.99999999100000003249 0.00000000099999999989 0.00000000099999999989 0.00000000099999999989 
0.22843161570262937587 0.00000000099999999997 0.00000000099999999997 0.00000000099999999997 0.00000000099999999997 0.00000000099999999997 0.17988166796445304030 0.32928005714603764131 0.26240665318687989016 0.00000000099999999997 
0.00000000099999999993 0.46200505240808831253 0.53799493959191180270 0.00000000099999999993 0.00000000099999999993 0.00000000099999999993 0.00000000099999999993 0.00000000099999999993 0.00000000099999999993 0.00000000099999999993 
0.00000000099999999994 0.00000000099999999994 0.00000000099999999994 0.00000000099999999994 0.00000000099999999994 0.00000000099999999994 0.99999999100000003249 0.00000000099999999994 0.00000000099999999994 0.00000000099999999994 
0.00000000099999999949 0.00000000099999999949 0.00000000099999999949 0.99999999100000014352 0.00000000099999999949 0.00000000099999999949 0.00000000099999999949 0.00000000099999999949 0.00000000099999999949 0.00000000099999999949 
0.00000000099999999990 0.00000000099999999990 0.00000000099999999990 0.00000000099999999990 0.00000000099999999990 0.00000000099999999990 0.99999999100000003249 0.00000000099999999990 0.00000000099999999990 0.00000000099999999990 
0.00000000099999999950 0.00000000099999999950 0.00000000099999999950 0.99999999100000014352 0.00000000099999999950 0.00000000099999999950 0.00000000099999999950 0.00000000099999999950 0.00000000099999999950 0.00000000099999999950 
0.19689900011940508762 0.00000000099999999998 0.03128741761405075261 0.00000000099999999998 0.00000000099999999998 0.00000000099999999998 0.39070863070560574171 0.00000000099999999998 0.38110492617809554883 0.00000002038284288409 
0.00000000099999999951 0.00000000099999999951 0.00000000099999999951 0.99999999100000003249 0.00000000099999999951 0.00000000099999999951 0.00000000099999999951 0.00000000099999999951 0.00000000099999999951 0.00000000099999999951 
0.00000000099999999983 0.00000000099999999983 0.00000000099999999983 0.00000000099999999983 0.00000000099999999983 0.00000000099999999983 0.00000000099999999983 0.99999999100000003249 0.00000000099999999983 0.00000000099999999983 
0.12759793817792489112 0.00707849827818987642 0.00000000099999999999 0.00000000099999999999 0.00000000099999999999 0.00000000099999999999 0.37683195105746902787 0.00000000099999999999 0.00000000099999999999 0.48849160648641620774 
0.00000000099999999983 0.99999999100000025454 0.00000000099999999983 0.00000000099999999983 0.00000000099999999983 0.00000000099999999983 0.00000000099999999983 0.00000000099999999983 0.00000000099999999983 0.00000000099999999983 
0.00000000099999999990 0.00000000099999999990 0.00000000099999999990 0.00000000099999999990 0.00000000099999999990 0.00000000099999999990 0.99999999100000003249 0.00000000099999999990 0.00000000099999999990 0.00000000099999999990 
0.00000000099999999951 0.00000000099999999951 0.00000000099999999951 0.99999999100000003249 0.00000000099999999951 0.00000000099999999951 0.00000000099999999951 0.00000000099999999951 0.00000000099999999951 0.00000000099999999951 
0.00000000099999999956 0.00000000099999999956 0.00000000099999999956 0.99999999100000014352 0.00000000099999999956 0.00000000099999999956 0.00000000099999999956 0.00000000099999999956 0.00000000099999999956 0.00000000099999999956 
0.00000000099999999993 0.00090760260376279093 0.00000000108354504379 0.00000000099999999993 0.00000000099999999993 0.00000000099999999993 0.00000000099999999993 0.00000000099999999993 0.00000000099999999993 0.99909238931269217510 
0.00000000099999999984 0.00000000099999999984 0.99999999100000003249 0.00000000099999999984 0.00000000099999999984 0.00000000099999999984 0.00000000099999999984 0.00000000099999999984 0.00000000099999999984 0.00000000099999999984 
0.00000000099999999966 0.00000000099999999966 0.00000000099999999966 0.00000000099999999966 0.99999999100000014352 0.00000000099999999966 0.00000000099999999966 0.00000000099999999966 0.00000000099999999966 0.00000000099999999966 
0.00000000099999999984 0.99999999100000025454 0.00000000099999999984 0.00000000099999999984 0.00000000099999999984 0.00000000099999999984 0.00000000099999999984 0.00000000099999999984 0.00000000099999999984 0.00000000099999999984 
0.08698969181954023522 0.00319633737498636623 0.02383120343505859898 0.00000000099999999999 0.00000000099999999999 0.30853502218539496926 0.16800401036433781909 0.08484071560554501401 0.11425215090897965220 0.21035086630615720815 
0.00000000099999999946 0.00000000099999999946 0.00000000099999999946 0.99999999100000014352 0.00000000099999999946 0.00000000099999999946 0.00000000099999999946 0.00000000099999999946 0.00000000099999999946 0.00000000099999999946 
0.00000000099999999949 0.00000000099999999949 0.00000000099999999949 0.00000000099999999949 0.99999999100000014352 0.00000000099999999949 0.00000000099999999949 0.00000000099999999949 0.00000000099999999949 0.00000000099999999949 
0.00000000099999999958 0.00000000099999999958 0.00000000099999999958 0.99999999100000014352 0.00000000099999999958 0.00000000099999999958 0.00000000099999999958 0.00000000099999999958 0.00000000099999999958 0.00000000099999999958 
0.00000000099999999989 0.00000000099999999989 0.00000000099999999989 0.00000000099999999989 0.00000000099999999989 0.00000000099999999989 0.00000000099999999989 0.00000000099999999989 0.99999999099999992147 0.00000000099999999989 
0.00000000099999999980 0.00000000099999999980 0.99999999100000014352 0.00000000099999999980 0.00000000099999999980 0.00000000099999999980 0.00000000099999999980 0.00000000099999999980 0.00000000099999999980 0.00000000099999999980 
0.00000000099999999984 0.99999999100000014352 0.00000000099999999984 0.00000000099999999984 0.00000000099999999984 0.00000000099999999984 0.00000000099999999984 0.00000000099999999984 0.00000000099999999984 0.00000000099999999984 
0.22911671622353460553 0.00000000099999999998 0.22352181079545563325 0.00000000099999999998 0.00000000099999999998 0.00000000099999999998 0.16459281580340051621 0.00000003571967469718 0.13920363729503354433 0.24356498016290087372 
0.00046976290911778646 0.00000000099999999999 0.00092080081313304066 0.00000000099999999999 0.02073002575766943675 0.12241659405078980649 0.15442656818244063222 0.00000000099999999999 0.31591247468472527515 0.38512377060212399371 
0.00000000099999999985 0.00000000099999999985 0.00000000099999999985 0.00000000099999999985 0.00000000099999999985 0.00000000099999999985 0.00000000099999999985 0.00000000099999999985 0.99999999099999992147 0.00000000099999999985 
0.08888124545566233881 0.00000000099999999997 0.01123148996124613205 0.00000000099999999997 0.00000000099999999997 0.00000003776581582501 0.18915882749417389785 0.25502193094668551554 0.14557670249520560102 0.31012976288121069102 
0.20021868946766593900 0.00000000099999999997 0.00000000099999999997 0.00000000099999999997 0.00000000099999999997 0.00000000099999999997 0.00000000099999999997 0.00000000099999999997 0.45086425215293823854 0.34891705137939582615 
0.11595695364267630256 0.00000000099999999997 0.00000000099999999997 0.00000000099999999997 0.00000000099999999997 0.14001052996309881760 0.19196819726946257045 0.20635800899274311937 0.17017069207061133462 0.17553561406140782974 
0.00000000099999999997 0.00000000099999999997 0.00000000099999999997 0.00000000099999999997 0.00000000099999999997 0.28263543643410254935 0.04169017391327584088 0.00000536620578573390 0.23263757788336356103 0.44303144056347237845 
0.16255903955329970012 0.00000000099999999998 0.00000000099999999998 0.00000000099999999998 0.00000000099999999998 0.16974808672543889587 0.00000000099999999998 0.26715328674074961812 0.15374019548568210181 0.24679938649482960344 
0.08230201082321128569 0.04496510250885070448 0.00000000099999999998 0.00000000099999999998 0.00000000099999999998 0.12907098364896749110 0.17031249900056211199 0.15176668729689310466 0.22480285954639875334 0.19677985417511645316 
0.00000000099999999985 0.99999999100000025454 0.00000000099999999985 0.00000000099999999985 0.00000000099999999985 0.00000000099999999985 0.00000000099999999985 0.00000000099999999985 0.00000000099999999985 0.00000000099999999985 
0.00000000099999999996 0.41226013921391801986 0.55659154325591253532 0.00000000099999999996 0.00000000099999999996 0.00000000099999999996 0.00000000099999999996 0.00000000099999999996 0.03114831053016954218 0.00000000099999999996 
0.00000000099999999970 0.00000000099999999970 0.00000000099999999970 0.99999999100000003249 0.00000000099999999970 0.00000000099999999970 0.00000000099999999970 0.00000000099999999970 0.00000000099999999970 0.00000000099999999970 
0.00000000099999999989 0.99999999100000025454 0.00000000099999999989 0.00000000099999999989 0.00000000099999999989 0.00000000099999999989 0.00000000099999999989 0.00000000099999999989 0.00000000099999999989 0.00000000099999999989 
0.00000000099999999996 0.59068961183318557939 0.40185461044009262999 0.00000000099999999996 0.00000000099999999996 0.00745577072672197038 0.00000000099999999996 0.00000000099999999996 0.00000000099999999996 0.00000000099999999996 
0.13052964587211091096 0.00000000099999999998 0.01302646510173062835 0.00000000099999999998 0.00000000099999999998 0.31414670672365091475 0.16249987162079340686 0.10381012643914915017 0.00000000099999999998 0.27598718024256502224 
0.00000000099999999940 0.00000000099999999940 0.00000000099999999940 0.99999999100000014352 0.00000000099999999940 0.00000000099999999940 0.00000000099999999940 0.00000000099999999940 0.00000000099999999940 0.00000000099999999940 
0.01129608519241640484 0.00000000099999999997 0.00000000099999999997 0.00000000099999999997 0.00000000099999999997 0.30999062488562900697 0.00000000099999999997 0.25495556105072658681 0.15923020835480436452 0.26452751551642367245 
0.00000000099999999998 0.00000000099999999998 0.00000000099999999998 0.00000000099999999998 0.00000000099999999998 0.37080550883744539670 0.00000000099999999998 0.00001187731422223492 0.29702456124282416994 0.33215804660550796168 
0.00000000099999999999 0.00000000099999999999 0.00000000099999999999 0.00000000099999999999 0.00000000099999999999 0.21868615353799722434 0.37882072693473306524 0.00000000099999999999 0.00000000099999999999 0.40249311252726965860 
0.13129487093308667145 0.00000000099999999999 0.02386134991585282111 0.00000000099999999999 0.00000000099999999999 0.12663294861735474583 0.15319350838329434672 0.16801596019855910558 0.17457073561796593308 0.22243062333388630147 
0.00000000099999999988 0.00000000099999999988 0.00000000099999999988 0.00000000099999999988 0.00000000099999999988 0.99999999100000003249 0.00000000099999999988 0.00000000099999999988 0.00000000099999999988 0.00000000099999999988 
0.14018951306815938262 0.00000000099999999990 0.00000000099999999990 0.00000000099999999990 0.00000000099999999990 0.00000000099999999990 0.00000000099999999990 0.85981047893184048281 0.00000000099999999990 0.00000000099999999990 
0.00000000099999999994 0.00000000099999999994 0.00000000099999999994 0.00000000099999999994 0.00000000099999999994 0.00000000099999999994 0.99999999100000003249 0.00000000099999999994 0.00000000099999999994 0.00000000099999999994 
0.00000000099999999990 0.00000000099999999990 0.00000000099999999990 0.00000000099999999990 0.00000000099999999990 0.00000000099999999990 0.00000000099999999990 0.00000000099999999990 0.99999999100000003249 0.00000000099999999990 
0.11546622118423487124 0.01236715424816593571 0.00000000099999999999 0.00000000099999999999 0.02572962286115491881 0.18372078505994618447 0.37736827610473766548 0.00000000099999999999 0.15586975464168359440 0.12947818290007681585 
0.00000000099999999996 0.00000000099999999996 0.00000000099999999996 0.00000000099999999996 0.00000000099999999996 0.20251325691348165403 0.00000000099999999996 0.45663878831245524603 0.00000000099999999996 0.34084794777406302035 
0.00000000099999999985 0.00000000099999999985 0.00000000099999999985 0.00000000099999999985 0.00000000099999999985 0.99999999100000014352 0.00000000099999999985 0.00000000099999999985 0.00000000099999999985 0.00000000099999999985 
0.00000000099999999999 0.00000000099999999999 0.02667563970394842485 0.00000000099999999999 0.02146548339658934171 0.25061148762431523229 0.23013287478225219473 0.10978216375981472708 0.00000000131185419571 0.36133234642122608049 
0.00000000099999999991 0.00000000099999999991 0.00000000099999999991 0.00000000099999999991 0.00000000099999999991 0.00000000099999999991 0.00000000099999999991 0.00000000099999999991 0.00000000099999999991 0.99999999100000003249 
0.00000000099999999989 0.00000000099999999989 0.00000000099999999989 0.00000000099999999989 0.00000000099999999989 0.00000000099999999989 0.00000000099999999989 0.00000000099999999989 0.00000000099999999989 0.99999999099999992147 
0.23093510867325672820 0.00000000099999999995 0.00000000099999999995 0.00000000099999999995 0.00000000099999999995 0.00000000099999999995 0.00000000099999999995 0.00000000099999999995 0.00000000099999999995 0.76906488332674338704 
0.00021851604035957073 0.00000000099999999996 0.00662816860267320066 0.00000000099999999996 0.00000000099999999996 0.49289279960926485336 0.00000000099999999996 0.16712612533740606180 0.33313438541029616324 0.00000000099999999996 
0.12596602076152585425 0.00000000099999999999 0.00000000099999999999 0.00000000099999999999 0.00000000099999999999 0.36532566992812515183 0.00000000099999999999 0.21965191127041158725 0.00000000099999999999 0.28905639203993749309 
0.26507238150451806202 0.00000000099999999998 0.01324042418030983541 0.00000000099999999998 0.00000000099999999998 0.00000000099999999998 0.43007606960517313910 0.29161111870999878448 0.00000000099999999998 0.00000000099999999998 
0.26607208137900872913 0.00000000099999999998 0.00000000099999999998 0.00000000099999999998 0.00000000099999999998 0.25901166920648355241 0.15728146911117255047 0.00000002540699716469 0.00369113692508823412 0.31394361397124975754 
0.00000014180642628227 0.00000000099999999998 0.01453852026548674119 0.00000000099999999998 0.00000000099999999998 0.19286906415441201768 0.20873801708017572509 0.00000000099999999998 0.22912857425325641736 0.35472567844024294192 
0.19764559416128282821 0.00000000100000000000 0.02888631298067860856 0.06974768622812409224 0.00056213895762471347 0.00000361969619566787 0.26057894207846993284 0.01170994945055137647 0.29787897195579632337 0.13298678349127640574 
0.00000000099999999997 0.00000000099999999997 0.00000000099999999997 0.00000000099999999997 0.00000000099999999997 0.00000000099999999997 0.49679625141509192732 0.00000000099999999997 0.27855666276077778454 0.22464707882413034734 
0.13945248226851295059 0.00000000099999999997 0.01614544253510305852 0.00000000099999999997 0.00000000099999999997 0.02374693181187678692 0.25383023960923883910 0.02299977461645338894 0.17904861380227157786 0.36477651235654334760 
0.22058152396798569317 0.02310755075087460308 0.00000000099999999997 0.00000000099999999997 0.00000000099999999997 0.20107287459750292080 0.14332718225672488876 0.00000000099999999997 0.03839826310619038480 0.37351260132072144904 
0.15557330109178371669 0.00000000099999999998 0.00000000099999999998 0.00000000099999999998 0.01095612009801576539 0.09496921314741003928 0.02480978390840364242 0.18939713847661338031 0.30139983666028513642 0.22289460361748844597 
0.22693894043881598921 0.00000000099999999997 0.00000000099999999997 0.00000000099999999997 0.00000000099999999997 0.12726203278382078321 0.00000000099999999997 0.25445790788908601021 0.39134111288827710950 0.00000000099999999997 
0.29982896088190913453 0.00000000099999999999 0.00000000099999999999 0.00000000099999999999 0.00000000099999999999 0.26601173262733746050 0.00000000099999999999 0.00000018733945096213 0.26684957463397801503 0.16730953951732446816 
0.02446172614643778512 0.00354461317306192878 0.00002498902185848685 0.00000000099999999999 0.00066552393519982015 0.15310843601870871566 0.31595546659295148384 0.15531760846629644179 0.16299508548708599442 0.18392655015839942667 
0.00000000099999999995 0.00000000099999999995 0.00000000099999999995 0.00000000099999999995 0.00000000099999999995 0.00000000099999999995 0.49605990610402883600 0.00000000099999999995 0.00000000099999999995 0.50394008589597116821 
0.00000000099999999988 0.00000000099999999988 0.00000000099999999988 0.00000000099999999988 0.00000000099999999988 0.00000000099999999988 0.00000000099999999988 0.00000000099999999988 0.00000000099999999988 0.99999999100000003249 
0.00000000099999999993 0.58715609596897766487 0.41284389603102250588 0.00000000099999999993 0.00000000099999999993 0.00000000099999999993 0.00000000099999999993 0.00000000099999999993 0.00000000099999999993 0.00000000099999999993 
0.00000000099999999987 0.00000000099999999987 0.99999999100000003249 0.00000000099999999987 0.00000000099999999987 0.00000000099999999987 0.00000000099999999987 0.00000000099999999987 0.00000000099999999987 0.00000000099999999987 
0.00000000099999999961 0.00000000099999999961 0.00000000099999999961 0.99999999100000014352 0.00000000099999999961 0.00000000099999999961 0.00000000099999999961 0.00000000099999999961 0.00000000099999999961 0.00000000099999999961 
0.00000000099999999951 0.00000000099999999951 0.00000000099999999951 0.00000000099999999951 0.99999999100000014352 0.00000000099999999951 0.00000000099999999951 0.00000000099999999951 0.00000000099999999951 0.00000000099999999951 
0.00000000099999999998 0.30392762817666008068 0.57113527275132025540 0.00000000099999999998 0.02554124104335060708 0.00000000099999999998 0.00000000099999999998 0.09939585202866894897 0.00000000099999999998 0.00000000099999999998 
0.00000000099999999985 0.00000000099999999985 0.00000000099999999985 0.00000000099999999985 0.00000000099999999985 0.99999999100000003249 0.00000000099999999985 0.00000000099999999985 0.00000000099999999985 0.00000000099999999985 
0.00000000099999999998 0.02484222624942159646 0.00000000099999999998 0.00000000099999999998 0.00000000099999999998 0.00000000099999999998 0.26498266724566954533 0.17242765793074271707 0.43914004418319407819 0.09860739939097201701 
0.00000000099999999987 0.00000000099999999987 0.99999999100000003249 0.00000000099999999987 0.00000000099999999987 0.00000000099999999987 0.00000000099999999987 0.00000000099999999987 0.00000000099999999987 0.00000000099999999987 
0.22032350905139913566 0.00000000099999999996 0.00000000099999999996 0.00000000099999999996 0.00000000099999999996 0.36000156815474532168 0.00000000099999999996 0.41967491579385557410 0.00000000099999999996 0.00000000099999999996 
0.14349098027856319049 0.00000000099999999997 0.00000000099999999997 0.00000000099999999997 0.00545137574644942533 0.37079118825165524598 0.24342010210423245531 0.00000000099999999997 0.00000000099999999997 0.23684634861909970027 
0.28918886631065127135 0.00000000099999999996 0.00000000099999999996 0.00000000099999999996 0.00000000099999999996 0.00000000099999999996 0.44788965777064126961 0.26292146891870721293 0.00000000099999999996 0.00000000099999999996 
0.00000000099999999947 0.00000000099999999947 0.00000000099999999947 0.99999999100000014352 0.00000000099999999947 0.00000000099999999947 0.00000000099999999947 0.00000000099999999947 0.00000000099999999947 0.00000000099999999947 
0.00000000099999999950 0.00000000099999999950 0.00000000099999999950 0.99999999100000014352 0.00000000099999999950 0.00000000099999999950 0.00000000099999999950 0.00000000099999999950 0.00000000099999999950 0.00000000099999999950 
0.00000000099999999941 0.00000000099999999941 0.00000000099999999941 0.99999999100000014352 0.00000000099999999941 0.00000000099999999941 0.00000000099999999941 0.00000000099999999941 0.00000000099999999941 0.00000000099999999941 
0.00000000099999999942 0.00000000099999999942 0.00000000099999999942 0.99999999100000003249 0.00000000099999999942 0.00000000099999999942 0.00000000099999999942 0.00000000099999999942 0.00000000099999999942 0.00000000099999999942 
0.00000000099999999944 0.00000000099999999944 0.00000000099999999944 0.99999999100000003249 0.00000000099999999944 0.00000000099999999944 0.00000000099999999944 0.00000000099999999944 0.00000000099999999944 0.00000000099999999944 
0.00000000099999999997 0.56310842824530804585 0.43689156375469218041 0.00000000099999999997 0.00000000099999999997 0.00000000099999999997 0.00000000099999999997 0.00000000099999999997 0.00000000099999999997 0.00000000099999999997 
0.27042159282759303807 0.00000000099999999998 0.00000000099999999998 0.00000000099999999998 0.00000000099999999998 0.00000000099999999998 0.44208181762744958032 0.00000000099999999998 0.28749658254495724652 0.00000000099999999998 
0.00000000099999999944 0.00000000099999999944 0.00000000099999999944 0.99999999100000003249 0.00000000099999999944 0.00000000099999999944 0.00000000099999999944 0.00000000099999999944 0.00000000099999999944 0.00000000099999999944 
0.00000000099999999952 0.00000000099999999952 0.00000000099999999952 0.99999999100000014352 0.00000000099999999952 0.00000000099999999952 0.00000000099999999952 0.00000000099999999952 0.00000000099999999952 0.00000000099999999952 
0.00000000099999999949 0.00000000099999999949 0.00000000099999999949 0.00000000099999999949 0.99999999100000014352 0.00000000099999999949 0.00000000099999999949 0.00000000099999999949 0.00000000099999999949 0.00000000099999999949 
0.00000000099999999949 0.00000000099999999949 0.00000000099999999949 0.00000000099999999949 0.99999999100000003249 0.00000000099999999949 0.00000000099999999949 0.00000000099999999949 0.00000000099999999949 0.00000000099999999949 
0.52465626410555632475 0.00000000099999999994 0.00000000099999999994 0.00000000099999999994 0.00000000099999999994 0.00000000099999999994 0.00000000099999999994 0.00000000099999999994 0.47534372789444373497 0.00000000099999999994 
0.00000000099999999947 0.00000000099999999947 0.00000000099999999947 0.99999999100000014352 0.00000000099999999947 0.00000000099999999947 0.00000000099999999947 0.00000000099999999947 0.00000000099999999947 0.00000000099999999947 
0.00000000099999999987 0.00000000099999999987 0.00000000099999999987 0.00000000099999999987 0.00000000099999999987 0.99999999100000014352 0.00000000099999999987 0.00000000099999999987 0.00000000099999999987 0.00000000099999999987 
0.00000000099999999987 0.00000000099999999987 0.00000000099999999987 0.00000000099999999987 0.00000000099999999987 0.99999999100000014352 0.00000000099999999987 0.00000000099999999987 0.00000000099999999987 0.00000000099999999987 
0.00000000099999999988 0.00000000099999999988 0.99999999100000014352 0.00000000099999999988 0.00000000099999999988 0.00000000099999999988 0.00000000099999999988 0.00000000099999999988 0.00000000099999999988 0.00000000099999999988 
0.15566718375673221919 0.00000000099999999998 0.00331329612918881099 0.00000000099999999998 0.00000000099999999998 0.25990872217608534944 0.00000000099999999998 0.07583768158330887743 0.20479461796840320309 0.30047849438628143615 
0.00000000099999999990 0.46919583200740377915 0.53080415999259622506 0.00000000099999999990 0.00000000099999999990 0.00000000099999999990 0.00000000099999999990 0.00000000099999999990 0.00000000099999999990 0.00000000099999999990 
0.18166413597793137913 0.00656620652019681336 0.00000000099999999998 0.00000000099999999998 0.00000000099999999998 0.32807659563221880372 0.00190643765331686608 0.10304659564693204044 0.11947140688349452975 0.25926861868590961313 
0.00000000099999999991 0.62188899367839223231 0.37811099832160782741 0.00000000099999999991 0.00000000099999999991 0.00000000099999999991 0.00000000099999999991 0.00000000099999999991 0.00000000099999999991 0.00000000099999999991 
0.20555226097173615041 0.00000000099999999999 0.01393503639290806506 0.00000000099999999999 0.00721316523884672420 0.27398674572444225994 0.00000137204099070621 0.24145089858641508029 0.00000000099999999999 0.25786051804466109116 
0.00000000099999999988 0.00000000099999999988 0.00000000099999999988 0.00000000099999999988 0.00000000099999999988 0.99999999100000014352 0.00000000099999999988 0.00000000099999999988 0.00000000099999999988 0.00000000099999999988 
0.00000000099999999951 0.00000000099999999951 0.00000000099999999951 0.99999999100000014352 0.00000000099999999951 0.00000000099999999951 0.00000000099999999951 0.00000000099999999951 0.00000000099999999951 0.00000000099999999951 
0.00000000099999999984 0.00000000099999999984 0.99999999100000014352 0.00000000099999999984 0.00000000099999999984 0.00000000099999999984 0.00000000099999999984 0.00000000099999999984 0.00000000099999999984 0.00000000099999999984 
0.00000000099999999944 0.00000000099999999944 0.00000000099999999944 0.99999999100000003249 0.00000000099999999944 0.00000000099999999944 0.00000000099999999944 0.00000000099999999944 0.00000000099999999944 0.00000000099999999944 
0.00000000099999999944 0.00000000099999999944 0.00000000099999999944 0.99999999100000014352 0.00000000099999999944 0.00000000099999999944 0.00000000099999999944 0.00000000099999999944 0.00000000099999999944 0.00000000099999999944 
0.30660348684795651897 0.00000000099999999994 0.00000000099999999994 0.00000000099999999994 0.00000000099999999994 0.69339650515204354075 0.00000000099999999994 0.00000000099999999994 0.00000000099999999994 0.00000000099999999994 
0.13038152116762508070 0.00000000099999999997 0.00318789437534453381 0.00000000099999999997 0.00000000099999999997 0.00072960499041259299 0.00000000099999999997 0.32789336269650554145 0.28177752435563324651 0.25603008841447888466 
0.00004866176823154582 0.00000000099999999997 0.00000000099999999997 0.00000000099999999997 0.00000000099999999997 0.43261187618964946910 0.04700988906637602882 0.00000000099999999997 0.31134676861520005353 0.20898279936054295347 
0.28972838359584118795 0.00000000099999999997 0.00000000099999999997 0.00000000099999999997 0.00000000099999999997 0.15150732529861274389 0.08825030320234923675 0.00000000099999999997 0.25317910197331883193 0.21733488092987776619 
0.00000000099999999990 0.00000000099999999990 0.00000000099999999990 0.00000000099999999990 0.00000000099999999990 0.00000000099999999990 0.00000000099999999990 0.00000000099999999990 0.00000000099999999990 0.99999999100000003249 
0.00000000099999999990 0.00000000099999999990 0.00000000099999999990 0.00000000099999999990 0.00000000099999999990 0.00000000099999999990 0.00000000099999999990 0.00000000099999999990 0.00000000099999999990 0.99999999099999992147 
0.00000000099999999985 0.00000000099999999985 0.00000000099999999985 0.00000000099999999985 0.00000000099999999985 0.00000000099999999985 0.00000000099999999985 0.00000000099999999985 0.99999999100000003249 0.00000000099999999985 
