0.00809598856305868315 0.96549780725985645535 0.02606714104032853765 0.00033906313675625683 
0.99999999700000008485 0.00000000099999999996 0.00000000099999999996 0.00000000099999999996 
0.99999999700000008485 0.00000000099999999996 0.00000000099999999996 0.00000000099999999996 
0.04295144119080294975 0.95153257307409333521 0.00551598473510383439 0.00000000099999999999 
0.00050612627966774922 0.98628355414670776380 0.01321031857362444523 0.00000000100000000000 
0.03068103679686663698 0.96294814862427535740 0.00637081357885801915 0.00000000099999999999 
0.99999999700000008485 0.00000000099999999997 0.00000000099999999997 0.00000000099999999997 
0.99999999699999997382 0.00000000099999999995 0.00000000099999999995 0.00000000099999999995 
0.00908045382267438049 0.97120251693637760226 0.01971702824094810971 0.00000000099999999999 
0.99999999699999997382 0.00000000099999999997 0.00000000099999999997 0.00000000099999999997 
0.01787449863606558817 0.96835016120570205356 0.01377533915823222696 0.00000000100000000000 
0.02274988296738851556 0.96573485033405703781 0.01151526569855435174 0.00000000099999999999 
0.00529966423887104007 0.98585562524616010549 0.00884470951496879772 0.00000000100000000000 
0.01073935639495796762 0.96960231518506601045 0.01965832741997578653 0.00000000100000000000 
0.00139351157198619349 0.97089516732657699105 0.02162747754350433441 0.00608384355793249992 
0.06112375735820720773 0.90556672948010130675 0.03330951216169136114 0.00000000099999999999 
0.00765018223235786575 0.99214489198151445404 0.00020492478612771934 0.00000000100000000000 
0.00000000100000000000 0.98807336507449949892 0.00654661653085061596 0.00538001739464992988 
0.00342995755271103923 0.97692618720379720276 0.01147903660762382601 0.00816481863586801700 
0.00095715231767178684 0.99110576302364916668 0.00793708365867908799 0.00000000099999999998 
0.00412600107887809049 0.99586252960590548877 0.00001146831521637827 0.00000000100000000000 
0.99999999699999997382 0.00000000099999999998 0.00000000099999999998 0.00000000099999999998 
0.03041698494604879940 0.96958301305395111491 0.00000000099999999999 0.00000000099999999999 
0.03797545217577101562 0.95793872661927215173 0.00408582020495690083 0.00000000099999999999 
0.03347675253508363563 0.96652306916757335653 0.00000017729734307511 0.00000000099999999999 
0.00000000099999999999 0.99309950719262130026 0.00690049080737861233 0.00000000099999999999 
0.00000000099999999988 0.00000000099999999988 0.99999999699999986280 0.00000000099999999988 
0.00000000099999999986 0.00000000099999999986 0.99999999699999986280 0.00000000099999999986 
0.00550585092231110212 0.98279255403063470187 0.01170159404705414276 0.00000000100000000000 
0.00000000099999999999 0.98499596865727545580 0.01500402934272454525 0.00000000099999999999 
0.02975230352506277876 0.97024769447493719454 0.00000000099999999999 0.00000000099999999999 
0.99999999699999997382 0.00000000099999999998 0.00000000099999999998 0.00000000099999999998 
0.24048826481297352897 0.39851373467142814366 0.36099799951559830014 0.00000000099999999997 
0.00051324703047536907 0.99841846599040906529 0.00106828597911549418 0.00000000099999999999 
0.00000000099999999986 0.00000000099999999986 0.00000000099999999986 0.99999999700000008485 
0.00000000099999999982 0.00000000099999999982 0.00000000099999999982 0.99999999700000008485 
0.00000000099999999982 0.00000000099999999982 0.00000000099999999982 0.99999999699999997382 
0.00000000099999999988 0.00000000099999999988 0.99999999699999986280 0.00000000099999999988 
0.00000000099999999987 0.00000000099999999987 0.99999999699999997382 0.00000000099999999987 
0.00229422731805398791 0.99410163229761905335 0.00360413938432689899 0.00000000099999999999 
0.99999999700000008485 0.00000000099999999998 0.00000000099999999998 0.00000000099999999998 
0.00000000099999999987 0.00000000099999999987 0.99999999699999997382 0.00000000099999999987 
0.02795067672530836961 0.95987901794595997806 0.01217030432873164592 0.00000000099999999999 
0.99999999700000008485 0.00000000099999999996 0.00000000099999999996 0.00000000099999999996 
0.00000000099999999989 0.00000000099999999989 0.99999999699999997382 0.00000000099999999989 
0.01968645233442704173 0.97033690216030987763 0.00997664450526288861 0.00000000099999999999 
0.00000000099999999987 0.00000000099999999987 0.99999999699999986280 0.00000000099999999987 
0.99999999700000008485 0.00000000099999999997 0.00000000099999999997 0.00000000099999999997 
0.99999999700000008485 0.00000000099999999995 0.00000000099999999995 0.00000000099999999995 
0.00000000099999999986 0.00000000099999999986 0.99999999699999997382 0.00000000099999999986 
0.00000000099999999987 0.00000000099999999987 0.99999999699999986280 0.00000000099999999987 
0.99999999700000008485 0.00000000099999999997 0.00000000099999999997 0.00000000099999999997 
0.99999999699999997382 0.00000000099999999996 0.00000000099999999996 0.00000000099999999996 
0.99999999699999997382 0.00000000099999999997 0.00000000099999999997 0.00000000099999999997 
0.00000000099999999989 0.00000000099999999989 0.99999999699999997382 0.00000000099999999989 
0.04878104676407524903 0.93162904209779340281 0.01958990895278692190 0.00000000218534439727 
0.00236888225299954286 0.96743906624493192226 0.03019205050206856533 0.00000000100000000000 
0.02983990863464657320 0.97016008936535347296 0.00000000099999999999 0.00000000099999999999 
0.01765126922019133460 0.97787424579157489202 0.00447448398823386325 0.00000000099999999999 
0.99999999700000008485 0.00000000099999999996 0.00000000099999999996 0.00000000099999999996 
0.00073336100824291587 0.98786432435205417946 0.00979235167797765961 0.00160996296172517621 
0.00000000099999999985 0.00000000099999999985 0.00000000099999999985 0.99999999700000008485 
0.01017292570030898721 0.98049150125634476627 0.00933557204334611174 0.00000000099999999998 
0.00000000099999999985 0.00000000099999999985 0.00000000099999999985 0.99999999699999997382 
0.04674921849879681152 0.95208917092678713168 0.00116160957441605733 0.00000000100000000000 
0.00000000099999999986 0.00000000099999999986 0.00000000099999999986 0.99999999699999997382 
0.01276248952165160572 0.98153572943697953157 0.00570178004136893783 0.00000000099999999999 
0.01550057918955821852 0.97378939728243929519 0.01070994136255897476 0.00000008216544345360 
0.99999999699999997382 0.00000000099999999995 0.00000000099999999995 0.00000000099999999995 
0.00000394202973053148 0.99999605597026952619 0.00000000099999999998 0.00000000099999999998 
0.00000000099999999985 0.00000000099999999985 0.00000000099999999985 0.99999999699999997382 
0.00000000099999999987 0.00000000099999999987 0.00000000099999999987 0.99999999700000008485 
0.08735938310743843194 0.89778435151505942002 0.01485626437750212948 0.00000000099999999999 
0.99999999700000008485 0.00000000099999999995 0.00000000099999999995 0.00000000099999999995 
0.00000000099999999989 0.00000000099999999989 0.99999999699999997382 0.00000000099999999989 
0.99999999700000008485 0.00000000099999999996 0.00000000099999999996 0.00000000099999999996 
0.04215551946472612110 0.95665357955491170383 0.00000000100000000000 0.00119089998036219814 
0.00000000099999999984 0.00000000099999999984 0.00000000099999999984 0.99999999699999997382 
0.00000000099999999985 0.00000000099999999985 0.99999999699999986280 0.00000000099999999985 
0.00000000099999999987 0.00000000099999999987 0.00000000099999999987 0.99999999699999997382 
0.00257738352018415436 0.97257806514288192012 0.02164100764262391619 0.00320354369431011905 
0.99999999700000008485 0.00000000099999999995 0.00000000099999999995 0.00000000099999999995 
0.99999999699999997382 0.00000000099999999996 0.00000000099999999996 0.00000000099999999996 
0.23615528090655121818 0.75923494491968790410 0.00460977317376078718 0.00000000099999999999 
0.00635631076077101259 0.96874157737042299043 0.02490211086880601485 0.00000000100000000000 
0.01486564684480290617 0.98513392091816487373 0.00000043123703214167 0.00000000099999999999 
0.02903719892061184041 0.97096279907938820575 0.00000000099999999999 0.00000000099999999999 
0.00068913298176943286 0.99672244713816660067 0.00258841888006393307 0.00000000100000000000 
0.00000000099999999998 0.99999999699999997382 0.00000000099999999998 0.00000000099999999998 
0.01511798468563639759 0.98411216709551652126 0.00076984721884708535 0.00000000099999999999 
0.01342661427447896551 0.97594759111685502884 0.01062579360866599404 0.00000000099999999999 
0.04205461338342045968 0.95794536036738331397 0.00000002407814735882 0.00000000217104893607 
0.99999999700000008485 0.00000000099999999996 0.00000000099999999996 0.00000000099999999996 
0.99997874873694059250 0.00002124926305946464 0.00000000099999999998 0.00000000099999999998 
0.00000000099999999991 0.00000000099999999991 0.00000000099999999991 0.99999999699999997382 
0.99999999700000008485 0.00000000099999999998 0.00000000099999999998 0.00000000099999999998 
0.99999999696509034308 0.00000000103490972239 0.00000000099999999998 0.00000000099999999998 
0.02760974060101194227 0.96190877536208241327 0.01048148303690549926 0.00000000099999999999 
0.00000000099999999982 0.00000000099999999982 0.00000000099999999982 0.99999999700000008485 
0.00000000286833964585 0.99172168682801842277 0.00827830930364200496 0.00000000100000000000 
0.02142586832999731142 0.97013007586155663997 0.00844405480844605955 0.00000000099999999999 
0.00488745038109273267 0.98307322402554320195 0.01002627091908265232 0.00201305467428133456 
0.02918534857855690015 0.96379811617485067199 0.00701653424659252293 0.00000000100000000000 
0.00709453542985997911 0.99198261846064594849 0.00042707396872115866 0.00049577214077310000 
0.04264437128931961030 0.95725910355566912191 0.00009641485679505624 0.00000011029821629445 
0.00208262315878447821 0.98888195121358701822 0.00903542462762850149 0.00000000100000000000 
0.01672967802468396797 0.97202981622349005075 0.01124050475182594364 0.00000000100000000000 
0.01643668955994190620 0.94707647648997550505 0.03205551936386232675 0.00443131458622028369 
0.00793174318342466586 0.97702634047765479774 0.01504191533892054039 0.00000000099999999999 
0.00083709518035811532 0.99916290281964192932 0.00000000099999999999 0.00000000099999999999 
0.02729288517930019906 0.94303070558950563562 0.02870608595105335684 0.00097032328014082475 
0.00000000099999999999 0.98590656619539085437 0.01409343180460922822 0.00000000099999999999 
0.01504932101236456342 0.98433581674761161384 0.00061486124002379865 0.00000000100000000000 
0.00189568984007065853 0.99663158505924409614 0.00147272410068510469 0.00000000099999999999 
0.03776216373089261169 0.96223783426910736161 0.00000000099999999999 0.00000000099999999999 
0.01895890679292658310 0.97009669663207054313 0.01094439557500282226 0.00000000100000000000 
0.04467421776035567643 0.95532578023964442870 0.00000000099999999999 0.00000000099999999999 
0.00770703296258844813 0.99039144756147401427 0.00190151847593766823 0.00000000100000000000 
0.02951849977579148326 0.96808178255922283650 0.00239971666498566731 0.00000000099999999999 
0.02805798618400932518 0.89678621453397788787 0.00705722898304731415 0.06809857029896539127 
0.00751067295227576728 0.99248932504772424679 0.00000000099999999999 0.00000000099999999999 
0.02194190740321275146 0.97805809059678716633 0.00000000099999999998 0.00000000099999999998 
0.03085133781953952256 0.96914835871496496367 0.00000030246549545004 0.00000000099999999998 
0.00245052414163148815 0.97827221959324583977 0.01927725526512266002 0.00000000099999999999 
0.01830717183918299101 0.98169282616081710025 0.00000000099999999998 0.00000000099999999998 
0.00776778414896907819 0.98010092102204660058 0.00850827916351786472 0.00362301566546649814 
0.01571132189550794589 0.97542800724037315163 0.00886066986411888913 0.00000000099999999999 
0.00000000255471181313 0.99702347914217948066 0.00297651730310873226 0.00000000099999999999 
0.03756784866487951347 0.96243214933512044595 0.00000000099999999998 0.00000000099999999998 
0.99999999700000008485 0.00000000099999999996 0.00000000099999999996 0.00000000099999999996 
0.99999999065404943099 0.00000000734595066883 0.00000000099999999998 0.00000000099999999998 
0.00000000099999999988 0.00000000099999999988 0.00000000099999999988 0.99999999699999997382 
0.00000000099999999985 0.00000000099999999985 0.99999999699999986280 0.00000000099999999985 
0.91391220871234124523 0.04629113440455601830 0.03979665588310261209 0.00000000100000000000 
0.01728758031143341756 0.98271241768856654186 0.00000000099999999998 0.00000000099999999998 
0.03222674775516748413 0.96318560274564002377 0.00458764393852110867 0.00000000556067146890 
0.99604391239209943976 0.00000000099999999999 0.00395608560790062895 0.00000000099999999999 
0.02297427881743274378 0.97702571918256719830 0.00000000099999999999 0.00000000099999999999 
0.00338619308553336383 0.98138858221261593417 0.01522522370185064658 0.00000000099999999998 
0.00000000099999999999 0.99386977306293067258 0.00613022493706934062 0.00000000099999999999 
0.00000000099999999984 0.00000000099999999984 0.00000000099999999984 0.99999999699999997382 
0.00000000099999999985 0.00000000099999999985 0.00000000099999999985 0.99999999700000008485 
0.00000000099999999982 0.00000000099999999982 0.00000000099999999982 0.99999999699999997382 
0.00000000099999999983 0.00000000099999999983 0.00000000099999999983 0.99999999700000008485 
0.00000000099999999983 0.00000000099999999983 0.00000000099999999983 0.99999999700000008485 
0.99999999699999997382 0.00000000099999999998 0.00000000099999999998 0.00000000099999999998 
0.00590531246558588952 0.97944971540202929727 0.01464497113238489613 0.00000000100000000000 
0.00000000099999999983 0.00000000099999999983 0.00000000099999999983 0.99999999699999997382 
0.00000000099999999985 0.00000000099999999985 0.00000000099999999985 0.99999999699999997382 
0.00000000099999999985 0.00000000099999999985 0.99999999699999997382 0.00000000099999999985 
0.00000000099999999985 0.00000000099999999985 0.99999999699999986280 0.00000000099999999985 
0.00002817995942259055 0.99997181804057744259 0.00000000099999999999 0.00000000099999999999 
0.00000000099999999984 0.00000000099999999984 0.00000000099999999984 0.99999999699999997382 
0.02056159411742772627 0.97937263723044165609 0.00000000188233706820 0.00006576676979354901 
0.00000000099999999999 0.99760409179561737592 0.00239590620438265376 0.00000000099999999999 
0.96153442085065576883 0.03846557714934419753 0.00000000099999999998 0.00000000099999999998 
0.01545842330461840060 0.98449834930693058688 0.00004322638845097239 0.00000000099999999999 
0.99999999699999997382 0.00000000099999999995 0.00000000099999999995 0.00000000099999999995 
0.02630148241270174533 0.96482334065198815942 0.00887517593531008016 0.00000000099999999999 
0.99999999700000008485 0.00000000099999999995 0.00000000099999999995 0.00000000099999999995 
0.01662613697821779465 0.96288067191214721241 0.02049319010963497265 0.00000000100000000000 
0.00013708831419990424 0.98369654296094255486 0.01616636772485735563 0.00000000100000000000 
0.00000000099999999986 0.00000000099999999986 0.00000000099999999986 0.99999999700000008485 
0.99999999699999997382 0.00000000099999999996 0.00000000099999999996 0.00000000099999999996 
0.00000000099999999983 0.00000000099999999983 0.00000000099999999983 0.99999999700000008485 
0.00000000099999999983 0.00000000099999999983 0.00000000099999999983 0.99999999699999997382 
0.01318997168960334490 0.98555484565925055573 0.00125518165114600795 0.00000000100000000000 
0.03225747338167213318 0.96719852055522503864 0.00054400506310279487 0.00000000099999999999 
0.01171949184593124894 0.98828050615406881629 0.00000000099999999998 0.00000000099999999998 
0.00525369319898219122 0.98854323945723798772 0.00620306634377978602 0.00000000099999999999 
0.01067632533288231239 0.97351637845639504842 0.01580729521072261196 0.00000000099999999999 
0.02241906448606851773 0.96696016998137113152 0.01062076453256041372 0.00000000099999999999 
0.00000000099999999999 0.99999991391887954606 0.00000008408112040243 0.00000000099999999999 
0.99806582129587306795 0.00193417670412692182 0.00000000099999999998 0.00000000099999999998 
0.00000683168101477248 0.99985803326323752227 0.00013513405574758049 0.00000000099999999999 
0.00000000099999999983 0.00000000099999999983 0.00000000099999999983 0.99999999700000008485 
0.00287811248269080394 0.99377538742308657582 0.00334649909422262554 0.00000000100000000000 
0.00000000099999999994 0.00000000099999999994 0.00000000099999999994 0.99999999700000008485 
0.00000000099999999985 0.00000000099999999985 0.00000000099999999985 0.99999999699999997382 
0.02826048270387583605 0.97172399805110820648 0.00001551824501592020 0.00000000099999999999 
0.00000000099999999999 0.98733415780391298178 0.01266584019608707132 0.00000000099999999999 
0.02449488581329655260 0.97550114266833498622 0.00000000100000000000 0.00000397051836862917 
0.00000000099999999987 0.00000000099999999987 0.00000000099999999987 0.99999999699999997382 
0.99999999700000008485 0.00000000099999999996 0.00000000099999999996 0.00000000099999999996 
0.99999999699999997382 0.00000000099999999996 0.00000000099999999996 0.00000000099999999996 
0.00000000099999999985 0.00000000099999999985 0.00000000099999999985 0.99999999699999997382 
0.01120123124160943458 0.97867540719274281891 0.01012336056564764816 0.00000000100000000000 
0.04409430032677431194 0.93985062713720446403 0.01605507153602123496 0.00000000100000000000 
0.00000000099999999986 0.00000000099999999986 0.00000000099999999986 0.99999999699999997382 
0.00953437278882809588 0.97963866463738025203 0.01082696157379163179 0.00000000099999999999 
0.99999999700000008485 0.00000000099999999995 0.00000000099999999995 0.00000000099999999995 
0.23680681605319719996 0.54450932072924329574 0.11193479812583169430 0.10674906509172778224 
0.03215083391457682072 0.96324866450629931247 0.00000000100000000000 0.00460050057912397576 
0.03812180657732234385 0.94588302578646865637 0.01599516663620888929 0.00000000099999999999 
0.00321896036664066519 0.97837081516958324112 0.01841022346377596888 0.00000000099999999999 
0.00028626071770826645 0.98500617272111623546 0.01470756556117546951 0.00000000099999999999 
0.00000000099999999999 0.99397330167716668736 0.00602669632283327119 0.00000000099999999999 
0.01118689419405796692 0.98881310380594211740 0.00000000099999999999 0.00000000099999999999 
0.01056770258220767790 0.97295384830625442074 0.01647844811153784464 0.00000000099999999999 
0.02679514977899296810 0.95664583017278947974 0.00822901069826709013 0.00833000934995047244 
0.99999999700000008485 0.00000000099999999997 0.00000000099999999997 0.00000000099999999997 
0.02289476889439408247 0.96669237652966177876 0.01041285357594400919 0.00000000099999999999 
0.00000000099999999999 0.98981772690270541926 0.01018227109729472925 0.00000000099999999999 
0.04973949466749659487 0.94470615438378124917 0.00555434994872204719 0.00000000100000000000 
0.02147711835786304813 0.97852287964213691129 0.00000000099999999999 0.00000000099999999999 
0.03735788964027824538 0.95467879248782561152 0.00553450936626676947 0.00242880850562942003 
0.00000185365384226609 0.99945290396726338411 0.00054524137889437705 0.00000000099999999999 
0.01902111420959945107 0.97874330665367681448 0.00223557813672379353 0.00000000100000000000 
0.99823278302281992502 0.00176721497718010682 0.00000000099999999998 0.00000000099999999998 
0.02384902302337795627 0.95528557575914585520 0.02086540021747622722 0.00000000099999999999 
0.01019175179991575232 0.97616757546911225862 0.01364067173097196356 0.00000000099999999999 
0.01464697228810309115 0.97405073714685108666 0.00019895053021903034 0.01110334003482686856 
0.99999998446940729924 0.00000001353059274524 0.00000000099999999998 0.00000000099999999998 
0.02968117796003014175 0.95104763569830597092 0.00000007029381811784 0.01927111604784587442 
0.01330196629054859747 0.97415131604204674431 0.01254671666740461711 0.00000000100000000000 
0.48195850323841094021 0.50612294904334720336 0.01191854671824187084 0.00000000099999999999 
0.03043070743801178785 0.96956929056198815076 0.00000000099999999998 0.00000000099999999998 
0.00000000099999999986 0.00000000099999999986 0.00000000099999999986 0.99999999700000008485 
0.02113455479094874037 0.95908910844245498506 0.01977633576659631326 0.00000000099999999999 
0.02966839600980018810 0.96246838114191457514 0.00786322184828531189 0.00000000100000000000 
