0.01192070275577059024 0.01238488563500695153 0.97569441160922243395 
0.00000000099999999998 0.99999999799999994554 0.00000000099999999998 
0.00000000099999999997 0.99999999800000005656 0.00000000099999999997 
0.00000000099999999999 0.04401626386710805888 0.95598373513289192083 
0.00010582810768114120 0.00095840142330556172 0.99893577046901327332 
0.00000000099999999999 0.03299988543838056065 0.96700011356161941212 
0.00000000099999999998 0.99999999799999994554 0.00000000099999999998 
0.00000000099999999997 0.99999999800000005656 0.00000000099999999997 
0.00000000100000000000 0.01218691820161137314 0.98781308079838869851 
0.00000000099999999998 0.99999999799999994554 0.00000000099999999998 
0.00000000144441611802 0.01827882521948216363 0.98172117333610164902 
0.00000000099999999999 0.02496061514279565227 0.97503938385720445581 
0.00000000100000000000 0.00584755747794361586 0.99415244152205639594 
0.00146204571844702012 0.01660032251995179411 0.98193763176160120398 
0.01621722517140227610 0.00173306282641932973 0.98204971200217838767 
0.01292603801143281557 0.06719183092039296423 0.91988213106817418030 
0.00000000099999999999 0.00659014544153569120 0.99340985355846433968 
0.00730596550067135787 0.00000000100000000000 0.99269403349932849867 
0.01163171425724872192 0.00584213219828782441 0.98252615354446348750 
0.00000000099999999999 0.00226545087614439880 0.99773454812385553581 
0.00000000100000000000 0.00221466455856761738 0.99778533444143235887 
0.00000000099999999998 0.99999999799999994554 0.00000000099999999998 
0.00000000099999999999 0.02958645855145487780 0.97041354044854499783 
0.00000000099999999999 0.03813869661389240884 0.96186130238610745291 
0.00000000099999999999 0.03330882652746395417 0.96669117247253588676 
0.00000000099999999999 0.00000000099999999999 0.99999999800000005656 
0.78868575869728296812 0.17034868605695555055 0.04096555524576142582 
0.80430187938073038900 0.18978409755425607042 0.00591402306501355272 
0.00011124866389198912 0.00604354484387260079 0.99384520649223540012 
0.00000000100000000000 0.00000009432649835275 0.99999990467350163836 
0.00000000099999999999 0.02818566187938060033 0.97181433712061937591 
0.00000000099999999998 0.99999999800000005656 0.00000000099999999998 
0.24169517898702166936 0.30701660370672395617 0.45128821730625445774 
0.00000000099999999999 0.00002090707324912140 0.99997909192675094037 
0.99999999799999994554 0.00000000099999999989 0.00000000099999999989 
0.99999999799999994554 0.00000000099999999986 0.00000000099999999986 
0.99999999799999994554 0.00000000099999999987 0.00000000099999999987 
0.79593312885304923210 0.14126422527235724114 0.06280264587459361003 
0.80096130908393214920 0.17059546659282762149 0.02844322432324018074 
0.00000000099999999999 0.00133183663327422286 0.99866816236672573126 
0.00000000099999999998 0.99999999800000005656 0.00000000099999999998 
0.78704032960930370155 0.15171551414905296018 0.06124415624164333133 
0.00000000100000000000 0.02882574221285419749 0.97117425678714575099 
0.00000000099999999997 0.99999999799999994554 0.00000000099999999997 
0.78823671922731097794 0.18436822819008327756 0.02739505258260559531 
0.00000000099999999999 0.02331287838414744518 0.97668712061585261086 
0.78990711673823310601 0.16945816025948076677 0.04063472300228613415 
0.00000000099999999998 0.99999999799999994554 0.00000000099999999998 
0.00000000099999999996 0.99999999799999994554 0.00000000099999999996 
0.79246555402074836394 0.18964255218244327472 0.01789189379680843420 
0.80236976039268637084 0.15953181799580126721 0.03809842161151236889 
0.00000000099999999998 0.99999999800000005656 0.00000000099999999998 
0.00000000099999999998 0.99999999800000005656 0.00000000099999999998 
0.00000000099999999998 0.99999999800000005656 0.00000000099999999998 
0.79293461920160546175 0.16932113233577619771 0.03774424846261814626 
0.00569793756393151361 0.05093356167317237421 0.94336850076289602285 
0.01477154353976949976 0.01040227740761149808 0.97482617905261892410 
0.00000000099999999999 0.02698307859639857351 0.97301692040360132641 
0.00000000099999999999 0.01808711316012651463 0.98191288583987346161 
0.00000000099999999998 0.99999999800000005656 0.00000000099999999998 
0.00496651932886200877 0.00024475291229079888 0.99478872775884719104 
0.99999999800000005656 0.00000000099999999988 0.00000000099999999988 
0.00000000099999999999 0.01523266253192878672 0.98476733646807124156 
0.99999999800000005656 0.00000000099999999989 0.00000000099999999989 
0.00000000100000000000 0.04606200823858609683 0.95393799076141394533 
0.99999999800000005656 0.00000000099999999988 0.00000000099999999988 
0.00000000099999999999 0.01324565658355085149 0.98675434241644910394 
0.00072638602911576989 0.01640952876225304849 0.98286408520863122185 
0.00000000099999999997 0.99999999800000005656 0.00000000099999999997 
0.00000000099999999999 0.00000018698489296864 0.99999981201510712570 
0.99999999800000005656 0.00000000099999999988 0.00000000099999999988 
0.99999999799999994554 0.00000000099999999989 0.00000000099999999989 
0.00000000100000000000 0.09139214640993724437 0.90860785259006282555 
0.00000000099999999997 0.99999999799999994554 0.00000000099999999997 
0.77096111606822648188 0.15832784555508985780 0.07071103837668367420 
0.00000000099999999997 0.99999999800000005656 0.00000000099999999997 
0.00000000100000000000 0.03996659004131883353 0.96003340895868105598 
0.99999999800000005656 0.00000000099999999987 0.00000000099999999987 
0.81086365790749503901 0.16092712056910729590 0.02820922152339768937 
0.99999999800000005656 0.00000000099999999991 0.00000000099999999991 
0.01442843714269835889 0.00407321683330448287 0.98149834602399721462 
0.00000000099999999997 0.99999999800000005656 0.00000000099999999997 
0.00000000099999999998 0.99999999800000005656 0.00000000099999999998 
0.00000000099999999999 0.23658841704827501817 0.76341158195172498235 
0.00000156199195647340 0.00832598799249493864 0.99167245001554860107 
0.00000000099999999999 0.01390964045942912237 0.98609035854057081050 
0.00000000099999999999 0.02754042341115911507 0.97245957558884099647 
0.00000000099999999999 0.00096574296791284147 0.99903425603208717565 
0.00000000099999999999 0.00000000099999999999 0.99999999799999994554 
0.00000000099999999999 0.01652111128000062143 0.98347888771999936175 
0.00000000099999999999 0.01746051784040354715 0.98253948115959655052 
0.00000000100000000000 0.03916182575528155685 0.96083817324471854082 
0.00000000099999999998 0.99999999800000005656 0.00000000099999999998 
0.00000000099999999999 0.99973413022449386656 0.00026586877550626364 
0.99999999799999994554 0.00000000099999999992 0.00000000099999999992 
0.00000000099999999998 0.99999999799999994554 0.00000000099999999998 
0.00000000099999999999 0.99999999799999994554 0.00000000099999999999 
0.00000000099999999999 0.02866643778131276049 0.97133356121868730249 
0.99999999800000005656 0.00000000099999999986 0.00000000099999999986 
0.00000027733224115772 0.00000002210721354193 0.99999970056054521272 
0.00000000099999999999 0.02170577256648610273 0.97829422643351382494 
0.00867310771184736165 0.00383894118401579285 0.98748795110413689624 
0.00000000100000000000 0.02991211681085297058 0.97008788218914709933 
0.00000000100000000000 0.00621096031330311930 0.99378903868669699051 
0.00000000100000000000 0.04017187801366218364 0.95982812098633785158 
0.00000000100000000000 0.00336434609296522389 0.99663565290703470811 
0.00000000100000000000 0.01957120051644594197 0.98042879848355402039 
0.01918504643776338184 0.02159555149291328760 0.95921940206932332362 
0.00000000168174909341 0.00981494427298471202 0.99018505404526613312 
0.00000000099999999999 0.00013287224440635206 0.99986712675559363817 
0.01574928156209424654 0.03074802736296843378 0.95350269107493734744 
0.00000000099999999999 0.00000015390341880302 0.99999984509658113030 
0.00000000100000000000 0.01491295547863093901 0.98508704352136911009 
0.00000000099999999999 0.00100997593113056889 0.99899002306886941494 
0.00000000099999999999 0.03560344592267637026 0.96439655307732363720 
0.00000000100000000000 0.01938910380064201924 0.98061089519935806802 
0.00000000100000000000 0.04301762038955698336 0.95698237861044288532 
0.00000000100000000000 0.00581679791641668414 0.99418320108358326781 
0.00000000099999999999 0.02910326147863097693 0.97089673752136906870 
0.07531438539468258975 0.03037395233503525221 0.89431166227028224824 
0.00000000099999999999 0.00645100554850902563 0.99354899345149105816 
0.00000000099999999999 0.02102189331801814984 0.97897810568198184722 
0.00000000099999999999 0.03018340320061615317 0.96981659579938384041 
0.00000000133793061849 0.00295810982523611642 0.99704188883683320110 
0.00000000099999999999 0.01581570636917857195 0.98418429263082130021 
0.00417011304215248856 0.00922852208585164466 0.98660136487199578958 
0.00000000099999999999 0.02324823381313509060 0.97675176518686490645 
0.00000000099999999999 0.00000004488411909650 0.99999995411588082916 
0.00000000099999999999 0.03654267985086469966 0.96345731914913534943 
0.00000000099999999997 0.99999999799999994554 0.00000000099999999997 
0.00000000099999999999 0.99999999751743684495 0.00000000148256327104 
0.99999999799999994554 0.00000000099999999991 0.00000000099999999991 
0.81584308467023958222 0.16339325920681574411 0.02076365612294467713 
0.01398454209942124812 0.92282245511777405422 0.06319300278280466643 
0.00000000099999999999 0.01620364275273886157 0.98379635624726102794 
0.00000000100000000000 0.03209221166954587257 0.96790778733045412796 
0.00000000099999999999 0.99999999799999994554 0.00000000099999999999 
0.00000000099999999999 0.02185857090865495761 0.97814142809134496659 
0.00000000099999999999 0.00797403633434164323 0.99202596266565834515 
0.00000000099999999999 0.00000000099999999999 0.99999999800000005656 
0.99999999799999994554 0.00000000099999999987 0.00000000099999999987 
0.99999999800000005656 0.00000000099999999987 0.00000000099999999987 
0.99999999800000005656 0.00000000099999999986 0.00000000099999999986 
0.99999999800000005656 0.00000000099999999986 0.00000000099999999986 
0.99999999800000005656 0.00000000099999999988 0.00000000099999999988 
0.00000000099999999999 0.99999999800000005656 0.00000000099999999999 
0.00004832879919154794 0.00650321219981391495 0.99344845900099454372 
0.99999999800000005656 0.00000000099999999987 0.00000000099999999987 
0.99999999799999994554 0.00000000099999999988 0.00000000099999999988 
0.81930734043592923221 0.18065838112452461961 0.00003427843954611001 
0.81110062131279470066 0.16243940876899137793 0.02645996991821402897 
0.00000000100000000000 0.00000032996719748445 0.99999966903280246289 
0.99999999799999994554 0.00000000099999999988 0.00000000099999999988 
0.00000000100000000000 0.01823319561590031404 0.98176680338409971771 
0.00000000099999999999 0.00000000266104850931 0.99999999633895142459 
0.00000000099999999999 0.96300187474652820807 0.03699812425347183409 
0.00000000099999999999 0.01465294880363193948 0.98534705019636803502 
0.00000000099999999997 0.99999999799999994554 0.00000000099999999997 
0.00000000099999999999 0.02789672300030686738 0.97210327599969315049 
0.00000000099999999997 0.99999999800000005656 0.00000000099999999997 
0.00220790075289615346 0.01939147562987657628 0.97840062361722723860 
0.00243552054207369891 0.00030269725907515195 0.99726178219885119880 
0.99999999800000005656 0.00000000099999999988 0.00000000099999999988 
0.00000000099999999998 0.99999999799999994554 0.00000000099999999998 
0.99999999799999994554 0.00000000099999999986 0.00000000099999999986 
0.99999999800000005656 0.00000000099999999988 0.00000000099999999988 
0.00000000099999999999 0.01292594092964736638 0.98707405807035275558 
0.00000000099999999999 0.03001364203477023193 0.96998635696522983451 
0.00000000099999999999 0.00969230688816754941 0.99030769211183244938 
0.00000000099999999999 0.00907780447347617848 0.99092219452652385847 
0.00000000100000000000 0.01431411317156987446 0.98568588582843019719 
0.00000000099999999999 0.02434239122742640551 0.97565760777257348746 
0.00000000099999999999 0.00000000099999999999 0.99999999799999994554 
0.00000000099999999998 0.99655485860661929820 0.00344514039338064638 
0.00000000099999999999 0.00000000099999999999 0.99999999800000005656 
0.99999999800000005656 0.00000000099999999987 0.00000000099999999987 
0.00000000100000000000 0.00147089619482639955 0.99852910280517359620 
0.99999999799999994554 0.00000000099999999996 0.00000000099999999996 
0.99999999800000005656 0.00000000099999999989 0.00000000099999999989 
0.00000000099999999999 0.02666416148594559499 0.97333583751405450268 
0.00000000100000000000 0.00000007890676703158 0.99999992009323301900 
0.00000000100000000000 0.02248801677205502017 0.97751198222794488668 
0.99999999800000005656 0.00000000099999999990 0.00000000099999999990 
0.00000000099999999997 0.99999999800000005656 0.00000000099999999997 
0.00000000099999999997 0.99999999800000005656 0.00000000099999999997 
0.99999999800000005656 0.00000000099999999989 0.00000000099999999989 
0.00000000100000000000 0.01154682583660811800 0.98845317316339187386 
0.00000000105006425983 0.04723758292777682083 0.95276241602215894222 
0.99999999799999994554 0.00000000099999999989 0.00000000099999999989 
0.00000000099999999999 0.01212796893868928368 0.98787203006131074634 
0.00000000099999999997 0.99999999799999994554 0.00000000099999999997 
0.18741737618748541272 0.26088361923016550881 0.55169900458234899521 
0.00037133083734343017 0.03113490688041698970 0.96849376228223960084 
0.00000000100000000000 0.04162580270472798077 0.95837419629527209608 
0.00000000100000000000 0.00468096321481325378 0.99531903578518676756 
0.00000000099999999999 0.00033126758480817736 0.99966873141519185797 
0.00000000099999999999 0.00000000099999999999 0.99999999799999994554 
0.00000000099999999999 0.01103398541620542565 0.98896601358379465641 
0.00000000100000000000 0.01409515423638571692 0.98590484476361428534 
0.01100651272255758796 0.02709136594687640634 0.96190212133056607335 
0.00000000099999999998 0.99999999800000005656 0.00000000099999999998 
0.00000000099999999999 0.02536047771093990003 0.97463952128906006234 
0.00000000100000000000 0.00000006991383171028 0.99999992908616819332 
0.00000000100000000000 0.05030332134226552648 0.94969667765773435608 
0.00000000099999999999 0.01856768858668279495 0.98143231041331713271 
0.00189849683600492821 0.03905850945358597948 0.95904299371040901967 
0.00000000099999999999 0.00000024791362754229 0.99999975108637240151 
0.00000000100000000000 0.02114379228040910719 0.97885620671959083783 
0.00000000099999999999 0.99733616948726200313 0.00266382951273792974 
0.00000000100000000000 0.02847660738905571920 0.97152339161094436459 
0.00000000100000000000 0.01043954033847446609 0.98956045866152542168 
0.01061709289202131257 0.01266811645226347330 0.97671479065571520373 
0.00000000099999999999 0.99999999763238789363 0.00000000136761214986 
0.01969909922080415043 0.02997282144793124783 0.95032807933126461908 
0.00000000130336596883 0.01414922500214844947 0.98585077369448559370 
0.00000000099999999999 0.48588755682676998404 0.51411244217323004424 
0.00000000099999999999 0.02844635308699819745 0.97155364591300186206 
0.99999999799999994554 0.00000000099999999990 0.00000000099999999990 
0.00000000714720443916 0.02905138576963975025 0.97094860708315577913 
0.00000000100000000000 0.02986121060969387786 0.97013878839030620593 
