0.00000000099999999999 0.08454530794138241656 0.00000000099999999999 0.45141257734326051265 0.00000000099999999999 0.23027484933141917356 0.20157343727987353521 0.01431281056895891517 0.00000000099999999999 0.01788101353510552008 
0.00000000099999999992 0.00000000099999999992 0.00000000099999999992 0.00000000099999999992 0.99999999100000014352 0.00000000099999999992 0.00000000099999999992 0.00000000099999999992 0.00000000099999999992 0.00000000099999999992 
0.00000000099999999990 0.00000000099999999990 0.00000000099999999990 0.00000000099999999990 0.96202531388918310906 0.00000000099999999990 0.00000000099999999990 0.03797467811081700617 0.00000000099999999990 0.00000000099999999990 
0.00000000099999999998 0.21916296720279351828 0.03049269559622829959 0.30773210721988275562 0.03018940766697669406 0.32483936394108059442 0.08758345437303804992 0.00000000099999999998 0.00000000099999999998 0.00000000099999999998 
0.00000000099999999999 0.22656114645773112182 0.14872981344217997557 0.33998673318634076157 0.00000000099999999999 0.00000002103897392907 0.26802505089553191331 0.01628870453574512295 0.00000000099999999999 0.00040852744349739793 
0.00000000099999999998 0.02684103073643533816 0.03858293368562051850 0.29091051279356661130 0.01652787020234973425 0.30320554880968741962 0.32059404428449128632 0.00060502785033072636 0.00000000099999999998 0.00273302963751833813 
0.00000000099999999989 0.00000000099999999989 0.00000000099999999989 0.00000000099999999989 0.93623664651310123386 0.00000000099999999989 0.00000000099999999989 0.06376334548689892301 0.00000000099999999989 0.00000000099999999989 
0.00000000099999999989 0.00000000099999999989 0.00000000099999999989 0.00000000099999999989 0.99999999100000014352 0.00000000099999999989 0.00000000099999999989 0.00000000099999999989 0.00000000099999999989 0.00000000099999999989 
0.00000000099999999986 0.99999999100000025454 0.00000000099999999986 0.00000000099999999986 0.00000000099999999986 0.00000000099999999986 0.00000000099999999986 0.00000000099999999986 0.00000000099999999986 0.00000000099999999986 
0.00000000099999999993 0.00000000099999999993 0.00000000099999999993 0.00000000099999999993 0.99999999100000003249 0.00000000099999999993 0.00000000099999999993 0.00000000099999999993 0.00000000099999999993 0.00000000099999999993 
0.00000000099999999998 0.00000000099999999998 0.00069218304300899672 0.58919565023788522673 0.00000000099999999998 0.41011215971910602862 0.00000000099999999998 0.00000000099999999998 0.00000000099999999998 0.00000000099999999998 
0.00000000099999999996 0.00000000099999999996 0.15478730651431538146 0.84447776947732799968 0.00073491700835679277 0.00000000099999999996 0.00000000099999999996 0.00000000099999999996 0.00000000099999999996 0.00000000099999999996 
0.00000000099999999998 0.00000000099999999998 0.04214577244045860510 0.27204501682590448430 0.00000000099999999998 0.34342609950882568848 0.32626803579347984918 0.01611507043133146924 0.00000000099999999998 0.00000000099999999998 
0.00000000099999999999 0.10141086418301796523 0.06004191533198661307 0.52892447978602785685 0.00000000099999999999 0.27256903276066668518 0.00000000217928752567 0.02791759090616021885 0.00000000099999999999 0.00913611185285316367 
0.00000000099999999994 0.00000000099999999994 0.00000000099999999994 0.99999999100000003249 0.00000000099999999994 0.00000000099999999994 0.00000000099999999994 0.00000000099999999994 0.00000000099999999994 0.00000000099999999994 
0.00000000099999999998 0.17911601707420926610 0.10886023317078688533 0.36088155844259933724 0.04250307226285343631 0.06005100229803355533 0.18745607741082684350 0.03897104689375675141 0.00000000099999999998 0.02216099044693406461 
0.00000000099999999996 0.52695597326777832148 0.00000000099999999996 0.47304401873222190478 0.00000000099999999996 0.00000000099999999996 0.00000000099999999996 0.00000000099999999996 0.00000000099999999996 0.00000000099999999996 
0.00000000099999999998 0.39073190585799777441 0.04343355518672407239 0.15113506876907739640 0.00000000099999999998 0.21050013491701313750 0.18147656269089582071 0.02272276857829180069 0.00000000099999999998 0.00000000099999999998 
0.00000000099999999999 0.12389156341051910104 0.00000000099999999999 0.39771717579232734874 0.00000000099999999999 0.08263331786029802506 0.36206642263899185830 0.03366959015236153235 0.00002192614550223565 0.00000000099999999999 
0.00000000099999999995 0.54022021370250028482 0.00000000099999999995 0.00000000099999999995 0.00000000099999999995 0.00000000099999999995 0.45977977829749988592 0.00000000099999999995 0.00000000099999999995 0.00000000099999999995 
0.00000000099999999995 0.00000000099999999995 0.00000000099999999995 0.99999999100000014352 0.00000000099999999995 0.00000000099999999995 0.00000000099999999995 0.00000000099999999995 0.00000000099999999995 0.00000000099999999995 
0.00000000099999999995 0.02113958825268998087 0.00000000099999999995 0.00000000099999999995 0.97884084528109627232 0.00000000099999999995 0.00000000099999999995 0.00001955946621378575 0.00000000099999999995 0.00000000099999999995 
0.00000000099999999993 0.29004847817959505951 0.00000000099999999993 0.00000000099999999993 0.00000000099999999993 0.70995151382040500021 0.00000000099999999993 0.00000000099999999993 0.00000000099999999993 0.00000000099999999993 
0.00000000099999999952 0.00000000099999999952 0.99999999100000003249 0.00000000099999999952 0.00000000099999999952 0.00000000099999999952 0.00000000099999999952 0.00000000099999999952 0.00000000099999999952 0.00000000099999999952 
0.00000000099999999996 0.22052798850119295637 0.00000000099999999996 0.26833228328761893344 0.02063996321020155830 0.27602246492362003671 0.18557722067886489592 0.02890007539850148952 0.00000000099999999996 0.00000000099999999996 
0.00000000099999999997 0.14026460362882389732 0.15238231014519959539 0.46903638803180047745 0.00000000099999999997 0.22480734193687335054 0.00185809274458039191 0.01165125951272228018 0.00000000099999999997 0.00000000099999999997 
0.00000000099999999962 0.00000000099999999962 0.00000000099999999962 0.00000000099999999962 0.00000000099999999962 0.00000000099999999962 0.00000000099999999962 0.00000000099999999962 0.00000000099999999962 0.99999999099999992147 
0.00000000099999999957 0.00000000099999999957 0.00000000099999999957 0.00000000099999999957 0.00000000099999999957 0.00000000099999999957 0.00000000099999999957 0.00000000099999999957 0.00000000099999999957 0.99999999099999992147 
0.00000000099999999988 0.00000000099999999988 0.00000000099999999988 0.00000000099999999988 0.00000000099999999988 0.99999999100000014352 0.00000000099999999988 0.00000000099999999988 0.00000000099999999988 0.00000000099999999988 
0.00000000099999999995 0.00000000099999999995 0.00000000162101914168 0.54762526174341297214 0.00000000099999999995 0.45237472963556801808 0.00000000099999999995 0.00000000099999999995 0.00000000099999999995 0.00000000099999999995 
0.00000000099999999995 0.00000000099999999995 0.03950571623655840803 0.41345575091624781061 0.00000000099999999995 0.24445861237629606943 0.24082975404744016990 0.06175016142345757936 0.00000000099999999995 0.00000000099999999995 
0.00000000099999999984 0.00000000099999999984 0.17267493729679814218 0.00000000099999999984 0.82732505470320194529 0.00000000099999999984 0.00000000099999999984 0.00000000099999999984 0.00000000099999999984 0.00000000099999999984 
0.00000000099999999972 0.00000000099999999972 0.62661492388282891142 0.00000000099999999972 0.00000000099999999972 0.00000000099999999972 0.00000000099999999972 0.00000000099999999972 0.00000000099999999972 0.37338506811717131484 
0.00000000099999999992 0.00000000099999999992 0.00000000099999999992 0.99999999100000014352 0.00000000099999999992 0.00000000099999999992 0.00000000099999999992 0.00000000099999999992 0.00000000099999999992 0.00000000099999999992 
0.99999999100000025454 0.00000000099999999943 0.00000000099999999943 0.00000000099999999943 0.00000000099999999943 0.00000000099999999943 0.00000000099999999943 0.00000000099999999943 0.00000000099999999943 0.00000000099999999943 
0.99999999100000025454 0.00000000099999999936 0.00000000099999999936 0.00000000099999999936 0.00000000099999999936 0.00000000099999999936 0.00000000099999999936 0.00000000099999999936 0.00000000099999999936 0.00000000099999999936 
0.00000000099999999943 0.00000000099999999943 0.00000000099999999943 0.00000000099999999943 0.00000000099999999943 0.00000000099999999943 0.00000000099999999943 0.00000000099999999943 0.99999999100000003249 0.00000000099999999943 
0.00000000099999999963 0.00000000099999999963 0.00000000099999999963 0.00000000099999999963 0.00000000099999999963 0.00000000099999999963 0.00000000099999999963 0.00000000099999999963 0.00000000099999999963 0.99999999100000003249 
0.00000000099999999958 0.00000000099999999958 0.00000000099999999958 0.00000000099999999958 0.00000000099999999958 0.00000000099999999958 0.00000000099999999958 0.00000000099999999958 0.00000000099999999958 0.99999999099999992147 
0.00000000099999999996 0.10829692854446203165 0.06136211517322518599 0.27573155009287797501 0.00000000099999999996 0.11107613883555866874 0.41377936255105302044 0.02975390080282300231 0.00000000099999999996 0.00000000099999999996 
0.00000000099999999994 0.00000000099999999994 0.00000000099999999994 0.00000000099999999994 0.99999999100000014352 0.00000000099999999994 0.00000000099999999994 0.00000000099999999994 0.00000000099999999994 0.00000000099999999994 
0.00000000099999999961 0.00000000099999999961 0.00000000099999999961 0.00000000099999999961 0.00000000099999999961 0.00000000099999999961 0.00000000099999999961 0.00000000099999999961 0.00000000099999999961 0.99999999099999992147 
0.00000000099999999988 0.99999999100000014352 0.00000000099999999988 0.00000000099999999988 0.00000000099999999988 0.00000000099999999988 0.00000000099999999988 0.00000000099999999988 0.00000000099999999988 0.00000000099999999988 
0.00000000099999999991 0.00000000099999999991 0.00000000099999999991 0.00000000099999999991 0.99999999100000003249 0.00000000099999999991 0.00000000099999999991 0.00000000099999999991 0.00000000099999999991 0.00000000099999999991 
0.00000000099999999965 0.00000000099999999965 0.00000000099999999965 0.00000000099999999965 0.00000000099999999965 0.00000000099999999965 0.00000000099999999965 0.00000000099999999965 0.00000000099999999965 0.99999999100000003249 
0.00000000099999999997 0.18388767580285764192 0.03052884602865608282 0.47344258860393906296 0.00956374870381610648 0.19279227949674701548 0.10451491556901279512 0.00000000099999999997 0.00000000099999999997 0.00526994279497146941 
0.00000000099999999960 0.00000000099999999960 0.00000000099999999960 0.00000000099999999960 0.00000000099999999960 0.00000000099999999960 0.00000000099999999960 0.00000000099999999960 0.00000000099999999960 0.99999999099999992147 
0.00000000099999999991 0.00000000099999999991 0.00000000099999999991 0.00000000099999999991 0.97036075705177637918 0.00000000099999999991 0.00000000099999999991 0.02963923494822381932 0.00000000099999999991 0.00000000099999999991 
0.00000000099999999988 0.00000000099999999988 0.00000000099999999988 0.00000000099999999988 0.99999999100000014352 0.00000000099999999988 0.00000000099999999988 0.00000000099999999988 0.00000000099999999988 0.00000000099999999988 
0.00000000099999999955 0.00000000099999999955 0.00000000099999999955 0.00000000099999999955 0.00000000099999999955 0.00000000099999999955 0.00000000099999999955 0.00000000099999999955 0.00000000099999999955 0.99999999099999992147 
0.00000000099999999959 0.00000000099999999959 0.00000000099999999959 0.00000000099999999959 0.00000000099999999959 0.00000000099999999959 0.00000000099999999959 0.00000000099999999959 0.00000000099999999959 0.99999999099999992147 
0.00000000099999999994 0.00000000099999999994 0.00000000099999999994 0.00000000099999999994 0.99999999100000003249 0.00000000099999999994 0.00000000099999999994 0.00000000099999999994 0.00000000099999999994 0.00000000099999999994 
0.00000000099999999993 0.00000000099999999993 0.00000000099999999993 0.00000000099999999993 0.99999999100000014352 0.00000000099999999993 0.00000000099999999993 0.00000000099999999993 0.00000000099999999993 0.00000000099999999993 
0.00000000099999999995 0.00000000099999999995 0.00000000099999999995 0.00000000099999999995 0.99999999100000003249 0.00000000099999999995 0.00000000099999999995 0.00000000099999999995 0.00000000099999999995 0.00000000099999999995 
0.00000000099999999966 0.00000000099999999966 0.00000000099999999966 0.00000000099999999966 0.00000000099999999966 0.00000000099999999966 0.00000000099999999966 0.00000000099999999966 0.00000000099999999966 0.99999999100000003249 
0.00000000099999999997 0.00000000099999999997 0.00000000099999999997 0.00000000099999999997 0.01664491476475647366 0.57848183235347983011 0.40337091793563173425 0.00000000099999999997 0.00000000099999999997 0.00150232894613200178 
0.00000000099999999997 0.13294367216447766644 0.00000000099999999997 0.00000000099999999997 0.00000000099999999997 0.38083952788385666555 0.46996984899648241996 0.00000000099999999997 0.00000000099999999997 0.01624694495518341081 
0.00000000099999999992 0.00000000099999999992 0.00000000099999999992 0.99999999100000014352 0.00000000099999999992 0.00000000099999999992 0.00000000099999999992 0.00000000099999999992 0.00000000099999999992 0.00000000099999999992 
0.00000000099999999987 0.00000000099999999987 0.00000000099999999987 0.00000000099999999987 0.00000000099999999987 0.99999999100000014352 0.00000000099999999987 0.00000000099999999987 0.00000000099999999987 0.00000000099999999987 
0.00000000099999999991 0.00000000099999999991 0.00000000099999999991 0.00000000099999999991 0.99999999100000003249 0.00000000099999999991 0.00000000099999999991 0.00000000099999999991 0.00000000099999999991 0.00000000099999999991 
0.00000000613413438785 0.00000000099999999999 0.06432655857310370928 0.34361164551444622894 0.00000000099999999999 0.16059202519511167617 0.42844770175488222641 0.00147287156447523581 0.00000000099999999999 0.00154918826384662202 
0.45209276138932541489 0.00000000099999999954 0.00000000099999999954 0.00000000099999999954 0.00000000099999999954 0.00000000099999999954 0.00000000099999999954 0.00000000099999999954 0.54790723061067436728 0.00000000099999999954 
0.00000000099999999982 0.99999999100000014352 0.00000000099999999982 0.00000000099999999982 0.00000000099999999982 0.00000000099999999982 0.00000000099999999982 0.00000000099999999982 0.00000000099999999982 0.00000000099999999982 
0.00000000099999999952 0.00000000099999999952 0.00000000099999999952 0.00000000099999999952 0.00000000099999999952 0.00000000099999999952 0.00000000099999999952 0.00000000099999999952 0.99999999099999992147 0.00000000099999999952 
0.00000000099999999998 0.19907422267658361759 0.15366640959813526734 0.32121955741778668303 0.01054600237596436778 0.00000055873589452729 0.28691845854828645912 0.02857478764734911955 0.00000000099999999998 0.00000000099999999998 
0.00000000099999999951 0.00000000099999999951 0.00000000099999999951 0.00000000099999999951 0.00000000099999999951 0.00000000099999999951 0.00000000099999999951 0.00000000099999999951 0.99999999100000003249 0.00000000099999999951 
0.00000000099999999995 0.00000000099999999995 0.00000000099999999995 0.44437792854491253713 0.00000000099999999995 0.00000000099999999995 0.46516173317878745097 0.09046033127629998782 0.00000000099999999995 0.00000000099999999995 
0.00000000099999999995 0.00000000099999999995 0.13458273313617508116 0.86541725886382492305 0.00000000099999999995 0.00000000099999999995 0.00000000099999999995 0.00000000099999999995 0.00000000099999999995 0.00000000099999999995 
0.00000000099999999990 0.00000000099999999990 0.00000000099999999990 0.00000000099999999990 0.99999999100000014352 0.00000000099999999990 0.00000000099999999990 0.00000000099999999990 0.00000000099999999990 0.00000000099999999990 
0.00000000099999999995 0.42034494306404024400 0.00000000099999999995 0.57965504893595987124 0.00000000099999999995 0.00000000099999999995 0.00000000099999999995 0.00000000099999999995 0.00000000099999999995 0.00000000099999999995 
0.99999999100000025454 0.00000000099999999943 0.00000000099999999943 0.00000000099999999943 0.00000000099999999943 0.00000000099999999943 0.00000000099999999943 0.00000000099999999943 0.00000000099999999943 0.00000000099999999943 
0.00000000099999999952 0.00000000099999999952 0.00000000099999999952 0.00000000099999999952 0.00000000099999999952 0.00000000099999999952 0.00000000099999999952 0.00000000099999999952 0.99999999099999992147 0.00000000099999999952 
0.00000000099999999998 0.20080421705207732175 0.00000000099999999998 0.38422000353073104684 0.08397213467978484336 0.11381984061875283221 0.21002589752791370192 0.00000000099999999998 0.00000000099999999998 0.00715790259074015542 
0.00000000099999999990 0.00000000099999999990 0.00000000099999999990 0.00000000099999999990 0.99999999100000003249 0.00000000099999999990 0.00000000099999999990 0.00000000099999999990 0.00000000099999999990 0.00000000099999999990 
0.00000000099999999967 0.00000000099999999967 0.00000000099999999967 0.00000000099999999967 0.00000000099999999967 0.00000000099999999967 0.00000000099999999967 0.00000000099999999967 0.00000000099999999967 0.99999999100000003249 
0.00000000099999999992 0.00000000099999999992 0.00000000099999999992 0.00000000099999999992 0.99999999100000014352 0.00000000099999999992 0.00000000099999999992 0.00000000099999999992 0.00000000099999999992 0.00000000099999999992 
0.00000000099999999998 0.19957752610217338596 0.05709176946681264464 0.32275458497826448045 0.01416222057744887658 0.00000000099999999998 0.35214473210999197583 0.05426916276530883293 0.00000000099999999998 0.00000000099999999998 
0.00000000099999999948 0.00000000099999999948 0.00000000099999999948 0.00000000099999999948 0.00000000099999999948 0.00000000099999999948 0.00000000099999999948 0.00000000099999999948 0.99999999099999992147 0.00000000099999999948 
0.00000000099999999952 0.00000000099999999952 0.00000000099999999952 0.00000000099999999952 0.00000000099999999952 0.00000000099999999952 0.00000000099999999952 0.00000000099999999952 0.00000000099999999952 0.99999999100000003249 
0.99999999100000014352 0.00000000099999999947 0.00000000099999999947 0.00000000099999999947 0.00000000099999999947 0.00000000099999999947 0.00000000099999999947 0.00000000099999999947 0.00000000099999999947 0.00000000099999999947 
0.00000000099999999990 0.00000000099999999990 0.00000000099999999990 0.00000000099999999990 0.00000000099999999990 0.00000000099999999990 0.99999999099999992147 0.00000000099999999990 0.00000000099999999990 0.00000000099999999990 
0.00000000099999999988 0.00000000099999999988 0.00000000099999999988 0.00000000099999999988 0.99999999100000003249 0.00000000099999999988 0.00000000099999999988 0.00000000099999999988 0.00000000099999999988 0.00000000099999999988 
0.00000000099999999990 0.00000000099999999990 0.00000000099999999990 0.00000000099999999990 0.96335840608035383514 0.00000000099999999990 0.00000000099999999990 0.03664158591964616907 0.00000000099999999990 0.00000000099999999990 
0.00000000099999999996 0.30261807795345507799 0.12642882073265154785 0.35349364430083524136 0.21745945101305819147 0.00000000099999999996 0.00000000099999999996 0.00000000099999999996 0.00000000099999999996 0.00000000099999999996 
0.00000000099999999999 0.10169855645619760298 0.00004047574697923386 0.29155054278294739722 0.00000035999902478834 0.27204051421534652944 0.31087090850129112107 0.00000000099999999999 0.00000000099999999999 0.02379863929821334281 
0.00000000099999999995 0.00000000099999999995 0.00000000099999999995 0.55204790387015190145 0.00000000099999999995 0.44795208812984832480 0.00000000099999999995 0.00000000099999999995 0.00000000099999999995 0.00000000099999999995 
0.00000000099999999996 0.00000000099999999996 0.00000000099999999996 0.63165339418704358199 0.00216854081956111651 0.34867502169993619399 0.00000000099999999996 0.01750303729345909290 0.00000000099999999996 0.00000000099999999996 
0.00000000099999999998 0.27370239726374356870 0.03227281423700300439 0.20675999726238852849 0.00000000099999999998 0.11879328711042486111 0.36847149912644006076 0.00000000099999999998 0.00000000099999999998 0.00000000099999999998 
0.00000000099999999995 0.16038764748819445138 0.00000000099999999995 0.38482432621532164374 0.00000000099999999995 0.29809468268278360714 0.15669333761370038416 0.00000000099999999995 0.00000000099999999995 0.00000000099999999995 
0.00000000099999999996 0.18848278424461503699 0.05208077056316131465 0.27562180257745533263 0.00312238508161284288 0.08163686106902040551 0.39905539246413496146 0.00000000099999999996 0.00000000099999999996 0.00000000099999999996 
0.00000000099999999996 0.27758659225555787353 0.00000000099999999996 0.00000000099999999996 0.00000000099999999996 0.40466892240334767505 0.31774447834109437183 0.00000000099999999996 0.00000000099999999996 0.00000000099999999996 
0.00000000099999999997 0.00000000099999999997 0.00002427581350958161 0.50677572122448710790 0.02621148832756957023 0.32454445697727890563 0.14244405265715495701 0.00000000099999999997 0.00000000099999999997 0.00000000099999999997 
0.00000000099999999992 0.00000000099999999992 0.00000000099999999992 0.00000000099999999992 0.99999999100000003249 0.00000000099999999992 0.00000000099999999992 0.00000000099999999992 0.00000000099999999992 0.00000000099999999992 
0.00000000099999999995 0.00000000099999999995 0.00000000099999999995 0.00000000099999999995 0.96306868645040932808 0.00000000099999999995 0.03693130554959082185 0.00000000099999999995 0.00000000099999999995 0.00000000099999999995 
0.00000000099999999968 0.00000000099999999968 0.00000000099999999968 0.00000000099999999968 0.00000000099999999968 0.00000000099999999968 0.00000000099999999968 0.00000000099999999968 0.99999999099999992147 0.00000000099999999968 
0.00000000099999999995 0.00000000099999999995 0.00000000099999999995 0.00000000099999999995 0.99999999100000003249 0.00000000099999999995 0.00000000099999999995 0.00000000099999999995 0.00000000099999999995 0.00000000099999999995 
0.00000000099999999995 0.00000000099999999995 0.00000000099999999995 0.00000000099999999995 0.96647677262687692323 0.00000000099999999995 0.03352321937312321976 0.00000000099999999995 0.00000000099999999995 0.00000000099999999995 
0.00000000099999999998 0.21610633017599242822 0.00000000099999999998 0.48078926562415397195 0.01716981399941877942 0.06102922590183482848 0.21352684294387386243 0.00966734707671152750 0.00000000099999999998 0.00171117127801463393 
0.46528313540129362380 0.00000000099999999946 0.00000000099999999946 0.00000000099999999946 0.00000000099999999946 0.00000000099999999946 0.00000000099999999946 0.00000000099999999946 0.53471685659870626939 0.00000000099999999946 
0.00000000099999999998 0.00000001216633394835 0.00000000099999999998 0.28193541995330678729 0.00000000099999999998 0.25426610752616357614 0.45441985535940287999 0.00719326682476619655 0.00000000099999999998 0.00218533417002647005 
0.00000000099999999998 0.27019276569640288121 0.00000000099999999998 0.22852907000731581544 0.00713668419435901924 0.00000000099999999998 0.48279472373837656329 0.01080841347053652056 0.00000000099999999998 0.00053833889300915433 
0.00000000099999999994 0.00000000099999999994 0.00000000099999999994 0.99999999100000003249 0.00000000099999999994 0.00000000099999999994 0.00000000099999999994 0.00000000099999999994 0.00000000099999999994 0.00000000099999999994 
0.00000000099999999995 0.00000000099999999995 0.00000000099999999995 0.99999999100000014352 0.00000000099999999995 0.00000000099999999995 0.00000000099999999995 0.00000000099999999995 0.00000000099999999995 0.00000000099999999995 
0.00000000099999999987 0.00000000099999999987 0.00000000099999999987 0.00000000099999999987 0.00000000099999999987 0.00000000099999999987 0.99999999099999992147 0.00000000099999999987 0.00000000099999999987 0.00000000099999999987 
0.00000000099999999987 0.00000000099999999987 0.00000000099999999987 0.00000000099999999987 0.00000000099999999987 0.99999999100000003249 0.00000000099999999987 0.00000000099999999987 0.00000000099999999987 0.00000000099999999987 
0.00000000099999999999 0.21965353974601178888 0.03425139571045912601 0.44692964299404702722 0.00000000099999999999 0.11324001220531734746 0.18592540151829164974 0.00000000099999999999 0.00000000099999999999 0.00000000382587298384 
0.00000000099999999996 0.41535369037681335591 0.06134535241423611646 0.00000000099999999996 0.00000000099999999996 0.52330095020895051050 0.00000000099999999996 0.00000000099999999996 0.00000000099999999996 0.00000000099999999996 
0.00003472608507455481 0.21854131849238708774 0.04142214959933797347 0.48634006452616274085 0.00961972837595933238 0.00000000100000000000 0.21507017376055168056 0.00000000100000000000 0.00000000100000000000 0.02897183616052681487 
0.00000000099999999995 0.00000000099999999995 0.00000000099999999995 0.00000000099999999995 0.00000000099999999995 0.39185384343571078025 0.60814614856428927947 0.00000000099999999995 0.00000000099999999995 0.00000000099999999995 
0.00000000099999999987 0.00000000099999999987 0.00000000099999999987 0.00000000099999999987 0.00000000099999999987 0.00000000099999999987 0.99999999099999992147 0.00000000099999999987 0.00000000099999999987 0.00000000099999999987 
0.00000000099999999999 0.00091749269437795108 0.10494963726928607795 0.17283211884610680253 0.00088302312823383743 0.28882806300803692823 0.38336822133504738774 0.02776083347297689241 0.00000000099999999999 0.02046060824593431277 
0.00000000099999999986 0.99999999100000014352 0.00000000099999999986 0.00000000099999999986 0.00000000099999999986 0.00000000099999999986 0.00000000099999999986 0.00000000099999999986 0.00000000099999999986 0.00000000099999999986 
0.00000000099999999997 0.00000000099999999997 0.00000000099999999997 0.73500930718521351181 0.00107283913115827404 0.00000000099999999997 0.26391784668362833211 0.00000000099999999997 0.00000000099999999997 0.00000000099999999997 
0.00000000099999999991 0.00000000099999999991 0.00000000099999999991 0.00000000099999999991 0.00000000099999999991 0.00000000099999999991 0.99999999100000003249 0.00000000099999999991 0.00000000099999999991 0.00000000099999999991 
0.00000000099999999977 0.00000000099999999977 0.99999999100000014352 0.00000000099999999977 0.00000000099999999977 0.00000000099999999977 0.00000000099999999977 0.00000000099999999977 0.00000000099999999977 0.00000000099999999977 
0.00000000099999999998 0.03334311213196162332 0.07874111837698224980 0.59947272248413108198 0.00000000099999999998 0.26674714582489916781 0.00000005011176490564 0.02169584707026084303 0.00000000099999999998 0.00000000099999999998 
0.00000000099999999998 0.11060300248943429058 0.05057135132708415887 0.42114500152161116198 0.02494335161697274969 0.39273728804489788091 0.00000000099999999998 0.00000000099999999998 0.00000000099999999998 0.00000000099999999998 
0.00000000099999999998 0.01133335954308083149 0.09589129118886972891 0.32464193412257746907 0.00000000099999999998 0.28989116347702847953 0.27824219237493802437 0.00000005529350557009 0.00000000099999999998 0.00000000099999999998 
0.00000000099999999996 0.39294150204382349845 0.00000000099999999996 0.55804567714850628057 0.02408122109921525394 0.00000000099999999996 0.00000000099999999996 0.02493159370845487999 0.00000000099999999996 0.00000000099999999996 
0.07011904723539798268 0.00000224175649044654 0.02847268962219403482 0.38353401011590565473 0.01218702218507970031 0.20280358695952077630 0.29812020752122964096 0.00000003724612197390 0.00000000100000000000 0.00476115635805984382 
0.00000000099999999995 0.52315189925002270055 0.00000000099999999995 0.46999688690470026176 0.00000000099999999995 0.00000000099999999995 0.00000000099999999995 0.00685120684527714286 0.00000000099999999995 0.00000000099999999995 
0.00000000099999999995 0.29843186616716216308 0.02050270914575411801 0.39001453688488291194 0.00490129309436504890 0.00000000099999999995 0.25770847427890819503 0.02844111642892757294 0.00000000099999999995 0.00000000099999999995 
0.00000000099999999995 0.00000000099999999995 0.04924545569033438042 0.49085192581563558134 0.00000019223154122305 0.26751199297500122265 0.16148965497468775743 0.03090077431279974682 0.00000000099999999995 0.00000000099999999995 
0.00000000099999999997 0.00000000099999999997 0.08257472257631577606 0.32824472376219709924 0.00000000099999999997 0.27075251457581139825 0.30126967017749933797 0.00659122291823523079 0.00000000099999999997 0.01056714198994104618 
0.00000000099999999988 0.00000000099999999988 0.00000000099999999988 0.00000000099999999988 0.00000000099999999988 0.99999999100000003249 0.00000000099999999988 0.00000000099999999988 0.00000000099999999988 0.00000000099999999988 
0.00000000099999999999 0.00000003132198035531 0.15814339468213123308 0.32739025574588348499 0.00000000099999999999 0.20476548531887070470 0.29292112281741800039 0.01677970611371619111 0.00000000099999999999 0.00000000099999999999 
0.00000000099999999998 0.23590112992373851730 0.07054986443715038913 0.22056196130830688085 0.00084198619483405739 0.20244168109705670822 0.24840962025502585919 0.01657572509441882988 0.00000000099999999998 0.00471802968946858237 
0.00000000099999999996 0.14781825206759616198 0.03485882102035540303 0.49119235347289375015 0.00000000099999999996 0.00000000099999999996 0.29968745092264803542 0.02644311751650656878 0.00000000099999999996 0.00000000099999999996 
0.00000000099999999990 0.00000000099999999990 0.00000000099999999990 0.99999999100000014352 0.00000000099999999990 0.00000000099999999990 0.00000000099999999990 0.00000000099999999990 0.00000000099999999990 0.00000000099999999990 
0.00000000099999999991 0.00000000099999999991 0.00000000099999999991 0.00000000099999999991 0.99999999100000003249 0.00000000099999999991 0.00000000099999999991 0.00000000099999999991 0.00000000099999999991 0.00000000099999999991 
0.00000000099999999996 0.00000000099999999996 0.00000000099999999996 0.00000000099999999996 0.97554609057848151732 0.00863301836292440852 0.00000000099999999996 0.01582088405859423744 0.00000000099999999996 0.00000000099999999996 
0.99999999100000014352 0.00000000099999999948 0.00000000099999999948 0.00000000099999999948 0.00000000099999999948 0.00000000099999999948 0.00000000099999999948 0.00000000099999999948 0.00000000099999999948 0.00000000099999999948 
0.00000000099999999954 0.00000000099999999954 0.00000000099999999954 0.00000000099999999954 0.00000000099999999954 0.00000000099999999954 0.00000000099999999954 0.00000000099999999954 0.00000000099999999954 0.99999999100000003249 
0.00000000099999999996 0.00000000099999999996 0.00000000099999999996 0.00000000099999999996 0.87412672672814151209 0.00000000099999999996 0.00000000099999999996 0.12587326527185871416 0.00000000099999999996 0.00000000099999999996 
0.00000000099999999995 0.25882365874530732786 0.17738044677751899081 0.00000001304213149896 0.00000000099999999995 0.00000000099999999995 0.56379587543504205982 0.00000000099999999995 0.00000000099999999995 0.00000000099999999995 
0.00000000099999999987 0.99999999100000025454 0.00000000099999999987 0.00000000099999999987 0.00000000099999999987 0.00000000099999999987 0.00000000099999999987 0.00000000099999999987 0.00000000099999999987 0.00000000099999999987 
0.00000000099999999990 0.00000000099999999990 0.00000000099999999990 0.00000000099999999990 0.91991979121027711574 0.00000000099999999990 0.00000000099999999990 0.08008020078972290234 0.00000000099999999990 0.00000000099999999990 
0.00000000099999999997 0.00000000099999999997 0.08272174133440243771 0.35920397526011627054 0.00320301816434418341 0.29669421699969167339 0.25817704324144552519 0.00000000099999999997 0.00000000099999999997 0.00000000099999999997 
0.00000000099999999996 0.00000000099999999996 0.09734258824235376972 0.48355028029767765929 0.00000000099999999996 0.00000000099999999996 0.39401974254455951474 0.01442688159470494232 0.00000000099999999996 0.01066050232070417554 
0.00000000099999999974 0.00000000099999999974 0.99999999100000014352 0.00000000099999999974 0.00000000099999999974 0.00000000099999999974 0.00000000099999999974 0.00000000099999999974 0.00000000099999999974 0.00000000099999999974 
0.00000000099999999948 0.00000000099999999948 0.00000000099999999948 0.00000000099999999948 0.00000000099999999948 0.00000000099999999948 0.00000000099999999948 0.00000000099999999948 0.99999999099999992147 0.00000000099999999948 
0.00000000099999999951 0.00000000099999999951 0.00000000099999999951 0.00000000099999999951 0.00000000099999999951 0.00000000099999999951 0.00000000099999999951 0.00000000099999999951 0.99999999100000003249 0.00000000099999999951 
0.00000000099999999942 0.00000000099999999942 0.00000000099999999942 0.00000000099999999942 0.00000000099999999942 0.00000000099999999942 0.00000000099999999942 0.00000000099999999942 0.99999999100000003249 0.00000000099999999942 
0.99999999100000014352 0.00000000099999999936 0.00000000099999999936 0.00000000099999999936 0.00000000099999999936 0.00000000099999999936 0.00000000099999999936 0.00000000099999999936 0.00000000099999999936 0.00000000099999999936 
0.00000000099999999945 0.00000000099999999945 0.00000000099999999945 0.00000000099999999945 0.00000000099999999945 0.00000000099999999945 0.00000000099999999945 0.00000000099999999945 0.99999999099999992147 0.00000000099999999945 
0.00000000099999999995 0.00000000099999999995 0.00000000099999999995 0.00000000099999999995 0.97173126503944773358 0.00000000099999999995 0.00000000099999999995 0.02826872696055236778 0.00000000099999999995 0.00000000099999999995 
0.00000000099999999994 0.00000000099999999994 0.00000000099999999994 0.99999999100000003249 0.00000000099999999994 0.00000000099999999994 0.00000000099999999994 0.00000000099999999994 0.00000000099999999994 0.00000000099999999994 
0.42801943995217728300 0.00000000099999999950 0.00000000099999999950 0.00000000099999999950 0.00000000099999999950 0.00000000099999999950 0.00000000099999999950 0.00000000099999999950 0.57198055204782249916 0.00000000099999999950 
0.00000000099999999953 0.00000000099999999953 0.00000000099999999953 0.00000000099999999953 0.00000000099999999953 0.00000000099999999953 0.00000000099999999953 0.00000000099999999953 0.99999999100000003249 0.00000000099999999953 
0.00000000099999999952 0.00000000099999999952 0.00000000099999999952 0.00000000099999999952 0.00000000099999999952 0.00000000099999999952 0.00000000099999999952 0.00000000099999999952 0.00000000099999999952 0.99999999099999992147 
0.00000000099999999953 0.00000000099999999953 0.00000000099999999953 0.00000000099999999953 0.00000000099999999953 0.00000000099999999953 0.00000000099999999953 0.00000000099999999953 0.00000000099999999953 0.99999999099999992147 
0.00000000099999999985 0.00000000099999999985 0.00000000099999999985 0.00000000099999999985 0.00000000099999999985 0.99999999100000014352 0.00000000099999999985 0.00000000099999999985 0.00000000099999999985 0.00000000099999999985 
0.00000000099999999949 0.00000000099999999949 0.00000000099999999949 0.00000000099999999949 0.00000000099999999949 0.00000000099999999949 0.00000000099999999949 0.00000000099999999949 0.99999999099999992147 0.00000000099999999949 
0.00000000099999999989 0.00000000099999999989 0.00000000099999999989 0.00000000099999999989 0.00000000099999999989 0.00000000099999999989 0.99999999099999992147 0.00000000099999999989 0.00000000099999999989 0.00000000099999999989 
0.00000000099999999997 0.39642146017668267177 0.06565746271627390107 0.40156536523267905014 0.00000000099999999997 0.00000004690640428147 0.11439301089064007888 0.02196265007731984867 0.00000000099999999997 0.00000000099999999997 
0.00000000099999999995 0.06735442945579409035 0.00000000099999999995 0.00000000099999999995 0.93264556254420594161 0.00000000099999999995 0.00000000099999999995 0.00000000099999999995 0.00000000099999999995 0.00000000099999999995 
0.00000000099999999996 0.05114988496470353890 0.07143518416371938407 0.42477031676785081959 0.00151596497033356379 0.00011890047955730614 0.42740753073168191722 0.02360221492215336739 0.00000000099999999996 0.00000000099999999996 
0.00000000099999999989 0.00000000099999999989 0.00000000099999999989 0.00000000099999999989 0.99999999100000003249 0.00000000099999999989 0.00000000099999999989 0.00000000099999999989 0.00000000099999999989 0.00000000099999999989 
0.00000000099999999996 0.00000000099999999996 0.10866968840173515942 0.41227703715280022978 0.00000000099999999996 0.22113135805325939698 0.21223919088184306503 0.04568272051036215142 0.00000000099999999996 0.00000000099999999996 
0.00000000099999999990 0.00000000099999999990 0.00000000099999999990 0.00000000099999999990 0.99999999100000003249 0.00000000099999999990 0.00000000099999999990 0.00000000099999999990 0.00000000099999999990 0.00000000099999999990 
0.00000000099999999994 0.00000000099999999994 0.00000000099999999994 0.88149570923984887916 0.00000000099999999994 0.00000000099999999994 0.00000000099999999994 0.11850428276015129159 0.00000000099999999994 0.00000000099999999994 
0.00000000099999999997 0.48371000870505553859 0.09704654000395683544 0.00000000099999999997 0.00000000099999999997 0.00000000099999999997 0.41924344429098764353 0.00000000099999999997 0.00000000099999999997 0.00000000099999999997 
0.00000000099999999952 0.00000000099999999952 0.00000000099999999952 0.00000000099999999952 0.00000000099999999952 0.00000000099999999952 0.00000000099999999952 0.00000000099999999952 0.99999999100000003249 0.00000000099999999952 
0.00000000099999999991 0.00000000099999999991 0.00000000099999999991 0.00000000099999999991 0.99999999100000003249 0.00000000099999999991 0.00000000099999999991 0.00000000099999999991 0.00000000099999999991 0.00000000099999999991 
0.00000000099999999946 0.00000000099999999946 0.00000000099999999946 0.00000000099999999946 0.00000000099999999946 0.00000000099999999946 0.00000000099999999946 0.00000000099999999946 0.99999999100000003249 0.00000000099999999946 
0.99999999100000014352 0.00000000099999999936 0.00000000099999999936 0.00000000099999999936 0.00000000099999999936 0.00000000099999999936 0.00000000099999999936 0.00000000099999999936 0.00000000099999999936 0.00000000099999999936 
0.00000000099999999997 0.00000000099999999997 0.17206351432861299866 0.62400108487049354977 0.00000000099999999997 0.20393337789232865442 0.00000000099999999997 0.00000201690856488462 0.00000000099999999997 0.00000000099999999997 
0.00000000099999999996 0.00824096954718130797 0.00000000099999999996 0.35737196945962695915 0.01391026397693784743 0.26199568446727972137 0.34123746755649708717 0.01724364099247706686 0.00000000099999999996 0.00000000099999999996 
0.00000000099999999996 0.06633774052984046932 0.00000000099999999996 0.46213547695763773637 0.00000000469032905365 0.11481995396435140666 0.35670681885784144560 0.00000000099999999996 0.00000000099999999996 0.00000000099999999996 
0.00000000099999999996 0.25493139067204906301 0.02700950101180158228 0.44864541637458554835 0.00000000099999999996 0.26600325487001807989 0.00341043207154578983 0.00000000099999999996 0.00000000099999999996 0.00000000099999999996 
0.00000000099999999997 0.38383270250039286386 0.12033663024516058626 0.45231847352751003433 0.00000000099999999997 0.00000000099999999997 0.00000000100638889691 0.04351218772054762929 0.00000000099999999997 0.00000000099999999997 
0.00000000099999999986 0.99999999100000025454 0.00000000099999999986 0.00000000099999999986 0.00000000099999999986 0.00000000099999999986 0.00000000099999999986 0.00000000099999999986 0.00000000099999999986 0.00000000099999999986 
0.00000000099999999994 0.35480369384798499111 0.00000000099999999994 0.00000000099999999994 0.00000000099999999994 0.00000000099999999994 0.64519629815201484657 0.00000000099999999994 0.00000000099999999994 0.00000000099999999994 
