0.00000000099999999995 0.00000000099999999995 0.00000000099999999995 0.41775166122495627219 0.00000000099999999995 0.00000000099999999995 0.58224832977504381581 0.00000000099999999995 0.00000000099999999995 0.00000000099999999995 0.00000000099999999995 
0.56066753701510496644 0.00000000099999999989 0.43933245398489523259 0.00000000099999999989 0.00000000099999999989 0.00000000099999999989 0.00000000099999999989 0.00000000099999999989 0.00000000099999999989 0.00000000099999999989 0.00000000099999999989 
0.46370523789676082460 0.00000000099999999989 0.53629475310323937443 0.00000000099999999989 0.00000000099999999989 0.00000000099999999989 0.00000000099999999989 0.00000000099999999989 0.00000000099999999989 0.00000000099999999989 0.00000000099999999989 
0.00000000099999999997 0.00000000099999999997 0.03637222605837208550 0.30908783006114060044 0.00000000099999999997 0.00000000099999999997 0.07917096526110024846 0.38356129183634274371 0.00000000099999999997 0.00000000099999999997 0.19180768078304427648 
0.00000000099999999997 0.00000000099999999997 0.00000000099999999997 0.25038031023092705007 0.00000000099999999997 0.00000000099999999997 0.08759379202680915577 0.31309609632455226436 0.00000000099999999997 0.06095173929461881329 0.28797805612309268497 
0.00007743460394563527 0.00000000099999999996 0.02822325161895542986 0.24139794586741614157 0.00000000099999999996 0.00000000099999999996 0.00000770039208097666 0.45937902740295250004 0.00000000099999999996 0.00000000099999999996 0.27091463511464919378 
0.57908448426269754084 0.00000000099999999990 0.42091550673730271370 0.00000000099999999990 0.00000000099999999990 0.00000000099999999990 0.00000000099999999990 0.00000000099999999990 0.00000000099999999990 0.00000000099999999990 0.00000000099999999990 
0.00000000099999999981 0.00000000099999999981 0.99999999000000017180 0.00000000099999999981 0.00000000099999999981 0.00000000099999999981 0.00000000099999999981 0.00000000099999999981 0.00000000099999999981 0.00000000099999999981 0.00000000099999999981 
0.00586204279133925588 0.01421744581256854587 0.00000000099999999997 0.20548849834470284126 0.00000000099999999997 0.00000000099999999997 0.00000000099999999997 0.28657155070884982040 0.00000000099999999997 0.02787501444388788829 0.45998544289865167523 
0.50856311117488206541 0.00000000099999999990 0.49143687982511813361 0.00000000099999999990 0.00000000099999999990 0.00000000099999999990 0.00000000099999999990 0.00000000099999999990 0.00000000099999999990 0.00000000099999999990 0.00000000099999999990 
0.00000000099999999998 0.00494058096625804924 0.01080607638765922890 0.46682813583408183655 0.00000000099999999998 0.00000000099999999998 0.07987965838606760072 0.28241876365012358319 0.00000000099999999998 0.03331803146997713849 0.12180874930583246440 
0.01871463019308868339 0.00465711941423799323 0.00000006865488981131 0.43533913330237300476 0.00000000099999999996 0.00000000099999999996 0.11954682434300666072 0.16891219873503898752 0.00000000099999999996 0.01324483860176309258 0.23958518375560172720 
0.00000000099999999999 0.00000000099999999999 0.00000000099999999999 0.27082838431801459222 0.00000000099999999999 0.00000000099999999999 0.23738805308137678196 0.28503526604754303442 0.00000000099999999999 0.02692648607676285943 0.17982180447630266573 
0.00000001245967724410 0.01329835791897895567 0.00000000099999999998 0.55939343190607160317 0.00000000099999999998 0.00000000099999999998 0.13076871720817440092 0.09306531390754271826 0.00000000099999999998 0.02139621078154502198 0.18207795181801003648 
0.00000000099999999990 0.00000000099999999990 0.00000000099999999990 0.99999999000000017180 0.00000000099999999990 0.00000000099999999990 0.00000000099999999990 0.00000000099999999990 0.00000000099999999990 0.00000000099999999990 0.00000000099999999990 
0.04669371419424121761 0.02504343142761863289 0.00000000589559952695 0.34289717464965285831 0.00000000099999999997 0.00000000099999999997 0.12154482734809918254 0.12668299270463181938 0.00000000099999999997 0.04851394867024496488 0.28862390210991178963 
0.00000000099999999996 0.00000000099999999996 0.00000000099999999996 0.48676025284065005394 0.00000000099999999996 0.00000000099999999996 0.00000000099999999996 0.51323973815934975651 0.00000000099999999996 0.00000000099999999996 0.00000000099999999996 
0.00000000099999999999 0.00000000099999999999 0.00000000099999999999 0.11745128767727100461 0.00000000099999999999 0.00000000099999999999 0.15532828924333269560 0.39997508286536703759 0.00637813577616224130 0.01719626028853760841 0.30367093914932935528 
0.00000000099999999998 0.00000013750517802483 0.00000000099999999998 0.50403551026263360146 0.00000000099999999998 0.00000000099999999998 0.00000000099999999998 0.00000000099999999998 0.00000000099999999998 0.00000031454899672223 0.49596403068319178109 
0.00000000099999999988 0.00000000099999999988 0.00000000099999999988 0.00000000099999999988 0.00000000099999999988 0.00000000099999999988 0.00000000099999999988 0.00000000099999999988 0.00000000099999999988 0.00000000099999999988 0.99999998999999994975 
0.00000000099999999996 0.00000000099999999996 0.00000000099999999996 0.37247150162658393402 0.00000000099999999996 0.00000000099999999996 0.25564468217986280330 0.00000000099999999996 0.00000000099999999996 0.00000000099999999996 0.37188380819355332241 
0.99999999000000028282 0.00000000099999999978 0.00000000099999999978 0.00000000099999999978 0.00000000099999999978 0.00000000099999999978 0.00000000099999999978 0.00000000099999999978 0.00000000099999999978 0.00000000099999999978 0.00000000099999999978 
0.00000000099999999995 0.00000000099999999995 0.00000000099999999995 0.00000000121200295150 0.00000000099999999995 0.00000000099999999995 0.48294041982041191474 0.28333007021611850140 0.00000000099999999995 0.02879171768217584151 0.20493778506929083427 
0.00000000099999999920 0.00000000099999999920 0.00000000099999999920 0.00000000099999999920 0.00000000099999999920 0.00000000099999999920 0.00000000099999999920 0.00000000099999999920 0.00000000099999999920 0.99999998999999994975 0.00000000099999999920 
0.00000000099999999992 0.00000000099999999992 0.00000000099999999992 0.00000000099999999992 0.00000000099999999992 0.00000000099999999992 0.32052807969633129170 0.67947191130366879630 0.00000000099999999992 0.00000000099999999992 0.00000000099999999992 
0.00000000099999999988 0.00000000099999999988 0.00000000099999999988 0.00000000099999999988 0.00000000099999999988 0.00000000099999999988 0.00000000099999999988 0.99999998999999994975 0.00000000099999999988 0.00000000099999999988 0.00000000099999999988 
0.00000000099999999957 0.99999999000000028282 0.00000000099999999957 0.00000000099999999957 0.00000000099999999957 0.00000000099999999957 0.00000000099999999957 0.00000000099999999957 0.00000000099999999957 0.00000000099999999957 0.00000000099999999957 
0.00000000099999999956 0.99999999000000028282 0.00000000099999999956 0.00000000099999999956 0.00000000099999999956 0.00000000099999999956 0.00000000099999999956 0.00000000099999999956 0.00000000099999999956 0.00000000099999999956 0.00000000099999999956 
0.00000000099999999986 0.00000000099999999986 0.00000000099999999986 0.00000000099999999986 0.00000000099999999986 0.00000000099999999986 0.99999999000000006077 0.00000000099999999986 0.00000000099999999986 0.00000000099999999986 0.00000000099999999986 
0.00000000099999999988 0.00000000099999999988 0.00000000099999999988 0.99999999000000006077 0.00000000099999999988 0.00000000099999999988 0.00000000099999999988 0.00000000099999999988 0.00000000099999999988 0.00000000099999999988 0.00000000099999999988 
0.00000000099999999993 0.00000000099999999993 0.00000000099999999993 0.38927377787709738222 0.00000000099999999993 0.00000000099999999993 0.59583247088413793247 0.00000000099999999993 0.00000000099999999993 0.01489343005703359230 0.00000031418173088486 
0.00051542004323842992 0.00000000099999999977 0.71883723363498241987 0.00000000099999999977 0.00000000099999999977 0.00000000099999999977 0.00000000099999999977 0.00000000099999999977 0.00000000099999999977 0.28064733832177929385 0.00000000099999999977 
0.00000000099999999953 0.35928543051883737869 0.00000000099999999953 0.00000000099999999953 0.00000000099999999953 0.00000000099999999953 0.00000000099999999953 0.00000000099999999953 0.00000000099999999953 0.64071456048116237625 0.00000000099999999953 
0.00000000099999999996 0.00000000099999999996 0.00000000099999999996 0.27393905612457208898 0.00000000099999999996 0.00000000099999999996 0.00024006085431514502 0.43238213554780419168 0.00000000099999999996 0.00000000099999999996 0.29343874047330859023 
0.00000000099999999942 0.00000000099999999942 0.00000000099999999942 0.00000000099999999942 0.00000000099999999942 0.99999999000000006077 0.00000000099999999942 0.00000000099999999942 0.00000000099999999942 0.00000000099999999942 0.00000000099999999942 
0.00000000099999999933 0.00000000099999999933 0.00000000099999999933 0.00000000099999999933 0.00000000099999999933 0.99999999000000017180 0.00000000099999999933 0.00000000099999999933 0.00000000099999999933 0.00000000099999999933 0.00000000099999999933 
0.00000000099999999929 0.00000000099999999929 0.00000000099999999929 0.00000000099999999929 0.00000000099999999929 0.00000000099999999929 0.00000000099999999929 0.00000000099999999929 0.99999998999999994975 0.00000000099999999929 0.00000000099999999929 
0.00000000099999999959 0.99999999000000017180 0.00000000099999999959 0.00000000099999999959 0.00000000099999999959 0.00000000099999999959 0.00000000099999999959 0.00000000099999999959 0.00000000099999999959 0.00000000099999999959 0.00000000099999999959 
0.00000000099999999954 0.99999999000000017180 0.00000000099999999954 0.00000000099999999954 0.00000000099999999954 0.00000000099999999954 0.00000000099999999954 0.00000000099999999954 0.00000000099999999954 0.00000000099999999954 0.00000000099999999954 
0.00000000099999999994 0.00000000099999999994 0.00000000099999999994 0.03072876486234780644 0.00000000099999999994 0.00000000099999999994 0.37345126161911884610 0.30021996062095251956 0.00000000099999999994 0.01215603891260835269 0.28344396798497256684 
0.00000000099999999985 0.00000000099999999985 0.99999999000000017180 0.00000000099999999985 0.00000000099999999985 0.00000000099999999985 0.00000000099999999985 0.00000000099999999985 0.00000000099999999985 0.00000000099999999985 0.00000000099999999985 
0.00000000099999999956 0.99999999000000017180 0.00000000099999999956 0.00000000099999999956 0.00000000099999999956 0.00000000099999999956 0.00000000099999999956 0.00000000099999999956 0.00000000099999999956 0.00000000099999999956 0.00000000099999999956 
0.00000000099999999996 0.00000000099999999996 0.00000000417754013116 0.00000000099999999996 0.00000000099999999996 0.00000000099999999996 0.47499818859345549482 0.48979633072946449079 0.00000000099999999996 0.03520546949953986399 0.00000000099999999996 
0.00000000099999999982 0.00000000099999999982 0.99999999000000017180 0.00000000099999999982 0.00000000099999999982 0.00000000099999999982 0.00000000099999999982 0.00000000099999999982 0.00000000099999999982 0.00000000099999999982 0.00000000099999999982 
0.00000000099999999961 0.99999999000000017180 0.00000000099999999961 0.00000000099999999961 0.00000000099999999961 0.00000000099999999961 0.00000000099999999961 0.00000000099999999961 0.00000000099999999961 0.00000000099999999961 0.00000000099999999961 
0.00000000099999999989 0.00000000099999999989 0.00000000099999999989 0.99999999000000017180 0.00000000099999999989 0.00000000099999999989 0.00000000099999999989 0.00000000099999999989 0.00000000099999999989 0.00000000099999999989 0.00000000099999999989 
0.00000000099999999956 0.99999999000000028282 0.00000000099999999956 0.00000000099999999956 0.00000000099999999956 0.00000000099999999956 0.00000000099999999956 0.00000000099999999956 0.00000000099999999956 0.00000000099999999956 0.00000000099999999956 
0.00000000099999999985 0.00000000099999999985 0.99999999000000006077 0.00000000099999999985 0.00000000099999999985 0.00000000099999999985 0.00000000099999999985 0.00000000099999999985 0.00000000099999999985 0.00000000099999999985 0.00000000099999999985 
0.00000000099999999979 0.00000000099999999979 0.99999999000000017180 0.00000000099999999979 0.00000000099999999979 0.00000000099999999979 0.00000000099999999979 0.00000000099999999979 0.00000000099999999979 0.00000000099999999979 0.00000000099999999979 
0.00000000099999999950 0.99999999000000028282 0.00000000099999999950 0.00000000099999999950 0.00000000099999999950 0.00000000099999999950 0.00000000099999999950 0.00000000099999999950 0.00000000099999999950 0.00000000099999999950 0.00000000099999999950 
0.00000000099999999955 0.99999999000000017180 0.00000000099999999955 0.00000000099999999955 0.00000000099999999955 0.00000000099999999955 0.00000000099999999955 0.00000000099999999955 0.00000000099999999955 0.00000000099999999955 0.00000000099999999955 
0.99999999000000017180 0.00000000099999999977 0.00000000099999999977 0.00000000099999999977 0.00000000099999999977 0.00000000099999999977 0.00000000099999999977 0.00000000099999999977 0.00000000099999999977 0.00000000099999999977 0.00000000099999999977 
0.50903716695801881631 0.00000000099999999989 0.49096282404198143823 0.00000000099999999989 0.00000000099999999989 0.00000000099999999989 0.00000000099999999989 0.00000000099999999989 0.00000000099999999989 0.00000000099999999989 0.00000000099999999989 
0.00000000099999999988 0.00000000099999999988 0.99999999000000017180 0.00000000099999999988 0.00000000099999999988 0.00000000099999999988 0.00000000099999999988 0.00000000099999999988 0.00000000099999999988 0.00000000099999999988 0.00000000099999999988 
0.00000000099999999962 0.99999999000000017180 0.00000000099999999962 0.00000000099999999962 0.00000000099999999962 0.00000000099999999962 0.00000000099999999962 0.00000000099999999962 0.00000000099999999962 0.00000000099999999962 0.00000000099999999962 
0.05086833213366673961 0.00000000099999999997 0.00000000099999999997 0.00000000099999999997 0.00000000099999999997 0.00000000099999999997 0.00000000099999999997 0.00000000099999999997 0.00000000099999999997 0.04793640949233936993 0.90119525037399383915 
0.00000000099999999986 0.00000000099999999986 0.00000000099999999986 0.00000000099999999986 0.00000000099999999986 0.00000000099999999986 0.99999998999999994975 0.00000000099999999986 0.00000000099999999986 0.00000000099999999986 0.00000000099999999986 
0.00000000099999999995 0.00000000099999999995 0.03089018404830291484 0.46151500734066586151 0.00000000099999999995 0.00000000099999999995 0.00000000099999999995 0.49513410990422590530 0.00000000099999999995 0.00000000099999999995 0.01246069170680532377 
0.00000000099999999995 0.00000000099999999995 0.00000000099999999995 0.24728867737035656327 0.00000000099999999995 0.00000000099999999995 0.48647862636018479598 0.00000000099999999995 0.00000000099999999995 0.00000000099999999995 0.26623268826945861720 
0.00000000099999999986 0.00000000099999999986 0.99999999000000017180 0.00000000099999999986 0.00000000099999999986 0.00000000099999999986 0.00000000099999999986 0.00000000099999999986 0.00000000099999999986 0.00000000099999999986 0.00000000099999999986 
0.00000000171481958008 0.00368577133342475570 0.00000000099999999999 0.26552875000585329790 0.00000000099999999999 0.00001474537760954377 0.13936758934697976442 0.34965716704211108334 0.00000000099999999999 0.00000000099999999999 0.24174597117920187950 
0.00000000099999999948 0.00000000099999999948 0.00000000099999999948 0.00000000099999999948 0.52461860392812664777 0.47538138707187338472 0.00000000099999999948 0.00000000099999999948 0.00000000099999999948 0.00000000099999999948 0.00000000099999999948 
0.00000000099999999984 0.00000000099999999984 0.00000000099999999984 0.00000000099999999984 0.00000000099999999984 0.00000000099999999984 0.00000000099999999984 0.00000000099999999984 0.00000000099999999984 0.00000000099999999984 0.99999999000000006077 
0.00000000099999999935 0.00000000099999999935 0.00000000099999999935 0.00000000099999999935 0.00000000099999999935 0.00000000099999999935 0.00000000099999999935 0.00000000099999999935 0.99999999000000006077 0.00000000099999999935 0.00000000099999999935 
0.00000000372344187089 0.00000000099999999997 0.01575039088845964566 0.29953930533750977583 0.00000000099999999997 0.00000000099999999997 0.06255036619778632512 0.29824648305904188916 0.00000000099999999997 0.06883511694754634869 0.25507832984621420236 
0.00000000099999999936 0.00000000099999999936 0.00000000099999999936 0.00000000099999999936 0.99999999000000006077 0.00000000099999999936 0.00000000099999999936 0.00000000099999999936 0.00000000099999999936 0.00000000099999999936 0.00000000099999999936 
0.01137805414412122393 0.00000000099999999996 0.00000000099999999996 0.32612199164660410355 0.00000000099999999996 0.00000000099999999996 0.20617529209688384428 0.00000000099999999996 0.00000000099999999996 0.00000000099999999996 0.45632465511239089784 
0.00563627615488972861 0.00210867262396094391 0.00000000099999999998 0.23611089236881313558 0.00000000099999999998 0.00000000099999999998 0.00000000099999999998 0.50285607220208317081 0.00000000099999999998 0.01309123255862022078 0.24019684909163288578 
0.99999999000000028282 0.00000000099999999973 0.00000000099999999973 0.00000000099999999973 0.00000000099999999973 0.00000000099999999973 0.00000000099999999973 0.00000000099999999973 0.00000000099999999973 0.00000000099999999973 0.00000000099999999973 
0.00000000099999999991 0.00000000099999999991 0.00000000099999999991 0.67764102783130086838 0.00000000099999999991 0.00000000099999999991 0.00000000099999999991 0.00000000099999999991 0.00000000099999999991 0.00000000099999999991 0.32235896316869927514 
0.00000000099999999936 0.00000000099999999936 0.00000000099999999936 0.00000000099999999936 0.00000000099999999936 0.00000000099999999936 0.00000000099999999936 0.00000000099999999936 0.99999998999999994975 0.00000000099999999936 0.00000000099999999936 
0.00000000099999999940 0.00000000099999999940 0.00000000099999999940 0.00000000099999999940 0.99999999000000006077 0.00000000099999999940 0.00000000099999999940 0.00000000099999999940 0.00000000099999999940 0.00000000099999999940 0.00000000099999999940 
0.00000000099999999986 0.00000000099999999986 0.00000000099999999986 0.00000000099999999986 0.00000000099999999986 0.00000000099999999986 0.99999998999999994975 0.00000000099999999986 0.00000000099999999986 0.00000000099999999986 0.00000000099999999986 
0.55400893405723083962 0.00000000099999999988 0.44599105694276941492 0.00000000099999999988 0.00000000099999999988 0.00000000099999999988 0.00000000099999999988 0.00000000099999999988 0.00000000099999999988 0.00000000099999999988 0.00000000099999999988 
0.00000000099999999963 0.99999999000000017180 0.00000000099999999963 0.00000000099999999963 0.00000000099999999963 0.00000000099999999963 0.00000000099999999963 0.00000000099999999963 0.00000000099999999963 0.00000000099999999963 0.00000000099999999963 
0.00000000099999999984 0.00000000099999999984 0.99999999000000017180 0.00000000099999999984 0.00000000099999999984 0.00000000099999999984 0.00000000099999999984 0.00000000099999999984 0.00000000099999999984 0.00000000099999999984 0.00000000099999999984 
0.00489171607862831908 0.00000000099999999999 0.03098701968416259916 0.34060131336150151204 0.00000000099999999999 0.00000000099999999999 0.00007576124503854391 0.21609696511909676220 0.00000000099999999999 0.00768429121484655916 0.39966292929672569967 
0.00000000099999999940 0.00000000099999999940 0.00000000099999999940 0.00000000099999999940 0.00000000099999999940 0.99999999000000006077 0.00000000099999999940 0.00000000099999999940 0.00000000099999999940 0.00000000099999999940 0.00000000099999999940 
0.00000000099999999947 0.99999999000000028282 0.00000000099999999947 0.00000000099999999947 0.00000000099999999947 0.00000000099999999947 0.00000000099999999947 0.00000000099999999947 0.00000000099999999947 0.00000000099999999947 0.00000000099999999947 
0.00000000099999999954 0.00000000099999999954 0.00000000099999999954 0.00000000099999999954 0.00000000099999999954 0.44521938551690137809 0.00000000099999999954 0.00000000099999999954 0.55478060548309848787 0.00000000099999999954 0.00000000099999999954 
0.00000000099999999983 0.00000000099999999983 0.00000000099999999983 0.00000000099999999983 0.00000000099999999983 0.00000000099999999983 0.99999999000000006077 0.00000000099999999983 0.00000000099999999983 0.00000000099999999983 0.00000000099999999983 
0.99999999000000028282 0.00000000099999999969 0.00000000099999999969 0.00000000099999999969 0.00000000099999999969 0.00000000099999999969 0.00000000099999999969 0.00000000099999999969 0.00000000099999999969 0.00000000099999999969 0.00000000099999999969 
0.60774990099934111942 0.00000000099999999987 0.39225009000065896858 0.00000000099999999987 0.00000000099999999987 0.00000000099999999987 0.00000000099999999987 0.00000000099999999987 0.00000000099999999987 0.00000000099999999987 0.00000000099999999987 
0.10065036547954347990 0.00000000099999999996 0.12412106634289515883 0.29154570892659392722 0.00000000099999999996 0.00000000099999999996 0.00000000099999999996 0.30338120887820368976 0.00000000099999999996 0.03296726023147054235 0.14733438514129337804 
0.00000000099999999995 0.00000000099999999995 0.00000000099999999995 0.00000000099999999995 0.00000000099999999995 0.00000000099999999995 0.99999998999999994975 0.00000000099999999995 0.00000000099999999995 0.00000000099999999995 0.00000000099999999995 
0.01552146024541022074 0.00000000099999999994 0.00000000099999999994 0.30019144358665544869 0.00000000099999999994 0.00000000099999999994 0.32808312354776464348 0.35618944294459170541 0.00000000099999999994 0.00000000099999999994 0.00001452367557799587 
0.01065961010679135693 0.00000000099999999996 0.00000000099999999996 0.18208506351547087965 0.00000000099999999996 0.00000000099999999996 0.34144410762587362740 0.27842805584504370930 0.00000000099999999996 0.00000000099999999996 0.18738315690682041947 
0.00000000099999999998 0.00000000099999999998 0.00000000099999999998 0.20728815801404168462 0.00000000099999999998 0.00000000099999999998 0.15242786193782445481 0.41911790944069188258 0.00000000099999999998 0.02775856228520287225 0.19340750232223902216 
0.00000000099999999992 0.00000000099999999992 0.00000000099999999992 0.50094414100111461785 0.00000000099999999992 0.00000000099999999992 0.18336658258894605877 0.00000000099999999992 0.00000000099999999992 0.00000000099999999992 0.31568926840993927208 
0.00000000099999999993 0.00000000099999999993 0.00000000099999999993 0.00000000099999999993 0.00000000099999999993 0.00000000099999999993 0.00000000099999999993 0.52785581875123521733 0.00000000099999999993 0.00000000099999999993 0.47214417224876475965 
0.00000000099999999993 0.00000000099999999993 0.00000000099999999993 0.00000000099999999993 0.00000000099999999993 0.00000000099999999993 0.49861863931849137455 0.00000000099999999993 0.00000000099999999993 0.00000000099999999993 0.50138135168150854692 
0.00000000099999999992 0.00000000099999999992 0.00000000099999999992 0.99999999000000006077 0.00000000099999999992 0.00000000099999999992 0.00000000099999999992 0.00000000099999999992 0.00000000099999999992 0.00000000099999999992 0.00000000099999999992 
0.46695465348335962741 0.00000000099999999989 0.53304533751664051611 0.00000000099999999989 0.00000000099999999989 0.00000000099999999989 0.00000000099999999989 0.00000000099999999989 0.00000000099999999989 0.00000000099999999989 0.00000000099999999989 
0.99999999000000017180 0.00000000099999999982 0.00000000099999999982 0.00000000099999999982 0.00000000099999999982 0.00000000099999999982 0.00000000099999999982 0.00000000099999999982 0.00000000099999999982 0.00000000099999999982 0.00000000099999999982 
0.00000000099999999953 0.00000000099999999953 0.00000000099999999953 0.00000000099999999953 0.99999999000000006077 0.00000000099999999953 0.00000000099999999953 0.00000000099999999953 0.00000000099999999953 0.00000000099999999953 0.00000000099999999953 
0.35499953074165818689 0.00000000099999999993 0.64500046025834201213 0.00000000099999999993 0.00000000099999999993 0.00000000099999999993 0.00000000099999999993 0.00000000099999999993 0.00000000099999999993 0.00000000099999999993 0.00000000099999999993 
0.00000000099999999989 0.00000000099999999989 0.99999999000000017180 0.00000000099999999989 0.00000000099999999989 0.00000000099999999989 0.00000000099999999989 0.00000000099999999989 0.00000000099999999989 0.00000000099999999989 0.00000000099999999989 
0.00000000099999999997 0.00328756439916794846 0.02640490210548728997 0.28333167318863289319 0.00000000099999999997 0.00000000099999999997 0.07294565858780141521 0.25002657777427056418 0.00000000099999999997 0.00247352384874376108 0.36153009609589614737 
0.00000000099999999927 0.00000000099999999927 0.00000000099999999927 0.00000000099999999927 0.00000000099999999927 0.00000000099999999927 0.00000000099999999927 0.00000000099999999927 0.99999999000000006077 0.00000000099999999927 0.00000000099999999927 
0.00000000099999999998 0.00000000099999999998 0.00000000099999999998 0.20393860901461602353 0.00000000099999999998 0.00000000099999999998 0.29276428204367366259 0.15901235309541228435 0.00000000099999999998 0.00365183596562074306 0.34063291388067729049 
0.00000000979998121279 0.00000000099999999997 0.00726069996026684761 0.00000000099999999997 0.00000000099999999997 0.00000000099999999997 0.26416332941264153433 0.36275866520723526465 0.00000000099999999997 0.00000000099999999997 0.36581728961987525217 
0.00000000099999999998 0.00000000099999999998 0.00000000099999999998 0.47292715857882672292 0.00000000099999999998 0.00000000099999999998 0.00000000099999999998 0.51205166488826858728 0.00000000099999999998 0.01502116853290463849 0.00000000099999999998 
0.00000000099999999998 0.00000000099999999998 0.02277447115826545729 0.24371252429664228001 0.00000000099999999998 0.00000000099999999998 0.23454471611640870243 0.28531508835392421775 0.00000000099999999998 0.01488966180006871635 0.19876353327469059584 
0.00000000099999999996 0.00000000099999999996 0.00000000099999999996 0.00000000099999999996 0.00000000099999999996 0.00000000099999999996 0.00000000099999999996 0.57816461142797137551 0.00000000099999999996 0.03688894597703050449 0.38494643459499822136 
0.00000000099999999984 0.00000000099999999984 0.00000000099999999984 0.00000000099999999984 0.00000000099999999984 0.00000000099999999984 0.99999999000000006077 0.00000000099999999984 0.00000000099999999984 0.00000000099999999984 0.00000000099999999984 
0.00000000099999999996 0.00000000099999999996 0.00000000099999999996 0.49361856652272545487 0.00000000099999999996 0.00000000099999999996 0.00000000099999999996 0.00016660443751999898 0.00000000099999999996 0.00765950918123869343 0.49855531285851562018 
0.00772897342111948833 0.00000000099999999997 0.00000000099999999997 0.00789148500875857910 0.00000000099999999997 0.00000000099999999997 0.18926043326855435112 0.54111202881078435123 0.00000000099999999997 0.01954691678460263732 0.23446015770618067187 
0.02288238593137492324 0.03006975304196187609 0.00000000099999999999 0.37449729190243202792 0.00000000099999999999 0.00000002630506484668 0.00000000099999999999 0.31195392772325480912 0.00000000099999999999 0.00000000099999999999 0.26059661009591150727 
0.00000000099999999993 0.00000000099999999993 0.00000000099999999993 0.32088681942603458630 0.00000000099999999993 0.00000000099999999993 0.67636972658606753228 0.00000000099999999993 0.00000000099999999993 0.00274344598789776377 0.00000000099999999993 
0.00000000099999999986 0.00000000099999999986 0.00000000099999999986 0.99999999000000017180 0.00000000099999999986 0.00000000099999999986 0.00000000099999999986 0.00000000099999999986 0.00000000099999999986 0.00000000099999999986 0.00000000099999999986 
0.03032134630484643878 0.02487958092791076048 0.00000000099999999998 0.14686434325866129513 0.00000000099999999998 0.00000000099999999998 0.00000024218462283743 0.50435752851890647275 0.00000000099999999998 0.01459701999262854287 0.27897993481242366887 
0.00000000099999999994 0.00415961585352121570 0.00000000099999999994 0.00000000099999999994 0.00000000099999999994 0.00000000099999999994 0.00000000099999999994 0.58246407684835144192 0.00000000099999999994 0.00000000099999999994 0.41337629929812730323 
0.01177066296142071158 0.00000000099999999997 0.00000000099999999997 0.44968139409518143035 0.00000000099999999997 0.00000000099999999997 0.00076543550582062298 0.29938680286156837962 0.00000000099999999997 0.00000000099999999997 0.23839569857600884095 
0.00000000099999999996 0.00000000099999999996 0.00000000099999999996 0.19639173096848147604 0.00000000099999999996 0.00000000099999999996 0.00000000099999999996 0.29775349948329199457 0.00000000099999999996 0.01375352638863521632 0.49210123615959117105 
0.00000000099999999994 0.00000000099999999994 0.00012208126393293509 0.00000000099999999994 0.00000000099999999994 0.00000000099999999994 0.00000000099999999994 0.92597546257505114475 0.00000000099999999994 0.07390244816101576575 0.00000000099999999994 
0.01194071034471415327 0.00089474228691786188 0.00000000099999999999 0.28169349196155341053 0.00000000099999999999 0.00000000099999999999 0.18961069392958673774 0.31028969141911350027 0.00000000099999999999 0.01034844531697180076 0.19522222074114237156 
0.04076029555002099597 0.00000000099999999998 0.00000000099999999998 0.34452909285591032384 0.00000000099999999998 0.00000000099999999998 0.22082228548902638199 0.05151174763567381576 0.00000000099999999998 0.02269210056309531320 0.31968447290627316493 
0.00000000099999999997 0.00000000099999999997 0.00023457486149769307 0.37489435233113188595 0.00000000099999999997 0.00000000099999999997 0.00000000099999999997 0.40352643326677434255 0.00000000099999999997 0.01192425132686903214 0.20942038221372710760 
0.00000000099999999987 0.00000000099999999987 0.00000000099999999987 0.00000000099999999987 0.00000000099999999987 0.00000000099999999987 0.00000000099999999987 0.99999998999999994975 0.00000000099999999987 0.00000000099999999987 0.00000000099999999987 
0.01786530407489958852 0.00000000099999999999 0.00000000099999999999 0.15643265728048735830 0.00000000099999999999 0.07134461814020374992 0.22745159550249322011 0.16335645624545269694 0.00000000099999999999 0.05513721182372317148 0.30841215293274021336 
0.00528187001278554186 0.00000000099999999996 0.00000000099999999996 0.32640675183004952409 0.00000000099999999996 0.00000000099999999996 0.18034875153282273197 0.23072449053317345413 0.00000000099999999996 0.00000000099999999996 0.25723813009116869299 
0.00000000099999999993 0.00000000099999999993 0.01192958462517895550 0.09315648490193156883 0.00000000099999999993 0.00000000099999999993 0.27996741500061284036 0.44452971498967031039 0.00000000099999999993 0.02668058987760690837 0.14373620560499952847 
0.00000000099999999994 0.00000000099999999994 0.01025267882426543833 0.46666425600003824670 0.00000000099999999994 0.00000000099999999994 0.00000001568885812932 0.36082844267438268782 0.00000000099999999994 0.03930479557058948192 0.12294980624186610529 
0.00000000099999999995 0.00610208707661644752 0.00000000099999999995 0.31007438591522457072 0.00000000099999999995 0.00000000099999999995 0.39587736113193033871 0.26985825746631764144 0.00000000099999999995 0.01778599760654014580 0.00030190580337097016 
0.00000000099999999992 0.00000000099999999992 0.00000000099999999992 0.00000000099999999992 0.00000000099999999992 0.00000000099999999992 0.00000000099999999992 0.99992152308681947481 0.00000000099999999992 0.00007846791318050525 0.00000000099999999992 
0.00000000099999999999 0.00000000099999999999 0.00000000099999999999 0.28559169760264524474 0.00224929878310909780 0.00000000099999999999 0.15974553234811891822 0.31968124407552983568 0.00000000099999999999 0.04525229375588469410 0.18747992843471222857 
0.00000000099999999996 0.00220194631580087827 0.01481002655033752252 0.18692931420202238413 0.00000000099999999996 0.00000000099999999996 0.21367627588982832099 0.25852738614303233389 0.00000000099999999996 0.02078667641123650711 0.30306837048774221133 
0.00000000099999999994 0.00000000099999999994 0.00000000099999999994 0.46784950748254433561 0.00000000099999999994 0.00000000099999999994 0.00000000099999999994 0.00000000099999999994 0.00000000099999999994 0.00000000099999999994 0.53215048351745541932 
0.00000000099999999994 0.00000000099999999994 0.03705233339228914541 0.41235477067031223175 0.00000000099999999994 0.00000000099999999994 0.10747665875798556590 0.23542348472521978930 0.00000000099999999994 0.00000000099999999994 0.20769274645419330549 
0.34434477388312462187 0.00000000099999999989 0.65565521711687557715 0.00000000099999999989 0.00000000099999999989 0.00000000099999999989 0.00000000099999999989 0.00000000099999999989 0.00000000099999999989 0.00000000099999999989 0.00000000099999999989 
0.47768422079904476751 0.00000000099999999994 0.52215746539648466573 0.00000364253957802942 0.00000000099999999994 0.00000000099999999994 0.00015466426489249205 0.00000000099999999994 0.00000000099999999994 0.00000000099999999994 0.00000000099999999994 
0.00000000099999999942 0.00000000099999999942 0.00000000099999999942 0.00000000099999999942 0.99999999000000017180 0.00000000099999999942 0.00000000099999999942 0.00000000099999999942 0.00000000099999999942 0.00000000099999999942 0.00000000099999999942 
0.00000000099999999949 0.99999999000000017180 0.00000000099999999949 0.00000000099999999949 0.00000000099999999949 0.00000000099999999949 0.00000000099999999949 0.00000000099999999949 0.00000000099999999949 0.00000000099999999949 0.00000000099999999949 
0.23693979450925126140 0.02967530329628762994 0.63258555301857977149 0.00000000099999999998 0.00000000099999999998 0.00000000099999999998 0.06360070097425056523 0.00000000099999999998 0.00000000099999999998 0.03719864220163100754 0.00000000099999999998 
0.00000000099999999994 0.00000000099999999994 0.00000000099999999994 0.00000000099999999994 0.00000000099999999994 0.00000000099999999994 0.00000000099999999994 0.46959321772767548264 0.00000000099999999994 0.00000000099999999994 0.53040677327232454985 
0.00000000099999999989 0.00000000099999999989 0.00000000099999999989 0.00000000099999999989 0.00000000099999999989 0.00000000099999999989 0.00000000099999999989 0.00000000099999999989 0.00000000099999999989 0.00000000099999999989 0.99999999000000006077 
0.99999999000000017180 0.00000000099999999981 0.00000000099999999981 0.00000000099999999981 0.00000000099999999981 0.00000000099999999981 0.00000000099999999981 0.00000000099999999981 0.00000000099999999981 0.00000000099999999981 0.00000000099999999981 
0.00000000099999999996 0.00000000099999999996 0.02135540986609074307 0.25545439650401352560 0.00000000099999999996 0.00000000099999999996 0.22149075014224703373 0.09791403107659460425 0.00000000099999999996 0.00359197371486212396 0.40019343369619192474 
0.00000068370220331105 0.00746037672269852722 0.00478061720859804251 0.20382890735896544432 0.00000000099999999995 0.00000000099999999995 0.02395731459049704748 0.45900880385263498340 0.00000000099999999995 0.00002133212575843175 0.30094196143864432313 
0.00000000099999999988 0.00000000099999999988 0.00000000099999999988 0.99999999000000006077 0.00000000099999999988 0.00000000099999999988 0.00000000099999999988 0.00000000099999999988 0.00000000099999999988 0.00000000099999999988 0.00000000099999999988 
0.00000000099999999937 0.00000000099999999937 0.00000000099999999937 0.00000000099999999937 0.99999999000000017180 0.00000000099999999937 0.00000000099999999937 0.00000000099999999937 0.00000000099999999937 0.00000000099999999937 0.00000000099999999937 
0.00000000099999999935 0.00000000099999999935 0.00000000099999999935 0.00000000099999999935 0.99999999000000006077 0.00000000099999999935 0.00000000099999999935 0.00000000099999999935 0.00000000099999999935 0.00000000099999999935 0.00000000099999999935 
0.00000000099999999942 0.00000000099999999942 0.00000000099999999942 0.00000000099999999942 0.00000000566006115834 0.51176816670582758739 0.00000000099999999942 0.00000000099999999942 0.48823181963411133033 0.00000000099999999942 0.00000000099999999942 
0.00000000099999999930 0.00000000099999999930 0.00000000099999999930 0.00000000099999999930 0.99999999000000017180 0.00000000099999999930 0.00000000099999999930 0.00000000099999999930 0.00000000099999999930 0.00000000099999999930 0.00000000099999999930 
0.00000000099999999937 0.00000000099999999937 0.00000000099999999937 0.00000000099999999937 0.00000000099999999937 0.99999999000000006077 0.00000000099999999937 0.00000000099999999937 0.00000000099999999937 0.00000000099999999937 0.00000000099999999937 
0.56131675027295335756 0.00000000099999999992 0.43868324072704678596 0.00000000099999999992 0.00000000099999999992 0.00000000099999999992 0.00000000099999999992 0.00000000099999999992 0.00000000099999999992 0.00000000099999999992 0.00000000099999999992 
0.00000000099999999995 0.00000000099999999995 0.00000000099999999995 0.49012720670642723197 0.00000000099999999995 0.00000000099999999995 0.50043475860476704931 0.00000000099999999995 0.00000000099999999995 0.00943802668880560323 0.00000000099999999995 
0.00000000099999999945 0.00000000099999999945 0.00000000099999999945 0.00000000099999999945 0.55805260223876262948 0.44194738876123740301 0.00000000099999999945 0.00000000099999999945 0.00000000099999999945 0.00000000099999999945 0.00000000099999999945 
0.00000000099999999935 0.00000000099999999935 0.00000000099999999935 0.00000000099999999935 0.00000000099999999935 0.00000000099999999935 0.00000000099999999935 0.00000000099999999935 0.99999999000000006077 0.00000000099999999935 0.00000000099999999935 
0.00000000099999999948 0.99999999000000017180 0.00000000099999999948 0.00000000099999999948 0.00000000099999999948 0.00000000099999999948 0.00000000099999999948 0.00000000099999999948 0.00000000099999999948 0.00000000099999999948 0.00000000099999999948 
0.00000000099999999947 0.99999999000000028282 0.00000000099999999947 0.00000000099999999947 0.00000000099999999947 0.00000000099999999947 0.00000000099999999947 0.00000000099999999947 0.00000000099999999947 0.00000000099999999947 0.00000000099999999947 
0.00000000099999999997 0.00000000099999999997 0.00000000099999999997 0.28203801963120050944 0.00000000099999999997 0.00000000099999999997 0.15088850844925782990 0.34711282085880201809 0.00000000099999999997 0.00000000099999999997 0.21996064406073953523 
0.00000000099999999934 0.00000000099999999934 0.00000000099999999934 0.00000000099999999934 0.99999999000000017180 0.00000000099999999934 0.00000000099999999934 0.00000000099999999934 0.00000000099999999934 0.00000000099999999934 0.00000000099999999934 
0.00000000099999999995 0.00000000099999999995 0.00000000099999999995 0.00000000099999999995 0.00000000099999999995 0.00000000099999999995 0.51467691769760881559 0.00000000099999999995 0.00000000099999999995 0.00000000099999999995 0.48532307330239121690 
0.00000000099999999989 0.00000000099999999989 0.00000000099999999989 0.00000000099999999989 0.00000000099999999989 0.00000000099999999989 0.00000000099999999989 0.00000000099999999989 0.00000000099999999989 0.00000000099999999989 0.99999999000000006077 
0.00000000099999999992 0.00000000099999999992 0.99999999000000017180 0.00000000099999999992 0.00000000099999999992 0.00000000099999999992 0.00000000099999999992 0.00000000099999999992 0.00000000099999999992 0.00000000099999999992 0.00000000099999999992 
0.00000000154617755312 0.00000000099999999993 0.00000000099999999993 0.00000024259811504863 0.00000000099999999993 0.00000000099999999993 0.47239260732629378969 0.00000000099999999993 0.00000000099999999993 0.00000000099999999993 0.52760714152941345922 
