0.00000000099999999996 0.99933927161811164641 0.00066072238188852382 0.00000000099999999996 0.00000000099999999996 0.00000000099999999996 0.00000000099999999996 0.00000000099999999996 
0.00000000099999999989 0.00000000099999999989 0.00000000099999999989 0.00000000099999999989 0.99999999299999997593 0.00000000099999999989 0.00000000099999999989 0.00000000099999999989 
0.00000000099999999994 0.00000000099999999994 0.00000000099999999994 0.03886458167423643972 0.58652691888932184661 0.00000000099999999994 0.37460849443644173018 0.00000000099999999994 
0.18283681022136141769 0.45674388278758820681 0.00270627940013223704 0.00000000099999999999 0.03865920650501274147 0.31905381652284547922 0.00000000256305980614 0.00000000099999999999 
0.17720253446376818540 0.41768074620330275515 0.00745265472535393964 0.01419351446778883453 0.00000000099999999999 0.38347054713978634410 0.00000000099999999999 0.00000000099999999999 
0.15257871394471916870 0.48744806751096142472 0.00061648043548451356 0.02297037184276467039 0.00000000099999999999 0.30770114827814359915 0.02868521598792660859 0.00000000099999999999 
0.00000000099999999993 0.00000000099999999993 0.00000000099999999993 0.06528908230685268044 0.51950316926143358387 0.00000000099999999993 0.41520774343171390486 0.00000000099999999993 
0.00000000099999999992 0.00000000099999999992 0.00000000099999999992 0.00000000099999999992 0.41768310181972317929 0.00000000099999999992 0.58231689218027671284 0.00000000099999999992 
0.00000000099999999998 0.36611395591361578505 0.01110380500708381055 0.00000000099999999998 0.01901271766470551128 0.60376951741459472522 0.00000000099999999998 0.00000000099999999998 
0.00000000099999999994 0.00000000099999999994 0.00000000099999999994 0.00000000099999999994 0.66407821614369988428 0.00000000099999999994 0.33592177785630011888 0.00000000099999999994 
0.29229840820794666945 0.00031779713497819044 0.00421797170286181480 0.01420684309268248693 0.00000000099999999999 0.66832932396277178189 0.02062965389875917252 0.00000000099999999999 
0.25716023981254276798 0.28967099849935362688 0.00622550958269264387 0.00000000099999999998 0.02805999674997458268 0.41888325235543655278 0.00000000099999999998 0.00000000099999999998 
0.25793797514055372133 0.29169430439070664907 0.00000000099999999999 0.04919700595965675882 0.00000000099999999999 0.40095686063837865376 0.00021385087070433648 0.00000000099999999999 
0.33089569092742565637 0.23122362907225169071 0.01140526675233593384 0.03503900307068408965 0.00000084359548064272 0.39143556458182193758 0.00000000099999999999 0.00000000099999999999 
0.41646186179377586711 0.57289409331266993863 0.01064403989355425760 0.00000000099999999999 0.00000000099999999999 0.00000000099999999999 0.00000000099999999999 0.00000000099999999999 
0.17281500526464171896 0.30440592932552257288 0.02547076838850890340 0.04287198483447671876 0.04959406559480296350 0.40475727421669660533 0.00008497137535075587 0.00000000099999999999 
0.23853749643651289691 0.00000001411185170311 0.00000000099999999998 0.02911524206262117859 0.00000043266061837298 0.73234681172839588559 0.00000000099999999998 0.00000000099999999998 
0.06074602316875294533 0.26929048238352432110 0.00000000099999999999 0.03332871142509145901 0.00000000099999999999 0.63663477853568384290 0.00000000099999999999 0.00000000148694739838 
0.22622585106106973818 0.27293628866697078328 0.00563440850690615294 0.01910626613031250406 0.00000000100000000000 0.46962816532870871322 0.00000000100000000000 0.00646901830603227677 
0.13802613783812039960 0.30486875778786126645 0.00000000099999999998 0.02374119649790646172 0.00000000099999999998 0.53336390375602038549 0.00000000112009140879 0.00000000099999999998 
0.26354760981988184509 0.39145422473419183573 0.00000000099999999999 0.00378091854260545392 0.00000000099999999999 0.32559829909677623361 0.01561894480654477807 0.00000000099999999999 
0.00000000099999999990 0.00000000099999999990 0.00000000099999999990 0.00000000099999999990 0.99999999300000008695 0.00000000099999999990 0.00000000099999999990 0.00000000099999999990 
0.23831139446506466317 0.75352902547020261803 0.00000000099999999998 0.00000000099999999998 0.00815957506473294000 0.00000000099999999998 0.00000000099999999998 0.00000000099999999998 
0.99999999300000008695 0.00000000099999999984 0.00000000099999999984 0.00000000099999999984 0.00000000099999999984 0.00000000099999999984 0.00000000099999999984 0.00000000099999999984 
0.19570030490364942466 0.22640811180143821657 0.00000000099999999998 0.03821589731403975121 0.00000000099999999998 0.51230809904967089530 0.02736758393120155425 0.00000000099999999998 
0.00000000099999999998 0.43316398574007258793 0.00000000099999999998 0.04037765922007859748 0.00000000099999999998 0.52645835003984886580 0.00000000099999999998 0.00000000099999999998 
0.00000000099999999969 0.00000000099999999969 0.99999999300000008695 0.00000000099999999969 0.00000000099999999969 0.00000000099999999969 0.00000000099999999969 0.00000000099999999969 
0.00000000099999999965 0.00000000099999999965 0.99999999299999997593 0.00000000099999999965 0.00000000099999999965 0.00000000099999999965 0.00000000099999999965 0.00000000099999999965 
0.22714822971837020371 0.38307705462231783633 0.00063706158121467282 0.06285470500545710382 0.00000000099999999999 0.32628294607264024529 0.00000000099999999999 0.00000000099999999999 
0.00000000099999999995 0.00000000099999999995 0.00000000099999999995 0.00000000099999999995 0.00000000099999999995 0.99999999300000008695 0.00000000099999999995 0.00000000099999999995 
0.34400821176986456917 0.50313002137108719936 0.00000000099999999995 0.15286176185904826186 0.00000000099999999995 0.00000000099999999995 0.00000000099999999995 0.00000000099999999995 
0.00000000099999999991 0.00000000099999999991 0.00000000099999999991 0.00000000099999999991 0.99999999299999997593 0.00000000099999999991 0.00000000099999999991 0.00000000099999999991 
0.44453097550233722224 0.00000000099999999992 0.35548687393518763056 0.00000000099999999992 0.19998214556247517759 0.00000000099999999992 0.00000000099999999992 0.00000000099999999992 
0.20850355533126377350 0.00000000099999999998 0.00000000099999999998 0.00000000099999999998 0.00000000099999999998 0.79149643846379968970 0.00000000120493644426 0.00000000099999999998 
0.00000000099999999963 0.00000000099999999963 0.00000000099999999963 0.00000000099999999963 0.00000000099999999963 0.00000000099999999963 0.00000000099999999963 0.99999999299999997593 
0.00000000099999999955 0.00000000099999999955 0.00000000099999999955 0.00000000099999999955 0.00000000099999999955 0.00000000099999999955 0.00000000099999999955 0.99999999299999997593 
0.00000000099999999955 0.00000000099999999955 0.00000000099999999955 0.00000000099999999955 0.00000000099999999955 0.00000000099999999955 0.00000000099999999955 0.99999999299999997593 
0.00000000099999999970 0.00000000099999999970 0.99999999300000008695 0.00000000099999999970 0.00000000099999999970 0.00000000099999999970 0.00000000099999999970 0.00000000099999999970 
0.00000000099999999966 0.00000000099999999966 0.99999999299999997593 0.00000000099999999966 0.00000000099999999966 0.00000000099999999966 0.00000000099999999966 0.00000000099999999966 
0.23448866261946013645 0.43973620020651932316 0.00000000099999999998 0.04328504039939316816 0.00000000099999999998 0.28249009277462749923 0.00000000099999999998 0.00000000099999999998 
0.00000000099999999988 0.00000000099999999988 0.00000000099999999988 0.00000000099999999988 0.00000000099999999988 0.00000000099999999988 0.99999999299999986491 0.00000000099999999988 
0.00000000099999999968 0.00000000099999999968 0.99999999299999997593 0.00000000099999999968 0.00000000099999999968 0.00000000099999999968 0.00000000099999999968 0.00000000099999999968 
0.46717813851539513603 0.52139936851811952145 0.00000000099999999999 0.00001895401391294925 0.01140353495257248086 0.00000000099999999999 0.00000000099999999999 0.00000000099999999999 
0.00000000099999999985 0.00000000099999999985 0.00000000099999999985 0.00000000099999999985 0.00000000099999999985 0.00000000099999999985 0.99999999299999997593 0.00000000099999999985 
0.00000000099999999972 0.00000000099999999972 0.99999999300000008695 0.00000000099999999972 0.00000000099999999972 0.00000000099999999972 0.00000000099999999972 0.00000000099999999972 
0.32627483588394129432 0.31365727345687949290 0.00617020398386366759 0.00000000099999999999 0.01700148775289808331 0.33689619592241754065 0.00000000099999999999 0.00000000099999999999 
0.00000000099999999968 0.00000000099999999968 0.99999999299999997593 0.00000000099999999968 0.00000000099999999968 0.00000000099999999968 0.00000000099999999968 0.00000000099999999968 
0.00000000099999999994 0.00000000099999999994 0.00000000099999999994 0.00000000099999999994 0.37820942684750336049 0.00000000099999999994 0.62179056715249658716 0.00000000099999999994 
0.00000000099999999984 0.00000000099999999984 0.00000000099999999984 0.00000000099999999984 0.00000000099999999984 0.00000000099999999984 0.99999999299999997593 0.00000000099999999984 
0.00000000099999999964 0.00000000099999999964 0.99999999299999997593 0.00000000099999999964 0.00000000099999999964 0.00000000099999999964 0.00000000099999999964 0.00000000099999999964 
0.00000000099999999966 0.00000000099999999966 0.99999999300000008695 0.00000000099999999966 0.00000000099999999966 0.00000000099999999966 0.00000000099999999966 0.00000000099999999966 
0.00000000099999999989 0.00000000099999999989 0.00000000099999999989 0.00000000099999999989 0.99999999299999997593 0.00000000099999999989 0.00000000099999999989 0.00000000099999999989 
0.00000000099999999988 0.00000000099999999988 0.00000000099999999988 0.00000000099999999988 0.00000000099999999988 0.00000000099999999988 0.99999999299999997593 0.00000000099999999988 
0.00000000099999999996 0.00000000099999999996 0.00000000099999999996 0.00000000099999999996 0.38545690253404457648 0.00000000099999999996 0.61454309146595531566 0.00000000099999999996 
0.00000000099999999973 0.00000000099999999973 0.99999999299999997593 0.00000000099999999973 0.00000000099999999973 0.00000000099999999973 0.00000000099999999973 0.00000000099999999973 
0.00000000099999999997 0.98036454066569722610 0.00000000099999999997 0.00000000099999999997 0.00000000099999999997 0.00000000099999999997 0.01963545333430285339 0.00000000099999999997 
0.00000000099999999995 0.99732218040202758047 0.00267781359797248904 0.00000000099999999995 0.00000000099999999995 0.00000000099999999995 0.00000000099999999995 0.00000000099999999995 
0.99999999300000019797 0.00000000099999999990 0.00000000099999999990 0.00000000099999999990 0.00000000099999999990 0.00000000099999999990 0.00000000099999999990 0.00000000099999999990 
0.00000000099999999995 0.92126890837460739814 0.00000000099999999995 0.07873108562539257727 0.00000000099999999995 0.00000000099999999995 0.00000000099999999995 0.00000000099999999995 
0.00000000099999999992 0.00000000099999999992 0.00000000099999999992 0.00000000099999999992 0.39474689649799943325 0.00000000099999999992 0.60525309750200051440 0.00000000099999999992 
0.00000000099999999997 0.00000000099999999997 0.00000000099999999997 0.00000000099999999997 0.00000000099999999997 0.99999999300000008695 0.00000000099999999997 0.00000000099999999997 
0.00000000099999999961 0.00000000099999999961 0.00000000099999999961 0.00000000099999999961 0.00000000099999999961 0.00000000099999999961 0.00000000099999999961 0.99999999300000008695 
0.00000000099999999995 0.00000000099999999995 0.00000000099999999995 0.00000000099999999995 0.00000000099999999995 0.99999999299999997593 0.00000000099999999995 0.00000000099999999995 
0.00000000099999999962 0.00000000099999999962 0.00000000099999999962 0.00000000099999999962 0.00000000099999999962 0.00000000099999999962 0.00000000099999999962 0.99999999299999997593 
0.36335402897611601691 0.00002791633946058679 0.00000000099999999998 0.05232069369944705728 0.00051237375922156864 0.55933026433535859567 0.02445472089039608249 0.00000000099999999998 
0.00000000099999999963 0.00000000099999999963 0.00000000099999999963 0.00000000099999999963 0.00000000099999999963 0.00000000099999999963 0.00000000099999999963 0.99999999300000008695 
0.00000000099999999993 0.00000000099999999993 0.00000000099999999993 0.20811268643093877584 0.00000000099999999993 0.79188730756906122732 0.00000000099999999993 0.00000000099999999993 
0.99999999300000019797 0.00000000099999999991 0.00000000099999999991 0.00000000099999999991 0.00000000099999999991 0.00000000099999999991 0.00000000099999999991 0.00000000099999999991 
0.00000000099999999987 0.00000000099999999987 0.00000000099999999987 0.00000000099999999987 0.99999999300000008695 0.00000000099999999987 0.00000000099999999987 0.00000000099999999987 
0.20908809506170070169 0.26748367085329582959 0.00000000099999999997 0.02838587488990563720 0.00000000099999999997 0.49504235519509798280 0.00000000099999999997 0.00000000099999999997 
0.00000000099999999963 0.00000000099999999963 0.00000000099999999963 0.00000000099999999963 0.00000000099999999963 0.00000000099999999963 0.00000000099999999963 0.99999999299999997593 
0.00000000099999999966 0.00000000099999999966 0.00000000099999999966 0.00000000099999999966 0.00000000099999999966 0.00000000099999999966 0.00000000099999999966 0.99999999300000008695 
0.18881615542297719434 0.51231088158642157371 0.00569538477472645265 0.01768518020909554123 0.00000000099999999999 0.19179984747291148328 0.08369254853386781656 0.00000000099999999999 
0.00000000099999999993 0.00000000099999999993 0.00000000099999999993 0.00000000099999999993 0.69255250903830511966 0.00000000099999999993 0.30744748496169488350 0.00000000099999999993 
0.00000000099999999973 0.00000000099999999973 0.99999999299999997593 0.00000000099999999973 0.00000000099999999973 0.00000000099999999973 0.00000000099999999973 0.00000000099999999973 
0.00000000099999999988 0.00000000099999999988 0.00000000099999999988 0.00000000099999999988 0.99999999300000008695 0.00000000099999999988 0.00000000099999999988 0.00000000099999999988 
0.30350962006657311587 0.22907051367121417096 0.00000000099999999998 0.07163053703125266125 0.00000000099999999998 0.37119491388236464102 0.02459441234859545758 0.00000000099999999998 
0.00000000099999999959 0.00000000099999999959 0.00000000099999999959 0.00000000099999999959 0.00000000099999999959 0.00000000099999999959 0.00000000099999999959 0.99999999300000008695 
0.00000000099999999961 0.00000000099999999961 0.99999999300000008695 0.00000000099999999961 0.00000000099999999961 0.00000000099999999961 0.00000000099999999961 0.00000000099999999961 
0.00000000099999999968 0.00000000099999999968 0.00000000099999999968 0.00000000099999999968 0.00000000099999999968 0.00000000099999999968 0.00000000099999999968 0.99999999299999997593 
0.00000000099999999995 0.99999999300000019797 0.00000000099999999995 0.00000000099999999995 0.00000000099999999995 0.00000000099999999995 0.00000000099999999995 0.00000000099999999995 
0.00000000099999999985 0.00000000099999999985 0.00000000099999999985 0.00000000099999999985 0.99999999300000008695 0.00000000099999999985 0.00000000099999999985 0.00000000099999999985 
0.00000000099999999993 0.00000000099999999993 0.00000000099999999993 0.00000000099999999993 0.68355984208761533250 0.00000000099999999993 0.31644015191238478169 0.00000000099999999993 
0.30862545725965234711 0.00011431564963441963 0.00000000099999999998 0.05881970622077256627 0.08716482903963035378 0.41131465122876026408 0.13396103860154992549 0.00000000099999999998 
0.00000000099999999999 0.98819829840258044396 0.01180169559741974829 0.00000000099999999999 0.00000000099999999999 0.00000000099999999999 0.00000000099999999999 0.00000000099999999999 
0.28072945915801228445 0.62812420113292988244 0.00000000099999999996 0.09114633191601176354 0.00000000379304609483 0.00000000099999999996 0.00000000099999999996 0.00000000099999999996 
0.30418751812543642910 0.00000000099999999998 0.00000000099999999998 0.03074584000660087607 0.00000000099999999998 0.64949885161807885403 0.01556778624988370066 0.00000000099999999998 
0.18641896345765920917 0.21851816899192910704 0.00000000099999999999 0.00000000099999999999 0.00000000099999999999 0.59506286255041163091 0.00000000099999999999 0.00000000099999999999 
0.00000000099999999997 0.36125849440911361743 0.00000000099999999997 0.00000000099999999997 0.00000000099999999997 0.63874149959088633022 0.00000000099999999997 0.00000000099999999997 
0.08461743019500875262 0.43389574432719468788 0.00000000099999999998 0.00000000099999999998 0.00000000099999999998 0.45473255062890655109 0.02675427084888996193 0.00000000099999999998 
0.13139888955100398338 0.43851109248165925925 0.00000000101782805464 0.00000000099999999998 0.00000000099999999998 0.39330179995936986881 0.03678821399013889465 0.00000000099999999998 
0.99999999300000019797 0.00000000099999999994 0.00000000099999999994 0.00000000099999999994 0.00000000099999999994 0.00000000099999999994 0.00000000099999999994 0.00000000099999999994 
0.00000000099999999990 0.00000000099999999990 0.00000000099999999990 0.00000000099999999990 0.99999999300000008695 0.00000000099999999990 0.00000000099999999990 0.00000000099999999990 
0.02280981309549206387 0.00000000099999999996 0.00000000099999999996 0.00000000099999999996 0.58609816352439336740 0.00000000099999999996 0.39109201838011459218 0.00000000099999999996 
0.00000000099999999977 0.00000000099999999977 0.00000000099999999977 0.00000000099999999977 0.00000000099999999977 0.00000000099999999977 0.00000000099999999977 0.99999999299999997593 
0.00000000099999999996 0.00000000099999999996 0.00000000099999999996 0.00000000099999999996 0.45249875942461886824 0.00000000099999999996 0.54750123457538091287 0.00000000099999999996 
0.00000000099999999991 0.00000000099999999991 0.00000000099999999991 0.00000000099999999991 0.00000000099999999991 0.00000000099999999991 0.99999999299999997593 0.00000000099999999991 
0.40302493498910668679 0.20694030914845196190 0.00346066256435397348 0.01485552350849429770 0.00000000099999999999 0.34413291783064442475 0.02758564995894861524 0.00000000099999999999 
0.00000000099999999955 0.00000000099999999955 0.00000000099999999955 0.00000000099999999955 0.00000000099999999955 0.00000000099999999955 0.00000000099999999955 0.99999999300000008695 
0.41780286144131911774 0.58164142777002603157 0.00000000099999999998 0.00000000099999999998 0.00000000099999999998 0.00055570578865479781 0.00000000099999999998 0.00000000099999999998 
0.21495417443815109659 0.33031225587106560759 0.00020506879717321048 0.03942761042013385314 0.01353850246987249421 0.40156072049456031925 0.00000166650904348071 0.00000000099999999999 
0.32551084842048616519 0.00000000099999999999 0.00611414355121619926 0.02127704350856146273 0.00000000099999999999 0.64709586599378854377 0.00000209552594756252 0.00000000099999999999 
0.32672483984797062728 0.38462480719560127040 0.00000000099999999999 0.05075226517082290223 0.00000000099999999999 0.22162534938678080110 0.01627273539882426526 0.00000000099999999999 
0.99999999300000019797 0.00000000099999999989 0.00000000099999999989 0.00000000099999999989 0.00000000099999999989 0.00000000099999999989 0.00000000099999999989 0.00000000099999999989 
0.17283146166896240503 0.79705325094222079230 0.00000000099999999997 0.00000000099999999997 0.03011528238881701694 0.00000000099999999997 0.00000000099999999997 0.00000000099999999997 
0.34198029587920858452 0.33432012301111968533 0.00188294129776479867 0.00000000099999999999 0.00792480621630181799 0.31389183059560515909 0.00000000099999999999 0.00000000099999999999 
0.00000000099999999996 0.00000000099999999996 0.00000000099999999996 0.10324056182548628502 0.00000000099999999996 0.89675943217451381528 0.00000000099999999996 0.00000000099999999996 
0.35713622636462971638 0.22551320940075147981 0.02852626933915878432 0.01638034819883004908 0.01458095964080665698 0.35577160609015773263 0.00000000100000000000 0.00209137996566548809 
0.36594247146476654997 0.58742142329292901248 0.00000000099999999998 0.04658408609839614217 0.00000000099999999998 0.00005201514390851935 0.00000000099999999998 0.00000000099999999998 
0.00000000099999999992 0.99999999300000019797 0.00000000099999999992 0.00000000099999999992 0.00000000099999999992 0.00000000099999999992 0.00000000099999999992 0.00000000099999999992 
0.30569592365733910810 0.25644074128131899570 0.02123173480628491247 0.02164014938414855760 0.02220608644265590487 0.37277053441520652255 0.00001482901304600855 0.00000000100000000000 
0.00000000099999999997 0.24275106109137709054 0.00640771684038113701 0.00000000099999999997 0.00000000099999999997 0.75084121706824191733 0.00000000099999999997 0.00000000099999999997 
0.99999999300000008695 0.00000000099999999990 0.00000000099999999990 0.00000000099999999990 0.00000000099999999990 0.00000000099999999990 0.00000000099999999990 0.00000000099999999990 
0.41295207622550139659 0.00000000099999999997 0.00000000099999999997 0.00000000099999999997 0.00000000099999999997 0.58704791777449860657 0.00000000099999999997 0.00000000099999999997 
0.26060318622209421857 0.34849642243209638659 0.00000000099999999998 0.00000000099999999998 0.03926514443377196462 0.35163524291203746008 0.00000000099999999998 0.00000000099999999998 
0.17121763051353164342 0.48936428193492798044 0.00000000099999999999 0.02231718222877973959 0.01799209049394000226 0.29910881182882070872 0.00000000099999999999 0.00000000099999999999 
0.12430754284056655390 0.46002456797916790876 0.00000000099999999999 0.00036667986654515889 0.05063912463095369965 0.36466208168276670332 0.00000000099999999999 0.00000000099999999999 
0.30142044010873503268 0.13621446492413702423 0.00000000099999999998 0.05237573990216994047 0.00000000099999999998 0.50998935106495790759 0.00000000099999999998 0.00000000099999999998 
0.33832298644953273659 0.00000000099999999998 0.00000000099999999998 0.00001818426005524016 0.00000000099999999998 0.63166045709127516261 0.02999836819913678787 0.00000000099999999998 
0.09340281783823002615 0.27257757051290831818 0.00252769949751507732 0.00000014744687793301 0.04373758051636466443 0.51896515041643909161 0.00000000100000000000 0.06878903277166491248 
0.21562399376704202703 0.37107322629424521754 0.00000000099999999998 0.02210980313841363898 0.00542253955679195161 0.38577043424350715428 0.00000000099999999998 0.00000000099999999998 
0.28700413544252484366 0.13789400253133141105 0.00000000099999999997 0.06580608364318553394 0.00000000099999999997 0.49573919918640019233 0.01355657619655785406 0.00000000099999999997 
0.40627235731705252375 0.00000000099999999997 0.00000000099999999997 0.05300344402823050499 0.00000000099999999997 0.53457393649990325724 0.00615025815481359383 0.00000000099999999997 
0.00000000099999999998 0.50156967628611359711 0.01335841729817680533 0.03066929708253374187 0.00000000099999999998 0.45440260533317600178 0.00000000099999999998 0.00000000099999999998 
0.20633214275368805257 0.30259142664336791118 0.00000000099999999998 0.00000000099999999998 0.00000000099999999998 0.47007851768557684657 0.02099790891736736179 0.00000000099999999998 
0.00000000099999999998 0.00000000099999999998 0.00000000099999999998 0.00000000099999999998 0.00000000099999999998 0.99999999299999997593 0.00000000099999999998 0.00000000099999999998 
0.34466922528789423197 0.21337521401647205344 0.00479551885842676925 0.04094770013112286611 0.00000000099999999999 0.38437886328320475249 0.01183347642287939025 0.00000000099999999999 
0.33151272216306026941 0.12203476356736410458 0.00000000099999999998 0.02049662918167328637 0.00000000099999999998 0.52595588108790236603 0.00000000099999999998 0.00000000099999999998 
0.11997894104379998315 0.22959889229753063788 0.00000000099999999997 0.00000000099999999997 0.00000000099999999997 0.61020218978541973520 0.04021997287324931281 0.00000000099999999997 
0.00000000099999999994 0.00000000099999999994 0.00000000099999999994 0.00000000099999999994 0.41890523725595202320 0.00000000099999999994 0.58109475674404786893 0.00000000099999999994 
0.00000000099999999997 0.00000000099999999997 0.00000000099999999997 0.01081789509715479387 0.58459943826945115486 0.00000000099999999997 0.40458266163339390298 0.00000000099999999997 
0.00000000099999999970 0.00000000099999999970 0.00000000099999999970 0.00000000099999999970 0.00000000099999999970 0.00000000099999999970 0.00000000099999999970 0.99999999299999997593 
0.00000000099999999962 0.00000000099999999962 0.99999999299999997593 0.00000000099999999962 0.00000000099999999962 0.00000000099999999962 0.00000000099999999962 0.00000000099999999962 
0.00000000099999999997 0.00000000099999999997 0.00000000099999999997 0.13768857235130346761 0.00000000099999999997 0.00000000099999999997 0.86231142164869645228 0.00000000099999999997 
0.00000000099999999994 0.99999999300000019797 0.00000000099999999994 0.00000000099999999994 0.00000000099999999994 0.00000000099999999994 0.00000000099999999994 0.00000000099999999994 
0.00000000099999999997 0.00000000099999999997 0.00000000099999999997 0.00000000099999999997 0.00000000099999999997 0.98470274615108344118 0.01529724784891652381 0.00000000099999999997 
0.00000000099999999993 0.00000000099999999993 0.00000000099999999993 0.00000000099999999993 0.99999999299999997593 0.00000000099999999993 0.00000000099999999993 0.00000000099999999993 
0.17989931635066025439 0.41542182274772720962 0.00000000099999999999 0.00000000099999999999 0.02125516214765442446 0.38342369475395826628 0.00000000099999999999 0.00000000099999999999 
0.30885532109190144689 0.18657397019165336549 0.01357432889438848350 0.00057389827887970046 0.00000000099999999998 0.47998494208938879968 0.01043753745378812534 0.00000000099999999998 
0.22112803118530394153 0.33212840272527471841 0.00000000099999999998 0.04954866821597263271 0.00000000099999999998 0.39719489387344869558 0.00000000099999999998 0.00000000099999999998 
0.00000000099999999960 0.00000000099999999960 0.00000000099999999960 0.00000000099999999960 0.00000000099999999960 0.00000000099999999960 0.00000000099999999960 0.99999999300000008695 
0.00000000099999999962 0.00000000099999999962 0.00000000099999999962 0.00000000099999999962 0.00000000099999999962 0.00000000099999999962 0.00000000099999999962 0.99999999299999997593 
0.00000000099999999955 0.00000000099999999955 0.00000000099999999955 0.00000000099999999955 0.00000000099999999955 0.00000000099999999955 0.00000000099999999955 0.99999999300000008695 
0.00000000099999999956 0.00000000099999999956 0.00000000099999999956 0.00000000099999999956 0.00000000099999999956 0.00000000099999999956 0.00000000099999999956 0.99999999300000008695 
0.00000000099999999957 0.00000000099999999957 0.00000000099999999957 0.00000000099999999957 0.00000000099999999957 0.00000000099999999957 0.00000000099999999957 0.99999999299999997593 
0.00000000099999999997 0.00000000099999999997 0.00000000099999999997 0.01814839400536066155 0.63430073127107877706 0.00000000099999999997 0.34755086972356052932 0.00000000099999999997 
0.33030303687949263969 0.38923226794268900308 0.00732028087153434315 0.00655913975162826166 0.00000000099999999999 0.26658527155465577829 0.00000000099999999999 0.00000000099999999999 
0.00000000099999999957 0.00000000099999999957 0.00000000099999999957 0.00000000099999999957 0.00000000099999999957 0.00000000099999999957 0.00000000099999999957 0.99999999299999997593 
0.00000000099999999963 0.00000000099999999963 0.00000000099999999963 0.00000000099999999963 0.00000000099999999963 0.00000000099999999963 0.00000000099999999963 0.99999999300000008695 
0.00000000099999999961 0.00000000099999999961 0.99999999299999997593 0.00000000099999999961 0.00000000099999999961 0.00000000099999999961 0.00000000099999999961 0.00000000099999999961 
0.00000000099999999961 0.00000000099999999961 0.99999999300000008695 0.00000000099999999961 0.00000000099999999961 0.00000000099999999961 0.00000000099999999961 0.00000000099999999961 
0.00000000099999999993 0.99999999300000008695 0.00000000099999999993 0.00000000099999999993 0.00000000099999999993 0.00000000099999999993 0.00000000099999999993 0.00000000099999999993 
0.00000000099999999959 0.00000000099999999959 0.00000000099999999959 0.00000000099999999959 0.00000000099999999959 0.00000000099999999959 0.00000000099999999959 0.99999999300000008695 
0.35316999560191836283 0.64682999839808175135 0.00000000099999999998 0.00000000099999999998 0.00000000099999999998 0.00000000099999999998 0.00000000099999999998 0.00000000099999999998 
0.00000000099999999996 0.00000000099999999996 0.00000000099999999996 0.00000000099999999996 0.00000000099999999996 0.99999999300000008695 0.00000000099999999996 0.00000000099999999996 
0.04359279652088045298 0.00000000099999999997 0.00000000099999999997 0.00000000099999999997 0.64931626688712384965 0.00000000099999999997 0.30709093159199563061 0.00000000099999999997 
0.07925955316826281682 0.36405782568723915604 0.00000000099999999998 0.02617934328550862791 0.01846472394180986507 0.51203855091717964676 0.00000000099999999998 0.00000000099999999998 
0.00000000099999999991 0.00000000099999999991 0.00000000099999999991 0.00000000099999999991 0.28029781481932986020 0.00000000099999999991 0.71970217918067003193 0.00000000099999999991 
0.00000000136100172467 0.83675321674564728802 0.00000000099999999993 0.16324677689335101438 0.00000000099999999993 0.00000000099999999993 0.00000000099999999993 0.00000000099999999993 
0.00000000099999999985 0.00000000099999999985 0.00000000099999999985 0.00000000099999999985 0.00000000099999999985 0.00000000099999999985 0.99999999299999997593 0.00000000099999999985 
0.99999999300000008695 0.00000000099999999991 0.00000000099999999991 0.00000000099999999991 0.00000000099999999991 0.00000000099999999991 0.00000000099999999991 0.00000000099999999991 
0.00000000099999999998 0.25929447972370206488 0.00334169685169053354 0.04177051302086171730 0.00000000099999999998 0.69559330640374572585 0.00000000099999999998 0.00000000099999999998 
0.00000000099999999963 0.00000000099999999963 0.00000000099999999963 0.00000000099999999963 0.00000000099999999963 0.00000000099999999963 0.00000000099999999963 0.99999999300000008695 
0.00000000099999999989 0.00000000099999999989 0.00000000099999999989 0.00000000099999999989 0.99999999299999997593 0.00000000099999999989 0.00000000099999999989 0.00000000099999999989 
0.00000000099999999957 0.00000000099999999957 0.00000000099999999957 0.00000000099999999957 0.00000000099999999957 0.00000000099999999957 0.00000000099999999957 0.99999999300000008695 
0.00000000099999999956 0.00000000099999999956 0.00000000099999999956 0.00000000099999999956 0.00000000099999999956 0.00000000099999999956 0.00000000099999999956 0.99999999299999997593 
0.46162071431408124855 0.52781827660012670123 0.00000000099999999998 0.00995279239598109017 0.00060753674839638652 0.00000067694141448596 0.00000000099999999998 0.00000000099999999998 
0.27647677096758954685 0.45690849502805858107 0.00000000099999999998 0.04521656463314813884 0.00000000099999999998 0.20323254908576846023 0.01816561728543519133 0.00000000099999999998 
0.17477777120429216495 0.39352939765893968360 0.00000000099999999997 0.00000000099999999997 0.01155182255993334253 0.42014100457683484224 0.00000000099999999997 0.00000000099999999997 
0.31784243814932111594 0.39713363200847151546 0.00000000099999999998 0.00000000099999999998 0.00000000099999999998 0.27498969712373000363 0.01003422871847738443 0.00000000099999999998 
0.00000000099999999996 0.00000000099999999996 0.00000000099999999996 0.09756737165078899210 0.00000000099999999996 0.90243262234921106657 0.00000000099999999996 0.00000000099999999996 
0.33589095658462453375 0.15958533237459948673 0.00042874077063369395 0.02897091811328841165 0.01555591671006301656 0.45956813344679081634 0.00000000099999999998 0.00000000099999999998 
0.00000000099999999993 0.99999999300000008695 0.00000000099999999993 0.00000000099999999993 0.00000000099999999993 0.00000000099999999993 0.00000000099999999993 0.00000000099999999993 
0.00000000099999999992 0.00000000099999999992 0.00000000099999999992 0.00000000099999999992 0.00000000099999999992 0.00000000099999999992 0.99999999299999997593 0.00000000099999999992 
0.21947046057202052038 0.22356562687146558366 0.00000000099999999997 0.05611345316473612815 0.00000000099999999997 0.50085045539177774909 0.00000000099999999997 0.00000000099999999997 
0.00000000099999999957 0.00000000099999999957 0.00000000099999999957 0.00000000099999999957 0.00000000099999999957 0.00000000099999999957 0.00000000099999999957 0.99999999300000008695 
0.00000000099999999995 0.99999999300000019797 0.00000000099999999995 0.00000000099999999995 0.00000000099999999995 0.00000000099999999995 0.00000000099999999995 0.00000000099999999995 
0.00000000099999999986 0.00000000099999999986 0.00000000099999999986 0.00000000099999999986 0.00000000099999999986 0.00000000099999999986 0.00000000099999999986 0.99999999300000008695 
0.00000000099999999962 0.00000000099999999962 0.00000000099999999962 0.00000000099999999962 0.00000000099999999962 0.00000000099999999962 0.00000000099999999962 0.99999999300000008695 
0.07732761921375445879 0.34415008093155402547 0.00000000099999999998 0.04991466024663771678 0.02220721563804184742 0.50640042097001203292 0.00000000099999999998 0.00000000099999999998 
0.00000000099999999997 0.35993353595719201898 0.00224629371202536522 0.00000000099999999997 0.00000000099999999997 0.63782016533078267351 0.00000000099999999997 0.00000000099999999997 
0.23618427049584017618 0.35760737315737101127 0.00000000099999999998 0.00000000099999999998 0.03418394594765313682 0.37202440639913586518 0.00000000099999999998 0.00000000099999999998 
0.00000000099999999967 0.00000000099999999967 0.00000000099999999967 0.00000000099999999967 0.00000000099999999967 0.00000000099999999967 0.00000000099999999967 0.99999999300000008695 
0.00000000099999999992 0.00000000099999999992 0.00000000099999999992 0.00000000099999999992 0.26593010528882488064 0.00000000099999999992 0.73406988871117506701 0.00000000099999999992 
0.00000000099999999988 0.00000000099999999988 0.00000000099999999988 0.00000000099999999988 0.99999999299999997593 0.00000000099999999988 0.00000000099999999988 0.00000000099999999988 
0.00000000099999999962 0.00000000099999999962 0.00000000099999999962 0.00000000099999999962 0.00000000099999999962 0.00000000099999999962 0.00000000099999999962 0.99999999299999997593 
0.19639018302037533625 0.38171769572457781017 0.00370666433451480445 0.00000000099999999999 0.00000000099999999999 0.40382884196542145894 0.01435661195511075787 0.00000000099999999999 
0.36840293984508171166 0.54738271135792426758 0.00041555010879539738 0.04394731653599368709 0.00000000099999999999 0.00000000099999999999 0.03985147915220500769 0.00000000099999999999 
0.00000000099999999964 0.00000000099999999964 0.00000000099999999964 0.00000000099999999964 0.00000000099999999964 0.00000000099999999964 0.00000000099999999964 0.99999999300000008695 
0.55931008800181558627 0.00000000099999999997 0.00000000099999999997 0.02048768201562101501 0.00000000099999999997 0.42020222498256354360 0.00000000099999999997 0.00000000099999999997 
0.00000000099999999988 0.00000000099999999988 0.00000000099999999988 0.00000000099999999988 0.99999999300000008695 0.00000000099999999988 0.00000000099999999988 0.00000000099999999988 
0.00000000099999999920 0.00000000099999999920 0.00000000099999999920 0.99999999300000008695 0.00000000099999999920 0.00000000099999999920 0.00000000099999999920 0.00000000099999999920 
0.11321074198373208552 0.20219391322007906897 0.00000000100000000000 0.01893553501899307781 0.03231022081939215196 0.63334958124150997349 0.00000000100000000000 0.00000000571629384969 
0.00000000099999999998 0.00000000099999999998 0.00000000099999999998 0.02497245191826693092 0.00750281887130408668 0.96752472421042901018 0.00000000099999999998 0.00000000099999999998 
0.00000000099999999996 0.00000000099999999996 0.00377690809077540265 0.00000000099999999996 0.00000000099999999996 0.99622308590922459270 0.00000000099999999996 0.00000000099999999996 
0.00000000099999999998 0.00000000376333484433 0.00251816329113400050 0.00000000099999999998 0.00000000099999999998 0.99748182794553119646 0.00000000099999999998 0.00000000099999999998 
0.32197762040931715566 0.00000000099999999998 0.00000000099999999998 0.00000000099999999998 0.00000000099999999998 0.67802237359068284750 0.00000000099999999998 0.00000000099999999998 
0.03962326966245867388 0.59895293319525422238 0.00000000099999999999 0.01346665839018407022 0.00000030365207783068 0.34795683210002542607 0.00000000099999999999 0.00000000099999999999 
0.40215320554792682861 0.19504072736309180369 0.00833393207804751339 0.02815395817845657914 0.00000002859731991666 0.36631814623515729368 0.00000000099999999999 0.00000000099999999999 
0.23295783168460812429 0.18888523703974904877 0.00000000099999999997 0.12026964480902797849 0.00000000099999999997 0.45788728246661475341 0.00000000099999999997 0.00000000099999999997 
0.00000000099999999986 0.00000000099999999986 0.00000000099999999986 0.00000000099999999986 0.00000000099999999986 0.00000000099999999986 0.99999999299999986491 0.00000000099999999986 
0.26478535284954335394 0.67564944973767471215 0.00000000099999999997 0.05956519241278204063 0.00000000099999999997 0.00000000099999999997 0.00000000099999999997 0.00000000099999999997 
0.00000000099999999995 0.00000000099999999995 0.00000000099999999995 0.00000000635213729052 0.00000000099999999995 0.99999998764786268701 0.00000000099999999995 0.00000000099999999995 
0.15612605618351949044 0.38057867152679342171 0.00000000099999999999 0.03223888632104603136 0.04460649515308253571 0.38644988781555861257 0.00000000099999999999 0.00000000099999999999 
0.00000000099999999995 0.00000000099999999995 0.00000000099999999995 0.00000000099999999995 0.00000000099999999995 0.99999999299999997593 0.00000000099999999995 0.00000000099999999995 
0.00000057535309351415 0.29234463142836908389 0.00000000099999999999 0.00000000099999999999 0.04851104279283331017 0.65914374642570405793 0.00000000099999999999 0.00000000099999999999 
0.17171208523344044794 0.00000000099999999998 0.00000000099999999998 0.01649165398857135867 0.00000000099999999998 0.81179625577798819602 0.00000000099999999998 0.00000000099999999998 
0.21641566781701096489 0.21814705088573879688 0.00000000099999999999 0.03920227406660948405 0.00017150296688253175 0.52175469900075388541 0.00430880326300430751 0.00000000099999999999 
0.00000000099999999988 0.00000000099999999988 0.00000000099999999988 0.00000000099999999988 0.00000000099999999988 0.00000000099999999988 0.99999999299999997593 0.00000000099999999988 
0.16947193241393984642 0.31402969053412610467 0.00979220175512953046 0.06530338099944296704 0.00000000099999999999 0.43163806125700121541 0.00976473104036035093 0.00000000099999999999 
0.24748446685091707309 0.17675476166833581360 0.01020533137119588457 0.00006115473362689616 0.00806348221464751533 0.55743080116127685653 0.00000000099999999999 0.00000000099999999999 
0.26114551217361048341 0.34536417924624185360 0.00000000100000000000 0.00000658474950403259 0.00000000100000000000 0.36808556701622341389 0.01461382946740761614 0.01078432534701269895 
0.00000000099999999991 0.00000000099999999991 0.00000000099999999991 0.00000000099999999991 0.00000000099999999991 0.00000000099999999991 0.99999999299999997593 0.00000000099999999991 
0.18633861109232499609 0.32741138749759007842 0.00000000100000000000 0.00711526753269567033 0.00000213498842242462 0.43567925757678338528 0.02476570673641747752 0.01868763357576594397 
0.99999999300000019797 0.00000000099999999992 0.00000000099999999992 0.00000000099999999992 0.00000000099999999992 0.00000000099999999992 0.00000000099999999992 0.00000000099999999992 
0.24606524173809646294 0.22002786330945126037 0.00000192910919518013 0.06981495071253752960 0.19396384296913990464 0.00000032353217280014 0.27012584762940683447 0.00000000099999999998 
