0.00000000099999999998 0.00000000099999999998 0.42600238300162701632 0.00000000099999999998 0.00000000099999999998 0.28504772534146655127 0.27646002774503708466 0.00000000099999999998 0.01248985691186937572 0.00000000099999999998 0.00000000099999999998 
0.00000000099999999987 0.00000000099999999987 0.00000000099999999987 0.99999999000000006077 0.00000000099999999987 0.00000000099999999987 0.00000000099999999987 0.00000000099999999987 0.00000000099999999987 0.00000000099999999987 0.00000000099999999987 
0.00000000099999999989 0.00000000099999999989 0.00000000099999999989 0.99999999000000017180 0.00000000099999999989 0.00000000099999999989 0.00000000099999999989 0.00000000099999999989 0.00000000099999999989 0.00000000099999999989 0.00000000099999999989 
0.00000000099999999997 0.24920154170346178746 0.25677700888193755180 0.00000000099999999997 0.08727695689470345297 0.36741702949086113561 0.00000000099999999997 0.03932745702903612389 0.00000000099999999997 0.00000000099999999997 0.00000000099999999997 
0.10169846243570673794 0.22518725512118556442 0.31779065394740413364 0.00000000099999999998 0.18079164876956321795 0.05412580641680792004 0.12040616830933241477 0.00000000099999999998 0.00000000099999999998 0.00000000099999999998 0.00000000099999999998 
0.00000000099999999995 0.44660050768206499550 0.00000000099999999995 0.00000000099999999995 0.00000000099999999995 0.00000000099999999995 0.55339948329004984284 0.00000000102788494550 0.00000000099999999995 0.00000000099999999995 0.00000000099999999995 
0.00000000099999999991 0.00000000099999999991 0.00000000099999999991 0.99999998999969175184 0.00000000099999999991 0.00000000099999999991 0.00000000099999999991 0.00000000100030824993 0.00000000099999999991 0.00000000099999999991 0.00000000099999999991 
0.00000000099999999989 0.00000000099999999989 0.00000000099999999989 0.74899639555692376636 0.00000000099999999989 0.00000000099999999989 0.00000000099999999989 0.25100359544307643267 0.00000000099999999989 0.00000000099999999989 0.00000000099999999989 
0.00000000099999999995 0.63238740673495275058 0.00000000099999999995 0.00000000099999999995 0.36761258426504744845 0.00000000099999999995 0.00000000099999999995 0.00000000099999999995 0.00000000099999999995 0.00000000099999999995 0.00000000099999999995 
0.00000000099999999989 0.00000000099999999989 0.00000000099999999989 0.99999999000000017180 0.00000000099999999989 0.00000000099999999989 0.00000000099999999989 0.00000000099999999989 0.00000000099999999989 0.00000000099999999989 0.00000000099999999989 
0.00000000099999999997 0.68720975322548916164 0.00000000099999999997 0.00000000099999999997 0.31279023777451114841 0.00000000099999999997 0.00000000099999999997 0.00000000099999999997 0.00000000099999999997 0.00000000099999999997 0.00000000099999999997 
0.07556085100611474592 0.15757354380968302543 0.48518139893081196901 0.00000002425492904639 0.00000000099999999997 0.06272994185972449732 0.21146504248357461675 0.00353611239140004616 0.00395308226376221792 0.00000000099999999997 0.00000000099999999997 
0.11526925102120837152 0.35257358890306117472 0.19935898777187677222 0.00000000099999999998 0.20268775399407659710 0.00000000099999999998 0.13011041230977729577 0.00000000099999999998 0.00000000099999999998 0.00000000099999999998 0.00000000099999999998 
0.00000000099999999998 0.23028298045138803629 0.39946542379998978278 0.00000000099999999998 0.00000000099999999998 0.11516547318103326214 0.23617659175760485901 0.00740130311757037848 0.01150822269241369954 0.00000000099999999998 0.00000000099999999998 
0.00000000099999999999 0.00000692288181707410 0.52622492069820125948 0.00000000099999999999 0.00000000099999999999 0.28560214826541469035 0.17627444796395891347 0.00000000099999999999 0.00538066974597843292 0.00000000099999999999 0.00651088544462960668 
0.07083485294831785850 0.14686291800336209734 0.32901768124837577068 0.04553705822858002128 0.07885669244963751379 0.05735906640013543195 0.24542458251830420735 0.00000000099999999998 0.02610714520328722560 0.00000000099999999998 0.00000000099999999998 
0.00000000099999999998 0.45865321362450728326 0.25623248886432953286 0.00000000099999999998 0.12377658778058672762 0.16133770273057643219 0.00000000099999999998 0.00000000099999999998 0.00000000099999999998 0.00000000099999999998 0.00000000099999999998 
0.00000000099999999990 0.99999999000000017180 0.00000000099999999990 0.00000000099999999990 0.00000000099999999990 0.00000000099999999990 0.00000000099999999990 0.00000000099999999990 0.00000000099999999990 0.00000000099999999990 0.00000000099999999990 
0.00000000099999999997 0.00000000099999999997 0.58635716562669204510 0.00000000099999999997 0.00000000099999999997 0.00000000109582306416 0.41364282527748497120 0.00000000099999999997 0.00000000099999999997 0.00000000099999999997 0.00000000099999999997 
0.00000000099999999995 0.00000000099999999995 0.39642324089494379580 0.00000000099999999995 0.29494503594865306706 0.19613636676701176609 0.11249534938939147188 0.00000000099999999995 0.00000000099999999995 0.00000000099999999995 0.00000000099999999995 
0.00000000099999999997 0.00000000099999999997 0.42485338350196166779 0.00000000099999999997 0.11227026113290453080 0.15684209006754767923 0.30603425829758623689 0.00000000099999999997 0.00000000099999999997 0.00000000099999999997 0.00000000099999999997 
0.00000000099999999990 0.00000000099999999990 0.00000000099999999990 0.99999999000000017180 0.00000000099999999990 0.00000000099999999990 0.00000000099999999990 0.00000000099999999990 0.00000000099999999990 0.00000000099999999990 0.00000000099999999990 
0.00000000099999999982 0.00000000099999999982 0.00000000099999999982 0.00000000099999999982 0.00000000099999999982 0.99999999000000006077 0.00000000099999999982 0.00000000099999999982 0.00000000099999999982 0.00000000099999999982 0.00000000099999999982 
0.99999999000000017180 0.00000000099999999947 0.00000000099999999947 0.00000000099999999947 0.00000000099999999947 0.00000000099999999947 0.00000000099999999947 0.00000000099999999947 0.00000000099999999947 0.00000000099999999947 0.00000000099999999947 
0.00000000099999999995 0.69247206808827410640 0.00000000099999999995 0.00000000099999999995 0.30448850481536299251 0.00000000099999999995 0.00000000099999999995 0.00303941909636309309 0.00000000099999999995 0.00000000099999999995 0.00000000099999999995 
0.00000000099999999994 0.63707711117907395160 0.00000000099999999994 0.00000000099999999994 0.00000000099999999994 0.36292287982092619192 0.00000000099999999994 0.00000000099999999994 0.00000000099999999994 0.00000000099999999994 0.00000000099999999994 
0.00000000099999999957 0.00000000099999999957 0.00000000099999999957 0.00000000099999999957 0.00000000099999999957 0.00000000099999999957 0.00000000099999999957 0.00000000099999999957 0.99999999000000006077 0.00000000099999999957 0.00000000099999999957 
0.00000000099999999951 0.00000000099999999951 0.00000000099999999951 0.00000000099999999951 0.00000000099999999951 0.00000000099999999951 0.00000000099999999951 0.00000000099999999951 0.99999998999999994975 0.00000000099999999951 0.00000000099999999951 
0.00000000099999999990 0.99999999000000028282 0.00000000099999999990 0.00000000099999999990 0.00000000099999999990 0.00000000099999999990 0.00000000099999999990 0.00000000099999999990 0.00000000099999999990 0.00000000099999999990 0.00000000099999999990 
0.00000410614106242160 0.58689312003591953548 0.41309893439517786362 0.00000000099999999996 0.00000000099999999996 0.00000000099999999996 0.00000000099999999996 0.00000000099999999996 0.00000383242784021353 0.00000000099999999996 0.00000000099999999996 
0.06940372230031212342 0.18559062332151177177 0.20715304922425825662 0.00000000124578254468 0.10942192639338509108 0.06092495877670442428 0.36750571473804588551 0.00000000099999999997 0.00000000099999999997 0.00000000099999999997 0.00000000099999999997 
0.19528694165617835332 0.00000000099999999983 0.00000000099999999983 0.63494320251043312453 0.00000000099999999983 0.00000000099999999983 0.00000000099999999983 0.16976984783338860963 0.00000000099999999983 0.00000000099999999983 0.00000000099999999983 
0.63245456786546283556 0.00000000099999999967 0.00000000099999999967 0.00000000099999999967 0.00000000099999999967 0.00000000099999999967 0.00000000099999999967 0.00000000099999999967 0.36754542313453736346 0.00000000099999999967 0.00000000099999999967 
0.00000000099999999996 0.39394444826465430110 0.31806573770076984609 0.00000000099999999996 0.00000000113815868426 0.28798366896157140404 0.00000613793484580140 0.00000000099999999996 0.00000000099999999996 0.00000000099999999996 0.00000000099999999996 
0.00000000099999999950 0.00000000099999999950 0.00000000099999999950 0.00000000099999999950 0.00000000099999999950 0.00000000099999999950 0.00000000099999999950 0.00000000099999999950 0.00000000099999999950 0.55751896742898521264 0.44248102357101487536 
0.00000000099999999939 0.00000000099999999939 0.00000000099999999939 0.00000000099999999939 0.00000000099999999939 0.00000000099999999939 0.00000000099999999939 0.00000000099999999939 0.00000000099999999939 0.51190302272789001137 0.48809696827211002113 
0.00000000099999999932 0.00000000099999999932 0.00000000099999999932 0.00000000099999999932 0.00000000099999999932 0.00000000099999999932 0.00000000099999999932 0.00000000099999999932 0.00000000099999999932 0.00000000099999999932 0.99999999000000006077 
0.00000000099999999958 0.00000000099999999958 0.00000000099999999958 0.00000000099999999958 0.00000000099999999958 0.00000000099999999958 0.00000000099999999958 0.00000000099999999958 0.99999998999999994975 0.00000000099999999958 0.00000000099999999958 
0.00000000099999999952 0.00000000099999999952 0.00000000099999999952 0.00000000099999999952 0.00000000099999999952 0.00000000099999999952 0.00000000099999999952 0.00000000099999999952 0.99999998999999994975 0.00000000099999999952 0.00000000099999999952 
0.00276267127619268240 0.19996416012620230052 0.34286844702067098556 0.00000000099999999996 0.26099417730234208967 0.19341053827459209202 0.00000000099999999996 0.00000000099999999996 0.00000000099999999996 0.00000000099999999996 0.00000000099999999996 
0.00000000099999999989 0.00000000099999999989 0.00000000099999999989 0.32927618318974016809 0.00000000099999999989 0.00000000099999999989 0.00000000099999999989 0.67072380781025975338 0.00000000099999999989 0.00000000099999999989 0.00000000099999999989 
0.00000000099999999955 0.00000000099999999955 0.00000000099999999955 0.00000000099999999955 0.00000000099999999955 0.00000000099999999955 0.00000000099999999955 0.00000000099999999955 0.99999998999999994975 0.00000000099999999955 0.00000000099999999955 
0.00000000099999999997 0.60054484132641272609 0.00000000099999999997 0.00000000099999999997 0.00000000099999999997 0.39945514967358752845 0.00000000099999999997 0.00000000099999999997 0.00000000099999999997 0.00000000099999999997 0.00000000099999999997 
0.00000000099999999988 0.00000000099999999988 0.00000000099999999988 0.99999999000000006077 0.00000000099999999988 0.00000000099999999988 0.00000000099999999988 0.00000000099999999988 0.00000000099999999988 0.00000000099999999988 0.00000000099999999988 
0.00000000099999999960 0.00000000099999999960 0.00000000099999999960 0.00000000099999999960 0.00000000099999999960 0.00000000099999999960 0.00000000099999999960 0.00000000099999999960 0.99999999000000006077 0.00000000099999999960 0.00000000099999999960 
0.08787034023619437473 0.32149821484811907935 0.44046502992614555705 0.00000000099999999997 0.00000000099999999997 0.11619719706262260361 0.03376898210929608901 0.00000000099999999997 0.00020023081762250903 0.00000000099999999997 0.00000000099999999997 
0.00000000099999999955 0.00000000099999999955 0.00000000099999999955 0.00000000099999999955 0.00000000099999999955 0.00000000099999999955 0.00000000099999999955 0.00000000099999999955 0.99999999000000006077 0.00000000099999999955 0.00000000099999999955 
0.00000000099999999990 0.00000000099999999990 0.00000000099999999990 0.51368368877052372756 0.00000000099999999990 0.00000000099999999990 0.00000000099999999990 0.48631630222947630493 0.00000000099999999990 0.00000000099999999990 0.00000000099999999990 
0.00000000099999999969 0.00000000099999999969 0.00000000099999999969 0.00000000099999999969 0.00000000099999999969 0.00000000099999999969 0.00000000099999999969 0.99999999000000006077 0.00000000099999999969 0.00000000099999999969 0.00000000099999999969 
0.00000000099999999949 0.00000000099999999949 0.00000000099999999949 0.00000000099999999949 0.00000000099999999949 0.00000000099999999949 0.00000000099999999949 0.00000000099999999949 0.99999998999999994975 0.00000000099999999949 0.00000000099999999949 
0.00000000099999999954 0.00000000099999999954 0.00000000099999999954 0.00000000099999999954 0.00000000099999999954 0.00000000099999999954 0.00000000099999999954 0.00000000099999999954 0.99999998999999994975 0.00000000099999999954 0.00000000099999999954 
0.00000000099999999988 0.00000000099999999988 0.00000000099999999988 0.99999999000000006077 0.00000000099999999988 0.00000000099999999988 0.00000000099999999988 0.00000000099999999988 0.00000000099999999988 0.00000000099999999988 0.00000000099999999988 
0.00000000099999999993 0.00000000099999999993 0.00000000099999999993 0.73759169834859650283 0.00000000099999999993 0.00000000099999999993 0.00000000099999999993 0.26240829265140364068 0.00000000099999999993 0.00000000099999999993 0.00000000099999999993 
0.00000000099999999994 0.00000000099999999994 0.00000000099999999994 0.57254078816034581489 0.00000000099999999994 0.00000000099999999994 0.00000000099999999994 0.42745920283965421760 0.00000000099999999994 0.00000000099999999994 0.00000000099999999994 
0.00000000099999999961 0.00000000099999999961 0.00000000099999999961 0.00000000099999999961 0.00000000099999999961 0.00000000099999999961 0.00000000099999999961 0.00000000099999999961 0.99999998999999994975 0.00000000099999999961 0.00000000099999999961 
0.17700255044565030293 0.00000000099999999998 0.64063460527507176678 0.02574279120766016435 0.15661999494446890435 0.00000000099999999998 0.00000005212714905948 0.00000000099999999998 0.00000000099999999998 0.00000000099999999998 0.00000000099999999998 
0.00000000099999999983 0.00000000099999999983 0.00000000099999999983 0.00000000099999999983 0.00000000099999999983 0.99999999000000017180 0.00000000099999999983 0.00000000099999999983 0.00000000099999999983 0.00000000099999999983 0.00000000099999999983 
0.00000000099999999995 0.00000000099999999995 0.58811158083967685073 0.00000000099999999995 0.00000000099999999995 0.00009359791741308207 0.41179481318264155032 0.00000000106026850726 0.00000000099999999995 0.00000000099999999995 0.00000000099999999995 
0.00000000099999999995 0.00000000099999999995 0.56685519624759628243 0.00000000099999999995 0.00000000099999999995 0.43314479475240369455 0.00000000099999999995 0.00000000099999999995 0.00000000099999999995 0.00000000099999999995 0.00000000099999999995 
0.00000000099999999990 0.00000000099999999990 0.00000000099999999990 0.55102577989124357227 0.00000000099999999990 0.00000000099999999990 0.00000000099999999990 0.44897421110875634920 0.00000000099999999990 0.00000000099999999990 0.00000000099999999990 
0.00000000099999999999 0.23131217789130742446 0.23105300043815987787 0.00000000099999999999 0.18598062772844653479 0.06992302426271131133 0.28173116367937472981 0.00000000099999999999 0.00000000099999999999 0.00000000099999999999 0.00000000099999999999 
0.00000000099999999940 0.00000000099999999940 0.00000000099999999940 0.00000000099999999940 0.00000000099999999940 0.00000000099999999940 0.00000000099999999940 0.00000000099999999940 0.00000000099999999940 0.00000000099999999940 0.99999998999999994975 
0.00000000099999999976 0.00000000099999999976 0.00000000099999999976 0.00000000099999999976 0.99999999000000006077 0.00000000099999999976 0.00000000099999999976 0.00000000099999999976 0.00000000099999999976 0.00000000099999999976 0.00000000099999999976 
0.00000000099999999936 0.00000000099999999936 0.00000000099999999936 0.00000000099999999936 0.00000000099999999936 0.00000000099999999936 0.00000000099999999936 0.00000000099999999936 0.00000000099999999936 0.99999999000000006077 0.00000000099999999936 
0.18257667043207859159 0.00000000327530585049 0.52407262916977992440 0.00000000099999999996 0.29335069012283582213 0.00000000099999999996 0.00000000099999999996 0.00000000099999999996 0.00000000099999999996 0.00000000099999999996 0.00000000099999999996 
0.00000000099999999935 0.00000000099999999935 0.00000000099999999935 0.00000000099999999935 0.00000000099999999935 0.00000000099999999935 0.00000000099999999935 0.00000000099999999935 0.00000000099999999935 0.99999999000000006077 0.00000000099999999935 
0.00000000099999999984 0.00000000099999999984 0.00000000099999999984 0.00000000099999999984 0.00000000099999999984 0.00000000099999999984 0.99999998999999994975 0.00000000099999999984 0.00000000099999999984 0.00000000099999999984 0.00000000099999999984 
0.10286042618151260142 0.00000000099999999996 0.46233584829118157256 0.00000000099999999996 0.00000000099999999996 0.00000000099999999996 0.43480371752730601065 0.00000000099999999996 0.00000000099999999996 0.00000000099999999996 0.00000000099999999996 
0.00000000099999999984 0.00000000099999999984 0.00000000099999999984 0.99999999000000017180 0.00000000099999999984 0.00000000099999999984 0.00000000099999999984 0.00000000099999999984 0.00000000099999999984 0.00000000099999999984 0.00000000099999999984 
0.00000000099999999995 0.24416945730510022927 0.57257945597306447727 0.00000000099999999995 0.00000049953618075126 0.18325057994494878266 0.00000000124070591248 0.00000000099999999995 0.00000000099999999995 0.00000000099999999995 0.00000000099999999995 
0.00000000099999999940 0.00000000099999999940 0.00000000099999999940 0.00000000099999999940 0.00000000099999999940 0.00000000099999999940 0.00000000099999999940 0.00000000099999999940 0.00000000099999999940 0.00000000099999999940 0.99999998999999994975 
0.00000000099999999944 0.00000000099999999944 0.00000000099999999944 0.00000000099999999944 0.00000000099999999944 0.00000000099999999944 0.00000000099999999944 0.00000000099999999944 0.00000000099999999944 0.00000000099999999944 0.99999999000000006077 
0.00000000099999999997 0.17089598504051675687 0.17600124312844131480 0.00000000099999999997 0.08275445508042184040 0.19068068166275220499 0.29373027827484249341 0.08593735181302529502 0.00000000099999999997 0.00000000099999999997 0.00000000099999999997 
0.00000000099999999989 0.00000000099999999989 0.00000000099999999989 0.58594416676569682778 0.00000000099999999989 0.00000000099999999989 0.00000000099999999989 0.41405582423430320471 0.00000000099999999989 0.00000000099999999989 0.00000000099999999989 
0.00000000099999999963 0.00000000099999999963 0.00000000099999999963 0.00000000099999999963 0.00000000099999999963 0.00000000099999999963 0.00000000099999999963 0.00000000099999999963 0.99999998999999994975 0.00000000099999999963 0.00000000099999999963 
0.00000000099999999986 0.00000000099999999986 0.00000000099999999986 0.99999999000000006077 0.00000000099999999986 0.00000000099999999986 0.00000000099999999986 0.00000000099999999986 0.00000000099999999986 0.00000000099999999986 0.00000000099999999986 
0.00000000099999999995 0.00000000099999999995 0.99839147261643124143 0.00160851838356891792 0.00000000099999999995 0.00000000099999999995 0.00000000099999999995 0.00000000099999999995 0.00000000099999999995 0.00000000099999999995 0.00000000099999999995 
0.00000000099999999937 0.00000000099999999937 0.00000000099999999937 0.00000000099999999937 0.00000000099999999937 0.00000000099999999937 0.00000000099999999937 0.00000000099999999937 0.00000000099999999937 0.00000000099999999937 0.99999999000000006077 
0.00000000099999999945 0.00000000099999999945 0.00000000099999999945 0.00000000099999999945 0.00000000099999999945 0.00000000099999999945 0.00000000099999999945 0.00000000099999999945 0.99999999000000006077 0.00000000099999999945 0.00000000099999999945 
0.00000000099999999948 0.00000000099999999948 0.00000000099999999948 0.00000000099999999948 0.00000000099999999948 0.00000000099999999948 0.00000000099999999948 0.00000000099999999948 0.00000000099999999948 0.00000000099999999948 0.99999998999999994975 
0.00000000099999999985 0.00000000099999999985 0.00000000099999999985 0.00000000099999999985 0.00000000099999999985 0.99999999000000006077 0.00000000099999999985 0.00000000099999999985 0.00000000099999999985 0.00000000099999999985 0.00000000099999999985 
0.00000000099999999982 0.00000000099999999982 0.00000000099999999982 0.99999999000000017180 0.00000000099999999982 0.00000000099999999982 0.00000000099999999982 0.00000000099999999982 0.00000000099999999982 0.00000000099999999982 0.00000000099999999982 
0.00000000099999999985 0.00000000099999999985 0.00000000099999999985 0.99999999000000017180 0.00000000099999999985 0.00000000099999999985 0.00000000099999999985 0.00000000099999999985 0.00000000099999999985 0.00000000099999999985 0.00000000099999999985 
0.99999999000000028282 0.00000000099999999973 0.00000000099999999973 0.00000000099999999973 0.00000000099999999973 0.00000000099999999973 0.00000000099999999973 0.00000000099999999973 0.00000000099999999973 0.00000000099999999973 0.00000000099999999973 
0.08027653014017348265 0.14620414205791440465 0.45109561641871576132 0.00000000099999999999 0.04287771841799499495 0.25793614723831348456 0.00000000099999999999 0.00466195155095041561 0.01694789017593754249 0.00000000099999999999 0.00000000099999999999 
0.00000000099999999996 0.29139241385625014313 0.21039964399992236443 0.00000000099999999996 0.19824455701926901874 0.28955337565293920443 0.00000000099999999996 0.01041000347161925854 0.00000000099999999996 0.00000000099999999996 0.00000000099999999996 
0.00000000099999999994 0.67193423629985093992 0.00000000099999999994 0.00000000099999999994 0.00000000099999999994 0.00000000099999999994 0.32806575470014937013 0.00000000099999999994 0.00000000099999999994 0.00000000099999999994 0.00000000099999999994 
0.05203208570861558163 0.35592765109421331537 0.23896455132718233405 0.00000000099999999997 0.24100158961613343811 0.11207411625385552134 0.00000000099999999997 0.00000000099999999997 0.00000000099999999997 0.00000000099999999997 0.00000000099999999997 
0.00000000099999999995 0.00000000153256504911 0.58018107773875882138 0.00000000099999999995 0.03736115237448043441 0.21090764671435355271 0.17155011563984223777 0.00000000099999999995 0.00000000099999999995 0.00000000099999999995 0.00000000099999999995 
0.10926137291798158901 0.36504017050725967586 0.00000000099999999994 0.00000000099999999994 0.26403778136250083408 0.00000000099999999994 0.26166066821225786310 0.00000000099999999994 0.00000000099999999994 0.00000000099999999994 0.00000000099999999994 
0.99999999000000017180 0.00000000099999999975 0.00000000099999999975 0.00000000099999999975 0.00000000099999999975 0.00000000099999999975 0.00000000099999999975 0.00000000099999999975 0.00000000099999999975 0.00000000099999999975 0.00000000099999999975 
0.00000000099999999998 0.17602657430579371489 0.42318365496712961882 0.03481105380669298477 0.18891394791595081393 0.17706272215211965593 0.00000000099999999998 0.00000204185231318526 0.00000000099999999998 0.00000000099999999998 0.00000000099999999998 
0.00000000099999999987 0.00000000099999999987 0.00000000099999999987 0.99999999000000017180 0.00000000099999999987 0.00000000099999999987 0.00000000099999999987 0.00000000099999999987 0.00000000099999999987 0.00000000099999999987 0.00000000099999999987 
0.00000000099999999995 0.00000000099999999995 0.00000014731936582983 0.74809256542293289804 0.03062286632564711203 0.00000000099999999995 0.00000000099999999995 0.22128441393205416921 0.00000000099999999995 0.00000000099999999995 0.00000000099999999995 
0.00000000099999999959 0.00000000099999999959 0.00000000099999999959 0.00000000099999999959 0.00000000099999999959 0.00000000099999999959 0.00000000099999999959 0.00000000099999999959 0.00000000099999999959 0.00000000099999999959 0.99999998999999994975 
0.00000000099999999993 0.00000000099999999993 0.00000000099999999993 0.60731697975086285091 0.00000000099999999993 0.00000000099999999993 0.00000000099999999993 0.39268301124913718159 0.00000000099999999993 0.00000000099999999993 0.00000000099999999993 
0.00000000099999999990 0.00000000099999999990 0.00000000099999999990 0.35469058693791422066 0.00000000099999999990 0.00000000099999999990 0.00000000099999999990 0.64530940406208558979 0.00000000099999999990 0.00000000099999999990 0.00000000099999999990 
0.00001154449291555827 0.23066233393079979552 0.53711188929304698458 0.00000000099999999997 0.00513013380746576899 0.00003736682873445829 0.19678091017668827845 0.03026558750898762640 0.00000023096136143130 0.00000000099999999997 0.00000000099999999997 
0.00000000099999999939 0.00000000099999999939 0.00000000099999999939 0.00000000099999999939 0.00000000099999999939 0.00000000099999999939 0.00000000099999999939 0.00000000099999999939 0.00000000099999999939 0.36891831599035895817 0.63108167500964096330 
0.00000000099999999997 0.21636582048150404534 0.48621595098757297571 0.00000000099999999997 0.00066922207333627718 0.26793169896364610327 0.02881730149394084659 0.00000000099999999997 0.00000000099999999997 0.00000000099999999997 0.00000000099999999997 
0.00000000099999999995 0.56011404506705742001 0.00000000099999999995 0.00000000099999999995 0.43988594593294266799 0.00000000099999999995 0.00000000099999999995 0.00000000099999999995 0.00000000099999999995 0.00000000099999999995 0.00000000099999999995 
0.00000000099999999998 0.38894531394587505968 0.34009504028489412342 0.00000000099999999998 0.00000000099999999998 0.00000000099999999998 0.27095963719351112697 0.00000000099999999998 0.00000000157571990550 0.00000000099999999998 0.00000000099999999998 
0.00000000099999999997 0.22633378838495291085 0.72007396719653715689 0.00000000099999999997 0.00000000099999999997 0.00000000099999999997 0.00000276444105022073 0.05358947297745988297 0.00000000099999999997 0.00000000099999999997 0.00000000099999999997 
0.05604235697871471494 0.18399937184402381796 0.49603552537530903876 0.00000000099999999996 0.26392273880195254998 0.00000000099999999996 0.00000000099999999996 0.00000000099999999996 0.00000000099999999996 0.00000000099999999996 0.00000000099999999996 
0.00000000099999999993 0.42751160352162009826 0.00000000099999999993 0.00000000099999999993 0.00000000099999999993 0.57248838747837982321 0.00000000099999999993 0.00000000099999999993 0.00000000099999999993 0.00000000099999999993 0.00000000099999999993 
0.00000000099999999994 0.00000000099999999994 0.99999999000000006077 0.00000000099999999994 0.00000000099999999994 0.00000000099999999994 0.00000000099999999994 0.00000000099999999994 0.00000000099999999994 0.00000000099999999994 0.00000000099999999994 
0.00000000099999999984 0.00000000099999999984 0.00000000099999999984 0.00000000099999999984 0.00000000099999999984 0.99999999000000006077 0.00000000099999999984 0.00000000099999999984 0.00000000099999999984 0.00000000099999999984 0.00000000099999999984 
0.00000000099999999999 0.09684930977725296486 0.45344289440569618410 0.01112271790785886519 0.22518271313107066089 0.05119865094844918557 0.13318409670993003324 0.00000312272871102008 0.02901649139103113992 0.00000000099999999999 0.00000000099999999999 
0.00000000099999999997 0.61405033932957064913 0.00000176697422965440 0.00000000099999999997 0.38025216778227954872 0.00000000099999999997 0.00000000099999999997 0.00569571891392035758 0.00000000099999999997 0.00000000099999999997 0.00000000099999999997 
0.00000000099999999990 0.00000000099999999990 0.99999999000000017180 0.00000000099999999990 0.00000000099999999990 0.00000000099999999990 0.00000000099999999990 0.00000000099999999990 0.00000000099999999990 0.00000000099999999990 0.00000000099999999990 
0.00000000099999999985 0.00000000099999999985 0.00000000099999999985 0.00000000099999999985 0.00000000099999999985 0.00000000099999999985 0.99999998999999994975 0.00000000099999999985 0.00000000099999999985 0.00000000099999999985 0.00000000099999999985 
0.00000000099999999993 0.76077928289580099008 0.00000000099999999993 0.00000000099999999993 0.23922070810419920894 0.00000000099999999993 0.00000000099999999993 0.00000000099999999993 0.00000000099999999993 0.00000000099999999993 0.00000000099999999993 
0.01006207126259067372 0.00000000099999999995 0.52891916097157209986 0.00000000099999999995 0.00000000099999999995 0.00000000099999999995 0.46101875976583744920 0.00000000099999999995 0.00000000099999999995 0.00000000099999999995 0.00000000099999999995 
0.03349586140293143305 0.23021646351957630872 0.28127092292043409660 0.00000000099999999997 0.11940132860084416710 0.00000000099999999997 0.33561541755621410177 0.00000000099999999997 0.00000000099999999997 0.00000000099999999997 0.00000000099999999997 
0.15352431481527425983 0.00000000099999999996 0.41102720444747764539 0.00000000099999999996 0.16021582951168916731 0.27292349888383449219 0.00000000099999999996 0.00230914634172461669 0.00000000099999999996 0.00000000099999999996 0.00000000099999999996 
0.03411882645640015865 0.20437803124982090175 0.36332233821577147870 0.00035454272830292926 0.00000000099999999999 0.17162245216209048859 0.22620380418761429353 0.00000000099999999999 0.00000000099999999999 0.00000000099999999999 0.00000000099999999999 
0.00190567429077144381 0.17746261759940329394 0.37288473195437704666 0.03318779560137417178 0.00000000099999999998 0.27849973753052820191 0.13605943802354583672 0.00000000099999999998 0.00000000099999999998 0.00000000099999999998 0.00000000099999999998 
0.06870203080998579792 0.33229020499230443875 0.37562772623467172162 0.00000000099999999998 0.00000168306135651586 0.07840956354893370561 0.14496878635274798586 0.00000000099999999998 0.00000000099999999998 0.00000000099999999998 0.00000000099999999998 
0.00000000099999999988 0.99999999000000017180 0.00000000099999999988 0.00000000099999999988 0.00000000099999999988 0.00000000099999999988 0.00000000099999999988 0.00000000099999999988 0.00000000099999999988 0.00000000099999999988 0.00000000099999999988 
0.08026560746325865636 0.16858442539303500340 0.31254202161845340280 0.01917984105004127970 0.10483055564412312177 0.12273637195222088236 0.12488501661137924037 0.00000000100000000000 0.00000124146390368803 0.00094247076319005493 0.06603244704039488988 
0.08962067702074205666 0.16221741319582033691 0.40444516310418948679 0.00000000099999999996 0.11998188564647845056 0.22373485487146591022 0.00000000116130385840 0.00000000099999999996 0.00000000099999999996 0.00000000099999999996 0.00000000099999999996 
0.09770257004658150501 0.58939085260743762085 0.00000000099999999994 0.00000000099999999994 0.00000000099999999994 0.00000142216801518473 0.31290514817796577507 0.00000000099999999994 0.00000000099999999994 0.00000000099999999994 0.00000000099999999994 
0.00000000099999999994 0.42611464915342445181 0.25628623616186863021 0.00861024568794716699 0.00000000099999999994 0.00000000099999999994 0.30898886199675990039 0.00000000099999999994 0.00000000099999999994 0.00000000099999999994 0.00000000099999999994 
0.06766712350194738212 0.00000000099999999996 0.47586759424705232790 0.00000000099999999996 0.00000000099999999996 0.45397511142947677421 0.00000000186060156525 0.00000000099999999996 0.00249016296092195505 0.00000000099999999996 0.00000000099999999996 
0.07172257623138188209 0.51261714041463712910 0.00213825167980731664 0.00000000099999999996 0.15595631100284232384 0.25743371611714560565 0.00013199955418602573 0.00000000099999999996 0.00000000099999999996 0.00000000099999999996 0.00000000099999999996 
0.12369847787790505533 0.24298996307982381748 0.42171768778657958698 0.00000000099999999999 0.00000000099999999999 0.21159386425569173817 0.00000000099999999999 0.00000000099999999999 0.00000000099999999999 0.00000000099999999999 0.00000000099999999999 
0.07348543505491302030 0.39459143406649122010 0.22702911691611127321 0.00000000099999999997 0.30241333099141931573 0.00000000099999999997 0.00247884858107032344 0.00000182938999481526 0.00000000099999999997 0.00000000099999999997 0.00000000099999999997 
0.00000000099999999993 0.00000000099999999993 0.49293260666938781833 0.00000000099999999993 0.00000528001742035760 0.00000000099999999993 0.50706210531319184653 0.00000000099999999993 0.00000000099999999993 0.00000000099999999993 0.00000000099999999993 
0.00000000506459073550 0.37200554287299653078 0.33372658905077123848 0.02718158351120791849 0.26708626798242018907 0.00000000099999999996 0.00000000099999999996 0.00000000651801362086 0.00000000099999999996 0.00000000099999999996 0.00000000099999999996 
0.00000000099999999987 0.00000000099999999987 0.00000000099999999987 0.99999999000000006077 0.00000000099999999987 0.00000000099999999987 0.00000000099999999987 0.00000000099999999987 0.00000000099999999987 0.00000000099999999987 0.00000000099999999987 
0.00000000099999999975 0.00000000099999999975 0.00000000099999999975 0.00000000099999999975 0.00000000099999999975 0.00000000099999999975 0.00000000099999999975 0.99999999000000006077 0.00000000099999999975 0.00000000099999999975 0.00000000099999999975 
0.00000000099999999941 0.00000000099999999941 0.00000000099999999941 0.00000000099999999941 0.00000000099999999941 0.00000000099999999941 0.00000000099999999941 0.00000000099999999941 0.00000000099999999941 0.99999999000000006077 0.00000000099999999941 
0.00000000099999999948 0.00000000099999999948 0.00000000099999999948 0.00000000099999999948 0.00000000099999999948 0.00000000099999999948 0.00000000099999999948 0.00000000099999999948 0.99999998999999994975 0.00000000099999999948 0.00000000099999999948 
0.05255253448423384544 0.00000000099999999998 0.00000000099999999998 0.62495725166764948266 0.00000000099999999998 0.00000000099999999998 0.03150405142280701676 0.25614955851568527168 0.03483659790962443520 0.00000000099999999998 0.00000000099999999998 
0.06149370396905686625 0.17060258671498954031 0.32751621447825635114 0.00000000099999999997 0.04070951584757099423 0.15003407748887082063 0.24964389650125548559 0.00000000099999999997 0.00000000099999999997 0.00000000099999999997 0.00000000099999999997 
0.00000000099999999979 0.00000000099999999979 0.00000000099999999979 0.00000000099999999979 0.99999999000000006077 0.00000000099999999979 0.00000000099999999979 0.00000000099999999979 0.00000000099999999979 0.00000000099999999979 0.00000000099999999979 
0.00000000099999999995 0.00000000099999999995 0.00000000099999999995 0.54020680137545540322 0.00000000099999999995 0.00000000099999999995 0.00000000099999999995 0.45979318962454468478 0.00000000099999999995 0.00000000099999999995 0.00000000099999999995 
0.00000000099999999995 0.00000000099999999995 0.68077232148240096610 0.00000000099999999995 0.00000000099999999995 0.00000014647440303456 0.31922752404319615360 0.00000000099999999995 0.00000000099999999995 0.00000000099999999995 0.00000000099999999995 
0.00000000099999999991 0.00000000099999999991 0.99999999000000017180 0.00000000099999999991 0.00000000099999999991 0.00000000099999999991 0.00000000099999999991 0.00000000099999999991 0.00000000099999999991 0.00000000099999999991 0.00000000099999999991 
0.00000000099999999982 0.00000000099999999982 0.00000000099999999982 0.00000000099999999982 0.00000000099999999982 0.99999999000000006077 0.00000000099999999982 0.00000000099999999982 0.00000000099999999982 0.00000000099999999982 0.00000000099999999982 
0.00000000099999999946 0.00000000099999999946 0.00000000099999999946 0.00000000099999999946 0.00000000099999999946 0.00000000099999999946 0.00000000099999999946 0.00000000099999999946 0.00000000099999999946 0.52926135662919127078 0.47073863437080876171 
0.00000000099999999939 0.00000000099999999939 0.00000000099999999939 0.00000000099999999939 0.00000000099999999939 0.00000000099999999939 0.00000000099999999939 0.00000000099999999939 0.00000000099999999939 0.00000000099999999939 0.99999999000000006077 
0.00000000099999999928 0.00000000099999999928 0.00000000099999999928 0.00000000099999999928 0.00000000099999999928 0.00000000099999999928 0.00000000099999999928 0.00000000099999999928 0.00000000099999999928 0.99999999000000006077 0.00000000099999999928 
0.00000000099999999929 0.00000000099999999929 0.00000000099999999929 0.00000000099999999929 0.00000000099999999929 0.00000000099999999929 0.00000000099999999929 0.00000000099999999929 0.00000000099999999929 0.99999998999999994975 0.00000000099999999929 
0.00000000099999999937 0.00000000099999999937 0.00000000099999999937 0.00000000099999999937 0.00000000099999999937 0.00000000099999999937 0.00000000099999999937 0.00000000099999999937 0.00000000099999999937 0.00000000099999999937 0.99999998999999994975 
0.00000000099999999990 0.00000000099999999990 0.00000000099999999990 0.99999999000000017180 0.00000000099999999990 0.00000000099999999990 0.00000000099999999990 0.00000000099999999990 0.00000000099999999990 0.00000000099999999990 0.00000000099999999990 
0.16828005838085569046 0.00000000099999999996 0.38856149612362411716 0.00000000099999999996 0.21081515640498119102 0.23234328209053911607 0.00000000099999999996 0.00000000099999999996 0.00000000099999999996 0.00000000099999999996 0.00000000099999999996 
0.00000000099999999931 0.00000000099999999931 0.00000000099999999931 0.00000000099999999931 0.00000000099999999931 0.00000000099999999931 0.00000000099999999931 0.00000000099999999931 0.00000000099999999931 0.99999999000000006077 0.00000000099999999931 
0.00000000099999999941 0.00000000099999999941 0.00000000099999999941 0.00000000099999999941 0.00000000099999999941 0.00000000099999999941 0.00000000099999999941 0.00000000099999999941 0.00000000099999999941 0.00000000099999999941 0.99999998999999994975 
0.00000000099999999945 0.00000000099999999945 0.00000000099999999945 0.00000000099999999945 0.00000000099999999945 0.00000000099999999945 0.00000000099999999945 0.00000000099999999945 0.99999998999999994975 0.00000000099999999945 0.00000000099999999945 
0.00000000099999999946 0.00000000099999999946 0.00000000099999999946 0.00000000099999999946 0.00000000099999999946 0.00000000099999999946 0.00000000099999999946 0.00000000099999999946 0.99999998999999994975 0.00000000099999999946 0.00000000099999999946 
0.00000000099999999994 0.64093876404343652631 0.00000000099999999994 0.00000000099999999994 0.00000000099999999994 0.35906122695656350619 0.00000000099999999994 0.00000000099999999994 0.00000000099999999994 0.00000000099999999994 0.00000000099999999994 
0.00000000099999999936 0.00000000099999999936 0.00000000099999999936 0.00000000099999999936 0.00000000099999999936 0.00000000099999999936 0.00000000099999999936 0.00000000099999999936 0.00000000099999999936 0.00000000099999999936 0.99999998999999994975 
0.00000000099999999993 0.00000000099999999993 0.99999999000000017180 0.00000000099999999993 0.00000000099999999993 0.00000000099999999993 0.00000000099999999993 0.00000000099999999993 0.00000000099999999993 0.00000000099999999993 0.00000000099999999993 
0.00043568453510103232 0.00000000099999999995 0.41460895693335775292 0.00000000099999999995 0.20141743622015320647 0.00000000099999999995 0.38353791531138820003 0.00000000099999999995 0.00000000099999999995 0.00000000099999999995 0.00000000099999999995 
0.00000000099999999979 0.00000000099999999979 0.00000000099999999979 0.00000000099999999979 0.00000000099999999979 0.00000000099999999979 0.00000000099999999979 0.99999998999999994975 0.00000000099999999979 0.00000000099999999979 0.00000000099999999979 
0.08868762230007547209 0.28822395881981677235 0.49038941046016282233 0.00000000099999999996 0.13269900141994508957 0.00000000099999999996 0.00000000099999999996 0.00000000099999999996 0.00000000099999999996 0.00000000099999999996 0.00000000099999999996 
