0.00000001989543594974 0.27910606158499207119 0.00000000099999999999 0.00000000099999999999 0.00000000099999999999 0.35453463808298868454 0.02353406252046932878 0.34282521491611372966 
0.99999999300000008695 0.00000000099999999993 0.00000000099999999993 0.00000000099999999993 0.00000000099999999993 0.00000000099999999993 0.00000000099999999993 0.00000000099999999993 
0.99999999300000019797 0.00000000099999999994 0.00000000099999999994 0.00000000099999999994 0.00000000099999999994 0.00000000099999999994 0.00000000099999999994 0.00000000099999999994 
0.03116078622408452112 0.28605645563731457726 0.00000000099999999998 0.00000000099999999998 0.00000000099999999998 0.37173414508570090664 0.00776334258882890697 0.30328526746407113990 
0.00000000099999999996 0.00000000099999999996 0.11381538858181229623 0.00000000099999999996 0.00000000099999999996 0.88617641930168189468 0.00000000099999999996 0.00000818711650582135 
0.02568477939104318181 0.13811112621676147061 0.00000000099999999999 0.00016511696809955528 0.00000000099999999999 0.35484092675725542598 0.00000000099999999999 0.48119804766684026731 
0.97444686646233957816 0.00000000099999999995 0.02555312753766049785 0.00000000099999999995 0.00000000099999999995 0.00000000099999999995 0.00000000099999999995 0.00000000099999999995 
0.99999999300000019797 0.00000000099999999991 0.00000000099999999991 0.00000000099999999991 0.00000000099999999991 0.00000000099999999991 0.00000000099999999991 0.00000000099999999991 
0.00000000099999999999 0.41778411955015193335 0.00896513729907956122 0.01825799044156663914 0.00000000099999999999 0.22910767399928363974 0.00000000099999999999 0.32588507570991820383 
0.99999999300000019797 0.00000000099999999994 0.00000000099999999994 0.00000000099999999994 0.00000000099999999994 0.00000000099999999994 0.00000000099999999994 0.00000000099999999994 
0.00000013467541291118 0.49747338265241891619 0.03326587773484158961 0.00002981799471544720 0.00000000100000000000 0.26524684443600404782 0.00606863986759466432 0.19791530163901230321 
0.01088116528735226865 0.28344134160069994754 0.00000672818292349009 0.01102496307624052825 0.00000000099999999998 0.35033016271001332642 0.00000000099999999998 0.34431563714277035881 
0.00000000099999999999 0.43766324410738949302 0.03094717601115382424 0.00456128944590900812 0.00000000099999999999 0.28807102872061041143 0.00000000099999999999 0.23875725871493727603 
0.00000000099999999999 0.33972066956086993672 0.02997062369924419212 0.01516096247801492110 0.00000000099999999999 0.31695864946098945003 0.00000000099999999999 0.29818909180088143396 
0.00000000099999999999 0.48457443415279088939 0.00000625310856526313 0.00000000099999999999 0.00015847494985138228 0.49828217726411533350 0.01697848850294603543 0.00000017002173098981 
0.04700516949700989100 0.33443410150885588550 0.03825874510624681368 0.02810236858649759265 0.00000000099999999999 0.29316160948335528991 0.00000006963450220860 0.25903793518353224190 
0.00000000099999999999 0.38370664478933141917 0.01296582288569879393 0.00000000099999999999 0.00000000099999999999 0.25693289431694060765 0.00000000099999999999 0.34639463400802911197 
0.00000000099999999999 0.39807378587687136662 0.02692295560068706795 0.00000000099999999999 0.00095013553577534137 0.31962348859097294840 0.00283019719961248714 0.25159943519608074514 
0.00000000100000000000 0.21717779018905170041 0.00000000100000000000 0.01011628865454161467 0.00000000100000000000 0.33670420951182361557 0.00000000100000000000 0.43600170764458306971 
0.00000000099999999993 0.00000000099999999993 0.00000000099999999993 0.00000000099999999993 0.00000000099999999993 0.99999999300000008695 0.00000000099999999993 0.00000000099999999993 
0.00000000099999999994 0.99999999300000019797 0.00000000099999999994 0.00000000099999999994 0.00000000099999999994 0.00000000099999999994 0.00000000099999999994 0.00000000099999999994 
0.99999999300000008695 0.00000000099999999997 0.00000000099999999997 0.00000000099999999997 0.00000000099999999997 0.00000000099999999997 0.00000000099999999997 0.00000000099999999997 
0.01364600876698410757 0.62391474740059227333 0.01815497617248037349 0.00000000099999999998 0.00000000099999999998 0.34428426365994335701 0.00000000099999999998 0.00000000099999999998 
0.00000000099999999955 0.00000000099999999955 0.99999999299999997593 0.00000000099999999955 0.00000000099999999955 0.00000000099999999955 0.00000000099999999955 0.00000000099999999955 
0.02124373400847061680 0.25788461479771751517 0.02195045948085113177 0.00000000099999999998 0.00000000099999999998 0.37252329366156450297 0.00000000099999999998 0.32639789505139615855 
0.00000000099999999999 0.20779226935129582743 0.00606375778267153123 0.00000000099999999999 0.00000000099999999999 0.40438966089703387574 0.00000000099999999999 0.38175430796899878505 
0.00000000099999999963 0.00000000099999999963 0.00000000099999999963 0.00000000099999999963 0.00000000099999999963 0.00000000099999999963 0.99999999299999986491 0.00000000099999999963 
0.00000000099999999963 0.00000000099999999963 0.00000000099999999963 0.00000000099999999963 0.00000000099999999963 0.00000000099999999963 0.99999999299999997593 0.00000000099999999963 
0.00000000099999999998 0.54924907756562091343 0.05970707966224714919 0.00000000099999999998 0.00000000099999999998 0.00000000099999999998 0.00000000099999999998 0.39104383777213197471 
0.00000000099999999997 0.37731805515813598983 0.00000000099999999997 0.00000000099999999997 0.00000000099999999997 0.00000000099999999997 0.00000000099999999997 0.62268193884186373577 
0.00000000099999999993 0.99999999300000019797 0.00000000099999999993 0.00000000099999999993 0.00000000099999999993 0.00000000099999999993 0.00000000099999999993 0.00000000099999999993 
0.74227865352221944484 0.00000000099999999984 0.25772134047778072485 0.00000000099999999984 0.00000000099999999984 0.00000000099999999984 0.00000000099999999984 0.00000000099999999984 
0.00000000099999999976 0.00000000099999999976 0.65017851951415461809 0.00000000099999999976 0.00000000099999999976 0.00000000099999999976 0.34982147448584544058 0.00000000099999999976 
0.00000000099999999992 0.99999999300000019797 0.00000000099999999992 0.00000000099999999992 0.00000000099999999992 0.00000000099999999992 0.00000000099999999992 0.00000000099999999992 
0.00000000099999999966 0.00000000099999999966 0.00000000099999999966 0.00000000099999999966 0.99999999300000008695 0.00000000099999999966 0.00000000099999999966 0.00000000099999999966 
0.00000000099999999957 0.00000000099999999957 0.00000000099999999957 0.00000000099999999957 0.99999999300000008695 0.00000000099999999957 0.00000000099999999957 0.00000000099999999957 
0.00000000099999999958 0.00000000099999999958 0.00000000099999999958 0.00000000099999999958 0.99999999300000008695 0.00000000099999999958 0.00000000099999999958 0.00000000099999999958 
0.00000000099999999966 0.00000000099999999966 0.00000000099999999966 0.00000000099999999966 0.00000000099999999966 0.00000000099999999966 0.99999999299999986491 0.00000000099999999966 
0.00000000099999999962 0.00000000099999999962 0.00000000099999999962 0.00000000099999999962 0.00000000099999999962 0.00000000099999999962 0.99999999299999997593 0.00000000099999999962 
0.00000000099999999998 0.43207777107408595896 0.00408246074037858266 0.00000000099999999998 0.00000000099999999998 0.56383976318553541418 0.00000000099999999998 0.00000000099999999998 
0.99999999300000008695 0.00000000099999999996 0.00000000099999999996 0.00000000099999999996 0.00000000099999999996 0.00000000099999999996 0.00000000099999999996 0.00000000099999999996 
0.00000000099999999961 0.00000000099999999961 0.00000000099999999961 0.99999999299999997593 0.00000000099999999961 0.00000000099999999961 0.00000000099999999961 0.00000000099999999961 
0.00000000099999999996 0.00000000099999999996 0.00000000099999999996 0.00000000099999999996 0.00000000099999999996 0.99999999300000008695 0.00000000099999999996 0.00000000099999999996 
0.99999999300000019797 0.00000000099999999993 0.00000000099999999993 0.00000000099999999993 0.00000000099999999993 0.00000000099999999993 0.00000000099999999993 0.00000000099999999993 
0.00000000099999999963 0.00000000099999999963 0.00000000099999999963 0.99999999300000008695 0.00000000099999999963 0.00000000099999999963 0.00000000099999999963 0.00000000099999999963 
0.01004984117989389525 0.40347368950543538446 0.00000000099999999999 0.00782827209003451006 0.00000000099999999999 0.25051248061671438361 0.00000000099999999999 0.32813571360792187503 
0.00000000099999999972 0.00000000099999999972 0.00000000099999999972 0.39393415197669523486 0.00000000099999999972 0.00000000099999999972 0.60606584202330460176 0.00000000099999999972 
0.99999999300000008695 0.00000000099999999995 0.00000000099999999995 0.00000000099999999995 0.00000000099999999995 0.00000000099999999995 0.00000000099999999995 0.00000000099999999995 
0.99999999300000008695 0.00000000099999999990 0.00000000099999999990 0.00000000099999999990 0.00000000099999999990 0.00000000099999999990 0.00000000099999999990 0.00000000099999999990 
0.00000000099999999957 0.00000000099999999957 0.00000000099999999957 0.99999999300000008695 0.00000000099999999957 0.00000000099999999957 0.00000000099999999957 0.00000000099999999957 
0.00000000099999999961 0.00000000099999999961 0.00000000099999999961 0.99999999299999997593 0.00000000099999999961 0.00000000099999999961 0.00000000099999999961 0.00000000099999999961 
0.99999999300000019797 0.00000000099999999995 0.00000000099999999995 0.00000000099999999995 0.00000000099999999995 0.00000000099999999995 0.00000000099999999995 0.00000000099999999995 
0.99999999300000008695 0.00000000099999999995 0.00000000099999999995 0.00000000099999999995 0.00000000099999999995 0.00000000099999999995 0.00000000099999999995 0.00000000099999999995 
0.99999999300000019797 0.00000000099999999995 0.00000000099999999995 0.00000000099999999995 0.00000000099999999995 0.00000000099999999995 0.00000000099999999995 0.00000000099999999995 
0.00000000099999999965 0.00000000099999999965 0.00000000099999999965 0.99999999299999997593 0.00000000099999999965 0.00000000099999999965 0.00000000099999999965 0.00000000099999999965 
0.03862487587058995725 0.44505558900691033486 0.00669117792490807415 0.01549355407971039766 0.00000000100000000000 0.24753283008273299637 0.00000000100000000000 0.24660197103514830408 
0.00000000099999999998 0.51676824224555928389 0.00000000099999999998 0.02638811296076397708 0.00000000099999999998 0.45684363979367681452 0.00000000099999999998 0.00000000099999999998 
0.00000000099999999991 0.00000000099999999991 0.00000000099999999991 0.00000000099999999991 0.00000000099999999991 0.99999999299999997593 0.00000000099999999991 0.00000000099999999991 
0.00000000099999999998 0.64398686366780300006 0.02699024061670178901 0.00000000099999999998 0.00000000099999999998 0.32902289071549545296 0.00000000099999999998 0.00000000099999999998 
0.99999999300000008695 0.00000000099999999993 0.00000000099999999993 0.00000000099999999993 0.00000000099999999993 0.00000000099999999993 0.00000000099999999993 0.00000000099999999993 
0.00000000099999999994 0.00000000099999999994 0.00000000099999999994 0.00000000099999999994 0.00000000099999999994 0.00000000099999999994 0.00000000099999999994 0.99999999299999997593 
0.00000000099999999963 0.00000000099999999963 0.00000000099999999963 0.00000000099999999963 0.99999999299999997593 0.00000000099999999963 0.00000000099999999963 0.00000000099999999963 
0.00000000099999999992 0.00000000099999999992 0.00000000099999999992 0.00000000099999999992 0.00000000099999999992 0.99999999300000008695 0.00000000099999999992 0.00000000099999999992 
0.00000000099999999964 0.00000000099999999964 0.00000000099999999964 0.00000000099999999964 0.99999999300000008695 0.00000000099999999964 0.00000000099999999964 0.00000000099999999964 
0.00000000398829127581 0.23668381502368171510 0.11145302350336572239 0.00000000099999999997 0.00000000099999999997 0.24054730526822137859 0.00000000099999999997 0.41131584921643993269 
0.00000000099999999965 0.00000000099999999965 0.00000000099999999965 0.00000000099999999965 0.99999999300000008695 0.00000000099999999965 0.00000000099999999965 0.00000000099999999965 
0.00000000099999999992 0.00000000099999999992 0.00000000099999999992 0.00000000099999999992 0.00000000099999999992 0.00000000099999999992 0.00000000099999999992 0.99999999300000008695 
0.00000000099999999999 0.00000000099999999999 0.01110820654472015334 0.00070799433269146388 0.00000000099999999999 0.45026179833343388248 0.00000000099999999999 0.53792199678915442185 
0.99999999300000008695 0.00000000099999999992 0.00000000099999999992 0.00000000099999999992 0.00000000099999999992 0.00000000099999999992 0.00000000099999999992 0.00000000099999999992 
0.00000000099999999996 0.45524671672862909722 0.00000000099999999996 0.00000000099999999996 0.00000000099999999996 0.27503825082398697388 0.00000000099999999996 0.26971502744738368174 
0.00000000099999999966 0.00000000099999999966 0.00000000099999999966 0.00000000099999999966 0.99999999300000008695 0.00000000099999999966 0.00000000099999999966 0.00000000099999999966 
0.00000000099999999968 0.00000000099999999968 0.00000000099999999968 0.00000000099999999968 0.99999999300000008695 0.00000000099999999968 0.00000000099999999968 0.00000000099999999968 
0.07925774079129332961 0.32625039050773296800 0.00000000099999999999 0.01338109416840062814 0.00000000099999999999 0.35478747556225137538 0.00000000099999999999 0.22632329597032160851 
0.99999999300000008695 0.00000000099999999992 0.00000000099999999992 0.00000000099999999992 0.00000000099999999992 0.00000000099999999992 0.00000000099999999992 0.00000000099999999992 
0.00000000099999999963 0.00000000099999999963 0.00000000099999999963 0.99999999300000008695 0.00000000099999999963 0.00000000099999999963 0.00000000099999999963 0.00000000099999999963 
0.99999999300000008695 0.00000000099999999993 0.00000000099999999993 0.00000000099999999993 0.00000000099999999993 0.00000000099999999993 0.00000000099999999993 0.00000000099999999993 
0.02757941807705422896 0.36015332424455243077 0.02942867326741897827 0.00000000099999999999 0.00000000099999999999 0.30331373212543627504 0.00000000099999999999 0.27952484928553805732 
0.00000000099999999962 0.00000000099999999962 0.00000000099999999962 0.00000000099999999962 0.99999999299999997593 0.00000000099999999962 0.00000000099999999962 0.00000000099999999962 
0.00000000099999999957 0.00000000099999999957 0.00000000099999999957 0.00000000099999999957 0.00000000099999999957 0.00000000099999999957 0.99999999299999986491 0.00000000099999999957 
0.00000000099999999969 0.00000000099999999969 0.00000000099999999969 0.00000000099999999969 0.99999999299999997593 0.00000000099999999969 0.00000000099999999969 0.00000000099999999969 
0.00000000099999999999 0.38353523206818651570 0.00000000099999999999 0.02071900902436666150 0.00000000099999999999 0.59574575390744666237 0.00000000099999999999 0.00000000099999999999 
0.99999999300000019797 0.00000000099999999991 0.00000000099999999991 0.00000000099999999991 0.00000000099999999991 0.00000000099999999991 0.00000000099999999991 0.00000000099999999991 
0.99999999300000008695 0.00000000099999999992 0.00000000099999999992 0.00000000099999999992 0.00000000099999999992 0.00000000099999999992 0.00000000099999999992 0.00000000099999999992 
0.21820204342485960414 0.27529243485453963602 0.04834532739611891589 0.00036346155506497470 0.00000000099999999998 0.18521829777724707622 0.00000000099999999998 0.27257843299216988342 
0.00000000099999999998 0.98814967979943713061 0.00000000099999999998 0.00000000099999999998 0.00000000099999999998 0.00000000099999999998 0.01185031420056301479 0.00000000099999999998 
0.00000000099999999997 0.61198230376877138514 0.00000000099999999997 0.00000000099999999997 0.00000000099999999997 0.38801769023122884006 0.00000000099999999997 0.00000000099999999997 
0.01410667198290243771 0.40410184094080298101 0.01822574161994955366 0.00000000099999999998 0.00000000099999999998 0.28893829575756191375 0.00000000099999999998 0.27462744669878308423 
0.00000000099999999999 0.33429154393424170832 0.03096850357362224831 0.00000000099999999999 0.00000000099999999999 0.40798017975937905799 0.00080800844210642442 0.22595176129065050463 
0.00000000099999999993 0.99999999300000019797 0.00000000099999999993 0.00000000099999999993 0.00000000099999999993 0.00000000099999999993 0.00000000099999999993 0.00000000099999999993 
0.00485359222764663711 0.31513509868198419372 0.00000000099999999998 0.00000000099999999998 0.00000000099999999998 0.47130020025104685244 0.00000000099999999998 0.20871110483932228674 
0.00480324640557806305 0.47367533290430502424 0.00000000099999999999 0.00304702938353257650 0.00000000099999999999 0.30491227982360435966 0.00000000099999999999 0.21356210848297979554 
0.00000000099999999994 0.99999999300000008695 0.00000000099999999994 0.00000000099999999994 0.00000000099999999994 0.00000000099999999994 0.00000000099999999994 0.00000000099999999994 
0.99999999300000019797 0.00000000099999999993 0.00000000099999999993 0.00000000099999999993 0.00000000099999999993 0.00000000099999999993 0.00000000099999999993 0.00000000099999999993 
0.97509262350583847390 0.00000000099999999996 0.00000000099999999996 0.00000000099999999996 0.00000000099999999996 0.02490737049416151538 0.00000000099999999996 0.00000000099999999996 
0.00000000099999999979 0.00000000099999999979 0.00000000099999999979 0.00000000099999999979 0.99999999299999997593 0.00000000099999999979 0.00000000099999999979 0.00000000099999999979 
0.99999999300000019797 0.00000000099999999996 0.00000000099999999996 0.00000000099999999996 0.00000000099999999996 0.00000000099999999996 0.00000000099999999996 0.00000000099999999996 
0.97867380421865601825 0.00000000099999999997 0.00000000099999999997 0.00000000099999999997 0.00000000099999999997 0.02132618978134404736 0.00000000099999999997 0.00000000099999999997 
0.01625800869853526870 0.35321267476804885099 0.00000075937803027880 0.00000000099999999999 0.00000000099999999999 0.33258697146803289924 0.00852792465832441678 0.28941365902902810303 
0.00000000099999999957 0.00000000099999999957 0.00000000099999999957 0.00000000099999999957 0.99999999300000008695 0.00000000099999999957 0.00000000099999999957 0.00000000099999999957 
0.00000000099999999993 0.99999999300000008695 0.00000000099999999993 0.00000000099999999993 0.00000000099999999993 0.00000000099999999993 0.00000000099999999993 0.00000000099999999993 
0.00000000099999999996 0.00000000099999999996 0.00000000099999999996 0.00000000099999999996 0.00000000099999999996 0.99999999299999997593 0.00000000099999999996 0.00000000099999999996 
0.00000000099999999999 0.13626559378327754435 0.01272702163951764873 0.00000000099999999999 0.00000000099999999999 0.42298940441473786844 0.00851582558385543219 0.41950215157861153736 
0.01427693066836111836 0.32564796771085158245 0.02760521781297138599 0.00000000099999999999 0.00000000099999999999 0.33167183634070124265 0.00381379874661948778 0.29698424672049494877 
0.00000000099999999991 0.00000000099999999991 0.00000000099999999991 0.00000000099999999991 0.00000000099999999991 0.99999999300000008695 0.00000000099999999991 0.00000000099999999991 
0.00000000099999999993 0.99999999300000008695 0.00000000099999999993 0.00000000099999999993 0.00000000099999999993 0.00000000099999999993 0.00000000099999999993 0.00000000099999999993 
0.00000000099999999999 0.00000000099999999999 0.00000000099999999999 0.00000000099999999999 0.00000000099999999999 0.57320108345586329168 0.00000000099999999999 0.42679891054413671148 
0.00225848217819119967 0.26226265120800706931 0.04002930968382802795 0.00460451635738747152 0.00000000099999999999 0.42804696198708058752 0.00000000099999999999 0.26279807658550546900 
0.00841629948910583604 0.00000000100000000000 0.00000000100000000000 0.00000030013482507321 0.00000000100000000000 0.46770174218062898763 0.02630523107995147089 0.49757642411548846928 
0.00000000099999999994 0.99999999300000019797 0.00000000099999999994 0.00000000099999999994 0.00000000099999999994 0.00000000099999999994 0.00000000099999999994 0.00000000099999999994 
0.00000000099999999996 0.25249721538073965910 0.00000000099999999996 0.00000000099999999996 0.00000000099999999996 0.30158017644459056417 0.00000000099999999996 0.44592260317466975161 
0.00000000099999999997 0.00000000099999999997 0.00000000099999999997 0.00000000099999999997 0.00000000099999999997 0.98752357678444413480 0.01247641721555574346 0.00000000099999999997 
0.00000000099999999994 0.00000000099999999994 0.00000000099999999994 0.00000000099999999994 0.00000000099999999994 0.99999999300000008695 0.00000000099999999994 0.00000000099999999994 
0.00000000099999999991 0.00000000099999999991 0.00000000099999999991 0.00000000099999999991 0.00000000099999999991 0.00000000099999999991 0.00000000099999999991 0.99999999300000008695 
0.00000000099999999997 0.34822551918034355678 0.00000000099999999997 0.00000000099999999997 0.00000000099999999997 0.00000000099999999997 0.00000000099999999997 0.65177447481965622433 
0.02422046183185054546 0.34397199493566599227 0.04495199431799880990 0.00000000099999999998 0.00000000099999999998 0.41629588904521563908 0.00000000099999999998 0.17055965686926896629 
0.00268007222335086507 0.36051239860001316195 0.01990305910801001138 0.00419032951575353235 0.00000000100000000000 0.23651035531182693084 0.00017969055888420946 0.37602409368216116459 
0.02801051058230743726 0.57844948683591568273 0.02430958807496717486 0.00000000099999999998 0.00000000099999999998 0.36923018580770511354 0.00000000099999999998 0.00000022569910459409 
0.00000000099999999998 0.14489123358492439486 0.02789828617440158823 0.00000000099999999998 0.00000000099999999998 0.33340995351391194967 0.00000000099999999998 0.49380052272676222547 
0.01993573018467890631 0.27874330716292761156 0.00000000099999999999 0.00000000099999999999 0.00000000099999999999 0.31271291178558802137 0.00000000099999999999 0.38860804686680539000 
0.00963694092417283557 0.14426341362192515727 0.05071002316304119156 0.00000000100000000000 0.06477980086922835445 0.40715154444214107787 0.00393650822368692230 0.31952176775580454215 
0.00000000099999999997 0.00000000099999999997 0.00116964185075036416 0.00000000099999999997 0.00000000099999999997 0.54336267817700001359 0.00000000099999999997 0.45546767497224965870 
0.00935056790462788882 0.00000000099999999996 0.04378374448461903184 0.00000000099999999996 0.00000000099999999996 0.61093245813898289232 0.00000000099999999996 0.33593322547177023596 
0.00004901257046647282 0.30664597260561055059 0.06132031321916796285 0.00000000099999999997 0.00000000099999999997 0.21906177396157633375 0.00000000099999999997 0.41292292464317875700 
0.00000000099999999999 0.45129637908846303995 0.02451051208417992164 0.01210765238746071455 0.00000000099999999999 0.26813490101006232091 0.00000000099999999999 0.24395055242983379462 
0.00290244851510522428 0.27884666986488398921 0.03816923631304199732 0.00000000099999999997 0.00000000099999999997 0.27469676704619883090 0.00000000099999999997 0.40538487526077005008 
0.00000000099999999999 0.48283712606408824008 0.05016069716335964934 0.00272331183532964916 0.00000000099999999999 0.29556574662812196141 0.00000000099999999999 0.16871311530910054755 
0.00394472771629545381 0.34140072555007855426 0.01982519851382718093 0.00000000099999999999 0.00000000099999999999 0.42965928569093192468 0.00820414754707532098 0.19696591298179155771 
0.00000000099999999997 0.00000000099999999997 0.00000000099999999997 0.00000000099999999997 0.00000000099999999997 0.38774414543134833044 0.00000000099999999997 0.61225584856865156169 
0.01108435810238048679 0.49224606409202736890 0.00000000099999999995 0.00000000099999999995 0.00000000099999999995 0.00000000099999999995 0.00000000099999999995 0.49666957280559220766 
0.99999999300000008695 0.00000000099999999992 0.00000000099999999992 0.00000000099999999992 0.00000000099999999992 0.00000000099999999992 0.00000000099999999992 0.00000000099999999992 
0.99657124393883478319 0.00000000099999999997 0.00000000099999999997 0.00000000099999999997 0.00000000099999999997 0.00000000099999999997 0.00000000099999999997 0.00342875006116531711 
0.00000000099999999971 0.00000000099999999971 0.00000000099999999971 0.00000000099999999971 0.99999999299999997593 0.00000000099999999971 0.00000000099999999971 0.00000000099999999971 
0.00000000099999999958 0.00000000099999999958 0.00000000099999999958 0.99999999299999997593 0.00000000099999999958 0.00000000099999999958 0.00000000099999999958 0.00000000099999999958 
0.88935580320423712752 0.00000000099999999999 0.06383365504107198218 0.04018221756057484967 0.00000000099999999999 0.00662832019411602105 0.00000000099999999999 0.00000000099999999999 
0.00000345288995757255 0.00000000099999999996 0.00000000099999999996 0.00000000099999999996 0.00000000099999999996 0.44032023999080915910 0.00000000099999999996 0.55967630211923335981 
0.00993363784149773991 0.00000000099999999998 0.00000000099999999998 0.00000000099999999998 0.00000000099999999998 0.47829187080085616701 0.00000000099999999998 0.51177448635764599683 
0.96752044144940652082 0.00000000099999999998 0.03247955255059344071 0.00000000099999999998 0.00000000099999999998 0.00000000099999999998 0.00000000099999999998 0.00000000099999999998 
0.00000000099999999997 0.00000000099999999997 0.00000000099999999997 0.00000000099999999997 0.00000000099999999997 0.40586708752772832076 0.00000000099999999997 0.59413290647227168240 
0.00000000099999999998 0.20780644620289834279 0.00925823814963912424 0.00000000099999999998 0.00000000099999999998 0.35603730206230876920 0.00961257133351810407 0.41728543925163563699 
0.00000000099999999998 0.39788225475782923457 0.04538483332687931471 0.00000000099999999998 0.00000000099999999998 0.23884885365229627241 0.00000000099999999998 0.31788405426299520817 
0.00000000099999999962 0.00000000099999999962 0.00000000099999999962 0.00000000099999999962 0.99999999300000008695 0.00000000099999999962 0.00000000099999999962 0.00000000099999999962 
0.00000000099999999965 0.00000000099999999965 0.00000000099999999965 0.00000000099999999965 0.99999999300000008695 0.00000000099999999965 0.00000000099999999965 0.00000000099999999965 
0.00000000099999999957 0.00000000099999999957 0.00000000099999999957 0.00000000099999999957 0.99999999299999997593 0.00000000099999999957 0.00000000099999999957 0.00000000099999999957 
0.00000000099999999959 0.00000000099999999959 0.00000000099999999959 0.00000000099999999959 0.99999999300000008695 0.00000000099999999959 0.00000000099999999959 0.00000000099999999959 
0.00000000099999999959 0.00000000099999999959 0.00000000099999999959 0.00000000099999999959 0.99999999300000008695 0.00000000099999999959 0.00000000099999999959 0.00000000099999999959 
0.99999999300000008695 0.00000000099999999997 0.00000000099999999997 0.00000000099999999997 0.00000000099999999997 0.00000000099999999997 0.00000000099999999997 0.00000000099999999997 
0.00000000099999999999 0.34950398848198155344 0.06790150700284022789 0.00361197194173334263 0.00000000099999999999 0.36132761390181999950 0.00000000099999999999 0.21765491567162489894 
0.00000000099999999959 0.00000000099999999959 0.00000000099999999959 0.00000000099999999959 0.99999999299999997593 0.00000000099999999959 0.00000000099999999959 0.00000000099999999959 
0.00000000099999999966 0.00000000099999999966 0.00000000099999999966 0.00000000099999999966 0.99999999299999997593 0.00000000099999999966 0.00000000099999999966 0.00000000099999999966 
0.00000000099999999957 0.00000000099999999957 0.00000000099999999957 0.00000000099999999957 0.00000000099999999957 0.00000000099999999957 0.99999999299999997593 0.00000000099999999957 
0.00000000099999999967 0.00000000099999999967 0.00000000099999999967 0.37628525891123265623 0.00000000099999999967 0.00000000099999999967 0.62371473508876718039 0.00000000099999999967 
0.00000000099999999997 0.58923530649695332606 0.00000000099999999997 0.00000000099999999997 0.00000000099999999997 0.41076468750304678812 0.00000000099999999997 0.00000000099999999997 
0.00000000099999999962 0.00000000099999999962 0.00000000099999999962 0.00000000099999999962 0.99999999300000008695 0.00000000099999999962 0.00000000099999999962 0.00000000099999999962 
0.00000000099999999998 0.45870235157819583272 0.00000000099999999998 0.00000000099999999998 0.00000000099999999998 0.54129764242180400391 0.00000000099999999998 0.00000000099999999998 
0.00000000099999999998 0.24346270500910424661 0.00000000099999999998 0.00000000099999999998 0.00000000099999999998 0.33468713575806363636 0.00000000099999999998 0.42185015423283211966 
0.94800899650079784031 0.01433390980783966727 0.03765708869136245862 0.00000000099999999997 0.00000000099999999997 0.00000000099999999997 0.00000000099999999997 0.00000000099999999997 
0.00183058609458682030 0.40672380619872461338 0.01626841605772677904 0.00000000099999999998 0.00000000099999999998 0.30155916944057270523 0.00000000099999999998 0.27361801920838896285 
0.99999999300000019797 0.00000000099999999991 0.00000000099999999991 0.00000000099999999991 0.00000000099999999991 0.00000000099999999991 0.00000000099999999991 0.00000000099999999991 
0.00000000099999999993 0.00000000099999999993 0.00000000099999999993 0.00000000099999999993 0.00000000099999999993 0.99999999300000008695 0.00000000099999999993 0.00000000099999999993 
0.99999999300000019797 0.00000000099999999992 0.00000000099999999992 0.00000000099999999992 0.00000000099999999992 0.00000000099999999992 0.00000000099999999992 0.00000000099999999992 
0.00000000099999999999 0.26269227298901010048 0.08314229896375618933 0.00000000099999999999 0.00000000099999999999 0.33902231776918478889 0.00772021961095915171 0.30742288766708963932 
0.00000000099999999994 0.00000000099999999994 0.00000000099999999994 0.00000000099999999994 0.00000000099999999994 0.00000000099999999994 0.00000000099999999994 0.99999999300000008695 
0.00000000099999999966 0.00000000099999999966 0.00000000099999999966 0.00000000099999999966 0.99999999299999997593 0.00000000099999999966 0.00000000099999999966 0.00000000099999999966 
0.99999999300000008695 0.00000000099999999993 0.00000000099999999993 0.00000000099999999993 0.00000000099999999993 0.00000000099999999993 0.00000000099999999993 0.00000000099999999993 
0.00000000099999999960 0.00000000099999999960 0.00000000099999999960 0.00000000099999999960 0.99999999300000008695 0.00000000099999999960 0.00000000099999999960 0.00000000099999999960 
0.00000000099999999959 0.00000000099999999959 0.00000000099999999959 0.00000000099999999959 0.99999999300000008695 0.00000000099999999959 0.00000000099999999959 0.00000000099999999959 
0.00000000099999999999 0.31252988570228523724 0.03530796995889672746 0.00000000099999999999 0.00000000099999999999 0.33479816616190183343 0.00000000099999999999 0.31736397417691603051 
0.02367310670662647887 0.25138338251644232191 0.00000000099999999998 0.00000000099999999998 0.00000000099999999998 0.32662201190506112702 0.00000000099999999998 0.39832149487186996328 
0.00451821288510656418 0.32006556858920143238 0.00000000099999999997 0.00000000099999999997 0.00000000099999999997 0.40341257978679556651 0.00000000099999999997 0.27200363473889643817 
0.00000000099999999999 0.27921235169111713326 0.01592405024165074318 0.00000000099999999999 0.00000000099999999999 0.47698987288712374477 0.00342701102605852881 0.22444671115404971062 
0.00000000099999999999 0.31414956610881722421 0.06416003480126089564 0.00000000099999999999 0.00000000099999999999 0.24575407041425101351 0.00293800436729825488 0.37299832130837262678 
0.00030392903664089294 0.37256282398387008392 0.05334895707034424672 0.00497548634070930744 0.00000000099999999998 0.28477633498923038413 0.00000000099999999998 0.28403246657920505625 
0.00000000099999999996 0.42447196789501850933 0.00000000099999999996 0.00000000099999999996 0.00000000099999999996 0.57552802610498154934 0.00000000099999999996 0.00000000099999999996 
0.97888720254166561308 0.02111279145833457743 0.00000000099999999996 0.00000000099999999996 0.00000000099999999996 0.00000000099999999996 0.00000000099999999996 0.00000000099999999996 
0.00000000099999999996 0.30687521266830103395 0.01839442830798260556 0.00000000099999999996 0.00000000099999999996 0.00000121828914837835 0.00000000099999999996 0.67472913673456769157 
0.00000000099999999959 0.00000000099999999959 0.00000000099999999959 0.00000000099999999959 0.99999999299999997593 0.00000000099999999959 0.00000000099999999959 0.00000000099999999959 
0.00000000099999999999 0.35614400909600424372 0.00000000099999999999 0.00017098392548295198 0.00000000099999999999 0.42926998900590146446 0.00000000099999999999 0.21441501397261142348 
0.00000000099999999987 0.00000000099999999987 0.00000000099999999987 0.00000000099999999987 0.99999999299999997593 0.00000000099999999987 0.00000000099999999987 0.00000000099999999987 
0.00000000099999999964 0.00000000099999999964 0.00000000099999999964 0.00000000099999999964 0.99999999299999997593 0.00000000099999999964 0.00000000099999999964 0.00000000099999999964 
0.01687814402806202263 0.28642406903833755871 0.02141167834983508100 0.00000000099999999998 0.00000000099999999998 0.30987400127520697835 0.00000000099999999998 0.36541210430855841640 
0.00000000099999999998 0.17029009721784910125 0.00000000099999999998 0.00542185339108105721 0.00000000099999999998 0.46565966206626235868 0.00000000099999999998 0.35862838332480739822 
0.01604883823599471959 0.33330783225427051963 0.00000000099999999998 0.00000000099999999998 0.00000000099999999998 0.38592899384590545475 0.00000000099999999998 0.26471433166382946078 
0.00000000099999999968 0.00000000099999999968 0.00000000099999999968 0.00000000099999999968 0.99999999300000008695 0.00000000099999999968 0.00000000099999999968 0.00000000099999999968 
0.99999999300000008695 0.00000000099999999992 0.00000000099999999992 0.00000000099999999992 0.00000000099999999992 0.00000000099999999992 0.00000000099999999992 0.00000000099999999992 
0.99999999300000008695 0.00000000099999999992 0.00000000099999999992 0.00000000099999999992 0.00000000099999999992 0.00000000099999999992 0.00000000099999999992 0.00000000099999999992 
0.00000000099999999965 0.00000000099999999965 0.00000000099999999965 0.00000000099999999965 0.99999999299999997593 0.00000000099999999965 0.00000000099999999965 0.00000000099999999965 
0.00000000099999999993 0.00000000099999999993 0.00000000099999999993 0.00000000099999999993 0.00000000099999999993 0.00000000099999999993 0.00000000099999999993 0.99999999299999997593 
0.03867420830664430181 0.37840202318441829021 0.00000000099999999999 0.00000000099999999999 0.00000000099999999999 0.43179650079360754056 0.01479555285066744968 0.13633171186466239155 
0.00000000099999999966 0.00000000099999999966 0.00000000099999999966 0.00000000099999999966 0.99999999300000008695 0.00000000099999999966 0.00000000099999999966 0.00000000099999999966 
0.00000000099999999998 0.48305228853362963681 0.06641995556795841915 0.00000000099999999998 0.00000000099999999998 0.18472003922852384128 0.00000000099999999998 0.26580771266988817425 
0.99999999300000019797 0.00000000099999999990 0.00000000099999999990 0.00000000099999999990 0.00000000099999999990 0.00000000099999999990 0.00000000099999999990 0.00000000099999999990 
0.00000000099999999977 0.00000000099999999977 0.99999999300000008695 0.00000000099999999977 0.00000000099999999977 0.00000000099999999977 0.00000000099999999977 0.00000000099999999977 
0.01435628135902504779 0.00000000099999999998 0.00231544184740086964 0.00000000099999999998 0.00000000099999999998 0.50118395759989564642 0.00000000099999999998 0.48214431519367845214 
0.00000000099999999993 0.00000000099999999993 0.00000000099999999993 0.00000000099999999993 0.00000000099999999993 0.00000000099999999993 0.00000000099999999993 0.99999999300000008695 
0.00000000099999999998 0.11538467510146926953 0.00000000099999999998 0.01404842053297556195 0.00000000099999999998 0.34935208867422473666 0.00000000099999999998 0.52121481169133043743 
0.00000000099999999998 0.24093823822181870131 0.04091181562224285168 0.00941529114269041602 0.00000000099999999998 0.50854832156506279972 0.00000000099999999998 0.20018633044818515132 
0.00000000099999999993 0.99999999300000008695 0.00000000099999999993 0.00000000099999999993 0.00000000099999999993 0.00000000099999999993 0.00000000099999999993 0.00000000099999999993 
0.00000000099999999998 0.30225041905033117606 0.04080080069963763073 0.00000000099999999998 0.00000000099999999998 0.50053597727907672699 0.00000000099999999998 0.15641279897095450302 
0.00000000099999999998 0.36670282983286073275 0.07410253156399339292 0.00795785734059975894 0.00000000099999999998 0.37980536597589104053 0.00000000099999999998 0.17143141228665509379 
0.01731897505825637923 0.41892793204945227847 0.02444401508990346958 0.00000000100000000000 0.00142369418773061998 0.26110781050122516822 0.00467101314382846553 0.27210655896960356248 
0.99999999300000019797 0.00000000099999999994 0.00000000099999999994 0.00000000099999999994 0.00000000099999999994 0.00000000099999999994 0.00000000099999999994 0.00000000099999999994 
0.00017452396886791910 0.53012045855789635684 0.01872186867236570740 0.00000000099999999998 0.00000000099999999998 0.44894607181213302960 0.00203707398873702750 0.00000000099999999998 
0.00000000099999999991 0.00000000099999999991 0.00000000099999999991 0.00000000099999999991 0.00000000099999999991 0.00000000099999999991 0.00000000099999999991 0.99999999299999997593 
0.04265023206048604298 0.59786875150966423131 0.02311972231557868351 0.00000000099999999998 0.00000000099999999998 0.00000000099999999998 0.00000000099999999998 0.33636129011427107205 
0.00000000099999999995 0.00000000099999999995 0.00000000099999999995 0.00000000099999999995 0.00000000099999999995 0.42016409331538978611 0.00000000099999999995 0.57983590068461021705 
0.03440836939418248641 0.00000000099999999998 0.00000000099999999998 0.00000000099999999998 0.00000000099999999998 0.45584991574952521409 0.00000000099999999998 0.50974170985629219111 
0.00000000099999999996 0.00000000099999999996 0.00000000099999999996 0.00000000099999999996 0.00000000099999999996 0.48751280374163236120 0.00000000099999999996 0.51248719025836753094 
0.00000000099999999995 0.00000000099999999995 0.00000000099999999995 0.00000000099999999995 0.00000000099999999995 0.99999999299999997593 0.00000000099999999995 0.00000000099999999995 
0.96462315909079854315 0.00000000099999999995 0.00000000099999999995 0.00000000099999999995 0.00000000099999999995 0.00000000099999999995 0.00000000099999999995 0.03537683490920150164 
0.01260869437407769605 0.26028521019802480785 0.00079773964238883722 0.00000000099999999999 0.00000000099999999999 0.30527188429866813912 0.01839211377457673768 0.40264435571226386834 
0.00000000099999999999 0.00000000099999999999 0.02855560289951281430 0.00387358921765354773 0.00000000099999999999 0.55909963223300629398 0.00000000099999999999 0.40847117164982754689 
0.00000007654086031247 0.15389924260892104413 0.02537862721990463352 0.00000000099999999999 0.00533469196164696596 0.45800864220493942014 0.00000000099999999999 0.35737871746372779080 
0.99999999222191082726 0.00000000177808936760 0.00000000099999999996 0.00000000099999999996 0.00000000099999999996 0.00000000099999999996 0.00000000099999999996 0.00000000099999999996 
0.02325149796742835215 0.36759991647485723565 0.00000000099999999999 0.00000000099999999999 0.01818270243166790825 0.44483879144704113751 0.00000000099999999999 0.14612708867900522924 
0.00000000099999999996 0.99999999300000008695 0.00000000099999999996 0.00000000099999999996 0.00000000099999999996 0.00000000099999999996 0.00000000099999999996 0.00000000099999999996 
0.46431339060518578288 0.49073956355388620443 0.03671850574957519903 0.00822853609135287649 0.00000000099999999998 0.00000000099999999998 0.00000000099999999998 0.00000000099999999998 
