0.02607950507151977557 0.96556885621355792448 0.00033309183217186499 0.00801854688275039848 
0.00000000099999999996 0.00000000099999999996 0.00000000099999999996 0.99999999700000008485 
0.00000000099999999996 0.00000000099999999996 0.00000000099999999996 0.99999999700000008485 
0.00552696218919290772 0.95158307400609809523 0.00000000099999999999 0.04288996280470899758 
0.01322130120112226075 0.98632114129869163932 0.00000000100000000000 0.00045755650018624580 
0.00638048386959827202 0.96299433300558134885 0.00000000099999999999 0.03062518212482038746 
0.00000000099999999997 0.00000000099999999997 0.00000000099999999997 0.99999999700000008485 
0.00000000099999999995 0.00000000099999999995 0.00000000099999999995 0.99999999700000008485 
0.01972639826763577728 0.97127015989022935649 0.00000000099999999999 0.00900344084213488237 
0.00000000099999999997 0.00000000099999999997 0.00000000099999999997 0.99999999699999997382 
0.01378264354655005068 0.96838448375444474703 0.00000000100000000000 0.01783287169900533986 
0.01152472275706178939 0.96579210302477824790 0.00000000099999999999 0.02268317321816008120 
0.00885776032144528977 0.98593503241728508435 0.00000000100000000000 0.00520720626126982677 
0.01966854237136600458 0.96967094155635991104 0.00000000100000000000 0.01066051507227429133 
0.02163717382134504319 0.97096059297358061624 0.00608425247506382515 0.00131798073001048572 
0.03331776174209424152 0.90560593571808178925 0.00000000099999999999 0.06107630153982403221 
0.00022626888804228365 0.99220686789948175921 0.00000000100000000000 0.00756686221247589597 
0.00655208275635718422 0.98806842493062718713 0.00537949131301555632 0.00000000100000000000 
0.01148889290370984362 0.97700218016205098159 0.00816497967767746378 0.00334394725656171361 
0.00794565067048891294 0.99116533511123339206 0.00000000099999999998 0.00088901321827780384 
0.00001435425879830057 0.99595420347909902059 0.00000000100000000000 0.00403144126210274248 
0.00000000099999999998 0.00000000264549363407 0.00000000099999999998 0.99999999535450645460 
0.00000000099999999999 0.96963761508334589401 0.00000000099999999999 0.03036238291665422154 
0.00409735164509482733 0.95798327296991914181 0.00000000099999999999 0.03791937438498598628 
0.00000024315994263686 0.96658660964037101948 0.00000000099999999999 0.03341314619968632771 
0.00690702180759742053 0.99309297619240255450 0.00000000099999999999 0.00000000099999999999 
0.99999999699999997382 0.00000000099999999988 0.00000000099999999988 0.00000000099999999988 
0.99999999700000008485 0.00000000099999999986 0.00000000099999999986 0.00000000099999999986 
0.01171314857717108311 0.98286551171883829170 0.00000000100000000000 0.00542133870399066735 
0.01500893026490992058 0.98499106773509015333 0.00000000099999999999 0.00000000099999999999 
0.00000000099999999999 0.97031310647632595945 0.00000000099999999999 0.02968689152367410058 
0.00000000099999999998 0.00000000099999999998 0.00000000099999999998 0.99999999699999997382 
0.36100166640607173063 0.39853520078738358112 0.00000000099999999997 0.24046313180654468877 
0.00108610627293392772 0.99845166445745425765 0.00000000099999999999 0.00046222826961188714 
0.00000000099999999986 0.00000000099999999986 0.99999999699999986280 0.00000000099999999986 
0.00000000099999999982 0.00000000099999999982 0.99999999699999986280 0.00000000099999999982 
0.00000000099999999982 0.00000000099999999982 0.99999999699999997382 0.00000000099999999982 
0.99999999700000008485 0.00000000099999999988 0.00000000099999999988 0.00000000099999999988 
0.99999999699999997382 0.00000000099999999987 0.00000000099999999987 0.00000000099999999987 
0.00361860116797711436 0.99417606918747936096 0.00000000099999999999 0.00220532864454355297 
0.00000000099999999998 0.00000000099999999998 0.00000000099999999998 0.99999999700000008485 
0.99999999700000008485 0.00000000099999999987 0.00000000099999999987 0.00000000099999999987 
0.01218250973333192058 0.95996949040192891545 0.00000000099999999999 0.02784799886473935532 
0.00000000099999999996 0.00000000099999999996 0.00000000099999999996 0.99999999700000008485 
0.99999999699999997382 0.00000000099999999989 0.00000000099999999989 0.00000000099999999989 
0.00998660644251772589 0.97039534548196082486 0.00000000099999999999 0.01961804707552139079 
0.99999999700000008485 0.00000000099999999987 0.00000000099999999987 0.00000000099999999987 
0.00000000099999999997 0.00000000099999999997 0.00000000099999999997 0.99999999700000008485 
0.00000000099999999995 0.00000000099999999995 0.00000000099999999995 0.99999999700000008485 
0.99999999699999997382 0.00000000099999999986 0.00000000099999999986 0.00000000099999999986 
0.99999999700000008485 0.00000000099999999987 0.00000000099999999987 0.00000000099999999987 
0.00000000099999999997 0.00000000099999999997 0.00000000099999999997 0.99999999700000008485 
0.00000000099999999996 0.00000000099999999996 0.00000000099999999996 0.99999999699999997382 
0.00000000099999999997 0.00000000099999999997 0.00000000099999999997 0.99999999700000008485 
0.99999999699999997382 0.00000000099999999989 0.00000000099999999989 0.00000000099999999989 
0.01959740370090539210 0.93168064499405656154 0.00000000188480079383 0.04872194942023730380 
0.03020219180950258278 0.96751652409599697702 0.00000000100000000000 0.00228128309450051185 
0.00000000099999999999 0.97021736713945250230 0.00000000099999999999 0.02978263086054754732 
0.00448305178635493261 0.97791208293632481130 0.00000000099999999999 0.01760486427732028611 
0.00000000099999999996 0.00000000099999999996 0.00000000099999999996 0.99999999699999997382 
0.00980464340392597257 0.98791494020486836369 0.00160722860947913561 0.00067318778172654808 
0.00000000099999999985 0.00000000099999999985 0.99999999699999986280 0.00000000099999999985 
0.00935163615622990572 0.98051962039080431399 0.00000000099999999998 0.01012874245296592132 
0.00000000099999999985 0.00000000099999999985 0.99999999699999986280 0.00000000099999999985 
0.00118047242585249791 0.95213046017194635784 0.00000000100000000000 0.04668906640220106541 
0.00000000099999999986 0.00000000099999999986 0.99999999699999986280 0.00000000099999999986 
0.00570976605829117464 0.98160048425712997933 0.00000000099999999999 0.01268974868457897927 
0.01072050755645972964 0.97384309202916652382 0.00000006217902746980 0.01543633823534627976 
0.00000000099999999995 0.00000000099999999995 0.00000000099999999995 0.99999999699999997382 
0.00000000099999999998 0.99999726373158670523 0.00000000099999999998 0.00000273426841336228 
0.00000000099999999985 0.00000000099999999985 0.99999999699999986280 0.00000000099999999985 
0.00000000099999999987 0.00000000099999999987 0.99999999699999986280 0.00000000099999999987 
0.01486446782675205844 0.89783167689146803347 0.00000000099999999999 0.08730385428177998841 
0.00000000099999999995 0.00000000099999999995 0.00000000099999999995 0.99999999700000008485 
0.99999999699999997382 0.00000000099999999989 0.00000000099999999989 0.00000000099999999989 
0.00000000099999999996 0.00000000099999999996 0.00000000099999999996 0.99999999700000008485 
0.00000000100000000000 0.95670821032137898232 0.00119778936633600439 0.04209399931228497566 
0.00000000099999999984 0.00000000099999999984 0.99999999699999986280 0.00000000099999999984 
0.99999999700000008485 0.00000000099999999985 0.00000000099999999985 0.00000000099999999985 
0.00000000099999999987 0.00000000099999999987 0.99999999699999986280 0.00000000099999999987 
0.02165035006184095126 0.97265448991241498788 0.00320289356961526170 0.00249226645612866211 
0.00000000099999999995 0.00000000099999999995 0.00000000099999999995 0.99999999699999997382 
0.00000000099999999996 0.00000000099999999996 0.00000000099999999996 0.99999999699999997382 
0.00461707036224503608 0.75927659639629330179 0.00000000099999999999 0.23610633224146176934 
0.02491185284353943097 0.96883428779530245123 0.00000000100000000000 0.00625385836115802118 
0.00000058766271216886 0.98520219553510013366 0.00000000099999999999 0.01479721580218761046 
0.00000000099999999999 0.97106010550829757744 0.00000000099999999999 0.02893989249170260750 
0.00260214549508140311 0.99676813312703127501 0.00000000100000000000 0.00062972037788734171 
0.00000000099999999998 0.99999999700000008485 0.00000000099999999998 0.00000000099999999998 
0.00079218673489113412 0.98416201342909104266 0.00000000099999999999 0.01504579883601793108 
0.01063883192211713055 0.97600150134372243294 0.00000000099999999999 0.01335966573416054286 
0.00000003326950680100 0.95800414566825198293 0.00000000158776465695 0.04199581947447648261 
0.00000000099999999996 0.00000000099999999996 0.00000000099999999996 0.99999999700000008485 
0.00000000099999999998 0.00003690007457575286 0.00000000099999999998 0.99996309792542414918 
0.00000000099999999991 0.00000000099999999991 0.99999999699999986280 0.00000000099999999991 
0.00000000099999999998 0.00000000099999999998 0.00000000099999999998 0.99999999699999997382 
0.00000000099999999998 0.00000000224860743096 0.00000000099999999998 0.99999999575139264518 
0.01048853023536699958 0.96196612398451408765 0.00000000099999999999 0.02754534478011890289 
0.00000000099999999982 0.00000000099999999982 0.99999999699999986280 0.00000000099999999982 
0.00828456272423583849 0.99171543527576422328 0.00000000100000000000 0.00000000100000000000 
0.00845415192264296726 0.97018531315102274348 0.00000000099999999999 0.02136053392633439560 
0.01003728303799697463 0.98315142910390229680 0.00201082951062274721 0.00480045834747800694 
0.00702552206283961998 0.96385539719651003310 0.00000000100000000000 0.02911907974065039775 
0.00048274972007173844 0.99205360320550228792 0.00045765850483755116 0.00700598856958831347 
0.00011118831091127190 0.95730062469565868621 0.00000007746877419563 0.04258810952465588023 
0.00904759938216113772 0.98896689340463506124 0.00000000100000000000 0.00198550621320389958 
0.01125195716617444393 0.97208721038604783971 0.00000000100000000000 0.01666083144777775679 
0.03206638870347371106 0.94713387383555436294 0.00443063706129583242 0.01636910039967614042 
0.01505058564540126889 0.97709979056386775387 0.00000000099999999999 0.00784962279073098818 
0.00000000099999999999 0.99922454366191038044 0.00000000099999999999 0.00077545433808967157 
0.02871737548194680870 0.94307944738126525674 0.00096437883491676105 0.02723879830187131423 
0.01409870131687127742 0.98590129668312864730 0.00000000099999999999 0.00000000099999999999 
0.00063840748434999199 0.98438975396299677190 0.00000000100000000000 0.01497183755265325648 
0.00149187834222250302 0.99669973181418147767 0.00000000099999999999 0.00180838884359615405 
0.00000000099999999999 0.96229899930194173763 0.00000000099999999999 0.03770099869805834669 
0.01096830540900978548 0.97012420786001829498 0.00000000100000000000 0.01890748573097202762 
0.00000000099999999999 0.95538733579851831124 0.00000000099999999999 0.04461266220148180084 
0.00191945804513285424 0.99046039456046675031 0.00000000100000000000 0.00762014639440054212 
0.00241104327962974978 0.96813511404480578904 0.00000000099999999999 0.02945384167556450855 
0.00709221102465861473 0.89684648120707299856 0.06807764287161380268 0.02798366489665467596 
0.00000000099999999999 0.99256456881195931352 0.00000000099999999999 0.00743542918804084713 
0.00000000099999999998 0.97811931880017022323 0.00000000099999999998 0.02188067919982987150 
0.00000046891781405060 0.96920363875971882184 0.00000000099999999998 0.03079589132246714905 
0.01928707994367950124 0.97835421448533443911 0.00000000099999999999 0.00235870457098596954 
0.00000000099999999998 0.98175798335615882539 0.00000000099999999998 0.01824201464384130056 
0.00852002120919177937 0.98016744504569763841 0.00362268769663755263 0.00768984604847303740 
0.00887562693927704434 0.97546722630823445854 0.00000000099999999999 0.01565714575248847162 
0.00298430211184838416 0.99701569588815175393 0.00000000099999999999 0.00000000099999999999 
0.00000000099999999998 0.96248718498952245959 0.00000000099999999998 0.03751281301047752065 
0.00000000099999999996 0.00000000099999999996 0.00000000099999999996 0.99999999699999997382 
0.00000000099999999998 0.00000001900003348526 0.00000000099999999998 0.99999997899996662110 
0.00000000099999999988 0.00000000099999999988 0.99999999699999986280 0.00000000099999999988 
0.99999999699999997382 0.00000000099999999985 0.00000000099999999985 0.00000000099999999985 
0.03979629206953069070 0.04630318373989681519 0.00000000100000000000 0.91390052319057257790 
0.00000000099999999998 0.98276097040635412849 0.00000000099999999998 0.01723902759364589685 
0.00459898235054367627 0.96323943919743026942 0.00000000349370458983 0.03216157495832161484 
0.00395584746246232730 0.00000000099999999999 0.00000000099999999999 0.99604415053753769804 
0.00000000099999999999 0.97708814785104858291 0.00000000099999999999 0.02291185014895150487 
0.01523643903518193815 0.98146432624783574994 0.00000000099999999998 0.00329923371698223654 
0.00613525520752072201 0.99386474279247927210 0.00000000099999999999 0.00000000099999999999 
0.00000000099999999984 0.00000000099999999984 0.99999999699999997382 0.00000000099999999984 
0.00000000099999999985 0.00000000099999999985 0.99999999699999986280 0.00000000099999999985 
0.00000000099999999982 0.00000000099999999982 0.99999999699999986280 0.00000000099999999982 
0.00000000099999999983 0.00000000099999999983 0.99999999699999997382 0.00000000099999999983 
0.00000000099999999983 0.00000000099999999983 0.99999999699999986280 0.00000000099999999983 
0.00000000099999999998 0.00000000099999999998 0.00000000099999999998 0.99999999700000008485 
0.01465712496333337021 0.97952143777521716306 0.00000000100000000000 0.00582143626144950369 
0.00000000099999999983 0.00000000099999999983 0.99999999699999997382 0.00000000099999999983 
0.00000000099999999985 0.00000000099999999985 0.99999999699999997382 0.00000000099999999985 
0.99999999700000008485 0.00000000099999999985 0.00000000099999999985 0.00000000099999999985 
0.99999999700000008485 0.00000000099999999985 0.00000000099999999985 0.00000000099999999985 
0.00000000099999999999 0.99997831727715869032 0.00000000099999999999 0.00002168072284145619 
0.00000000099999999984 0.00000000099999999984 0.99999999699999997382 0.00000000099999999984 
0.00000000258201338762 0.97943788237283169185 0.00006648016281899246 0.02049563488233591482 
0.00240386906011581022 0.99759612893988414140 0.00000000099999999999 0.00000000099999999999 
0.00000000099999999998 0.03847164492111616180 0.00000000099999999998 0.96152835307888384619 
0.00005320121327519257 0.98455645984901474232 0.00000000099999999999 0.01539033793771005243 
0.00000000099999999995 0.00000000099999999995 0.00000000099999999995 0.99999999700000008485 
0.00888529863487799200 0.96486543617212394697 0.00000000099999999999 0.02624926419299804942 
0.00000000099999999995 0.00000000099999999995 0.00000000099999999995 0.99999999699999997382 
0.02050296967770710160 0.96293854806126055745 0.00000000100000000000 0.01655848126103227902 
0.01617108213614462664 0.98371224636536347408 0.00000000100000000000 0.00011667049849179505 
0.00000000099999999986 0.00000000099999999986 0.99999999699999997382 0.00000000099999999986 
0.00000000099999999996 0.00000000099999999996 0.00000000099999999996 0.99999999699999997382 
0.00000000099999999983 0.00000000099999999983 0.99999999699999997382 0.00000000099999999983 
0.00000000099999999983 0.00000000099999999983 0.99999999699999986280 0.00000000099999999983 
0.00127534255663674587 0.98560557543719928830 0.00000000100000000000 0.01311908100616396983 
0.00056923628641385388 0.96723573639931992307 0.00000000099999999999 0.03219502631426614941 
0.00000000099999999998 0.98834848260030228051 0.00000000099999999998 0.01165151539969775697 
0.00622249128364596275 0.98857590915278159560 0.00000000099999999999 0.00520159856357255406 
0.01581705706611047368 0.97357933870700086310 0.00000000099999999999 0.01060360322688883375 
0.01063039795002726842 0.96701068034549619856 0.00000000099999999999 0.02235892070447657518 
0.00000010882971185305 0.99999988917028814761 0.00000000099999999999 0.00000000099999999999 
0.00000000099999999998 0.00210508886347054265 0.00000000099999999998 0.99789490913652945103 
0.00014753500311189539 0.99984761900175800342 0.00000000099999999999 0.00000484499513013258 
0.00000000099999999983 0.00000000099999999983 0.99999999699999986280 0.00000000099999999983 
0.00336087399574776105 0.99385850503070205519 0.00000000100000000000 0.00278061997355025800 
0.00000000099999999994 0.00000000099999999994 0.99999999699999986280 0.00000000099999999994 
0.00000000099999999985 0.00000000099999999985 0.99999999699999997382 0.00000000099999999985 
0.00001928499546722904 0.97178265573246558340 0.00000000099999999999 0.02819805827206729731 
0.01266864370454166139 0.98733135429545826334 0.00000000099999999999 0.00000000099999999999 
0.00000000100000000000 0.97556294540398558190 0.00000455996545125750 0.02443249363056324008 
0.00000000099999999987 0.00000000099999999987 0.99999999699999997382 0.00000000099999999987 
0.00000000099999999996 0.00000000099999999996 0.00000000099999999996 0.99999999700000008485 
0.00000000099999999996 0.00000000099999999996 0.00000000099999999996 0.99999999700000008485 
0.00000000099999999985 0.00000000099999999985 0.99999999699999986280 0.00000000099999999985 
0.01013472347338663718 0.97874130404872516920 0.00000000100000000000 0.01112397147788829997 
0.01605991812754797507 0.93989207912366834474 0.00000000100000000000 0.04404800174878357316 
0.00000000099999999986 0.00000000099999999986 0.99999999699999986280 0.00000000099999999986 
0.01083809570910873425 0.97970894261499485989 0.00000000099999999999 0.00945296067589639424 
0.00000000099999999995 0.00000000099999999995 0.00000000099999999995 0.99999999700000008485 
0.11193972053854990556 0.54453919865631428276 0.10674908622347722975 0.23677199458165865131 
0.00000000100000000000 0.96332065244115638869 0.00459637991904020705 0.03208296663980340219 
0.01600390068211693384 0.94593099949666725745 0.00000000099999999999 0.03806509882121592719 
0.01842115667817448635 0.97844703261962673313 0.00000000099999999999 0.00313180970219890638 
0.01471506615888480522 0.98503421252162615129 0.00000000099999999999 0.00025072031948904553 
0.00603331179515578884 0.99396668620484418533 0.00000000099999999999 0.00000000099999999999 
0.00000000099999999999 0.98883565399542050489 0.00000000099999999999 0.01116434400457944759 
0.01648706828897521584 0.97301992392525238351 0.00000000099999999999 0.01049300678577245668 
0.00823689896662448129 0.95669242134162635338 0.00832751231843757884 0.02674316737331158822 
0.00000000099999999997 0.00000000099999999997 0.00000000099999999997 0.99999999700000008485 
0.01042074503178457359 0.96673943867038847344 0.00000000099999999999 0.02283981529782705064 
0.01018727163032273619 0.98981272636967720935 0.00000000099999999999 0.00000000099999999999 
0.00556440228468230939 0.94475825329653795315 0.00000000100000000000 0.04967734341877969723 
0.00000000099999999999 0.97858858178072383183 0.00000000099999999999 0.02141141621927629760 
0.00554383863325542004 0.95472410134362506451 0.00243400771197220750 0.03729805231114722425 
0.00055851550268022946 0.99944031331580107658 0.00000000099999999999 0.00000117018151874037 
0.00225480002624180338 0.97879843311692393826 0.00000000100000000000 0.01894676585683421552 
0.00000000099999999998 0.00197308443651785393 0.00000000099999999998 0.99802691356348216534 
0.02087384286319659069 0.95532677004690425004 0.00000000099999999999 0.02379938608989916327 
0.01364949794227078052 0.97623117647758606008 0.00000000099999999999 0.01011932458014315819 
0.00021750701935851290 0.97410592824486619268 0.01109874700959440942 0.01457781772618086703 
0.00000000099999999998 0.00000005359279279060 0.00000000099999999998 0.99999994440720729738 
0.00000008838969217812 0.95109399770804436969 0.01927299017670951881 0.02963292372555388632 
0.01255471645224653064 0.97421633764757931129 0.00000000100000000000 0.01322894490017405278 
0.01192471409266034760 0.50615284349803368880 0.00000000099999999999 0.48192244140930595719 
0.00000000099999999998 0.96962463467524329097 0.00000000099999999998 0.03037536332475678294 
0.00000000099999999986 0.00000000099999999986 0.99999999699999997382 0.00000000099999999986 
0.01978570802504019815 0.95914599749981099830 0.00000000099999999999 0.02106829347514892203 
0.00787184013924411598 0.96251128211532621659 0.00000000100000000000 0.02961687674542975643 
