0.38397015203073558975 0.01749512486553634824 0.35159447324270243218 0.00000000100000000000 0.14893097409676758769 0.00000000100000000000 0.09800927376425808135 
0.00000000099999999995 0.00000000099999999995 0.00000000099999999995 0.00000000099999999995 0.00000000099999999995 0.99999999399999994765 0.00000000099999999995 
0.00000000099999999995 0.00000000099999999995 0.00000000099999999995 0.00000000099999999995 0.00000000099999999995 0.99999999400000005867 0.00000000099999999995 
0.51290002155778902093 0.00000000099999999998 0.46871301115902874734 0.00000000099999999998 0.00000000099999999998 0.01838696328318236220 0.00000000099999999998 
0.23362272716694479358 0.00671407546705877871 0.29555436538268076152 0.00000000099999999999 0.19223007200087935398 0.00000000099999999999 0.27187875798243643644 
0.06523248763586979304 0.00000000099999999999 0.18192328133490925923 0.00000000099999999999 0.36230599659765438947 0.01738814687440842083 0.37315008555715800664 
0.00000000099999999996 0.00000000099999999996 0.00000000099999999996 0.00000000099999999996 0.00000000099999999996 0.99999999399999994765 0.00000000099999999996 
0.00000000099999999993 0.00000000099999999993 0.00000000099999999993 0.00000000099999999993 0.00000000099999999993 0.99999999400000005867 0.00000000099999999993 
0.00000000099999999994 0.00000000099999999994 0.00000000099999999994 0.00000000099999999994 0.00000000099999999994 0.00000000099999999994 0.99999999400000005867 
0.00000000099999999995 0.00000000099999999995 0.00000000099999999995 0.00000000099999999995 0.00000000099999999995 0.99999999399999994765 0.00000000099999999995 
0.99999999400000005867 0.00000000099999999994 0.00000000099999999994 0.00000000099999999994 0.00000000099999999994 0.00000000099999999994 0.00000000099999999994 
0.30927133735821416005 0.00474793774572396330 0.16200870205745249164 0.00000000099999999998 0.22799667067476581117 0.01088704814089803616 0.28508830302294541070 
0.61167833902894830356 0.00000000099999999998 0.00000000099999999998 0.00000000099999999998 0.38832165597105189336 0.00000000099999999998 0.00000000099999999998 
0.21038917048054159298 0.01333838741312543506 0.21593974770826931953 0.00000000099999999999 0.23664764517867056814 0.00000000099999999999 0.32368504721939311830 
0.53575109887039418233 0.01220742045260961479 0.44568286961138731117 0.00000000099999999999 0.00000000099999999999 0.00000000099999999999 0.00635860806560884298 
0.18909690770895198897 0.02812145253667534817 0.24705774980356551285 0.00000000099999999999 0.20115857178106794079 0.05239665312736795089 0.28216866404237123112 
0.37304166213979783606 0.00000000099999999998 0.00000000099999999998 0.00000000099999999998 0.38190284967022875007 0.00000000099999999998 0.24505548418997330495 
0.00000000099999999999 0.00000000099999999999 0.27875546362038650106 0.00000000099999999999 0.39926320765556977399 0.00000000099999999999 0.32198132472404378257 
0.00000000099999999996 0.00000000099999999996 0.99999999399999994765 0.00000000099999999996 0.00000000099999999996 0.00000000099999999996 0.00000000099999999996 
0.00000000099999999994 0.00000000099999999994 0.99999999400000005867 0.00000000099999999994 0.00000000099999999994 0.00000000099999999994 0.00000000099999999994 
0.44579591939761786801 0.00000000099999999998 0.31584038534023667344 0.00000000099999999998 0.23836369126214540515 0.00000000099999999998 0.00000000099999999998 
0.00000000099999999997 0.00000000099999999997 0.00000000099999999997 0.00000000099999999997 0.00000005407332352624 0.99999994092667643386 0.00000000099999999997 
0.62720537426565081685 0.00000000099999999998 0.37279462070042468369 0.00000000099999999998 0.00000000099999999998 0.00000000103392465889 0.00000000099999999998 
0.00000000099999999985 0.00000000099999999985 0.00000000099999999985 0.00000000099999999985 0.00000000099999999985 0.00000000099999999985 0.99999999399999994765 
0.54994852888959466775 0.00000000099999999997 0.00000000099999999997 0.00000000099999999997 0.45005146611040552918 0.00000000099999999997 0.00000000099999999997 
0.52543182156081169598 0.00000000099999999998 0.14821547108223590006 0.00000000099999999998 0.00000000099999999998 0.00000000099999999998 0.32635270335695265587 
0.00000000099999999974 0.99999999400000005867 0.00000000099999999974 0.00000000099999999974 0.00000000099999999974 0.00000000099999999974 0.00000000099999999974 
0.00000000099999999970 0.99999999400000016969 0.00000000099999999970 0.00000000099999999970 0.00000000099999999970 0.00000000099999999970 0.00000000099999999970 
0.41524824406943300348 0.00000000099999999998 0.00000000099999999998 0.00000000099999999998 0.58463365488552632154 0.00000000099999999998 0.00011809704504063605 
0.00000000099999999991 0.00000000099999999991 0.00000000099999999991 0.00000000099999999991 0.00000000099999999991 0.00000000099999999991 0.99999999399999994765 
0.00000000099999999991 0.00000000099999999991 0.00000000099999999991 0.00000000099999999991 0.99999999399999994765 0.00000000099999999991 0.00000000099999999991 
0.00000000099999999995 0.00000000099999999995 0.00000000099999999995 0.00000000099999999995 0.00000000099999999995 0.94572705687968405819 0.05427293812031598608 
0.00000000099999999991 0.35740488772267908768 0.00000000099999999991 0.00000000099999999991 0.00000000099999999991 0.18167278961845007013 0.46092231865887073328 
0.17017575059987519182 0.00000000099999999998 0.29237251736875968788 0.00000000099999999998 0.36874077773821434256 0.00000000099999999998 0.16871095129315080707 
0.00000000099999999969 0.00000000099999999969 0.00000000099999999969 0.99999999400000005867 0.00000000099999999969 0.00000000099999999969 0.00000000099999999969 
0.00000000099999999961 0.00000000099999999961 0.00000000099999999961 0.99999999400000005867 0.00000000099999999961 0.00000000099999999961 0.00000000099999999961 
0.00000000099999999962 0.00000000099999999962 0.00000000099999999962 0.99999999400000005867 0.00000000099999999962 0.00000000099999999962 0.00000000099999999962 
0.00000000099999999975 0.99999999400000016969 0.00000000099999999975 0.00000000099999999975 0.00000000099999999975 0.00000000099999999975 0.00000000099999999975 
0.00000000099999999971 0.99999999400000005867 0.00000000099999999971 0.00000000099999999971 0.00000000099999999971 0.00000000099999999971 0.00000000099999999971 
0.37552511068977806330 0.00000000099999999998 0.33082399238809701014 0.00000000099999999998 0.29365089292212492866 0.00000000099999999998 0.00000000099999999998 
0.00000000099999999997 0.00000000099999999997 0.00000000099999999997 0.00000000099999999997 0.00000000099999999997 0.99999999400000005867 0.00000000099999999997 
0.00000000099999999973 0.99999999400000005867 0.00000000099999999973 0.00000000099999999973 0.00000000099999999973 0.00000000099999999973 0.00000000099999999973 
0.52651447639357473740 0.00000000099999999998 0.47348551860642523748 0.00000000099999999998 0.00000000099999999998 0.00000000099999999998 0.00000000099999999998 
0.00000000099999999994 0.00000000099999999994 0.00000000099999999994 0.00000000099999999994 0.00000000099999999994 0.99999999400000005867 0.00000000099999999994 
0.00000000099999999976 0.99999999400000005867 0.00000000099999999976 0.00000000099999999976 0.00000000099999999976 0.00000000099999999976 0.00000000099999999976 
0.26534992874986917943 0.00000000423180319471 0.11254923848737807823 0.00000000099999999999 0.30805188426219909381 0.00480444307629928052 0.30924450019245119936 
0.00000000099999999973 0.99999999400000016969 0.00000000099999999973 0.00000000099999999973 0.00000000099999999973 0.00000000099999999973 0.00000000099999999973 
0.00000000099999999995 0.00000000099999999995 0.00000000099999999995 0.00000000099999999995 0.00000000099999999995 0.99999999399999994765 0.00000000099999999995 
0.00000000099999999992 0.00000000099999999992 0.00000000099999999992 0.00000000099999999992 0.00000000099999999992 0.99999999399999994765 0.00000000099999999992 
0.00000000099999999969 0.99999999400000005867 0.00000000099999999969 0.00000000099999999969 0.00000000099999999969 0.00000000099999999969 0.00000000099999999969 
0.00000000099999999972 0.99999999400000016969 0.00000000099999999972 0.00000000099999999972 0.00000000099999999972 0.00000000099999999972 0.00000000099999999972 
0.00000000099999999996 0.00000000099999999996 0.00000000099999999996 0.00000000099999999996 0.00000000099999999996 0.99999999399999994765 0.00000000099999999996 
0.00000000099999999996 0.00000000099999999996 0.00000000099999999996 0.00000000099999999996 0.00000000099999999996 0.99999999400000005867 0.00000000099999999996 
0.00000000099999999996 0.00000000099999999996 0.00000000099999999996 0.00000000099999999996 0.00000000099999999996 0.99999999400000005867 0.00000000099999999996 
0.00000000099999999976 0.99999999400000005867 0.00000000099999999976 0.00000000099999999976 0.00000000099999999976 0.00000000099999999976 0.00000000099999999976 
0.40485407829621244957 0.01171092296575663820 0.22260604137498685162 0.00000000100000000000 0.20957395654547320007 0.03504724609069549690 0.11620775372687540405 
0.00000058451248005373 0.01378750519060192685 0.54003913668417646843 0.00000000099999999999 0.44617277061274157601 0.00000000099999999999 0.00000000099999999999 
0.00000000099999999994 0.00000000099999999994 0.99999999400000005867 0.00000000099999999994 0.00000000099999999994 0.00000000099999999994 0.00000000099999999994 
0.48654494440753420781 0.00000000099999999998 0.51345496862451700526 0.00000000099999999998 0.00000008296794881558 0.00000000099999999998 0.00000000099999999998 
0.00000000099999999995 0.00000000099999999995 0.00000000099999999995 0.00000000099999999995 0.00000000099999999995 0.99999999399999994765 0.00000000099999999995 
0.24496398440381689232 0.00203858472600739957 0.28755739888605025278 0.00000000100000000000 0.29816411841775852798 0.00000000100000000000 0.16727591156636698044 
0.00000000099999999967 0.00000000099999999967 0.00000000099999999967 0.99999999399999994765 0.00000000099999999967 0.00000000099999999967 0.00000000099999999967 
0.00000000099999999993 0.00000000099999999993 0.99999999400000005867 0.00000000099999999993 0.00000000099999999993 0.00000000099999999993 0.00000000099999999993 
0.00000000099999999968 0.00000000099999999968 0.00000000099999999968 0.99999999400000005867 0.00000000099999999968 0.00000000099999999968 0.00000000099999999968 
0.38283765675146563812 0.00000000099999999999 0.33891779269383826012 0.00000000099999999999 0.00000000099999999999 0.02760330007005703037 0.25064124748463917358 
0.00000000099999999968 0.00000000099999999968 0.00000000099999999968 0.99999999400000005867 0.00000000099999999968 0.00000000099999999968 0.00000000099999999968 
0.00000000099999999999 0.00000000099999999999 0.21842766426982931915 0.00000000099999999999 0.48674243317046494983 0.00000000099999999999 0.29482989855970587190 
0.24599628733985795526 0.00348189876436964113 0.27598280492490750992 0.00000000100000000000 0.22452875618343698383 0.00447265604896900353 0.24553759573845895803 
0.00000000099999999993 0.00000000099999999993 0.00000000099999999993 0.00000000099999999993 0.00000000099999999993 0.99999999399999994765 0.00000000099999999993 
0.23509552846621178945 0.00000000099999999997 0.35235284944687228492 0.00000000099999999997 0.01324182529781480801 0.00000000099999999997 0.39930979378910119726 
0.00000000099999999969 0.00000000099999999969 0.00000000099999999969 0.99999999399999994765 0.00000000099999999969 0.00000000099999999969 0.00000000099999999969 
0.00000000099999999971 0.00000000099999999971 0.00000000099999999971 0.99999999400000005867 0.00000000099999999971 0.00000000099999999971 0.00000000099999999971 
0.39910632210041480095 0.00545077440510490126 0.36092186644829199471 0.00000000099999999999 0.15631469047724452781 0.07820634456894388908 0.00000000099999999999 
0.00000000099999999994 0.00000000099999999994 0.00000000099999999994 0.00000000099999999994 0.00000000099999999994 0.99999999400000005867 0.00000000099999999994 
0.00000000099999999978 0.99999999400000016969 0.00000000099999999978 0.00000000099999999978 0.00000000099999999978 0.00000000099999999978 0.00000000099999999978 
0.00000000099999999994 0.00000000099999999994 0.00000000099999999994 0.00000000099999999994 0.00000000099999999994 0.99999999399999994765 0.00000000099999999994 
0.00000000099999999999 0.00000000099999999999 0.46373497172601119143 0.00000000099999999999 0.26442031820688877142 0.03075433889523549943 0.24109036817186449420 
0.00000000099999999965 0.00000000099999999965 0.00000000099999999965 0.99999999399999994765 0.00000000099999999965 0.00000000099999999965 0.00000000099999999965 
0.00000000099999999967 0.99999999400000005867 0.00000000099999999967 0.00000000099999999967 0.00000000099999999967 0.00000000099999999967 0.00000000099999999967 
0.00000000099999999973 0.00000000099999999973 0.00000000099999999973 0.99999999399999994765 0.00000000099999999973 0.00000000099999999973 0.00000000099999999973 
0.54028085563076311271 0.00937044363506611688 0.45034869673417088354 0.00000000099999999999 0.00000000099999999999 0.00000000099999999999 0.00000000099999999999 
0.00000000099999999992 0.00000000099999999992 0.00000000099999999992 0.00000000099999999992 0.00000000099999999992 0.99999999400000005867 0.00000000099999999992 
0.00000000099999999994 0.00000000099999999994 0.00000000099999999994 0.00000000099999999994 0.00000000099999999994 0.99999999400000005867 0.00000000099999999994 
0.00000000099999999997 0.00000000099999999997 0.00000000099999999997 0.00000000099999999997 0.53767671584295106957 0.21594031057608686908 0.24638296958096211897 
0.44280230917992108308 0.02212865365917037960 0.24304556444745598065 0.00000000099999999999 0.13938752949419941363 0.00000045826381239747 0.15263548395544063174 
0.99999999400000005867 0.00000000099999999993 0.00000000099999999993 0.00000000099999999993 0.00000000099999999993 0.00000000099999999993 0.00000000099999999993 
0.40706352879206469941 0.00000000099999999998 0.00001115574421596991 0.00000000099999999998 0.42076726593643737351 0.00609216901525494719 0.16606587851202705974 
0.00000000099999999997 0.00000000099999999997 0.44443501147906250281 0.00000000099999999997 0.55556498352093752757 0.00000000099999999997 0.00000000099999999997 
0.26613756457544085476 0.00000000099999999997 0.14453053332217782878 0.00000000099999999997 0.28548286826860080900 0.00000000099999999997 0.30384903083378045352 
0.00000000099999999991 0.00000000099999999991 0.00000000099999999991 0.00000000099999999991 0.99999999400000005867 0.00000000099999999991 0.00000000099999999991 
0.42077793069787811087 0.00000000099999999999 0.20027734741652944428 0.00000000099999999999 0.25950278898053646959 0.00000000099999999999 0.11944192990505615726 
0.99999999400000005867 0.00000000099999999995 0.00000000099999999995 0.00000000099999999995 0.00000000099999999995 0.00000000099999999995 0.00000000099999999995 
0.00000000099999999995 0.00000000099999999995 0.00000000099999999995 0.00000000099999999995 0.00000000099999999995 0.99999999399999994765 0.00000000099999999995 
0.00000000099999999997 0.00000000099999999997 0.01944292282223830312 0.00000000099999999997 0.00000000099999999997 0.98055707217776166829 0.00000000099999999997 
0.00000000099999999981 0.00000000099999999981 0.00000000099999999981 0.99999999400000005867 0.00000000099999999981 0.00000000099999999981 0.00000000099999999981 
0.00000000099999999997 0.00000000099999999997 0.00000000099999999997 0.00000000099999999997 0.00000000099999999997 0.99999999399999994765 0.00000000099999999997 
0.00000000099999999998 0.00000000099999999998 0.00000000099999999998 0.00000000099999999998 0.00000000099999999998 0.99999999400000005867 0.00000000099999999998 
0.19929004583170700782 0.00372445844273504604 0.45526303435377385442 0.00000000099999999999 0.12575029683183774898 0.01717093848568551975 0.19880122505426073287 
0.00000000099999999961 0.00000000099999999961 0.00000000099999999961 0.99999999400000005867 0.00000000099999999961 0.00000000099999999961 0.00000000099999999961 
0.00000000099999999995 0.00000000099999999995 0.99999999400000005867 0.00000000099999999995 0.00000000099999999995 0.00000000099999999995 0.00000000099999999995 
0.00000000099999999998 0.00000000099999999998 0.45179204572841452636 0.00000000099999999998 0.54820794927158533749 0.00000000099999999998 0.00000000099999999998 
0.00000000099999999993 0.00000000099999999993 0.00000000099999999993 0.00000000099999999993 0.00000000099999999993 0.00000000099999999993 0.99999999400000005867 
0.69851057907746749720 0.00000000099999999998 0.30148941592253253319 0.00000000099999999998 0.00000000099999999998 0.00000000099999999998 0.00000000099999999998 
0.00000000099999999993 0.00000000099999999993 0.99999999400000005867 0.00000000099999999993 0.00000000099999999993 0.00000000099999999993 0.00000000099999999993 
0.99999999400000016969 0.00000000099999999993 0.00000000099999999993 0.00000000099999999993 0.00000000099999999993 0.00000000099999999993 0.00000000099999999993 
0.20795576854557845659 0.00000000099999999999 0.54444335715799130337 0.00000000099999999999 0.00000000099999999999 0.00000000099999999999 0.24760087029643040868 
0.24374112752132506832 0.00398612800376615083 0.31982425421192706150 0.00000000099999999999 0.24992109918070551378 0.00269290468510508928 0.17983448539717114545 
0.35019148203880345882 0.02940304214170846517 0.30428802125904758080 0.00000000100000000000 0.05820175232628565370 0.00000000100000000000 0.25791570023415466562 
0.00000000099999999997 0.00000000099999999997 0.34570797414229331723 0.00000000099999999997 0.65429202085770676867 0.00000000099999999997 0.00000000099999999997 
0.00416080886030653109 0.00000000099999999997 0.63503575294620429048 0.00000000099999999997 0.00000000099999999997 0.00000000099999999997 0.36080343419348914757 
0.26798040535514056071 0.02355318154698042218 0.32896734681096051478 0.00000000100000000000 0.19587579425236173458 0.01769414311270186765 0.16592912792185496307 
0.00000000099999999997 0.00000000099999999997 0.00000000099999999997 0.00000000099999999997 0.69286961335840935305 0.00000000099999999997 0.30713038164159073284 
0.16310272909506426386 0.00000000099999999999 0.28857264335558918678 0.00000000099999999999 0.32755095593031147150 0.00003539474705736826 0.22073827487197769659 
0.00000000099999999998 0.00000000099999999998 0.28972181171346550466 0.00000000099999999998 0.45718562182291055951 0.00000000099999999998 0.25309256246362382692 
0.27085634901414074038 0.00000000099999999998 0.43895692178012585272 0.00000000099999999998 0.00000000099999999998 0.02168295058479214471 0.26850377562094129846 
0.32101634384155836033 0.00000000099999999999 0.00000000099999999999 0.00000000099999999999 0.31634506434880355075 0.00000000099999999999 0.36263858780963798001 
0.39335323268070460090 0.00000000099999999999 0.27899678387575521654 0.00000000099999999999 0.06316194068662399352 0.02253639618100840639 0.24195164457590773166 
0.37804157065303911622 0.00000000099999999998 0.00000000099999999998 0.00000000099999999998 0.31286634595051771024 0.00000000099999999998 0.30909207939644306462 
0.57306704701055222184 0.00000000099999999998 0.00000000302458547494 0.00000000099999999998 0.00000000099999999998 0.00274887500856716349 0.42418407195629515005 
0.43696353733289255983 0.00606010650257206556 0.20179525101439027557 0.06660206859553659264 0.23495549631775272670 0.00634911529328875852 0.04727442494356700470 
0.36377472850716380259 0.00000000099999999998 0.34940775372282717459 0.00000000099999999998 0.00000000099999999998 0.00000000099999999998 0.28681751377000896941 
0.00000013540988413112 0.00000000099999999998 0.42803935302806073171 0.00000000099999999998 0.25602400336382830082 0.01177012359160146959 0.30416638260662531845 
0.61074746601053497841 0.00000000099999999997 0.00000000099999999997 0.00000000099999999997 0.00000000099999999997 0.00000000099999999997 0.38925252898946521851 
0.52289158545857439275 0.01221338936704573219 0.07348767685829139806 0.00000000099999999998 0.21936678384276087073 0.00000000099999999998 0.17204056247332771834 
0.42382373153988117664 0.00000000099999999998 0.00000000099999999998 0.00000000099999999998 0.36319073475913821181 0.00000000099999999998 0.21298552970098041937 
0.35130186852663014552 0.00000000099999999999 0.26334905638923389315 0.00000000099999999999 0.00000269975770643834 0.00000000099999999999 0.38534637232642959814 
0.22371193008540049552 0.00316317100079977279 0.46079726131894277463 0.00000000099999999999 0.22465731310356876205 0.00630944862478024452 0.08136087486650785128 
0.00000000099999999997 0.00000000099999999997 0.29890502314181832677 0.00000000099999999997 0.47655519266917056864 0.00000000099999999997 0.22453978018901118996 
0.31315700641870558574 0.00000000099999999997 0.00000000099999999997 0.00000000099999999997 0.45056869759902712369 0.01000709188839901849 0.22626720109386824764 
0.00000000099999999994 0.00000000099999999994 0.00000000099999999994 0.00000000099999999994 0.00000000099999999994 0.99999999399999994765 0.00000000099999999994 
0.00000000099999999998 0.00000000099999999998 0.00000000099999999998 0.00000000099999999998 0.00000000099999999998 0.99999999400000005867 0.00000000099999999998 
0.00000000099999999974 0.00000000099999999974 0.00000000099999999974 0.99999999400000005867 0.00000000099999999974 0.00000000099999999974 0.00000000099999999974 
0.00000000099999999968 0.99999999400000016969 0.00000000099999999968 0.00000000099999999968 0.00000000099999999968 0.00000000099999999968 0.00000000099999999968 
0.00000000099999999999 0.03632191529405010000 0.00000000099999999999 0.00000000099999999999 0.06370584309777192755 0.89997223760817801619 0.00000000099999999999 
0.00000000099999999992 0.00000000099999999992 0.00000000099999999992 0.00000000099999999992 0.00000000099999999992 0.00000000099999999992 0.99999999400000005867 
0.00000000099999999998 0.00000000099999999998 0.55133880793218337235 0.00000000099999999998 0.44866118706781649150 0.00000000099999999998 0.00000000099999999998 
0.00000000099999999998 0.00443709503362567110 0.00000000099999999998 0.00000000099999999998 0.00000000099999999998 0.99556289996637425954 0.00000000099999999998 
0.26181881166673220962 0.00000000099999999999 0.44341521293298763462 0.00000000099999999999 0.00000002153938235806 0.00304827532392643258 0.29171767653697128209 
0.26785984199910689574 0.00840273638239439138 0.35540852877760048534 0.00000000099999999998 0.16531092087135190738 0.00000000099999999998 0.20301796996954640795 
0.36891109953738721039 0.00000000099999999999 0.27196704941396915300 0.00000000099999999999 0.00000000099999999999 0.00000000099999999999 0.35912184704864374973 
0.00000000099999999966 0.00000000099999999966 0.00000000099999999966 0.99999999399999994765 0.00000000099999999966 0.00000000099999999966 0.00000000099999999966 
0.00000000099999999968 0.00000000099999999968 0.00000000099999999968 0.99999999400000005867 0.00000000099999999968 0.00000000099999999968 0.00000000099999999968 
0.00000000099999999961 0.00000000099999999961 0.00000000099999999961 0.99999999400000005867 0.00000000099999999961 0.00000000099999999961 0.00000000099999999961 
0.00000000099999999963 0.00000000099999999963 0.00000000099999999963 0.99999999399999994765 0.00000000099999999963 0.00000000099999999963 0.00000000099999999963 
0.00000000099999999964 0.00000000099999999964 0.00000000099999999964 0.99999999400000005867 0.00000000099999999964 0.00000000099999999964 0.00000000099999999964 
0.00000000099999999997 0.00000000099999999997 0.00000000099999999997 0.00000000099999999997 0.00000000099999999997 0.99999999399999994765 0.00000000099999999997 
0.78490118838038902549 0.00000000099999999998 0.00000000099999999998 0.00000000099999999998 0.00000000099999999998 0.00000000099999999998 0.21509880661961125470 
0.00000000099999999963 0.00000000099999999963 0.00000000099999999963 0.99999999400000005867 0.00000000099999999963 0.00000000099999999963 0.00000000099999999963 
0.00000000099999999969 0.00000000099999999969 0.00000000099999999969 0.99999999400000005867 0.00000000099999999969 0.00000000099999999969 0.00000000099999999969 
0.00000000099999999967 0.99999999400000005867 0.00000000099999999967 0.00000000099999999967 0.00000000099999999967 0.00000000099999999967 0.00000000099999999967 
0.00000000099999999967 0.99999999400000016969 0.00000000099999999967 0.00000000099999999967 0.00000000099999999967 0.00000000099999999967 0.00000000099999999967 
0.26265817404291613713 0.00000000099999999998 0.00000000099999999998 0.00000000099999999998 0.46820533295402450014 0.00000000099999999998 0.26913648900305930933 
0.00000000099999999966 0.00000000099999999966 0.00000000099999999966 0.99999999400000005867 0.00000000099999999966 0.00000000099999999966 0.00000000099999999966 
0.00000000099999999994 0.00000000099999999994 0.99999999399999994765 0.00000000099999999994 0.00000000099999999994 0.00000000099999999994 0.00000000099999999994 
0.00000000099999999997 0.00000000099999999997 0.00000000099999999997 0.00000000099999999997 0.57624606337496175890 0.00000000099999999997 0.42375393162503843802 
0.00000000099999999998 0.00000000099999999998 0.05226388945406277436 0.00000000099999999998 0.00000000099999999998 0.94773610554593734623 0.00000000099999999998 
0.29231998325653180126 0.00000000099999999998 0.39236781477305110455 0.00000000099999999998 0.06909612271853490806 0.00170211279722220143 0.24451396445466000440 
0.00000000099999999992 0.00000000099999999992 0.00000000099999999992 0.00000000099999999992 0.00000000099999999992 0.99999999400000005867 0.00000000099999999992 
0.46028079964808782387 0.00000000099999999999 0.15416179622692005591 0.00000000099999999999 0.00000538481904184280 0.00395941209023082438 0.38159260521571969349 
0.00000000099999999993 0.00000000099999999993 0.00000000099999999993 0.00000000099999999993 0.00000000099999999993 0.99999999400000005867 0.00000000099999999993 
0.39688919695889041117 0.00931292268450448386 0.59379787635660519207 0.00000000099999999998 0.00000000099999999998 0.00000000099999999998 0.00000000099999999998 
0.00000000099999999999 0.00540856663163866505 0.33298317946072547580 0.00000000099999999999 0.40007066618838665883 0.00000000099999999999 0.26153758471924914986 
0.00000000099999999969 0.00000000099999999969 0.00000000099999999969 0.99999999399999994765 0.00000000099999999969 0.00000000099999999969 0.00000000099999999969 
0.00000000099999999995 0.00000000099999999995 0.00000000099999999995 0.00000000099999999995 0.00000000099999999995 0.99999999399999994765 0.00000000099999999995 
0.00000000099999999964 0.00000000099999999964 0.00000000099999999964 0.99999999399999994765 0.00000000099999999964 0.00000000099999999964 0.00000000099999999964 
0.00000000099999999963 0.00000000099999999963 0.00000000099999999963 0.99999999399999994765 0.00000000099999999963 0.00000000099999999963 0.00000000099999999963 
0.68677432573993379972 0.00000000099999999997 0.00000000099999999997 0.00000000099999999997 0.00000000099999999997 0.00000000099999999997 0.31322566926006639720 
0.99999999400000016969 0.00000000099999999994 0.00000000099999999994 0.00000000099999999994 0.00000000099999999994 0.00000000099999999994 0.00000000099999999994 
0.37147488005847872916 0.00000000099999999997 0.36641089062167919721 0.00000000099999999997 0.00000000099999999997 0.00000000099999999997 0.26211422531984207573 
0.21351220298801917852 0.00000000099999999998 0.14049431090567518488 0.00000000099999999998 0.30332738837735090387 0.00000000099999999998 0.34266609472895465105 
0.00000000099999999997 0.00000000099999999997 0.00000000099999999997 0.00000000099999999997 0.62382336459377452087 0.00000000099999999997 0.37617663040622545401 
0.28454985572642566005 0.00318668286727383752 0.22976325923285803587 0.00000000099999999999 0.14934728801462493486 0.00533142305399637254 0.32782149010482125595 
0.00000000099999999997 0.00000000099999999997 0.63284775227825640354 0.00000000099999999997 0.36715224272174357134 0.00000000099999999997 0.00000000099999999997 
0.00000000099999999997 0.00000000099999999997 0.00000405889814949933 0.00000000099999999997 0.01962005486368662011 0.98037588223816385380 0.00000000099999999997 
0.26666536066403601080 0.00000000099999999998 0.24232161184804193454 0.00000000099999999998 0.29503629701000505525 0.00000000099999999998 0.19597672747791702874 
0.00000000099999999963 0.00000000099999999963 0.00000000099999999963 0.99999999399999994765 0.00000000099999999963 0.00000000099999999963 0.00000000099999999963 
0.99999999400000016969 0.00000000099999999993 0.00000000099999999993 0.00000000099999999993 0.00000000099999999993 0.00000000099999999993 0.00000000099999999993 
0.00000000099999999988 0.00000000099999999988 0.00000000099999999988 0.99999999400000005867 0.00000000099999999988 0.00000000099999999988 0.00000000099999999988 
0.00000000099999999968 0.00000000099999999968 0.00000000099999999968 0.99999999399999994765 0.00000000099999999968 0.00000000099999999968 0.00000000099999999968 
0.17051504398000746909 0.00000000099999999999 0.25923430962997590088 0.00000000099999999999 0.38197777574034980086 0.01212774387011104557 0.17614512477955573955 
0.46662562694711007261 0.00000000099999999998 0.53337436805289006880 0.00000000099999999998 0.00000000099999999998 0.00000000099999999998 0.00000000099999999998 
0.27465689609650223435 0.00000000099999999999 0.38519649866664429361 0.00000000099999999999 0.00000002706622297926 0.00051422132116187176 0.33963235484946857623 
0.00000000099999999971 0.00000000099999999971 0.00000000099999999971 0.99999999399999994765 0.00000000099999999971 0.00000000099999999971 0.00000000099999999971 
0.00000000099999999994 0.00000000099999999994 0.00000000099999999994 0.00000000099999999994 0.00000000099999999994 0.99999999399999994765 0.00000000099999999994 
0.00000000099999999994 0.00000000099999999994 0.00000000099999999994 0.00000000099999999994 0.00000000099999999994 0.99999999400000005867 0.00000000099999999994 
0.00000000099999999968 0.00000000099999999968 0.00000000099999999968 0.99999999399999994765 0.00000000099999999968 0.00000000099999999968 0.00000000099999999968 
0.00000000099999999993 0.00000000099999999993 0.00000000099999999993 0.00000000099999999993 0.00000000099999999993 0.00000000099999999993 0.99999999400000005867 
0.40321385482483551588 0.00672659474114969264 0.00000000099999999999 0.00000000099999999999 0.26999717826595820425 0.02909924534383269076 0.29096312482422376222 
0.00000000099999999969 0.00000000099999999969 0.00000000099999999969 0.99999999400000005867 0.00000000099999999969 0.00000000099999999969 0.00000000099999999969 
0.30326050159811329676 0.00208924156333426024 0.18861006450798023515 0.00000000099999999999 0.24565126070503981448 0.00000000099999999999 0.26038892962553250587 
0.00000000099999999992 0.00000000099999999992 0.00000000099999999992 0.00000000099999999992 0.00000000099999999992 0.99999999399999994765 0.00000000099999999992 
0.00000000099999999998 0.10318389766363247895 0.00000000099999999998 0.09748941774375140257 0.61700933546662550810 0.18231734612599065359 0.00000000099999999998 
0.26911754958383660163 0.00000000099999999999 0.15569465358005013522 0.00000000099999999999 0.29298101528593828435 0.01321318912504633632 0.26899359042512877016 
0.35088097756323877174 0.00993380381058596093 0.00000000099999999999 0.00000000099999999999 0.35697508970768482284 0.01537613924386175938 0.26683398767462845891 
0.47626921287877771460 0.01383444580555277283 0.28303747700907611051 0.00000000099999999998 0.00000000099999999998 0.00000000099999999998 0.22685886130659338455 
0.00000000099999999997 0.00000000099999999997 0.62195558360055258618 0.00000000099999999997 0.00000000099999999997 0.00000000099999999997 0.37804441139944738870 
0.50754266017479299222 0.00000000099999999997 0.00000000099999999997 0.00000000099999999997 0.35081309445963337890 0.00000000099999999997 0.14164424136557357548 
0.19101255799630753596 0.00000000099999999999 0.41395455280567816647 0.00000000099999999999 0.23166635617277048231 0.00000008787328391890 0.16336644315196000021 
0.00000000099999999998 0.00000000099999999998 0.00000000099999999998 0.00000000099999999998 0.53231903513017786445 0.00000000099999999998 0.46768095986982199941 
0.00000000099999999993 0.00000000099999999993 0.00000000099999999993 0.00000000099999999993 0.99999999400000005867 0.00000000099999999993 0.00000000099999999993 
0.00000000099999999996 0.00000000099999999996 0.00000000099999999996 0.00000000099999999996 0.00000000099999999996 0.99999999399999994765 0.00000000099999999996 
0.99999999400000016969 0.00000000099999999992 0.00000000099999999992 0.00000000099999999992 0.00000000099999999992 0.00000000099999999992 0.00000000099999999992 
0.00000000099999999991 0.00000000099999999991 0.00000000099999999991 0.00000000099999999991 0.99999999400000005867 0.00000000099999999991 0.00000000099999999991 
0.06339381589577040843 0.00000000099999999999 0.22463943551639892204 0.00000000099999999999 0.43058813446902227673 0.04002260375250439595 0.24135600836630394239 
0.00000000099999999997 0.00000000099999999997 0.35489557373878555246 0.00000000099999999997 0.43781238679002915104 0.00000000099999999997 0.20729203547118532636 
0.35567524883907214450 0.00000000100000000000 0.29595019298111990835 0.00000000100000000000 0.19801980762355778087 0.02444901881305220140 0.12590572974319783062 
0.00000000099999999993 0.00000000099999999993 0.99999999400000005867 0.00000000099999999993 0.00000000099999999993 0.00000000099999999993 0.00000000099999999993 
0.00000000099999999999 0.00000000099999999999 0.56078885061352878871 0.00000000099999999999 0.13401731014999990199 0.00000000313041105851 0.30519383310606018611 
0.01912035205557274797 0.00000000099999999997 0.00000000099999999997 0.00000000099999999997 0.00000000099999999997 0.98087964294442719915 0.00000000099999999997 
0.00000000099999999991 0.00000000099999999991 0.00000000099999999991 0.00000000099999999991 0.99999999399999994765 0.00000000099999999991 0.00000000099999999991 
0.00000000099999999995 0.00000000099999999995 0.99999999400000005867 0.00000000099999999995 0.00000000099999999995 0.00000000099999999995 0.00000000099999999995 
0.30839739210310529449 0.00000000100000000000 0.35748107080819974124 0.00485720270765423873 0.00000000100000000000 0.00000000100000000000 0.32926433138104094223 
0.00000000099999999997 0.00000000099999999997 0.00000000099999999997 0.00000000099999999997 0.00000000099999999997 0.99999999399999994765 0.00000000099999999997 
0.30634722862310131974 0.00000000100000000000 0.35145670237895465515 0.01801093378899977504 0.15514426649043783213 0.02085172011104654763 0.14818914760745965919 
0.00000000099999999995 0.00000000099999999995 0.99999999399999994765 0.00000000099999999995 0.00000000099999999995 0.00000000099999999995 0.00000000099999999995 
0.11494502505756340471 0.00842995330469527293 0.18734561678797853612 0.00000000099999999999 0.21637336338121979096 0.47290603946854287143 0.00000000099999999999 
0.00000000099999999993 0.00000000099999999993 0.00000000099999999993 0.00000000099999999993 0.00000000099999999993 0.00000000099999999993 0.99999999400000005867 
0.00000000099999999970 0.00000000099999999970 0.00000000099999999970 0.99999999399999994765 0.00000000099999999970 0.00000000099999999970 0.00000000099999999970 
0.62265791884541210610 0.00930828751742062213 0.36802693216934206921 0.00000000099999999999 0.00000000099999999999 0.00000000099999999999 0.00000685846782514679 
0.50034597699680138927 0.00000000099999999998 0.00000000099999999998 0.00000000099999999998 0.00000000099999999998 0.00000000099999999998 0.49965401800319880765 
