0.01550051199382320756 0.30330363692506456808 0.00000000099999999999 0.00000000099999999999 0.00000000099999999999 0.01617346168253433469 0.20516361551983389178 0.30951619468154201176 0.15034257619720178822 
0.00000000099999999993 0.00000000099999999993 0.43298356890490785620 0.56701642409509234177 0.00000000099999999993 0.00000000099999999993 0.00000000099999999993 0.00000000099999999993 0.00000000099999999993 
0.00000000099999999993 0.00000000099999999993 0.65073683272930182842 0.32044156306953769375 0.00000000099999999993 0.02882159820116058160 0.00000000099999999993 0.00000000099999999993 0.00000000099999999993 
0.00001286502169788546 0.23420758682035558440 0.02883264739758647360 0.00023337653048887777 0.00000000099999999999 0.00000000099999999999 0.32168464085376735628 0.26045411620082947746 0.15457476517527435345 
0.00445254627024139951 0.45433634053737659286 0.00000000099999999999 0.00000000099999999999 0.00000000099999999999 0.01310364927767750098 0.36393288063471501692 0.06951278784338911498 0.09466179243660025056 
0.00000000099999999998 0.21807962273644557194 0.02981934794717873774 0.00000000099999999998 0.00000000099999999998 0.00542085980776012191 0.51335561175915711551 0.00110663665974153509 0.23221791808971697924 
0.00000000099999999992 0.00000000099999999992 0.57339997666204478577 0.37015244982819828223 0.00000000099999999992 0.05644756750975694209 0.00000000099999999992 0.00000000099999999992 0.00000000099999999992 
0.00000000099999999990 0.00000000099999999990 0.41052763751958926131 0.58947235548041088116 0.00000000099999999990 0.00000000099999999990 0.00000000099999999990 0.00000000099999999990 0.00000000099999999990 
0.01012536077909797355 0.49077446137099028922 0.00058937401585075662 0.00000000099999999998 0.00000000099999999998 0.00000000099999999998 0.00000059008599428190 0.18883000298902810621 0.30968020775903865038 
0.00000000099999999994 0.00000000099999999994 0.65525717746038802947 0.34474281553961189095 0.00000000099999999994 0.00000000099999999994 0.00000000099999999994 0.00000000099999999994 0.00000000099999999994 
0.00383019880425221858 0.47003802604706823587 0.00000000099999999999 0.02629558113568478475 0.00000000099999999999 0.00509362132553268804 0.29886380149860047872 0.00000000099999999999 0.19587876818886154617 
0.00216947311043828427 0.36660783005656422118 0.02777672973889538585 0.00000000099999999998 0.00000000099999999998 0.00000000099999999998 0.38044364895157944950 0.00000000099999999998 0.22300231414252263962 
0.00000000099999999997 0.41855671510894593146 0.00000000099999999997 0.00000000099999999997 0.00000000099999999997 0.04950827528633628544 0.53193500342728883279 0.00000000099999999997 0.00000000117742893491 
0.00000000099999999995 0.00000000099999999995 0.00000000099999999995 0.00000000099999999995 0.00000000099999999995 0.00000000099999999995 0.99999999200000000421 0.00000000099999999995 0.00000000099999999995 
0.00725470306812931592 0.00000000099999999999 0.00000000099999999999 0.00000000099999999999 0.00000000099999999999 0.00000000099999999999 0.66227869216679979836 0.00000000099999999999 0.33046659876507084030 
0.02566799230340171753 0.25421263188475168304 0.05178183967038904600 0.00001210874940013887 0.00000000099999999999 0.02249186338758517312 0.26241310577562565465 0.13255146797018632632 0.25086898925866019106 
0.00000000099999999998 0.43573508602165600401 0.00000000099999999998 0.00000000099999999998 0.00000000099999999998 0.00665283436762844575 0.00000000099999999998 0.20113165287395631808 0.35648042173675897892 
0.00000000099999999998 0.20983155161661834476 0.00000000099999999998 0.00000000099999999998 0.00000000099999999998 0.01185164549378154610 0.24483304715418544029 0.28492821182038424732 0.24855553991503048783 
0.00000000099999999999 0.29968104950108404028 0.00000000099999999999 0.00000000099999999999 0.00000000099999999999 0.04010761806381542977 0.23460858948773594124 0.16199207478862212573 0.26361066415874229163 
0.00000015044597902803 0.42976436800771289359 0.00000000099999999998 0.00006023546025933188 0.00000000099999999998 0.00813113871862518149 0.10791107355022491743 0.28888585995653348615 0.16524717186066528729 
0.00000000099999999999 0.45763502788223164863 0.00000000099999999999 0.00779120860445990313 0.00000000099999999999 0.00767344615980663104 0.16728439948610759891 0.06815013023629677702 0.29146578463109734658 
0.00000000099999999990 0.00000000099999999990 0.99999999200000011523 0.00000000099999999990 0.00000000099999999990 0.00000000099999999990 0.00000000099999999990 0.00000000099999999990 0.00000000099999999990 
0.00000000099999999984 0.00000000099999999984 0.00000000099999999984 0.00000000099999999984 0.00000000099999999984 0.00000000099999999984 0.00000000099999999984 0.99999999200000000421 0.00000000099999999984 
0.00000000099999999984 0.00000000099999999984 0.00000000099999999984 0.00000000099999999984 0.00000000099999999984 0.00000000099999999984 0.00000000099999999984 0.00000000099999999984 0.99999999199999989319 
0.00000000099999999996 0.64617223086108910302 0.00000000099999999996 0.00000000099999999996 0.00000000099999999996 0.08597281496513947685 0.00000000099999999996 0.26785494817377147880 0.00000000099999999996 
0.00000000099999999998 0.39309296482950678575 0.00000000099999999998 0.00000000099999999998 0.00000000099999999998 0.01562189629636881287 0.49069594097097707364 0.10058919290314723149 0.00000000099999999998 
0.99999999200000022626 0.00000000099999999965 0.00000000099999999965 0.00000000099999999965 0.00000000099999999965 0.00000000099999999965 0.00000000099999999965 0.00000000099999999965 0.00000000099999999965 
0.99999999200000022626 0.00000000099999999960 0.00000000099999999960 0.00000000099999999960 0.00000000099999999960 0.00000000099999999960 0.00000000099999999960 0.00000000099999999960 0.00000000099999999960 
0.00064096308532025632 0.31499289867496671480 0.00000000099999999999 0.00000000099999999999 0.00000000099999999999 0.02352646658353766893 0.26886242577945818066 0.21364352033691971777 0.17833372253979731803 
0.00000000099999999992 0.00000000099999999992 0.00000000099999999992 0.00000000099999999992 0.00000000099999999992 0.00000000099999999992 0.99999999200000000421 0.00000000099999999992 0.00000000099999999992 
0.00000000099999999997 0.36080760840892617258 0.00000000099999999997 0.00000003354277822075 0.00000000099999999997 0.06600655841666573653 0.00743309227165595866 0.20327875069548337339 0.36247395366449036702 
0.00000000099999999990 0.00000000099999999990 0.99999999200000011523 0.00000000099999999990 0.00000000099999999990 0.00000000099999999990 0.00000000099999999990 0.00000000099999999990 0.00000000099999999990 
0.35542211109677734893 0.00000000099999999991 0.20621865379112513939 0.00000000099999999991 0.00000000099999999991 0.00000000099999999991 0.00000000099999999991 0.00000000099999999991 0.43835922911209751485 
0.00000000099999999997 0.25099967687450402964 0.00000000099999999997 0.00000000099999999997 0.00000000099999999997 0.00000000099999999997 0.00000000099999999997 0.27547065789728131247 0.47352965922821443900 
0.00000000099999999958 0.00000000099999999958 0.00000000099999999958 0.00000000099999999958 0.99999999200000000421 0.00000000099999999958 0.00000000099999999958 0.00000000099999999958 0.00000000099999999958 
0.00000000099999999948 0.00000000099999999948 0.00000000099999999948 0.00000000099999999948 0.99999999200000000421 0.00000000099999999948 0.00000000099999999948 0.00000000099999999948 0.00000000099999999948 
0.00000000099999999949 0.00000000099999999949 0.00000000099999999949 0.00000000099999999949 0.99999999200000000421 0.00000000099999999949 0.00000000099999999949 0.00000000099999999949 0.00000000099999999949 
0.99999999200000022626 0.00000000099999999966 0.00000000099999999966 0.00000000099999999966 0.00000000099999999966 0.00000000099999999966 0.00000000099999999966 0.00000000099999999966 0.00000000099999999966 
0.99999999200000011523 0.00000000099999999961 0.00000000099999999961 0.00000000099999999961 0.00000000099999999961 0.00000000099999999961 0.00000000099999999961 0.00000000099999999961 0.00000000099999999961 
0.00000000099999999998 0.46372518998781070421 0.00000000099999999998 0.00000000099999999998 0.00000000099999999998 0.02491207217275176813 0.38366353368106692612 0.00000000099999999998 0.12769919915837060764 
0.00000000099999999983 0.00000000099999999983 0.00000000099999999983 0.99999999200000000421 0.00000000099999999983 0.00000000099999999983 0.00000000099999999983 0.00000000099999999983 0.00000000099999999983 
0.99999999200000022626 0.00000000099999999963 0.00000000099999999963 0.00000000099999999963 0.00000000099999999963 0.00000000099999999963 0.00000000099999999963 0.00000000099999999963 0.00000000099999999963 
0.00000000099999999996 0.00000000099999999996 0.00000000099999999996 0.00000000099999999996 0.00000000099999999996 0.00000000099999999996 0.00000000099999999996 0.59170154686380493914 0.40829844613619487026 
0.00000000099999999979 0.00000000099999999979 0.00000000099999999979 0.99999999200000000421 0.00000000099999999979 0.00000000099999999979 0.00000000099999999979 0.00000000099999999979 0.00000000099999999979 
0.99999999200000011523 0.00000000099999999968 0.00000000099999999968 0.00000000099999999968 0.00000000099999999968 0.00000000099999999968 0.00000000099999999968 0.00000000099999999968 0.00000000099999999968 
0.00369083708627975220 0.28296131245648209473 0.00075165078288299170 0.00964162427357917982 0.00000000099999999998 0.00000000099999999998 0.24004860188540644295 0.19526083232917612609 0.26764513918619325938 
0.99999999200000022626 0.00000000099999999963 0.00000000099999999963 0.00000000099999999963 0.00000000099999999963 0.00000000099999999963 0.00000000099999999963 0.00000000099999999963 0.00000000099999999963 
0.00000000099999999991 0.00000000099999999991 0.99999999200000000421 0.00000000099999999991 0.00000000099999999991 0.00000000099999999991 0.00000000099999999991 0.00000000099999999991 0.00000000099999999991 
0.00000000099999999981 0.00000000099999999981 0.00000000099999999981 0.99999999200000000421 0.00000000099999999981 0.00000000099999999981 0.00000000099999999981 0.00000000099999999981 0.00000000099999999981 
0.99999999200000022626 0.00000000099999999959 0.00000000099999999959 0.00000000099999999959 0.00000000099999999959 0.00000000099999999959 0.00000000099999999959 0.00000000099999999959 0.00000000099999999959 
0.99999999200000022626 0.00000000099999999961 0.00000000099999999961 0.00000000099999999961 0.00000000099999999961 0.00000000099999999961 0.00000000099999999961 0.00000000099999999961 0.00000000099999999961 
0.00000000099999999995 0.00000000099999999995 0.72289151716359911770 0.27710847583640074721 0.00000000099999999995 0.00000000099999999995 0.00000000099999999995 0.00000000099999999995 0.00000000099999999995 
0.00000000099999999989 0.00000000099999999989 0.99999999200000000421 0.00000000099999999989 0.00000000099999999989 0.00000000099999999989 0.00000000099999999989 0.00000000099999999989 0.00000000099999999989 
0.00000000099999999995 0.00000000099999999995 0.44292463535335080405 0.55707535764664928291 0.00000000099999999995 0.00000000099999999995 0.00000000099999999995 0.00000000099999999995 0.00000000099999999995 
0.99999999200000011523 0.00000000099999999969 0.00000000099999999969 0.00000000099999999969 0.00000000099999999969 0.00000000099999999969 0.00000000099999999969 0.00000000099999999969 0.00000000099999999969 
0.00000000099999999995 0.00000000099999999995 0.00000000099999999995 0.00000000099999999995 0.00000000099999999995 0.00000000099999999995 0.99999999199999989319 0.00000000099999999995 0.00000000099999999995 
0.00000000099999999984 0.00000000099999999984 0.00000000099999999984 0.00000000099999999984 0.00000000099999999984 0.00000000099999999984 0.00000000099999999984 0.99999999199999989319 0.00000000099999999984 
0.00000000099999999990 0.00000000099999999990 0.00000000099999999990 0.00000000099999999990 0.00000000099999999990 0.00000000099999999990 0.99999999200000000421 0.00000000099999999990 0.00000000099999999990 
0.00000000099999999998 0.00000000099999999998 0.00000000099999999998 0.00000939280261385353 0.00000000099999999998 0.00376974108673794935 0.36106971481250371703 0.39379659921235649067 0.24135454808578807318 
0.00000000099999999992 0.00000000099999999992 0.52066943990399539022 0.47933055309600464122 0.00000000099999999992 0.00000000099999999992 0.00000000099999999992 0.00000000099999999992 0.00000000099999999992 
0.00000000099999999994 0.99999999200000022626 0.00000000099999999994 0.00000000099999999994 0.00000000099999999994 0.00000000099999999994 0.00000000099999999994 0.00000000099999999994 0.00000000099999999994 
0.00000000099999999956 0.00000000099999999956 0.00000000099999999956 0.00000000099999999956 0.99999999200000000421 0.00000000099999999956 0.00000000099999999956 0.00000000099999999956 0.00000000099999999956 
0.00000000099999999985 0.00000000099999999985 0.00000000099999999985 0.00000000099999999985 0.00000000099999999985 0.00000000099999999985 0.00000000099999999985 0.99999999199999989319 0.00000000099999999985 
0.00000000099999999957 0.00000000099999999957 0.00000000099999999957 0.00000000099999999957 0.99999999200000011523 0.00000000099999999957 0.00000000099999999957 0.00000000099999999957 0.00000000099999999957 
0.00000000099999999998 0.55619098924081000757 0.02411419191860570549 0.00000000099999999998 0.00000000099999999998 0.03559692190574919451 0.00000000099999999998 0.01337145303172951154 0.37072643990310583106 
0.00000000099999999958 0.00000000099999999958 0.00000000099999999958 0.00000000099999999958 0.99999999200000000421 0.00000000099999999958 0.00000000099999999958 0.00000000099999999958 0.00000000099999999958 
0.00000000099999999998 0.36006244959378436166 0.00000000099999999998 0.00000000099999999998 0.00000000099999999998 0.04912421542603639252 0.17779108457763764806 0.14239321274997293609 0.27062903365256851806 
0.00000000099999999999 0.56463240155820704214 0.00000000099999999999 0.00374167566222665185 0.00000000099999999999 0.00000000099999999999 0.43162590152708085744 0.00000000099999999999 0.00000001625248536712 
0.00000000099999999992 0.00000000099999999992 0.67351337612338391114 0.32648661687661606479 0.00000000099999999992 0.00000000099999999992 0.00000000099999999992 0.00000000099999999992 0.00000000099999999992 
0.00000000099999999990 0.00000000099999999990 0.00000000099999999990 0.00000000099999999990 0.00000000099999999990 0.00000000099999999990 0.00000000099999999990 0.00000000099999999990 0.99999999200000000421 
0.00000000099999999958 0.00000000099999999958 0.00000000099999999958 0.00000000099999999958 0.99999999200000011523 0.00000000099999999958 0.00000000099999999958 0.00000000099999999958 0.00000000099999999958 
0.00000000099999999961 0.00000000099999999961 0.00000000099999999961 0.00000000099999999961 0.99999999200000011523 0.00000000099999999961 0.00000000099999999961 0.00000000099999999961 0.00000000099999999961 
0.00948608234150953751 0.46764442314493881447 0.00863225307479919234 0.07375474054497321852 0.00000000099999999999 0.00421258924854842672 0.22687573151408654826 0.00001992775228805817 0.20937425137885629089 
0.00000000099999999992 0.00000000099999999992 0.76634090153607603568 0.23365909146392413454 0.00000000099999999992 0.00000000099999999992 0.00000000099999999992 0.00000000099999999992 0.00000000099999999992 
0.99999999200000022626 0.00000000099999999970 0.00000000099999999970 0.00000000099999999970 0.00000000099999999970 0.00000000099999999970 0.00000000099999999970 0.00000000099999999970 0.00000000099999999970 
0.00000000099999999992 0.00000000099999999992 0.44242279825043817620 0.55757719474956179972 0.00000000099999999992 0.00000000099999999992 0.00000000099999999992 0.00000000099999999992 0.00000000099999999992 
0.00000000099999999999 0.28133794562576436293 0.00000000099999999999 0.03027850957545375268 0.00000000099999999999 0.03748055129384143813 0.26979826773063836365 0.00000000099999999999 0.38110472177430182450 
0.00000000099999999953 0.00000000099999999953 0.00000000099999999953 0.00000000099999999953 0.99999999200000000421 0.00000000099999999953 0.00000000099999999953 0.00000000099999999953 0.00000000099999999953 
0.99999999200000022626 0.00000000099999999956 0.00000000099999999956 0.00000000099999999956 0.00000000099999999956 0.00000000099999999956 0.00000000099999999956 0.00000000099999999956 0.00000000099999999956 
0.00000000099999999963 0.00000000099999999963 0.00000000099999999963 0.00000000099999999963 0.99999999200000000421 0.00000000099999999963 0.00000000099999999963 0.00000000099999999963 0.00000000099999999963 
0.01548413948312013511 0.44570136785393327239 0.00000000099999999999 0.00000000099999999999 0.00000000099999999999 0.00000000099999999999 0.00000000099999999999 0.30727945081068430699 0.23153503685226228814 
0.00000000099999999984 0.00000000099999999984 0.99999999200000011523 0.00000000099999999984 0.00000000099999999984 0.00000000099999999984 0.00000000099999999984 0.00000000099999999984 0.00000000099999999984 
0.00000000099999999988 0.00000000099999999988 0.99999999200000000421 0.00000000099999999988 0.00000000099999999988 0.00000000099999999988 0.00000000099999999988 0.00000000099999999988 0.00000000099999999988 
0.00000000099999999995 0.00000000099999999995 0.00000000099999999995 0.25020754507594339389 0.00000000099999999995 0.00000000099999999995 0.00000000099999999995 0.00000000099999999995 0.74979244792405652653 
0.01936360692068577957 0.31772287703757545740 0.00000000099999999999 0.01121738682824638053 0.00000000099999999999 0.00000000099999999999 0.00000000099999999999 0.26853473143055606176 0.38316139378293617712 
0.00000000099999999984 0.00000000099999999984 0.00000000099999999984 0.00000000099999999984 0.00000000099999999984 0.00000000099999999984 0.00000000099999999984 0.99999999200000000421 0.00000000099999999984 
0.00000000099999999998 0.35532664965732835283 0.00000000099999999998 0.02483678654960323057 0.00000000099999999998 0.01578519385368813352 0.15332457249063766169 0.06754527168763849176 0.38318152276110417631 
0.00000000099999999999 0.44210886597588933133 0.00000000099999999999 0.00000000164487503321 0.00000000099999999999 0.00000000099999999999 0.26151702586307851162 0.05488556965063203646 0.24148853286552479647 
0.00000000099999999996 0.29882795355426206019 0.00000000099999999996 0.00000000099999999996 0.00000000099999999996 0.00000000099999999996 0.16505400312223333925 0.29265504389488172787 0.24346299442862265328 
0.00000000099999999997 0.37031577261138343138 0.00000000099999999997 0.01610036728510074247 0.00000000099999999997 0.00000000099999999997 0.21776793566982877159 0.08256061949174892112 0.31325530094193809738 
0.00000000099999999998 0.32278860866971714749 0.00000000099999999998 0.01679619569004061480 0.00000000099999999998 0.00000000099999999998 0.19686403670161056745 0.29568414975172285786 0.16786700518690883532 
0.00000000099999999998 0.27616718498564230000 0.00000000099999999998 0.04864308163006605956 0.00000000099999999998 0.00000000099999999998 0.10492688487697555966 0.24527794394192997673 0.32498490056538603676 
0.00000000099999999994 0.00000000099999999994 0.62380997273913818546 0.37619002026086195700 0.00000000099999999994 0.00000000099999999994 0.00000000099999999994 0.00000000099999999994 0.00000000099999999994 
0.00000000099999999992 0.00000000099999999992 0.99999999200000000421 0.00000000099999999992 0.00000000099999999992 0.00000000099999999992 0.00000000099999999992 0.00000000099999999992 0.00000000099999999992 
0.00000000099999999975 0.00000000099999999975 0.00000000099999999975 0.00000000099999999975 0.99999999200000000421 0.00000000099999999975 0.00000000099999999975 0.00000000099999999975 0.00000000099999999975 
0.00000000099999999996 0.00000000099999999996 0.65456736650838798219 0.34543262649161204925 0.00000000099999999996 0.00000000099999999996 0.00000000099999999996 0.00000000099999999996 0.00000000099999999996 
0.00000000099999999996 0.00000000099999999996 0.73284343640720583934 0.26715655659279430312 0.00000000099999999996 0.00000000099999999996 0.00000000099999999996 0.00000000099999999996 0.00000000099999999996 
0.00208157386960721152 0.17056570766621678703 0.00000000099999999999 0.03028299235464932196 0.00000000099999999999 0.00736617110955031448 0.51136806428296377458 0.09135722404271293118 0.18697826467429964903 
0.00000000099999999948 0.00000000099999999948 0.00000000099999999948 0.00000000099999999948 0.99999999200000000421 0.00000000099999999948 0.00000000099999999948 0.00000000099999999948 0.00000000099999999948 
0.00000000099999999992 0.00000000099999999992 0.00000000099999999992 0.00000000099999999992 0.00000000099999999992 0.00000000099999999992 0.00000000099999999992 0.00000000099999999992 0.99999999199999989319 
0.00000000099999999999 0.47341223670145138325 0.00000251089141348265 0.01022549848858790925 0.00000000099999999999 0.01395011755154179460 0.29772177813290578996 0.00000000099999999999 0.20468785523409949167 
0.00410799605374265100 0.20986369325719775314 0.01014322222060871394 0.00000000099999999999 0.00000000099999999999 0.00960227997052040712 0.41675239568145905356 0.09377400308153593933 0.25575640773493546476 
0.00000000099999999999 0.33659754536483582621 0.00000015308584939192 0.02000843832711819703 0.00000000099999999999 0.01007296646641997646 0.33980019004404066196 0.24672469069432564903 0.04679601401741022293 
0.00000000099999999998 0.25693470435830945142 0.00515800676983774707 0.00000000099999999998 0.00000000099999999998 0.00000000099999999998 0.46858705161034441833 0.04521276052655880812 0.22410747273494957543 
0.00000000099999999998 0.00000000099999999998 0.02084675604274873612 0.00000000099999999998 0.00000000099999999998 0.00000000099999999998 0.00000000099999999998 0.42494158871743709094 0.55421164923981403039 
0.00000000099999999999 0.35558746880033981208 0.00000068525083606178 0.00000000099999999999 0.00000000099999999999 0.00000000099999999999 0.21305700468034138861 0.00000000099999999999 0.43135483626848258876 
0.00000000099999999986 0.00000000099999999986 0.00000000099999999986 0.00000000099999999986 0.00000000099999999986 0.00000000099999999986 0.00000000099999999986 0.99999999199999989319 0.00000000099999999986 
0.03067134456347129362 0.48967389837288993748 0.01968520564160190431 0.00000000100000000000 0.00000000100000000000 0.00000000100000000000 0.17702608729628660500 0.07978727829596696242 0.20315618282978351039 
0.00000000099999999997 0.00000003374901995126 0.00000000099999999997 0.00000000099999999997 0.00000000099999999997 0.00000000099999999997 0.00000000099999999997 0.46169780195866022554 0.53830215829231986557 
0.00000000099999999996 0.42958125613624370542 0.00000000099999999996 0.00000000099999999996 0.00000000099999999996 0.00000000099999999996 0.34312138270721975752 0.22729735515653631817 0.00000000099999999996 
0.01893404072063913438 0.31178495301460884548 0.02370223750851409295 0.00000000099999999999 0.00000000099999999999 0.01794818525566038367 0.32374946781793129125 0.30386930514099691480 0.00001180854164935636 
0.00000000099999999993 0.00000000099999999993 0.00000000099999999993 0.00000000099999999993 0.00000000099999999993 0.00000000099999999993 0.99999999199999989319 0.00000000099999999993 0.00000000099999999993 
0.00000000099999999998 0.51845244693069514330 0.00000000099999999998 0.00553478911284709281 0.00000000099999999998 0.00000000099999999998 0.00000000099999999998 0.00000000099999999998 0.47601275795645797695 
0.00000000099999999992 0.00000000099999999992 0.00000000099999999992 0.00000000099999999992 0.00000000099999999992 0.00000000099999999992 0.00000000099999999992 0.00000000099999999992 0.99999999199999989319 
0.00000000099999999997 0.53183063072389968884 0.03006040922742189703 0.00000000099999999997 0.00000000099999999997 0.00000000099999999997 0.00000083790994343027 0.15683778572425507991 0.28127033241447990664 
0.00000000099999999999 0.04623253841760145699 0.00000000328500234319 0.00000000099999999999 0.00000000099999999999 0.02133940192558951218 0.31390573140907856997 0.32441757876043209041 0.29410474320229607059 
0.00000000099999999998 0.00000000099999999998 0.02463595575202868343 0.00000000099999999998 0.00000000099999999998 0.00660681051458162933 0.47263755805072354965 0.28121431766797982954 0.21490535401468621735 
0.00000000099999999994 0.00000000099999999994 0.00000000099999999994 0.00000000099999999994 0.00000000099999999994 0.00000000099999999994 0.99999999200000000421 0.00000000099999999994 0.00000000099999999994 
0.00000000099999999996 0.00000000099999999996 0.00000000099999999996 0.00000000099999999996 0.00000000099999999996 0.00000000099999999996 0.00000000099999999996 0.35595073559672668617 0.64404925740327323425 
0.00009969937215504557 0.41529234121794517121 0.03304725842743557601 0.00000000100000000000 0.07089925128385422826 0.00000000100000000000 0.23553472316853257817 0.02422392886272384943 0.22090279566735354644 
0.00000000099999999997 0.41663940125368498224 0.00000000099999999997 0.00000000099999999997 0.00000000099999999997 0.00879299269996438627 0.00000001991999156839 0.00000000099999999997 0.57456758112635886171 
0.00000000099999999996 0.33423166926839997792 0.00000000099999999996 0.02900355098050842045 0.00000000099999999996 0.01565153916570417164 0.00000000099999999996 0.00000000099999999996 0.62111323558538733547 
0.00000000099999999997 0.25126397301638581094 0.00000000099999999997 0.02416991348627335959 0.00000000099999999997 0.03291012094681098482 0.36948697668101698754 0.08003149754419282280 0.24213751532531993527 
0.00834494585741610458 0.30531592419513919889 0.00000000099999999998 0.00000000099999999998 0.00000000099999999998 0.02559658333821370965 0.17395673302959363538 0.22039477803932994160 0.26639103254030732648 
0.00000000099999999997 0.32489391574861264944 0.00000000099999999997 0.00804213387001525074 0.00000000099999999997 0.00000000099999999997 0.30731702706637953337 0.25288206399052393092 0.10686485532446857172 
0.00245073680113188112 0.23447378536349300360 0.00000000100000000000 0.00000000100000000000 0.00012290326673872833 0.00000000100000000000 0.27933067275539169572 0.00000000100000000000 0.48362189781324460558 
0.00569724839796610129 0.38094954907175537784 0.00000000099999999999 0.01810721388178065244 0.00000000099999999999 0.01017629273089424788 0.17951019166872889121 0.16256301135685671810 0.24299649089201788565 
0.00000000099999999996 0.61907679418065508781 0.00000000099999999996 0.00000000099999999996 0.00000000099999999996 0.01604927223043871656 0.00000000099999999996 0.00000000099999999996 0.36487392758890629940 
0.00000000099999999996 0.65568720908754674070 0.00000000099999999996 0.04077537822191534128 0.00000000099999999996 0.00000000099999999996 0.00000001564911926921 0.00000000099999999996 0.30353739204141888530 
0.00000000099999999993 0.00000000099999999993 0.49755642677126693529 0.50244356622873298512 0.00000000099999999993 0.00000000099999999993 0.00000000099999999993 0.00000000099999999993 0.00000000099999999993 
0.00000000099999999992 0.00000000099999999992 0.99999999200000011523 0.00000000099999999992 0.00000000099999999992 0.00000000099999999992 0.00000000099999999992 0.00000000099999999992 0.00000000099999999992 
0.00000000099999999966 0.00000000099999999966 0.00000000099999999966 0.00000000099999999966 0.99999999200000011523 0.00000000099999999966 0.00000000099999999966 0.00000000099999999966 0.00000000099999999966 
0.99999999200000022626 0.00000000099999999957 0.00000000099999999957 0.00000000099999999957 0.00000000099999999957 0.00000000099999999957 0.00000000099999999957 0.00000000099999999957 0.00000000099999999957 
0.00000000099999999998 0.00000000099999999998 0.46936273754972390737 0.41775475557889535372 0.00000000099999999998 0.11288250087138083921 0.00000000099999999998 0.00000000099999999998 0.00000000099999999998 
0.00000000099999999998 0.49618981174797538447 0.00000000099999999998 0.01568009517156989524 0.00000000099999999998 0.00000000099999999998 0.28766275518385620025 0.08193494762572743617 0.11853238627087084311 
0.00000000099999999997 0.62268106426356328864 0.00000000099999999997 0.00000000099999999997 0.00000000099999999997 0.00000000099999999997 0.00000000099999999997 0.37731892873643685382 0.00000000099999999997 
0.00000000099999999992 0.00000000099999999992 0.99999999200000011523 0.00000000099999999992 0.00000000099999999992 0.00000000099999999992 0.00000000099999999992 0.00000000099999999992 0.00000000099999999992 
0.00000000099999999996 0.00000000099999999996 0.00000000099999999996 0.00000000099999999996 0.00000000099999999996 0.00000000099999999996 0.69095052080560914742 0.30904947219439066197 0.00000000099999999996 
0.00814436206729996989 0.35767061459717020000 0.00000000099999999998 0.00000000099999999998 0.00000000099999999998 0.00686124223703109271 0.44496824859942923913 0.00000000099999999998 0.18235552849906938588 
0.00000000099999999998 0.22380818705381735900 0.00000000099999999998 0.00000000099999999998 0.00000000099999999998 0.02604693038565852534 0.21004050833829365774 0.30885159541263412786 0.23125277480959635645 
0.00000000099999999954 0.00000000099999999954 0.00000000099999999954 0.00000000099999999954 0.99999999200000000421 0.00000000099999999954 0.00000000099999999954 0.00000000099999999954 0.00000000099999999954 
0.00000000099999999957 0.00000000099999999957 0.00000000099999999957 0.00000000099999999957 0.99999999200000000421 0.00000000099999999957 0.00000000099999999957 0.00000000099999999957 0.00000000099999999957 
0.00000000099999999949 0.00000000099999999949 0.00000000099999999949 0.00000000099999999949 0.99999999200000000421 0.00000000099999999949 0.00000000099999999949 0.00000000099999999949 0.00000000099999999949 
0.00000000099999999949 0.00000000099999999949 0.00000000099999999949 0.00000000099999999949 0.99999999200000011523 0.00000000099999999949 0.00000000099999999949 0.00000000099999999949 0.00000000099999999949 
0.00000000099999999951 0.00000000099999999951 0.00000000099999999951 0.00000000099999999951 0.99999999200000000421 0.00000000099999999951 0.00000000099999999951 0.00000000099999999951 0.00000000099999999951 
0.00000000099999999991 0.00000000099999999991 0.99999999200000011523 0.00000000099999999991 0.00000000099999999991 0.00000000099999999991 0.00000000099999999991 0.00000000099999999991 0.00000000099999999991 
0.01068823195584814312 0.32170719479474302327 0.00000000099999999999 0.00049570177262244430 0.00000000099999999999 0.00416165698853384995 0.28013363923115647269 0.02165356715913675095 0.36116000609795906318 
0.00000000099999999951 0.00000000099999999951 0.00000000099999999951 0.00000000099999999951 0.99999999200000011523 0.00000000099999999951 0.00000000099999999951 0.00000000099999999951 0.00000000099999999951 
0.00000000099999999958 0.00000000099999999958 0.00000000099999999958 0.00000000099999999958 0.99999999200000011523 0.00000000099999999958 0.00000000099999999958 0.00000000099999999958 0.00000000099999999958 
0.99999999200000022626 0.00000000099999999956 0.00000000099999999956 0.00000000099999999956 0.00000000099999999956 0.00000000099999999956 0.00000000099999999956 0.00000000099999999956 0.00000000099999999956 
0.99999999200000011523 0.00000000099999999956 0.00000000099999999956 0.00000000099999999956 0.00000000099999999956 0.00000000099999999956 0.00000000099999999956 0.00000000099999999956 0.00000000099999999956 
0.00000000099999999995 0.00000000099999999995 0.00000000099999999995 0.00000000099999999995 0.00000000099999999995 0.00000000099999999995 0.68657399392967177754 0.31342599907032803186 0.00000000099999999995 
0.00000000099999999954 0.00000000099999999954 0.00000000099999999954 0.00000000099999999954 0.99999999200000011523 0.00000000099999999954 0.00000000099999999954 0.00000000099999999954 0.00000000099999999954 
0.00000000099999999998 0.43689408771093718453 0.00000000099999999998 0.00000061700664990077 0.00000000099999999998 0.00000000099999999998 0.56310528928241276869 0.00000000099999999998 0.00000000099999999998 
0.00000000099999999998 0.25953377418033313218 0.00000000099999999998 0.00000000099999999998 0.00000000099999999998 0.02622690736194352099 0.40625951979477148424 0.13690991834743887479 0.17106987631551287543 
0.00000000099999999997 0.00000000101701020863 0.70256075640235560176 0.26104386743425711526 0.00000000099999999997 0.00000000099999999997 0.00000000099999999997 0.00000000099999999997 0.03639537014637720530 
0.00000000099999999994 0.99999999200000022626 0.00000000099999999994 0.00000000099999999994 0.00000000099999999994 0.00000000099999999994 0.00000000099999999994 0.00000000099999999994 0.00000000099999999994 
0.00000000099999999980 0.00000000099999999980 0.00000000099999999980 0.99999999200000011523 0.00000000099999999980 0.00000000099999999980 0.00000000099999999980 0.00000000099999999980 0.00000000099999999980 
0.00000000099999999993 0.00000000099999999993 0.00000000099999999993 0.00000000099999999993 0.00000000099999999993 0.04143078492001008722 0.95856920807998990952 0.00000000099999999993 0.00000000099999999993 
0.00000000099999999981 0.00000000099999999981 0.00000000099999999981 0.99999999200000000421 0.00000000099999999981 0.00000000099999999981 0.00000000099999999981 0.00000000099999999981 0.00000000099999999981 
0.00000000099999999994 0.00000000099999999994 0.00000000099999999994 0.00000000099999999994 0.00000000099999999994 0.00000000099999999994 0.00000000099999999994 0.00000000099999999994 0.99999999200000000421 
0.00000000099999999994 0.99999999200000011523 0.00000000099999999994 0.00000000099999999994 0.00000000099999999994 0.00000000099999999994 0.00000000099999999994 0.00000000099999999994 0.00000000099999999994 
0.00000000099999999958 0.00000000099999999958 0.00000000099999999958 0.00000000099999999958 0.99999999200000011523 0.00000000099999999958 0.00000000099999999958 0.00000000099999999958 0.00000000099999999958 
0.00000000099999999988 0.00000000099999999988 0.99999999200000000421 0.00000000099999999988 0.00000000099999999988 0.00000000099999999988 0.00000000099999999988 0.00000000099999999988 0.00000000099999999988 
0.00000000099999999951 0.00000000099999999951 0.00000000099999999951 0.00000000099999999951 0.99999999200000000421 0.00000000099999999951 0.00000000099999999951 0.00000000099999999951 0.00000000099999999951 
0.00000000099999999950 0.00000000099999999950 0.00000000099999999950 0.00000000099999999950 0.99999999200000000421 0.00000000099999999950 0.00000000099999999950 0.00000000099999999950 0.00000000099999999950 
0.00000000099999999999 0.31487145812334665917 0.00000394087434793701 0.00001423417310526151 0.00000000099999999999 0.01273551190230244601 0.45790076043026600727 0.00000000099999999999 0.21447409149663174133 
0.00000000099999999998 0.15294804367219785868 0.00000000099999999998 0.03125619886671359565 0.00000000099999999998 0.02261817521610784767 0.29117313238328579317 0.19378892200443151306 0.30821552485726338988 
0.00000000099999999997 0.35989146275912775597 0.00442406816445844054 0.00000000099999999997 0.00000000099999999997 0.00000000099999999997 0.33602043139211112965 0.12958990657315802575 0.17007412711114461290 
0.00000000099999999992 0.00000000099999999992 0.00000000099999999992 0.00000000099999999992 0.00000000099999999992 0.00000000099999999992 0.99999999200000000421 0.00000000099999999992 0.00000000099999999992 
0.00000000099999999994 0.00000000099999999994 0.00000000099999999994 0.00000000099999999994 0.00000000099999999994 0.04702315104126536527 0.00000000099999999994 0.00000000099999999994 0.95297684195873455515 
0.00000000099999999997 0.39692337500123492378 0.00000000099999999997 0.00000000099999999997 0.00000000099999999997 0.02899741099070016898 0.00000000099999999997 0.00000000099999999997 0.57407920800806477857 
0.00000000099999999994 0.61399497605768116326 0.00000000099999999994 0.00000000099999999994 0.00000000099999999994 0.00000000099999999994 0.00000000099999999994 0.38600501694231886818 0.00000000099999999994 
0.00000000099999999987 0.00000000099999999987 0.00000000099999999987 0.99999999200000000421 0.00000000099999999987 0.00000000099999999987 0.00000000099999999987 0.00000000099999999987 0.00000000099999999987 
0.00000000099999999997 0.63330132292639040870 0.00000000099999999997 0.00000000099999999997 0.00000000099999999997 0.00333274207830703759 0.00000000099999999997 0.00000000099999999997 0.36336592899530273382 
0.00000000099999999951 0.00000000099999999951 0.00000000099999999951 0.00000000099999999951 0.99999999200000011523 0.00000000099999999951 0.00000000099999999951 0.00000000099999999951 0.00000000099999999951 
0.00000000099999999993 0.00000000099999999993 0.00000000099999999993 0.00000000099999999993 0.00000000099999999993 0.00000000099999999993 0.99999999199999989319 0.00000000099999999993 0.00000000099999999993 
0.00000000099999999984 0.00000000099999999984 0.00000000099999999984 0.00000000099999999984 0.99999999200000011523 0.00000000099999999984 0.00000000099999999984 0.00000000099999999984 0.00000000099999999984 
0.00000000099999999957 0.00000000099999999957 0.00000000099999999957 0.00000000099999999957 0.99999999200000011523 0.00000000099999999957 0.00000000099999999957 0.00000000099999999957 0.00000000099999999957 
0.00000000099999999998 0.32846629124557780166 0.00000000099999999998 0.00383131188908219285 0.00000000099999999998 0.04821517034114285866 0.31600331160128630748 0.30348380502889971133 0.00000010689401114679 
0.00000000099999999991 0.99999999200000022626 0.00000000099999999991 0.00000000099999999991 0.00000000099999999991 0.00000000099999999991 0.00000000099999999991 0.00000000099999999991 0.00000000099999999991 
0.00000000099999999998 0.00000000099999999998 0.01355835130366764632 0.00000000099999999998 0.00000000099999999998 0.00000000099999999998 0.37162662671190987984 0.20234435111942403185 0.41247066586499836482 
0.00000000099999999962 0.00000000099999999962 0.00000000099999999962 0.00000000099999999962 0.99999999200000011523 0.00000000099999999962 0.00000000099999999962 0.00000000099999999962 0.00000000099999999962 
0.00000000099999999993 0.00000000099999999993 0.66029801472486981950 0.33970197827513010091 0.00000000099999999993 0.00000000099999999993 0.00000000099999999993 0.00000000099999999993 0.00000000099999999993 
0.00000000099999999987 0.00000000099999999987 0.99999999200000011523 0.00000000099999999987 0.00000000099999999987 0.00000000099999999987 0.00000000099999999987 0.00000000099999999987 0.00000000099999999987 
0.00000000099999999957 0.00000000099999999957 0.00000000099999999957 0.00000000099999999957 0.99999999200000011523 0.00000000099999999957 0.00000000099999999957 0.00000000099999999957 0.00000000099999999957 
0.00000000099999999998 0.19933889700254039945 0.00000000099999999998 0.01161094803216522475 0.00000000099999999998 0.00000000099999999998 0.45530468215489916517 0.00000000099999999998 0.33374546781039510224 
0.00731543965284064349 0.15570742330162826161 0.00000000099999999999 0.05019275809842580621 0.00000000099999999999 0.00000000099999999999 0.48452431052083616558 0.00724722632817817805 0.29501283909809095096 
0.00000000099999999959 0.00000000099999999959 0.00000000099999999959 0.00000000099999999959 0.99999999200000000421 0.00000000099999999959 0.00000000099999999959 0.00000000099999999959 0.00000000099999999959 
0.00000000099999999998 0.00000000099999999998 0.00000000099999999998 0.00000000099999999998 0.00000000099999999998 0.00001606291772632835 0.46384996052201016292 0.00000000099999999998 0.53613397056026346199 
0.00000000099999999991 0.00000000099999999991 0.63742674827337364452 0.36257324472662638692 0.00000000099999999991 0.00000000099999999991 0.00000000099999999991 0.00000000099999999991 0.00000000099999999991 
0.00000000099999999888 0.00000000099999999888 0.00000000099999999888 0.00000000099999999888 0.00000000099999999888 0.99999999199999989319 0.00000000099999999888 0.00000000099999999888 0.00000000099999999888 
