0.01858202970801867832 0.28638407071450999730 0.01645445636088481087 0.00000000099999999999 0.00000000099999999999 0.00000000099999999999 0.40478709466969320374 0.17653366901580924697 0.09725867653108399846 
0.00000000099999999994 0.00000000099999999994 0.00000000099999999994 0.00000000099999999994 0.00000000099999999994 0.99999999200000000421 0.00000000099999999994 0.00000000099999999994 0.00000000099999999994 
0.05898831309930580719 0.00000000099999999991 0.00000000099999999991 0.00000000099999999991 0.00000000099999999991 0.94101167990069412017 0.00000000099999999991 0.00000000099999999991 0.00000000099999999991 
0.00000000099999999998 0.42939805682070153470 0.00000000099999999998 0.00000000099999999998 0.00000000099999999998 0.02813088859657949733 0.19967522056477529646 0.16434956258651189920 0.17844626743143174319 
0.00535299534387307339 0.10340695706514167751 0.00000000099999999999 0.06421100419896343114 0.00000000099999999999 0.00000000099999999999 0.47040028221578017442 0.18839275143555786474 0.16823600674068361904 
0.00836577298949534379 0.19858406444590273598 0.00000000099999999999 0.00000000099999999999 0.00000000099999999999 0.01728910979656777397 0.32743014823762173204 0.00000000145021232306 0.44833090008020004547 
0.05832719287392037349 0.00000000099999999993 0.00000000099999999993 0.00000000099999999993 0.00000000099999999993 0.94167280012607978978 0.00000000099999999993 0.00000000099999999993 0.00000000099999999993 
0.00000000099999999991 0.00000000099999999991 0.00000000099999999991 0.00000000099999999991 0.00000000099999999991 0.99999999200000000421 0.00000000099999999991 0.00000000099999999991 0.00000000099999999991 
0.00000000099999999998 0.11141585226722308666 0.01445647274575185409 0.02460067924109286819 0.00000000099999999998 0.00000000099999999998 0.26879067545326157385 0.18293374199306042249 0.39780257529961016161 
0.00000000099999999994 0.00000000099999999994 0.00000000099999999994 0.00000000099999999994 0.00000000099999999994 0.99999999200000000421 0.00000000099999999994 0.00000000099999999994 0.00000000099999999994 
0.00000000099999999998 0.00000000099999999998 0.00000000099999999998 0.04252700236557814539 0.00000000099999999998 0.00000000099999999998 0.61406127323595560696 0.34341171839846612590 0.00000000099999999998 
0.00000000099999999995 0.00000000099999999995 0.00000000099999999995 0.00000000099999999995 0.00000000099999999995 0.00000000099999999995 0.99999999200000000421 0.00000000099999999995 0.00000000099999999995 
0.00047099647427363599 0.34154949996714267790 0.00000000099999999999 0.01177778393479459243 0.00000000099999999999 0.00000000099999999999 0.00003280425315941983 0.32425306264759429231 0.32191584972303527445 
0.01335158173756808946 0.32768524942052407178 0.01098310045542776059 0.01653351848295652599 0.00000000099999999999 0.00000000099999999999 0.35742827729714926610 0.07972136294757517505 0.19429690765879903402 
0.00000000099999999992 0.00000000099999999992 0.00000000099999999992 0.00000000099999999992 0.00000000099999999992 0.00000000099999999992 0.99999999199999989319 0.00000000099999999992 0.00000000099999999992 
0.02961852964316168124 0.09356498473643440339 0.02131804161616596138 0.04570954952354262107 0.00000000099999999999 0.04082199310357494809 0.39173212753349123671 0.15124970660184974824 0.22598506624177924773 
0.00000000099999999993 0.00000000099999999993 0.00000000099999999993 0.00000000099999999993 0.00000000099999999993 0.00000000099999999993 0.99999999199999989319 0.00000000099999999993 0.00000000099999999993 
0.01296249045352104896 0.22230315512927123489 0.00000000112169289872 0.01492815901885454280 0.00000000099999999999 0.00000000099999999999 0.22923904236920567001 0.24444843735650559347 0.27611871255094899702 
0.01488241461637219293 0.32717658936047500084 0.00618963654725573475 0.00000000100000000000 0.00008386871623571077 0.00000000100000000000 0.31120465535692726222 0.05976785659323999994 0.28069497680949406782 
0.00000000099999999994 0.00000000099999999994 0.00000000099999999994 0.00000000099999999994 0.00000000099999999994 0.00000000099999999994 0.99999999200000000421 0.00000000099999999994 0.00000000099999999994 
0.00000000099999999998 0.24472507565679132990 0.00000000099999999998 0.00000000099999999998 0.00000000099999999998 0.00000000099999999998 0.17491703904878458387 0.30451829021844584178 0.27583959007597819157 
0.06220187172880870669 0.00000000099999999993 0.00000000099999999993 0.00000000099999999993 0.00000000099999999993 0.93779812127119144272 0.00000000099999999993 0.00000000099999999993 0.00000000099999999993 
0.00000000099999999992 0.99999999200000022626 0.00000000099999999992 0.00000000099999999992 0.00000000099999999992 0.00000000099999999992 0.00000000099999999992 0.00000000099999999992 0.00000000099999999992 
0.00000000099999999935 0.00000000099999999935 0.00000000099999999935 0.99999999200000011523 0.00000000099999999935 0.00000000099999999935 0.00000000099999999935 0.00000000099999999935 0.00000000099999999935 
0.03312608584126404410 0.25365978045804826735 0.00000000099999999997 0.00000000099999999997 0.00000000099999999997 0.01289746975590248639 0.23150958727800793890 0.32330967250890102482 0.14549740115787618278 
0.00000000099999999998 0.40313840803675277114 0.00000000099999999998 0.00000000099999999998 0.00000000099999999998 0.00000000099999999998 0.27354717910349957144 0.32331377940041955421 0.00000062845932802721 
0.00000000099999999964 0.00000000099999999964 0.99999999200000011523 0.00000000099999999964 0.00000000099999999964 0.00000000099999999964 0.00000000099999999964 0.00000000099999999964 0.00000000099999999964 
0.00000000099999999963 0.00000000099999999963 0.99999999200000000421 0.00000000099999999963 0.00000000099999999963 0.00000000099999999963 0.00000000099999999963 0.00000000099999999963 0.00000000099999999963 
0.01611411897221156492 0.44836173671725432222 0.00000000099999999999 0.00427075847882747543 0.00000000099999999999 0.00000000099999999999 0.00000000099999999999 0.30300522117697126223 0.22824816065473521598 
0.00000000099999999998 0.26536323806478073761 0.00377436821543268098 0.01422901510762145105 0.00000000099999999998 0.00000000099999999998 0.49615706580623808453 0.00000001247326238292 0.22047629733266455032 
0.00000000099999999987 0.00000000099999999987 0.00000000099999999987 0.00000000099999999987 0.00000000099999999987 0.00000000099999999987 0.00000000099999999987 0.99999999200000000421 0.00000000099999999987 
0.00000000099999999982 0.00000000099999999982 0.00000000099999999982 0.26136874743573668134 0.00000000099999999982 0.73863124556426329459 0.00000000099999999982 0.00000000099999999982 0.00000000099999999982 
0.00000000099999999963 0.00000000099999999963 0.36007538807496225486 0.63992460492503777658 0.00000000099999999963 0.00000000099999999963 0.00000000099999999963 0.00000000099999999963 0.00000000099999999963 
0.00000000099999999997 0.29968151105994378369 0.00000000099999999997 0.00000000099999999997 0.00000000099999999997 0.00000000099999999997 0.32522049723641205388 0.24624453322302108926 0.12885345348062296478 
0.00000000099999999957 0.00000000099999999957 0.00000000099999999957 0.00000000099999999957 0.99999999200000000421 0.00000000099999999957 0.00000000099999999957 0.00000000099999999957 0.00000000099999999957 
0.00000000099999999947 0.00000000099999999947 0.00000000099999999947 0.00000000099999999947 0.99999999200000000421 0.00000000099999999947 0.00000000099999999947 0.00000000099999999947 0.00000000099999999947 
0.00000000099999999947 0.00000000099999999947 0.00000000099999999947 0.00000000099999999947 0.99999999200000000421 0.00000000099999999947 0.00000000099999999947 0.00000000099999999947 0.00000000099999999947 
0.00000000099999999964 0.00000000099999999964 0.99999999200000011523 0.00000000099999999964 0.00000000099999999964 0.00000000099999999964 0.00000000099999999964 0.00000000099999999964 0.00000000099999999964 
0.00000000099999999959 0.00000000099999999959 0.99999999200000011523 0.00000000099999999959 0.00000000099999999959 0.00000000099999999959 0.00000000099999999959 0.00000000099999999959 0.00000000099999999959 
0.00000000099999999998 0.32036938432172124003 0.00000000099999999998 0.00085244866589016712 0.00000000099999999998 0.00000000099999999998 0.04650042776111563275 0.31540499349212053337 0.31687274175915236540 
0.00000000099999999994 0.00000000099999999994 0.00000000099999999994 0.00000000099999999994 0.00000000099999999994 0.97431581983963122529 0.00000000099999999994 0.02568417316036884085 0.00000000099999999994 
0.00000000099999999962 0.00000000099999999962 0.99999999200000011523 0.00000000099999999962 0.00000000099999999962 0.00000000099999999962 0.00000000099999999962 0.00000000099999999962 0.00000000099999999962 
0.00000000099999999997 0.47107850367930886870 0.00000000099999999997 0.03936654296541517578 0.00000000099999999997 0.00000000099999999997 0.00000009896462544241 0.48955484939065052608 0.00000000099999999997 
0.00000000099999999993 0.00000000099999999993 0.00000000099999999993 0.00000000099999999993 0.00000000099999999993 0.99999999200000011523 0.00000000099999999993 0.00000000099999999993 0.00000000099999999993 
0.00000000099999999966 0.00000000099999999966 0.99999999200000000421 0.00000000099999999966 0.00000000099999999966 0.00000000099999999966 0.00000000099999999966 0.00000000099999999966 0.00000000099999999966 
0.00000000099999999998 0.00312622731341656839 0.00294080642894292785 0.01729763463289827816 0.00000000099999999998 0.00223873745456895298 0.62011962711721579922 0.23244143867970754047 0.12183552637324980561 
0.00000000099999999962 0.00000000099999999962 0.99999999200000000421 0.00000000099999999962 0.00000000099999999962 0.00000000099999999962 0.00000000099999999962 0.00000000099999999962 0.00000000099999999962 
0.02287173333871717062 0.00000000099999999994 0.00000000099999999994 0.00000000099999999994 0.00000000099999999994 0.97712825966128280530 0.00000000099999999994 0.00000000099999999994 0.00000000099999999994 
0.00000000099999999991 0.00000000099999999991 0.00000000099999999991 0.00000000099999999991 0.00000000099999999991 0.99999999200000011523 0.00000000099999999991 0.00000000099999999991 0.00000000099999999991 
0.00000000099999999956 0.00000000099999999956 0.99999999200000011523 0.00000000099999999956 0.00000000099999999956 0.00000000099999999956 0.00000000099999999956 0.00000000099999999956 0.00000000099999999956 
0.00000000099999999960 0.00000000099999999960 0.99999999200000000421 0.00000000099999999960 0.00000000099999999960 0.00000000099999999960 0.00000000099999999960 0.00000000099999999960 0.00000000099999999960 
0.00000000099999999995 0.00000000099999999995 0.00000000099999999995 0.00000000099999999995 0.00000000099999999995 0.99999999200000000421 0.00000000099999999995 0.00000000099999999995 0.00000000099999999995 
0.00000000099999999995 0.00000000099999999995 0.00000000099999999995 0.00000000099999999995 0.00000000099999999995 0.99999999200000011523 0.00000000099999999995 0.00000000099999999995 0.00000000099999999995 
0.00000000099999999995 0.00000000099999999995 0.00000000099999999995 0.00000000099999999995 0.00000000099999999995 0.97426127065601508814 0.00000000099999999995 0.02573872234398495717 0.00000000099999999995 
0.00000000099999999968 0.00000000099999999968 0.99999999200000000421 0.00000000099999999968 0.00000000099999999968 0.00000000099999999968 0.00000000099999999968 0.00000000099999999968 0.00000000099999999968 
0.00000000099999999999 0.27859810653985678242 0.01109857200948869554 0.02868613014161141075 0.00000000099999999999 0.03650471195403433289 0.42184464563773582668 0.00000000099999999999 0.22326783071727299146 
0.00000000099999999992 0.99999999200000022626 0.00000000099999999992 0.00000000099999999992 0.00000000099999999992 0.00000000099999999992 0.00000000099999999992 0.00000000099999999992 0.00000000099999999992 
0.04061338451312172110 0.14427366316352055464 0.00000000099999999997 0.00000000099999999997 0.00000000099999999997 0.00899249661006495254 0.48462314098946157603 0.00000000099999999997 0.32149731072383130881 
0.00000000099999999992 0.99999999200000011523 0.00000000099999999992 0.00000000099999999992 0.00000000099999999992 0.00000000099999999992 0.00000000099999999992 0.00000000099999999992 0.00000000099999999992 
0.00000000099999999992 0.00000000099999999992 0.00000000099999999992 0.00000000099999999992 0.00000000099999999992 0.99999999200000011523 0.00000000099999999992 0.00000000099999999992 0.00000000099999999992 
0.01189151082230820514 0.26089046088861617134 0.00264338333418301114 0.00003841713244991616 0.00000000100000000000 0.00000000100000000000 0.37149902828780889674 0.14670896297961072419 0.20632823455502302679 
0.00000000099999999954 0.00000000099999999954 0.00000000099999999954 0.00000000099999999954 0.99999999200000011523 0.00000000099999999954 0.00000000099999999954 0.00000000099999999954 0.00000000099999999954 
0.00000000099999999998 0.33083966355820376704 0.00255414995837194899 0.00000000099999999998 0.00000000099999999998 0.00172747850792702700 0.32448111434390852770 0.00000000099999999998 0.34039758963158872618 
0.00000000099999999955 0.00000000099999999955 0.00000000099999999955 0.00000000099999999955 0.99999999200000011523 0.00000000099999999955 0.00000000099999999955 0.00000000099999999955 0.00000000099999999955 
0.02056004834547539920 0.00000000099999999998 0.00000000099999999998 0.07411163502852098628 0.00000000099999999998 0.01108172710700030053 0.50111163646051237741 0.27546215915105509708 0.11767279090743588965 
0.00000000099999999956 0.00000000099999999956 0.00000000099999999956 0.00000000099999999956 0.99999999200000011523 0.00000000099999999956 0.00000000099999999956 0.00000000099999999956 0.00000000099999999956 
0.05204155341972258736 0.14919003850993695082 0.00000000099999999997 0.00000000099999999997 0.00000000099999999997 0.00000000099999999997 0.34262008011205941083 0.00000000099999999997 0.45614832295828122710 
0.00000015666412023571 0.11350810608642493416 0.00332681672034295262 0.02447229718910330643 0.00000000100000000000 0.00180838520647387080 0.32427455021635520627 0.15587917771972156777 0.37673050919745804110 
0.00000000099999999992 0.00000000099999999992 0.00000000099999999992 0.00000000099999999992 0.00000000099999999992 0.99999999200000011523 0.00000000099999999992 0.00000000099999999992 0.00000000099999999992 
0.00000070217531083296 0.00000000099999999996 0.00000000099999999996 0.00000000099999999996 0.00000000099999999996 0.00000000099999999996 0.51058752705405918704 0.00000000099999999996 0.48941176477063008665 
0.00000000099999999957 0.00000000099999999957 0.00000000099999999957 0.00000000099999999957 0.99999999200000011523 0.00000000099999999957 0.00000000099999999957 0.00000000099999999957 0.00000000099999999957 
0.00000000099999999960 0.00000000099999999960 0.00000000099999999960 0.00000000099999999960 0.99999999200000011523 0.00000000099999999960 0.00000000099999999960 0.00000000099999999960 0.00000000099999999960 
0.00000000099999999999 0.00000000272286685103 0.01012643681869062826 0.00000000099999999999 0.00000000099999999999 0.07573183987808482232 0.31845284300991927307 0.29723548308347197411 0.29845339148696647946 
0.00000000099999999993 0.00000000099999999993 0.00000000099999999993 0.00000000099999999993 0.00000000099999999993 0.99999999200000011523 0.00000000099999999993 0.00000000099999999993 0.00000000099999999993 
0.00000000099999999969 0.00000000099999999969 0.99999999200000011523 0.00000000099999999969 0.00000000099999999969 0.00000000099999999969 0.00000000099999999969 0.00000000099999999969 0.00000000099999999969 
0.00000000099999999994 0.00000000099999999994 0.00000000099999999994 0.00000000099999999994 0.00000000099999999994 0.99999999200000011523 0.00000000099999999994 0.00000000099999999994 0.00000000099999999994 
0.03624403419755623662 0.19411408144352138017 0.00000000099999999999 0.00000000099999999999 0.00000000099999999999 0.02299260281056413058 0.20586522330734619013 0.18079002085603013139 0.35999403438498189800 
0.00000000099999999952 0.00000000099999999952 0.00000000099999999952 0.00000000099999999952 0.99999999200000000421 0.00000000099999999952 0.00000000099999999952 0.00000000099999999952 0.00000000099999999952 
0.00000000099999999954 0.00000000099999999954 0.99999999200000011523 0.00000000099999999954 0.00000000099999999954 0.00000000099999999954 0.00000000099999999954 0.00000000099999999954 0.00000000099999999954 
0.00000000099999999961 0.00000000099999999961 0.00000000099999999961 0.00000000099999999961 0.99999999200000000421 0.00000000099999999961 0.00000000099999999961 0.00000000099999999961 0.00000000099999999961 
0.00000000099999999992 0.99999999200000011523 0.00000000099999999992 0.00000000099999999992 0.00000000099999999992 0.00000000099999999992 0.00000000099999999992 0.00000000099999999992 0.00000000099999999992 
0.00000000099999999990 0.00000000099999999990 0.00000000099999999990 0.00000000099999999990 0.00000000099999999990 0.99999999200000011523 0.00000000099999999990 0.00000000099999999990 0.00000000099999999990 
0.00000000099999999993 0.00000000099999999993 0.00000000099999999993 0.00000000099999999993 0.00000000099999999993 0.99999999200000000421 0.00000000099999999993 0.00000000099999999993 0.00000000099999999993 
0.00000000099999999998 0.00000000099999999998 0.00000000099999999998 0.03457212525009765308 0.00000000099999999998 0.22140296809156048696 0.23735108550444211639 0.19540667836631003818 0.31126713878758982545 
0.00000000099999999999 0.40940032233053630373 0.02192854397753028067 0.00956773918244846998 0.00000000099999999999 0.00000000099999999999 0.03178825280793655395 0.34925438890027449279 0.17806074980127378771 
0.00000000099999999983 0.00000000099999999983 0.00000000099999999983 0.00000000099999999983 0.00000000099999999983 0.00000000099999999983 0.00000000099999999983 0.99999999200000000421 0.00000000099999999983 
0.00341122866037941314 0.00000000099999999997 0.00000000099999999997 0.00000000099999999997 0.00000000099999999997 0.00069034975707461669 0.18667351596456338569 0.29831667600125838513 0.51090822561672422086 
0.00000356259498244313 0.08812688736644397336 0.00000000099999999999 0.03618196639666076964 0.00000000099999999999 0.00000000099999999999 0.22125448923526758183 0.22118874515457184748 0.43324434625207342009 
0.00000000099999999997 0.28913609989940075584 0.00000000099999999997 0.00000014053671408725 0.00000000099999999997 0.00000000099999999997 0.38680742990319605390 0.16010459672833840528 0.16395172893235057665 
0.00000000099999999997 0.00000022296400847900 0.00000000099999999997 0.01195648029560877901 0.00000000099999999997 0.00000003522213679698 0.32954835249493269478 0.20282724320728134915 0.45566766281603188204 
0.00000000099999999999 0.35058770520081011801 0.00288353388499861538 0.00081027965866088344 0.00000000099999999999 0.00234750603882526339 0.21074216369157880435 0.19272246109380805623 0.23990634843131830589 
0.00000000099999999987 0.00000000099999999987 0.00000000099999999987 0.00000000099999999987 0.00000000099999999987 0.00000000099999999987 0.00000000099999999987 0.99999999199999989319 0.00000000099999999987 
0.00000000099999999994 0.00000000099999999994 0.00000000099999999994 0.00000000099999999994 0.00000000099999999994 0.99999999200000011523 0.00000000099999999994 0.00000000099999999994 0.00000000099999999994 
0.00000000099999999996 0.00000000099999999996 0.00000000099999999996 0.00000000099999999996 0.00000000099999999996 0.96474302007141143900 0.00000000099999999996 0.03525697292858851611 0.00000000099999999996 
0.00000000099999999973 0.00000000099999999973 0.00000000099999999973 0.00000000099999999973 0.99999999200000000421 0.00000000099999999973 0.00000000099999999973 0.00000000099999999973 0.00000000099999999973 
0.00000000099999999996 0.00000000099999999996 0.00000000099999999996 0.00000000099999999996 0.00000000099999999996 0.99999999200000011523 0.00000000099999999996 0.00000000099999999996 0.00000000099999999996 
0.00000000099999999997 0.00000000099999999997 0.00000000099999999997 0.01944529661426140990 0.00000000099999999997 0.98055469638573866664 0.00000000099999999997 0.00000000099999999997 0.00000000099999999997 
0.00909185254038470496 0.25928779470205159940 0.00501387892238092884 0.00000000099999999999 0.00000000099999999999 0.01508611451798671024 0.15492500603664741132 0.12190367940775258260 0.43469167187279578179 
0.00000000099999999946 0.00000000099999999946 0.00000000099999999946 0.00000000099999999946 0.99999999200000011523 0.00000000099999999946 0.00000000099999999946 0.00000000099999999946 0.00000000099999999946 
0.00000000099999999998 0.29567023439857265110 0.00000000099999999998 0.00000000099999999998 0.00000000099999999998 0.00000000099999999998 0.00000000099999999998 0.27227154642022005637 0.43205821318120712915 
0.00000000099999999991 0.00000000099999999991 0.00000000099999999991 0.00000000099999999991 0.00000000099999999991 0.00000000099999999991 0.00000000099999999991 0.00000000099999999991 0.99999999199999989319 
0.00558083577730821533 0.20001316946373176586 0.00340823492781223113 0.02264871822872587329 0.00000000100000000000 0.00000000100000000000 0.36685828789187896470 0.00293596600720216760 0.39855478570334085253 
0.00744237940053570600 0.21914217975980274100 0.00000000099999999999 0.02351580084728838865 0.00000000099999999999 0.01184180747042794073 0.28627747385859964036 0.24152712181397179014 0.21025323484937363805 
0.00000000099999999995 0.00000000099999999995 0.00000000099999999995 0.01465136528657457263 0.00000000099999999995 0.00000000099999999995 0.00000000099999999995 0.27528570480083491834 0.71006292391259051566 
0.00000000099999999997 0.52623309615012014984 0.00000000099999999997 0.01990887692945734339 0.00000000099999999997 0.00248715844906582289 0.00000000099999999997 0.45137086347135663145 0.00000000099999999997 
0.00000000099999999998 0.36933058013023123412 0.00000000099999999998 0.00000000099999999998 0.00000000099999999998 0.00000000099999999998 0.63066941286976851977 0.00000000099999999998 0.00000000099999999998 
0.02792907211489780231 0.64849830960725562967 0.00000000099999999998 0.00698614318098499804 0.00000000099999999998 0.00000000099999999998 0.31658647009686163853 0.00000000099999999998 0.00000000099999999998 
0.00000000112242353671 0.00007487312546365863 0.03078301973852300491 0.00748003146448616377 0.00000000100000000000 0.00932731985930022357 0.48127264101923228345 0.14085200592713009726 0.33021010674344086766 
0.00000000099999999992 0.00000000099999999992 0.00000000099999999992 0.00000000099999999992 0.00000000099999999992 0.00000000099999999992 0.00000000099999999992 0.00000000099999999992 0.99999999200000000421 
0.00000000099999999990 0.00000000099999999990 0.00000000099999999990 0.00000000099999999990 0.00000000099999999990 0.00000000099999999990 0.99999999199999989319 0.00000000099999999990 0.00000000099999999990 
0.00117912288278759271 0.60911105028321710364 0.02040049468999691543 0.00000003906280227596 0.00000000099999999999 0.00043155780401575106 0.00000000099999999999 0.00000000099999999999 0.36887773227718034796 
0.01480136067464286539 0.19242138599715483127 0.00612378931722774855 0.00000000099999999998 0.00000000099999999998 0.00000000099999999998 0.40217748857399521212 0.00000000099999999998 0.38447597143697931354 
0.00000000099999999992 0.00000000099999999992 0.00000000099999999992 0.00000000099999999992 0.00000000099999999992 0.00000000099999999992 0.00000000099999999992 0.00000000099999999992 0.99999999200000000421 
0.00000000099999999991 0.00000000099999999991 0.00000000099999999991 0.00000000099999999991 0.00000000099999999991 0.00000000099999999991 0.00000000099999999991 0.00000000099999999991 0.99999999199999989319 
0.00000000099999999998 0.35068914684342999966 0.00000000099999999998 0.06044401490608822258 0.00000000099999999998 0.01315719918035599539 0.23338237311793952333 0.23678272912673317685 0.10554453382545307683 
0.01367662302143788679 0.35569721864529058042 0.00000000099999999999 0.00188112883526264088 0.00000000099999999999 0.00052502573915896183 0.48064285890995361861 0.10656458433469306879 0.04101255851420296944 
0.00000000099999999994 0.99999999200000011523 0.00000000099999999994 0.00000000099999999994 0.00000000099999999994 0.00000000099999999994 0.00000000099999999994 0.00000000099999999994 0.00000000099999999994 
0.00406443285719924018 0.24036478340688496869 0.00000000099999999999 0.01752355844458530765 0.00000000099999999999 0.00000000099999999999 0.28870743443072360845 0.00000000099999999999 0.44933978686060671581 
0.01103143610924088927 0.00000000099999999998 0.00000000099999999998 0.00000000099999999998 0.00000000099999999998 0.01620159793140778584 0.41560279988900039605 0.21679984417730796542 0.34036431789304305573 
0.00000000100000000000 0.21043172373163329669 0.00000000100000000000 0.06745445842984086615 0.06755807268406170685 0.00548390068401090162 0.36692182741031470483 0.00011444785093506480 0.28203556720920353040 
0.00000000099999999993 0.00000000099999999993 0.00000000099999999993 0.00000000099999999993 0.00000000099999999993 0.00000000099999999993 0.99999999199999989319 0.00000000099999999993 0.00000000099999999993 
0.00000000099999999992 0.00000000099999999992 0.00000000099999999992 0.00000000099999999992 0.00000000099999999992 0.00000000099999999992 0.00000000099999999992 0.00000000099999999992 0.99999999199999989319 
0.02653454566741464751 0.00000000099999999997 0.00000000099999999997 0.04488280490375681775 0.00000000099999999997 0.00148718617622893459 0.69130617343116573803 0.00083270119569682358 0.23495658562573693007 
0.00424900195940184754 0.64826202046181569116 0.00338515777580678618 0.00000000278048722730 0.00000000099999999998 0.00000000099999999998 0.34410381302248849167 0.00000000099999999998 0.00000000099999999998 
0.00000000099999999997 0.35049932483135137762 0.00000000099999999997 0.03802451527085338318 0.00000000099999999997 0.00000000099999999997 0.21125437476512345936 0.26112362003144390377 0.13909816110122785737 
0.00225162296913885250 0.23914932502817851101 0.00000001659098841032 0.05459075399305515774 0.00000000100000000000 0.00000000100000000000 0.34243334849099410500 0.01262177288307299999 0.34895315804457199826 
0.00911246298715693952 0.10504315493174781748 0.00000216100888561825 0.03640526475261788436 0.00000000099999999999 0.00000000099999999999 0.22542031949770829913 0.27728011046339984258 0.34673652435848362208 
0.01466163604164539246 0.30821751853525491960 0.00000000099999999998 0.00000000099999999998 0.00000000099999999998 0.00000000099999999998 0.30305531681961894730 0.00000000099999999998 0.37406552360348072073 
0.00000000099999999995 0.00000000099999999995 0.00000000099999999995 0.00000000099999999995 0.00000000099999999995 0.02599314620741509027 0.34643325111504102987 0.40906961767204119695 0.21850398000550283473 
0.00000000099999999993 0.00000000099999999993 0.00000000099999999993 0.00000000099999999993 0.00000000099999999993 0.99999999200000011523 0.00000000099999999993 0.00000000099999999993 0.00000000099999999993 
0.01381464973167541299 0.00000000099999999997 0.00000000099999999997 0.00000000099999999997 0.00000000099999999997 0.98618534326832474335 0.00000000099999999997 0.00000000099999999997 0.00000000099999999997 
0.00000000099999999965 0.00000000099999999965 0.00000000099999999965 0.00000000099999999965 0.99999999200000000421 0.00000000099999999965 0.00000000099999999965 0.00000000099999999965 0.00000000099999999965 
0.00000000099999999955 0.00000000099999999955 0.99999999200000011523 0.00000000099999999955 0.00000000099999999955 0.00000000099999999955 0.00000000099999999955 0.00000000099999999955 0.00000000099999999955 
0.01852181383369352202 0.01602985128583988075 0.03305115634781234657 0.05453661615013904312 0.00000000099999999999 0.87786055838251519923 0.00000000099999999999 0.00000000099999999999 0.00000000099999999999 
0.00000000099999999997 0.18524525584842663206 0.00000000099999999997 0.00000000099999999997 0.00000000099999999997 0.00659819626448037485 0.39285371174336869426 0.00000000099999999997 0.41530283114372423814 
0.00000000099999999994 0.99999999200000022626 0.00000000099999999994 0.00000000099999999994 0.00000000099999999994 0.00000000099999999994 0.00000000099999999994 0.00000000099999999994 0.00000000099999999994 
0.07259879624255159702 0.00000000099999999993 0.00000000099999999993 0.00000000099999999993 0.00000000099999999993 0.92740119675744847605 0.00000000099999999993 0.00000000099999999993 0.00000000099999999993 
0.00000000099999999992 0.99999999200000022626 0.00000000099999999992 0.00000000099999999992 0.00000000099999999992 0.00000000099999999992 0.00000000099999999992 0.00000000099999999992 0.00000000099999999992 
0.00741898338388395032 0.00000000099999999998 0.00833658212278426403 0.00000000099999999998 0.00000000099999999998 0.00000000099999999998 0.37730975796030885583 0.00000000099999999998 0.60693467153302294026 
0.02537885324658970335 0.50751354544291660265 0.00000000099999999997 0.00758290407988045090 0.00000000099999999997 0.00000000099999999997 0.45952469223061337411 0.00000000099999999997 0.00000000099999999997 
0.00000000099999999953 0.00000000099999999953 0.00000000099999999953 0.00000000099999999953 0.99999999200000011523 0.00000000099999999953 0.00000000099999999953 0.00000000099999999953 0.00000000099999999953 
0.00000000099999999956 0.00000000099999999956 0.00000000099999999956 0.00000000099999999956 0.99999999200000000421 0.00000000099999999956 0.00000000099999999956 0.00000000099999999956 0.00000000099999999956 
0.00000000099999999947 0.00000000099999999947 0.00000000099999999947 0.00000000099999999947 0.99999999200000000421 0.00000000099999999947 0.00000000099999999947 0.00000000099999999947 0.00000000099999999947 
0.00000000099999999948 0.00000000099999999948 0.00000000099999999948 0.00000000099999999948 0.99999999200000000421 0.00000000099999999948 0.00000000099999999948 0.00000000099999999948 0.00000000099999999948 
0.00000000099999999950 0.00000000099999999950 0.00000000099999999950 0.00000000099999999950 0.99999999200000011523 0.00000000099999999950 0.00000000099999999950 0.00000000099999999950 0.00000000099999999950 
0.02320362602366699348 0.00000000099999999996 0.00000000099999999996 0.00000000099999999996 0.00000000099999999996 0.97679636697633298592 0.00000000099999999996 0.00000000099999999996 0.00000000099999999996 
0.00058464059264214184 0.00000000099999999999 0.00000000099999999999 0.04078754279913700265 0.00000000099999999999 0.00000000099999999999 0.53984707122593500461 0.41878074038228579878 0.00000000099999999999 
0.00000000099999999949 0.00000000099999999949 0.00000000099999999949 0.00000000099999999949 0.99999999200000000421 0.00000000099999999949 0.00000000099999999949 0.00000000099999999949 0.00000000099999999949 
0.00000000099999999957 0.00000000099999999957 0.00000000099999999957 0.00000000099999999957 0.99999999200000011523 0.00000000099999999957 0.00000000099999999957 0.00000000099999999957 0.00000000099999999957 
0.00000000099999999954 0.00000000099999999954 0.99999999200000000421 0.00000000099999999954 0.00000000099999999954 0.00000000099999999954 0.00000000099999999954 0.00000000099999999954 0.00000000099999999954 
0.00000000099999999954 0.00000000099999999954 0.99999999200000000421 0.00000000099999999954 0.00000000099999999954 0.00000000099999999954 0.00000000099999999954 0.00000000099999999954 0.00000000099999999954 
0.00005558694256332349 0.00000000099999999998 0.00000000099999999998 0.00000000099999999998 0.00000000099999999998 0.00000000099999999998 0.43990401716019633671 0.00000000099999999998 0.56004038989724025388 
0.00000000099999999953 0.00000000099999999953 0.00000000099999999953 0.00000000099999999953 0.99999999200000000421 0.00000000099999999953 0.00000000099999999953 0.00000000099999999953 0.00000000099999999953 
0.00000000099999999990 0.00000000099999999990 0.00000000099999999990 0.00000000099999999990 0.00000000099999999990 0.00000000099999999990 0.00000000099999999990 0.00000000099999999990 0.99999999199999989319 
0.00000000099999999993 0.00000000099999999993 0.00000000099999999993 0.00000000099999999993 0.00000000099999999993 0.00000000099999999993 0.99999999199999989319 0.00000000099999999993 0.00000000099999999993 
0.00000000099999999997 0.00000000099999999997 0.00000000099999999997 0.00000000099999999997 0.00000000099999999997 0.93143879324567002698 0.00000000099999999997 0.06856119975432992120 0.00000000099999999997 
0.01186376328554144752 0.16870752292269633466 0.00000000099999999998 0.00000000099999999998 0.00000000099999999998 0.00095872483687271250 0.22928635532725796797 0.20340513669911780559 0.38577849392851359944 
0.00000000099999999991 0.00000000099999999991 0.00000000099999999991 0.00000000099999999991 0.00000000099999999991 0.99999999200000000421 0.00000000099999999991 0.00000000099999999991 0.00000000099999999991 
0.03718875520286783060 0.17042968583831272222 0.00000000099999999998 0.03526306702289258577 0.00000000099999999998 0.00000000099999999998 0.31206281649606459894 0.21705462681914566847 0.22800104562071671355 
0.00000000099999999992 0.00000000099999999992 0.00000000099999999992 0.00000000099999999992 0.00000000099999999992 0.99999999200000000421 0.00000000099999999992 0.00000000099999999992 0.00000000099999999992 
0.00000000099999999994 0.99999999200000011523 0.00000000099999999994 0.00000000099999999994 0.00000000099999999994 0.00000000099999999994 0.00000000099999999994 0.00000000099999999994 0.00000000099999999994 
0.00831821534255175118 0.18462695814253193838 0.00853571547970132134 0.03093151882450641960 0.00000000099999999999 0.00000000099999999999 0.39834000996289836705 0.00000000099999999999 0.36924757924781009821 
0.00000000099999999957 0.00000000099999999957 0.00000000099999999957 0.00000000099999999957 0.99999999200000000421 0.00000000099999999957 0.00000000099999999957 0.00000000099999999957 0.00000000099999999957 
0.00000000099999999992 0.00000000099999999992 0.00000000099999999992 0.00000000099999999992 0.00000000099999999992 0.99999999200000011523 0.00000000099999999992 0.00000000099999999992 0.00000000099999999992 
0.00000000099999999951 0.00000000099999999951 0.00000000099999999951 0.00000000099999999951 0.99999999200000000421 0.00000000099999999951 0.00000000099999999951 0.00000000099999999951 0.00000000099999999951 
0.00000000099999999949 0.00000000099999999949 0.00000000099999999949 0.00000000099999999949 0.99999999200000011523 0.00000000099999999949 0.00000000099999999949 0.00000000099999999949 0.00000000099999999949 
0.00000000099999999993 0.00000000099999999993 0.00000000099999999993 0.00000000099999999993 0.00000000099999999993 0.00000000099999999993 0.99999999199999989319 0.00000000099999999993 0.00000000099999999993 
0.00000000099999999985 0.00000000099999999985 0.00000000099999999985 0.00000000099999999985 0.00000000099999999985 0.00000000099999999985 0.00000000099999999985 0.99999999200000000421 0.00000000099999999985 
0.00000000099999999997 0.28089367940611420504 0.00000000099999999997 0.00000000099999999997 0.00000000099999999997 0.00000000099999999997 0.29107036726983281927 0.00026817928916918952 0.42776776903488356041 
0.00000000099999999998 0.23622125620424758163 0.00000000099999999998 0.04438966043771455650 0.00000000099999999998 0.00000000099999999998 0.23899032189129035264 0.16003642764490552675 0.32036232982184192908 
0.03890285255173484696 0.00003674237093423092 0.00000000099999999998 0.04473127862312195613 0.00000000099999999998 0.00000000099999999998 0.51012468075810801782 0.00000140734459663025 0.40620303535150442675 
0.03573288992684587467 0.35538256461665662655 0.00000000099999999998 0.00000000099999999998 0.00000000099999999998 0.00000000099999999998 0.00002064451816293013 0.13007912388497591683 0.47878477305335853664 
0.00000000099999999982 0.00000000099999999982 0.00000000099999999982 0.00000000099999999982 0.00000000099999999982 0.00000000099999999982 0.00000000099999999982 0.99999999199999989319 0.00000000099999999982 
0.00000000099999999996 0.03523228456795451935 0.00000000099999999996 0.00000000099999999996 0.00000000099999999996 0.96476770843204562311 0.00000000099999999996 0.00000000099999999996 0.00000000099999999996 
0.01180171287819323407 0.25129573230885110524 0.00000000099999999998 0.00000000099999999998 0.00000000099999999998 0.00000000099999999998 0.23193364340398520129 0.21948414087679249396 0.28548476653217780274 
0.00000000099999999948 0.00000000099999999948 0.00000000099999999948 0.00000000099999999948 0.99999999200000000421 0.00000000099999999948 0.00000000099999999948 0.00000000099999999948 0.00000000099999999948 
0.00000000099999999997 0.59594228539420379676 0.00000000099999999997 0.00000000099999999997 0.00000000099999999997 0.00000000099999999997 0.40405770760579640122 0.00000000099999999997 0.00000000099999999997 
0.00000000099999999984 0.00000000099999999984 0.00000000099999999984 0.00000000099999999984 0.99999999200000011523 0.00000000099999999984 0.00000000099999999984 0.00000000099999999984 0.00000000099999999984 
0.00000000099999999956 0.00000000099999999956 0.00000000099999999956 0.00000000099999999956 0.99999999200000011523 0.00000000099999999956 0.00000000099999999956 0.00000000099999999956 0.00000000099999999956 
0.04032370556753370888 0.28590064674328835581 0.00000000099999999998 0.00477919936080941320 0.00000000099999999998 0.00778453091272597424 0.27102933082013702659 0.02855792534458577447 0.36162465925091963337 
0.00000000099999999998 0.18751996110900603920 0.00559642430127829573 0.00000000099999999998 0.00000000099999999998 0.00000000099999999998 0.33734159075645925308 0.19067517662353966612 0.27886684320971677487 
0.00000000099999999993 0.00000000099999999993 0.00000000099999999993 0.00000000099999999993 0.00000000099999999993 0.00000000099999999993 0.99999999200000000421 0.00000000099999999993 0.00000000099999999993 
0.00000000099999999961 0.00000000099999999961 0.00000000099999999961 0.00000000099999999961 0.99999999200000011523 0.00000000099999999961 0.00000000099999999961 0.00000000099999999961 0.00000000099999999961 
0.00000000099999999993 0.00000000099999999993 0.00000000099999999993 0.00000000099999999993 0.00000000099999999993 0.99999999200000000421 0.00000000099999999993 0.00000000099999999993 0.00000000099999999993 
0.00000000099999999994 0.00000000099999999994 0.00000000099999999994 0.00000000099999999994 0.00000000099999999994 0.99999999200000011523 0.00000000099999999994 0.00000000099999999994 0.00000000099999999994 
0.00000000099999999956 0.00000000099999999956 0.00000000099999999956 0.00000000099999999956 0.99999999200000000421 0.00000000099999999956 0.00000000099999999956 0.00000000099999999956 0.00000000099999999956 
0.00000000099999999998 0.42494125109461927670 0.00000000099999999998 0.00000000099999999998 0.00000000099999999998 0.00000000099999999998 0.30903716499175143406 0.00000000099999999998 0.26602157791362929240 
0.00000000099999999997 0.00000000099999999997 0.00000000099999999997 0.00000000099999999997 0.00000000099999999997 0.00000000099999999997 0.99999999199999989319 0.00000000099999999997 0.00000000099999999997 
0.00000000099999999958 0.00000000099999999958 0.00000000099999999958 0.00000000099999999958 0.99999999200000011523 0.00000000099999999958 0.00000000099999999958 0.00000000099999999958 0.00000000099999999958 
0.00538802272656724226 0.33784527198860453412 0.00000000099999999998 0.03531567796898744255 0.00000000099999999998 0.00000000099999999998 0.00073948558185641636 0.14811848989008147282 0.47259304884390274104 
0.00000000099999999990 0.00000000099999999990 0.00000000099999999990 0.00000000099999999990 0.00000000099999999990 0.99999999200000011523 0.00000000099999999990 0.00000000099999999990 0.00000000099999999990 
0.99999999200000000421 0.00000000099999999889 0.00000000099999999889 0.00000000099999999889 0.00000000099999999889 0.00000000099999999889 0.00000000099999999889 0.00000000099999999889 0.00000000099999999889 
