0.00000000099999999989 0.00000000099999999989 0.00000000099999999989 0.00000000099999999989 0.99999999000000006077 0.00000000099999999989 0.00000000099999999989 0.00000000099999999989 0.00000000099999999989 0.00000000099999999989 0.00000000099999999989 
0.00000000099999999991 0.00000000099999999991 0.00000000099999999991 0.00000000099999999991 0.00000000099999999991 0.00000000099999999991 0.00000000099999999991 0.69287366136098982317 0.00000000099999999991 0.00000000099999999991 0.30712632963901026484 
0.00000000099999999984 0.00000000099999999984 0.00000000099999999984 0.00000000099999999984 0.00000000099999999984 0.00000000099999999984 0.00000000099999999984 0.99999999000000006077 0.00000000099999999984 0.00000000099999999984 0.00000000099999999984 
0.12531765685243692610 0.16095266637723595893 0.00000000099999999998 0.00000000099999999998 0.22842938941099344419 0.00000000099999999998 0.17658292189569935182 0.02844299048522779330 0.00000000099999999998 0.27342004386682411399 0.00685432711158254215 
0.12211857623766309011 0.20416942740128485312 0.00000000099999999998 0.05216374157294675906 0.21998198152386760906 0.00000000099999999998 0.26326204113782780691 0.00000000099999999998 0.00000000099999999998 0.13830422712640991212 0.00000000099999999998 
0.00000000099999999990 0.00000000099999999990 0.00000000099999999990 0.00000000099999999990 0.00000000099999999990 0.00000000099999999990 0.00000000099999999990 0.00000000099999999990 0.00000000099999999990 0.99999998999999994975 0.00000000099999999990 
0.00000000099999999982 0.00000000099999999982 0.00000000099999999982 0.00000000099999999982 0.00000000099999999982 0.00000000099999999982 0.00000000099999999982 0.00000000099999999982 0.00000000099999999982 0.00000000099999999982 0.99999999000000006077 
0.00000000099999999981 0.00000000099999999981 0.00000000099999999981 0.00000000099999999981 0.00000000099999999981 0.00000000099999999981 0.00000000099999999981 0.99999998999999994975 0.00000000099999999981 0.00000000099999999981 0.00000000099999999981 
0.29986729441397474982 0.19458692226509161083 0.00000000099999999998 0.02569630866560778173 0.00000000099999999998 0.00000000099999999998 0.15606762840766116862 0.00000000099999999998 0.01180832769753132824 0.31197351355013336338 0.00000000099999999998 
0.00000000099999999991 0.00000000099999999991 0.00000000099999999991 0.00000000099999999991 0.00000000099999999991 0.00000000099999999991 0.00000000099999999991 0.39289275545992458083 0.00000000099999999991 0.00000000099999999991 0.60710723554007539615 
0.00007233932909367394 0.40527375206148968934 0.00000000099999999997 0.01846177875967982759 0.00000000099999999997 0.00000000099999999997 0.57619212284973675420 0.00000000099999999997 0.00000000099999999997 0.00000000099999999997 0.00000000099999999997 
0.09304491352590724129 0.25255090256396062198 0.00000000099999999997 0.01340369295172697678 0.32971042027802099916 0.00000000099999999997 0.29657547654940386028 0.00000000099999999997 0.00528248713451571431 0.00000000099999999997 0.00943210299646468284 
0.99999999000000017180 0.00000000099999999987 0.00000000099999999987 0.00000000099999999987 0.00000000099999999987 0.00000000099999999987 0.00000000099999999987 0.00000000099999999987 0.00000000099999999987 0.00000000099999999987 0.00000000099999999987 
0.00000000099999999998 0.43016869071386276691 0.00000000099999999998 0.00000000099999999998 0.00000000183190378612 0.00000000099999999998 0.15498070056428311925 0.00000000099999999998 0.00000000099999999998 0.41485059988995032221 0.00000000099999999998 
0.00000000099999999984 0.99999999000000028282 0.00000000099999999984 0.00000000099999999984 0.00000000099999999984 0.00000000099999999984 0.00000000099999999984 0.00000000099999999984 0.00000000099999999984 0.00000000099999999984 0.00000000099999999984 
0.00569070703352294021 0.18615023981550418708 0.00000000099999999998 0.04586215157481053628 0.27635389051583142406 0.00000000099999999998 0.18959286797961544258 0.05254929009981198357 0.02423898016231623709 0.21956186981858727414 0.00000000099999999998 
0.00000000099999999981 0.99999999000000017180 0.00000000099999999981 0.00000000099999999981 0.00000000099999999981 0.00000000099999999981 0.00000000099999999981 0.00000000099999999981 0.00000000099999999981 0.00000000099999999981 0.00000000099999999981 
0.00000000099999999993 0.53158014465650471614 0.00000000099999999993 0.00000000099999999993 0.00000000099999999993 0.00000000099999999993 0.00000000099999999993 0.00000000099999999993 0.00000000099999999993 0.46841984634349542738 0.00000000099999999993 
0.00289283564801321108 0.00022892879420495231 0.00000000099999999998 0.00000000099999999998 0.48218803683450045527 0.00000000099999999998 0.30158316572327997784 0.00000000099999999998 0.00192815695437183209 0.21117887104562960143 0.00000000099999999998 
0.39383024298783497752 0.00000000141974936971 0.00000000099999999995 0.00000000099999999995 0.21770568463440997942 0.00000000099999999995 0.38708720234226939860 0.00137686261573635510 0.00000000099999999995 0.00000000099999999995 0.00000000099999999995 
0.39209681406530122461 0.00000000099999999997 0.00000000099999999997 0.00000000099999999997 0.00000000099999999997 0.00000000099999999997 0.21257658208034233005 0.00000000099999999997 0.00000000099999999997 0.39532659585435619976 0.00000000099999999997 
0.00000000099999999987 0.00000000099999999987 0.00000000099999999987 0.00000000099999999987 0.00000000099999999987 0.00000000099999999987 0.00000000099999999987 0.99999998999999994975 0.00000000099999999987 0.00000000099999999987 0.00000000099999999987 
0.00000001962086191501 0.33764067319652696364 0.00000000099999999997 0.01547244348990757003 0.11112254465126300551 0.00000000099999999997 0.23647542782532637862 0.00000000099999999997 0.00000000099999999997 0.28105736075946896602 0.01823152645664529933 
0.00000000099999999921 0.00000000099999999921 0.00000000099999999921 0.99999999000000017180 0.00000000099999999921 0.00000000099999999921 0.00000000099999999921 0.00000000099999999921 0.00000000099999999921 0.00000000099999999921 0.00000000099999999921 
0.41221163705175428715 0.27780731027229677021 0.00000000099999999995 0.00000000099999999995 0.00000000099999999995 0.00000000099999999995 0.29512849397153761988 0.00000000099999999995 0.00000000099999999995 0.00000000099999999995 0.01485255170441151899 
0.45128215231532525786 0.54871783868467494116 0.00000000099999999993 0.00000000099999999993 0.00000000099999999993 0.00000000099999999993 0.00000000099999999993 0.00000000099999999993 0.00000000099999999993 0.00000000099999999993 0.00000000099999999993 
0.00000000099999999955 0.00000000099999999955 0.00000000099999999955 0.00000000099999999955 0.00000000099999999955 0.00000000099999999955 0.00000000099999999955 0.00000000099999999955 0.99999998999999994975 0.00000000099999999955 0.00000000099999999955 
0.00000000099999999954 0.00000000099999999954 0.00000000099999999954 0.00000000099999999954 0.00000000099999999954 0.00000000099999999954 0.00000000099999999954 0.00000000099999999954 0.99999999000000006077 0.00000000099999999954 0.00000000099999999954 
0.48824517761422148165 0.00000000099999999997 0.00000000099999999997 0.03437690474627910775 0.00000000099999999997 0.00000000099999999997 0.22106305362883982291 0.00000000099999999997 0.00000000099999999997 0.25631485701065959137 0.00000000099999999997 
0.99999999000000017180 0.00000000099999999986 0.00000000099999999986 0.00000000099999999986 0.00000000099999999986 0.00000000099999999986 0.00000000099999999986 0.00000000099999999986 0.00000000099999999986 0.00000000099999999986 0.00000000099999999986 
0.00000000099999999988 0.00000000099999999988 0.00000000099999999988 0.00000000099999999988 0.00000000099999999988 0.00000000099999999988 0.00000000099999999988 0.00000000099999999988 0.00000000099999999988 0.99999998999999994975 0.00000000099999999988 
0.00000000099999999977 0.00000000099999999977 0.00000000099999999977 0.28228889461703193797 0.00000000099999999977 0.00000000099999999977 0.00000000099999999977 0.71771109638296803901 0.00000000099999999977 0.00000000099999999977 0.00000000099999999977 
0.00000000099999999953 0.00000000099999999953 0.00000000099999999953 0.64072426835851958860 0.00000000099999999953 0.00000000099999999953 0.00000000099999999953 0.00000000099999999953 0.35927572264148049941 0.00000000099999999953 0.00000000099999999953 
0.26225073289704703416 0.44515157422425277733 0.00000000099999999994 0.00000000099999999994 0.00000000099999999994 0.00000000099999999994 0.00000000099999999994 0.00000000099999999994 0.00000000099999999994 0.29259768487870041476 0.00000000099999999994 
0.00000000099999999949 0.00000000099999999949 0.51765296856287945637 0.00000000099999999949 0.00000000099999999949 0.48234702243712068714 0.00000000099999999949 0.00000000099999999949 0.00000000099999999949 0.00000000099999999949 0.00000000099999999949 
0.00000000099999999939 0.00000000099999999939 0.64260046571753537403 0.00000000099999999939 0.00000000099999999939 0.35739952528246465846 0.00000000099999999939 0.00000000099999999939 0.00000000099999999939 0.00000000099999999939 0.00000000099999999939 
0.00000000099999999935 0.00000000099999999935 0.99999999000000006077 0.00000000099999999935 0.00000000099999999935 0.00000000099999999935 0.00000000099999999935 0.00000000099999999935 0.00000000099999999935 0.00000000099999999935 0.00000000099999999935 
0.00000000099999999958 0.00000000099999999958 0.00000000099999999958 0.00000000099999999958 0.00000000099999999958 0.00000000099999999958 0.00000000099999999958 0.00000000099999999958 0.99999998999999994975 0.00000000099999999958 0.00000000099999999958 
0.00000000099999999951 0.00000000099999999951 0.00000000099999999951 0.00000000099999999951 0.00000000099999999951 0.00000000099999999951 0.00000000099999999951 0.00000000099999999951 0.99999999000000006077 0.00000000099999999951 0.00000000099999999951 
0.61313988228998694829 0.00000000099999999994 0.00000000099999999994 0.00000000099999999994 0.00000000099999999994 0.00000000099999999994 0.38686010871001336175 0.00000000099999999994 0.00000000099999999994 0.00000000099999999994 0.00000000099999999994 
0.00000000099999999986 0.00000000099999999986 0.00000000099999999986 0.00000000099999999986 0.00000000099999999986 0.00000000099999999986 0.00000000099999999986 0.99999999000000006077 0.00000000099999999986 0.00000000099999999986 0.00000000099999999986 
0.00000000099999999954 0.00000000099999999954 0.00000000099999999954 0.00000000099999999954 0.00000000099999999954 0.00000000099999999954 0.00000000099999999954 0.00000000099999999954 0.99999998999999994975 0.00000000099999999954 0.00000000099999999954 
0.00000000099999999983 0.99999999000000017180 0.00000000099999999983 0.00000000099999999983 0.00000000099999999983 0.00000000099999999983 0.00000000099999999983 0.00000000099999999983 0.00000000099999999983 0.00000000099999999983 0.00000000099999999983 
0.00000000099999999981 0.00000000099999999981 0.00000000099999999981 0.00000000099999999981 0.00000000099999999981 0.00000000099999999981 0.00000000099999999981 0.99999999000000006077 0.00000000099999999981 0.00000000099999999981 0.00000000099999999981 
0.00000000099999999959 0.00000000099999999959 0.00000000099999999959 0.00000000099999999959 0.00000000099999999959 0.00000000099999999959 0.00000000099999999959 0.00000000099999999959 0.99999998999999994975 0.00000000099999999959 0.00000000099999999959 
0.00000000099999999995 0.42724685292667824443 0.00000000099999999995 0.00000000099999999995 0.57275313807332184357 0.00000000099999999995 0.00000000099999999995 0.00000000099999999995 0.00000000099999999995 0.00000000099999999995 0.00000000099999999995 
0.00000000099999999954 0.00000000099999999954 0.00000000099999999954 0.00000000099999999954 0.00000000099999999954 0.00000000099999999954 0.00000000099999999954 0.00000000099999999954 0.99999999000000006077 0.00000000099999999954 0.00000000099999999954 
0.00000000099999999985 0.00000000099999999985 0.00000000099999999985 0.00000000099999999985 0.00000000099999999985 0.00000000099999999985 0.00000000099999999985 0.99999999000000006077 0.00000000099999999985 0.00000000099999999985 0.00000000099999999985 
0.00000000099999999978 0.00000000099999999978 0.00000000099999999978 0.00000000099999999978 0.00000000099999999978 0.00000000099999999978 0.00000000099999999978 0.00000000099999999978 0.00000000099999999978 0.00000000099999999978 0.99999999000000006077 
0.00000000099999999948 0.00000000099999999948 0.00000000099999999948 0.00000000099999999948 0.00000000099999999948 0.00000000099999999948 0.00000000099999999948 0.00000000099999999948 0.99999999000000006077 0.00000000099999999948 0.00000000099999999948 
0.00000000099999999953 0.00000000099999999953 0.00000000099999999953 0.00000000099999999953 0.00000000099999999953 0.00000000099999999953 0.00000000099999999953 0.00000000099999999953 0.99999999000000006077 0.00000000099999999953 0.00000000099999999953 
0.00000000099999999982 0.00000000099999999982 0.00000000099999999982 0.00000000099999999982 0.00000000099999999982 0.00000000099999999982 0.00000000099999999982 0.00000000099999999982 0.00000000099999999982 0.00000000099999999982 0.99999998999999994975 
0.00000000099999999992 0.00000000099999999992 0.00000000099999999992 0.00000000099999999992 0.00000000099999999992 0.00000000099999999992 0.00000000099999999992 0.42859101261812609929 0.00000000099999999992 0.00000000099999999992 0.57140897838187387769 
0.00000000099999999993 0.00000000099999999993 0.00000000099999999993 0.00000000099999999993 0.00000000099999999993 0.00000000099999999993 0.00000000099999999993 0.43687073743974419449 0.00000000099999999993 0.00000000099999999993 0.56312925356025567147 
0.00000000099999999960 0.00000000099999999960 0.00000000099999999960 0.00000000099999999960 0.00000000099999999960 0.00000000099999999960 0.00000000099999999960 0.00000000099999999960 0.99999999000000006077 0.00000000099999999960 0.00000000099999999960 
0.00000000099999999999 0.00000000099999999999 0.00000000099999999999 0.02414235497537386629 0.28697227799210817123 0.00000000099999999999 0.29304691403218302570 0.00000000099999999999 0.00758856600465598104 0.34519092888195190838 0.04305895311372699708 
0.00000000099999999998 0.18586053954767589591 0.00000000099999999998 0.00000000099999999998 0.10553659730214920431 0.00000000099999999998 0.27147099007006203486 0.00000000123451252471 0.02108427075521110416 0.41604759609038921564 0.00000000099999999998 
0.00002533394943853057 0.34133770783318539976 0.00000000099999999996 0.00000000099999999996 0.25181168047245305885 0.00000000099999999996 0.39506906646966194474 0.01175620527526113034 0.00000000099999999996 0.00000000099999999996 0.00000000099999999996 
0.00000000099999999988 0.00000000099999999988 0.00000000099999999988 0.00000000099999999988 0.00000000099999999988 0.00000000099999999988 0.00000000099999999988 0.00000000099999999988 0.00000000099999999988 0.99999998999999994975 0.00000000099999999988 
0.00000000099999999986 0.00000000099999999986 0.00000000099999999986 0.00000000099999999986 0.00000000099999999986 0.00000000099999999986 0.00000000099999999986 0.99999998999999994975 0.00000000099999999986 0.00000000099999999986 0.00000000099999999986 
0.43083889520183388244 0.20267371918902862826 0.00000000099999999998 0.00000000099999999998 0.19362559956203531653 0.00000000099999999998 0.00000000099999999998 0.00000000099999999998 0.00000000099999999998 0.17286177904710225972 0.00000000099999999998 
0.00000000099999999932 0.00000000099999999932 0.00000000099999999932 0.00000000099999999932 0.00000000099999999932 0.99999999000000006077 0.00000000099999999932 0.00000000099999999932 0.00000000099999999932 0.00000000099999999932 0.00000000099999999932 
0.00000000099999999995 0.00000000099999999995 0.00000000099999999995 0.00000000099999999995 0.25114147765676797519 0.00000000099999999995 0.48351897630126206007 0.00000000099999999995 0.00000000099999999995 0.26533953804197013548 0.00000000099999999995 
0.00000000099999999940 0.00000000099999999940 0.99999999000000017180 0.00000000099999999940 0.00000000099999999940 0.00000000099999999940 0.00000000099999999940 0.00000000099999999940 0.00000000099999999940 0.00000000099999999940 0.00000000099999999940 
0.55530381689145247304 0.38021478557420868016 0.00000000099999999995 0.06448138953433900367 0.00000000099999999995 0.00000000099999999995 0.00000000099999999995 0.00000000099999999995 0.00000000099999999995 0.00000000099999999995 0.00000000099999999995 
0.00000000099999999948 0.00000000099999999948 0.50454005719959982290 0.00000000099999999948 0.00000000099999999948 0.49545993380040032061 0.00000000099999999948 0.00000000099999999948 0.00000000099999999948 0.00000000099999999948 0.00000000099999999948 
0.16896471270494950456 0.00000000099999999997 0.00000000099999999997 0.00000000099999999997 0.55743942391374878831 0.00000000099999999997 0.00000000099999999997 0.00000000099999999997 0.00000000099999999997 0.27359585538130182236 0.00000000099999999997 
0.00000000099999999990 0.00000000099999999990 0.00000000099999999990 0.00000000099999999990 0.99999999000000017180 0.00000000099999999990 0.00000000099999999990 0.00000000099999999990 0.00000000099999999990 0.00000000099999999990 0.00000000099999999990 
0.00000000099999999983 0.00000000099999999983 0.00000000099999999983 0.00000000099999999983 0.00000000099999999983 0.00000000099999999983 0.00000000099999999983 0.99999998999999994975 0.00000000099999999983 0.00000000099999999983 0.00000000099999999983 
0.00000050138525477620 0.00000000099999999993 0.00000000099999999993 0.00000000099999999993 0.51327513648138067825 0.00000000099999999993 0.48672435413336462284 0.00000000099999999993 0.00000000099999999993 0.00000000099999999993 0.00000000099999999993 
0.00000000099999999947 0.00000000099999999947 0.45281834452591057660 0.00000000099999999947 0.00000000099999999947 0.54718164647408928936 0.00000000099999999947 0.00000000099999999947 0.00000000099999999947 0.00000000099999999947 0.00000000099999999947 
0.00000000099999999946 0.00000000099999999946 0.99999999000000017180 0.00000000099999999946 0.00000000099999999946 0.00000000099999999946 0.00000000099999999946 0.00000000099999999946 0.00000000099999999946 0.00000000099999999946 0.00000000099999999946 
0.11145497118509961609 0.18859577950997197249 0.00000000099999999998 0.00000000099999999998 0.05837336589811858295 0.00000000099999999998 0.34475636380870483544 0.00000000099999999998 0.00553850439376990175 0.20311698516065010423 0.08816402604368488161 
0.00000000099999999980 0.00000000099999999980 0.00000000099999999980 0.00000000099999999980 0.00000000099999999980 0.00000000099999999980 0.00000000099999999980 0.00000000099999999980 0.00000000099999999980 0.00000000099999999980 0.99999998999999994975 
0.00000000099999999962 0.00000000099999999962 0.00000000099999999962 0.00000000099999999962 0.00000000099999999962 0.00000000099999999962 0.00000000099999999962 0.00000000099999999962 0.99999999000000006077 0.00000000099999999962 0.00000000099999999962 
0.00000000099999999982 0.00000000099999999982 0.00000000099999999982 0.00000000099999999982 0.00000000099999999982 0.00000000099999999982 0.00000000099999999982 0.99999998999999994975 0.00000000099999999982 0.00000000099999999982 0.00000000099999999982 
0.19762771769910930653 0.01037864012031972441 0.00000000099999999999 0.00081907522521847305 0.33480318410866277690 0.00000000099999999999 0.19121196311800375822 0.00000008270668666834 0.00000000099999999999 0.22862787398888489987 0.03653146003311440876 
0.00000000099999999937 0.00000000099999999937 0.99999999000000017180 0.00000000099999999937 0.00000000099999999937 0.00000000099999999937 0.00000000099999999937 0.00000000099999999937 0.00000000099999999937 0.00000000099999999937 0.00000000099999999937 
0.00000000099999999944 0.00000000099999999944 0.00000000099999999944 0.00000000099999999944 0.00000000099999999944 0.00000000099999999944 0.00000000099999999944 0.00000000099999999944 0.99999999000000006077 0.00000000099999999944 0.00000000099999999944 
0.00000000099999999939 0.00000000099999999939 0.00000000099999999939 0.00000000099999999939 0.00000000099999999939 0.99999999000000006077 0.00000000099999999939 0.00000000099999999939 0.00000000099999999939 0.00000000099999999939 0.00000000099999999939 
0.25897922308491450050 0.00000000099999999998 0.00000000099999999998 0.00000000099999999998 0.04614115303910808902 0.00000000099999999998 0.44385497105912319338 0.00000000099999999998 0.01693705884294879893 0.23408758797390538664 0.00000000099999999998 
0.00000000099999999973 0.00000000099999999973 0.00000000099999999973 0.00000000099999999973 0.00000000099999999973 0.00000000099999999973 0.00000000099999999973 0.00000000099999999973 0.00000000099999999973 0.00000000099999999973 0.99999998999999994975 
0.00000000099999999984 0.00000000099999999984 0.00000000099999999984 0.00000000099999999984 0.00000000099999999984 0.00000000099999999984 0.00000000099999999984 0.99999999000000006077 0.00000000099999999984 0.00000000099999999984 0.00000000099999999984 
0.20304338871481933393 0.19148638386572802705 0.00000000099999999997 0.03431320391612173448 0.16685050373925064404 0.00000000099999999997 0.00000000099999999997 0.15304543426305897147 0.00000000099999999997 0.18427524651452820148 0.06698583498649314516 
0.20598804296871583985 0.16147311172120829004 0.00000000099999999999 0.01259621120727398569 0.25669447003139184149 0.00000000099999999999 0.04057883875943156526 0.00000000099999999999 0.01959859583648926665 0.30307072547548913333 0.00000000099999999999 
0.00000000099999999982 0.99999999000000017180 0.00000000099999999982 0.00000000099999999982 0.00000000099999999982 0.00000000099999999982 0.00000000099999999982 0.00000000099999999982 0.00000000099999999982 0.00000000099999999982 0.00000000099999999982 
0.00000000099999999990 0.00000000099999999990 0.00000000099999999990 0.00000000099999999990 0.00000000099999999990 0.00000000099999999990 0.00000000099999999990 0.00000000099999999990 0.00000000099999999990 0.99999998999999994975 0.00000000099999999990 
0.42148556793559038836 0.00000000309257687105 0.00000000099999999997 0.04718611095340954908 0.00000000099999999997 0.00000000099999999997 0.53132829427454963955 0.00000000099999999997 0.00000000099999999997 0.00000001774387354204 0.00000000099999999997 
0.22272719667925686138 0.21588568334521035519 0.00000000099999999995 0.00000000099999999995 0.00268956227224867537 0.00000000099999999995 0.26790029243156232575 0.00000000099999999995 0.00000000099999999995 0.29079725927172161981 0.00000000099999999995 
0.18992132206661438421 0.00000016103579794036 0.00000000099999999995 0.00716474915844637385 0.00000000099999999995 0.00000000099999999995 0.32122278418696165181 0.00000000099999999995 0.00000000099999999995 0.47250049624331585951 0.00919048230886399670 
0.37567761811086142210 0.00000000099999999995 0.00000000099999999995 0.00000000099999999995 0.00000000099999999995 0.00000000099999999995 0.62432237288913861040 0.00000000099999999995 0.00000000099999999995 0.00000000099999999995 0.00000000099999999995 
0.00000011074685107992 0.32086081576885211453 0.00000000099999999997 0.00000000099999999997 0.30519562054265253481 0.00000000099999999997 0.00000004949185320291 0.03923051883674884277 0.00000000099999999997 0.33471287961304230230 0.00000000099999999997 
0.00000000099999999983 0.00000000099999999983 0.00000000099999999983 0.00000000099999999983 0.00000000099999999983 0.00000000099999999983 0.00000000099999999983 0.99999998999999994975 0.00000000099999999983 0.00000000099999999983 0.00000000099999999983 
0.00000000099999999986 0.00000000099999999986 0.00000000099999999986 0.00000000099999999986 0.00000000099999999986 0.00000000099999999986 0.00000000099999999986 0.00000000099999999986 0.00000000099999999986 0.00000000099999999986 0.99999998999999994975 
0.00000000099999999960 0.00000000099999999960 0.99999999000000006077 0.00000000099999999960 0.00000000099999999960 0.00000000099999999960 0.00000000099999999960 0.00000000099999999960 0.00000000099999999960 0.00000000099999999960 0.00000000099999999960 
0.00000000099999999994 0.00000000099999999994 0.00000000099999999994 0.00000000099999999994 0.00000000099999999994 0.00000000099999999994 0.00000000099999999994 0.45974684961139805628 0.00000000099999999994 0.00000000099999999994 0.54025314138860180968 
0.00000000099999999995 0.00000000099999999995 0.00000000099999999995 0.00000000099999999995 0.00000000099999999995 0.00000000099999999995 0.00000000099999999995 0.47532553540146732507 0.00000000099999999995 0.00000000099999999995 0.52467445559853254089 
0.12038167113372763573 0.08408575161692609379 0.00000000099999999997 0.00000000099999999997 0.35901124595289557462 0.00000000099999999997 0.41465750336511092433 0.00000000099999999997 0.00000000099999999997 0.00014514462577663452 0.02171867830556322918 
0.00000000099999999933 0.00000000099999999933 0.99999999000000006077 0.00000000099999999933 0.00000000099999999933 0.00000000099999999933 0.00000000099999999933 0.00000000099999999933 0.00000000099999999933 0.00000000099999999933 0.00000000099999999933 
0.00000000099999999989 0.00000000099999999989 0.00000000099999999989 0.00000000099999999989 0.00000000099999999989 0.00000000099999999989 0.00000000099999999989 0.00000000099999999989 0.00000000099999999989 0.99999998999999994975 0.00000000099999999989 
0.32028242456066741140 0.00000000099999999998 0.00000000099999999998 0.00786471477725475196 0.00000001077934980187 0.00000000099999999998 0.33551055072286667391 0.00044093365206157652 0.00000000348244598097 0.33455951308673242961 0.00134184593862132361 
0.00820918346058283240 0.29208850403541303242 0.00000000099999999999 0.01498889636110747534 0.31823433476623047556 0.00000000099999999999 0.21741680807947635912 0.00000000099999999999 0.00008598484634343791 0.14897628445084645787 0.00000000099999999999 
0.25321259629344616826 0.22440521975813984557 0.00000000099999999998 0.04580216463723025405 0.28571693007692666733 0.00000000099999999998 0.17923876939139629649 0.00000000099999999998 0.00000000099999999998 0.00000000099999999998 0.01162431484286069114 
0.00000000099999999994 0.00000000099999999994 0.00000000099999999994 0.00563068157609274231 0.29517160515981588631 0.00000000099999999994 0.69919770526409141809 0.00000000099999999994 0.00000000099999999994 0.00000000099999999994 0.00000000099999999994 
0.00000000099999999995 0.38351357315145268023 0.00000000099999999995 0.00000000099999999995 0.00000000099999999995 0.00000000099999999995 0.00000000099999999995 0.02461469189704923455 0.00000000099999999995 0.59187172695149792290 0.00000000099999999995 
0.00000000099999999996 0.00000000099999999996 0.00000000099999999996 0.00000000099999999996 0.54789424934865549321 0.00000000099999999996 0.45210574165134459479 0.00000000099999999996 0.00000000099999999996 0.00000000099999999996 0.00000000099999999996 
0.00000000099999999995 0.58149002237636682189 0.00000000099999999995 0.00000000099999999995 0.00000000099999999995 0.00000000099999999995 0.00000000099999999995 0.00000000099999999995 0.00000000099999999995 0.41850996862363343265 0.00000000099999999995 
0.00000000099999999991 0.00000000099999999991 0.00000000099999999991 0.00000000099999999991 0.99999999000000017180 0.00000000099999999991 0.00000000099999999991 0.00000000099999999991 0.00000000099999999991 0.00000000099999999991 0.00000000099999999991 
0.00000000099999999990 0.00000000099999999990 0.00000000099999999990 0.00000000099999999990 0.00000000099999999990 0.00000000099999999990 0.00000000099999999990 0.00000000099999999990 0.00000000099999999990 0.99999998999999994975 0.00000000099999999990 
0.00000000099999999986 0.00000000099999999986 0.00000000099999999986 0.00000000099999999986 0.99999999000000006077 0.00000000099999999986 0.00000000099999999986 0.00000000099999999986 0.00000000099999999986 0.00000000099999999986 0.00000000099999999986 
0.00000000099999999998 0.00000000099999999998 0.00000000099999999998 0.00000000099999999998 0.56177692431839743037 0.00000000099999999998 0.39000783865296578812 0.00000000099999999998 0.01529280274350562630 0.00000000099999999998 0.03292242728513119360 
0.00000000099999999987 0.00000000099999999987 0.00000000099999999987 0.00000000099999999987 0.00000000099999999987 0.00000000099999999987 0.99999998999999994975 0.00000000099999999987 0.00000000099999999987 0.00000000099999999987 0.00000000099999999987 
0.45631611001822075524 0.00000000099999999995 0.00000000099999999995 0.00000000099999999995 0.54368388098177933276 0.00000000099999999995 0.00000000099999999995 0.00000000099999999995 0.00000000099999999995 0.00000000099999999995 0.00000000099999999995 
0.23838580920750976344 0.00000000099999999996 0.00000000099999999996 0.00021300642911588731 0.31557627322951159465 0.00000000099999999996 0.00000000099999999996 0.00000000099999999996 0.00000000099999999996 0.44582490413386277606 0.00000000099999999996 
0.18534995339528720359 0.00000000099999999996 0.00000000099999999996 0.06429237248021030249 0.37539412704292990375 0.00000000099999999996 0.31054595728368716845 0.01049002741193134740 0.00000000099999999996 0.05392755738595410298 0.00000000099999999996 
0.00000000099999999998 0.13873516283028392015 0.00000000099999999998 0.00000112470782922944 0.41078297066474600552 0.00000000099999999998 0.20421678265693130050 0.00052287015548521285 0.00000000099999999998 0.24216277784385348282 0.00357830714087081867 
0.00000002132489861718 0.00000002355840475756 0.00000000099999999998 0.02158376221920901838 0.24618274947948359799 0.00000000099999999998 0.40034839216336459700 0.00000000099999999998 0.00000000099999999998 0.30206697287310391165 0.02981807438153560516 
0.99999999000000017180 0.00000000099999999988 0.00000000099999999988 0.00000000099999999988 0.00000000099999999988 0.00000000099999999988 0.00000000099999999988 0.00000000099999999988 0.00000000099999999988 0.00000000099999999988 0.00000000099999999988 
0.00000000099999999982 0.99999999000000028282 0.00000000099999999982 0.00000000099999999982 0.00000000099999999982 0.00000000099999999982 0.00000000099999999982 0.00000000099999999982 0.00000000099999999982 0.00000000099999999982 0.00000000099999999982 
0.23471269009471776301 0.17337519383694793840 0.00000000100000000000 0.05901152460407685374 0.14748528039793412647 0.07163485379408564280 0.29800327227594963775 0.00282650226969645858 0.00000001521147895855 0.01295066551511252564 0.00000000100000000000 
0.00000000099999999994 0.18971649858026484736 0.00000000099999999994 0.00000000099999999994 0.35339821861558323723 0.00000000099999999994 0.45688527480415197513 0.00000000099999999994 0.00000000099999999994 0.00000000099999999994 0.00000000099999999994 
0.00000000099999999987 0.00000000099999999987 0.00000000099999999987 0.00000000099999999987 0.00000000099999999987 0.00000000099999999987 0.99999999000000006077 0.00000000099999999987 0.00000000099999999987 0.00000000099999999987 0.00000000099999999987 
0.00000000099999999995 0.47133826655182714527 0.00000000099999999995 0.02567332321216453384 0.13747205203079576608 0.00000000099999999995 0.35617664598852283309 0.00933970621668975785 0.00000000099999999995 0.00000000099999999995 0.00000000099999999995 
0.14251677458562109213 0.18875660885283132573 0.00000000099999999998 0.01638791311160127037 0.16202672835369955062 0.00000000099999999998 0.20171853782788831677 0.00000000099999999998 0.01069486913040902133 0.27789856413794933321 0.00000000099999999998 
0.19879119444660170446 0.27603592038936231035 0.00000000099999999996 0.03216850658403238444 0.00000000099999999996 0.00000000099999999996 0.29389925932699384470 0.00289755709209961118 0.00000000099999999996 0.19620755716091023424 0.00000000099999999996 
0.00000000099999999993 0.00000000099999999993 0.00000000099999999993 0.00000000099999999993 0.00000000099999999993 0.00000000099999999993 0.99999999000000006077 0.00000000099999999993 0.00000000099999999993 0.00000000099999999993 0.00000000099999999993 
0.29635603315911340783 0.17175329698735444794 0.00000000099999999998 0.01815300697000904462 0.10086608220401781233 0.00000000099999999998 0.22485416334434152330 0.00000000099999999998 0.00365364247221331827 0.17756174052881998349 0.00680203133413075783 
0.00000000099999999986 0.00000000099999999986 0.00000000099999999986 0.00000000099999999986 0.99999999000000006077 0.00000000099999999986 0.00000000099999999986 0.00000000099999999986 0.00000000099999999986 0.00000000099999999986 0.00000000099999999986 
0.99999999000000017180 0.00000000099999999985 0.00000000099999999985 0.00000000099999999985 0.00000000099999999985 0.00000000099999999985 0.00000000099999999985 0.00000000099999999985 0.00000000099999999985 0.00000000099999999985 0.00000000099999999985 
0.00000000099999999990 0.00000000099999999990 0.00000000099999999990 0.00000000099999999990 0.00000000099999999990 0.00000000099999999990 0.00000000099999999990 0.64550280182900354742 0.00000000099999999990 0.00000000099999999990 0.35449718917099648507 
0.00000000099999999984 0.00000000099999999984 0.00000000099999999984 0.00000000099999999984 0.00000000099999999984 0.00000000099999999984 0.00000000099999999984 0.00000000099999999984 0.00000000099999999984 0.00000000099999999984 0.99999998999999994975 
0.00000000099999999940 0.00000000099999999940 0.00000000099999999940 0.00000000099999999940 0.00000000099999999940 0.99999999000000006077 0.00000000099999999940 0.00000000099999999940 0.00000000099999999940 0.00000000099999999940 0.00000000099999999940 
0.00000000099999999946 0.00000000099999999946 0.00000000099999999946 0.00000000099999999946 0.00000000099999999946 0.00000000099999999946 0.00000000099999999946 0.00000000099999999946 0.99999999000000006077 0.00000000099999999946 0.00000000099999999946 
0.00000000099999999998 0.00000000099999999998 0.00000000099999999998 0.03110434193338532799 0.00000000099999999998 0.00000000099999999998 0.00000000099999999998 0.53440652314246894772 0.03334332716691745108 0.05871450191202028102 0.34243129984520781495 
0.00000000099999999995 0.00000000099999999995 0.00000000099999999995 0.00000000099999999995 0.43647340522770844418 0.00000000099999999995 0.56350806331460556731 0.00000000099999999995 0.00000000099999999995 0.00000000099999999995 0.00001852345768604377 
0.99999999000000017180 0.00000000099999999988 0.00000000099999999988 0.00000000099999999988 0.00000000099999999988 0.00000000099999999988 0.00000000099999999988 0.00000000099999999988 0.00000000099999999988 0.00000000099999999988 0.00000000099999999988 
0.00000000099999999984 0.00000000099999999984 0.00000000099999999984 0.00000000099999999984 0.00000000099999999984 0.00000000099999999984 0.00000000099999999984 0.00000000099999999984 0.00000000099999999984 0.00000000099999999984 0.99999998999999994975 
0.10193605041786164833 0.00000000099999999997 0.00000000099999999997 0.00000018655919645160 0.36324566366332050604 0.00000000099999999997 0.30874581633887476784 0.01424851168051044677 0.00000000099999999997 0.21182376634023603046 0.00000000099999999997 
0.99999999000000028282 0.00000000099999999986 0.00000000099999999986 0.00000000099999999986 0.00000000099999999986 0.00000000099999999986 0.00000000099999999986 0.00000000099999999986 0.00000000099999999986 0.00000000099999999986 0.00000000099999999986 
0.27699380680489460449 0.20914667200022935001 0.00000000099999999997 0.02770596260046608028 0.27305761541904877143 0.00000000099999999997 0.00000000099999999997 0.00000000099999999997 0.00000000099999999997 0.21309593717536115531 0.00000000099999999997 
0.00000000099999999944 0.00000000099999999944 0.74765610745692634431 0.00000000099999999944 0.00000000099999999944 0.25234388354307385471 0.00000000099999999944 0.00000000099999999944 0.00000000099999999944 0.00000000099999999944 0.00000000099999999944 
0.00000000099999999942 0.00000000099999999942 0.99999999000000006077 0.00000000099999999942 0.00000000099999999942 0.00000000099999999942 0.00000000099999999942 0.00000000099999999942 0.00000000099999999942 0.00000000099999999942 0.00000000099999999942 
0.00000000099999999931 0.00000000099999999931 0.99999999000000017180 0.00000000099999999931 0.00000000099999999931 0.00000000099999999931 0.00000000099999999931 0.00000000099999999931 0.00000000099999999931 0.00000000099999999931 0.00000000099999999931 
0.00000000099999999937 0.00000000099999999937 0.39338424854664366670 0.00000000099999999937 0.00000000099999999937 0.60661574245335636579 0.00000000099999999937 0.00000000099999999937 0.00000000099999999937 0.00000000099999999937 0.00000000099999999937 
0.00000000099999999935 0.00000000099999999935 0.99999999000000017180 0.00000000099999999935 0.00000000099999999935 0.00000000099999999935 0.00000000099999999935 0.00000000099999999935 0.00000000099999999935 0.00000000099999999935 0.00000000099999999935 
0.00000000099999999995 0.00000000099999999995 0.00000000099999999995 0.00000000099999999995 0.00000000099999999995 0.00000000099999999995 0.00000000099999999995 0.60771062125304009527 0.00000000099999999995 0.00000000099999999995 0.39228936974695993722 
0.15549029180289183905 0.13502825061568132781 0.00000000099999999999 0.00690852632781927857 0.33248098254891977898 0.00000000099999999999 0.30590686753500745398 0.00000000099999999999 0.00283847991840444590 0.06134624070997727469 0.00000035754129857266 
0.00000000099999999937 0.00000000099999999937 0.99999999000000006077 0.00000000099999999937 0.00000000099999999937 0.00000000099999999937 0.00000000099999999937 0.00000000099999999937 0.00000000099999999937 0.00000000099999999937 0.00000000099999999937 
0.00000000099999999942 0.00000000099999999942 0.99999999000000017180 0.00000000099999999942 0.00000000099999999942 0.00000000099999999942 0.00000000099999999942 0.00000000099999999942 0.00000000099999999942 0.00000000099999999942 0.00000000099999999942 
0.00000000099999999944 0.00000000099999999944 0.00000000099999999944 0.00000000099999999944 0.00000000099999999944 0.00000000099999999944 0.00000000099999999944 0.00000000099999999944 0.99999998999999994975 0.00000000099999999944 0.00000000099999999944 
0.00000000099999999944 0.00000000099999999944 0.00000000099999999944 0.00000000099999999944 0.00000000099999999944 0.00000000099999999944 0.00000000099999999944 0.00000000099999999944 0.99999999000000006077 0.00000000099999999944 0.00000000099999999944 
0.00000000099999999987 0.00000000099999999987 0.00000000099999999987 0.00000000099999999987 0.00000000099999999987 0.00000000099999999987 0.00000000099999999987 0.00000000099999999987 0.00000000099999999987 0.99999999000000006077 0.00000000099999999987 
0.00000000099999999938 0.00000000099999999938 0.99999999000000006077 0.00000000099999999938 0.00000000099999999938 0.00000000099999999938 0.00000000099999999938 0.00000000099999999938 0.00000000099999999938 0.00000000099999999938 0.00000000099999999938 
0.00000000099999999988 0.00000000099999999988 0.00000000099999999988 0.00000000099999999988 0.00000000099999999988 0.00000000099999999988 0.99999998999999994975 0.00000000099999999988 0.00000000099999999988 0.00000000099999999988 0.00000000099999999988 
0.00000000099999999988 0.00000000099999999988 0.00000000099999999988 0.00000000099999999988 0.00000000099999999988 0.00000000099999999988 0.00000000099999999988 0.00000000099999999988 0.00000000099999999988 0.99999998999999994975 0.00000000099999999988 
0.00000000099999999993 0.05197921467024910896 0.00000000099999999993 0.00000000099999999993 0.00000000099999999993 0.00000000099999999993 0.00000000099999999993 0.33146692056609688981 0.00000000099999999993 0.00000000099999999993 0.61655385676365392911 
0.51778184155690165635 0.00000000099999999994 0.00000000099999999994 0.00000000099999999994 0.00000000099999999994 0.00000000099999999994 0.48221814944309859818 0.00000000099999999994 0.00000000099999999994 0.00000000099999999994 0.00000000099999999994 
