0.00000000099999999997 0.42178208298441377533 0.00000000099999999997 0.00583406576464455800 0.00000000099999999997 0.00000000099999999997 0.57238384325094160410 0.00000000099999999997 0.00000000099999999997 0.00000000099999999997 0.00000000099999999997 
0.00000000099999999991 0.00000000099999999991 0.00000000099999999991 0.00000000099999999991 0.00000000099999999991 0.99999999000000017180 0.00000000099999999991 0.00000000099999999991 0.00000000099999999991 0.00000000099999999991 0.00000000099999999991 
0.00000000099999999992 0.00000000099999999992 0.00000000099999999992 0.00000000099999999992 0.00000000099999999992 0.99999999000000017180 0.00000000099999999992 0.00000000099999999992 0.00000000099999999992 0.00000000099999999992 0.00000000099999999992 
0.00000000099999999998 0.19591064434587224241 0.00176796683652782720 0.00000000099999999998 0.00000000099999999998 0.02894908693029721314 0.38445384220254086305 0.00000000099999999998 0.16613318805806634448 0.05956692738358478761 0.16321834024311082656 
0.00000000099999999998 0.23425498544555362068 0.00000012171518844012 0.00000000099999999998 0.00000000099999999998 0.00000000099999999998 0.36661807683114205902 0.05486211317028621970 0.14564279696169654676 0.00710874064514231165 0.19151316123099093591 
0.00000000099999999997 0.30024254435922176354 0.00000000099999999997 0.00000000099999999997 0.00000000099999999997 0.01244997573242971264 0.21573426524192015896 0.00000000099999999997 0.13111481736819732835 0.16371693369167772403 0.17674145860655324225 
0.00000000099999999993 0.00000000099999999993 0.00000000099999999993 0.00000000099999999993 0.00000000099999999993 0.98017573885555686619 0.00000000099999999993 0.01982425214444333630 0.00000000099999999993 0.00000000099999999993 0.00000000099999999993 
0.00000000099999999988 0.00000000099999999988 0.00000000099999999988 0.00000000099999999988 0.00000000099999999988 0.99999999000000017180 0.00000000099999999988 0.00000000099999999988 0.00000000099999999988 0.00000000099999999988 0.00000000099999999988 
0.00000000099999999998 0.29293985963679314288 0.18532638194951855937 0.01331152309518847214 0.00000000099999999998 0.00000000099999999998 0.25955505401430661871 0.03123524317425601521 0.06320131130072660641 0.00000000099999999998 0.15443062282921046768 
0.00000000099999999992 0.00000000099999999992 0.00000000099999999992 0.00000000099999999992 0.00000000099999999992 0.99999999000000017180 0.00000000099999999992 0.00000000099999999992 0.00000000099999999992 0.00000000099999999992 0.00000000099999999992 
0.00000000099999999999 0.23392938148003439292 0.22056898870785224265 0.00000000099999999999 0.00000000099999999999 0.00000000099999999999 0.18926919418951287932 0.04040906112171759046 0.10032456643696298360 0.10638220009235460628 0.10911660397156515423 
0.00000000099999999990 0.99999999000000028282 0.00000000099999999990 0.00000000099999999990 0.00000000099999999990 0.00000000099999999990 0.00000000099999999990 0.00000000099999999990 0.00000000099999999990 0.00000000099999999990 0.00000000099999999990 
0.00000000099999999998 0.00000000099999999998 0.28581686676513684553 0.00000000099999999998 0.00000000099999999998 0.00000000099999999998 0.18214778654379287781 0.00709694020900047354 0.18061335093504068960 0.00000000099999999998 0.34432504954702891631 
0.00000000099999999990 0.00000000099999999990 0.00000000099999999990 0.00000000099999999990 0.00000000099999999990 0.00000000099999999990 0.00000000099999999990 0.00000000099999999990 0.00000000099999999990 0.00000000099999999990 0.99999998999999994975 
0.00000000099999999999 0.40920506047708998798 0.00000000099999999999 0.00817923608566410894 0.00054164876623547659 0.00000000099999999999 0.26292913775051307557 0.01325098130882560420 0.00000027197266714582 0.08985990216066037928 0.21603375847834410672 
0.00000000099999999998 0.25902264521570733669 0.19099118799122732915 0.02271235354815395041 0.00000000099999999998 0.03824422928656123072 0.18454183673524654496 0.04580579107480709650 0.00000026983733287888 0.10200368960081050707 0.15667799471015300683 
0.00000000099999999988 0.99999999000000017180 0.00000000099999999988 0.00000000099999999988 0.00000000099999999988 0.00000000099999999988 0.00000000099999999988 0.00000000099999999988 0.00000000099999999988 0.00000000099999999988 0.00000000099999999988 
0.00000000099999999998 0.32957575606030964366 0.00000000099999999998 0.00000000099999999998 0.00000000099999999998 0.00000000099999999998 0.23641521067655693611 0.00631476744872838842 0.20961234831521891042 0.16604082006443315889 0.05204109243475277952 
0.00000000099999999998 0.32399338234174196449 0.37156732779625606389 0.00000000099999999998 0.00000000099999999998 0.00000000099999999998 0.28628426150330632538 0.00000000099999999998 0.00000739959505876286 0.00000000099999999998 0.01814762276363700993 
0.00000000099999999996 0.29806676310046792411 0.11333077673645021444 0.00000000099999999996 0.00000000099999999996 0.00000000099999999996 0.21349451713534603470 0.00000000099999999996 0.13662850445249202780 0.06775016755279240910 0.17072926602245125371 
0.00000000099999999997 0.25234195732913627941 0.12219640584946116213 0.00000000099999999997 0.00000000099999999997 0.00000000099999999997 0.39149064693032809004 0.00000000099999999997 0.00000000099999999997 0.05964646718200992959 0.17432451670906431995 
0.00000000099999999993 0.03042237205265092143 0.00000000099999999993 0.00000000099999999993 0.00000000099999999993 0.96957761894734906249 0.00000000099999999993 0.00000000099999999993 0.00000000099999999993 0.00000000099999999993 0.00000000099999999993 
0.00000000099999999994 0.00000000099999999994 0.35175328292998064850 0.00000000099999999994 0.00000000099999999994 0.00000000099999999994 0.64823323534633237042 0.00000000099999999994 0.00000000099999999994 0.00001347372368694605 0.00000000099999999994 
0.00000000099999999921 0.00000000099999999921 0.00000000099999999921 0.00000000099999999921 0.00000000099999999921 0.00000000099999999921 0.00000000099999999921 0.99999998999999994975 0.00000000099999999921 0.00000000099999999921 0.00000000099999999921 
0.00000000099999999996 0.19899988748388480753 0.22521362904646460845 0.00000000099999999996 0.00000000099999999996 0.01054790979907620913 0.23063515770408909988 0.00000000099999999996 0.27341559791410796620 0.06118781305237722123 0.00000000099999999996 
0.00000000099999999996 0.39429068939084777057 0.00000000099999999996 0.00000000099999999996 0.00000000099999999996 0.00000000099999999996 0.28229418325603800044 0.00000000099999999996 0.32341511935311412218 0.00000000099999999996 0.00000000099999999996 
0.00000000099999999956 0.00000000099999999956 0.00000000099999999956 0.99999999000000017180 0.00000000099999999956 0.00000000099999999956 0.00000000099999999956 0.00000000099999999956 0.00000000099999999956 0.00000000099999999956 0.00000000099999999956 
0.00000000099999999954 0.00000000099999999954 0.00000000099999999954 0.99999999000000017180 0.00000000099999999954 0.00000000099999999954 0.00000000099999999954 0.00000000099999999954 0.00000000099999999954 0.00000000099999999954 0.00000000099999999954 
0.00000000099999999985 0.00000000099999999985 0.00000000099999999985 0.00000000099999999985 0.00000000099999999985 0.00000000099999999985 0.00000000099999999985 0.00000000099999999985 0.99999999000000006077 0.00000000099999999985 0.00000000099999999985 
0.00000000099999999984 0.00000000099999999984 0.00000000099999999984 0.00000000099999999984 0.00000000099999999984 0.00000000099999999984 0.00000000099999999984 0.00000000099999999984 0.00000000099999999984 0.00000000099999999984 0.99999998999999994975 
0.00000000099999999997 0.34656914899996538182 0.20769058332984113857 0.00000000099999999997 0.00000000099999999997 0.00717170996825200989 0.40939297582289257971 0.02227982853818324949 0.00000002430394901799 0.00689572503691673628 0.00000000099999999997 
0.00000000099999999976 0.00000000099999999976 0.00000000099999999976 0.00000000099999999976 0.00000000099999999976 0.73711665422307370843 0.00000000099999999976 0.26288333677692637957 0.00000000099999999976 0.00000000099999999976 0.00000000099999999976 
0.00000000099999999952 0.00000000099999999952 0.00000000099999999952 0.36093810323478975333 0.00000000099999999952 0.00000000099999999952 0.00000000099999999952 0.63906188776521011263 0.00000000099999999952 0.00000000099999999952 0.00000000099999999952 
0.00000000099999999986 0.99999999000000017180 0.00000000099999999986 0.00000000099999999986 0.00000000099999999986 0.00000000099999999986 0.00000000099999999986 0.00000000099999999986 0.00000000099999999986 0.00000000099999999986 0.00000000099999999986 
0.99999999000000017180 0.00000000099999999938 0.00000000099999999938 0.00000000099999999938 0.00000000099999999938 0.00000000099999999938 0.00000000099999999938 0.00000000099999999938 0.00000000099999999938 0.00000000099999999938 0.00000000099999999938 
0.99999999000000028282 0.00000000099999999931 0.00000000099999999931 0.00000000099999999931 0.00000000099999999931 0.00000000099999999931 0.00000000099999999931 0.00000000099999999931 0.00000000099999999931 0.00000000099999999931 0.00000000099999999931 
0.00000000099999999930 0.00000000099999999930 0.00000000099999999930 0.00000000099999999930 0.99999999000000006077 0.00000000099999999930 0.00000000099999999930 0.00000000099999999930 0.00000000099999999930 0.00000000099999999930 0.00000000099999999930 
0.00000000099999999958 0.00000000099999999958 0.00000000099999999958 0.99999999000000017180 0.00000000099999999958 0.00000000099999999958 0.00000000099999999958 0.00000000099999999958 0.00000000099999999958 0.00000000099999999958 0.00000000099999999958 
0.00000000099999999951 0.00000000099999999951 0.00000000099999999951 0.99999999000000006077 0.00000000099999999951 0.00000000099999999951 0.00000000099999999951 0.00000000099999999951 0.00000000099999999951 0.00000000099999999951 0.00000000099999999951 
0.00000000099999999994 0.00000000099999999994 0.52010446834933954374 0.00000000099999999994 0.00000000099999999994 0.00000000099999999994 0.15777900411017187210 0.00000000099999999994 0.32211651954048864388 0.00000000099999999994 0.00000000099999999994 
0.00000000099999999994 0.00000073739557779268 0.00000000099999999994 0.00000000099999999994 0.00000000099999999994 0.99999925360442221134 0.00000000099999999994 0.00000000099999999994 0.00000000099999999994 0.00000000099999999994 0.00000000099999999994 
0.00000000099999999954 0.00000000099999999954 0.00000000099999999954 0.99999999000000006077 0.00000000099999999954 0.00000000099999999954 0.00000000099999999954 0.00000000099999999954 0.00000000099999999954 0.00000000099999999954 0.00000000099999999954 
0.00000000099999999998 0.27660138208478973754 0.00000000099999999998 0.00584736871536935005 0.00000000099999999998 0.00000000099999999998 0.30648139535246798904 0.02891320899418040047 0.38215663885319245408 0.00000000099999999998 0.00000000099999999998 
0.00000000099999999990 0.00000000099999999990 0.00000000099999999990 0.00000000099999999990 0.00000000099999999990 0.99999999000000006077 0.00000000099999999990 0.00000000099999999990 0.00000000099999999990 0.00000000099999999990 0.00000000099999999990 
0.00000000099999999959 0.00000000099999999959 0.00000000099999999959 0.99999999000000006077 0.00000000099999999959 0.00000000099999999959 0.00000000099999999959 0.00000000099999999959 0.00000000099999999959 0.00000000099999999959 0.00000000099999999959 
0.00000000099999999997 0.42321270928174375969 0.19204764160399259709 0.00000000099999999997 0.00000000099999999997 0.00000000099999999997 0.00000000099999999997 0.00830151833073571217 0.37643812378352808912 0.00000000099999999997 0.00000000099999999997 
0.00000000099999999954 0.00000000099999999954 0.00000000099999999954 0.99999999000000006077 0.00000000099999999954 0.00000000099999999954 0.00000000099999999954 0.00000000099999999954 0.00000000099999999954 0.00000000099999999954 0.00000000099999999954 
0.00000000099999999992 0.00000000099999999992 0.00000000099999999992 0.00000000099999999992 0.00000000099999999992 0.99999999000000017180 0.00000000099999999992 0.00000000099999999992 0.00000000099999999992 0.00000000099999999992 0.00000000099999999992 
0.00000000099999999986 0.00000000099999999986 0.00000000099999999986 0.00000000099999999986 0.00000000099999999986 0.99999999000000006077 0.00000000099999999986 0.00000000099999999986 0.00000000099999999986 0.00000000099999999986 0.00000000099999999986 
0.00000000099999999948 0.00000000099999999948 0.00000000099999999948 0.99999999000000006077 0.00000000099999999948 0.00000000099999999948 0.00000000099999999948 0.00000000099999999948 0.00000000099999999948 0.00000000099999999948 0.00000000099999999948 
0.00000000099999999953 0.00000000099999999953 0.00000000099999999953 0.99999999000000017180 0.00000000099999999953 0.00000000099999999953 0.00000000099999999953 0.00000000099999999953 0.00000000099999999953 0.00000000099999999953 0.00000000099999999953 
0.00000000099999999992 0.00000000099999999992 0.00000000099999999992 0.00000000099999999992 0.00000000099999999992 0.99999999000000017180 0.00000000099999999992 0.00000000099999999992 0.00000000099999999992 0.00000000099999999992 0.00000000099999999992 
0.00000000099999999993 0.00000000099999999993 0.00000000099999999993 0.00000000099999999993 0.00000000099999999993 0.99999999000000017180 0.00000000099999999993 0.00000000099999999993 0.00000000099999999993 0.00000000099999999993 0.00000000099999999993 
0.00000000099999999994 0.00000000099999999994 0.00288901067018497220 0.00000000099999999994 0.00000000099999999994 0.99301431462976119668 0.00000000099999999994 0.00000000099999999994 0.00409666670005403872 0.00000000099999999994 0.00000000099999999994 
0.00000000099999999961 0.00000000099999999961 0.00000000099999999961 0.99999999000000006077 0.00000000099999999961 0.00000000099999999961 0.00000000099999999961 0.00000000099999999961 0.00000000099999999961 0.00000000099999999961 0.00000000099999999961 
0.00000000099999999998 0.00000000099999999998 0.36617366333258244415 0.00630613987697114641 0.00000000099999999998 0.02748899345977201883 0.24140486191221058321 0.01760832936961186784 0.00000000099999999998 0.02273970625525797984 0.31827830179359395402 
0.00000000099999999988 0.00000000099999999988 0.00000000099999999988 0.00000000099999999988 0.00000000099999999988 0.00000000099999999988 0.99999998999999994975 0.00000000099999999988 0.00000000099999999988 0.00000000099999999988 0.00000000099999999988 
0.00000000099999999994 0.42323591228020096544 0.00000000153260651097 0.00000000099999999994 0.00000000099999999994 0.00000000099999999994 0.00000000099999999994 0.00000000099999999994 0.33793857350443656795 0.23822275094932804373 0.00060275573342785346 
0.00000000099999999994 0.00000000099999999994 0.00000000099999999994 0.00000000099999999994 0.00000000099999999994 0.00000000099999999994 0.50157817754209699235 0.00000000099999999994 0.00000000099999999994 0.00000000099999999994 0.49842181345790298463 
0.00000000099999999992 0.00000000099999999992 0.00000000099999999992 0.00000000099999999992 0.00000000099999999992 0.99999999000000017180 0.00000000099999999992 0.00000000099999999992 0.00000000099999999992 0.00000000099999999992 0.00000000099999999992 
0.00000000099999999999 0.19358223736753421562 0.20274823199097566362 0.00001766177181994581 0.00000000099999999999 0.00000000099999999999 0.26678384056377296707 0.00057820328733509323 0.00000000099999999999 0.11767425267330625105 0.21861556834525591730 
0.47104644737526768505 0.00000000099999999948 0.00000000099999999948 0.00000000099999999948 0.52895354362473234744 0.00000000099999999948 0.00000000099999999948 0.00000000099999999948 0.00000000099999999948 0.00000000099999999948 0.00000000099999999948 
0.00000000099999999992 0.00000000099999999992 0.63035707890325876068 0.00000000099999999992 0.00000000099999999992 0.00000000099999999992 0.36964291209674138283 0.00000000099999999992 0.00000000099999999992 0.00000000099999999992 0.00000000099999999992 
0.61806341307977274990 0.00000000099999999948 0.00000000099999999948 0.00000000099999999948 0.38193657792022750463 0.00000000099999999948 0.00000000099999999948 0.00000000099999999948 0.00000000099999999948 0.00000000099999999948 0.00000000099999999948 
0.00000000099999999998 0.21765886483063351386 0.22045049562867599646 0.00000000099999999998 0.00000000099999999998 0.01041920456330031400 0.18970998448341375164 0.06989472850290318062 0.04013583299150921130 0.00006543681588699298 0.25166544918367700356 
0.00000000099999999937 0.00000000099999999937 0.00000000099999999937 0.00000000099999999937 0.99999999000000006077 0.00000000099999999937 0.00000000099999999937 0.00000000099999999937 0.00000000099999999937 0.00000000099999999937 0.00000000099999999937 
0.00000000099999999988 0.99999999000000028282 0.00000000099999999988 0.00000000099999999988 0.00000000099999999988 0.00000000099999999988 0.00000000099999999988 0.00000000099999999988 0.00000000099999999988 0.00000000099999999988 0.00000000099999999988 
0.00000000099999999989 0.99999999000000017180 0.00000000099999999989 0.00000000099999999989 0.00000000099999999989 0.00000000099999999989 0.00000000099999999989 0.00000000099999999989 0.00000000099999999989 0.00000000099999999989 0.00000000099999999989 
0.00000000099999999989 0.00000000099999999989 0.00000000099999999989 0.00000000099999999989 0.00000000099999999989 0.99999999000000017180 0.00000000099999999989 0.00000000099999999989 0.00000000099999999989 0.00000000099999999989 0.00000000099999999989 
0.00000000099999999985 0.99999999000000028282 0.00000000099999999985 0.00000000099999999985 0.00000000099999999985 0.00000000099999999985 0.00000000099999999985 0.00000000099999999985 0.00000000099999999985 0.00000000099999999985 0.00000000099999999985 
0.36678717834951146681 0.00000000099999999950 0.00000000099999999950 0.00000000099999999950 0.63321281265048856568 0.00000000099999999950 0.00000000099999999950 0.00000000099999999950 0.00000000099999999950 0.00000000099999999950 0.00000000099999999950 
0.00000000099999999939 0.00000000099999999939 0.00000000099999999939 0.00000000099999999939 0.99999999000000017180 0.00000000099999999939 0.00000000099999999939 0.00000000099999999939 0.00000000099999999939 0.00000000099999999939 0.00000000099999999939 
0.00000000099999999985 0.00000000099999999985 0.00000000099999999985 0.00000000099999999985 0.00000000099999999985 0.00000000099999999985 0.00000000099999999985 0.00000000099999999985 0.99999998999999994975 0.00000000099999999985 0.00000000099999999985 
0.00000000099999999991 0.00000000099999999991 0.00000000099999999991 0.00000000099999999991 0.00000000099999999991 0.99999999000000006077 0.00000000099999999991 0.00000000099999999991 0.00000000099999999991 0.00000000099999999991 0.00000000099999999991 
0.00000000099999999962 0.00000000099999999962 0.00000000099999999962 0.99999999000000017180 0.00000000099999999962 0.00000000099999999962 0.00000000099999999962 0.00000000099999999962 0.00000000099999999962 0.00000000099999999962 0.00000000099999999962 
0.00000000099999999991 0.00000000099999999991 0.00000000099999999991 0.00000000099999999991 0.00000000099999999991 0.99999999000000006077 0.00000000099999999991 0.00000000099999999991 0.00000000099999999991 0.00000000099999999991 0.00000000099999999991 
0.00000000099999999998 0.21035319521309200907 0.23870027624045780934 0.00000000099999999998 0.00000000099999999998 0.02238227108160047510 0.00000000099999999998 0.00000000099999999998 0.00097740893290420021 0.12773844494039557351 0.39984839859154974739 
0.99999999000000028282 0.00000000099999999936 0.00000000099999999936 0.00000000099999999936 0.00000000099999999936 0.00000000099999999936 0.00000000099999999936 0.00000000099999999936 0.00000000099999999936 0.00000000099999999936 0.00000000099999999936 
0.00000000099999999944 0.00000000099999999944 0.00000000099999999944 0.99999999000000006077 0.00000000099999999944 0.00000000099999999944 0.00000000099999999944 0.00000000099999999944 0.00000000099999999944 0.00000000099999999944 0.00000000099999999944 
0.00000000099999999945 0.00000000099999999945 0.00000000099999999945 0.00000000099999999945 0.99999999000000017180 0.00000000099999999945 0.00000000099999999945 0.00000000099999999945 0.00000000099999999945 0.00000000099999999945 0.00000000099999999945 
0.00000000099999999986 0.00000000099999999986 0.00000000099999999986 0.00000000099999999986 0.00000000099999999986 0.00000000099999999986 0.99999999000000006077 0.00000000099999999986 0.00000000099999999986 0.00000000099999999986 0.00000000099999999986 
0.00000000099999999986 0.00000000099999999986 0.00000000099999999986 0.00000000099999999986 0.00000000099999999986 0.99999999000000006077 0.00000000099999999986 0.00000000099999999986 0.00000000099999999986 0.00000000099999999986 0.00000000099999999986 
0.00000000099999999990 0.00000000099999999990 0.00000000099999999990 0.00000000099999999990 0.00000000099999999990 0.99999999000000017180 0.00000000099999999990 0.00000000099999999990 0.00000000099999999990 0.00000000099999999990 0.00000000099999999990 
0.00000000099999999989 0.00000000099999999989 0.82528183053111936474 0.00000000099999999989 0.00000000099999999989 0.17471816046888072327 0.00000000099999999989 0.00000000099999999989 0.00000000099999999989 0.00000000099999999989 0.00000000099999999989 
0.00000000099999999998 0.00000000099999999998 0.00000000099999999998 0.00070851342086770508 0.00000000099999999998 0.00000000099999999998 0.83468612803836272906 0.00734756698507742223 0.00000000099999999998 0.00000000099999999998 0.15725778455569228154 
0.00000000099999999986 0.00000000099999999986 0.00000000099999999986 0.00000000099999999986 0.00000000099999999986 0.00000000099999999986 0.99999999000000006077 0.00000000099999999986 0.00000000099999999986 0.00000000099999999986 0.00000000099999999986 
0.00000000099999999996 0.49963403316200183379 0.00000000099999999996 0.00000000099999999996 0.00000000099999999996 0.00000000099999999996 0.00000000099999999996 0.00000000099999999996 0.34599473435315181158 0.00000000311105910803 0.15437122237378719802 
0.00000000099999999995 0.00000000099999999995 0.47627352528557753697 0.00000000099999999995 0.00000000099999999995 0.00000000099999999995 0.00000000099999999995 0.01026573590478484753 0.51346073080963750002 0.00000000099999999995 0.00000000099999999995 
0.00000000099999999995 0.32224563575148601480 0.00000000099999999995 0.00000000099999999995 0.00000000099999999995 0.00000000099999999995 0.25404661545727869054 0.00000000099999999995 0.00000000099999999995 0.00753401373057025793 0.41617372806066493807 
0.00000000099999999996 0.23535948080684740424 0.26719747942859300993 0.00000000099999999996 0.00000000099999999996 0.00000000099999999996 0.21551137171700177064 0.01495735784577238714 0.18514271774473819998 0.08183158745704741110 0.00000000099999999996 
0.00000000099999999996 0.00000000099999999996 0.25890593479144213829 0.00000000099999999996 0.00000000099999999996 0.00000000099999999996 0.20892431017359963663 0.00000000099999999996 0.16375662289531336957 0.00000000099999999996 0.36841312513964485920 
0.00000000099999999997 0.25051579413068475466 0.10149800435336489568 0.00000000099999999997 0.00000000099999999997 0.03140580632815059836 0.42417824439208334786 0.00000000099999999997 0.00000000099999999997 0.00000000099999999997 0.19240214479571646211 
0.00000000099999999992 0.00000000099999999992 0.00000000099999999992 0.00000000099999999992 0.00000000099999999992 0.99999999000000006077 0.00000000099999999992 0.00000000099999999992 0.00000000099999999992 0.00000000099999999992 0.00000000099999999992 
0.00000000099999999997 0.00000000099999999997 0.00000000099999999997 0.00000000099999999997 0.00000000099999999997 0.98094403815427044790 0.00000000099999999997 0.00000000099999999997 0.00000000650187275241 0.00000000099999999997 0.01905594734385692920 
0.64349309359435979960 0.00000000099999999966 0.00000000099999999966 0.00000000099999999966 0.35650689740564056596 0.00000000099999999966 0.00000000099999999966 0.00000000099999999966 0.00000000099999999966 0.00000000099999999966 0.00000000099999999966 
0.00000000099999999994 0.00000000099999999994 0.00000000099999999994 0.00000000099999999994 0.00000000099999999994 0.99999999000000006077 0.00000000099999999994 0.00000000099999999994 0.00000000099999999994 0.00000000099999999994 0.00000000099999999994 
0.00000000099999999996 0.00000000099999999996 0.00000000099999999996 0.00000000099999999996 0.00000000099999999996 0.98285789409194235233 0.00000000099999999996 0.01497156569109363636 0.00217052688016513900 0.00000000099999999996 0.00000000633679907952 
0.00000000099999999998 0.37093448344997553834 0.24228798813054006067 0.00201067948306917540 0.00000000099999999998 0.00855184723815007215 0.15633874833062103016 0.00000000099999999998 0.09260618309400238390 0.05940902173885535820 0.06786104553478641832 
0.00000000099999999928 0.00000000099999999928 0.00000000099999999928 0.00000000099999999928 0.99999999000000006077 0.00000000099999999928 0.00000000099999999928 0.00000000099999999928 0.00000000099999999928 0.00000000099999999928 0.00000000099999999928 
0.00000000099999999997 0.00000000099999999997 0.00000000099999999997 0.00000000099999999997 0.00000000099999999997 0.00000000099999999997 0.27710015354610012528 0.00000000099999999997 0.31669964282603796368 0.00001993644169084145 0.40618026018617103823 
0.00000000099999999997 0.00000040118131931525 0.30221066151582776094 0.00000000099999999997 0.00000000099999999997 0.00000000099999999997 0.26244514988926759269 0.00000000099999999997 0.27098915274882207083 0.10241158580328126038 0.06194304386148187513 
0.00000000099999999988 0.99999999000000017180 0.00000000099999999988 0.00000000099999999988 0.00000000099999999988 0.00000000099999999988 0.00000000099999999988 0.00000000099999999988 0.00000000099999999988 0.00000000099999999988 0.00000000099999999988 
0.00000000099999999999 0.37818821896012966288 0.21547329878897930611 0.00000000099999999999 0.00000000099999999999 0.00879106901532806032 0.17907977520961407270 0.02698191484643336358 0.00000000099999999999 0.00000000099999999999 0.19148571817951570706 
0.00000000099999999980 0.00000000099999999980 0.00000000099999999980 0.00000000099999999980 0.00000000099999999980 0.00000000099999999980 0.00000000099999999980 0.00000000099999999980 0.99999998999999994975 0.00000000099999999980 0.00000000099999999980 
0.00000000099999999987 0.00000000099999999987 0.00000000099999999987 0.00000000099999999987 0.00000000099999999987 0.00000000099999999987 0.99999999000000006077 0.00000000099999999987 0.00000000099999999987 0.00000000099999999987 0.00000000099999999987 
0.00000000099999999998 0.50101044925224214044 0.00000000099999999998 0.00000000099999999998 0.00000000099999999998 0.00000000099999999998 0.20173597423618322422 0.01238750493571486207 0.18108863506031008805 0.00000000099999999998 0.10377743051554987053 
0.00000000099999999973 0.00000000099999999973 0.00000000099999999973 0.00000000099999999973 0.00000000099999999973 0.00000000099999999973 0.00000000099999999973 0.00000000099999999973 0.00000000099999999973 0.99999998999999994975 0.00000000099999999973 
0.00000000099999999999 0.46472485130115764873 0.12033675592698885037 0.02913836339281122498 0.00000000099999999999 0.00000000099999999999 0.27696550560463895074 0.00000000099999999999 0.00000000099999999999 0.00000000099999999999 0.10883451777440343589 
0.00000000099999999998 0.20630367217626835452 0.00867708842501250209 0.00514237615731674095 0.00000000099999999998 0.00000000099999999998 0.41596935377840676962 0.00667437853602236703 0.22479123660709518506 0.00000000099999999998 0.13244189031987813054 
0.00000000099999999995 0.34297693597989475922 0.00000002240302204470 0.00000000099999999995 0.00000000099999999995 0.00000000099999999995 0.35067428207630468862 0.00000000099999999995 0.00036299300902838729 0.00000000099999999995 0.30598576053175002842 
0.00000000099999999999 0.35524266770556112149 0.00000000099999999999 0.01606906835777478781 0.00000000099999999999 0.01347619717510056998 0.40799357202281127943 0.02164408106365022649 0.12645316838278772287 0.05912124129231412228 0.00000000099999999999 
0.00000000099999999980 0.00000000099999999980 0.00000000099999999980 0.00000000099999999980 0.00000000099999999980 0.00000000099999999980 0.00000000099999999980 0.00000000099999999980 0.99999999000000006077 0.00000000099999999980 0.00000000099999999980 
0.00000000099999999983 0.00000000099999999983 0.99999999000000017180 0.00000000099999999983 0.00000000099999999983 0.00000000099999999983 0.00000000099999999983 0.00000000099999999983 0.00000000099999999983 0.00000000099999999983 0.00000000099999999983 
0.00000000099999999997 0.29542551164476715808 0.32067324238741345965 0.00000000099999999997 0.00000000099999999997 0.00000000099999999997 0.00003000643038001504 0.01047015627197987742 0.16017921691820860564 0.00000000099999999997 0.21322186134725096274 
0.00000000099999999996 0.23695824849894561726 0.00000000099999999996 0.00000000099999999996 0.00000000099999999996 0.00936747372264157795 0.41713674799497979517 0.05609981511567948415 0.00000000099999999996 0.00000000099999999996 0.28043770866775352690 
0.00000000099999999998 0.28268642893974421648 0.23616856887816356503 0.00000000099999999998 0.00000000099999999998 0.00000000099999999998 0.17056807374385726805 0.00000000099999999998 0.17459760130412396717 0.13597932113411104194 0.00000000099999999998 
0.00000000099999999998 0.20133277482020542348 0.11838693400700427139 0.00000000099999999998 0.00000000099999999998 0.03099328017010117772 0.31932921120884494304 0.02361225290803299279 0.01368505197607355894 0.08513826062164134290 0.20752223128809613173 
0.00000000099999999997 0.14650410613967981832 0.24341857853094109321 0.00000000099999999997 0.00000000099999999997 0.00000000099999999997 0.00000000099999999997 0.00355261719947913036 0.15490335204954047699 0.12010627102334438254 0.33151507005701497111 
0.00000000099999999995 0.44118354359231853890 0.00000000099999999995 0.00000000099999999995 0.00000000099999999995 0.00661886016857808363 0.00000000099999999995 0.00000000099999999995 0.29863624576815556155 0.14420247136081790207 0.10935887311012963685 
0.07060587843981205869 0.08784665935492641520 0.20703855561922793194 0.00000000100000000000 0.00000000100000000000 0.00000083995422835656 0.35763275164992525124 0.05894008100923511795 0.03190961838816339796 0.00000000100000000000 0.18602561258448160886 
0.00000000099999999996 0.43122286798092118731 0.00000192420628266193 0.00000000099999999996 0.00000000099999999996 0.00000000099999999996 0.34637101356229005322 0.00000000099999999996 0.22240418721632410071 0.00000000099999999996 0.00000000103418189586 
0.00000000099999999981 0.00000000099999999981 0.00000000099999999981 0.00000000099999999981 0.00000000099999999981 0.00000000099999999981 0.00000000099999999981 0.00000000099999999981 0.99999998999999994975 0.00000000099999999981 0.00000000099999999981 
0.00000000099999999995 0.33989063630676175087 0.00000000099999999995 0.00000000099999999995 0.00000000099999999995 0.00000000099999999995 0.00000000099999999995 0.02545282801738483341 0.24142918210083344488 0.08213805481394442776 0.31108929276107555317 
0.00000000099999999997 0.17935313387909332383 0.14708866187448627061 0.00991804170218273107 0.00000000099999999997 0.00000000099999999997 0.32289376995420976391 0.02055293695979148669 0.00000000099999999997 0.00000000099999999997 0.32019345063023652020 
0.00000000099999999996 0.20687116355232354481 0.00000000099999999996 0.00000000099999999996 0.00000000099999999996 0.00000004619908251692 0.33999887490900820852 0.02964165755313467182 0.30723990793674005317 0.11624834484971104109 0.00000000099999999996 
0.00000000099999999989 0.00000000099999999989 0.00000000099999999989 0.00000000099999999989 0.00000000099999999989 0.00000000099999999989 0.00000000099999999989 0.00000000099999999989 0.00000000099999999989 0.00000000099999999989 0.99999999000000006077 
0.00000000099999999998 0.15293479006129762077 0.06540025235901046619 0.00000000099999999998 0.00000000099999999998 0.00000000099999999998 0.17352570125436461712 0.03054593899174125674 0.27416502876414300394 0.05907784108026244152 0.24435044348918066870 
0.00000000099999999987 0.99999999000000028282 0.00000000099999999987 0.00000000099999999987 0.00000000099999999987 0.00000000099999999987 0.00000000099999999987 0.00000000099999999987 0.00000000099999999987 0.00000000099999999987 0.00000000099999999987 
0.00000000099999999982 0.00000000099999999982 0.99999999000000017180 0.00000000099999999982 0.00000000099999999982 0.00000000099999999982 0.00000000099999999982 0.00000000099999999982 0.00000000099999999982 0.00000000099999999982 0.00000000099999999982 
0.00000000099999999990 0.00000000099999999990 0.00000000099999999990 0.00000000099999999990 0.00000000099999999990 0.99999999000000006077 0.00000000099999999990 0.00000000099999999990 0.00000000099999999990 0.00000000099999999990 0.00000000099999999990 
0.00000000099999999995 0.00000000099999999995 0.00000000099999999995 0.00000000099999999995 0.00000000099999999995 0.97123467107036787205 0.00000000099999999995 0.00000000099999999995 0.00000000099999999995 0.00000000099999999995 0.02876531992963225412 
0.00000000099999999944 0.00000000099999999944 0.00000000099999999944 0.00000000099999999944 0.99999999000000017180 0.00000000099999999944 0.00000000099999999944 0.00000000099999999944 0.00000000099999999944 0.00000000099999999944 0.00000000099999999944 
0.00000000099999999947 0.00000000099999999947 0.00000000099999999947 0.99999999000000017180 0.00000000099999999947 0.00000000099999999947 0.00000000099999999947 0.00000000099999999947 0.00000000099999999947 0.00000000099999999947 0.00000000099999999947 
0.00000000099999999998 0.00000000099999999998 0.00000000099999999998 0.03057521159451062967 0.00000000099999999998 0.89374643742853598916 0.00000000099999999998 0.07567833684967237295 0.00000000712728098948 0.00000000099999999998 0.00000000099999999998 
0.00000000099999999997 0.19897440133817542729 0.31052960966468851067 0.00000000099999999997 0.00000000099999999997 0.00000000099999999997 0.15547566445971389149 0.00000000099999999997 0.18484780764920247242 0.02428458496891473112 0.12588792691930505985 
0.00000000099999999997 0.35531697974514292460 0.38301536515799045057 0.00000000099999999997 0.00000000099999999997 0.00000000099999999997 0.19127197917799693139 0.00000000099999999997 0.00000000099999999997 0.07039566891886986366 0.00000000099999999997 
0.00000000099999999996 0.00000000099999999996 0.00000000099999999996 0.00138078485378950169 0.00000000099999999996 0.96463471905542474971 0.00000000099999999996 0.00000000099999999996 0.00000000099999999996 0.03398448809078577493 0.00000000099999999996 
0.00000000099999999997 0.00000000099999999997 0.29640839712733335620 0.00000000099999999997 0.00000000099999999997 0.00000000099999999997 0.24970980498475087161 0.00000000099999999997 0.08734018754195310708 0.00000000099999999997 0.36654160334596253001 
0.00000000099999999985 0.00000000099999999985 0.00000000099999999985 0.00000000099999999985 0.00000000099999999985 0.00000000099999999985 0.00000000099999999985 0.00000000099999999985 0.00000000099999999985 0.00000000099999999985 0.99999999000000006077 
0.00000000099999999988 0.00000000099999999988 0.00000000099999999988 0.00000000099999999988 0.00000000099999999988 0.00000000099999999988 0.99999998999999994975 0.00000000099999999988 0.00000000099999999988 0.00000000099999999988 0.00000000099999999988 
0.00000000099999999935 0.00000000099999999935 0.00000000099999999935 0.00000000099999999935 0.99999999000000017180 0.00000000099999999935 0.00000000099999999935 0.00000000099999999935 0.00000000099999999935 0.00000000099999999935 0.00000000099999999935 
0.00000000099999999936 0.00000000099999999936 0.00000000099999999936 0.00000000099999999936 0.99999999000000017180 0.00000000099999999936 0.00000000099999999936 0.00000000099999999936 0.00000000099999999936 0.00000000099999999936 0.00000000099999999936 
0.37012698151953465908 0.00000000099999999938 0.00000000099999999938 0.00000000099999999938 0.62987300948046542892 0.00000000099999999938 0.00000000099999999938 0.00000000099999999938 0.00000000099999999938 0.00000000099999999938 0.00000000099999999938 
0.99999999000000028282 0.00000000099999999933 0.00000000099999999933 0.00000000099999999933 0.00000000099999999933 0.00000000099999999933 0.00000000099999999933 0.00000000099999999933 0.00000000099999999933 0.00000000099999999933 0.00000000099999999933 
0.99999999000000028282 0.00000000099999999933 0.00000000099999999933 0.00000000099999999933 0.00000000099999999933 0.00000000099999999933 0.00000000099999999933 0.00000000099999999933 0.00000000099999999933 0.00000000099999999933 0.00000000099999999933 
0.00000000099999999994 0.00000000099999999994 0.00000000099999999994 0.00000000099999999994 0.00000000099999999994 0.97405932529257299723 0.02594066570742708730 0.00000000099999999994 0.00000000099999999994 0.00000000099999999994 0.00000000099999999994 
0.00000000099999999997 0.00000000099999999997 0.43657262739910551730 0.00000000099999999997 0.00000000099999999997 0.00000000099999999997 0.29162194545426101122 0.01484605326127579929 0.00000000099999999997 0.00000000099999999997 0.25695936688535769843 
0.99999999000000017180 0.00000000099999999934 0.00000000099999999934 0.00000000099999999934 0.00000000099999999934 0.00000000099999999934 0.00000000099999999934 0.00000000099999999934 0.00000000099999999934 0.00000000099999999934 0.00000000099999999934 
0.00000000099999999940 0.00000000099999999940 0.00000000099999999940 0.00000000099999999940 0.99999999000000006077 0.00000000099999999940 0.00000000099999999940 0.00000000099999999940 0.00000000099999999940 0.00000000099999999940 0.00000000099999999940 
0.00000000099999999944 0.00000000099999999944 0.00000000099999999944 0.99999999000000006077 0.00000000099999999944 0.00000000099999999944 0.00000000099999999944 0.00000000099999999944 0.00000000099999999944 0.00000000099999999944 0.00000000099999999944 
0.00000000099999999945 0.00000000099999999945 0.00000000099999999945 0.99999999000000017180 0.00000000099999999945 0.00000000099999999945 0.00000000099999999945 0.00000000099999999945 0.00000000099999999945 0.00000000099999999945 0.00000000099999999945 
0.00000000099999999969 0.00000000099999999969 0.00000000099999999969 0.00000000099999999969 0.00000000099999999969 0.00000000099999999969 0.00000000099999999969 0.00000000099999999969 0.00000000099999999969 0.99999998999999994975 0.00000000099999999969 
0.00000000099999999935 0.00000000099999999935 0.00000000099999999935 0.00000000099999999935 0.99999999000000017180 0.00000000099999999935 0.00000000099999999935 0.00000000099999999935 0.00000000099999999935 0.00000000099999999935 0.00000000099999999935 
0.00000000099999999986 0.00000000099999999986 0.00000000099999999986 0.00000000099999999986 0.00000000099999999986 0.00000000099999999986 0.00000000099999999986 0.00000000099999999986 0.00000000099999999986 0.00000000099999999986 0.99999998999999994975 
0.00000000099999999995 0.20144924878493791764 0.20148619623395697120 0.00000000099999999995 0.00000000099999999995 0.00000000099999999995 0.00000000099999999995 0.00000000099999999995 0.00000000099999999995 0.22179071102612918365 0.37527383695497568139 
0.00000000099999999994 0.00000000099999999994 0.00000000099999999994 0.00000000099999999994 0.00000000099999999994 0.93156923867976071385 0.00000000099999999994 0.00035855484425521573 0.00000000099999999994 0.06807219847598416917 0.00000000099999999994 
0.00000000099999999993 0.00000000099999999993 0.37331864227312078208 0.00000000099999999993 0.00000000099999999993 0.00000000099999999993 0.00000000099999999993 0.00000000099999999993 0.00000000099999999993 0.00000000099999999993 0.62668134872687897285 
