0.37309054958050608120 0.00000058691233564558 0.00000000099999999999 0.25410860622489822580 0.00000000099999999999 0.00000000099999999999 0.35586222554814556096 0.00000000099999999999 0.00000005263099363495 0.01693797510312071430 
0.00000000099999999983 0.00000000099999999983 0.00000000099999999983 0.00000000099999999983 0.00000000099999999983 0.00000000099999999983 0.00000000099999999983 0.99999999100000003249 0.00000000099999999983 0.00000000099999999983 
0.00000000099999999985 0.99999999100000014352 0.00000000099999999985 0.00000000099999999985 0.00000000099999999985 0.00000000099999999985 0.00000000099999999985 0.00000000099999999985 0.00000000099999999985 0.00000000099999999985 
0.32496918637192756529 0.00000000099999999998 0.00000000099999999998 0.25959823951987381907 0.00000000099999999998 0.00000000099999999998 0.28134523749746664922 0.04198927693419802348 0.09209805467653379984 0.00000000099999999998 
0.09675817870642153262 0.00000000099999999998 0.06696450299317931176 0.13079788180654333685 0.00000000099999999998 0.00000000099999999998 0.46356647655402305475 0.00000000099999999998 0.24191295493983278053 0.00000000099999999998 
0.00005971838100305263 0.00000000099999999997 0.00000000099999999997 0.61062959968554864076 0.00000000099999999997 0.00000000099999999997 0.36535718948191153732 0.02395348645153682829 0.00000000099999999997 0.00000000099999999997 
0.00000000099999999987 0.99999999100000014352 0.00000000099999999987 0.00000000099999999987 0.00000000099999999987 0.00000000099999999987 0.00000000099999999987 0.00000000099999999987 0.00000000099999999987 0.00000000099999999987 
0.00000000099999999983 0.00000000099999999983 0.00000000099999999983 0.00000000099999999983 0.00000000099999999983 0.00000000099999999983 0.00000000099999999983 0.99999999099999992147 0.00000000099999999983 0.00000000099999999983 
0.26221951641495644392 0.00000000099999999998 0.03140856228723545168 0.27990060454390580658 0.00000000099999999998 0.00000000099999999998 0.16910176248056310588 0.00000000099999999998 0.24647660150964337267 0.01089294876369589597 
0.00000000099999999991 0.66721397423075079480 0.00000000099999999991 0.00000000099999999991 0.00000000099999999991 0.00000000099999999991 0.00000000099999999991 0.33278601776924937594 0.00000000099999999991 0.00000000099999999991 
0.16351127319181354980 0.00000000099999999999 0.04543985425721900479 0.24769293542173378975 0.00000000099999999999 0.00000000099999999999 0.43241974546513167743 0.00187923018283813587 0.10726951817944517520 0.00178744030181864815 
0.12783991912270817326 0.01013416505049117254 0.00586724305883133592 0.44524803673796281567 0.00000000099999999997 0.00000000099999999997 0.40394234105158266512 0.00000583051591789114 0.00000000099999999997 0.00696246146250612419 
0.00000000099999999991 0.00000000099999999991 0.00000000099999999991 0.99999999100000003249 0.00000000099999999991 0.00000000099999999991 0.00000000099999999991 0.00000000099999999991 0.00000000099999999991 0.00000000099999999991 
0.19902804005515334351 0.00000031280190606345 0.01928622461465431467 0.35240594245504047732 0.00000000099999999999 0.00000000099999999999 0.23311986162145584278 0.00000001065243279951 0.18230125909240882387 0.01385834670694827478 
0.39697296011795285553 0.00000000099999999999 0.01149720026012626857 0.00000000099999999999 0.00627457412395850990 0.00000000099999999999 0.37370242749586246589 0.00000000099999999999 0.20321303750941413502 0.00833979649268573424 
0.14315622947143352706 0.00000000099999999998 0.04675961532573717078 0.22915673330617802872 0.00000000099999999998 0.00000000099999999998 0.32479322774228658322 0.05140837799873770875 0.18018033453553453094 0.02454547862009244866 
0.29105440387905251454 0.00000000099999999997 0.00144682595375382776 0.00000000099999999997 0.00000000099999999997 0.00000000099999999997 0.70749876030230229862 0.00000000099999999997 0.00000000386489128216 0.00000000099999999997 
0.29002362235297024506 0.00000000099999999998 0.01408191282358378996 0.28555254533397994576 0.00000000099999999998 0.00000000099999999998 0.15355760747371993702 0.00000000099999999998 0.25678430701574606054 0.00000000099999999998 
0.04542807964796007070 0.00000000099999999999 0.00000000099999999999 0.44880216552459911705 0.00000000099999999999 0.00000000099999999999 0.50367082228070902961 0.00000000099999999999 0.00000000099999999999 0.00209892654673181356 
0.00000020554541150026 0.00000000099999999993 0.00000000099999999993 0.00000000099999999993 0.00000000099999999993 0.00000000099999999993 0.48613928356890356852 0.00000000099999999993 0.51386050388568493830 0.00000000099999999993 
0.34826684186778694707 0.00000000099999999997 0.00000000099999999997 0.48701792415681088855 0.00000000099999999997 0.00000000099999999997 0.00721751494106830874 0.00000000099999999997 0.15749771303433390823 0.00000000099999999997 
0.00000000099999999988 0.00000000099999999988 0.00000000099999999988 0.00000000099999999988 0.00000000099999999988 0.00000000099999999988 0.00000000099999999988 0.99999999100000003249 0.00000000099999999988 0.00000000099999999988 
0.99999999100000014352 0.00000000099999999991 0.00000000099999999991 0.00000000099999999991 0.00000000099999999991 0.00000000099999999991 0.00000000099999999991 0.00000000099999999991 0.00000000099999999991 0.00000000099999999991 
0.00000000099999999928 0.00000000099999999928 0.99999999100000014352 0.00000000099999999928 0.00000000099999999928 0.00000000099999999928 0.00000000099999999928 0.00000000099999999928 0.00000000099999999928 0.00000000099999999928 
0.00000000099999999995 0.03115425758198570386 0.00000000099999999995 0.00000000114249208918 0.00000000099999999995 0.00000000099999999995 0.64212505542413622628 0.00000000099999999995 0.32672067985138597557 0.00000000099999999995 
0.23686692412030596611 0.00000000099999999997 0.01218200330063190159 0.22682361927798011525 0.00000000099999999997 0.00000000099999999997 0.44797406086727720176 0.00000000099999999997 0.07615338743380474507 0.00000000099999999997 
0.00000000099999999960 0.00000000099999999960 0.00000000099999999960 0.00000000099999999960 0.00000000099999999960 0.00000000099999999960 0.00000000099999999960 0.00000000099999999960 0.00000000099999999960 0.99999999099999992147 
0.00000000099999999959 0.00000000099999999959 0.00000000099999999959 0.00000000099999999959 0.00000000099999999959 0.00000000099999999959 0.00000000099999999959 0.00000000099999999959 0.00000000099999999959 0.99999999099999992147 
0.27751648980233462050 0.00000000099999999999 0.01983305456409736878 0.28091853064636368442 0.00000000099999999999 0.00000000099999999999 0.30091676569174607980 0.00000000099999999999 0.11518528867791791304 0.00562986661754049864 
0.00000061583914050570 0.00000000099999999996 0.01649574040786118065 0.30053318115976701552 0.00000000099999999996 0.00000000099999999996 0.67959712415743578351 0.00000000099999999996 0.00064258054069674607 0.00273075389509877444 
0.00000000099999999988 0.00000000099999999988 0.00000000099999999988 0.99999999100000003249 0.00000000099999999988 0.00000000099999999988 0.00000000099999999988 0.00000000099999999988 0.00000000099999999988 0.00000000099999999988 
0.00000000099999999979 0.71801972333344610266 0.28198026866655401257 0.00000000099999999979 0.00000000099999999979 0.00000000099999999979 0.00000000099999999979 0.00000000099999999979 0.00000000099999999979 0.00000000099999999979 
0.00000000099999999959 0.00000000099999999959 0.64217174154101164252 0.00000000099999999959 0.00000000099999999959 0.00000000099999999959 0.00000000099999999959 0.00000000099999999959 0.00000000099999999959 0.35782825045898841720 
0.40932711491673862136 0.00000000099999999997 0.00000000099999999997 0.34307903281251111993 0.00000000099999999997 0.00000000099999999997 0.15890512298814052361 0.00000000099999999997 0.08868872328260965499 0.00000000099999999997 
0.00000000099999999944 0.00000000099999999944 0.00000000099999999944 0.00000000099999999944 0.99999999100000014352 0.00000000099999999944 0.00000000099999999944 0.00000000099999999944 0.00000000099999999944 0.00000000099999999944 
0.00000000099999999937 0.00000000099999999937 0.00000000099999999937 0.00000000099999999937 0.99999999100000014352 0.00000000099999999937 0.00000000099999999937 0.00000000099999999937 0.00000000099999999937 0.00000000099999999937 
0.00000000099999999945 0.00000000099999999945 0.00000000099999999945 0.00000000099999999945 0.62574788697601280152 0.37425210502398736923 0.00000000099999999945 0.00000000099999999945 0.00000000099999999945 0.00000000099999999945 
0.00000000099999999962 0.00000000099999999962 0.00000000099999999962 0.00000000099999999962 0.00000000099999999962 0.00000000099999999962 0.00000000099999999962 0.00000000099999999962 0.00000000099999999962 0.99999999100000003249 
0.00000000099999999956 0.00000000099999999956 0.00000000099999999956 0.00000000099999999956 0.00000000099999999956 0.00000000099999999956 0.00000000099999999956 0.00000000099999999956 0.00000000099999999956 0.99999999100000003249 
0.40220174819432991109 0.00000000099999999997 0.00685627900583859421 0.26008123563275237222 0.00000000099999999997 0.00000000099999999997 0.17876761259499213130 0.00000000099999999997 0.15209311957208693222 0.00000000099999999997 
0.00000000099999999987 0.00000000099999999987 0.00000000099999999987 0.00000000099999999987 0.00000000099999999987 0.00000000099999999987 0.00000000099999999987 0.99999999100000003249 0.00000000099999999987 0.00000000099999999987 
0.00000000099999999959 0.00000000099999999959 0.00000000099999999959 0.00000000099999999959 0.00000000099999999959 0.00000000099999999959 0.00000000099999999959 0.00000000099999999959 0.00000000099999999959 0.99999999100000003249 
0.99999999100000025454 0.00000000099999999991 0.00000000099999999991 0.00000000099999999991 0.00000000099999999991 0.00000000099999999991 0.00000000099999999991 0.00000000099999999991 0.00000000099999999991 0.00000000099999999991 
0.00000000099999999982 0.00000000099999999982 0.00000000099999999982 0.00000000099999999982 0.00000000099999999982 0.00000000099999999982 0.00000000099999999982 0.99999999099999992147 0.00000000099999999982 0.00000000099999999982 
0.00000000099999999963 0.00000000099999999963 0.00000000099999999963 0.00000000099999999963 0.00000000099999999963 0.00000000099999999963 0.00000000099999999963 0.00000000099999999963 0.00000000099999999963 0.99999999099999992147 
0.18460739949196308674 0.00766046990858009012 0.01134959605786719714 0.25395681484774429437 0.00000000099999999997 0.00000000099999999997 0.53516659983458225724 0.00000000099999999997 0.00000000119884623688 0.00725911566041689566 
0.00000000099999999959 0.00000000099999999959 0.00000000099999999959 0.00000000099999999959 0.00000000099999999959 0.00000000099999999959 0.00000000099999999959 0.00000000099999999959 0.00000000099999999959 0.99999999100000003249 
0.00000000099999999986 0.99999999100000014352 0.00000000099999999986 0.00000000099999999986 0.00000000099999999986 0.00000000099999999986 0.00000000099999999986 0.00000000099999999986 0.00000000099999999986 0.00000000099999999986 
0.00000000099999999982 0.99999999100000014352 0.00000000099999999982 0.00000000099999999982 0.00000000099999999982 0.00000000099999999982 0.00000000099999999982 0.00000000099999999982 0.00000000099999999982 0.00000000099999999982 
0.00000000099999999953 0.00000000099999999953 0.00000000099999999953 0.00000000099999999953 0.00000000099999999953 0.00000000099999999953 0.00000000099999999953 0.00000000099999999953 0.00000000099999999953 0.99999999100000003249 
0.00000000099999999958 0.00000000099999999958 0.00000000099999999958 0.00000000099999999958 0.00000000099999999958 0.00000000099999999958 0.00000000099999999958 0.00000000099999999958 0.00000000099999999958 0.99999999099999992147 
0.00000000099999999984 0.00000000099999999984 0.00000000099999999984 0.00000000099999999984 0.00000000099999999984 0.00000000099999999984 0.00000000099999999984 0.99999999099999992147 0.00000000099999999984 0.00000000099999999984 
0.00000000099999999993 0.44657252806580105542 0.00000000099999999993 0.00000000099999999993 0.00000000099999999993 0.00000000099999999993 0.00000000099999999993 0.55342746393419883777 0.00000000099999999993 0.00000000099999999993 
0.00000000099999999989 0.99999999100000025454 0.00000000099999999989 0.00000000099999999989 0.00000000099999999989 0.00000000099999999989 0.00000000099999999989 0.00000000099999999989 0.00000000099999999989 0.00000000099999999989 
0.00000000099999999964 0.00000000099999999964 0.00000000099999999964 0.00000000099999999964 0.00000000099999999964 0.00000000099999999964 0.00000000099999999964 0.00000000099999999964 0.00000000099999999964 0.99999999099999992147 
0.26287052319566456271 0.00000003793631998456 0.03267145550359260020 0.29214484503292609263 0.00000000099999999999 0.00000000099999999999 0.14850313125794073477 0.03943345099412891991 0.21422841692914426637 0.01014813715028288661 
0.41004335887499127056 0.00000000099999999997 0.00000000099999999997 0.56830146365464795366 0.00000000099999999997 0.00000000099999999997 0.00000000099999999997 0.00000000099999999997 0.00000000099999999997 0.02165517047036088355 
0.00000000099999999994 0.00000000099999999994 0.00000000099999999994 0.00000000099999999994 0.00000000099999999994 0.00000000099999999994 0.59555489844591757986 0.00000027340016917001 0.40444482115391311439 0.00000000099999999994 
0.63246517695682491489 0.00000000099999999995 0.00000000099999999995 0.36753481504317542239 0.00000000099999999995 0.00000000099999999995 0.00000000099999999995 0.00000000099999999995 0.00000000099999999995 0.00000000099999999995 
0.00000000099999999992 0.41688370507769617612 0.00000000099999999992 0.00000000099999999992 0.00000000099999999992 0.00000000099999999992 0.00000000099999999992 0.58311628692230377258 0.00000000099999999992 0.00000000099999999992 
0.00000000099999999993 0.00000000099999999993 0.00000000099999999993 0.00000000099999999993 0.00000000099999999993 0.00000000099999999993 0.99999999100000003249 0.00000000099999999993 0.00000000099999999993 0.00000000099999999993 
0.00000000099999999953 0.00000000099999999953 0.00000000099999999953 0.00000000099999999953 0.56991961706055338510 0.43008037493944673013 0.00000000099999999953 0.00000000099999999953 0.00000000099999999953 0.00000000099999999953 
0.00000000099999999980 0.00000000099999999980 0.00000000099999999980 0.00000000099999999980 0.00000000099999999980 0.00000000099999999980 0.00000000099999999980 0.00000000099999999980 0.99999999100000003249 0.00000000099999999980 
0.00000000099999999954 0.00000000099999999954 0.00000000099999999954 0.00000000099999999954 0.35004366348007054377 0.64995632851992957146 0.00000000099999999954 0.00000000099999999954 0.00000000099999999954 0.00000000099999999954 
0.00000000099999999995 0.00000000099999999995 0.09969496733561554469 0.00000000099999999995 0.00000000099999999995 0.00000000099999999995 0.90030502466438444564 0.00000000099999999995 0.00000000099999999995 0.00000000099999999995 
0.00000000099999999946 0.00000000099999999946 0.00000000099999999946 0.00000000099999999946 0.00000000099999999946 0.99999999100000003249 0.00000000099999999946 0.00000000099999999946 0.00000000099999999946 0.00000000099999999946 
0.00000000099999999988 0.00000000099999999988 0.00000000099999999988 0.99999999100000014352 0.00000000099999999988 0.00000000099999999988 0.00000000099999999988 0.00000000099999999988 0.00000000099999999988 0.00000000099999999988 
0.00000000099999999998 0.00000000099999999998 0.03439527607522722269 0.38964630749130102494 0.00000000099999999998 0.00000000099999999998 0.57588550778089531157 0.00007290265257641093 0.00000000099999999998 0.00000000099999999998 
0.00000000099999999983 0.00000000099999999983 0.00000000099999999983 0.00000000099999999983 0.00000000099999999983 0.00000000099999999983 0.00000000099999999983 0.99999999100000003249 0.00000000099999999983 0.00000000099999999983 
0.99999999100000025454 0.00000000099999999988 0.00000000099999999988 0.00000000099999999988 0.00000000099999999988 0.00000000099999999988 0.00000000099999999988 0.00000000099999999988 0.00000000099999999988 0.00000000099999999988 
0.00000000099999999955 0.00000000099999999955 0.00000000099999999955 0.00000000099999999955 0.41056263310313156900 0.58943735889686865725 0.00000000099999999955 0.00000000099999999955 0.00000000099999999955 0.00000000099999999955 
0.00000000099999999948 0.00000000099999999948 0.00000000099999999948 0.00000000099999999948 0.00000000099999999948 0.99999999100000014352 0.00000000099999999948 0.00000000099999999948 0.00000000099999999948 0.00000000099999999948 
0.43403895058632274706 0.00000000099999999997 0.00000000099999999997 0.00000000099999999997 0.00000000099999999997 0.00000000099999999997 0.30395700761145161284 0.08692713368263493834 0.17396071492969680805 0.00111618818989378510 
0.00000000099999999984 0.99999999100000025454 0.00000000099999999984 0.00000000099999999984 0.00000000099999999984 0.00000000099999999984 0.00000000099999999984 0.00000000099999999984 0.00000000099999999984 0.00000000099999999984 
0.00000000099999999966 0.00000000099999999966 0.00000000099999999966 0.00000000099999999966 0.00000000099999999966 0.00000000099999999966 0.00000000099999999966 0.00000000099999999966 0.00000000099999999966 0.99999999100000003249 
0.00000000099999999982 0.00000000099999999982 0.00000000099999999982 0.00000000099999999982 0.00000000099999999982 0.00000000099999999982 0.00000000099999999982 0.99999999099999992147 0.00000000099999999982 0.00000000099999999982 
0.27807782913340117759 0.03776818985166822268 0.00011620473059556506 0.30554862141368893669 0.00000000099999999999 0.00000000099999999999 0.24279205280460131045 0.00000001749901899530 0.13569708156702597890 0.00000000099999999999 
0.00000000099999999941 0.00000000099999999941 0.00000000099999999941 0.00000000099999999941 0.99999999100000014352 0.00000000099999999941 0.00000000099999999941 0.00000000099999999941 0.00000000099999999941 0.00000000099999999941 
0.00000000099999999950 0.00000000099999999950 0.00000000099999999950 0.00000000099999999950 0.00000000099999999950 0.00000000099999999950 0.00000000099999999950 0.00000000099999999950 0.00000000099999999950 0.99999999099999992147 
0.00000000099999999959 0.00000000099999999959 0.00000000099999999959 0.00000000099999999959 0.61602256622997053626 0.38397742577002957898 0.00000000099999999959 0.00000000099999999959 0.00000000099999999959 0.00000000099999999959 
0.99999999100000025454 0.00000000099999999992 0.00000000099999999992 0.00000000099999999992 0.00000000099999999992 0.00000000099999999992 0.00000000099999999992 0.00000000099999999992 0.00000000099999999992 0.00000000099999999992 
0.00000000099999999980 0.99999999100000025454 0.00000000099999999980 0.00000000099999999980 0.00000000099999999980 0.00000000099999999980 0.00000000099999999980 0.00000000099999999980 0.00000000099999999980 0.00000000099999999980 
0.00000000099999999991 0.40105991448287769963 0.00000000099999999991 0.00000000099999999991 0.00000000099999999991 0.00000000099999999991 0.00000000099999999991 0.59894007751712219356 0.00000000099999999991 0.00000000099999999991 
0.00000000099999999994 0.24086962250008556174 0.00000000099999999994 0.75913036949991452573 0.00000000099999999994 0.00000000099999999994 0.00000000099999999994 0.00000000099999999994 0.00000000099999999994 0.00000000099999999994 
0.52905797749269911634 0.00000000099999999998 0.00000018129663062372 0.45297491997783617679 0.00000000099999999998 0.00000000099999999998 0.00000000099999999998 0.00000000099999999998 0.00000000099999999998 0.01796691523283419634 
0.30750884086146507146 0.01099643059599311919 0.00000000099999999997 0.31288083508158998081 0.00000000099999999997 0.00000000099999999997 0.36861388746095175017 0.00000000099999999997 0.00000000099999999997 0.00000000099999999997 
0.38345830980704725954 0.00000000099999999997 0.00000000099999999997 0.30755976727269979110 0.00000000099999999997 0.00000000099999999997 0.29028183913022553853 0.01870007779002734807 0.00000000099999999997 0.00000000099999999997 
0.29136246952858135817 0.00000000099999999997 0.03609094128089935377 0.00000000099999999997 0.00000000099999999997 0.00000000099999999997 0.51223348628390730219 0.00000000099999999997 0.16031309690661185718 0.00000000099999999997 
0.35692477756149609824 0.00000000099999999996 0.00000000099999999996 0.29045518531575376109 0.00000000099999999996 0.00000000099999999996 0.19820956759583902018 0.00000000099999999996 0.15441046352691098487 0.00000000099999999996 
0.00000000099999999986 0.00000000099999999986 0.00000000099999999986 0.99999999100000014352 0.00000000099999999986 0.00000000099999999986 0.00000000099999999986 0.00000000099999999986 0.00000000099999999986 0.00000000099999999986 
0.38361105765460423722 0.00000000385705057948 0.00000000099999999997 0.37028995359618094296 0.00000000099999999997 0.00000000099999999997 0.03032315421159629057 0.00440630695710033434 0.21134558765315264450 0.00002393307031520670 
0.20712931967598111060 0.00000000099999999997 0.00000000099999999997 0.22236962407570740052 0.00000000099999999997 0.00000000099999999997 0.52931814865454185348 0.04118290159376953447 0.00000000099999999997 0.00000000099999999997 
0.00000000099999999984 0.00000000099999999984 0.00000000099999999984 0.00000000099999999984 0.00000000099999999984 0.00000000099999999984 0.00000000099999999984 0.99999999099999992147 0.00000000099999999984 0.00000000099999999984 
0.00000000099999999990 0.99999999100000025454 0.00000000099999999990 0.00000000099999999990 0.00000000099999999990 0.00000000099999999990 0.00000000099999999990 0.00000000099999999990 0.00000000099999999990 0.00000000099999999990 
0.00000000099999999959 0.00000000099999999959 0.00000000099999999959 0.00000000099999999959 0.99999999100000014352 0.00000000099999999959 0.00000000099999999959 0.00000000099999999959 0.00000000099999999959 0.00000000099999999959 
0.00000000099999999988 0.00000000099999999988 0.00000000099999999988 0.00000000099999999988 0.00000000099999999988 0.00000000099999999988 0.00000000099999999988 0.99999999100000003249 0.00000000099999999988 0.00000000099999999988 
0.00000000099999999988 0.00000000099999999988 0.00000000099999999988 0.00000000099999999988 0.00000000099999999988 0.00000000099999999988 0.00000000099999999988 0.99999999100000003249 0.00000000099999999988 0.00000000099999999988 
0.19777683558313555179 0.02910763551862790427 0.00095805040936175088 0.37111951151826433337 0.00000000099999999998 0.00000000099999999998 0.27615512518146401177 0.00000000099999999998 0.12234974962881885185 0.00253308916032767180 
0.00000000099999999938 0.00000000099999999938 0.00000000099999999938 0.00000000099999999938 0.00000000099999999938 0.99999999100000014352 0.00000000099999999938 0.00000000099999999938 0.00000000099999999938 0.00000000099999999938 
0.64347514666558214280 0.00000000099999999995 0.00000000099999999995 0.35652484533441819448 0.00000000099999999995 0.00000000099999999995 0.00000000099999999995 0.00000000099999999995 0.00000000099999999995 0.00000000099999999995 
0.27204412877689904127 0.00000000099999999998 0.00113311979165395716 0.38764115690116013324 0.00000000099999999998 0.00000000099999999998 0.13734335827672336516 0.01374947540943965464 0.18634115969934497703 0.00174759814477867532 
0.00000000099999999999 0.00000000099999999999 0.01580026859917658261 0.46769592419356259549 0.00000000099999999999 0.00000000099999999999 0.40474152186623102434 0.00000000099999999999 0.11170084051533886449 0.00006143982569076337 
0.00001940088416152942 0.00957299669916955240 0.03641595962280402832 0.31709405924963385282 0.00000000099999999998 0.00000000099999999998 0.62015117316753487486 0.00000000099999999998 0.01674640637669613102 0.00000000099999999998 
0.35358050390264506024 0.00000000099999999997 0.04047727699937934964 0.00000000099999999997 0.00000000099999999997 0.00000000099999999997 0.60594221209797549665 0.00000000099999999997 0.00000000099999999997 0.00000000099999999997 
0.99999999100000014352 0.00000000099999999989 0.00000000099999999989 0.00000000099999999989 0.00000000099999999989 0.00000000099999999989 0.00000000099999999989 0.00000000099999999989 0.00000000099999999989 0.00000000099999999989 
0.18764217601019916870 0.00000000099999999998 0.00096313764323099817 0.26176311131075802319 0.00000000099999999998 0.00000000099999999998 0.54963156903581167345 0.00000000099999999998 0.00000000099999999998 0.00000000099999999998 
0.40794744683902517401 0.02078842709731091448 0.00000384159912315832 0.05394478439753416094 0.00000000099999999998 0.00000000099999999998 0.30250048697088399718 0.00000000099999999998 0.21481500909612238903 0.00000000099999999998 
0.00000000099999999995 0.00000000099999999995 0.00000000099999999995 0.00000000099999999995 0.00000000099999999995 0.00000000099999999995 0.99665008687664247145 0.00000000099999999995 0.00000000099999999995 0.00334990512335755662 
0.41106700965241393941 0.00000000099999999998 0.01250961554133218391 0.31357845619904378687 0.00000000099999999998 0.00000000099999999998 0.25362261053426676805 0.00378925080288618774 0.00000000099999999998 0.00543305327005705677 
0.00000000099999999989 0.00000000099999999989 0.00000000099999999989 0.00000000099999999989 0.00000000099999999989 0.00000000099999999989 0.99999999099999992147 0.00000000099999999989 0.00000000099999999989 0.00000000099999999989 
0.00000000099999999999 0.02184599336733816788 0.01088017749201055338 0.46301977158427332082 0.00000000099999999999 0.00000000099999999999 0.48345982105294643683 0.00000000099999999999 0.00000000099999999999 0.02079423150343155668 
0.00000000099999999983 0.00000000099999999983 0.00000000099999999983 0.00000000099999999983 0.00000000099999999983 0.00000000099999999983 0.00000000099999999983 0.00000000099999999983 0.99999999100000003249 0.00000000099999999983 
0.00000000099999999992 0.00000000099999999992 0.00000000099999999992 0.00000000099999999992 0.00000000099999999992 0.00000000099999999992 0.99999999099999992147 0.00000000099999999992 0.00000000099999999992 0.00000000099999999992 
0.17801100655024154618 0.00000000099999999998 0.01369903633794489206 0.30274557300293425399 0.00000000099999999998 0.00000000099999999998 0.35502359729418314638 0.00000000099999999998 0.15052078181469605300 0.00000000099999999998 
0.31407707033561393928 0.00000000099999999997 0.05294779810691908201 0.37402210035576571867 0.00000000099999999997 0.00000000099999999997 0.23931682627543912623 0.01963574692384972148 0.00000045400241247059 0.00000000099999999997 
0.17594721454099379598 0.01016498803348256548 0.01016023891294593091 0.25183313119467920504 0.00000000099999999999 0.00000000099999999999 0.34782139717045945648 0.00000000099999999999 0.20298537764843610498 0.00108764949900284902 
0.35232857165517078579 0.02849680762966787240 0.02698212510337386766 0.32129736918196921680 0.00000000099999999998 0.00000000099999999998 0.17619118583251092147 0.00000529210780313611 0.09469864548950419902 0.00000000099999999998 
0.18663040550873472023 0.00000000099999999998 0.01759961631029837922 0.24228162965302676990 0.00000000099999999998 0.00000000099999999998 0.40527634337618673177 0.00000000099999999998 0.14821200015175334253 0.00000000099999999998 
0.42780361529316379698 0.02339326796995710653 0.00000000099999999995 0.00000000099999999995 0.00000000099999999995 0.00000000099999999995 0.54880310973687895792 0.00000000099999999995 0.00000000099999999995 0.00000000099999999995 
0.17926878586768363322 0.00000041225201073827 0.05625150484240556970 0.24045979460748348466 0.07111928770413986078 0.00000000100000000000 0.36454271490453821203 0.00952644370655204853 0.07883098434068652738 0.00000007077449997646 
0.40336420418319102188 0.00000000099999999997 0.00000124492451924466 0.00538166063392038398 0.00000000099999999997 0.00000000099999999997 0.36993196063306932331 0.00000000099999999997 0.22132092462530000843 0.00000000099999999997 
0.38935717034023908933 0.01400754042842272500 0.03107335761075608396 0.21008286276710921858 0.00000000099999999996 0.00000000099999999996 0.35547906385347288749 0.00000000099999999996 0.00000000099999999996 0.00000000099999999996 
0.00000000099999999993 0.00000000099999999993 0.05677230797556324232 0.00000000099999999993 0.00000000099999999993 0.00000000099999999993 0.92606565592562239964 0.00012805496125836433 0.01703397513755594561 0.00000000099999999993 
0.27218437095071940091 0.00000000099999999997 0.01604567262381501741 0.40013564269091633774 0.00000000099999999997 0.00000000099999999997 0.30025780231937715392 0.00000000099999999997 0.00000000099999999997 0.01137650641517221235 
0.11645160524582208461 0.00000000099999999997 0.03838744050688119164 0.26916509935339355541 0.00000000099999999997 0.00000000099999999997 0.40966313083979272180 0.00978585822595354378 0.15654686182815677475 0.00000000099999999997 
0.46603319570619605727 0.00000000099999999999 0.03764456949686061787 0.22438364472080263301 0.00107779238570171378 0.00000000099999999999 0.21282347714404842298 0.00000000099999999999 0.05803731654639054244 0.00000000099999999999 
0.34540799320925452687 0.00000000099999999998 0.03638715271113710653 0.00087133084878930134 0.00000000099999999998 0.00000000099999999998 0.49275886732344009733 0.00000670700831991924 0.12456794489905891055 0.00000000099999999998 
0.00000000099999999995 0.00000000099999999995 0.00000000099999999995 0.21394355186923944001 0.00000000099999999995 0.00000000099999999995 0.58837039898048637543 0.00000000099999999995 0.19768604215027421600 0.00000000099999999995 
0.00000000099999999995 0.02544758703605999942 0.00000000099999999995 0.44832087071010789936 0.00000000099999999995 0.00000000099999999995 0.52623147047564666767 0.00000000099999999995 0.00000006577818536228 0.00000000099999999995 
0.00000000099999999991 0.64342194829689691726 0.00000000099999999991 0.00000000099999999991 0.00000000099999999991 0.00000000099999999991 0.00000000099999999991 0.35657804370310336450 0.00000000099999999991 0.00000000099999999991 
0.00000000099999999987 0.99999999100000014352 0.00000000099999999987 0.00000000099999999987 0.00000000099999999987 0.00000000099999999987 0.00000000099999999987 0.00000000099999999987 0.00000000099999999987 0.00000000099999999987 
0.00000000099999999950 0.00000000099999999950 0.00000000099999999950 0.00000000099999999950 0.99999999100000003249 0.00000000099999999950 0.00000000099999999950 0.00000000099999999950 0.00000000099999999950 0.00000000099999999950 
0.00000000099999999952 0.00000000099999999952 0.00000000099999999952 0.00000000099999999952 0.00000000099999999952 0.00000000099999999952 0.00000000099999999952 0.00000000099999999952 0.00000000099999999952 0.99999999099999992147 
0.00000000099999999999 0.40713245772428979796 0.03861037848589334021 0.03797260820861907832 0.00000000099999999999 0.00000000099999999999 0.00000000099999999999 0.48152315087302394181 0.00000000099999999999 0.03476139970817362923 
0.00000000099999999988 0.00000000099999999988 0.00000000099999999988 0.99999999100000003249 0.00000000099999999988 0.00000000099999999988 0.00000000099999999988 0.00000000099999999988 0.00000000099999999988 0.00000000099999999988 
0.00000000099999999983 0.00000000099999999983 0.00000000099999999983 0.00000000099999999983 0.00000000099999999983 0.00000000099999999983 0.00000000099999999983 0.00000000099999999983 0.99999999100000003249 0.00000000099999999983 
0.00000000099999999988 0.99999999100000014352 0.00000000099999999988 0.00000000099999999988 0.00000000099999999988 0.00000000099999999988 0.00000000099999999988 0.00000000099999999988 0.00000000099999999988 0.00000000099999999988 
0.04065850890848303478 0.00000000099999999997 0.00000000099999999997 0.39925794056637059493 0.00000000099999999997 0.00000000099999999997 0.33193129328488385488 0.01751493389202465542 0.21063731834823767874 0.00000000099999999997 
0.24980106061271445395 0.00003717374309898001 0.01037642019440535718 0.00438908154281448040 0.00000000099999999996 0.00000000099999999996 0.48184883051167731738 0.00000000099999999996 0.24745165252642414844 0.00609577786886538776 
0.33130901254430650260 0.00000000099999999998 0.03471695689465154055 0.21973578532217530324 0.00000000099999999998 0.00000000099999999998 0.41423750308084772431 0.00000000099999999998 0.00000000099999999998 0.00000073715801908918 
0.00000000099999999942 0.00000000099999999942 0.00000000099999999942 0.00000000099999999942 0.00000000099999999942 0.99999999100000014352 0.00000000099999999942 0.00000000099999999942 0.00000000099999999942 0.00000000099999999942 
0.00000000099999999944 0.00000000099999999944 0.00000000099999999944 0.00000000099999999944 0.00000000099999999944 0.99999999100000014352 0.00000000099999999944 0.00000000099999999944 0.00000000099999999944 0.00000000099999999944 
0.00000000099999999939 0.00000000099999999939 0.00000000099999999939 0.00000000099999999939 0.00000000099999999939 0.99999999100000014352 0.00000000099999999939 0.00000000099999999939 0.00000000099999999939 0.00000000099999999939 
0.00000000099999999939 0.00000000099999999939 0.00000000099999999939 0.00000000099999999939 0.00000000099999999939 0.99999999100000014352 0.00000000099999999939 0.00000000099999999939 0.00000000099999999939 0.00000000099999999939 
0.00000000099999999939 0.00000000099999999939 0.00000000099999999939 0.00000000099999999939 0.99999999100000003249 0.00000000099999999939 0.00000000099999999939 0.00000000099999999939 0.00000000099999999939 0.00000000099999999939 
0.00000000099999999995 0.44176469454706784878 0.00000000099999999995 0.00000000099999999995 0.00000000099999999995 0.00000000099999999995 0.00000000099999999995 0.55823529745293209992 0.00000000099999999995 0.00000000099999999995 
0.56748937401759447230 0.00000000099999999998 0.01747720744800341369 0.03974697745610607930 0.00000000099999999998 0.00000000099999999998 0.37528642037564202694 0.00000000099999999998 0.00000000099999999998 0.00000001570265409999 
0.00000000099999999940 0.00000000099999999940 0.00000000099999999940 0.00000000099999999940 0.99999999100000003249 0.00000000099999999940 0.00000000099999999940 0.00000000099999999940 0.00000000099999999940 0.00000000099999999940 
0.00000000099999999944 0.00000000099999999944 0.00000000099999999944 0.00000000099999999944 0.99999999100000003249 0.00000000099999999944 0.00000000099999999944 0.00000000099999999944 0.00000000099999999944 0.00000000099999999944 
0.00000000099999999950 0.00000000099999999950 0.00000000099999999950 0.00000000099999999950 0.00000000099999999950 0.00000000099999999950 0.00000000099999999950 0.00000000099999999950 0.00000000099999999950 0.99999999100000003249 
0.00000000099999999950 0.00000000099999999950 0.00000000099999999950 0.00000000099999999950 0.00000000099999999950 0.00000000099999999950 0.00000000099999999950 0.00000000099999999950 0.00000000099999999950 0.99999999100000003249 
0.99999999100000025454 0.00000000099999999990 0.00000000099999999990 0.00000000099999999990 0.00000000099999999990 0.00000000099999999990 0.00000000099999999990 0.00000000099999999990 0.00000000099999999990 0.00000000099999999990 
0.00000000099999999951 0.00000000099999999951 0.00000000099999999951 0.00000000099999999951 0.61709395348247042534 0.38290603851752957887 0.00000000099999999951 0.00000000099999999951 0.00000000099999999951 0.00000000099999999951 
0.99999999100000014352 0.00000000099999999991 0.00000000099999999991 0.00000000099999999991 0.00000000099999999991 0.00000000099999999991 0.00000000099999999991 0.00000000099999999991 0.00000000099999999991 0.00000000099999999991 
0.00000000099999999982 0.00000000099999999982 0.00000000099999999982 0.00000000099999999982 0.00000000099999999982 0.00000000099999999982 0.00000000099999999982 0.00000000099999999982 0.99999999099999992147 0.00000000099999999982 
0.00000000099999999995 0.61257189647574761260 0.00000000099999999995 0.00000000099999999995 0.00000000099999999995 0.00000000099999999995 0.00000000099999999995 0.33397308046737378406 0.05345501605687874580 0.00000000099999999995 
0.50588236538165320955 0.00000000099999999994 0.00000000099999999994 0.49411762661834707222 0.00000000099999999994 0.00000000099999999994 0.00000000099999999994 0.00000000099999999994 0.00000000099999999994 0.00000000099999999994 
0.00000000099999999982 0.99999999100000025454 0.00000000099999999982 0.00000000099999999982 0.00000000099999999982 0.00000000099999999982 0.00000000099999999982 0.00000000099999999982 0.00000000099999999982 0.00000000099999999982 
0.00003383283667221885 0.01322966775449125817 0.03179705084837331636 0.42810293004390803651 0.00000000099999999997 0.00000000099999999997 0.52683651351655524930 0.00000000099999999997 0.00000000099999999997 0.00000000099999999997 
0.00000000099999999990 0.57813982039914291189 0.00000000099999999990 0.00000000099999999990 0.00000000099999999990 0.00000000099999999990 0.00000000099999999990 0.42186017160085742539 0.00000000099999999990 0.00000000099999999990 
0.58745474978388689813 0.00000000099999999997 0.02929053347621632386 0.00000000099999999997 0.00000000099999999997 0.00000000099999999997 0.00000000099999999997 0.00000000099999999997 0.38325470952238027689 0.00000000121751649465 
0.00000000099999999985 0.00000000099999999985 0.00000000099999999985 0.00000000099999999985 0.00000000099999999985 0.00000000099999999985 0.00000000099999999985 0.00000000099999999985 0.99999999100000003249 0.00000000099999999985 
0.00000000099999999944 0.00000000099999999944 0.00000000099999999944 0.00000000099999999944 0.99999999100000003249 0.00000000099999999944 0.00000000099999999944 0.00000000099999999944 0.00000000099999999944 0.00000000099999999944 
0.00000000099999999984 0.00000000099999999984 0.00000000099999999984 0.00000000099999999984 0.00000000099999999984 0.00000000099999999984 0.00000000099999999984 0.99999999099999992147 0.00000000099999999984 0.00000000099999999984 
0.00000000099999999948 0.00000000099999999948 0.00000000099999999948 0.00000000099999999948 0.61511453404259475164 0.38488545795740536359 0.00000000099999999948 0.00000000099999999948 0.00000000099999999948 0.00000000099999999948 
0.00000000099999999942 0.00000000099999999942 0.00000000099999999942 0.00000000099999999942 0.00000000099999999942 0.99999999100000014352 0.00000000099999999942 0.00000000099999999942 0.00000000099999999942 0.00000000099999999942 
0.20560163036923659319 0.00000000099999999998 0.02660663901579915849 0.15637882956273044255 0.00000000099999999998 0.00000000099999999998 0.61141289505223384015 0.00000000099999999998 0.00000000099999999998 0.00000000099999999998 
0.46573880711528581333 0.00000000099999999995 0.00000000099999999995 0.00000000099999999995 0.00000000099999999995 0.00000000099999999995 0.52543370852747861566 0.00882747735723543939 0.00000000099999999995 0.00000000099999999995 
0.31080882910903356864 0.00000000099999999996 0.00000000099999999996 0.28782500280942424631 0.00000000099999999996 0.00000000099999999996 0.38821586744709640771 0.01315028021960840815 0.00000001541483735279 0.00000000099999999996 
0.24463271760874286120 0.00000000099999999996 0.04742653218578085639 0.26579359749749426056 0.00000000099999999996 0.00000000099999999996 0.26208054525564711268 0.00000000099999999996 0.18006660245233502282 0.00000000099999999996 
0.00000000099999999989 0.00000000099999999989 0.00000000099999999989 0.99999999100000003249 0.00000000099999999989 0.00000000099999999989 0.00000000099999999989 0.00000000099999999989 0.00000000099999999989 0.00000000099999999989 
0.44755602307203107282 0.01797732904405197410 0.02067653731139351692 0.16838543140344025550 0.00000000099999999996 0.00000000099999999996 0.17728367288355359466 0.00000000099999999996 0.16553903999791269586 0.00258196328761689693 
0.38352134642238799866 0.00000000099999999995 0.00000000099999999995 0.43358537662400037371 0.00000000099999999995 0.00000000099999999995 0.00000000099999999995 0.00000000099999999995 0.18289326995361168682 0.00000000099999999995 
