0.01633304900418932476 0.18380147244423414299 0.00000000099999999999 0.00157953619424311084 0.38179449410168814216 0.00000026204534789483 0.41649118221029746145 0.00000000099999999999 0.00000000099999999999 0.00000000099999999999 
0.00000000099999999985 0.00000000099999999985 0.99999999100000014352 0.00000000099999999985 0.00000000099999999985 0.00000000099999999985 0.00000000099999999985 0.00000000099999999985 0.00000000099999999985 0.00000000099999999985 
0.00000000099999999991 0.00000000099999999991 0.47208710886430937936 0.52791288313569084689 0.00000000099999999991 0.00000000099999999991 0.00000000099999999991 0.00000000099999999991 0.00000000099999999991 0.00000000099999999991 
0.00000000099999999998 0.12612035383738243177 0.04290199991499750454 0.00000000099999999998 0.18942010646885976133 0.27515465168852465405 0.34873551449524342605 0.01766736959499207171 0.00000000099999999998 0.00000000099999999998 
0.00438980895124267169 0.20882346562317999350 0.00000000099999999999 0.00000000099999999999 0.20625894301519911989 0.33330293702842161974 0.18590722959941913262 0.06131761178253738315 0.00000000099999999999 0.00000000099999999999 
0.00003019761794688018 0.19349114585764706775 0.00000000099999999998 0.02563641627756240576 0.22604244582261392993 0.20949465870840619508 0.34527909664282663282 0.00002603607299693720 0.00000000099999999998 0.00000000099999999998 
0.00000000099999999993 0.00000000099999999993 0.63375300215554586369 0.36624698984445419603 0.00000000099999999993 0.00000000099999999993 0.00000000099999999993 0.00000000099999999993 0.00000000099999999993 0.00000000099999999993 
0.00000000099999999983 0.00000000099999999983 0.99999999100000003249 0.00000000099999999983 0.00000000099999999983 0.00000000099999999983 0.00000000099999999983 0.00000000099999999983 0.00000000099999999983 0.00000000099999999983 
0.00000000099999999992 0.00000000099999999992 0.00000000099999999992 0.00000000099999999992 0.00000000099999999992 0.00000000099999999992 0.99999999099999992147 0.00000000099999999992 0.00000000099999999992 0.00000000099999999992 
0.00000000099999999981 0.00000000099999999981 0.00000000099999999981 0.99999999100000014352 0.00000000099999999981 0.00000000099999999981 0.00000000099999999981 0.00000000099999999981 0.00000000099999999981 0.00000000099999999981 
0.00000000099999999989 0.99999999100000025454 0.00000000099999999989 0.00000000099999999989 0.00000000099999999989 0.00000000099999999989 0.00000000099999999989 0.00000000099999999989 0.00000000099999999989 0.00000000099999999989 
0.00463094458962425015 0.23259117776617288520 0.00000000099999999997 0.01774699412527068476 0.20786259471123305631 0.17668581112055126159 0.29027518791274237175 0.07020728677440554732 0.00000000099999999997 0.00000000099999999997 
0.00000000099999999998 0.28874194627039778682 0.00000000099999999998 0.00000000099999999998 0.14399293732319196071 0.49663622684183550415 0.05464890622558139788 0.01597997833899334960 0.00000000099999999998 0.00000000099999999998 
0.01161033367968359979 0.13201833102727564273 0.00287912522710919057 0.00000000099999999999 0.16421760857071354689 0.24849253220053713065 0.30079843943772871517 0.13998362685695217578 0.00000000099999999999 0.00000000099999999999 
0.01316893763440260198 0.38229100351497913302 0.00000000100000000000 0.00000000100000000000 0.19517486480422782669 0.10695268293257309544 0.21715701186848279658 0.08320951518985071627 0.00204598105548371495 0.00000000100000000000 
0.02646122186450122760 0.14148281103065735165 0.05509612901099981974 0.00000000099999999998 0.18527521434678281831 0.21501273989849142843 0.25592531232538667796 0.12074656852318069178 0.00000000099999999998 0.00000000099999999998 
0.00000000099999999995 0.39225300592760270479 0.00000000099999999995 0.00000000099999999995 0.00000000099999999995 0.00000000099999999995 0.60774698607239718839 0.00000000099999999995 0.00000000099999999995 0.00000000099999999995 
0.00000000099999999996 0.41828467616628628445 0.00000000099999999996 0.00000000099999999996 0.00000000099999999996 0.00000000099999999996 0.58171531583371360874 0.00000000099999999996 0.00000000099999999996 0.00000000099999999996 
0.00446788522083325923 0.00000000099999999999 0.00000000099999999999 0.00000000099999999999 0.21041892502951081712 0.20441282077635022918 0.50253905888693650716 0.07816130357023814978 0.00000000099999999999 0.00000000251613107011 
0.00000000099999999995 0.02267421249349752671 0.00000000099999999995 0.00000000099999999995 0.47719609206866914208 0.50012968843783334183 0.00000000099999999995 0.00000000099999999995 0.00000000099999999995 0.00000000099999999995 
0.00000000099999999998 0.22218097079128507065 0.00351204115397716786 0.00000000099999999998 0.30145460927202494261 0.18345651207942936800 0.28939163142475582413 0.00000423127852756721 0.00000000099999999998 0.00000000099999999998 
0.00000000099999999988 0.00000000099999999988 0.99999999100000014352 0.00000000099999999988 0.00000000099999999988 0.00000000099999999988 0.00000000099999999988 0.00000000099999999988 0.00000000099999999988 0.00000000099999999988 
0.00000000099999999997 0.21513283704885630132 0.02855444522608502345 0.00000000099999999997 0.00000000498212384610 0.20481914837243017646 0.41722013604524743613 0.13427342432525726790 0.00000000099999999997 0.00000000099999999997 
0.00000000099999999962 0.00000000099999999962 0.00000000099999999962 0.00000000099999999962 0.00000000099999999962 0.00000000099999999962 0.00000000099999999962 0.99999999099999992147 0.00000000099999999962 0.00000000099999999962 
0.00000000099999999987 0.99999999100000025454 0.00000000099999999987 0.00000000099999999987 0.00000000099999999987 0.00000000099999999987 0.00000000099999999987 0.00000000099999999987 0.00000000099999999987 0.00000000099999999987 
0.00000000099999999998 0.23940055034179802407 0.00000000099999999998 0.00000000099999999998 0.14552462724742998290 0.28414236197000503070 0.30651363166944306515 0.02441882377132398654 0.00000000099999999998 0.00000000099999999998 
0.99999999100000025454 0.00000000099999999961 0.00000000099999999961 0.00000000099999999961 0.00000000099999999961 0.00000000099999999961 0.00000000099999999961 0.00000000099999999961 0.00000000099999999961 0.00000000099999999961 
0.99999999100000014352 0.00000000099999999956 0.00000000099999999956 0.00000000099999999956 0.00000000099999999956 0.00000000099999999956 0.00000000099999999956 0.00000000099999999956 0.00000000099999999956 0.00000000099999999956 
0.00000000099999999997 0.41390078761543985797 0.00000000099999999997 0.00000000099999999997 0.00000000099999999997 0.00000000099999999997 0.58609882205314434156 0.00000038333141573612 0.00000000099999999997 0.00000000099999999997 
0.00000000099999999989 0.00000000099999999989 0.00000000099999999989 0.00000000099999999989 0.00000000099999999989 0.99999999100000003249 0.00000000099999999989 0.00000000099999999989 0.00000000099999999989 0.00000000099999999989 
0.00000000099999999996 0.38867948685632047745 0.00000000099999999996 0.02443286797979769484 0.31075011483698883330 0.00000000099999999996 0.27613752432689303573 0.00000000099999999996 0.00000000099999999996 0.00000000099999999996 
0.00000000099999999982 0.00000000099999999982 0.00000000099999999982 0.99999999100000014352 0.00000000099999999982 0.00000000099999999982 0.00000000099999999982 0.00000000099999999982 0.00000000099999999982 0.00000000099999999982 
0.34883573551443192162 0.00000000099999999979 0.00000000099999999979 0.16674091705060842261 0.00000000099999999979 0.00000000099999999979 0.00000000099999999979 0.48442334043495977047 0.00000000099999999979 0.00000000099999999979 
0.00000000099999999990 0.00000000099999999990 0.00000000099999999990 0.00000000099999999990 0.00000000099999999990 0.00000000099999999990 0.99999999099999992147 0.00000000099999999990 0.00000000099999999990 0.00000000099999999990 
0.00000000099999999945 0.00000000099999999945 0.00000000099999999945 0.00000000099999999945 0.00000000099999999945 0.00000000099999999945 0.00000000099999999945 0.00000000099999999945 0.00000000099999999945 0.99999999100000003249 
0.00000000099999999938 0.00000000099999999938 0.00000000099999999938 0.00000000099999999938 0.00000000099999999938 0.00000000099999999938 0.00000000099999999938 0.00000000099999999938 0.00000000099999999938 0.99999999100000003249 
0.00000000099999999942 0.00000000099999999942 0.00000000099999999942 0.00000000099999999942 0.00000000099999999942 0.00000000099999999942 0.00000000099999999942 0.00000000099999999942 0.99999999100000003249 0.00000000099999999942 
0.99999999100000014352 0.00000000099999999963 0.00000000099999999963 0.00000000099999999963 0.00000000099999999963 0.00000000099999999963 0.00000000099999999963 0.00000000099999999963 0.00000000099999999963 0.00000000099999999963 
0.99999999100000025454 0.00000000099999999958 0.00000000099999999958 0.00000000099999999958 0.00000000099999999958 0.00000000099999999958 0.00000000099999999958 0.00000000099999999958 0.00000000099999999958 0.00000000099999999958 
0.00000000099999999996 0.41024903331235290649 0.00000000099999999996 0.00000000099999999996 0.26448982979067225951 0.21948142470431833417 0.00000000099999999996 0.10577970619265648911 0.00000000099999999996 0.00000000099999999996 
0.00000000099999999994 0.00000000099999999994 0.69050302173753486112 0.30949697026246519860 0.00000000099999999994 0.00000000099999999994 0.00000000099999999994 0.00000000099999999994 0.00000000099999999994 0.00000000099999999994 
0.99999999100000025454 0.00000000099999999960 0.00000000099999999960 0.00000000099999999960 0.00000000099999999960 0.00000000099999999960 0.00000000099999999960 0.00000000099999999960 0.00000000099999999960 0.00000000099999999960 
0.00223199843378569813 0.42893365733450822264 0.00000000099999999998 0.01414963002400088099 0.00000000099999999998 0.00000000099999999998 0.45744609107231093414 0.09723861813539408372 0.00000000099999999998 0.00000000099999999998 
0.00000000099999999984 0.00000000099999999984 0.99999999100000014352 0.00000000099999999984 0.00000000099999999984 0.00000000099999999984 0.00000000099999999984 0.00000000099999999984 0.00000000099999999984 0.00000000099999999984 
0.99999999100000014352 0.00000000099999999965 0.00000000099999999965 0.00000000099999999965 0.00000000099999999965 0.00000000099999999965 0.00000000099999999965 0.00000000099999999965 0.00000000099999999965 0.00000000099999999965 
0.00000000099999999991 0.00000000099999999991 0.00000000099999999991 0.00000000099999999991 0.00000000099999999991 0.00000000099999999991 0.99999999099999992147 0.00000000099999999991 0.00000000099999999991 0.00000000099999999991 
0.99999999100000025454 0.00000000099999999960 0.00000000099999999960 0.00000000099999999960 0.00000000099999999960 0.00000000099999999960 0.00000000099999999960 0.00000000099999999960 0.00000000099999999960 0.00000000099999999960 
0.00000000099999999991 0.00000000099999999991 0.46340079281178914172 0.53659919918821108453 0.00000000099999999991 0.00000000099999999991 0.00000000099999999991 0.00000000099999999991 0.00000000099999999991 0.00000000099999999991 
0.00000000099999999988 0.00000000099999999988 0.52859855846284464764 0.47140143353715546759 0.00000000099999999988 0.00000000099999999988 0.00000000099999999988 0.00000000099999999988 0.00000000099999999988 0.00000000099999999988 
0.99999999100000014352 0.00000000099999999955 0.00000000099999999955 0.00000000099999999955 0.00000000099999999955 0.00000000099999999955 0.00000000099999999955 0.00000000099999999955 0.00000000099999999955 0.00000000099999999955 
0.99999999100000014352 0.00000000099999999959 0.00000000099999999959 0.00000000099999999959 0.00000000099999999959 0.00000000099999999959 0.00000000099999999959 0.00000000099999999959 0.00000000099999999959 0.00000000099999999959 
0.00000000099999999987 0.00000000099999999987 0.99999999100000003249 0.00000000099999999987 0.00000000099999999987 0.00000000099999999987 0.00000000099999999987 0.00000000099999999987 0.00000000099999999987 0.00000000099999999987 
0.00000000099999999979 0.00000000099999999979 0.00000000099999999979 0.99999999100000014352 0.00000000099999999979 0.00000000099999999979 0.00000000099999999979 0.00000000099999999979 0.00000000099999999979 0.00000000099999999979 
0.00000000099999999994 0.00000000099999999994 0.50014813559124893239 0.49985185640875107183 0.00000000099999999994 0.00000000099999999994 0.00000000099999999994 0.00000000099999999994 0.00000000099999999994 0.00000000099999999994 
0.99999999100000025454 0.00000000099999999965 0.00000000099999999965 0.00000000099999999965 0.00000000099999999965 0.00000000099999999965 0.00000000099999999965 0.00000000099999999965 0.00000000099999999965 0.00000000099999999965 
0.00000000099999999997 0.00000000099999999997 0.00000000099999999997 0.00925092771455343459 0.00000000099999999997 0.74098520020708080747 0.00000000099999999997 0.24976386507836573214 0.00000000099999999997 0.00000000099999999997 
0.00000000099999999992 0.00000000099999999992 0.00000000099999999992 0.00000000099999999992 0.00000000099999999992 0.00000000099999999992 0.99999999100000003249 0.00000000099999999992 0.00000000099999999992 0.00000000099999999992 
0.00000000099999999986 0.00000000099999999986 0.00000000099999999986 0.00000000099999999986 0.99999999100000003249 0.00000000099999999986 0.00000000099999999986 0.00000000099999999986 0.00000000099999999986 0.00000000099999999986 
0.00000000099999999998 0.22505128215019576388 0.00000000099999999998 0.02010648272964916591 0.03255652838300061858 0.36354257278503709916 0.30187728847565542534 0.05686584147646196047 0.00000000099999999998 0.00000000099999999998 
0.00000000099999999992 0.00000000099999999992 0.65553644093201257625 0.34446355106798748347 0.00000000099999999992 0.00000000099999999992 0.00000000099999999992 0.00000000099999999992 0.00000000099999999992 0.00000000099999999992 
0.00378240048496020437 0.29127749768677851927 0.00000000099999999999 0.00000000099999999999 0.20934350833098297473 0.37323003119855419074 0.12236655729872390752 0.00000000099999999999 0.00000000099999999999 0.00000000099999999999 
0.00000000099999999948 0.00000000099999999948 0.00000000099999999948 0.00000000099999999948 0.00000000099999999948 0.00000000099999999948 0.00000000099999999948 0.00000000099999999948 0.99999999099999992147 0.00000000099999999948 
0.00000000099999999993 0.00000000099999999993 0.00000000099999999993 0.00000000099999999993 0.39939574426125035167 0.60060424773874976356 0.00000000099999999993 0.00000000099999999993 0.00000000099999999993 0.00000000099999999993 
0.00000000099999999943 0.00000000099999999943 0.00000000099999999943 0.00000000099999999943 0.00000000099999999943 0.00000000099999999943 0.00000000099999999943 0.00000000099999999943 0.00000000099999999943 0.99999999100000003249 
0.00000000099999999998 0.20794368474438471028 0.00000000099999999998 0.03212007127161090048 0.08768657779234649563 0.17234495440682778833 0.31488152958685655669 0.18502317819797337028 0.00000000099999999998 0.00000000099999999998 
0.00000000099999999956 0.00000000099999999956 0.00000000099999999956 0.00000000099999999956 0.00000000099999999956 0.00000000099999999956 0.00000000099999999956 0.00000000099999999956 0.69267433323081983865 0.30732565876918016556 
0.00000000099999999998 0.21524804897305582774 0.00000000099999999998 0.00199038164713963642 0.29543587055194747704 0.07613188196842540778 0.35647171574974334529 0.05472209710968833213 0.00000000099999999998 0.00000000099999999998 
0.00000000099999999989 0.00000000099999999989 0.00000000099999999989 0.00000000099999999989 0.99999999100000014352 0.00000000099999999989 0.00000000099999999989 0.00000000099999999989 0.00000000099999999989 0.00000000099999999989 
0.00000000099999999989 0.00000000099999999989 0.74721863999916882104 0.25278135200083134970 0.00000000099999999989 0.00000000099999999989 0.00000000099999999989 0.00000000099999999989 0.00000000099999999989 0.00000000099999999989 
0.00000000099999999987 0.00000000099999999987 0.00000000099999999987 0.00000000099999999987 0.00000000099999999987 0.00000000099999999987 0.99999999100000003249 0.00000000099999999987 0.00000000099999999987 0.00000000099999999987 
0.00000000099999999950 0.00000000099999999950 0.00000000099999999950 0.00000000099999999950 0.00000000099999999950 0.00000000099999999950 0.00000000099999999950 0.00000000099999999950 0.99999999100000003249 0.00000000099999999950 
0.00000000099999999953 0.00000000099999999953 0.00000000099999999953 0.00000000099999999953 0.00000000099999999953 0.00000000099999999953 0.00000000099999999953 0.00000000099999999953 0.99999999099999992147 0.00000000099999999953 
0.00000000099999999996 0.49645010450315257833 0.00000000099999999996 0.06756688369649854753 0.43598300480034885007 0.00000000099999999996 0.00000000099999999996 0.00000000099999999996 0.00000000099999999996 0.00000000099999999996 
0.00000000099999999990 0.00000000099999999990 0.46933146158960065142 0.53066853041039951933 0.00000000099999999990 0.00000000099999999990 0.00000000099999999990 0.00000000099999999990 0.00000000099999999990 0.00000000099999999990 
0.99999999100000014352 0.00000000099999999967 0.00000000099999999967 0.00000000099999999967 0.00000000099999999967 0.00000000099999999967 0.00000000099999999967 0.00000000099999999967 0.00000000099999999967 0.00000000099999999967 
0.00000000099999999983 0.00000000099999999983 0.99999999100000003249 0.00000000099999999983 0.00000000099999999983 0.00000000099999999983 0.00000000099999999983 0.00000000099999999983 0.00000000099999999983 0.00000000099999999983 
0.00000000099999999999 0.17275978362575405978 0.00000000099999999999 0.03589584143020999735 0.09377979706998718079 0.15162660972268482418 0.34107342160175019297 0.20486454254961389276 0.00000000099999999999 0.00000000099999999999 
0.00000000099999999942 0.00000000099999999942 0.00000000099999999942 0.00000000099999999942 0.00000000099999999942 0.00000000099999999942 0.00000000099999999942 0.00000000099999999942 0.00000000099999999942 0.99999999099999992147 
0.99999999100000025454 0.00000000099999999951 0.00000000099999999951 0.00000000099999999951 0.00000000099999999951 0.00000000099999999951 0.00000000099999999951 0.00000000099999999951 0.00000000099999999951 0.00000000099999999951 
0.00000000099999999955 0.00000000099999999955 0.00000000099999999955 0.00000000099999999955 0.00000000099999999955 0.00000000099999999955 0.00000000099999999955 0.00000000099999999955 0.99999999099999992147 0.00000000099999999955 
0.01733171583351048040 0.30860665968405798232 0.00000000099999999999 0.00000000099999999999 0.23203501181597513403 0.25737472635372565799 0.18433349440115642803 0.00000000099999999999 0.00000000099999999999 0.00031838791157447069 
0.00000000099999999974 0.00000000099999999974 0.00000000099999999974 0.99999999100000014352 0.00000000099999999974 0.00000000099999999974 0.00000000099999999974 0.00000000099999999974 0.00000000099999999974 0.00000000099999999974 
0.00000000099999999979 0.00000000099999999979 0.00000000099999999979 0.99999999100000014352 0.00000000099999999979 0.00000000099999999979 0.00000000099999999979 0.00000000099999999979 0.00000000099999999979 0.00000000099999999979 
0.00000000099999999995 0.00000000099999999995 0.23561490261234008248 0.00000000099999999995 0.00000000099999999995 0.76438508938765992173 0.00000000099999999995 0.00000000099999999995 0.00000000099999999995 0.00000000099999999995 
0.01628889859693248912 0.41601775183590861129 0.01094118729207601767 0.00000000099999999999 0.00000001729933007789 0.16367881190438574035 0.34888119036695225406 0.04419213970441456668 0.00000000099999999999 0.00000000099999999999 
0.00000000099999999985 0.99999999100000014352 0.00000000099999999985 0.00000000099999999985 0.00000000099999999985 0.00000000099999999985 0.00000000099999999985 0.00000000099999999985 0.00000000099999999985 0.00000000099999999985 
0.00000000099999999997 0.24696239717661286339 0.01714381836672810092 0.00000000099999999997 0.41074923681885350257 0.04652576336236498994 0.24395558861528063299 0.03466319166015994352 0.00000000099999999997 0.00000000099999999997 
0.00000000099999999997 0.27355967006833109556 0.00000000099999999997 0.00000000099999999997 0.32209825318845042297 0.00000000099999999997 0.27725616700820332472 0.12708590373501515991 0.00000000099999999997 0.00000000099999999997 
0.00000000099999999995 0.35261240304682006652 0.00000000099999999995 0.00000000099999999995 0.04234546921924924046 0.23783178532277868267 0.35110338586308520448 0.01610695154806695423 0.00000000099999999995 0.00000000099999999995 
0.00000000099999999996 0.23445655436528464732 0.00334964813890811222 0.00000000099999999996 0.27148888277045535311 0.32227879296306999324 0.16842611676228189110 0.00000000099999999996 0.00000000099999999996 0.00000000099999999996 
0.00000000099999999997 0.11994100895097452308 0.00177970577668569115 0.00000055079384932636 0.13836636479688074752 0.49267570052096065769 0.24723666228218385554 0.00000000387846496047 0.00000000099999999997 0.00000000099999999997 
0.00000000099999999992 0.00000000099999999992 0.00000000099999999992 0.00000000099999999992 0.00000000099999999992 0.00000000099999999992 0.99999999099999992147 0.00000000099999999992 0.00000000099999999992 0.00000000099999999992 
0.00000000099999999985 0.00000000099999999985 0.99999999100000014352 0.00000000099999999985 0.00000000099999999985 0.00000000099999999985 0.00000000099999999985 0.00000000099999999985 0.00000000099999999985 0.00000000099999999985 
0.00000000099999999984 0.00000000099999999984 0.00000000099999999984 0.99999999100000003249 0.00000000099999999984 0.00000000099999999984 0.00000000099999999984 0.00000000099999999984 0.00000000099999999984 0.00000000099999999984 
0.00000000099999999960 0.00000000099999999960 0.00000000099999999960 0.00000000099999999960 0.00000000099999999960 0.00000000099999999960 0.00000000099999999960 0.00000000099999999960 0.00000000099999999960 0.99999999099999992147 
0.00000000099999999989 0.00000000099999999989 0.99999999100000014352 0.00000000099999999989 0.00000000099999999989 0.00000000099999999989 0.00000000099999999989 0.00000000099999999989 0.00000000099999999989 0.00000000099999999989 
0.00000000099999999989 0.00000000099999999989 0.99999999100000003249 0.00000000099999999989 0.00000000099999999989 0.00000000099999999989 0.00000000099999999989 0.00000000099999999989 0.00000000099999999989 0.00000000099999999989 
0.00000000099999999996 0.00000000099999999996 0.00000000099999999996 0.00640114923016007944 0.35092455964669427848 0.00000000099999999996 0.57032164966679954610 0.07235263545634594562 0.00000000099999999996 0.00000000099999999996 
0.00000000099999999939 0.00000000099999999939 0.00000000099999999939 0.00000000099999999939 0.00000000099999999939 0.00000000099999999939 0.00000000099999999939 0.00000000099999999939 0.00000000099999999939 0.99999999099999992147 
0.00000000099999999997 0.33713996069069074313 0.00000000099999999997 0.00000000099999999997 0.00000032165803358176 0.00000019547786216198 0.48318819921224215319 0.17967131796117127851 0.00000000099999999997 0.00000000099999999997 
0.00000000099999999997 0.00000000590020576868 0.00512141013827127622 0.00000000099999999997 0.45474872469307198175 0.00000000099999999997 0.46043337860337307799 0.07969647566507785663 0.00000000099999999997 0.00000000099999999997 
0.00268856516132776968 0.19344955319439169350 0.00000000099999999999 0.00886559953400107952 0.31332620656891563282 0.19463133397204518404 0.28654199092806570404 0.00049674764125285254 0.00000000099999999999 0.00000000099999999999 
0.00000000099999999999 0.16094429249464645149 0.02705159747534198120 0.00000000099999999999 0.13628761999534683147 0.25294058795723739497 0.36407432275575118963 0.05870157532167605968 0.00000000099999999999 0.00000000099999999999 
0.00000000099999999987 0.00000000099999999987 0.00000000099999999987 0.00000000099999999987 0.99999999100000003249 0.00000000099999999987 0.00000000099999999987 0.00000000099999999987 0.00000000099999999987 0.00000000099999999987 
0.00000000099999999997 0.38416324121513767409 0.00000000099999999997 0.03956942264274670995 0.00000000099999999997 0.00024622002818050498 0.43915382348221115860 0.13686728763172398282 0.00000000099999999997 0.00000000099999999997 
0.00000000099999999998 0.00000000099999999998 0.00000000099999999998 0.00000000099999999998 0.37341677941655437856 0.19460540867372405627 0.31086555016670597285 0.12111225574301560937 0.00000000099999999998 0.00000000099999999998 
0.00000000099999999998 0.42910344636701436283 0.00000000099999999998 0.00013896821494656679 0.00000000099999999998 0.57075757841803909098 0.00000000099999999998 0.00000000099999999998 0.00000000099999999998 0.00000000099999999998 
0.02364441855489290631 0.00000000099999999999 0.00000000099999999999 0.02173946546693504567 0.39231994302488992776 0.27629346441421770431 0.28600270353906442899 0.00000000099999999999 0.00000000099999999999 0.00000000099999999999 
0.00000000099999999996 0.49213612133503087387 0.00000000099999999996 0.00000000099999999996 0.00000000099999999996 0.00000000099999999996 0.50786387066496907483 0.00000000099999999996 0.00000000099999999996 0.00000000099999999996 
0.00000000099999999986 0.00000000099999999986 0.00000000099999999986 0.00000000099999999986 0.00000000099999999986 0.00000000099999999986 0.99999999100000003249 0.00000000099999999986 0.00000000099999999986 0.00000000099999999986 
0.00000000099999999992 0.00000000099999999992 0.00000000099999999992 0.00000000099999999992 0.99999999100000003249 0.00000000099999999992 0.00000000099999999992 0.00000000099999999992 0.00000000099999999992 0.00000000099999999992 
0.00000000099999999994 0.00000000099999999994 0.00000000099999999994 0.00000000099999999994 0.00000000099999999994 0.00000000099999999994 0.80455720167045718938 0.19544279032954278708 0.00000000099999999994 0.00000000099999999994 
0.00000000099999999987 0.00000000099999999987 0.00000000099999999987 0.00000000099999999987 0.99999999100000014352 0.00000000099999999987 0.00000000099999999987 0.00000000099999999987 0.00000000099999999987 0.00000000099999999987 
0.00000000099999999989 0.00000000099999999989 0.00000000099999999989 0.00000000099999999989 0.99999999100000014352 0.00000000099999999989 0.00000000099999999989 0.00000000099999999989 0.00000000099999999989 0.00000000099999999989 
0.00000000099999999997 0.12186153187609935489 0.02742363848451394998 0.00000000099999999997 0.19877619556021747238 0.35617494209559008578 0.22361624204828950413 0.07214744593528969741 0.00000000099999999997 0.00000000099999999997 
0.00167788844197417275 0.16424771951173119944 0.01561874919772881370 0.00000000099999999999 0.08309835567727874572 0.21476725452044301279 0.39697257700444660289 0.12361745264639746600 0.00000000099999999999 0.00000000099999999999 
0.00000000099999999998 0.11491177183841518039 0.00000000099999999998 0.04793090413614434220 0.12680238624526526947 0.40417456728283068790 0.27076546418627422952 0.03541490231107047998 0.00000000099999999998 0.00000000099999999998 
0.00000000099999999992 0.00000000099999999992 0.00000000099999999992 0.00000000099999999992 0.00000000099999999992 0.99999999100000014352 0.00000000099999999992 0.00000000099999999992 0.00000000099999999992 0.00000000099999999992 
0.00000000099999999996 0.32345801046617828067 0.00000000099999999996 0.03656536519752048159 0.15383294992148704994 0.00000000099999999996 0.43186041225420040979 0.05428325716061369044 0.00000000099999999996 0.00000000099999999996 
0.00000000100000000000 0.00000006759278820804 0.00000000100000000000 0.00000000100000000000 0.72179455887833499084 0.00000003938227710213 0.00270848885750035739 0.20031871970226691748 0.00000000100000000000 0.07517812158683254142 
0.00000000099999999996 0.22269436984162055415 0.00000000099999999996 0.00000000099999999996 0.28098818063060515549 0.07103592607880851451 0.27369066547796061517 0.15159085297100513556 0.00000000099999999996 0.00000000099999999996 
0.00000000099999999993 0.53006307401842456262 0.00000000099999999993 0.00000000099999999993 0.46993691798157566364 0.00000000099999999993 0.00000000099999999993 0.00000000099999999993 0.00000000099999999993 0.00000000099999999993 
0.00000000099999999995 0.35262606443109795196 0.01303969287227254616 0.00000000099999999995 0.25871058146591408011 0.00002404261631010728 0.17815041536446027393 0.19744919924994497329 0.00000000099999999995 0.00000000099999999995 
0.00894542698438868279 0.47484310814573021942 0.00000000099999999996 0.00000000099999999996 0.00000074652971051132 0.42345147415239808852 0.00001670721308971525 0.09274253297468282309 0.00000000099999999996 0.00000000099999999996 
0.00000000099999999996 0.21333102281882804219 0.00623751341682497306 0.00000000099999999996 0.27799104358519660662 0.00000000099999999996 0.31896320907479891460 0.18347720610435133692 0.00000000099999999996 0.00000000099999999996 
0.00000000099999999981 0.00000000099999999981 0.00000000099999999981 0.00000000099999999981 0.00000000099999999981 0.00000000099999999981 0.00000000099999999981 0.99999999100000003249 0.00000000099999999981 0.00000000099999999981 
0.00147085658099848976 0.29385867745622012981 0.02361375714412557864 0.00000000099999999997 0.19788447487188343121 0.14442691109759087098 0.29907867324167747292 0.03966664660750386651 0.00000000099999999997 0.00000000099999999997 
0.00000000099999999988 0.00000000099999999988 0.00000000099999999988 0.00000000099999999988 0.99999999100000014352 0.00000000099999999988 0.00000000099999999988 0.00000000099999999988 0.00000000099999999988 0.00000000099999999988 
0.00000000099999999995 0.35372603846724276488 0.03329648983580561078 0.00000000099999999995 0.00000000099999999995 0.39417871057764802822 0.21879875511930366172 0.00000000099999999995 0.00000000099999999995 0.00000000099999999995 
0.00000000099999999991 0.00000000099999999991 0.48059597264811121375 0.51940401935188884597 0.00000000099999999991 0.00000000099999999991 0.00000000099999999991 0.00000000099999999991 0.00000000099999999991 0.00000000099999999991 
0.00000000099999999995 0.00000000099999999995 0.49250251911594061793 0.50369856401033485938 0.00000000099999999995 0.00000000099999999995 0.00000000099999999995 0.00379890987372449125 0.00000000099999999995 0.00000000099999999995 
0.00000000099999999957 0.00000000099999999957 0.00000000099999999957 0.00000000099999999957 0.00000000099999999957 0.00000000099999999957 0.00000000099999999957 0.00000000099999999957 0.99999999099999992147 0.00000000099999999957 
0.99999999100000014352 0.00000000099999999954 0.00000000099999999954 0.00000000099999999954 0.00000000099999999954 0.00000000099999999954 0.00000000099999999954 0.00000000099999999954 0.00000000099999999954 0.00000000099999999954 
0.03240877351687551644 0.00000000099999999998 0.35731291313636065476 0.56250737915077730911 0.00000000099999999998 0.00000000099999999998 0.00000000099999999998 0.04777092819598651591 0.00000000099999999998 0.00000000099999999998 
0.00000000099999999990 0.00000000099999999990 0.00000000099999999990 0.00000000099999999990 0.00000000099999999990 0.99999999100000014352 0.00000000099999999990 0.00000000099999999990 0.00000000099999999990 0.00000000099999999990 
0.00000000099999999997 0.00000000099999999997 0.00000000099999999997 0.00784506022189476737 0.50558452644509288554 0.48657040633301229526 0.00000000099999999997 0.00000000099999999997 0.00000000099999999997 0.00000000099999999997 
0.00000000099999999996 0.00000000099999999996 0.46882700047336534066 0.53117299152663477457 0.00000000099999999996 0.00000000099999999996 0.00000000099999999996 0.00000000099999999996 0.00000000099999999996 0.00000000099999999996 
0.00000000099999999997 0.00000004679940649580 0.01099170197466144312 0.00000000099999999997 0.32773971249744260348 0.27802053745200272505 0.20912082195561235154 0.17412717532087440553 0.00000000099999999997 0.00000000099999999997 
0.00000000099999999994 0.00000000099999999994 0.00000000099999999994 0.00000000099999999994 0.44429035273670369754 0.55570963926329641769 0.00000000099999999994 0.00000000099999999994 0.00000000099999999994 0.00000000099999999994 
0.00000000099999999995 0.00000000099999999995 0.00000000099999999995 0.00000000099999999995 0.00000000099999999995 0.51004416893802984045 0.48995582306197005273 0.00000000099999999995 0.00000000099999999995 0.00000000099999999995 
0.00000000099999999943 0.00000000099999999943 0.00000000099999999943 0.00000000099999999943 0.00000000099999999943 0.00000000099999999943 0.00000000099999999943 0.00000000099999999943 0.00000000099999999943 0.99999999099999992147 
0.00000000099999999948 0.00000000099999999948 0.00000000099999999948 0.00000000099999999948 0.00000000099999999948 0.00000000099999999948 0.00000000099999999948 0.00000000099999999948 0.99999999099999992147 0.00000000099999999948 
0.00000000099999999935 0.00000000099999999935 0.00000000099999999935 0.00000000099999999935 0.00000000099999999935 0.00000000099999999935 0.00000000099999999935 0.00000000099999999935 0.00000000099999999935 0.99999999099999992147 
0.00000000099999999943 0.00000000099999999943 0.00000000099999999943 0.00000000099999999943 0.00000000099999999943 0.00000000099999999943 0.00000000099999999943 0.00000000099999999943 0.99999999100000003249 0.00000000099999999943 
0.00000000099999999939 0.00000000099999999939 0.00000000099999999939 0.00000000099999999939 0.00000000099999999939 0.00000000099999999939 0.00000000099999999939 0.00000000099999999939 0.00000000099999999939 0.99999999100000003249 
0.00000000099999999983 0.00000000099999999983 0.00000000099999999983 0.99999999100000003249 0.00000000099999999983 0.00000000099999999983 0.00000000099999999983 0.00000000099999999983 0.00000000099999999983 0.00000000099999999983 
0.00000000099999999991 0.00000000099999999991 0.00000000099999999991 0.00000000099999999991 0.00000000099999999991 0.99999999100000014352 0.00000000099999999991 0.00000000099999999991 0.00000000099999999991 0.00000000099999999991 
0.00000000099999999941 0.00000000099999999941 0.00000000099999999941 0.00000000099999999941 0.00000000099999999941 0.00000000099999999941 0.00000000099999999941 0.00000000099999999941 0.00000000099999999941 0.99999999099999992147 
0.00000000099999999955 0.00000000099999999955 0.00000000099999999955 0.00000000099999999955 0.00000000099999999955 0.00000000099999999955 0.00000000099999999955 0.00000000099999999955 0.69773053021205166946 0.30226946178794844577 
0.99999999100000025454 0.00000000099999999952 0.00000000099999999952 0.00000000099999999952 0.00000000099999999952 0.00000000099999999952 0.00000000099999999952 0.00000000099999999952 0.00000000099999999952 0.00000000099999999952 
0.99999999100000025454 0.00000000099999999952 0.00000000099999999952 0.00000000099999999952 0.00000000099999999952 0.00000000099999999952 0.00000000099999999952 0.00000000099999999952 0.00000000099999999952 0.00000000099999999952 
0.00000000099999999997 0.26274060005980437449 0.00000000099999999997 0.00000000099999999997 0.00000000099999999997 0.32335040673582260418 0.35877301351418477982 0.05513597369018803651 0.00000000099999999997 0.00000000099999999997 
0.00000000099999999946 0.00000000099999999946 0.00000000099999999946 0.00000000099999999946 0.00000000099999999946 0.00000000099999999946 0.00000000099999999946 0.00000000099999999946 0.99999999100000003249 0.00000000099999999946 
0.00000000099999999990 0.00000000099999999990 0.00000000099999999990 0.00000000099999999990 0.99999999100000003249 0.00000000099999999990 0.00000000099999999990 0.00000000099999999990 0.00000000099999999990 0.00000000099999999990 
0.00000000099999999988 0.00000000099999999988 0.00000000099999999988 0.00000000099999999988 0.00000000099999999988 0.99999999100000003249 0.00000000099999999988 0.00000000099999999988 0.00000000099999999988 0.00000000099999999988 
0.00000000099999999991 0.00000000099999999991 0.99999999100000003249 0.00000000099999999991 0.00000000099999999991 0.00000000099999999991 0.00000000099999999991 0.00000000099999999991 0.00000000099999999991 0.00000000099999999991 
0.00000000099999999994 0.40719449443787586462 0.00000000099999999994 0.00000000099999999994 0.00000694467919191631 0.59279855388293223317 0.00000000099999999994 0.00000000099999999994 0.00000000099999999994 0.00000000099999999994 
0.00000000099999999988 0.00000000099999999988 0.49467152549523996097 0.50532846650476026529 0.00000000099999999988 0.00000000099999999988 0.00000000099999999988 0.00000000099999999988 0.00000000099999999988 0.00000000099999999988 
0.00000000099999999997 0.27159710539980408406 0.00000000099999999997 0.02476967091649856512 0.33686567893430413578 0.36674944047861673946 0.00000011068322428393 0.00001798958755217773 0.00000000099999999997 0.00000000099999999997 
0.00000000099999999990 0.00000000099999999990 0.68710785937374752042 0.31289213262625248380 0.00000000099999999990 0.00000000099999999990 0.00000000099999999990 0.00000000099999999990 0.00000000099999999990 0.00000000099999999990 
0.00000000099999999977 0.00000000099999999977 0.00000000099999999977 0.00000000099999999977 0.00000000099999999977 0.00000000099999999977 0.00000000099999999977 0.99999999100000003249 0.00000000099999999977 0.00000000099999999977 
0.00000000099999999997 0.39990754244780518656 0.00000000099999999997 0.00000000099999999997 0.00000000099999999997 0.60009244922105464681 0.00000000099999999997 0.00000000133114018779 0.00000000099999999997 0.00000000099999999997 
0.00000000099999999956 0.00000000099999999956 0.00000000099999999956 0.00000000099999999956 0.00000000099999999956 0.00000000099999999956 0.00000000099999999956 0.00000000099999999956 0.67590328838168611814 0.32409670361831388607 
0.00000000099999999985 0.00000000099999999985 0.99999999100000014352 0.00000000099999999985 0.00000000099999999985 0.00000000099999999985 0.00000000099999999985 0.00000000099999999985 0.00000000099999999985 0.00000000099999999985 
0.00000000099999999944 0.00000000099999999944 0.00000000099999999944 0.00000000099999999944 0.00000000099999999944 0.00000000099999999944 0.00000000099999999944 0.00000000099999999944 0.99999999100000003249 0.00000000099999999944 
0.00000000099999999944 0.00000000099999999944 0.00000000099999999944 0.00000000099999999944 0.00000000099999999944 0.00000000099999999944 0.00000000099999999944 0.00000000099999999944 0.99999999100000003249 0.00000000099999999944 
0.00000000099999999990 0.00000000099999999990 0.00000000099999999990 0.00000000099999999990 0.00000000099999999990 0.99999999100000003249 0.00000000099999999990 0.00000000099999999990 0.00000000099999999990 0.00000000099999999990 
0.00000000099999999996 0.42553732664389526397 0.01649344081569419432 0.00000000099999999996 0.17876894388668285174 0.00048364818715391133 0.23950083053774179342 0.13921580592883200933 0.00000000099999999996 0.00000000099999999996 
0.00000000099999999992 0.00000000099999999992 0.00000000099999999992 0.00000000099999999992 0.00000000099999999992 0.80564496143420438745 0.19435503056579561676 0.00000000099999999992 0.00000000099999999992 0.00000000099999999992 
0.00000000099999999997 0.00000000099999999997 0.00000000099999999997 0.00000000099999999997 0.23630030792666423256 0.24941414396845129620 0.39538069040644002738 0.11890485169844457192 0.00000000099999999997 0.00000000099999999997 
0.00000000099999999987 0.99999999100000025454 0.00000000099999999987 0.00000000099999999987 0.00000000099999999987 0.00000000099999999987 0.00000000099999999987 0.00000000099999999987 0.00000000099999999987 0.00000000099999999987 
0.00206292763090350391 0.26558985441918930848 0.00000000099999999996 0.02864662777035588762 0.10543293900653610828 0.15469586198849538672 0.34836942992379943407 0.09520235626072040547 0.00000000099999999996 0.00000000099999999996 
0.00000000099999999984 0.99999999100000025454 0.00000000099999999984 0.00000000099999999984 0.00000000099999999984 0.00000000099999999984 0.00000000099999999984 0.00000000099999999984 0.00000000099999999984 0.00000000099999999984 
