0.00810795626363113205 0.00033704068154435251 0.96547826260717239943 0.02607674044765198595 
0.99999999699999997382 0.00000000099999999996 0.00000000099999999996 0.00000000099999999996 
0.99999999700000008485 0.00000000099999999996 0.00000000099999999996 0.00000000099999999996 
0.04296018132371278581 0.00000000099999999999 0.95151341504554687312 0.00552640263074042140 
0.00051504288619325718 0.00000000100000000000 0.98626857213623597698 0.01321638397757085061 
0.03068621533991317679 0.00000000099999999999 0.96293432289190628026 0.00637946076818066490 
0.99999999700000008485 0.00000000099999999997 0.00000000099999999997 0.00000000099999999997 
0.99999999699999997382 0.00000000099999999995 0.00000000099999999995 0.00000000099999999995 
0.00909250706081334015 0.00000000099999999999 0.97118106795505643181 0.01972642398413026327 
0.99999999699999997382 0.00000000099999999997 0.00000000099999999997 0.00000000099999999997 
0.01787979594937161298 0.00000000100000000000 0.96833580569272281746 0.01378439735790555620 
0.02275820682382991358 0.00000000099999999999 0.96571638966447459484 0.01152540251169545393 
0.00530710254674672359 0.00000000100000000000 0.98583609750869061195 0.00885679894456269795 
0.01075076756517467404 0.00000000100000000000 0.96958184906900091171 0.01966738236582437488 
0.00140682942848539025 0.00608221370017765755 0.97087344244871331966 0.02163751442262366181 
0.06112959833441496821 0.00000000099999999999 0.90555199767581029402 0.03331840298977469667 
0.00765832040814574001 0.00000000100000000000 0.99211043676854249185 0.00023124182331169852 
0.00000000100000000000 0.00537629101423840478 0.98806475993196585250 0.00655894805379564350 
0.00345042608323495878 0.00816316469801295179 0.97689948869988352254 0.01148692051886858988 
0.00097146703705566708 0.00000000099999999998 0.99108309317452403242 0.00794543878842038712 
0.00414262774717257844 0.00000000100000000000 0.99584110675776282839 0.00001626449506461736 
0.99999999336863243382 0.00000000099999999998 0.00000000463136752260 0.00000000099999999998 
0.03042513709475828595 0.00000000099999999999 0.96957486090524158673 0.00000000099999999999 
0.03798216173844946864 0.00000000099999999999 0.95791904495133650688 0.00409879231021414298 
0.03348599495076026028 0.00000000099999999999 0.96651364215600199525 0.00000036189323774634 
0.00000000099999999999 0.00000000099999999999 0.99308782406477824622 0.00691217393522180513 
0.00000000099999999988 0.00000000099999999988 0.00000000099999999988 0.99999999700000008485 
0.00000000099999999986 0.00000000099999999986 0.00000000099999999986 0.99999999700000008485 
0.00551993512231134086 0.00000000100000000000 0.98276731038895159820 0.01171275348873716642 
0.00000000099999999999 0.00000000099999999999 0.98498504150420207459 0.01501495649579782932 
0.02976254832798678682 0.00000000099999999999 0.97023744883554863261 0.00000000183646462337 
0.99999999700000008485 0.00000000099999999998 0.00000000099999999998 0.00000000099999999998 
0.24049005497486380944 0.00000000099999999997 0.39850791806851632026 0.36100202595661995408 
0.00052088551035019191 0.00000000099999999999 0.99839022468988369852 0.00108888879976613492 
0.00000000099999999986 0.99999999699999997382 0.00000000099999999986 0.00000000099999999986 
0.00000000099999999982 0.99999999700000008485 0.00000000099999999982 0.00000000099999999982 
0.00000000099999999982 0.99999999699999997382 0.00000000099999999982 0.00000000099999999982 
0.00000000099999999988 0.00000000099999999988 0.00000000099999999988 0.99999999700000008485 
0.00000000099999999987 0.00000000099999999987 0.00000000099999999987 0.99999999700000008485 
0.00230731206562935064 0.00000000099999999999 0.99407270725199414763 0.00361997968237651483 
0.99999999700000008485 0.00000000099999999998 0.00000000099999999998 0.00000000099999999998 
0.00000000099999999987 0.00000000099999999987 0.00000000099999999987 0.99999999699999997382 
0.02793027893953363427 0.00000000099999999999 0.95988700107822333418 0.01218271898224309799 
0.99999999699999997382 0.00000000099999999996 0.00000000099999999996 0.00000000099999999996 
0.00000000099999999989 0.00000000099999999989 0.00000000099999999989 0.99999999699999997382 
0.01969587615076485651 0.00000000099999999999 0.97031752516606595282 0.00998659768316914956 
0.00000000099999999987 0.00000000099999999987 0.00000000099999999987 0.99999999700000008485 
0.99999999700000008485 0.00000000099999999997 0.00000000099999999997 0.00000000099999999997 
0.99999999700000008485 0.00000000099999999995 0.00000000099999999995 0.00000000099999999995 
0.00000000099999999986 0.00000000099999999986 0.00000000099999999986 0.99999999699999997382 
0.00000000099999999987 0.00000000099999999987 0.00000000099999999987 0.99999999700000008485 
0.99999999699999997382 0.00000000099999999997 0.00000000099999999997 0.00000000099999999997 
0.99999999699999997382 0.00000000099999999996 0.00000000099999999996 0.00000000099999999996 
0.99999999700000008485 0.00000000099999999997 0.00000000099999999997 0.00000000099999999997 
0.00000000099999999989 0.00000000099999999989 0.00000000099999999989 0.99999999700000008485 
0.04878769459131811204 0.00000000333222371746 0.93161557777584091955 0.01959672430061731169 
0.00238429093044193645 0.00000000100000000000 0.96741626254373624949 0.03019944552582190869 
0.02984739510604909885 0.00000000099999999999 0.97015260289395077731 0.00000000099999999999 
0.01765711277874660104 0.00000000099999999999 0.97785803625922207427 0.00448484996203136164 
0.99999999699999997382 0.00000000099999999996 0.00000000099999999996 0.00000000099999999996 
0.00074565517401248499 0.00160730567980333630 0.98784171901701833818 0.00980532012916581798 
0.00000000099999999985 0.99999999699999997382 0.00000000099999999985 0.00000000099999999985 
0.01017428872826564405 0.00000000099999999998 0.98048134286771648771 0.00934436740401777856 
0.00000000099999999985 0.99999999699999997382 0.00000000099999999985 0.00000000099999999985 
0.04675399133134570950 0.00000000100000000000 0.95206135210893882981 0.00118465555971552497 
0.00000000099999999986 0.99999999699999997382 0.00000000099999999986 0.00000000099999999986 
0.01277315137078436670 0.00000000099999999999 0.98151776005498847510 0.00570908757422712142 
0.01550986199576138806 0.00000009187314538415 0.97376936933904434390 0.01072067679204893355 
0.99999999700000008485 0.00000000099999999995 0.00000000099999999995 0.00000000099999999995 
0.00000488005498702778 0.00000000099999999998 0.99999511794501305673 0.00000000099999999998 
0.00000000099999999985 0.99999999700000008485 0.00000000099999999985 0.00000000099999999985 
0.00000000099999999987 0.99999999699999997382 0.00000000099999999987 0.00000000099999999987 
0.08736547833393062956 0.00000000099999999999 0.89776885082174873176 0.01486566984432073635 
0.99999999699999997382 0.00000000099999999995 0.00000000099999999995 0.00000000099999999995 
0.00000000099999999989 0.00000000099999999989 0.00000000099999999989 0.99999999699999997382 
0.99999999700000008485 0.00000000099999999996 0.00000000099999999996 0.00000000099999999996 
0.04216408410353388037 0.00120017893181984144 0.95663573596464623883 0.00000000100000000000 
0.00000000099999999984 0.99999999700000008485 0.00000000099999999984 0.00000000099999999984 
0.00000000099999999985 0.00000000099999999985 0.00000000099999999985 0.99999999699999997382 
0.00000000099999999987 0.99999999699999997382 0.00000000099999999987 0.00000000099999999987 
0.00259108295629264856 0.00320271604892303488 0.97255639438560859134 0.02164980660917574518 
0.99999999700000008485 0.00000000099999999995 0.00000000099999999995 0.00000000099999999995 
0.99999999700000008485 0.00000000099999999996 0.00000000099999999996 0.00000000099999999996 
0.23615931788059602026 0.00000000099999999999 0.75922278034995227536 0.00461790076945163466 
0.00637484436136905638 0.00000000100000000000 0.96871613139462087183 0.02490902324400995349 
0.01487777594635714823 0.00000000099999999999 0.98512141364484195893 0.00000080940880100750 
0.02902269065022616140 0.00000000099999999999 0.97097730734977383271 0.00000000099999999999 
0.00069974071255059027 0.00000000100000000000 0.99669638622692180441 0.00260387206052763425 
0.00000000099999999998 0.00000000099999999998 0.99999999699999986280 0.00000000099999999998 
0.01512438477643840255 0.00000000099999999999 0.98407900164311656876 0.00079661258044504157 
0.01343075683969173831 0.00000000099999999999 0.97593547797488144901 0.01063376418542680106 
0.04206346346659305818 0.00000000303945046812 0.95793647360225553378 0.00000005989170097606 
0.99999999700000008485 0.00000000099999999996 0.00000000099999999996 0.00000000099999999996 
0.99996312830206590672 0.00000000099999999998 0.00003686969793396227 0.00000000099999999998 
0.00000000099999999991 0.99999999699999997382 0.00000000099999999991 0.00000000099999999991 
0.99999999700000008485 0.00000000099999999998 0.00000000099999999998 0.00000000099999999998 
0.99999999699999997382 0.00000000099999999998 0.00000000099999999998 0.00000000099999999998 
0.02761967372152088207 0.00000000099999999999 0.96189188349144627566 0.01048844178703293648 
0.00000000099999999982 0.99999999699999997382 0.00000000099999999982 0.00000000099999999982 
0.00000000737687310229 0.00000000100000000000 0.99171015192935063620 0.00828983969377621380 
0.02143429817819982042 0.00000000099999999999 0.97011052727729529810 0.00845517354450502252 
0.00490165413248606126 0.00201044457863491094 0.98305017500273184083 0.01003772628614721732 
0.02919451400286077539 0.00000000100000000000 0.96377916152513198877 0.00702632347200723290 
0.00710008573036523608 0.00046265487995728142 0.99195231484899937247 0.00048494454067819786 
0.04264808417657414003 0.00000010497827289561 0.95723615145955187611 0.00011565938560119866 
0.00210024251046559774 0.00000000100000000000 0.98885396216463961050 0.00904579432489466088 
0.01673974325233480373 0.00000000100000000000 0.97200794580550242685 0.01125230994216292781 
0.01644649007509724203 0.00443097425813653457 0.94705758589703759043 0.03206494976972860261 
0.00794371327181699061 0.00000000099999999999 0.97700591936783420799 0.01505036636034882795 
0.00085209459946446956 0.00000000099999999999 0.99914790340053560858 0.00000000099999999999 
0.02729978341771970365 0.00096543732445862228 0.94301693521780605156 0.02871784404001553881 
0.00000000099999999999 0.00000000099999999999 0.98589764116765887803 0.01410235683234101547 
0.01505492195974453447 0.00000000100000000000 0.98430104020577635637 0.00064403683447915544 
0.00190591793874952237 0.00000000099999999999 0.99660219303679620229 0.00149188802445435588 
0.03777222339520292654 0.00000000099999999999 0.96222777460479702594 0.00000000099999999999 
0.01896379623972299297 0.00000000100000000000 0.97007254666081044192 0.01096365609946661247 
0.04468385579955313353 0.00000000099999999999 0.95531614220044691610 0.00000000099999999999 
0.00771771544622335513 0.00000000100000000000 0.99036118513877235969 0.00192109841500424212 
0.02952685772606630440 0.00000000099999999999 0.96805956992735753275 0.00241357134657616598 
0.02806783023383925893 0.06810001714859027777 0.89676307147513112383 0.00706908114243928309 
0.00752683580306381765 0.00000000099999999999 0.99247316219693615391 0.00000000099999999999 
0.02195289329462120007 0.00000000099999999998 0.97804710470537881140 0.00000000099999999998 
0.03086051230340343052 0.00000000099999999998 0.96913886203921928431 0.00000062465737715947 
0.00241451021714551937 0.00000000099999999999 0.97829674335240934813 0.01928874543044504716 
0.01831802793925601733 0.00000000099999999998 0.98168197006074398026 0.00000000099999999998 
0.00777812497608335561 0.00362194078355476115 0.98007955517927980438 0.00852037906108206802 
0.01571463531358473220 0.00000000099999999999 0.97541937046692850366 0.00886599321948670221 
0.00000000648775214826 0.00000000099999999999 0.99700908233390095337 0.00299091017834691129 
0.03757690419392025610 0.00000000099999999998 0.96242309380607982128 0.00000000099999999998 
0.99999999700000008485 0.00000000099999999996 0.00000000099999999996 0.00000000099999999996 
0.99999997119821348868 0.00000000099999999998 0.00000002680178648326 0.00000000099999999998 
0.00000000099999999988 0.99999999699999997382 0.00000000099999999988 0.00000000099999999988 
0.00000000099999999985 0.00000000099999999985 0.00000000099999999985 0.99999999700000008485 
0.91390788670384748293 0.00000000100000000000 0.04629487584120171167 0.03979723645495079898 
0.01729129433613494846 0.00000000099999999998 0.98270870366386497974 0.00000000099999999998 
0.03223341877239212228 0.00000000575830730512 0.96316767569484695866 0.00459889977445357596 
0.99604360107686995551 0.00000000099999999999 0.00000000099999999999 0.00395639692313001865 
0.02298619652827506299 0.00000000099999999999 0.97701380147172478541 0.00000000099999999999 
0.00340077217379867623 0.00000000099999999998 0.98136463210324065276 0.01523459472296067284 
0.00000000099999999999 0.00000000099999999999 0.99385647860375381235 0.00614351939624624335 
0.00000000099999999984 0.99999999699999997382 0.00000000099999999984 0.00000000099999999984 
0.00000000099999999985 0.99999999700000008485 0.00000000099999999985 0.00000000099999999985 
0.00000000099999999982 0.99999999700000008485 0.00000000099999999982 0.00000000099999999982 
0.00000000099999999983 0.99999999700000008485 0.00000000099999999983 0.00000000099999999983 
0.00000000099999999983 0.99999999700000008485 0.00000000099999999983 0.00000000099999999983 
0.99999999699999997382 0.00000000099999999998 0.00000000099999999998 0.00000000099999999998 
0.00591764530611224669 0.00000000100000000000 0.97942920023540680496 0.01465315345848103648 
0.00000000099999999983 0.99999999699999997382 0.00000000099999999983 0.00000000099999999983 
0.00000000099999999985 0.99999999699999997382 0.00000000099999999985 0.00000000099999999985 
0.00000000099999999985 0.00000000099999999985 0.00000000099999999985 0.99999999700000008485 
0.00000000099999999985 0.00000000099999999985 0.00000000099999999985 0.99999999699999997382 
0.00003134871366836057 0.00000000099999999999 0.99996864928633166780 0.00000000099999999999 
0.00000000099999999984 0.99999999700000008485 0.00000000099999999984 0.00000000099999999984 
0.02057419031072146506 0.00007030142423617988 0.97935550215149191899 0.00000000611355046459 
0.00000000206814546934 0.00000000099999999999 0.99759099334239786927 0.00240900358945670247 
0.96153132672987051688 0.00000000099999999998 0.03846867127012942866 0.00000000099999999998 
0.01546732876884814034 0.00000000099999999999 0.98447634306773079693 0.00005632716342101256 
0.99999999700000008485 0.00000000099999999995 0.00000000099999999995 0.00000000099999999995 
0.02630835287462855374 0.00000000099999999999 0.96480614749725301937 0.00888549862811848119 
0.99999999700000008485 0.00000000099999999995 0.00000000099999999995 0.00000000099999999995 
0.01663614983490522767 0.00000000100000000000 0.96286037879567276665 0.02050347036942191600 
0.00014383827087136671 0.00000000100000000000 0.98368173519773771662 0.01617442553139094782 
0.00000000099999999986 0.99999999699999997382 0.00000000099999999986 0.00000000099999999986 
0.99999999699999997382 0.00000000099999999996 0.00000000099999999996 0.00000000099999999996 
0.00000000099999999983 0.99999999699999997382 0.00000000099999999983 0.00000000099999999983 
0.00000000099999999983 0.99999999700000008485 0.00000000099999999983 0.00000000099999999983 
0.01319626087096574703 0.00000000100000000000 0.98552581642148640029 0.00127792170754780182 
0.03225943352996955144 0.00000000099999999999 0.96716769427147808447 0.00057287119855247890 
0.01173169779940031084 0.00000000099999999998 0.98826830020059952542 0.00000000099999999998 
0.00525340205384955579 0.00000000099999999999 0.98853450351451754852 0.00621209343163302893 
0.01068725676683000489 0.00000000099999999999 0.97349619865010716957 0.01581654358306272545 
0.02242729540976587735 0.00000000099999999999 0.96694193341588241530 0.01063077017435182930 
0.00000000099999999999 0.00000000099999999999 0.99999981487536238056 0.00000018312463747520 
0.99791267918522930103 0.00000000099999999998 0.00208731881477080411 0.00000000099999999998 
0.00000783262284660539 0.00000000099999999999 0.99983723917627453925 0.00015492720087880690 
0.00000000099999999983 0.99999999700000008485 0.00000000099999999983 0.00000000099999999983 
0.00289141948102946333 0.00000000100000000000 0.99374885765231202317 0.00335972186665848280 
0.00000000099999999994 0.99999999699999997382 0.00000000099999999994 0.00000000099999999994 
0.00000000099999999985 0.99999999699999997382 0.00000000099999999985 0.00000000099999999985 
0.02827000831031417985 0.00000000099999999999 0.97170849385463209380 0.00002149683505390512 
0.00000000099999999999 0.00000000099999999999 0.98732353484500579022 0.01267646315499412583 
0.02450605273642145546 0.00000522126799224979 0.97548872499558625382 0.00000000100000000000 
0.00000000099999999987 0.99999999700000008485 0.00000000099999999987 0.00000000099999999987 
0.99999999699999997382 0.00000000099999999996 0.00000000099999999996 0.00000000099999999996 
0.99999999699999997382 0.00000000099999999996 0.00000000099999999996 0.00000000099999999996 
0.00000000099999999985 0.99999999700000008485 0.00000000099999999985 0.00000000099999999985 
0.01121309878458948486 0.00000000100000000000 0.97865278337131000885 0.01013411684410054497 
0.04410095618883321661 0.00000000100000000000 0.93983871380234496051 0.01606032900882180259 
0.00000000099999999986 0.99999999700000008485 0.00000000099999999986 0.00000000099999999986 
0.00954673003539236766 0.00000000099999999999 0.97961543540308826383 0.01083783356151944363 
0.99999999699999997382 0.00000000099999999995 0.00000000099999999995 0.00000000099999999995 
0.23680888080377551774 0.10674855277492444061 0.54450185571366005455 0.11194071070764005649 
0.03216089704349098938 0.00460593913839123237 0.96323316281811766082 0.00000000100000000000 
0.03812747158155873478 0.00000000099999999999 0.94586767122814285891 0.01600485619029849704 
0.00323380537251233453 0.00000000099999999999 0.97834638219637626300 0.01841981143111142902 
0.00029580254341549415 0.00000000099999999999 0.98498634354514058575 0.01471785291144391689 
0.00000000099999999999 0.00000000099999999999 0.99396267956107320352 0.00603731843892680014 
0.01119125116926494162 0.00000000099999999999 0.98880874683073494147 0.00000000099999999999 
0.01057914586254137500 0.00000000099999999999 0.97293379296876436602 0.01648706016869432370 
0.02680269799823452315 0.00832806228896858410 0.95663132748862367283 0.00823791222417334656 
0.99999999700000008485 0.00000000099999999997 0.00000000099999999997 0.00000000099999999997 
0.02290231263288675795 0.00000000099999999999 0.96667640709987256997 0.01042127926724073853 
0.00000000205469931546 0.00000000099999999999 0.98980629389161045584 0.01019370305369035265 
0.04974664569102573569 0.00000000100000000000 0.94468818784694186252 0.00556516546203235721 
0.02148790030715640870 0.00000000099999999999 0.97851209769284364093 0.00000000099999999999 
0.03736643948845611019 0.00242493996637491984 0.95465937461598848746 0.00554924592918054713 
0.00000233692481744795 0.00000000099999999999 0.99942775167871800157 0.00056991039646448643 
0.01902810315937367852 0.00000000100000000000 0.97871440715498281282 0.00225748868564362281 
0.99807496400662398806 0.00000000099999999998 0.00192503399337612489 0.00000000099999999998 
0.02385590432725435278 0.00000000099999999999 0.95526946527932576902 0.02087462939341987872 
0.01020309085656707741 0.00000000099999999999 0.97614755631583194351 0.01364935182760112185 
0.01465477998197947315 0.01109635979007108503 0.97402419812765483886 0.00022466210029464912 
0.99999992879972787740 0.00000000099999999998 0.00000006920027209418 0.00000000099999999998 
0.02968957352074965556 0.01927241050579730358 0.95103787057141297989 0.00000014540203998566 
0.01331318714294762832 0.00000000100000000000 0.97413170120870640201 0.01255511064834588693 
0.48195835506658452063 0.00000000099999999999 0.50611613130603416710 0.01192551262738135096 
0.03043955857412896163 0.00000000099999999998 0.96956043942587111228 0.00000000099999999998 
0.00000000099999999986 0.99999999700000008485 0.00000000099999999986 0.00000000099999999986 
0.02114536868192610705 0.00000000099999999999 0.95906929470001311966 0.01978533561806078769 
0.02967564236628030677 0.00000000100000000000 0.96245051452579322149 0.00787384210792645839 
