0.00000000099999999994 0.00000000099999999994 0.99999999200000000421 0.00000000099999999994 0.00000000099999999994 0.00000000099999999994 0.00000000099999999994 0.00000000099999999994 0.00000000099999999994 
0.00000000099999999993 0.00000000099999999993 0.00000000099999999993 0.00000000099999999993 0.00000000099999999993 0.99999999200000011523 0.00000000099999999993 0.00000000099999999993 0.00000000099999999993 
0.00000000099999999992 0.00000000099999999992 0.00000000099999999992 0.00000000099999999992 0.00000000099999999992 0.99999999200000011523 0.00000000099999999992 0.00000000099999999992 0.00000000099999999992 
0.00000000099999999998 0.33972643054937723406 0.36624474288917058251 0.00000000099999999998 0.06770689321534556493 0.02706224197861809358 0.00189489255720330847 0.19736479581028523733 0.00000000099999999998 
0.00000000099999999999 0.27284060345236205158 0.45929377554125649930 0.00000000099999999999 0.05537438434559246309 0.00000000099999999999 0.00915804582680144162 0.20333318683398751703 0.00000000099999999999 
0.00000000099999999997 0.26134460134244952290 0.56541898533452916720 0.10553118759324418841 0.06262521187326852701 0.00508000985650860094 0.00000000099999999997 0.00000000099999999997 0.00000000099999999997 
0.00000000099999999994 0.00000000099999999994 0.00000000099999999994 0.00000000099999999994 0.00000000099999999994 0.99999999200000011523 0.00000000099999999994 0.00000000099999999994 0.00000000099999999994 
0.00000000099999999990 0.00000000099999999990 0.00000000099999999990 0.00000000099999999990 0.00000000099999999990 0.99999999200000011523 0.00000000099999999990 0.00000000099999999990 0.00000000099999999990 
0.00000000099999999998 0.16434315899102769354 0.37726479202198393015 0.00000000099999999998 0.15556164293400748244 0.00007753304912336136 0.01259069110516954255 0.29016217889868795021 0.00000000099999999998 
0.00000000099999999993 0.00000000099999999993 0.00000000099999999993 0.00000000099999999993 0.00000000099999999993 0.99999999200000011523 0.00000000099999999993 0.00000000099999999993 0.00000000099999999993 
0.00000000099999999998 0.39167904039165324370 0.00000000099999999998 0.00000000099999999998 0.00018501586682277617 0.00000000099999999998 0.00000000099999999998 0.60813593774152374660 0.00000000099999999998 
0.00000000099999999997 0.29955127914767093467 0.19892059063571548849 0.11383262326511051077 0.13457562033840522742 0.00566379912370256963 0.00051468030759478395 0.24694140518180052180 0.00000000099999999997 
0.00000000099999999998 0.23943712640134207081 0.00000000161653605140 0.09455824534922743774 0.09495247643258586390 0.00000000099999999998 0.00000000099999999998 0.57105214620030864126 0.00000000099999999998 
0.00000000099999999998 0.37505760542811855673 0.00000000099999999998 0.14358424070648756476 0.19155561019062686268 0.00000000099999999998 0.00042201042898427628 0.28938052924578272496 0.00000000099999999998 
0.00000000099999999991 0.99999999200000011523 0.00000000099999999991 0.00000000099999999991 0.00000000099999999991 0.00000000099999999991 0.00000000099999999991 0.00000000099999999991 0.00000000099999999991 
0.00000000099999999998 0.29524413090427864548 0.26632257685610999376 0.06616297232134073225 0.11708354566472990721 0.04798538948120142228 0.02648421017690502990 0.18071717259543410017 0.00000000099999999998 
0.00000000099999999997 0.34633691801490285034 0.00000000099999999997 0.00009007182381126397 0.00000000099999999997 0.00000000099999999997 0.00000000099999999997 0.65357300416128560894 0.00000000099999999997 
0.00000000099999999999 0.16005152130329133864 0.30170064670762564152 0.09457348791504874286 0.18362037852399920590 0.00000000099999999999 0.00000000099999999999 0.26005396121044305202 0.00000000133959213136 
0.00000000099999999999 0.26099459943582098420 0.44117055102930408106 0.06317131163084434287 0.00397597928847077779 0.00000000099999999999 0.00009709120448969603 0.22678682897182153577 0.00380363643924854031 
0.00000000099999999996 0.29315637489996970722 0.36605446346318187834 0.04498480455947759943 0.10334630725113475025 0.00000000099999999996 0.00000000099999999996 0.19245804582623601831 0.00000000099999999996 
0.00000000099999999998 0.18079263648333246395 0.35978682117114618721 0.09127479019479900479 0.00000000099999999998 0.00000000099999999998 0.00000000099999999998 0.36814574715072245770 0.00000000099999999998 
0.00000000099999999993 0.00000000099999999993 0.00000000099999999993 0.04153173757571113761 0.00000000099999999993 0.95846825542428892852 0.00000000099999999993 0.00000000099999999993 0.00000000099999999993 
0.00000000099999999994 0.42628606706740701515 0.00000000099999999994 0.00000000099999999994 0.57371392593259307180 0.00000000099999999994 0.00000000099999999994 0.00000000099999999994 0.00000000099999999994 
0.00000000099999999971 0.00000000099999999971 0.00000000099999999971 0.00000000099999999971 0.99999999200000000421 0.00000000099999999971 0.00000000099999999971 0.00000000099999999971 0.00000000099999999971 
0.00000000099999999996 0.00000000099999999996 0.32069841246069230589 0.09128098372761876689 0.00000000099999999996 0.01759154706941513935 0.00000000099999999996 0.57042905174227365173 0.00000000099999999996 
0.00000000099999999998 0.12823976516277280080 0.43787895771867374473 0.00000000099999999998 0.15399051729743493122 0.00000000099999999998 0.00000000099999999998 0.27989075482111858140 0.00000000099999999998 
0.00000000099999999967 0.00000000099999999967 0.00000000099999999967 0.00000000099999999967 0.00000000099999999967 0.00000000099999999967 0.99999999200000000421 0.00000000099999999967 0.00000000099999999967 
0.00000000099999999961 0.00000000099999999961 0.00000000099999999961 0.00000000099999999961 0.00000000099999999961 0.00000000099999999961 0.99999999200000000421 0.00000000099999999961 0.00000000099999999961 
0.00000000099999999996 0.00000000099999999996 0.00000000099999999996 0.23088435727879852433 0.25336649321530269052 0.00000000099999999996 0.00000000099999999996 0.51574914350589862178 0.00000000099999999996 
0.00000000099999999990 0.00000000099999999990 0.00000000099999999990 0.00000000099999999990 0.00000000099999999990 0.00000000099999999990 0.00000000099999999990 0.99999999200000000421 0.00000000099999999990 
0.00000000099999999995 0.00000000099999999995 0.41802370679206329873 0.23152162253850067097 0.00000000099999999995 0.00000000099999999995 0.00000000099999999995 0.35045466466943603345 0.00000000099999999995 
0.00000000099999999992 0.00000000099999999992 0.00000000099999999992 0.00000000099999999992 0.07340302355282012081 0.92659696944717984124 0.00000000099999999992 0.00000000099999999992 0.00000000099999999992 
0.00000000099999999982 0.00000000099999999982 0.00000000099999999982 0.00000000099999999982 0.50102926797996616415 0.14084227049279590682 0.35812845552723793219 0.00000000099999999982 0.00000000099999999982 
0.00000000099999999996 0.29708107260347904610 0.00102944209383262135 0.12681459820502025138 0.20838871532857128344 0.00000000099999999996 0.00000000099999999996 0.36668616776909662702 0.00000000099999999996 
0.00000000099999999951 0.00000000099999999951 0.00000000099999999951 0.00000000099999999951 0.00000000099999999951 0.00000000099999999951 0.00000000099999999951 0.00000000099999999951 0.99999999199999989319 
0.99999999200000011523 0.00000000099999999947 0.00000000099999999947 0.00000000099999999947 0.00000000099999999947 0.00000000099999999947 0.00000000099999999947 0.00000000099999999947 0.00000000099999999947 
0.38658527364502076606 0.00000000099999999954 0.00000000099999999954 0.00000000099999999954 0.00000000099999999954 0.00000000099999999954 0.00000000099999999954 0.00000000099999999954 0.61341471935497904333 
0.00000000099999999968 0.00000000099999999968 0.00000000099999999968 0.00000000099999999968 0.00000000099999999968 0.00000000099999999968 0.99999999199999989319 0.00000000099999999968 0.00000000099999999968 
0.00000000099999999963 0.00000000099999999963 0.00000000099999999963 0.00000000099999999963 0.00000000099999999963 0.00000000099999999963 0.99999999199999989319 0.00000000099999999963 0.00000000099999999963 
0.00000000099999999996 0.38957060024221767947 0.06794725214407575098 0.09133249111555663546 0.03897926045196092870 0.00000000099999999996 0.00000000099999999996 0.41217039204618899362 0.00000000099999999996 
0.00000000099999999995 0.00000000099999999995 0.00000000099999999995 0.00000000099999999995 0.00000000099999999995 0.99999999200000011523 0.00000000099999999995 0.00000000099999999995 0.00000000099999999995 
0.00000000099999999965 0.00000000099999999965 0.00000000099999999965 0.00000000099999999965 0.00000000099999999965 0.00000000099999999965 0.99999999199999989319 0.00000000099999999965 0.00000000099999999965 
0.00000000099999999995 0.56897906885701754476 0.00000000099999999995 0.00000000099999999995 0.43102092414298259770 0.00000000099999999995 0.00000000099999999995 0.00000000099999999995 0.00000000099999999995 
0.00000000099999999991 0.00000000099999999991 0.00000000099999999991 0.00000000099999999991 0.00000000099999999991 0.99999999200000011523 0.00000000099999999991 0.00000000099999999991 0.00000000099999999991 
0.00000000099999999970 0.00000000099999999970 0.00000000099999999970 0.00000000099999999970 0.00000000099999999970 0.00000000099999999970 0.99999999200000000421 0.00000000099999999970 0.00000000099999999970 
0.00000000099999999998 0.27472564365745788528 0.18277375306785825781 0.00049089672134448241 0.16881398874193537241 0.00278134455662263844 0.00600796940171546053 0.36440640185306572008 0.00000000099999999998 
0.00000000099999999966 0.00000000099999999966 0.00000000099999999966 0.00000000099999999966 0.00000000099999999966 0.00000000099999999966 0.99999999200000000421 0.00000000099999999966 0.00000000099999999966 
0.00000000099999999993 0.00000000099999999993 0.00000000099999999993 0.00000000099999999993 0.00000000099999999993 0.99999999200000011523 0.00000000099999999993 0.00000000099999999993 0.00000000099999999993 
0.00000000099999999988 0.00000000099999999988 0.00000000099999999988 0.00000000099999999988 0.00000000099999999988 0.99999999200000011523 0.00000000099999999988 0.00000000099999999988 0.00000000099999999988 
0.00000000099999999961 0.00000000099999999961 0.00000000099999999961 0.00000000099999999961 0.00000000099999999961 0.00000000099999999961 0.99999999200000000421 0.00000000099999999961 0.00000000099999999961 
0.00000000099999999964 0.00000000099999999964 0.00000000099999999964 0.00000000099999999964 0.00000000099999999964 0.00000000099999999964 0.99999999200000000421 0.00000000099999999964 0.00000000099999999964 
0.00000000099999999993 0.00000000099999999993 0.00000000099999999993 0.00000000099999999993 0.00000000099999999993 0.99999999200000011523 0.00000000099999999993 0.00000000099999999993 0.00000000099999999993 
0.00000000099999999993 0.00000000099999999993 0.00000000099999999993 0.00000000099999999993 0.00000000099999999993 0.99999999200000011523 0.00000000099999999993 0.00000000099999999993 0.00000000099999999993 
0.00000000099999999995 0.00000000099999999995 0.00000000099999999995 0.00000000099999999995 0.00000000099999999995 0.99999999200000000421 0.00000000099999999995 0.00000000099999999995 0.00000000099999999995 
0.00000000099999999970 0.00000000099999999970 0.00000000099999999970 0.00000000099999999970 0.00000000099999999970 0.00000000099999999970 0.99999999200000000421 0.00000000099999999970 0.00000000099999999970 
0.00000000099999999994 0.99999999200000011523 0.00000000099999999994 0.00000000099999999994 0.00000000099999999994 0.00000000099999999994 0.00000000099999999994 0.00000000099999999994 0.00000000099999999994 
0.00000000099999999995 0.00000000099999999995 0.99420841597737097395 0.00000000099999999995 0.00000000099999999995 0.00000000099999999995 0.00579157702262904275 0.00000000099999999995 0.00000000099999999995 
0.00000000099999999989 0.99999999200000022626 0.00000000099999999989 0.00000000099999999989 0.00000000099999999989 0.00000000099999999989 0.00000000099999999989 0.00000000099999999989 0.00000000099999999989 
0.00000000099999999997 0.42114438892334121745 0.38585342399891209286 0.00000000099999999997 0.19299073200374841641 0.00000000099999999997 0.00000000099999999997 0.00001145007399838639 0.00000000099999999997 
0.00000000099999999992 0.00000000099999999992 0.00000000099999999992 0.00000000099999999992 0.00000000099999999992 0.99999999200000011523 0.00000000099999999992 0.00000000099999999992 0.00000000099999999992 
0.00000000099999999993 0.00000000099999999993 0.00000000099999999993 0.00000000099999999993 0.00000000099999999993 0.00000000099999999993 0.00000000099999999993 0.99999999200000000421 0.00000000099999999993 
0.40184455531097118541 0.00000000099999999960 0.00000000099999999960 0.00000000099999999960 0.00000000099999999960 0.00000000099999999960 0.00000000099999999960 0.00000000099999999960 0.59815543768902845745 
0.00000000099999999989 0.00000000099999999989 0.99999999200000011523 0.00000000099999999989 0.00000000099999999989 0.00000000099999999989 0.00000000099999999989 0.00000000099999999989 0.00000000099999999989 
0.99999999200000011523 0.00000000099999999955 0.00000000099999999955 0.00000000099999999955 0.00000000099999999955 0.00000000099999999955 0.00000000099999999955 0.00000000099999999955 0.00000000099999999955 
0.00000000099999999996 0.00000000099999999996 0.00000000099999999996 0.00000000099999999996 0.43600201879696909302 0.00000000099999999996 0.00000000099999999996 0.56399797420303088291 0.00000000099999999996 
0.00000000099999999951 0.00000000099999999951 0.00000000099999999951 0.00000000099999999951 0.00000000099999999951 0.00000000099999999951 0.00000000099999999951 0.00000000099999999951 0.99999999200000000421 
0.00000000099999999972 0.00000000099999999972 0.00000000099999999972 0.99999999200000011523 0.00000000099999999972 0.00000000099999999972 0.00000000099999999972 0.00000000099999999972 0.00000000099999999972 
0.00000000099999999999 0.21321253545754223491 0.30520469076170436695 0.16424306252411421947 0.10577546750056909808 0.00000000099999999999 0.00000000099999999999 0.21156423975606997168 0.00000000099999999999 
0.00000000099999999990 0.00000000099999999990 0.00000000099999999990 0.00000000099999999990 0.00000000099999999990 0.99999999200000000421 0.00000000099999999990 0.00000000099999999990 0.00000000099999999990 
0.00000000099999999994 0.00000000122077867215 0.58488605399576465427 0.14965303204542881876 0.26546090773802777374 0.00000000099999999994 0.00000000099999999994 0.00000000099999999994 0.00000000099999999994 
0.99999999200000022626 0.00000000099999999955 0.00000000099999999955 0.00000000099999999955 0.00000000099999999955 0.00000000099999999955 0.00000000099999999955 0.00000000099999999955 0.00000000099999999955 
0.00000000099999999953 0.00000000099999999953 0.00000000099999999953 0.00000000099999999953 0.00000000099999999953 0.00000000099999999953 0.00000000099999999953 0.00000000099999999953 0.99999999199999989319 
0.00000000099999999998 0.35898271312195123572 0.13507722534277047388 0.06652871517904565546 0.00000000099999999998 0.07628925978533307450 0.00003366232719798549 0.36308842124370144244 0.00000000099999999998 
0.00000000099999999991 0.00000000099999999991 0.00000000099999999991 0.00000000099999999991 0.00000000099999999991 0.99999999200000011523 0.00000000099999999991 0.00000000099999999991 0.00000000099999999991 
0.00000000099999999971 0.00000000099999999971 0.00000000099999999971 0.00000000099999999971 0.00000000099999999971 0.00000000099999999971 0.99999999199999989319 0.00000000099999999971 0.00000000099999999971 
0.00000000099999999992 0.00000000099999999992 0.00000000099999999992 0.00000000099999999992 0.00000000099999999992 0.99999999200000011523 0.00000000099999999992 0.00000000099999999992 0.00000000099999999992 
0.00000000099999999998 0.32156396606389353598 0.27782759475299745322 0.21372490888867951009 0.08910822256513650785 0.01648290560546921205 0.00000000099999999998 0.08129239912382374422 0.00000000099999999998 
0.00000000099999999949 0.00000000099999999949 0.00000000099999999949 0.00000000099999999949 0.00000000099999999949 0.00000000099999999949 0.00000000099999999949 0.00000000099999999949 0.99999999199999989319 
0.00000000099999999958 0.00000000099999999958 0.00000000099999999958 0.00000000099999999958 0.00000000099999999958 0.00000000099999999958 0.99999999200000000421 0.00000000099999999958 0.00000000099999999958 
0.99999999200000011523 0.00000000099999999958 0.00000000099999999958 0.00000000099999999958 0.00000000099999999958 0.00000000099999999958 0.00000000099999999958 0.00000000099999999958 0.00000000099999999958 
0.00000000099999999992 0.00000000099999999992 0.99999999200000011523 0.00000000099999999992 0.00000000099999999992 0.00000000099999999992 0.00000000099999999992 0.00000000099999999992 0.00000000099999999992 
0.00000000099999999988 0.00000000099999999988 0.00000000099999999988 0.00000000099999999988 0.00000000099999999988 0.99999999200000000421 0.00000000099999999988 0.00000000099999999988 0.00000000099999999988 
0.00000000099999999992 0.00000000099999999992 0.00000000099999999992 0.00000000099999999992 0.00000000099999999992 0.99999999200000011523 0.00000000099999999992 0.00000000099999999992 0.00000000099999999992 
0.00000000099999999993 0.00000000099999999993 0.00000000099999999993 0.41148664945795004888 0.39303639228448022935 0.19547695225756975268 0.00000000099999999993 0.00000000099999999993 0.00000000099999999993 
0.00000000099999999999 0.26578795829775464510 0.65321047603110915514 0.06275965169473596283 0.00000016026007637237 0.00000000099999999999 0.01824174971632392533 0.00000000099999999999 0.00000000099999999999 
0.00000000099999999997 0.25835511837668267976 0.25200378740038081871 0.09152478754367340819 0.00000015260790405059 0.00000000099999999997 0.00000000099999999997 0.39811615007135886524 0.00000000099999999997 
0.00000000099999999996 0.02784048012868139618 0.31618116809549762225 0.13705727176441495629 0.13217828611111304138 0.00777890537263728737 0.00000000099999999996 0.37896388552765558622 0.00000000099999999996 
0.00000000099999999992 0.00000000099999999992 0.00000000099999999992 0.00000000099999999992 0.00000000099999999992 0.00000000099999999992 0.00000000099999999992 0.99999999199999989319 0.00000000099999999992 
0.00000000099999999995 0.00113709295297422549 0.31526091266704042715 0.05455597029880294990 0.24170308320209657471 0.00000000099999999995 0.00000000099999999995 0.38734293687908583070 0.00000000099999999995 
0.00000000099999999996 0.00000000099999999996 0.59826548829929937501 0.07087554788744226952 0.03191634108181602703 0.00000000099999999996 0.00000000099999999996 0.29894261773144226169 0.00000000099999999996 
0.00000000099999999986 0.00000000099999999986 0.00000000099999999986 0.00000000099999999986 0.99999999200000011523 0.00000000099999999986 0.00000000099999999986 0.00000000099999999986 0.00000000099999999986 
0.00000000099999999998 0.37477033531472642158 0.22980497380869574497 0.00000000099999999998 0.00357251348638909635 0.02688772755881057089 0.00000000099999999998 0.36496444583137810369 0.00000000099999999998 
0.00000000099999999993 0.00000000099999999993 0.00000000099999999993 0.00000000099999999993 0.00000000099999999993 0.99999999200000011523 0.00000000099999999993 0.00000000099999999993 0.00000000099999999993 
0.00000000099999999997 0.01739469918262115042 0.00000001536835635390 0.00000000099999999997 0.00000000099999999997 0.98260527944902253950 0.00000000099999999997 0.00000000099999999997 0.00000000099999999997 
0.38697689696438453133 0.00000000099999999974 0.00000000099999999974 0.00000000099999999974 0.00000000099999999974 0.00000000099999999974 0.00000000099999999974 0.00000000099999999974 0.61302309603561511153 
0.00000000099999999995 0.00000000099999999995 0.00000000099999999995 0.00000000099999999995 0.00000000099999999995 0.99999999200000000421 0.00000000099999999995 0.00000000099999999995 0.00000000099999999995 
0.00000000099999999996 0.00000000099999999996 0.00035461605224519746 0.00000000099999999996 0.00000000099999999996 0.99964537694775490451 0.00000000099999999996 0.00000000099999999996 0.00000000099999999996 
0.00000000099999999998 0.35431463754871356242 0.35481813010739132741 0.09524801691712239671 0.04942437626392959249 0.00756503139382615989 0.00000000099999999998 0.13862980476901681781 0.00000000099999999998 
0.99999999200000011523 0.00000000099999999947 0.00000000099999999947 0.00000000099999999947 0.00000000099999999947 0.00000000099999999947 0.00000000099999999947 0.00000000099999999947 0.00000000099999999947 
0.00000000099999999997 0.59874557973921993526 0.35769032901973657479 0.04356408524104372904 0.00000000099999999997 0.00000000099999999997 0.00000000099999999997 0.00000000099999999997 0.00000000099999999997 
0.00000000099999999998 0.27841149408510990071 0.36875039957301097848 0.08138974092321897558 0.00000000099999999998 0.00571942633430294178 0.00000026099939754797 0.26572867508495967570 0.00000000099999999998 
0.00000000099999999999 0.00000000280803665955 0.56026885875151732908 0.04346290351816831099 0.00001996555501838032 0.00000000099999999999 0.00477029920746947778 0.39147796715978977478 0.00000000099999999999 
0.00000000099999999998 0.51839694889830234548 0.00000000099999999998 0.00000000099999999998 0.00000000099999999998 0.00000009488714325210 0.00000000099999999998 0.48160295021455440390 0.00000000099999999998 
0.00000000099999999996 0.41971125332267444907 0.58028873967732574890 0.00000000099999999996 0.00000000099999999996 0.00000000099999999996 0.00000000099999999996 0.00000000099999999996 0.00000000099999999996 
0.00000000099999999997 0.38628228325538022103 0.27682767923376977448 0.00000000099999999997 0.32089510042456526051 0.01599492792373893163 0.00000000099999999997 0.00000000516254579876 0.00000000099999999997 
0.00000000099999999998 0.41167438052401161830 0.46566378589664136900 0.00000000099999999998 0.11855130343503098023 0.00000000099999999998 0.00000000099999999998 0.00411052514431609842 0.00000000099999999998 
0.00000000099999999997 0.00000000099999999997 0.00000000099999999997 0.00000000099999999997 0.43733595656564688836 0.00000000099999999997 0.00000000099999999997 0.56266403643435292103 0.00000000099999999997 
0.00000000099999999999 0.39018106589427181685 0.30690421502457115865 0.00000108765536167109 0.00000000099999999999 0.00731521812115050029 0.02838080825699568557 0.26721760204764916091 0.00000000099999999999 
0.00000000099999999992 0.99999999200000011523 0.00000000099999999992 0.00000000099999999992 0.00000000099999999992 0.00000000099999999992 0.00000000099999999992 0.00000000099999999992 0.00000000099999999992 
0.00000000099999999994 0.47694698527948675704 0.52305300772051344094 0.00000000099999999994 0.00000000099999999994 0.00000000099999999994 0.00000000099999999994 0.00000000099999999994 0.00000000099999999994 
0.00000000099999999998 0.00000000099999999998 0.69844267482601840591 0.11710317725261226718 0.16530779006618498417 0.00811059328338611246 0.01103576057179833994 0.00000000099999999998 0.00000000099999999998 
0.00000000099999999992 0.00000000099999999992 0.00000000099999999992 0.00000000099999999992 0.00000000099999999992 0.00000000099999999992 0.00000000099999999992 0.99999999200000000421 0.00000000099999999992 
0.00000000099999999991 0.00000000099999999991 0.00000000099999999991 0.00000000099999999991 0.00000000099999999991 0.00000000099999999991 0.00000000099999999991 0.99999999199999989319 0.00000000099999999991 
0.00000000099999999997 0.00000000138147588042 0.40690408781787312797 0.00000000099999999997 0.15931597199734787162 0.00000000099999999997 0.00000000099999999997 0.43377993380330315265 0.00000000099999999997 
0.00000000099999999996 0.26274114403318010735 0.43208933378431829686 0.00000000099999999996 0.28714568309098215115 0.01802383409151949237 0.00000000099999999996 0.00000000099999999996 0.00000000099999999996 
0.00000000099999999998 0.30236827123641013548 0.42459571704133108883 0.15772105940421449199 0.11525929068530296751 0.00000000099999999998 0.00000000099999999998 0.00005565763274125017 0.00000000099999999998 
0.00000000099999999998 0.38988280932090679798 0.33736047876736247053 0.00000000099999999998 0.26109304047557668760 0.01166366643615417316 0.00000000099999999998 0.00000000099999999998 0.00000000099999999998 
0.00000000099999999997 0.38157740550275609515 0.00000000099999999997 0.07768168071169236077 0.12415467902242152687 0.00000000099999999997 0.00000000099999999997 0.41658622976312997821 0.00000000099999999997 
0.00000000099999999997 0.24347764228836388245 0.24719205831962934306 0.05881320177392523191 0.11004878817795413215 0.01552499275226403366 0.00000000099999999997 0.32494331368786338876 0.00000000099999999997 
0.07399106488755102795 0.00236300557440310977 0.43808285469743640794 0.00000000100000000000 0.11454166888174098504 0.00740016093444771823 0.00000907221195027905 0.36361217081247038108 0.00000000100000000000 
0.00000000099999999996 0.29428804894334154030 0.32331021262095183122 0.09410105613622053722 0.20820431580654782944 0.00000000099999999996 0.00000000099999999996 0.08009636249293819454 0.00000000099999999996 
0.00000000099999999995 0.00000000099999999995 0.41840383698799188394 0.11356870470015288654 0.15237574724922844926 0.00000024026835209247 0.00000000099999999995 0.31565146679427480425 0.00000000099999999995 
0.00000000099999999990 0.00000000099999999990 0.00000000099999999990 0.00000000099999999990 0.00000000099999999990 0.00000000099999999990 0.00000000099999999990 0.99999999200000000421 0.00000000099999999990 
0.00000000099999999997 0.16536476779462344622 0.27978246788243665844 0.08094274040692672756 0.23604756656473263599 0.00000000099999999997 0.00835862954766122650 0.22950382480361916637 0.00000000099999999997 
0.00000000099999999995 0.00000000099999999995 0.00000000099999999995 0.00000000099999999995 0.24197284268718982636 0.00000000099999999995 0.00000000099999999995 0.75802715031281020508 0.00000000099999999995 
0.00000000099999999998 0.26904426201302039656 0.00214729488029318568 0.08789493518945962203 0.35723559895654516394 0.00000000099999999998 0.00000000099999999998 0.28367790496068162609 0.00000000099999999998 
0.00000000099999999998 0.22426703678745715798 0.16016545934483986113 0.07645122788731609220 0.17956067067935080339 0.00651309049721445193 0.00687152035292503197 0.34617099245089644199 0.00000000099999999998 
0.00000000099999999997 0.20359939478455355011 0.29223875461540216314 0.09353626017326630016 0.00000000099999999997 0.00000000099999999997 0.00000000099999999997 0.41062558542677812801 0.00000000099999999997 
0.00000000099999999989 0.00000000099999999989 0.00000000099999999989 0.00000000099999999989 0.00000000099999999989 0.00000000099999999989 0.00000000099999999989 0.99999999200000000421 0.00000000099999999989 
0.00000000099999999992 0.00000000099999999992 0.00000000099999999992 0.00000000099999999992 0.00000000099999999992 0.99999999200000000421 0.00000000099999999992 0.00000000099999999992 0.00000000099999999992 
0.00000000099999999996 0.00000106979376726914 0.00000000099999999996 0.00000000099999999996 0.00000000099999999996 0.99999892052591532465 0.00000000099999999996 0.00000000368031733914 0.00000000099999999996 
0.99999999200000022626 0.00000000099999999959 0.00000000099999999959 0.00000000099999999959 0.00000000099999999959 0.00000000099999999959 0.00000000099999999959 0.00000000099999999959 0.00000000099999999959 
0.00000000099999999960 0.00000000099999999960 0.00000000099999999960 0.00000000099999999960 0.00000000099999999960 0.00000000099999999960 0.99999999199999989319 0.00000000099999999960 0.00000000099999999960 
0.00000000099999999998 0.00000000099999999998 0.08257753426226520366 0.00000000099999999998 0.00000000099999999998 0.88286164269256406367 0.03456081704517077746 0.00000000099999999998 0.00000000099999999998 
0.00000000099999999991 0.00000000099999999991 0.99999999200000000421 0.00000000099999999991 0.00000000099999999991 0.00000000099999999991 0.00000000099999999991 0.00000000099999999991 0.00000000099999999991 
0.00000000099999999997 0.00000000099999999997 0.49023563816066229037 0.17672376007840789880 0.00000000099999999997 0.00005283986335320396 0.00000000099999999997 0.33298775689757648122 0.00000000099999999997 
0.00000000099999999996 0.00000000099999999996 0.00000000099999999996 0.04353026425767356905 0.00000000099999999996 0.95646972874232638606 0.00000000099999999996 0.00000000099999999996 0.00000000099999999996 
0.00000000099999999997 0.41476681803426601602 0.27127289960865069718 0.00000000099999999997 0.07450290151842509090 0.01013907344234928065 0.00000000099999999997 0.22931830339630893123 0.00000000099999999997 
0.00000000099999999996 0.54389386705575115677 0.00000000099999999996 0.00000000099999999996 0.00000000099999999996 0.00000000099999999996 0.00382295246768051900 0.45228317447656840589 0.00000000099999999996 
0.00000000099999999994 0.00000000099999999994 0.00000000099999999994 0.00000000099999999994 0.60029428019415898010 0.00000000099999999994 0.00000000099999999994 0.39970571280584105134 0.00000000099999999994 
0.99999999200000022626 0.00000000099999999955 0.00000000099999999955 0.00000000099999999955 0.00000000099999999955 0.00000000099999999955 0.00000000099999999955 0.00000000099999999955 0.00000000099999999955 
0.99999999200000022626 0.00000000099999999954 0.00000000099999999954 0.00000000099999999954 0.00000000099999999954 0.00000000099999999954 0.00000000099999999954 0.00000000099999999954 0.00000000099999999954 
0.00000000099999999945 0.00000000099999999945 0.00000000099999999945 0.00000000099999999945 0.00000000099999999945 0.00000000099999999945 0.00000000099999999945 0.00000000099999999945 0.99999999200000000421 
0.99999999200000011523 0.00000000099999999949 0.00000000099999999949 0.00000000099999999949 0.00000000099999999949 0.00000000099999999949 0.00000000099999999949 0.00000000099999999949 0.00000000099999999949 
0.00000000099999999948 0.00000000099999999948 0.00000000099999999948 0.00000000099999999948 0.00000000099999999948 0.00000000099999999948 0.00000000099999999948 0.00000000099999999948 0.99999999199999989319 
0.00000000099999999996 0.00000000099999999996 0.00000000099999999996 0.00000000099999999996 0.00000000099999999996 0.99999999200000011523 0.00000000099999999996 0.00000000099999999996 0.00000000099999999996 
0.00000000099999999999 0.36781076524775990766 0.17386189745648986116 0.00000000099999999999 0.14966468386153802816 0.00000000099999999999 0.00529635140398554676 0.30336629803022674423 0.00000000099999999999 
0.36656833326214116608 0.00000000099999999955 0.00000000099999999955 0.00000000099999999955 0.00000000099999999955 0.00000000099999999955 0.00000000099999999955 0.00000000099999999955 0.63343165973785875433 
0.00000000099999999952 0.00000000099999999952 0.00000000099999999952 0.00000000099999999952 0.00000000099999999952 0.00000000099999999952 0.00000000099999999952 0.00000000099999999952 0.99999999199999989319 
0.00000000099999999958 0.00000000099999999958 0.00000000099999999958 0.00000000099999999958 0.00000000099999999958 0.00000000099999999958 0.99999999199999989319 0.00000000099999999958 0.00000000099999999958 
0.00000000099999999958 0.00000000099999999958 0.00000000099999999958 0.00000000099999999958 0.00000000099999999958 0.00000000099999999958 0.99999999199999989319 0.00000000099999999958 0.00000000099999999958 
0.00000000099999999997 0.26510830530316586984 0.33280528219874555562 0.11779950511011220982 0.15382755157539146351 0.00000000099999999997 0.00000000099999999997 0.13045935181258469515 0.00000000099999999997 
0.39335028287134182756 0.00000000099999999959 0.00000000099999999959 0.00000000099999999959 0.00000000099999999959 0.00000000099999999959 0.00000000099999999959 0.00000000099999999959 0.60664971012865809286 
0.00000000099999999997 0.52353052614297967970 0.47646946685702051827 0.00000000099999999997 0.00000000099999999997 0.00000000099999999997 0.00000000099999999997 0.00000000099999999997 0.00000000099999999997 
0.00000000099999999997 0.39784401354424431263 0.44029739543835599846 0.00285230028466562820 0.00000000099999999997 0.00000000099999999997 0.00000000099999999997 0.15900628573273406507 0.00000000099999999997 
0.00000000099999999995 0.00000000099999999995 0.00000000099999999995 0.00000000099999999995 0.06355207844242628801 0.93644791455757370180 0.00000000099999999995 0.00000000099999999995 0.00000000099999999995 
0.00000000099999999997 0.18230278393479609766 0.31529897166306403156 0.09621382236647568753 0.11185002028979859623 0.00000000099999999997 0.00000000099999999997 0.29433439774586572790 0.00000000099999999997 
0.00000000099999999989 0.00000000099999999989 0.00000000099999999989 0.00000000099999999989 0.00000000099999999989 0.99999999200000011523 0.00000000099999999989 0.00000000099999999989 0.00000000099999999989 
0.00000000099999999989 0.99999999200000011523 0.00000000099999999989 0.00000000099999999989 0.00000000099999999989 0.00000000099999999989 0.00000000099999999989 0.00000000099999999989 0.00000000099999999989 
0.00000000099999999991 0.00000000099999999991 0.00000000099999999991 0.00000000099999999991 0.00000000099999999991 0.99999999200000011523 0.00000000099999999991 0.00000000099999999991 0.00000000099999999991 
0.00000000099999999993 0.72868862064236139542 0.00000000099999999993 0.27131137235763880255 0.00000000099999999993 0.00000000099999999993 0.00000000099999999993 0.00000000099999999993 0.00000000099999999993 
0.00000000099999999993 0.00000000099999999993 0.99999999200000000421 0.00000000099999999993 0.00000000099999999993 0.00000000099999999993 0.00000000099999999993 0.00000000099999999993 0.00000000099999999993 
0.00000000099999999953 0.00000000099999999953 0.00000000099999999953 0.00000000099999999953 0.00000000099999999953 0.00000000099999999953 0.00000000099999999953 0.00000000099999999953 0.99999999199999989319 
0.00000000099999999993 0.00000000099999999993 0.00000000099999999993 0.00000000099999999993 0.00000000099999999993 0.99999999200000011523 0.00000000099999999993 0.00000000099999999993 0.00000000099999999993 
0.40981554531573444189 0.00000000099999999956 0.00000000099999999956 0.00000000099999999956 0.00000000099999999956 0.00000000099999999956 0.00000000099999999956 0.00000000099999999956 0.59018444768426525648 
0.99999999200000011523 0.00000000099999999949 0.00000000099999999949 0.00000000099999999949 0.00000000099999999949 0.00000000099999999949 0.00000000099999999949 0.00000000099999999949 0.00000000099999999949 
0.00000000099999999990 0.99999999200000011523 0.00000000099999999990 0.00000000099999999990 0.00000000099999999990 0.00000000099999999990 0.00000000099999999990 0.00000000099999999990 0.00000000099999999990 
0.00000000099999999997 0.30950858173075074253 0.18974488886431389867 0.07750527817356006599 0.11415359560841589759 0.01109980476009701615 0.00000000099999999997 0.29798784786286225401 0.00000000099999999997 
0.00000000099999999994 0.50786811306590085024 0.49213187993409918120 0.00000000099999999994 0.00000000099999999994 0.00000000099999999994 0.00000000099999999994 0.00000000099999999994 0.00000000099999999994 
0.00000000099999999997 0.26312606550313072384 0.29556441588722642821 0.00019088958085251352 0.03456739180587582727 0.00000000099999999997 0.00000000099999999997 0.40655123322291464305 0.00000000099999999997 
0.00000000099999999996 0.00000000099999999996 0.34794193964632191829 0.26687235305134660024 0.14677565614850085485 0.00000000099999999996 0.00000000099999999996 0.23841004615383062926 0.00000000099999999996 
0.00000000099999999997 0.14249888661749499086 0.38312293260176910614 0.00000000099999999997 0.22440931399652300215 0.00335632180024776411 0.00298474286892130456 0.24362779911504381380 0.00000000099999999997 
0.00000000099999999992 0.00000000099999999992 0.99999999200000011523 0.00000000099999999992 0.00000000099999999992 0.00000000099999999992 0.00000000099999999992 0.00000000099999999992 0.00000000099999999992 
0.00000000099999999993 0.00000000099999999993 0.00000000099999999993 0.06895966723801948139 0.00000000099999999993 0.93104032576198048066 0.00000000099999999993 0.00000000099999999993 0.00000000099999999993 
0.00000000099999999995 0.00000000099999999995 0.49240160864662130269 0.12470587645897879270 0.00000000099999999995 0.00000000099999999995 0.00000000099999999995 0.38289250889439996328 0.00000000099999999995 
0.44530524516180575167 0.00000000099999999956 0.00000000099999999956 0.00000000099999999956 0.00000000099999999956 0.00000000099999999956 0.00000000099999999956 0.00000000099999999956 0.55469474783819416874 
0.00000000099999999998 0.44202782404354667989 0.19817908054115737637 0.00000000099999999998 0.04155874636996689103 0.00000000099999999998 0.00000000099999999998 0.31823434404532907616 0.00000000099999999998 
0.00000000099999999979 0.00000000099999999979 0.00000000099999999979 0.00000000099999999979 0.00000000099999999979 0.00000000099999999979 0.00000000099999999979 0.00000000099999999979 0.99999999199999989319 
0.99999999200000011523 0.00000000099999999955 0.00000000099999999955 0.00000000099999999955 0.00000000099999999955 0.00000000099999999955 0.00000000099999999955 0.00000000099999999955 0.00000000099999999955 
0.00000000099999999997 0.21781442406166487413 0.40633501429005625116 0.19101165678638576395 0.00120591848339206883 0.00278473007860178309 0.00000000099999999997 0.18084825329989948073 0.00000000099999999997 
0.00000000099999999998 0.00000000099999999998 0.39774473377476049496 0.00000000099999999998 0.22948410109611289132 0.00000000099999999998 0.00000000099999999998 0.37277115912912656137 0.00000000099999999998 
0.00000000099999999998 0.32651552873411437972 0.31556638226339372988 0.00000000099999999998 0.23686295319099401335 0.00542398694204958287 0.00000000099999999998 0.11563114486944817139 0.00000000099999999998 
0.99999999200000011523 0.00000000099999999961 0.00000000099999999961 0.00000000099999999961 0.00000000099999999961 0.00000000099999999961 0.00000000099999999961 0.00000000099999999961 0.00000000099999999961 
0.00000000099999999991 0.00000000099999999991 0.00000000099999999991 0.00000000099999999991 0.00000000099999999991 0.99999999200000011523 0.00000000099999999991 0.00000000099999999991 0.00000000099999999991 
0.00000000099999999992 0.00000000099999999992 0.00000000099999999992 0.00000000099999999992 0.00000000099999999992 0.99999999200000011523 0.00000000099999999992 0.00000000099999999992 0.00000000099999999992 
0.45714299059301777284 0.00000000099999999961 0.00000000099999999961 0.00000000099999999961 0.00000000099999999961 0.00000000099999999961 0.00000000099999999961 0.00000000099999999961 0.54285700240698209207 
0.00000000099999999999 0.16229804055497934479 0.33495266428966707917 0.00000000099999999999 0.07539216685723881817 0.00209329278613476152 0.00388564590622977879 0.42137818660575010465 0.00000000099999999999 
0.00000000099999999999 0.29948046536393407857 0.31818598169756168170 0.17424913665145264074 0.12965756417072973883 0.02873747649827402065 0.00001445147721591685 0.04967492214083193275 0.00000000099999999999 
0.49917349559536350334 0.00000000099999999964 0.00000000099999999964 0.00000000099999999964 0.00000000099999999964 0.00000000099999999964 0.00000000099999999964 0.00000000099999999964 0.50082649740463636157 
0.00000000099999999996 0.26774871599690197588 0.00000000125592274901 0.13815637006773826001 0.29008037265638286772 0.00000000099999999996 0.00000000099999999996 0.30401453602305411605 0.00000000099999999996 
0.00000000099999999989 0.00000000099999999989 0.00000000099999999989 0.00000000099999999989 0.00000000099999999989 0.99999999200000000421 0.00000000099999999989 0.00000000099999999989 0.00000000099999999989 
0.00000000099999999978 0.00000000099999999978 0.00000000099999999978 0.99999999200000011523 0.00000000099999999978 0.00000000099999999978 0.00000000099999999978 0.00000000099999999978 0.00000000099999999978 
