0.96549781060765260676 0.02606105346923332997 0.00033739039484107099 0.00810374552827299727 
0.00000000099999999996 0.00000000099999999996 0.00000000099999999996 0.99999999699999997382 
0.00000000099999999996 0.00000000099999999996 0.00000000099999999996 0.99999999700000008485 
0.95153472245306580657 0.00550812710601606033 0.00000000099999999999 0.04295714944091816312 
0.98628268114722128512 0.01320410896222888944 0.00000000100000000000 0.00051320889054967634 
0.96294823518260785900 0.00636389952610130413 0.00000000099999999999 0.03068786429129092067 
0.00000000099999999997 0.00000000099999999997 0.00000000099999999997 0.99999999699999997382 
0.00000000099999999995 0.00000000099999999995 0.00000000099999999995 0.99999999700000008485 
0.97120186387076568035 0.01970975415882294385 0.00000000099999999999 0.00908838097041141796 
0.00000000099999999997 0.00000000099999999997 0.00000000099999999997 0.99999999700000008485 
0.96835240376539033491 0.01376884810986733591 0.00000000100000000000 0.01787874712474231409 
0.96573487893443177299 0.01150748478838415495 0.00000000099999999999 0.02275763527718414891 
0.98585829098965671591 0.00883616778046314964 0.00000000100000000000 0.00530554022988002395 
0.96960119183255089048 0.01965108060052291744 0.00000000100000000000 0.01074772656692624465 
0.97089380754892296022 0.02161961500046257270 0.00608524476964699204 0.00140133268096746377 
0.90556913281984785513 0.03330219705721260831 0.00000000099999999999 0.06112866912293948157 
0.99215278558742747705 0.00018584054899581034 0.00000000100000000000 0.00766137286357661783 
0.98807877473188121531 0.00653854562009928333 0.00538267864801953225 0.00000000100000000000 
0.97692594074326399856 0.01147257988064142968 0.00816567154717952846 0.00343580782891495396 
0.99110485803329961829 0.00793066220135973422 0.00000000099999999998 0.00096447876534063674 
0.99585702858179947494 0.00000908563761773244 0.00000000100000000000 0.00413388478058286137 
0.00000000099999999998 0.00000000099999999998 0.00000000099999999998 0.99999999700000008485 
0.96957780524301462322 0.00000000099999999999 0.00000000099999999999 0.03042219275698541947 
0.95794253670700235670 0.00407612777788286459 0.00000000099999999999 0.03798133451511479658 
0.96651673097950441260 0.00000012848650559219 0.00000000099999999999 0.03348313953399006254 
0.99310741891453746533 0.00689257908546240649 0.00000000099999999999 0.00000000099999999999 
0.00000000099999999988 0.99999999699999997382 0.00000000099999999988 0.00000000099999999988 
0.00000000099999999986 0.99999999699999997382 0.00000000099999999986 0.00000000099999999986 
0.98279200829075896717 0.01169267720992035915 0.00000000100000000000 0.00551531349932072191 
0.98500337166502471842 0.01499662633497539366 0.00000000099999999999 0.00000000099999999999 
0.97024160426408556646 0.00000000099999999999 0.00000000099999999999 0.02975839373591455603 
0.00000000099999999998 0.00000000099999999998 0.00000000099999999998 0.99999999699999997382 
0.39851270640362868036 0.36099499005306939781 0.00000000099999999997 0.24049230254330189460 
0.99842652563875433636 0.00105352291339543317 0.00000000099999999999 0.00051995044785025887 
0.00000000099999999986 0.00000000099999999986 0.99999999699999997382 0.00000000099999999986 
0.00000000099999999982 0.00000000099999999982 0.99999999699999986280 0.00000000099999999982 
0.00000000099999999982 0.00000000099999999982 0.99999999699999997382 0.00000000099999999982 
0.00000000099999999988 0.99999999700000008485 0.00000000099999999988 0.00000000099999999988 
0.00000000099999999987 0.99999999700000008485 0.00000000099999999987 0.00000000099999999987 
0.99410464935745168624 0.00359232110432246288 0.00000000099999999999 0.00230302853822576944 
0.00000000099999999998 0.00000000099999999998 0.00000000099999999998 0.99999999700000008485 
0.00000000099999999987 0.99999999699999997382 0.00000000099999999987 0.00000000099999999987 
0.95992236503545780302 0.01216345038449334094 0.00000000099999999999 0.02791418358004889647 
0.00000000099999999996 0.00000000099999999996 0.00000000099999999996 0.99999999700000008485 
0.00000000099999999989 0.99999999699999997382 0.00000000099999999989 0.00000000099999999989 
0.97033650266137227991 0.00996894019323426618 0.00000000099999999999 0.01969455614539342495 
0.00000000099999999987 0.99999999700000008485 0.00000000099999999987 0.00000000099999999987 
0.00000000099999999997 0.00000000099999999997 0.00000000099999999997 0.99999999700000008485 
0.00000000099999999995 0.00000000099999999995 0.00000000099999999995 0.99999999700000008485 
0.00000000099999999986 0.99999999700000008485 0.00000000099999999986 0.00000000099999999986 
0.00000000099999999987 0.99999999700000008485 0.00000000099999999987 0.00000000099999999987 
0.00000000099999999997 0.00000000099999999997 0.00000000099999999997 0.99999999699999997382 
0.00000000099999999996 0.00000000099999999996 0.00000000099999999996 0.99999999700000008485 
0.00000000099999999997 0.00000000099999999997 0.00000000099999999997 0.99999999700000008485 
0.00000000099999999989 0.99999999699999997382 0.00000000099999999989 0.00000000099999999989 
0.93162736491498276958 0.01958452902969266482 0.00000000175161011865 0.04878810430371446211 
0.96743729759858132500 0.03018580347200024508 0.00000000100000000000 0.00237689792941860739 
0.97015425381120912185 0.00000000099999999999 0.00000000099999999999 0.02984574418879078553 
0.97787669108653318961 0.00446675846578808902 0.00000000099999999999 0.01765654944767873838 
0.00000000099999999996 0.00000000099999999996 0.00000000099999999996 0.99999999699999997382 
0.98786649542451998585 0.00978324319916928399 0.00160999263124450434 0.00074026874506631028 
0.00000000099999999985 0.00000000099999999985 0.99999999699999997382 0.00000000099999999985 
0.98049199328096869888 0.00932741011442090630 0.00000000099999999998 0.01018059560461034331 
0.00000000099999999985 0.00000000099999999985 0.99999999699999997382 0.00000000099999999985 
0.95209777773962656067 0.00114485083313041252 0.00000000100000000000 0.04675737042724301129 
0.00000000099999999986 0.00000000099999999986 0.99999999699999986280 0.00000000099999999986 
0.98153342759185846500 0.00569612053060258167 0.00000000099999999999 0.01277045087753902498 
0.97379022454866648317 0.01070222081959456249 0.00000007703820964533 0.01550747759352919149 
0.00000000099999999995 0.00000000099999999995 0.00000000099999999995 0.99999999700000008485 
0.99999550496070144234 0.00000000099999999998 0.00000000099999999998 0.00000449303929865549 
0.00000000099999999985 0.00000000099999999985 0.99999999699999986280 0.00000000099999999985 
0.00000000099999999987 0.00000000099999999987 0.99999999699999986280 0.00000000099999999987 
0.89778597495358924974 0.01484933974764743661 0.00000000099999999999 0.08736468429876328989 
0.00000000099999999995 0.00000000099999999995 0.00000000099999999995 0.99999999699999997382 
0.00000000099999999989 0.99999999700000008485 0.00000000099999999989 0.00000000099999999989 
0.00000000099999999996 0.00000000099999999996 0.00000000099999999996 0.99999999699999997382 
0.95665474314941056910 0.00000000100000000000 0.00118326722105134802 0.04216198862953812049 
0.00000000099999999984 0.00000000099999999984 0.99999999699999986280 0.00000000099999999984 
0.00000000099999999985 0.99999999700000008485 0.00000000099999999985 0.00000000099999999985 
0.00000000099999999987 0.00000000099999999987 0.99999999699999986280 0.00000000099999999987 
0.97257675508612495552 0.02163418092405182055 0.00320435533824106784 0.00258470865158218080 
0.00000000099999999995 0.00000000099999999995 0.00000000099999999995 0.99999999700000008485 
0.00000000099999999996 0.00000000099999999996 0.00000000099999999996 0.99999999700000008485 
0.75923423919528576498 0.00460372431987690969 0.00000000099999999999 0.23616203548483732932 
0.96873805371805554731 0.02489625752463846958 0.00000000100000000000 0.00636568775730586307 
0.98512845073568811038 0.00000030996994411393 0.00000000099999999999 0.01487123829436762766 
0.97099686609048785346 0.00000000099999999999 0.00000000099999999999 0.02900313190951217535 
0.99672662365960462694 0.00257676415601360703 0.00000000100000000000 0.00069661118438184191 
0.99999999700000008485 0.00000000099999999998 0.00000000099999999998 0.00000000099999999998 
0.98412177611789419807 0.00074966939301350283 0.00000000099999999999 0.01512855348909225399 
0.97594378533444070545 0.01061947975415496008 0.00000000099999999999 0.01343673391140423959 
0.95794058142977411840 0.00000001746292724179 0.00000000197497677393 0.04205939913232194932 
0.00000000099999999996 0.00000000099999999996 0.00000000099999999996 0.99999999700000008485 
0.00001205310060686719 0.00000000099999999998 0.00000000099999999998 0.99998794489939324404 
0.00000000099999999991 0.00000000099999999991 0.99999999699999997382 0.00000000099999999991 
0.00000000099999999998 0.00000000099999999998 0.00000000099999999998 0.99999999700000008485 
0.00000000099999999998 0.00000000099999999998 0.00000000099999999998 0.99999999699999997382 
0.96190745292385693155 0.01047609935613851018 0.00000000099999999999 0.02761644672000464554 
0.00000000099999999982 0.00000000099999999982 0.99999999699999986280 0.00000000099999999982 
0.99172960665264731084 0.00827038596970292028 0.00000000100000000000 0.00000000637764984957 
0.97013083212445472281 0.00843584495115368670 0.00000000099999999999 0.02143332192439156847 
0.98307211126000615398 0.01001821412746273406 0.00201313694062261973 0.00489653767190851522 
0.96379915336122601310 0.00700913566100098105 0.00000000100000000000 0.02919170997777301851 
0.99199389437736251729 0.00038793691828468274 0.00050963715839542857 0.00710853154595735698 
0.95726468656572272220 0.00008307012878022635 0.00000009800128627303 0.04265214530421090888 
0.98888178069952692439 0.00902742734851602613 0.00000000100000000000 0.00209079095195716233 
0.97203297769306307163 0.01123141607414804288 0.00000000100000000000 0.01673560523278896234 
0.94707695920474377349 0.03204881192310860688 0.00443040151343901661 0.01644382735870854664 
0.97702384993861257634 0.01503531789799795494 0.00000000099999999999 0.00794083116338944496 
0.99915843232399215168 0.00000000099999999999 0.00000000099999999999 0.00084156567600778974 
0.94303144837598196215 0.02869840733027434129 0.00097168959830210065 0.02729845469544162767 
0.98591272314021793921 0.01408727485978220756 0.00000000099999999999 0.00000000099999999999 
0.98434665493027562189 0.00059202994096592301 0.00000000100000000000 0.01506131412875856904 
0.99663479037183433373 0.00145827222238935936 0.00000000099999999999 0.00190693640577636056 
0.96223229745321314788 0.00000000099999999999 0.00000000099999999999 0.03776770054678688093 
0.97009860201710007566 0.01093693571385198279 0.00000000100000000000 0.01896446126904796983 
0.95531996530877749674 0.00000000099999999999 0.00000000099999999999 0.04468003269122241411 
0.99039495814324751688 0.00188705779551368177 0.00000000100000000000 0.00771798306123871580 
0.96808406110861200400 0.00238950339377541577 0.00000000099999999999 0.02952643449761255603 
0.89681350208661492207 0.00709175868958115702 0.06803138946499477646 0.02806334975880909327 
0.99248442028263472725 0.00000000099999999999 0.00000000099999999999 0.00751557771736539003 
0.97805345587619541003 0.00000000099999999998 0.00000000099999999998 0.02194654212380459796 
0.96914426711037970907 0.00000019054073313863 0.00000000099999999998 0.03085554134888721795 
0.97827558869577657674 0.01926986653711591779 0.00000000099999999999 0.00245454376710744571 
0.98168675825973206184 0.00000000099999999998 0.00000000099999999998 0.01831323974026802942 
0.98009909086250734944 0.00849887428342875791 0.00362403650307221905 0.00777799835099173172 
0.97542565982474682684 0.00885447919595475433 0.00000000099999999999 0.01571985997929831180 
0.99703301079832851173 0.00296698252752435878 0.00000000099999999999 0.00000000567414718180 
0.96242701271148556330 0.00000000099999999998 0.00000000099999999998 0.03757298528851438224 
0.00000000099999999996 0.00000000099999999996 0.00000000099999999996 0.99999999700000008485 
0.00000000614811817365 0.00000000099999999998 0.00000000099999999998 0.99999999185188193085 
0.00000000099999999988 0.00000000099999999988 0.99999999699999986280 0.00000000099999999988 
0.00000000099999999985 0.99999999699999997382 0.00000000099999999985 0.00000000099999999985 
0.04628410189978212491 0.03979629497426475510 0.00000000100000000000 0.91391960212595324542 
0.98270741964461771900 0.00000000099999999998 0.00000000099999999998 0.01729257835538217797 
0.96318565138151568394 0.00457905638574439017 0.00000000458190517651 0.03223528765083471387 
0.00000000099999999999 0.00395591441743522922 0.00000000099999999999 0.99604408358256468770 
0.97702129552849226179 0.00000000099999999999 0.00000000099999999999 0.02297870247150791273 
0.98138805045432064844 0.01521755981929496897 0.00000000099999999998 0.00339438872638434625 
0.99387839363081531552 0.00612160436918470115 0.00000000099999999999 0.00000000099999999999 
0.00000000099999999984 0.00000000099999999984 0.99999999699999986280 0.00000000099999999984 
0.00000000099999999985 0.00000000099999999985 0.99999999699999997382 0.00000000099999999985 
0.00000000099999999982 0.00000000099999999982 0.99999999699999997382 0.00000000099999999982 
0.00000000099999999983 0.00000000099999999983 0.99999999699999997382 0.00000000099999999983 
0.00000000099999999983 0.00000000099999999983 0.99999999699999997382 0.00000000099999999983 
0.00000000099999999998 0.00000000099999999998 0.00000000099999999998 0.99999999700000008485 
0.97944608909030084209 0.01463913219346182383 0.00000000100000000000 0.00591477771623733981 
0.00000000099999999983 0.00000000099999999983 0.99999999699999986280 0.00000000099999999983 
0.00000000099999999985 0.00000000099999999985 0.99999999699999997382 0.00000000099999999985 
0.00000000099999999985 0.99999999699999997382 0.00000000099999999985 0.00000000099999999985 
0.00000000099999999985 0.99999999700000008485 0.00000000099999999985 0.00000000099999999985 
0.99996990908800986730 0.00000000099999999999 0.00000000099999999999 0.00003008891199025815 
0.00000000099999999984 0.00000000099999999984 0.99999999699999997382 0.00000000099999999984 
0.97937168529451668064 0.00000000149533130978 0.00006013439743442451 0.02056817881271750040 
0.99761299443906981121 0.00238700279008125394 0.00000000099999999999 0.00000000177084891610 
0.03846088692255945907 0.00000000099999999998 0.00000000099999999998 0.96153911107744061137 
0.98449893850923031469 0.00003491546893303651 0.00000000099999999999 0.01546614502183666848 
0.00000000099999999995 0.00000000099999999995 0.00000000099999999995 0.99999999699999997382 
0.96482556477070069434 0.00886732680431107263 0.00000000099999999999 0.02630710742498830468 
0.00000000099999999995 0.00000000099999999995 0.00000000099999999995 0.99999999700000008485 
0.96288112844478823682 0.02048535473425006428 0.00000000100000000000 0.01663351582096167861 
0.98369832356504682824 0.01616068053827916101 0.00000000100000000000 0.00014099489667408164 
0.00000000099999999986 0.00000000099999999986 0.99999999699999986280 0.00000000099999999986 
0.00000000099999999996 0.00000000099999999996 0.00000000099999999996 0.99999999700000008485 
0.00000000099999999983 0.00000000099999999983 0.99999999699999986280 0.00000000099999999983 
0.00000000099999999983 0.00000000099999999983 0.99999999699999986280 0.00000000099999999983 
0.98556193461741015138 0.00123808500506656857 0.00000000100000000000 0.01319997937752336384 
0.96721111999826703265 0.00052032634054560798 0.00000000099999999999 0.03226855266118740934 
0.98827452864258946708 0.00000000099999999998 0.00000000099999999998 0.01172546935741072827 
0.98854189572048611900 0.00619401274322145794 0.00000000099999999999 0.00526409053629255629 
0.97351589091302748180 0.01580011889463510399 0.00000000099999999999 0.01068398919233748412 
0.96696077606445429709 0.01061312402100918900 0.00000000099999999999 0.02242609891453649015 
0.99999993384433882859 0.00000006415566111461 0.00000000099999999999 0.00000000099999999999 
0.00169503563415492400 0.00000000099999999998 0.00000000099999999998 0.99830496236584520542 
0.99987081423368395772 0.00012167676570999613 0.00000000099999999999 0.00000750800060591461 
0.00000000099999999983 0.00000000099999999983 0.99999999699999986280 0.00000000099999999983 
0.99377493943535166743 0.00333651176220066317 0.00000000100000000000 0.00288854780244762006 
0.00000000099999999994 0.00000000099999999994 0.99999999699999986280 0.00000000099999999994 
0.00000000099999999985 0.00000000099999999985 0.99999999699999986280 0.00000000099999999985 
0.97172170871151219984 0.00001220425300362643 0.00000000099999999999 0.02826608603548412535 
0.98734095225193863055 0.01265904574806132887 0.00000000099999999999 0.00000000099999999999 
0.97549668126211386276 0.00000000100000000000 0.00000308108117589196 0.02450023665671031622 
0.00000000099999999987 0.00000000099999999987 0.99999999699999986280 0.00000000099999999987 
0.00000000099999999996 0.00000000099999999996 0.00000000099999999996 0.99999999699999997382 
0.00000000099999999996 0.00000000099999999996 0.00000000099999999996 0.99999999700000008485 
0.00000000099999999985 0.00000000099999999985 0.99999999699999997382 0.00000000099999999985 
0.97867525420467804675 0.01011488186013288597 0.00000000100000000000 0.01120986293518893596 
0.93984948233083731584 0.01605116455449100143 0.00000000100000000000 0.04409935211467172489 
0.00000000099999999986 0.00000000099999999986 0.99999999699999997382 0.00000000099999999986 
0.97963926439394255485 0.01081857617623755395 0.00000000099999999999 0.00954215842982007387 
0.00000000099999999995 0.00000000099999999995 0.00000000099999999995 0.99999999700000008485 
0.54450691820478269722 0.11192979848212719629 0.10675107363455971221 0.23681220967853042203 
0.96326541244992747171 0.00000000100000000000 0.00457618689376757589 0.03215839965630492431 
0.94588580979117331538 0.01598674099881112337 0.00000000099999999999 0.03812744821001563811 
0.97837148252159333861 0.01840148795452892574 0.00000000099999999999 0.00322702852387774658 
0.98500864704987312059 0.01469970956250675302 0.00000000099999999999 0.00029164238762018183 
0.99398196862508914062 0.00601802937491094196 0.00000000099999999999 0.00000000099999999999 
0.98881112600835874282 0.00000000099999999999 0.00000000099999999999 0.01118887199164126170 
0.97295254069070880032 0.01647155887467104465 0.00000000099999999999 0.01057589943462016943 
0.95664544107069893197 0.00822220349707522905 0.00833202450548427287 0.02680033092674156264 
0.00000000099999999997 0.00000000099999999997 0.00000000099999999997 0.99999999699999997382 
0.96669356989215193821 0.01040639949338902429 0.00000000099999999999 0.02290002961445911436 
0.98982513389131954185 0.01017486335801912577 0.00000000099999999999 0.00000000175066125512 
0.94470709612918468689 0.00554639500804785576 0.00000000100000000000 0.04974650786276754028 
0.97851826546921694128 0.00000000099999999999 0.00000000099999999999 0.02148173253078303202 
0.95468199221065674909 0.00552504241281345527 0.00242913633456028066 0.03736382904196947768 
0.99947141855726040482 0.00052633440320068209 0.00000000099999999999 0.00000224603953882073 
0.97874836136651033325 0.00221963740654527444 0.00000000100000000000 0.01903200022694433863 
0.00154587275351054042 0.00000000099999999998 0.00000000099999999998 0.99845412524648957664 
0.95528670942652993414 0.02085841950603278816 0.00000000099999999999 0.02385487006743732680 
0.97616724096523121990 0.01363375199560254609 0.00000000099999999999 0.01019900603916640280 
0.97405619378189811641 0.00017971910824532235 0.01110859046793413740 0.01465549664192241676 
0.00000001898300060379 0.00000000099999999998 0.00000000099999999998 0.99999997901699944070 
0.95104373569739997230 0.00000005423614906712 0.01927042149614161676 0.02968578857030944318 
0.97414991223694569200 0.01254029403907624268 0.00000000100000000000 0.01330979272397792706 
0.50611960590048110653 0.01191355884330295122 0.00000000099999999999 0.48196683425621605901 
0.96956411519387031284 0.00000000099999999998 0.00000000099999999998 0.03043588280612968475 
0.00000000099999999986 0.00000000099999999986 0.99999999699999997382 0.00000000099999999986 
0.95909061678121076966 0.01976909488103706369 0.00000000099999999999 0.02114028733775218799 
0.96247037387077905013 0.00785541806544336717 0.00000000100000000000 0.02967420706377753292 
