0.99999999300000019797 0.00000000099999999996 0.00000000099999999996 0.00000000099999999996 0.00000000099999999996 0.00000000099999999996 0.00000000099999999996 0.00000000099999999996 
0.00000000099999999994 0.00000000099999999994 0.00000000099999999994 0.99999999299999997593 0.00000000099999999994 0.00000000099999999994 0.00000000099999999994 0.00000000099999999994 
0.00000000099999999994 0.00000000099999999994 0.00000000099999999994 0.97147674611873446882 0.02852324788126555863 0.00000000099999999994 0.00000000099999999994 0.00000000099999999994 
0.17385017162236679478 0.01286755732157890408 0.00000000099999999999 0.03840950116198976749 0.00000000188969272236 0.00000000099999999999 0.41076869198466009481 0.36410407401971167651 
0.44830358015544180539 0.31432457323785673031 0.00000017928091261943 0.00000000099999999999 0.01210198736574464619 0.00000000099999999999 0.22526930769338293636 0.00000037026666131393 
0.52658618889629904558 0.12938689090305668938 0.00000000099999999999 0.02604753777148323055 0.00785424395249512998 0.00000000099999999999 0.01605997002639375157 0.29406516645027230838 
0.00000000099999999992 0.00000000099999999992 0.00000000099999999992 0.94066356163637976362 0.05933643236362026729 0.00000000099999999992 0.00000000099999999992 0.00000000099999999992 
0.00000000099999999992 0.00000000099999999992 0.00000000099999999992 0.99999999299999997593 0.00000000099999999992 0.00000000099999999992 0.00000000099999999992 0.00000000099999999992 
0.00000000498054910475 0.01394906846301561046 0.00472008353894447057 0.00000000099999999997 0.00000000099999999997 0.00000000099999999997 0.43963775596225224129 0.54169308405523863836 
0.00000000099999999994 0.00000000099999999994 0.00000000099999999994 0.99999999300000008695 0.00000000099999999994 0.00000000099999999994 0.00000000099999999994 0.00000000099999999994 
0.00000000099999999994 0.00000000099999999994 0.00000000099999999994 0.00000000099999999994 0.00000000099999999994 0.00000000099999999994 0.99999999299999997593 0.00000000099999999994 
0.49479160604201466445 0.15235502543735279790 0.00883164506044601706 0.00746899142855172397 0.00000000099999999998 0.00000000099999999998 0.28781593815550193804 0.04873679187613282060 
0.00000000099999999993 0.00000000099999999993 0.00000000099999999993 0.00000000099999999993 0.00000000099999999993 0.00000000099999999993 0.99999999299999986491 0.00000000099999999993 
0.49367543457092694092 0.14687815803627177202 0.00742624020224512751 0.00001447661706953573 0.02890323118739449373 0.00000000099999999999 0.00694178449906978148 0.31616067388702245866 
0.55156979447175358278 0.00000224974885581967 0.00887735440659592236 0.00000000099999999999 0.00000000099999999999 0.00000264888660820763 0.00004176878067795105 0.43950618170550875830 
0.37245709437913593343 0.17813612082912416712 0.02623854990757917838 0.04616502048955735404 0.02043810566723649330 0.00000000099999999999 0.12299585399223697535 0.23356925373512985034 
0.32722561803339145214 0.14043469210553818916 0.00000000099999999999 0.00000000148795742252 0.01161483399355630469 0.00000000099999999999 0.28079738009375915242 0.23992747228579744401 
0.17195097075252149810 0.26999320508787211237 0.00000000099999999998 0.00000000099999999998 0.00113150740835174382 0.00000000099999999998 0.00049234927992882101 0.55643196447132581284 
0.38564941602034952250 0.05750658391994274005 0.00585344545938006663 0.00000000100000000000 0.01246687049356160967 0.00000000100000000000 0.35904550907369969792 0.17947817303306623504 
0.44157709366624803282 0.37943414100515360232 0.00000000099999999998 0.00000000099999999998 0.00000000099999999998 0.00000000099999999998 0.00000000598799719340 0.17898875534060129655 
0.43973958772539278872 0.00000000099999999998 0.00000000099999999998 0.00000000099999999998 0.00000000099999999998 0.00000000099999999998 0.42657193030604595441 0.13368847696856106522 
0.00000000099999999996 0.00000000099999999996 0.00000000099999999996 0.97052570225682632810 0.02947429174317360567 0.00000000099999999996 0.00000000099999999996 0.00000000099999999996 
0.00069265854921116469 0.20648639514174554899 0.00000000099999999998 0.00519589000094948690 0.00324914757249144311 0.00000000099999999998 0.36087387838065876355 0.42350202835494360487 
0.00000000099999999977 0.99999999300000008695 0.00000000099999999977 0.00000000099999999977 0.00000000099999999977 0.00000000099999999977 0.00000000099999999977 0.00000000099999999977 
0.00000000099999999994 0.00000000099999999994 0.00000000099999999994 0.00000000099999999994 0.04553477227955548406 0.00000000099999999994 0.95446522172044456767 0.00000000099999999994 
0.36074871393732710345 0.16503065822981566324 0.00000000099999999998 0.00000000099999999998 0.01953913791966117169 0.00000000099999999998 0.42955383430446669735 0.02512765260872934503 
0.00000000099999999970 0.00000000099999999970 0.99999999300000008695 0.00000000099999999970 0.00000000099999999970 0.00000000099999999970 0.00000000099999999970 0.00000000099999999970 
0.00000000099999999965 0.00000000099999999965 0.99999999300000008695 0.00000000099999999965 0.00000000099999999965 0.00000000099999999965 0.00000000099999999965 0.00000000099999999965 
0.00000003434884753635 0.00000000099999999998 0.00000000099999999998 0.00000000099999999998 0.03250376422974546320 0.00000000099999999998 0.59662097713814177258 0.37087522028326536105 
0.00000000099999999991 0.00000000099999999991 0.00000000099999999991 0.00000000099999999991 0.00000000099999999991 0.00000000099999999991 0.99999999299999986491 0.00000000099999999991 
0.88777065487900963525 0.00000000099999999993 0.00000000099999999993 0.00000000099999999993 0.11222933912099042342 0.00000000099999999993 0.00000000099999999993 0.00000000099999999993 
0.00000000099999999994 0.07706099062472454575 0.00000000099999999994 0.92293900337527545741 0.00000000099999999994 0.00000000099999999994 0.00000000099999999994 0.00000000099999999994 
0.00000000099999999988 0.48932006377767578442 0.35783467263797907876 0.15284525858434519496 0.00000000099999999988 0.00000000099999999988 0.00000000099999999988 0.00000000099999999988 
0.29741805608327692712 0.01285059336822655905 0.00000000099999999998 0.00000000099999999998 0.00000000099999999998 0.00000000099999999998 0.22413683469673906234 0.46559451185175743104 
0.00000000099999999964 0.00000000099999999964 0.00000000099999999964 0.00000000099999999964 0.00000000099999999964 0.99999999299999997593 0.00000000099999999964 0.00000000099999999964 
0.00000000099999999955 0.00000000099999999955 0.00000000099999999955 0.00000000099999999955 0.00000000099999999955 0.99999999300000008695 0.00000000099999999955 0.00000000099999999955 
0.00000000099999999956 0.00000000099999999956 0.00000000099999999956 0.00000000099999999956 0.00000000099999999956 0.99999999300000008695 0.00000000099999999956 0.00000000099999999956 
0.00000000099999999970 0.00000000099999999970 0.99999999300000008695 0.00000000099999999970 0.00000000099999999970 0.00000000099999999970 0.00000000099999999970 0.00000000099999999970 
0.00000000099999999966 0.00000000099999999966 0.99999999299999997593 0.00000000099999999966 0.00000000099999999966 0.00000000099999999966 0.00000000099999999966 0.00000000099999999966 
0.00000000099999999997 0.00002294610177739478 0.00000000099999999997 0.00000000099999999997 0.02265720267633834079 0.00000000099999999997 0.63160047725542134422 0.34571936996646279727 
0.00000004845000554249 0.00000000099999999996 0.00000000099999999996 0.99999994554999460661 0.00000000099999999996 0.00000000099999999996 0.00000000099999999996 0.00000000099999999996 
0.00000000099999999968 0.00000000099999999968 0.99999999299999997593 0.00000000099999999968 0.00000000099999999968 0.00000000099999999968 0.00000000099999999968 0.00000000099999999968 
0.00000000099999999987 0.99999999300000019797 0.00000000099999999987 0.00000000099999999987 0.00000000099999999987 0.00000000099999999987 0.00000000099999999987 0.00000000099999999987 
0.00000000099999999993 0.00000000099999999993 0.00000000099999999993 0.99999999300000008695 0.00000000099999999993 0.00000000099999999993 0.00000000099999999993 0.00000000099999999993 
0.00000000099999999972 0.00000000099999999972 0.99999999299999997593 0.00000000099999999972 0.00000000099999999972 0.00000000099999999972 0.00000000099999999972 0.00000000099999999972 
0.38748563628637533451 0.13259406228979156439 0.00516333185901281244 0.00978678010606815786 0.00000000099999999998 0.00000000099999999998 0.23812493237654616673 0.22684525508220582113 
0.00000000099999999968 0.00000000099999999968 0.99999999299999997593 0.00000000099999999968 0.00000000099999999968 0.00000000099999999968 0.00000000099999999968 0.00000000099999999968 
0.00000000099999999994 0.00000000099999999994 0.00000000099999999994 0.97707190171330893236 0.02292809228669096672 0.00000000099999999994 0.00000000099999999994 0.00000000099999999994 
0.00000000099999999992 0.00000000099999999992 0.00000000099999999992 0.99999999299999997593 0.00000000099999999992 0.00000000099999999992 0.00000000099999999992 0.00000000099999999992 
0.00000000099999999964 0.00000000099999999964 0.99999999299999997593 0.00000000099999999964 0.00000000099999999964 0.00000000099999999964 0.00000000099999999964 0.00000000099999999964 
0.00000000099999999967 0.00000000099999999967 0.99999999300000008695 0.00000000099999999967 0.00000000099999999967 0.00000000099999999967 0.00000000099999999967 0.00000000099999999967 
0.00000000099999999996 0.00000000099999999996 0.00000000099999999996 0.99999995689271325983 0.00000000099999999996 0.00000000099999999996 0.00000003710728674551 0.00000000099999999996 
0.00002249186202070999 0.00000000099999999995 0.00000000099999999995 0.99997750213797931274 0.00000000099999999995 0.00000000099999999995 0.00000000099999999995 0.00000000099999999995 
0.00000000099999999996 0.00000000099999999996 0.00000000099999999996 0.99901171162258661784 0.00000000099999999996 0.00000000099999999996 0.00098828237741348138 0.00000000099999999996 
0.00000000099999999973 0.00000000099999999973 0.99999999299999997593 0.00000000099999999973 0.00000000099999999973 0.00000000099999999973 0.00000000099999999973 0.00000000099999999973 
0.00025820542062508805 0.02942240811693360922 0.00852429505953049456 0.04513892894428094688 0.00000000099999999998 0.00000000099999999998 0.43790492190720270438 0.47875123855142714957 
0.98564623807040929737 0.00000000099999999995 0.01435375592959068497 0.00000000099999999995 0.00000000099999999995 0.00000000099999999995 0.00000000099999999995 0.00000000099999999995 
0.99999999300000008695 0.00000000099999999993 0.00000000099999999993 0.00000000099999999993 0.00000000099999999993 0.00000000099999999993 0.00000000099999999993 0.00000000099999999993 
0.00000000099999999992 0.00000000099999999992 0.00000000099999999992 0.00000000099999999992 0.00000000099999999992 0.00000000099999999992 0.00000000099999999992 0.99999999299999997593 
0.00000000099999999993 0.00000000099999999993 0.00000000099999999993 0.99999999300000008695 0.00000000099999999993 0.00000000099999999993 0.00000000099999999993 0.00000000099999999993 
0.35954836219826247223 0.00000000099999999998 0.00000000099999999998 0.00000000099999999998 0.00001257535555526067 0.00000000099999999998 0.64043905744618212506 0.00000000099999999998 
0.00000000099999999962 0.00000000099999999962 0.00000000099999999962 0.00000000099999999962 0.00000000099999999962 0.99999999299999997593 0.00000000099999999962 0.00000000099999999962 
0.00000000099999999986 0.99999999300000019797 0.00000000099999999986 0.00000000099999999986 0.00000000099999999986 0.00000000099999999986 0.00000000099999999986 0.00000000099999999986 
0.00000000099999999963 0.00000000099999999963 0.00000000099999999963 0.00000000099999999963 0.00000000099999999963 0.99999999299999997593 0.00000000099999999963 0.00000000099999999963 
0.00000000099999999997 0.47830321825466692864 0.00000000099999999997 0.00000000099999999997 0.01762416176802060128 0.00000000099999999997 0.50407261497731226108 0.00000000099999999997 
0.00000000099999999964 0.00000000099999999964 0.00000000099999999964 0.00000000099999999964 0.00000000099999999964 0.99999999300000008695 0.00000000099999999964 0.00000000099999999964 
0.95368763207265605519 0.00000000099999999995 0.00000000099999999995 0.00000000099999999995 0.04631236192734390633 0.00000000099999999995 0.00000000099999999995 0.00000000099999999995 
0.78321481349160149144 0.21678518050839851172 0.00000000099999999997 0.00000000099999999997 0.00000000099999999997 0.00000000099999999997 0.00000000099999999997 0.00000000099999999997 
0.00000000099999999992 0.00000000099999999992 0.00000000099999999992 0.99999999299999997593 0.00000000099999999992 0.00000000099999999992 0.00000000099999999992 0.00000000099999999992 
0.00000000099999999990 0.00000000099999999990 0.00000000099999999990 0.00000000099999999990 0.00000000099999999990 0.00000000099999999990 0.00000000099999999990 0.99999999299999997593 
0.00000000099999999964 0.00000000099999999964 0.00000000099999999964 0.00000000099999999964 0.00000000099999999964 0.99999999299999997593 0.00000000099999999964 0.00000000099999999964 
0.00000000099999999966 0.00000000099999999966 0.00000000099999999966 0.00000000099999999966 0.00000000099999999966 0.99999999300000008695 0.00000000099999999966 0.00000000099999999966 
0.29246352247016649262 0.19305788599724910126 0.00967974445664887030 0.07843566476740404525 0.00000000099999999999 0.00000000099999999999 0.18146196125895078244 0.24490121904958078725 
0.00000000099999999993 0.00000000099999999993 0.00000000099999999993 0.99999999299999997593 0.00000000099999999993 0.00000000099999999993 0.00000000099999999993 0.00000000099999999993 
0.00000000099999999973 0.00000000099999999973 0.99999999299999997593 0.00000000099999999973 0.00000000099999999973 0.00000000099999999973 0.00000000099999999973 0.00000000099999999973 
0.00000000099999999994 0.00000000099999999994 0.00000000099999999994 0.99999999300000008695 0.00000000099999999994 0.00000000099999999994 0.00000000099999999994 0.00000000099999999994 
0.21702773463949234789 0.12380102418310058587 0.00000000099999999999 0.02555527468604195870 0.04056514970095047301 0.00000000099999999999 0.16339731437990298590 0.42965350041051153518 
0.00000000099999999960 0.00000000099999999960 0.00000000099999999960 0.00000000099999999960 0.00000000099999999960 0.99999999300000008695 0.00000000099999999960 0.00000000099999999960 
0.00000000099999999962 0.00000000099999999962 0.99999999299999997593 0.00000000099999999962 0.00000000099999999962 0.00000000099999999962 0.00000000099999999962 0.00000000099999999962 
0.00000000099999999968 0.00000000099999999968 0.00000000099999999968 0.00000000099999999968 0.00000000099999999968 0.99999999300000008695 0.00000000099999999968 0.00000000099999999968 
0.47158068946475245609 0.12379700960880794802 0.01388209978094572840 0.00000000099999999999 0.00000000099999999999 0.00000000099999999999 0.39073948226318155896 0.00000071588231233879 
0.00000000099999999991 0.00000000099999999991 0.00000000099999999991 0.99999999299999997593 0.00000000099999999991 0.00000000099999999991 0.00000000099999999991 0.00000000099999999991 
0.00000000099999999993 0.00000000099999999993 0.00000000099999999993 0.96750164568063179438 0.03249834831936817409 0.00000000099999999993 0.00000000099999999993 0.00000000099999999993 
0.22750684176407209858 0.25088742258825103004 0.00000000253171518192 0.22902520541147419753 0.00000000363024858529 0.00000000099999999999 0.00075463707137729400 0.29182588600286168967 
0.49251116263496685921 0.16054974997082430144 0.01981604785056539919 0.00069823514840670930 0.00000000099999999999 0.00000000099999999999 0.04468619369611186859 0.28173860869912481508 
0.21125403083767269052 0.27501740131150292923 0.00000000099999999997 0.00000000099999999997 0.02581168360205063697 0.00000000099999999997 0.48791688024877372110 0.00000000099999999997 
0.54239058092763714480 0.00355139912249190877 0.00000000099999999997 0.00901039878020990295 0.00138017663093054793 0.00000000099999999997 0.00000020315895843771 0.44366723937977226022 
0.00000067228941187814 0.16026045014867057459 0.00000000099999999998 0.00000000099999999998 0.00000000099999999998 0.00000000099999999998 0.50681728355664623642 0.33292159000527127288 
0.30710517156113253945 0.13245610890171458096 0.00000000099999999998 0.00000000099999999998 0.00000000099999999998 0.00000000099999999998 0.28482279118041931021 0.27561592435673337720 
0.38303916655346814668 0.14194071710704792011 0.00000000099999999998 0.00203381996041575525 0.00000000099999999998 0.00000000099999999998 0.19430316785595425078 0.27868312552311380603 
0.00058380714177258281 0.25540336071970021203 0.00000000099999999998 0.00000000656926386354 0.00000000099999999998 0.00000000099999999998 0.43393823299986805653 0.31007458956939526473 
0.25539835888694811805 0.16235178116139403759 0.00000000099999999998 0.02960262237176732036 0.00000000099999999998 0.00000000099999999998 0.51896226215111695979 0.03368497242877353803 
0.00000000099999999994 0.00000000099999999994 0.00000000099999999994 0.99999999299999997593 0.00000000099999999994 0.00000000099999999994 0.00000000099999999994 0.00000000099999999994 
0.00674399112147017806 0.00000000099999999997 0.00000000099999999997 0.99325600287852988668 0.00000000099999999997 0.00000000099999999997 0.00000000099999999997 0.00000000099999999997 
0.00000000099999999978 0.00000000099999999978 0.00000000099999999978 0.00000000099999999978 0.00000000099999999978 0.99999999300000008695 0.00000000099999999978 0.00000000099999999978 
0.00000000103783627001 0.00000000103844641320 0.00000000113243484364 0.99978272440986404312 0.00000000129488808180 0.00000000099999999998 0.00021726900293655689 0.00000000108359371571 
0.00000000527027747113 0.00000000099999999998 0.00000000099999999998 0.99899032886857785929 0.00000000099999999998 0.00000000099999999998 0.00100966086114464854 0.00000000099999999998 
0.39340303805475579368 0.01066235197005840560 0.00181139397484977047 0.01981605297893244966 0.00269478479176746798 0.00000000099999999999 0.27617563354683527521 0.29543674368280076203 
0.00000000099999999955 0.00000000099999999955 0.00000000099999999955 0.00000000099999999955 0.00000000099999999955 0.99999999299999997593 0.00000000099999999955 0.00000000099999999955 
0.00000000099999999992 0.00000000099999999992 0.00000000099999999992 0.00000000099999999992 0.00000000099999999992 0.00000000099999999992 0.00000000099999999992 0.99999999300000008695 
0.23980906355921696727 0.00000000099999999999 0.00000000099999999999 0.00001646863590143838 0.01504620080101341968 0.00000000099999999999 0.35720533751680183521 0.38792292648706638847 
0.71542484287985230740 0.28457507774332108097 0.00000000099999999998 0.00000000099999999998 0.00000000099999999998 0.00000000099999999998 0.00000000099999999998 0.00000007437682676440 
0.30281888810809187706 0.06799176505570017626 0.00000787467446251528 0.01465979105342275768 0.01380839462180445502 0.00000000099999999999 0.43465122894899593797 0.16606205653752215134 
0.40057717119912072956 0.39752824805025233079 0.00000000099999999997 0.00000000099999999997 0.00000000099999999997 0.00000000099999999997 0.00000006806973113800 0.20189450868089597879 
0.17634891928780824233 0.15305351621821114416 0.00000000099999999999 0.03220166410306395111 0.00000041105547728251 0.00000000099999999999 0.37519075097527804230 0.26320473636016139540 
0.53289252510717499689 0.23543590112455398122 0.00000086837687490649 0.00000000099999999999 0.00000000099999999999 0.00000000099999999999 0.00000000262278239559 0.23167069976861365266 
0.23374903078313560845 0.20448858644612200042 0.00000000099999999999 0.00007376684322460960 0.03544448914592517041 0.00000000099999999999 0.26301004576324310547 0.26323407901834960931 
0.70832762192470988261 0.26572004997317749675 0.02595230554364624451 0.00000000099999999999 0.00000000099999999999 0.00000000099999999999 0.00000000257729663135 0.00000001698116997929 
0.00000000099999999992 0.00000000099999999992 0.00000000099999999992 0.00000000099999999992 0.00000000099999999992 0.00000000099999999992 0.00000000099999999992 0.99999999299999997593 
0.58390302409352723423 0.00000000099999999996 0.00000000099999999996 0.00000000099999999996 0.00000000099999999996 0.00000000099999999996 0.41609696990647271342 0.00000000099999999996 
0.72951233707034401910 0.24830376979313892316 0.01278750445641660405 0.00813570397254772398 0.00126068170755274538 0.00000000099999999999 0.00000000099999999999 0.00000000099999999999 
0.00000000693527601974 0.00000000099999999997 0.00000000099999999997 0.00000000099999999997 0.01064962562559690525 0.00000000099999999997 0.34260011710945387220 0.64675024632967315075 
0.46538909905046632609 0.08550779080251108555 0.00000000099999999999 0.00767536543610133556 0.00843470779086071681 0.00000000099999999999 0.28084574378550630769 0.15214729113455441323 
0.32832175552275721930 0.07185343800418189653 0.00000000099999999998 0.00000000099999999998 0.00000000099999999998 0.00000000099999999998 0.27842743977982647996 0.32139736269323426754 
0.36915808603557753731 0.23473195861519699501 0.00000000099999999998 0.02313278218137304956 0.00000000099999999998 0.00000000099999999998 0.17831635385451038989 0.19466081631334211655 
0.41344383792057692872 0.15958373839882405987 0.00000000099999999999 0.00000007276706676211 0.02738374300500855466 0.00000000099999999999 0.00750276810962706431 0.39208583779889655263 
0.28350558157914301782 0.13136375139065145645 0.00000000099999999999 0.03031163784740564110 0.00000000099999999999 0.00000000099999999999 0.21665482679551528733 0.33816419938728459194 
0.25010956689144486775 0.00000000099999999998 0.00000000099999999998 0.00000000099999999998 0.01824892585501539100 0.00000000099999999998 0.44230789018822480596 0.28933361306531474311 
0.00000000099999999996 0.48308378225826464902 0.00000000099999999996 0.00000000099999999996 0.00000000099999999996 0.00000000099999999996 0.00000004981725468621 0.51691616292448039349 
0.48069647398605053201 0.12393559777792743926 0.00028933156890706088 0.00042642225553102552 0.00012658271613063095 0.06994380098517975763 0.32458140178127647957 0.00000038892899722003 
0.56355892102099247598 0.40472584232981223540 0.00000000099999999997 0.00000000099999999997 0.03108783905102591172 0.00000000099999999997 0.00000004156184501482 0.00062735303632442338 
0.32488918178218229027 0.41890544641748095334 0.00000000099999999997 0.00000002749989849406 0.02264673932707573362 0.00000000099999999997 0.00000000166987369236 0.23355860130348887749 
0.00000000099999999996 0.22414785194483660691 0.00000000099999999996 0.00000000099999999996 0.04319394408437732258 0.00000000099999999996 0.73265819897078610090 0.00000000099999999996 
0.56484336951585401021 0.00000000099999999998 0.00676107831543074252 0.00000000099999999998 0.02305617420022885306 0.00000000099999999998 0.40526080305330203224 0.00007857191518434884 
0.00000000099999999993 0.00000000099999999993 0.00000000099999999993 0.00000000099999999993 0.00000000099999999993 0.00000000099999999993 0.99999999299999986491 0.00000000099999999993 
0.03088383522149988625 0.16168477097270037013 0.00000051682234759197 0.00000000100000000000 0.00974841581600546271 0.00000003070161959358 0.35491929623542922689 0.44276313323039800940 
0.00005947862908723285 0.31080422547341823858 0.00000000099999999998 0.00000000099999999998 0.01685276485507137059 0.00000000099999999998 0.44903016109561771918 0.22325336694680553151 
0.99997361002612705771 0.00000000099999999994 0.00000000099999999994 0.00000000099999999994 0.00002638397387291112 0.00000000099999999994 0.00000000099999999994 0.00000000099999999994 
0.00000000099999999992 0.00000000099999999992 0.00000000099999999992 0.00000000099999999992 0.00000000099999999992 0.00000000099999999992 0.99999999299999997593 0.00000000099999999992 
0.00000000099999999994 0.00000000099999999994 0.00000000099999999994 0.99999999300000008695 0.00000000099999999994 0.00000000099999999994 0.00000000099999999994 0.00000000099999999994 
0.00000000099999999998 0.00000000099999999998 0.00000000099999999998 0.99132691596861899352 0.00866755832046368392 0.00000000099999999998 0.00000000753217278475 0.00000551417874464929 
0.00000000099999999971 0.00000000099999999971 0.00000000099999999971 0.00000000099999999971 0.00000000099999999971 0.99999999300000008695 0.00000000099999999971 0.00000000099999999971 
0.00000000099999999963 0.00000000099999999963 0.99999999299999997593 0.00000000099999999963 0.00000000099999999963 0.00000000099999999963 0.00000000099999999963 0.00000000099999999963 
0.02275427603041557667 0.00452345934932699492 0.03327533417178988456 0.89412124590662100942 0.04532424394812278878 0.00000000099999999999 0.00000143859372385650 0.00000000099999999999 
0.56903766118376974958 0.00000000823534660088 0.00000000099999999997 0.00000001822105836976 0.00000000099999999997 0.00000000099999999997 0.00000000099999999997 0.43096230835982546337 
0.36289915843902464943 0.25200146649409943533 0.00000000099999999999 0.00975551619795964574 0.01530734260007606852 0.00000000099999999999 0.36003616944761468455 0.00000034482122561832 
0.00000000099999999993 0.00000000099999999993 0.00000000099999999993 0.92142950426977665579 0.07857048973022326410 0.00000000099999999993 0.00000000099999999993 0.00000000099999999993 
0.46734699672419138805 0.00000919094206065910 0.00000000099999999998 0.00803390624807330707 0.00000000099999999998 0.00000000099999999998 0.32733657422944384408 0.19727332885623072301 
0.48931239722236796741 0.00000000099999999998 0.00306275980296851413 0.00000000099999999998 0.00000000099999999998 0.00000000099999999998 0.00011361720659157969 0.50751122176807184072 
0.19483165590565482139 0.21720627384270271842 0.00000000099999999998 0.00000000099999999998 0.03258002767285666373 0.00000000099999999998 0.36216057584529737223 0.19322146373348828008 
0.00000000099999999960 0.00000000099999999960 0.00000000099999999960 0.00000000099999999960 0.00000000099999999960 0.99999999299999997593 0.00000000099999999960 0.00000000099999999960 
0.00000000099999999963 0.00000000099999999963 0.00000000099999999963 0.00000000099999999963 0.00000000099999999963 0.99999999300000008695 0.00000000099999999963 0.00000000099999999963 
0.00000000099999999955 0.00000000099999999955 0.00000000099999999955 0.00000000099999999955 0.00000000099999999955 0.99999999300000008695 0.00000000099999999955 0.00000000099999999955 
0.00000000099999999956 0.00000000099999999956 0.00000000099999999956 0.00000000099999999956 0.00000000099999999956 0.99999999299999997593 0.00000000099999999956 0.00000000099999999956 
0.00000000099999999958 0.00000000099999999958 0.00000000099999999958 0.00000000099999999958 0.00000000099999999958 0.99999999300000008695 0.00000000099999999958 0.00000000099999999958 
0.00000000099999999997 0.00000000099999999997 0.00000000099999999997 0.97950775432335379644 0.02049223967664623794 0.00000000099999999997 0.00000000099999999997 0.00000000099999999997 
0.13294698085333556126 0.19363081936925322091 0.00740548525498651005 0.00000000099999999999 0.00214578119623721163 0.00000000099999999999 0.38749542488033023035 0.27637550644585728854 
0.00000000099999999958 0.00000000099999999958 0.00000000099999999958 0.00000000099999999958 0.00000000099999999958 0.99999999299999997593 0.00000000099999999958 0.00000000099999999958 
0.00000000099999999964 0.00000000099999999964 0.00000000099999999964 0.00000000099999999964 0.00000000099999999964 0.99999999300000008695 0.00000000099999999964 0.00000000099999999964 
0.00000000099999999962 0.00000000099999999962 0.99999999300000008695 0.00000000099999999962 0.00000000099999999962 0.00000000099999999962 0.00000000099999999962 0.00000000099999999962 
0.00000000099999999962 0.00000000099999999962 0.99999999299999997593 0.00000000099999999962 0.00000000099999999962 0.00000000099999999962 0.00000000099999999962 0.00000000099999999962 
0.00000000099999999990 0.00000000099999999990 0.00000000099999999990 0.00000000099999999990 0.00000000099999999990 0.00000000099999999990 0.00000000099999999990 0.99999999299999997593 
0.00000000099999999960 0.00000000099999999960 0.00000000099999999960 0.00000000099999999960 0.00000000099999999960 0.99999999299999997593 0.00000000099999999960 0.00000000099999999960 
0.48140490422199094800 0.00000000099999999997 0.00000000099999999997 0.00000000099999999997 0.00000000099999999997 0.00000000099999999997 0.00000000099999999997 0.51859508977800883311 
0.50725008034413365809 0.00001279534523742475 0.00000000099999999997 0.00000000099999999997 0.00127108528460299105 0.00000000099999999997 0.00000000293157639168 0.49146603309444958363 
0.00000000099999999996 0.07028797661998688329 0.00000000099999999996 0.92971201738001318926 0.00000000099999999996 0.00000000099999999996 0.00000000099999999996 0.00000000099999999996 
0.17839805990805268632 0.19909422706925924973 0.00000000099999999998 0.00000783966947950819 0.01410985565797342328 0.00000000099999999998 0.29535760507699665434 0.31303241061823838809 
0.00000000101492369704 0.00000000101720141913 0.00000000106886369398 0.99987089572407417126 0.00012909807836957867 0.00000000099999999998 0.00000000105330878213 0.00000000104325861335 
0.30824684367193538881 0.20253959844018745717 0.00000000099999999999 0.00260698784312335700 0.03558474340129253594 0.00000000099999999999 0.20388353228479755286 0.24713829235866369149 
0.00000000099999999993 0.00000000099999999993 0.00000000099999999993 0.99999999300000008695 0.00000000099999999993 0.00000000099999999993 0.00000000099999999993 0.00000000099999999993 
0.16188054066659693375 0.14466344798776389902 0.00970059641011423307 0.00184850469088146873 0.01477050357448934058 0.00000000099999999999 0.20677172060388757102 0.46036468506626659902 
0.34090698232844901527 0.22130623925806519603 0.00066827462039242922 0.00000000099999999999 0.00037522381345466658 0.00000000099999999999 0.00000003358563987580 0.43674324439399891951 
0.00000000099999999964 0.00000000099999999964 0.00000000099999999964 0.00000000099999999964 0.00000000099999999964 0.99999999299999997593 0.00000000099999999964 0.00000000099999999964 
0.00000000099999999993 0.00000000099999999993 0.00000000099999999993 0.99999999299999997593 0.00000000099999999993 0.00000000099999999993 0.00000000099999999993 0.00000000099999999993 
0.00000000099999999958 0.00000000099999999958 0.00000000099999999958 0.00000000099999999958 0.00000000099999999958 0.99999999299999997593 0.00000000099999999958 0.00000000099999999958 
0.00000000099999999956 0.00000000099999999956 0.00000000099999999956 0.00000000099999999956 0.00000000099999999956 0.99999999300000008695 0.00000000099999999956 0.00000000099999999956 
0.30397921705690761351 0.17538732021487579704 0.00000000099999999999 0.00000044635852786629 0.00853225231524468337 0.00000000099999999999 0.23825756829358471500 0.27384319376085936026 
0.03817683175299402959 0.18289181435451609681 0.00000000099999999998 0.00965240203321118297 0.02569078577264431382 0.00000000099999999998 0.41846732148059223588 0.32512084260604207087 
0.46254097131754262628 0.04217909278783205790 0.00000000099999999997 0.00000955681731305314 0.00000000099999999997 0.00000000099999999997 0.21290915797221651728 0.28236121810509579033 
0.15994050307150781132 0.17854547507985785160 0.00000000099999999998 0.00000000099999999998 0.00000000099999999998 0.00000000099999999998 0.22621269494696469304 0.43530132290166967390 
0.68608245601176143236 0.30182720554646269573 0.00628804876187899747 0.00000000099999999998 0.00577032232744322578 0.00000000099999999998 0.00000000099999999998 0.00003196435245375570 
0.00000000099999999993 0.00000000099999999993 0.00000000099999999993 0.00000000099999999993 0.00000000099999999993 0.00000000099999999993 0.00000000099999999993 0.99999999299999997593 
0.00000000099999999986 0.99999999300000019797 0.00000000099999999986 0.00000000099999999986 0.00000000099999999986 0.00000000099999999986 0.00000000099999999986 0.00000000099999999986 
0.00000000099999999997 0.00000000099999999997 0.00000000099999999997 0.97629282918444038053 0.00000000099999999997 0.00000000099999999997 0.02370716481555972324 0.00000000099999999997 
0.44663770532551899661 0.11499023491719685686 0.00000000099999999997 0.00000000099999999997 0.01187157425207019563 0.00000000099999999997 0.42650043515241442549 0.00000004735279957928 
0.00000000099999999958 0.00000000099999999958 0.00000000099999999958 0.00000000099999999958 0.00000000099999999958 0.99999999299999997593 0.00000000099999999958 0.00000000099999999958 
0.44757097925550864970 0.00000000099999999998 0.00000000099999999998 0.00000000099999999998 0.00000000099999999998 0.00000000099999999998 0.55234586092093373999 0.00008315482355745111 
0.00000000099999999986 0.00000000099999999986 0.00000000099999999986 0.00000000099999999986 0.00000000099999999986 0.99999999300000008695 0.00000000099999999986 0.00000000099999999986 
0.00000000099999999963 0.00000000099999999963 0.00000000099999999963 0.00000000099999999963 0.00000000099999999963 0.99999999300000008695 0.00000000099999999963 0.00000000099999999963 
0.99999999300000008695 0.00000000099999999994 0.00000000099999999994 0.00000000099999999994 0.00000000099999999994 0.00000000099999999994 0.00000000099999999994 0.00000000099999999994 
0.00008600811890617456 0.25194583053896346669 0.00050215135967513955 0.00000000099999999997 0.00000000099999999997 0.00000000099999999997 0.47063679077244924276 0.27682921621000600165 
0.48735949493192670667 0.20553801441221605795 0.00000000099999999999 0.01109058187229624431 0.00000000099999999999 0.00000000099999999999 0.15592734797774546185 0.14008455780581557937 
0.00000000099999999967 0.00000000099999999967 0.00000000099999999967 0.00000000099999999967 0.00000000099999999967 0.99999999300000008695 0.00000000099999999967 0.00000000099999999967 
0.00000000099999999993 0.00000000099999999993 0.00000000099999999993 0.99999999300000008695 0.00000000099999999993 0.00000000099999999993 0.00000000099999999993 0.00000000099999999993 
0.00000000099999999994 0.00000000099999999994 0.00000000099999999994 0.99999999299999997593 0.00000000099999999994 0.00000000099999999994 0.00000000099999999994 0.00000000099999999994 
0.00000000099999999963 0.00000000099999999963 0.00000000099999999963 0.00000000099999999963 0.00000000099999999963 0.99999999299999997593 0.00000000099999999963 0.00000000099999999963 
0.31737050918221798579 0.01033910385738330551 0.00061961836387103742 0.00000196574662239256 0.00000000099999999999 0.00000000099999999999 0.39122678215756462317 0.28044201869234047786 
0.35603410760088027853 0.20615465414795522414 0.01150336089042005606 0.03697566649600920324 0.00105438526488173690 0.00000000100000000000 0.21051838647745019228 0.17775943812240324604 
0.00000000099999999965 0.00000000099999999965 0.00000000099999999965 0.00000000099999999965 0.00000000099999999965 0.99999999300000008695 0.00000000099999999965 0.00000000099999999965 
0.25960914683423053084 0.23774584086266625782 0.00286114595860454584 0.00005547806330070941 0.00850576740660649415 0.00000000099999999999 0.17507920639312662958 0.31614341348146485222 
0.00000000099999999991 0.00000000099999999991 0.00000000099999999991 0.99999999299999997593 0.00000000099999999991 0.00000000099999999991 0.00000000099999999991 0.00000000099999999991 
0.00000000099999999903 0.00000000099999999903 0.00000000099999999903 0.00000000099999999903 0.99999999300000008695 0.00000000099999999903 0.00000000099999999903 0.00000000099999999903 
0.00000294978167423216 0.27483449746040272688 0.00000000099999999999 0.00234666039736398154 0.00010628139144892421 0.00000000099999999999 0.72270944626452671145 0.00000016270458326315 
0.30473276839692819973 0.00000000099999999998 0.00543910158320746930 0.00000205472026210081 0.02358944154536604665 0.00000000099999999998 0.66623663075423600333 0.00000000099999999998 
0.00000000099999999993 0.00000000099999999993 0.00000000099999999993 0.00000000099999999993 0.00000000099999999993 0.00000000099999999993 0.99999999299999997593 0.00000000099999999993 
0.00000005988942482504 0.40515045956052875287 0.00000000099999999997 0.00000000099999999997 0.00000000099999999997 0.00000000099999999997 0.00000000099999999997 0.59484947555004619169 
0.14289765830344619557 0.26387105012808736992 0.00000000099999999998 0.00000000099999999998 0.00477896458305772376 0.00000000099999999998 0.40260211417351227103 0.18585020981189645517 
0.00000000099999999998 0.61588063265702119864 0.00000000099999999998 0.00000000099999999998 0.00000004784023981186 0.00000000099999999998 0.38411921260396181266 0.00000010289877722245 
0.21224739166320524819 0.13868044067758406035 0.00278611452959471066 0.00000000099999999999 0.01104603561800489124 0.00000000099999999999 0.10472225707736439182 0.53051775843424675561 
0.42723743041124850883 0.01727431242414201665 0.00000000099999999997 0.00000000099999999997 0.10521370763375199886 0.00000000099999999997 0.00636340379002410788 0.44391114274083337543 
0.00000000099999999995 0.00000000099999999995 0.00000000099999999995 0.99997493652770719219 0.00000000099999999995 0.00000000099999999995 0.00000000099999999995 0.00002505747229297330 
0.00034396927958648505 0.31009221237440098839 0.00000000099999999998 0.00000000099999999998 0.01965440904591368720 0.00000000099999999998 0.48423676060000492294 0.18567264570009378577 
0.00000000099999999997 0.00000000099999999997 0.00000000099999999997 0.00000000099999999997 0.01771380620289356167 0.00000000099999999997 0.44135130312463699553 0.54093488567246950094 
0.14860347272417556708 0.17311214602228319759 0.00064944929659205080 0.03810060260654550557 0.00377253698910525164 0.00000000099999999999 0.27962261640529195716 0.35613917495600644347 
0.99999999300000019797 0.00000000099999999993 0.00000000099999999993 0.00000000099999999993 0.00000000099999999993 0.00000000099999999993 0.00000000099999999993 0.00000000099999999993 
0.00000000099999999993 0.00000000099999999993 0.00000000099999999993 0.00000000099999999993 0.00000000099999999993 0.00000000099999999993 0.99999999299999997593 0.00000000099999999993 
0.99999999300000008695 0.00000000099999999994 0.00000000099999999994 0.00000000099999999994 0.00000000099999999994 0.00000000099999999994 0.00000000099999999994 0.00000000099999999994 
0.03999689614240971303 0.31765683192853644279 0.00000000099999999999 0.00000046512873456259 0.02226846885498255657 0.00000000099999999999 0.23547304260603627024 0.38460429333930040707 
0.00000000099999999997 0.00000000099999999997 0.00000000099999999997 0.98024066834576684126 0.00000000099999999997 0.00000000099999999997 0.01975932271855730671 0.00000000393567596754 
0.40273038012272793784 0.00000000099999999998 0.00840824543481720477 0.00000000099999999998 0.04415008188856912874 0.00000000099999999998 0.31105097961808142459 0.23366030993580430564 
0.00000000099999999995 0.00000000099999999995 0.00000000099999999995 0.00000000099999999995 0.00000000099999999995 0.00000000099999999995 0.99999999299999997593 0.00000000099999999995 
0.24960580811538188306 0.12558385318856557511 0.00000000100000000000 0.00194328890640182344 0.01377769090407735680 0.00635432703463958796 0.40252296375600049583 0.20021206709493333253 
0.00003052171620975454 0.00000000099999999997 0.00000000099999999997 0.99996940512768850429 0.00000000099999999997 0.00000000099999999997 0.00000000099999999997 0.00000006815610182991 
0.14559582809057178276 0.11642040018645914701 0.00000000100000000000 0.01762500427298990466 0.00231106801162954704 0.01803473211319146785 0.29863121897139621730 0.40138174735376175306 
0.26442857503932853946 0.11306124011899935933 0.00427545598832422807 0.00111717095507731954 0.00000000099999999999 0.00000000099999999999 0.32025181893842175063 0.29686573695984869170 
0.09104371774547345697 0.00000022686757932498 0.00002515053488081093 0.46475143074377278651 0.04499335584712879643 0.00000000099999999998 0.00000000099999999998 0.39918611626116490276 
