0.01192082965151178287 0.01271463750873069905 0.97536453283975743656 
0.00000000099999999998 0.99999999799999994554 0.00000000099999999998 
0.00000000099999999997 0.99999999800000005656 0.00000000099999999997 
0.00000000099999999999 0.04432422616504589491 0.95567577283495408480 
0.00015047352796609885 0.00131975633475256730 0.99852977013728128064 
0.00000000099999999999 0.03330662738139771734 0.96669337161860224850 
0.00000000099999999998 0.99999999800000005656 0.00000000099999999998 
0.00000000099999999997 0.99999999800000005656 0.00000000099999999997 
0.00000000155821533810 0.01252809292046834846 0.98747190552131625108 
0.00000000099999999998 0.99999999799999994554 0.00000000099999999998 
0.00000000307216792293 0.01848722070833962519 0.98151277621949251095 
0.00000000099999999999 0.02526752733983394020 0.97473247166016596665 
0.00000000194108804472 0.00623168965960327857 0.99376830839930863082 
0.00147116165363943459 0.01693904639198716422 0.98158979195437334742 
0.01621307499137652694 0.00214804812642913241 0.98163887688219431116 
0.01292427656296057763 0.06741755552245527749 0.91965816791458421253 
0.00000000099999999999 0.00697965112287331820 0.99302034787712667452 
0.00730973418286033887 0.00000000100000000000 0.99269026481713973364 
0.01162263248528004785 0.00621240052357957366 0.98216496699114042013 
0.00000000099999999999 0.00271049751093614677 0.99728950148906392315 
0.00000000100000000000 0.00267328547798505395 0.99732671352201507364 
0.00000000099999999998 0.99999999800000005656 0.00000000099999999998 
0.00000000099999999999 0.02985220303554518215 0.97014779596445477328 
0.00000000099999999999 0.03847488330229464210 0.96152511569770537925 
0.00000000099999999999 0.03361960505217919531 0.96638039394782082603 
0.00000000099999999999 0.00000000099999999999 0.99999999800000005656 
0.78869080799901136736 0.17033463256777575667 0.04097455943321288985 
0.80429061711435434479 0.18971237973453794479 0.00599700315110777808 
0.00015123876184303765 0.00643734685548104802 0.99341141438267588359 
0.00000000100000000000 0.00000034256319464927 0.99999965643680543970 
0.00000000099999999999 0.02850699493312950500 0.97149300406687055798 
0.00000000099999999998 0.99999999800000005656 0.00000000099999999998 
0.24169740546491352839 0.30713988887807208705 0.45116270565701449557 
0.00000000099999999999 0.00007716790677181120 0.99992283109322832590 
0.99999999799999994554 0.00000000099999999989 0.00000000099999999989 
0.99999999800000005656 0.00000000099999999986 0.00000000099999999986 
0.99999999799999994554 0.00000000099999999987 0.00000000099999999987 
0.79596028969424770239 0.14133996398294096375 0.06269974632281144489 
0.80096044050094539202 0.17057048940395086456 0.02846907009510367750 
0.00000000099999999999 0.00173951379949027936 0.99826048520050969515 
0.00000000099999999998 0.99999999800000005656 0.00000000099999999998 
0.78704967670987335815 0.15170456049397468279 0.06124576279615188967 
0.00000000100000000000 0.03003519770523603930 0.96996480129476403409 
0.00000000099999999997 0.99999999800000005656 0.00000000099999999997 
0.78823875893796546688 0.18433984613320508750 0.02742139492882937971 
0.00000000099999999999 0.02370063811363132267 0.97629936088636859459 
0.78990712874459412252 0.16944446549153782677 0.04064840576386812704 
0.00000000099999999998 0.99999999800000005656 0.00000000099999999998 
0.00000000099999999996 0.99999999800000005656 0.00000000099999999996 
0.79246364695686266622 0.18961706323878918523 0.01791928980434818672 
0.80237008732312575798 0.15951005334473986053 0.03811985933213433986 
0.00000000099999999998 0.99999999800000005656 0.00000000099999999998 
0.00000000099999999998 0.99999999799999994554 0.00000000099999999998 
0.00000000099999999998 0.99999999372373926665 0.00000000527626074977 
0.79293494765248584422 0.16930081367565241734 0.03776423867186182864 
0.00568862916291177668 0.05122380342332254893 0.94308756741376564836 
0.01476693895861065989 0.01074293636083279921 0.97449012468055651315 
0.00000000099999999999 0.02736515698382685144 0.97263484201617311786 
0.00000000099999999999 0.01830454205093889897 0.98169545694906112931 
0.00000000099999999998 0.99999999799999994554 0.00000000099999999998 
0.00496835989836746667 0.00045667308693917190 0.99457496701469327860 
0.99999999800000005656 0.00000000099999999988 0.00000000099999999988 
0.00000000099999999999 0.01535882754480834972 0.98464117145519158836 
0.99999999799999994554 0.00000000099999999989 0.00000000099999999989 
0.00000000100000000000 0.04643421856996232666 0.95356578043003759060 
0.99999999799999994554 0.00000000099999999988 0.00000000099999999988 
0.00000000099999999999 0.01357090243377548876 0.98642909656622457248 
0.00075765038502686110 0.01670899228679484719 0.98253335732817836945 
0.00000000099999999997 0.99999999800000005656 0.00000000099999999997 
0.00000000099999999999 0.00000000099999999999 0.99999999799999994554 
0.99999999800000005656 0.00000000099999999988 0.00000000099999999988 
0.99999999799999994554 0.00000000099999999989 0.00000000099999999989 
0.00000000100000000000 0.09167204910774921778 0.90832794989225074112 
0.00000000099999999997 0.99999999799999994554 0.00000000099999999997 
0.77096236113274763113 0.15831776069366820803 0.07071987817358411921 
0.00000000099999999997 0.99999999800000005656 0.00000000099999999997 
0.00000000243871102804 0.04026450699962949575 0.95973549056165952109 
0.99999999799999994554 0.00000000099999999987 0.00000000099999999987 
0.81086776589509179658 0.16089594656981792697 0.02823628753509018624 
0.99999999800000005656 0.00000000099999999991 0.00000000099999999991 
0.01442429778787618355 0.00448193751051657093 0.98109376470160725159 
0.00000000099999999997 0.99999999800000005656 0.00000000099999999997 
0.00000000099999999998 0.99999999800000005656 0.00000000099999999998 
0.00000000099999999999 0.23682470651997897249 0.76317529248002102804 
0.00000566276702411338 0.00880816371844126561 0.99118617351453464082 
0.00000000099999999999 0.01423622067322713111 0.98576377832677297697 
0.00000000099999999999 0.02868155575365047283 0.97131844324634952770 
0.00000000099999999999 0.00133792426043664436 0.99866207473956347673 
0.00000000099999999999 0.00000000573133770683 0.99999999326866229055 
0.00000000099999999999 0.01678725285698274075 0.98321274614301723549 
0.00000000099999999999 0.01778979802948620070 0.98221020097051381370 
0.00000000100000000000 0.03945024644337969538 0.96054975255662033984 
0.00000000099999999998 0.99999999800000005656 0.00000000099999999998 
0.00000000099999999999 0.99951867804110461346 0.00048132095889544295 
0.99999999799999994554 0.00000000099999999992 0.00000000099999999992 
0.00000000099999999998 0.99999999800000005656 0.00000000099999999998 
0.00000000099999999999 0.99999999396107019933 0.00000000503892973466 
0.00000000099999999999 0.02897400777127359314 0.97102599122872634840 
0.99999999800000005656 0.00000000099999999986 0.00000000099999999986 
0.00000132132062377239 0.00000015219211934692 0.99999852648725684467 
0.00000000099999999999 0.02210264674959897674 0.97789735225040097522 
0.00867569922470018060 0.00426810937960891892 0.98705619139569100717 
0.00000000277874582462 0.03023078712464873780 0.96976921009660532746 
0.00000000304533650606 0.00660531287715669397 0.99339468407750675105 
0.00000000100000000000 0.04042703468185845223 0.95957296431814154136 
0.00000000100000000000 0.00388666516537513294 0.99611333383462496993 
0.00000000100000000000 0.01988293432842972927 0.98011706467157022615 
0.01918414613844465072 0.02185798570864944806 0.95895786815290595673 
0.00000003854615418299 0.01017438400924746376 0.98982557744459831461 
0.00000000099999999999 0.00029027334120065038 0.99970972565879934191 
0.01575140856650805721 0.03102073920706321236 0.95322785222642880676 
0.00000000099999999999 0.00000039665896248882 0.99999960234103746348 
0.00000000100000000000 0.01525409463074502495 0.98474590436925490966 
0.00000000099999999999 0.00137606120790308541 0.99862393779209690514 
0.00000000099999999999 0.03589821557452178152 0.96410178342547825370 
0.00000000100000000000 0.01997867061534216310 0.98002132838465783049 
0.00000000100000000000 0.04333021238121779334 0.95666978661878210310 
0.00000000100000000000 0.00623639565940869132 0.99376360334059132828 
0.00000000099999999999 0.02941113881486747891 0.97058886018513257365 
0.07531229920733518990 0.03068775576106809802 0.89399994503159674331 
0.00000000099999999999 0.00682754793394188975 0.99317245106605822613 
0.00000000099999999999 0.02132507283830232039 0.97867492616169771136 
0.00000000099999999999 0.03045882100847335447 0.96954117799152650381 
0.00000000248684527494 0.00341251864381211280 0.99658747886934262450 
0.00000000099999999999 0.01612708084715526111 0.98387291815284483310 
0.00416868082397226381 0.00957652300195829115 0.98625479617406941468 
0.00000000099999999999 0.02339295386647980562 0.97660704513352025735 
0.00000000099999999999 0.00000023148022253735 0.99999976751977748268 
0.00000000099999999999 0.03680847849605319716 0.96319152050394674092 
0.00000000099999999997 0.99999999799999994554 0.00000000099999999997 
0.00000000099999999999 0.99999999800000005656 0.00000000099999999999 
0.99999999800000005656 0.00000000099999999991 0.00000000099999999991 
0.81584052163174425321 0.16336480768187308654 0.02079467068638263250 
0.01399416950592823061 0.92283462767144219807 0.06317120282262951581 
0.00000000099999999999 0.01642246968395636927 0.98357752931604369717 
0.00000000168849938605 0.03238176510519078649 0.96761823320630979683 
0.00000000099999999999 0.99999999799999994554 0.00000000099999999999 
0.00000000099999999999 0.02216385691274242592 0.97783614208725755379 
0.00000000099999999999 0.00832958391373865917 0.99167041508626141422 
0.00000000099999999999 0.00000000099999999999 0.99999999799999994554 
0.99999999799999994554 0.00000000099999999987 0.00000000099999999987 
0.99999999799999994554 0.00000000099999999987 0.00000000099999999987 
0.99999999799999994554 0.00000000099999999986 0.00000000099999999986 
0.99999999800000005656 0.00000000099999999986 0.00000000099999999986 
0.99999999800000005656 0.00000000099999999988 0.00000000099999999988 
0.00000000099999999999 0.99999999800000005656 0.00000000099999999999 
0.00007801094354327595 0.00689093141016692851 0.99303105764628984975 
0.99999999799999994554 0.00000000099999999987 0.00000000099999999987 
0.99999999800000005656 0.00000000099999999988 0.00000000099999999988 
0.81930968286305028148 0.18063579845840913030 0.00005451867854056724 
0.81110641555177775963 0.16242509469897059571 0.02646848974925154405 
0.00000000099999999999 0.00000000099999999999 0.99999999800000005656 
0.99999999800000005656 0.00000000099999999988 0.00000000099999999988 
0.00000000100000000000 0.01855951827955207648 0.98144048072044787201 
0.00000000099999999999 0.00000003218218347094 0.99999996681781644359 
0.00000000099999999999 0.96300621481885040343 0.03699378418114965955 
0.00000000099999999999 0.01496401061548730677 0.98503598838451278397 
0.00000000099999999997 0.99999999799999994554 0.00000000099999999997 
0.00000000099999999999 0.02814841318545568613 0.97185158581454422766 
0.00000000099999999997 0.99999999800000005656 0.00000000099999999997 
0.00221057065358641266 0.01970227637593980133 0.97808715297047388315 
0.00244363397597217955 0.00052314425610147663 0.99703322176792630316 
0.99999999800000005656 0.00000000099999999988 0.00000000099999999988 
0.00000000099999999998 0.99999999799999994554 0.00000000099999999998 
0.99999999799999994554 0.00000000099999999986 0.00000000099999999986 
0.99999999800000005656 0.00000000099999999988 0.00000000099999999988 
0.00000000099999999999 0.01322815702662800269 0.98677184197337197702 
0.00000000099999999999 0.03028772635195388016 0.96971227264804604751 
0.00000000099999999999 0.01002241812098840675 0.98997758087901155388 
0.00000000099999999999 0.00918486584588164810 0.99081513315411839926 
0.00000000100000000000 0.01463929833945612838 0.98536070066054393113 
0.00000000099999999999 0.02462064567411555854 0.97537935332588443504 
0.00000000099999999999 0.00000000699185971866 0.99999999200814027045 
0.00000000099999999998 0.99628494855254690066 0.00371505044745304913 
0.00000000099999999999 0.00000000099999999999 0.99999999800000005656 
0.99999999799999994554 0.00000000099999999987 0.00000000099999999987 
0.00000000100000000000 0.00190140008640920372 0.99809859891359076212 
0.99999999799999994554 0.00000000099999999996 0.00000000099999999996 
0.99999999799999994554 0.00000000099999999989 0.00000000099999999989 
0.00000000099999999999 0.02696970863844284916 0.97303029036155708198 
0.00000000100000000000 0.00000036628653932743 0.99999963271346070659 
0.00000000100000000000 0.02279009296274680726 0.97720990603725310653 
0.99999999799999994554 0.00000000099999999990 0.00000000099999999990 
0.00000000099999999997 0.99999999800000005656 0.00000000099999999997 
0.00000000099999999997 0.99999999800000005656 0.00000000099999999997 
0.99999999800000005656 0.00000000099999999989 0.00000000099999999989 
0.00000000100000000000 0.01189950802195466686 0.98810049097804530938 
0.00000000425530656641 0.04745999582524650096 0.95253999991944693360 
0.99999999800000005656 0.00000000099999999989 0.00000000099999999989 
0.00000000099999999999 0.01249691084122605232 0.98750308815877385626 
0.00000000099999999997 0.99999999799999994554 0.00000000099999999997 
0.18741905783112841610 0.26104246218973159444 0.55153847997914007273 
0.00042945319227762584 0.03145533472857729718 0.96811521207914497111 
0.00000000100000000000 0.04189630078911269623 0.95810369821088736675 
0.00000000100000000000 0.00508980818962028944 0.99491019081037967986 
0.00000000099999999999 0.00057858652505563132 0.99942141247494431511 
0.00000000099999999999 0.00000000099999999999 0.99999999799999994554 
0.00000000099999999999 0.01114140859407706206 0.98885859040592294367 
0.00000000100000000000 0.01443614443324264980 0.98556385456675732470 
0.01101282828657548785 0.02734457485276734628 0.96164259686065722832 
0.00000000099999999998 0.99999999799999994554 0.00000000099999999998 
0.00000000099999999999 0.02562435019693729346 0.97437564880306271053 
0.00000000100000000000 0.00000031903723913257 0.99999967996276095672 
0.00000000100000000000 0.05059422640501472918 0.94940577259498537543 
0.00000000099999999999 0.01889178913065345591 0.98110820986934643706 
0.00190167735405600592 0.03934955926190152747 0.95874876338404246834 
0.00000000099999999999 0.00000000099999999999 0.99999999800000005656 
0.00000000100000000000 0.02147733630664281843 0.97852266269335719251 
0.00000000099999999999 0.99707724529309649242 0.00292275370690356058 
0.00000000100000000000 0.02871952845442977617 0.97128047054557020701 
0.00000000100000000000 0.01078121306420689457 0.98921878593579315453 
0.01061680259776483053 0.01298551063488545022 0.97639768676734972619 
0.00000000099999999999 0.99999999767786740268 0.00000000132213272427 
0.01969866468410846547 0.03019735126828930125 0.95010398404760221247 
0.00000000260580760223 0.01447818513605702087 0.98552181225813539900 
0.00000000099999999999 0.48603768820238246740 0.51396231079761744986 
0.00000000099999999999 0.02878931476058236780 0.97121068423941747660 
0.99999999800000005656 0.00000000099999999990 0.00000000099999999990 
0.00000009040579468369 0.02935559709920523494 0.97064431249500005006 
0.00000000100000000000 0.03016017395027680015 0.96983982504972321426 
