0.00000000099999999998 0.00000000115006594850 0.00000000099999999998 0.00000000099999999998 0.00000085355361119260 0.00000000099999999998 0.61851163892319682702 0.38148733627435421623 0.00000016509877174842 0.00000000099999999998 
0.00000000099999999992 0.00000000099999999992 0.00000000099999999992 0.00000000099999999992 0.00000000099999999992 0.99999999100000014352 0.00000000099999999992 0.00000000099999999992 0.00000000099999999992 0.00000000099999999992 
0.00000000099999999992 0.00000000099999999992 0.00000000099999999992 0.00000000099999999992 0.00000000099999999992 0.99999999100000003249 0.00000000099999999992 0.00000000099999999992 0.00000000099999999992 0.00000000099999999992 
0.09068617833052666777 0.00000000099999999999 0.00000000099999999999 0.00000000099999999999 0.29775900138700606146 0.03176690001332777014 0.20051214508204073805 0.28931666790956755975 0.06662544001525873283 0.02333366426227249935 
0.00806841391220152783 0.00000000099999999998 0.00000000099999999998 0.00000000099999999998 0.30196694569642984485 0.00000000099999999998 0.17351191015365377557 0.23958974322482806674 0.23900230412216857956 0.03786067889071814685 
0.18000409613741785719 0.00000000099999999996 0.00000000099999999996 0.00000000099999999996 0.00000000099999999996 0.00000000099999999996 0.49809719741437491480 0.32188557601787781692 0.00000000099999999996 0.00001312443032953377 
0.00000000099999999993 0.00000000099999999993 0.00000000099999999993 0.00000000099999999993 0.00000000099999999993 0.99999999100000003249 0.00000000099999999993 0.00000000099999999993 0.00000000099999999993 0.00000000099999999993 
0.00000000099999999989 0.00000000099999999989 0.00000000099999999989 0.00000000099999999989 0.00000000099999999989 0.99999999100000003249 0.00000000099999999989 0.00000000099999999989 0.00000000099999999989 0.00000000099999999989 
0.00000013480662999122 0.00000000099999999996 0.00000000099999999996 0.00000000099999999996 0.00000000099999999996 0.00000000099999999996 0.00000000099999999996 0.71783709366944092878 0.00000000099999999996 0.28216276452392907714 
0.00000000099999999992 0.00000000099999999992 0.00000000099999999992 0.00000000099999999992 0.00000000099999999992 0.99999999100000003249 0.00000000099999999992 0.00000000099999999992 0.00000000099999999992 0.00000000099999999992 
0.00000000099999999996 0.00000000099999999996 0.00000000099999999996 0.00000000099999999996 0.80720860745813016734 0.00000000099999999996 0.00000000099999999996 0.00000000099999999996 0.00000000099999999996 0.19279138454187000340 
0.00000000099999999997 0.00003246384061308382 0.00000000099999999997 0.00000000099999999997 0.01129857664753490185 0.00000000099999999997 0.32680678739356155971 0.46021056612835770094 0.13808686800885347501 0.06356473398107918837 
0.41327529938149498712 0.00000000099999999997 0.00000000099999999997 0.00000000099999999997 0.58672169882296487664 0.00000000099999999997 0.00000003613777625870 0.00000000099999999997 0.00000295965776386959 0.00000000099999999997 
0.10985655081356043850 0.01060035562049212003 0.00000000099999999999 0.00000000099999999999 0.11270293801053746230 0.00000000099999999999 0.19171870945814453724 0.29576057667053640143 0.21758155815550617174 0.06177930827122282004 
0.00000000099999999984 0.00000000099999999984 0.00000000099999999984 0.00000000099999999984 0.00000000099999999984 0.00000000099999999984 0.00000000099999999984 0.00000000099999999984 0.99999999099999992147 0.00000000099999999984 
0.18216825243363593545 0.02596075665056950602 0.00000000099999999998 0.00000000099999999998 0.11083688296936736184 0.04690340049450921617 0.15806880715464105558 0.27272833845711008660 0.12522572929471353920 0.07810783054545329673 
0.00000000099999999989 0.00000000099999999989 0.00000000099999999989 0.00000000099999999989 0.00000000099999999989 0.00000000099999999989 0.00000000099999999989 0.99999999100000003249 0.00000000099999999989 0.00000000099999999989 
0.00000000099999999997 0.00000000099999999997 0.00000000099999999997 0.00000000099999999997 0.32095035280110562059 0.00000000099999999997 0.00000000099999999997 0.56180798992395086788 0.00000000099999999997 0.11724165027494368174 
0.00000000099999999996 0.00000000099999999996 0.00000000099999999996 0.00000000099999999996 0.00000000099999999996 0.00000000099999999996 0.00000000099999999996 0.55107880370180717389 0.44892118829819271930 0.00000000099999999996 
0.46702483884811440973 0.00000000099999999994 0.00000000099999999994 0.00000000099999999994 0.00000000099999999994 0.00000000099999999994 0.34980459173198785727 0.00000000099999999994 0.18317056241989740362 0.00000000099999999994 
0.00000000099999999993 0.00000000099999999993 0.00000000099999999993 0.00000000099999999993 0.99999999100000014352 0.00000000099999999993 0.00000000099999999993 0.00000000099999999993 0.00000000099999999993 0.00000000099999999993 
0.00000000099999999995 0.00000000099999999995 0.00000000099999999995 0.00000000099999999995 0.00000000099999999995 0.99091326228614784455 0.00000000099999999995 0.00000000099999999995 0.00000000099999999995 0.00908672971385217874 
0.23972052626486564653 0.00000000099999999998 0.00000000099999999998 0.00000000099999999998 0.31886550168532001859 0.00915874386816027501 0.17398715038313419812 0.15018120423966321852 0.00000000455202957162 0.10808686600682718137 
0.00000000099999999954 0.00000000099999999954 0.00000000099999999954 0.00000000099999999954 0.00000000099999999954 0.00000000099999999954 0.00000000099999999954 0.00000000099999999954 0.00000000099999999954 0.99999999100000003249 
0.11160194400784680113 0.00000000099999999996 0.00000000099999999996 0.00000000099999999996 0.47787095198465101564 0.03084470029164199448 0.28708787610555591696 0.09259452261030427789 0.00000000099999999996 0.00000000099999999996 
0.00000000099999999997 0.00000000099999999997 0.00000000099999999997 0.00000000099999999997 0.30089004157273824269 0.00000000099999999997 0.36713738092361802856 0.33081360295780748437 0.00000000099999999997 0.00115896854583642838 
0.00000000099999999961 0.99999999100000014352 0.00000000099999999961 0.00000000099999999961 0.00000000099999999961 0.00000000099999999961 0.00000000099999999961 0.00000000099999999961 0.00000000099999999961 0.00000000099999999961 
0.00000000099999999957 0.99999999100000025454 0.00000000099999999957 0.00000000099999999957 0.00000000099999999957 0.00000000099999999957 0.00000000099999999957 0.00000000099999999957 0.00000000099999999957 0.00000000099999999957 
0.00000000099999999992 0.00000000099999999992 0.00000000099999999992 0.00000000099999999992 0.99999999100000003249 0.00000000099999999992 0.00000000099999999992 0.00000000099999999992 0.00000000099999999992 0.00000000099999999992 
0.00000000099999999988 0.00000000099999999988 0.00000000099999999988 0.00000000099999999988 0.00000000099999999988 0.00000000099999999988 0.00000000099999999988 0.99999999099999992147 0.00000000099999999988 0.00000000099999999988 
0.00000000099999999990 0.00000000099999999990 0.00000000099999999990 0.00000000099999999990 0.99999999100000003249 0.00000000099999999990 0.00000000099999999990 0.00000000099999999990 0.00000000099999999990 0.00000000099999999990 
0.00000000099999999984 0.00000000099999999984 0.00000000099999999984 0.00000000099999999984 0.00000000099999999984 0.82716537679585666609 0.00000000099999999984 0.00000000099999999984 0.00000000099999999984 0.17283461520414350465 
0.00000000099999999971 0.36806917729091659375 0.00000000099999999971 0.00000000099999999971 0.00000000099999999971 0.00000000099999999971 0.00000000099999999971 0.00000000099999999971 0.00000000099999999971 0.63193081470908329944 
0.24849200002487933925 0.00000000099999999997 0.00000000099999999997 0.00000000099999999997 0.32135015084940365959 0.00000000099999999997 0.00000000099999999997 0.38338268572500355802 0.00000000099999999997 0.04677515740071359202 
0.00000000099999999956 0.00000000099999999956 0.40398877665560178896 0.59601121534439838179 0.00000000099999999956 0.00000000099999999956 0.00000000099999999956 0.00000000099999999956 0.00000000099999999956 0.00000000099999999956 
0.00000000099999999939 0.00000000099999999939 0.00000000099999999939 0.99999999100000003249 0.00000000099999999939 0.00000000099999999939 0.00000000099999999939 0.00000000099999999939 0.00000000099999999939 0.00000000099999999939 
0.00000000099999999939 0.00000000099999999939 0.00000000099999999939 0.99999999100000014352 0.00000000099999999939 0.00000000099999999939 0.00000000099999999939 0.00000000099999999939 0.00000000099999999939 0.00000000099999999939 
0.00000000099999999963 0.99999999100000014352 0.00000000099999999963 0.00000000099999999963 0.00000000099999999963 0.00000000099999999963 0.00000000099999999963 0.00000000099999999963 0.00000000099999999963 0.00000000099999999963 
0.00000000099999999958 0.99999999100000014352 0.00000000099999999958 0.00000000099999999958 0.00000000099999999958 0.00000000099999999958 0.00000000099999999958 0.00000000099999999958 0.00000000099999999958 0.00000000099999999958 
0.00000000099999999992 0.00000000099999999992 0.00000000099999999992 0.00000000099999999992 0.53723246953705861007 0.00000000099999999992 0.00000000099999999992 0.00000000099999999992 0.46276752246294133863 0.00000000099999999992 
0.00000000099999999995 0.00000000099999999995 0.00000000099999999995 0.00000000099999999995 0.00000000099999999995 0.99999999100000003249 0.00000000099999999995 0.00000000099999999995 0.00000000099999999995 0.00000000099999999995 
0.00000000099999999960 0.99999999100000014352 0.00000000099999999960 0.00000000099999999960 0.00000000099999999960 0.00000000099999999960 0.00000000099999999960 0.00000000099999999960 0.00000000099999999960 0.00000000099999999960 
0.00000000099999999998 0.00000000099999999998 0.00000000099999999998 0.00000000099999999998 0.27049674609339208198 0.00711809496115788348 0.00000000099999999998 0.43168482288075160636 0.19670677320697166346 0.09399355785772682548 
0.00000000099999999991 0.00000000099999999991 0.00000000099999999991 0.00000000099999999991 0.00000000099999999991 0.99999999100000003249 0.00000000099999999991 0.00000000099999999991 0.00000000099999999991 0.00000000099999999991 
0.00000000099999999964 0.99999999100000014352 0.00000000099999999964 0.00000000099999999964 0.00000000099999999964 0.00000000099999999964 0.00000000099999999964 0.00000000099999999964 0.00000000099999999964 0.00000000099999999964 
0.24169574677006591679 0.00011461511568311501 0.00000000099999999997 0.00000000099999999997 0.00000000099999999997 0.00000021129428985053 0.28886852450684963323 0.46932089731311149583 0.00000000099999999997 0.00000000099999999997 
0.00000000099999999960 0.99999999100000025454 0.00000000099999999960 0.00000000099999999960 0.00000000099999999960 0.00000000099999999960 0.00000000099999999960 0.00000000099999999960 0.00000000099999999960 0.00000000099999999960 
0.00000000099999999992 0.00000000099999999992 0.00000000099999999992 0.00000000099999999992 0.00000000099999999992 0.99999999100000014352 0.00000000099999999992 0.00000000099999999992 0.00000000099999999992 0.00000000099999999992 
0.00000000099999999988 0.00000000099999999988 0.00000000099999999988 0.00000000099999999988 0.00000000099999999988 0.99999999100000014352 0.00000000099999999988 0.00000000099999999988 0.00000000099999999988 0.00000000099999999988 
0.00000000099999999955 0.99999999100000025454 0.00000000099999999955 0.00000000099999999955 0.00000000099999999955 0.00000000099999999955 0.00000000099999999955 0.00000000099999999955 0.00000000099999999955 0.00000000099999999955 
0.00000000099999999959 0.99999999100000025454 0.00000000099999999959 0.00000000099999999959 0.00000000099999999959 0.00000000099999999959 0.00000000099999999959 0.00000000099999999959 0.00000000099999999959 0.00000000099999999959 
0.00000000099999999993 0.00000000099999999993 0.00000000099999999993 0.00000000099999999993 0.00000000099999999993 0.99999999100000014352 0.00000000099999999993 0.00000000099999999993 0.00000000099999999993 0.00000000099999999993 
0.00000000099999999993 0.00000000099999999993 0.00000000099999999993 0.00000000099999999993 0.00000000099999999993 0.99999999100000014352 0.00000000099999999993 0.00000000099999999993 0.00000000099999999993 0.00000000099999999993 
0.00000000099999999995 0.00000000099999999995 0.00000000099999999995 0.00000000099999999995 0.00000000099999999995 0.98960186239562586419 0.00000000099999999995 0.00000000099999999995 0.00000000099999999995 0.01039812960437423023 
0.00000000099999999965 0.99999999100000025454 0.00000000099999999965 0.00000000099999999965 0.00000000099999999965 0.00000000099999999965 0.00000000099999999965 0.00000000099999999965 0.00000000099999999965 0.00000000099999999965 
0.99999999100000025454 0.00000000099999999993 0.00000000099999999993 0.00000000099999999993 0.00000000099999999993 0.00000000099999999993 0.00000000099999999993 0.00000000099999999993 0.00000000099999999993 0.00000000099999999993 
0.00000000099999999992 0.00000000099999999992 0.00000000099999999992 0.00000000099999999992 0.99999999100000003249 0.00000000099999999992 0.00000000099999999992 0.00000000099999999992 0.00000000099999999992 0.00000000099999999992 
0.00000000099999999981 0.00000000099999999981 0.00000000099999999981 0.00000000099999999981 0.00000000099999999981 0.00000000099999999981 0.00000000099999999981 0.00000000099999999981 0.99999999100000003249 0.00000000099999999981 
0.39614715366184927170 0.00000000099999999997 0.00000000099999999997 0.00000000099999999997 0.41327183161282349255 0.00000000099999999997 0.00000000099999999997 0.00000000099999999997 0.12782006477304377889 0.06276094395228344613 
0.00000000099999999992 0.00000000099999999992 0.00000000099999999992 0.00000000099999999992 0.00000000099999999992 0.99999999100000014352 0.00000000099999999992 0.00000000099999999992 0.00000000099999999992 0.00000000099999999992 
0.00000000099999999997 0.00000000099999999997 0.00000000099999999997 0.00000000099999999997 0.45906936769901862672 0.00000000099999999997 0.00000000099999999997 0.54093062430098137749 0.00000000099999999997 0.00000000099999999997 
0.00000000099999999946 0.00000000099999999946 0.99999999100000003249 0.00000000099999999946 0.00000000099999999946 0.00000000099999999946 0.00000000099999999946 0.00000000099999999946 0.00000000099999999946 0.00000000099999999946 
0.99999999100000025454 0.00000000099999999988 0.00000000099999999988 0.00000000099999999988 0.00000000099999999988 0.00000000099999999988 0.00000000099999999988 0.00000000099999999988 0.00000000099999999988 0.00000000099999999988 
0.00000000099999999944 0.00000000099999999944 0.00000000099999999944 0.99999999100000014352 0.00000000099999999944 0.00000000099999999944 0.00000000099999999944 0.00000000099999999944 0.00000000099999999944 0.00000000099999999944 
0.33796723915073517697 0.00000000099999999997 0.00000000099999999997 0.00000000099999999997 0.26864871016847635676 0.00522576281064276831 0.00000000099999999997 0.19744619941484051195 0.00000000099999999997 0.19071208345530507589 
0.00000000099999999944 0.00000000099999999944 0.00000000099999999944 0.99999999100000003249 0.00000000099999999944 0.00000000099999999944 0.00000000099999999944 0.00000000099999999944 0.00000000099999999944 0.00000000099999999944 
0.00000000099999999991 0.00000000099999999991 0.00000000099999999991 0.00000000099999999991 0.00000000099999999991 0.00000000099999999991 0.00000000099999999991 0.99999999099999992147 0.00000000099999999991 0.00000000099999999991 
0.00000000099999999990 0.00000000099999999990 0.00000000099999999990 0.00000000099999999990 0.00000000099999999990 0.00000000099999999990 0.99999999100000003249 0.00000000099999999990 0.00000000099999999990 0.00000000099999999990 
0.00000000099999999989 0.00000000099999999989 0.00000000099999999989 0.00000000099999999989 0.00000000099999999989 0.99999999100000014352 0.00000000099999999989 0.00000000099999999989 0.00000000099999999989 0.00000000099999999989 
0.99999999100000025454 0.00000000099999999988 0.00000000099999999988 0.00000000099999999988 0.00000000099999999988 0.00000000099999999988 0.00000000099999999988 0.00000000099999999988 0.00000000099999999988 0.00000000099999999988 
0.00000000099999999950 0.00000000099999999950 0.99999999100000014352 0.00000000099999999950 0.00000000099999999950 0.00000000099999999950 0.00000000099999999950 0.00000000099999999950 0.00000000099999999950 0.00000000099999999950 
0.00000000099999999951 0.00000000099999999951 0.99999999100000003249 0.00000000099999999951 0.00000000099999999951 0.00000000099999999951 0.00000000099999999951 0.00000000099999999951 0.00000000099999999951 0.00000000099999999951 
0.00000000099999999991 0.00000000099999999991 0.00000000099999999991 0.00000000099999999991 0.00000000099999999991 0.00000000099999999991 0.99999999100000003249 0.00000000099999999991 0.00000000099999999991 0.00000000099999999991 
0.00000000099999999991 0.00000000099999999991 0.00000000099999999991 0.00000000099999999991 0.00000000099999999991 0.99999999100000014352 0.00000000099999999991 0.00000000099999999991 0.00000000099999999991 0.00000000099999999991 
0.00000000099999999967 0.99999999100000014352 0.00000000099999999967 0.00000000099999999967 0.00000000099999999967 0.00000000099999999967 0.00000000099999999967 0.00000000099999999967 0.00000000099999999967 0.00000000099999999967 
0.00000000099999999991 0.00000000099999999991 0.00000000099999999991 0.00000000099999999991 0.00000000099999999991 0.99999999100000003249 0.00000000099999999991 0.00000000099999999991 0.00000000099999999991 0.00000000099999999991 
0.00000000099999999988 0.00000000099999999988 0.00000000099999999988 0.00000000099999999988 0.00000000099999999988 0.00000000099999999988 0.00000000099999999988 0.00000000099999999988 0.99999999099999992147 0.00000000099999999988 
0.00000000099999999944 0.00000000099999999944 0.00000000099999999944 0.99999999100000014352 0.00000000099999999944 0.00000000099999999944 0.00000000099999999944 0.00000000099999999944 0.00000000099999999944 0.00000000099999999944 
0.00000000099999999951 0.99999999100000014352 0.00000000099999999951 0.00000000099999999951 0.00000000099999999951 0.00000000099999999951 0.00000000099999999951 0.00000000099999999951 0.00000000099999999951 0.00000000099999999951 
0.00000000099999999952 0.00000000099999999952 0.00000000099999999952 0.99999999100000003249 0.00000000099999999952 0.00000000099999999952 0.00000000099999999952 0.00000000099999999952 0.00000000099999999952 0.00000000099999999952 
0.00000000099999999991 0.00000000099999999991 0.00000000099999999991 0.00000000099999999991 0.99999999100000014352 0.00000000099999999991 0.00000000099999999991 0.00000000099999999991 0.00000000099999999991 0.00000000099999999991 
0.00000000099999999987 0.00000000099999999987 0.00000000099999999987 0.00000000099999999987 0.00000000099999999987 0.99999999100000003249 0.00000000099999999987 0.00000000099999999987 0.00000000099999999987 0.00000000099999999987 
0.00000000099999999991 0.00000000099999999991 0.00000000099999999991 0.00000000099999999991 0.00000000099999999991 0.99999999100000014352 0.00000000099999999991 0.00000000099999999991 0.00000000099999999991 0.00000000099999999991 
0.50284792954488399808 0.00000000099999999995 0.00000000099999999995 0.00000000099999999995 0.00000000099999999995 0.22671135939141751070 0.00000000099999999995 0.00000000099999999995 0.27044070406369846715 0.00000000099999999995 
0.03400201316060540851 0.01889430649153453837 0.00000000099999999999 0.00000000099999999999 0.42433822155103834151 0.00000000099999999999 0.27855380252645989270 0.00000174472923216991 0.17873921699727920998 0.06547069154385030954 
0.00000000099999999994 0.00000000099999999994 0.00000000099999999994 0.00000000099999999994 0.75410956730640388290 0.00000000099999999994 0.00000215337976184425 0.24588827231383425520 0.00000000099999999994 0.00000000099999999994 
0.39226597014283792753 0.00000000099999999997 0.00000000099999999997 0.00000000099999999997 0.17499502795551655221 0.01306833006383158018 0.23282832235080458405 0.18683454242420821645 0.00000780306280113934 0.00000000099999999997 
0.27229151095454717790 0.00000000099999999997 0.00000000099999999997 0.00000000099999999997 0.43316003788649520834 0.00000000099999999997 0.00000000099999999997 0.00000000149564043359 0.17501637931553459815 0.11953206534778265668 
0.29243727053095563972 0.00000000099999999996 0.00000000099999999996 0.00000000099999999996 0.28078168442210915678 0.00000000099999999996 0.13484560543197066096 0.26058589155334171972 0.00000000099999999996 0.03134954306162281157 
0.47801812733170728764 0.00000000099999999994 0.00000000099999999994 0.00000000099999999994 0.52198186466829255004 0.00000000099999999994 0.00000000099999999994 0.00000000099999999994 0.00000000099999999994 0.00000000099999999994 
0.99999999100000025454 0.00000000099999999989 0.00000000099999999989 0.00000000099999999989 0.00000000099999999989 0.00000000099999999989 0.00000000099999999989 0.00000000099999999989 0.00000000099999999989 0.00000000099999999989 
0.12307630831668242566 0.00000000099999999998 0.00000000099999999998 0.00000000099999999998 0.37659682159273932811 0.02591530366039947533 0.00000000099999999998 0.27268311070644679628 0.16298216396985926169 0.03874628775387281565 
0.00000000099999999992 0.00000000099999999992 0.00000000099999999992 0.00000000099999999992 0.00000000099999999992 0.99999999100000014352 0.00000000099999999992 0.00000000099999999992 0.00000000099999999992 0.00000000099999999992 
0.00000000099999999995 0.00000000099999999995 0.00000000099999999995 0.00000000099999999995 0.00000000099999999995 0.95091191475129155375 0.00000000099999999995 0.00000000099999999995 0.04908807724870855455 0.00000000099999999995 
0.00000000099999999963 0.00000000099999999963 0.99999999100000003249 0.00000000099999999963 0.00000000099999999963 0.00000000099999999963 0.00000000099999999963 0.00000000099999999963 0.00000000099999999963 0.00000000099999999963 
0.00000000099999999994 0.00000000099999999994 0.00000000099999999994 0.00000000099999999994 0.00000000099999999994 0.98578074262375459114 0.00000000099999999994 0.00000000099999999994 0.01421924937624559696 0.00000000099999999994 
0.00000000099999999994 0.00000000099999999994 0.00000000099999999994 0.00000000099999999994 0.00000000099999999994 0.96487187772857951895 0.03512811427142059628 0.00000000099999999994 0.00000000099999999994 0.00000000099999999994 
0.00000000099999999984 0.00000000099999999984 0.00000000099999999984 0.00000000099999999984 0.00000000099999999984 0.00000000099999999984 0.00000000099999999984 0.00000000099999999984 0.00000000099999999984 0.99999999100000003249 
0.00000000099999999938 0.00000000099999999938 0.00000000099999999938 0.99999999100000014352 0.00000000099999999938 0.00000000099999999938 0.00000000099999999938 0.00000000099999999938 0.00000000099999999938 0.00000000099999999938 
0.29314149611000539508 0.00000000099999999997 0.00000000099999999997 0.00000000099999999997 0.35068710822003013039 0.00000000099999999997 0.00000000099999999997 0.00000000099999999997 0.34018081828767093855 0.01599057138229335526 
0.00000000099999999995 0.00000000099999999995 0.00000000099999999995 0.00000000099999999995 0.61120002369468218184 0.00000000099999999995 0.00000000099999999995 0.00000000099999999995 0.38879996830531798890 0.00000000099999999995 
0.00000000099999999989 0.00000000099999999989 0.00000000099999999989 0.00000000099999999989 0.00000000099999999989 0.00000000099999999989 0.99999999099999992147 0.00000000099999999989 0.00000000099999999989 0.00000000099999999989 
0.00018352181318932002 0.00002708484069027254 0.00000000099999999999 0.00000000099999999999 0.20435185361472604781 0.01265146600742842777 0.30090866410605043857 0.29971735903331403472 0.17318725659744965695 0.00897279198715182462 
0.00000000099999999993 0.00000000099999999993 0.00000000099999999993 0.00000000099999999993 0.00000000099999999993 0.00000000099999999993 0.49415031515164115072 0.00000000099999999993 0.50584967684835868695 0.00000000099999999993 
0.00000000099999999996 0.00000000099999999996 0.00000000099999999996 0.00000000099999999996 0.54124272177091092839 0.01572761913414602933 0.00000000099999999996 0.39097423666707292744 0.00000000099999999996 0.05205541642787010065 
0.00000000099999999992 0.00000000099999999992 0.00000000099999999992 0.00000000099999999992 0.00000000099999999992 0.00000000099999999992 0.99999999099999992147 0.00000000099999999992 0.00000000099999999992 0.00000000099999999992 
0.44316507802330712407 0.00000000099999999997 0.00000000099999999997 0.00000000099999999997 0.00000000099999999997 0.00000000099999999997 0.00000000099999999997 0.55683491397669260259 0.00000000099999999997 0.00000000099999999997 
0.15800281741612959285 0.02393506670499418593 0.00000000100000000000 0.00279212421396909547 0.00004010695261070506 0.00000000100000000000 0.24035741328141760342 0.42802853939816104534 0.13460141438446907025 0.01224251564824878000 
0.07955032449255863836 0.00177032231917780979 0.00000000099999999997 0.00000000099999999997 0.49700858853673551829 0.00000000099999999997 0.00000000099999999997 0.15725210493072000473 0.19567644186909297077 0.06874221385171515319 
0.00000000099999999994 0.00000000099999999994 0.00000000099999999994 0.00000000099999999994 0.24746473025590168260 0.00000000099999999994 0.00000000099999999994 0.55932860796390093672 0.19320665478019741212 0.00000000099999999994 
0.00000000099999999998 0.00994049788852847428 0.00000000099999999998 0.00000000099999999998 0.00000000099999999998 0.00301730824907583354 0.66514125639362464693 0.32190093146877107877 0.00000000099999999998 0.00000000099999999998 
0.00000000099999999989 0.00000000099999999989 0.00000000099999999989 0.00000000099999999989 0.00000000099999999989 0.00000000099999999989 0.99999999100000003249 0.00000000099999999989 0.00000000099999999989 0.00000000099999999989 
0.39819540866454361527 0.00000000099999999994 0.00000000099999999994 0.00000000099999999994 0.00000000099999999994 0.00000000099999999994 0.60180458333545638894 0.00000000099999999994 0.00000000099999999994 0.00000000099999999994 
0.59657996837651705579 0.00000000099999999995 0.00000000099999999995 0.00000000099999999995 0.00000000099999999995 0.00000000099999999995 0.00000000099999999995 0.40342002362348305944 0.00000000099999999995 0.00000000099999999995 
0.21527023418729185344 0.00000000099999999997 0.00000000099999999997 0.00000000099999999997 0.37983433849588965625 0.01783509850042313410 0.11145759642557340197 0.12274238355083665064 0.00000000121424410863 0.15286034462574107917 
0.00022200598971734587 0.00000000099999999997 0.00000000099999999997 0.00000000099999999997 0.00000000099999999997 0.00000000099999999997 0.55348472350525135255 0.44629326350503129017 0.00000000099999999997 0.00000000099999999997 
0.26073059421803751468 0.00000000099999999998 0.00000000099999999998 0.00000000099999999998 0.31424330992100607540 0.02954875962258684402 0.00000000099999999998 0.29114348140917273300 0.00257312255960589955 0.10176072826959099704 
0.99999999100000025454 0.00000000099999999991 0.00000000099999999991 0.00000000099999999991 0.00000000099999999991 0.00000000099999999991 0.00000000099999999991 0.00000000099999999991 0.00000000099999999991 0.00000000099999999991 
0.00000000099999999990 0.00000000099999999990 0.00000000099999999990 0.00000000099999999990 0.00000000099999999990 0.00000000099999999990 0.00000000099999999990 0.99999999100000003249 0.00000000099999999990 0.00000000099999999990 
0.13438084533585126223 0.00185659992384183811 0.00000000100000000000 0.07003218075415071353 0.33035516851346785616 0.01174337409111052624 0.00060472729453755786 0.31289372856436648007 0.05858493637913952945 0.07954843814353419751 
0.00000016460060145338 0.00000000099999999995 0.00000000099999999995 0.00000000099999999995 0.00000000099999999995 0.00000000099999999995 0.49231709459293793163 0.19915246182883236670 0.23339228963557717700 0.07513798434205105903 
0.00000000099999999992 0.00000000099999999992 0.00000000099999999992 0.00000000099999999992 0.00000000099999999992 0.00000000099999999992 0.72334819705551167690 0.00000000099999999992 0.00000000099999999992 0.27665179494448827180 
0.00000000099999999990 0.00000000099999999990 0.00000000099999999990 0.00000000099999999990 0.00000000099999999990 0.00000000099999999990 0.00000000099999999990 0.99999999099999992147 0.00000000099999999990 0.00000000099999999990 
0.00000000099999999997 0.01232187404514825321 0.00000000099999999997 0.00000000099999999997 0.40509707258396909779 0.00000000099999999997 0.20112662154637084289 0.30099777047948322872 0.00000000099999999997 0.08045665634502849328 
0.00000000099999999994 0.00000000099999999994 0.00000000099999999994 0.00000000099999999994 0.53158324932839906563 0.00000000099999999994 0.00000000099999999994 0.46841674267160099410 0.00000000099999999994 0.00000000099999999994 
0.24840402340788925173 0.00000000099999999999 0.00000000099999999999 0.00000000099999999999 0.00003147053006331562 0.00000000099999999999 0.07473700763915877565 0.25961761859083026804 0.29936504265494273680 0.11784483317711573480 
0.24002047372820467519 0.00729262576886853184 0.00000000099999999998 0.00000000099999999998 0.34578188644122892503 0.00054466552839751254 0.03759742515873634727 0.20724567825870357507 0.12358317449739344984 0.03793406861846688322 
0.00000000099999999994 0.00000000099999999994 0.00000000099999999994 0.00000000099999999994 0.00000000099999999994 0.00000000099999999994 0.00000000099999999994 0.66128594889350200692 0.33871404310649799729 0.00000000099999999994 
0.99999999100000025454 0.00000000099999999989 0.00000000099999999989 0.00000000099999999989 0.00000000099999999989 0.00000000099999999989 0.00000000099999999989 0.00000000099999999989 0.00000000099999999989 0.00000000099999999989 
0.00000000099999999991 0.00000000099999999991 0.00000000099999999991 0.00000000099999999991 0.00000000099999999991 0.99999999100000003249 0.00000000099999999991 0.00000000099999999991 0.00000000099999999991 0.00000000099999999991 
0.00000000099999999995 0.00000000099999999995 0.00000000099999999995 0.00000000099999999995 0.00000000099999999995 0.98432154363903467953 0.01567844836096536978 0.00000000099999999995 0.00000000099999999995 0.00000000099999999995 
0.00000000099999999960 0.00000000099999999960 0.26200075077787243760 0.73799924122212778865 0.00000000099999999960 0.00000000099999999960 0.00000000099999999960 0.00000000099999999960 0.00000000099999999960 0.00000000099999999960 
0.00000000099999999953 0.99999999100000014352 0.00000000099999999953 0.00000000099999999953 0.00000000099999999953 0.00000000099999999953 0.00000000099999999953 0.00000000099999999953 0.00000000099999999953 0.00000000099999999953 
0.00000000099999999999 0.03624569399547103443 0.00000000099999999999 0.00000000099999999999 0.07229109006611299237 0.89146320893841601851 0.00000000099999999999 0.00000000099999999999 0.00000000099999999999 0.00000000099999999999 
0.00000000099999999987 0.00000000099999999987 0.00000000099999999987 0.00000000099999999987 0.00000000099999999987 0.00000000099999999987 0.99999999099999992147 0.00000000099999999987 0.00000000099999999987 0.00000000099999999987 
0.00000000099999999992 0.00000000099999999992 0.00000000099999999992 0.00000000099999999992 0.99999999100000014352 0.00000000099999999992 0.00000000099999999992 0.00000000099999999992 0.00000000099999999992 0.00000000099999999992 
0.00000000099999999996 0.00236898819598436484 0.00000000099999999996 0.00000000099999999996 0.00000000099999999996 0.96442788889704400557 0.00000000099999999996 0.00000000099999999996 0.00000000099999999996 0.03320311590697170440 
0.00000000140035163932 0.00000000099999999997 0.00000000099999999997 0.00000000099999999997 0.00000000099999999997 0.00000000099999999997 0.34273709413928488132 0.40688032224833242667 0.25038257621203097170 0.00000000099999999997 
0.28805634890174169893 0.00481547794311172703 0.00000000099999999996 0.00000000099999999996 0.00000000099999999996 0.00000000099999999996 0.25759981312152896438 0.23334851524920766086 0.21617983978440993842 0.00000000099999999996 
0.00000000099999999996 0.00000000099999999996 0.00000000099999999996 0.00000000099999999996 0.29319295911041592939 0.00000000099999999996 0.00000000099999999996 0.63067986663706010475 0.00000000099999999996 0.07612716725252388628 
0.00000000099999999946 0.00000000099999999946 0.99999999100000014352 0.00000000099999999946 0.00000000099999999946 0.00000000099999999946 0.00000000099999999946 0.00000000099999999946 0.00000000099999999946 0.00000000099999999946 
0.00000000099999999954 0.00000000099999999954 0.40348843159423114502 0.59651156040576891471 0.00000000099999999954 0.00000000099999999954 0.00000000099999999954 0.00000000099999999954 0.00000000099999999954 0.00000000099999999954 
0.00000000099999999940 0.00000000099999999940 0.99999999100000014352 0.00000000099999999940 0.00000000099999999940 0.00000000099999999940 0.00000000099999999940 0.00000000099999999940 0.00000000099999999940 0.00000000099999999940 
0.00000000099999999941 0.00000000099999999941 0.99999999100000014352 0.00000000099999999941 0.00000000099999999941 0.00000000099999999941 0.00000000099999999941 0.00000000099999999941 0.00000000099999999941 0.00000000099999999941 
0.00000000099999999940 0.00000000099999999940 0.00000000099999999940 0.99999999100000003249 0.00000000099999999940 0.00000000099999999940 0.00000000099999999940 0.00000000099999999940 0.00000000099999999940 0.00000000099999999940 
0.00000000099999999995 0.00000000099999999995 0.00000000099999999995 0.00000000099999999995 0.00000000099999999995 0.96217424032495346697 0.00000000099999999995 0.00000000099999999995 0.00000000099999999995 0.03782575167504653724 
0.00000000099999999984 0.00000000099999999984 0.00000000099999999984 0.00000000099999999984 0.00000000099999999984 0.00000000099999999984 0.00000000099999999984 0.00000000099999999984 0.99999999100000003249 0.00000000099999999984 
0.00000000099999999942 0.00000000099999999942 0.00000000099999999942 0.99999999100000014352 0.00000000099999999942 0.00000000099999999942 0.00000000099999999942 0.00000000099999999942 0.00000000099999999942 0.00000000099999999942 
0.00000000099999999947 0.00000000099999999947 0.00000000099999999947 0.99999999100000014352 0.00000000099999999947 0.00000000099999999947 0.00000000099999999947 0.00000000099999999947 0.00000000099999999947 0.00000000099999999947 
0.00000000099999999951 0.99999999100000014352 0.00000000099999999951 0.00000000099999999951 0.00000000099999999951 0.00000000099999999951 0.00000000099999999951 0.00000000099999999951 0.00000000099999999951 0.00000000099999999951 
0.00000000099999999952 0.99999999100000025454 0.00000000099999999952 0.00000000099999999952 0.00000000099999999952 0.00000000099999999952 0.00000000099999999952 0.00000000099999999952 0.00000000099999999952 0.00000000099999999952 
0.21414883648498694857 0.00000000099999999997 0.00000000099999999997 0.00000000099999999997 0.17547613339710357860 0.00000000099999999997 0.26592820706279451937 0.29844933599523959522 0.04599748205987543720 0.00000000099999999997 
0.00000000099999999944 0.00000000099999999944 0.99999999100000014352 0.00000000099999999944 0.00000000099999999944 0.00000000099999999944 0.00000000099999999944 0.00000000099999999944 0.00000000099999999944 0.00000000099999999944 
0.00000000099999999981 0.00000000099999999981 0.00000000099999999981 0.00000000099999999981 0.00000000099999999981 0.00000000099999999981 0.00000000099999999981 0.00000000099999999981 0.99999999099999992147 0.00000000099999999981 
0.99999999100000014352 0.00000000099999999987 0.00000000099999999987 0.00000000099999999987 0.00000000099999999987 0.00000000099999999987 0.00000000099999999987 0.00000000099999999987 0.00000000099999999987 0.00000000099999999987 
0.00000000099999999994 0.00000000099999999994 0.00000000099999999994 0.00000000099999999994 0.00000000099999999994 0.93123656068086846371 0.00000000099999999994 0.00000000099999999994 0.00000000099999999994 0.06876343131913156825 
0.25196579980515482200 0.00000000099999999996 0.00000000099999999996 0.00000000099999999996 0.34964132283205406893 0.00046739367839732007 0.16452795932165925619 0.00000000608356244690 0.23339751427917213022 0.00000000099999999996 
0.00000000099999999988 0.00000000099999999988 0.00000000099999999988 0.00000000099999999988 0.00000000099999999988 0.99999999100000003249 0.00000000099999999988 0.00000000099999999988 0.00000000099999999988 0.00000000099999999988 
0.00000000099999999986 0.00000000099999999986 0.00000000099999999986 0.00000000099999999986 0.00000000099999999986 0.00000000099999999986 0.99999999100000003249 0.00000000099999999986 0.00000000099999999986 0.00000000099999999986 
0.00000000099999999990 0.00000000099999999990 0.00000000099999999990 0.00000000099999999990 0.00000000099999999990 0.99999999100000014352 0.00000000099999999990 0.00000000099999999990 0.00000000099999999990 0.00000000099999999990 
0.00000000099999999981 0.00000000099999999981 0.00000000099999999981 0.00000000099999999981 0.00000000099999999981 0.00000000099999999981 0.00000000099999999981 0.00000000099999999981 0.99999999100000003249 0.00000000099999999981 
0.28103955828304522102 0.01014601066129089402 0.00000000099999999999 0.00000000099999999999 0.21710487899319708127 0.00000000099999999999 0.12730027189272188903 0.32004967463338607203 0.00000000099999999999 0.04435960153635883085 
0.00000000099999999957 0.00000000099999999957 0.43742116228282590384 0.56257882971717421139 0.00000000099999999957 0.00000000099999999957 0.00000000099999999957 0.00000000099999999957 0.00000000099999999957 0.00000000099999999957 
0.00000000099999999992 0.00000000099999999992 0.00000000099999999992 0.00000000099999999992 0.00000000099999999992 0.99999999100000014352 0.00000000099999999992 0.00000000099999999992 0.00000000099999999992 0.00000000099999999992 
0.00000000099999999942 0.00000000099999999942 0.99999999100000003249 0.00000000099999999942 0.00000000099999999942 0.00000000099999999942 0.00000000099999999942 0.00000000099999999942 0.00000000099999999942 0.00000000099999999942 
0.00000000099999999948 0.00000000099999999948 0.70050465031160114027 0.29949534168839886394 0.00000000099999999948 0.00000000099999999948 0.00000000099999999948 0.00000000099999999948 0.00000000099999999948 0.00000000099999999948 
0.40134962377994065630 0.00000000099999999996 0.00000000099999999996 0.00000000099999999996 0.00000000099999999996 0.00000000099999999996 0.00000000099999999996 0.59865036822005923689 0.00000000099999999996 0.00000000099999999996 
0.14421480343423900838 0.00000000099999999997 0.00000000099999999997 0.00000000099999999997 0.28674781756036715752 0.01894995383710816952 0.24268662556256315188 0.21330614937055838998 0.09409464623516412829 0.00000000099999999997 
0.99999999100000025454 0.00000000099999999989 0.00000000099999999989 0.00000000099999999989 0.00000000099999999989 0.00000000099999999989 0.00000000099999999989 0.00000000099999999989 0.00000000099999999989 0.00000000099999999989 
0.16311183257023917359 0.00000000099999999997 0.00000000099999999997 0.00000000099999999997 0.12392220346762761185 0.00000000099999999997 0.30484310158293309589 0.21361907453025208437 0.15629140675377650727 0.03821237709517159853 
0.00000000099999999993 0.00000000099999999993 0.00000000099999999993 0.00000000099999999993 0.00000000099999999993 0.00000000099999999993 0.77653319117613350819 0.00000000099999999993 0.00000000099999999993 0.22346680082386657928 
0.00002258413178126100 0.00000000099999999993 0.00000000099999999993 0.00000000099999999993 0.00000000099999999993 0.00000000099999999993 0.71856286095588928209 0.00000000099999999993 0.00000000099999999993 0.28141454791232967114 
0.00000000099999999988 0.00000000099999999988 0.00000000099999999988 0.00000000099999999988 0.99999999100000003249 0.00000000099999999988 0.00000000099999999988 0.00000000099999999988 0.00000000099999999988 0.00000000099999999988 
