0.02044636779420986109 0.00000000099999999999 0.39030828732819999871 0.00000000099999999999 0.00000000099999999999 0.00000000099999999999 0.00000000099999999999 0.14822177082462301145 0.10545891335461350657 0.14184503511398782738 0.19371962058436578702 
0.00000000099999999992 0.42373358470360839023 0.00000000099999999992 0.00000000099999999992 0.00000000099999999992 0.00000000099999999992 0.57626640629639158675 0.00000000099999999992 0.00000000099999999992 0.00000000099999999992 0.00000000099999999992 
0.00000000099999999992 0.30441340930799259956 0.00000000099999999992 0.00000000099999999992 0.00000000099999999992 0.00000000099999999992 0.69558658169200726640 0.00000000099999999992 0.00000000099999999992 0.00000000099999999992 0.00000000099999999992 
0.00000000099999999999 0.00000000099999999999 0.32429991489972737062 0.00000000099999999999 0.00000001130197983002 0.09228210560639252269 0.03716590419038985627 0.10609803448774222934 0.21341037139204468986 0.09637087516903108941 0.13037277995269253017 
0.00000000099999999998 0.00000000099999999998 0.17761971422946312704 0.00000000099999999998 0.00832512033959898791 0.20709924773733287551 0.00000000099999999998 0.22275770925404611567 0.18523856008506744963 0.06740186669621874016 0.13155777765827272874 
0.00000000099999999998 0.00000000099999999998 0.25492856924880114011 0.00000000099999999998 0.00000000099999999998 0.05546354916422040898 0.02272780410324663769 0.19229110619793057801 0.19813891746808184879 0.24743177989931944283 0.02901826991839988323 
0.00000000099999999983 0.99999999000000028282 0.00000000099999999983 0.00000000099999999983 0.00000000099999999983 0.00000000099999999983 0.00000000099999999983 0.00000000099999999983 0.00000000099999999983 0.00000000099999999983 0.00000000099999999983 
0.00000000099999999988 0.31526994514547834747 0.00000000099999999988 0.00000000099999999988 0.00000000099999999988 0.00000000099999999988 0.68473004585452168502 0.00000000099999999988 0.00000000099999999988 0.00000000099999999988 0.00000000099999999988 
0.00000000099999999985 0.00000000099999999985 0.00000000099999999985 0.00000000099999999985 0.00000000099999999985 0.00000000099999999985 0.00000000099999999985 0.00000000099999999985 0.00000000099999999985 0.99999998999999994975 0.00000000099999999985 
0.00000000099999999992 0.47191423470219850955 0.00000000099999999992 0.00000000099999999992 0.00000000099999999992 0.00000000099999999992 0.52808575629780152294 0.00000000099999999992 0.00000000099999999992 0.00000000099999999992 0.00000000099999999992 
0.00000000099999999999 0.00000000099999999999 0.00000000099999999999 0.00000000099999999999 0.00000000099999999999 0.07401732907817194784 0.01876401839499761831 0.33802275009032156650 0.17380783690908108152 0.17767555252180469716 0.21771250800562300109 
0.00000000099999999998 0.00000000099999999998 0.20398895280928999729 0.00000000099999999998 0.00000000099999999998 0.19016513727615458329 0.01513158649061010358 0.39311045179371595371 0.08895134181582767252 0.10385273279089587972 0.00479979302350577210 
0.00000000099999999997 0.00000000099999999997 0.00000000099999999997 0.00000000099999999997 0.00000000099999999997 0.00000000099999999997 0.00000000099999999997 0.23174520182067831486 0.00000000099999999997 0.31666269843155403496 0.45159209174776754336 
0.00571090418289545414 0.00006130503148535538 0.30622695676888017635 0.00000000099999999999 0.00000000099999999999 0.21333529706244652724 0.00000000099999999999 0.32687581874218657463 0.00002739613796273841 0.14776231807414313968 0.00000000099999999999 
0.00000000099999999985 0.00000000099999999985 0.00000000099999999985 0.00000000099999999985 0.00000000099999999985 0.00000000099999999985 0.00000000099999999985 0.99999999000000006077 0.00000000099999999985 0.00000000099999999985 0.00000000099999999985 
0.00609955345945249923 0.00000000099999999999 0.17620822324315588148 0.00000000099999999999 0.02011232542951310251 0.11675492667126241564 0.05628797931340132066 0.22164398114861691425 0.21436793266513218259 0.10523033124854985765 0.08329474482091596410 
0.00000000099999999998 0.00000000099999999998 0.04870087060211269331 0.00000000099999999998 0.00000000099999999998 0.14769686935357040358 0.00000000099999999998 0.29811823003233389739 0.31837002499232586183 0.00000000099999999998 0.18711399901965716785 
0.00000000099999999995 0.00000000099999999995 0.00000000099999999995 0.00000000099999999995 0.00000000099999999995 0.27931463992327121293 0.00000000099999999995 0.00000000099999999995 0.72068535092361740713 0.00000000099999999995 0.00000000115311121631 
0.00000000099999999987 0.00000000099999999987 0.00000000099999999987 0.00000000099999999987 0.00000000099999999987 0.00000000099999999987 0.00000000099999999987 0.00000000099999999987 0.99999999000000006077 0.00000000099999999987 0.00000000099999999987 
0.00000000099999999995 0.00000000099999999995 0.45971185810850762055 0.00000000099999999995 0.00000000099999999995 0.00000000099999999995 0.00000000099999999995 0.54028813289149235644 0.00000000099999999995 0.00000000099999999995 0.00000000099999999995 
0.00000000099999999997 0.00000000099999999997 0.16125503859362391723 0.00000000099999999997 0.00000000099999999997 0.00014446440222095852 0.00000000099999999997 0.30117570447311198256 0.00147462048165712374 0.14570508285042105268 0.39024508419896503097 
0.00000000099999999986 0.00000000099999999986 0.00000000099999999986 0.00000000099999999986 0.00000000099999999986 0.00000000099999999986 0.99999999000000006077 0.00000000099999999986 0.00000000099999999986 0.00000000099999999986 0.00000000099999999986 
0.00000000099999999997 0.01176017841508118604 0.34452664422476109163 0.00000000099999999997 0.00000000099999999997 0.16317368237988436053 0.00000000099999999997 0.19524921419321594751 0.00000000099999999997 0.00037725613182994097 0.28491301965522747297 
0.00000000099999999971 0.00000000099999999971 0.00000000099999999971 0.00000000099999999971 0.00000000099999999971 0.99999999000000017180 0.00000000099999999971 0.00000000099999999971 0.00000000099999999971 0.00000000099999999971 0.00000000099999999971 
0.00000000099999999985 0.00000000099999999985 0.00000000099999999985 0.00000000099999999985 0.00000000099999999985 0.00000000099999999985 0.00000000099999999985 0.00000000099999999985 0.00000000099999999985 0.00000000099999999985 0.99999999000000006077 
0.00000000099999999997 0.00000000099999999997 0.20434899379790694152 0.00000000099999999997 0.00000000099999999997 0.24916961007280347129 0.00000000099999999997 0.04194142358946555821 0.21421453311263938257 0.15367354495200588604 0.13665188947517867279 
0.99999999000000028282 0.00000000099999999938 0.00000000099999999938 0.00000000099999999938 0.00000000099999999938 0.00000000099999999938 0.00000000099999999938 0.00000000099999999938 0.00000000099999999938 0.00000000099999999938 0.00000000099999999938 
0.00000000099999999944 0.00000000099999999944 0.00000000099999999944 0.00000000099999999944 0.99999999000000017180 0.00000000099999999944 0.00000000099999999944 0.00000000099999999944 0.00000000099999999944 0.00000000099999999944 0.00000000099999999944 
0.00000000099999999987 0.00000000099999999987 0.00000000099999999987 0.00000000099999999987 0.00000000099999999987 0.00000000099999999987 0.00000000099999999987 0.00000000099999999987 0.00000000099999999987 0.00000000099999999987 0.99999998999999994975 
0.00000000099999999993 0.00000000099999999993 0.00000000099999999993 0.00000000099999999993 0.00000000099999999993 0.48150608216732587730 0.00000000099999999993 0.00000000099999999993 0.51849390883267409968 0.00000000099999999993 0.00000000099999999993 
0.00000000099999999995 0.00000000099999999995 0.31558678377608417875 0.00000000099999999995 0.00000000099999999995 0.00000000099999999995 0.00000000099999999995 0.00000000099999999995 0.00000000099999999995 0.00000000099999999995 0.68441320722391552067 
0.00000000099999999986 0.00000000099999999986 0.00000000099999999986 0.00000000099999999986 0.00000000099999999986 0.00000000099999999986 0.99999998999999994975 0.00000000099999999986 0.00000000099999999986 0.00000000099999999986 0.00000000099999999986 
0.00000000099999999983 0.00000000099999999983 0.00000000099999999983 0.00000000099999999983 0.35735532822963778088 0.46204503208486086274 0.18059963168550152712 0.00000000099999999983 0.00000000099999999983 0.00000000099999999983 0.00000000099999999983 
0.00000000099999999985 0.00000000099999999985 0.00000000099999999985 0.00000000099999999985 0.00000000099999999985 0.99999999000000017180 0.00000000099999999985 0.00000000099999999985 0.00000000099999999985 0.00000000099999999985 0.00000000099999999985 
0.00000000099999999949 0.00000000099999999949 0.00000000099999999949 0.99999999000000006077 0.00000000099999999949 0.00000000099999999949 0.00000000099999999949 0.00000000099999999949 0.00000000099999999949 0.00000000099999999949 0.00000000099999999949 
0.00000000099999999936 0.00000000099999999936 0.00000000099999999936 0.99999999000000006077 0.00000000099999999936 0.00000000099999999936 0.00000000099999999936 0.00000000099999999936 0.00000000099999999936 0.00000000099999999936 0.00000000099999999936 
0.00000000099999999937 0.00000000099999999937 0.00000000099999999937 0.99999999000000006077 0.00000000099999999937 0.00000000099999999937 0.00000000099999999937 0.00000000099999999937 0.00000000099999999937 0.00000000099999999937 0.00000000099999999937 
0.99999999000000028282 0.00000000099999999938 0.00000000099999999938 0.00000000099999999938 0.00000000099999999938 0.00000000099999999938 0.00000000099999999938 0.00000000099999999938 0.00000000099999999938 0.00000000099999999938 0.00000000099999999938 
0.00000000099999999948 0.00000000099999999948 0.00000000099999999948 0.00000000099999999948 0.99999999000000006077 0.00000000099999999948 0.00000000099999999948 0.00000000099999999948 0.00000000099999999948 0.00000000099999999948 0.00000000099999999948 
0.00000000099999999997 0.00000000099999999997 0.00013791640364580059 0.00000000099999999997 0.00000000099999999997 0.15408851817026933406 0.00000000099999999997 0.16037129509087422186 0.07219343902519324840 0.22094039268817783350 0.39226843362183960728 
0.00000000099999999987 0.99999999000000028282 0.00000000099999999987 0.00000000099999999987 0.00000000099999999987 0.00000000099999999987 0.00000000099999999987 0.00000000099999999987 0.00000000099999999987 0.00000000099999999987 0.00000000099999999987 
0.00000000099999999951 0.00000000099999999951 0.00000000099999999951 0.00000000099999999951 0.99999999000000017180 0.00000000099999999951 0.00000000099999999951 0.00000000099999999951 0.00000000099999999951 0.00000000099999999951 0.00000000099999999951 
0.00000000099999999984 0.00000000099999999984 0.00000000099999999984 0.00000000099999999984 0.00000000099999999984 0.99999999000000006077 0.00000000099999999984 0.00000000099999999984 0.00000000099999999984 0.00000000099999999984 0.00000000099999999984 
0.00000000099999999982 0.00000000099999999982 0.00000000099999999982 0.00000000099999999982 0.00000000099999999982 0.00000000099999999982 0.99999999000000006077 0.00000000099999999982 0.00000000099999999982 0.00000000099999999982 0.00000000099999999982 
0.99999999000000017180 0.00000000099999999939 0.00000000099999999939 0.00000000099999999939 0.00000000099999999939 0.00000000099999999939 0.00000000099999999939 0.00000000099999999939 0.00000000099999999939 0.00000000099999999939 0.00000000099999999939 
0.00933069085232870674 0.00000000099999999998 0.08341812840790195638 0.00000000099999999998 0.00000000099999999998 0.26341504131000426092 0.00410013834370722818 0.23147942142546920619 0.31327045479463683231 0.09498612086595173420 0.00000000099999999998 
0.00000000099999999951 0.00000000099999999951 0.00000000099999999951 0.00000000099999999951 0.99999999000000006077 0.00000000099999999951 0.00000000099999999951 0.00000000099999999951 0.00000000099999999951 0.00000000099999999951 0.00000000099999999951 
0.00000000099999999983 0.00000000099999999983 0.00000000099999999983 0.00000000099999999983 0.00000000099999999983 0.00000000099999999983 0.99999998999999994975 0.00000000099999999983 0.00000000099999999983 0.00000000099999999983 0.00000000099999999983 
0.00000000099999999988 0.38790987137419213893 0.00000000099999999988 0.00000000099999999988 0.00000000099999999988 0.00000000099999999988 0.61209011962580794908 0.00000000099999999988 0.00000000099999999988 0.00000000099999999988 0.00000000099999999988 
0.00000000099999999946 0.00000000099999999946 0.00000000099999999946 0.00000000099999999946 0.99999999000000006077 0.00000000099999999946 0.00000000099999999946 0.00000000099999999946 0.00000000099999999946 0.00000000099999999946 0.00000000099999999946 
0.00000000099999999948 0.00000000099999999948 0.00000000099999999948 0.00000000099999999948 0.99999999000000017180 0.00000000099999999948 0.00000000099999999948 0.00000000099999999948 0.00000000099999999948 0.00000000099999999948 0.00000000099999999948 
0.00000000099999999983 0.99999999000000028282 0.00000000099999999983 0.00000000099999999983 0.00000000099999999983 0.00000000099999999983 0.00000000099999999983 0.00000000099999999983 0.00000000099999999983 0.00000000099999999983 0.00000000099999999983 
0.00000000099999999993 0.62828644849765968861 0.00000000099999999993 0.00000000099999999993 0.00000000099999999993 0.00000000099999999993 0.37171354250234051042 0.00000000099999999993 0.00000000099999999993 0.00000000099999999993 0.00000000099999999993 
0.00000000099999999994 0.39686282988098714464 0.00000000099999999994 0.00000000099999999994 0.00000000099999999994 0.00000000616034403338 0.59727664780874523132 0.00000000099999999994 0.00000000099999999994 0.00586050914992359076 0.00000000099999999994 
0.99999999000000017180 0.00000000099999999943 0.00000000099999999943 0.00000000099999999943 0.00000000099999999943 0.00000000099999999943 0.00000000099999999943 0.00000000099999999943 0.00000000099999999943 0.00000000099999999943 0.00000000099999999943 
0.00000000099999999991 0.00000000099999999991 0.00000000099999999991 0.00000000099999999991 0.00000000099999999991 0.00000000099999999991 0.00000000099999999991 0.99999999000000006077 0.00000000099999999991 0.00000000099999999991 0.00000000099999999991 
0.01146546734334198334 0.00000000099999999997 0.61040554845527583705 0.00000000099999999997 0.00000000099999999997 0.00000000099999999997 0.00000000099999999997 0.00000000099999999997 0.00000000099999999997 0.37812897620138236077 0.00000000099999999997 
0.00000000099999999983 0.00000000099999999983 0.00000000099999999983 0.00000000099999999983 0.00000000099999999983 0.00000000099999999983 0.00000000099999999983 0.99999999000000006077 0.00000000099999999983 0.00000000099999999983 0.00000000099999999983 
0.00000000099999999997 0.00000000099999999997 0.37161239563652820328 0.00000000099999999997 0.00000000099999999997 0.21352741241408518258 0.00000000099999999997 0.00000000099999999997 0.00000000099999999997 0.00000000099999999997 0.41486018394938656284 
0.00000000099999999983 0.00000000099999999983 0.00000000099999999983 0.00000000099999999983 0.00000000099999999983 0.00000000099999999983 0.99999999000000006077 0.00000000099999999983 0.00000000099999999983 0.00000000099999999983 0.00000000099999999983 
0.00000000099999999986 0.00000000099999999986 0.00000000099999999986 0.00000000099999999986 0.00000000099999999986 0.00000000099999999986 0.00000000099999999986 0.00000000099999999986 0.99999998999999994975 0.00000000099999999986 0.00000000099999999986 
0.00000000099999999946 0.00000000099999999946 0.00000000099999999946 0.99999999000000017180 0.00000000099999999946 0.00000000099999999946 0.00000000099999999946 0.00000000099999999946 0.00000000099999999946 0.00000000099999999946 0.00000000099999999946 
0.00000000099999999985 0.00000000099999999985 0.99999999000000017180 0.00000000099999999985 0.00000000099999999985 0.00000000099999999985 0.00000000099999999985 0.00000000099999999985 0.00000000099999999985 0.00000000099999999985 0.00000000099999999985 
0.00000000099999999947 0.00000000099999999947 0.00000000099999999947 0.99999999000000006077 0.00000000099999999947 0.00000000099999999947 0.00000000099999999947 0.00000000099999999947 0.00000000099999999947 0.00000000099999999947 0.00000000099999999947 
0.00000000099999999997 0.00000000099999999997 0.00000005933206351422 0.00000000099999999997 0.00000000099999999997 0.26750644998054695645 0.02463655450420600829 0.19911472674549857143 0.50874185284039330490 0.00000000099999999997 0.00000035159729176976 
0.00000000099999999948 0.00000000099999999948 0.00000000099999999948 0.99999999000000017180 0.00000000099999999948 0.00000000099999999948 0.00000000099999999948 0.00000000099999999948 0.00000000099999999948 0.00000000099999999948 0.00000000099999999948 
0.00000000099999999997 0.00539085199467509522 0.32377632661334637687 0.00000000099999999997 0.00000000099999999997 0.00000000099999999997 0.00000000099999999997 0.00000000099999999997 0.48392034707970954521 0.00000000099999999997 0.18691246731226884847 
0.00000000099999999995 0.00000000099999999995 0.00000000099999999995 0.00000000099999999995 0.00000000099999999995 0.41805226781350596221 0.00000000099999999995 0.58194772318649401477 0.00000000099999999995 0.00000000099999999995 0.00000000099999999995 
0.00000000099999999978 0.99999999000000017180 0.00000000099999999978 0.00000000099999999978 0.00000000099999999978 0.00000000099999999978 0.00000000099999999978 0.00000000099999999978 0.00000000099999999978 0.00000000099999999978 0.00000000099999999978 
0.00000000099999999991 0.00000000099999999991 0.52140538088511778625 0.00000000099999999991 0.00000000099999999991 0.47859461011488235727 0.00000000099999999991 0.00000000099999999991 0.00000000099999999991 0.00000000099999999991 0.00000000099999999991 
0.00000000099999999948 0.00000000099999999948 0.00000000099999999948 0.99999999000000006077 0.00000000099999999948 0.00000000099999999948 0.00000000099999999948 0.00000000099999999948 0.00000000099999999948 0.00000000099999999948 0.00000000099999999948 
0.00000000099999999953 0.00000000099999999953 0.00000000099999999953 0.99999999000000017180 0.00000000099999999953 0.00000000099999999953 0.00000000099999999953 0.00000000099999999953 0.00000000099999999953 0.00000000099999999953 0.00000000099999999953 
0.00472476200949364326 0.08539829566565715346 0.13783651980200778420 0.00000000099999999998 0.00000000099999999998 0.00000000099999999998 0.00000000099999999998 0.30874116731341411102 0.00016513205093933981 0.17116626065658291367 0.29196785850190509759 
0.00000000099999999989 0.65917104381222213494 0.00000000099999999989 0.00000000099999999989 0.00000000099999999989 0.00000000099999999989 0.34082894718777823062 0.00000000099999999989 0.00000000099999999989 0.00000000099999999989 0.00000000099999999989 
0.99999999000000017180 0.00000000099999999942 0.00000000099999999942 0.00000000099999999942 0.00000000099999999942 0.00000000099999999942 0.00000000099999999942 0.00000000099999999942 0.00000000099999999942 0.00000000099999999942 0.00000000099999999942 
0.00000000099999999981 0.00000000099999999981 0.00000000099999999981 0.00000000099999999981 0.00000000099999999981 0.00000000099999999981 0.99999999000000006077 0.00000000099999999981 0.00000000099999999981 0.00000000099999999981 0.00000000099999999981 
0.00000000099999999998 0.02510340349900965634 0.00000000099999999998 0.00000000099999999998 0.00000000099999999998 0.23298738617369513237 0.00000000099999999998 0.00000000277649702165 0.42944719167766909340 0.00000000099999999998 0.31246200987312905406 
0.00000000099999999943 0.00000000099999999943 0.00000000099999999943 0.99999999000000017180 0.00000000099999999943 0.00000000099999999943 0.00000000099999999943 0.00000000099999999943 0.00000000099999999943 0.00000000099999999943 0.00000000099999999943 
0.99999999000000017180 0.00000000099999999927 0.00000000099999999927 0.00000000099999999927 0.00000000099999999927 0.00000000099999999927 0.00000000099999999927 0.00000000099999999927 0.00000000099999999927 0.00000000099999999927 0.00000000099999999927 
0.00000000099999999955 0.00000000099999999955 0.00000000099999999955 0.99999999000000006077 0.00000000099999999955 0.00000000099999999955 0.00000000099999999955 0.00000000099999999955 0.00000000099999999955 0.00000000099999999955 0.00000000099999999955 
0.00000000099999999996 0.00000000099999999996 0.47399915661982755521 0.00000000099999999996 0.00000000099999999996 0.00000000099999999996 0.00000000099999999996 0.00000000099999999996 0.00000000099999999996 0.52600083438017219972 0.00000000099999999996 
0.00000000099999999975 0.99999999000000017180 0.00000000099999999975 0.00000000099999999975 0.00000000099999999975 0.00000000099999999975 0.00000000099999999975 0.00000000099999999975 0.00000000099999999975 0.00000000099999999975 0.00000000099999999975 
0.00000000099999999989 0.62665756322585053351 0.00000000099999999989 0.00000000099999999989 0.00000000099999999989 0.00000000099999999989 0.37334242777414972103 0.00000000099999999989 0.00000000099999999989 0.00000000099999999989 0.00000000099999999989 
0.00000000099999999990 0.20801455392177886639 0.00000000099999999990 0.00000000099999999990 0.00000000099999999990 0.79198543707822133264 0.00000000099999999990 0.00000000099999999990 0.00000000099999999990 0.00000000099999999990 0.00000000099999999990 
0.01568492974051653721 0.00000000099999999999 0.00000001350439368495 0.00000000099999999999 0.00000000099999999999 0.00000000099999999999 0.00000000099999999999 0.19091278113629706059 0.11471354216888017541 0.44796957914749141461 0.23071914930242121144 
0.00000000099999999983 0.00000000099999999983 0.00000000099999999983 0.00000000099999999983 0.00000000099999999983 0.00000000099999999983 0.00000000099999999983 0.00000000099999999983 0.00000000099999999983 0.00000000099999999983 0.99999998999999994975 
0.00000000099999999997 0.01269651618843093549 0.25599798649321264810 0.00000000099999999997 0.00000000099999999997 0.18996958727052190574 0.00000000099999999997 0.18602879968222627016 0.17468499490145711350 0.14013309219465575062 0.04048901926949543401 
0.00000000099999999993 0.00000000099999999993 0.00000000099999999993 0.00000000099999999993 0.00000000099999999993 0.00000000099999999993 0.00000000099999999993 0.00000000099999999993 0.32665389824045526490 0.00000000099999999993 0.67334609275954482310 
0.00000000099999999996 0.00000000099999999996 0.30529283302082999008 0.00000000099999999996 0.00000000099999999996 0.09782306389704972793 0.00000000099999999996 0.09642986654333240981 0.20898720032450415762 0.15432709047920314949 0.13713994073508042892 
0.00000000099999999997 0.00000000099999999997 0.14960404049692757611 0.00000000099999999997 0.00000000099999999997 0.12340017460027949414 0.00013701413114736302 0.17053393844142450408 0.00000000099999999997 0.27206012250580535738 0.28426470482441562604 
0.00000000099999999998 0.00000000099999999998 0.34127964601886207063 0.00000000099999999998 0.00000000099999999998 0.00000000099999999998 0.00000000099999999998 0.23250616685901118186 0.00000000099999999998 0.42621417912212661294 0.00000000099999999998 
0.00000000099999999998 0.00000000099999999998 0.22433503976936514102 0.00000000099999999998 0.00000000099999999998 0.18412240745844815626 0.03381185391847436883 0.09543392495065115833 0.20147454766458394726 0.08991710423996600310 0.17090511799851124120 
0.00000000099999999982 0.00000000099999999982 0.00000000099999999982 0.00000000099999999982 0.00000000099999999982 0.00000000099999999982 0.99999998999999994975 0.00000000099999999982 0.00000000099999999982 0.00000000099999999982 0.00000000099999999982 
0.00000000099999999986 0.99999999000000017180 0.00000000099999999986 0.00000000099999999986 0.00000000099999999986 0.00000000099999999986 0.00000000099999999986 0.00000000099999999986 0.00000000099999999986 0.00000000099999999986 0.00000000099999999986 
0.00000000099999999968 0.00000000099999999968 0.00000000099999999968 0.99999999000000017180 0.00000000099999999968 0.00000000099999999968 0.00000000099999999968 0.00000000099999999968 0.00000000099999999968 0.00000000099999999968 0.00000000099999999968 
0.00000000099999999987 0.00000000099999999987 0.00000000099999999987 0.00000000099999999987 0.00000000099999999987 0.00000000099999999987 0.99999999000000006077 0.00000000099999999987 0.00000000099999999987 0.00000000099999999987 0.00000000099999999987 
0.00000000099999999987 0.00000000099999999987 0.00000000099999999987 0.00000000099999999987 0.00000000099999999987 0.00000000099999999987 0.99999998999999994975 0.00000000099999999987 0.00000000099999999987 0.00000000099999999987 0.00000000099999999987 
0.00000000099999999997 0.00000000099999999997 0.35102769818683182690 0.00000000099999999997 0.00000000099999999997 0.15850233641946662178 0.00000000099999999997 0.00000000099999999997 0.00000005620363220052 0.49046990219006936229 0.00000000099999999997 
0.00000000099999999936 0.00000000099999999936 0.00000000099999999936 0.99999999000000017180 0.00000000099999999936 0.00000000099999999936 0.00000000099999999936 0.00000000099999999936 0.00000000099999999936 0.00000000099999999936 0.00000000099999999936 
0.00000000099999999998 0.00000000099999999998 0.00000037233909502804 0.00000000099999999998 0.00000000099999999998 0.14254740487587419517 0.00000000099999999998 0.22630810686083194239 0.03238181057316653899 0.29614601150980157662 0.30261628884123059624 
0.00000000099999999994 0.00000000099999999994 0.00000000099999999994 0.00000000099999999994 0.00000000099999999994 0.00000000099999999994 0.00000000099999999994 0.00000000099999999994 0.59186916131272038211 0.40813082968727965039 0.00000000099999999994 
0.00000000099999999999 0.00000000099999999999 0.22124649876883786814 0.00000000099999999999 0.00171877999015226501 0.20760620856726691441 0.00000000099999999999 0.20808288098366059526 0.11949987242974247081 0.24184575426033982914 0.00000000099999999999 
0.00000000099999999996 0.00000000099999999996 0.00000000099999999996 0.00000000099999999996 0.00000000099999999996 0.00000000099999999996 0.00000000099999999996 0.35322140023810782994 0.64677859076189214704 0.00000000099999999996 0.00000000099999999996 
0.00000000099999999995 0.00000000099999999995 0.56952331769948838502 0.00000000099999999995 0.00000000099999999995 0.43047667330051164747 0.00000000099999999995 0.00000000099999999995 0.00000000099999999995 0.00000000099999999995 0.00000000099999999995 
0.00000000099999999997 0.00000000099999999997 0.23746731957137412472 0.00000000099999999997 0.00000000099999999997 0.46571923360684763793 0.02092041923356714045 0.00000000099999999997 0.27589301405868410511 0.00000000099999999997 0.00000000752952707070 
0.00000000099999999997 0.00000000099999999997 0.54080980230196418201 0.00000000099999999997 0.00000000099999999997 0.08964202990738918964 0.00000000099999999997 0.36954468887546570999 0.00000000182344422209 0.00000347109173681284 0.00000000099999999997 
0.00593400256642720014 0.00108154836455874506 0.29667666867853131896 0.00000000099999999999 0.00000000099999999999 0.23403816914611733080 0.00000000099999999999 0.22625386397796984350 0.00834265802682475008 0.00000000099999999999 0.22767308523957074939 
0.02655586342976867104 0.00637539956278653126 0.00000000099999999999 0.00000000099999999999 0.00000000099999999999 0.23516157516160773877 0.00000000099999999999 0.26458580820114380172 0.44635243060942658699 0.02096891803526663989 0.00000000099999999999 
0.00000000099999999986 0.00000000099999999986 0.00000000099999999986 0.00000000099999999986 0.00000000099999999986 0.00000000099999999986 0.00000000099999999986 0.00000000099999999986 0.99999998999999994975 0.00000000099999999986 0.00000000099999999986 
0.00000000099999999983 0.00000000099999999983 0.00000000099999999983 0.00000000099999999983 0.00000000099999999983 0.00000000099999999983 0.00000000099999999983 0.00000000099999999983 0.99999999000000006077 0.00000000099999999983 0.00000000099999999983 
0.00000000099999999988 0.00000000099999999988 0.99999999000000006077 0.00000000099999999988 0.00000000099999999988 0.00000000099999999988 0.00000000099999999988 0.00000000099999999988 0.00000000099999999988 0.00000000099999999988 0.00000000099999999988 
0.00918887905350999727 0.00000000099999999997 0.13374366440652199484 0.00000000099999999997 0.00000000099999999997 0.11730153561213182978 0.00000000099999999997 0.22003210424662331124 0.00000000099999999997 0.18025245081149735005 0.33948136086971542058 
0.00000000099999999986 0.00000000099999999986 0.00000000099999999986 0.00000000099999999986 0.00000000099999999986 0.00000000099999999986 0.00000000099999999986 0.99999999000000006077 0.00000000099999999986 0.00000000099999999986 0.00000000099999999986 
0.00000000099999999997 0.00000000099999999997 0.16134422152483682278 0.00000000099999999997 0.00000000099999999997 0.13522371949873110419 0.00000000099999999997 0.24970951093250348674 0.23991422910583898309 0.21380831293808966187 0.00000000099999999997 
0.00000000099999999996 0.00000000099999999996 0.37557324752473952856 0.00000000099999999996 0.00000000099999999996 0.26331288357990567661 0.03573067543381618777 0.00000000892085796518 0.00000000099999999996 0.32538317854068066204 0.00000000099999999996 
0.00000000099999999999 0.00000000099999999999 0.22239333576166114836 0.00000000099999999999 0.00000000099999999999 0.08828622418369055924 0.00526062427548649146 0.29614082529663826593 0.38791898448252359888 0.00000000099999999999 0.00000000099999999999 
0.00000000099999999996 0.02811862566554865217 0.62186833545963637881 0.00000000099999999996 0.00000000099999999996 0.00000000099999999996 0.00000000099999999996 0.35001303087481505649 0.00000000099999999996 0.00000000099999999996 0.00000000099999999996 
0.00000000099999999996 0.00000000099999999996 0.00000000099999999996 0.00000000099999999996 0.00000000099999999996 0.22749695048791510055 0.00000000099999999996 0.45504178690216212644 0.00000001784041730841 0.31746123776950552209 0.00000000099999999996 
0.00000000099999999993 0.00000000099999999993 0.00000000099999999993 0.00000000099999999993 0.00000000099999999993 0.54684293420960605747 0.00000000099999999993 0.00000000099999999993 0.45315705679039403053 0.00000000099999999993 0.00000000099999999993 
0.00000001205522542749 0.00000000100000000000 0.40319904225052183300 0.06770302638704672749 0.00000000100000000000 0.00004949037147045268 0.01868851713660449679 0.14713299760050294052 0.18882653303300606096 0.12542067943656126650 0.04897969972906084102 
0.00000000099999999996 0.00000000099999999996 0.38877798842309030380 0.00000000099999999996 0.00000000099999999996 0.10195103715765876928 0.00000000099999999996 0.34474817428977722056 0.00000000099999999996 0.16452279312947362677 0.00000000099999999996 
0.00000000099999999992 0.00000000099999999992 0.00000000099999999992 0.00000000099999999992 0.00000000099999999992 0.56713285991489670312 0.00000000099999999992 0.00000000099999999992 0.00000000099999999992 0.43286713108510344039 0.00000000099999999992 
0.00000000099999999993 0.00000000099999999993 0.00000000099999999993 0.00000000099999999993 0.00000000099999999993 0.00000000099999999993 0.00000000099999999993 0.61701907983667547697 0.38298091116332461104 0.00000000099999999993 0.00000000099999999993 
0.01725345505608421454 0.00000000099999999998 0.25217878688037331791 0.00000000099999999998 0.00000000099999999998 0.12513565987036637250 0.00000000099999999998 0.20459393607463449705 0.15082843751606547777 0.25000971960247603265 0.00000000099999999998 
0.00000000099999999996 0.00298204607164348750 0.15415197003028507927 0.00000000099999999996 0.00000000099999999996 0.18381582372385515955 0.00000711845443918548 0.08767495567216199159 0.23718949784374074308 0.00000000099999999996 0.33417858420387425156 
0.00519945096035894991 0.00000000099999999999 0.09431593733194007512 0.00000000099999999999 0.00000000099999999999 0.27116221536626944344 0.00000000099999999999 0.31196958449868344987 0.00000000099999999999 0.31735280584274816462 0.00000000099999999999 
0.00000000099999999998 0.00000000099999999998 0.07054180945853878726 0.00000000099999999998 0.00617541979501555309 0.30877148392110548292 0.00927878384177042125 0.00000000099999999998 0.33380867648680706550 0.00000760132716410246 0.27141622116959851496 
0.00000000099999999995 0.00000000099999999995 0.27035791200736347673 0.00000000099999999995 0.00000000099999999995 0.00000000099999999995 0.00000000099999999995 0.40173345262244142262 0.32790862737019510487 0.00000000099999999995 0.00000000099999999995 
0.00000000099999999984 0.00000000099999999984 0.00000000099999999984 0.00000000099999999984 0.00000000099999999984 0.00000000099999999984 0.00000000099999999984 0.00000000099999999984 0.00000000099999999984 0.99999999000000006077 0.00000000099999999984 
0.00000000099999999991 0.46733819314646884990 0.00000000099999999991 0.00000000099999999991 0.00000000099999999991 0.00000000099999999991 0.53266179785353118259 0.00000000099999999991 0.00000000099999999991 0.00000000099999999991 0.00000000099999999991 
0.00000000099999999995 0.59978671511383074844 0.00000000099999999995 0.00000000099999999995 0.00000000099999999995 0.00000000099999999995 0.40021327588616961712 0.00000000099999999995 0.00000000099999999995 0.00000000099999999995 0.00000000099999999995 
0.00000000099999999958 0.00000000099999999958 0.00000000099999999958 0.99999999000000017180 0.00000000099999999958 0.00000000099999999958 0.00000000099999999958 0.00000000099999999958 0.00000000099999999958 0.00000000099999999958 0.00000000099999999958 
0.00000000099999999944 0.00000000099999999944 0.00000000099999999944 0.00000000099999999944 0.99999999000000017180 0.00000000099999999944 0.00000000099999999944 0.00000000099999999944 0.00000000099999999944 0.00000000099999999944 0.00000000099999999944 
0.03802977256370267817 0.31834255613271339458 0.00000000099999999999 0.00000000099999999999 0.00000000099999999999 0.06401192253526682974 0.57961574176831709426 0.00000000099999999999 0.00000000099999999999 0.00000000099999999999 0.00000000099999999999 
0.00000000099999999981 0.00000000099999999981 0.00000000099999999981 0.00000000099999999981 0.00000000099999999981 0.00000000099999999981 0.00000000099999999981 0.00000000099999999981 0.00000000099999999981 0.99999999000000006077 0.00000000099999999981 
0.00000000099999999995 0.00000000099999999995 0.45275564809823554135 0.00000000099999999995 0.00000000099999999995 0.00000000099999999995 0.00000000099999999995 0.00000000099999999995 0.00000000099999999995 0.00000000099999999995 0.54724434290176426909 
0.00000000099999999986 0.99999999000000017180 0.00000000099999999986 0.00000000099999999986 0.00000000099999999986 0.00000000099999999986 0.00000000099999999986 0.00000000099999999986 0.00000000099999999986 0.00000000099999999986 0.00000000099999999986 
0.00000000099999999997 0.00000000099999999997 0.38713815633935222404 0.00000000099999999997 0.00000000099999999997 0.00000000099999999997 0.01003493354349864648 0.38904786976779270891 0.21377903334935627333 0.00000000099999999997 0.00000000099999999997 
0.00000000099999999997 0.00000000099999999997 0.00053338453214271360 0.00000000099999999997 0.00825480614785057548 0.17208898989513712885 0.00000000099999999997 0.36592919145760971489 0.22269104160575359241 0.23050258136150617028 0.00000000099999999997 
0.00000000099999999993 0.00000000099999999993 0.63008983325953193955 0.00000000099999999993 0.00000000099999999993 0.36991015774046820397 0.00000000099999999993 0.00000000099999999993 0.00000000099999999993 0.00000000099999999993 0.00000000099999999993 
0.00000000099999999943 0.00000000099999999943 0.00000000099999999943 0.99999999000000017180 0.00000000099999999943 0.00000000099999999943 0.00000000099999999943 0.00000000099999999943 0.00000000099999999943 0.00000000099999999943 0.00000000099999999943 
0.00000000099999999947 0.00000000099999999947 0.00000000099999999947 0.99999999000000017180 0.00000000099999999947 0.00000000099999999947 0.00000000099999999947 0.00000000099999999947 0.00000000099999999947 0.00000000099999999947 0.00000000099999999947 
0.00000000099999999937 0.00000000099999999937 0.00000000099999999937 0.99999999000000017180 0.00000000099999999937 0.00000000099999999937 0.00000000099999999937 0.00000000099999999937 0.00000000099999999937 0.00000000099999999937 0.00000000099999999937 
0.00000000099999999939 0.00000000099999999939 0.00000000099999999939 0.99999999000000006077 0.00000000099999999939 0.00000000099999999939 0.00000000099999999939 0.00000000099999999939 0.00000000099999999939 0.00000000099999999939 0.00000000099999999939 
0.00000000099999999940 0.00000000099999999940 0.00000000099999999940 0.99999999000000006077 0.00000000099999999940 0.00000000099999999940 0.00000000099999999940 0.00000000099999999940 0.00000000099999999940 0.00000000099999999940 0.00000000099999999940 
0.00000000099999999994 0.67051497221410050198 0.00000000099999999994 0.00000000099999999994 0.00000000099999999994 0.00000000099999999994 0.32948501878589964154 0.00000000099999999994 0.00000000099999999994 0.00000000099999999994 0.00000000099999999994 
0.00271967206047853257 0.00000000099999999998 0.00000000099999999998 0.00000000099999999998 0.00000000099999999998 0.37791075173699473222 0.00000000099999999998 0.25047016812700062527 0.02984442259513691784 0.33905497948038909595 0.00000000099999999998 
0.00000000099999999940 0.00000000099999999940 0.00000000099999999940 0.99999999000000006077 0.00000000099999999940 0.00000000099999999940 0.00000000099999999940 0.00000000099999999940 0.00000000099999999940 0.00000000099999999940 0.00000000099999999940 
0.00000000099999999949 0.00000000099999999949 0.00000000099999999949 0.99999999000000017180 0.00000000099999999949 0.00000000099999999949 0.00000000099999999949 0.00000000099999999949 0.00000000099999999949 0.00000000099999999949 0.00000000099999999949 
0.00000000099999999940 0.00000000099999999940 0.00000000099999999940 0.00000000099999999940 0.99999999000000006077 0.00000000099999999940 0.00000000099999999940 0.00000000099999999940 0.00000000099999999940 0.00000000099999999940 0.00000000099999999940 
0.00000000099999999941 0.00000000099999999941 0.00000000099999999941 0.00000000099999999941 0.99999999000000017180 0.00000000099999999941 0.00000000099999999941 0.00000000099999999941 0.00000000099999999941 0.00000000099999999941 0.00000000099999999941 
0.00000000099999999991 0.00000000099999999991 0.00000000099999999991 0.00000000099999999991 0.00000000099999999991 0.40542042378168824390 0.00000000099999999991 0.00000000099999999991 0.00000000099999999991 0.00000000099999999991 0.59457956721831173308 
0.00000000099999999944 0.00000000099999999944 0.00000000099999999944 0.99999999000000006077 0.00000000099999999944 0.00000000099999999944 0.00000000099999999944 0.00000000099999999944 0.00000000099999999944 0.00000000099999999944 0.00000000099999999944 
0.00000000099999999995 0.00000000099999999995 0.00000000099999999995 0.00000000099999999995 0.00000000099999999995 0.00000000099999999995 0.00000000099999999995 0.00000000099999999995 0.45541349351008403312 0.54458649748991583284 0.00000000099999999995 
0.00000000099999999984 0.00000000099999999984 0.00000000099999999984 0.00000000099999999984 0.00000000099999999984 0.00000000099999999984 0.00000000099999999984 0.99999999000000006077 0.00000000099999999984 0.00000000099999999984 0.00000000099999999984 
0.00000000099999999996 0.35862444356409156621 0.00000000099999999996 0.00000000099999999996 0.00000000099999999996 0.00000000099999999996 0.58402331755546454950 0.00000000099999999996 0.00000000099999999996 0.00000000099999999996 0.05735223088044378442 
0.00000000099999999981 0.00000000099999999981 0.00000000099999999981 0.00000000099999999981 0.00000000099999999981 0.00000000099999999981 0.00000000099999999981 0.00000000099999999981 0.00000000099999999981 0.99999998999999994975 0.00000000099999999981 
