0.00803615945539583668 0.02606559136608095281 0.00033733374857425937 0.96556091542994892940 
0.99999999699999997382 0.00000000099999999996 0.00000000099999999996 0.00000000099999999996 
0.99999999700000008485 0.00000000099999999996 0.00000000099999999996 0.00000000099999999996 
0.04290359149827390611 0.00551283985126367355 0.00000000099999999999 0.95158356765046248071 
0.00047326477593720879 0.01321027966770085479 0.00000000100000000000 0.98631645455636207664 
0.03064013950825895255 0.00636853691541403640 0.00000000099999999999 0.96299132257632702458 
0.99999999699999997382 0.00000000099999999997 0.00000000099999999997 0.00000000099999999997 
0.99999999700000008485 0.00000000099999999995 0.00000000099999999995 0.00000000099999999995 
0.00902112470647129308 0.01971371193802326852 0.00000000099999999999 0.97126516235550552913 
0.99999999699999997382 0.00000000099999999997 0.00000000099999999997 0.00000000099999999997 
0.01784279442424471437 0.01377118824255943626 0.00000000100000000000 0.96838601633319576489 
0.02270001753952620785 0.01151133672858537134 0.00000000099999999999 0.96578864473188830164 
0.00521518122190468142 0.00884354599255983941 0.00000000100000000000 0.98594127178553536694 
0.01067895708181204259 0.01965595412825823715 0.00000000100000000000 0.96966508778992965834 
0.00133713000531494159 0.02162342662846351848 0.00608616107269177066 0.97095328229352984017 
0.06108777427994014492 0.03330548140689373882 0.00000000099999999999 0.90560674331316604047 
0.00759067798721931551 0.00019226134790957717 0.00000000100000000000 0.99221705966487117045 
0.00000000100000000000 0.00653822955139679845 0.00538361179095572361 0.98807815765764739346 
0.00336387068198440269 0.01147708899145826952 0.00816662168144316469 0.97699241864511410238 
0.00090695323983456112 0.00793423284158608147 0.00000000099999999998 0.99115881291857932389 
0.00405244502723100218 0.00000951504622977209 0.00000000100000000000 0.99593803892653920418 
0.99999999699999997382 0.00000000099999999998 0.00000000099999999998 0.00000000099999999998 
0.03037449064494586806 0.00000000099999999999 0.00000000099999999999 0.96962550735505403932 
0.03793315587291389707 0.00408050608998236555 0.00000000099999999999 0.95798633703710378562 
0.03342775371576673510 0.00000013212644034677 0.00000000099999999999 0.96657211315779290040 
0.00000000099999999999 0.00689330860657195229 0.00000000099999999999 0.99310668939342805484 
0.00000000099999999988 0.99999999700000008485 0.00000000099999999988 0.00000000099999999988 
0.00000000099999999986 0.99999999700000008485 0.00000000099999999986 0.00000000099999999986 
0.00544103399631323120 0.01169775103078912228 0.00000000100000000000 0.98286121397289760715 
0.00000000099999999999 0.01499645818775350789 0.00000000099999999999 0.98500353981224664235 
0.02970138301402325959 0.00000000099999999999 0.00000000099999999999 0.97029861498597680391 
0.99999999699999997382 0.00000000099999999998 0.00000000099999999998 0.00000000099999999998 
0.24047129792016708194 0.36099638496333735782 0.00000000099999999997 0.39853231611649564403 
0.00047747568596001599 0.00106025499045021886 0.00000000099999999999 0.99846226832358986325 
0.00000000099999999986 0.00000000099999999986 0.99999999699999986280 0.00000000099999999986 
0.00000000099999999982 0.00000000099999999982 0.99999999699999997382 0.00000000099999999982 
0.00000000099999999982 0.00000000099999999982 0.99999999699999986280 0.00000000099999999982 
0.00000000099999999988 0.99999999700000008485 0.00000000099999999988 0.00000000099999999988 
0.00000000099999999987 0.99999999700000008485 0.00000000099999999987 0.00000000099999999987 
0.00222684561315230917 0.00359782679040224207 0.00000000099999999999 0.99417532659644547444 
0.99999999700000008485 0.00000000099999999998 0.00000000099999999998 0.00000000099999999998 
0.00000000099999999987 0.99999999700000008485 0.00000000099999999987 0.00000000099999999987 
0.02787612880163481757 0.01216873193894327070 0.00000000099999999999 0.95995513825942191399 
0.99999999699999997382 0.00000000099999999996 0.00000000099999999996 0.00000000099999999996 
0.00000000099999999989 0.99999999699999997382 0.00000000099999999989 0.00000000099999999989 
0.01963528645130902320 0.00997322157584151596 0.00000000099999999999 0.97039149097284949086 
0.00000000099999999987 0.99999999700000008485 0.00000000099999999987 0.00000000099999999987 
0.99999999700000008485 0.00000000099999999997 0.00000000099999999997 0.00000000099999999997 
0.99999999700000008485 0.00000000099999999995 0.00000000099999999995 0.00000000099999999995 
0.00000000099999999986 0.99999999699999997382 0.00000000099999999986 0.00000000099999999986 
0.00000000099999999987 0.99999999700000008485 0.00000000099999999987 0.00000000099999999987 
0.99999999700000008485 0.00000000099999999997 0.00000000099999999997 0.00000000099999999997 
0.99999999700000008485 0.00000000099999999996 0.00000000099999999996 0.00000000099999999996 
0.99999999700000008485 0.00000000099999999997 0.00000000099999999997 0.00000000099999999997 
0.00000000099999999989 0.99999999699999997382 0.00000000099999999989 0.00000000099999999989 
0.04873766677441366407 0.01958799283122556953 0.00000000195115288753 0.93167433844320790559 
0.00230232544029648984 0.03019090054844935159 0.00000000100000000000 0.96750677301125420637 
0.02979614959466593202 0.00000000099999999999 0.00000000099999999999 0.97020384840533402393 
0.01761622925535721515 0.00446979241769442873 0.00000000099999999999 0.97791397732694840261 
0.99999999699999997382 0.00000000099999999996 0.00000000099999999996 0.00000000099999999996 
0.00068966003232167011 0.00978706061274846502 0.00161126747283066025 0.98791201188209920581 
0.00000000099999999985 0.00000000099999999985 0.99999999699999986280 0.00000000099999999985 
0.01014416485649532670 0.00933701567279057384 0.00000000099999999998 0.98051881847071420406 
0.00000000099999999985 0.00000000099999999985 0.99999999699999986280 0.00000000099999999985 
0.04670663519704824906 0.00115139472318876259 0.00000000100000000000 0.95214196907976300643 
0.00000000099999999986 0.00000000099999999986 0.99999999699999986280 0.00000000099999999986 
0.01270657170447933929 0.00569974969459385861 0.00000000099999999999 0.98159367760092675059 
0.01545190740803444734 0.01070630388766053570 0.00000007513256724791 0.97384171357173776595 
0.99999999699999997382 0.00000000099999999995 0.00000000099999999995 0.00000000099999999995 
0.00000334814913909781 0.00000000099999999998 0.00000000099999999998 0.99999664985086089697 
0.00000000099999999985 0.00000000099999999985 0.99999999699999986280 0.00000000099999999985 
0.00000000099999999987 0.00000000099999999987 0.99999999699999986280 0.00000000099999999987 
0.08731756162578484248 0.01485232220882440682 0.00000000099999999999 0.89783011516539068531 
0.99999999700000008485 0.00000000099999999995 0.00000000099999999995 0.00000000099999999995 
0.00000000099999999989 0.99999999699999997382 0.00000000099999999989 0.00000000099999999989 
0.99999999700000008485 0.00000000099999999996 0.00000000099999999996 0.00000000099999999996 
0.04210861275726918845 0.00000000100000000000 0.00118639516711690823 0.95670499107561390861 
0.00000000099999999984 0.00000000099999999984 0.99999999699999986280 0.00000000099999999984 
0.00000000099999999985 0.99999999699999997382 0.00000000099999999985 0.00000000099999999985 
0.00000000099999999987 0.00000000099999999987 0.99999999699999997382 0.00000000099999999987 
0.00251120894046036845 0.02163816792715105713 0.00320428295879136198 0.97264634017359730134 
0.99999999700000008485 0.00000000099999999995 0.00000000099999999995 0.00000000099999999995 
0.99999999699999997382 0.00000000099999999996 0.00000000099999999996 0.00000000099999999996 
0.23612180805223992319 0.00460648641273091099 0.00000000099999999999 0.75927170453502912384 
0.00627951892496446049 0.02490129121348653995 0.00000000100000000000 0.96881918886154905213 
0.01481077049194839956 0.00000032576130638495 0.00000000099999999999 0.98518890274674519869 
0.02896277093655330245 0.00000000099999999999 0.00000000099999999999 0.97103722706344675064 
0.00064701170544181246 0.00258170619023659125 0.00000000100000000000 0.99677128110432167141 
0.00000000099999999998 0.00000000099999999998 0.00000000099999999998 0.99999999700000008485 
0.01506688491840946741 0.00075809200271912834 0.00000000099999999999 0.98417502207887130883 
0.01338040152753333656 0.01062653944568805499 0.00000000099999999999 0.97599305802677860378 
0.04200815907304974312 0.00000001736917160086 0.00000000201889246641 0.95799182153888629010 
0.99999999699999997382 0.00000000099999999996 0.00000000099999999996 0.00000000099999999996 
0.99997685647920042662 0.00000000099999999998 0.00000000099999999998 0.00002314152079960952 
0.00000000099999999991 0.00000000099999999991 0.99999999699999997382 0.00000000099999999991 
0.99999999700000008485 0.00000000099999999998 0.00000000099999999998 0.00000000099999999998 
0.99999999669936712188 0.00000000099999999998 0.00000000099999999998 0.00000000130063283457 
0.02756034277155406179 0.01047913116022696454 0.00000000099999999999 0.96196052506821894124 
0.00000000099999999982 0.00000000099999999982 0.99999999699999986280 0.00000000099999999982 
0.00000000307325769608 0.00827111250087560375 0.00000000100000000000 0.99172888342586684729 
0.02137657408739479514 0.00843969977964887340 0.00000000099999999999 0.97018372513295647597 
0.00482154526532562432 0.01002174087005170376 0.00201484453176781859 0.98314186933285474534 
0.02913439161242155004 0.00701269105914418146 0.00000000100000000000 0.96385291632843428378 
0.00703527535865650436 0.00040265239618074444 0.00050525479182323470 0.99205681745333951227 
0.04260544367434746654 0.00008709950971425110 0.00000010731900058264 0.95730734949693774283 
0.00200902276648469089 0.00903278058219265413 0.00000000100000000000 0.98895819565132270235 
0.01667367395975076841 0.01123639469080497423 0.00000000100000000000 0.97208993034944435330 
0.01638509404027546981 0.03205347706547110459 0.00443061017403525298 0.94713081872021809282 
0.00786910236219458964 0.01503908832033123630 0.00000000099999999999 0.97709180831747410867 
0.00078659347031123129 0.00000000099999999999 0.00000000099999999999 0.99921340452968876455 
0.02725177944158984830 0.02870170053241809238 0.00097155644063165339 0.94307496358536047065 
0.00000000099999999999 0.01408807071255144434 0.00000000099999999999 0.98591192728744858620 
0.01499569057521573864 0.00060045534743619641 0.00000000100000000000 0.98440385307734801223 
0.00183477537790822844 0.00146621525156865836 0.00000000099999999999 0.99669900837052316511 
0.03771408963726647495 0.00000000099999999999 0.00000000099999999999 0.96228590836273342202 
0.01892192336478566023 0.01094163635681921765 0.00000000100000000000 0.97013643927839521286 
0.04462627455237753310 0.00000000099999999999 0.00000000099999999999 0.95537372344762239162 
0.00764340904733533562 0.00189428306132872169 0.00000000100000000000 0.99046230689133596403 
0.02947046725959374253 0.00239358283580952229 0.00000000099999999999 0.96813594890459664377 
0.02800017742699956180 0.00709830835627603667 0.06803115825792581395 0.89687035595879860406 
0.00744784849971062701 0.00000000099999999999 0.00000000099999999999 0.99255214950028947118 
0.02189250602609129487 0.00000000099999999998 0.00000000099999999998 0.97810749197390867149 
0.03080690708075208700 0.00000021930621987008 0.00000000099999999998 0.96919287261302811132 
0.00237880321310543876 0.01927393979914861569 0.00000000099999999999 0.97834725598774596733 
0.01825591304054828556 0.00000000099999999998 0.00000000099999999998 0.98174408495945164610 
0.00770731619337831214 0.00850396056929777697 0.00362419017003085984 0.98016453306729300898 
0.01567428991107407479 0.00886471152017038848 0.00000000099999999999 0.97546099756875548348 
0.00000000274002028131 0.00296775112681696516 0.00000000099999999999 0.99703224513316279776 
0.03752478308504978571 0.00000000099999999998 0.00000000099999999998 0.96247521491495025003 
0.99999999700000008485 0.00000000099999999996 0.00000000099999999996 0.00000000099999999996 
0.99999999063046729475 0.00000000099999999998 0.00000000099999999998 0.00000000736953284698 
0.00000000099999999988 0.00000000099999999988 0.99999999699999986280 0.00000000099999999988 
0.00000000099999999985 0.99999999700000008485 0.00000000099999999985 0.00000000099999999985 
0.91391062056237115652 0.03979592630709395673 0.00000000100000000000 0.04629345213053487340 
0.01725064022299055769 0.00000000099999999998 0.00000000099999999998 0.98274935777700955786 
0.03218012563133143544 0.00458396036843586579 0.00000000538821390780 0.96323590861201879854 
0.99604420502590451658 0.00395579297409552784 0.00000000099999999999 0.00000000099999999999 
0.02292329027476661812 0.00000000099999999999 0.00000000099999999999 0.97707670772523336211 
0.00331987856537990572 0.01522294938404000937 0.00000000099999999998 0.98145717105058005725 
0.00000000099999999999 0.00612057209051202009 0.00000000099999999999 0.99387942590948796795 
0.00000000099999999984 0.00000000099999999984 0.99999999699999997382 0.00000000099999999984 
0.00000000099999999985 0.00000000099999999985 0.99999999699999997382 0.00000000099999999985 
0.00000000099999999982 0.00000000099999999982 0.99999999699999986280 0.00000000099999999982 
0.00000000099999999983 0.00000000099999999983 0.99999999699999986280 0.00000000099999999983 
0.00000000099999999983 0.00000000099999999983 0.99999999699999997382 0.00000000099999999983 
0.99999999699999997382 0.00000000099999999998 0.00000000099999999998 0.00000000099999999998 
0.00584233558890216720 0.01464492703915033604 0.00000000100000000000 0.97951273637194746779 
0.00000000099999999983 0.00000000099999999983 0.99999999699999997382 0.00000000099999999983 
0.00000000099999999985 0.00000000099999999985 0.99999999699999997382 0.00000000099999999985 
0.00000000099999999985 0.99999999700000008485 0.00000000099999999985 0.00000000099999999985 
0.00000000099999999985 0.99999999700000008485 0.00000000099999999985 0.00000000099999999985 
0.00002434203268820152 0.00000000099999999999 0.00000000099999999999 0.99997565596731174953 
0.00000000099999999984 0.00000000099999999984 0.99999999699999997382 0.00000000099999999984 
0.02050882128367672794 0.00000000135345837526 0.00006181605540722264 0.97942936130745772427 
0.00000000099999999999 0.00238839068885581766 0.00000000099999999999 0.99761160731114428835 
0.96153421589548149218 0.00000000099999999998 0.00000000099999999998 0.03846578210451866153 
0.01540718535759701829 0.00003795372364654067 0.00000000099999999999 0.98455485991875646423 
0.99999999700000008485 0.00000000099999999995 0.00000000099999999995 0.00000000099999999995 
0.02626211427650964464 0.00887149665495101485 0.00000000099999999999 0.96486638806853941563 
0.99999999700000008485 0.00000000099999999995 0.00000000099999999995 0.00000000099999999995 
0.01657470436048191081 0.02048931791084946177 0.00000000100000000000 0.96293597672866859671 
0.00012367710431008901 0.01616114347195281992 0.00000000100000000000 0.98371517842373701335 
0.00000000099999999986 0.00000000099999999986 0.99999999699999986280 0.00000000099999999986 
0.99999999699999997382 0.00000000099999999996 0.00000000099999999996 0.00000000099999999996 
0.00000000099999999983 0.00000000099999999983 0.99999999699999986280 0.00000000099999999983 
0.00000000099999999983 0.00000000099999999983 0.99999999699999986280 0.00000000099999999983 
0.01313930588920808433 0.00124599405294464763 0.00000000100000000000 0.98561469905784726553 
0.03221700339203159569 0.00053016675148296168 0.00000000099999999999 0.96725282885648533604 
0.01166482206119591296 0.00000000099999999998 0.00000000099999999998 0.98833517593880415575 
0.00522146763062731906 0.00620640278283666504 0.00000000099999999999 0.98857212858653598087 
0.01062047800768662828 0.01580443812221871483 0.00000000099999999999 0.97357508287009464354 
0.02237374179638011717 0.01061705439655364139 0.00000000099999999999 0.96700920280706614829 
0.00000000099999999999 0.00000006223628770166 0.00000000099999999999 0.99999993576371226656 
0.99811205984517459289 0.00000000099999999998 0.00000000099999999998 0.00188793815482558381 
0.00000580880103306048 0.00012429333445841762 0.00000000099999999999 0.99986989686450855608 
0.00000000099999999983 0.00000000099999999983 0.99999999699999997382 0.00000000099999999983 
0.00280639921806043495 0.00334276442991935903 0.00000000100000000000 0.99385083535202023430 
0.00000000099999999994 0.00000000099999999994 0.99999999699999997382 0.00000000099999999994 
0.00000000099999999985 0.00000000099999999985 0.99999999699999997382 0.00000000099999999985 
0.02821180455185769501 0.00001299422933187265 0.00000000099999999999 0.97177520021881036438 
0.00000000099999999999 0.01265724749579139746 0.00000000099999999999 0.98734275050420872155 
0.02444480067188982073 0.00000000100000000000 0.00000341239076281174 0.97555178593734737102 
0.00000000099999999987 0.00000000099999999987 0.99999999699999986280 0.00000000099999999987 
0.99999999699999997382 0.00000000099999999996 0.00000000099999999996 0.00000000099999999996 
0.99999999699999997382 0.00000000099999999996 0.00000000099999999996 0.00000000099999999996 
0.00000000099999999985 0.00000000099999999985 0.99999999699999997382 0.00000000099999999985 
0.01114226893655973633 0.01011994229667429607 0.00000000100000000000 0.97873778776676600977 
0.04405907195006172894 0.01605307146438438026 0.00000000100000000000 0.93988785558555376642 
0.00000000099999999986 0.00000000099999999986 0.99999999699999986280 0.00000000099999999986 
0.00947176859971114032 0.01082335166349431520 0.00000000099999999999 0.97970487873679457103 
0.99999999700000008485 0.00000000099999999995 0.00000000099999999995 0.00000000099999999995 
0.23678271725023505856 0.11193156921010971594 0.10675108553513416865 0.54453462800452112624 
0.03209912313471190159 0.00000000100000000000 0.00457738729738357136 0.96332348856790461777 
0.03807868670940228739 0.01599028687986423988 0.00000000099999999999 0.94593102541073359468 
0.00315259201731772328 0.01840672356367522092 0.00000000099999999999 0.97844068341900702901 
0.00026153948322790076 0.01470167936545747726 0.00000000099999999999 0.98503678015131457268 
0.00000000099999999999 0.00601964139651178527 0.00000000099999999999 0.99398035660348826870 
0.01116879804818927263 0.00000000099999999999 0.00000000099999999999 0.98883119995181067985 
0.01051044331810812270 0.01647532619868716589 0.00000000099999999999 0.97301422948320470674 
0.02675502079415331344 0.00822498848965637526 0.00833101816207737662 0.95668897255411300407 
0.99999999700000008485 0.00000000099999999997 0.00000000099999999997 0.00000000099999999997 
0.02285269585029756426 0.01040959807163887967 0.00000000099999999999 0.96673770507806355834 
0.00000000099999999999 0.01017446762401461383 0.00000000099999999999 0.98982553037598552947 
0.04969323516751623232 0.00555010345922535547 0.00000000100000000000 0.94475666037325833901 
0.02142263798018542026 0.00000000099999999999 0.00000000099999999999 0.97857736001981454610 
0.03731170315308118823 0.00552688202990801822 0.00243517958482069663 0.95472623523219013464 
0.00000158581909031965 0.00052804713882760655 0.00000000099999999999 0.99947036604208205901 
0.01896844646891334904 0.00222677526272590945 0.00000000100000000000 0.97880477726836068175 
0.99836980579505929523 0.00000000099999999998 0.00000000099999999998 0.00163019220494070344 
0.02381184386386136359 0.02086167834070235330 0.00000000099999999999 0.95532647679543636343 
0.01013583992929057050 0.01363762110096633680 0.00000000099999999999 0.97622653796974312446 
0.01459561393177734485 0.00018462959843143143 0.01110812159964984051 0.97411163487014140738 
0.99999996951477243545 0.00000000099999999998 0.00000000099999999998 0.00000002848522763530 
0.02964286402643929660 0.00000005288648022819 0.01927143289603888351 0.95108565019104163163 
0.01324584130469071142 0.01254354447727769155 0.00000000100000000000 0.97421061321803170685 
0.48193671282236177911 0.01191565709348877192 0.00000000099999999999 0.50614762908414945297 
0.03038742024799685748 0.00000000099999999998 0.00000000099999999998 0.96961257775200304643 
0.00000000099999999986 0.00000000099999999986 0.99999999699999997382 0.00000000099999999986 
0.02108221514022035059 0.01977346304314274092 0.00000000099999999999 0.95914432081663691942 
0.02962960168623083104 0.00785832154369958159 0.00000000100000000000 0.96251207577006958616 
