0.00000000099999999991 0.00000000099999999991 0.00000000099999999991 0.00000000099999999991 0.00000000099999999991 0.00000000099999999991 0.00000000099999999991 0.00000000099999999991 0.00000000099999999991 0.00000000099999999991 0.99999998999999994975 
0.00000000099999999993 0.00000000099999999993 0.99999999000000017180 0.00000000099999999993 0.00000000099999999993 0.00000000099999999993 0.00000000099999999993 0.00000000099999999993 0.00000000099999999993 0.00000000099999999993 0.00000000099999999993 
0.00000000099999999993 0.00000000099999999993 0.99999999000000006077 0.00000000099999999993 0.00000000099999999993 0.00000000099999999993 0.00000000099999999993 0.00000000099999999993 0.00000000099999999993 0.00000000099999999993 0.00000000099999999993 
0.00000000099999999998 0.14708503769868172539 0.02849337186849955350 0.02294261499250011341 0.26578961875716416996 0.23220649603920712201 0.00000000099999999998 0.05975490216858631021 0.00000000099999999998 0.00000000099999999998 0.24372795447536116376 
0.07904416984458031981 0.21914484007289214418 0.00000000099999999999 0.00000000099999999999 0.00000000099999999999 0.10163678817814547628 0.05255328871843918670 0.26299453463293404054 0.00000000099999999999 0.00000000099999999999 0.28462637355300879349 
0.41201237933229217791 0.00000000099999999996 0.00000000099999999996 0.00000000099999999996 0.00000000099999999996 0.00000000099999999996 0.00000000099999999996 0.00000000099999999996 0.00000000099999999996 0.00000000099999999996 0.58798761166770763253 
0.00000000099999999994 0.00000000099999999994 0.98274078090647210004 0.00000000099999999994 0.00000000099999999994 0.00000000099999999994 0.01725921009352805735 0.00000000099999999994 0.00000000099999999994 0.00000000099999999994 0.00000000099999999994 
0.00000000099999999989 0.00000000099999999989 0.99999999000000017180 0.00000000099999999989 0.00000000099999999989 0.00000000099999999989 0.00000000099999999989 0.00000000099999999989 0.00000000099999999989 0.00000000099999999989 0.00000000099999999989 
0.11412986043605154174 0.25524664018056730797 0.00000000099999999999 0.30227634338087111532 0.00000000099999999999 0.19090198112928694063 0.02043659966837395314 0.00265467568871006815 0.01001092323783438903 0.00000000099999999999 0.10434297327830463487 
0.00000000099999999993 0.00000000099999999993 0.99999999000000017180 0.00000000099999999993 0.00000000099999999993 0.00000000099999999993 0.00000000099999999993 0.00000000099999999993 0.00000000099999999993 0.00000000099999999993 0.00000000099999999993 
0.00000000099999999990 0.00000000099999999990 0.00000000099999999990 0.00000000099999999990 0.00000000099999999990 0.99999999000000006077 0.00000000099999999990 0.00000000099999999990 0.00000000099999999990 0.00000000099999999990 0.00000000099999999990 
0.08383832710051965231 0.25988536578657794873 0.01279660812193712978 0.00000000135003346106 0.03929174793520408965 0.28769391791057402630 0.00480500348566380298 0.10249518211958293101 0.00497418175236672994 0.00000000099999999999 0.20421966343754038853 
0.00000000099999999995 0.00000000099999999995 0.00000000099999999995 0.00000000099999999995 0.00000000099999999995 0.62015692270088662585 0.00000000099999999995 0.37984306829911346215 0.00000000099999999995 0.00000000099999999995 0.00000000099999999995 
0.18645624348144415605 0.00000692162768589252 0.00000000099999999999 0.20591841536271471291 0.11622219228715263695 0.25288873046998783245 0.02371511692654032846 0.00001625675249189107 0.00661906865621245295 0.00000000099999999999 0.20815705243577006800 
0.11781281063902483697 0.21229819981540251628 0.00000000100000000000 0.10033899905578329281 0.00000000100000000000 0.17935538261865396903 0.00601089348447430595 0.16306684352834743823 0.01304950128457683239 0.00076636153089910822 0.20730100604283768773 
0.14299562153284639532 0.06513372751524766635 0.04145512534542427491 0.07393159250658550008 0.07626520112171883414 0.15714677884700087307 0.04196491602564144524 0.15922281122187387226 0.02406295779435783239 0.00000000099999999999 0.21782126708930321657 
0.13653752627438736633 0.26500106395397216019 0.00000000099999999998 0.00000000099999999998 0.00000000099999999998 0.25845792289139607467 0.00000000099999999998 0.00000017332092222373 0.00000000099999999998 0.00000000099999999998 0.34000330755932217652 
0.24071453803424527895 0.22669450696122697697 0.00000000099999999998 0.21987544327868074889 0.11970966333547297666 0.08833594298038631443 0.00106335632661455712 0.00000000099999999998 0.00000000099999999998 0.00000000099999999998 0.10360654508337316382 
0.00161455543100367692 0.00000000099999999999 0.00000000099999999999 0.23874990790362393689 0.16753690341144517051 0.16618028878247248503 0.00000000099999999999 0.14240928958183804443 0.00512925779585050954 0.00000000099999999999 0.27837979309376631454 
0.00000000099999999981 0.00000000099999999981 0.00000000099999999981 0.00000000099999999981 0.00000000099999999981 0.00000000099999999981 0.00000000099999999981 0.99999999000000006077 0.00000000099999999981 0.00000000099999999981 0.00000000099999999981 
0.00000000099999999991 0.00000000099999999991 0.00000000099999999991 0.00000000099999999991 0.00000000099999999991 0.99999999000000017180 0.00000000099999999991 0.00000000099999999991 0.00000000099999999991 0.00000000099999999991 0.00000000099999999991 
0.04115751841436648961 0.00000000099999999994 0.95884247258563370941 0.00000000099999999994 0.00000000099999999994 0.00000000099999999994 0.00000000099999999994 0.00000000099999999994 0.00000000099999999994 0.00000000099999999994 0.00000000099999999994 
0.00000000099999999976 0.00000000099999999976 0.00000000099999999976 0.00000000099999999976 0.99999999000000006077 0.00000000099999999976 0.00000000099999999976 0.00000000099999999976 0.00000000099999999976 0.00000000099999999976 0.00000000099999999976 
0.00000000099999999921 0.00000000099999999921 0.00000000099999999921 0.00000000099999999921 0.00000000099999999921 0.00000000099999999921 0.99999998999999994975 0.00000000099999999921 0.00000000099999999921 0.00000000099999999921 0.00000000099999999921 
0.00000000099999999996 0.48746149954200129750 0.00717089906602367058 0.00000000099999999996 0.00000000099999999996 0.28058733670880425803 0.00000000099999999996 0.22478025768317072552 0.00000000099999999996 0.00000000099999999996 0.00000000099999999996 
0.00000000099999999998 0.34199780398144535853 0.00000000099999999998 0.16265678781988801571 0.03487519307439983923 0.26428182724553217486 0.00000000099999999998 0.00000000099999999998 0.00000000099999999998 0.00000000099999999998 0.19618838187873466339 
0.00000000099999999954 0.00000000099999999954 0.00000000099999999954 0.00000000099999999954 0.00000000099999999954 0.00000000099999999954 0.00000000099999999954 0.00000000099999999954 0.99999998999999994975 0.00000000099999999954 0.00000000099999999954 
0.00000000099999999952 0.00000000099999999952 0.00000000099999999952 0.00000000099999999952 0.00000000099999999952 0.00000000099999999952 0.00000000099999999952 0.00000000099999999952 0.99999998999999994975 0.00000000099999999952 0.00000000099999999952 
0.00000107300542636313 0.17359662222610897087 0.00000000099999999998 0.38182948362400936926 0.09787343272778331604 0.34063926394297544542 0.00606011947369652134 0.00000000099999999998 0.00000000099999999998 0.00000000099999999998 0.00000000099999999998 
0.00000000099999999996 0.40572422400375479645 0.00000000099999999996 0.00000000099999999996 0.00000000099999999996 0.59427576699624518053 0.00000000099999999996 0.00000000099999999996 0.00000000099999999996 0.00000000099999999996 0.00000000099999999996 
0.00000000099999999989 0.00000000099999999989 0.00000000099999999989 0.00000000099999999989 0.00000000099999999989 0.99999999000000006077 0.00000000099999999989 0.00000000099999999989 0.00000000099999999989 0.00000000099999999989 0.00000000099999999989 
0.00000000099999999976 0.00000000099999999976 0.74071991600389575083 0.00000000099999999976 0.00000000099999999976 0.00000000099999999976 0.25928007499610433717 0.00000000099999999976 0.00000000099999999976 0.00000000099999999976 0.00000000099999999976 
0.00000000099999999951 0.00000000099999999951 0.00000000099999999951 0.00000000099999999951 0.00000000099999999951 0.00000000099999999951 0.63654134594961486737 0.00000000099999999951 0.36345864505038499859 0.00000000099999999951 0.00000000099999999951 
0.00000000099999999995 0.00000000099999999995 0.00000000099999999995 0.00000000099999999995 0.00000000099999999995 0.69270904766074470338 0.00000000099999999995 0.00000000099999999995 0.00000000099999999995 0.00000000099999999995 0.30729094333925549565 
0.00000000099999999945 0.00000000099999999945 0.00000000099999999945 0.00000000099999999945 0.00000000099999999945 0.00000000099999999945 0.00000000099999999945 0.00000000099999999945 0.00000000099999999945 0.99999998999999994975 0.00000000099999999945 
0.00000000099999999932 0.00000000099999999932 0.00000000099999999932 0.00000000099999999932 0.00000000099999999932 0.00000000099999999932 0.00000000099999999932 0.00000000099999999932 0.00000000099999999932 0.99999998999999994975 0.00000000099999999932 
0.00000000099999999933 0.00000000099999999933 0.00000000099999999933 0.00000000099999999933 0.00000000099999999933 0.00000000099999999933 0.00000000099999999933 0.00000000099999999933 0.00000000099999999933 0.99999999000000006077 0.00000000099999999933 
0.00000000099999999956 0.00000000099999999956 0.00000000099999999956 0.00000000099999999956 0.00000000099999999956 0.00000000099999999956 0.00000000099999999956 0.00000000099999999956 0.99999999000000006077 0.00000000099999999956 0.00000000099999999956 
0.00000000099999999949 0.00000000099999999949 0.00000000099999999949 0.00000000099999999949 0.00000000099999999949 0.00000000099999999949 0.00000000099999999949 0.00000000099999999949 0.99999998999999994975 0.00000000099999999949 0.00000000099999999949 
0.00000000099999999995 0.00000000099999999995 0.00000000099999999995 0.48208956155271287525 0.00000000099999999995 0.51791042944728715725 0.00000000099999999995 0.00000000099999999995 0.00000000099999999995 0.00000000099999999995 0.00000000099999999995 
0.00000000099999999995 0.00000000099999999995 0.99541540604333167419 0.00000000099999999995 0.00000000099999999995 0.00458458495666854565 0.00000000099999999995 0.00000000099999999995 0.00000000099999999995 0.00000000099999999995 0.00000000099999999995 
0.00000000099999999952 0.00000000099999999952 0.00000000099999999952 0.00000000099999999952 0.00000000099999999952 0.00000000099999999952 0.00000000099999999952 0.00000000099999999952 0.99999998999999994975 0.00000000099999999952 0.00000000099999999952 
0.00000000099999999996 0.59662367315590147943 0.00000000099999999996 0.36888405500782361912 0.00000000099999999996 0.00000000099999999996 0.03449225561107714666 0.00000000099999999996 0.00000000099999999996 0.00000000099999999996 0.00000000922519787508 
0.00000000099999999992 0.00000000099999999992 0.99999999000000006077 0.00000000099999999992 0.00000000099999999992 0.00000000099999999992 0.00000000099999999992 0.00000000099999999992 0.00000000099999999992 0.00000000099999999992 0.00000000099999999992 
0.00000000099999999957 0.00000000099999999957 0.00000000099999999957 0.00000000099999999957 0.00000000099999999957 0.00000000099999999957 0.00000000099999999957 0.00000000099999999957 0.99999999000000006077 0.00000000099999999957 0.00000000099999999957 
0.00000000099999999990 0.00000000099999999990 0.00000000099999999990 0.00000000099999999990 0.00000000099999999990 0.00000000099999999990 0.00000000099999999990 0.00000000099999999990 0.00000000099999999990 0.00000000099999999990 0.99999999000000006077 
0.00000000099999999952 0.00000000099999999952 0.00000000099999999952 0.00000000099999999952 0.00000000099999999952 0.00000000099999999952 0.00000000099999999952 0.00000000099999999952 0.99999998999999994975 0.00000000099999999952 0.00000000099999999952 
0.00000000099999999993 0.00000000099999999993 0.99999999000000017180 0.00000000099999999993 0.00000000099999999993 0.00000000099999999993 0.00000000099999999993 0.00000000099999999993 0.00000000099999999993 0.00000000099999999993 0.00000000099999999993 
0.00000000099999999989 0.00000000099999999989 0.99999999000000006077 0.00000000099999999989 0.00000000099999999989 0.00000000099999999989 0.00000000099999999989 0.00000000099999999989 0.00000000099999999989 0.00000000099999999989 0.00000000099999999989 
0.00000000099999999945 0.00000000099999999945 0.00000000099999999945 0.00000000099999999945 0.00000000099999999945 0.00000000099999999945 0.00000000099999999945 0.00000000099999999945 0.99999999000000006077 0.00000000099999999945 0.00000000099999999945 
0.00000000099999999950 0.00000000099999999950 0.00000000099999999950 0.00000000099999999950 0.00000000099999999950 0.00000000099999999950 0.00000000099999999950 0.00000000099999999950 0.99999999000000006077 0.00000000099999999950 0.00000000099999999950 
0.00000000099999999994 0.00000000099999999994 0.99999999000000017180 0.00000000099999999994 0.00000000099999999994 0.00000000099999999994 0.00000000099999999994 0.00000000099999999994 0.00000000099999999994 0.00000000099999999994 0.00000000099999999994 
0.00000000099999999994 0.00000000099999999994 0.98590054144257288637 0.00000000099999999994 0.00000000099999999994 0.00000000099999999994 0.00000000099999999994 0.00000000099999999994 0.00000000099999999994 0.00000000099999999994 0.01409944955742718602 
0.00000000099999999995 0.00000000099999999995 0.98710326496594458234 0.01289672603405546576 0.00000000099999999995 0.00000000099999999995 0.00000000099999999995 0.00000000099999999995 0.00000000099999999995 0.00000000099999999995 0.00000000099999999995 
0.00000000099999999958 0.00000000099999999958 0.00000000099999999958 0.00000000099999999958 0.00000000099999999958 0.00000000099999999958 0.00000000099999999958 0.00000000099999999958 0.99999999000000006077 0.00000000099999999958 0.00000000099999999958 
0.00000000099999999986 0.00000000099999999986 0.00000000099999999986 0.00000000099999999986 0.00000000099999999986 0.00000000099999999986 0.00000000099999999986 0.99999998999999994975 0.00000000099999999986 0.00000000099999999986 0.00000000099999999986 
0.00000000099999999992 0.00000000099999999992 0.00000000099999999992 0.00000000099999999992 0.00000000099999999992 0.00000000099999999992 0.00000000099999999992 0.00000000099999999992 0.00000000099999999992 0.00000000099999999992 0.99999999000000006077 
0.00000000099999999997 0.29523871890204267388 0.00029043940181191591 0.20307385796772864373 0.09290430820807822621 0.00000000099999999997 0.00000000099999999997 0.00000000099999999997 0.00000000099999999997 0.00000000099999999997 0.40849266952033863598 
0.00000000099999999977 0.00000000099999999977 0.00000000099999999977 0.00000000099999999977 0.99999999000000017180 0.00000000099999999977 0.00000000099999999977 0.00000000099999999977 0.00000000099999999977 0.00000000099999999977 0.00000000099999999977 
0.00000000099999999993 0.00000000099999999993 0.99999999000000017180 0.00000000099999999993 0.00000000099999999993 0.00000000099999999993 0.00000000099999999993 0.00000000099999999993 0.00000000099999999993 0.00000000099999999993 0.00000000099999999993 
0.14721547344366439636 0.21325266166715201033 0.00000000099999999998 0.00000000099999999998 0.00000000099999999998 0.48005426130265738127 0.00000000099999999998 0.15947759035208061706 0.00000000723444553243 0.00000000099999999998 0.00000000099999999998 
0.00000000099999999942 0.00000000099999999942 0.00000000099999999942 0.00000000099999999942 0.00000000099999999942 0.00000000099999999942 0.00000000099999999942 0.00000000099999999942 0.00000000099999999942 0.99999999000000006077 0.00000000099999999942 
0.00000000099999999979 0.00000000099999999979 0.00000000099999999979 0.00000000099999999979 0.00000000099999999979 0.00000000099999999979 0.00000000099999999979 0.99999999000000006077 0.00000000099999999979 0.00000000099999999979 0.00000000099999999979 
0.00000000099999999943 0.00000000099999999943 0.00000000099999999943 0.00000000099999999943 0.00000000099999999943 0.00000000099999999943 0.00000000099999999943 0.00000000099999999943 0.00000000099999999943 0.99999999000000006077 0.00000000099999999943 
0.00000000099999999996 0.58860004194944737232 0.00000000099999999996 0.00000000099999999996 0.00000000099999999996 0.00000000099999999996 0.06393977230601732842 0.34746017774453547000 0.00000000099999999996 0.00000000099999999996 0.00000000099999999996 
0.00000000099999999944 0.00000000099999999944 0.00000000099999999944 0.00000000099999999944 0.00000000099999999944 0.00000000099999999944 0.00000000099999999944 0.00000000099999999944 0.00000000099999999944 0.99999999000000006077 0.00000000099999999944 
0.47071912811322980108 0.00000000099999999995 0.00000000099999999995 0.00000000099999999995 0.00000000099999999995 0.52928085385487022574 0.00000000099999999995 0.00000000099999999995 0.00000000099999999995 0.00000000099999999995 0.00000001003189986891 
0.00000000099999999990 0.00000000099999999990 0.00000000099999999990 0.00000000099999999990 0.00000000099999999990 0.00000000099999999990 0.00000000099999999990 0.00000000099999999990 0.00000000099999999990 0.00000000099999999990 0.99999999000000006077 
0.00000000099999999990 0.00000000099999999990 0.99999999000000006077 0.00000000099999999990 0.00000000099999999990 0.00000000099999999990 0.00000000099999999990 0.00000000099999999990 0.00000000099999999990 0.00000000099999999990 0.00000000099999999990 
0.00000000099999999987 0.00000000099999999987 0.00000000099999999987 0.00000000099999999987 0.00000000099999999987 0.00000000099999999987 0.00000000099999999987 0.00000000099999999987 0.00000000099999999987 0.00000000099999999987 0.99999999000000006077 
0.00000000099999999945 0.00000000099999999945 0.00000000099999999945 0.00000000099999999945 0.00000000099999999945 0.00000000099999999945 0.00000000099999999945 0.00000000099999999945 0.00000000099999999945 0.99999998999999994975 0.00000000099999999945 
0.00000000099999999950 0.00000000099999999950 0.00000000099999999950 0.00000000099999999950 0.00000000099999999950 0.00000000099999999950 0.00000000099999999950 0.00000000099999999950 0.00000000099999999950 0.99999998999999994975 0.00000000099999999950 
0.04173222161968567767 0.27725343611543190603 0.07491622371678152703 0.23360740183445949381 0.00000120227338702241 0.17013893771455829151 0.00000000099999999999 0.19429459475409144309 0.00805597897160457467 0.00000000099999999999 0.00000000099999999999 
0.00000000099999999992 0.00000000099999999992 0.99999999000000006077 0.00000000099999999992 0.00000000099999999992 0.00000000099999999992 0.00000000099999999992 0.00000000099999999992 0.00000000099999999992 0.00000000099999999992 0.00000000099999999992 
0.00000000099999999961 0.00000000099999999961 0.00000000099999999961 0.00000000099999999961 0.00000000099999999961 0.00000000099999999961 0.00000000099999999961 0.00000000099999999961 0.99999999000000006077 0.00000000099999999961 0.00000000099999999961 
0.00000000099999999992 0.00000000099999999992 0.99999999000000017180 0.00000000099999999992 0.00000000099999999992 0.00000000099999999992 0.00000000099999999992 0.00000000099999999992 0.00000000099999999992 0.00000000099999999992 0.00000000099999999992 
0.16595080870022477226 0.13113885156479798688 0.02263906260771829035 0.36702095516455607305 0.13236454865246169432 0.00001212495846081317 0.00000000099999999999 0.00000000099999999999 0.00000000099999999999 0.00000000099999999999 0.18087364435178046596 
0.00000000099999999939 0.00000000099999999939 0.00000000099999999939 0.00000000099999999939 0.00000000099999999939 0.00000000099999999939 0.00000000099999999939 0.00000000099999999939 0.00000000099999999939 0.99999999000000006077 0.00000000099999999939 
0.00000000099999999941 0.00000000099999999941 0.00000000099999999941 0.00000000099999999941 0.00000000099999999941 0.00000000099999999941 0.00000000099999999941 0.00000000099999999941 0.99999998999999994975 0.00000000099999999941 0.00000000099999999941 
0.00000000099999999951 0.00000000099999999951 0.00000000099999999951 0.00000000099999999951 0.00000000099999999951 0.00000000099999999951 0.00000000099999999951 0.00000000099999999951 0.00000000099999999951 0.99999999000000006077 0.00000000099999999951 
0.00000000099999999998 0.00000000099999999998 0.00000000099999999998 0.24924650945486320763 0.20326617732912491410 0.42395880060382651333 0.00000000099999999998 0.00000000099999999998 0.00898653802885369252 0.00000000099999999998 0.11454196858333183517 
0.00000000099999999987 0.00000000099999999987 0.99999999000000017180 0.00000000099999999987 0.00000000099999999987 0.00000000099999999987 0.00000000099999999987 0.00000000099999999987 0.00000000099999999987 0.00000000099999999987 0.00000000099999999987 
0.00000000099999999991 0.00000000099999999991 0.99999999000000006077 0.00000000099999999991 0.00000000099999999991 0.00000000099999999991 0.00000000099999999991 0.00000000099999999991 0.00000000099999999991 0.00000000099999999991 0.00000000099999999991 
0.00019262409263997668 0.00000001781560333717 0.22123192612937128687 0.20018043841900959312 0.00000000099999999998 0.27957942119071899079 0.02593945760335123266 0.27280216940343682275 0.00000000099999999998 0.00000000099999999998 0.00007394234586893536 
0.08817934509641496554 0.00000021515760195956 0.00000000099999999999 0.16192212364663910451 0.09286804048868688155 0.19944300385260962938 0.01745133158905096474 0.11209934689768254190 0.01768992000461477518 0.00000000099999999999 0.31034667126669912562 
0.00000000099999999983 0.99999999000000017180 0.00000000099999999983 0.00000000099999999983 0.00000000099999999983 0.00000000099999999983 0.00000000099999999983 0.00000000099999999983 0.00000000099999999983 0.00000000099999999983 0.00000000099999999983 
0.00000000099999999998 0.00000000099999999998 0.01127380894470273592 0.19318996201354463049 0.00931089489789721676 0.50224994020245228299 0.00000000099999999998 0.11203345039010723094 0.00000000099999999998 0.00000000099999999998 0.17194193855129585868 
0.00000000099999999989 0.99999999000000017180 0.00000000099999999989 0.00000000099999999989 0.00000000099999999989 0.00000000099999999989 0.00000000099999999989 0.00000000099999999989 0.00000000099999999989 0.00000000099999999989 0.00000000099999999989 
0.21783420836846953406 0.13933713205753697761 0.00000000099999999996 0.00000000099999999996 0.22019378261661828877 0.20985933007851606535 0.00000000099999999996 0.00000000099999999996 0.00000000099999999996 0.00000000099999999996 0.21277554087885919287 
0.20857414109785082923 0.00000000099999999997 0.00000000099999999997 0.17687354080882741747 0.00000000099999999997 0.36728141211750292561 0.00300845245197315725 0.00000000099999999997 0.00000000099999999997 0.00000000099999999997 0.24426244752384582148 
0.00000000099999999981 0.00000000099999999981 0.00000000099999999981 0.00000000099999999981 0.00000000099999999981 0.00000000099999999981 0.00000000099999999981 0.99999999000000006077 0.00000000099999999981 0.00000000099999999981 0.00000000099999999981 
0.00000000099999999998 0.15539638871311128865 0.02377305290913486052 0.11319475467120126977 0.00000000099999999998 0.42583405714955957500 0.00000000099999999998 0.00360865905878216030 0.00000000099999999998 0.00000000099999999998 0.27819308249821095291 
0.00000000099999999993 0.00000000099999999993 0.99999999000000006077 0.00000000099999999993 0.00000000099999999993 0.00000000099999999993 0.00000000099999999993 0.00000000099999999993 0.00000000099999999993 0.00000000099999999993 0.00000000099999999993 
0.00000000099999999996 0.04850974274215463788 0.95149024825784545012 0.00000000099999999996 0.00000000099999999996 0.00000000099999999996 0.00000000099999999996 0.00000000099999999996 0.00000000099999999996 0.00000000099999999996 0.00000000099999999996 
0.00000000099999999965 0.00000000099999999965 0.00000000099999999965 0.00000000099999999965 0.00000000099999999965 0.00000000099999999965 0.00000000099999999965 0.00000000099999999965 0.00000000099999999965 0.99999999000000006077 0.00000000099999999965 
0.00054490965635089485 0.00000000099999999996 0.99945508134364924313 0.00000000099999999996 0.00000000099999999996 0.00000000099999999996 0.00000000099999999996 0.00000000099999999996 0.00000000099999999996 0.00000000099999999996 0.00000000099999999996 
0.00000000099999999997 0.00000000099999999997 0.98685961105977448860 0.00000000099999999997 0.00000000099999999997 0.00000000099999999997 0.00231593295473103093 0.00000000099999999997 0.00000000099999999997 0.00000000099999999997 0.01082444798549442831 
0.16887964711024597286 0.00000000099999999997 0.00000000184505243603 0.41981821210378589271 0.00000000099999999997 0.00000000099999999997 0.00000000099999999997 0.00000000099999999997 0.00000000099999999997 0.00000000099999999997 0.41130213194091580498 
0.00000000099999999931 0.00000000099999999931 0.00000000099999999931 0.00000000099999999931 0.00000000099999999931 0.00000000099999999931 0.00000000099999999931 0.00000000099999999931 0.00000000099999999931 0.99999999000000006077 0.00000000099999999931 
0.00000000099999999988 0.00000000099999999988 0.00000000099999999988 0.99999999000000017180 0.00000000099999999988 0.00000000099999999988 0.00000000099999999988 0.00000000099999999988 0.00000000099999999988 0.00000000099999999988 0.00000000099999999988 
0.17129099686530904756 0.00000786504533215320 0.00000000099999999997 0.42423916602008709953 0.00000000099999999997 0.40446196506927167835 0.00000000099999999997 0.00000000099999999997 0.00000000099999999997 0.00000000099999999997 0.00000000099999999997 
0.00000000099999999991 0.00000000099999999991 0.00000000099999999991 0.00000000099999999991 0.00000000099999999991 0.00000000099999999991 0.00000000099999999991 0.00000000099999999991 0.00000000099999999991 0.00000000099999999991 0.99999998999999994975 
0.00000000099999999999 0.19611646403509350178 0.01128204623814493303 0.11261822587416807362 0.00000000099999999999 0.22293765917910002283 0.01947721836399096337 0.21051933096358349529 0.00000000099999999999 0.00000000099999999999 0.22704905134591890636 
0.00000000099999999986 0.00000000099999999986 0.00000000099999999986 0.99999999000000017180 0.00000000099999999986 0.00000000099999999986 0.00000000099999999986 0.00000000099999999986 0.00000000099999999986 0.00000000099999999986 0.00000000099999999986 
0.00000000099999999989 0.00000000099999999989 0.00000000099999999989 0.00000000099999999989 0.00000000099999999989 0.99999999000000006077 0.00000000099999999989 0.00000000099999999989 0.00000000099999999989 0.00000000099999999989 0.00000000099999999989 
0.00000000099999999996 0.00000000099999999996 0.00000000099999999996 0.00000000099999999996 0.00010386672635108697 0.00000000099999999996 0.00000000099999999996 0.45159016089932557669 0.00000000099999999996 0.00000000099999999996 0.54830596437432332912 
0.00000000099999999978 0.00000000099999999978 0.00000000099999999978 0.00000000099999999978 0.99999999000000006077 0.00000000099999999978 0.00000000099999999978 0.00000000099999999978 0.00000000099999999978 0.00000000099999999978 0.00000000099999999978 
0.00000000099999999993 0.00000000099999999993 0.00000000099999999993 0.00000000099999999993 0.00000000099999999993 0.00000000099999999993 0.00000000099999999993 0.00000000099999999993 0.00000000099999999993 0.00000000099999999993 0.99999999000000006077 
0.23343058442683115028 0.15959437991174427185 0.00000000099999999999 0.27382042981967513740 0.04202204919938757471 0.28639799993477166318 0.00473288669987890868 0.00000005906394809822 0.00000145340510357718 0.00000000099999999999 0.00000015553865963044 
0.00000000099999999988 0.00000000099999999988 0.00000000099999999988 0.00000000099999999988 0.00000000099999999988 0.00000000099999999988 0.00000000099999999988 0.00000000099999999988 0.00000000099999999988 0.00000000099999999988 0.99999999000000006077 
0.00000000099999999999 0.00000000099999999999 0.01414264681856660689 0.17509237958390558298 0.00000000099999999999 0.00000000099999999999 0.00279819482747055990 0.20289824551963073218 0.00949781050882604096 0.00000000099999999999 0.59557071774160041944 
0.16591793175568911312 0.27888503498521477475 0.00000000099999999998 0.11812199912824512815 0.07596394539194037399 0.00000267968001377076 0.00000000099999999998 0.18361930756840025292 0.00070270606803508656 0.00000000099999999998 0.17678639242246135810 
0.00000000099999999998 0.00368913398713530301 0.00000000099999999998 0.19563314366385164966 0.00000000099999999998 0.25787534956275193210 0.00000000099999999998 0.16510841095402120637 0.00000000099999999998 0.00000000099999999998 0.37769395583223991375 
0.12665802898002767596 0.00000000099999999998 0.00000000099999999998 0.32965935511156363447 0.00000000099999999998 0.29015352528781696018 0.00869963767792628594 0.00734652848166838807 0.00000000099999999998 0.00000000099999999998 0.23748291946099711613 
0.00000000099999999998 0.00000000099999999998 0.00968500824014347471 0.27452018473455297443 0.19633764137451834020 0.08886419579305833427 0.05677225788262425105 0.11527713069234102328 0.00000000099999999998 0.00000000099999999998 0.25854357728276150530 
0.51993077301423995529 0.00000000099999999995 0.00000000099999999995 0.00000000099999999995 0.00000000099999999995 0.00000000099999999995 0.00000000099999999995 0.00000000099999999995 0.00000000099999999995 0.00000000099999999995 0.48006921798576018823 
0.11310250325540908978 0.00042819651031673260 0.02094011493382241448 0.00000000099999999998 0.31705694804934070330 0.21767445449261899060 0.02553120420704881738 0.18507874204028620935 0.00000000099999999998 0.00000000099999999998 0.12018783351115715219 
0.10058778773117307836 0.00000000099999999998 0.00000000099999999998 0.31847203623952069496 0.10819788703180020784 0.20074970372073086544 0.00574257455370218335 0.12960687718574803728 0.00000000099999999998 0.00000000099999999998 0.13664312953732496436 
0.00000000099999999986 0.99999999000000028282 0.00000000099999999986 0.00000000099999999986 0.00000000099999999986 0.00000000099999999986 0.00000000099999999986 0.00000000099999999986 0.00000000099999999986 0.00000000099999999986 0.00000000099999999986 
0.00000000100000000000 0.28579247371703808689 0.00000055225990844919 0.05340607020057185766 0.00017762783815820758 0.23515245216492552949 0.06115557993298471884 0.29852706066815415387 0.00000004135629484439 0.06578813986196406505 0.00000000100000000000 
0.00000000099999999981 0.00000000099999999981 0.00000000099999999981 0.00000000099999999981 0.00000000099999999981 0.00000000099999999981 0.00000000099999999981 0.99999999000000006077 0.00000000099999999981 0.00000000099999999981 0.00000000099999999981 
0.00000000099999999995 0.43638370599467679600 0.00000000099999999995 0.52321591315813054113 0.00000000099999999995 0.00000000099999999995 0.04040037284719260463 0.00000000099999999995 0.00000000099999999995 0.00000000099999999995 0.00000000099999999995 
0.13288268793094729081 0.49001150710030777491 0.00000000099999999997 0.03053456881050007482 0.00000000099999999997 0.32754508138748411605 0.01902614244329915369 0.00000000732746161237 0.00000000099999999997 0.00000000099999999997 0.00000000099999999997 
0.00000000099999999991 0.00000000099999999991 0.00000000099999999991 0.00000000099999999991 0.00000000099999999991 0.99999999000000017180 0.00000000099999999991 0.00000000099999999991 0.00000000099999999991 0.00000000099999999991 0.00000000099999999991 
0.01127990935444449228 0.37227313185429189435 0.00000000099999999997 0.00000000099999999997 0.21186918550642605541 0.36307756464064028235 0.04150020264419748001 0.00000000099999999997 0.00000000099999999997 0.00000000099999999997 0.00000000099999999997 
0.00000000099999999983 0.00000000099999999983 0.00000000099999999983 0.00000000099999999983 0.99999999000000017180 0.00000000099999999983 0.00000000099999999983 0.00000000099999999983 0.00000000099999999983 0.00000000099999999983 0.00000000099999999983 
0.06554713577108867151 0.19427878569514966944 0.00000000099999999999 0.19236910494591108467 0.00000000099999999999 0.26721030896725750381 0.02581872597805740313 0.21160906355293393477 0.00000000099999999999 0.00000000099999999999 0.04316687108960171743 
0.27837539329871918703 0.00000000099999999994 0.00000000099999999994 0.00000000099999999994 0.00000000099999999994 0.00000000099999999994 0.00000000099999999994 0.00000000099999999994 0.00000000099999999994 0.00000000099999999994 0.72162459770128062342 
0.00000000099999999987 0.00000000099999999987 0.00000000099999999987 0.00000000099999999987 0.00000000099999999987 0.99999999000000006077 0.00000000099999999987 0.00000000099999999987 0.00000000099999999987 0.00000000099999999987 0.00000000099999999987 
0.00000000099999999992 0.00000000099999999992 0.99999999000000017180 0.00000000099999999992 0.00000000099999999992 0.00000000099999999992 0.00000000099999999992 0.00000000099999999992 0.00000000099999999992 0.00000000099999999992 0.00000000099999999992 
0.00000000099999999997 0.00000235599243131868 0.99986236001396577855 0.00000000099999999997 0.00013495794801982551 0.00000031904558324019 0.00000000099999999997 0.00000000099999999997 0.00000000099999999997 0.00000000099999999997 0.00000000099999999997 
0.00000000099999999955 0.00000000099999999955 0.00000000099999999955 0.00000000099999999955 0.00000000099999999955 0.00000000099999999955 0.00000000099999999955 0.00000000099999999955 0.00000000099999999955 0.99999999000000006077 0.00000000099999999955 
0.00000000099999999944 0.00000000099999999944 0.00000000099999999944 0.00000000099999999944 0.00000000099999999944 0.00000000099999999944 0.00000000099999999944 0.00000000099999999944 0.99999999000000006077 0.00000000099999999944 0.00000000099999999944 
0.00000000099999999999 0.00000000099999999999 0.89432338409135725410 0.00000000099999999999 0.00000000099999999999 0.00000000099999999999 0.07251700476450699540 0.00000000099999999999 0.03315960314413590737 0.00000000099999999999 0.00000000099999999999 
0.21602862724258131699 0.00000000099999999995 0.00000000099999999995 0.49223836096137463247 0.00000000099999999995 0.00000000099999999995 0.00000000099999999995 0.00000006874967527655 0.00000000099999999995 0.00000000099999999995 0.29173293604636901799 
0.15613479331166527087 0.20009546541589337543 0.01319244548958367277 0.00000000099999999999 0.00000000099999999999 0.30813958256535317615 0.00000000099999999999 0.14190809932590844888 0.00000000099999999999 0.00000000099999999999 0.18052960889159613833 
0.00000000099999999995 0.00000000099999999995 0.95464509094498106734 0.00000000099999999995 0.04535490005501909699 0.00000000099999999995 0.00000000099999999995 0.00000000099999999995 0.00000000099999999995 0.00000000099999999995 0.00000000099999999995 
0.00000000099999999995 0.00000000099999999995 0.00000000099999999995 0.52488329693029434075 0.47511669406970574725 0.00000000099999999995 0.00000000099999999995 0.00000000099999999995 0.00000000099999999995 0.00000000099999999995 0.00000000099999999995 
0.00000000099999999997 0.19530091207255254049 0.00000000099999999997 0.45862267738763073943 0.00000000099999999997 0.00000000099999999997 0.00000000099999999997 0.34607640253981680756 0.00000000099999999997 0.00000000099999999997 0.00000000099999999997 
0.00000000099999999990 0.00000000099999999990 0.00000000099999999990 0.00000000099999999990 0.00000000099999999990 0.99999999000000017180 0.00000000099999999990 0.00000000099999999990 0.00000000099999999990 0.00000000099999999990 0.00000000099999999990 
0.00000000099999999940 0.00000000099999999940 0.00000000099999999940 0.00000000099999999940 0.00000000099999999940 0.00000000099999999940 0.00000000099999999940 0.00000000099999999940 0.00000000099999999940 0.99999999000000006077 0.00000000099999999940 
0.00000000099999999943 0.00000000099999999943 0.00000000099999999943 0.00000000099999999943 0.00000000099999999943 0.00000000099999999943 0.00000000099999999943 0.00000000099999999943 0.00000000099999999943 0.99999999000000006077 0.00000000099999999943 
0.00000000099999999932 0.00000000099999999932 0.00000000099999999932 0.00000000099999999932 0.00000000099999999932 0.00000000099999999932 0.00000000099999999932 0.00000000099999999932 0.00000000099999999932 0.99999999000000006077 0.00000000099999999932 
0.00000000099999999934 0.00000000099999999934 0.00000000099999999934 0.00000000099999999934 0.00000000099999999934 0.00000000099999999934 0.00000000099999999934 0.00000000099999999934 0.00000000099999999934 0.99999998999999994975 0.00000000099999999934 
0.00000000099999999937 0.00000000099999999937 0.00000000099999999937 0.00000000099999999937 0.00000000099999999937 0.00000000099999999937 0.00000000099999999937 0.00000000099999999937 0.00000000099999999937 0.99999999000000006077 0.00000000099999999937 
0.00000000099999999993 0.00000000099999999993 0.94486247863536798608 0.00000000099999999993 0.05513751236463212968 0.00000000099999999993 0.00000000099999999993 0.00000000099999999993 0.00000000099999999993 0.00000000099999999993 0.00000000099999999993 
0.00000000099999999996 0.00000000099999999996 0.00000000099999999996 0.00000000099999999996 0.00000000099999999996 0.56397906576471157347 0.00000000099999999996 0.43602092523528851453 0.00000000099999999996 0.00000000099999999996 0.00000000099999999996 
0.00000000099999999936 0.00000000099999999936 0.00000000099999999936 0.00000000099999999936 0.00000000099999999936 0.00000000099999999936 0.00000000099999999936 0.00000000099999999936 0.00000000099999999936 0.99999999000000006077 0.00000000099999999936 
0.00000000099999999945 0.00000000099999999945 0.00000000099999999945 0.00000000099999999945 0.00000000099999999945 0.00000000099999999945 0.00000000099999999945 0.00000000099999999945 0.00000000099999999945 0.99999999000000006077 0.00000000099999999945 
0.00000000099999999940 0.00000000099999999940 0.00000000099999999940 0.00000000099999999940 0.00000000099999999940 0.00000000099999999940 0.00000000099999999940 0.00000000099999999940 0.99999998999999994975 0.00000000099999999940 0.00000000099999999940 
0.00000000099999999942 0.00000000099999999942 0.00000000099999999942 0.00000000099999999942 0.00000000099999999942 0.00000000099999999942 0.00000000099999999942 0.00000000099999999942 0.99999998999999994975 0.00000000099999999942 0.00000000099999999942 
0.24372023364293590730 0.30603661667961257198 0.00000000099999999996 0.00000000099999999996 0.27552844380986218908 0.00000000099999999996 0.00000000099999999996 0.00000000099999999996 0.00000000099999999996 0.00000000099999999996 0.17471469886758972390 
0.00000000099999999940 0.00000000099999999940 0.00000000099999999940 0.00000000099999999940 0.00000000099999999940 0.00000000099999999940 0.00000000099999999940 0.00000000099999999940 0.00000000099999999940 0.99999999000000006077 0.00000000099999999940 
0.00000000099999999986 0.00000000099999999986 0.00000000099999999986 0.99999999000000017180 0.00000000099999999986 0.00000000099999999986 0.00000000099999999986 0.00000000099999999986 0.00000000099999999986 0.00000000099999999986 0.00000000099999999986 
0.99999999000000028282 0.00000000099999999978 0.00000000099999999978 0.00000000099999999978 0.00000000099999999978 0.00000000099999999978 0.00000000099999999978 0.00000000099999999978 0.00000000099999999978 0.00000000099999999978 0.00000000099999999978 
0.00000000099999999994 0.07746916239723192210 0.92253082860276836019 0.00000000099999999994 0.00000000099999999994 0.00000000099999999994 0.00000000099999999994 0.00000000099999999994 0.00000000099999999994 0.00000000099999999994 0.00000000099999999994 
0.00000000099999999996 0.00000000099999999996 0.00000000099999999996 0.43804360113750528960 0.00000000099999999996 0.33543753230308587243 0.00000000099999999996 0.22651885855940884218 0.00000000099999999996 0.00000000099999999996 0.00000000099999999996 
