0.00000000103198491889 0.00000000100000000000 0.00000000100000000000 0.02086397262083383372 0.38687576525490330326 0.59226025909227797417 
0.99999999500000014141 0.00000000099999999995 0.00000000099999999995 0.00000000099999999995 0.00000000099999999995 0.00000000099999999995 
0.99999999500000003039 0.00000000099999999995 0.00000000099999999995 0.00000000099999999995 0.00000000099999999995 0.00000000099999999995 
0.03377763968721628901 0.00000000099999999999 0.09457997840235803089 0.00345986298899734210 0.27124169709386997118 0.59694082082755839380 
0.00000000100000000000 0.00000000100000000000 0.19160658972758382035 0.00815364509065734204 0.27522011444864574736 0.52501964873311324222 
0.02676345036209417175 0.00000000099999999999 0.00000283995554102321 0.00203485073462896741 0.28347646567323320221 0.68772239227450271404 
0.99999999500000014141 0.00000000099999999996 0.00000000099999999996 0.00000000099999999996 0.00000000099999999996 0.00000000099999999996 
0.99999999500000003039 0.00000000099999999994 0.00000000099999999994 0.00000000099999999994 0.00000000099999999994 0.00000000099999999994 
0.00000000099999999999 0.00000000099999999999 0.24309747592766314805 0.01285381851067499137 0.26273701157248374738 0.48131169198917805874 
0.99999999500000003039 0.00000000099999999995 0.00000000099999999995 0.00000000099999999995 0.00000000099999999995 0.00000000099999999995 
0.00000000099999999995 0.00000000099999999995 0.00000000099999999995 0.00000000099999999995 0.99999999499999991937 0.00000000099999999995 
0.01351462321845049198 0.00000000099999999999 0.17760905371109769746 0.00524978357107509785 0.30844728956999600822 0.49517924892938069981 
0.00000000100000000000 0.00000000100000000000 0.12668634685051691213 0.00165208853007710430 0.43252279343442356918 0.43913876918498256918 
0.00000001022929423984 0.00000000099999999999 0.14548428640887761665 0.01463867247189428421 0.37532800653489717391 0.46454902335503667210 
0.00000000100000000000 0.00453955605430608668 0.15424896697458337358 0.01734506132643887089 0.30134385765316079597 0.52252255699151084478 
0.05374793731055914348 0.00000000099999999999 0.15271110121188063991 0.02916255595213612661 0.25381338877308917690 0.51056501575233492751 
0.00000000099999999999 0.00000000099999999999 0.11274594014134195485 0.00000000099999999999 0.41144176501079093855 0.47581229184786721920 
0.00000000099999999995 0.00000000099999999995 0.00000000099999999995 0.00000000099999999995 0.99999999500000003039 0.00000000099999999995 
0.00000000100000000000 0.00615528589635309237 0.12632940067043707533 0.00768125890322595047 0.24982445035492190089 0.61000960317506203179 
0.00000000099999999998 0.00000000099999999998 0.07374552031157352583 0.00133324452419844369 0.30599228431974401232 0.61892894884448412807 
0.00000000099999999999 0.00000000099999999999 0.00000067748183638829 0.00000000099999999999 0.31354013810093261938 0.68645918141723094585 
0.99999040964419672051 0.00000000099999999997 0.00000000099999999997 0.00000000099999999997 0.00000000099999999997 0.00000958635580338403 
0.01496968124241666517 0.00000000099999999999 0.28405295504718003352 0.00000000099999999999 0.27226664929098370882 0.42871071241941960395 
0.00000000099999999985 0.00000000099999999985 0.99999999499999991937 0.00000000099999999985 0.00000000099999999985 0.00000000099999999985 
0.00000000099999999994 0.00000000099999999994 0.00000000099999999994 0.00000000099999999994 0.99999999499999991937 0.00000000099999999994 
0.00000000099999999999 0.00000000099999999999 0.11292712365618964854 0.00045103893326176801 0.35975330991752912935 0.52686852549301943505 
0.00000000099999999978 0.00000000099999999978 0.00000000099999999978 0.99999999499999991937 0.00000000099999999978 0.00000000099999999978 
0.00000000099999999975 0.00000000099999999975 0.00000000099999999975 0.99999999500000003039 0.00000000099999999975 0.00000000099999999975 
0.00000000099999999994 0.00000000099999999994 0.00000000099999999994 0.00000000099999999994 0.99999999499999991937 0.00000000099999999994 
0.00000000099999999998 0.00000000099999999998 0.11858911490709864167 0.00745880122932951299 0.44893728637522239966 0.42501479548834958377 
0.01391049339310307040 0.00000000099999999998 0.00000000099999999998 0.00000000099999999998 0.40475837684783450010 0.58133112675906239986 
0.96042992584113706656 0.00000000099999999996 0.03957007015886301882 0.00000000099999999996 0.00000000099999999996 0.00000000099999999996 
0.16646806671869357475 0.00000000099999999992 0.47934129574232686721 0.35419063453897953186 0.00000000099999999992 0.00000000099999999992 
0.00000000099999999997 0.00000000099999999997 0.00000000099999999997 0.00000000099999999997 0.00000000099999999997 0.99999999499999991937 
0.00000000099999999975 0.99999999500000003039 0.00000000099999999975 0.00000000099999999975 0.00000000099999999975 0.00000000099999999975 
0.00000000099999999968 0.99999999500000003039 0.00000000099999999968 0.00000000099999999968 0.00000000099999999968 0.00000000099999999968 
0.00000000099999999969 0.99999999500000003039 0.00000000099999999969 0.00000000099999999969 0.00000000099999999969 0.00000000099999999969 
0.00000000099999999979 0.00000000099999999979 0.00000000099999999979 0.99999999499999991937 0.00000000099999999979 0.00000000099999999979 
0.00000000099999999976 0.00000000099999999976 0.00000000099999999976 0.99999999499999991937 0.00000000099999999976 0.00000000099999999976 
0.00000000099999999999 0.00000000099999999999 0.21003854241905828282 0.00000000099999999999 0.31255943261530266808 0.47740202196563907844 
0.99999999500000003039 0.00000000099999999997 0.00000000099999999997 0.00000000099999999997 0.00000000099999999997 0.00000000099999999997 
0.00000000099999999977 0.00000000099999999977 0.00000000099999999977 0.99999999499999991937 0.00000000099999999977 0.00000000099999999977 
0.01405949947366485694 0.00000000099999999999 0.27532983485776429955 0.00675075600356184104 0.28361428706411523359 0.42024562160089373730 
0.99999999500000014141 0.00000000099999999995 0.00000000099999999995 0.00000000099999999995 0.00000000099999999995 0.00000000099999999995 
0.00000000099999999980 0.00000000099999999980 0.00000000099999999980 0.99999999499999991937 0.00000000099999999980 0.00000000099999999980 
0.01027778853903471221 0.00000000099999999999 0.13898903508863011402 0.00712756441770372347 0.23199760711912084665 0.61160800383551050530 
0.00000000099999999978 0.00000000099999999978 0.00000000099999999978 0.99999999499999991937 0.00000000099999999978 0.00000000099999999978 
0.99999999500000014141 0.00000000099999999996 0.00000000099999999996 0.00000000099999999996 0.00000000099999999996 0.00000000099999999996 
0.99999999500000003039 0.00000000099999999993 0.00000000099999999993 0.00000000099999999993 0.00000000099999999993 0.00000000099999999993 
0.00000000099999999975 0.00000000099999999975 0.00000000099999999975 0.99999999499999991937 0.00000000099999999975 0.00000000099999999975 
0.00000000099999999977 0.00000000099999999977 0.00000000099999999977 0.99999999499999991937 0.00000000099999999977 0.00000000099999999977 
0.99999999500000003039 0.00000000099999999996 0.00000000099999999996 0.00000000099999999996 0.00000000099999999996 0.00000000099999999996 
0.99999999500000014141 0.00000000099999999996 0.00000000099999999996 0.00000000099999999996 0.00000000099999999996 0.00000000099999999996 
0.99999999500000014141 0.00000000099999999997 0.00000000099999999997 0.00000000099999999997 0.00000000099999999997 0.00000000099999999997 
0.00000000099999999981 0.00000000099999999981 0.00000000099999999981 0.99999999500000003039 0.00000000099999999981 0.00000000099999999981 
0.03979581055874793771 0.00000000100000000000 0.19047546225412287368 0.01401888627136601249 0.24500746074441182021 0.51070237917135130612 
0.00000000099999999999 0.00000000099999999999 0.00000000099999999999 0.02468017298639589921 0.44874195473126088363 0.52657786928234306956 
0.00000000099999999996 0.00000000099999999996 0.00000000099999999996 0.00000000099999999996 0.00000000099999999996 0.99999999500000003039 
0.00617262242006257934 0.00000000099999999999 0.17322104469211085931 0.00000000099999999999 0.34766617272482874812 0.47294015816299783683 
0.99999999500000003039 0.00000000099999999995 0.00000000099999999995 0.00000000099999999995 0.00000000099999999995 0.00000000099999999995 
0.00000000099999999995 0.00000000099999999995 0.00000000099999999995 0.00000000099999999995 0.99999999499999991937 0.00000000099999999995 
0.00000000099999999973 0.99999999500000014141 0.00000000099999999973 0.00000000099999999973 0.00000000099999999973 0.00000000099999999973 
0.00188794562312711764 0.00000000099999999998 0.16991679745196672235 0.00603045477974319382 0.19294757365543091510 0.62921722748973218931 
0.00000000099999999973 0.99999999500000014141 0.00000000099999999973 0.00000000099999999973 0.00000000099999999973 0.00000000099999999973 
0.00000000099999999993 0.00000000099999999993 0.99999999499999991937 0.00000000099999999993 0.00000000099999999993 0.00000000099999999993 
0.00000000099999999974 0.99999999500000003039 0.00000000099999999974 0.00000000099999999974 0.00000000099999999974 0.00000000099999999974 
0.00868555447085783174 0.00000000099999999999 0.00028791533404840669 0.00000047456716083643 0.35609627808066718346 0.63492977654726578951 
0.00000000099999999998 0.00000000099999999998 0.00000000099999999998 0.00000000099999999998 0.00000000099999999998 0.99999999499999991937 
0.99999999500000003039 0.00000000099999999994 0.00000000099999999994 0.00000000099999999994 0.00000000099999999994 0.00000000099999999994 
0.00000000099999999997 0.00000000099999999997 0.20880347778665084291 0.00000000099999999997 0.00000000099999999997 0.79119651821334924247 
0.00000000099999999974 0.99999999500000014141 0.00000000099999999974 0.00000000099999999974 0.00000000099999999974 0.00000000099999999974 
0.00000000099999999976 0.99999999500000003039 0.00000000099999999976 0.00000000099999999976 0.00000000099999999976 0.00000000099999999976 
0.07755675763958164159 0.00000000099999999999 0.22404189242293362505 0.00818734480258065042 0.30843567076395789206 0.38177833337094624344 
0.99999999500000014141 0.00000000099999999994 0.00000000099999999994 0.00000000099999999994 0.00000000099999999994 0.00000000099999999994 
0.00000000099999999981 0.00000000099999999981 0.00000000099999999981 0.99999999500000003039 0.00000000099999999981 0.00000000099999999981 
0.99999999500000003039 0.00000000099999999995 0.00000000099999999995 0.00000000099999999995 0.00000000099999999995 0.00000000099999999995 
0.02995636957606497702 0.00000000099999999999 0.35623601718607655897 0.00000000099999999999 0.00000000099999999999 0.61380761023785845865 
0.00000000099999999971 0.99999999500000014141 0.00000000099999999971 0.00000000099999999971 0.00000000099999999971 0.00000000099999999971 
0.00000000099999999973 0.00000000099999999973 0.00000000099999999973 0.99999999500000003039 0.00000000099999999973 0.00000000099999999973 
0.00000000099999999977 0.99999999500000003039 0.00000000099999999977 0.00000000099999999977 0.00000000099999999977 0.00000000099999999977 
0.00000000100000000000 0.00199200334105993984 0.19938159575587191541 0.01683521203666333080 0.28030962340747511696 0.50148156445892955180 
0.99999999500000003039 0.00000000099999999993 0.00000000099999999993 0.00000000099999999993 0.00000000099999999993 0.00000000099999999993 
0.99999999500000003039 0.00000000099999999995 0.00000000099999999995 0.00000000099999999995 0.00000000099999999995 0.00000000099999999995 
0.22890098468674158205 0.00000000099999999998 0.22384847352986514402 0.00000000099999999998 0.00000000099999999998 0.54725053878339313673 
0.00000870322682031089 0.00000000099999999999 0.04129027110554084334 0.02116352997414110149 0.41807504235292558548 0.51946245234057197848 
0.00000000099999999993 0.00000000099999999993 0.00000000099999999993 0.00000000099999999993 0.99999999500000003039 0.00000000099999999993 
0.01466077396473836232 0.00000000099999999999 0.22233314449865201889 0.00000000099999999999 0.24235397568791336442 0.52065210384869642368 
0.00000000099999999999 0.00000000099999999999 0.31463945427180645131 0.00000000099999999999 0.26161770938454986801 0.42374283334364376552 
0.00000000099999999997 0.00000000099999999997 0.10716995626398487240 0.00000000099999999997 0.45211343461186914716 0.44071660612414581548 
0.00000000099999999998 0.00000000099999999998 0.00000000099999999998 0.00000000099999999998 0.40295605396630118644 0.59704394203369870464 
0.00000782620141466905 0.00000000099999999999 0.23953824693935044099 0.00532732660937659461 0.36878886809583449891 0.38633773115402392229 
0.02786102344724076044 0.00000000099999999998 0.00000000099999999998 0.00000000099999999998 0.00000000113302018370 0.97213897241973901142 
0.99999999500000003039 0.00000000099999999995 0.00000000099999999995 0.00000000099999999995 0.00000000099999999995 0.00000000099999999995 
0.96815734232643402279 0.00000000099999999998 0.03184265367356600707 0.00000000099999999998 0.00000000099999999998 0.00000000099999999998 
0.00000000099999999984 0.99999999500000014141 0.00000000099999999984 0.00000000099999999984 0.00000000099999999984 0.00000000099999999984 
0.99999999500000014141 0.00000000099999999997 0.00000000099999999997 0.00000000099999999997 0.00000000099999999997 0.00000000099999999997 
0.99999999500000003039 0.00000000099999999998 0.00000000099999999998 0.00000000099999999998 0.00000000099999999998 0.00000000099999999998 
0.02022805656242421257 0.00000000099999999999 0.17752197454805432320 0.00584230290350779089 0.17149632308859139029 0.62491134189742225669 
0.00000000099999999968 0.99999999500000014141 0.00000000099999999968 0.00000000099999999968 0.00000000099999999968 0.00000000099999999968 
0.00000000099999999999 0.00000000099999999999 0.37612741847971203901 0.00000000099999999999 0.00267263662791557017 0.62119994189237237592 
0.00666695605023931871 0.00000000099999999999 0.30466880178773408927 0.00000000099999999999 0.00000000572689908301 0.68866423443512747582 
0.00000000099999999999 0.00000000099999999999 0.00000000099999999999 0.00000000099999999999 0.00000000099999999999 0.99999999500000003039 
0.01901326849686057335 0.00000000100000000000 0.17576264619569489933 0.00256336031681575005 0.29936492411788551138 0.50329579987274331021 
0.00000000099999999998 0.00000000099999999998 0.32062276955195195827 0.00000000099999999998 0.00000000099999999998 0.67937722644804798833 
0.03342275844505214477 0.00000000099999999999 0.12648895484479080742 0.00000000099999999999 0.42697579622696851809 0.41311248848318854465 
0.00000000099999999999 0.00000000099999999999 0.26005917981554921292 0.00000000099999999999 0.00000010591313597934 0.73994071127131477716 
0.00000022397579236891 0.00000000099999999999 0.09085624145265712437 0.00627669565037249598 0.40831190810941608849 0.49455492981176180090 
0.00000000099999999999 0.00000000099999999999 0.00000000099999999999 0.02517054468898685671 0.00000000099999999999 0.97482945131101317315 
0.00000000099999999999 0.00000000099999999999 0.12820115352171476686 0.00992413934855409900 0.43067178842925968318 0.43120291670047145027 
0.00000000099999999998 0.00000000099999999998 0.00000000099999999998 0.00000000099999999998 0.34272934338436011892 0.65727065261563977216 
0.01956197083486201083 0.00000000100000000000 0.00000000337119437498 0.02370966170609811394 0.34928902451829874076 0.60743933856954679396 
0.00000000099999999998 0.00000000099999999998 0.14189967272171002954 0.00739870931777804330 0.38504920957624622080 0.46565240638426569353 
0.00053315135180442711 0.00000000099999999999 0.16193126723383449717 0.00000000099999999999 0.14530076450290954626 0.69223481491145155697 
0.00000000099999999997 0.00000000099999999997 0.00000000099999999997 0.00000000099999999997 0.00000000099999999997 0.99999999499999991937 
0.02545619952113623713 0.00000000099999999999 0.21869271339702786583 0.00000000099999999999 0.19022184294284683048 0.56562924213898890802 
0.00596406399330353179 0.00000000099999999999 0.00000000099999999999 0.00000005991236489630 0.40934221082585908746 0.58469366326847249660 
0.03075880295108759932 0.00000000099999999999 0.20890229989157049761 0.00000000099999999999 0.30161314527592242296 0.45872574988141945340 
0.00000000099999999999 0.00000000099999999999 0.11306102259565872781 0.00000000099999999999 0.34740180054645586338 0.53953717385788535488 
0.01692566050334203681 0.00000000099999999999 0.22004275357354124987 0.00000000099999999999 0.20980753361958376368 0.55322405030353294375 
0.01799095277613905683 0.06906476981524369008 0.23057284188977536510 0.00214820368720767011 0.22038702267409651658 0.45983620915753770086 
0.00000000099999999997 0.00000000099999999997 0.35741829271073755070 0.00000000099999999997 0.00000271725927817073 0.64257898702998439422 
0.00000000099999999990 0.00000000099999999990 0.99999999500000003039 0.00000000099999999990 0.00000000099999999990 0.00000000099999999990 
0.00000000099999999994 0.00000000099999999994 0.00000000099999999994 0.00000000099999999994 0.99999999500000003039 0.00000000099999999994 
0.00000000099999999999 0.00000000099999999999 0.06647090187797249916 0.01379278424975287007 0.49230593870988248462 0.42743037316239212986 
0.00628488223646629304 0.00000000099999999998 0.04161953394209935708 0.00000000099999999998 0.49764867826797859474 0.45444690355345573884 
0.00000000099999999999 0.00000000099999999999 0.41966919974959049355 0.00000000099999999999 0.14231220310087153158 0.43801859414953797645 
0.00000096160029849100 0.00000000099999999999 0.32623073249900269577 0.00117179057718833405 0.24857331287756662119 0.42402320144594368712 
0.00000000099999999996 0.00000000099999999996 0.00000000099999999996 0.00000000099999999996 0.00000000099999999996 0.99999999499999991937 
0.02951760475847945223 0.00000000099999999998 0.05893129235167766239 0.00000000099999999998 0.34285014414369663349 0.56870095674614618009 
0.99999999500000003039 0.00000000099999999995 0.00000000099999999995 0.00000000099999999995 0.00000000099999999995 0.00000000099999999995 
0.99231095294265236895 0.00000000099999999998 0.00000000099999999998 0.00000000099999999998 0.00768904305734763663 0.00000000099999999998 
0.00000000099999999979 0.99999999500000014141 0.00000000099999999979 0.00000000099999999979 0.00000000099999999979 0.00000000099999999979 
0.00000000099999999974 0.00000000099999999974 0.00000000099999999974 0.99999999500000003039 0.00000000099999999974 0.00000000099999999974 
0.89784511754229123781 0.00000000099999999999 0.00000000099999999999 0.03654411101601546391 0.06561076844169340394 0.00000000099999999999 
0.00970364094858607550 0.00000000099999999998 0.12373570003562756048 0.00000000099999999998 0.21337339694830034786 0.65318726006748617507 
0.01666187925184011223 0.00000000099999999999 0.00000000099999999999 0.00000000099999999999 0.22347375047372511347 0.75986436727443484873 
0.97190224299231031679 0.00000000099999999998 0.02657385635292236481 0.00152389765476734470 0.00000000099999999998 0.00000000099999999998 
0.01589903652720330712 0.00000000099999999999 0.06161180294654628603 0.00000000099999999999 0.28698792871369166457 0.63550122981255885435 
0.00000000099999999998 0.00000000099999999998 0.22440515030616067782 0.00965530746168189943 0.00000000099999999998 0.76593953923215740698 
0.00000000099999999999 0.00000000099999999999 0.00000000368365403341 0.00000000099999999999 0.34408744300961019436 0.65591255030673567550 
0.00000000099999999972 0.99999999500000014141 0.00000000099999999972 0.00000000099999999972 0.00000000099999999972 0.00000000099999999972 
0.00000000099999999974 0.99999999500000014141 0.00000000099999999974 0.00000000099999999974 0.00000000099999999974 0.00000000099999999974 
0.00000000099999999968 0.99999999500000014141 0.00000000099999999968 0.00000000099999999968 0.00000000099999999968 0.00000000099999999968 
0.00000000099999999969 0.99999999500000003039 0.00000000099999999969 0.00000000099999999969 0.00000000099999999969 0.00000000099999999969 
0.00000000099999999970 0.99999999500000014141 0.00000000099999999970 0.00000000099999999970 0.00000000099999999970 0.00000000099999999970 
0.99999999500000003039 0.00000000099999999998 0.00000000099999999998 0.00000000099999999998 0.00000000099999999998 0.00000000099999999998 
0.00000000099999999999 0.00000000099999999999 0.37803331631862657769 0.00000000732024272353 0.00000000099999999999 0.62196667336113065083 
0.00000000099999999970 0.99999999500000003039 0.00000000099999999970 0.00000000099999999970 0.00000000099999999970 0.00000000099999999970 
0.00000000099999999974 0.99999999500000014141 0.00000000099999999974 0.00000000099999999974 0.00000000099999999974 0.00000000099999999974 
0.00000000099999999973 0.00000000099999999973 0.00000000099999999973 0.99999999499999991937 0.00000000099999999973 0.00000000099999999973 
0.00000000099999999973 0.00000000099999999973 0.00000000099999999973 0.99999999499999991937 0.00000000099999999973 0.00000000099999999973 
0.00000000099999999998 0.00000000099999999998 0.14999767053200560585 0.00000000099999999998 0.40575470988302425601 0.44424761658497025074 
0.00000000099999999972 0.99999999500000014141 0.00000000099999999972 0.00000000099999999972 0.00000000099999999972 0.00000000099999999972 
0.00000000099999999998 0.00000000099999999998 0.39171702390130197502 0.00000000099999999998 0.00000000099999999998 0.60828297209869786055 
0.00000000099999999998 0.00000000099999999998 0.00000000099999999998 0.00000000099999999998 0.30085899368849333690 0.69914100231150655418 
0.94088036961085586007 0.00000000099999999997 0.05911962638914422530 0.00000000099999999997 0.00000000099999999997 0.00000000099999999997 
0.00000000099999999992 0.00000000099999999992 0.99999999500000003039 0.00000000099999999992 0.00000000099999999992 0.00000000099999999992 
0.99999999500000014141 0.00000000099999999993 0.00000000099999999993 0.00000000099999999993 0.00000000099999999993 0.00000000099999999993 
0.00000000099999999998 0.00000000099999999998 0.00000000099999999998 0.00000000099999999998 0.00000000099999999998 0.99999999500000003039 
0.99999999500000014141 0.00000000099999999994 0.00000000099999999994 0.00000000099999999994 0.00000000099999999994 0.00000000099999999994 
0.00000000099999999999 0.00000000099999999999 0.31508168916829260020 0.01348930997743666600 0.00000000099999999999 0.67142899785427068160 
0.00000000099999999995 0.00000000099999999995 0.00000000099999999995 0.00000000099999999995 0.99999999500000003039 0.00000000099999999995 
0.00000000099999999974 0.99999999500000003039 0.00000000099999999974 0.00000000099999999974 0.00000000099999999974 0.00000000099999999974 
0.99999999500000003039 0.00000000099999999995 0.00000000099999999995 0.00000000099999999995 0.00000000099999999995 0.00000000099999999995 
0.00000000099999999970 0.99999999500000014141 0.00000000099999999970 0.00000000099999999970 0.00000000099999999970 0.00000000099999999970 
0.00000000099999999970 0.99999999500000014141 0.00000000099999999970 0.00000000099999999970 0.00000000099999999970 0.00000000099999999970 
0.00000209568606710247 0.00000000099999999999 0.21721272236495922647 0.00000000099999999999 0.32110749149711720341 0.46167768845185652715 
0.01906715848138019684 0.00000000099999999998 0.14992115849539738859 0.00000000099999999998 0.36961869259423341116 0.46139298842898907038 
0.00000000099999999996 0.00000000099999999996 0.00000000099999999996 0.00000000099999999996 0.00000000099999999996 0.99999999499999991937 
0.00000000099999999999 0.00000000099999999999 0.28708786165870742169 0.00000000099999999999 0.00001465481091694283 0.71289748053037571562 
0.00000000099999999999 0.00000000099999999999 0.09964854020543520430 0.00923738615220277316 0.39674681033588149459 0.49436726130648045441 
0.00658916809678995307 0.00000000099999999998 0.23744664746782823128 0.00624912833886470589 0.15245871713415554138 0.59725633796236166084 
0.00000000099999999998 0.00000000099999999998 0.23381593939055411724 0.00000000099999999998 0.32876995313001167176 0.43741410447943401829 
0.97332090595424092250 0.00000000099999999997 0.00000000099999999997 0.00000000099999999997 0.00000000099999999997 0.02667909004575926002 
0.00000000099999999998 0.00000000099999999998 0.18328363948074191669 0.00000000099999999998 0.30619392441492038204 0.51052243310433764734 
0.00000000099999999970 0.99999999500000003039 0.00000000099999999970 0.00000000099999999970 0.00000000099999999970 0.00000000099999999970 
0.00000000099999999994 0.00000000099999999994 0.00000000099999999994 0.00000000099999999994 0.99999999499999991937 0.00000000099999999994 
0.00000000099999999990 0.99999999500000003039 0.00000000099999999990 0.00000000099999999990 0.00000000099999999990 0.00000000099999999990 
0.00000000099999999974 0.99999999500000003039 0.00000000099999999974 0.00000000099999999974 0.00000000099999999974 0.00000000099999999974 
0.02025785635595651196 0.00000000099999999998 0.00000000099999999998 0.00000000099999999998 0.44585134659297498416 0.53389079405106854015 
0.00000000099999999991 0.00000000099999999991 0.99999999500000003039 0.00000000099999999991 0.00000000099999999991 0.00000000099999999991 
0.01488001853818337814 0.00000000099999999999 0.00000081373411651040 0.00000000099999999999 0.23324383397779260840 0.75187533174990750506 
0.00000000099999999976 0.99999999500000014141 0.00000000099999999976 0.00000000099999999976 0.00000000099999999976 0.00000000099999999976 
0.99999999500000014141 0.00000000099999999994 0.00000000099999999994 0.00000000099999999994 0.00000000099999999994 0.00000000099999999994 
0.99999999500000014141 0.00000000099999999994 0.00000000099999999994 0.00000000099999999994 0.00000000099999999994 0.00000000099999999994 
0.00000000099999999973 0.99999999500000014141 0.00000000099999999973 0.00000000099999999973 0.00000000099999999973 0.00000000099999999973 
0.00000000099999999997 0.00000000099999999997 0.00000000099999999997 0.00000000099999999997 0.00000000099999999997 0.99999999500000003039 
0.03739354261572157972 0.00000000099999999999 0.00000000099999999999 0.00702775152013684380 0.56677812491619850022 0.38880057894794306517 
0.00000000099999999975 0.99999999500000014141 0.00000000099999999975 0.00000000099999999975 0.00000000099999999975 0.00000000099999999975 
0.00000000099999999999 0.00000000099999999999 0.31210162306857569536 0.00054515167582902665 0.26418472879868815095 0.42316849445690718490 
0.99999999500000003039 0.00000000099999999993 0.00000000099999999993 0.00000000099999999993 0.00000000099999999993 0.00000000099999999993 
0.20483493242152830960 0.10163553417075026075 0.00000000099999999999 0.10047906967059248851 0.59305046173712883117 0.00000000099999999999 
0.02246928560256720997 0.00000000099999999999 0.00008304473376035238 0.00000000099999999999 0.41235898260248249336 0.56508868506118992148 
0.02668477698180402730 0.00000000099999999999 0.17425938692838111033 0.00970501451995773624 0.41229808977252929703 0.37705273079732787300 
0.00000000099999999999 0.00000000099999999999 0.22341222842109043079 0.01188709474326817353 0.32612989006011294801 0.43857078477552846607 
0.00000000099999999998 0.00000000099999999998 0.45648439999645634702 0.00000000099999999998 0.00000000099999999998 0.54351559600354359958 
0.00000000099999999998 0.00000000099999999998 0.22841308854880004731 0.00000000099999999998 0.51992879107395817417 0.25165811737724169683 
0.00000000099999999999 0.00000000099999999999 0.34858841253431060991 0.00000000099999999999 0.19287872096617725282 0.45853286349951216661 
0.00000000743846619841 0.00000000099999999999 0.28113692799059325500 0.00933661865829653499 0.20862852755541730354 0.50089791735722666299 
0.02039289707691727127 0.00632712473610502323 0.14550220089598756013 0.00124745487486410504 0.36470182709781595598 0.46182849531831010603 
0.99999999500000003039 0.00000000099999999996 0.00000000099999999996 0.00000000099999999996 0.00000000099999999996 0.00000000099999999996 
0.00000000099999999994 0.00000000099999999994 0.00000000099999999994 0.00000000099999999994 0.99999999499999991937 0.00000000099999999994 
0.00000000099999999998 0.00000000099999999998 0.00000000099999999998 0.00150850281827992461 0.44570522116978555927 0.55278627301193439258 
0.03915703304541500590 0.00000000099999999999 0.00000000099999999999 0.00000000099999999999 0.47190483151676759777 0.48893813243781725220 
0.01289258734421470237 0.00000000099999999998 0.08133736121884156678 0.00000000099999999998 0.28065991020002750700 0.62511013923691638450 
0.02243009018934679494 0.00000000099999999998 0.00000000099999999998 0.00000000099999999998 0.00000000099999999998 0.97756990581065328350 
0.00000000099999999997 0.00000000099999999997 0.00000000099999999997 0.00000000099999999997 0.00000000099999999997 0.99999999500000003039 
0.00000000099999999999 0.00000000099999999999 0.45837120995469166074 0.00000000099999999999 0.00000000099999999999 0.54162878604530839688 
0.97333142331399369329 0.00000000099999999997 0.00000000099999999997 0.00000000099999999997 0.02666857268600641637 0.00000000099999999997 
0.01292892616690463625 0.00000000099999999998 0.00000000099999999998 0.01473356510986096810 0.40001067943256696235 0.57232682729066752803 
0.00000000099999999999 0.00000000099999999999 0.19539358677778065343 0.00449067071894028880 0.00000000099999999999 0.80011573950327918858 
0.00000011293941237177 0.00551669161228916967 0.30193129421642711518 0.00000000100000000000 0.00022417118921145592 0.69232772904265993397 
0.99999999500000014141 0.00000000099999999997 0.00000000099999999997 0.00000000099999999997 0.00000000099999999997 0.00000000099999999997 
0.01958296764412015278 0.01818657034504074510 0.23500954071451266025 0.00000000100000000000 0.14127291979930303722 0.58594800049702344680 
0.00000000099999999999 0.00000000099999999999 0.22736568995236605684 0.00609187358419691939 0.00000000099999999999 0.76654243346343708954 
0.48114687517227350266 0.00000000099999999999 0.15661888280211008762 0.00258678909649645529 0.35964745092911981628 0.00000000099999999999 
0.01379794788859247702 0.00000000099999999998 0.20615791796419602466 0.00000000099999999998 0.00000000099999999998 0.78004413114721149469 
0.00000000099999999975 0.99999999500000014141 0.00000000099999999975 0.00000000099999999975 0.00000000099999999975 0.00000000099999999975 
0.00000000099999999993 0.00000000099999999993 0.99999999500000003039 0.00000000099999999993 0.00000000099999999993 0.00000000099999999993 
0.01992483734746453017 0.00000000099999999999 0.21930176921399999190 0.00008187570933980552 0.23881024226018796042 0.52188127446900778317 
