0.00000000099999999998 0.01601744999740111960 0.13217849034189979585 0.00000000099999999998 0.31936347819064248021 0.00000000099999999998 0.10743780911537534339 0.18957348439041599164 0.23542928296426537949 0.00000000099999999998 0.00000000099999999998 
0.00000000099999999979 0.00000000099999999979 0.00000000099999999979 0.00000000099999999979 0.00000000099999999979 0.00000000099999999979 0.00000000099999999979 0.00000000099999999979 0.00000000099999999979 0.00000000099999999979 0.99999998999999994975 
0.00000000099999999990 0.00000000099999999990 0.00000000099999999990 0.00000000099999999990 0.00000000099999999990 0.34803410947044904900 0.00000000099999999990 0.00000000099999999990 0.00000000099999999990 0.00000000099999999990 0.65196588152955092799 
0.00000000099999999998 0.00000000099999999998 0.00000000099999999998 0.00000000099999999998 0.00342492429449335351 0.03058366761113961302 0.26246497877829649825 0.43693489059959650378 0.26658244658494578694 0.00000000099999999998 0.00000908713152831411 
0.00000000099999999997 0.00000000099999999997 0.00000000099999999997 0.15906355892603010749 0.00000000545278283904 0.00000000099999999997 0.21796400848762531588 0.41236055693634648955 0.21061186419721519836 0.00000000099999999997 0.00000000099999999997 
0.00000000099999999997 0.00052355332612292387 0.05051658284812507449 0.01707947872518766549 0.24724957513346235149 0.02878498328970432313 0.00004915400248116752 0.34716698091077313748 0.30862968876414331731 0.00000000099999999997 0.00000000099999999997 
0.00000000099999999982 0.00000000099999999982 0.00000000099999999982 0.00000000099999999982 0.00000000099999999982 0.00000000099999999982 0.00000000099999999982 0.00000000099999999982 0.00000000099999999982 0.00000000099999999982 0.99999999000000006077 
0.00000000099999999981 0.00000000099999999981 0.00000000099999999981 0.00000000099999999981 0.00000000099999999981 0.99999999000000017180 0.00000000099999999981 0.00000000099999999981 0.00000000099999999981 0.00000000099999999981 0.00000000099999999981 
0.00000000099999999989 0.00000000099999999989 0.00000000099999999989 0.00000000099999999989 0.00000000099999999989 0.00000000099999999989 0.00000000099999999989 0.00000000099999999989 0.99999998999999994975 0.00000000099999999989 0.00000000099999999989 
0.00000000099999999984 0.00000000099999999984 0.00000000099999999984 0.00000000099999999984 0.00000000099999999984 0.99999999000000006077 0.00000000099999999984 0.00000000099999999984 0.00000000099999999984 0.00000000099999999984 0.00000000099999999984 
0.00000000099999999998 0.00000000099999999998 0.00006404447876990600 0.16173920900236432585 0.28011550123820494473 0.00000000099999999998 0.00000000099999999998 0.55808123828066069638 0.00000000099999999998 0.00000000099999999998 0.00000000099999999998 
0.00000000099999999997 0.00116235546046733734 0.04083497069468479401 0.09251871307693861068 0.28669808169119953556 0.00000000099999999997 0.13578179149041391671 0.42824016528812686166 0.00000000099999999997 0.00000000099999999997 0.01476391829816907537 
0.00000000099999999998 0.00000000099999999998 0.04879694181238861117 0.11384369774969581302 0.15738617820882822018 0.00000000099999999998 0.07121648793834881030 0.26619530000890756494 0.34256138928183094139 0.00000000099999999998 0.00000000099999999998 
0.00000000099999999998 0.00776341791207471512 0.12773293601081733839 0.09684294739683291242 0.29901398168625520357 0.00000000099999999998 0.00000000099999999998 0.46864658241853013321 0.00000012957548976929 0.00000000099999999998 0.00000000099999999998 
0.00000000099999999998 0.01362070185102410604 0.00000395794052496721 0.00000000099999999998 0.00000000099999999998 0.00000000099999999998 0.42449958868141107748 0.56187574452703992200 0.00000000099999999998 0.00000000099999999998 0.00000000099999999998 
0.00000000099999999998 0.02483146956674449693 0.06932707764037959741 0.10727380829310925736 0.17839564856054143660 0.04816248317442358567 0.11520915092702131710 0.26508052611305588098 0.19171983272472437054 0.00000000099999999998 0.00000000099999999998 
0.00000000099999999995 0.00000000099999999995 0.00000000099999999995 0.00000000099999999995 0.00000000099999999995 0.00000000099999999995 0.27067187183181040666 0.72932811916818951481 0.00000000099999999995 0.00000000099999999995 0.00000000099999999995 
0.00000000099999999997 0.00000000099999999997 0.07582604271206629110 0.10298693003312046901 0.16761928221757990687 0.00000000099999999997 0.00000000099999999997 0.14851276210168387615 0.50505497693554946004 0.00000000099999999997 0.00000000099999999997 
0.00000000099999999997 0.00000000099999999997 0.00000000099999999997 0.00000000099999999997 0.41894253185964414055 0.00000000099999999997 0.00000000099999999997 0.00000000099999999997 0.58105745914035566990 0.00000000099999999997 0.00000000099999999997 
0.00000000099999999983 0.00000000099999999983 0.00000000099999999983 0.00000000099999999983 0.00000000099999999983 0.00000000099999999983 0.99999999000000006077 0.00000000099999999983 0.00000000099999999983 0.00000000099999999983 0.00000000099999999983 
0.00000000099999999998 0.00000000099999999998 0.07839831469608435355 0.01853288624492219899 0.39163726238237228650 0.00000000099999999998 0.01361162271028604903 0.32985907348036358488 0.16796083548597165458 0.00000000099999999998 0.00000000099999999998 
0.00000000099999999994 0.00000000099999999994 0.01407596062347736370 0.00000000099999999994 0.00000000099999999994 0.67686244660157401931 0.00000000099999999994 0.00000000099999999994 0.00000000099999999994 0.00000000099999999994 0.30906158477494871661 
0.00000000099999999988 0.00000000099999999988 0.00000000099999999988 0.00000000099999999988 0.99999999000000006077 0.00000000099999999988 0.00000000099999999988 0.00000000099999999988 0.00000000099999999988 0.00000000099999999988 0.00000000099999999988 
0.00000000099999999949 0.00000000099999999949 0.00000000099999999949 0.99999999000000006077 0.00000000099999999949 0.00000000099999999949 0.00000000099999999949 0.00000000099999999949 0.00000000099999999949 0.00000000099999999949 0.00000000099999999949 
0.00000000099999999996 0.00000000099999999996 0.09328127763753729651 0.01361675620592331555 0.32819829045825515967 0.02345054684094126721 0.25237813069629594365 0.21128696948909739262 0.07778802467194947945 0.00000000099999999996 0.00000000099999999996 
0.00000000099999999997 0.00000000099999999997 0.00000000099999999997 0.00408226960152789121 0.29339493407939315484 0.00000000099999999997 0.20031873298911329062 0.50220405632996556466 0.00000000099999999997 0.00000000099999999997 0.00000000099999999997 
0.00000000099999999957 0.99999999000000017180 0.00000000099999999957 0.00000000099999999957 0.00000000099999999957 0.00000000099999999957 0.00000000099999999957 0.00000000099999999957 0.00000000099999999957 0.00000000099999999957 0.00000000099999999957 
0.00000000099999999951 0.99999999000000017180 0.00000000099999999951 0.00000000099999999951 0.00000000099999999951 0.00000000099999999951 0.00000000099999999951 0.00000000099999999951 0.00000000099999999951 0.00000000099999999951 0.00000000099999999951 
0.00000000099999999993 0.00000000099999999993 0.36467601088786522068 0.00000002341203426533 0.00000000099999999993 0.00000000099999999993 0.00000000099999999993 0.63532395770010041680 0.00000000099999999993 0.00000000099999999993 0.00000000099999999993 
0.00000000099999999989 0.00000000099999999989 0.00000000099999999989 0.00000000099999999989 0.00000000099999999989 0.00000000099999999989 0.00000000099999999989 0.99999998999999994975 0.00000000099999999989 0.00000000099999999989 0.00000000099999999989 
0.00000000099999999996 0.00000000099999999996 0.12566503938597983758 0.05066036126449252608 0.12941631221172358868 0.00000000099999999996 0.00000000099999999996 0.40716383754932483630 0.26704290667846125595 0.00000000099999999996 0.02005153791001808988 
0.00000000099999999982 0.00000000099999999982 0.00000000099999999982 0.19549611632493069102 0.00000000099999999982 0.80450387467506945249 0.00000000099999999982 0.00000000099999999982 0.00000000099999999982 0.00000000099999999982 0.00000000099999999982 
0.00000000099999999969 0.36191241069868490543 0.00000000099999999969 0.63808758030131529360 0.00000000099999999969 0.00000000099999999969 0.00000000099999999969 0.00000000099999999969 0.00000000099999999969 0.00000000099999999969 0.00000000099999999969 
0.00000000099999999996 0.00000000099999999996 0.00000000099999999996 0.00000000099999999996 0.32218666162397541219 0.00000000099999999996 0.26956283013343207422 0.40825050024259240677 0.00000000099999999996 0.00000000099999999996 0.00000000099999999996 
0.99999999000000017180 0.00000000099999999945 0.00000000099999999945 0.00000000099999999945 0.00000000099999999945 0.00000000099999999945 0.00000000099999999945 0.00000000099999999945 0.00000000099999999945 0.00000000099999999945 0.00000000099999999945 
0.99999999000000028282 0.00000000099999999936 0.00000000099999999936 0.00000000099999999936 0.00000000099999999936 0.00000000099999999936 0.00000000099999999936 0.00000000099999999936 0.00000000099999999936 0.00000000099999999936 0.00000000099999999936 
0.99999999000000028282 0.00000000099999999937 0.00000000099999999937 0.00000000099999999937 0.00000000099999999937 0.00000000099999999937 0.00000000099999999937 0.00000000099999999937 0.00000000099999999937 0.00000000099999999937 0.00000000099999999937 
0.00000000099999999959 0.99999999000000017180 0.00000000099999999959 0.00000000099999999959 0.00000000099999999959 0.00000000099999999959 0.00000000099999999959 0.00000000099999999959 0.00000000099999999959 0.00000000099999999959 0.00000000099999999959 
0.00000000099999999952 0.99999999000000017180 0.00000000099999999952 0.00000000099999999952 0.00000000099999999952 0.00000000099999999952 0.00000000099999999952 0.00000000099999999952 0.00000000099999999952 0.00000000099999999952 0.00000000099999999952 
0.00000000099999999997 0.00000000099999999997 0.09881336495134555864 0.07279330208850787187 0.23555419187442860895 0.00000000099999999997 0.22379853014516035148 0.22759597060782096878 0.14144463533273674005 0.00000000099999999997 0.00000000099999999997 
0.00000000099999999994 0.00000000099999999994 0.00000000099999999994 0.00000000099999999994 0.00000000099999999994 0.68893369009218774490 0.00000000099999999994 0.00000000099999999994 0.00000000099999999994 0.00000000099999999994 0.31106630090781245412 
0.00000000099999999955 0.99999999000000028282 0.00000000099999999955 0.00000000099999999955 0.00000000099999999955 0.00000000099999999955 0.00000000099999999955 0.00000000099999999955 0.00000000099999999955 0.00000000099999999955 0.00000000099999999955 
0.00000000099999999998 0.00000000169927794783 0.07378977246958846881 0.11601583883059400637 0.13661716571851539870 0.00000000099999999998 0.35597631110645178154 0.31276477756981113654 0.00000121177717274819 0.00000000099999999998 0.00483491782858855041 
0.00000000099999999978 0.00000000099999999978 0.00000000099999999978 0.00000000099999999978 0.00000000099999999978 0.00000000099999999978 0.00000000099999999978 0.00000000099999999978 0.00000000099999999978 0.00000000099999999978 0.99999999000000006077 
0.00000000099999999961 0.99999999000000028282 0.00000000099999999961 0.00000000099999999961 0.00000000099999999961 0.00000000099999999961 0.00000000099999999961 0.00000000099999999961 0.00000000099999999961 0.00000000099999999961 0.00000000099999999961 
0.00000000099999999997 0.00000000099999999997 0.00000000099999999997 0.14635582630126284243 0.00000000099999999997 0.00000000099999999997 0.19333070023433973628 0.66031346546439728673 0.00000000099999999997 0.00000000099999999997 0.00000000099999999997 
0.00000000099999999955 0.99999999000000028282 0.00000000099999999955 0.00000000099999999955 0.00000000099999999955 0.00000000099999999955 0.00000000099999999955 0.00000000099999999955 0.00000000099999999955 0.00000000099999999955 0.00000000099999999955 
0.00000000099999999992 0.00000000099999999992 0.00000000099999999992 0.00000000099999999992 0.00000000099999999992 0.68316346494892299379 0.00000000099999999992 0.00000000099999999992 0.00000000099999999992 0.00000000099999999992 0.31683652605107714972 
0.00000000099999999987 0.00000000099999999987 0.00000000099999999987 0.00000000099999999987 0.00000000099999999987 0.69898357499566876605 0.00000000099999999987 0.00000000099999999987 0.00000000099999999987 0.00000000099999999987 0.30101641600433132195 
0.00000000099999999949 0.99999999000000028282 0.00000000099999999949 0.00000000099999999949 0.00000000099999999949 0.00000000099999999949 0.00000000099999999949 0.00000000099999999949 0.00000000099999999949 0.00000000099999999949 0.00000000099999999949 
0.00000000099999999954 0.99999999000000028282 0.00000000099999999954 0.00000000099999999954 0.00000000099999999954 0.00000000099999999954 0.00000000099999999954 0.00000000099999999954 0.00000000099999999954 0.00000000099999999954 0.00000000099999999954 
0.00000000099999999979 0.00000000099999999979 0.00000000099999999979 0.00000000099999999979 0.00000000099999999979 0.00000000099999999979 0.00000000099999999979 0.00000000099999999979 0.00000000099999999979 0.00000000099999999979 0.99999998999999994975 
0.00000000099999999992 0.00000000099999999992 0.00000000099999999992 0.00000000099999999992 0.00000000099999999992 0.45670309443322715248 0.00000000099999999992 0.00000000099999999992 0.00000000099999999992 0.00000000099999999992 0.54329689656677271348 
0.00000000099999999987 0.00000000099999999987 0.00000000099999999987 0.00000000099999999987 0.00000000099999999987 0.99999999000000017180 0.00000000099999999987 0.00000000099999999987 0.00000000099999999987 0.00000000099999999987 0.00000000099999999987 
0.00000000099999999961 0.99999999000000028282 0.00000000099999999961 0.00000000099999999961 0.00000000099999999961 0.00000000099999999961 0.00000000099999999961 0.00000000099999999961 0.00000000099999999961 0.00000000099999999961 0.00000000099999999961 
0.00000000099999999993 0.00000000099999999993 0.00000000099999999993 0.00000000099999999993 0.00000000099999999993 0.00000000099999999993 0.00000000099999999993 0.00000000099999999993 0.99999999000000006077 0.00000000099999999993 0.00000000099999999993 
0.00000000099999999990 0.00000000099999999990 0.00000000099999999990 0.00000000099999999990 0.00000000099999999990 0.00000000099999999990 0.00000000099999999990 0.00000000099999999990 0.99999998999999994975 0.00000000099999999990 0.00000000099999999990 
0.00000000099999999984 0.00000000099999999984 0.00000000099999999984 0.00000000099999999984 0.00000000099999999984 0.00000000099999999984 0.99999998999999994975 0.00000000099999999984 0.00000000099999999984 0.00000000099999999984 0.00000000099999999984 
0.00000000099999999998 0.00000000099999999998 0.08679049742087477370 0.00000000099999999998 0.38794284835334630346 0.00000000209057952083 0.00001556751078734968 0.20488156492710410395 0.32018830621374266832 0.00000000099999999998 0.00018120948356526099 
0.00000000099999999990 0.00000000099999999990 0.00000000099999999990 0.00000000099999999990 0.00000000099999999990 0.39909529440924274013 0.00000000099999999990 0.00000000099999999990 0.00000000099999999990 0.00000000099999999990 0.60090469659075707032 
0.00000000099999999991 0.00000000099999999991 0.00000000099999999991 0.00000000099999999991 0.00000000099999999991 0.00000000099999999991 0.00000000099999999991 0.99999998999999994975 0.00000000099999999991 0.00000000099999999991 0.00000000099999999991 
0.99999999000000028282 0.00000000099999999945 0.00000000099999999945 0.00000000099999999945 0.00000000099999999945 0.00000000099999999945 0.00000000099999999945 0.00000000099999999945 0.00000000099999999945 0.00000000099999999945 0.00000000099999999945 
0.00000000099999999986 0.00000000099999999986 0.00000000099999999986 0.00000000099999999986 0.00000000099999999986 0.00000000099999999986 0.00000000099999999986 0.00000000099999999986 0.99999998999999994975 0.00000000099999999986 0.00000000099999999986 
0.48300189969947293633 0.00000000099999999945 0.00000000099999999945 0.00000000099999999945 0.00000000099999999945 0.00000000099999999945 0.00000000099999999945 0.00000000099999999945 0.00000000099999999945 0.51699809130052676309 0.00000000099999999945 
0.00000000099999999998 0.00000000099999999998 0.01769304537113355891 0.15676098221412043676 0.20504762753174826662 0.02445459124599737299 0.18044083360385798631 0.37485233201970946659 0.04075058401343304576 0.00000000099999999998 0.00000000099999999998 
0.00000000099999999926 0.00000000099999999926 0.00000000099999999926 0.00000000099999999926 0.00000000099999999926 0.00000000099999999926 0.00000000099999999926 0.00000000099999999926 0.00000000099999999926 0.99999998999999994975 0.00000000099999999926 
0.00000000099999999995 0.00000000099999999995 0.22597478512564497799 0.00000000099999999995 0.42209428829606376876 0.00000000099999999995 0.00000000099999999995 0.00000009485464867288 0.35193082472364273228 0.00000000099999999995 0.00000000099999999995 
0.00000000099999999984 0.00000000099999999984 0.00000000099999999984 0.00000000099999999984 0.00000000099999999984 0.00000000099999999984 0.99999998999999994975 0.00000000099999999984 0.00000000099999999984 0.00000000099999999984 0.00000000099999999984 
0.00000000099999999978 0.00000000099999999978 0.00000000099999999978 0.00000000099999999978 0.00000000099999999978 0.00000000099999999978 0.00000000099999999978 0.00000000099999999978 0.00000000099999999978 0.00000000099999999978 0.99999998999999994975 
0.00000000099999999994 0.00000000099999999994 0.11749896762981462683 0.00000000099999999994 0.31460204955344073241 0.00000000099999999994 0.30112766730652190672 0.25769252911240286830 0.00907878039781976308 0.00000000099999999994 0.00000000099999999994 
0.99999999000000028282 0.00000000099999999947 0.00000000099999999947 0.00000000099999999947 0.00000000099999999947 0.00000000099999999947 0.00000000099999999947 0.00000000099999999947 0.00000000099999999947 0.00000000099999999947 0.00000000099999999947 
0.49744656385775226637 0.00000000099999999949 0.00000000099999999949 0.00000000099999999949 0.00000000099999999949 0.00000000099999999949 0.00000000099999999949 0.00000000099999999949 0.00000000099999999949 0.50255342714224748857 0.00000000099999999949 
0.00000000099999999997 0.00199883061599282234 0.00000009474465782971 0.00000000099999999997 0.41367095839260803469 0.09182490829392857268 0.26869361911033334822 0.22381158384247937243 0.00000000099999999997 0.00000000099999999997 0.00000000099999999997 
0.00000000099999999990 0.00000000099999999990 0.00000000099999999990 0.00000000099999999990 0.00000000099999999990 0.64734571945691110617 0.00000000099999999990 0.00000000099999999990 0.00000000099999999990 0.00000000099999999990 0.35265427154308887081 
0.00000000099999999963 0.99999999000000017180 0.00000000099999999963 0.00000000099999999963 0.00000000099999999963 0.00000000099999999963 0.00000000099999999963 0.00000000099999999963 0.00000000099999999963 0.00000000099999999963 0.00000000099999999963 
0.00000000099999999984 0.00000000099999999984 0.00000000099999999984 0.00000000099999999984 0.00000000099999999984 0.99999999000000017180 0.00000000099999999984 0.00000000099999999984 0.00000000099999999984 0.00000000099999999984 0.00000000099999999984 
0.00000000099999999993 0.00000000099999999993 0.36233279485578939738 0.00000000099999999993 0.00000000099999999993 0.00000000099999999993 0.00000000099999999993 0.00000000099999999993 0.63766719614421041307 0.00000000099999999993 0.00000000099999999993 
0.99999999000000017180 0.00000000099999999941 0.00000000099999999941 0.00000000099999999941 0.00000000099999999941 0.00000000099999999941 0.00000000099999999941 0.00000000099999999941 0.00000000099999999941 0.00000000099999999941 0.00000000099999999941 
0.00000000099999999946 0.99999999000000028282 0.00000000099999999946 0.00000000099999999946 0.00000000099999999946 0.00000000099999999946 0.00000000099999999946 0.00000000099999999946 0.00000000099999999946 0.00000000099999999946 0.00000000099999999946 
0.50768070963456402023 0.00000000099999999952 0.00000000099999999952 0.00000000099999999952 0.00000000099999999952 0.00000000099999999952 0.00000000099999999952 0.00000000099999999952 0.00000000099999999952 0.49231928136543617880 0.00000000099999999952 
0.00000000360634285089 0.01800403746543135022 0.00000000099999999999 0.00000000099999999999 0.40098458764179523151 0.00000000099999999999 0.13983679241157725981 0.28327492345682148134 0.15789965041803169510 0.00000000099999999999 0.00000000099999999999 
0.00000000099999999980 0.00000000099999999980 0.00000000099999999980 0.00000000099999999980 0.00000000099999999980 0.99999999000000006077 0.00000000099999999980 0.00000000099999999980 0.00000000099999999980 0.00000000099999999980 0.00000000099999999980 
0.00000000099999999984 0.00000000099999999984 0.00000000099999999984 0.00000000099999999984 0.00000000099999999984 0.99999999000000017180 0.00000000099999999984 0.00000000099999999984 0.00000000099999999984 0.00000000099999999984 0.00000000099999999984 
0.00000000099999999996 0.00000000099999999996 0.10137495297935633642 0.15357275178569082530 0.00000000099999999996 0.15552607337604218429 0.20523260181329797125 0.23329629407098009808 0.09634839838197650774 0.00000000099999999996 0.05464892359265619698 
0.00000000099999999998 0.00788512952142379937 0.00000000099999999998 0.11529459418347268174 0.40107370763695188165 0.00000000099999999998 0.00000000099999999998 0.00000005059424831580 0.47574651206390333735 0.00000000099999999998 0.00000000099999999998 
0.00000000099999999986 0.00000000099999999986 0.00000000099999999986 0.00000000099999999986 0.99999999000000006077 0.00000000099999999986 0.00000000099999999986 0.00000000099999999986 0.00000000099999999986 0.00000000099999999986 0.00000000099999999986 
0.00000000099999999997 0.00000000099999999997 0.08992444203325575258 0.05141591563707793161 0.34798913175866974523 0.00517966301669340809 0.11474674438271539878 0.39074409817158789471 0.00000000099999999997 0.00000000099999999997 0.00000000099999999997 
0.00000000099999999998 0.00000000099999999998 0.00000000099999999998 0.08584628072316467795 0.35167070235011571588 0.00000000099999999998 0.14518869872332915150 0.18982474026939438749 0.22746957193399611197 0.00000000099999999998 0.00000000099999999998 
0.00000000099999999994 0.00000000099999999994 0.00000000099999999994 0.00000000099999999994 0.52577126482997060819 0.00000000099999999994 0.00000000099999999994 0.47422872617002942430 0.00000000099999999994 0.00000000099999999994 0.00000000099999999994 
0.00000000099999999995 0.00000000099999999995 0.00000000099999999995 0.09551432420090344433 0.00000000099999999995 0.00000000099999999995 0.21891685016165451927 0.28503035273868976285 0.39994293349750748012 0.00000000099999999995 0.00059553340124493266 
0.00000000099999999997 0.00000000099999999997 0.00000000099999999997 0.08745152408663700583 0.41329319750962317803 0.00000000099999999997 0.03821278564611692991 0.00003206115732023829 0.46101042560030280892 0.00000000099999999997 0.00000000099999999997 
0.00000000099999999997 0.00000000099999999997 0.00000000099999999997 0.07693368063818500913 0.15201349151774790069 0.00000000099999999997 0.02500532232318232462 0.34939294688423178092 0.36228738486787942508 0.00000000099999999997 0.03436716876877354138 
0.00000000099999999979 0.00000000099999999979 0.00000000099999999979 0.00000000099999999979 0.00000000099999999979 0.00000000099999999979 0.00000000099999999979 0.00000000099999999979 0.00000000099999999979 0.00000000099999999979 0.99999999000000006077 
0.00000000099999999995 0.00000000099999999995 0.00000000099999999995 0.00000000099999999995 0.02426359038424200781 0.65753029625828707250 0.00000000099999999995 0.00000000099999999995 0.00000000099999999995 0.00000000099999999995 0.31820610535747090308 
0.60177249911722430209 0.00000000099999999965 0.00000000099999999965 0.00000000099999999965 0.00000000099999999965 0.00000000099999999965 0.00000000099999999965 0.00000000099999999965 0.00000000099999999965 0.39822749188277578591 0.00000000099999999965 
0.00000000099999999993 0.00000000099999999993 0.00000000099999999993 0.00000000099999999993 0.00000000099999999993 0.36474256997391524271 0.00000000099999999993 0.00000000099999999993 0.00000000099999999993 0.00000000099999999993 0.63525742102608462325 
0.00000000099999999995 0.00000000099999999995 0.00000000099999999995 0.00000000099999999995 0.00000000099999999995 0.71530724624187758121 0.00000000099999999995 0.00000000099999999995 0.00000000099999999995 0.00000000099999999995 0.28469274475812261782 
0.00000000099999999997 0.00000000099999999997 0.10613312446425586522 0.03420334386902282309 0.27617759072765024619 0.00556430480508400722 0.10543534772435220193 0.11892635175320652452 0.35355993265642843282 0.00000000099999999997 0.00000000099999999997 
0.00000000099999999919 0.00000000099999999919 0.00000000099999999919 0.00000000099999999919 0.00000000099999999919 0.00000000099999999919 0.00000000099999999919 0.00000000099999999919 0.00000000099999999919 0.99999999000000006077 0.00000000099999999919 
0.00000000099999999996 0.00000000099999999996 0.09185532570044907530 0.00000000099999999996 0.42410707848386502983 0.00000000099999999996 0.00000000099999999996 0.00000000099999999996 0.48403758781568601011 0.00000000099999999996 0.00000000099999999996 
0.00000000099999999989 0.00000000099999999989 0.00000000099999999989 0.00000000099999999989 0.00000000099999999989 0.00000000099999999989 0.00000000099999999989 0.00000000099999999989 0.99999998999999994975 0.00000000099999999989 0.00000000099999999989 
0.00000000099999999998 0.00234720118098383224 0.00000000099999999998 0.06139080470797557421 0.26708000859839736707 0.00000000099999999998 0.41178297841178629346 0.25739900110085700558 0.00000000099999999998 0.00000000099999999998 0.00000000099999999998 
0.00000000099999999997 0.00000000099999999997 0.09383643425323905107 0.00000001348311425388 0.00000000277129397408 0.01997164401756419683 0.30218806838060857656 0.00000069386367347861 0.58400313923050650722 0.00000000099999999997 0.00000000099999999997 
0.00000000099999999984 0.00000000099999999984 0.00000000099999999984 0.00000000099999999984 0.00000000099999999984 0.00000000099999999984 0.99999998999999994975 0.00000000099999999984 0.00000000099999999984 0.00000000099999999984 0.00000000099999999984 
0.00000000099999999994 0.00000000099999999994 0.00000000099999999994 0.15639640642334431964 0.00000000099999999994 0.00000000099999999994 0.00000000099999999994 0.84360358457665562959 0.00000000099999999994 0.00000000099999999994 0.00000000099999999994 
0.00000000099999999995 0.00000000099999999995 0.00000000099999999995 0.00000000099999999995 0.49763995549580669620 0.00000000099999999995 0.50236003550419328079 0.00000000099999999995 0.00000000099999999995 0.00000000099999999995 0.00000000099999999995 
0.00000000099999999998 0.00568112776137704237 0.00000006287429388142 0.00000000099999999998 0.36184147268609484493 0.02486163269196760978 0.20976910871927786917 0.39784659026698865336 0.00000000099999999998 0.00000000099999999998 0.00000000099999999998 
0.00000000099999999999 0.02553937254455575234 0.00000000099999999999 0.02138189813590204644 0.05689212481032283886 0.00000000099999999999 0.31790094417198455634 0.35161119996659706555 0.21042287237610121653 0.00000000099999999999 0.01625158399453660932 
0.00000000099999999988 0.00000000099999999988 0.00000000099999999988 0.00000000099999999988 0.00000000099999999988 0.00000000099999999988 0.00000000099999999988 0.00000000099999999988 0.99999998999999994975 0.00000000099999999988 0.00000000099999999988 
0.00000000099999999992 0.00000000099999999992 0.00000000099999999992 0.00000000099999999992 0.00000000099999999992 0.00000000099999999992 0.00000000099999999992 0.55913705607966890376 0.44086293492033118424 0.00000000099999999992 0.00000000099999999992 
0.00000000099999999999 0.02116683374545974550 0.03088821228851794387 0.07870036465552138205 0.21543037573418910569 0.02649322678308124734 0.24199904345359743441 0.19245646306432778738 0.19286547727530548024 0.00000000099999999999 0.00000000099999999999 
0.00000000099999999994 0.00000000099999999994 0.00000000099999999994 0.00000000099999999994 0.00000000099999999994 0.00000000099999999994 0.36709278855219978910 0.00000000099999999994 0.63290720244780029891 0.00000000099999999994 0.00000000099999999994 
0.00000000099999999994 0.00000000099999999994 0.00000000099999999994 0.00000000099999999994 0.56051991347936669374 0.00000000099999999994 0.43948007752063328324 0.00000000099999999994 0.00000000099999999994 0.00000000099999999994 0.00000000099999999994 
0.00000000099999999997 0.00000000099999999997 0.00000000099999999997 0.06349249230566703095 0.21560042115219912873 0.00000000099999999997 0.29256809795232763260 0.21733851750188093455 0.21100046508792516531 0.00000000099999999997 0.00000000099999999997 
0.00000000099999999997 0.00000000099999999997 0.00000000099999999997 0.16898072928775650925 0.26756919823677693948 0.01065405802650018323 0.22558271688693820600 0.19491932488007734925 0.13229396768195078593 0.00000000099999999997 0.00000000099999999997 
0.00000000099999999998 0.00000000099999999998 0.13549621380696860728 0.05638458567684902223 0.00840080487662586348 0.00000967920025237641 0.12029253409133093544 0.46723207798846150274 0.21218410035951154602 0.00000000099999999998 0.00000000099999999998 
0.00000000099999999998 0.00000000099999999998 0.00000000099999999998 0.04230556946899790421 0.25411216986037710175 0.00000000099999999998 0.00000000099999999998 0.44532580678622962767 0.21587517225711563840 0.00000000099999999998 0.04238127562727965481 
0.00000000099999999997 0.00000000099999999997 0.13805323162998950348 0.08853400180755062465 0.15676610446079192185 0.00000000099999999997 0.24447811105060265890 0.37214864496845340147 0.00001990108261183415 0.00000000099999999997 0.00000000099999999997 
0.00000000099999999997 0.00000000099999999997 0.07317086235145209283 0.08612119178022036026 0.07488572464534769269 0.01380390226877764408 0.31565300275289176479 0.43636531120131050177 0.00000000099999999997 0.00000000099999999997 0.00000000099999999997 
0.07003929434285206812 0.00000426410380308096 0.00000330305034886538 0.05320268773572749132 0.38869952655077771864 0.02949094054915868401 0.00000000100000000000 0.33697209250230381050 0.12145543977232353683 0.00013244939270469440 0.00000000100000000000 
0.00000000099999999997 0.00000000099999999997 0.06258261727146086084 0.01578407102698928602 0.39820877205425381229 0.00000000099999999997 0.28024457569447885907 0.24317986046037626258 0.00000009849244085255 0.00000000099999999997 0.00000000099999999997 
0.00000000099999999991 0.00000000099999999991 0.00000000099999999991 0.27742044728103987250 0.72257954371896015999 0.00000000099999999991 0.00000000099999999991 0.00000000099999999991 0.00000000099999999991 0.00000000099999999991 0.00000000099999999991 
0.00000000099999999994 0.00000000099999999994 0.00093743937238933593 0.19991857043220290224 0.35176221730916912289 0.00000000099999999994 0.00000000099999999994 0.44738176588623873586 0.00000000099999999994 0.00000000099999999994 0.00000000099999999994 
0.00000000099999999995 0.00505415149531883694 0.00000000099999999995 0.04702116650022843125 0.56573857152907192081 0.00000000099999999995 0.00000000099999999995 0.38218610347538078953 0.00000000099999999995 0.00000000099999999995 0.00000000099999999995 
0.00000000099999999997 0.00000000099999999997 0.00070300165509058646 0.08249612987886836835 0.24349302802719383076 0.00000000099999999997 0.12006138801999260979 0.39976633179119974715 0.14762861167531621254 0.00000000099999999997 0.00585150495233875603 
0.00000000099999999979 0.00000000099999999979 0.00000000099999999979 0.99999999000000017180 0.00000000099999999979 0.00000000099999999979 0.00000000099999999979 0.00000000099999999979 0.00000000099999999979 0.00000000099999999979 0.00000000099999999979 
0.00000000099999999998 0.00438124626334682535 0.05939880019170059450 0.08290535952261239572 0.11494172855547613032 0.00000000132495578085 0.20501730659613651153 0.27053859689536796651 0.26281050884331463857 0.00000000099999999998 0.00000644980708905529 
0.00000000099999999996 0.00000000099999999996 0.09459954632429419530 0.00000000099999999996 0.11103673522715647171 0.00000000099999999996 0.25731128090218330362 0.35630544045266959730 0.18074699109369643524 0.00000000099999999996 0.00000000099999999996 
0.00000000099999999995 0.00000000099999999995 0.07572132612135072660 0.00000000099999999995 0.15773720471496724405 0.00000000099999999995 0.22493599747466855310 0.49954159015194021798 0.00053858323482039103 0.00000000099999999995 0.04152529330225285253 
0.00000000099999999991 0.00000000099999999991 0.00000000099999999991 0.00000000099999999991 0.00000000099999999991 0.65450084520043860792 0.00000000099999999991 0.00000000099999999991 0.00000000099999999991 0.00000000099999999991 0.34549914579956159111 
0.00000000099999999988 0.00000000099999999988 0.00000000099999999988 0.00000000099999999988 0.00000000099999999988 0.99999999000000006077 0.00000000099999999988 0.00000000099999999988 0.00000000099999999988 0.00000000099999999988 0.00000000099999999988 
0.00000000099999999932 0.00000000099999999932 0.00000000099999999932 0.00000000099999999932 0.00000000099999999932 0.00000000099999999932 0.00000000099999999932 0.00000000099999999932 0.00000000099999999932 0.99999998999999994975 0.00000000099999999932 
0.00000000099999999948 0.99999999000000017180 0.00000000099999999948 0.00000000099999999948 0.00000000099999999948 0.00000000099999999948 0.00000000099999999948 0.00000000099999999948 0.00000000099999999948 0.00000000099999999948 0.00000000099999999948 
0.00000000099999999998 0.04033660661740898212 0.00000000099999999998 0.00000000099999999998 0.00000000099999999998 0.93979242181647415499 0.00000000099999999998 0.00000000099999999998 0.01987096356611703016 0.00000000099999999998 0.00000000099999999998 
0.00000000099999999997 0.00000000099999999997 0.01068147403309568227 0.00003291908408928030 0.18893196249174787349 0.00000000099999999997 0.22661958766547624089 0.26577836385661390839 0.29919450319273099836 0.00000000099999999997 0.00876118567624589555 
0.00000000099999999987 0.00000000099999999987 0.00000000099999999987 0.00000000099999999987 0.00000000099999999987 0.00000000099999999987 0.99999998999999994975 0.00000000099999999987 0.00000000099999999987 0.00000000099999999987 0.00000000099999999987 
0.00000000099999999989 0.00000000099999999989 0.00000000099999999989 0.00000000099999999989 0.00000000099999999989 0.99999999000000017180 0.00000000099999999989 0.00000000099999999989 0.00000000099999999989 0.00000000099999999989 0.00000000099999999989 
0.00000000099999999998 0.00000000099999999998 0.00000020281427989378 0.00000000267562965702 0.37448905159652762231 0.00000000099999999998 0.15834430170077051780 0.26654990073805362449 0.18542494818230662035 0.00000000099999999998 0.01519158829243228565 
0.00000000099999999985 0.00000000099999999985 0.00000000099999999985 0.00000000099999999985 0.00000000099999999985 0.00000000099999999985 0.99999998999999994975 0.00000000099999999985 0.00000000099999999985 0.00000000099999999985 0.00000000099999999985 
0.00000000099999999990 0.00000000099999999990 0.00000000099999999990 0.00000000099999999990 0.00000000099999999990 0.00000000099999999990 0.00000000099999999990 0.99999998999999994975 0.00000000099999999990 0.00000000099999999990 0.00000000099999999990 
0.52951200622066696422 0.00000000099999999943 0.00000000099999999943 0.00000000099999999943 0.00000000099999999943 0.00000000099999999943 0.00000000099999999943 0.00000000099999999943 0.00000000099999999943 0.47048798477933312379 0.00000000099999999943 
0.00000000099999999925 0.00000000099999999925 0.00000000099999999925 0.00000000099999999925 0.00000000099999999925 0.00000000099999999925 0.00000000099999999925 0.00000000099999999925 0.00000000099999999925 0.99999998999999994975 0.00000000099999999925 
0.99999999000000017180 0.00000000099999999936 0.00000000099999999936 0.00000000099999999936 0.00000000099999999936 0.00000000099999999936 0.00000000099999999936 0.00000000099999999936 0.00000000099999999936 0.00000000099999999936 0.00000000099999999936 
0.46851986201824763478 0.00000000099999999938 0.00000000099999999938 0.00000000099999999938 0.00000000099999999938 0.00000000099999999938 0.00000000099999999938 0.00000000099999999938 0.00000000099999999938 0.53148012898175212015 0.00000000099999999938 
0.99999999000000028282 0.00000000099999999940 0.00000000099999999940 0.00000000099999999940 0.00000000099999999940 0.00000000099999999940 0.00000000099999999940 0.00000000099999999940 0.00000000099999999940 0.00000000099999999940 0.00000000099999999940 
0.00000000099999999985 0.00000000099999999985 0.00000000099999999985 0.00000000099999999985 0.00000000099999999985 0.00000000099999999985 0.00000000099999999985 0.00000000099999999985 0.00000000099999999985 0.00000000099999999985 0.99999999000000006077 
0.00000000099999999996 0.00000000099999999996 0.00000000099999999996 0.15172132253064760099 0.00000000099999999996 0.00000000099999999996 0.00000000099999999996 0.84827866846935240375 0.00000000099999999996 0.00000000099999999996 0.00000000099999999996 
0.99999999000000028282 0.00000000099999999941 0.00000000099999999941 0.00000000099999999941 0.00000000099999999941 0.00000000099999999941 0.00000000099999999941 0.00000000099999999941 0.00000000099999999941 0.00000000099999999941 0.00000000099999999941 
0.99999999000000017180 0.00000000099999999947 0.00000000099999999947 0.00000000099999999947 0.00000000099999999947 0.00000000099999999947 0.00000000099999999947 0.00000000099999999947 0.00000000099999999947 0.00000000099999999947 0.00000000099999999947 
0.00000000099999999946 0.99999999000000017180 0.00000000099999999946 0.00000000099999999946 0.00000000099999999946 0.00000000099999999946 0.00000000099999999946 0.00000000099999999946 0.00000000099999999946 0.00000000099999999946 0.00000000099999999946 
0.00000000099999999946 0.99999999000000017180 0.00000000099999999946 0.00000000099999999946 0.00000000099999999946 0.00000000099999999946 0.00000000099999999946 0.00000000099999999946 0.00000000099999999946 0.00000000099999999946 0.00000000099999999946 
0.00000000099999999995 0.00000000099999999995 0.14484924282168404330 0.00000000099999999995 0.00000000099999999995 0.00000000099999999995 0.00000000099999999995 0.37601640012351345010 0.47913434905480245529 0.00000000099999999995 0.00000000099999999995 
0.99999999000000028282 0.00000000099999999944 0.00000000099999999944 0.00000000099999999944 0.00000000099999999944 0.00000000099999999944 0.00000000099999999944 0.00000000099999999944 0.00000000099999999944 0.00000000099999999944 0.00000000099999999944 
0.00000000099999999989 0.00000000099999999989 0.00000000099999999989 0.00000000099999999989 0.00000000099999999989 0.00000000099999999989 0.00000000099999999989 0.00000000099999999989 0.99999999000000006077 0.00000000099999999989 0.00000000099999999989 
0.00000000099999999991 0.00000000099999999991 0.00000000099999999991 0.00000000099999999991 0.00000000099999999991 0.00000000099999999991 0.00000000099999999991 0.99999998999999994975 0.00000000099999999991 0.00000000099999999991 0.00000000099999999991 
0.00000000099999999990 0.00000000099999999990 0.00000000099999999990 0.00000000099999999990 0.00000000099999999990 0.99999999000000006077 0.00000000099999999990 0.00000000099999999990 0.00000000099999999990 0.00000000099999999990 0.00000000099999999990 
0.00000000099999999996 0.00000000099999999996 0.06758450006384307540 0.07868446332122810971 0.42244841488013962216 0.00000000099999999996 0.00000000099999999996 0.11716400804384524692 0.31298216620912566732 0.00000000099999999996 0.00113644248181834031 
