0.30278405402893548981 0.25684134841218109191 0.01671438643643981606 0.03293604150955831145 0.09746608230669445705 0.22611221504660264370 0.00000000099999999999 0.00000000099999999999 0.06714586925958818120 0.00000000099999999999 
0.00000000099999999993 0.00000000099999999993 0.00000000099999999993 0.00000000099999999993 0.00000000099999999993 0.00000000099999999993 0.99999999100000003249 0.00000000099999999993 0.00000000099999999993 0.00000000099999999993 
0.00000000099999999991 0.00000000099999999991 0.00000000099999999991 0.05265831281049369872 0.00000000099999999991 0.00000000099999999991 0.94734167918950640264 0.00000000099999999991 0.00000000099999999991 0.00000000099999999991 
0.28902030308279175186 0.21814788823087385983 0.00327464376481045915 0.00000000099999999998 0.00000003168700479841 0.26438850273849456851 0.03015088059611473539 0.00000000099999999998 0.19501774689990988843 0.00000000099999999998 
0.18299134477062567461 0.04900432266091793443 0.00000000099999999999 0.00000334060208550098 0.19028797125670110502 0.40496062927739590043 0.00000000099999999999 0.00000000099999999999 0.11725228871676933451 0.05550009971550462495 
0.41449435284698227244 0.00002198372472732168 0.00000000099999999998 0.00738698137768374705 0.00000000099999999998 0.37166746127721450588 0.02351940786727958407 0.00000000099999999998 0.18290980890611241438 0.00000000099999999998 
0.00000000099999999991 0.00000000099999999991 0.00000000099999999991 0.06584494962949123675 0.00000000099999999991 0.00000000099999999991 0.93415504237050883685 0.00000000099999999991 0.00000000099999999991 0.00000000099999999991 
0.00000000099999999990 0.00000000099999999990 0.00000000099999999990 0.00000000099999999990 0.00000000099999999990 0.00000000099999999990 0.99999999100000003249 0.00000000099999999990 0.00000000099999999990 0.00000000099999999990 
0.00000000099999999989 0.00000000099999999989 0.00000000099999999989 0.00000000099999999989 0.99999999100000014352 0.00000000099999999989 0.00000000099999999989 0.00000000099999999989 0.00000000099999999989 0.00000000099999999989 
0.00000000099999999993 0.00000000099999999993 0.00000000099999999993 0.00000000099999999993 0.00000000099999999993 0.00000000099999999993 0.99999999099999992147 0.00000000099999999993 0.00000000099999999993 0.00000000099999999993 
0.00000000099999999998 0.29302486581235748231 0.00000000099999999998 0.00000000099999999998 0.48232541969138231774 0.20371128617381287218 0.00000000099999999998 0.00000000099999999998 0.00000000099999999998 0.02093842232244738644 
0.31477104091516588946 0.27192551173254680963 0.00488025712965640610 0.00000000099999999998 0.15271503566160438137 0.22838634232504076427 0.01071384341330528824 0.00000000099999999998 0.00000000099999999998 0.01660796582268054059 
0.00000000099999999997 0.00000000099999999997 0.00000000099999999997 0.00000000099999999997 0.29789929700296485793 0.70210069499703531282 0.00000000099999999997 0.00000000099999999997 0.00000000099999999997 0.00000000099999999997 
0.32549947257313538440 0.39599425998956333528 0.00742411412592288659 0.02318768540562210143 0.19223266570086677829 0.00000002352702287356 0.00000000099999999999 0.00000000099999999999 0.03810799172411655222 0.01755378495375003317 
0.00000000099999999988 0.99999999100000014352 0.00000000099999999988 0.00000000099999999988 0.00000000099999999988 0.00000000099999999988 0.00000000099999999988 0.00000000099999999988 0.00000000099999999988 0.00000000099999999988 
0.20192155550997703539 0.08023659988880674221 0.02182902571083309221 0.02668221299826279563 0.21114504186561255938 0.21502286582363541734 0.04294801268865170579 0.00000000099999999999 0.16183398776796109608 0.03838069674625940036 
0.00000000099999999987 0.00000000099999999987 0.00000000099999999987 0.00000000099999999987 0.99999999100000003249 0.00000000099999999987 0.00000000099999999987 0.00000000099999999987 0.00000000099999999987 0.00000000099999999987 
0.00000000099999999989 0.00000000099999999989 0.00000000099999999989 0.00000000099999999989 0.99999999100000003249 0.00000000099999999989 0.00000000099999999989 0.00000000099999999989 0.00000000099999999989 0.00000000099999999989 
0.39318064186002893434 0.30415888592821166414 0.00000000099999999999 0.01854082309542351426 0.06072846863079023327 0.22332148990157238422 0.00000000099999999999 0.00000000099999999999 0.00006968658397338032 0.00000000099999999999 
0.28546969922677162268 0.31804510852080680738 0.00000000099999999997 0.02334080720729786451 0.00000000099999999997 0.00000000099999999997 0.00000000099999999997 0.00000000099999999997 0.37314437904512387512 0.00000000099999999997 
0.13631260588527621680 0.38530381253073936465 0.00000000099999999997 0.00000000099999999997 0.00000000099999999997 0.47838357458398450550 0.00000000099999999997 0.00000000099999999997 0.00000000099999999997 0.00000000099999999997 
0.00000000099999999995 0.00000000099999999995 0.00000000099999999995 0.00000000099999999995 0.00000000099999999995 0.00000000099999999995 0.95905543197436415870 0.00000000099999999995 0.04094456002563583163 0.00000000099999999995 
0.00000000099999999988 0.99999999100000014352 0.00000000099999999988 0.00000000099999999988 0.00000000099999999988 0.00000000099999999988 0.00000000099999999988 0.00000000099999999988 0.00000000099999999988 0.00000000099999999988 
0.00000000099999999927 0.00000000099999999927 0.00000000099999999927 0.00000000099999999927 0.00000000099999999927 0.00000000099999999927 0.00000000099999999927 0.00000000099999999927 0.00000000099999999927 0.99999999100000003249 
0.00000000099999999997 0.14756604547744320288 0.00000000099999999997 0.01035801919392778138 0.39616921384975617437 0.21902201253496264566 0.01212897693570304594 0.00000000099999999997 0.21475572800820713626 0.00000000099999999997 
0.99999999100000025454 0.00000000099999999990 0.00000000099999999990 0.00000000099999999990 0.00000000099999999990 0.00000000099999999990 0.00000000099999999990 0.00000000099999999990 0.00000000099999999990 0.00000000099999999990 
0.00000000099999999959 0.00000000099999999959 0.99999999100000014352 0.00000000099999999959 0.00000000099999999959 0.00000000099999999959 0.00000000099999999959 0.00000000099999999959 0.00000000099999999959 0.00000000099999999959 
0.00000000099999999958 0.00000000099999999958 0.99999999100000014352 0.00000000099999999958 0.00000000099999999958 0.00000000099999999958 0.00000000099999999958 0.00000000099999999958 0.00000000099999999958 0.00000000099999999958 
0.32921672873500623657 0.12586400175578021932 0.00001015397781215303 0.03057677629902453773 0.15289885418606252721 0.34093688391208509803 0.00000000099999999999 0.00000000099999999999 0.00000000099999999999 0.02049659813422927829 
0.99999999100000014352 0.00000000099999999988 0.00000000099999999988 0.00000000099999999988 0.00000000099999999988 0.00000000099999999988 0.00000000099999999988 0.00000000099999999988 0.00000000099999999988 0.00000000099999999988 
0.32828979425840204565 0.00000000099999999995 0.00000000099999999995 0.11200383661383044032 0.00000000099999999995 0.55778166676646201427 0.00000000099999999995 0.00000000099999999995 0.00000000099999999995 0.00192469636130543744 
0.00000000099999999979 0.00000000099999999979 0.00000000099999999979 0.00000000099999999979 0.00000000099999999979 0.00000000099999999979 0.74167367706314613063 0.00000000099999999979 0.00000000099999999979 0.25832631493685381807 
0.00000000099999999957 0.00000000099999999957 0.36269434529945104861 0.00000000099999999957 0.00000000099999999957 0.00000000099999999957 0.00000000099999999957 0.00000000099999999957 0.00000000099999999957 0.63730564670054890009 
0.20341173341849472234 0.35405575579442266632 0.00000000099999999996 0.00000000099999999996 0.20331716012896358659 0.00000000099999999996 0.00000000099999999996 0.00000000099999999996 0.23921534465811922221 0.00000000099999999996 
0.00000000099999999951 0.00000000099999999951 0.00000000099999999951 0.00000000099999999951 0.00000000099999999951 0.00000000099999999951 0.00000000099999999951 0.99999999100000003249 0.00000000099999999951 0.00000000099999999951 
0.00000000099999999940 0.00000000099999999940 0.00000000099999999940 0.00000000099999999940 0.00000000099999999940 0.00000000099999999940 0.00000000099999999940 0.99999999099999992147 0.00000000099999999940 0.00000000099999999940 
0.00000000099999999940 0.00000000099999999940 0.00000000099999999940 0.00000000099999999940 0.00000000099999999940 0.00000000099999999940 0.00000000099999999940 0.99999999099999992147 0.00000000099999999940 0.00000000099999999940 
0.00000000099999999960 0.00000000099999999960 0.99999999100000014352 0.00000000099999999960 0.00000000099999999960 0.00000000099999999960 0.00000000099999999960 0.00000000099999999960 0.00000000099999999960 0.00000000099999999960 
0.00000000099999999954 0.00000000099999999954 0.99999999100000003249 0.00000000099999999954 0.00000000099999999954 0.00000000099999999954 0.00000000099999999954 0.00000000099999999954 0.00000000099999999954 0.00000000099999999954 
0.00000000099999999992 0.00000000099999999992 0.00000000099999999992 0.00000000099999999992 0.00000000099999999992 0.99999999100000003249 0.00000000099999999992 0.00000000099999999992 0.00000000099999999992 0.00000000099999999992 
0.00000000099999999995 0.00000000099999999995 0.00000000099999999995 0.00000000099999999995 0.00000000099999999995 0.00000000099999999995 0.99999999100000003249 0.00000000099999999995 0.00000000099999999995 0.00000000099999999995 
0.00000000099999999957 0.00000000099999999957 0.99999999100000014352 0.00000000099999999957 0.00000000099999999957 0.00000000099999999957 0.00000000099999999957 0.00000000099999999957 0.00000000099999999957 0.00000000099999999957 
0.00000000099999999989 0.99999999100000014352 0.00000000099999999989 0.00000000099999999989 0.00000000099999999989 0.00000000099999999989 0.00000000099999999989 0.00000000099999999989 0.00000000099999999989 0.00000000099999999989 
0.00000000099999999992 0.00000000099999999992 0.00000000099999999992 0.00000000099999999992 0.00000000099999999992 0.00000000099999999992 0.99999999100000003249 0.00000000099999999992 0.00000000099999999992 0.00000000099999999992 
0.00000000099999999962 0.00000000099999999962 0.99999999100000003249 0.00000000099999999962 0.00000000099999999962 0.00000000099999999962 0.00000000099999999962 0.00000000099999999962 0.00000000099999999962 0.00000000099999999962 
0.39321271138038477178 0.20066761473210403821 0.00373042592000482698 0.00000000099999999998 0.11908688535227600347 0.26091045422021524880 0.00223782163181609085 0.00000000099999999998 0.00002903384432788605 0.02012505091887110964 
0.00000000099999999957 0.00000000099999999957 0.99999999100000014352 0.00000000099999999957 0.00000000099999999957 0.00000000099999999957 0.00000000099999999957 0.00000000099999999957 0.00000000099999999957 0.00000000099999999957 
0.00000000099999999993 0.00000000099999999993 0.00000000099999999993 0.02491390224774919088 0.00000000099999999993 0.00000000099999999993 0.97508608975225075088 0.00000000099999999993 0.00000000099999999993 0.00000000099999999993 
0.00000000099999999990 0.00000000099999999990 0.00000000099999999990 0.00000000099999999990 0.00000000099999999990 0.00000000099999999990 0.99999999100000003249 0.00000000099999999990 0.00000000099999999990 0.00000000099999999990 
0.00000000099999999951 0.00000000099999999951 0.99999999100000003249 0.00000000099999999951 0.00000000099999999951 0.00000000099999999951 0.00000000099999999951 0.00000000099999999951 0.00000000099999999951 0.00000000099999999951 
0.00000000099999999955 0.00000000099999999955 0.99999999100000003249 0.00000000099999999955 0.00000000099999999955 0.00000000099999999955 0.00000000099999999955 0.00000000099999999955 0.00000000099999999955 0.00000000099999999955 
0.00000000099999999995 0.00000000099999999995 0.00000000099999999995 0.00000000099999999995 0.00000000099999999995 0.00000000099999999995 0.99999999099999992147 0.00000000099999999995 0.00000000099999999995 0.00000000099999999995 
0.00000000099999999995 0.00000000099999999995 0.00000000099999999995 0.00000000099999999995 0.00000000099999999995 0.00000000099999999995 0.99999999099999992147 0.00000000099999999995 0.00000000099999999995 0.00000000099999999995 
0.00000000099999999995 0.00000000099999999995 0.00000000099999999995 0.00000000099999999995 0.00000000099999999995 0.00000000099999999995 0.99999999099999992147 0.00000000099999999995 0.00000000099999999995 0.00000000099999999995 
0.00000000099999999963 0.00000000099999999963 0.99999999100000014352 0.00000000099999999963 0.00000000099999999963 0.00000000099999999963 0.00000000099999999963 0.00000000099999999963 0.00000000099999999963 0.00000000099999999963 
0.00000000099999999999 0.25539106069702177670 0.01368936715801467689 0.00000000099999999999 0.12955505462014757501 0.53558127689093915080 0.03940007052550852096 0.00000000099999999999 0.00000000099999999999 0.02638316610836829654 
0.00000000099999999998 0.31002150994032151576 0.01860107722023658303 0.00000000099999999998 0.18612195624500993407 0.48525545059443198070 0.00000000099999999998 0.00000000099999999998 0.00000000099999999998 0.00000000099999999998 
0.20333560995602392718 0.29567821231476087984 0.00000000099999999997 0.00000000099999999997 0.00000000099999999997 0.31614781389093615793 0.01203248110021812659 0.00000000099999999997 0.17280587773806088681 0.00000000099999999997 
0.00000000099999999997 0.32451331975438546529 0.00000000099999999997 0.03209766952680149360 0.00000000099999999997 0.64338900371881313500 0.00000000099999999997 0.00000000099999999997 0.00000000099999999997 0.00000000099999999997 
0.00000000099999999992 0.00000000099999999992 0.00000000099999999992 0.00000000099999999992 0.00000000099999999992 0.00000000099999999992 0.99999999099999992147 0.00000000099999999992 0.00000000099999999992 0.00000000099999999992 
0.35721382736844403682 0.00000000099999999996 0.00000000099999999996 0.00000000099999999996 0.64278616463155591187 0.00000000099999999996 0.00000000099999999996 0.00000000099999999996 0.00000000099999999996 0.00000000099999999996 
0.00000000099999999948 0.00000000099999999948 0.00000000099999999948 0.00000000099999999948 0.00000000099999999948 0.00000000099999999948 0.00000000099999999948 0.99999999100000003249 0.00000000099999999948 0.00000000099999999948 
0.00000000099999999983 0.00000000099999999983 0.00000000099999999983 0.00000000099999999983 0.00000000099999999983 0.00000000099999999983 0.00000000099999999983 0.00000000099999999983 0.99999999099999992147 0.00000000099999999983 
0.00000000099999999950 0.00000000099999999950 0.00000000099999999950 0.00000000099999999950 0.00000000099999999950 0.00000000099999999950 0.00000000099999999950 0.99999999099999992147 0.00000000099999999950 0.00000000099999999950 
0.00000000617400044332 0.31828428176639456115 0.00000000099999999998 0.03093156793103499225 0.42555012240200557061 0.00000000099999999998 0.00000000174012341834 0.00000000099999999998 0.17039928812664928426 0.05483472885979186195 
0.00000000099999999950 0.00000000099999999950 0.00000000099999999950 0.00000000099999999950 0.00000000099999999950 0.00000000099999999950 0.00000000099999999950 0.99999999100000003249 0.00000000099999999950 0.00000000099999999950 
0.83665603151385148362 0.00000000099999999992 0.00000000099999999992 0.16319287900222245735 0.00000095443660493916 0.00000000173452786269 0.00000000099999999992 0.00000000099999999992 0.00015012831279346016 0.00000000099999999992 
0.99999999100000025454 0.00000000099999999990 0.00000000099999999990 0.00000000099999999990 0.00000000099999999990 0.00000000099999999990 0.00000000099999999990 0.00000000099999999990 0.00000000099999999990 0.00000000099999999990 
0.00000000099999999991 0.00000000099999999991 0.00000000099999999991 0.00000000099999999991 0.00000000099999999991 0.00000000099999999991 0.99999999099999992147 0.00000000099999999991 0.00000000099999999991 0.00000000099999999991 
0.00000000099999999983 0.00000000099999999983 0.00000000099999999983 0.00000000099999999983 0.00000000099999999983 0.00000000099999999983 0.00000000099999999983 0.00000000099999999983 0.99999999100000003249 0.00000000099999999983 
0.00000000099999999951 0.00000000099999999951 0.00000000099999999951 0.00000000099999999951 0.00000000099999999951 0.00000000099999999951 0.00000000099999999951 0.99999999100000003249 0.00000000099999999951 0.00000000099999999951 
0.00000000099999999955 0.00000000099999999955 0.00000000099999999955 0.00000000099999999955 0.00000000099999999955 0.00000000099999999955 0.00000000099999999955 0.99999999099999992147 0.00000000099999999955 0.00000000099999999955 
0.00000000099999999997 0.54455366006253236311 0.00000000099999999997 0.00000000099999999997 0.38230537457897606490 0.00175186988204964760 0.07138908947644198588 0.00000000099999999997 0.00000000099999999997 0.00000000099999999997 
0.00000000099999999992 0.00000000099999999992 0.00000000099999999992 0.00000000099999999992 0.00000000099999999992 0.00000000099999999992 0.99999999100000003249 0.00000000099999999992 0.00000000099999999992 0.00000000099999999992 
0.00000000099999999965 0.00000000099999999965 0.99999999100000014352 0.00000000099999999965 0.00000000099999999965 0.00000000099999999965 0.00000000099999999965 0.00000000099999999965 0.00000000099999999965 0.00000000099999999965 
0.00000000099999999993 0.00000000099999999993 0.00000000099999999993 0.00000000099999999993 0.00000000099999999993 0.00000000099999999993 0.99999999100000003249 0.00000000099999999993 0.00000000099999999993 0.00000000099999999993 
0.12166984123512789018 0.29275758133794693716 0.00000000099999999998 0.06400136810750796379 0.00076727028500382741 0.42967883962737218884 0.01870018391647784370 0.00000000099999999998 0.06912752977232253238 0.00329738371824073910 
0.00000000099999999945 0.00000000099999999945 0.00000000099999999945 0.00000000099999999945 0.00000000099999999945 0.00000000099999999945 0.00000000099999999945 0.99999999100000003249 0.00000000099999999945 0.00000000099999999945 
0.00000000099999999947 0.00000000099999999947 0.99999999100000003249 0.00000000099999999947 0.00000000099999999947 0.00000000099999999947 0.00000000099999999947 0.00000000099999999947 0.00000000099999999947 0.00000000099999999947 
0.00000000099999999956 0.00000000099999999956 0.00000000099999999956 0.00000000099999999956 0.00000000099999999956 0.00000000099999999956 0.00000000099999999956 0.99999999100000003249 0.00000000099999999956 0.00000000099999999956 
0.00000000099999999992 0.00000000099999999992 0.00000000099999999992 0.00000000099999999992 0.00000000099999999992 0.99999999100000003249 0.00000000099999999992 0.00000000099999999992 0.00000000099999999992 0.00000000099999999992 
0.00000000099999999988 0.00000000099999999988 0.00000000099999999988 0.00000000099999999988 0.00000000099999999988 0.00000000099999999988 0.99999999100000003249 0.00000000099999999988 0.00000000099999999988 0.00000000099999999988 
0.00000000099999999991 0.00000000099999999991 0.00000000099999999991 0.03926993070052894885 0.00000000099999999991 0.00000000099999999991 0.96073006129947102760 0.00000000099999999991 0.00000000099999999991 0.00000000099999999991 
0.23630322732954314735 0.00000000099999999998 0.00000000099999999998 0.00000000099999999998 0.00000000099999999998 0.39891059142124407622 0.22323054157109906148 0.00000000099999999998 0.11262797662034840229 0.02892765805776539509 
0.00000000099999999999 0.44392628037865955459 0.01806257684335326255 0.00000000099999999999 0.00000000099999999999 0.51894243073037482628 0.00000000099999999999 0.00000000099999999999 0.00000000099999999999 0.01906870604761250199 
0.00000000099999999986 0.99999999100000025454 0.00000000099999999986 0.00000000099999999986 0.00000000099999999986 0.00000000099999999986 0.00000000099999999986 0.00000000099999999986 0.00000000099999999986 0.00000000099999999986 
0.15184920626071851668 0.11321898927079730723 0.00000000099999999998 0.01126360274853555749 0.08777480281790565886 0.42120853027087151732 0.02134791233973857769 0.00000000099999999998 0.19333695329143280039 0.00000000099999999998 
0.00000000099999999993 0.00000000099999999993 0.00000000099999999993 0.00000000099999999993 0.00000000099999999993 0.99999999100000014352 0.00000000099999999993 0.00000000099999999993 0.00000000099999999993 0.00000000099999999993 
0.44374966989747333113 0.24943139149796644816 0.00000000099999999997 0.00000000099999999997 0.09924696151730351412 0.08066747325494000309 0.00000000099999999997 0.00000000099999999997 0.12690449883231677553 0.00000000099999999997 
0.00000000099999999991 0.00000000099999999991 0.00000000099999999991 0.00000000099999999991 0.00000000099999999991 0.99999999100000014352 0.00000000099999999991 0.00000000099999999991 0.00000000099999999991 0.00000000099999999991 
0.00000000099999999996 0.00000000099999999996 0.00000000099999999996 0.00000000099999999996 0.35758369073593970766 0.64241630126406035206 0.00000000099999999996 0.00000000099999999996 0.00000000099999999996 0.00000000099999999996 
0.00000000099999999997 0.63648169084866124123 0.00000000099999999997 0.00000000099999999997 0.00000000099999999997 0.32767125478309261366 0.01204876022270254601 0.00000000099999999997 0.02379828814554353286 0.00000000099999999997 
0.00000000099999999993 0.00000000099999999993 0.00000000099999999993 0.00000000099999999993 0.00000000099999999993 0.00000000099999999993 0.99999999099999992147 0.00000000099999999993 0.00000000099999999993 0.00000000099999999993 
0.00000000099999999997 0.00000024885458969566 0.00000000099999999997 0.00000000099999999997 0.02523072371040539427 0.00000000099999999997 0.97476902043500479600 0.00000000099999999997 0.00000000099999999997 0.00000000099999999997 
0.00000000099999999969 0.00000000099999999969 0.00000000099999999969 0.00000000099999999969 0.00000000099999999969 0.00000000099999999969 0.00000000099999999969 0.99999999100000003249 0.00000000099999999969 0.00000000099999999969 
0.00000000099999999995 0.00603582690967634315 0.00000000099999999995 0.00000000099999999995 0.00000000099999999995 0.00000000099999999995 0.99396416509032359254 0.00000000099999999995 0.00000000099999999995 0.00000000099999999995 
0.00000000099999999997 0.00000000099999999997 0.00000000099999999997 0.00000000099999999997 0.00000000099999999997 0.00016969787042580626 0.97812220839687169516 0.00000000099999999997 0.00000341025430496300 0.02170467747839772282 
0.33036890089337267451 0.27178200271630181817 0.00466249157836571507 0.00762309626297149722 0.05382979293744170890 0.21748744212313547708 0.01402473755652279032 0.00000000099999999999 0.10022153393188824866 0.00000000099999999999 
0.00000000099999999939 0.00000000099999999939 0.00000000099999999939 0.00000000099999999939 0.00000000099999999939 0.00000000099999999939 0.00000000099999999939 0.99999999100000003249 0.00000000099999999939 0.00000000099999999939 
0.00000000099999999989 0.99999999100000014352 0.00000000099999999989 0.00000000099999999989 0.00000000099999999989 0.00000000099999999989 0.00000000099999999989 0.00000000099999999989 0.00000000099999999989 0.00000000099999999989 
0.00000000099999999996 0.00000000099999999996 0.00000000099999999996 0.00000000099999999996 0.29852323831911803387 0.70147675368088202585 0.00000000099999999996 0.00000000099999999996 0.00000000099999999996 0.00000000099999999996 
0.54421377225488187790 0.00000000099999999997 0.00000000099999999997 0.00000000099999999997 0.00000000099999999997 0.00000000099999999997 0.00000000099999999997 0.00000000099999999997 0.42892273776584616263 0.02686348297927206724 
0.00000000099999999997 0.66909110439872820919 0.00000000099999999997 0.00000000099999999997 0.33090888760127201706 0.00000000099999999997 0.00000000099999999997 0.00000000099999999997 0.00000000099999999997 0.00000000099999999997 
0.12455808684380192952 0.23885640748087177965 0.00000000099999999996 0.00000000099999999996 0.00000000099999999996 0.32250799742868696551 0.00000000099999999996 0.00000000099999999996 0.28040928900298089932 0.03366821424365841475 
0.21496559431015457853 0.13250642682534896633 0.00000000099999999998 0.00000000099999999998 0.00000000099999999998 0.60667729745620790904 0.02503032145782008513 0.00000000099999999998 0.00000055198719235198 0.02081980396327625521 
0.00011287827996731219 0.43318828322780611462 0.00000000099999999998 0.00000000099999999998 0.21550242840394850941 0.00878583543406565720 0.00000000099999999998 0.00000000099999999998 0.34133140807371381564 0.00107916258049859195 
0.12744889306171086618 0.25907668167341002530 0.00000000099999999999 0.04211136607899247652 0.25100452092912750590 0.19023842119604247869 0.00000000099999999999 0.00000000099999999999 0.13012010733679812979 0.00000000672391858431 
0.41302184762779042826 0.00011836525720029639 0.02695270861407626783 0.00000000099999999999 0.31427534907188187097 0.00000000099999999999 0.00000025001181489059 0.00000000099999999999 0.24563147541723620582 0.00000000099999999999 
0.00000000099999999999 0.22830749439370012777 0.00090776039107954372 0.00119572867970587303 0.27236832792473247844 0.42712129566539086545 0.00000000099999999999 0.00000000099999999999 0.06423372287000757297 0.00586566707538343796 
0.30436914139674953184 0.41627892032701130365 0.00000000099999999996 0.00000000099999999996 0.17752557932565402044 0.10182635295058527214 0.00000000099999999996 0.00000000099999999996 0.00000000099999999996 0.00000000099999999996 
0.22512323533038167134 0.11612576612269238929 0.02044517675101882245 0.01542528238645484925 0.19093924384565921781 0.22681220417552630519 0.01475404696391914745 0.00000000100000000000 0.17805346296933663441 0.01232158045501084362 
0.00000000099999999996 0.00000000099999999996 0.00000000099999999996 0.00813732226884612483 0.00000000099999999996 0.71243922355919675482 0.00000000099999999996 0.00000000099999999996 0.27942344717195716219 0.00000000099999999996 
0.00000000099999999988 0.00000000099999999988 0.00000000099999999988 0.00000000099999999988 0.99999999100000003249 0.00000000099999999988 0.00000000099999999988 0.00000000099999999988 0.00000000099999999988 0.00000000099999999988 
0.26239417422157002013 0.00000000099999999997 0.00000000099999999997 0.00000000099999999997 0.20333436669589066703 0.20502021435562034490 0.00000000099999999997 0.00000000099999999997 0.32925123872691880456 0.00000000099999999997 
0.00000000099999999990 0.00000000099999999990 0.00000000099999999990 0.00000000099999999990 0.99999999100000003249 0.00000000099999999990 0.00000000099999999990 0.00000000099999999990 0.00000000099999999990 0.00000000099999999990 
0.40001250658994536025 0.26598324416225105349 0.00000000099999999998 0.01553693442360009301 0.00000000099999999998 0.00000014357586172203 0.00000000099999999998 0.00000000099999999998 0.31846716624834170428 0.00000000099999999998 
0.22713329940387549932 0.25849048008102698537 0.00000000099999999999 0.00312003430423962464 0.00039434252300863998 0.34455184375136121977 0.02834799217589390602 0.00000000099999999999 0.11935512967651676353 0.01860687608407740265 
0.60366125054793695615 0.00000000099999999998 0.00000000099999999998 0.00011718139954006470 0.00026713081442716690 0.39595443123809598296 0.00000000099999999998 0.00000000099999999998 0.00000000099999999998 0.00000000099999999998 
0.00000000099999999985 0.00000000099999999985 0.00000000099999999985 0.00000000099999999985 0.00000000099999999985 0.00000000099999999985 0.00000000099999999985 0.00000000099999999985 0.99999999100000003249 0.00000000099999999985 
0.12901171286867155197 0.17299381315551204397 0.00000000231121881108 0.00000000100000000000 0.22177751229914299813 0.31519709500119569290 0.00507550508959465387 0.06946070924804519098 0.02545410463114239352 0.06102954439547662174 
0.00000000099999999984 0.00000000099999999984 0.00000000099999999984 0.00000000099999999984 0.00000000099999999984 0.00000000099999999984 0.00000000099999999984 0.00000000099999999984 0.99999999100000003249 0.00000000099999999984 
0.00000000099999999996 0.00000000099999999996 0.00000000099999999996 0.00639008571152717159 0.00000000099999999996 0.59782993701499198558 0.00216113489204060533 0.00000000099999999996 0.36431591413940761504 0.02930292324203262119 
0.00000000099999999996 0.48371857089118974748 0.00000000099999999996 0.01413891661596942267 0.49348431632481332132 0.00000000099999999996 0.00000000099999999996 0.00000000099999999996 0.00000000099999999996 0.00865819016802740586 
0.00000000099999999998 0.22406746975454663873 0.00323423050685966258 0.02550033107566616192 0.36963495771471627238 0.37432552313500822017 0.00000000099999999998 0.00000000099999999998 0.00000000099999999998 0.00323748381320311182 
0.00000000099999999997 0.00000023312672819839 0.00000000099999999997 0.00000000099999999997 0.40919155716076022200 0.44600438467163672218 0.00203129955278707900 0.00000000099999999997 0.10461656425108374624 0.03815595723700405256 
0.00000000099999999997 0.00000000099999999997 0.00000000099999999997 0.00000000099999999997 0.00000000099999999997 0.94151689923266068671 0.00000000099999999997 0.00000000099999999997 0.00000000099999999997 0.05848309276733931750 
0.25223755647708473449 0.30154632850688700696 0.00000000099999999999 0.00959778903855837071 0.09813508129106922329 0.29853424060929961703 0.00142327208175332736 0.00000000099999999999 0.00000000099999999999 0.03852572899534784795 
0.00000000099999999987 0.00000000099999999987 0.00000000099999999987 0.00000000099999999987 0.99999999100000003249 0.00000000099999999987 0.00000000099999999987 0.00000000099999999987 0.00000000099999999987 0.00000000099999999987 
0.99999999100000014352 0.00000000099999999989 0.00000000099999999989 0.00000000099999999989 0.00000000099999999989 0.00000000099999999989 0.00000000099999999989 0.00000000099999999989 0.00000000099999999989 0.00000000099999999989 
0.00000000099999999992 0.00000000099999999992 0.00000000099999999992 0.00000000099999999992 0.00000000099999999992 0.00000000099999999992 0.99999999099999992147 0.00000000099999999992 0.00000000099999999992 0.00000000099999999992 
0.00000000099999999996 0.01537541895742168367 0.00000000099999999996 0.01536817856838677138 0.00000000099999999996 0.00000000099999999996 0.96925639547419151221 0.00000000099999999996 0.00000000099999999996 0.00000000099999999996 
0.00000000099999999960 0.00000000099999999960 0.00000000099999999960 0.00000000099999999960 0.00000000099999999960 0.00000000099999999960 0.00000000099999999960 0.99999999100000003249 0.00000000099999999960 0.00000000099999999960 
0.00000000099999999950 0.00000000099999999950 0.99999999100000003249 0.00000000099999999950 0.00000000099999999950 0.00000000099999999950 0.00000000099999999950 0.00000000099999999950 0.00000000099999999950 0.00000000099999999950 
0.00000000099999999997 0.00000000099999999997 0.00000000099999999997 0.10859745053024996708 0.00000000099999999997 0.00000000099999999997 0.87058939401811163972 0.00000000099999999997 0.00000000099999999997 0.02081314845163852872 
0.32194789281664970559 0.00000000099999999996 0.00000000099999999996 0.00000000099999999996 0.00000000099999999996 0.31980551115056249367 0.00000000099999999996 0.00000000099999999996 0.35824658903278777666 0.00000000099999999996 
0.39173366228390588129 0.00000000099999999998 0.00000000099999999998 0.00380586318627919393 0.26203882236843673015 0.00000000099999999998 0.00714304931782293318 0.00000000099999999998 0.33527859784355534822 0.00000000099999999998 
0.00000000099999999992 0.00000000099999999992 0.00000000099999999992 0.07970749448181917163 0.00000000099999999992 0.00000000099999999992 0.92029249751818087422 0.00000000099999999992 0.00000000099999999992 0.00000000099999999992 
0.36184342141593200948 0.28688001480970126700 0.00000000099999999998 0.00000000099999999998 0.10831271184978230604 0.23639555203266407468 0.00272665598698018175 0.00000000099999999998 0.00000000099999999998 0.00384163990494010245 
0.18743294787604100615 0.07128313806200288483 0.00684000348059712274 0.00724506520562330589 0.27624824180938412077 0.19403858175552085585 0.00000000099999999998 0.00000000099999999998 0.25691200678292469561 0.00000001302790615089 
0.99999999100000014352 0.00000000099999999989 0.00000000099999999989 0.00000000099999999989 0.00000000099999999989 0.00000000099999999989 0.00000000099999999989 0.00000000099999999989 0.00000000099999999989 0.00000000099999999989 
0.00000000099999999947 0.00000000099999999947 0.00000000099999999947 0.00000000099999999947 0.00000000099999999947 0.00000000099999999947 0.00000000099999999947 0.99999999100000003249 0.00000000099999999947 0.00000000099999999947 
0.00000000099999999949 0.00000000099999999949 0.00000000099999999949 0.00000000099999999949 0.00000000099999999949 0.00000000099999999949 0.00000000099999999949 0.99999999100000003249 0.00000000099999999949 0.00000000099999999949 
0.00000000099999999939 0.00000000099999999939 0.00000000099999999939 0.00000000099999999939 0.00000000099999999939 0.00000000099999999939 0.00000000099999999939 0.99999999100000003249 0.00000000099999999939 0.00000000099999999939 
0.00000000099999999941 0.00000000099999999941 0.00000000099999999941 0.00000000099999999941 0.00000000099999999941 0.00000000099999999941 0.00000000099999999941 0.99999999099999992147 0.00000000099999999941 0.00000000099999999941 
0.00000000099999999944 0.00000000099999999944 0.00000000099999999944 0.00000000099999999944 0.00000000099999999944 0.00000000099999999944 0.00000000099999999944 0.99999999100000003249 0.00000000099999999944 0.00000000099999999944 
0.00000000099999999991 0.00000000099999999991 0.00000000099999999991 0.07079853703033456291 0.00000000099999999991 0.00000000099999999991 0.92920145496966544130 0.00000000099999999991 0.00000000099999999991 0.00000000099999999991 
0.00000000099999999993 0.00000000099999999993 0.00000000099999999993 0.00000000099999999993 0.00000000099999999993 0.99999999100000003249 0.00000000099999999993 0.00000000099999999993 0.00000000099999999993 0.00000000099999999993 
0.00000000099999999943 0.00000000099999999943 0.00000000099999999943 0.00000000099999999943 0.00000000099999999943 0.00000000099999999943 0.00000000099999999943 0.99999999099999992147 0.00000000099999999943 0.00000000099999999943 
0.00000000099999999951 0.00000000099999999951 0.00000000099999999951 0.00000000099999999951 0.00000000099999999951 0.00000000099999999951 0.00000000099999999951 0.99999999100000003249 0.00000000099999999951 0.00000000099999999951 
0.00000000099999999948 0.00000000099999999948 0.99999999100000003249 0.00000000099999999948 0.00000000099999999948 0.00000000099999999948 0.00000000099999999948 0.00000000099999999948 0.00000000099999999948 0.00000000099999999948 
0.00000000099999999948 0.00000000099999999948 0.99999999100000003249 0.00000000099999999948 0.00000000099999999948 0.00000000099999999948 0.00000000099999999948 0.00000000099999999948 0.00000000099999999948 0.00000000099999999948 
0.00000000099999999991 0.00000000099999999991 0.00000000099999999991 0.00000000099999999991 0.00000000099999999991 0.99999999100000014352 0.00000000099999999991 0.00000000099999999991 0.00000000099999999991 0.00000000099999999991 
0.00000000099999999946 0.00000000099999999946 0.00000000099999999946 0.00000000099999999946 0.00000000099999999946 0.00000000099999999946 0.00000000099999999946 0.99999999100000003249 0.00000000099999999946 0.00000000099999999946 
0.00000000099999999992 0.00000000099999999992 0.00000000099999999992 0.00000000099999999992 0.00000000099999999992 0.99999999100000003249 0.00000000099999999992 0.00000000099999999992 0.00000000099999999992 0.00000000099999999992 
0.46169646444179807121 0.00000000099999999995 0.00000000099999999995 0.00000000099999999995 0.00000000099999999995 0.00000000099999999995 0.00000000099999999995 0.00000000099999999995 0.53830352755820176647 0.00000000099999999995 
0.00000000099999999997 0.06337216254726640852 0.00000000099999999997 0.00000000099999999997 0.00000000099999999997 0.00000000099999999997 0.93444939249361536060 0.00000000099999999997 0.00000000099999999997 0.00217843795911817862 
0.11084034256654350103 0.31644995711380352610 0.00000000099999999997 0.02439389053910857169 0.24446564851661359286 0.30384875192476801242 0.00000000099999999997 0.00000000099999999997 0.00000140533916287275 0.00000000099999999997 
0.00000000099999999990 0.00000000099999999990 0.00000000099999999990 0.00000000099999999990 0.00000000099999999990 0.00000000099999999990 0.99999999100000003249 0.00000000099999999990 0.00000000099999999990 0.00000000099999999990 
0.08128115477371554431 0.29417859373175880844 0.00000000099999999998 0.04045641691456523109 0.00000000099999999998 0.27970887120512588631 0.00000000099999999998 0.00000000099999999998 0.27101684453617053139 0.03335811483866404914 
0.00000000099999999991 0.00000000099999999991 0.00000000099999999991 0.00000000099999999991 0.00000000099999999991 0.00000000099999999991 0.99999999099999992147 0.00000000099999999991 0.00000000099999999991 0.00000000099999999991 
0.00000000099999999996 0.65737438318851781904 0.00000000099999999996 0.00000000099999999996 0.00000000099999999996 0.00000000099999999996 0.00000000099999999996 0.00000000099999999996 0.34262560881148240721 0.00000000099999999996 
0.99999999100000014352 0.00000000099999999990 0.00000000099999999990 0.00000000099999999990 0.00000000099999999990 0.00000000099999999990 0.00000000099999999990 0.00000000099999999990 0.00000000099999999990 0.00000000099999999990 
0.00000000099999999951 0.00000000099999999951 0.00000000099999999951 0.00000000099999999951 0.00000000099999999951 0.00000000099999999951 0.00000000099999999951 0.99999999099999992147 0.00000000099999999951 0.00000000099999999951 
0.00000000099999999992 0.00000000099999999992 0.00000000099999999992 0.00000000099999999992 0.00000000099999999992 0.00000000099999999992 0.99999999099999992147 0.00000000099999999992 0.00000000099999999992 0.00000000099999999992 
0.00000000099999999944 0.00000000099999999944 0.00000000099999999944 0.00000000099999999944 0.00000000099999999944 0.00000000099999999944 0.00000000099999999944 0.99999999099999992147 0.00000000099999999944 0.00000000099999999944 
0.00000000099999999942 0.00000000099999999942 0.00000000099999999942 0.00000000099999999942 0.00000000099999999942 0.00000000099999999942 0.00000000099999999942 0.99999999099999992147 0.00000000099999999942 0.00000000099999999942 
0.00000000099999999996 0.52178558737053948313 0.00000000099999999996 0.00000000099999999996 0.47821440462946063210 0.00000000099999999996 0.00000000099999999996 0.00000000099999999996 0.00000000099999999996 0.00000000099999999996 
0.18777224550291532479 0.24262676745723329996 0.00000000099999999998 0.00844476667168606206 0.00000000099999999998 0.31533933075701836568 0.01989141459386076921 0.00000000099999999998 0.22592547101728599479 0.00000000099999999998 
0.40771194926286669080 0.14029864258140944955 0.00000000099999999996 0.00000000099999999996 0.00000000099999999996 0.45198936586462201692 0.00000000099999999996 0.00000000099999999996 0.00000003629110195498 0.00000000099999999996 
0.39239857782981885093 0.00000000099999999996 0.00000000099999999996 0.00000000099999999996 0.00000000099999999996 0.57595509020776314291 0.00000000099999999996 0.00000000099999999996 0.00000000099999999996 0.03164632496241787107 
0.00000000099999999997 0.00000000099999999997 0.00000000099999999997 0.00000002388073452045 0.00000000099999999997 0.94663328308601679684 0.00000000099999999997 0.00000000099999999997 0.00000000099999999997 0.05336668603324885157 
0.00000000099999999986 0.00000000099999999986 0.00000000099999999986 0.00000000099999999986 0.00000000099999999986 0.00000000099999999986 0.00000000099999999986 0.00000000099999999986 0.99999999099999992147 0.00000000099999999986 
0.00000000099999999995 0.36428888245332324836 0.00000000099999999995 0.00000000099999999995 0.00000000099999999995 0.63571110954667675585 0.00000000099999999995 0.00000000099999999995 0.00000000099999999995 0.00000000099999999995 
