0.96576666889001949734 0.00032037100589601893 0.00782389494142400090 0.02608906516266047693 
0.00000000099999999996 0.00000000099999999996 0.99999999699999997382 0.00000000099999999996 
0.00000000099999999996 0.00000000099999999996 0.99999999699999986280 0.00000000099999999996 
0.95172730339625022378 0.00000000099999999999 0.04274196334579690587 0.00553073225795291858 
0.98642127345531060989 0.00000000100000000000 0.00034669284290894442 0.01323203270178049083 
0.96311878473768586240 0.00000000099999999999 0.03049819007162535636 0.00638302419068873059 
0.00000000099999999997 0.00000000099999999997 0.99999999699999986280 0.00000000099999999997 
0.00000000099999999995 0.00000000099999999995 0.99999999699999986280 0.00000000099999999995 
0.97146165182799726345 0.00000000099999999999 0.00880944192282624369 0.01972890524917661828 
0.00000000099999999997 0.00000000099999999997 0.99999999699999997382 0.00000000099999999997 
0.96848641949251612626 0.00000000100000000000 0.01773231783760364361 0.01378126166988023933 
0.96595217741583483395 0.00000000099999999999 0.02252193200455018807 0.01152588957961510514 
0.98614807755936428890 0.00000000100000000000 0.00498838899013307607 0.00886353245050283678 
0.96986113762190762078 0.00000000100000000000 0.01046524172497827199 0.01967361965311419450 
0.97114870784035911555 0.00608661803108718168 0.00112461822877518258 0.02164005589977844105 
0.90571997461697884013 0.00000000099999999999 0.06096125592152137201 0.03331876846149986471 
0.99241180018445851463 0.00000000100000000000 0.00736564687893659278 0.00022255193660502843 
0.98807466703914692552 0.00538424220373439483 0.00000000100000000000 0.00654108975711869840 
0.97721314263183645110 0.00816794926649152056 0.00312368858705600874 0.01149521951461591508 
0.99133104441213570901 0.00000000099999999998 0.00072088409278240966 0.00794807049508177745 
0.99620094302039652323 0.00000000100000000000 0.00378645881525683506 0.00001259716434671824 
0.00000000146019163852 0.00000000099999999998 0.99999999653980842229 0.00000000099999999998 
0.96977159525862544065 0.00000000099999999999 0.03022840274137443550 0.00000000099999999999 
0.95824011266203268367 0.00000000099999999999 0.03766608456787974568 0.00409380177008772904 
0.96674160959547472682 0.00000000099999999999 0.03325822724047793749 0.00000016216404732182 
0.99310112787379634103 0.00000000099999999999 0.00000000099999999999 0.00689887012620367043 
0.00000000099999999988 0.00000000099999999988 0.00000000099999999988 0.99999999699999997382 
0.00000000099999999986 0.00000000099999999986 0.00000000099999999986 0.99999999700000008485 
0.98308008332386576100 0.00000000100000000000 0.00520246178714048237 0.01171745388899368863 
0.98500127796292857862 0.00000000099999999999 0.00000000099999999999 0.01499872003707148314 
0.97047408432852078075 0.00000000099999999999 0.02952591367147922377 0.00000000099999999999 
0.00000000099999999998 0.00000000099999999998 0.99999999699999997382 0.00000000099999999998 
0.39859942826509914271 0.00000000099999999997 0.24039875478562050537 0.36100181594928021367 
0.99856915469021956255 0.00000000099999999999 0.00034486613660359431 0.00108597817317695263 
0.00000000099999999986 0.99999999700000008485 0.00000000099999999986 0.00000000099999999986 
0.00000000099999999982 0.99999999700000008485 0.00000000099999999982 0.00000000099999999982 
0.00000000099999999982 0.99999999700000008485 0.00000000099999999982 0.00000000099999999982 
0.00000000099999999988 0.00000000099999999988 0.00000000099999999988 0.99999999699999997382 
0.00000000099999999987 0.00000000099999999987 0.00000000099999999987 0.99999999700000008485 
0.99440062278466623269 0.00000000099999999999 0.00197950758060459102 0.00361986863472915079 
0.00000000099999999998 0.00000000099999999998 0.99999999699999997382 0.00000000099999999998 
0.00000000099999999987 0.00000000099999999987 0.00000000099999999987 0.99999999699999997382 
0.96010780916984972411 0.00000000099999999999 0.02770769044559845407 0.01218449938455194899 
0.00000000099999999996 0.00000000099999999996 0.99999999699999986280 0.00000000099999999996 
0.00000000099999999989 0.00000000099999999989 0.00000000099999999989 0.99999999700000008485 
0.97055966207419031022 0.00000000099999999999 0.01945114214953969078 0.00998919477626994401 
0.00000000099999999987 0.00000000099999999987 0.00000000099999999987 0.99999999699999997382 
0.00000000099999999997 0.00000000099999999997 0.99999999699999986280 0.00000000099999999997 
0.00000000099999999995 0.00000000099999999995 0.99999999699999986280 0.00000000099999999995 
0.00000000099999999986 0.00000000099999999986 0.00000000099999999986 0.99999999700000008485 
0.00000000099999999987 0.00000000099999999987 0.00000000099999999987 0.99999999700000008485 
0.00000000099999999997 0.00000000099999999997 0.99999999699999997382 0.00000000099999999997 
0.00000000099999999996 0.00000000099999999996 0.99999999699999997382 0.00000000099999999996 
0.00000000099999999997 0.00000000099999999997 0.99999999699999986280 0.00000000099999999997 
0.00000000099999999989 0.00000000099999999989 0.00000000099999999989 0.99999999700000008485 
0.93181714627340916923 0.00000000100000000000 0.04858249301473710480 0.01960035971185364323 
0.96773272361240347816 0.00000000100000000000 0.00205685737172478468 0.03021041801587162623 
0.97051207551134854867 0.00000000099999999999 0.02948792248865137952 0.00000000099999999999 
0.97802490015685350500 0.00000000099999999999 0.01749323730949010197 0.00448186153365644994 
0.00000000099999999996 0.00000000099999999996 0.99999999699999986280 0.00000000099999999996 
0.98806112923748190546 0.00160439944928528287 0.00052797046555102720 0.00980650084768189267 
0.00000000099999999985 0.99999999700000008485 0.00000000099999999985 0.00000000099999999985 
0.98059960764032960689 0.00000000099999999998 0.01003075867311263754 0.00936963268655788099 
0.00000000099999999985 0.99999999699999997382 0.00000000099999999985 0.00000000099999999985 
0.95239413285719010105 0.00000000100000000000 0.04642842035474772228 0.00117744578806224898 
0.00000000099999999986 0.99999999700000008485 0.00000000099999999986 0.00000000099999999986 
0.98177723117741488856 0.00000000099999999999 0.01250956554062548041 0.00571320228195963328 
0.97399810771256600805 0.00000002853580065405 0.01527929144260734874 0.01072257230902600583 
0.00000000099999999995 0.00000000099999999995 0.99999999699999997382 0.00000000099999999995 
0.99999901787306988421 0.00000000099999999998 0.00000098012693001659 0.00000000099999999998 
0.00000000099999999985 0.99999999700000008485 0.00000000099999999985 0.00000000099999999985 
0.00000000099999999987 0.99999999699999997382 0.00000000099999999987 0.00000000099999999987 
0.89796414438099025901 0.00000000099999999999 0.08717171693697678414 0.01486413768203298513 
0.00000000099999999995 0.00000000099999999995 0.99999999699999997382 0.00000000099999999995 
0.00000000099999999989 0.00000000099999999989 0.00000000099999999989 0.99999999700000008485 
0.00000000099999999996 0.00000000099999999996 0.99999999699999997382 0.00000000099999999996 
0.95686154375476029088 0.00119323609401001860 0.04194521915122949307 0.00000000100000000000 
0.00000000099999999984 0.99999999699999997382 0.00000000099999999984 0.00000000099999999984 
0.00000000099999999985 0.00000000099999999985 0.00000000099999999985 0.99999999699999997382 
0.00000000099999999987 0.99999999700000008485 0.00000000099999999987 0.00000000099999999987 
0.97286891287851384735 0.00320223833200866323 0.00227446120060905950 0.02165438758886851014 
0.00000000099999999995 0.00000000099999999995 0.99999999699999997382 0.00000000099999999995 
0.00000000099999999996 0.00000000099999999996 0.99999999699999986280 0.00000000099999999996 
0.75938921820550708830 0.00000000099999999999 0.23599334926885939812 0.00461743152563340743 
0.96908632629446300744 0.00000000100000000000 0.00599370331195617050 0.02491996939358091454 
0.98537534063995257938 0.00000000099999999999 0.01462423382133764757 0.00000042453870986205 
0.97120366562743687400 0.00000000099999999999 0.02879633237256311318 0.00000000099999999999 
0.99690830068367308758 0.00000000100000000000 0.00049058481379177937 0.00260111350253516577 
0.99999999699999997382 0.00000000099999999998 0.00000000099999999998 0.00000000099999999998 
0.98433278968189941160 0.00000000099999999999 0.01487702765164635767 0.00079018166645413357 
0.97614396876459119667 0.00000000099999999999 0.01320458718984644612 0.01065144304556253814 
0.95814831326665406142 0.00000000100000000000 0.04185166702242421044 0.00000001871092176081 
0.00000000099999999996 0.00000000099999999996 0.99999999699999997382 0.00000000099999999996 
0.00003370924808911321 0.00000000099999999998 0.99996628875191084784 0.00000000099999999998 
0.00000000099999999991 0.99999999700000008485 0.00000000099999999991 0.00000000099999999991 
0.00000000099999999998 0.00000000099999999998 0.99999999699999986280 0.00000000099999999998 
0.00000000135444488891 0.00000000099999999998 0.99999999664555516699 0.00000000099999999998 
0.96212175878948191787 0.00000000099999999999 0.02738780283890933365 0.01049043737160862411 
0.00000000099999999982 0.99999999699999997382 0.00000000099999999982 0.00000000099999999982 
0.99172409339326139666 0.00000000100000000000 0.00000000100000000000 0.00827590460673857838 
0.97033304838118505931 0.00000000099999999999 0.02121381330699189868 0.00845313731182313795 
0.98337218651794089386 0.00200859574658526687 0.00457881555633437611 0.01004040217913956465 
0.96401534897984786365 0.00000000100000000000 0.02895842212720479633 0.00702622789294734401 
0.99228161331164466130 0.00041843640666805172 0.00679856074997914252 0.00050138953170819731 
0.95743448637954875480 0.00000003519067691870 0.04245866321207830696 0.00010681521769589893 
0.98920721504982855876 0.00000000100000000000 0.00173891709422953605 0.00905386685594190659 
0.97225484806338191568 0.00000000100000000000 0.01649105942044091014 0.01125409151617707409 
0.94729514845987827787 0.00443070673711794087 0.01620281194560221211 0.03207133285740136619 
0.97730192584822928037 0.00000000099999999999 0.00764453545835565035 0.01505353769341513485 
0.99938078710521804915 0.00000000099999999999 0.00061921089478181182 0.00000000099999999999 
0.94321205182153555757 0.00095884547749157021 0.02710924740393176949 0.02871985529704111986 
0.98590697219617440261 0.00000000099999999999 0.00000000099999999999 0.01409302580382566610 
0.98457241324000099869 0.00000000100000000000 0.01479307657557852457 0.00063450918442041254 
0.99690769253161382046 0.00000000099999999999 0.00159500340815410297 0.00149730306023203568 
0.96245015268925337981 0.00000000099999999999 0.03754984531074663512 0.00000000099999999999 
0.97029547564823248607 0.00000000100000000000 0.01873404915864998813 0.01097047419311760266 
0.95553712903846299564 0.00000000099999999999 0.04446286896153697071 0.00000000099999999999 
0.99067152122374135814 0.00000000100000000000 0.00740676769872188230 0.00192171007753677266 
0.96829184761924447233 0.00000000099999999999 0.02929737310130223552 0.00241077827945323890 
0.89702379149019728644 0.06806473424142349404 0.02780658726177408918 0.00710488700660513121 
0.99276266283513803224 0.00000000099999999999 0.00723733516486195407 0.00000000099999999999 
0.97827323543122879368 0.00000000099999999998 0.02172676256877125248 0.00000000099999999998 
0.96934122673049538665 0.00000000099999999998 0.03065840911810207778 0.00000036315140262698 
0.97858227480333648263 0.00000000099999999999 0.00212805890795023317 0.01928966528871334241 
0.98192036585234632184 0.00000000099999999998 0.01807963214765378329 0.00000000099999999998 
0.98036559824095781401 0.00362390440391112878 0.00748718175383399250 0.00852331560129713540 
0.97556875468419046449 0.00000000099999999999 0.01553305253534583395 0.00889819178046380964 
0.99702629201930781377 0.00000000099999999999 0.00000000099999999999 0.00297370598069216906 
0.96262282743816574015 0.00000000099999999998 0.03737717056183428171 0.00000000099999999998 
0.00000000099999999996 0.00000000099999999996 0.99999999699999997382 0.00000000099999999996 
0.00000001195190573683 0.00000000099999999998 0.99999998604809414715 0.00000000099999999998 
0.00000000099999999988 0.99999999699999997382 0.00000000099999999988 0.00000000099999999988 
0.00000000099999999985 0.00000000099999999985 0.00000000099999999985 0.99999999700000008485 
0.04631760653659409283 0.00000000100000000000 0.91388816165750552667 0.03979423080590051287 
0.98287963870960659563 0.00000000099999999998 0.01712035929039341930 0.00000000099999999998 
0.96339025931424238092 0.00000000124456515620 0.03200799740374636604 0.00460174203744612414 
0.00000000099999999999 0.00000000099999999999 0.99604519352503184670 0.00395480447496805027 
0.97724649545876751677 0.00000000099999999999 0.02275350254123234550 0.00000000099999999999 
0.98168142219983667296 0.00000000099999999998 0.00307515924905757496 0.01524341755110584368 
0.99387928109492018613 0.00000000099999999999 0.00000000099999999999 0.00612071690507984441 
0.00000000099999999984 0.99999999700000008485 0.00000000099999999984 0.00000000099999999984 
0.00000000099999999985 0.99999999700000008485 0.00000000099999999985 0.00000000099999999985 
0.00000000099999999982 0.99999999700000008485 0.00000000099999999982 0.00000000099999999982 
0.00000000099999999983 0.99999999700000008485 0.00000000099999999983 0.00000000099999999983 
0.00000000099999999983 0.99999999700000008485 0.00000000099999999983 0.00000000099999999983 
0.00000000099999999998 0.00000000099999999998 0.99999999699999997382 0.00000000099999999998 
0.97972189147261745656 0.00000000100000000000 0.00561113117419895311 0.01466697635318357958 
0.00000000099999999983 0.99999999700000008485 0.00000000099999999983 0.00000000099999999983 
0.00000000099999999985 0.99999999699999997382 0.00000000099999999985 0.00000000099999999985 
0.00000000099999999985 0.00000000099999999985 0.00000000099999999985 0.99999999700000008485 
0.00000000099999999985 0.00000000099999999985 0.00000000099999999985 0.99999999700000008485 
0.99998962342982355977 0.00000000099999999999 0.00001037457017643445 0.00000000099999999999 
0.00000000099999999984 0.99999999699999997382 0.00000000099999999984 0.00000000099999999984 
0.97961611570054241138 0.00005748793900954165 0.02032639514566907460 0.00000000121477905130 
0.99760409010654893525 0.00000000099999999999 0.00000000099999999999 0.00239590789345118160 
0.03847606698438283540 0.00000000099999999998 0.96152393101561706157 0.00000000099999999998 
0.98472687738596331730 0.00000000099999999999 0.01522397438715972218 0.00004914722687701881 
0.00000000099999999995 0.00000000099999999995 0.99999999699999986280 0.00000000099999999995 
0.96498882746788339215 0.00000000099999999999 0.02612363143401211577 0.00888754009810448740 
0.00000000099999999995 0.00000000099999999995 0.99999999699999986280 0.00000000099999999995 
0.96310349211952084314 0.00000000100000000000 0.01639196093910578328 0.02050454594137345737 
0.98376176250900482234 0.00000000100000000000 0.00007371161027535102 0.01616452488071975710 
0.00000000099999999986 0.99999999700000008485 0.00000000099999999986 0.00000000099999999986 
0.00000000099999999996 0.00000000099999999996 0.99999999699999997382 0.00000000099999999996 
0.00000000099999999983 0.99999999700000008485 0.00000000099999999983 0.00000000099999999983 
0.00000000099999999983 0.99999999700000008485 0.00000000099999999983 0.00000000099999999983 
0.98577153801436112612 0.00000000100000000000 0.01295264639331653207 0.00127581459232240760 
0.96737840305132105634 0.00000000099999999999 0.03205705655374246205 0.00056453939493660585 
0.98852130005999228057 0.00000000099999999998 0.01147869794000766497 0.00000000099999999998 
0.98866276371171801784 0.00000000099999999999 0.00509005210405898221 0.00624718318422310456 
0.97375636700793000156 0.00000000099999999999 0.01042302199898324962 0.01582060999308673374 
0.96715252523964145848 0.00000000099999999999 0.02221548269467695999 0.01063199106568156992 
0.99999993651445107101 0.00000000099999999999 0.00000000099999999999 0.00000006148554909348 
0.00209897651911947159 0.00000000099999999998 0.99790102148088055678 0.00000000099999999998 
0.99986103993576280757 0.00000000099999999999 0.00000195993783522829 0.00013699912640209268 
0.00000000099999999983 0.99999999699999997382 0.00000000099999999983 0.00000000099999999983 
0.99409662987263180955 0.00000000100000000000 0.00253630118751354064 0.00336706793985454538 
0.00000000099999999994 0.99999999699999997382 0.00000000099999999994 0.00000000099999999994 
0.00000000099999999985 0.99999999700000008485 0.00000000099999999985 0.00000000099999999985 
0.97193840404417186640 0.00000000099999999999 0.02804451768210167867 0.00001707727372655287 
0.98734546108617071702 0.00000000099999999999 0.00000000099999999999 0.01265453691382932046 
0.97571876811792990214 0.00000364255319517613 0.02427758832887476001 0.00000000100000000000 
0.00000000099999999987 0.99999999700000008485 0.00000000099999999987 0.00000000099999999987 
0.00000000099999999996 0.00000000099999999996 0.99999999699999986280 0.00000000099999999996 
0.00000000099999999996 0.00000000099999999996 0.99999999699999997382 0.00000000099999999996 
0.00000000099999999985 0.99999999700000008485 0.00000000099999999985 0.00000000099999999985 
0.97893042944729447008 0.00000000100000000000 0.01093056523071450972 0.01013900432199108664 
0.94000415655538938076 0.00000000100000000000 0.04393527514073130441 0.01606056730387940903 
0.00000000099999999986 0.99999999700000008485 0.00000000099999999986 0.00000000099999999986 
0.97990884673365163948 0.00000000099999999999 0.00924937057202409631 0.01084178169432443474 
0.00000000099999999995 0.00000000099999999995 0.99999999699999986280 0.00000000099999999995 
0.54461665706215200977 0.10674930028268872495 0.23669464263030240425 0.11193940002485699980 
0.96349230011812925234 0.00458989183935514834 0.03191780704251559464 0.00000000100000000000 
0.94606829669389824744 0.00000000099999999999 0.03792722218474604140 0.01600448012135573597 
0.97866471977074720456 0.00000000099999999999 0.00290804887195558141 0.01842723035729741665 
0.98511753706056837121 0.00000000099999999999 0.00017200141363898130 0.01471046052579270610 
0.99397192292924563262 0.00000000099999999999 0.00000000099999999999 0.00602807507075452803 
0.98889234865962105658 0.00000000099999999999 0.01110764934037906590 0.00000000099999999999 
0.97320476347719409027 0.00000000099999999999 0.01030555851135274252 0.01648967701145318335 
0.95682085091949375943 0.00832470064653921538 0.02661680599004451198 0.00823764244392240219 
0.00000000099999999997 0.00000000099999999997 0.99999999699999997382 0.00000000099999999997 
0.96687159944849432325 0.00000000099999999999 0.02270648076196386464 0.01042191878954181090 
0.98982386253317733438 0.00000000099999999999 0.00000000099999999999 0.01017613546682280719 
0.94490524437397083179 0.00000000100000000000 0.04952929299963622356 0.00556546162639303798 
0.97875244030199759493 0.00000000099999999999 0.02124755769800243735 0.00000000099999999999 
0.95485958722205177551 0.00244920044915807782 0.03715359508780652353 0.00553761724098369122 
0.99946146878436881167 0.00000000099999999999 0.00000035033730040360 0.00053817987833083955 
0.97897275937495997766 0.00000000100000000000 0.01877201867719096792 0.00225522094784919285 
0.00197705973841144980 0.00000000099999999998 0.99802293826158861023 0.00000000099999999998 
0.95544596956213956318 0.00000000099999999999 0.02367960757450500789 0.02087442186335543640 
0.97641028233503968092 0.00000000099999999999 0.00993744317806840964 0.01365227348689192037 
0.97427577067412174383 0.01110048232863503764 0.01441282412511332538 0.00021092287212995077 
0.00000003525006834085 0.00000000099999999998 0.99999996274993152579 0.00000000099999999998 
0.95121289689036514492 0.01927423896238339082 0.02951281224476649118 0.00000005190248509030 
0.97439572779691141502 0.00000000100000000000 0.01304845721486258721 0.01255581398822603126 
0.50622854271027328821 0.00000000099999999999 0.48184647051849682775 0.01192498577122991406 
0.96976044472139766306 0.00000000099999999998 0.03023955327860243861 0.00000000099999999998 
0.00000000099999999986 0.99999999700000008485 0.00000000099999999986 0.00000000099999999986 
0.95930884802766247521 0.00000000099999999999 0.02090279131846957406 0.01978835965386787146 
0.96263739528573877280 0.00000000100000000000 0.02949260443888484032 0.00786999927537654700 
