0.02607232525760313363 0.00034266865139186847 0.96547610599756805705 0.00810890009343687330 
0.00000000099999999996 0.00000000099999999996 0.00000000099999999996 0.99999999699999997382 
0.00000000099999999996 0.00000000099999999996 0.00000000099999999996 0.99999999699999997382 
0.00552318673557891833 0.00000000099999999999 0.95151500931684573903 0.04296180294757535878 
0.01321504759199671614 0.00000000100000000000 0.98627327948310206107 0.00051167192490122050 
0.00637705420824803866 0.00000000099999999999 0.96293437209603149896 0.03068857269572048893 
0.00000000099999999997 0.00000000099999999997 0.00000000099999999997 0.99999999700000008485 
0.00000000099999999995 0.00000000099999999995 0.00000000099999999995 0.99999999700000008485 
0.01972383809459866272 0.00000000099999999999 0.97118274082225419797 0.00909342008314706525 
0.00000000099999999997 0.00000000099999999997 0.00000000099999999997 0.99999999699999997382 
0.01378176182364365850 0.00000000100000000000 0.96833708228140702445 0.01788115489494932278 
0.01152271427355060045 0.00000000099999999999 0.96571767534322050519 0.02275960938322888621 
0.00885360695519694582 0.00000000100000000000 0.98583952971309152247 0.00530686233171136917 
0.01966478521986652836 0.00000000100000000000 0.96958334171637639010 0.01075187206375706472 
0.02163537634008984994 0.00608183472128579448 0.97087785094694634136 0.00140493799167784768 
0.03331588723231505150 0.00000000099999999999 0.90555313241649726397 0.06113097935118770587 
0.00022380487206939546 0.00000000100000000000 0.99211492251798027997 0.00766127160995025251 
0.00655553236314231416 0.00537747849404991967 0.98806698814280780052 0.00000000100000000000 
0.01148482737584999129 0.00816386128164716535 0.97690754795491419049 0.00344376338758870491 
0.00794304050705945189 0.00000000099999999998 0.99108903168166284647 0.00096792681127766248 
0.00001442435699336288 0.00000000100000000000 0.99584248312648881996 0.00414309151651796360 
0.00000000099999999998 0.00000000099999999998 0.00000000586399986045 0.99999999213600010428 
0.00000000099999999999 0.00000000099999999999 0.96957388101448493956 0.03042611698551506150 
0.00409490575703340756 0.00000000099999999999 0.95792061177798160099 0.03798448146498501626 
0.00000026155937035964 0.00000000099999999999 0.96651308690079240638 0.03348665053983718165 
0.00690912260316730968 0.00000000099999999999 0.99309087539683260637 0.00000000099999999999 
0.99999999700000008485 0.00000000099999999988 0.00000000099999999988 0.00000000099999999988 
0.99999999700000008485 0.00000000099999999986 0.00000000099999999986 0.00000000099999999986 
0.01170952743433067815 0.00000000100000000000 0.98276834980010263632 0.00552212176556659846 
0.01501237845085139425 0.00000000099999999999 0.98498761954914859640 0.00000000099999999999 
0.00000000099999999999 0.00000000099999999999 0.97023637236993687250 0.02976362563006313203 
0.00000000099999999998 0.00000000099999999998 0.00000000099999999998 0.99999999700000008485 
0.36100085439137791221 0.00000000099999999997 0.39850964825156831584 0.24048949635705360595 
0.00108214035460485925 0.00000000099999999999 0.99839900243667500934 0.00051885620872015698 
0.00000000099999999986 0.99999999700000008485 0.00000000099999999986 0.00000000099999999986 
0.00000000099999999982 0.99999999700000008485 0.00000000099999999982 0.00000000099999999982 
0.00000000099999999982 0.99999999700000008485 0.00000000099999999982 0.00000000099999999982 
0.99999999699999997382 0.00000000099999999988 0.00000000099999999988 0.00000000099999999988 
0.99999999700000008485 0.00000000099999999987 0.00000000099999999987 0.00000000099999999987 
0.00361537370013650158 0.00000000099999999999 0.99407582454042731079 0.00230880075943627272 
0.00000000099999999998 0.00000000099999999998 0.00000000099999999998 0.99999999700000008485 
0.99999999699999997382 0.00000000099999999987 0.00000000099999999987 0.00000000099999999987 
0.01217636745360654513 0.00000000099999999999 0.95985727319584013273 0.02796635835055329838 
0.00000000099999999996 0.00000000099999999996 0.00000000099999999996 0.99999999699999997382 
0.99999999699999997382 0.00000000099999999989 0.00000000099999999989 0.00000000099999999989 
0.00998386192389353819 0.00000000099999999999 0.97031911986560015482 0.01969701721050631793 
0.99999999699999997382 0.00000000099999999987 0.00000000099999999987 0.00000000099999999987 
0.00000000099999999997 0.00000000099999999997 0.00000000099999999997 0.99999999700000008485 
0.00000000099999999995 0.00000000099999999995 0.00000000099999999995 0.99999999700000008485 
0.99999999699999997382 0.00000000099999999986 0.00000000099999999986 0.00000000099999999986 
0.99999999699999997382 0.00000000099999999987 0.00000000099999999987 0.00000000099999999987 
0.00000000099999999997 0.00000000099999999997 0.00000000099999999997 0.99999999700000008485 
0.00000000099999999996 0.00000000099999999996 0.00000000099999999996 0.99999999699999997382 
0.00000000099999999997 0.00000000099999999997 0.00000000099999999997 0.99999999699999997382 
0.99999999699999997382 0.00000000099999999989 0.00000000099999999989 0.00000000099999999989 
0.01959480865742567815 0.00000000322416621800 0.93161635196740977261 0.04878883615099838256 
0.03019709211522604575 0.00000000100000000000 0.96741684819423567898 0.00238605869053822809 
0.00000000099999999999 0.00000000099999999999 0.97015035120580661587 0.02984964679419340253 
0.00448204657106134746 0.00000000099999999999 0.97785979216877372266 0.01765816026016477774 
0.00000000099999999996 0.00000000099999999996 0.00000000099999999996 0.99999999699999997382 
0.00980067657367082040 0.00161161542849361608 0.98784537925367654765 0.00074232874415901880 
0.00000000099999999985 0.99999999700000008485 0.00000000099999999985 0.00000000099999999985 
0.00934161868698349211 0.00000000099999999998 0.98048233963090358767 0.01017604068211289299 
0.00000000099999999985 0.99999999699999997382 0.00000000099999999985 0.00000000099999999985 
0.00117800579006515065 0.00000000100000000000 0.95206564442150354299 0.04675634878843142050 
0.00000000099999999986 0.99999999700000008485 0.00000000099999999986 0.00000000099999999986 
0.00570700728365731817 0.00000000099999999999 0.98151905591276644714 0.01277393580357628206 
0.01071768044492087818 0.00000010062516757776 0.97377134799425257849 0.01551087093565902200 
0.00000000099999999995 0.00000000099999999995 0.00000000099999999995 0.99999999699999997382 
0.00000000099999999998 0.00000000099999999998 0.99999609186772508984 0.00000390613227483082 
0.00000000099999999985 0.99999999699999997382 0.00000000099999999985 0.00000000099999999985 
0.00000000099999999987 0.99999999699999997382 0.00000000099999999987 0.00000000099999999987 
0.01486314044213239011 0.00000000099999999999 0.89776924211942421561 0.08736761643844342951 
0.00000000099999999995 0.00000000099999999995 0.00000000099999999995 0.99999999700000008485 
0.99999999699999997382 0.00000000099999999989 0.00000000099999999989 0.00000000099999999989 
0.00000000099999999996 0.00000000099999999996 0.00000000099999999996 0.99999999699999997382 
0.00000000100000000000 0.00119920734992362446 0.95663568213002414531 0.04216510952005208396 
0.00000000099999999984 0.99999999699999997382 0.00000000099999999984 0.00000000099999999984 
0.99999999699999997382 0.00000000099999999985 0.00000000099999999985 0.00000000099999999985 
0.00000000099999999987 0.99999999699999997382 0.00000000099999999987 0.00000000099999999987 
0.02164709211301543701 0.00320344906827876863 0.97255772961129582921 0.00259172920740994737 
0.00000000099999999995 0.00000000099999999995 0.00000000099999999995 0.99999999700000008485 
0.00000000099999999996 0.00000000099999999996 0.00000000099999999996 0.99999999700000008485 
0.00461569905693594296 0.00000000099999999999 0.75922595021134231530 0.23615834973172164513 
0.02490709249542604267 0.00000000100000000000 0.96872021601628721665 0.00637269048828668656 
0.00000061854602432937 0.00000000099999999999 0.98511997099631198882 0.01487940945766359421 
0.00000000099999999999 0.00000000099999999999 0.97094493906159251573 0.02905505893840756165 
0.00259996961481467892 0.00000000100000000000 0.99670361645293437114 0.00069641293225084682 
0.00000000099999999998 0.00000000099999999998 0.99999999699999997382 0.00000000099999999998 
0.00078902169982086716 0.00000000099999999999 0.98408391377530735067 0.01512706352487192506 
0.01063136421106250853 0.00000000099999999999 0.97593562350626139601 0.01343301128267618445 
0.00000003673751663437 0.00000000308780236865 0.95793485378085885262 0.04206510639382214645 
0.00000000099999999996 0.00000000099999999996 0.00000000099999999996 0.99999999700000008485 
0.00000000099999999998 0.00000000099999999998 0.00004736735732265851 0.99995263064267725373 
0.00000000099999999991 0.99999999700000008485 0.00000000099999999991 0.00000000099999999991 
0.00000000099999999998 0.00000000099999999998 0.00000000099999999998 0.99999999700000008485 
0.00000000099999999998 0.00000000099999999998 0.00000000562652374811 0.99999999237347614311 
0.01048653382403015762 0.00000000099999999999 0.96189293744764958749 0.02762052772832025022 
0.00000000099999999982 0.99999999700000008485 0.00000000099999999982 0.00000000099999999982 
0.00828691900355744623 0.00000000100000000000 0.99171307800050079173 0.00000000199594173840 
0.00845211407751503101 0.00000000099999999999 0.97011150054976014179 0.02143638437272474620 
0.01003323642114320631 0.00201480671080862817 0.98304920796042105646 0.00490274890762714809 
0.00702366960600178062 0.00000000100000000000 0.96377975665704174180 0.02919657273695652408 
0.00045736125495270363 0.00048954257097549240 0.99194868234867905610 0.00710441382539270163 
0.00010973729881829787 0.00000014030075163370 0.95723975812306905109 0.04265036427736092900 
0.00904277996755151539 0.00000000100000000000 0.98885835518198939020 0.00209886385045911922 
0.01124909181581638766 0.00000000100000000000 0.97201039486449059002 0.01674051231969298295 
0.03206200239280733444 0.00443147396836094873 0.94705886718668341739 0.01644765645214834801 
0.01504792483697497615 0.00000000099999999999 0.97700796672901957240 0.00794410743400539472 
0.00000000099999999999 0.00000000099999999999 0.99915168732884895864 0.00084831067115099374 
0.02871314049312978511 0.00097054458300832895 0.94301495165049731284 0.02730136327336464205 
0.01410007381068551467 0.00000000099999999999 0.98589992418931449158 0.00000000099999999999 
0.00063642574244427385 0.00000000100000000000 0.98430674433964548964 0.01505682891791019010 
0.00148612071586425617 0.00000000099999999999 0.99660731899847354587 0.00190655928566212888 
0.00000000099999999999 0.00000000099999999999 0.96222720341183876069 0.03777279458816110852 
0.01095989090687154999 0.00000000100000000000 0.97007531164872062845 0.01896479644440783596 
0.00000000099999999999 0.00000000099999999999 0.95531522432624704777 0.04468477367375291859 
0.00191535894238567994 0.00000000100000000000 0.99036529521698801748 0.00771934484062640740 
0.00240968847030835704 0.00000000099999999999 0.96806266487974845791 0.02952764564994317387 
0.00705500191330015684 0.06810666158801209624 0.89676700791294505777 0.02807132858574271778 
0.00000000099999999999 0.00000000099999999999 0.99247347687723930232 0.00752652112276070047 
0.00000000099999999998 0.00000000099999999998 0.97804574477138095379 0.02195425322861899869 
0.00000046565528299404 0.00000000099999999998 0.96913794566309596767 0.03086158768162091878 
0.01928455173095750680 0.00000000099999999999 0.97825806927223923903 0.00245737799680319354 
0.00000000099999999998 0.00000000099999999998 0.98168114061010891547 0.01831885738989097803 
0.00851697394266072091 0.00362255651738736285 0.98008273179447169543 0.00777773774548022948 
0.00886421536267332361 0.00000000099999999999 0.97541945234746474380 0.01571633128986187067 
0.00298704150505339988 0.00000000099999999999 0.99701295569809000874 0.00000000179685666763 
0.00000000099999999998 0.00000000099999999998 0.96242251586457605583 0.03757748213542395216 
0.00000000099999999996 0.00000000099999999996 0.00000000099999999996 0.99999999699999997382 
0.00000000099999999998 0.00000000099999999998 0.00000003701804846265 0.99999996098195143013 
0.00000000099999999988 0.99999999699999997382 0.00000000099999999988 0.00000000099999999988 
0.99999999699999997382 0.00000000099999999985 0.00000000099999999985 0.00000000099999999985 
0.03979713536667440349 0.00000000100000000000 0.04629851985320829894 0.91390434378011731198 
0.00000000099999999998 0.00000000099999999998 0.98270529670021888879 0.01729470129978119206 
0.00459572055788860876 0.00000000752479248053 0.96316963268485134009 0.03223463923246768642 
0.00395669041167213530 0.00000000099999999999 0.00000000099999999999 0.99604330758832781978 
0.00000000099999999999 0.00000000099999999999 0.97701287798633640325 0.02298712001366346597 
0.01523204567424919602 0.00000000099999999998 0.98136682998308555348 0.00340112334266533646 
0.00614015219404453593 0.00000000099999999999 0.99385984580595543303 0.00000000099999999999 
0.00000000099999999984 0.99999999700000008485 0.00000000099999999984 0.00000000099999999984 
0.00000000099999999985 0.99999999700000008485 0.00000000099999999985 0.00000000099999999985 
0.00000000099999999982 0.99999999699999997382 0.00000000099999999982 0.00000000099999999982 
0.00000000099999999983 0.99999999700000008485 0.00000000099999999983 0.00000000099999999983 
0.00000000099999999983 0.99999999700000008485 0.00000000099999999983 0.00000000099999999983 
0.00000000099999999998 0.00000000099999999998 0.00000000099999999998 0.99999999700000008485 
0.01465092114332384315 0.00000000100000000000 0.97943055658133870711 0.00591852127533738087 
0.00000000099999999983 0.99999999700000008485 0.00000000099999999983 0.00000000099999999983 
0.00000000099999999985 0.99999999699999997382 0.00000000099999999985 0.00000000099999999985 
0.99999999699999997382 0.00000000099999999985 0.00000000099999999985 0.00000000099999999985 
0.99999999699999997382 0.00000000099999999985 0.00000000099999999985 0.00000000099999999985 
0.00000000099999999999 0.00000000099999999999 0.99997164947133398982 0.00002834852866588823 
0.00000000099999999984 0.99999999699999997382 0.00000000099999999984 0.00000000099999999984 
0.00000000291043982825 0.00007250055925828401 0.97935366292019843115 0.02057383361010337031 
0.00240559388318492334 0.00000000099999999999 0.99759440411681499228 0.00000000099999999999 
0.00000000099999999998 0.00000000099999999998 0.03847051163047651018 0.96152948636952351169 
0.00005227713190273202 0.00000000099999999999 0.98447890963840134493 0.01546881222969587535 
0.00000000099999999995 0.00000000099999999995 0.00000000099999999995 0.99999999700000008485 
0.00888266153134742269 0.00000000099999999999 0.96480758764393836913 0.02630974982471427637 
0.00000000099999999995 0.00000000099999999995 0.00000000099999999995 0.99999999700000008485 
0.02050060126580515590 0.00000000100000000000 0.96286223805195558789 0.01663715968223937469 
0.01617257788655662026 0.00000000100000000000 0.98368800591685012780 0.00013941519659318305 
0.00000000099999999986 0.99999999700000008485 0.00000000099999999986 0.00000000099999999986 
0.00000000099999999996 0.00000000099999999996 0.00000000099999999996 0.99999999700000008485 
0.00000000099999999983 0.99999999699999997382 0.00000000099999999983 0.00000000099999999983 
0.00000000099999999983 0.99999999700000008485 0.00000000099999999983 0.00000000099999999983 
0.00127128403144110874 0.00000000100000000000 0.98552966592222512876 0.01319904904633383523 
0.00056409870749375257 0.00000000099999999999 0.96717350868655216356 0.03226239160595424649 
0.00000000099999999998 0.00000000099999999998 0.98826788705657853118 0.01173211094342127038 
0.00620879960273158001 0.00000000099999999999 0.98853449369052137641 0.00525670570674718722 
0.01581394274081303689 0.00000000099999999999 0.97349771645089555605 0.01068833980829143535 
0.01062788107405882032 0.00000000099999999999 0.96694345793596359062 0.02242865998997755836 
0.00000012264747858309 0.00000000099999999999 0.99999987535252143900 0.00000000099999999999 
0.00000000099999999998 0.00000000099999999998 0.00218787384405813795 0.99781212415594189302 
0.00014966135290795239 0.00000000099999999999 0.99984363195234249311 0.00000670569474955573 
0.00000000099999999983 0.99999999700000008485 0.00000000099999999983 0.00000000099999999983 
0.00335565575524538959 0.00000000100000000000 0.99375240470151893213 0.00289193854323556215 
0.00000000099999999994 0.99999999700000008485 0.00000000099999999994 0.00000000099999999994 
0.00000000099999999985 0.99999999699999997382 0.00000000099999999985 0.00000000099999999985 
0.00001941681107620646 0.00000000099999999999 0.97170884655309697209 0.02827173563582697710 
0.01267398226910238651 0.00000000099999999999 0.98732601573089751046 0.00000000099999999999 
0.00000000100000000000 0.00000507726997587470 0.97548783848075459879 0.02450708324926943044 
0.00000000099999999987 0.99999999700000008485 0.00000000099999999987 0.00000000099999999987 
0.00000000099999999996 0.00000000099999999996 0.00000000099999999996 0.99999999700000008485 
0.00000000099999999996 0.00000000099999999996 0.00000000099999999996 0.99999999699999997382 
0.00000000099999999985 0.99999999699999997382 0.00000000099999999985 0.00000000099999999985 
0.01013126869658218833 0.00000000100000000000 0.97865526927476642616 0.01121346102865141726 
0.01605878627760020869 0.00000000100000000000 0.93983958311018445109 0.04410162961221539279 
0.00000000099999999986 0.99999999700000008485 0.00000000099999999986 0.00000000099999999986 
0.01083479149335883282 0.00000000099999999999 0.97961676751268356167 0.00954843999395753491 
0.00000000099999999995 0.00000000099999999995 0.00000000099999999995 0.99999999700000008485 
0.11193900705556557307 0.10674883416043996764 0.54450313372573777571 0.23680902505825673909 
0.00000000100000000000 0.00460742454500782158 0.96323157186548991060 0.03216100258950233687 
0.01600228572561728305 0.00000000099999999999 0.94586716506666335125 0.03813054820771946685 
0.01841712935735756104 0.00000000099999999999 0.97834894119508919452 0.00323392844755321807 
0.01471553726494046616 0.00000000099999999999 0.98499408917670039365 0.00029037255835912343 
0.00603464497476124007 0.00000000099999999999 0.99396535302523880695 0.00000000099999999999 
0.00000000099999999999 0.00000000099999999999 0.98880871764702105153 0.01119128035297890268 
0.01648479001583088785 0.00000000099999999999 0.97293507864797534879 0.01058013033619380726 
0.00823517860398524995 0.00832906678001505731 0.95663211209984067018 0.02680364251615903123 
0.00000000099999999997 0.00000000099999999997 0.00000000099999999997 0.99999999700000008485 
0.01041894227206586337 0.00000000099999999999 0.96667714021738992969 0.02290391651054408950 
0.01019077920443527130 0.00000000099999999999 0.98980921879556471588 0.00000000099999999999 
0.00556226584052693304 0.00000000100000000000 0.94468952560865449009 0.04974820755081861556 
0.00000000099999999999 0.00000000099999999999 0.97851127380089952812 0.02148872419910048334 
0.00554447645226762049 0.00242716782731746067 0.95466101334552344593 0.03736734237489149069 
0.00056400520078085572 0.00000000099999999999 0.99943422501123724278 0.00000176878798193873 
0.00225083683649934894 0.00000000100000000000 0.97871977847898949943 0.01902938368451117038 
0.00000000099999999998 0.00000000099999999998 0.00204179046139974472 0.99795820753860031704 
0.02087211999644012633 0.00000000099999999999 0.95527273813451607509 0.02385514086904378175 
0.01364699604400860383 0.00000000099999999999 0.97614879326477888011 0.01020420969121244026 
0.00021694637716947692 0.01109921702383819334 0.97402756683419089434 0.01465626976480144741 
0.00000000099999999998 0.00000000099999999998 0.00000009684742247173 0.99999990115257753054 
0.00000009965479335211 0.01927214212214477251 0.95103811864626797146 0.02968963957679396359 
0.01255287094625393875 0.00000000100000000000 0.97413315020252355669 0.01331397785122249468 
0.01192322680516805580 0.00000000099999999999 0.50611962609575633643 0.48195714609907569503 
0.00000000099999999998 0.00000000099999999998 0.96955996193488080959 0.03044003606511915330 
0.00000000099999999986 0.99999999699999997382 0.00000000099999999986 0.00000000099999999986 
0.01978299539073476512 0.00000000099999999999 0.95907011393927554810 0.02114688966998978792 
0.00787100621834504327 0.00000000100000000000 0.96245271397959453186 0.02967627880206040458 
