0.00000000099999999998 0.14792273043699213919 0.00000000099999999998 0.00000000099999999998 0.00000000099999999998 0.28923805533258856171 0.54780327628428571174 0.00000000099999999998 0.01503593294613374265 
0.00000000099999999988 0.00000000099999999988 0.00000000099999999988 0.00000000099999999988 0.00000000099999999988 0.00000000099999999988 0.00000000099999999988 0.99999999200000000421 0.00000000099999999988 
0.00000000099999999987 0.00000000099999999987 0.00000000099999999987 0.00000000099999999987 0.00000000099999999987 0.00000000099999999987 0.00000000099999999987 0.99999999199999989319 0.00000000099999999987 
0.00000000099999999998 0.26455060726555335027 0.00000000099999999998 0.00000000099999999998 0.00000000099999999998 0.07337169028692847039 0.61529321958458249586 0.04678447786293562366 0.00000000099999999998 
0.00000000099999999999 0.29973132944234559538 0.23218293919219451515 0.00000000099999999999 0.00000000099999999999 0.12813384211502087950 0.33594700204515459685 0.00000000099999999999 0.00400488320528441175 
0.00000000099999999998 0.31867659161226624676 0.00033117356656432148 0.00000000099999999998 0.01198010460789484741 0.22984309935412142178 0.42975779186748735983 0.00941123599166575689 0.00000000099999999998 
0.00000000099999999993 0.00000000099999999993 0.00000000099999999993 0.00000000099999999993 0.45701428036447122594 0.00000000099999999993 0.00000000099999999993 0.54298571263552863897 0.00000000099999999993 
0.00000000099999999986 0.00000000099999999986 0.00000000099999999986 0.00000000099999999986 0.00000000099999999986 0.00000000099999999986 0.00000000099999999986 0.99999999200000000421 0.00000000099999999986 
0.00000000099999999998 0.16590919508163765039 0.25776666348436355625 0.00000000099999999998 0.00000000099999999998 0.00000000099999999998 0.55998137980512063816 0.00695744640696758284 0.00938531122191061697 
0.00000000099999999981 0.00000000099999999981 0.00000000099999999981 0.00000000099999999981 0.99999999200000011523 0.00000000099999999981 0.00000000099999999981 0.00000000099999999981 0.00000000099999999981 
0.00000000099999999997 0.59136927436900754707 0.00000000099999999997 0.00000000099999999997 0.00000000099999999997 0.40863071863099259540 0.00000000099999999997 0.00000000099999999997 0.00000000099999999997 
0.00000000099999999997 0.22465652645589823111 0.22339854935395991875 0.00000000099999999997 0.01782523110009857567 0.29866943668832912628 0.23544958192913206796 0.00000000099999999997 0.00000067147258207957 
0.00000000099999999994 0.99999999200000022626 0.00000000099999999994 0.00000000099999999994 0.00000000099999999994 0.00000000099999999994 0.00000000099999999994 0.00000000099999999994 0.00000000099999999994 
0.00000000099999999998 0.35350822581760837915 0.29531758823429421490 0.00000000099999999998 0.00000000099999999998 0.34756641122865494786 0.00000000099999999998 0.00000000099999999998 0.00360776971944248587 
0.00000000099999999980 0.00000000099999999980 0.00000000099999999980 0.00000000099999999980 0.00000000099999999980 0.99999999200000011523 0.00000000099999999980 0.00000000099999999980 0.00000000099999999980 
0.00000000099999999998 0.15595076825122439201 0.18432338459731070768 0.00000000099999999998 0.00000000099999999998 0.20915494635668874235 0.36954261080710232301 0.05451989106800841228 0.02650839591966523690 
0.00000000099999999990 0.00000000099999999990 0.99999999200000011523 0.00000000099999999990 0.00000000099999999990 0.00000000099999999990 0.00000000099999999990 0.00000000099999999990 0.00000000099999999990 
0.00000000099999999998 0.18340590225758651721 0.27138273615232488822 0.00000000099999999998 0.00000000099999999998 0.24236354266063031559 0.30284781392945825385 0.00000000099999999998 0.00000000099999999998 
0.00000000099999999996 0.00000000099999999996 0.00000000099999999996 0.00000000099999999996 0.00000000099999999996 0.00000000099999999996 0.99999999199999989319 0.00000000099999999996 0.00000000099999999996 
0.00000000099999999995 0.07838271906856952853 0.07200996369812799613 0.00000000099999999995 0.00000000099999999995 0.22967746750152256974 0.61992984473177981108 0.00000000099999999995 0.00000000099999999995 
0.00000000099999999998 0.45689499767698815713 0.00000000099999999998 0.00000000099999999998 0.00000000099999999998 0.23193114460427613488 0.31040763351604139242 0.00076621920269424697 0.00000000099999999998 
0.00000000099999999991 0.00000000099999999991 0.00000000099999999991 0.00000000099999999991 0.00000000099999999991 0.00000000099999999991 0.00000000099999999991 0.99999999199999989319 0.00000000099999999991 
0.00000000099999999994 0.00000000099999999994 0.00000000099999999994 0.00000000099999999994 0.00000000099999999994 0.00000000099999999994 0.99999999199999989319 0.00000000099999999994 0.00000000099999999994 
0.00000000099999999980 0.00000000099999999980 0.99999999200000000421 0.00000000099999999980 0.00000000099999999980 0.00000000099999999980 0.00000000099999999980 0.00000000099999999980 0.00000000099999999980 
0.00000000099999999995 0.77440773986116351324 0.00000000099999999995 0.00000000099999999995 0.03208251497880891534 0.19350973916002761621 0.00000000099999999995 0.00000000099999999995 0.00000000099999999995 
0.00000000099999999997 0.44782359909928470820 0.22774153258125739985 0.00000000099999999997 0.00000000099999999997 0.00001264372596447976 0.32442221959349348825 0.00000000099999999997 0.00000000099999999997 
0.00000000099999999966 0.00000000099999999966 0.00000000099999999966 0.00000000099999999966 0.00000000099999999966 0.00000000099999999966 0.00000000099999999966 0.00000000099999999966 0.99999999200000000421 
0.00000000099999999961 0.00000000099999999961 0.00000000099999999961 0.00000000099999999961 0.00000000099999999961 0.00000000099999999961 0.00000000099999999961 0.00000000099999999961 0.99999999200000000421 
0.00000000099999999993 0.99999999200000011523 0.00000000099999999993 0.00000000099999999993 0.00000000099999999993 0.00000000099999999993 0.00000000099999999993 0.00000000099999999993 0.00000000099999999993 
0.00000000099999999996 0.61576803184256356793 0.00000000099999999996 0.00000000099999999996 0.00000000099999999996 0.00000000099999999996 0.38412125881426290031 0.00000000099999999996 0.00011070334317376593 
0.00000000099999999993 0.99999999200000022626 0.00000000099999999993 0.00000000099999999993 0.00000000099999999993 0.00000000099999999993 0.00000000099999999993 0.00000000099999999993 0.00000000099999999993 
0.00000000099999999982 0.00000000099999999982 0.00000000099999999982 0.00000000099999999982 0.99999999200000000421 0.00000000099999999982 0.00000000099999999982 0.00000000099999999982 0.00000000099999999982 
0.00000000099999999986 0.00000000099999999986 0.44301906568759197302 0.00000000099999999986 0.20670775077737901793 0.00000000099999999986 0.00000000099999999986 0.00000000099999999986 0.35027317753502895670 
0.00000000099999999997 0.48472617187710720366 0.16207121956527228979 0.00000000099999999997 0.00000000099999999997 0.18357703714900364123 0.16962556640861686796 0.00000000099999999997 0.00000000099999999997 
0.00000000099999999950 0.00000000099999999950 0.00000000099999999950 0.99999999200000000421 0.00000000099999999950 0.00000000099999999950 0.00000000099999999950 0.00000000099999999950 0.00000000099999999950 
0.99999999200000011523 0.00000000099999999949 0.00000000099999999949 0.00000000099999999949 0.00000000099999999949 0.00000000099999999949 0.00000000099999999949 0.00000000099999999949 0.00000000099999999949 
0.99999999200000011523 0.00000000099999999950 0.00000000099999999950 0.00000000099999999950 0.00000000099999999950 0.00000000099999999950 0.00000000099999999950 0.00000000099999999950 0.00000000099999999950 
0.00000000099999999968 0.00000000099999999968 0.00000000099999999968 0.00000000099999999968 0.00000000099999999968 0.00000000099999999968 0.00000000099999999968 0.00000000099999999968 0.99999999200000000421 
0.00000000099999999963 0.00000000099999999963 0.00000000099999999963 0.00000000099999999963 0.00000000099999999963 0.00000000099999999963 0.00000000099999999963 0.00000000099999999963 0.99999999199999989319 
0.00000000099999999997 0.33908704559215896435 0.25058366944402499232 0.00000000099999999997 0.00285707806097308626 0.22306647251792038888 0.18440573038492247271 0.00000000099999999997 0.00000000099999999997 
0.00000000099999999989 0.00000000099999999989 0.00000000099999999989 0.00000000099999999989 0.00000000099999999989 0.00000000099999999989 0.00000000099999999989 0.99999999199999989319 0.00000000099999999989 
0.00000000099999999965 0.00000000099999999965 0.00000000099999999965 0.00000000099999999965 0.00000000099999999965 0.00000000099999999965 0.00000000099999999965 0.00000000099999999965 0.99999999199999989319 
0.00000000099999999989 0.00000000099999999989 0.99999999200000011523 0.00000000099999999989 0.00000000099999999989 0.00000000099999999989 0.00000000099999999989 0.00000000099999999989 0.00000000099999999989 
0.00000000099999999986 0.00000000099999999986 0.00000000099999999986 0.00000000099999999986 0.00000000099999999986 0.00000000099999999986 0.00000000099999999986 0.99999999200000000421 0.00000000099999999986 
0.00000000099999999969 0.00000000099999999969 0.00000000099999999969 0.00000000099999999969 0.00000000099999999969 0.00000000099999999969 0.00000000099999999969 0.00000000099999999969 0.99999999199999989319 
0.00000000099999999998 0.39524665064832065209 0.26834947550081467149 0.00000000099999999998 0.00000000099999999998 0.10577161256002459711 0.21970022845023295943 0.00811021683969642172 0.00282181300091081857 
0.00000000099999999965 0.00000000099999999965 0.00000000099999999965 0.00000000099999999965 0.00000000099999999965 0.00000000099999999965 0.00000000099999999965 0.00000000099999999965 0.99999999200000000421 
0.00000000099999999988 0.00000000099999999988 0.00000000099999999988 0.00000000099999999988 0.00000000099999999988 0.00000000099999999988 0.00000000099999999988 0.99999999199999989319 0.00000000099999999988 
0.00000000099999999984 0.00000000099999999984 0.00000000099999999984 0.00000000099999999984 0.00000000099999999984 0.00000000099999999984 0.00000000099999999984 0.99999999199999989319 0.00000000099999999984 
0.00000000099999999961 0.00000000099999999961 0.00000000099999999961 0.00000000099999999961 0.00000000099999999961 0.00000000099999999961 0.00000000099999999961 0.00000000099999999961 0.99999999200000000421 
0.00000000099999999964 0.00000000099999999964 0.00000000099999999964 0.00000000099999999964 0.00000000099999999964 0.00000000099999999964 0.00000000099999999964 0.00000000099999999964 0.99999999200000000421 
0.00000000099999999992 0.00000000099999999992 0.00000000099999999992 0.00000000099999999992 0.49753828921323667300 0.00000000099999999992 0.00000000099999999992 0.50246170378676324741 0.00000000099999999992 
0.00000000099999999992 0.00000000099999999992 0.00000000099999999992 0.00000000099999999992 0.55034168286829987515 0.00000000099999999992 0.00000000099999999992 0.44965831013170004526 0.00000000099999999992 
0.00000000099999999995 0.00000000099999999995 0.00000000099999999995 0.00000000099999999995 0.39951088844528209743 0.00000000099999999995 0.00000000099999999995 0.60048910455471771197 0.00000000099999999995 
0.00000000099999999970 0.00000000099999999970 0.00000000099999999970 0.00000000099999999970 0.00000000099999999970 0.00000000099999999970 0.00000000099999999970 0.00000000099999999970 0.99999999199999989319 
0.00000000099999999998 0.00000000099999999998 0.00000000099999999998 0.00000000099999999998 0.04169764818155081987 0.24383095872741392118 0.71014115550919709730 0.00000000099999999998 0.00433023258183824322 
0.00000000099999999999 0.24331714014319327788 0.00000000099999999999 0.00000000099999999999 0.00000000112070161552 0.16555592400789984064 0.56793066187733720618 0.00000000099999999999 0.02319626885086810072 
0.00000000099999999978 0.00000000099999999978 0.00000000099999999978 0.00000000099999999978 0.00000000099999999978 0.99999999200000011523 0.00000000099999999978 0.00000000099999999978 0.00000000099999999978 
0.00000000099999999993 0.00000000099999999993 0.00000000099999999993 0.00000000099999999993 0.00000000099999999993 0.00000000099999999993 0.99999999199999989319 0.00000000099999999993 0.00000000099999999993 
0.00000000099999999993 0.00000000099999999993 0.00000000099999999993 0.00000000099999999993 0.41552740442231234086 0.00000000099999999993 0.00000000099999999993 0.58447258857768746854 0.00000000099999999993 
0.00000000099999999993 0.99999999200000022626 0.00000000099999999993 0.00000000099999999993 0.00000000099999999993 0.00000000099999999993 0.00000000099999999993 0.00000000099999999993 0.00000000099999999993 
0.99999999200000022626 0.00000000099999999955 0.00000000099999999955 0.00000000099999999955 0.00000000099999999955 0.00000000099999999955 0.00000000099999999955 0.00000000099999999955 0.00000000099999999955 
0.00000000099999999992 0.00000000099999999992 0.00000000099999999992 0.00000000099999999992 0.00000000099999999992 0.00000000099999999992 0.99999999200000000421 0.00000000099999999992 0.00000000099999999992 
0.00000000099999999950 0.00000000099999999950 0.00000000099999999950 0.99999999200000011523 0.00000000099999999950 0.00000000099999999950 0.00000000099999999950 0.00000000099999999950 0.00000000099999999950 
0.00000000099999999999 0.36761393963689031894 0.28441822495418495054 0.00000000099999999999 0.00000000099999999999 0.00000000099999999999 0.32005392372736318762 0.02791390668156168084 0.00000000099999999999 
0.00000000099999999951 0.00000000099999999951 0.00000000099999999951 0.99999999200000011523 0.00000000099999999951 0.00000000099999999951 0.00000000099999999951 0.00000000099999999951 0.00000000099999999951 
0.00000000099999999997 0.60523868727326612937 0.12001908395217279757 0.00000000099999999997 0.00000000099999999997 0.27474222277456111785 0.00000000099999999997 0.00000000099999999997 0.00000000099999999997 
0.00000000099999999999 0.37695669216280669467 0.12556989320085662487 0.00000000099999999999 0.00000000099999999999 0.24148799038203297429 0.25598539562957323135 0.00000000099999999999 0.00000002462473054338 
0.00000000099999999990 0.00000000099999999990 0.00000000099999999990 0.00000000099999999990 0.20515570184526826791 0.00000000099999999990 0.00000000099999999990 0.79484429115473176353 0.00000000099999999990 
0.00000000099999999994 0.00000000099999999994 0.26155964392916647432 0.00000000099999999994 0.00000000099999999994 0.17751190516625958704 0.56092844490457383078 0.00000000099999999994 0.00000000099999999994 
0.00000000099999999952 0.00000000099999999952 0.00000000099999999952 0.99999999200000011523 0.00000000099999999952 0.00000000099999999952 0.00000000099999999952 0.00000000099999999952 0.00000000099999999952 
0.99999999200000022626 0.00000000099999999958 0.00000000099999999958 0.00000000099999999958 0.00000000099999999958 0.00000000099999999958 0.00000000099999999958 0.00000000099999999958 0.00000000099999999958 
0.00000000099999999998 0.38871492329443935176 0.14214567867376468047 0.00000000099999999998 0.05334624913248229433 0.26661011561961978078 0.12669547604964997989 0.01737608075014633949 0.00511147447989761163 
0.00000000099999999990 0.00000000099999999990 0.00000000099999999990 0.00000000099999999990 0.54380174431101069299 0.00000000099999999990 0.00000000099999999990 0.45619824868898928294 0.00000000099999999990 
0.00000000099999999971 0.00000000099999999971 0.00000000099999999971 0.00000000099999999971 0.00000000099999999971 0.00000000099999999971 0.00000000099999999971 0.00000000099999999971 0.99999999199999989319 
0.00000000099999999992 0.00000000099999999992 0.00000000099999999992 0.00000000099999999992 0.22404193604325095546 0.00000000099999999992 0.00000000099999999992 0.77595805695674902047 0.00000000099999999992 
0.00000000099999999998 0.00000000099999999998 0.38656650122150437721 0.00000000099999999998 0.00000000099999999998 0.24299480200133144470 0.34952554919503059372 0.02091314258213357313 0.00000000099999999998 
0.00000000099999999949 0.00000000099999999949 0.00000000099999999949 0.99999999200000011523 0.00000000099999999949 0.00000000099999999949 0.00000000099999999949 0.00000000099999999949 0.00000000099999999949 
0.00000000099999999958 0.00000000099999999958 0.00000000099999999958 0.00000000099999999958 0.00000000099999999958 0.00000000099999999958 0.00000000099999999958 0.00000000099999999958 0.99999999200000000421 
0.99999999200000011523 0.00000000099999999960 0.00000000099999999960 0.00000000099999999960 0.00000000099999999960 0.00000000099999999960 0.00000000099999999960 0.00000000099999999960 0.00000000099999999960 
0.00000000099999999999 0.40723979085291073243 0.00000000099999999999 0.00000000099999999999 0.00375383125483815493 0.00000000099999999999 0.57184924589689556385 0.00000000099999999999 0.01715712699535549071 
0.00000000099999999975 0.00000000099999999975 0.00000000099999999975 0.00000000099999999975 0.99999999200000000421 0.00000000099999999975 0.00000000099999999975 0.00000000099999999975 0.00000000099999999975 
0.00000000099999999978 0.00000000099999999978 0.00000000099999999978 0.00000000099999999978 0.99999999200000000421 0.00000000099999999978 0.00000000099999999978 0.00000000099999999978 0.00000000099999999978 
0.00000000099999999997 0.22133595214948251217 0.20603837276869033102 0.00000000099999999997 0.00000000099999999997 0.14995559463204044537 0.19366463796899072158 0.22900543848079601972 0.00000000099999999997 
0.00000000099999999999 0.15513111895046580169 0.00000000099999999999 0.00000000099999999999 0.00000000099999999999 0.13190358302727664408 0.68808928525504742257 0.01278426988674215628 0.01209173888046805381 
0.00000000099999999995 0.00000000099999999995 0.00000000099999999995 0.00000000099999999995 0.00000000099999999995 0.00000000099999999995 0.99999999199999989319 0.00000000099999999995 0.00000000099999999995 
0.00000000099999999992 0.99999999200000022626 0.00000000099999999992 0.00000000099999999992 0.00000000099999999992 0.00000000099999999992 0.00000000099999999992 0.00000000099999999992 0.00000000099999999992 
0.00000000099999999998 0.48547853167700405486 0.04354084498695082184 0.00000000099999999998 0.00170383151597369785 0.12736478312580448713 0.34191200469426685782 0.00000000099999999998 0.00000000099999999998 
0.00000000099999999995 0.31061238595142798280 0.00000000099999999995 0.00000000099999999995 0.00000000099999999995 0.15824464840205468286 0.53114295964651714321 0.00000000099999999995 0.00000000099999999995 
0.00000000099999999994 0.66960503423201700457 0.00000000099999999994 0.00000000099999999994 0.00000000099999999994 0.33039495876798308238 0.00000000099999999994 0.00000000099999999994 0.00000000099999999994 
0.00000000099999999998 0.34167099323086030926 0.14973486811655123407 0.00000000099999999998 0.00000000099999999998 0.00068062308900844633 0.48543753798541616762 0.02115885916576848436 0.00131711541239516792 
0.00000000099999999998 0.26528076045525678106 0.15493455640448855481 0.00000000099999999998 0.00000000099999999998 0.00000000099999999998 0.54036385684736421009 0.03942082129289039422 0.00000000099999999998 
0.00000000099999999992 0.00000000099999999992 0.00000000099999999992 0.00000000099999999992 0.21504291726112295668 0.00000000099999999992 0.00000000099999999992 0.78495707573887685271 0.00000000099999999992 
0.00000000099999999984 0.00000000099999999984 0.00000000099999999984 0.00000000099999999984 0.99999999200000011523 0.00000000099999999984 0.00000000099999999984 0.00000000099999999984 0.00000000099999999984 
0.00000000099999999964 0.00000000099999999964 0.00000000099999999964 0.99999999200000000421 0.00000000099999999964 0.00000000099999999964 0.00000000099999999964 0.00000000099999999964 0.00000000099999999964 
0.00000000099999999995 0.00000000099999999995 0.00000000099999999995 0.00000000099999999995 0.43647609471560994132 0.00000000099999999995 0.00000000099999999995 0.56352389828438997910 0.00000000099999999995 
0.00000000099999999995 0.00000000099999999995 0.00000000099999999995 0.00000000099999999995 0.44168465380671267928 0.00000000099999999995 0.00000000099999999995 0.55831533919328724114 0.00000000099999999995 
0.00000000099999999997 0.13782444330187090809 0.27930469362959303714 0.00000000099999999997 0.00000000099999999997 0.25503883776067803879 0.31466502834798598665 0.01316699295987190481 0.00000000099999999997 
0.99999999200000011523 0.00000000099999999948 0.00000000099999999948 0.00000000099999999948 0.00000000099999999948 0.00000000099999999948 0.00000000099999999948 0.00000000099999999948 0.00000000099999999948 
0.00000000099999999998 0.17413435840727167769 0.26151942813218981287 0.00000000099999999998 0.00000000099999999998 0.12506803078961106768 0.43927817767092747214 0.00000000099999999998 0.00000000099999999998 
0.00000000099999999998 0.42656955302099586191 0.16945974091019225249 0.00000000099999999998 0.01987961009584613900 0.09426265356436520915 0.28847128927548848498 0.00000000099999999998 0.00135715013311207854 
0.00000000099999999999 0.35383340077655028866 0.12806231605793205741 0.00000000099999999999 0.01057943183449447030 0.22255825761154199305 0.28299467446970383300 0.00000000099999999999 0.00197191624977731406 
0.00000000099999999999 0.30640251839031223957 0.13236671978701669561 0.00000000099999999999 0.00000000099999999999 0.10542936536392441549 0.42572447903216614762 0.03007691342658049688 0.00000000099999999999 
0.00000000099999999987 0.00000000099999999987 0.99999999200000000421 0.00000000099999999987 0.00000000099999999987 0.00000000099999999987 0.00000000099999999987 0.00000000099999999987 0.00000000099999999987 
0.00000000099999999998 0.35598685991933382011 0.28306791005011616713 0.00000000099999999998 0.04185319115878431001 0.00000000099999999998 0.31909203387176571232 0.00000000099999999998 0.00000000099999999998 
0.00000000099999999997 0.00000000099999999997 0.31915996529532691950 0.00000000099999999997 0.00000000099999999997 0.00000000099999999997 0.68084002770467300092 0.00000000099999999997 0.00000000099999999997 
0.00000000099999999998 0.12330484396364044253 0.00000000099999999998 0.00000000099999999998 0.03026688200401417631 0.17129440156296960041 0.67512953204153458575 0.00000000099999999998 0.00000433642784127124 
0.00000000099999999999 0.35023445010117632004 0.17205164175336651322 0.00446592313421463084 0.02898583996958908546 0.06297424360055407788 0.35596000480505002317 0.00000000099999999999 0.02532789463604933483 
0.00000000099999999998 0.40096801264128223430 0.18924456814816315031 0.00000000099999999998 0.00282274117608062461 0.15060529369785513598 0.24611733943150601589 0.00000000099999999998 0.01024204190511294847 
0.00000000099999999996 0.33929650475050820990 0.12125074985804558392 0.00000000099999999996 0.00000000099999999996 0.20942251177391549288 0.33003022861753061878 0.00000000099999999996 0.00000000099999999996 
0.00000000100000000000 0.34239134391780656763 0.24606690627994223797 0.00000000100000000000 0.03162397161710474303 0.04510548912902830054 0.31354069533981865359 0.00000000100000000000 0.02127159071629963413 
0.00000000099999999996 0.24820544671688440919 0.22262846575088265921 0.00000000099999999996 0.00000000099999999996 0.30255420771740876296 0.22380620931181663402 0.00000000099999999996 0.00280566650300748555 
0.00000000099999999998 0.43553652543986309809 0.09686338988050305354 0.00000000099999999998 0.00000000099999999998 0.09656371761336689230 0.35773751398458136785 0.01329884908168562155 0.00000000099999999998 
0.00000000099999999998 0.52231627872605135288 0.19792153135494658378 0.00000000099999999998 0.00000000099999999998 0.00000000126925128755 0.27976218364975086184 0.00000000099999999998 0.00000000099999999998 
0.00000000099999999996 0.00000131078138428578 0.43093436962822107006 0.00000000099999999996 0.02638567162333730828 0.00000000099999999996 0.54267355206758061126 0.00000509189947648439 0.00000000099999999996 
0.00000000099999999998 0.15520659846698761641 0.21385418161470332032 0.00000000099999999998 0.00000000099999999998 0.25543463454680936930 0.37202785264281884592 0.00347672872868065239 0.00000000099999999998 
0.00000000099999999997 0.00000000099999999997 0.14410095331442732136 0.00000000099999999997 0.05508261683122665092 0.12401813082501281227 0.67679829402933322502 0.00000000099999999997 0.00000000099999999997 
0.00000000099999999998 0.34224391223467243162 0.22458173240143053384 0.00000000099999999998 0.00000677401558437003 0.15960124826275337573 0.27356632908555938988 0.00000000099999999998 0.00000000099999999998 
0.00000000099999999996 0.55851585300762374153 0.44148413999237640093 0.00000000099999999996 0.00000000099999999996 0.00000000099999999996 0.00000000099999999996 0.00000000099999999996 0.00000000099999999996 
0.07088344357020032183 0.92911654942979970961 0.00000000099999999999 0.00000000099999999999 0.00000000099999999999 0.00000000099999999999 0.00000000099999999999 0.00000000099999999999 0.00000000099999999999 
0.00000000099999999997 0.17847254661256670150 0.26341753345075358261 0.00000000099999999997 0.00000303544505529195 0.11184287334233228295 0.44427572372660617539 0.00198828442268601368 0.00000000099999999997 
0.00000000099999999995 0.50297716323803198790 0.48336099283910760604 0.00000000099999999995 0.00000000099999999995 0.00000000099999999995 0.00000000099999999995 0.01366183792286052717 0.00000000099999999995 
0.00000000099999999995 0.38539807371521828117 0.30605933465735279952 0.00000000099999999995 0.00000000099999999995 0.30854258562742892247 0.00000000099999999995 0.00000000099999999995 0.00000000099999999995 
0.00000000099999999998 0.40667441790602820717 0.00000000099999999998 0.00000000099999999998 0.00000000099999999998 0.12212205651552425489 0.45403573029089910884 0.00000000099999999998 0.01716779028754833805 
0.00000000099999999996 0.73674851309725764015 0.00000009141605072599 0.00000000099999999996 0.00000000099999999996 0.00000000099999999996 0.26325138948669180028 0.00000000099999999996 0.00000000099999999996 
0.00000000099999999998 0.00000000099999999998 0.41538598015939204311 0.00000000099999999998 0.00000000099999999998 0.16012145852651613054 0.42449255531409180175 0.00000000099999999998 0.00000000099999999998 
0.00000000099999999997 0.34954081479012727440 0.24806330741921187033 0.00000000099999999997 0.00000000099999999997 0.07669106450911344908 0.30195598005441642853 0.02095147508108254411 0.00279735514604825125 
0.00000000099999999997 0.42483993354908217155 0.20053197337207936957 0.00000000099999999997 0.00000000099999999997 0.18504401678094789530 0.18958407129789048295 0.00000000099999999997 0.00000000099999999997 
0.00000000099999999995 0.61904782357058796283 0.00000000099999999995 0.00000000099999999995 0.00000000099999999995 0.00000000099999999995 0.34592207707922389970 0.03503009335018825166 0.00000000099999999995 
0.00000000099999999992 0.00000000099999999992 0.00000000099999999992 0.00000000099999999992 0.34321278097222868153 0.00000000099999999992 0.00000000099999999992 0.65678721202777112786 0.00000000099999999992 
0.00000000099999999995 0.00000000099999999995 0.00000000099999999995 0.00000000099999999995 0.49812358019941255227 0.00000000099999999995 0.00000000099999999995 0.50187641280058736815 0.00000000099999999995 
0.44647313736825205988 0.00000000099999999968 0.00000000099999999968 0.55352685563174797156 0.00000000099999999968 0.00000000099999999968 0.00000000099999999968 0.00000000099999999968 0.00000000099999999968 
0.00000000099999999959 0.00000000099999999959 0.00000000099999999959 0.00000000099999999959 0.00000000099999999959 0.00000000099999999959 0.00000000099999999959 0.00000000099999999959 0.99999999200000000421 
0.00000000099999999999 0.07695026908717045311 0.00000000099999999999 0.00000000099999999999 0.28836427478826126558 0.00000000099999999999 0.00000000099999999999 0.59979211586600456041 0.03489333525856370272 
0.00000000099999999997 0.20399829923013837463 0.27635703774841341440 0.00000000099999999997 0.00000000099999999997 0.11731734554479447685 0.38983322765481026595 0.01249408582184347027 0.00000000099999999997 
0.00000000099999999999 0.50267620911856381039 0.00000000099999999999 0.00000000099999999999 0.00000000099999999999 0.00000000099999999999 0.46627713487063204845 0.03104665001080432821 0.00000000099999999999 
0.00000000099999999992 0.00000000099999999992 0.00000000099999999992 0.00000000099999999992 0.00000000099999999992 0.00000000099999999992 0.00000000099999999992 0.99999999199999989319 0.00000000099999999992 
0.00000000099999999998 0.29657115165840974846 0.07766019867170552426 0.00000000099999999998 0.00000000099999999998 0.15338509236539102365 0.45998518008880651120 0.01239837321568710779 0.00000000099999999998 
0.00000000099999999993 0.99999999200000011523 0.00000000099999999993 0.00000000099999999993 0.00000000099999999993 0.00000000099999999993 0.00000000099999999993 0.00000000099999999993 0.00000000099999999993 
0.00000000099999999994 0.00000000099999999994 0.00000000099999999994 0.00000000099999999994 0.00000000099999999994 0.00000000099999999994 0.99999999200000000421 0.00000000099999999994 0.00000000099999999994 
0.49099015677910379241 0.00000000099999999958 0.00000000099999999958 0.50900983622089612801 0.00000000099999999958 0.00000000099999999958 0.00000000099999999958 0.00000000099999999958 0.00000000099999999958 
0.42736928729118295323 0.00000000099999999960 0.00000000099999999960 0.57263070570881702270 0.00000000099999999960 0.00000000099999999960 0.00000000099999999960 0.00000000099999999960 0.00000000099999999960 
0.99999999200000022626 0.00000000099999999950 0.00000000099999999950 0.00000000099999999950 0.00000000099999999950 0.00000000099999999950 0.00000000099999999950 0.00000000099999999950 0.00000000099999999950 
0.99999999200000011523 0.00000000099999999951 0.00000000099999999951 0.00000000099999999951 0.00000000099999999951 0.00000000099999999951 0.00000000099999999951 0.00000000099999999951 0.00000000099999999951 
0.00000000099999999946 0.00000000099999999946 0.00000000099999999946 0.99999999200000000421 0.00000000099999999946 0.00000000099999999946 0.00000000099999999946 0.00000000099999999946 0.00000000099999999946 
0.00000000099999999983 0.00000000099999999983 0.00000000099999999983 0.00000000099999999983 0.99999999200000000421 0.00000000099999999983 0.00000000099999999983 0.00000000099999999983 0.00000000099999999983 
0.00000000099999999996 0.00000000099999999996 0.00000000099999999996 0.00000000099999999996 0.00000000099999999996 0.00000000099999999996 0.99999999200000000421 0.00000000099999999996 0.00000000099999999996 
0.00000000099999999948 0.00000000099999999948 0.00000000099999999948 0.99999999200000000421 0.00000000099999999948 0.00000000099999999948 0.00000000099999999948 0.00000000099999999948 0.00000000099999999948 
0.00000000099999999952 0.00000000099999999952 0.00000000099999999952 0.99999999200000000421 0.00000000099999999952 0.00000000099999999952 0.00000000099999999952 0.00000000099999999952 0.00000000099999999952 
0.00000000099999999958 0.00000000099999999958 0.00000000099999999958 0.00000000099999999958 0.00000000099999999958 0.00000000099999999958 0.00000000099999999958 0.00000000099999999958 0.99999999199999989319 
0.00000000099999999958 0.00000000099999999958 0.00000000099999999958 0.00000000099999999958 0.00000000099999999958 0.00000000099999999958 0.00000000099999999958 0.00000000099999999958 0.99999999200000000421 
0.00000000099999999994 0.00000000099999999994 0.00000000099999999994 0.00000000099999999994 0.00000000099999999994 0.35574716608641826499 0.64425282691358176645 0.00000000099999999994 0.00000000099999999994 
0.99999999200000011523 0.00000000099999999953 0.00000000099999999953 0.00000000099999999953 0.00000000099999999953 0.00000000099999999953 0.00000000099999999953 0.00000000099999999953 0.00000000099999999953 
0.00000000099999999998 0.45179297749077185209 0.37626540176571116048 0.00000000099999999998 0.00000000099999999998 0.17119979883498159801 0.00000000099999999998 0.00074181690853531888 0.00000000099999999998 
0.00000000099999999996 0.22440133974512582737 0.12784499752813502371 0.00000000099999999996 0.00000000099999999996 0.27815233477253109573 0.36960132295420811133 0.00000000099999999996 0.00000000099999999996 
0.00000000099999999996 0.00000000099999999996 0.03543604007290635655 0.00000000099999999996 0.43865989074571476447 0.00020245458971073499 0.00000000099999999996 0.52570160959166811754 0.00000000099999999996 
0.00000000099999999997 0.31936098001490609288 0.18856065986637676746 0.00000000099999999997 0.00000000099999999997 0.00000000099999999997 0.47762582506884465605 0.01445253004987256604 0.00000000099999999997 
0.00000000099999999984 0.00000000099999999984 0.00000000099999999984 0.00000000099999999984 0.00000000099999999984 0.00000000099999999984 0.00000000099999999984 0.99999999200000000421 0.00000000099999999984 
0.00000000099999999994 0.00000000099999999994 0.53572626121590605219 0.00000000099999999994 0.00000000099999999994 0.46427373178409381271 0.00000000099999999994 0.00000000099999999994 0.00000000099999999994 
0.00000000099999999986 0.00000000099999999986 0.00000000099999999986 0.00000000099999999986 0.00000000099999999986 0.00000000099999999986 0.00000000099999999986 0.99999999199999989319 0.00000000099999999986 
0.00000000099999999990 0.00000000099999999990 0.99999999200000011523 0.00000000099999999990 0.00000000099999999990 0.00000000099999999990 0.00000000099999999990 0.00000000099999999990 0.00000000099999999990 
0.00000000099999999999 0.39001938147503373289 0.13043587023927777357 0.00000000099999999999 0.00000000099999999999 0.18935242739138122281 0.28116034753914503908 0.00000000099999999999 0.00903196935516231703 
0.43064782501172849116 0.00000000099999999961 0.00000000099999999961 0.56935216798827137374 0.00000000099999999961 0.00000000099999999961 0.00000000099999999961 0.00000000099999999961 0.00000000099999999961 
0.00000000099999999993 0.00000000099999999993 0.00000000099999999993 0.00000000099999999993 0.22260638096425816590 0.00000000099999999993 0.00000000099999999993 0.77739361203574175452 0.00000000099999999993 
0.99999999200000022626 0.00000000099999999949 0.00000000099999999949 0.00000000099999999949 0.00000000099999999949 0.00000000099999999949 0.00000000099999999949 0.00000000099999999949 0.00000000099999999949 
0.44460788201114553875 0.00000000099999999955 0.00000000099999999955 0.55539211098885454820 0.00000000099999999955 0.00000000099999999955 0.00000000099999999955 0.00000000099999999955 0.00000000099999999955 
0.00000000099999999997 0.00000000099999999997 0.30279138288344442653 0.00000000099999999997 0.00000000099999999997 0.23770579063275387721 0.45950282048380169941 0.00000000099999999997 0.00000000099999999997 
0.00000000099999999993 0.99999999200000022626 0.00000000099999999993 0.00000000099999999993 0.00000000099999999993 0.00000000099999999993 0.00000000099999999993 0.00000000099999999993 0.00000000099999999993 
0.00000000099999999996 0.33271290684055970788 0.00000000099999999996 0.00000000099999999996 0.01213062437226247389 0.08813956744954498657 0.56701689633763274756 0.00000000099999999996 0.00000000099999999996 
0.00000000099999999998 0.22486234601278279333 0.27056582202371337598 0.00000000099999999998 0.00000000099999999998 0.11073171980083133803 0.39384010716267248142 0.00000000099999999998 0.00000000099999999998 
0.00000000099999999994 0.00000000099999999994 0.00000025342361812439 0.00000000099999999994 0.00000000099999999994 0.54684994693328692339 0.45314979364309493359 0.00000000099999999994 0.00000000099999999994 
0.00000000099999999997 0.27302628891212393780 0.27439047936015309448 0.00000000099999999997 0.02640942491021739530 0.00000000157710309693 0.42343864884674747850 0.00000000099999999997 0.00273515339365500588 
0.00000000099999999993 0.00000000099999999993 0.00000000099999999993 0.00000000099999999993 0.00000000099999999993 0.00000000099999999993 0.99999999200000000421 0.00000000099999999993 0.00000000099999999993 
0.00000000099999999995 0.00000000099999999995 0.00000000099999999995 0.00000000099999999995 0.22183098839940021407 0.00000188779093366074 0.01337324751109285684 0.76479387129857334671 0.00000000099999999995 
0.00000000099999999995 0.63119917393368718539 0.00000000099999999995 0.00000000099999999995 0.00000000099999999995 0.00000000099999999995 0.36880081906631301258 0.00000000099999999995 0.00000000099999999995 
0.99999999200000011523 0.00000000099999999950 0.00000000099999999950 0.00000000099999999950 0.00000000099999999950 0.00000000099999999950 0.00000000099999999950 0.00000000099999999950 0.00000000099999999950 
0.00000000099999999998 0.32251462732154656532 0.00000000099999999998 0.00000000099999999998 0.00903093666264304269 0.16504571943536458511 0.50340871158044586675 0.00000000099999999998 0.00000000099999999998 
0.99999999200000011523 0.00000000099999999980 0.00000000099999999980 0.00000000099999999980 0.00000000099999999980 0.00000000099999999980 0.00000000099999999980 0.00000000099999999980 0.00000000099999999980 
0.99999999200000011523 0.00000000099999999956 0.00000000099999999956 0.00000000099999999956 0.00000000099999999956 0.00000000099999999956 0.00000000099999999956 0.00000000099999999956 0.00000000099999999956 
0.00000000099999999995 0.56253603038873178921 0.00000000099999999995 0.00000000099999999995 0.00000000099999999995 0.43746396261126829774 0.00000000099999999995 0.00000000099999999995 0.00000000099999999995 
0.00000000099999999993 0.00000000099999999993 0.00000000099999999993 0.00000000099999999993 0.00000000099999999993 0.00000000099999999993 0.99999999200000000421 0.00000000099999999993 0.00000000099999999993 
0.00000000099999999997 0.00000000099999999997 0.17971274204132856034 0.00000000099999999997 0.00000000099999999997 0.29374126133067590683 0.51655165799218749623 0.00999433363580806353 0.00000000099999999997 
0.42522790517340286476 0.00000000099999999965 0.00000000099999999965 0.57477208782659705566 0.00000000099999999965 0.00000000099999999965 0.00000000099999999965 0.00000000099999999965 0.00000000099999999965 
0.00000000099999999991 0.00000000099999999991 0.00000000099999999991 0.00000000099999999991 0.51872284569449145231 0.00000000099999999991 0.00000000099999999991 0.48127714730550852362 0.00000000099999999991 
0.00000000099999999980 0.00000000099999999980 0.00000000099999999980 0.00000000099999999980 0.99999999200000000421 0.00000000099999999980 0.00000000099999999980 0.00000000099999999980 0.00000000099999999980 
0.00000000099999999952 0.00000000099999999952 0.00000000099999999952 0.99999999200000000421 0.00000000099999999952 0.00000000099999999952 0.00000000099999999952 0.00000000099999999952 0.00000000099999999952 
0.00000000099999999995 0.00000000099999999995 0.00000000099999999995 0.00000000099999999995 0.00000000099999999995 0.00000000099999999995 0.99999999200000000421 0.00000000099999999995 0.00000000099999999995 
0.00000000099999999999 0.42971617764119030003 0.20799612153550126048 0.00000000099999999999 0.00000000099999999999 0.28724345919040938924 0.03473066301390650978 0.04025399869188715785 0.00005957692710540822 
0.99999999200000022626 0.00000000099999999957 0.00000000099999999957 0.00000000099999999957 0.00000000099999999957 0.00000000099999999957 0.00000000099999999957 0.00000000099999999957 0.00000000099999999957 
0.00000000099999999996 0.36661728724010023139 0.44358658447868964947 0.00000000099999999996 0.00000000099999999996 0.18979612228121001127 0.00000000099999999996 0.00000000099999999996 0.00000000099999999996 
0.00000000099999999988 0.00000000099999999988 0.00000000099999999988 0.00000000099999999988 0.00000000099999999988 0.00000000099999999988 0.00000000099999999988 0.99999999200000000421 0.00000000099999999988 
0.00000000099999999994 0.00000000099999999994 0.00000000099999999994 0.08274503522785359166 0.00000000227281257818 0.83822366590708041745 0.00000000099999999994 0.00000000194022852277 0.07903129065202493808 
