0.60594556567866952879 0.00000000099999999999 0.00000000099999999999 0.35252060712026234146 0.02037437862675809536 0.02115944265804578506 0.00000000391626411582 
0.00000000099999999988 0.00000000099999999988 0.99999999399999994765 0.00000000099999999988 0.00000000099999999988 0.00000000099999999988 0.00000000099999999988 
0.00000000099999999993 0.00000000099999999993 0.37679725927226809246 0.00000000099999999993 0.62320273572773188242 0.00000000099999999993 0.00000000099999999993 
0.60820723765303419395 0.00000000099999999999 0.04836783086322120340 0.34280088105617473326 0.00004555338485174249 0.00057849504271803272 0.00000000099999999999 
0.64970980118488408372 0.00000000099999999999 0.00000203789318625592 0.34132608010582998759 0.00000000099999999999 0.00896207781609961382 0.00000000099999999999 
0.78895906597618070677 0.00000000099999999997 0.00000000099999999997 0.16510440605180440321 0.04277904020061214924 0.00315748477140274540 0.00000000099999999997 
0.00000000099999999991 0.00000000099999999991 0.00000000099999999991 0.00000000099999999991 0.99999999400000005867 0.00000000099999999991 0.00000000099999999991 
0.00000000099999999987 0.00000000099999999987 0.99999999399999994765 0.00000000099999999987 0.00000000099999999987 0.00000000099999999987 0.00000000099999999987 
0.78021930257298943712 0.00000000099999999998 0.01623046025161653874 0.18613221372786806218 0.00000000099999999998 0.01741802044752587680 0.00000000099999999998 
0.00000000099999999989 0.00000000099999999989 0.99999999400000005867 0.00000000099999999989 0.00000000099999999989 0.00000000099999999989 0.00000000099999999989 
0.58425584356733106794 0.00000000099999999999 0.02278935640165613563 0.38365147662393256356 0.00000000099999999999 0.00930332040708012169 0.00000000099999999999 
0.64847697269743287407 0.00000000099999999997 0.00000000099999999997 0.31568353560063538987 0.03014881401404022332 0.00569067468789160799 0.00000000099999999997 
0.73908271356114452200 0.00000000099999999999 0.01095487422775764941 0.24406967339782575932 0.00000000099999999999 0.00589273581327201621 0.00000000099999999999 
0.70671248558889587787 0.00000000099999999999 0.00000000099999999999 0.26093045301601147656 0.01614770092837779225 0.01620935746671491040 0.00000000099999999999 
0.00000000099999999994 0.00000000099999999994 0.00000000099999999994 0.99999999400000005867 0.00000000099999999994 0.00000000099999999994 0.00000000099999999994 
0.66268922284180920013 0.00000000099999999999 0.04167778239685131225 0.24374066507117986280 0.02205390262005318958 0.02983842507010645018 0.00000000099999999999 
0.68773179457438704532 0.00000000099999999999 0.01180928881976061294 0.30045891260585233518 0.00000000099999999999 0.00000000099999999999 0.00000000099999999999 
0.76238143952615078369 0.00000000099999999999 0.00000000099999999999 0.22865219394604199832 0.00000000099999999999 0.00383479247791631292 0.00513157104989088800 
0.71326387227904763932 0.00000000099999999999 0.01822049124894192795 0.25463141514411519184 0.00000000099999999999 0.00544379610172284097 0.00844042322617232985 
0.81236848646506043536 0.00000000099999999996 0.00721361242981514474 0.17662594472344400609 0.00000000099999999996 0.00379195338168039891 0.00000000099999999996 
0.59787899832620694518 0.00000000099999999999 0.00000005943148251098 0.40212008870732945942 0.00000085053498114818 0.00000000099999999999 0.00000000099999999999 
0.00000000099999999991 0.00000000099999999991 0.00000000099999999991 0.00000000099999999991 0.99999999399999994765 0.00000000099999999991 0.00000000099999999991 
0.63041694672585157910 0.00000000099999999998 0.00000000099999999998 0.33496654486926741301 0.03461650440488104469 0.00000000099999999998 0.00000000099999999998 
0.00000000099999999986 0.00000000099999999986 0.00000000099999999986 0.99999999400000005867 0.00000000099999999986 0.00000000099999999986 0.00000000099999999986 
0.78732186329100573019 0.00000000099999999997 0.00000000099999999997 0.16690433703738469240 0.04577379567160964891 0.00000000099999999997 0.00000000099999999997 
0.61991098176851622270 0.00000000099999999998 0.00000000099999999998 0.38007180157178260815 0.00000000099999999998 0.00001721265970117592 0.00000000099999999998 
0.00000000099999999975 0.00000000099999999975 0.00000000099999999975 0.00000000099999999975 0.00000000099999999975 0.99999999400000005867 0.00000000099999999975 
0.00000000099999999972 0.00000000099999999972 0.00000000099999999972 0.00000000099999999972 0.00000000099999999972 0.99999999400000005867 0.00000000099999999972 
0.69974359190153057053 0.00000000099999999999 0.00000000099999999999 0.28331168248406846111 0.00996862816380239547 0.00697609445059858141 0.00000000099999999999 
0.55683558041584635401 0.00000000099999999997 0.00000000099999999997 0.43482532968959303199 0.00000000099999999997 0.00833908589456065254 0.00000000099999999997 
0.78163981840004781443 0.00000000099999999998 0.03019842654398213408 0.18816053932343090871 0.00000121273253927216 0.00000000099999999998 0.00000000099999999998 
0.00000000099999999991 0.00000000099999999991 0.00000000099999999991 0.00000000099999999991 0.99999999399999994765 0.00000000099999999991 0.00000000099999999991 
0.00000000099999999991 0.00000000099999999991 0.00000000099999999991 0.43976691684692631457 0.20596565059359159267 0.35426742855948212263 0.00000000099999999991 
0.73106390326968284654 0.00000000099999999998 0.01076979786821087234 0.25816629486210629363 0.00000000099999999998 0.00000000099999999998 0.00000000099999999998 
0.00000000099999999967 0.00000000099999999967 0.00000000099999999967 0.00000000099999999967 0.00000000099999999967 0.00000000099999999967 0.99999999400000005867 
0.00000000099999999962 0.99999999400000016969 0.00000000099999999962 0.00000000099999999962 0.00000000099999999962 0.00000000099999999962 0.00000000099999999962 
0.00000000099999999963 0.99999999400000005867 0.00000000099999999963 0.00000000099999999963 0.00000000099999999963 0.00000000099999999963 0.00000000099999999963 
0.00000000099999999977 0.00000000099999999977 0.00000000099999999977 0.00000000099999999977 0.00000000099999999977 0.99999999400000005867 0.00000000099999999977 
0.00000000099999999974 0.00000000099999999974 0.00000000099999999974 0.00000000099999999974 0.00000000099999999974 0.99999999400000005867 0.00000000099999999974 
0.64126910146582793981 0.00000000099999999998 0.00000216655853959307 0.35870337147468284167 0.00002535750094956054 0.00000000099999999998 0.00000000099999999998 
0.00000000099999999995 0.00000000099999999995 0.60481103635380961681 0.00000000099999999995 0.39518895864619035807 0.00000000099999999995 0.00000000099999999995 
0.00000000099999999975 0.00000000099999999975 0.00000000099999999975 0.00000000099999999975 0.00000000099999999975 0.99999999399999994765 0.00000000099999999975 
0.62371868740826097444 0.00000000099999999998 0.00000000099999999998 0.33560726282682801225 0.03314883414998386069 0.00752521261492722100 0.00000000099999999998 
0.00000000099999999987 0.00000000099999999987 0.99999999400000005867 0.00000000099999999987 0.00000000099999999987 0.00000000099999999987 0.00000000099999999987 
0.00000000099999999978 0.00000000099999999978 0.00000000099999999978 0.00000000099999999978 0.00000000099999999978 0.99999999400000005867 0.00000000099999999978 
0.72155992845335548136 0.00000000099999999998 0.00159563607701848111 0.24940986353705477119 0.02183692944437183592 0.00559764048819921464 0.00000000099999999998 
0.00000000099999999975 0.00000000099999999975 0.00000000099999999975 0.00000000099999999975 0.00000000099999999975 0.99999999399999994765 0.00000000099999999975 
0.00000000099999999990 0.00000000099999999990 0.00000000099999999990 0.00000000099999999990 0.99999999399999994765 0.00000000099999999990 0.00000000099999999990 
0.00000000099999999988 0.00000000099999999988 0.00000000099999999988 0.00000000099999999988 0.99999999399999994765 0.00000000099999999988 0.00000000099999999988 
0.00000000099999999972 0.00000000099999999972 0.00000000099999999972 0.00000000099999999972 0.00000000099999999972 0.99999999399999994765 0.00000000099999999972 
0.00000000099999999974 0.00000000099999999974 0.00000000099999999974 0.00000000099999999974 0.00000000099999999974 0.99999999399999994765 0.00000000099999999974 
0.00000000099999999988 0.00000000099999999988 0.99999999400000005867 0.00000000099999999988 0.00000000099999999988 0.00000000099999999988 0.00000000099999999988 
0.00000000099999999988 0.00000000099999999988 0.00000000099999999988 0.00000000099999999988 0.99999999399999994765 0.00000000099999999988 0.00000000099999999988 
0.00000000099999999995 0.00000000099999999995 0.54138881451975873205 0.00000000099999999995 0.45861118048024113181 0.00000000099999999995 0.00000000099999999995 
0.00000000099999999978 0.00000000099999999978 0.00000000099999999978 0.00000000099999999978 0.00000000099999999978 0.99999999400000005867 0.00000000099999999978 
0.92126538624139331368 0.00000000099999999999 0.06499392007334818533 0.00000000966429997541 0.00000000099999999999 0.01374068102095848086 0.00000000099999999999 
0.70686280188937955504 0.00000000099999999999 0.00000000099999999999 0.25786711493562763930 0.00843390013239026654 0.02683618004260262743 0.00000000099999999999 
0.69956239525815810953 0.00000000099999999998 0.03163895381298878484 0.26879864692885319100 0.00000000099999999998 0.00000000099999999998 0.00000000099999999998 
0.49037910303410048307 0.00000000099999999998 0.02079186637434421794 0.48882902659155524905 0.00000000099999999998 0.00000000099999999998 0.00000000099999999998 
0.00000000099999999994 0.00000000099999999994 0.38983465271406858577 0.00000000099999999994 0.61016534228593144462 0.00000000099999999994 0.00000000099999999994 
0.82542828383479871501 0.00432027577229915968 0.01343393435329834698 0.15176585152912361321 0.00000000099999999999 0.00505165251048021735 0.00000000099999999999 
0.00000000099999999967 0.99999999400000016969 0.00000000099999999967 0.00000000099999999967 0.00000000099999999967 0.00000000099999999967 0.00000000099999999967 
0.98581495372335092853 0.00000000099999999996 0.01418504127664910186 0.00000000099999999996 0.00000000099999999996 0.00000000099999999996 0.00000000099999999996 
0.00000000099999999966 0.00000000099999999966 0.00000000099999999966 0.00000000099999999966 0.00000000099999999966 0.00000000099999999966 0.99999999400000005867 
0.64411188393609630776 0.00000000099999999999 0.04740050607131753718 0.30848760599258617798 0.00000000099999999999 0.00000000099999999999 0.00000000099999999999 
0.00000000099999999966 0.00000000099999999966 0.00000000099999999966 0.00000000099999999966 0.00000000099999999966 0.00000000099999999966 0.99999999399999994765 
0.98411800256725512348 0.00000000099999999998 0.01588199243274488956 0.00000000099999999998 0.00000000099999999998 0.00000000099999999998 0.00000000099999999998 
0.99999817620068831570 0.00000000099999999999 0.00000181628362334775 0.00000000099999999999 0.00000000099999999999 0.00000000351568844557 0.00000000099999999999 
0.00000000099999999986 0.00000000099999999986 0.99999999399999994765 0.00000000099999999986 0.00000000099999999986 0.00000000099999999986 0.00000000099999999986 
0.00000000099999999989 0.00000000099999999989 0.00000000099999999989 0.99999999400000005867 0.00000000099999999989 0.00000000099999999989 0.00000000099999999989 
0.00000000099999999966 0.99999999400000016969 0.00000000099999999966 0.00000000099999999966 0.00000000099999999966 0.00000000099999999966 0.00000000099999999966 
0.00000000099999999969 0.00000000099999999969 0.00000000099999999969 0.00000000099999999969 0.00000000099999999969 0.00000000099999999969 0.99999999400000005867 
0.63733403494703011472 0.00000000099999999999 0.05949349810742851630 0.26051677585344501509 0.03105380727342809191 0.01160188181866838274 0.00000000099999999999 
0.00000000099999999989 0.00000000099999999989 0.00000000099999999989 0.00000000099999999989 0.99999999399999994765 0.00000000099999999989 0.00000000099999999989 
0.00000000099999999978 0.00000000099999999978 0.00000000099999999978 0.00000000099999999978 0.00000000099999999978 0.99999999399999994765 0.00000000099999999978 
0.00000000099999999987 0.00000000099999999987 0.99999999399999994765 0.00000000099999999987 0.00000000099999999987 0.00000000099999999987 0.00000000099999999987 
0.68029797481143672311 0.00000000099999999999 0.00000000099999999999 0.27201936799834475211 0.04692500923806307289 0.00000000099999999999 0.00075764495215561794 
0.00000000099999999970 0.27490669380113363918 0.00000000099999999970 0.00000000099999999970 0.00000000099999999970 0.00000000099999999970 0.72509330119886616917 
0.00000000099999999970 0.00000000099999999970 0.00000000099999999970 0.00000000099999999970 0.00000000099999999970 0.99999999399999994765 0.00000000099999999970 
0.00000000099999999969 0.99999999400000005867 0.00000000099999999969 0.00000000099999999969 0.00000000099999999969 0.00000000099999999969 0.00000000099999999969 
0.00000000099999999993 0.00000000099999999993 0.00000000099999999993 0.99999999399999994765 0.00000000099999999993 0.00000000099999999993 0.00000000099999999993 
0.00000000099999999988 0.00000000099999999988 0.00000000099999999988 0.00000000099999999988 0.99999999399999994765 0.00000000099999999988 0.00000000099999999988 
0.00000000099999999993 0.00000000099999999993 0.56697094897655531121 0.00000000099999999993 0.43302904602344460816 0.00000000099999999993 0.00000000099999999993 
0.57086475415897386387 0.00000000099999999998 0.07746742259743669146 0.18963402045086152903 0.15980130940960463048 0.00223249138312339723 0.00000000099999999998 
0.69077839153169662278 0.00000000099999999999 0.00000000099999999999 0.27553955076979613770 0.01144322432064887561 0.02223883037785840885 0.00000000099999999999 
0.81601763840354435420 0.00000000099999999998 0.00017996240709125432 0.16207714740148826404 0.02172524878787620087 0.00000000099999999998 0.00000000099999999998 
0.74328546003947537635 0.00000000099999999998 0.00000006520090622381 0.22481800078621991257 0.03189647097339848303 0.00000000099999999998 0.00000000099999999998 
0.00000000099999999993 0.00000000099999999993 0.00000000099999999993 0.99999999400000005867 0.00000000099999999993 0.00000000099999999993 0.00000000099999999993 
0.62270380265667224506 0.00000000099999999996 0.00000000099999999996 0.37729619234332778532 0.00000000099999999996 0.00000000099999999996 0.00000000099999999996 
0.99856753301679201940 0.00000000099999999996 0.00000000099999999996 0.00000000099999999996 0.00143246198320803289 0.00000000099999999996 0.00000000099999999996 
0.74800604764444633688 0.00000000099999999998 0.00000000099999999998 0.22623631550548181646 0.01864897552829297353 0.00710865832177877150 0.00000000099999999998 
0.64259517720473968705 0.00000000099999999998 0.05860763777659512563 0.29879718101866520330 0.00000000099999999998 0.00000000099999999998 0.00000000099999999998 
0.00000000099999999987 0.00000000099999999987 0.99999999399999994765 0.00000000099999999987 0.00000000099999999987 0.00000000099999999987 0.00000000099999999987 
0.00000000099999999997 0.00000000099999999997 0.33962598256747961178 0.00000000099999999997 0.66037401243252047411 0.00000000099999999997 0.00000000099999999997 
0.00000000099999999982 0.34423319924875162013 0.00000000099999999982 0.00000000099999999982 0.00000000099999999982 0.00000000099999999982 0.65576679575124818822 
0.00000000099999999995 0.00000000099999999995 0.60034862994953863691 0.00000000099999999995 0.39965136505046133797 0.00000000099999999995 0.00000000099999999995 
0.00000000099999999996 0.00000000099999999996 0.37992624763865806559 0.00000000099999999996 0.62007374736134190929 0.00000000099999999996 0.00000000099999999996 
0.69232610389416127106 0.00000000099999999998 0.02882363688145962027 0.26754660431472454540 0.00364110293610029907 0.00766254997355428086 0.00000000099999999998 
0.00000000099999999968 0.40796546862200877559 0.00000000099999999968 0.00000000099999999968 0.00000000099999999968 0.00000000099999999968 0.59203452637799125480 
0.59369183571301020752 0.00000000099999999999 0.00000000099999999999 0.40430234764552847038 0.00000000099999999999 0.00200581264146156273 0.00000000099999999999 
0.75221125082231365955 0.00000000099999999998 0.00408288329153246466 0.21779450415302459287 0.01981666035793435907 0.00609469937519489281 0.00000000099999999998 
0.74793775254617234083 0.00000000099999999999 0.00000000099999999999 0.22849063957975399020 0.01658699466024324276 0.00592955580587036131 0.00105505540796022013 
0.95597087276828629498 0.00000000099999999999 0.00000000099999999999 0.00000000099999999999 0.04402912223171382561 0.00000000099999999999 0.00000000099999999999 
0.63189257325200609561 0.00000000099999999999 0.00000000099999999999 0.35720682815119836340 0.01090059459679551535 0.00000000099999999999 0.00000000099999999999 
0.49260853834801771045 0.00000000099999999998 0.04314518247779101229 0.46424627517419131406 0.00000000099999999998 0.00000000099999999998 0.00000000099999999998 
0.61117387173040138570 0.00000000099999999999 0.00000000099999999999 0.38441483067622067571 0.00245788226215498456 0.00195341233122298119 0.00000000099999999999 
0.74262422022640006691 0.00000000099999999999 0.00000000099999999999 0.22644738385770554756 0.02459636620449245914 0.00633202671140206935 0.00000000099999999999 
0.94948794257126634122 0.00000000099999999999 0.01976564820805751591 0.00000000099999999999 0.00000000099999999999 0.03074640522067608947 0.00000000099999999999 
0.77895524441621966094 0.00000000099999999999 0.01887304293684127429 0.19070479894966715917 0.00000000099999999999 0.01146691069727199044 0.00000000099999999999 
0.75051286492380731019 0.00000000099999999997 0.00121986517994537554 0.24826726502824256193 0.00000000186800479470 0.00000000099999999997 0.00000000099999999997 
0.93851875354801694851 0.00000000099999999999 0.00000000099999999999 0.00000000099999999999 0.03792216864761460693 0.02355907380436840851 0.00000000099999999999 
0.78413554741169910756 0.00000000099999999997 0.00000000099999999997 0.20438632127162273400 0.00000000099999999997 0.01147812731667822994 0.00000000099999999997 
0.65606532923657279177 0.00000000099999999999 0.02426554776857310289 0.31966911899485411785 0.00000000099999999999 0.00000000099999999999 0.00000000099999999999 
0.75852979703885448082 0.00000000099999999998 0.00739299699172695900 0.23407720196941858570 0.00000000099999999998 0.00000000099999999998 0.00000000099999999998 
0.69810553866029911863 0.00000000099999999998 0.00000000099999999998 0.25755056351955540883 0.04434389382014565506 0.00000000099999999998 0.00000000099999999998 
0.69476691096324316721 0.00000000099999999999 0.00000000099999999999 0.27531316608128503232 0.02430444320542167469 0.00561547675005022884 0.00000000099999999999 
0.00000000099999999994 0.00000000099999999994 0.00000000099999999994 0.99999999399999994765 0.00000000099999999994 0.00000000099999999994 0.00000000099999999994 
0.73832017891107271090 0.00000000099999999999 0.02456821881047204295 0.23673962999421788167 0.00000000099999999999 0.00037196928423725227 0.00000000099999999999 
0.73115490541345840025 0.00000000099999999998 0.00000000099999999998 0.23388767324856579721 0.03495741733797594342 0.00000000099999999998 0.00000000099999999998 
0.58575632061876214962 0.07180809461138733252 0.00000000100000000000 0.31145582930052856385 0.03065700843033034029 0.00032274503899157856 0.00000000100000000000 
0.56578228621338166882 0.00000000099999999997 0.00875916137508622565 0.42545854841153213366 0.00000000099999999997 0.00000000099999999997 0.00000000099999999997 
0.50283871720363571001 0.00000000099999999995 0.00000000099999999995 0.46817688543674607082 0.02898439335961833577 0.00000000099999999995 0.00000000099999999995 
0.66744792417462073253 0.00000000099999999996 0.04155722055061780718 0.29099485127476143465 0.00000000099999999996 0.00000000099999999996 0.00000000099999999996 
0.65069828991925504624 0.00000000099999999998 0.00000000099999999998 0.32838868184841163433 0.00658612575675058404 0.01432689947558267798 0.00000000099999999998 
0.77559653563017105782 0.00000000099999999997 0.02565999084749762474 0.19874346952233123975 0.00000000099999999997 0.00000000099999999997 0.00000000099999999997 
0.48470133944350068944 0.00000000099999999999 0.00000000099999999999 0.50856218593107072046 0.00432560050698714126 0.00241087111844140488 0.00000000099999999999 
0.79446420549203689010 0.00000000099999999998 0.02397402233561946386 0.17500810071477204688 0.00000000099999999998 0.00655366845757172477 0.00000000099999999998 
0.99999999400000016969 0.00000000099999999997 0.00000000099999999997 0.00000000099999999997 0.00000000099999999997 0.00000000099999999997 0.00000000099999999997 
0.73718121481951381924 0.00000000099999999996 0.04908508941320480906 0.21373369176728149177 0.00000000099999999996 0.00000000099999999996 0.00000000099999999996 
0.00000000099999999993 0.00000000099999999993 0.56081823080679127358 0.00000000099999999993 0.43918176419320870130 0.00000000099999999993 0.00000000099999999993 
0.00000000099999999991 0.00000000099999999991 0.00000000099999999991 0.00000000099999999991 0.99999999399999994765 0.00000000099999999991 0.00000000099999999991 
0.00000000099999999970 0.99999999400000016969 0.00000000099999999970 0.00000000099999999970 0.00000000099999999970 0.00000000099999999970 0.00000000099999999970 
0.00000000099999999971 0.00000000099999999971 0.00000000099999999971 0.00000000099999999971 0.00000000099999999971 0.99999999399999994765 0.00000000099999999971 
0.00000000099999999999 0.00000000099999999999 0.31250953884113619186 0.04356496795355748602 0.60448138826501451870 0.03944410194029182581 0.00000000099999999999 
0.97898119533668859216 0.00000000099999999996 0.02101879966331160823 0.00000000099999999996 0.00000000099999999996 0.00000000099999999996 0.00000000099999999996 
0.96725833117672932460 0.00000000099999999998 0.03274166382327082375 0.00000000099999999998 0.00000000099999999998 0.00000000099999999998 0.00000000099999999998 
0.00000000099999999992 0.00000000099999999992 0.00000000099999999992 0.00000000099999999992 0.99999999399999994765 0.00000000099999999992 0.00000000099999999992 
0.76421001088849371818 0.00000000099999999998 0.02833818283447276515 0.20744985325119494335 0.00000195002583865438 0.00000000099999999998 0.00000000099999999998 
0.97869250542979435714 0.00000000099999999996 0.00000000099999999996 0.00000000099999999996 0.01714392775981143577 0.00416356281039430894 0.00000000099999999996 
0.42861541972495681430 0.00000000099999999997 0.00000000099999999997 0.57138457527504316058 0.00000000099999999997 0.00000000099999999997 0.00000000099999999997 
0.00000000099999999966 0.00000000099999999966 0.00000000099999999966 0.00000000099999999966 0.00000000099999999966 0.00000000099999999966 0.99999999400000005867 
0.00000000099999999967 0.00000000099999999967 0.00000000099999999967 0.00000000099999999967 0.00000000099999999967 0.00000000099999999967 0.99999999400000005867 
0.00000000099999999962 0.00000000099999999962 0.00000000099999999962 0.00000000099999999962 0.00000000099999999962 0.00000000099999999962 0.99999999400000005867 
0.00000000099999999968 0.40355176582262047846 0.00000000099999999968 0.00000000099999999968 0.00000000099999999968 0.00000000099999999968 0.59644822917737938539 
0.00000000099999999964 0.00000000099999999964 0.00000000099999999964 0.00000000099999999964 0.00000000099999999964 0.00000000099999999964 0.99999999400000005867 
0.00000000099999999993 0.00000000099999999993 0.00000000099999999993 0.00000000099999999993 0.99999999400000005867 0.00000000099999999993 0.00000000099999999993 
0.46974066749037540758 0.00000000099999999999 0.00000000099999999999 0.51675883483016260556 0.00819846482435001959 0.00530202985511188211 0.00000000099999999999 
0.00000000099999999965 0.00000000099999999965 0.00000000099999999965 0.00000000099999999965 0.00000000099999999965 0.00000000099999999965 0.99999999399999994765 
0.00000000099999999973 0.60966317358429811257 0.00000000099999999973 0.00000000099999999973 0.00000000099999999973 0.00000000099999999973 0.39033682141570202884 
0.00000000099999999970 0.00000000099999999970 0.00000000099999999970 0.00000000099999999970 0.00000000099999999970 0.99999999399999994765 0.00000000099999999970 
0.00000000099999999970 0.00000000099999999970 0.00000000099999999970 0.00000000099999999970 0.00000000099999999970 0.99999999399999994765 0.00000000099999999970 
0.68889918657839810390 0.00000000099999999999 0.00000000099999999999 0.31110080842160198200 0.00000000099999999999 0.00000000099999999999 0.00000000099999999999 
0.00000000099999999966 0.99999999400000005867 0.00000000099999999966 0.00000000099999999966 0.00000000099999999966 0.00000000099999999966 0.00000000099999999966 
0.79414278928342119102 0.00000000099999999999 0.00000000099999999999 0.17944366582723683679 0.02641354088934191879 0.00000000099999999999 0.00000000099999999999 
0.83272866272657153353 0.00000000099999999998 0.00000000099999999998 0.16727111730312416160 0.00000000099999999998 0.00000021597030440532 0.00000000099999999998 
0.00000000099999999992 0.00000000099999999992 0.00000000099999999992 0.00000000099999999992 0.99999999400000005867 0.00000000099999999992 0.00000000099999999992 
0.73305249229060231997 0.00000000099999999997 0.00000000099999999997 0.24592044070027385683 0.02102706300912395715 0.00000000099999999997 0.00000000099999999997 
0.00000000099999999991 0.00000000099999999991 0.59122969857646223701 0.00000000099999999991 0.40877029642353779337 0.00000000099999999991 0.00000000099999999991 
0.95514443538441440307 0.00000000099999999997 0.00431608529017852433 0.00558820032108983504 0.03016930579589176611 0.00478197120842555837 0.00000000099999999997 
0.00000000099999999992 0.00000000099999999992 0.59029685251743524432 0.00000000099999999992 0.40970314248256473055 0.00000000099999999992 0.00000000099999999992 
0.81499748667085714082 0.00000000099999999998 0.00000000099999999998 0.13785304667923992117 0.03154603454131402890 0.01560342910858876324 0.00000000099999999998 
0.83125305273259952887 0.00000000099999999999 0.00000000099999999999 0.15510178034050670082 0.00000000099999999999 0.01364516292689391466 0.00000000099999999999 
0.00000000099999999973 0.35319153587588508758 0.00000000099999999973 0.00000000099999999973 0.00000000099999999973 0.00000000099999999973 0.64680845912411466525 
0.00000000099999999990 0.00000000099999999990 0.00000000099999999990 0.00000000099999999990 0.99999999399999994765 0.00000000099999999990 0.00000000099999999990 
0.00000000099999999964 0.99999999400000016969 0.00000000099999999964 0.00000000099999999964 0.00000000099999999964 0.00000000099999999964 0.00000000099999999964 
0.00000000099999999963 0.99999999400000016969 0.00000000099999999963 0.00000000099999999963 0.00000000099999999963 0.00000000099999999963 0.00000000099999999963 
0.99132030638583079618 0.00000000099999999998 0.00000000099999999998 0.00000000099999999998 0.00867968861416927237 0.00000000099999999998 0.00000000099999999998 
0.70024855339846414637 0.00000000099999999997 0.00350811045680954293 0.26664058303665760796 0.02960275010806864143 0.00000000099999999997 0.00000000099999999997 
0.99999999400000016969 0.00000000099999999996 0.00000000099999999996 0.00000000099999999996 0.00000000099999999996 0.00000000099999999996 0.00000000099999999996 
0.66655549352490361947 0.00000000099999999998 0.00917223493460960632 0.32236848940912099515 0.00000000099999999998 0.00190377913136578324 0.00000000099999999998 
0.56223264698265595918 0.00000000099999999998 0.01579198367690365021 0.41508760646483733314 0.00000000099999999998 0.00688775987560312150 0.00000000099999999998 
0.55945566785856903902 0.00000000099999999997 0.02119564164557702704 0.41370539119051741306 0.00011765021912635378 0.00552564708621010228 0.00000000099999999997 
0.79161202521602824778 0.00000000099999999998 0.00000000099999999998 0.20838796978397186588 0.00000000099999999998 0.00000000099999999998 0.00000000099999999998 
0.00000097495474878574 0.00000000099999999995 0.64509815036228246310 0.00000000099999999995 0.35490087068296888306 0.00000000099999999995 0.00000000099999999995 
0.00000000099999999991 0.00000000099999999991 0.00000000099999999991 0.99999999399999994765 0.00000000099999999991 0.00000000099999999991 0.00000000099999999991 
0.00000000099999999969 0.37491372577061637950 0.00000000099999999969 0.00000000099999999969 0.00000000099999999969 0.00000000099999999969 0.62508626922938359538 
0.64781896446715570015 0.00000000099999999999 0.01287924919244545600 0.33930178234039892748 0.00000000099999999999 0.00000000099999999999 0.00000000099999999999 
0.00000000099999999985 0.00000000099999999985 0.00000000099999999985 0.00000000099999999985 0.00000000099999999985 0.00000000099999999985 0.99999999399999994765 
0.00000000099999999966 0.99999999400000016969 0.00000000099999999966 0.00000000099999999966 0.00000000099999999966 0.00000000099999999966 0.00000000099999999966 
0.70717955723078240737 0.00000000099999999998 0.00000000099999999998 0.25785084201480823474 0.03496959675440929061 0.00000000099999999998 0.00000000099999999998 
0.63841550378913414221 0.00000000099999999998 0.00000000099999999998 0.35528800670960680730 0.00000000099999999998 0.00629648550125910551 0.00000000099999999998 
0.50712307871355588595 0.00000000099999999998 0.02391297128076880218 0.46896394600567542499 0.00000000099999999998 0.00000000099999999998 0.00000000099999999998 
0.00000000099999999971 0.00000000099999999971 0.00000000099999999971 0.00000000099999999971 0.00000000099999999971 0.00000000099999999971 0.99999999400000005867 
0.00000000099999999993 0.00000000099999999993 0.36757417353380544833 0.00000000099999999993 0.63242582146619463757 0.00000000099999999993 0.00000000099999999993 
0.00000000099999999989 0.00000000099999999989 0.00000000099999999989 0.00000000099999999989 0.99999999400000005867 0.00000000099999999989 0.00000000099999999989 
0.00000000099999999973 0.58049082788179073855 0.00000000099999999973 0.00000000099999999973 0.00000000099999999973 0.00000000099999999973 0.41950916711820945837 
0.61628428605519658401 0.00000000099999999999 0.02117057943641466669 0.35899072525674874390 0.00000000099999999999 0.00355440625164004254 0.00000000099999999999 
0.63661404789470310561 0.00000000099999999999 0.01351042072573227504 0.30566898724527685749 0.03049229173178162611 0.01371425040250607262 0.00000000099999999999 
0.00000000099999999973 0.34895559739602255434 0.00000000099999999973 0.00000000099999999973 0.00000000099999999973 0.00000000099999999973 0.65104439760397736503 
0.61459501831077056888 0.00000000099999999997 0.00000000099999999997 0.36534532093784655160 0.01775144461569162432 0.00230821313569142417 0.00000000099999999997 
0.00000000099999999988 0.00000000099999999988 0.99999999400000005867 0.00000000099999999988 0.00000000099999999988 0.00000000099999999988 0.00000000099999999988 
0.54770035806105332732 0.00000000100000000000 0.00000000100000000000 0.00000000100000000000 0.23957127779627615527 0.10551464368689081330 0.10721371745577967793 
0.96890271475218392450 0.00000000099999999999 0.03109728024781611977 0.00000000099999999999 0.00000000099999999999 0.00000000099999999999 0.00000000099999999999 
0.72648431972719273997 0.00000000099999999998 0.03727032826527968551 0.21960179445948477261 0.00345810145772687885 0.01318545409031611840 0.00000000099999999998 
0.81332914078980922401 0.00000000099999999998 0.00000000099999999998 0.16685162234295547456 0.00490460960677067959 0.01491462426046456444 0.00000000099999999998 
0.00000000099999999989 0.00000000099999999989 0.00000000099999999989 0.99999999400000005867 0.00000000099999999989 0.00000000099999999989 0.00000000099999999989 
0.78574356733135897191 0.00000000099999999998 0.00000000099999999998 0.21076020844851070524 0.00000000099999999998 0.00349622022013041864 0.00000000099999999998 
0.79205995689187302933 0.00000000099999999999 0.00008466660783185473 0.19363722637165756146 0.01421814712863740497 0.00000000099999999999 0.00000000099999999999 
0.73962277826134326109 0.00000000099999999998 0.00000000099999999998 0.23025692131663927364 0.01678687660427271439 0.01333342081774476114 0.00000000099999999998 
0.96873216493479485933 0.00374331788580413091 0.00000000358752635352 0.00000000100000000000 0.02752451059187469365 0.00000000100000000000 0.00000000100000000000 
0.00000000099999999988 0.00000000099999999988 0.99999999399999994765 0.00000000099999999988 0.00000000099999999988 0.00000000099999999988 0.00000000099999999988 
0.53522150720711159089 0.00000000099999999997 0.00000000099999999997 0.43678219797073725150 0.02519184289291833551 0.00280444892923280547 0.00000000099999999997 
0.99999855588036801191 0.00000000099999999997 0.00000000099999999997 0.00000000099999999997 0.00000000099999999997 0.00000143911963207990 0.00000000099999999997 
0.94166234188156838769 0.00000000099999999998 0.00000000099999999998 0.00000000099999999998 0.05833765311843178147 0.00000000099999999998 0.00000000099999999998 
0.97566093488177796367 0.00000000099999999997 0.02433905942244194570 0.00000000169578020869 0.00000000099999999997 0.00000000099999999997 0.00000000099999999997 
0.72045504460125098234 0.00076769090904713815 0.04727795402320680851 0.22948336529354440572 0.00000000100000000000 0.00201594317295056107 0.00000000100000000000 
0.99999999400000005867 0.00000000099999999996 0.00000000099999999996 0.00000000099999999996 0.00000000099999999996 0.00000000099999999996 0.00000000099999999996 
0.66181131126443182300 0.00000000099999999999 0.00000000099999999999 0.31606660167176986453 0.02212208306379831457 0.00000000099999999999 0.00000000099999999999 
0.00000000099999999990 0.00000000099999999990 0.99999999400000005867 0.00000000099999999990 0.00000000099999999990 0.00000000099999999990 0.00000000099999999990 
0.96206470061755322565 0.00000000099999999997 0.02037308548799448074 0.00000000099999999997 0.00000000099999999997 0.01756220989445230959 0.00000000099999999997 
0.73066162914197629874 0.00000000099999999998 0.01887963867678901786 0.24023776035520022498 0.00000000099999999998 0.01022096882603442704 0.00000000099999999998 
0.54587613552467062483 0.00900077032387301169 0.00056526551281671890 0.42973754824303872502 0.01482027839560086553 0.00000000100000000000 0.00000000100000000000 
0.00000000099999999996 0.00000000099999999996 0.34627173018724205500 0.00000000099999999996 0.65372826481275791988 0.00000000099999999996 0.00000000099999999996 
0.77991653388602277808 0.01981551815656645149 0.00001932361511983054 0.16880902584877516270 0.03143959649351581176 0.00000000100000000000 0.00000000100000000000 
0.74228961175457397470 0.00000000099999999999 0.00000000099999999999 0.22782283825508753416 0.02185139267858406467 0.00803615431175435171 0.00000000099999999999 
0.27061770334466422883 0.00000000099999999998 0.15976272256237813996 0.23912046236678127786 0.32359911081094799856 0.00689999891522830033 0.00000000099999999998 
0.67918482037774041693 0.00000000099999999996 0.04320828233350639674 0.27760689328875326476 0.00000000099999999996 0.00000000099999999996 0.00000000099999999996 
0.00000000099999999969 0.99999999400000016969 0.00000000099999999969 0.00000000099999999969 0.00000000099999999969 0.00000000099999999969 0.00000000099999999969 
0.64924710518891826094 0.00000000099999999999 0.00000000099999999999 0.30282687508747252458 0.03251047155236747727 0.01541554517124174919 0.00000000099999999999 
0.61663592895570540353 0.00000000099999999999 0.03128232695501696053 0.35051706117247044547 0.00000001051528282057 0.00156467040152430533 0.00000000099999999999 
