0.23270864508752706068 0.01779009385411609370 0.29787435634147613195 0.30679344552774001631 0.00000000100000000000 0.00000000100000000000 0.14483345718914086842 
0.00000000099999999995 0.00000000099999999995 0.00000000099999999995 0.00000000099999999995 0.99999999399999994765 0.00000000099999999995 0.00000000099999999995 
0.00000000099999999995 0.00000000099999999995 0.00000000099999999995 0.00000000099999999995 0.99999999399999994765 0.00000000099999999995 0.00000000099999999995 
0.38084294068770163655 0.00000000099999999998 0.00000000099999999998 0.61347505922026390746 0.00568199609203436963 0.00000000099999999998 0.00000000099999999998 
0.27416948026711068787 0.00550676485128425049 0.30886555846953156479 0.17060671336592389546 0.00000000100000000000 0.00000000100000000000 0.24085148104614972908 
0.37339837507360990054 0.00000000099999999998 0.00000000099999999998 0.21349626983786557100 0.01502909672648285178 0.00000000099999999998 0.39807625536204160888 
0.00000000099999999996 0.00000000099999999996 0.00000000099999999996 0.00000000099999999996 0.99999999400000005867 0.00000000099999999996 0.00000000099999999996 
0.00000000099999999993 0.00000000099999999993 0.00000000099999999993 0.00000000099999999993 0.99999999400000005867 0.00000000099999999993 0.00000000099999999993 
0.02026280886366614922 0.00526261919052590198 0.58326989933999739968 0.00000000099999999999 0.00000000099999999999 0.00000000099999999999 0.39120466960581073979 
0.00000000099999999995 0.00000000099999999995 0.00000000099999999995 0.00000000099999999995 0.99999999399999994765 0.00000000099999999995 0.00000000099999999995 
0.00000000099999999995 0.00000000099999999995 0.99999999399999994765 0.00000000099999999995 0.00000000099999999995 0.00000000099999999995 0.00000000099999999995 
0.16190253740168725205 0.00159539522128574222 0.34872441821017813313 0.11564130409328619853 0.01861579497718689538 0.00000000099999999999 0.35352054909637586899 
0.27372855177122379366 0.00002323744580828232 0.22169225893714752940 0.35378414892360104949 0.00000000099999999999 0.00000000099999999999 0.15077180092221934005 
0.00284405826927878243 0.01168209097337542801 0.43358473824025967058 0.25325451133669252268 0.00000000099999999999 0.00000000099999999999 0.29863459918039381158 
0.00000000099999999994 0.00000000099999999994 0.99999999400000005867 0.00000000099999999994 0.00000000099999999994 0.00000000099999999994 0.00000000099999999994 
0.18665036297546236388 0.02710395891704009755 0.36387666612339519823 0.11649350180812231836 0.05386881885113961599 0.00000000099999999999 0.25200669032484040999 
0.00000000099999999992 0.00000000099999999992 0.99999999400000005867 0.00000000099999999992 0.00000000099999999992 0.00000000099999999992 0.00000000099999999992 
0.40324175764527847576 0.00000000099999999999 0.32933558815366104078 0.00000000099999999999 0.00000000099999999999 0.00000000099999999999 0.26742265020106070761 
0.31391374059855142731 0.00479828861005974962 0.21601380602473949089 0.21850987680727251838 0.00000000100000000000 0.00475640189712869810 0.24200788506224812924 
0.17526273644617071379 0.00000000099999999998 0.23133018157015633465 0.31560376021148506265 0.00000000099999999998 0.00000000099999999998 0.27780331877218794601 
0.44486950120582380297 0.00000000099999999999 0.10100495271828915933 0.22431294954924488327 0.00000000099999999999 0.00000000099999999999 0.22981259352664221152 
0.00000000099999999997 0.00000000099999999997 0.00000000099999999997 0.00000000099999999997 0.98668636594598913003 0.00000000099999999997 0.01331362905401084311 
0.00089884192267781745 0.00000000099999999998 0.34718706315756769909 0.42127190885651233376 0.01146749067009634852 0.00000000099999999998 0.21917469339314582522 
0.00000000099999999984 0.00000000099999999984 0.00000000099999999984 0.00000000099999999984 0.00000000099999999984 0.00000000099999999984 0.99999999399999994765 
0.29727278886367364263 0.00000000099999999998 0.21079034836339968773 0.31305621811059541892 0.02288683696095650949 0.00000000099999999998 0.15599380570137472146 
0.19741500681226639702 0.00000000099999999999 0.22338603722095676241 0.31229660915692281087 0.00000000099999999999 0.00000000099999999999 0.26690234380985428109 
0.00000000099999999974 0.99999999400000005867 0.00000000099999999974 0.00000000099999999974 0.00000000099999999974 0.00000000099999999974 0.00000000099999999974 
0.00000000099999999970 0.99999999400000005867 0.00000000099999999970 0.00000000099999999970 0.00000000099999999970 0.00000000099999999970 0.00000000099999999970 
0.28769560280781225625 0.00492908823914379925 0.19619771276111783176 0.35792057857039766278 0.00000000099999999999 0.00000000099999999999 0.15325701562152865831 
0.00000000099999999997 0.00000000099999999997 0.00000000507430921163 0.58585727509403306978 0.00000000099999999997 0.00000000099999999997 0.41414271583165779278 
0.99999999400000016969 0.00000000099999999994 0.00000000099999999994 0.00000000099999999994 0.00000000099999999994 0.00000000099999999994 0.00000000099999999994 
0.00000000099999999995 0.00000000099999999995 0.00000000099999999995 0.00000000099999999995 0.96106363293787344659 0.00000000099999999995 0.03893636206212652134 
0.00000000099999999991 0.35526789123807711590 0.00000000099999999991 0.00000000099999999991 0.18050032178245944969 0.00000000099999999991 0.46423178297946332549 
0.20464763595333732016 0.00000000099999999998 0.41523567288464541258 0.18768619105974365668 0.00000000099999999998 0.00000000099999999998 0.19243049710227372318 
0.00000000099999999969 0.00000000099999999969 0.00000000099999999969 0.00000000099999999969 0.00000000099999999969 0.99999999399999994765 0.00000000099999999969 
0.00000000099999999961 0.00000000099999999961 0.00000000099999999961 0.00000000099999999961 0.00000000099999999961 0.99999999399999994765 0.00000000099999999961 
0.00000000099999999962 0.00000000099999999962 0.00000000099999999962 0.00000000099999999962 0.00000000099999999962 0.99999999400000005867 0.00000000099999999962 
0.00000000099999999975 0.99999999400000005867 0.00000000099999999975 0.00000000099999999975 0.00000000099999999975 0.00000000099999999975 0.00000000099999999975 
0.00000000099999999971 0.99999999400000005867 0.00000000099999999971 0.00000000099999999971 0.00000000099999999971 0.00000000099999999971 0.00000000099999999971 
0.45095480870609577773 0.00000000099999999998 0.28421789863806118381 0.26482728865584298505 0.00000000099999999998 0.00000000099999999998 0.00000000099999999998 
0.00000000099999999997 0.00000000099999999997 0.00000000099999999997 0.00000000099999999997 0.99999999399999994765 0.00000000099999999997 0.00000000099999999997 
0.00000000099999999973 0.99999999400000016969 0.00000000099999999973 0.00000000099999999973 0.00000000099999999973 0.00000000099999999973 0.00000000099999999973 
0.33166943235905410603 0.00905848171626895057 0.12416594184507642740 0.34702869718566448087 0.00784153110333399295 0.00000000099999999999 0.18023591479060213638 
0.00000000099999999994 0.00000000099999999994 0.00000000099999999994 0.00000000099999999994 0.99999999399999994765 0.00000000099999999994 0.00000000099999999994 
0.00000000099999999976 0.99999999400000016969 0.00000000099999999976 0.00000000099999999976 0.00000000099999999976 0.00000000099999999976 0.00000000099999999976 
0.00000000099999999994 0.00000000099999999994 0.99999999399999994765 0.00000000099999999994 0.00000000099999999994 0.00000000099999999994 0.00000000099999999994 
0.00000000099999999973 0.99999999400000005867 0.00000000099999999973 0.00000000099999999973 0.00000000099999999973 0.00000000099999999973 0.00000000099999999973 
0.00000000099999999995 0.00000000099999999995 0.00000000099999999995 0.00000000099999999995 0.99999999399999994765 0.00000000099999999995 0.00000000099999999995 
0.00000000099999999992 0.00000000099999999992 0.00000000099999999992 0.00000000099999999992 0.99999999399999994765 0.00000000099999999992 0.00000000099999999992 
0.00000000099999999969 0.99999999400000005867 0.00000000099999999969 0.00000000099999999969 0.00000000099999999969 0.00000000099999999969 0.00000000099999999969 
0.00000000099999999972 0.99999999400000016969 0.00000000099999999972 0.00000000099999999972 0.00000000099999999972 0.00000000099999999972 0.00000000099999999972 
0.00000000099999999996 0.00000000099999999996 0.00000000099999999996 0.00000000099999999996 0.99999999400000005867 0.00000000099999999996 0.00000000099999999996 
0.00000000099999999996 0.00000000099999999996 0.00000000099999999996 0.00000000099999999996 0.99999999399999994765 0.00000000099999999996 0.00000000099999999996 
0.00000000099999999996 0.00000000099999999996 0.00000000099999999996 0.00000000099999999996 0.99999999399999994765 0.00000000099999999996 0.00000000099999999996 
0.00000000099999999976 0.99999999400000005867 0.00000000099999999976 0.00000000099999999976 0.00000000099999999976 0.00000000099999999976 0.00000000099999999976 
0.00000000099999999999 0.01222255273837061403 0.33450146471411995597 0.47980949340020573324 0.02878033977776805336 0.00000000099999999999 0.14468614736953569477 
0.22851949348385006133 0.02014632997626357447 0.29801186354455699856 0.45332230999532935334 0.00000000099999999999 0.00000000099999999999 0.00000000099999999999 
0.39496392631863647127 0.00000000099999999998 0.30976836993161921407 0.16862867736537562324 0.01615820692535788541 0.00000000099999999998 0.11048081745901072726 
0.00000000099999999991 0.00000000099999999991 0.00000000099999999991 0.99999999400000005867 0.00000000099999999991 0.00000000099999999991 0.00000000099999999991 
0.00000000099999999995 0.00000000099999999995 0.00000000099999999995 0.00000000099999999995 0.99999999399999994765 0.00000000099999999995 0.00000000099999999995 
0.23349103852693295358 0.00000000099999999999 0.40748628392646457641 0.35902267354660238885 0.00000000099999999999 0.00000000099999999999 0.00000000099999999999 
0.00000000099999999967 0.00000000099999999967 0.00000000099999999967 0.00000000099999999967 0.00000000099999999967 0.99999999400000005867 0.00000000099999999967 
0.00000000099999999991 0.00000000099999999991 0.00000000099999999991 0.99999999399999994765 0.00000000099999999991 0.00000000099999999991 0.00000000099999999991 
0.00000000099999999968 0.00000000099999999968 0.00000000099999999968 0.00000000099999999968 0.00000000099999999968 0.99999999400000005867 0.00000000099999999968 
0.10000070624308976530 0.00000000099999999999 0.30412979976858534048 0.27751060116008435807 0.03108748797331472788 0.00000000099999999999 0.28727140285492569483 
0.00000000099999999969 0.00000000099999999969 0.00000000099999999969 0.00000000099999999969 0.00000000099999999969 0.99999999399999994765 0.00000000099999999969 
0.32330231869169556713 0.00000000099999999999 0.23659848800741600794 0.11289817316521789936 0.00000000099999999999 0.00000000099999999999 0.32720101713567067980 
0.31210148637283152695 0.00000008292371657705 0.31342222710056427681 0.00000000100000000000 0.00000000100000000000 0.00000000100000000000 0.37447620060288777655 
0.00000000099999999993 0.00000000099999999993 0.00000000099999999993 0.00000000099999999993 0.99999999400000005867 0.00000000099999999993 0.00000000099999999993 
0.00000000099999999996 0.00000000099999999996 0.00000000099999999996 0.45728579701430682736 0.00000000099999999996 0.00000000099999999996 0.54271419798569320303 
0.00000000099999999969 0.00000000099999999969 0.00000000099999999969 0.00000000099999999969 0.00000000099999999969 0.99999999400000005867 0.00000000099999999969 
0.00000000099999999971 0.00000000099999999971 0.00000000099999999971 0.00000000099999999971 0.00000000099999999971 0.99999999399999994765 0.00000000099999999971 
0.35620141088992629541 0.00746168441151110872 0.28677657002382106466 0.10570674762295610705 0.07800552509926012013 0.00000000099999999999 0.16584806095252510594 
0.00000000099999999994 0.00000000099999999994 0.00000000099999999994 0.00000000099999999994 0.99999999400000005867 0.00000000099999999994 0.00000000099999999994 
0.00000000099999999978 0.99999999400000016969 0.00000000099999999978 0.00000000099999999978 0.00000000099999999978 0.00000000099999999978 0.00000000099999999978 
0.00000000099999999994 0.00000000099999999994 0.00000000099999999994 0.00000000099999999994 0.99999999400000005867 0.00000000099999999994 0.00000000099999999994 
0.49599241845640551496 0.00000000099999999999 0.16958242266859829828 0.00000000099999999999 0.02423316609376750808 0.00000000099999999999 0.31019198978122869415 
0.00000000099999999965 0.00000000099999999965 0.00000000099999999965 0.00000000099999999965 0.00000000099999999965 0.99999999399999994765 0.00000000099999999965 
0.00000000099999999967 0.99999999400000005867 0.00000000099999999967 0.00000000099999999967 0.00000000099999999967 0.00000000099999999967 0.00000000099999999967 
0.00000000099999999973 0.00000000099999999973 0.00000000099999999973 0.00000000099999999973 0.00000000099999999973 0.99999999400000005867 0.00000000099999999973 
0.33370027518569356229 0.01265181614989932014 0.00000000099999999999 0.40828326427904459983 0.00000000099999999999 0.00000000099999999999 0.24536464138536248636 
0.00000000099999999992 0.00000000099999999992 0.00000000099999999992 0.00000000099999999992 0.99999999399999994765 0.00000000099999999992 0.00000000099999999992 
0.00000000099999999994 0.00000000099999999994 0.00000000099999999994 0.00000000099999999994 0.99999999399999994765 0.00000000099999999994 0.00000000099999999994 
0.11515016038375146257 0.00000000099999999998 0.35641074591634586133 0.00000000099999999998 0.23042099414969519078 0.00000000099999999998 0.29801809655020750078 
0.26614872627964708540 0.01877750046371733095 0.21347825496715527871 0.10377342965992329693 0.00000000878402034102 0.00000000100000000000 0.39782207884553677513 
0.99999999400000016969 0.00000000099999999994 0.00000000099999999994 0.00000000099999999994 0.00000000099999999994 0.00000000099999999994 0.00000000099999999994 
0.32796987588475379205 0.00000000099999999998 0.18909439953972242976 0.19493998194169467886 0.01225364987709436776 0.00000000099999999998 0.27574209075673472569 
0.99999999400000016969 0.00000000099999999995 0.00000000099999999995 0.00000000099999999995 0.00000000099999999995 0.00000000099999999995 0.00000000099999999995 
0.00000000881925418395 0.00000000099999999997 0.27580812733072157528 0.46120889543327864279 0.00000000099999999997 0.00000000099999999997 0.26298296541674570648 
0.43247399911597317335 0.00000000099999999997 0.33057711324744321058 0.21538082670411415331 0.00000000099999999997 0.00000000099999999997 0.02156805793246949210 
0.00000002351177709767 0.00000000099999999999 0.30555767106127873500 0.41700987308575593326 0.00000000099999999999 0.00000000099999999999 0.27743242934118828025 
0.24513550958044957873 0.00000000099999999999 0.34392993568480095812 0.27127713149718701846 0.02868173077473939667 0.00000000099999999999 0.11097569046282321215 
0.00000000099999999995 0.00000000099999999995 0.00000000099999999995 0.00000000099999999995 0.99999999400000005867 0.00000000099999999995 0.00000000099999999995 
0.01573794407661323336 0.00000000099999999998 0.00000000099999999998 0.00000000099999999998 0.98426205092338669989 0.00000000099999999998 0.00000000099999999998 
0.00000000099999999981 0.00000000099999999981 0.00000000099999999981 0.00000000099999999981 0.00000000099999999981 0.99999999399999994765 0.00000000099999999981 
0.00000000099999999997 0.00000000099999999997 0.00000000099999999997 0.00000000099999999997 0.99999999399999994765 0.00000000099999999997 0.00000000099999999997 
0.00000000099999999998 0.00000000099999999998 0.00000000099999999998 0.00000000099999999998 0.99999999399999994765 0.00000000099999999998 0.00000000099999999998 
0.28693173827194917713 0.00329592603010231367 0.29598249595635661713 0.18718467883132738905 0.01401213655094122462 0.00000000099999999999 0.21259302335932331318 
0.00000000099999999961 0.00000000099999999961 0.00000000099999999961 0.00000000099999999961 0.00000000099999999961 0.99999999400000005867 0.00000000099999999961 
0.99999999400000016969 0.00000000099999999994 0.00000000099999999994 0.00000000099999999994 0.00000000099999999994 0.00000000099999999994 0.00000000099999999994 
0.99999999400000005867 0.00000000099999999993 0.00000000099999999993 0.00000000099999999993 0.00000000099999999993 0.00000000099999999993 0.00000000099999999993 
0.00000000099999999999 0.00000000099999999999 0.35637609876601850090 0.18772097729055955972 0.00000000099999999999 0.00000000099999999999 0.45590291994342196924 
0.30345673680572698983 0.00000000099999999999 0.36196940754502116011 0.26787970885776712926 0.01691201713218625294 0.00000000099999999999 0.04978212765929843076 
0.75679627821557138301 0.00000000099999999996 0.00000000099999999996 0.00000000099999999996 0.00000000099999999996 0.00000000099999999996 0.24320371678442881391 
0.00000000099999999998 0.00000000099999999998 0.00000000099999999998 0.61388163201499934551 0.00817067491619025144 0.00000000099999999998 0.37794768906881054393 
0.00000000099999999999 0.00000000099999999999 0.27943249204457593082 0.29947242781987792881 0.00000000099999999999 0.00000000099999999999 0.42109507613554614247 
0.12168008290735854438 0.00703041872918534153 0.21888621095851382159 0.43203971073020608351 0.00214611377511219519 0.00000000099999999999 0.21821746189962409890 
0.21548624667844404335 0.02858325138668772053 0.35600605411324137695 0.23573148845436509013 0.00576761040777338044 0.00000000100000000000 0.15842534795948828852 
0.99999999400000005867 0.00000000099999999994 0.00000000099999999994 0.00000000099999999994 0.00000000099999999994 0.00000000099999999994 0.00000000099999999994 
0.00000000099999999991 0.00000000099999999991 0.99999999399999994765 0.00000000099999999991 0.00000000099999999991 0.00000000099999999991 0.00000000099999999991 
0.36615630698553891520 0.01722465074245175046 0.00000000100000000000 0.37673695204725710095 0.00895958482074801429 0.00000000100000000000 0.23092250340400410913 
0.21159996788017360059 0.00757292403767731177 0.40558710605835829321 0.21838456246736090427 0.00000000099999999998 0.00000000099999999998 0.15685543755642994412 
0.00003160250638903081 0.00000000099999999998 0.51476138917849978416 0.00000000099999999998 0.00000000099999999998 0.00000000099999999998 0.48520700431511121220 
0.48863821358563586106 0.00000000099999999997 0.00000000099999999997 0.00000000099999999997 0.00000000099999999997 0.00000000099999999997 0.51136178141436405831 
0.00000002161982508598 0.00000000099999999998 0.40279027064549710602 0.14107773608105672603 0.02181959030674930980 0.00000000099999999998 0.43431237934687177971 
0.00000464218099185436 0.00000000099999999999 0.43839171642472096746 0.24836981023371756949 0.00809906730434697790 0.00000000099999999999 0.30513476185622262493 
0.00000000099999999994 0.00000000099999999994 0.00000000099999999994 0.99999999399999994765 0.00000000099999999994 0.00000000099999999994 0.00000000099999999994 
0.00000000099999999998 0.00000000099999999998 0.43995484834751313885 0.36364455196322781338 0.00000000099999999998 0.00000000099999999998 0.19640059568925910538 
0.37276092158672996524 0.00000000099999999998 0.31953621848818269946 0.00000000099999999998 0.01566051791586542744 0.00000000099999999998 0.29204233900922199618 
0.34751572307366401793 0.00000101235121748823 0.06770516109277036065 0.25551540544157863577 0.01491645098827073905 0.06776311808334338493 0.24658312896915554613 
0.00000000099999999992 0.00000000099999999992 0.00000000099999999992 0.00000000099999999992 0.00000000099999999992 0.00000000099999999992 0.99999999400000005867 
0.66572880390096755843 0.00000000099999999996 0.00000000099999999996 0.00000000099999999996 0.00000000099999999996 0.00000000099999999996 0.33427119109903258298 
0.00001174082391767280 0.00000000099999999997 0.61534485285708662161 0.00000000099999999997 0.00000016571879016599 0.00000000099999999997 0.38464323760020568965 
0.00000000099999999999 0.00954893695880794716 0.45366050721847495097 0.29919967732743146804 0.00000000099999999999 0.00000000099999999999 0.23759087549528573602 
0.32147516379334828418 0.00000000099999999998 0.23469075026052182986 0.24370335624249925277 0.00624223056780769028 0.00000000099999999998 0.19388849713582290146 
0.00000000099999999994 0.00000000099999999994 0.00000000099999999994 0.00000000099999999994 0.00000000099999999994 0.00000000099999999994 0.99999999400000005867 
0.39183624919847642731 0.00000461030188984756 0.24409126927926291795 0.36244288727523077398 0.00040741266344251583 0.00000000099999999999 0.00121757028169759284 
0.24901428340907358350 0.00000000099999999998 0.35130329731293419293 0.13940657700606726155 0.00000000099999999998 0.00000000099999999998 0.26027583927192499136 
0.00000000099999999992 0.00000000099999999992 0.99999999400000005867 0.00000000099999999992 0.00000000099999999992 0.00000000099999999992 0.00000000099999999992 
0.00000000099999999994 0.00000000099999999994 0.00000000099999999994 0.00000000099999999994 0.99999999399999994765 0.00000000099999999994 0.00000000099999999994 
0.00000000099999999998 0.00000000099999999998 0.00000000099999999998 0.00000000099999999998 0.99999999399999994765 0.00000000099999999998 0.00000000099999999998 
0.00000000099999999974 0.00000000099999999974 0.00000000099999999974 0.00000000099999999974 0.00000000099999999974 0.99999999400000005867 0.00000000099999999974 
0.00000000099999999968 0.99999999400000005867 0.00000000099999999968 0.00000000099999999968 0.00000000099999999968 0.00000000099999999968 0.00000000099999999968 
0.00000000099999999999 0.03216524719075595368 0.00000000099999999999 0.09487479024667740124 0.87295995856256669576 0.00000000099999999999 0.00000000099999999999 
0.00000000414464336478 0.00000000099999999997 0.55849339815266441089 0.00000000099999999997 0.00000000099999999997 0.00000000099999999997 0.44150659370269229598 
0.00000000099999999992 0.00000000099999999992 0.00000000099999999992 0.99999999399999994765 0.00000000099999999992 0.00000000099999999992 0.00000000099999999992 
0.00000000099999999998 0.00439890834786810930 0.00000000099999999998 0.00000000099999999998 0.99560105181973268529 0.00000000099999999998 0.00000003583239932039 
0.25239422986574772123 0.00000000099999999998 0.00000000099999999998 0.38548986290326842097 0.00541453987456869644 0.00000000099999999998 0.35670136435641514039 
0.27524832532941195806 0.00865489416637274522 0.24168957549348202285 0.19230132080216441604 0.00000000099999999998 0.00000000099999999998 0.28210588220856880337 
0.00000000099999999998 0.00000000099999999998 0.28677632483809550878 0.46317085320970619033 0.00000000099999999998 0.00000000099999999998 0.25005281795219819196 
0.00000000099999999966 0.00000000099999999966 0.00000000099999999966 0.00000000099999999966 0.00000000099999999966 0.99999999400000005867 0.00000000099999999966 
0.00000000099999999968 0.00000000099999999968 0.00000000099999999968 0.00000000099999999968 0.00000000099999999968 0.99999999400000005867 0.00000000099999999968 
0.00000000099999999961 0.00000000099999999961 0.00000000099999999961 0.00000000099999999961 0.00000000099999999961 0.99999999399999994765 0.00000000099999999961 
0.00000000099999999963 0.00000000099999999963 0.00000000099999999963 0.00000000099999999963 0.00000000099999999963 0.99999999399999994765 0.00000000099999999963 
0.00000000099999999964 0.00000000099999999964 0.00000000099999999964 0.00000000099999999964 0.00000000099999999964 0.99999999399999994765 0.00000000099999999964 
0.00000000099999999998 0.00000000099999999998 0.00000000099999999998 0.00000000099999999998 0.99999999400000005867 0.00000000099999999998 0.00000000099999999998 
0.00000000099999999999 0.00172264673380495103 0.42009315170253724858 0.32760780335124489726 0.00000000099999999999 0.00000000099999999999 0.25057639521241298342 
0.00000000099999999963 0.00000000099999999963 0.00000000099999999963 0.00000000099999999963 0.00000000099999999963 0.99999999400000005867 0.00000000099999999963 
0.00000000099999999969 0.00000000099999999969 0.00000000099999999969 0.00000000099999999969 0.00000000099999999969 0.99999999399999994765 0.00000000099999999969 
0.00000000099999999967 0.99999999400000005867 0.00000000099999999967 0.00000000099999999967 0.00000000099999999967 0.00000000099999999967 0.00000000099999999967 
0.00000000099999999967 0.99999999400000005867 0.00000000099999999967 0.00000000099999999967 0.00000000099999999967 0.00000000099999999967 0.00000000099999999967 
0.24805687743032442394 0.00000000099999999998 0.17813468404893376129 0.39826078134145020959 0.00000000099999999998 0.00000000099999999998 0.17554765417929149574 
0.00000000099999999966 0.00000000099999999966 0.00000000099999999966 0.00000000099999999966 0.00000000099999999966 0.99999999399999994765 0.00000000099999999966 
0.99999999400000016969 0.00000000099999999994 0.00000000099999999994 0.00000000099999999994 0.00000000099999999994 0.00000000099999999994 0.00000000099999999994 
0.00000000099999999998 0.00000000099999999998 0.44034678250636472008 0.25800418847825556945 0.00000000099999999998 0.00000000099999999998 0.30164902501537976809 
0.05607287054849876412 0.00000000099999999997 0.00000000099999999997 0.00000000099999999997 0.94392711906561710400 0.00000000099999999997 0.00000000638588415845 
0.32607376659898107407 0.00000000099999999998 0.29842625511332782073 0.06324053276077563901 0.00002279844762435975 0.00000000099999999998 0.31223664507929105305 
0.00000000099999999992 0.00000000099999999992 0.00000000099999999992 0.00000000099999999992 0.99999999399999994765 0.00000000099999999992 0.00000000099999999992 
0.28521629654950114707 0.00000004723216901461 0.26606684567979804745 0.18105492213860274742 0.01418090906627166720 0.00000000099999999999 0.25348097833365729192 
0.00000000099999999994 0.00000000099999999994 0.00000000099999999994 0.00000000099999999994 0.99999999400000005867 0.00000000099999999994 0.00000000099999999994 
0.55794903700472053831 0.00507653693405679934 0.00000000099999999999 0.00000133033010996830 0.00000000099999999999 0.00000000099999999999 0.43697309273111278882 
0.31385334912684947906 0.01047323287845930082 0.26839061587501916728 0.20231541591750654141 0.00000000099999999999 0.00000000099999999999 0.20496738420216553678 
0.00000000099999999969 0.00000000099999999969 0.00000000099999999969 0.00000000099999999969 0.00000000099999999969 0.99999999400000005867 0.00000000099999999969 
0.00000000099999999995 0.00000000099999999995 0.00000000099999999995 0.00000000099999999995 0.99999999399999994765 0.00000000099999999995 0.00000000099999999995 
0.00000000099999999964 0.00000000099999999964 0.00000000099999999964 0.00000000099999999964 0.00000000099999999964 0.99999999399999994765 0.00000000099999999964 
0.00000000099999999963 0.00000000099999999963 0.00000000099999999963 0.00000000099999999963 0.00000000099999999963 0.99999999400000005867 0.00000000099999999963 
0.00000000099999999994 0.00000000099999999994 0.99999999399999994765 0.00000000099999999994 0.00000000099999999994 0.00000000099999999994 0.00000000099999999994 
0.99999999400000016969 0.00000000099999999994 0.00000000099999999994 0.00000000099999999994 0.00000000099999999994 0.00000000099999999994 0.00000000099999999994 
0.24900758816252682726 0.00000000099999999998 0.21405792882901239493 0.19810821219390040149 0.00000000099999999998 0.00000000099999999998 0.33882626781456054443 
0.30818144808312408767 0.00000000099999999999 0.27781763743792003973 0.19865266098530004468 0.00000000099999999999 0.00000000099999999999 0.21534825049365596827 
0.00000000099999999993 0.00000000099999999993 0.00000000099999999993 0.00000000099999999993 0.00000000099999999993 0.00000000099999999993 0.99999999399999994765 
0.17843423405110789282 0.00558419410300133902 0.34251260029589108980 0.13117710759037456980 0.00891200178589492131 0.00000000099999999998 0.33337986117373025197 
0.99999999400000016969 0.00000000099999999992 0.00000000099999999992 0.00000000099999999992 0.00000000099999999992 0.00000000099999999992 0.00000000099999999992 
0.00000000099999999996 0.00000000099999999996 0.00000000099999999996 0.04074620451936828563 0.95925379048063175169 0.00000000099999999996 0.00000000099999999996 
0.26142525521440912462 0.00000000099999999998 0.18010954593020508940 0.26179348888898323899 0.00000000099999999998 0.00000000099999999998 0.29667170696640260408 
0.00000000099999999963 0.00000000099999999963 0.00000000099999999963 0.00000000099999999963 0.00000000099999999963 0.99999999399999994765 0.00000000099999999963 
0.00000000099999999992 0.00000000099999999992 0.00000000099999999992 0.99999999400000005867 0.00000000099999999992 0.00000000099999999992 0.00000000099999999992 
0.00000000099999999988 0.00000000099999999988 0.00000000099999999988 0.00000000099999999988 0.00000000099999999988 0.99999999399999994765 0.00000000099999999988 
0.00000000099999999968 0.00000000099999999968 0.00000000099999999968 0.00000000099999999968 0.00000000099999999968 0.99999999399999994765 0.00000000099999999968 
0.30549412518983437570 0.00000000099999999999 0.20762115524164517777 0.25924046305408227076 0.01405446002374107980 0.00000000099999999999 0.21358979449069706580 
0.20319325330994980616 0.00268087002919378987 0.25060875444792446443 0.31849323895698111730 0.00000000099999999999 0.00000000099999999999 0.22502388125595093604 
0.02954135165446033010 0.00000000099999999999 0.41038979413186932321 0.23936423247865387665 0.00897052730346743765 0.00000000099999999999 0.31173409243154903692 
0.00000000099999999972 0.00000000099999999972 0.00000000099999999972 0.00000000099999999972 0.00000000099999999972 0.99999999400000005867 0.00000000099999999972 
0.00000000099999999994 0.00000000099999999994 0.00000000099999999994 0.00000000099999999994 0.99999999400000005867 0.00000000099999999994 0.00000000099999999994 
0.00000000099999999994 0.00000000099999999994 0.00000000099999999994 0.00000000099999999994 0.99999999400000005867 0.00000000099999999994 0.00000000099999999994 
0.00000000099999999968 0.00000000099999999968 0.00000000099999999968 0.00000000099999999968 0.00000000099999999968 0.99999999400000005867 0.00000000099999999968 
0.00000000099999999998 0.00000000099999999998 0.46218511658084632243 0.00000000099999999998 0.00000000099999999998 0.00000000099999999998 0.53781487841915343040 
0.00000000099999999999 0.00000000099999999999 0.67254635753199432102 0.00001933698009287187 0.02858898626515989777 0.00000000099999999999 0.29884531622275273266 
0.00000000099999999969 0.00000000099999999969 0.00000000099999999969 0.00000000099999999969 0.00000000099999999969 0.99999999400000005867 0.00000000099999999969 
0.00000000099999999993 0.00000000099999999993 0.00000000099999999993 0.00000000099999999993 0.00000000099999999993 0.00000000099999999993 0.99999999400000005867 
0.00000000099999999992 0.00000000099999999992 0.00000000099999999992 0.00000000099999999992 0.99999999400000005867 0.00000000099999999992 0.00000000099999999992 
0.00000000099999999999 0.10522855358371881185 0.00000000099999999999 0.57807370703515315036 0.21445107051851228230 0.10224666586261574319 0.00000000099999999999 
0.25190460233970934922 0.00000000099999999998 0.24598709324230544349 0.49835062994603768205 0.00375767147194751251 0.00000000099999999998 0.00000000099999999998 
0.00000000099999999993 0.00000000099999999993 0.99999999400000005867 0.00000000099999999993 0.00000000099999999993 0.00000000099999999993 0.00000000099999999993 
0.00000000099999999993 0.00000000099999999993 0.99999999400000005867 0.00000000099999999993 0.00000000099999999993 0.00000000099999999993 0.00000000099999999993 
0.00000000099999999992 0.00000000099999999992 0.00000000099999999992 0.00000000099999999992 0.00000000099999999992 0.00000000099999999992 0.99999999399999994765 
0.00000000099999999997 0.00000000099999999997 0.61835512122585700734 0.00000000099999999997 0.00000000099999999997 0.00000000099999999997 0.38164487377414296754 
0.54265265848264365722 0.00000000099999999999 0.20122550191675364628 0.15323729099845695423 0.00000000099999999999 0.00000000099999999999 0.10288454560214591038 
0.00000004763291424956 0.00000000099999999999 0.51998619771656073851 0.00000000099999999999 0.00000000099999999999 0.00000000099999999999 0.48001375065052509505 
0.49886692666115617367 0.00000000100000000000 0.31359952533287988041 0.00000000100000000000 0.01544364609163217592 0.00000000100000000000 0.17208989891433168484 
0.00000000099999999996 0.00000000099999999996 0.00000000099999999996 0.00000000099999999996 0.99999999399999994765 0.00000000099999999996 0.00000000099999999996 
0.00000000099999999991 0.00000000099999999991 0.00000000099999999991 0.99999999399999994765 0.00000000099999999991 0.00000000099999999991 0.00000000099999999991 
0.29127359605515451557 0.00140964464151022021 0.23704747145165522282 0.28808908639201752377 0.00000000099999999999 0.00000000099999999999 0.18218019945966260065 
0.20597492354583096796 0.00000000099999999999 0.21290001767121372045 0.42246663128061678893 0.03534035245852419627 0.00000000099999999999 0.12331807304381445234 
0.00000000099999999998 0.00000000099999999998 0.38218697401790802104 0.36403673329661234703 0.00109772611103726948 0.00000000099999999998 0.25267856357444240523 
0.00000000099999999992 0.00000000099999999992 0.00000000099999999992 0.99999999400000005867 0.00000000099999999992 0.00000000099999999992 0.00000000099999999992 
0.66198055011579060025 0.00000000099999999997 0.00000000099999999997 0.00000000099999999997 0.00000000099999999997 0.00000000099999999997 0.33801944488420954116 
0.48361107902309319329 0.00000000099999999999 0.00192404255126371756 0.00000002450361609607 0.00000000099999999999 0.00000000099999999999 0.51446485092202698386 
0.00000000099999999996 0.00000000099999999996 0.00000000099999999996 0.03667494782607520071 0.96332504717392486437 0.00000000099999999996 0.00000000099999999996 
0.99999999400000005867 0.00000000099999999994 0.00000000099999999994 0.00000000099999999994 0.00000000099999999994 0.00000000099999999994 0.00000000099999999994 
0.13151735571837597227 0.00203195288664638572 0.23647785677072449828 0.41309890364928569806 0.00000000099999999999 0.00000000099999999999 0.21687392897496735045 
0.30507375010908072133 0.00000000100000000000 0.32948748601509292300 0.00002521338635655489 0.00000613563326777114 0.00837150897922302704 0.35703590487697900446 
0.00000004702655545470 0.00000000099999999997 0.00000000099999999997 0.00000000099999999997 0.99999994797344460284 0.00000000099999999997 0.00000000099999999997 
0.33188058593977226574 0.00000000100000000000 0.28045298227033044203 0.24858980180230261237 0.02335623364535591509 0.01756300115084593466 0.09815739419139284105 
0.31767956790648238519 0.00000000668097484035 0.39586915024127927731 0.00000000099999999999 0.00277094263101516566 0.00000000099999999999 0.28368033054024849315 
0.38453271490060192406 0.00369093074121780440 0.00000000099999999998 0.00000000099999999998 0.47593579934247653984 0.00000000099999999998 0.13584055201570363614 
0.17993045034888363598 0.00000000099999999998 0.24073883339583110330 0.31769841344102500713 0.01556023325812643313 0.00000000099999999998 0.24607206755613392213 
0.00000000099999999971 0.00000000099999999971 0.00000000099999999971 0.00000000099999999971 0.00000000099999999971 0.99999999399999994765 0.00000000099999999971 
0.25496380888666325681 0.00963914538209707447 0.46205280712229945816 0.00000000099999999999 0.01187456994482634018 0.00000000099999999999 0.26146966666411397551 
0.22640983908966830218 0.00000000099999999999 0.18718282092086563351 0.17696106730710464694 0.01990824261333890358 0.00000000099999999999 0.38953802806902254607 
