0.96544765403306942453 0.02859677497672181642 0.00595557099020863154 
0.99999999800000005656 0.00000000099999999998 0.00000000099999999998 
0.99609207995950932446 0.00390791904049056591 0.00000000099999999998 
0.99452560474000062385 0.00547439425999941224 0.00000000100000000000 
0.98378740995829117022 0.01555318706173561619 0.00065940297997326704 
0.99261333548938057714 0.00738666351061929502 0.00000000099999999999 
0.98730183514424352254 0.01269816385575649534 0.00000000099999999999 
0.98996218308254724239 0.01003781591745264191 0.00000000099999999999 
0.97449930074047841355 0.02550069825952167371 0.00000000099999999999 
0.99698886486421922637 0.00301113413578070303 0.00000000099999999999 
0.98495998617500435390 0.01504001282499566050 0.00000000100000000000 
0.98390204005111503438 0.01609795894888495921 0.00000000099999999999 
0.98946838709346063290 0.01046793498960588154 0.00006367791693350695 
0.97892136766370196899 0.02107788013888395318 0.00000075219741399259 
0.96579630788889048176 0.02636741022069911608 0.00783628189041045073 
0.96320118553334321820 0.03679881346665676844 0.00000000100000000000 
0.99571814593998342335 0.00428185306001653467 0.00000000100000000000 
0.97895379439977070479 0.01127602115585671361 0.00977018444437263711 
0.97682952387041743769 0.01384870770757582609 0.00932176842200677092 
0.99128223901475209789 0.00871775998524794080 0.00000000099999999998 
0.99690607824332988507 0.00242577919172630007 0.00066814256494382765 
0.98844118653668133767 0.01155881246331857092 0.00000000099999999999 
0.99970982680752773497 0.00029017219247221064 0.00000000100000000000 
0.99160930921483614320 0.00839068978516387641 0.00000000099999999999 
0.99365854564981415109 0.00634145335018580780 0.00000000099999999999 
0.99323512647488254590 0.00635113402402938051 0.00041373950108798268 
0.00000000099999999992 0.99999999800000005656 0.00000000099999999992 
0.00000000099999999991 0.99999999799999994554 0.00000000099999999991 
0.98173769889751805184 0.01682915982538144353 0.00143314127710050658 
0.98390063557375362358 0.01609936342624638042 0.00000000100000000000 
0.99534252904453102140 0.00465746995546884816 0.00000000100000000000 
0.98939552491156168568 0.01060447408843832179 0.00000000099999999999 
0.63558024422968384393 0.36441975477031601782 0.00000000099999999997 
0.99419075182037108807 0.00580924717962892807 0.00000000099999999999 
0.00000000099999999992 0.00000000099999999992 0.99999999799999994554 
0.00000000099999999989 0.00000000099999999989 0.99999999799999994554 
0.00000000099999999989 0.00000000099999999989 0.99999999800000005656 
0.00000000099999999993 0.99999999799999994554 0.00000000099999999993 
0.00000000099999999992 0.99999999800000005656 0.00000000099999999992 
0.98916530184341311394 0.01083469715658686924 0.00000000099999999999 
0.98760857468328799857 0.01239142431671197940 0.00000000099999999999 
0.00000000099999999992 0.99999999800000005656 0.00000000099999999992 
0.98463931386787029165 0.01536068513212967765 0.00000000099999999999 
0.98984778687761965088 0.01015221212238021954 0.00000000099999999999 
0.00000000099999999993 0.99999999799999994554 0.00000000099999999993 
0.98879908435602203998 0.01120091464397787034 0.00000000099999999999 
0.00000000099999999992 0.99999999799999994554 0.00000000099999999992 
0.99021453204725129460 0.00978546695274869899 0.00000000099999999999 
0.99999999799999994554 0.00000000099999999998 0.00000000099999999998 
0.00000000099999999991 0.99999999800000005656 0.00000000099999999991 
0.00000000099999999992 0.99999999799999994554 0.00000000099999999992 
0.99999999799999994554 0.00000000099999999998 0.00000000099999999998 
0.99555886263349679943 0.00444113636650321931 0.00000000099999999999 
0.99994041095894570237 0.00005958804105416769 0.00000000099999999999 
0.00000000099999999993 0.99999999799999994554 0.00000000099999999993 
0.97930924587763779066 0.02049827237825282630 0.00019248174410937762 
0.97106599081764566339 0.02867626225227885503 0.00025774693007554571 
0.99977153593579426438 0.00000049133664479670 0.00022797272756089554 
0.99216081417005774767 0.00783918482994215050 0.00000000100000000000 
0.99800613033543839059 0.00199386866456170014 0.00000000099999999999 
0.98007241631914232549 0.01287796767834822713 0.00704961600250938580 
0.00000000099999999991 0.00000000099999999991 0.99999999800000005656 
0.98950645294187966616 0.01049354605812018344 0.00000000099999999999 
0.00000000099999999991 0.00000000099999999991 0.99999999799999994554 
0.99225132393568582501 0.00774030802645715808 0.00000836803785690750 
0.00000000099999999991 0.00000000099999999991 0.99999999799999994554 
0.99387755162210023041 0.00612244737789971460 0.00000000099999999999 
0.98020034078670759126 0.01494594755629191293 0.00485371165700059556 
0.99265806758257513209 0.00734193141742486063 0.00000000099999999999 
0.99999999799999994554 0.00000000099999999999 0.00000000099999999999 
0.00000000099999999991 0.00000000099999999991 0.99999999799999994554 
0.00000000099999999992 0.00000000099999999992 0.99999999800000005656 
0.98154017579652741432 0.01845982320347249947 0.00000000100000000000 
0.99999999799999994554 0.00000000099999999999 0.00000000099999999999 
0.00000000099999999993 0.99999999799999994554 0.00000000099999999993 
0.99999940168202394730 0.00000059731797592283 0.00000000099999999999 
0.99326913357571955387 0.00004654336120758706 0.00668432306307292605 
0.00000000099999999990 0.00000000099999999990 0.99999999799999994554 
0.00000000099999999991 0.99999999799999994554 0.00000000099999999991 
0.00000000099999999992 0.00000000099999999992 0.99999999799999994554 
0.96896291495943831507 0.02391037660077037150 0.00712670843979140278 
0.98226468187641990948 0.01773531712357994186 0.00000000099999999999 
0.99999999303761077929 0.00000000596238925568 0.00000000100000000000 
0.99156865814269856685 0.00843134085730140072 0.00000000099999999999 
0.97189672033038765342 0.02810327866961237139 0.00000000100000000000 
0.99528600662990018844 0.00471399237009981122 0.00000000099999999999 
0.99999999800000005656 0.00000000099999999999 0.00000000099999999999 
0.99474413519072690804 0.00525583061670960479 0.00000003419256333806 
0.99999928312826780186 0.00000071587173221520 0.00000000099999999999 
0.99543623621806209822 0.00456376278193792312 0.00000000099999999999 
0.99228001753510997052 0.00771998146488991812 0.00000000099999999999 
0.99803852373712609314 0.00181780517590135753 0.00014367108697254475 
0.99999999800000005656 0.00000000099999999998 0.00000000099999999998 
0.99497750345052338172 0.00502249554947659365 0.00000000100000000000 
0.00000000099999999995 0.00000000099999999995 0.99999999799999994554 
0.98131531327815291199 0.01868468572184705384 0.00000000099999999999 
0.99254891526818445069 0.00745108373181557846 0.00000000099999999999 
0.98726819346589700377 0.01273180553410292910 0.00000000099999999999 
0.00000000099999999989 0.00000000099999999989 0.99999999800000005656 
0.98538946079560840730 0.01332367883991302827 0.00128686036447860476 
0.98362420159333263658 0.01637579740666733272 0.00000000099999999999 
0.97528992897307154042 0.01573930849926186842 0.00897076252766658248 
0.98823873060039435501 0.01174587064862318495 0.00001539875098244059 
0.99221302440420588997 0.00150711207778661343 0.00627986351800749031 
0.99467939880757583193 0.00492187609707707679 0.00039872509534704911 
0.98724835643990049849 0.01275164256009951418 0.00000000100000000000 
0.98683029701587554605 0.01316965285756659283 0.00000005012655790652 
0.95836235915327061541 0.03684797682745232644 0.00478966401927709111 
0.98220663972335620073 0.01779335927664378939 0.00000000100000000000 
0.99999998191146810544 0.00000001708853181548 0.00000000099999999999 
0.96418789090829570831 0.03016725418831936109 0.00564485490338494968 
0.98198270551086153102 0.01801729348913832726 0.00000000099999999999 
0.99014500907765690130 0.00663007716635494616 0.00322491375598810831 
0.99576487442914207726 0.00423512457085779143 0.00000000100000000000 
0.99990323371158351673 0.00009676477414448664 0.00000000151427208534 
0.98494928523883562566 0.01505071376116428640 0.00000000100000000000 
0.99861374508283629048 0.00010457573454983226 0.00128167918261385240 
0.99767617197598712497 0.00232382702401285040 0.00000000099999999999 
0.99462062707790721561 0.00537937192209280834 0.00000000099999999999 
0.92079978054310684943 0.01085356254886465401 0.06834665690802836646 
0.99973859702546996608 0.00026140197452988455 0.00000000099999999999 
0.99999281501841930098 0.00000718398158078330 0.00000000099999999999 
0.99980968975008610578 0.00019030924991387033 0.00000000099999999999 
0.97228979328170306307 0.02771020571829693052 0.00000000099999999999 
0.99999999429637009829 0.00000000099999999999 0.00000000470363000844 
0.98037204906512742664 0.01191880063813503116 0.00770915029673754307 
0.99473435890228023570 0.00526564009771968589 0.00000000099999999999 
0.99198986838092062523 0.00801000666691983193 0.00000012495215951145 
0.99999990801093985304 0.00000009098906020181 0.00000000099999999999 
0.99999999800000005656 0.00000000099999999998 0.00000000099999999998 
0.98687774289349572410 0.01312225610650432500 0.00000000100000000000 
0.00000000099999999992 0.00000000099999999992 0.99999999799999994554 
0.00000000099999999991 0.99999999800000005656 0.00000000099999999991 
0.95772017185667057682 0.04227982714332934044 0.00000000100000000000 
0.99999999799999994554 0.00000000099999999999 0.00000000099999999999 
0.99716560480569704783 0.00283429740618068452 0.00000009778812221460 
0.98397283135777624530 0.01602716764222370666 0.00000000099999999999 
0.99993844859598990382 0.00006154045783458693 0.00000001094617549196 
0.98263937684844460119 0.01736062215155539587 0.00000000099999999999 
0.99482475491787036859 0.00517524408212967878 0.00000000099999999999 
0.00000000099999999990 0.00000000099999999990 0.99999999800000005656 
0.00000000099999999991 0.00000000099999999991 0.99999999800000005656 
0.00000000099999999989 0.00000000099999999989 0.99999999800000005656 
0.00000000099999999990 0.00000000099999999990 0.99999999799999994554 
0.00000000099999999989 0.00000000099999999989 0.99999999799999994554 
0.98124641188846695172 0.01875358711153293084 0.00000000100000000000 
0.98107580641547942335 0.01841089780521906749 0.00051329577930150547 
0.00000000099999999990 0.00000000099999999990 0.99999999799999994554 
0.00000000099999999991 0.00000000099999999991 0.99999999800000005656 
0.00000000099999999991 0.99999999800000005656 0.00000000099999999991 
0.00000000099999999991 0.99999999799999994554 0.00000000099999999991 
0.99357055594542542654 0.00638676513668865083 0.00004267891788587636 
0.00000000099999999990 0.00000000099999999990 0.99999999800000005656 
0.99335565879106579867 0.00000652169310704772 0.00663781951582724777 
0.99195297348125133219 0.00804702551874867701 0.00000000100000000000 
0.98203195116254937691 0.01796804783745058545 0.00000000100000000000 
0.99866573764572230676 0.00133426135427776381 0.00000000099999999999 
0.99579510329355258591 0.00420489570644736865 0.00000000099999999999 
0.98882386785247189387 0.01117613114752804421 0.00000000099999999999 
0.99999998185118632588 0.00000001714881358805 0.00000000099999999998 
0.97445566755397172720 0.02541380472729755716 0.00013052771873076554 
0.98270686992754552325 0.01729312907245438360 0.00000000100000000000 
0.00000000099999999992 0.00000000099999999992 0.99999999800000005656 
0.99764252872730374566 0.00235747027269625573 0.00000000100000000000 
0.00000000099999999990 0.00000000099999999990 0.99999999799999994554 
0.00000000099999999989 0.00000000099999999989 0.99999999799999994554 
0.99244113125030664069 0.00755537037786276327 0.00000349837183048001 
0.99698980738039932881 0.00301019161960054292 0.00000000099999999999 
0.99978857609313365185 0.00021142290686631041 0.00000000099999999999 
0.99455499508741529446 0.00544500391258476244 0.00000000100000000000 
0.97920203324130217215 0.02079796575869784572 0.00000000099999999999 
0.98797498403383310350 0.01202501496616688662 0.00000000099999999999 
0.99051242573638920152 0.00789175233737228303 0.00159582192623858635 
0.99644100845197691729 0.00355899054802313658 0.00000000099999999999 
0.99321696831955130769 0.00678303068044864947 0.00000000099999999999 
0.00000000099999999990 0.00000000099999999990 0.99999999800000005656 
0.99331796322364263041 0.00666304897948589818 0.00001898779687153100 
0.00000000099999999997 0.00000000099999999997 0.99999999800000005656 
0.00000000099999999991 0.00000000099999999991 0.99999999799999994554 
0.99421528689917892940 0.00578471210082109021 0.00000000100000000000 
0.98691693850094708296 0.01308306049905283083 0.00000000100000000000 
0.99619702452232672396 0.00000000100000000000 0.00380297447767336200 
0.00000000099999999992 0.00000000099999999992 0.99999999800000005656 
0.99990541064809379534 0.00009458835190627929 0.00000000099999999999 
0.99999994828171046013 0.00000005071828941124 0.00000000099999999999 
0.00000000099999999991 0.00000000099999999991 0.99999999800000005656 
0.98687921898563324419 0.01312078001436659327 0.00000000100000000000 
0.98272971483261251091 0.01727028416738756247 0.00000000100000000000 
0.00000000099999999991 0.00000000099999999991 0.99999999799999994554 
0.98535177989306710344 0.01464821910693289708 0.00000000099999999999 
0.99999999800000005656 0.00000000099999999999 0.00000000099999999999 
0.77827882610462495450 0.11561991842283458887 0.10610125547254037337 
0.99147187361663835503 0.00004046078930677136 0.00848766559405477947 
0.97924221081969031744 0.02075778818030950615 0.00000000099999999999 
0.97770179317720096179 0.02229820582279910812 0.00000000099999999999 
0.98272628594627198240 0.01727371305372808058 0.00000000099999999999 
0.98308632428194020481 0.01541615278290737329 0.00149752293515239502 
0.99999995724291124155 0.00000002658962172417 0.00000001616746707249 
0.98107765205448493884 0.01892234694551504087 0.00000000099999999999 
0.98217543228555059809 0.00983681928667518371 0.00798774842777407248 
0.98814616783928488353 0.01185383116071524190 0.00000000099999999999 
0.98758893322371277268 0.01241106577628726254 0.00000000099999999999 
0.98946890649666674467 0.01053109250333321596 0.00000000100000000000 
0.98803101537815218869 0.01190496805704630186 0.00006401656480153377 
0.99999999631316049964 0.00000000099999999999 0.00000000268683956607 
0.99048887316690426008 0.00661279744265421375 0.00289832939044158818 
0.99884464228015124032 0.00115533530618809935 0.00000002241366064718 
0.99667082253477412568 0.00332917414043377687 0.00000000332479220045 
0.99998179433253953086 0.00001820466746054571 0.00000000099999999999 
0.97517521174937304984 0.02482478725062687783 0.00000000099999999999 
0.98169076578737690664 0.01830923321262311818 0.00000000099999999999 
0.98164140899494967130 0.00444054693534702213 0.01391804406970333433 
0.99816537440699448780 0.00000000099999999999 0.00183462459300548237 
0.97743895664106095200 0.00091369223834075590 0.02164735112059831129 
0.98412246209724851820 0.01575797536509741456 0.00011956253765413000 
0.98348802005622770750 0.01651197894377234507 0.00000000099999999999 
0.99999999800000005656 0.00000000099999999998 0.00000000099999999998 
0.00000000099999999991 0.00000000099999999991 0.99999999800000005656 
0.98012925236180226118 0.01987074663819768730 0.00000000100000000000 
0.98747995780409858479 0.01252004119590146777 0.00000000100000000000 
