0.00000000100000000000 0.02053417835139638090 0.00071304050588812096 0.39119282989951931206 0.32900134456427487795 0.25855860467892116672 0.00000000100000000000 
0.00000000099999999995 0.00000000099999999995 0.00000000099999999995 0.00000000099999999995 0.00000000099999999995 0.00000000099999999995 0.99999999399999994765 
0.00000000099999999995 0.00000000099999999995 0.00000000099999999995 0.00000000099999999995 0.00000000099999999995 0.00000000099999999995 0.99999999400000005867 
0.00000000099999999999 0.00002315593144803635 0.22147704394249206894 0.06658295302815851746 0.41794594830030984411 0.26744127112383825340 0.02652962667375326558 
0.00000000099999999999 0.00548759240181726903 0.23728289083369646928 0.29891386903749478376 0.21097064500352791239 0.24734500072346360389 0.00000000099999999999 
0.00000000099999999994 0.00000000099999999994 0.00000000099999999994 0.00000000099999999994 0.99999999400000005867 0.00000000099999999994 0.00000000099999999994 
0.00000000099999999996 0.00000000099999999996 0.00000000099999999996 0.00000000099999999996 0.00000000099999999996 0.00000000099999999996 0.99999999400000005867 
0.00000000099999999993 0.00000000099999999993 0.00000000099999999993 0.00000000099999999993 0.00000000099999999993 0.00000000099999999993 0.99999999400000005867 
0.00000000099999999999 0.00271442581768904399 0.52019890411149705134 0.47708666607081384736 0.00000000099999999999 0.00000000099999999999 0.00000000099999999999 
0.00000000099999999995 0.00000000099999999995 0.00000000099999999995 0.00000000099999999995 0.00000000099999999995 0.00000000099999999995 0.99999999400000005867 
0.00000000099999999995 0.00000000099999999995 0.99999999399999994765 0.00000000099999999995 0.00000000099999999995 0.00000000099999999995 0.00000000099999999995 
0.00000000099999999999 0.00000000099999999999 0.34462557280928041159 0.42320644378397254126 0.13377350190138018182 0.08506309530266682739 0.01333138420270004072 
0.00000000099999999994 0.00000000099999999994 0.99999999400000005867 0.00000000099999999994 0.00000000099999999994 0.00000000099999999994 0.00000000099999999994 
0.00000000099999999999 0.01336092244819948698 0.35999849298256042518 0.20605078155812076024 0.20405078827706590872 0.21653901273405345984 0.00000000099999999999 
0.00292210543253003385 0.01567554973615472441 0.26291998618610357141 0.27234554822040651922 0.15231497717817321647 0.29382183224663194210 0.00000000100000000000 
0.00000000099999999999 0.02806388162034325479 0.20438082936863372074 0.32872573926636172725 0.28421688457715105214 0.10344861660133733428 0.05116404756617289745 
0.00000000099999999997 0.00000000099999999997 0.00000000099999999997 0.62899718530994352950 0.00000000099999999997 0.37100280969005644538 0.00000000099999999997 
0.00000000099999999999 0.00000000099999999999 0.32939483070371039508 0.30797554335124932567 0.00000000099999999999 0.36262962194504017033 0.00000000099999999999 
0.00000000100000000000 0.00508831413965366974 0.23473909813145701908 0.22696110260686183646 0.42375492111387791372 0.10945656200814952996 0.00000000100000000000 
0.00000000099999999996 0.00000000099999999996 0.00000000099999999996 0.49261738757552414603 0.00000000099999999996 0.50738260742447571783 0.00000000099999999996 
0.00000000099999999998 0.00000000099999999998 0.60149011411105446356 0.39850988088894534478 0.00000000099999999998 0.00000000099999999998 0.00000000099999999998 
0.00000000099999999997 0.00000000099999999997 0.00000000099999999997 0.00000003955495906797 0.00000000099999999997 0.00000000099999999997 0.99999995544504094447 
0.00000000099999999989 0.00000000099999999989 0.00000000099999999989 0.00000000099999999989 0.00000000099999999989 0.99999999399999994765 0.00000000099999999989 
0.00000000099999999987 0.00000000099999999987 0.00000000099999999987 0.99999999399999994765 0.00000000099999999987 0.00000000099999999987 0.00000000099999999987 
0.00000000099999999998 0.00000000099999999998 0.43162009598448952685 0.18626744551832150054 0.00000000099999999998 0.36535023949480649463 0.01676221600238249690 
0.00000000099999999999 0.00000000099999999999 0.28428056925190919868 0.26519044627731125363 0.20059587127611733237 0.24993311019466216139 0.00000000099999999999 
0.00000000099999999974 0.99999999400000005867 0.00000000099999999974 0.00000000099999999974 0.00000000099999999974 0.00000000099999999974 0.00000000099999999974 
0.00000000099999999970 0.99999999400000016969 0.00000000099999999970 0.00000000099999999970 0.00000000099999999970 0.00000000099999999970 0.00000000099999999970 
0.00000000099999999995 0.00000000099999999995 0.99999999399999994765 0.00000000099999999995 0.00000000099999999995 0.00000000099999999995 0.00000000099999999995 
0.00000000099999999993 0.00000000099999999993 0.99999999400000005867 0.00000000099999999993 0.00000000099999999993 0.00000000099999999993 0.00000000099999999993 
0.00000000099999999998 0.00000000099999999998 0.30061480218359415417 0.10089378049963831918 0.43782933878733265587 0.14300193810828787377 0.01766013842114710561 
0.00000000099999999994 0.00000000099999999994 0.00000000099999999994 0.06017787701219830254 0.00000000099999999994 0.00000000099999999994 0.93982211798780168621 
0.00000000099999999991 0.35633242752266364173 0.00000000099999999991 0.46058385466560469723 0.00000000099999999991 0.00000000099999999991 0.18308371381173171866 
0.00000000099999999998 0.00000000099999999998 0.28689368682083210560 0.22786471071926592269 0.29439290720616168029 0.19084869225374032076 0.00000000099999999998 
0.99999999400000016969 0.00000000099999999969 0.00000000099999999969 0.00000000099999999969 0.00000000099999999969 0.00000000099999999969 0.00000000099999999969 
0.99999999400000016969 0.00000000099999999961 0.00000000099999999961 0.00000000099999999961 0.00000000099999999961 0.00000000099999999961 0.00000000099999999961 
0.99999999400000005867 0.00000000099999999962 0.00000000099999999962 0.00000000099999999962 0.00000000099999999962 0.00000000099999999962 0.00000000099999999962 
0.00000000099999999975 0.99999999400000005867 0.00000000099999999975 0.00000000099999999975 0.00000000099999999975 0.00000000099999999975 0.00000000099999999975 
0.00000000099999999971 0.99999999400000005867 0.00000000099999999971 0.00000000099999999971 0.00000000099999999971 0.00000000099999999971 0.00000000099999999971 
0.00000000099999999996 0.00000000099999999996 0.60846985195661917878 0.00000000099999999996 0.00000000099999999996 0.39153014304338079610 0.00000000099999999996 
0.00000000099999999997 0.00000000099999999997 0.00000000099999999997 0.00000000099999999997 0.00000000099999999997 0.00000000099999999997 0.99999999399999994765 
0.00000000099999999972 0.99999999400000016969 0.00000000099999999972 0.00000000099999999972 0.00000000099999999972 0.00000000099999999972 0.00000000099999999972 
0.00000000099999999990 0.00000000099999999990 0.00000000099999999990 0.00000000099999999990 0.00000000099999999990 0.99999999400000005867 0.00000000099999999990 
0.00000000099999999994 0.00000000099999999994 0.00000000099999999994 0.00000000099999999994 0.00000000099999999994 0.00000000099999999994 0.99999999400000005867 
0.00000000099999999976 0.99999999400000016969 0.00000000099999999976 0.00000000099999999976 0.00000000099999999976 0.00000000099999999976 0.00000000099999999976 
0.00000000099999999994 0.00000000099999999994 0.00000000099999999994 0.00000000099999999994 0.99999999400000005867 0.00000000099999999994 0.00000000099999999994 
0.00000000099999999973 0.99999999400000005867 0.00000000099999999973 0.00000000099999999973 0.00000000099999999973 0.00000000099999999973 0.00000000099999999973 
0.00000000099999999995 0.00000000099999999995 0.00000000099999999995 0.00000000099999999995 0.00000000099999999995 0.00000000099999999995 0.99999999399999994765 
0.00000000099999999992 0.00000000099999999992 0.00000000099999999992 0.00000000099999999992 0.00000000099999999992 0.00000000099999999992 0.99999999400000005867 
0.00000000099999999969 0.99999999400000005867 0.00000000099999999969 0.00000000099999999969 0.00000000099999999969 0.00000000099999999969 0.00000000099999999969 
0.00000000099999999972 0.99999999400000005867 0.00000000099999999972 0.00000000099999999972 0.00000000099999999972 0.00000000099999999972 0.00000000099999999972 
0.00000000099999999996 0.00000000099999999996 0.00000000099999999996 0.00000000099999999996 0.00000000099999999996 0.00000000099999999996 0.99999999400000005867 
0.00000000099999999996 0.00000000099999999996 0.00000000099999999996 0.00000000099999999996 0.00000000099999999996 0.00000000099999999996 0.99999999399999994765 
0.00000000099999999996 0.00000000099999999996 0.00001787008903594611 0.00000000099999999996 0.00000000099999999996 0.00000000099999999996 0.99998212491096416521 
0.00000000099999999977 0.99999999400000005867 0.00000000099999999977 0.00000000099999999977 0.00000000099999999977 0.00000000099999999977 0.00000000099999999977 
0.00000000100000000000 0.01239365777434825282 0.19669056146973520893 0.16172541031478726570 0.44002179591495044209 0.15295560029322693985 0.03621297323295195186 
0.00000000100000000000 0.02181954383977570411 0.16522172525625905548 0.22552748164403879638 0.32329424595121358799 0.26413700130871275995 0.00000000100000000000 
0.00000000099999999998 0.00000000099999999998 0.21141850388170452257 0.22027044612392324141 0.29353593823312279509 0.25991654390750223991 0.01485856585374717952 
0.00000000099999999998 0.00000000099999999998 0.25106403914388536469 0.00000000099999999998 0.40676343404602949283 0.34217252281008503356 0.00000000099999999998 
0.00000000099999999995 0.00000000099999999995 0.00000000099999999995 0.00000000099999999995 0.00000000099999999995 0.00000000099999999995 0.99999999400000005867 
0.00000000099999999998 0.00000000099999999998 0.71374700243646604925 0.28625299256353392563 0.00000000099999999998 0.00000000099999999998 0.00000000099999999998 
0.99999999400000005867 0.00000000099999999967 0.00000000099999999967 0.00000000099999999967 0.00000000099999999967 0.00000000099999999967 0.00000000099999999967 
0.00000000099999999998 0.00000000099999999998 0.00000000099999999998 0.36235158668844824614 0.22606088292369858062 0.41158752638785311984 0.00000000099999999998 
0.99999999400000016969 0.00000000099999999968 0.00000000099999999968 0.00000000099999999968 0.00000000099999999968 0.00000000099999999968 0.00000000099999999968 
0.00000000099999999999 0.00000000099999999999 0.31649537978133568394 0.20598455278212382535 0.19529730403850734111 0.24712528859484564348 0.03509747280318741697 
0.99999999400000005867 0.00000000099999999969 0.00000000099999999969 0.00000000099999999969 0.00000000099999999969 0.00000000099999999969 0.00000000099999999969 
0.00000000099999999998 0.00000000099999999998 0.00000000099999999998 0.51692492274223678095 0.48307507225776330495 0.00000000099999999998 0.00000000099999999998 
0.00000000099999999998 0.00000000099999999998 0.00000000099999999998 0.52992573228914430228 0.47007426271085572811 0.00000000099999999998 0.00000000099999999998 
0.00000000099999999993 0.00000000099999999993 0.00000000099999999993 0.00000000099999999993 0.00000000099999999993 0.00000000099999999993 0.99999999400000005867 
0.00000000099999999996 0.00000000099999999996 0.00000000099999999996 0.38410929317449565845 0.61589070182550431642 0.00000000099999999996 0.00000000099999999996 
0.99999999400000016969 0.00000000099999999969 0.00000000099999999969 0.00000000099999999969 0.00000000099999999969 0.00000000099999999969 0.00000000099999999969 
0.99999999400000016969 0.00000000099999999971 0.00000000099999999971 0.00000000099999999971 0.00000000099999999971 0.00000000099999999971 0.00000000099999999971 
0.00000000099999999999 0.00015325749579104349 0.00165370147890616975 0.33691201815229343541 0.13872520409064170721 0.44269577270831578231 0.07986004507405181085 
0.00000000099999999994 0.00000000099999999994 0.00000000099999999994 0.00000000099999999994 0.00000000099999999994 0.00000000099999999994 0.99999999399999994765 
0.00000000099999999978 0.99999999400000005867 0.00000000099999999978 0.00000000099999999978 0.00000000099999999978 0.00000000099999999978 0.00000000099999999978 
0.00000000099999999994 0.00000000099999999994 0.00000000099999999994 0.00000000099999999994 0.00000000099999999994 0.00000000099999999994 0.99999999399999994765 
0.00000000099999999999 0.00000000099999999999 0.22028119234561155393 0.22127889120669960721 0.40892218967612886660 0.11858916922766338242 0.03092855554389658743 
0.99999999400000005867 0.00000000099999999965 0.00000000099999999965 0.00000000099999999965 0.00000000099999999965 0.00000000099999999965 0.00000000099999999965 
0.00000000099999999967 0.99999999400000016969 0.00000000099999999967 0.00000000099999999967 0.00000000099999999967 0.00000000099999999967 0.00000000099999999967 
0.99999999400000016969 0.00000000099999999973 0.00000000099999999973 0.00000000099999999973 0.00000000099999999973 0.00000000099999999973 0.00000000099999999973 
0.00000000100000000000 0.01493240849479766583 0.46476133827472360105 0.23113041881680584932 0.00000000100000000000 0.28917583141367286803 0.00000000100000000000 
0.00000000099999999992 0.00000000099999999992 0.00000000099999999992 0.00000000099999999992 0.00000000099999999992 0.00000000099999999992 0.99999999400000005867 
0.00000000099999999994 0.00000000099999999994 0.00000000099999999994 0.00000000099999999994 0.00000000099999999994 0.00000000099999999994 0.99999999400000005867 
0.00000000099999999998 0.00000000099999999998 0.00000001170760195593 0.00000000099999999998 0.53927172101055020903 0.23644329128954749697 0.22428497299230040762 
0.00000000099999999999 0.01959124354198296322 0.24354030882757957133 0.24831631586451946569 0.30936295639934990875 0.17918904181166875333 0.00000013255489946326 
0.00000000099999999989 0.00000000099999999989 0.00000000099999999989 0.00000000099999999989 0.00000000099999999989 0.99999999400000005867 0.00000000099999999989 
0.00000000099999999995 0.00000000099999999995 0.99999999400000005867 0.00000000099999999995 0.00000000099999999995 0.00000000099999999995 0.00000000099999999995 
0.00000000099999999998 0.00000000099999999998 0.52504771822050644303 0.00000000099999999998 0.30750139300500101136 0.16745088477449249220 0.00000000099999999998 
0.00000000099999999997 0.00000000099999999997 0.29767303056639743408 0.26282071442155979790 0.20227081820950904012 0.23723543380253381274 0.00000000099999999997 
0.00000000099999999997 0.00000000099999999997 0.37517459235741512646 0.00000000099999999997 0.51201049779824558961 0.11281490584433906399 0.00000000099999999997 
0.00000000099999999997 0.00000000099999999997 0.54153730241708930571 0.00000000099999999997 0.00000000099999999997 0.45846269258291050264 0.00000000099999999997 
0.00000000099999999998 0.00000000099999999998 0.40817697419306764317 0.00000000099999999998 0.56860998162957765434 0.00000000099999999998 0.02321304017735464562 
0.00000000099999999995 0.00000000099999999995 0.00000000099999999995 0.00000000099999999995 0.00000000099999999995 0.00000000099999999995 0.99999999400000005867 
0.00000000099999999998 0.00000000099999999998 0.00000000099999999998 0.01100412046054802251 0.00000000099999999998 0.00000000099999999998 0.98899587453945203563 
0.99999999400000016969 0.00000000099999999981 0.00000000099999999981 0.00000000099999999981 0.00000000099999999981 0.00000000099999999981 0.00000000099999999981 
0.00000000099999999997 0.00000000099999999997 0.00000000099999999997 0.00000000099999999997 0.00000000099999999997 0.00000000099999999997 0.99999999399999994765 
0.00000000099999999998 0.00000000099999999998 0.00000000099999999998 0.00000000099999999998 0.00274095589445700998 0.00000000099999999998 0.99725903910554292153 
0.00000000099999999999 0.00118311523386212866 0.22987106341952984190 0.30337462895340888691 0.36944390513468966519 0.08093382394065602725 0.01519346231785350353 
0.99999999400000016969 0.00000000099999999961 0.00000000099999999961 0.00000000099999999961 0.00000000099999999961 0.00000000099999999961 0.00000000099999999961 
0.00000000099999999999 0.00000000099999999999 0.21613931687494278289 0.16447666116353176768 0.35870227083961730985 0.26068174812190819667 0.00000000099999999999 
0.00000000099999999994 0.00000000099999999994 0.99999999400000005867 0.00000000099999999994 0.00000000099999999994 0.00000000099999999994 0.00000000099999999994 
0.00000000099999999999 0.00000000099999999999 0.00000000099999999999 0.50709162163470467011 0.49290837336529524926 0.00000000099999999999 0.00000000099999999999 
0.00000000100000000000 0.00098824602466449692 0.33881589739637790748 0.18270537071307524357 0.30099914394309135179 0.15978999347654546104 0.01670134744624567069 
0.00000000099999999998 0.00000000099999999998 0.00000000099999999998 0.40729303373039826841 0.24824469670698853796 0.34446226556261305696 0.00000000099999999998 
0.00000000099999999999 0.00000000099999999999 0.33261856367386222200 0.03209166960676314989 0.36935438826612121410 0.23549313505753521891 0.03044224139571818921 
0.00000000099999999998 0.00000000099999999998 0.00000000099999999998 0.53846344548412283793 0.24894758021410795523 0.21258897030176920895 0.00000000099999999998 
0.00000000099999999997 0.00000000099999999997 0.00000000099999999997 0.00000000099999999997 0.45686681658273353701 0.54313317841726638235 0.00000000099999999997 
0.00000000099999999999 0.02656158981460345764 0.00000000099999999999 0.43403400035026895587 0.53940440583512760941 0.00000000099999999999 0.00000000099999999999 
0.00000000099999999994 0.00000000099999999994 0.00000000099999999994 0.00000000099999999994 0.99999999399999994765 0.00000000099999999994 0.00000000099999999994 
0.00000000099999999997 0.00000000099999999997 0.22326923526190897706 0.18158626052648793592 0.59514450021160314463 0.00000000099999999997 0.00000000099999999997 
0.00000000099999999999 0.01306061868476588068 0.00000000099999999999 0.59116927080328174338 0.38033832475517292959 0.00000000099999999999 0.01543178275677932129 
0.00000000099999999998 0.00606903639965359221 0.35440992782591890231 0.06808119500880496777 0.37267976279737513590 0.19876007596824740720 0.00000000099999999998 
0.00000000099999999998 0.00000000099999999998 0.00000000099999999998 0.60821189691904198327 0.39178809808095810263 0.00000000099999999998 0.00000000099999999998 
0.00000000099999999998 0.00000000099999999998 0.13511236758042619033 0.44268894496252775284 0.42219868345704603119 0.00000000099999999998 0.00000000099999999998 
0.00000000099999999996 0.00000000099999999996 0.00000000099999999996 0.74901867988964010436 0.00000000099999999996 0.25098131511035975949 0.00000000099999999996 
0.00000000099999999999 0.00000000099999999999 0.00000000099999999999 0.21879082030562482797 0.54073125169428137848 0.24047792400009385116 0.00000000099999999999 
0.00000000099999999999 0.00000000099999999999 0.22828067498038323579 0.26186471901896590797 0.35344750229837207378 0.12452998102564917515 0.03187712067662955978 
0.00000000099999999998 0.00000000099999999998 0.44507524270333070904 0.22316786380966752157 0.33175688948700177150 0.00000000099999999998 0.00000000099999999998 
0.00000000099999999993 0.00000000099999999993 0.00000000099999999993 0.00000000099999999993 0.99999999399999994765 0.00000000099999999993 0.00000000099999999993 
0.07058432961580633769 0.00000000100000000000 0.51587274948396277807 0.33552302360407171289 0.00000000100000000000 0.07756472667031055757 0.00045516862584871876 
0.00000000099999999996 0.00000000099999999996 0.00000000099999999996 0.52635871201487360871 0.00000000099999999996 0.47364128298512642168 0.00000000099999999996 
0.00000000099999999997 0.00000000099999999997 0.33721380873228623543 0.37525666881665281638 0.00000000099999999997 0.28218161640137656709 0.00534790304968435666 
0.00000000099999999997 0.00000000099999999997 0.38195101157251615254 0.37116590913966135412 0.00000000099999999997 0.23354936516097035692 0.01333371112685223514 
0.00000000099999999995 0.00000000099999999995 0.99999999399999994765 0.00000000099999999995 0.00000000099999999995 0.00000000099999999995 0.00000000099999999995 
0.00000000099999999997 0.00000000099999999997 0.68548899342716507199 0.00000000259759291979 0.00000000099999999997 0.31451099997524201157 0.00000000099999999997 
0.00000000099999999998 0.00000000099999999998 0.41560246207914081085 0.58439753292085916403 0.00000000099999999998 0.00000000099999999998 0.00000000099999999998 
0.00000000099999999999 0.00486099961336293896 0.26303989189287529937 0.09470892998711409605 0.32777084553795532429 0.30961909470187404247 0.00000023726681827143 
0.00000000099999999992 0.00000000099999999992 0.00000000099999999992 0.99999999400000005867 0.00000000099999999992 0.00000000099999999992 0.00000000099999999992 
0.00000000099999999996 0.00000000099999999996 0.65612999645658209857 0.00000000099999999996 0.34385905712011916036 0.00000000099999999996 0.00001094242329882021 
0.00000000099999999994 0.00000000099999999994 0.00000000099999999994 0.00000000099999999994 0.00000000099999999994 0.00000000099999999994 0.99999999400000005867 
0.00000000099999999997 0.00000000099999999997 0.00000000099999999997 0.00000000099999999997 0.00346676345404972218 0.00000000099999999997 0.99653323154595041533 
0.99999999400000016969 0.00000000099999999974 0.00000000099999999974 0.00000000099999999974 0.00000000099999999974 0.00000000099999999974 0.00000000099999999974 
0.00000000099999999968 0.99999999400000016969 0.00000000099999999968 0.00000000099999999968 0.00000000099999999968 0.00000000099999999968 0.00000000099999999968 
0.00000000099999999999 0.03674278615357937094 0.00001054233103052323 0.00000000099999999999 0.00000000099999999999 0.06078175171371099500 0.90246491680167917337 
0.00000000099999999997 0.00000000099999999997 0.39477788047536738203 0.60522211452463248182 0.00000000099999999997 0.00000000099999999997 0.00000000099999999997 
0.00000000100000000000 0.00006665665360317033 0.15190584107456370222 0.25550717810650330764 0.32198941720332829863 0.25583720899397927040 0.01469369696802218066 
0.00000000099999999998 0.00428392833955815178 0.00000000099999999998 0.00000000099999999998 0.00000000099999999998 0.00031588020713069952 0.99540018745331115824 
0.00000000099999999999 0.00000000099999999999 0.29092922642300639291 0.29419232614253598701 0.32083753610905607623 0.08398682539583010587 0.01005408392957141649 
0.00000000099999999998 0.00882968984964450573 0.43631607866187682720 0.36976235835668508356 0.18509187013179378978 0.00000000099999999998 0.00000000099999999998 
0.00000000099999999999 0.00025735973989163708 0.31459844636839906507 0.26195321931321424724 0.23078461799070221216 0.19240635458779284384 0.00000000099999999999 
0.99999999400000005867 0.00000000099999999966 0.00000000099999999966 0.00000000099999999966 0.00000000099999999966 0.00000000099999999966 0.00000000099999999966 
0.99999999400000016969 0.00000000099999999968 0.00000000099999999968 0.00000000099999999968 0.00000000099999999968 0.00000000099999999968 0.00000000099999999968 
0.99999999400000005867 0.00000000099999999961 0.00000000099999999961 0.00000000099999999961 0.00000000099999999961 0.00000000099999999961 0.00000000099999999961 
0.99999999400000005867 0.00000000099999999963 0.00000000099999999963 0.00000000099999999963 0.00000000099999999963 0.00000000099999999963 0.00000000099999999963 
0.99999999400000016969 0.00000000099999999964 0.00000000099999999964 0.00000000099999999964 0.00000000099999999964 0.00000000099999999964 0.00000000099999999964 
0.00000000099999999998 0.00000000099999999998 0.00000000099999999998 0.00000000099999999998 0.00000000099999999998 0.00000000099999999998 0.99999999400000005867 
0.00000000099999999995 0.00000000099999999995 0.99999999400000005867 0.00000000099999999995 0.00000000099999999995 0.00000000099999999995 0.00000000099999999995 
0.99999999400000005867 0.00000000099999999963 0.00000000099999999963 0.00000000099999999963 0.00000000099999999963 0.00000000099999999963 0.00000000099999999963 
0.99999999400000005867 0.00000000099999999969 0.00000000099999999969 0.00000000099999999969 0.00000000099999999969 0.00000000099999999969 0.00000000099999999969 
0.00000000099999999967 0.99999999400000005867 0.00000000099999999967 0.00000000099999999967 0.00000000099999999967 0.00000000099999999967 0.00000000099999999967 
0.00000000099999999967 0.99999999400000016969 0.00000000099999999967 0.00000000099999999967 0.00000000099999999967 0.00000000099999999967 0.00000000099999999967 
0.00000000099999999992 0.00000000099999999992 0.00000000099999999992 0.00000000099999999992 0.99999999399999994765 0.00000000099999999992 0.00000000099999999992 
0.99999999400000005867 0.00000000099999999966 0.00000000099999999966 0.00000000099999999966 0.00000000099999999966 0.00000000099999999966 0.00000000099999999966 
0.00000000099999999998 0.00000000099999999998 0.45993857910548391343 0.54006141589451606144 0.00000000099999999998 0.00000000099999999998 0.00000000099999999998 
0.00000000099999999997 0.00000000099999999997 0.00000000099999999997 0.47768161719370955121 0.52231837780629053469 0.00000000099999999997 0.00000000099999999997 
0.00000000099999999997 0.00000000099999999997 0.00000000099999999997 0.00000000099999999997 0.00000000099999999997 0.06956914242629246015 0.93043085257370750085 
0.00000000099999999998 0.00000000099999999998 0.43511562062307679311 0.31664474286874871867 0.00000000099999999998 0.24733106617975539332 0.00090856732841914918 
0.00000000099999999992 0.00000000099999999992 0.00000000099999999992 0.00000000099999999992 0.00000000099999999992 0.00000000099999999992 0.99999999400000005867 
0.00000000099999999999 0.00185219431738173584 0.19606532579248917014 0.24552967879102075011 0.24886682358072598209 0.29595894425247487591 0.01172703226590761545 
0.00000000099999999994 0.00000000099999999994 0.00000000099999999994 0.00000000099999999994 0.00000000099999999994 0.00000000099999999994 0.99999999399999994765 
0.00000000099999999999 0.00911361099758786590 0.18767366653128772502 0.40473237009874013514 0.00000000099999999999 0.39848034937238430153 0.00000000099999999999 
0.00000000099999999999 0.00337794720978484364 0.00000000099999999999 0.52806278225952196781 0.46855926653069318588 0.00000000099999999999 0.00000000099999999999 
0.99999999400000016969 0.00000000099999999969 0.00000000099999999969 0.00000000099999999969 0.00000000099999999969 0.00000000099999999969 0.00000000099999999969 
0.00000000099999999995 0.00000000099999999995 0.00000000099999999995 0.00000000099999999995 0.00000000099999999995 0.00000000099999999995 0.99999999400000005867 
0.99999999400000016969 0.00000000099999999964 0.00000000099999999964 0.00000000099999999964 0.00000000099999999964 0.00000000099999999964 0.00000000099999999964 
0.99999999400000016969 0.00000000099999999963 0.00000000099999999963 0.00000000099999999963 0.00000000099999999963 0.00000000099999999963 0.00000000099999999963 
0.00000000099999999999 0.00000000099999999999 0.25537613723665475440 0.29207582276971338908 0.32820909914331963808 0.12433856761069143892 0.00000037123962075914 
0.00000000099999999991 0.00000000099999999991 0.00000000099999999991 0.00000000099999999991 0.00000000099999999991 0.99999999399999994765 0.00000000099999999991 
0.00000000099999999992 0.00000000099999999992 0.00000000099999999992 0.00000000099999999992 0.99999999399999994765 0.00000000099999999992 0.00000000099999999992 
0.00000000099999999999 0.00000001549719837289 0.32687930174904028524 0.23339786225363431948 0.27414857895938010701 0.16557423954074687589 0.00000000099999999999 
0.00000000099999999998 0.00528107168220886235 0.00000000099999999998 0.38524506420777249183 0.60947386011001858375 0.00000000099999999998 0.00000000099999999998 
0.00000000099999999998 0.00218004278214721341 0.21772207749422292644 0.16832537709922915092 0.37219489627439616974 0.23050133284212184770 0.00907627250788268017 
0.00000000099999999989 0.00000000099999999989 0.00000000099999999989 0.00000000099999999989 0.00000000099999999989 0.99999999399999994765 0.00000000099999999989 
0.00000000099999999997 0.00000000099999999997 0.01864097769326602747 0.00000000099999999997 0.00000000099999999997 0.00000000099999999997 0.98135901730673402721 
0.00000000099999999997 0.00000000099999999997 0.59658237862284302366 0.40341761637715684019 0.00000000099999999997 0.00000000099999999997 0.00000000099999999997 
0.99999999400000005867 0.00000000099999999963 0.00000000099999999963 0.00000000099999999963 0.00000000099999999963 0.00000000099999999963 0.00000000099999999963 
0.00000000099999999997 0.00000000099999999997 0.71495156992731490053 0.00000000099999999997 0.00000000099999999997 0.28504842507268501883 0.00000000099999999997 
0.99999999400000016969 0.00000000099999999988 0.00000000099999999988 0.00000000099999999988 0.00000000099999999988 0.00000000099999999988 0.00000000099999999988 
0.99999999400000016969 0.00000000099999999968 0.00000000099999999968 0.00000000099999999968 0.00000000099999999968 0.00000000099999999968 0.00000000099999999968 
0.00000000099999999993 0.00000000099999999993 0.00000000099999999993 0.99999999399999994765 0.00000000099999999993 0.00000000099999999993 0.00000000099999999993 
0.00000000099999999998 0.00000000099999999998 0.39083912047801894207 0.22014348296953883954 0.00000000099999999998 0.38901739255244222049 0.00000000099999999998 
0.00000000099999999998 0.00000000099999999998 0.00000000099999999998 0.31673015053073744207 0.52623871548769129980 0.15694869929838570211 0.00008243168318554428 
0.99999999400000016969 0.00000000099999999972 0.00000000099999999972 0.00000000099999999972 0.00000000099999999972 0.00000000099999999972 0.00000000099999999972 
0.00000000099999999994 0.00000000099999999994 0.00000000099999999994 0.00000000099999999994 0.00000000099999999994 0.00000000099999999994 0.99999999400000005867 
0.00000000099999999994 0.00000000099999999994 0.00000000099999999994 0.00000000099999999994 0.00000000099999999994 0.00000000099999999994 0.99999999399999994765 
0.99999999400000016969 0.00000000099999999968 0.00000000099999999968 0.00000000099999999968 0.00000000099999999968 0.00000000099999999968 0.00000000099999999968 
0.00000000099999999994 0.00000000099999999994 0.00000000099999999994 0.00000000099999999994 0.99999999400000005867 0.00000000099999999994 0.00000000099999999994 
0.00000000100000000000 0.00956137502184469142 0.35027391226001686197 0.24738057067156168922 0.29014180283178575559 0.06783718437471257523 0.03480515384007834556 
0.99999999400000005867 0.00000000099999999969 0.00000000099999999969 0.00000000099999999969 0.00000000099999999969 0.00000000099999999969 0.00000000099999999969 
0.00000000099999999998 0.00000000099999999998 0.26816146671507778976 0.48613242270363743458 0.00000000099999999998 0.24570610658128475001 0.00000000099999999998 
0.00000000099999999992 0.00000000099999999992 0.00000000099999999992 0.00000000099999999992 0.00000000099999999992 0.00000000099999999992 0.99999999400000005867 
0.09828901894879416012 0.10684468894050007381 0.00000000099999999998 0.00000000099999999998 0.00000000099999999998 0.60879002014138017262 0.18607626896932558114 
0.00000000099999999999 0.00000000099999999999 0.47029124521107407153 0.12618015897716541862 0.22099924876382254224 0.16398954937508467000 0.01853979567285343397 
0.00000000099999999996 0.00000000099999999996 0.99999999399999994765 0.00000000099999999996 0.00000000099999999996 0.00000000099999999996 0.00000000099999999996 
0.00000000099999999998 0.00115523383454219238 0.68752085123785422471 0.31132391092760358653 0.00000000099999999998 0.00000000099999999998 0.00000000099999999998 
0.00000000099999999997 0.00000000099999999997 0.00000000099999999997 0.53073943954446634041 0.00000000099999999997 0.46926055545553363446 0.00000000099999999997 
0.00000000099999999998 0.00000000099999999998 0.58282216167323941391 0.25169241139008874386 0.00000000099999999998 0.16548542293667176106 0.00000000099999999998 
0.00000000099999999999 0.00000000099999999999 0.20830968961995288691 0.12625826494355410490 0.29088921896049357851 0.37454282347599943126 0.00000000099999999999 
0.00000000099999999999 0.00500726664196058085 0.29466361554073078333 0.30863680725003883598 0.39169230756726991505 0.00000000099999999999 0.00000000099999999999 
0.00000000100000000000 0.00000000100000000000 0.34857301413430380466 0.25615849522116546089 0.03261445583565058398 0.34312833765638839356 0.01952569515249177878 
0.00000000099999999995 0.00000000099999999995 0.00000000099999999995 0.00000000099999999995 0.02234568331445639655 0.00000000099999999995 0.97765431168554350894 
0.00000000099999999989 0.00000000099999999989 0.00000000099999999989 0.00000000099999999989 0.00000000099999999989 0.99999999399999994765 0.00000000099999999989 
0.00000000099999999998 0.00000000099999999998 0.51588594408455223927 0.15498418372813979604 0.32912975891439760767 0.00000011027291029134 0.00000000099999999998 
0.00000000099999999999 0.00000000099999999999 0.00000000099999999999 0.26743368529252525834 0.52678403550273666944 0.16851036243961248218 0.03727191376512547366 
0.00000000099999999998 0.00000000099999999998 0.27741161982428896859 0.42944054925480140694 0.27941190962316125868 0.00758478863548854576 0.00615113066225980894 
0.00000000099999999999 0.00000000099999999999 0.51598980573083963463 0.00000000099999999999 0.46952432790714848654 0.00000000099999999999 0.01448586236201177685 
0.00000000099999999991 0.00000000099999999991 0.00000000099999999991 0.99999999399999994765 0.00000000099999999991 0.00000000099999999991 0.00000000099999999991 
0.00000000099999999999 0.00000000099999999999 0.22821479952593226592 0.43731990514190410835 0.00000000099999999999 0.33446529133216368335 0.00000000099999999999 
0.00000000099999999996 0.00000000099999999996 0.00000000099999999996 0.00000000099999999996 0.04775717637424396755 0.00000000099999999996 0.95224281862575610447 
0.00000000099999999999 0.01692805218600927641 0.26936353142922492276 0.20198638068082983010 0.39736498912912227022 0.10387504227704906501 0.01048200329776458745 
0.00000000099999999999 0.00739935436236794850 0.21447189041777567353 0.25682863304508435354 0.32593978630366038374 0.19536025709431351083 0.00000007777679815689 
0.00000000103558153088 0.00000000100000000000 0.41358647042205676225 0.12543338545993232280 0.46098000617238477084 0.00000012545155460647 0.00000001045848997074 
0.00000000099999999997 0.00000000099999999997 0.00000000099999999997 0.00000000099999999997 0.00000000099999999997 0.00000003500254076968 0.99999995999745927566 
0.01782177365129128041 0.00000000100000000000 0.17538777214408401983 0.21678958060340547398 0.38254668271698527571 0.18921746414914158985 0.01823672573509243014 
0.00000000099999999998 0.00000000099999999998 0.00000000099999999998 0.29656939912434510109 0.70343059587565492929 0.00000000099999999998 0.00000000099999999998 
0.00000000099999999998 0.00204537269833752469 0.00000000099999999998 0.19707514234639472717 0.00000000099999999998 0.32739191744239382054 0.47348756451287393743 
0.00000000099999999992 0.00000000099999999992 0.00000000099999999992 0.00000000099999999992 0.99999999400000005867 0.00000000099999999992 0.00000000099999999992 
0.99999999400000016969 0.00000000099999999970 0.00000000099999999970 0.00000000099999999970 0.00000000099999999970 0.00000000099999999970 0.00000000099999999970 
0.00000000099999999999 0.01382956882263990973 0.24787954965809824714 0.28129893986947823725 0.11668682995870066632 0.33506852646259005502 0.00523658422849286338 
0.00000000099999999999 0.00000000099999999999 0.27204092962067277783 0.31227408096864012199 0.40106344659797088514 0.00007085625358923312 0.01455068455912717634 
