0.02025117975216517846 0.02046984155220067658 0.00000000100000000000 0.44155951356512540551 0.51762954238133063178 0.00008992174917803200 
0.00000000099999999995 0.00000000099999999995 0.00000000099999999995 0.00000000099999999995 0.00000000099999999995 0.99999999500000003039 
0.00000000099999999994 0.04518072577839880172 0.00000000099999999994 0.00000000099999999994 0.00000000099999999994 0.95481927022160129059 
0.00278892526921644193 0.00147125668825526094 0.00000000099999999999 0.36155262258113657348 0.59384263330723485730 0.04034456115415688965 
0.00934225560407201880 0.01688035747304890768 0.00000000100000000000 0.49785105466870310797 0.47592633025417580006 0.00000000100000000000 
0.00286525774279697363 0.01652865214658851001 0.00000000099999999999 0.43062928506201353374 0.52394837173935104868 0.02602843230924987983 
0.00000000099999999994 0.06677646756892242907 0.00000000099999999994 0.00000000099999999994 0.00000000099999999994 0.93322352843107758691 
0.00000000099999999993 0.00000000099999999993 0.00000000099999999993 0.00000000099999999993 0.00000000099999999993 0.99999999499999991937 
0.00898363046931323177 0.00000000099999999997 0.00000000099999999997 0.00000000099999999997 0.99101636553068683799 0.00000000099999999997 
0.00000000099999999995 0.00000000099999999995 0.00000000099999999995 0.00000000099999999995 0.00000000099999999995 0.99999999499999991937 
0.00941583632345827266 0.00636116755302726898 0.00000000100000000000 0.33240723027769902842 0.63731497906234613193 0.01450078578346916842 
0.00796208389401374152 0.00000000099999999998 0.00000000099999999998 0.47508021490911950258 0.49866341221142390649 0.01829428698544295975 
0.00162350806528209143 0.03599502756866303915 0.00000000099999999999 0.40740548742271021077 0.55497597494334449664 0.00000000099999999999 
0.01170757256506276336 0.03672424723495092136 0.00000000100000000000 0.44626325252995113768 0.50527192916070950979 0.00003299750932573622 
0.02056635629298486645 0.00000000100000000000 0.00685208370512408772 0.42881299063663458337 0.54376856736525647218 0.00000000100000000000 
0.02542126710392850555 0.04233597865430104717 0.00000000099999999999 0.36690118381719732943 0.51704356246643301542 0.04829800695814009948 
0.00000000099999999999 0.03265747547385861038 0.00000000099999999999 0.26729157207363146709 0.70004321507734168506 0.00000773537516822897 
0.00000000099999999998 0.01495762825242645880 0.00000000099999999998 0.00000000099999999998 0.98504236774757336637 0.00000000099999999998 
0.00798099401242510255 0.01236555307286679901 0.00857071811799663998 0.39250114680189718275 0.57857908536682822742 0.00000250262798601316 
0.00203067861019669022 0.01900835874089289515 0.00000000099999999998 0.44849146354991759056 0.53046949709899282599 0.00000000099999999998 
0.00000000100000000000 0.01050475713531036880 0.00000000100000000000 0.35968342065518205120 0.62924843252896722756 0.00056338768054026752 
0.00000000099999999998 0.00020930000891536272 0.00000000099999999998 0.00000000099999999998 0.00000694082994429817 0.99978375616114034674 
0.00000000099999999999 0.00156416652526508411 0.00000000099999999999 0.39960151052909742564 0.57228669354636096944 0.02654762739927639045 
0.00000000099999999992 0.00000000099999999992 0.00000000099999999992 0.99999999499999991937 0.00000000099999999992 0.00000000099999999992 
0.00000000099999999998 0.03290471914311447060 0.00000000099999999998 0.44347773608361723552 0.50257527902448251300 0.02104226374878584091 
0.00000000099999999999 0.02369512634065383191 0.00000000099999999999 0.49430716123923029715 0.48199770942011588293 0.00000000099999999999 
0.99999999500000003039 0.00000000099999999979 0.00000000099999999979 0.00000000099999999979 0.00000000099999999979 0.00000000099999999979 
0.99999999500000014141 0.00000000099999999976 0.00000000099999999976 0.00000000099999999976 0.00000000099999999976 0.00000000099999999976 
0.00198361421119480370 0.04276013069807361316 0.00000000099999999999 0.40690904292323526459 0.54834721016749621292 0.00000000099999999999 
0.01214109442488929026 0.00000000099999999998 0.00000000099999999998 0.30914243300896526723 0.67871646956614539725 0.00000000099999999998 
0.00000000099999999997 0.09944067135554303383 0.00000000099999999997 0.33287787162508380989 0.56768145401937308847 0.00000000099999999997 
0.00000000099999999997 0.00000000099999999997 0.00000000099999999997 0.00000001256859374836 0.00000000099999999997 0.99999998343140628076 
0.35882691382316744821 0.00000000623420533181 0.00000000099999999996 0.43250890467263847228 0.00000000099999999996 0.20866417326998881743 
0.00000000099999999997 0.00000000099999999997 0.00000000099999999997 0.00000000099999999997 0.99999999499999991937 0.00000000099999999997 
0.00000000099999999975 0.00000000099999999975 0.99999999500000003039 0.00000000099999999975 0.00000000099999999975 0.00000000099999999975 
0.00000000099999999969 0.00000000099999999969 0.99999999499999991937 0.00000000099999999969 0.00000000099999999969 0.00000000099999999969 
0.00000000099999999969 0.00000000099999999969 0.99999999500000003039 0.00000000099999999969 0.00000000099999999969 0.00000000099999999969 
0.99999999500000003039 0.00000000099999999979 0.00000000099999999979 0.00000000099999999979 0.00000000099999999979 0.00000000099999999979 
0.99999999500000014141 0.00000000099999999976 0.00000000099999999976 0.00000000099999999976 0.00000000099999999976 0.00000000099999999976 
0.00000000099999999999 0.02700715273759360380 0.00000000099999999999 0.38213142981110037599 0.59086141445130602179 0.00000000099999999999 
0.00000000099999999996 0.00000000099999999996 0.00000000099999999996 0.00000000099999999996 0.00000000099999999996 0.99999999500000003039 
0.99999999500000003039 0.00000000099999999978 0.00000000099999999978 0.00000000099999999978 0.00000000099999999978 0.00000000099999999978 
0.00954223514457001702 0.00035240762778285028 0.00000000099999999999 0.34719112085032838300 0.61736581103937027137 0.02554842433794831877 
0.00000000099999999994 0.00000000099999999994 0.00000000099999999994 0.00000000099999999994 0.00000000099999999994 0.99999999499999991937 
0.99999999500000014141 0.00000000099999999981 0.00000000099999999981 0.00000000099999999981 0.00000000099999999981 0.00000000099999999981 
0.00850774383159142757 0.00000000099999999999 0.00000000099999999999 0.37511602505126018237 0.60121171498262881983 0.01516451413451953487 
0.99999999500000003039 0.00000000099999999978 0.00000000099999999978 0.00000000099999999978 0.00000000099999999978 0.00000000099999999978 
0.00000000099999999995 0.03719083942866664022 0.00000000099999999995 0.00000000099999999995 0.00000000099999999995 0.96280915657133325780 
0.00000000099999999993 0.00000000099999999993 0.00000000099999999993 0.00000000099999999993 0.00000000099999999993 0.99999999500000003039 
0.99999999500000003039 0.00000000099999999975 0.00000000099999999975 0.00000000099999999975 0.00000000099999999975 0.00000000099999999975 
0.99999999500000014141 0.00000000099999999977 0.00000000099999999977 0.00000000099999999977 0.00000000099999999977 0.00000000099999999977 
0.00000000099999999996 0.00000000099999999996 0.00000000099999999996 0.00000000099999999996 0.00000000099999999996 0.99999999500000003039 
0.00000000099999999995 0.00000000099999999995 0.00000000099999999995 0.00000000099999999995 0.00000000099999999995 0.99999999499999991937 
0.00000000099999999996 0.00000000099999999996 0.00000000099999999996 0.00000000099999999996 0.00000000099999999996 0.99999999500000003039 
0.99999999500000014141 0.00000000099999999982 0.00000000099999999982 0.00000000099999999982 0.00000000099999999982 0.00000000099999999982 
0.01715228998078980813 0.00000000099999999999 0.00000000099999999999 0.33634261374536023048 0.59952070352493602723 0.04698439074891381378 
0.01837366075273358379 0.00000000099999999998 0.00000000099999999998 0.00000000099999999998 0.98162633524726639056 0.00000000099999999998 
0.00000000099999999999 0.00000551179662190057 0.00000000099999999999 0.58428139547111757057 0.39960808972949035667 0.01610500100277018759 
0.00000000099999999999 0.04032882935113210610 0.00000000099999999999 0.38173432669172135956 0.57370039824024843256 0.00423644371689806207 
0.00000000099999999994 0.00000000099999999994 0.00000000099999999994 0.00000000099999999994 0.00000000099999999994 0.99999999499999991937 
0.00537794958174753982 0.01439334460445786459 0.00000064692000087012 0.31325382584249805706 0.66697422951518059442 0.00000000353611508260 
0.00000000099999999973 0.00000000099999999973 0.99999999500000003039 0.00000000099999999973 0.00000000099999999973 0.00000000099999999973 
0.00708761034270021569 0.01766937896530856866 0.00000000099999999998 0.27833808014238065054 0.69592581128720387706 0.00097911826240669290 
0.00000000099999999974 0.00000000099999999974 0.99999999500000003039 0.00000000099999999974 0.00000000099999999974 0.00000000099999999974 
0.00000000099999999999 0.04807830463510134184 0.00000000099999999999 0.34657017407637208395 0.57738052896590019714 0.02797099032262640589 
0.00000000099999999975 0.00000000099999999975 0.99999999500000003039 0.00000000099999999975 0.00000000099999999975 0.00000000099999999975 
0.00000000099999999998 0.07760388918081960463 0.00000000099999999998 0.30873471555833492674 0.61366139226084548408 0.00000000099999999998 
0.00000000099999999996 0.00000000099999999996 0.00000000099999999996 0.99999999499999991937 0.00000000099999999996 0.00000000099999999996 
0.00000000099999999994 0.00000000099999999994 0.00000000099999999994 0.00000000099999999994 0.00000000099999999994 0.99999999499999991937 
0.00000000099999999997 0.02658079108149660058 0.00000000099999999997 0.42844524466101985283 0.54497396125748354123 0.00000000099999999997 
0.00000000099999999975 0.00000000099999999975 0.99999999499999991937 0.00000000099999999975 0.00000000099999999975 0.00000000099999999975 
0.00000000099999999976 0.00000000099999999976 0.99999999500000003039 0.00000000099999999976 0.00000000099999999976 0.00000000099999999976 
0.01169625736102995577 0.00771367370378644567 0.00000000099999999999 0.46104178260933964539 0.43662251016698921946 0.08292577515885468653 
0.00000000099999999993 0.00000000099999999993 0.00000000099999999993 0.00000000099999999993 0.00000000099999999993 0.99999999499999991937 
0.99999999500000014141 0.00000000099999999981 0.00000000099999999981 0.00000000099999999981 0.00000000099999999981 0.00000000099999999981 
0.00000000099999999995 0.00000000099999999995 0.00000000099999999995 0.00000000099999999995 0.00000000099999999995 0.99999999499999991937 
0.00000000099999999999 0.05877676624278355827 0.00000000099999999999 0.32443450398768514109 0.59107928164511824853 0.02570944612441298724 
0.00000000099999999972 0.00000000099999999972 0.99999999499999991937 0.00000000099999999972 0.00000000099999999972 0.00000000099999999972 
0.99999999500000003039 0.00000000099999999974 0.00000000099999999974 0.00000000099999999974 0.00000000099999999974 0.00000000099999999974 
0.00000000099999999978 0.00000000099999999978 0.99999999499999991937 0.00000000099999999978 0.00000000099999999978 0.00000000099999999978 
0.01858876917521257166 0.00000000100000000000 0.00380441855803096991 0.39468177767132522904 0.58292491803614754353 0.00000011555928372459 
0.00000000099999999993 0.00000000099999999993 0.00000000099999999993 0.00000000099999999993 0.00000000099999999993 0.99999999499999991937 
0.00000000099999999994 0.03771778716576822121 0.00000000099999999994 0.00000000099999999994 0.00000000099999999994 0.96228220883423165599 
0.00122381829047034699 0.01717912732975004561 0.00000000099999999999 0.26449172078668703456 0.48810402615561659934 0.22900130643747593218 
0.02526069369630901465 0.00000000099999999999 0.00000000099999999999 0.31155653381587938844 0.66213613553484640395 0.00104663495296516930 
0.00000000099999999999 0.02984592171277457295 0.00000000099999999999 0.41443962997275651805 0.55173983377693280872 0.00397461253753614817 
0.00000000099999999998 0.02425643734403308549 0.00000000099999999998 0.47671021623842046999 0.48399084469618630644 0.01504249972136013913 
0.00133611902882880889 0.00000000099999999999 0.00000000099999999999 0.39914552416276738445 0.59951835380840379219 0.00000000099999999999 
0.00000000099999999998 0.00453027475019155031 0.00000000099999999998 0.31437708316821511012 0.68109263908159323186 0.00000000099999999998 
0.00000000099999999996 0.00000000099999999996 0.00000000099999999996 0.00000000099999999996 0.99999999499999991937 0.00000000099999999996 
0.00563639019152934861 0.00000000099999999999 0.00000000099999999999 0.28737278100792162938 0.69359925326881732843 0.01339157353173179091 
0.00000000099999999999 0.00000000099999999999 0.00000000099999999999 0.44972588184820400103 0.51458365602102906777 0.03569045913076683563 
0.00000000099999999995 0.00000000099999999995 0.00000000099999999995 0.00000000099999999995 0.00000000099999999995 0.99999999500000003039 
0.00000000099999999997 0.00000000099999999997 0.00000000099999999997 0.01095173549695219531 0.00000000099999999997 0.98904826050304772700 
0.00000000099999999985 0.00000000099999999985 0.99999999500000003039 0.00000000099999999985 0.00000000099999999985 0.00000000099999999985 
0.00000000099999999997 0.00000000099999999997 0.00000000099999999997 0.00000000099999999997 0.00000000099999999997 0.99999999499999991937 
0.00000000099999999998 0.00000000099999999998 0.00000000099999999998 0.00000000108183452115 0.00000000099999999998 0.99999999491816549124 
0.00666222885917969881 0.00747930453730317937 0.00000000099999999999 0.46058625059123392553 0.50268677820418294910 0.02258543680810015317 
0.00000000099999999969 0.00000000099999999969 0.99999999499999991937 0.00000000099999999969 0.00000000099999999969 0.00000000099999999969 
0.00707542145794853514 0.00000000099999999999 0.00000000099999999999 0.36937167077531840587 0.62355290476673308486 0.00000000099999999999 
0.00352518168553160550 0.02175404001290079381 0.00000000099999999999 0.31606271484651032866 0.64219682684494250324 0.01646123561011460582 
0.00000000099999999997 0.00000000099999999997 0.00000000099999999997 0.99999999499999991937 0.00000000099999999997 0.00000000099999999997 
0.00147385862446003314 0.02233447164196205800 0.00000000100000000000 0.56904045456683349791 0.39169532026924980261 0.01545589389749458913 
0.00000000099999999994 0.00000000099999999994 0.00000000099999999994 0.99999999499999991937 0.00000000099999999994 0.00000000099999999994 
0.00000000099999999999 0.00055886121169595885 0.00000000099999999999 0.31726448947746338503 0.64277663646881355586 0.03940001084202699594 
0.00000000099999999997 0.00000000099999999997 0.00000000099999999997 0.99999999499999991937 0.00000000099999999997 0.00000000099999999997 
0.00061296120614705849 0.05555583532034596289 0.00000000099999999999 0.28471525695102706255 0.65911523254541826145 0.00000071297706172566 
0.02877987701701180748 0.01021966461164079687 0.00411661054844524640 0.53235685979025659798 0.41631913569426204358 0.00820785233838357969 
0.01112947734924147822 0.02650234355844219986 0.00000000099999999999 0.28806197192541582730 0.67303919075477736111 0.00126701541212306096 
0.00000000099999999995 0.00000000099999999995 0.00000000099999999995 0.00000000099999999995 0.99999999499999991937 0.00000000099999999995 
0.00186721541771070238 0.04026097953147581010 0.00000000099999999999 0.95787180205081334794 0.00000000099999999999 0.00000000099999999999 
0.00933530242251174973 0.01945066395002305673 0.00000000099999999998 0.30573524696324638761 0.66547878466421883648 0.00000000099999999998 
0.00000000099999999995 0.00000000099999999995 0.00000000099999999995 0.99999999500000003039 0.00000000099999999995 0.00000000099999999995 
0.00000000099999999999 0.00000000099999999999 0.00000000099999999999 0.39431493697278285904 0.60568479110920192543 0.00000026891801511419 
0.00000000099999999999 0.00000000099999999999 0.00000000099999999999 0.44908094981504070864 0.51343431180174248230 0.03748473538321672738 
0.00221405241427480564 0.03950365550735140951 0.00000000099999999999 0.40987870350005151110 0.54688894364382734103 0.00151464393449475651 
0.00000000099999999999 0.00699835503626320115 0.00000000099999999999 0.46278196229664858574 0.49307298647885766663 0.03714669418823060565 
0.00000000099999999999 0.03062250249742475353 0.00000000099999999999 0.43512082331721763095 0.53425665143888545483 0.00000002074647219474 
0.00000000099999999999 0.00709894498829248804 0.00000000099999999999 0.40287720602115045798 0.56609539015845289356 0.02392845683210408775 
0.00452610799226967758 0.00001388552540802133 0.07040653421847520299 0.49832150555790960533 0.40479246375054889207 0.02193950295538859077 
0.00000000099999999995 0.00000000099999999995 0.00000000099999999995 0.99999999500000003039 0.00000000099999999995 0.00000000099999999995 
0.00000000099999999997 0.04373334190397499405 0.00000000099999999997 0.49068664096656117168 0.46118106290054711183 0.00439895222891670441 
0.00000000099999999998 0.03785964724078623445 0.00000000099999999998 0.44181811549248256599 0.50733896252722121556 0.01298327273951011517 
0.01082382208347358772 0.04104289672217947132 0.00000000099999999999 0.41004073891354403392 0.53809254028080288901 0.00000000099999999999 
0.00000000099999999998 0.00000000099999999998 0.00000000099999999998 0.34867757256246123543 0.63732186249104838538 0.01400056194649029230 
0.00637660109871291542 0.00514088089874751002 0.00435403839135992815 0.44400593037933216989 0.53857632378058961642 0.00154622545125790282 
0.00783451785004846656 0.01229025025339983146 0.00000000099999999999 0.33394441952346126667 0.63569496788186552472 0.01023584349122497184 
0.00000000099999999998 0.03186336518232441017 0.00000000099999999998 0.52758977093298531358 0.44054686088469025007 0.00000000099999999998 
0.00000000099999999998 0.00000000099999999998 0.00000000099999999998 0.34357967663109567624 0.62082376872186961769 0.03559655164703462438 
0.00000000099999999995 0.00000000099999999995 0.00000000099999999995 0.00000000099999999995 0.00000000099999999995 0.99999999499999991937 
0.00000000099999999998 0.00005072619810193242 0.00000000099999999998 0.00003216979358413766 0.00000000099999999998 0.99991710100831387997 
0.00000000099999999979 0.00000000099999999979 0.99999999500000003039 0.00000000099999999979 0.00000000099999999979 0.00000000099999999979 
0.99999999500000014141 0.00000000099999999974 0.00000000099999999974 0.00000000099999999974 0.00000000099999999974 0.00000000099999999974 
0.00000000099999999998 0.12205852156699029121 0.00000000099999999998 0.00000000099999999998 0.00000000099999999998 0.87794147443300984968 
0.00000000099999999998 0.00220274420471766553 0.00000000099999999998 0.28141381318955410729 0.70149744460463259177 0.01488599600109553368 
0.00000000099999999999 0.03894274723094854479 0.00000000099999999999 0.26896537039400486568 0.67119868027584461689 0.02089320009920199450 
0.00000000099999999995 0.08102576017167821554 0.00000000099999999995 0.00000000099999999995 0.00000000099999999995 0.91897423582832193922 
0.00000000099999999996 0.00000000099999999996 0.00000000099999999996 0.99999999500000003039 0.00000000099999999996 0.00000000099999999996 
0.00000000099999999997 0.00000048830034254165 0.00000000099999999997 0.99999950769965750830 0.00000000099999999997 0.00000000099999999997 
0.00000000099999999998 0.03919633348384891913 0.00000000099999999998 0.43392932118588473100 0.52687434233026642083 0.00000000099999999998 
0.00000000099999999972 0.00000000099999999972 0.99999999500000003039 0.00000000099999999972 0.00000000099999999972 0.00000000099999999972 
0.00000000099999999974 0.00000000099999999974 0.99999999500000003039 0.00000000099999999974 0.00000000099999999974 0.00000000099999999974 
0.00000000099999999969 0.00000000099999999969 0.99999999500000003039 0.00000000099999999969 0.00000000099999999969 0.00000000099999999969 
0.00000000099999999970 0.00000000099999999970 0.99999999499999991937 0.00000000099999999970 0.00000000099999999970 0.00000000099999999970 
0.00000000099999999970 0.00000000099999999970 0.99999999500000003039 0.00000000099999999970 0.00000000099999999970 0.00000000099999999970 
0.00000000099999999998 0.01987408188752202640 0.00000000099999999998 0.00000000099999999998 0.00000000099999999998 0.98012591411247784734 
0.00928581041986338736 0.01435993213305709199 0.00000000100000000000 0.47799029776116352952 0.49836395768591607025 0.00000000100000000000 
0.00000000099999999970 0.00000000099999999970 0.99999999499999991937 0.00000000099999999970 0.00000000099999999970 0.00000000099999999970 
0.00000000099999999975 0.00000000099999999975 0.99999999500000003039 0.00000000099999999975 0.00000000099999999975 0.00000000099999999975 
0.99999999500000003039 0.00000000099999999974 0.00000000099999999974 0.00000000099999999974 0.00000000099999999974 0.00000000099999999974 
0.99999999500000003039 0.00000000099999999974 0.00000000099999999974 0.00000000099999999974 0.00000000099999999974 0.00000000099999999974 
0.00000000099999999997 0.00000000099999999997 0.00000000099999999997 0.00000000099999999997 0.99999999500000003039 0.00000000099999999997 
0.00000000099999999972 0.00000000099999999972 0.99999999500000003039 0.00000000099999999972 0.00000000099999999972 0.00000000099999999972 
0.00000000099999999999 0.00000000099999999999 0.00000000099999999999 0.46255290934063864050 0.52294777955720361806 0.01449930810215769444 
0.00000000099999999998 0.04598814195595105070 0.00000000099999999998 0.30429116941114003891 0.64972068563290885646 0.00000000099999999998 
0.00000000099999999998 0.00000000099999999998 0.00000000099999999998 0.04053360135293219285 0.00000027625752317115 0.95946611938954451393 
0.00000000099999999998 0.02199507128400486622 0.00000000099999999998 0.35739312451165511364 0.61499862109645953012 0.00561318110788057954 
0.00000000099999999994 0.00000000099999999994 0.00000000099999999994 0.00000000099999999994 0.00000000099999999994 0.99999999499999991937 
0.00000000099999999995 0.09912108213891229758 0.00000000099999999995 0.90087891386108776004 0.00000000099999999995 0.00000000099999999995 
0.00000000099999999994 0.00000000099999999994 0.00000000099999999994 0.00000000099999999994 0.00000000099999999994 0.99999999500000003039 
0.00000000099999999997 0.00000000099999999997 0.00000000099999999997 0.99999999500000003039 0.00000000099999999997 0.00000000099999999997 
0.00000000122554231596 0.00000000099999999998 0.00000000099999999998 0.00000000099999999998 0.99999999477445766782 0.00000000099999999998 
0.00000000099999999975 0.00000000099999999975 0.99999999500000003039 0.00000000099999999975 0.00000000099999999975 0.00000000099999999975 
0.00000000099999999994 0.00000000099999999994 0.00000000099999999994 0.00000000099999999994 0.00000000099999999994 0.99999999500000003039 
0.00000000099999999971 0.00000000099999999971 0.99999999500000003039 0.00000000099999999971 0.00000000099999999971 0.00000000099999999971 
0.00000000099999999969 0.00000000099999999969 0.99999999499999991937 0.00000000099999999969 0.00000000099999999969 0.00000000099999999969 
0.00000000099999999999 0.01455363780047920670 0.00000000099999999999 0.37877763435075761933 0.59963047007206404793 0.00703825577669917480 
0.00000000099999999998 0.03294184595631579476 0.00000000099999999998 0.44832735584321858902 0.49955790565756580390 0.01917289054289977868 
0.00000000099999999998 0.00000000099999999998 0.00000000099999999998 0.29020231101617660618 0.70448888708027301853 0.00530879890355035779 
0.00282112340682604034 0.00000000099999999999 0.00000000099999999999 0.47831474529497602921 0.51781971521482639265 0.00104441408337163123 
0.00000112264983496148 0.06305274664945775820 0.00000000099999999999 0.38888634303753732979 0.54805978566316992939 0.00000000099999999999 
0.00061153019200655681 0.04412674146316482998 0.00000000099999999998 0.45134651105108541946 0.49790799784800338079 0.00600721844573994228 
0.00000000099999999996 0.00000000099999999996 0.00000000099999999996 0.00000000099999999996 0.99999999500000003039 0.00000000099999999996 
0.00000000099999999997 0.00000000099999999997 0.00000000099999999997 0.00000000099999999997 0.02057256188945563724 0.97942743411054433711 
0.00000000099999999998 0.01506252925912381774 0.00000000099999999998 0.41431392581156140098 0.57062354192931463714 0.00000000099999999998 
0.00000000099999999970 0.00000000099999999970 0.99999999500000003039 0.00000000099999999970 0.00000000099999999970 0.00000000099999999970 
0.00000000099999999996 0.00000000099999999996 0.00000000099999999996 0.99999999499999991937 0.00000000099999999996 0.00000000099999999996 
0.00000000099999999990 0.00000000099999999990 0.99999999500000003039 0.00000000099999999990 0.00000000099999999990 0.00000000099999999990 
0.00000000099999999974 0.00000000099999999974 0.99999999500000003039 0.00000000099999999974 0.00000000099999999974 0.00000000099999999974 
0.00000000099999999998 0.05269963446261102108 0.00000000099999999998 0.25521829051422534329 0.68214060179044855303 0.00994147123271500038 
0.00000000099999999995 0.00000000099999999995 0.00000000099999999995 0.00000000099999999995 0.99999999500000003039 0.00000000099999999995 
0.00000000099999999999 0.00000000099999999999 0.00000000099999999999 0.42282408970664681069 0.55549788881791450912 0.02167801847543868524 
0.00000000099999999977 0.00000000099999999977 0.99999999500000003039 0.00000000099999999977 0.00000000099999999977 0.00000000099999999977 
0.00000000099999999995 0.00000000099999999995 0.00000000099999999995 0.00000000099999999995 0.00000000099999999995 0.99999999499999991937 
0.00000000099999999995 0.00000000099999999995 0.00000000099999999995 0.00000000099999999995 0.00000000099999999995 0.99999999499999991937 
0.00000000099999999974 0.00000000099999999974 0.99999999500000003039 0.00000000099999999974 0.00000000099999999974 0.00000000099999999974 
0.00491688935963156999 0.00000000099999999999 0.00000000099999999999 0.55179700345585880328 0.44147215610898399296 0.00181394907552560121 
0.00881811212882701624 0.03018130129821705240 0.00000000100000000000 0.67015085128783802304 0.26352935192785204022 0.02732038235726575240 
0.00000000099999999976 0.00000000099999999976 0.99999999499999991937 0.00000000099999999976 0.00000000099999999976 0.00000000099999999976 
0.00181903343508826713 0.01371132359267884099 0.00000000099999999999 0.60510675354049903163 0.37936285368366479132 0.00000003474806912490 
0.00000000099999999993 0.00000000099999999993 0.00000000099999999993 0.00000000099999999993 0.00000000099999999993 0.99999999499999991937 
0.00000000099999999935 0.99999999500000003039 0.00000000099999999935 0.00000000099999999935 0.00000000099999999935 0.00000000099999999935 
0.00000000100000000000 0.01359709791033814237 0.00216873855814672580 0.35665556998727343530 0.60267285059620290255 0.02490574194803873986 
0.00961398136566194057 0.02583262041306490231 0.00000000099999999999 0.25958932431556125398 0.67397362626877366232 0.03099044663693841656 
0.01698241118131118763 0.00000000099999999999 0.00000000099999999999 0.40670508522375492522 0.57631248675464108455 0.00000001484029266168 
0.01330629117932926805 0.00000104760734445685 0.00000000099999999999 0.50628303590701828618 0.48040962330630782029 0.00000000099999999999 
0.00000000099999999999 0.00977142863984228026 0.00000000099999999999 0.25478146782862198805 0.73544710053153561358 0.00000000099999999999 
0.00000000099999999998 0.01096410902259868474 0.00000000099999999998 0.00000004017068224712 0.98903533618731664934 0.00000051261940252932 
0.00911973921030007767 0.03424951163928961761 0.00000000099999999999 0.49225637311327674617 0.46434819759023965302 0.00002617744689382391 
0.00000000099999999997 0.11739161698203498529 0.00000000099999999997 0.25390132890682381994 0.62870705111114100205 0.00000000099999999997 
0.00000000099999999996 0.00000000099999999996 0.00000000099999999996 0.00000000099999999996 0.00000000099999999996 0.99999999499999991937 
0.00645558035272199206 0.02682628640324922348 0.00000000099999999999 0.43712250700755345134 0.51769767596628935014 0.01189794927018603815 
0.00000000099999999997 0.02531079841491005317 0.00000000099999999997 0.00000000099999999997 0.97468919758508987261 0.00000000099999999997 
0.00000000099999999998 0.02147711987596686092 0.00000000099999999998 0.00000000099999999998 0.95122462009498254254 0.02729825702905061199 
0.00000000099999999998 0.00994171690574939364 0.00000000099999999998 0.43579807350292787405 0.53840956944106388438 0.01585063815025894787 
0.00384984146137583782 0.00000000100000000000 0.00352034848928119365 0.38148956437754327764 0.57621099439528511432 0.03492925027651460484 
0.00000000099999999999 0.02409721107743356683 0.00000000099999999999 0.42976395626254620952 0.54613882966002014197 0.00000000099999999999 
0.00000000099999999999 0.03958987604858140580 0.00000000099999999999 0.36534275481917061201 0.59174669965458581711 0.00332066747766231359 
0.00000000099999999997 0.00000000099999999997 0.00000000099999999997 0.00000000099999999997 0.01159616077191015851 0.98840383522808972216 
0.00804345699428564605 0.07096180981933684906 0.00000000099999999998 0.21912584130462800514 0.70034741661183652628 0.00152147426991303342 
0.01129758193422066362 0.00943308764694372921 0.00000000099999999999 0.44829348334445962010 0.52813726881024014581 0.00283857726413579581 
0.00000000100000000000 0.00215552657109246070 0.00874655279143944989 0.54906241986849768644 0.43127740581899609573 0.00875809394997411131 
0.00000000099999999997 0.00000000099999999997 0.00000000099999999997 0.00000000099999999997 0.00000000099999999997 0.99999999500000003039 
0.00000000100000000000 0.00000000639551999420 0.01947273798227757563 0.39439772207073342525 0.55936183404604111757 0.02676769850542789694 
0.00943877283730946808 0.00000000099999999999 0.00000000099999999999 0.35565743932261167926 0.62509584891777103532 0.00980793692230775248 
0.00442493261720135287 0.04532275129065975461 0.00000000099999999999 0.07994278498792450893 0.39878201825561226945 0.47152751184860197675 
0.00000000099999999996 0.00000000099999999996 0.00000000099999999996 0.51548801733711058226 0.46387510225354167126 0.02063687740934779663 
0.00000000099999999976 0.00000000099999999976 0.99999999499999991937 0.00000000099999999976 0.00000000099999999976 0.00000000099999999976 
0.01772311304943955876 0.00096176004735528504 0.00000000100000000000 0.42609176839065598941 0.53775472558739456641 0.01746863192515471508 
0.00000000099999999999 0.01207937005553958061 0.00000000099999999999 0.55009025262247557286 0.41715364200553817220 0.02067673331644669793 
