0.00000000099999999986 0.00000000099999999986 0.00000000099999999986 0.99999999100000003249 0.00000000099999999986 0.00000000099999999986 0.00000000099999999986 0.00000000099999999986 0.00000000099999999986 0.00000000099999999986 
0.00000000099999999988 0.00000000099999999988 0.00000000099999999988 0.00000000099999999988 0.00000000099999999988 0.00000000099999999988 0.00000000099999999988 0.00000000099999999988 0.99999999100000003249 0.00000000099999999988 
0.00000000099999999989 0.00000000099999999989 0.00000000099999999989 0.00000000099999999989 0.00000000099999999989 0.00000000099999999989 0.00000000099999999989 0.00000000099999999989 0.99999999100000003249 0.00000000099999999989 
0.21419618178921753793 0.08888245813779573068 0.11105781814847401345 0.15833049596213738530 0.00000000099999999999 0.00000000099999999999 0.12575291835096735760 0.00000000099999999999 0.02819458696671027498 0.27358553764469778491 
0.00000000099999999997 0.21529717380973409369 0.00000000443047566188 0.34805605216892920861 0.00000000099999999997 0.00000000099999999997 0.43664676359086124213 0.00000000099999999997 0.00000000099999999997 0.00000000099999999997 
0.00000000099999999997 0.00000000099999999997 0.00000000099999999997 0.23544811392299605513 0.00000000099999999997 0.00000000099999999997 0.00000000099999999997 0.00268871765735958146 0.00000000099999999997 0.76186316141964438575 
0.00000000099999999994 0.00000000099999999994 0.00000000099999999994 0.00000000099999999994 0.00000000099999999994 0.00000000099999999994 0.00000000099999999994 0.24265659725185972917 0.75734339474814027504 0.00000000099999999994 
0.00000000099999999986 0.00000000099999999986 0.00000000099999999986 0.00000000099999999986 0.00000000099999999986 0.00000000099999999986 0.00000000099999999986 0.00000000099999999986 0.99999999100000003249 0.00000000099999999986 
0.00000000099999999998 0.03243249201429714706 0.00000000099999999998 0.00000000099999999998 0.01063069072827365139 0.00000000099999999998 0.30513346706254207419 0.00000000099999999998 0.00000000099999999998 0.65180334419488716868 
0.00000000099999999992 0.00000000099999999992 0.00000000099999999992 0.00000000099999999992 0.00000000099999999992 0.00000000099999999992 0.00000000099999999992 0.46956744502962860510 0.53043254697037123258 0.00000000099999999992 
0.00000000099999999989 0.00000000099999999989 0.00000000099999999989 0.00000000099999999989 0.00000000099999999989 0.00000000099999999989 0.99999999100000003249 0.00000000099999999989 0.00000000099999999989 0.00000000099999999989 
0.04487305226265875246 0.11076345962659142619 0.06381697211139684967 0.16976773584417220730 0.00268512486200665973 0.00000000099999999998 0.32735202081082698244 0.02692455521986170108 0.00000000099999999998 0.25381707726248525780 
0.00000000099999999996 0.00000000099999999996 0.00000000099999999996 0.52111513397517295054 0.00000000099999999996 0.00000000099999999996 0.47888485802482694265 0.00000000099999999996 0.00000000099999999996 0.00000000099999999996 
0.20053816599067439408 0.13676525712538672996 0.13808899038517755131 0.15347854839727845255 0.01048115855765459174 0.00000000099999999999 0.14812660664042495706 0.00000000099999999999 0.00000000099999999999 0.21252126990340342028 
0.00000000099999999988 0.00000000099999999988 0.00000000099999999988 0.00000000099999999988 0.00000000099999999988 0.00000000099999999988 0.99999999099999992147 0.00000000099999999988 0.00000000099999999988 0.00000000099999999988 
0.00000000099999999999 0.11222488779021780325 0.11095804647438572976 0.08396337550519242243 0.02652734341900130771 0.00000000099999999999 0.27702247879823466148 0.00000000099999999999 0.05532176874850201764 0.33398209626446595522 
0.00000000099999999996 0.00000000099999999996 0.00000000099999999996 0.30160695936981657406 0.00000000099999999996 0.00000000099999999996 0.69839303263018326362 0.00000000099999999996 0.00000000099999999996 0.00000000099999999996 
0.25230285024213594536 0.00000000099999999997 0.00000000099999999997 0.00000000099999999997 0.00000000099999999997 0.00000000099999999997 0.20229954185836451774 0.00000000099999999997 0.00000000099999999997 0.54539760089949929078 
0.21737780184947175233 0.07785049522574857828 0.19482366804517325942 0.06291062140125559810 0.00089175889766159153 0.00000000099999999999 0.17727878047286180219 0.00000000099999999999 0.00000000099999999999 0.26886687110782758747 
0.00000000099999999995 0.00000000099999999995 0.51231663132074933831 0.00000000099999999995 0.00000000099999999995 0.00000000099999999995 0.48768336067925077693 0.00000000099999999995 0.00000000099999999995 0.00000000099999999995 
0.00001313314541955997 0.10615679846760196769 0.26360261817450869604 0.17169217483886112241 0.00000000099999999998 0.00000000099999999998 0.28055353585909609260 0.00000000099999999998 0.00755654351239269662 0.17042519300211980693 
0.00000000099999999996 0.00000000099999999996 0.00000000099999999996 0.00000000099999999996 0.00000000099999999996 0.00000000099999999996 0.00000000099999999996 0.41658642747443841436 0.58341356452556147882 0.00000000099999999996 
0.22442598589195753012 0.11153835549003786320 0.00000000099999999998 0.23585199794655484218 0.00000000099999999998 0.00000000099999999998 0.20737570650676270811 0.00000000099999999998 0.01234975754815123908 0.20845819261653589227 
0.00000000099999999967 0.99999999100000014352 0.00000000099999999967 0.00000000099999999967 0.00000000099999999967 0.00000000099999999967 0.00000000099999999967 0.00000000099999999967 0.00000000099999999967 0.00000000099999999967 
0.19446728082168324159 0.00000000099999999997 0.18605006015732217239 0.30019708659495275560 0.00000000099999999997 0.00000000099999999997 0.18851449193873967558 0.00000000099999999997 0.01905978045082245761 0.11171129603647979300 
0.22595510306207258755 0.12728008825037806506 0.00000000099999999997 0.41151861647115722809 0.00000000099999999997 0.00000000099999999997 0.23487025720584181476 0.00000000099999999997 0.00000000099999999997 0.00037593001055052477 
0.00000000099999999960 0.00000000099999999960 0.00000000099999999960 0.00000000099999999960 0.99999999100000014352 0.00000000099999999960 0.00000000099999999960 0.00000000099999999960 0.00000000099999999960 0.00000000099999999960 
0.00000000099999999954 0.00000000099999999954 0.00000000099999999954 0.00000000099999999954 0.99999999100000003249 0.00000000099999999954 0.00000000099999999954 0.00000000099999999954 0.00000000099999999954 0.00000000099999999954 
0.99999999100000014352 0.00000000099999999982 0.00000000099999999982 0.00000000099999999982 0.00000000099999999982 0.00000000099999999982 0.00000000099999999982 0.00000000099999999982 0.00000000099999999982 0.00000000099999999982 
0.17297803420730595292 0.13602549766093199879 0.00000000099999999997 0.00000000099999999997 0.00406969332483515193 0.00000000099999999997 0.33460980257255779069 0.00000000099999999997 0.00000000099999999997 0.35231696723436922714 
0.00000000099999999992 0.00000000099999999992 0.00000000099999999992 0.00000000099999999992 0.00000000099999999992 0.00000000099999999992 0.00000000099999999992 0.00000000099999999992 0.00000000099999999992 0.99999999099999992147 
0.00000000099999999980 0.00000000099999999980 0.00000000099999999980 0.00000000099999999980 0.00000000099999999980 0.00000000099999999980 0.00000000099999999980 0.99999999099999992147 0.00000000099999999980 0.00000000099999999980 
0.00000000099999999980 0.47197893027355969364 0.00000000099999999980 0.00000000099999999980 0.35055082390953651306 0.00000000099999999980 0.00000000099999999980 0.17747023881690393576 0.00000000099999999980 0.00000000099999999980 
0.00000000099999999996 0.00000000099999999996 0.36886278201145478173 0.00000000099999999996 0.00000000099999999996 0.00000000099999999996 0.00000000099999999996 0.00000000099999999996 0.00000000099999999996 0.63113720998854505595 
0.00000000099999999952 0.00000000099999999952 0.00000000099999999952 0.00000000099999999952 0.00000000099999999952 0.99999999100000003249 0.00000000099999999952 0.00000000099999999952 0.00000000099999999952 0.00000000099999999952 
0.00000000099999999940 0.00000000099999999940 0.00000000099999999940 0.00000000099999999940 0.00000000099999999940 0.99999999100000014352 0.00000000099999999940 0.00000000099999999940 0.00000000099999999940 0.00000000099999999940 
0.00000000099999999941 0.00000000099999999941 0.00000000099999999941 0.00000000099999999941 0.00000000099999999941 0.99999999100000003249 0.00000000099999999941 0.00000000099999999941 0.00000000099999999941 0.00000000099999999941 
0.00000000099999999961 0.00000000099999999961 0.00000000099999999961 0.00000000099999999961 0.99999999100000014352 0.00000000099999999961 0.00000000099999999961 0.00000000099999999961 0.00000000099999999961 0.00000000099999999961 
0.00000000099999999955 0.00000000099999999955 0.00000000099999999955 0.00000000099999999955 0.99999999100000014352 0.00000000099999999955 0.00000000099999999955 0.00000000099999999955 0.00000000099999999955 0.00000000099999999955 
0.18287779454507366306 0.00000000099999999998 0.20683302375237566650 0.17626073087419630303 0.00000000099999999998 0.00000000099999999998 0.24833731468523739805 0.00000000099999999998 0.00000000099999999998 0.18569113114311708301 
0.00000000099999999990 0.00000000099999999990 0.00000000099999999990 0.00000000099999999990 0.00000000099999999990 0.00000000099999999990 0.00000000099999999990 0.00000000099999999990 0.99999999099999992147 0.00000000099999999990 
0.00000000099999999957 0.00000000099999999957 0.00000000099999999957 0.00000000099999999957 0.99999999100000014352 0.00000000099999999957 0.00000000099999999957 0.00000000099999999957 0.00000000099999999957 0.00000000099999999957 
0.99999999100000014352 0.00000000099999999980 0.00000000099999999980 0.00000000099999999980 0.00000000099999999980 0.00000000099999999980 0.00000000099999999980 0.00000000099999999980 0.00000000099999999980 0.00000000099999999980 
0.00000000099999999992 0.00000000099999999992 0.00000000099999999992 0.00000000099999999992 0.00000000099999999992 0.00000000099999999992 0.00000000099999999992 0.40845243355891491799 0.59154755844108497520 0.00000000099999999992 
0.00000000099999999963 0.00000000099999999963 0.00000000099999999963 0.00000000099999999963 0.99999999100000014352 0.00000000099999999963 0.00000000099999999963 0.00000000099999999963 0.00000000099999999963 0.00000000099999999963 
0.18095433067264493632 0.15235370797222835826 0.00000000099999999999 0.00000000099999999999 0.00000000118811777643 0.00000000099999999999 0.32078023051670179200 0.00526878119043172524 0.00000000099999999999 0.34064294445987519655 
0.00000000099999999959 0.00000000099999999959 0.00000000099999999959 0.00000000099999999959 0.99999999100000003249 0.00000000099999999959 0.00000000099999999959 0.00000000099999999959 0.00000000099999999959 0.00000000099999999959 
0.00000000099999999988 0.00000000099999999988 0.00000000099999999988 0.00000000099999999988 0.00000000099999999988 0.00000000099999999988 0.00000000099999999988 0.00000000099999999988 0.99999999099999992147 0.00000000099999999988 
0.00000000099999999985 0.00000000099999999985 0.00000000099999999985 0.00000000099999999985 0.00000000099999999985 0.00000000099999999985 0.00000000099999999985 0.00000000099999999985 0.99999999099999992147 0.00000000099999999985 
0.00000000099999999953 0.00000000099999999953 0.00000000099999999953 0.00000000099999999953 0.99999999100000003249 0.00000000099999999953 0.00000000099999999953 0.00000000099999999953 0.00000000099999999953 0.00000000099999999953 
0.00000000099999999957 0.00000000099999999957 0.00000000099999999957 0.00000000099999999957 0.99999999100000003249 0.00000000099999999957 0.00000000099999999957 0.00000000099999999957 0.00000000099999999957 0.00000000099999999957 
0.00000000099999999991 0.00000000099999999991 0.00000000099999999991 0.00000000099999999991 0.00000000099999999991 0.00000000099999999991 0.00000000099999999991 0.00000000099999999991 0.99999999099999992147 0.00000000099999999991 
0.00000000099999999992 0.00000000099999999992 0.00000000099999999992 0.00000000099999999992 0.00000000099999999992 0.00000000099999999992 0.00000000099999999992 0.59191853868321775423 0.40808145331678202794 0.00000000099999999992 
0.00461628326015335599 0.00000000099999999995 0.00000000099999999995 0.00000000099999999995 0.00000000099999999995 0.00000000099999999995 0.00000000099999999995 0.40805709452146277094 0.58732661521838369634 0.00000000099999999995 
0.00000000099999999964 0.00000000099999999964 0.00000000099999999964 0.00000000099999999964 0.99999999100000003249 0.00000000099999999964 0.00000000099999999964 0.00000000099999999964 0.00000000099999999964 0.00000000099999999964 
0.00000000099999999999 0.00000000099999999999 0.00000000099999999999 0.00000000099999999999 0.00173989513481513083 0.00000000099999999999 0.49003727316521611401 0.05478403708704708552 0.00000000099999999999 0.45343878861292175042 
0.00000000099999999985 0.00000000099999999985 0.00000000099999999985 0.99999999100000014352 0.00000000099999999985 0.00000000099999999985 0.00000000099999999985 0.00000000099999999985 0.00000000099999999985 0.00000000099999999985 
0.22424657197903952177 0.04427933458585164850 0.32314514674790500992 0.00000068457416296057 0.00000000099999999997 0.00000000099999999997 0.40801080049618843049 0.00031745761685233955 0.00000000099999999997 0.00000000099999999997 
0.23347544773827802467 0.07295766110364297619 0.00000000099999999998 0.33541601586025332482 0.00000000099999999998 0.00000000099999999998 0.00020519621266277508 0.00000000099999999998 0.00000000099999999998 0.35794567408516303475 
0.00000000099999999991 0.00000000099999999991 0.00000000099999999991 0.00000000099999999991 0.00000000099999999991 0.00000000099999999991 0.00000000099999999991 0.00000000099999999991 0.99999999099999992147 0.00000000099999999991 
0.38488714248580840893 0.00000000099999999997 0.00089320229439406767 0.28189505497068312323 0.00000000099999999997 0.00000000099999999997 0.33232459183900842081 0.00000000099999999997 0.00000000099999999997 0.00000000341010591577 
0.00000000099999999949 0.00000000099999999949 0.00000000099999999949 0.00000000099999999949 0.00000000099999999949 0.99999999100000014352 0.00000000099999999949 0.00000000099999999949 0.00000000099999999949 0.00000000099999999949 
0.00000000099999999986 0.00000000099999999986 0.99999999100000014352 0.00000000099999999986 0.00000000099999999986 0.00000000099999999986 0.00000000099999999986 0.00000000099999999986 0.00000000099999999986 0.00000000099999999986 
0.00000000099999999950 0.00000000099999999950 0.00000000099999999950 0.00000000099999999950 0.00000000099999999950 0.99999999100000003249 0.00000000099999999950 0.00000000099999999950 0.00000000099999999950 0.00000000099999999950 
0.33769978470003952919 0.25002939216642749987 0.00000000099999999997 0.00000000099999999997 0.00000000099999999997 0.00000000099999999997 0.40402875440296098786 0.00824206273057219267 0.00000000099999999997 0.00000000099999999997 
0.00000000099999999951 0.00000000099999999951 0.00000000099999999951 0.00000000099999999951 0.00000000099999999951 0.99999999100000003249 0.00000000099999999951 0.00000000099999999951 0.00000000099999999951 0.00000000099999999951 
0.15467428861150273045 0.00000000099999999997 0.41512566147231788616 0.00000000099999999997 0.00000000099999999997 0.00000000099999999997 0.00000000099999999997 0.00000000099999999997 0.00000000099999999997 0.43020004291617952585 
0.00000000099999999989 0.00000000099999999989 0.99999999100000003249 0.00000000099999999989 0.00000000099999999989 0.00000000099999999989 0.00000000099999999989 0.00000000099999999989 0.00000000099999999989 0.00000000099999999989 
0.00000000099999999987 0.00000000099999999987 0.00000000099999999987 0.00000000099999999987 0.00000000099999999987 0.00000000099999999987 0.00000000099999999987 0.00000000099999999987 0.99999999100000003249 0.00000000099999999987 
0.00000000099999999996 0.10331865119521702057 0.26095034724257654135 0.00000000099999999996 0.00000000099999999996 0.00000000099999999996 0.23876967371041232790 0.00000000099999999996 0.00000000099999999996 0.39696132185179411334 
0.00000000099999999951 0.00000000099999999951 0.00000000099999999951 0.00000000099999999951 0.00000000099999999951 0.99999999100000014352 0.00000000099999999951 0.00000000099999999951 0.00000000099999999951 0.00000000099999999951 
0.00000000099999999956 0.00000000099999999956 0.00000000099999999956 0.00000000099999999956 0.00000000099999999956 0.99999999100000014352 0.00000000099999999956 0.00000000099999999956 0.00000000099999999956 0.00000000099999999956 
0.21117200690134346752 0.07646009648291694771 0.00000952489102627490 0.14580837534594406901 0.00331466894306388891 0.00000000099999999999 0.20377415803032797315 0.07980437772988355216 0.00000000099999999999 0.27965678967549384426 
0.00000000099999999992 0.00000000099999999992 0.00000000099999999992 0.00000000099999999992 0.00000000099999999992 0.00000000099999999992 0.00000000099999999992 0.40757212872304365847 0.59242786327695629023 0.00000000099999999992 
0.00000000099999999966 0.00000000099999999966 0.00000000099999999966 0.00000000099999999966 0.99999999100000003249 0.00000000099999999966 0.00000000099999999966 0.00000000099999999966 0.00000000099999999966 0.00000000099999999966 
0.00000000099999999993 0.00000000099999999993 0.00000000099999999993 0.00000000099999999993 0.00000000099999999993 0.00000000099999999993 0.00000000099999999993 0.26863516174156532035 0.73136483025843468386 0.00000000099999999993 
0.00000000099999999999 0.19516016713539083294 0.12782080222430039496 0.00000000381456518363 0.00000000099999999999 0.00000000099999999999 0.15397726555876678489 0.00111868008099790884 0.02475553976275450194 0.49716753842322441992 
0.00000000099999999946 0.00000000099999999946 0.00000000099999999946 0.00000000099999999946 0.00000000099999999946 0.99999999100000014352 0.00000000099999999946 0.00000000099999999946 0.00000000099999999946 0.00000000099999999946 
0.00000000099999999949 0.00000000099999999949 0.00000000099999999949 0.00000000099999999949 0.99999999100000003249 0.00000000099999999949 0.00000000099999999949 0.00000000099999999949 0.00000000099999999949 0.00000000099999999949 
0.00000000099999999958 0.00000000099999999958 0.00000000099999999958 0.00000000099999999958 0.00000000099999999958 0.99999999100000014352 0.00000000099999999958 0.00000000099999999958 0.00000000099999999958 0.00000000099999999958 
0.00000000099999999983 0.00000000099999999983 0.00000000099999999983 0.99999999100000003249 0.00000000099999999983 0.00000000099999999983 0.00000000099999999983 0.00000000099999999983 0.00000000099999999983 0.00000000099999999983 
0.00000000099999999973 0.00000000099999999973 0.00000000099999999973 0.00000000099999999973 0.00000000099999999973 0.00000000099999999973 0.00000000099999999973 0.99999999099999992147 0.00000000099999999973 0.00000000099999999973 
0.00000000099999999976 0.00000000099999999976 0.00000000099999999976 0.00000000099999999976 0.00000000099999999976 0.00000000099999999976 0.00000000099999999976 0.99999999099999992147 0.00000000099999999976 0.00000000099999999976 
0.15574062552309766994 0.10545903362088211719 0.17592292260272240911 0.00000000099999999998 0.00000000099999999998 0.00000000099999999998 0.11012367395821524851 0.00000000099999999998 0.22658323412700803745 0.22617050616807451990 
0.00000000099999999998 0.00000000099999999998 0.00000000099999999998 0.52185122149922658075 0.00488376808781628303 0.00000000099999999998 0.00000000099999999998 0.00000000099999999998 0.00000000099999999998 0.47326500341295718588 
0.34209092586815892378 0.05044840809282039040 0.00000000099999999996 0.31565518235810452463 0.00000000099999999996 0.00000000099999999996 0.29180547768091630312 0.00000000099999999996 0.00000000099999999996 0.00000000099999999996 
0.14597273921100634153 0.16328875995635680485 0.29159083052071887998 0.07889215881233400951 0.00000000099999999998 0.00000000099999999998 0.00280580761620498418 0.00000000099999999998 0.00712937576637646953 0.31032032511700263777 
0.12532309191684021243 0.19890469570391364207 0.00000000099999999998 0.00000000099999999998 0.00000000099999999998 0.00000000099999999998 0.21106700963529967385 0.00000000099999999998 0.00000000099999999998 0.46470519674394633602 
0.13930623657251112180 0.05671576562396256349 0.13926467854600901863 0.00000000099999999996 0.00000000099999999996 0.00000000099999999996 0.29656582651505225545 0.00000000099999999996 0.00000000099999999996 0.36814748774246486285 
0.08629552368804049856 0.00000000099999999997 0.16810413360927561888 0.20386538511373797355 0.00000000099999999997 0.00000000099999999997 0.19593409829355684648 0.00000000099999999997 0.00748344624779368264 0.33831740904759532995 
0.15203876135505323131 0.00000099854250255271 0.15859693957610945803 0.32154677010160531703 0.00000000099999999998 0.00000000099999999998 0.20740679504635201047 0.00000000099999999998 0.00000505569073072450 0.16040467668764690767 
0.00000000099999999988 0.99999999100000025454 0.00000000099999999988 0.00000000099999999988 0.00000000099999999988 0.00000000099999999988 0.00000000099999999988 0.00000000099999999988 0.00000000099999999988 0.00000000099999999988 
0.00000000099999999980 0.00000000099999999980 0.00000000099999999980 0.00000000099999999980 0.00000000099999999980 0.00000000099999999980 0.00000000099999999980 0.99999999099999992147 0.00000000099999999980 0.00000000099999999980 
0.00000000099999999983 0.00000000099999999983 0.00000000099999999983 0.00000000099999999983 0.00000000099999999983 0.00000000099999999983 0.00000000099999999983 0.99999999099999992147 0.00000000099999999983 0.00000000099999999983 
0.00000000099999999970 0.00000000099999999970 0.00000000099999999970 0.00000000099999999970 0.00000000099999999970 0.99999999100000014352 0.00000000099999999970 0.00000000099999999970 0.00000000099999999970 0.00000000099999999970 
0.00000000099999999983 0.00000000099999999983 0.00000000099999999983 0.00000000099999999983 0.00000000099999999983 0.00000000099999999983 0.00000000099999999983 0.99999999100000003249 0.00000000099999999983 0.00000000099999999983 
0.00000000099999999995 0.00000000099999999995 0.00000000099999999995 0.02699988771573696641 0.00000000099999999995 0.00000000099999999995 0.00000000099999999995 0.26504332914722544823 0.70795677613703766884 0.00000000099999999995 
0.00000000099999999999 0.21947224570059900572 0.31656738662657946115 0.00000000099999999999 0.00000000099999999999 0.00000000099999999999 0.00002126255273562720 0.00341044339338011275 0.00000000099999999999 0.46052865672670584285 
0.00000000099999999940 0.00000000099999999940 0.00000000099999999940 0.00000000099999999940 0.00000000099999999940 0.99999999100000014352 0.00000000099999999940 0.00000000099999999940 0.00000000099999999940 0.00000000099999999940 
0.00000000099999999996 0.26830209570218349624 0.00000000099999999996 0.00000000099999999996 0.00000000099999999996 0.00000000099999999996 0.00000000099999999996 0.00000000099999999996 0.00000000099999999996 0.73169789629781623042 
0.00000000099999999997 0.00000000099999999997 0.00000000099999999997 0.31117560200210075960 0.00000000099999999997 0.00000000099999999997 0.00000000099999999997 0.00000000099999999997 0.00000000099999999997 0.68882438999789896705 
0.00000000099999999997 0.20413545984451417215 0.52413116080714194922 0.27173337234834393783 0.00000000099999999997 0.00000000099999999997 0.00000000099999999997 0.00000000099999999997 0.00000000099999999997 0.00000000099999999997 
0.07951795681720538744 0.07419047890707698711 0.13799009677946327823 0.32909904846701476533 0.00000000099999999999 0.00000000099999999999 0.20145773422500559691 0.00000000099999999999 0.02527583617380570191 0.15246884563042847893 
0.00000000099999999979 0.99999999100000025454 0.00000000099999999979 0.00000000099999999979 0.00000000099999999979 0.00000000099999999979 0.00000000099999999979 0.00000000099999999979 0.00000000099999999979 0.00000000099999999979 
0.00000012633671161873 0.00000000099999999996 0.00000000099999999996 0.26819537679284088938 0.00000000099999999996 0.00000000099999999996 0.00000000099999999996 0.03327303736222821801 0.00000000099999999996 0.69853145350821921333 
0.00000000099999999998 0.24493509777820532403 0.26293305220226653729 0.27697213786787122647 0.00000000099999999998 0.00000000099999999998 0.05883590779730275833 0.00000000099999999998 0.00000000099999999998 0.15632379935435428142 
0.99999999100000025454 0.00000000099999999981 0.00000000099999999981 0.00000000099999999981 0.00000000099999999981 0.00000000099999999981 0.00000000099999999981 0.00000000099999999981 0.00000000099999999981 0.00000000099999999981 
0.00000000130445640584 0.12838496868749255109 0.29291626362376110837 0.17150561549755169444 0.02467277123066410546 0.00000000099999999999 0.25143974498142163121 0.02129262387076830479 0.00000000099999999999 0.10978800880388436823 
0.00000000099999999992 0.00000000099999999992 0.00000000099999999992 0.00000000099999999992 0.00000000099999999992 0.00000000099999999992 0.00000000099999999992 0.00000000099999999992 0.00000000099999999992 0.99999999100000003249 
0.00000000099999999994 0.00000000099999999994 0.00000000099999999994 0.00000000099999999994 0.00000000099999999994 0.00000000099999999994 0.54539210500286117167 0.00000000099999999994 0.00000000099999999994 0.45460788699713872152 
0.00000000099999999998 0.18846143541561083401 0.30464527808788616214 0.50262467134148036685 0.00426860915502264970 0.00000000099999999998 0.00000000099999999998 0.00000000099999999998 0.00000000099999999998 0.00000000099999999998 
0.05705313693020910154 0.09952672456824027125 0.15272490075665623444 0.05559020923125493341 0.00730838488142055310 0.00000000099999999998 0.32199589634224667911 0.00000000099999999998 0.00000000099999999998 0.30580074428997217062 
0.00000000099999999996 0.00000000099999999996 0.53550427521101051642 0.00000000099999999996 0.00000000099999999996 0.00000000099999999996 0.00000000099999999996 0.00000000099999999996 0.00000000099999999996 0.46449571678898943228 
0.00000000099999999993 0.00000000099999999993 0.00000000099999999993 0.00000000099999999993 0.00000000099999999993 0.00000000099999999993 0.00000000099999999993 0.00000000099999999993 0.00000000099999999993 0.99999999099999992147 
0.05919008225386320626 0.15880854126608731636 0.16762565088785519318 0.29575794678361755352 0.00000000099999999998 0.00000000099999999998 0.16860211762035207106 0.02454967581764542009 0.00000002583816308726 0.12546595753241629456 
0.09742519979884893544 0.00000000242883210992 0.13183118209009273003 0.14447121033722545858 0.00000000099999999999 0.00000000099999999999 0.14320243092817935837 0.00000000099999999999 0.00495272145481277879 0.47811724996200860582 
0.04322006311525718181 0.11906279264119716543 0.00000000099999999998 0.23152507533939745143 0.00000000099999999998 0.00000000099999999998 0.24394408399830849743 0.03089132738371410530 0.00000000099999999998 0.33135665352212545498 
0.30086595889144479576 0.00000000099999999997 0.30828284382906767647 0.00000000099999999997 0.00000000099999999997 0.00000000099999999997 0.39085119027948744819 0.00000000099999999997 0.00000000099999999997 0.00000000099999999997 
0.24865218941743438830 0.32784888733375855407 0.00000000099999999996 0.00000000099999999996 0.00000000099999999996 0.00000000099999999996 0.00000000099999999996 0.00000000099999999996 0.00000000099999999996 0.42349891624880714458 
0.00000000100000000000 0.27780724332759126893 0.10709203472953417180 0.25213511068500571444 0.00000000100000000000 0.06838311501951890858 0.27268670329778660344 0.02063114915514495731 0.00000000100000000000 0.00126464078541833305 
0.00000000099999999994 0.47667796027310382900 0.00000000099999999994 0.00000000099999999994 0.00000000099999999994 0.00000000099999999994 0.52332203172689595316 0.00000000099999999994 0.00000000099999999994 0.00000000099999999994 
0.00000000099999999979 0.99999999100000025454 0.00000000099999999979 0.00000000099999999979 0.00000000099999999979 0.00000000099999999979 0.00000000099999999979 0.00000000099999999979 0.00000000099999999979 0.00000000099999999979 
0.23637591876378308275 0.23364627570380494537 0.00000000099999999996 0.00000000099999999996 0.00000000099999999996 0.00000000099999999996 0.52997451841539555684 0.00000328111701630066 0.00000000099999999996 0.00000000099999999996 
0.00000000099999999984 0.00000000099999999984 0.00000000099999999984 0.99999999100000014352 0.00000000099999999984 0.00000000099999999984 0.00000000099999999984 0.00000000099999999984 0.00000000099999999984 0.00000000099999999984 
0.39693191534655319908 0.14989936500296116573 0.00000000099999999995 0.45316871265048591644 0.00000000099999999995 0.00000000099999999995 0.00000000099999999995 0.00000000099999999995 0.00000000099999999995 0.00000000099999999995 
0.00000016799533604045 0.32903020316593684091 0.00000000099999999998 0.00000000099999999998 0.00000000099999999998 0.00000000099999999998 0.35673108084391441652 0.00000000099999999998 0.00000000099999999998 0.31423854199481277005 
0.25971012617422284396 0.14912717930449975734 0.11335465505223284166 0.00000000099999999998 0.00308593562790003464 0.00000000099999999998 0.17897496953608757475 0.00000000099999999998 0.00809319076341756538 0.28765394054163961890 
0.00000000099999999995 0.00000000099999999995 0.47764076008376771254 0.00000000099999999995 0.00000000099999999995 0.00000000099999999995 0.00000000099999999995 0.00000000099999999995 0.00000000099999999995 0.52235923191623201411 
0.00000000099999999996 0.00000000099999999996 0.00000044411693990106 0.00000000099999999996 0.00000000099999999996 0.00000000099999999996 0.40388613732198441753 0.00000000099999999996 0.02512163579913272507 0.57099177676194279307 
0.00000000099999999993 0.00000000099999999993 0.00000000099999999993 0.00000000099999999993 0.00000000099999999993 0.00000000099999999993 0.00000000099999999993 0.41385227098824078906 0.58614772101175904861 0.00000000099999999993 
0.00000000099999999993 0.00000000099999999993 0.00000000099999999993 0.00000000099999999993 0.00000000099999999993 0.00000000099999999993 0.00000000099999999993 0.00000000099999999993 0.99999999100000003249 0.00000000099999999993 
0.00000000099999999961 0.00000000099999999961 0.00000000099999999961 0.00000000099999999961 0.00000000099999999961 0.99999999100000014352 0.00000000099999999961 0.00000000099999999961 0.00000000099999999961 0.00000000099999999961 
0.00000000099999999951 0.00000000099999999951 0.00000000099999999951 0.00000000099999999951 0.99999999100000003249 0.00000000099999999951 0.00000000099999999951 0.00000000099999999951 0.00000000099999999951 0.00000000099999999951 
0.00000000099999999998 0.00000000099999999998 0.00000000099999999998 0.08256367523012650422 0.02930929570129428910 0.00000000099999999998 0.00000000099999999998 0.37224256067651351199 0.51588446239206575683 0.00000000099999999998 
0.00000000099999999995 0.00000000099999999995 0.46453579725666566125 0.34608709169800505601 0.00000000099999999995 0.00000000099999999995 0.00000000099999999995 0.00000000099999999995 0.00000000099999999995 0.18937710404532934194 
0.00000000099999999986 0.00000000099999999986 0.99999999100000014352 0.00000000099999999986 0.00000000099999999986 0.00000000099999999986 0.00000000099999999986 0.00000000099999999986 0.00000000099999999986 0.00000000099999999986 
0.00000000099999999994 0.00000000099999999994 0.00000000099999999994 0.00000000099999999994 0.00000000099999999994 0.00000000099999999994 0.00000000099999999994 0.00000000099999999994 0.99999999099999992147 0.00000000099999999994 
0.17670634430867562803 0.03551439613994260974 0.18052804444142575568 0.26101753127630855644 0.00000000099999999998 0.00000000099999999998 0.08285499837181121985 0.00000000099999999998 0.01228862405653175990 0.25109005840530462805 
0.00000000099999999998 0.15619967273459248180 0.30895039892524095437 0.30712084416693413713 0.00351289999775256405 0.00000000099999999998 0.22421617451224518103 0.00000000099999999998 0.00000000099999999998 0.00000000566323472283 
0.51707098961313857632 0.00000000099999999992 0.00000000099999999992 0.00000000099999999992 0.00000000099999999992 0.00000000099999999992 0.48292900238686148340 0.00000000099999999992 0.00000000099999999992 0.00000000099999999992 
0.00000000099999999947 0.00000000099999999947 0.00000000099999999947 0.00000000099999999947 0.00000000099999999947 0.99999999100000003249 0.00000000099999999947 0.00000000099999999947 0.00000000099999999947 0.00000000099999999947 
0.00000000099999999950 0.00000000099999999950 0.00000000099999999950 0.00000000099999999950 0.00000000099999999950 0.99999999100000003249 0.00000000099999999950 0.00000000099999999950 0.00000000099999999950 0.00000000099999999950 
0.00000000099999999941 0.00000000099999999941 0.00000000099999999941 0.00000000099999999941 0.00000000099999999941 0.99999999100000003249 0.00000000099999999941 0.00000000099999999941 0.00000000099999999941 0.00000000099999999941 
0.00000000099999999942 0.00000000099999999942 0.00000000099999999942 0.00000000099999999942 0.00000000099999999942 0.99999999100000003249 0.00000000099999999942 0.00000000099999999942 0.00000000099999999942 0.00000000099999999942 
0.00000000099999999944 0.00000000099999999944 0.00000000099999999944 0.00000000099999999944 0.00000000099999999944 0.99999999100000003249 0.00000000099999999944 0.00000000099999999944 0.00000000099999999944 0.00000000099999999944 
0.00000000099999999981 0.00000000099999999981 0.00000000099999999981 0.00000000099999999981 0.00000000099999999981 0.00000000099999999981 0.00000000099999999981 0.99999999100000003249 0.00000000099999999981 0.00000000099999999981 
0.00000000099999999998 0.22530542669932399069 0.00000000207867942372 0.36114214862824534080 0.00000000099999999998 0.00000000099999999998 0.41355241659375130414 0.00000000099999999998 0.00000000099999999998 0.00000000099999999998 
0.00000000099999999943 0.00000000099999999943 0.00000000099999999943 0.00000000099999999943 0.00000000099999999943 0.99999999100000014352 0.00000000099999999943 0.00000000099999999943 0.00000000099999999943 0.00000000099999999943 
0.00000000099999999951 0.00000000099999999951 0.00000000099999999951 0.00000000099999999951 0.00000000099999999951 0.99999999100000003249 0.00000000099999999951 0.00000000099999999951 0.00000000099999999951 0.00000000099999999951 
0.00000000099999999948 0.00000000099999999948 0.00000000099999999948 0.00000000099999999948 0.99999999100000014352 0.00000000099999999948 0.00000000099999999948 0.00000000099999999948 0.00000000099999999948 0.00000000099999999948 
0.00000000099999999949 0.00000000099999999949 0.00000000099999999949 0.00000000099999999949 0.99999999100000003249 0.00000000099999999949 0.00000000099999999949 0.00000000099999999949 0.00000000099999999949 0.00000000099999999949 
0.00000000099999999996 0.00000000099999999996 0.00000000099999999996 0.00000000099999999996 0.00000000099999999996 0.00000000099999999996 0.36527511882790181241 0.00000000099999999996 0.00000000099999999996 0.63472487317209813629 
0.00000000099999999947 0.00000000099999999947 0.00000000099999999947 0.00000000099999999947 0.00000000099999999947 0.99999999100000014352 0.00000000099999999947 0.00000000099999999947 0.00000000099999999947 0.00000000099999999947 
0.00000000099999999996 0.30640935745170627680 0.00000000099999999996 0.00000000099999999996 0.00000000099999999996 0.00000000099999999996 0.00000000099999999996 0.00000000099999999996 0.00000000099999999996 0.69359063454829361639 
0.00000000099999999987 0.00000000099999999987 0.00000000099999999987 0.00000000099999999987 0.00000000099999999987 0.00000000099999999987 0.99999999099999992147 0.00000000099999999987 0.00000000099999999987 0.00000000099999999987 
0.00000000099999999994 0.00000000099999999994 0.00000000099999999994 0.00000000099999999994 0.00000000099999999994 0.00000000099999999994 0.00000000099999999994 0.00000000099999999994 0.99999999099999992147 0.00000000099999999994 
0.11687984700811190897 0.09673468867838377894 0.18789704879119037417 0.06864049438936450920 0.00000000099999999998 0.00000000099999999998 0.18251863010722471636 0.00000000099999999998 0.00391450253897108157 0.34341478548675352656 
0.00000000099999999989 0.00000000099999999989 0.00000000099999999989 0.00000000099999999989 0.00000000099999999989 0.00000000099999999989 0.00000000099999999989 0.43926602727998859121 0.56073396472001135749 0.00000000099999999989 
0.00000000099999999984 0.00000000099999999984 0.00000000099999999984 0.99999999100000003249 0.00000000099999999984 0.00000000099999999984 0.00000000099999999984 0.00000000099999999984 0.00000000099999999984 0.00000000099999999984 
0.00000000099999999987 0.00000000099999999987 0.00000000099999999987 0.00000000099999999987 0.00000000099999999987 0.00000000099999999987 0.00000000099999999987 0.00000000099999999987 0.99999999100000003249 0.00000000099999999987 
0.00000000099999999986 0.00000000099999999986 0.99999999100000014352 0.00000000099999999986 0.00000000099999999986 0.00000000099999999986 0.00000000099999999986 0.00000000099999999986 0.00000000099999999986 0.00000000099999999986 
0.00000000099999999997 0.00000000099999999997 0.53038470065944998133 0.00000000099999999997 0.00000000099999999997 0.00000000099999999997 0.00000000099999999997 0.00000000099999999997 0.00000000099999999997 0.46961529134055007839 
0.00000000099999999951 0.00000000099999999951 0.00000000099999999951 0.00000000099999999951 0.00000000099999999951 0.99999999100000003249 0.00000000099999999951 0.00000000099999999951 0.00000000099999999951 0.00000000099999999951 
0.00000000099999999987 0.00000000099999999987 0.00000000099999999987 0.00000000099999999987 0.00000000099999999987 0.00000000099999999987 0.00000000099999999987 0.00000000099999999987 0.99999999100000003249 0.00000000099999999987 
0.00000000099999999944 0.00000000099999999944 0.00000000099999999944 0.00000000099999999944 0.00000000099999999944 0.99999999100000003249 0.00000000099999999944 0.00000000099999999944 0.00000000099999999944 0.00000000099999999944 
0.00000000099999999944 0.00000000099999999944 0.00000000099999999944 0.00000000099999999944 0.00000000099999999944 0.99999999100000014352 0.00000000099999999944 0.00000000099999999944 0.00000000099999999944 0.00000000099999999944 
0.00000000099999999986 0.00000000099999999986 0.00000000099999999986 0.00000000099999999986 0.00000000099999999986 0.00000000099999999986 0.99999999099999992147 0.00000000099999999986 0.00000000099999999986 0.00000000099999999986 
0.99999999100000025454 0.00000000099999999981 0.00000000099999999981 0.00000000099999999981 0.00000000099999999981 0.00000000099999999981 0.00000000099999999981 0.00000000099999999981 0.00000000099999999981 0.00000000099999999981 
0.00000000099999999996 0.00000000099999999996 0.00000000099999999996 0.36730735319376633941 0.00000000099999999996 0.00000000099999999996 0.19188808207722671262 0.00000000099999999996 0.00000000099999999996 0.44080455772900700717 
0.00000000099999999997 0.19460767493610034440 0.00000000099999999997 0.13893370714879574312 0.00000000099999999997 0.00000000099999999997 0.30291345092634280878 0.00000000099999999997 0.00000000099999999997 0.36354516098876099583 
0.00000000099999999994 0.00000000099999999994 0.00000000099999999994 0.00000000099999999994 0.00000000099999999994 0.00000000099999999994 0.00000000099999999994 0.00000000099999999994 0.00000000099999999994 0.99999999099999992147 
0.00000000099999999998 0.20247060667231522868 0.23038430365909881581 0.14424273633943165973 0.00000000674266459526 0.00000000099999999998 0.04765298429791259976 0.01702051272145181648 0.00000000099999999998 0.35822884656712539186 
0.00000000099999999997 0.09099201842699693177 0.00000000099999999997 0.10423208650565794764 0.00000000099999999997 0.00000000099999999997 0.32721913016357190296 0.00000000099999999997 0.00000000099999999997 0.47755675890377347059 
