1.014337	-0.009903	-0.016972	0.006268	0.010467	0.015953	-0.019097	-0.019611	0.028815	-0.015132	0.008697	0.009633	0.021820	0.006472	0.017857	0.016984	0.011749	0.010388	0.024630	0.014724	0.022814	-0.012834	0.018722	-0.004918	0.024312	0.015653	-0.038458	-0.033391	0.020451	0.017730	0.028238	-0.012903	-0.009288	0.011599	-0.052585	-0.051160	-0.066261	-0.038110	-0.038396	0.019346	-0.019703	-0.037223	0.019653	-0.013511	-0.042140	0.015392	-0.035920	-0.013782	-0.022129	-0.045973	-0.039256	-0.016838	-0.008017	-0.016995	-0.029603	0.014048	0.015181	0.017471	0.028143	-0.013388	0.005331	-0.056466	0.033112	-0.055987	0.009415	-0.055132	-0.055203	-0.057065	0.028581	0.006816	-0.021892	0.014895	-0.052419	-0.060787	0.006457	-0.017735	-0.030958	-0.024139	0.014053	-0.054796	-0.037298	-0.066129	0.019446	-0.010371	-0.009676	0.008386	0.030837	0.016562	0.014513	0.002673	0.011001	0.017301	0.006169	0.006035	-0.014586	-0.013289	-0.058067	-0.015458	-0.012782	0.023299	-0.048552	0.023263	0.006020	0.014037	0.011317	0.014790	0.013028	0.028557	0.005477	0.026837	0.007590	0.025837	0.002650	0.006697	0.023090	0.017313	0.003189	0.012334	0.016400	0.008181	0.013853	0.020508	0.016645	0.029206	0.012464	0.028224	0.016712	0.012075	0.018197	0.008352	0.002493	-0.008800	-0.007980	-0.057535	-0.041001	-0.018247	0.023705	0.014171	-0.021349	0.013468	0.013228	0.004500	-0.057564	-0.065302	-0.052869	-0.055287	-0.064273	-0.021937	0.013506	-0.055236	-0.056444	-0.036086	-0.039754	0.013545	-0.058805	0.017986	0.013210	-0.014327	0.011817	-0.013925	0.016461	-0.012179	0.010815	0.018756	0.016800	0.019153	-0.060732	-0.015292	-0.063280	-0.054834	0.023074	0.015907	0.010778	0.019327	0.014801	0.016793	0.005882	0.000594	0.010542	-0.060733	0.010741	-0.063779	-0.058816	0.018776	0.003938	0.037557	-0.061990	-0.011274	-0.006875	-0.051979	0.012187	0.010135	-0.055723	0.014685	-0.011873	-0.008775	0.007358	0.000836	0.021009	0.022480	0.003075	0.015785	0.002366	0.008334	0.000632	0.022169	0.015604	0.010097	0.006596	0.009420	0.018555	0.002465	0.012028	0.007548	-0.018249	0.020472	0.007467	0.027633	-0.012328	0.020421	0.008771	0.014359	0.016369	-0.053153	-0.003474	0.008538	
-0.009903	1.000622	0.089787	-0.002232	-0.005450	-0.011573	0.093746	0.092788	0.002076	0.099999	0.002487	-0.024518	-0.003068	-0.016499	-0.005354	-0.008428	-0.003357	-0.016970	-0.009774	-0.012118	-0.015416	0.079328	-0.009104	-0.018702	-0.008967	-0.018562	-0.034317	-0.041519	-0.010102	-0.014336	-0.006936	0.070918	-0.018861	-0.020107	-0.048576	-0.067380	-0.059430	-0.041237	-0.047124	-0.017768	0.082909	-0.053981	-0.010289	0.089936	-0.040396	-0.013828	-0.046172	0.070353	0.093286	-0.036865	-0.046610	0.092788	0.098464	0.070773	-0.037547	0.000861	-0.010723	-0.001158	-0.012854	0.090399	-0.010222	-0.052415	-0.018736	-0.063701	-0.009724	-0.062208	-0.062331	-0.060152	-0.006847	-0.014941	0.099106	-0.008747	-0.053455	-0.062899	-0.006794	0.087552	-0.051102	0.078248	-0.013697	-0.055857	-0.042098	-0.058898	-0.013518	0.080823	0.072808	0.015676	0.001974	-0.000968	-0.007139	-0.020599	-0.017681	-0.004692	-0.017979	-0.010303	0.081752	0.080011	-0.060827	0.080479	0.078575	-0.007318	-0.057874	-0.026155	-0.011538	-0.011321	-0.003767	-0.027901	-0.015053	0.010767	-0.013618	-0.017246	-0.022204	-0.008845	-0.015721	-0.023818	-0.006642	-0.008557	-0.000936	-0.006056	-0.002324	-0.009007	-0.015827	-0.007142	-0.015135	-0.019571	-0.004227	-0.020403	-0.002889	-0.024636	-0.012856	-0.026595	-0.003750	0.081278	0.078567	-0.055518	-0.046539	0.076291	-0.010071	-0.021049	0.080594	-0.006392	-0.018954	-0.017784	-0.061875	-0.055538	-0.060055	-0.056584	-0.064098	0.081798	-0.006442	-0.067485	-0.052155	-0.035093	-0.042484	-0.020762	-0.052057	-0.012814	-0.022049	0.073850	-0.004655	0.088149	-0.010793	0.067768	-0.020138	-0.025742	-0.024224	-0.023363	-0.060297	0.062651	-0.061660	-0.053552	-0.014766	-0.008186	-0.010997	-0.015099	-0.021051	-0.002184	-0.021725	0.084693	-0.025571	-0.060907	-0.008167	-0.062364	-0.057813	-0.013270	-0.030409	-0.010690	-0.056890	0.073581	0.079990	-0.057475	-0.020960	-0.011441	-0.060927	-0.007518	0.090814	-0.000495	-0.022372	-0.015467	-0.018345	-0.021736	-0.009254	-0.021561	-0.018922	-0.020068	0.069021	-0.015656	-0.019304	-0.008437	-0.018680	-0.021499	-0.019772	-0.010664	-0.015735	-0.007348	0.086268	-0.004801	-0.007598	-0.027685	0.075172	-0.017883	-0.017427	0.029871	-0.011652	-0.064291	-0.014956	-0.008220	
-0.016972	0.089787	1.008888	-0.005741	-0.024794	-0.012335	0.090872	0.088749	-0.008114	0.085348	-0.010739	-0.011065	-0.017996	-0.016620	-0.009030	-0.016336	-0.020497	-0.023724	-0.016467	-0.004851	-0.007322	0.072367	-0.015710	-0.003452	-0.012884	-0.004772	-0.030295	-0.044155	-0.018341	-0.018615	-0.006896	0.085852	0.000981	-0.009735	-0.064030	-0.070497	-0.068160	-0.041026	-0.027597	-0.017377	0.076911	-0.040592	-0.007743	0.085378	-0.030083	-0.015949	-0.038947	0.084649	0.082301	-0.028994	-0.029274	0.062217	0.087104	0.073982	-0.031210	-0.004426	-0.018232	-0.006066	-0.001108	0.083001	-0.005598	-0.066003	-0.026904	-0.061170	-0.004005	-0.073392	-0.077876	-0.072869	-0.030051	-0.008311	0.091397	-0.011301	-0.068014	-0.065916	-0.013128	0.078414	-0.034013	0.079273	-0.004971	-0.068352	-0.031578	-0.063054	-0.018283	0.077861	0.091961	0.021768	0.011401	-0.017796	-0.010376	-0.013931	-0.009972	-0.011806	-0.001241	-0.018567	0.090861	0.078516	-0.061017	0.067000	0.087265	-0.007886	-0.067080	-0.022006	-0.016726	0.000787	-0.015817	-0.013760	0.004241	0.014420	-0.012771	-0.013196	-0.017388	-0.013122	-0.009354	-0.017077	-0.005526	-0.023645	-0.016918	-0.003785	-0.008518	-0.005532	-0.016244	-0.028609	-0.012488	-0.013326	-0.009974	-0.006485	-0.016512	-0.022156	-0.015861	-0.020435	-0.009184	0.083534	0.077459	-0.066953	-0.041311	0.084631	0.001325	-0.012446	0.088327	-0.014719	-0.011231	-0.021491	-0.066139	-0.056412	-0.061443	-0.057331	-0.061007	0.076461	-0.005434	-0.068744	-0.059004	-0.042427	-0.037398	-0.019747	-0.067462	-0.015974	-0.007163	0.063102	-0.010235	0.095468	-0.015942	0.087124	-0.010821	-0.016022	-0.011199	-0.001666	-0.065380	0.084807	-0.069759	-0.062091	-0.019225	-0.016112	-0.012442	-0.018933	-0.010462	0.000530	-0.014799	0.065705	-0.019506	-0.065497	-0.014803	-0.072352	-0.074196	-0.005742	-0.030309	-0.001674	-0.065418	0.074370	0.085375	-0.070106	-0.017152	-0.036224	-0.062106	-0.015758	0.102253	0.004144	-0.016582	-0.003160	-0.003144	-0.000801	-0.030607	-0.010254	-0.011401	-0.005500	0.070845	-0.008717	-0.017385	-0.014573	-0.010475	-0.016400	-0.025418	-0.017378	-0.018286	-0.016140	0.086204	-0.000483	-0.004977	0.003373	0.072055	-0.012002	-0.017459	0.023272	-0.010202	-0.071750	-0.013489	-0.017019	
0.006268	-0.002232	-0.005741	0.984818	0.016283	0.016182	0.003366	-0.009454	0.016752	-0.007297	0.023846	0.010659	0.011216	0.013067	0.019512	0.019295	0.011594	0.022647	0.023467	0.015506	0.019370	-0.009419	0.034885	0.011679	0.011097	0.016432	-0.035237	-0.023843	0.013287	0.011331	0.011761	-0.013360	-0.030196	0.014081	-0.055213	-0.056158	-0.047806	-0.049365	-0.036978	0.010309	-0.008177	-0.050648	0.006390	-0.010676	-0.035709	0.007655	-0.039340	-0.020357	-0.009992	-0.031470	-0.038954	-0.018945	0.001993	-0.007173	-0.056703	0.019678	0.018211	0.017485	0.011279	-0.014543	0.022290	-0.062309	0.013952	-0.048886	0.014897	-0.051989	-0.053247	-0.051365	0.010041	0.012321	-0.015116	0.008119	-0.051973	-0.059929	0.003737	-0.010009	-0.041451	-0.009059	0.017189	-0.050005	-0.039345	-0.036458	0.011932	0.002280	-0.012454	-0.013225	0.013842	0.002291	0.012626	0.017701	0.007238	0.010522	0.000193	0.017269	-0.002630	-0.025658	-0.055612	-0.007788	-0.013899	0.006812	-0.059461	0.019762	0.018486	0.019411	0.009796	0.013925	0.012615	0.014932	0.009234	0.014906	0.017458	0.016468	0.022342	0.010733	0.028885	0.006241	0.015384	0.007038	0.017219	0.020678	0.011444	0.008455	0.011458	0.000795	0.008295	0.009334	0.028611	0.016537	0.022850	0.009221	0.010368	-0.003640	-0.016618	-0.060939	-0.039305	-0.012746	0.003328	0.021470	-0.019974	0.015771	0.015177	0.014801	-0.059501	-0.047047	-0.047623	-0.060398	-0.048644	-0.005782	-0.000702	-0.055211	-0.051049	-0.044301	-0.032241	0.013224	-0.054028	0.006112	0.007035	-0.009489	0.010692	-0.008950	0.010486	-0.001375	0.016875	0.013852	0.000124	0.013644	-0.052430	0.000272	-0.055896	-0.044635	0.018641	0.020254	0.018002	0.022397	-0.002039	0.017390	0.015705	-0.004718	0.019075	-0.056702	0.007612	-0.034960	-0.057506	0.017951	0.005045	0.017263	-0.043715	-0.015974	-0.019871	-0.057914	0.013664	0.010291	-0.059071	0.002402	-0.012017	-0.015494	0.005408	0.021019	0.001438	0.020449	0.007090	0.008202	-0.000963	0.017284	-0.011107	0.029170	0.020188	0.016223	-0.006322	0.014355	0.003936	0.014966	0.008880	0.001364	-0.022756	0.019967	0.021399	0.004556	-0.013338	-0.014459	-0.004528	0.005828	0.028275	-0.061116	0.011244	0.013861	
0.010467	-0.005450	-0.024794	0.016283	1.006404	0.015424	-0.017462	-0.009797	0.008582	-0.024443	0.011891	0.018853	0.014902	0.013392	0.015262	0.025280	0.015291	0.007799	0.015349	0.027745	0.019700	-0.021846	0.023406	0.026850	0.017812	0.011611	-0.040737	-0.038478	0.021507	0.011610	0.015757	-0.019712	-0.006769	0.003709	-0.050014	-0.048729	-0.049525	-0.037123	-0.022177	0.021124	-0.021146	-0.035096	0.011591	-0.011127	-0.034727	0.024705	-0.035307	-0.007640	-0.007309	-0.035773	-0.038460	-0.006098	-0.019411	-0.011946	-0.056681	0.000391	0.014481	0.011322	0.023012	-0.009383	0.007621	-0.049505	0.010651	-0.062448	0.004075	-0.065589	-0.069662	-0.064221	0.006021	0.025231	-0.017516	0.011124	-0.052230	-0.057788	0.017734	-0.019591	-0.037386	-0.029941	0.017781	-0.047302	-0.049937	-0.054429	0.013062	-0.010178	-0.023328	0.000298	0.073529	0.025957	0.031871	0.022486	0.009045	0.027359	0.010853	0.011086	-0.021035	-0.003976	-0.064446	-0.005361	-0.012751	0.009019	-0.057548	0.006750	0.019714	0.012332	0.029484	0.017800	0.030760	0.007477	0.026850	0.006161	0.016844	0.002418	0.018913	0.016790	0.027771	0.005476	0.021698	0.023647	0.012664	0.015927	0.011824	-0.067703	0.016415	0.015922	0.012027	-0.001296	0.025154	0.017182	0.020234	0.017404	0.006639	-0.017184	-0.011681	-0.056169	-0.030805	-0.020045	0.012133	0.019546	-0.019477	0.000301	0.011889	0.018107	-0.051431	-0.052968	-0.056263	-0.045906	-0.050070	-0.009731	0.022002	-0.051433	-0.056259	-0.040364	-0.027897	0.009966	-0.053914	0.003430	0.018074	-0.008730	0.024163	-0.012986	0.006581	-0.008957	0.007013	0.008184	0.003451	0.010706	-0.052226	-0.017566	-0.056931	-0.054707	0.011860	0.012339	0.019516	0.012196	0.003964	0.009596	0.011808	-0.004287	0.017345	-0.055404	-0.001505	-0.071452	-0.048958	0.018935	0.023515	0.018354	-0.054446	-0.016368	-0.019963	-0.059509	0.012717	0.023874	-0.056589	0.018272	-0.027788	0.008865	0.010170	0.021481	0.003262	0.011152	0.010178	0.007570	0.008314	-0.003786	-0.019400	0.021593	0.001651	0.011966	-0.003865	-0.000255	-0.000365	0.026147	0.024283	0.038907	-0.015125	0.015663	0.020373	0.017474	-0.014431	0.013252	0.007881	-0.001114	0.013420	-0.054883	0.005962	0.005394	
0.015953	-0.011573	-0.012335	0.016182	0.015424	0.999299	-0.005237	-0.023039	0.015272	-0.021360	0.003615	0.022108	0.008450	0.030071	0.006553	-0.003392	0.017412	0.006756	0.025829	0.017260	0.002212	-0.010321	0.018057	-0.001835	0.021866	0.028171	-0.036982	-0.028988	0.013576	0.010875	0.019042	-0.003052	-0.016976	0.001793	-0.059806	-0.058708	-0.058297	-0.035913	-0.041532	-0.003629	-0.015139	-0.034544	0.012034	-0.020551	-0.036140	-0.003524	-0.044654	-0.028540	-0.007285	-0.032602	-0.035108	-0.015353	-0.004105	-0.004569	-0.038675	0.019947	0.003234	0.000157	0.010994	-0.006581	0.017921	-0.050782	0.002882	-0.055642	0.014028	-0.060871	-0.060750	-0.064342	0.016245	0.015250	-0.008683	0.004512	-0.058653	-0.050163	0.031161	-0.008702	-0.039275	-0.014084	0.000594	-0.055196	-0.035089	-0.055648	0.011196	-0.012553	-0.018408	-0.006036	0.065488	0.003962	0.030642	-0.001486	0.028217	0.023246	0.008072	0.010716	-0.019799	-0.015783	-0.056658	-0.003272	-0.008278	0.022790	-0.056420	0.016504	0.014128	0.014108	0.004270	-0.000437	0.022981	0.029367	0.008149	0.012107	0.011448	0.032041	0.014943	0.007114	0.012907	0.016541	0.005493	0.021148	0.021198	0.025259	0.020664	0.015574	0.008946	0.020877	0.003487	0.018883	0.015390	-0.003761	0.020727	0.022933	0.010776	-0.017043	-0.014923	-0.051367	-0.032782	-0.020226	0.019663	-0.003275	-0.005146	0.005584	0.021118	0.008984	-0.059766	-0.058540	-0.059869	-0.047218	-0.055834	-0.000054	0.008831	-0.050287	-0.059952	-0.031544	-0.030653	0.020154	-0.054225	0.011983	0.018874	-0.016931	0.022747	-0.008333	0.024219	-0.005261	0.007294	0.004477	0.005298	0.016595	-0.051201	-0.023783	-0.059962	-0.058022	0.018510	0.008714	0.020507	0.003940	0.016665	0.019104	0.017348	-0.014061	0.025714	-0.066249	0.004823	-0.071030	-0.051358	0.008284	0.018909	0.023312	-0.056676	-0.006564	-0.032565	-0.052713	0.016890	0.019692	-0.063316	0.006122	-0.006812	0.004393	0.001934	0.013111	0.008918	0.010824	0.015058	0.020962	0.020266	0.020022	-0.010335	0.021071	0.026662	0.014545	0.014126	0.005410	0.017759	0.018011	0.010957	0.013915	-0.011768	0.025576	0.014806	0.013756	0.001426	0.020798	0.018088	0.000082	0.013991	-0.060199	0.013794	0.015074	
-0.019097	0.093746	0.090872	0.003366	-0.017462	-0.005237	1.064135	0.084684	-0.019094	0.094077	-0.013729	-0.013854	-0.027445	-0.013024	-0.010347	-0.020736	-0.016312	-0.017895	-0.014548	-0.014324	-0.033415	0.074125	-0.008193	0.003399	-0.018951	-0.008370	-0.024565	-0.042418	-0.020424	-0.018307	-0.009233	0.067005	-0.002601	-0.016689	-0.062126	-0.057685	-0.053252	-0.045564	-0.031268	-0.004079	0.070729	-0.032537	-0.018592	0.084214	-0.040432	-0.013629	-0.037786	0.078252	0.074477	-0.040369	-0.033244	0.081674	0.090269	0.088552	-0.039125	-0.011977	-0.014490	-0.027597	-0.015393	0.104032	-0.022436	-0.060927	-0.018106	-0.057393	-0.008390	-0.074010	-0.072194	-0.067463	-0.013314	-0.007396	0.087345	-0.021585	-0.062777	-0.060618	-0.013684	0.070462	-0.040217	0.083657	0.000996	-0.058857	-0.034249	-0.064318	-0.028889	0.084419	0.088884	0.014402	0.007149	-0.017344	-0.009405	-0.014217	-0.021395	-0.009028	-0.016372	-0.010536	0.080683	0.076694	-0.059797	0.090252	0.096549	-0.021805	-0.073133	-0.012110	-0.020873	-0.012296	-0.010592	-0.009188	-0.014590	-0.011767	-0.014624	-0.025762	-0.025453	-0.021508	-0.011311	-0.025870	-0.019846	-0.006239	-0.016256	-0.005245	-0.023570	-0.016250	-0.016169	0.004231	-0.017744	-0.018037	-0.019015	-0.019843	-0.009229	-0.007344	-0.012027	-0.025580	0.005580	0.072233	0.087011	-0.062004	-0.028286	0.133672	-0.015898	-0.016032	0.094807	-0.011543	-0.007967	-0.019636	-0.062661	-0.067092	-0.055089	-0.066972	-0.062686	0.073674	-0.020283	-0.068855	-0.067339	-0.024415	-0.044179	-0.009632	-0.061197	-0.009469	-0.009972	0.081505	-0.020523	0.089514	-0.007963	0.093249	-0.009254	-0.019246	-0.013866	-0.021587	-0.067927	0.078227	-0.079355	-0.061958	-0.023461	-0.014872	-0.025640	-0.009130	-0.026329	-0.014264	-0.009353	0.096016	-0.032975	-0.062971	-0.012003	-0.069155	-0.060882	-0.011644	-0.018955	-0.016985	-0.062964	0.119433	0.087843	-0.063474	-0.010114	0.002678	-0.065242	-0.004058	0.083984	0.006745	-0.005407	-0.006078	-0.016937	-0.017907	-0.015915	-0.013616	-0.016167	-0.020745	0.083579	-0.003605	-0.008506	-0.003917	-0.019926	-0.019646	-0.020388	-0.000766	-0.008991	-0.017260	0.079434	-0.002362	-0.029150	-0.002676	0.114078	0.002529	-0.005072	0.030711	-0.001916	-0.072910	-0.021903	-0.019510	
-0.019611	0.092788	0.088749	-0.009454	-0.009797	-0.023039	0.084684	1.022850	-0.018442	0.083070	-0.015643	-0.015349	-0.014087	-0.011067	-0.008860	-0.006896	-0.013545	-0.009415	-0.022359	-0.009162	-0.006521	0.087124	-0.008274	-0.016132	0.007065	-0.001819	-0.034833	-0.037372	-0.027677	-0.023094	-0.001899	0.079477	-0.004172	-0.018003	-0.061504	-0.053495	-0.059998	-0.034956	-0.033572	-0.016201	0.089108	-0.047082	-0.022384	0.075881	-0.027259	-0.007287	-0.030735	0.066701	0.062573	-0.033561	-0.039877	0.082067	0.086191	0.082414	-0.034344	-0.009335	-0.015270	-0.004861	-0.027230	0.078023	-0.008016	-0.060419	-0.018949	-0.054653	-0.007694	-0.065484	-0.067274	-0.061004	-0.022200	-0.002058	0.102436	-0.012041	-0.063828	-0.070313	-0.005853	0.073133	-0.039362	0.090626	-0.014612	-0.061218	-0.042519	-0.054731	-0.010629	0.086848	0.081925	0.006959	-0.046868	-0.009909	-0.006229	-0.020306	-0.014334	-0.014735	0.004453	0.008874	0.079359	0.075660	-0.061143	0.076154	0.082444	-0.005105	-0.060332	-0.018811	-0.015747	-0.010552	-0.017801	-0.003136	-0.026624	-0.014002	-0.010262	-0.017151	-0.021819	-0.011299	-0.011181	-0.017362	-0.009411	-0.005907	-0.007433	-0.001935	-0.011338	-0.014335	-0.011234	-0.032192	-0.011587	-0.009706	-0.008298	-0.010154	0.000060	-0.004799	-0.002177	-0.019244	-0.012917	0.091169	0.085373	-0.060886	-0.039476	0.072407	-0.013243	-0.014073	0.065873	-0.017428	-0.022621	-0.015612	-0.059670	-0.058224	-0.058163	-0.069706	-0.053050	0.069121	-0.021297	-0.057254	-0.060142	-0.034759	-0.041069	-0.019484	-0.065467	-0.002562	-0.018517	0.087959	-0.022741	0.095279	-0.011006	0.088614	-0.024983	-0.012133	-0.017505	-0.029254	-0.068220	0.097376	-0.067345	-0.063112	-0.020167	-0.005202	-0.016370	-0.007761	-0.019138	-0.010259	-0.019344	0.068900	-0.022268	-0.062526	-0.025586	-0.061955	-0.060977	-0.021290	-0.018200	-0.009011	-0.067740	0.077386	0.069016	-0.061649	-0.018753	-0.019978	-0.059405	-0.001514	0.089269	-0.006428	-0.005464	-0.014130	-0.025051	-0.012356	-0.020499	-0.030457	-0.004677	-0.024229	0.073355	-0.006976	-0.015582	-0.002488	-0.015904	-0.006966	-0.015195	-0.012105	-0.009162	-0.013264	0.079924	-0.010330	-0.013140	-0.011277	0.067065	-0.016507	-0.008808	0.018902	-0.014301	-0.056084	-0.019699	-0.006526	
0.028815	0.002076	-0.008114	0.016752	0.008582	0.015272	-0.019094	-0.018442	0.978992	-0.003017	0.005326	0.010106	0.012201	0.001766	0.008311	0.012182	0.014832	0.026294	0.030508	0.004612	0.004708	-0.000726	0.014799	0.007628	-0.002292	0.008255	-0.040050	-0.022096	0.019289	0.019679	0.014022	-0.001906	-0.019145	0.012460	-0.050287	-0.056742	-0.059195	-0.024877	-0.029920	0.004950	-0.011011	-0.028112	0.017675	-0.006449	-0.023203	0.015024	-0.037332	-0.018593	-0.006795	-0.026980	-0.034195	-0.004996	-0.014679	-0.008087	-0.033357	0.015445	0.012576	0.002064	0.012988	-0.007916	0.015684	-0.050748	0.013601	-0.060270	0.020514	-0.059036	-0.060248	-0.056355	0.012821	0.005391	-0.010095	0.017716	-0.046057	-0.047387	0.009321	-0.015478	-0.031738	-0.012945	0.013518	-0.052968	-0.039323	-0.047174	0.022504	-0.005634	-0.011053	-0.002436	0.034621	0.004577	0.016732	0.001567	0.018013	0.023508	0.012135	0.008398	-0.009415	-0.004931	-0.051078	-0.005727	-0.008317	0.015812	-0.049478	0.026399	0.026720	0.005455	0.017332	0.003631	0.014724	0.013581	0.018896	0.025206	0.006166	0.013495	0.005950	0.018771	-0.004872	0.011789	0.021023	0.001357	0.002886	0.016856	0.015559	-0.020002	0.015265	0.009385	0.015365	0.013412	0.003386	-0.000226	-0.008983	0.014377	0.024540	-0.017411	-0.007893	-0.053361	-0.033273	-0.032192	0.016981	0.009635	-0.004610	0.007038	0.008337	0.017158	-0.054177	-0.057733	-0.060399	-0.058114	-0.055102	-0.006194	0.008142	-0.056999	-0.060119	-0.034200	-0.027868	0.022190	-0.062183	0.010912	0.015649	-0.014621	0.010645	-0.010463	0.012778	-0.022819	0.011003	0.015172	0.005729	0.008286	-0.053140	-0.011823	-0.052493	-0.057276	0.007969	0.001308	0.016771	0.019032	0.001642	0.024409	0.012047	-0.012511	0.008273	-0.044330	-0.002415	-0.056765	-0.060248	0.011885	0.014824	0.018245	-0.054492	-0.014104	-0.000303	-0.055558	0.014233	0.025620	-0.055947	0.012608	-0.010375	-0.002742	0.023133	0.007969	0.020753	0.015240	0.026352	0.005205	0.017620	-0.000319	-0.018286	0.010737	0.002160	0.023058	0.008488	0.003879	0.012198	0.006147	0.013009	0.015144	-0.006541	0.008695	0.005462	0.022111	-0.013624	0.009630	0.019047	-0.005918	0.001713	-0.057236	0.002702	0.013694	
-0.015132	0.099999	0.085348	-0.007297	-0.024443	-0.021360	0.094077	0.083070	-0.003017	1.069450	-0.017624	-0.006248	-0.018374	-0.010793	-0.020156	-0.032114	-0.012201	-0.021004	-0.018153	-0.014421	-0.004024	0.090444	-0.025323	-0.018744	-0.007222	-0.017253	-0.039686	-0.047570	-0.029109	-0.012843	-0.011590	0.085044	-0.006951	-0.010098	-0.057405	-0.067111	-0.063333	-0.032768	-0.044957	-0.026722	0.074162	-0.039433	-0.017123	0.077467	-0.037602	-0.027507	-0.041234	0.093689	0.079751	-0.031628	-0.030978	0.081313	0.057994	0.083151	-0.030335	-0.003742	-0.008327	-0.013077	0.007482	0.095771	-0.004988	-0.044997	-0.020607	-0.056800	-0.007039	-0.069237	-0.069223	-0.062632	-0.009692	-0.029504	0.079812	-0.027612	-0.054016	-0.054839	-0.011484	0.074976	-0.032258	0.089313	-0.001602	-0.051740	-0.039124	-0.054308	-0.007245	0.090816	0.077521	0.004923	-0.026873	-0.006639	-0.021511	-0.018647	-0.022843	-0.017743	-0.010789	-0.019684	0.073110	0.078767	-0.069228	0.085725	0.079601	-0.012967	-0.058608	-0.007975	-0.030966	-0.006920	-0.016581	-0.006056	-0.012256	-0.023273	-0.013355	-0.013397	-0.016803	-0.021362	-0.015141	-0.030897	-0.016642	-0.031993	0.001290	-0.006247	-0.009607	-0.015364	-0.019935	-0.008468	-0.005777	-0.016754	0.000875	-0.019505	-0.005795	-0.020054	-0.034637	-0.004165	0.001430	0.082906	0.087751	-0.063628	-0.044869	0.085268	-0.012104	-0.021465	0.072267	-0.006524	-0.013260	-0.009897	-0.067359	-0.062152	-0.056176	-0.062054	-0.054004	0.086626	-0.022010	-0.057206	-0.061597	-0.045103	-0.037089	-0.022350	-0.053835	-0.009935	-0.006307	0.077742	-0.014630	0.098360	-0.002139	0.078835	-0.018164	-0.027032	-0.022559	-0.021080	-0.059612	0.088283	-0.053068	-0.060574	-0.007326	-0.014027	-0.018444	-0.011397	-0.013106	-0.000064	0.003568	0.083164	-0.016307	-0.060444	-0.007555	-0.069119	-0.062028	-0.006086	-0.017190	-0.004272	-0.061535	0.069753	0.090560	-0.067783	-0.039356	-0.019268	-0.059271	-0.014633	0.094357	-0.001619	-0.015173	0.001070	-0.025204	-0.004535	-0.024116	-0.027011	-0.025992	-0.003599	0.089323	-0.004570	-0.020153	-0.001653	-0.024149	-0.012046	-0.018859	-0.005751	-0.013195	-0.017800	0.073181	-0.024304	-0.018875	-0.021712	0.076066	-0.017649	-0.006663	0.033927	0.001903	-0.064875	-0.014002	-0.021968	
0.008697	0.002487	-0.010739	0.023846	0.011891	0.003615	-0.013729	-0.015643	0.005326	-0.017624	0.973384	0.014021	0.028385	0.023084	0.025707	0.006176	0.016875	0.012348	0.007022	0.025072	0.007891	-0.013826	0.007206	0.003118	0.023854	0.006727	-0.038681	-0.034604	0.017707	0.010399	0.015431	-0.001040	-0.011796	0.014538	-0.055393	-0.058187	-0.041793	-0.031985	-0.037784	0.013054	-0.004997	-0.042095	0.018776	-0.000785	-0.041438	0.020517	-0.037118	-0.005359	-0.002604	-0.030656	-0.038238	0.000786	-0.011421	-0.013740	-0.035209	0.014587	-0.003208	0.017527	0.006166	-0.004979	0.018920	-0.042415	0.010034	-0.060095	0.012871	-0.060858	-0.053182	-0.052007	0.012949	-0.001157	-0.005607	0.012083	-0.054509	-0.059627	0.018423	-0.011516	-0.033482	-0.020448	0.003003	-0.056039	-0.025943	-0.048074	0.012314	-0.015563	-0.015535	-0.002846	0.044109	0.011299	0.014858	0.018640	0.018016	0.017778	0.017381	0.015815	-0.011295	-0.011974	-0.052989	-0.000262	-0.008813	0.023030	-0.044080	0.015882	0.027782	0.007261	0.025668	0.007381	0.021367	0.004217	0.012722	0.018656	0.022524	0.003930	0.015304	0.007447	0.008841	0.010582	0.014070	0.000733	0.011006	-0.000345	0.014045	0.011342	0.016080	0.012003	0.026249	0.020853	0.003924	0.012953	0.015710	0.002163	0.019497	-0.017992	-0.013718	-0.056523	-0.036657	-0.034312	0.005588	0.007634	-0.018951	0.000303	0.007590	0.009275	-0.052567	-0.048786	-0.053347	-0.058031	-0.046482	-0.000150	0.017107	-0.054541	-0.043558	-0.038375	-0.031880	0.019756	-0.064952	0.000029	0.013835	-0.016204	0.008703	-0.004977	0.004876	-0.013957	0.016940	-0.003855	0.007202	-0.005079	-0.059698	-0.004413	-0.046528	-0.053767	0.022569	0.012790	0.018286	0.004917	0.007739	0.009794	0.015722	-0.009930	0.017173	-0.054495	0.027496	-0.072307	-0.055404	0.018693	0.022202	0.006932	-0.055291	-0.013754	-0.026870	-0.052355	0.023090	0.033551	-0.054499	0.011385	-0.008117	-0.006202	0.011457	0.009637	0.021336	0.000362	0.019201	0.003169	0.008943	0.018752	-0.028773	0.021386	0.013967	0.016616	0.011388	0.009248	0.005319	0.004621	0.008147	0.035339	-0.016090	0.003459	0.002872	0.021201	-0.008769	0.012551	0.015459	-0.006565	0.016156	-0.053677	0.009393	0.010806	
0.009633	-0.024518	-0.011065	0.010659	0.018853	0.022108	-0.013854	-0.015349	0.010106	-0.006248	0.014021	0.992455	0.019952	0.006891	0.009433	0.018254	0.011725	0.011010	0.016203	0.022045	0.007031	-0.016480	0.006889	0.017128	0.015197	0.020386	-0.033615	-0.034819	0.023991	0.004198	0.012212	-0.013390	-0.011500	0.013517	-0.062142	-0.059857	-0.053428	-0.034694	-0.036948	0.017125	-0.019706	-0.029668	0.012497	-0.004547	-0.036304	0.008508	-0.035614	0.001855	-0.021386	-0.032570	-0.027910	-0.014655	-0.003682	-0.005908	-0.028593	0.014389	0.008018	0.019308	0.019226	-0.020720	0.013229	-0.062488	0.016530	-0.062742	0.015337	-0.066097	-0.067595	-0.058364	0.012842	0.017824	-0.018181	0.017528	-0.064081	-0.060748	0.015061	-0.008232	-0.036468	-0.012838	0.014166	-0.059377	-0.033387	-0.067567	0.009269	-0.014500	-0.014858	0.010056	-0.019112	0.029939	0.018784	0.014353	0.003957	0.016578	0.015900	0.005235	-0.011901	-0.013437	-0.064982	-0.000440	-0.017510	0.025893	-0.055142	0.008584	0.006940	0.019237	0.009519	0.012155	0.021152	0.037036	0.014237	0.015999	0.013590	0.016932	0.011313	0.013712	0.014076	0.010173	0.008193	0.005720	0.007634	0.017743	0.020733	-0.002216	0.021550	0.013120	0.026510	0.012573	0.016477	0.014859	0.017868	0.008958	0.011817	-0.008309	-0.009658	-0.055642	-0.028323	0.008961	0.014364	0.013586	-0.017118	0.021040	0.003589	0.011283	-0.057701	-0.060593	-0.059527	-0.060286	-0.062416	-0.014437	0.007845	-0.059118	-0.059748	-0.036891	-0.024521	0.014371	-0.054025	0.013711	0.012270	-0.015997	0.015642	-0.028365	0.031032	-0.009229	0.009051	0.005977	0.017318	0.007638	-0.054230	-0.002345	-0.056033	-0.063691	0.017850	0.006096	0.026231	0.010481	0.013961	0.013636	0.024569	-0.009812	0.019636	-0.063474	0.011214	-0.062806	-0.056609	0.019875	0.015373	0.023452	-0.059617	0.002224	-0.008405	-0.065525	0.016696	0.018280	-0.058694	0.020955	-0.020670	-0.005471	0.016259	0.021436	0.010639	0.006633	0.024141	-0.006341	-0.009870	0.031252	-0.023770	0.014819	0.023842	0.010006	0.006006	0.007622	0.008504	0.024375	0.014947	0.001967	-0.015214	0.009342	0.010451	0.011957	-0.016682	0.020846	0.021236	0.000961	0.016088	-0.066210	0.018328	0.015425	
0.021820	-0.003068	-0.017996	0.011216	0.014902	0.008450	-0.027445	-0.014087	0.012201	-0.018374	0.028385	0.019952	1.027680	0.000633	0.023210	0.020945	0.012594	0.001917	0.001682	0.011632	0.034181	-0.011701	0.016575	0.016838	0.017002	0.012409	-0.045352	-0.048921	0.024691	0.026887	0.020967	-0.012790	-0.025136	0.012943	-0.050150	-0.068580	-0.051212	-0.039055	-0.045164	0.013773	-0.004712	-0.053655	0.008950	-0.018749	-0.039010	0.017210	-0.038332	-0.017463	-0.003561	-0.037415	-0.040747	-0.011583	-0.012135	-0.007856	-0.040438	0.018363	0.012379	0.014406	0.032883	-0.018321	0.018095	-0.055242	0.013360	-0.050886	0.016732	-0.050507	-0.045720	-0.042105	0.018674	0.008947	-0.010641	0.011967	-0.038483	-0.047121	0.015330	-0.020184	-0.040086	-0.011537	0.009099	-0.040190	-0.036766	-0.057073	0.017841	-0.024759	-0.023913	0.002636	0.010486	0.013032	0.009020	0.011810	0.019015	0.022747	0.023409	0.019170	-0.024198	-0.017824	-0.052138	-0.009712	-0.007957	0.016479	-0.044629	0.009643	0.022502	0.004594	0.002474	0.009079	0.016387	0.001551	0.004539	0.005532	0.008240	0.008298	0.013800	0.018788	0.000984	0.013196	0.001572	-0.003675	0.021187	0.013515	0.011386	-0.016398	0.002942	0.008161	0.013323	0.006546	0.020720	0.009729	-0.001157	0.012715	0.009741	-0.013874	-0.010271	-0.056788	-0.045625	0.006937	0.005344	0.013209	-0.011799	0.008342	0.015186	0.016136	-0.052263	-0.044127	-0.053677	-0.054633	-0.043633	-0.017950	0.031893	-0.053692	-0.052635	-0.046964	-0.043104	0.017289	-0.056030	0.016144	0.012783	-0.024850	0.028468	-0.020863	0.010029	-0.016534	0.007187	-0.002270	-0.005270	-0.003928	-0.050910	-0.015776	-0.049534	-0.044203	0.018151	0.032989	0.017416	0.012472	0.013285	0.012651	0.006635	-0.011553	0.019429	-0.042550	0.026284	-0.049358	-0.050369	0.010593	0.016378	0.009560	-0.048989	-0.024548	-0.011385	-0.049469	0.002126	0.029169	-0.055366	0.016598	-0.021935	-0.013761	0.039099	0.017800	0.029191	0.006096	0.024606	0.025363	0.021564	0.018028	-0.014745	0.015146	0.008741	0.016071	-0.000684	-0.000397	0.001879	0.026031	0.020225	0.006131	-0.017545	0.002663	0.009877	0.024313	-0.013930	0.011774	0.012640	0.000050	0.019407	-0.045977	-0.002778	0.015798	
0.006472	-0.016499	-0.016620	0.013067	0.013392	0.030071	-0.013024	-0.011067	0.001766	-0.010793	0.023084	0.006891	0.000633	0.976185	0.016847	0.013037	0.009966	0.009954	0.007351	0.009460	0.006869	-0.015884	0.010798	0.004797	-0.011325	0.003672	-0.039208	-0.037808	0.014644	0.017853	0.005463	-0.016335	-0.020026	0.018308	-0.042809	-0.038890	-0.048554	-0.029080	-0.030535	0.015510	-0.013799	-0.024345	0.022971	-0.012742	-0.015923	0.014836	-0.042318	-0.011772	-0.012470	-0.041024	-0.030968	-0.005287	-0.017153	-0.012219	-0.027580	-0.004132	0.018693	0.013056	0.016129	-0.015874	0.011585	-0.052476	0.017900	-0.056474	0.002212	-0.054283	-0.063476	-0.063055	0.014142	0.012852	-0.011613	0.014728	-0.054139	-0.054333	0.014954	-0.012009	-0.043904	-0.005378	0.008825	-0.048667	-0.033972	-0.054724	0.012419	-0.009766	-0.017049	0.002113	-0.031971	0.006579	0.019622	0.008555	0.024790	-0.003934	0.008610	0.008809	-0.016860	-0.009835	-0.060557	-0.023326	-0.023172	0.006768	-0.052864	0.029661	0.012913	0.015145	-0.007290	0.013877	-0.003935	0.040027	0.009854	0.009560	-0.008182	0.017833	0.010088	0.012057	0.016378	0.007421	0.012772	0.020887	0.017590	0.012758	0.005238	0.021928	0.009688	0.014232	0.019540	0.026997	0.002108	0.011609	0.019893	0.021030	0.020846	-0.020434	-0.005547	-0.056800	-0.033558	-0.004990	-0.000677	0.013330	-0.009284	0.012477	0.014771	0.016097	-0.053254	-0.044097	-0.056443	-0.040941	-0.047179	0.001478	0.002508	-0.053863	-0.044882	-0.024846	-0.029243	0.008447	-0.048646	0.023053	0.012112	-0.014527	0.015772	-0.026782	0.003686	-0.013538	0.014876	0.019110	0.012771	0.010866	-0.047002	-0.019337	-0.044168	-0.062253	0.018642	0.012766	0.021888	0.016116	0.018621	0.008892	0.010700	-0.003574	0.012592	-0.046781	0.020353	-0.067934	-0.053004	0.025307	0.016697	0.001643	-0.057468	-0.008698	-0.017623	-0.050366	0.007489	0.017097	-0.043475	0.030698	-0.011816	-0.001175	0.016177	0.005555	0.009221	0.013469	0.018273	0.034776	0.012151	0.008061	-0.005681	0.005761	0.008928	0.023056	0.013488	0.016891	0.026241	0.011446	0.008711	0.013772	-0.017434	0.022306	0.004922	0.028926	-0.019637	0.009313	0.008352	-0.003477	0.011268	-0.051548	0.013996	0.018486	
0.017857	-0.005354	-0.009030	0.019512	0.015262	0.006553	-0.010347	-0.008860	0.008311	-0.020156	0.025707	0.009433	0.023210	0.016847	1.005132	0.012917	0.024171	0.008777	0.007811	0.030830	0.021645	-0.011736	0.024465	0.027214	0.005440	0.015466	-0.038314	-0.021150	0.011329	0.015157	0.010837	-0.021250	-0.010152	0.011338	-0.051270	-0.047427	-0.050949	-0.035740	-0.035207	0.019428	-0.012376	-0.031966	0.008962	-0.021825	-0.041674	0.013866	-0.028620	-0.015800	-0.023509	-0.024297	-0.022180	-0.020740	-0.020738	-0.009872	-0.036924	0.005960	0.021293	0.029112	0.006641	-0.004882	-0.005783	-0.051933	0.017287	-0.054009	0.006178	-0.055832	-0.061262	-0.055139	0.003113	0.023055	-0.021414	0.022095	-0.057456	-0.049032	0.004500	-0.014346	-0.022187	-0.009692	0.007925	-0.058093	-0.027806	-0.053997	0.007977	-0.024190	-0.006220	0.026015	-0.030703	0.009548	0.015264	0.003725	0.016712	0.003982	-0.003943	-0.000620	-0.011759	-0.008510	-0.057119	-0.004018	-0.010517	0.005030	-0.055591	0.020293	0.008058	0.017311	0.001764	0.008432	0.002889	0.012682	0.017848	0.008019	0.006869	0.021261	0.002709	0.005762	0.010472	0.013020	0.006256	0.003637	0.018215	0.019114	0.001609	-0.001493	0.031572	0.005048	0.023058	0.011319	0.011830	-0.001209	0.018109	0.013809	0.016079	-0.008513	-0.017356	-0.061411	-0.019688	-0.031468	0.006131	0.006936	-0.004697	0.018194	0.016443	0.012423	-0.056347	-0.059043	-0.064177	-0.050469	-0.051862	-0.002180	0.020734	-0.057342	-0.051798	-0.029468	-0.032994	0.011114	-0.051549	0.008692	0.016936	-0.015984	0.016203	-0.021074	0.019067	-0.011427	0.008177	0.006358	0.000524	0.003471	-0.053334	-0.019284	-0.054774	-0.057700	0.027673	0.005456	0.014490	0.009139	0.026802	0.009442	0.019555	-0.015660	0.016904	-0.057938	0.018316	-0.037151	-0.047539	0.012660	0.011216	0.016742	-0.050461	-0.019609	-0.010405	-0.058626	0.014830	0.015468	-0.047650	0.008493	-0.010783	-0.012159	-0.005636	0.005750	0.003897	0.027447	0.029519	0.011852	0.010570	0.012673	-0.014973	0.003690	0.024399	0.009003	0.012582	0.005995	-0.004329	0.017426	0.019695	0.006497	-0.012868	0.010604	0.012561	0.011038	-0.021722	0.020354	0.011659	0.002867	0.012395	-0.051942	0.023836	0.020733	
0.016984	-0.008428	-0.016336	0.019295	0.025280	-0.003392	-0.020736	-0.006896	0.012182	-0.032114	0.006176	0.018254	0.020945	0.013037	0.012917	1.005321	0.013127	0.025274	0.022228	0.025275	0.011671	-0.010595	0.013523	0.017766	-0.000775	0.005792	-0.033626	-0.024537	0.005458	0.008769	0.016790	-0.006835	-0.005150	0.000231	-0.056219	-0.049508	-0.052390	-0.027838	-0.038514	0.002904	0.005526	-0.028977	0.007076	-0.008200	-0.029295	0.013154	-0.021783	-0.009033	-0.011745	-0.031760	-0.023103	-0.013387	-0.013790	-0.005048	-0.027070	0.013278	0.009421	0.012328	0.019533	-0.016728	0.010392	-0.059721	0.021761	-0.058835	0.008448	-0.064271	-0.064215	-0.060916	0.006303	0.008777	-0.002119	0.009649	-0.050705	-0.064016	0.007146	-0.003101	-0.027177	-0.016215	0.007676	-0.050908	-0.036527	-0.047229	0.013829	-0.010142	-0.010794	0.012755	0.020475	0.009401	0.021910	-0.000654	0.022530	0.004965	0.016336	0.009708	-0.008994	-0.011619	-0.060300	-0.013752	-0.014426	0.006028	-0.058242	0.009405	0.006629	0.000960	0.022224	0.008341	0.015886	0.001565	0.010080	0.003352	0.014489	0.005009	0.015279	0.029716	0.015369	0.013174	0.014781	0.013516	0.008480	0.013525	0.014196	-0.005936	0.013491	0.010783	0.015969	-0.000803	0.009656	0.020042	0.021172	0.014211	0.015000	-0.014173	-0.014878	-0.052134	-0.034063	0.003504	0.010116	0.005147	-0.007515	0.015199	0.009047	0.024394	-0.057180	-0.055540	-0.053103	-0.056591	-0.053161	-0.009691	0.014908	-0.044867	-0.056344	-0.041272	-0.038598	0.021751	-0.055630	0.010947	0.025446	-0.029780	0.021070	-0.019165	0.021178	-0.019649	0.005730	0.011930	0.004395	-0.003189	-0.057330	-0.020755	-0.054040	-0.049817	0.017574	0.013823	0.025672	0.011891	0.006191	0.012159	0.013506	-0.004412	0.012330	-0.056243	0.012058	-0.033885	-0.054472	0.025533	0.013951	0.011906	-0.051901	-0.019806	-0.014012	-0.054168	0.019316	0.016414	-0.059743	0.028445	-0.002363	-0.009371	0.015643	0.027811	0.013877	0.014243	0.013299	0.021202	0.005443	0.004495	-0.011073	0.006785	0.019961	0.003216	0.020820	0.015987	0.005430	0.003358	0.008063	0.017983	-0.025043	0.009778	0.006414	0.008832	-0.017652	0.007668	0.008532	0.006967	0.028858	-0.058780	-0.000202	0.023670	
0.011749	-0.003357	-0.020497	0.011594	0.015291	0.017412	-0.016312	-0.013545	0.014832	-0.012201	0.016875	0.011725	0.012594	0.009966	0.024171	0.013127	1.027149	0.011940	0.031582	0.012508	0.010647	-0.012138	0.012357	0.012540	0.017651	0.024425	-0.037281	-0.044047	0.017078	0.011652	0.016999	-0.009829	-0.015012	0.016199	-0.052182	-0.063583	-0.050049	-0.038668	-0.036570	0.009075	-0.016044	-0.039333	0.017629	-0.018391	-0.033098	0.013201	-0.043899	-0.014295	-0.012684	-0.036159	-0.045683	-0.004824	-0.014113	-0.013840	-0.035692	0.000497	0.022594	0.018962	0.004339	-0.017321	0.013987	-0.062279	0.013618	-0.063144	0.012322	-0.059782	-0.059539	-0.063750	0.034681	0.015021	-0.022389	0.025743	-0.060228	-0.048628	0.000407	-0.009874	-0.035479	-0.009976	0.025385	-0.057697	-0.033514	-0.056385	0.016155	-0.006683	-0.011791	0.012327	-0.006701	0.013895	0.010318	0.021626	0.009404	0.010911	0.016626	0.007847	-0.021244	-0.010731	-0.056902	-0.010746	-0.017261	0.004214	-0.058559	0.014570	0.014751	0.020180	0.008273	0.008068	0.003287	0.016702	0.015099	0.017694	0.007238	0.002609	0.024734	0.017333	0.025005	0.019128	0.018260	0.020590	0.011710	0.029328	0.013969	-0.024256	0.015911	0.018806	0.024667	0.025717	0.009525	0.015761	0.013079	0.026307	0.016957	-0.016296	-0.016786	-0.065814	-0.037910	-0.004144	0.011524	0.023141	-0.009878	0.005021	0.017524	0.019166	-0.054051	-0.063669	-0.049951	-0.057672	-0.063795	-0.010450	0.010135	-0.056671	-0.057512	-0.039147	-0.023784	0.009208	-0.060456	0.004584	0.010669	-0.017063	0.009889	-0.014967	0.029205	-0.010072	0.013081	0.011617	0.008703	0.010673	-0.056257	-0.013134	-0.062311	-0.061838	0.015683	0.012157	0.003096	0.008494	0.013149	0.014605	0.024579	-0.022761	0.025836	-0.057553	0.016568	-0.072793	-0.063396	0.022253	0.010707	0.015490	-0.051410	-0.003938	-0.012634	-0.062232	0.021005	0.005797	-0.064013	0.002630	-0.011304	-0.009590	0.012082	0.015815	0.001087	0.019524	0.005854	0.021972	0.018019	0.019179	-0.019859	0.012322	0.013052	0.012067	0.022825	0.016852	0.022765	0.015224	0.016527	0.031546	-0.017915	0.003649	0.016335	0.003589	-0.010519	0.006831	0.019050	0.002260	0.006662	-0.071233	0.009751	0.004752	
0.010388	-0.016970	-0.023724	0.022647	0.007799	0.006756	-0.017895	-0.009415	0.026294	-0.021004	0.012348	0.011010	0.001917	0.009954	0.008777	0.025274	0.011940	1.013611	0.020738	0.016307	0.009490	-0.017120	0.005337	0.013947	0.011801	0.010916	-0.041446	-0.053264	0.023042	0.013941	0.005985	-0.025217	-0.017922	0.018989	-0.055968	-0.054098	-0.047549	-0.031871	-0.039470	0.012929	-0.032884	-0.037323	0.022241	-0.024454	-0.036919	0.015280	-0.041822	-0.016101	-0.009426	-0.041499	-0.035035	-0.012418	-0.009667	-0.003482	-0.035684	0.023205	0.023706	0.012930	0.012551	-0.023311	0.015889	-0.056691	0.017648	-0.057280	0.020644	-0.052963	-0.062689	-0.056725	0.018572	0.009671	-0.007286	0.002075	-0.051384	-0.067008	0.017847	-0.014654	-0.035770	-0.004259	0.011332	-0.057913	-0.040422	-0.064970	0.018939	-0.021969	-0.010184	-0.000668	0.021710	0.026478	0.022259	0.009927	0.020978	0.011062	0.012014	-0.000292	-0.011211	-0.020467	-0.056942	-0.017110	-0.020097	0.019648	-0.048924	0.014171	0.027924	0.017848	0.012485	0.018576	0.014690	0.019492	0.014327	0.018127	0.009963	0.016237	0.014726	0.025179	0.014216	0.011992	0.019222	0.004385	0.009279	0.015784	0.014748	-0.026915	0.022316	0.019684	0.026309	0.018747	0.012811	0.007168	0.002228	0.022421	0.006680	-0.019192	-0.018762	-0.049964	-0.037545	-0.022747	0.020803	0.009666	-0.014097	0.018792	0.016363	0.011707	-0.053536	-0.057462	-0.056683	-0.053903	-0.055662	-0.020652	0.009903	-0.056621	-0.055388	-0.041837	-0.029391	0.014463	-0.053404	0.004297	0.011527	-0.015608	0.021601	-0.019922	0.003810	-0.009921	0.014374	0.009451	0.018282	0.011354	-0.060832	-0.004207	-0.058793	-0.055040	0.001722	0.021832	0.024733	0.010636	0.001835	0.015901	0.017299	-0.019591	0.028632	-0.058866	0.028936	-0.048017	-0.044678	0.019236	0.003051	0.009916	-0.052116	-0.026039	-0.009065	-0.050700	0.012523	-0.027514	-0.051565	0.021348	-0.020092	-0.000452	0.015885	0.020621	0.029304	0.031532	0.027554	0.028999	0.031884	0.013783	-0.013481	0.012030	0.004972	0.017961	-0.000264	0.001120	-0.007162	-0.000362	0.022087	0.024836	-0.017662	0.017334	0.023031	0.010700	-0.016186	-0.005635	0.007890	-0.001167	0.020119	-0.047632	0.015938	0.017685	
