0.000000	0.253297	0.253605	0.243893	0.245532	0.240486	0.259677	0.253351	0.241744	0.257449	0.246437	0.244280	0.243945	0.241766	0.240800	0.244077	0.243354	0.245546	0.245583	0.241422	0.238972	0.256214	0.244458	0.247809	0.243922	0.239559	0.252443	0.254367	0.243779	0.242166	0.242112	0.252243	0.254485	0.243172	0.251699	0.249280	0.253169	0.256100	0.254601	0.245073	0.250947	0.253059	0.246812	0.251772	0.255462	0.242328	0.255140	0.252686	0.256290	0.257431	0.251881	0.257223	0.256271	0.258168	0.252190	0.244587	0.244098	0.242058	0.245974	0.253398	0.245392	0.254024	0.242522	0.251699	0.244780	0.251787	0.250488	0.250784	0.241949	0.238830	0.256202	0.243358	0.253329	0.249934	0.242538	0.253032	0.256748	0.254940	0.244500	0.249989	0.256636	0.252153	0.241599	0.257508	0.253770	0.247417	0.242754	0.243012	0.242771	0.246872	0.244139	0.246486	0.240388	0.242530	0.255359	0.253038	0.249461	0.253574	0.254731	0.245245	0.250033	0.244436	0.243441	0.246691	0.242167	0.240246	0.241683	0.243524	0.246708	0.244835	0.241927	0.239550	0.241861	0.245090	0.245514	0.244302	0.244180	0.240149	0.243452	0.244556	0.243780	0.247038	0.242265	0.243490	0.245345	0.241608	0.241355	0.244613	0.245611	0.242239	0.243668	0.255662	0.257108	0.251098	0.257042	0.255160	0.242239	0.244908	0.252949	0.242813	0.241373	0.246455	0.248550	0.249597	0.250764	0.253850	0.250481	0.253215	0.241525	0.251505	0.251991	0.260382	0.255918	0.242916	0.254519	0.241546	0.243325	0.253112	0.241400	0.251791	0.244879	0.254757	0.243768	0.243227	0.243595	0.242398	0.249563	0.257606	0.250055	0.252198	0.244703	0.241076	0.243008	0.245057	0.245209	0.246839	0.247869	0.255870	0.243892	0.251824	0.238584	0.251083	0.251279	0.243783	0.245723	0.239192	0.249197	0.255236	0.252107	0.248887	0.243264	0.244819	0.248074	0.245071	0.255558	0.249241	0.243031	0.245138	0.243206	0.245579	0.243408	0.247588	0.242666	0.243317	0.255594	0.241609	0.243779	0.242384	0.244049	0.244738	0.245216	0.246010	0.243974	0.244594	0.251110	0.235637	0.242132	0.238748	0.255952	0.246609	0.242891	0.248437	0.242608	0.252205	0.246757	0.247312	
0.253297	0.000000	0.226296	0.250711	0.257648	0.256019	0.231357	0.229276	0.247875	0.229837	0.249957	0.254567	0.256258	0.251104	0.249452	0.254174	0.255619	0.254759	0.250627	0.248071	0.253747	0.230842	0.254152	0.253436	0.251854	0.256797	0.263808	0.258943	0.250752	0.250246	0.253231	0.228525	0.253848	0.252505	0.254139	0.259220	0.255349	0.259922	0.259188	0.256174	0.232572	0.258442	0.254389	0.229740	0.258659	0.252631	0.255519	0.231468	0.228606	0.260021	0.258452	0.230951	0.233548	0.234150	0.258347	0.254233	0.256351	0.253311	0.250816	0.228499	0.251038	0.256841	0.253956	0.257528	0.253634	0.258063	0.255799	0.256462	0.247551	0.253373	0.229225	0.253617	0.255792	0.256589	0.252519	0.224504	0.260426	0.230535	0.250514	0.256055	0.262653	0.256389	0.256900	0.232183	0.231207	0.248004	0.251894	0.251859	0.252328	0.257862	0.255431	0.253590	0.253886	0.250967	0.231288	0.230822	0.254198	0.230167	0.230109	0.253362	0.256255	0.255425	0.254260	0.254695	0.250886	0.250463	0.252136	0.249752	0.257387	0.255113	0.249369	0.256443	0.252443	0.255067	0.252847	0.256861	0.253673	0.251749	0.251890	0.257005	0.248928	0.260917	0.255820	0.258590	0.253135	0.252568	0.253746	0.253041	0.256817	0.255275	0.251486	0.231470	0.239763	0.256961	0.263025	0.237539	0.252077	0.255361	0.233342	0.252514	0.257488	0.260048	0.254403	0.257071	0.256869	0.261549	0.253806	0.226466	0.249872	0.257839	0.256561	0.259334	0.261362	0.254570	0.254344	0.251827	0.253100	0.227482	0.255161	0.227489	0.255140	0.232874	0.252475	0.252501	0.252026	0.252934	0.256315	0.235229	0.256334	0.255973	0.251637	0.250481	0.249334	0.253679	0.252183	0.254677	0.253981	0.232776	0.258529	0.255853	0.252809	0.255266	0.254215	0.248766	0.258573	0.251273	0.255914	0.236103	0.228172	0.255785	0.252331	0.256725	0.252762	0.254451	0.225944	0.248746	0.253058	0.247890	0.253215	0.257411	0.252847	0.255214	0.255717	0.253294	0.232301	0.255735	0.254098	0.252496	0.252906	0.253613	0.251626	0.251215	0.252019	0.255012	0.228965	0.251713	0.250184	0.252522	0.233397	0.253254	0.253952	0.242947	0.251383	0.256162	0.256776	0.256242	
0.253605	0.226296	0.000000	0.250101	0.255160	0.253000	0.237375	0.230924	0.248476	0.236282	0.254504	0.254255	0.257023	0.250426	0.254505	0.255824	0.257333	0.255988	0.254966	0.247452	0.252317	0.230843	0.257070	0.252701	0.252599	0.253805	0.262793	0.262548	0.259036	0.254415	0.255475	0.226259	0.257222	0.254836	0.258338	0.258552	0.257473	0.261871	0.257192	0.252276	0.233444	0.264186	0.251939	0.228552	0.261164	0.253984	0.261057	0.227499	0.229661	0.261933	0.256431	0.234065	0.234114	0.232847	0.257610	0.252498	0.254043	0.255221	0.252395	0.232087	0.253596	0.259169	0.256264	0.258057	0.252001	0.257415	0.254766	0.256585	0.253854	0.254792	0.232463	0.252813	0.256594	0.259058	0.255885	0.227156	0.258027	0.232266	0.253577	0.256127	0.262854	0.254431	0.259275	0.232951	0.234476	0.247335	0.257689	0.254263	0.249467	0.256521	0.253096	0.252454	0.251613	0.256368	0.228296	0.230250	0.254937	0.228346	0.234112	0.256963	0.256203	0.257831	0.256638	0.254110	0.250078	0.252109	0.252343	0.254484	0.255149	0.253503	0.252529	0.256139	0.254381	0.253089	0.254411	0.255837	0.252464	0.249365	0.254778	0.254712	0.251460	0.260453	0.256060	0.255924	0.255915	0.251500	0.253954	0.254198	0.258423	0.253647	0.257259	0.232485	0.234946	0.256417	0.262278	0.236344	0.250946	0.256193	0.232963	0.248171	0.256474	0.257114	0.256544	0.255310	0.257984	0.260411	0.259618	0.231182	0.251314	0.259289	0.255343	0.263111	0.261957	0.255652	0.258844	0.252195	0.255580	0.235330	0.252129	0.230669	0.254820	0.231481	0.249122	0.254323	0.256926	0.251805	0.257095	0.235235	0.258385	0.259896	0.253584	0.250000	0.252911	0.261580	0.254542	0.252542	0.253881	0.231540	0.256775	0.257999	0.254554	0.252929	0.255688	0.252299	0.255526	0.254215	0.254256	0.236191	0.233348	0.255544	0.253353	0.254167	0.252256	0.255050	0.231416	0.251795	0.253659	0.252229	0.255973	0.250445	0.258996	0.255614	0.256953	0.251303	0.235634	0.253707	0.256069	0.250382	0.253766	0.254856	0.254181	0.258377	0.252571	0.256839	0.229011	0.254044	0.252578	0.251560	0.232089	0.253081	0.254510	0.245579	0.253005	0.259793	0.257469	0.253665	
0.243893	0.250711	0.250101	0.000000	0.247358	0.243417	0.255294	0.253468	0.242685	0.254579	0.243766	0.244099	0.242664	0.243135	0.241754	0.244972	0.245553	0.242161	0.241275	0.239720	0.238336	0.250390	0.241428	0.244987	0.239996	0.243159	0.260859	0.261186	0.243324	0.238789	0.245465	0.251628	0.253419	0.242906	0.248524	0.253484	0.249820	0.258974	0.257652	0.245574	0.257590	0.259657	0.239526	0.251543	0.258161	0.244583	0.255569	0.256842	0.252371	0.253742	0.254340	0.253804	0.255734	0.255462	0.259466	0.242878	0.242970	0.243098	0.242286	0.254352	0.239512	0.253070	0.242592	0.251757	0.247032	0.252117	0.251098	0.250592	0.241515	0.241767	0.250764	0.241410	0.251221	0.251452	0.245242	0.249402	0.258970	0.251850	0.243871	0.252634	0.259900	0.251469	0.245539	0.252051	0.255623	0.246911	0.245633	0.244470	0.243467	0.244709	0.243589	0.244793	0.243532	0.243179	0.251678	0.251318	0.247768	0.253691	0.255589	0.247808	0.253417	0.242346	0.242413	0.248269	0.242409	0.237826	0.240814	0.244003	0.246102	0.245708	0.239956	0.242341	0.242875	0.239713	0.243574	0.242855	0.243146	0.239258	0.242779	0.247194	0.239831	0.248937	0.241594	0.244942	0.243852	0.241933	0.242914	0.243993	0.242871	0.241208	0.239834	0.249922	0.256687	0.252324	0.260716	0.255972	0.238426	0.239727	0.247915	0.240166	0.243866	0.244822	0.248850	0.247678	0.251928	0.257608	0.251583	0.248112	0.239904	0.249410	0.248236	0.262658	0.253911	0.241347	0.252912	0.244280	0.245778	0.250245	0.244113	0.251795	0.243683	0.251373	0.243991	0.240124	0.242984	0.240211	0.251106	0.254180	0.250565	0.250787	0.239643	0.241151	0.242033	0.243571	0.246107	0.240844	0.242542	0.253359	0.242698	0.250904	0.243330	0.251872	0.250023	0.244709	0.243356	0.241204	0.250037	0.256774	0.255091	0.251563	0.239009	0.243939	0.248204	0.246631	0.253293	0.250295	0.244784	0.241814	0.245192	0.241069	0.242840	0.245632	0.244726	0.239464	0.251639	0.242240	0.242058	0.240728	0.247962	0.245310	0.245699	0.242780	0.238928	0.248176	0.249800	0.243728	0.239457	0.239145	0.250756	0.245997	0.246747	0.247511	0.241095	0.251477	0.246093	0.242793	
0.245532	0.257648	0.255160	0.247358	0.000000	0.246138	0.262823	0.253822	0.243998	0.261676	0.249105	0.249284	0.249014	0.242303	0.246619	0.244786	0.247803	0.248707	0.248488	0.244010	0.243951	0.255932	0.246949	0.244896	0.241082	0.245444	0.261607	0.261545	0.246805	0.244188	0.245853	0.252584	0.259320	0.249567	0.254438	0.256468	0.254296	0.263489	0.257790	0.248176	0.260556	0.261874	0.247580	0.257929	0.260245	0.247663	0.260118	0.256238	0.256397	0.264176	0.260759	0.256693	0.261211	0.260251	0.261372	0.253055	0.247877	0.244723	0.249892	0.260779	0.246752	0.254349	0.246938	0.257221	0.244257	0.257462	0.257541	0.256402	0.246539	0.245334	0.260325	0.247372	0.255336	0.254919	0.250108	0.253866	0.262118	0.252525	0.248726	0.256407	0.262661	0.256543	0.246857	0.257519	0.257348	0.249320	0.244688	0.245278	0.245143	0.249603	0.243336	0.243969	0.244705	0.248003	0.256808	0.256899	0.253795	0.254387	0.254627	0.251711	0.257148	0.249935	0.246644	0.250206	0.246255	0.241729	0.244296	0.247003	0.249924	0.247565	0.247589	0.249772	0.247433	0.248905	0.244221	0.250196	0.241797	0.242250	0.246699	0.246091	0.244729	0.248999	0.248150	0.252405	0.248781	0.245495	0.244023	0.246124	0.247085	0.245124	0.246636	0.258931	0.261822	0.252488	0.262467	0.264624	0.243654	0.245468	0.256529	0.245375	0.248682	0.250845	0.252284	0.253086	0.254952	0.258715	0.254892	0.251457	0.244307	0.255752	0.254356	0.265438	0.260362	0.248577	0.257360	0.248132	0.244105	0.252744	0.247120	0.258053	0.245803	0.258762	0.246674	0.242932	0.246139	0.245364	0.252883	0.260762	0.252408	0.259233	0.244156	0.244649	0.243831	0.246018	0.247349	0.249543	0.248842	0.253464	0.247626	0.257530	0.251208	0.257807	0.250887	0.243877	0.248050	0.244876	0.255311	0.262618	0.260994	0.254720	0.247326	0.249691	0.253771	0.249276	0.258394	0.254157	0.247715	0.245635	0.247615	0.247927	0.246786	0.249393	0.247694	0.245673	0.259526	0.246911	0.245866	0.248644	0.246747	0.247882	0.248258	0.246010	0.243061	0.247322	0.254710	0.246049	0.245092	0.244843	0.259000	0.245903	0.245397	0.249935	0.245358	0.255682	0.248656	0.249307	
0.240486	0.256019	0.253000	0.243417	0.246138	0.000000	0.260180	0.255266	0.243147	0.259266	0.247297	0.245609	0.248034	0.244114	0.247909	0.244547	0.248590	0.245268	0.246070	0.243790	0.241561	0.254886	0.243829	0.247052	0.245210	0.238149	0.260245	0.257041	0.244915	0.243038	0.241634	0.251815	0.254879	0.243957	0.255788	0.255718	0.255543	0.257522	0.258898	0.248814	0.255678	0.257216	0.247781	0.255127	0.261643	0.247192	0.259530	0.254995	0.255691	0.260174	0.254812	0.254484	0.256765	0.256774	0.259544	0.244036	0.246190	0.241352	0.246856	0.255101	0.243755	0.256023	0.243636	0.257708	0.242669	0.255401	0.255030	0.253865	0.242326	0.243237	0.255342	0.245859	0.255184	0.253504	0.244634	0.253745	0.258069	0.253562	0.246328	0.256530	0.259507	0.255347	0.245863	0.256922	0.250586	0.248378	0.247163	0.244794	0.238511	0.245914	0.244012	0.246483	0.242431	0.250792	0.253543	0.253356	0.250963	0.254917	0.253926	0.246709	0.256721	0.243912	0.245148	0.246744	0.245899	0.243898	0.240644	0.245872	0.242865	0.243521	0.243953	0.246805	0.242356	0.242689	0.244996	0.241545	0.242231	0.242184	0.246074	0.244923	0.240282	0.249909	0.247128	0.247342	0.246487	0.242760	0.246370	0.248673	0.245618	0.243999	0.243747	0.254495	0.257850	0.251113	0.259618	0.259951	0.242318	0.246231	0.253862	0.239540	0.246346	0.246538	0.253825	0.253237	0.254258	0.255561	0.254492	0.251363	0.243676	0.255600	0.253484	0.263074	0.258724	0.242070	0.257878	0.245094	0.243507	0.249105	0.247733	0.256348	0.246680	0.254734	0.243161	0.243825	0.248487	0.243715	0.255094	0.255874	0.255227	0.257148	0.246944	0.244521	0.240883	0.243515	0.243949	0.242613	0.248449	0.256399	0.242516	0.256566	0.242669	0.253790	0.254135	0.244615	0.246752	0.240493	0.252226	0.256063	0.254126	0.251284	0.245023	0.245946	0.250926	0.246128	0.259464	0.250769	0.244969	0.246677	0.246914	0.245400	0.244449	0.245720	0.243372	0.243690	0.255540	0.243105	0.245954	0.243831	0.243277	0.245216	0.245653	0.243714	0.247259	0.246326	0.249246	0.242849	0.242131	0.242348	0.253630	0.244154	0.245541	0.249241	0.242970	0.258195	0.248545	0.244042	
0.259677	0.231357	0.237375	0.255294	0.262823	0.260180	0.000000	0.234446	0.256292	0.235633	0.256521	0.257283	0.256994	0.254211	0.258978	0.260021	0.261040	0.263922	0.259256	0.257001	0.256938	0.235200	0.258798	0.258711	0.253072	0.263141	0.263185	0.261501	0.258075	0.257007	0.256920	0.235443	0.257940	0.257741	0.259918	0.262655	0.259975	0.264782	0.263384	0.256358	0.239782	0.260538	0.258644	0.231235	0.261544	0.258177	0.260942	0.233706	0.234010	0.262792	0.262953	0.240530	0.235840	0.239138	0.260554	0.258899	0.255455	0.257599	0.258797	0.236475	0.260462	0.259584	0.257689	0.262470	0.252122	0.260807	0.259099	0.259667	0.255116	0.258436	0.235528	0.256280	0.259246	0.257768	0.256519	0.231105	0.261212	0.230165	0.257350	0.258220	0.264670	0.258745	0.262675	0.232550	0.231085	0.251211	0.260943	0.258637	0.255497	0.262536	0.258674	0.256485	0.258005	0.255579	0.235573	0.235415	0.257133	0.234145	0.235901	0.262753	0.262524	0.259254	0.257917	0.260686	0.253518	0.257857	0.260407	0.265725	0.259816	0.261477	0.254582	0.262262	0.256806	0.255118	0.260864	0.258641	0.258592	0.256560	0.258838	0.260278	0.256789	0.262134	0.257579	0.261146	0.259364	0.255625	0.257015	0.259910	0.257405	0.256759	0.256618	0.237154	0.238244	0.258113	0.265270	0.243249	0.256957	0.260327	0.233399	0.254501	0.257675	0.256893	0.256715	0.261771	0.257180	0.263416	0.260371	0.230370	0.253320	0.262619	0.260919	0.264969	0.266339	0.261768	0.260547	0.259251	0.257448	0.231738	0.261597	0.229899	0.259848	0.233123	0.254987	0.257448	0.257917	0.254606	0.262786	0.233135	0.263417	0.262043	0.259964	0.255729	0.255883	0.262383	0.261006	0.256863	0.258023	0.235007	0.258962	0.262345	0.259348	0.260517	0.259393	0.260510	0.262231	0.255320	0.259496	0.234030	0.234227	0.260348	0.255282	0.261086	0.258163	0.258945	0.235772	0.253815	0.257647	0.254158	0.258755	0.265347	0.262321	0.259405	0.257443	0.256376	0.235793	0.258128	0.257660	0.254544	0.255270	0.257871	0.256763	0.255664	0.256341	0.258221	0.233040	0.255784	0.257159	0.258472	0.232722	0.256473	0.253933	0.245110	0.257135	0.264048	0.261275	0.258593	
0.253351	0.229276	0.230924	0.253468	0.253822	0.255266	0.234446	0.000000	0.249322	0.232058	0.256990	0.257605	0.258021	0.252591	0.254600	0.253021	0.253980	0.257070	0.255303	0.248408	0.251598	0.232461	0.254742	0.256988	0.250419	0.257940	0.262662	0.258542	0.254318	0.251103	0.256694	0.233225	0.255792	0.255474	0.256301	0.258391	0.257814	0.257562	0.260581	0.254444	0.235794	0.258746	0.256135	0.232018	0.261996	0.254225	0.260553	0.240252	0.229034	0.261531	0.260778	0.232098	0.232824	0.232657	0.258472	0.251245	0.253233	0.256628	0.258230	0.235043	0.254121	0.258152	0.256819	0.256781	0.254072	0.259390	0.258059	0.258932	0.254973	0.251910	0.232403	0.258250	0.260700	0.259100	0.251637	0.233126	0.260144	0.227838	0.254812	0.256589	0.259891	0.256447	0.255623	0.233099	0.231076	0.249187	0.258419	0.254700	0.251784	0.256297	0.257582	0.255271	0.251335	0.251882	0.233328	0.231149	0.256156	0.234731	0.234685	0.257670	0.258258	0.252190	0.256274	0.256119	0.257207	0.251457	0.255611	0.260279	0.256167	0.257913	0.252198	0.254773	0.257032	0.254285	0.255027	0.254937	0.253508	0.252522	0.255498	0.258873	0.253064	0.261625	0.254720	0.254509	0.253608	0.256881	0.254922	0.255994	0.253434	0.252018	0.256860	0.229695	0.237662	0.258850	0.264699	0.234954	0.252147	0.258331	0.237374	0.253592	0.256923	0.258152	0.256591	0.258235	0.258870	0.261858	0.257971	0.231664	0.252242	0.258485	0.260744	0.260404	0.260317	0.255423	0.256586	0.250390	0.257704	0.231659	0.254184	0.228255	0.255541	0.233285	0.255030	0.254196	0.257021	0.253908	0.259430	0.231460	0.260273	0.258146	0.253507	0.252688	0.251486	0.257292	0.256952	0.257148	0.256899	0.233791	0.255514	0.258286	0.255348	0.254460	0.255327	0.252668	0.257397	0.253709	0.256641	0.233915	0.233980	0.257810	0.252258	0.253425	0.257292	0.253513	0.230686	0.252052	0.252096	0.252366	0.254718	0.258928	0.255095	0.255805	0.253724	0.255747	0.233772	0.254528	0.257298	0.254916	0.257080	0.255487	0.255780	0.254486	0.254715	0.262569	0.229245	0.250741	0.254456	0.254882	0.233312	0.256929	0.251481	0.246009	0.255014	0.257153	0.257802	0.255874	
0.241744	0.247875	0.248476	0.242685	0.243998	0.243147	0.256292	0.249322	0.000000	0.254201	0.244589	0.242014	0.244407	0.242220	0.244901	0.243147	0.242130	0.236426	0.237348	0.239717	0.239888	0.251171	0.240866	0.243295	0.243147	0.242424	0.259435	0.254441	0.240932	0.242275	0.244453	0.250011	0.251986	0.244233	0.250184	0.248587	0.249620	0.252616	0.255460	0.242955	0.254076	0.255132	0.240624	0.250642	0.254841	0.243372	0.252789	0.253868	0.251715	0.253553	0.253615	0.252262	0.251751	0.250912	0.252423	0.239900	0.240679	0.242921	0.243224	0.251590	0.244881	0.251616	0.241406	0.250792	0.240810	0.251781	0.252278	0.249978	0.240351	0.244230	0.250224	0.239076	0.249596	0.249716	0.242088	0.249968	0.255952	0.252273	0.241037	0.249751	0.255376	0.250174	0.244509	0.253280	0.248869	0.243735	0.242180	0.242031	0.243346	0.246427	0.241264	0.244666	0.243797	0.244109	0.251083	0.251627	0.249323	0.251608	0.255962	0.241179	0.252483	0.242488	0.242888	0.245378	0.239083	0.244132	0.242590	0.249023	0.243624	0.242559	0.240080	0.241534	0.242719	0.243647	0.242450	0.242546	0.244235	0.238329	0.245692	0.244013	0.238012	0.246837	0.243459	0.245574	0.240706	0.240464	0.242100	0.243266	0.245009	0.237668	0.240670	0.255587	0.251337	0.249683	0.258392	0.253334	0.240343	0.242219	0.249441	0.238357	0.244034	0.242181	0.249631	0.251270	0.250098	0.254487	0.251362	0.247087	0.243093	0.249158	0.247417	0.257331	0.254152	0.238456	0.250816	0.241902	0.241202	0.248960	0.245597	0.253792	0.244867	0.254441	0.240687	0.243435	0.245604	0.242520	0.251753	0.253174	0.249151	0.251354	0.241816	0.241250	0.236512	0.243137	0.243806	0.241966	0.244306	0.251838	0.245481	0.250305	0.243141	0.253902	0.250399	0.240455	0.242497	0.239324	0.249694	0.256359	0.250974	0.248903	0.237514	0.248138	0.249364	0.241693	0.248887	0.251151	0.241033	0.242043	0.241001	0.244445	0.241419	0.245531	0.241588	0.242574	0.251846	0.246747	0.244315	0.238980	0.243634	0.242198	0.242188	0.244859	0.241444	0.242050	0.248089	0.238806	0.241957	0.240418	0.253759	0.242948	0.242457	0.246844	0.243457	0.249448	0.244263	0.244689	
0.257449	0.229837	0.236282	0.254579	0.261676	0.259266	0.235633	0.232058	0.254201	0.000000	0.257340	0.256914	0.262855	0.254961	0.258684	0.257899	0.258560	0.264146	0.258545	0.256499	0.255966	0.235221	0.260543	0.260862	0.253187	0.260153	0.263156	0.264070	0.257875	0.255938	0.259785	0.231468	0.261611	0.258632	0.256481	0.260273	0.255925	0.262551	0.261611	0.260037	0.238619	0.262531	0.258012	0.236920	0.262037	0.261115	0.262299	0.235777	0.236740	0.265086	0.258665	0.236147	0.237257	0.237036	0.260618	0.255789	0.257528	0.255959	0.256353	0.237239	0.259150	0.254705	0.257534	0.260239	0.256945	0.257593	0.256265	0.257765	0.255198	0.260163	0.232564	0.260281	0.257303	0.259633	0.257109	0.234279	0.263804	0.232399	0.257041	0.260333	0.263119	0.255427	0.259036	0.234519	0.234595	0.253270	0.259679	0.259213	0.255697	0.257667	0.258657	0.261437	0.256592	0.257351	0.236160	0.231420	0.257134	0.234177	0.234918	0.257709	0.259238	0.257735	0.260700	0.257853	0.259271	0.257010	0.253726	0.261855	0.259346	0.262065	0.256000	0.259905	0.253059	0.259283	0.258895	0.257334	0.255382	0.254279	0.255592	0.257290	0.254710	0.259168	0.258372	0.262195	0.252861	0.259069	0.257531	0.259405	0.257335	0.257126	0.258040	0.232781	0.236051	0.259019	0.265783	0.246584	0.255548	0.257962	0.237377	0.257382	0.255648	0.259270	0.254941	0.255874	0.257696	0.260898	0.257836	0.230027	0.258179	0.259279	0.258714	0.264034	0.261841	0.258898	0.259589	0.257684	0.257772	0.232722	0.263216	0.230164	0.258901	0.231634	0.256457	0.259439	0.262163	0.257022	0.257634	0.234700	0.257842	0.257863	0.258916	0.258578	0.258910	0.262781	0.257545	0.258890	0.257534	0.234157	0.257522	0.254622	0.255271	0.259920	0.256362	0.258024	0.261087	0.255650	0.254054	0.234984	0.232975	0.258140	0.260810	0.259688	0.256912	0.258627	0.232672	0.252296	0.257284	0.253211	0.258825	0.257484	0.260426	0.258698	0.261425	0.254004	0.230789	0.261207	0.258991	0.254566	0.260244	0.258466	0.261624	0.255410	0.256216	0.261123	0.232728	0.256282	0.256077	0.258484	0.234488	0.258984	0.258073	0.246698	0.254270	0.258371	0.259593	0.257547	
0.246437	0.249957	0.254504	0.243766	0.249105	0.247297	0.256521	0.256990	0.244589	0.257340	0.000000	0.246286	0.245869	0.241556	0.241155	0.247182	0.245130	0.248273	0.245738	0.241369	0.238208	0.257629	0.247339	0.243392	0.244019	0.244856	0.257684	0.256684	0.243327	0.244817	0.245545	0.252303	0.256143	0.241834	0.250764	0.254670	0.249105	0.260850	0.255914	0.243548	0.258219	0.257985	0.243533	0.254340	0.258322	0.243438	0.256733	0.257221	0.253800	0.256173	0.257132	0.255360	0.257306	0.256683	0.255316	0.249075	0.245588	0.245508	0.245797	0.252270	0.242345	0.249275	0.243694	0.251681	0.247818	0.252730	0.252846	0.250730	0.247224	0.244012	0.253791	0.243674	0.250933	0.249196	0.248266	0.254444	0.256031	0.256928	0.246254	0.252040	0.261587	0.248674	0.248116	0.258102	0.256581	0.252717	0.245617	0.243470	0.236156	0.246015	0.241932	0.244047	0.241857	0.243946	0.252351	0.254508	0.246386	0.256723	0.259323	0.243632	0.249879	0.244738	0.245522	0.244604	0.243318	0.242275	0.243861	0.248784	0.248925	0.244689	0.240108	0.243251	0.244708	0.244520	0.245298	0.247079	0.242217	0.242275	0.243111	0.246376	0.243025	0.247847	0.245720	0.247672	0.238936	0.242555	0.245425	0.243966	0.243674	0.244403	0.242032	0.256180	0.262516	0.247369	0.261083	0.258980	0.244762	0.244317	0.252955	0.240592	0.246124	0.244271	0.246993	0.248765	0.249803	0.254689	0.249923	0.250657	0.239022	0.249075	0.248530	0.262009	0.258189	0.242751	0.252068	0.241823	0.245188	0.250788	0.244871	0.251891	0.245766	0.255435	0.242423	0.247257	0.247927	0.244611	0.251172	0.257142	0.250974	0.251788	0.240622	0.241948	0.243496	0.247522	0.247576	0.246357	0.245495	0.254508	0.245648	0.250887	0.241346	0.249426	0.248974	0.243139	0.243026	0.241435	0.249515	0.262930	0.259229	0.249019	0.242923	0.248517	0.247242	0.243844	0.255440	0.251443	0.246409	0.242560	0.240892	0.248748	0.239976	0.245923	0.243124	0.239257	0.255917	0.244713	0.243367	0.242724	0.244251	0.246900	0.245700	0.245471	0.245826	0.245859	0.248444	0.240129	0.245838	0.236718	0.253802	0.243907	0.245997	0.250172	0.242743	0.251216	0.244725	0.244045	
0.244280	0.254567	0.254255	0.244099	0.249284	0.245609	0.257283	0.257605	0.242014	0.256914	0.246286	0.000000	0.245258	0.242138	0.246609	0.248039	0.246534	0.245738	0.243356	0.242666	0.239051	0.255304	0.247954	0.245482	0.244286	0.242830	0.260293	0.258289	0.245167	0.241397	0.246049	0.251211	0.256179	0.241357	0.254068	0.255807	0.252183	0.261875	0.257628	0.246743	0.261601	0.258919	0.245050	0.254534	0.256614	0.243962	0.257721	0.252934	0.257247	0.257773	0.254245	0.258220	0.256426	0.256805	0.256437	0.243426	0.247378	0.245425	0.244105	0.260316	0.247451	0.254614	0.247382	0.256544	0.244112	0.254853	0.253235	0.252836	0.245826	0.244931	0.258109	0.246731	0.254507	0.253920	0.243105	0.254594	0.260962	0.257238	0.247395	0.255179	0.260779	0.253510	0.249719	0.259724	0.256817	0.249525	0.247425	0.244304	0.244296	0.248820	0.246066	0.243531	0.243019	0.245421	0.255507	0.252231	0.252533	0.254752	0.256650	0.246885	0.254394	0.246551	0.248176	0.247481	0.247037	0.245054	0.247732	0.247591	0.248764	0.243295	0.240805	0.247397	0.245966	0.245937	0.249335	0.248324	0.246405	0.239925	0.245961	0.243943	0.242614	0.255846	0.244198	0.242901	0.245402	0.243716	0.247533	0.244530	0.244933	0.243880	0.247869	0.257732	0.258676	0.254688	0.261809	0.263703	0.243500	0.243580	0.259927	0.240563	0.247941	0.246792	0.249051	0.252559	0.255539	0.258718	0.254039	0.253514	0.241115	0.254389	0.251926	0.261284	0.255730	0.244087	0.256602	0.243433	0.243292	0.257122	0.246980	0.259279	0.248327	0.255237	0.248812	0.244528	0.246204	0.245265	0.254689	0.257321	0.254829	0.257233	0.244049	0.247222	0.246373	0.245953	0.244640	0.247945	0.246891	0.256759	0.245507	0.253149	0.243692	0.251405	0.250933	0.245140	0.246800	0.245281	0.251120	0.258314	0.254603	0.253678	0.243957	0.246840	0.251214	0.245866	0.258601	0.251957	0.249293	0.243783	0.247290	0.244306	0.242036	0.245496	0.249004	0.239015	0.261873	0.246382	0.246868	0.244624	0.244750	0.245646	0.246136	0.244192	0.245688	0.251100	0.253588	0.243629	0.244897	0.245604	0.257600	0.243453	0.243955	0.252036	0.243543	0.254417	0.246271	0.243480	
0.243945	0.256258	0.257023	0.242664	0.249014	0.248034	0.256994	0.258021	0.244407	0.262855	0.245869	0.245258	0.000000	0.247960	0.247599	0.248069	0.249085	0.250669	0.249017	0.246387	0.241039	0.254956	0.250011	0.250111	0.241370	0.245187	0.263458	0.261588	0.244051	0.242834	0.252929	0.254720	0.257341	0.246351	0.256629	0.255341	0.255950	0.256979	0.260470	0.243058	0.257090	0.259155	0.246894	0.255014	0.259945	0.247708	0.259121	0.256849	0.255872	0.261910	0.258724	0.256818	0.258570	0.253003	0.259082	0.244580	0.247232	0.246226	0.246521	0.260642	0.243554	0.254720	0.243455	0.255123	0.246068	0.255422	0.255169	0.253293	0.243259	0.244340	0.254635	0.248689	0.253316	0.255333	0.248724	0.255999	0.262678	0.253520	0.244048	0.252579	0.262490	0.257813	0.248293	0.262476	0.258113	0.247647	0.253632	0.245456	0.244724	0.247746	0.248491	0.246981	0.241370	0.243876	0.254808	0.253560	0.251741	0.253221	0.258733	0.250782	0.255858	0.246702	0.243756	0.248031	0.250540	0.243381	0.246047	0.252134	0.252175	0.249475	0.241008	0.247781	0.246129	0.244326	0.248125	0.247808	0.247500	0.244834	0.249598	0.247968	0.248089	0.251979	0.249173	0.252150	0.245459	0.244142	0.244495	0.247267	0.245134	0.244914	0.250055	0.256583	0.258116	0.254329	0.264666	0.258025	0.246901	0.246544	0.257342	0.242836	0.243435	0.249007	0.250618	0.253401	0.255562	0.258337	0.256198	0.249248	0.242814	0.252827	0.253491	0.264772	0.264018	0.249779	0.254554	0.249433	0.246564	0.251951	0.248919	0.254839	0.246593	0.257226	0.244579	0.250674	0.251285	0.251874	0.255831	0.260524	0.254638	0.254785	0.245646	0.245244	0.246684	0.249800	0.245954	0.247509	0.247254	0.254875	0.247115	0.255491	0.244760	0.254012	0.250538	0.246034	0.245893	0.247171	0.252174	0.260343	0.259405	0.253922	0.247593	0.245188	0.253832	0.245270	0.258730	0.251562	0.245513	0.248474	0.242238	0.252244	0.244668	0.244693	0.245920	0.244594	0.259361	0.245436	0.246383	0.240941	0.246380	0.246473	0.248722	0.246303	0.245124	0.249362	0.253736	0.244893	0.249098	0.243069	0.258850	0.246960	0.246569	0.251279	0.243956	0.255772	0.249689	0.248897	
0.241766	0.251104	0.250426	0.243135	0.242303	0.244114	0.254211	0.252591	0.242220	0.254961	0.241556	0.242138	0.247960	0.000000	0.241929	0.247610	0.246503	0.242766	0.244399	0.242644	0.243105	0.249967	0.245209	0.244113	0.242916	0.241372	0.260080	0.258524	0.245586	0.239743	0.241329	0.250354	0.252987	0.241732	0.251407	0.251565	0.252378	0.259892	0.256996	0.243292	0.253602	0.255757	0.240609	0.249890	0.258894	0.240747	0.258574	0.254371	0.252251	0.259624	0.255640	0.253287	0.256156	0.250665	0.254785	0.247010	0.240816	0.242117	0.244667	0.255161	0.244335	0.250888	0.240449	0.256614	0.242717	0.254368	0.251578	0.254236	0.242198	0.243491	0.253512	0.242347	0.252737	0.251900	0.243177	0.252019	0.259163	0.246774	0.247648	0.252578	0.260989	0.253241	0.244031	0.252012	0.253997	0.244684	0.248738	0.242883	0.240297	0.246753	0.239188	0.246434	0.242963	0.245699	0.251213	0.252160	0.253318	0.255177	0.253794	0.240794	0.252410	0.240868	0.244800	0.245850	0.242157	0.242777	0.241978	0.245388	0.243125	0.247877	0.241258	0.240798	0.241702	0.239241	0.241953	0.244492	0.244603	0.238866	0.242067	0.240721	0.240780	0.248790	0.243931	0.245776	0.241565	0.241093	0.244764	0.242327	0.244983	0.243925	0.240005	0.252041	0.256079	0.251778	0.258891	0.258983	0.242044	0.244893	0.251172	0.243434	0.241302	0.244721	0.247675	0.248648	0.253331	0.251789	0.248845	0.246442	0.241615	0.254050	0.252209	0.260626	0.256820	0.243441	0.254642	0.241977	0.245483	0.248621	0.244815	0.254527	0.244851	0.252613	0.238458	0.241752	0.243563	0.244346	0.254232	0.255465	0.254714	0.251472	0.242378	0.237580	0.243806	0.244047	0.244778	0.247786	0.242682	0.253682	0.242554	0.251456	0.245022	0.252940	0.247951	0.241272	0.245134	0.241227	0.250948	0.256305	0.251434	0.251490	0.241315	0.240106	0.247744	0.241298	0.253001	0.249921	0.240250	0.240301	0.245508	0.240613	0.244332	0.243130	0.243883	0.239968	0.252569	0.244484	0.241667	0.240246	0.242115	0.241941	0.243466	0.243781	0.244972	0.244010	0.251799	0.239904	0.244314	0.239516	0.252945	0.243700	0.242986	0.249276	0.241000	0.251891	0.243441	0.241358	
0.240800	0.249452	0.254505	0.241754	0.246619	0.247909	0.258978	0.254600	0.244901	0.258684	0.241155	0.246609	0.247599	0.241929	0.000000	0.242807	0.247182	0.249341	0.244430	0.243892	0.242432	0.258178	0.246925	0.248672	0.244410	0.243595	0.257824	0.257546	0.247964	0.246324	0.247419	0.256099	0.255448	0.244951	0.250967	0.250599	0.252151	0.255930	0.255125	0.242601	0.258797	0.258914	0.244852	0.256985	0.257906	0.247332	0.257331	0.258729	0.256220	0.256086	0.255033	0.257018	0.257792	0.256920	0.256203	0.244635	0.246153	0.239078	0.246104	0.254998	0.246311	0.250404	0.248005	0.250440	0.242805	0.254337	0.253221	0.253082	0.246363	0.246658	0.260481	0.244901	0.251278	0.254117	0.246091	0.254324	0.257237	0.254295	0.244178	0.252172	0.259783	0.250491	0.248764	0.254964	0.253120	0.243644	0.248525	0.245460	0.239336	0.247530	0.243218	0.245552	0.247473	0.247025	0.251427	0.252395	0.248140	0.253639	0.259466	0.252283	0.251495	0.241714	0.250332	0.246742	0.247948	0.245222	0.247105	0.246170	0.246792	0.248505	0.244443	0.242044	0.249145	0.246365	0.245376	0.246183	0.246196	0.242229	0.241245	0.241907	0.241111	0.249955	0.242730	0.247565	0.242325	0.243855	0.249946	0.247221	0.248323	0.247401	0.243428	0.257548	0.260117	0.251927	0.259304	0.262135	0.247672	0.247284	0.256687	0.244435	0.245573	0.247339	0.249587	0.251869	0.253404	0.255861	0.252150	0.251459	0.242498	0.253572	0.249858	0.262070	0.255848	0.244176	0.250512	0.245817	0.243738	0.250881	0.247182	0.258278	0.250639	0.255942	0.245667	0.245247	0.244068	0.245697	0.251046	0.255212	0.249858	0.252365	0.240847	0.243360	0.242864	0.251088	0.246510	0.246214	0.245442	0.258925	0.246908	0.250577	0.245075	0.251885	0.249590	0.244936	0.249743	0.244491	0.248376	0.258979	0.259283	0.250200	0.243920	0.247023	0.253566	0.247087	0.257492	0.252687	0.248521	0.244698	0.248513	0.244373	0.247278	0.248298	0.247672	0.243108	0.256938	0.249446	0.244165	0.242227	0.245583	0.247827	0.244792	0.240944	0.244913	0.247969	0.251527	0.245450	0.243883	0.245942	0.258251	0.245264	0.246765	0.245846	0.246238	0.253743	0.247748	0.248109	
0.244077	0.254174	0.255824	0.244972	0.244786	0.244547	0.260021	0.253021	0.243147	0.257899	0.247182	0.248039	0.248069	0.247610	0.242807	0.000000	0.244817	0.245213	0.243542	0.244290	0.243530	0.251994	0.243284	0.249809	0.239390	0.240795	0.258191	0.256289	0.244375	0.246379	0.248175	0.254541	0.254872	0.246583	0.252873	0.253352	0.253724	0.259550	0.260639	0.246956	0.256694	0.257714	0.245015	0.256603	0.259264	0.246385	0.256764	0.252760	0.255234	0.263856	0.259211	0.254181	0.255932	0.253163	0.254543	0.240903	0.239902	0.243601	0.242798	0.253665	0.243746	0.254181	0.243313	0.256926	0.245191	0.252595	0.253384	0.252627	0.244282	0.244784	0.252116	0.245401	0.252824	0.252181	0.246804	0.250720	0.258165	0.253145	0.247284	0.250871	0.259261	0.252767	0.246980	0.255469	0.250085	0.246414	0.244726	0.241449	0.243674	0.243617	0.242706	0.248269	0.242127	0.244377	0.251978	0.255058	0.253453	0.256963	0.256735	0.244821	0.252399	0.241354	0.248408	0.246847	0.242228	0.240986	0.242995	0.249948	0.244479	0.244847	0.242254	0.242423	0.244453	0.243033	0.243797	0.245026	0.245057	0.241568	0.244869	0.246339	0.241682	0.250988	0.246036	0.246805	0.242547	0.246610	0.247761	0.242957	0.241878	0.244190	0.241693	0.252851	0.259714	0.250673	0.265556	0.259070	0.243926	0.245361	0.252956	0.240007	0.245498	0.244571	0.251659	0.250969	0.252790	0.258287	0.253156	0.248682	0.242063	0.253777	0.253687	0.263067	0.261091	0.243424	0.255371	0.243411	0.243016	0.254011	0.244310	0.251971	0.245657	0.255198	0.245052	0.244484	0.244459	0.244941	0.253087	0.256806	0.252397	0.255730	0.246733	0.242345	0.242963	0.247652	0.244977	0.245027	0.245695	0.255898	0.245978	0.254996	0.243060	0.255224	0.251296	0.245780	0.244342	0.242978	0.252227	0.253807	0.255904	0.253649	0.243579	0.247418	0.252327	0.241470	0.258786	0.251925	0.247440	0.241720	0.243835	0.246571	0.243523	0.244174	0.247980	0.240741	0.253673	0.245476	0.244768	0.244275	0.243219	0.244151	0.242874	0.245812	0.246499	0.243780	0.252770	0.240955	0.243418	0.244296	0.256302	0.242240	0.243281	0.245822	0.242482	0.256172	0.246679	0.245851	
0.243354	0.255619	0.257333	0.245553	0.247803	0.248590	0.261040	0.253980	0.242130	0.258560	0.245130	0.246534	0.249085	0.246503	0.247182	0.244817	0.000000	0.247159	0.248002	0.244417	0.244073	0.257525	0.246652	0.250821	0.242255	0.242206	0.260235	0.264463	0.245468	0.244525	0.248764	0.257582	0.258380	0.246769	0.253774	0.257918	0.253992	0.260546	0.259734	0.246653	0.257970	0.259980	0.245832	0.257434	0.261616	0.241639	0.260556	0.260108	0.258368	0.262982	0.260566	0.254275	0.260909	0.258587	0.258995	0.246141	0.246904	0.245465	0.248774	0.258898	0.244648	0.253974	0.245434	0.256907	0.247711	0.257044	0.255435	0.256652	0.243172	0.246863	0.257912	0.244902	0.257481	0.254230	0.246205	0.253925	0.258781	0.256052	0.246239	0.256723	0.263247	0.254387	0.246373	0.257828	0.258637	0.248877	0.253277	0.247551	0.244836	0.247401	0.245880	0.245281	0.245426	0.251637	0.254968	0.257949	0.251875	0.251355	0.260477	0.247251	0.255606	0.245481	0.246366	0.245508	0.244795	0.243273	0.243809	0.245115	0.247348	0.245384	0.244628	0.247764	0.243842	0.245500	0.243866	0.246197	0.245227	0.242363	0.243160	0.244826	0.243855	0.248510	0.244444	0.245172	0.245987	0.241848	0.246495	0.247609	0.247985	0.242752	0.243079	0.257033	0.262934	0.254145	0.265322	0.264568	0.245086	0.247094	0.256005	0.246870	0.245113	0.245853	0.252252	0.255510	0.255456	0.259476	0.254127	0.249883	0.246494	0.253773	0.254921	0.265371	0.261893	0.244406	0.256818	0.246822	0.248715	0.256586	0.249235	0.256620	0.244895	0.258478	0.246111	0.245448	0.247004	0.245268	0.254471	0.255441	0.256052	0.256979	0.246228	0.245077	0.248742	0.249818	0.246621	0.248857	0.247640	0.260668	0.244056	0.254837	0.245499	0.257503	0.253336	0.244448	0.246061	0.244196	0.253799	0.260408	0.256127	0.256066	0.246715	0.248158	0.254492	0.246377	0.261612	0.255049	0.248585	0.240644	0.248765	0.243658	0.245809	0.249553	0.247385	0.245827	0.261386	0.246333	0.245093	0.245073	0.243793	0.246192	0.245804	0.246679	0.247496	0.246077	0.258018	0.243696	0.243472	0.248675	0.257908	0.245494	0.243726	0.249947	0.247490	0.255181	0.247488	0.247076	
0.245546	0.254759	0.255988	0.242161	0.248707	0.245268	0.263922	0.257070	0.236426	0.264146	0.248273	0.245738	0.250669	0.242766	0.249341	0.245213	0.247159	0.000000	0.244199	0.243594	0.242345	0.256763	0.243286	0.244580	0.241886	0.243706	0.262380	0.263591	0.243999	0.240612	0.250637	0.256250	0.255171	0.244823	0.252968	0.254553	0.247185	0.258249	0.257936	0.244972	0.260706	0.260486	0.242393	0.258738	0.259941	0.249053	0.256669	0.259629	0.258972	0.258942	0.257802	0.261218	0.258042	0.253462	0.259380	0.242898	0.244744	0.245377	0.242869	0.258771	0.243662	0.254894	0.241394	0.254382	0.244221	0.253866	0.252767	0.252052	0.247128	0.244898	0.255621	0.244643	0.253172	0.253311	0.249410	0.255858	0.263843	0.254978	0.245694	0.254094	0.260600	0.252936	0.249227	0.259371	0.255744	0.250913	0.248850	0.243717	0.243800	0.245970	0.241100	0.246955	0.247992	0.248334	0.255301	0.255010	0.251693	0.259520	0.257961	0.247727	0.254456	0.245987	0.242202	0.247106	0.246933	0.242443	0.243029	0.246941	0.248254	0.247185	0.241238	0.245619	0.242892	0.244885	0.244221	0.246766	0.245181	0.245127	0.243016	0.248715	0.242956	0.249932	0.248731	0.245587	0.242777	0.242374	0.246408	0.245770	0.248342	0.244355	0.246204	0.258648	0.263758	0.250508	0.263292	0.261707	0.243001	0.247952	0.259378	0.240689	0.248960	0.247210	0.248652	0.251085	0.253750	0.256491	0.251089	0.251644	0.244328	0.250386	0.249384	0.261371	0.259429	0.239723	0.254863	0.246675	0.246333	0.254818	0.242984	0.256276	0.248713	0.259093	0.244536	0.245682	0.244210	0.243849	0.253725	0.254389	0.252274	0.254014	0.246171	0.241329	0.246228	0.244186	0.246439	0.247264	0.246932	0.257273	0.248383	0.252207	0.244344	0.252870	0.249832	0.245835	0.243728	0.241755	0.250712	0.258358	0.254248	0.250817	0.248778	0.249298	0.249447	0.243562	0.258488	0.249923	0.242421	0.241142	0.245562	0.246016	0.244815	0.240728	0.246372	0.243976	0.256959	0.247080	0.246180	0.241735	0.243131	0.250727	0.244437	0.247880	0.245544	0.246254	0.256811	0.245425	0.243294	0.244104	0.256176	0.242099	0.247082	0.246116	0.244070	0.250881	0.243884	0.246059	
0.245583	0.250627	0.254966	0.241275	0.248488	0.246070	0.259256	0.255303	0.237348	0.258545	0.245738	0.243356	0.249017	0.244399	0.244430	0.243542	0.248002	0.244199	0.000000	0.241850	0.241472	0.253459	0.242300	0.246375	0.243078	0.243358	0.262473	0.259770	0.245155	0.243106	0.251511	0.258126	0.255358	0.245870	0.257213	0.256270	0.255614	0.260281	0.259487	0.243711	0.256093	0.258525	0.244468	0.254748	0.258652	0.243218	0.256677	0.256601	0.257712	0.261699	0.258156	0.261592	0.258935	0.255761	0.258679	0.244413	0.244358	0.240563	0.245629	0.255962	0.246423	0.256130	0.243722	0.257627	0.244694	0.254483	0.255101	0.254198	0.240100	0.246875	0.258848	0.242827	0.254753	0.254425	0.248790	0.251476	0.259810	0.253620	0.243509	0.256204	0.263040	0.255429	0.248669	0.259548	0.258383	0.249302	0.245289	0.245114	0.242277	0.248212	0.242227	0.244891	0.247854	0.245212	0.254686	0.258895	0.251788	0.257309	0.258932	0.244043	0.257403	0.243398	0.247822	0.248937	0.241908	0.241153	0.245938	0.246711	0.248719	0.243808	0.243447	0.245609	0.245483	0.242828	0.244854	0.245052	0.246694	0.242248	0.243577	0.248574	0.245149	0.247918	0.247258	0.247707	0.247143	0.242727	0.248272	0.244178	0.246967	0.245652	0.248482	0.254911	0.265072	0.256768	0.263709	0.254403	0.247235	0.244529	0.258637	0.241823	0.243153	0.246253	0.251826	0.253738	0.256060	0.257675	0.255986	0.254533	0.241644	0.255560	0.251797	0.267486	0.261567	0.246161	0.258282	0.243384	0.246596	0.256539	0.243522	0.256235	0.246602	0.254057	0.242448	0.245257	0.246975	0.245279	0.255788	0.259204	0.257363	0.259119	0.246222	0.240367	0.245103	0.246126	0.246156	0.245381	0.245106	0.258114	0.245644	0.253984	0.245126	0.255758	0.251508	0.241996	0.245909	0.242963	0.253329	0.259939	0.261334	0.255424	0.240123	0.248838	0.254435	0.247221	0.257126	0.251312	0.244833	0.245859	0.247659	0.244308	0.246252	0.248165	0.246909	0.244468	0.259951	0.244128	0.244814	0.242148	0.242953	0.248004	0.245720	0.246445	0.240835	0.246819	0.255845	0.243334	0.243749	0.240976	0.254999	0.246053	0.244020	0.251158	0.244588	0.258218	0.248843	0.246559	
