0.000000	0.253943	0.256061	0.248214	0.250449	0.247328	0.263505	0.258014	0.241664	0.258729	0.247287	0.248357	0.246215	0.246287	0.244223	0.245273	0.249125	0.248770	0.243035	0.245897	0.242487	0.258505	0.244564	0.252713	0.243194	0.244480	0.258061	0.260761	0.246250	0.241831	0.245050	0.254454	0.256321	0.248533	0.253487	0.254968	0.257934	0.260435	0.261974	0.244037	0.258591	0.260412	0.245125	0.256504	0.259224	0.244638	0.257275	0.257787	0.258626	0.260874	0.261228	0.258617	0.259751	0.258361	0.259014	0.243782	0.246130	0.245333	0.243922	0.254720	0.248467	0.256191	0.239996	0.258202	0.244252	0.256752	0.255764	0.252564	0.240445	0.246841	0.258796	0.246604	0.254927	0.256692	0.248360	0.256262	0.257313	0.259340	0.250014	0.254288	0.260960	0.258410	0.246245	0.256623	0.254114	0.248823	0.251432	0.246337	0.245393	0.251530	0.242575	0.246569	0.247235	0.250639	0.256093	0.254586	0.252497	0.257122	0.255665	0.243328	0.254414	0.244056	0.249208	0.245800	0.248219	0.243747	0.248442	0.245474	0.248471	0.243894	0.243490	0.239197	0.250284	0.249301	0.243802	0.242641	0.246124	0.245671	0.244470	0.248005	0.245586	0.252639	0.244758	0.242596	0.245670	0.241680	0.245724	0.247809	0.247703	0.248108	0.248276	0.256023	0.256591	0.256074	0.257994	0.269583	0.243291	0.243062	0.259875	0.243599	0.247711	0.247784	0.251448	0.257581	0.253644	0.257428	0.256755	0.257811	0.245207	0.254035	0.255488	0.262165	0.261376	0.244217	0.257434	0.242826	0.245874	0.258794	0.250426	0.255726	0.246933	0.254442	0.244874	0.247160	0.244993	0.244902	0.256159	0.255726	0.258769	0.255461	0.243622	0.243550	0.247669	0.246481	0.243768	0.244599	0.248735	0.253936	0.249321	0.258359	0.249167	0.260005	0.254392	0.246700	0.251044	0.238354	0.257022	0.259818	0.255269	0.254047	0.245973	0.254642	0.255453	0.245906	0.257369	0.254035	0.245679	0.246530	0.245285	0.246308	0.249772	0.252999	0.248802	0.245419	0.251822	0.243165	0.244280	0.246325	0.246115	0.245720	0.241605	0.249399	0.243893	0.251986	0.253945	0.243255	0.248860	0.245183	0.257681	0.244938	0.248188	0.244732	0.242469	0.255849	0.253293	0.247038	
0.253943	0.000000	0.226637	0.250042	0.253286	0.254464	0.231805	0.227983	0.247590	0.231861	0.247345	0.258053	0.253115	0.255931	0.251187	0.252655	0.252425	0.257091	0.252360	0.252384	0.255810	0.230909	0.251577	0.255715	0.249515	0.254096	0.256911	0.261525	0.254164	0.251234	0.256267	0.230561	0.256207	0.256149	0.250894	0.257860	0.254501	0.257594	0.260003	0.252595	0.233215	0.263202	0.253664	0.227157	0.258907	0.252865	0.258494	0.236140	0.227704	0.256334	0.259776	0.227589	0.230709	0.232961	0.258887	0.249449	0.254491	0.248758	0.254363	0.229718	0.253482	0.253722	0.253005	0.258282	0.249929	0.256249	0.256571	0.252165	0.249459	0.252829	0.225109	0.252669	0.253183	0.255028	0.249812	0.228501	0.260891	0.231688	0.253472	0.252478	0.260365	0.254764	0.256267	0.232211	0.230245	0.246498	0.257158	0.252499	0.251819	0.257633	0.252176	0.251084	0.253043	0.250933	0.228070	0.226755	0.253231	0.232752	0.231762	0.251495	0.256684	0.257509	0.252877	0.253290	0.253918	0.255241	0.254177	0.253107	0.253732	0.256329	0.251964	0.252741	0.254372	0.257372	0.252581	0.250733	0.247401	0.251111	0.250292	0.254908	0.254651	0.258449	0.255318	0.255706	0.249422	0.256387	0.252093	0.257012	0.260878	0.255961	0.249929	0.226534	0.234813	0.254590	0.260231	0.236461	0.255279	0.253328	0.231736	0.249673	0.255881	0.253810	0.252336	0.254880	0.253310	0.254002	0.253518	0.229139	0.247788	0.257715	0.252273	0.257168	0.259375	0.254751	0.253240	0.250157	0.256820	0.232246	0.253808	0.230533	0.252688	0.233974	0.254668	0.253546	0.252908	0.252484	0.254512	0.234676	0.255468	0.253212	0.252556	0.251105	0.253630	0.252756	0.253788	0.248095	0.258600	0.230774	0.259401	0.256581	0.251749	0.257052	0.253792	0.253258	0.262681	0.254498	0.255490	0.236681	0.232347	0.253834	0.253200	0.265033	0.255015	0.251103	0.230781	0.252493	0.254190	0.251960	0.254905	0.257737	0.251231	0.266061	0.254723	0.250988	0.234229	0.253067	0.254038	0.252926	0.251928	0.253439	0.252671	0.250873	0.252410	0.254850	0.225501	0.251579	0.253325	0.258987	0.234816	0.255618	0.253869	0.238921	0.251176	0.258941	0.255579	0.252594	
0.256061	0.226637	0.000000	0.251111	0.259811	0.256409	0.234562	0.227253	0.250966	0.233188	0.253163	0.254485	0.260898	0.257171	0.251795	0.254383	0.258848	0.259422	0.256310	0.253156	0.254339	0.234749	0.257121	0.254836	0.252784	0.251057	0.255254	0.263101	0.258050	0.254284	0.255221	0.228733	0.252840	0.254870	0.258804	0.259927	0.259898	0.259565	0.257385	0.255009	0.235481	0.262487	0.252704	0.231349	0.257715	0.254247	0.258121	0.232609	0.233902	0.257492	0.256601	0.236908	0.234314	0.234064	0.257225	0.250748	0.257286	0.251767	0.253595	0.233220	0.254482	0.258569	0.256120	0.259826	0.249419	0.261150	0.262462	0.258540	0.259504	0.252945	0.227354	0.254717	0.259032	0.259109	0.253563	0.234247	0.258475	0.231721	0.253408	0.258488	0.259880	0.258770	0.258260	0.233711	0.228005	0.245371	0.263598	0.258508	0.253856	0.256499	0.249764	0.255773	0.251111	0.256413	0.228131	0.231555	0.256558	0.235592	0.233401	0.252958	0.259831	0.259790	0.255275	0.253607	0.257359	0.251845	0.251490	0.252306	0.255478	0.256186	0.251121	0.254850	0.255587	0.254555	0.253463	0.256715	0.254798	0.251931	0.252978	0.253089	0.256426	0.269536	0.253286	0.254450	0.253985	0.254060	0.255101	0.259504	0.259585	0.256827	0.251312	0.231336	0.237748	0.259717	0.261478	0.247896	0.252462	0.254173	0.232395	0.253033	0.254722	0.258146	0.256963	0.255570	0.256565	0.259061	0.257113	0.232370	0.248829	0.258336	0.257585	0.261955	0.261474	0.255324	0.259950	0.253047	0.253498	0.238510	0.257228	0.230918	0.257421	0.227920	0.252820	0.254070	0.250877	0.248606	0.258351	0.229325	0.260090	0.257366	0.256298	0.255129	0.255252	0.258069	0.253360	0.248137	0.255887	0.239054	0.258093	0.259778	0.256449	0.262250	0.261672	0.255792	0.263318	0.251139	0.258869	0.236881	0.232702	0.261128	0.259287	0.267193	0.257830	0.254349	0.226882	0.251664	0.254514	0.249550	0.252807	0.252225	0.261685	0.264623	0.253651	0.251096	0.233211	0.252070	0.256374	0.257130	0.251096	0.253728	0.255809	0.257326	0.254337	0.260057	0.227908	0.251339	0.254137	0.253615	0.236831	0.254394	0.256730	0.241971	0.251641	0.262419	0.257049	0.257229	
0.248214	0.250042	0.251111	0.000000	0.244896	0.245805	0.256520	0.256039	0.244684	0.256459	0.239772	0.245438	0.246557	0.244064	0.244295	0.244307	0.249305	0.243426	0.243250	0.244194	0.239602	0.256621	0.240402	0.248812	0.244225	0.243052	0.257694	0.257577	0.244521	0.242892	0.250547	0.249745	0.258256	0.245512	0.254328	0.255754	0.251842	0.261041	0.258642	0.245727	0.253774	0.263505	0.248365	0.254639	0.259609	0.247636	0.257774	0.259378	0.254496	0.255619	0.258727	0.256146	0.252852	0.250900	0.264150	0.242113	0.243288	0.241779	0.245981	0.256699	0.241636	0.255739	0.243747	0.253230	0.241608	0.254328	0.256712	0.251083	0.246488	0.244447	0.255266	0.248114	0.252668	0.252709	0.248276	0.252551	0.260895	0.257345	0.245411	0.252788	0.262265	0.250131	0.248168	0.255019	0.254637	0.252688	0.245075	0.249834	0.245192	0.245498	0.243360	0.248713	0.248150	0.242489	0.251319	0.257291	0.251402	0.254786	0.255776	0.246514	0.258440	0.242137	0.243816	0.243805	0.246244	0.243025	0.245845	0.246787	0.249063	0.247781	0.240679	0.241194	0.242696	0.245172	0.241890	0.245645	0.242545	0.242852	0.242885	0.242581	0.244974	0.241673	0.248693	0.248608	0.246532	0.245261	0.243703	0.245476	0.245722	0.244059	0.243446	0.252068	0.257832	0.257120	0.257843	0.266127	0.246298	0.239130	0.258928	0.240659	0.243929	0.243538	0.252176	0.252306	0.251230	0.258596	0.253249	0.250815	0.245371	0.252712	0.252670	0.261898	0.258930	0.244770	0.254408	0.244194	0.247196	0.255090	0.248509	0.255141	0.247766	0.251709	0.244344	0.243550	0.245968	0.243216	0.253755	0.252018	0.254755	0.250143	0.243490	0.241651	0.241990	0.243418	0.248285	0.244376	0.243923	0.256384	0.247045	0.256696	0.249493	0.253240	0.253725	0.244260	0.248509	0.241802	0.251006	0.259994	0.256035	0.254385	0.247005	0.249007	0.256864	0.246656	0.256310	0.256281	0.247578	0.239591	0.245646	0.244905	0.249297	0.256572	0.252325	0.243825	0.251379	0.240657	0.244077	0.243582	0.248612	0.243086	0.244464	0.242813	0.244772	0.255857	0.252444	0.244575	0.245670	0.247901	0.256007	0.254496	0.250111	0.244614	0.240267	0.255690	0.247807	0.246705	
0.250449	0.253286	0.259811	0.244896	0.000000	0.246985	0.262220	0.255047	0.247633	0.262922	0.244341	0.247450	0.249520	0.246038	0.246899	0.241974	0.248551	0.250092	0.245923	0.243428	0.243706	0.259200	0.242973	0.245316	0.241177	0.245427	0.260682	0.262582	0.246680	0.244887	0.248122	0.255281	0.254734	0.250732	0.253786	0.255473	0.253332	0.260368	0.257464	0.245858	0.262691	0.262499	0.249024	0.257544	0.259255	0.244137	0.259735	0.255915	0.256319	0.259451	0.259578	0.254874	0.261199	0.258472	0.266481	0.247937	0.247854	0.244720	0.245988	0.256962	0.245585	0.253905	0.243821	0.258443	0.246706	0.259136	0.260167	0.255320	0.245624	0.244269	0.255497	0.247899	0.256537	0.255833	0.245339	0.258890	0.259518	0.261421	0.250315	0.250919	0.264739	0.256034	0.249219	0.257892	0.257118	0.249573	0.248397	0.247926	0.241319	0.246521	0.243805	0.245691	0.245982	0.250016	0.258298	0.253025	0.258503	0.255550	0.258067	0.244814	0.258232	0.249539	0.244031	0.246984	0.245509	0.244056	0.243535	0.250768	0.244261	0.247458	0.242180	0.246887	0.246375	0.246285	0.244612	0.247918	0.243569	0.242407	0.246175	0.245967	0.247339	0.275908	0.245808	0.247463	0.246630	0.248826	0.245856	0.247813	0.250501	0.247043	0.245968	0.255964	0.260818	0.255725	0.259363	0.270164	0.248334	0.243600	0.259946	0.247986	0.249641	0.243323	0.252170	0.255185	0.255069	0.254275	0.252336	0.254600	0.241428	0.254347	0.255921	0.263802	0.259391	0.248209	0.257046	0.246632	0.245567	0.255095	0.249823	0.256267	0.249912	0.254620	0.246458	0.250667	0.249132	0.248504	0.254584	0.256742	0.255765	0.255928	0.244634	0.245433	0.246525	0.246905	0.247560	0.246146	0.247253	0.256337	0.250347	0.256618	0.250596	0.263475	0.253185	0.246519	0.246951	0.243573	0.255824	0.264336	0.258562	0.256391	0.249061	0.254300	0.256226	0.245889	0.263425	0.247775	0.247314	0.243547	0.248329	0.250403	0.249834	0.259141	0.250240	0.248551	0.257150	0.244369	0.249006	0.246688	0.249300	0.247467	0.247064	0.242361	0.243013	0.246277	0.253707	0.245088	0.248054	0.246911	0.261031	0.248681	0.247788	0.247424	0.244757	0.255530	0.251524	0.249544	
0.247328	0.254464	0.256409	0.245805	0.246985	0.000000	0.257885	0.260051	0.244677	0.261652	0.248509	0.246607	0.251112	0.242252	0.249147	0.250866	0.246804	0.250866	0.242980	0.245518	0.247140	0.255325	0.246045	0.252279	0.240254	0.240928	0.257155	0.256599	0.246025	0.244645	0.248196	0.252066	0.256441	0.250560	0.255545	0.254689	0.254311	0.259035	0.260047	0.250562	0.259186	0.260535	0.247383	0.256963	0.260031	0.248866	0.257752	0.261196	0.254455	0.256187	0.257970	0.257077	0.255027	0.256361	0.259654	0.243048	0.247932	0.247775	0.248240	0.253600	0.244806	0.253853	0.248189	0.255562	0.242766	0.255739	0.256414	0.253506	0.242668	0.242718	0.254697	0.250918	0.254024	0.252953	0.240540	0.254824	0.257081	0.255952	0.251343	0.253858	0.259309	0.255067	0.248994	0.258750	0.255920	0.252390	0.248414	0.250433	0.238967	0.250573	0.239598	0.243258	0.246372	0.248115	0.254961	0.257124	0.254250	0.253032	0.254968	0.246749	0.255141	0.247696	0.246002	0.247367	0.251233	0.249029	0.245220	0.245484	0.247907	0.246890	0.242409	0.238570	0.246590	0.246189	0.249471	0.242815	0.250222	0.243009	0.244940	0.244557	0.245191	0.250993	0.248942	0.245907	0.246117	0.244011	0.246490	0.252127	0.253755	0.244124	0.245170	0.255022	0.259293	0.253094	0.256592	0.274289	0.244623	0.247108	0.255961	0.243696	0.244583	0.245942	0.253355	0.255050	0.254628	0.253813	0.253474	0.252090	0.243632	0.250750	0.256066	0.258962	0.256611	0.244920	0.254320	0.245454	0.243797	0.257379	0.246838	0.255564	0.245854	0.252093	0.245902	0.248913	0.246145	0.243639	0.252343	0.257941	0.255203	0.254831	0.243474	0.246859	0.245511	0.249592	0.243134	0.243949	0.245700	0.259575	0.243888	0.258142	0.251783	0.259729	0.253251	0.249561	0.248166	0.240843	0.254393	0.260248	0.260131	0.252721	0.247240	0.256289	0.256922	0.249268	0.256080	0.249447	0.248838	0.244819	0.246992	0.248201	0.246932	0.255053	0.243878	0.242429	0.254606	0.242886	0.243026	0.246493	0.243435	0.246464	0.241546	0.245216	0.245104	0.249416	0.251186	0.243541	0.246713	0.245173	0.257470	0.246007	0.244391	0.247174	0.246184	0.257701	0.249181	0.244954	
0.263505	0.231805	0.234562	0.256520	0.262220	0.257885	0.000000	0.233727	0.259601	0.235640	0.258503	0.260262	0.264663	0.258456	0.258803	0.262532	0.263653	0.262961	0.261616	0.256812	0.264463	0.241307	0.258404	0.256093	0.258233	0.257691	0.260362	0.267556	0.262424	0.258695	0.261978	0.235613	0.259753	0.260740	0.260886	0.261838	0.259961	0.266748	0.264745	0.255797	0.241897	0.264866	0.260918	0.237694	0.267219	0.259547	0.261675	0.237385	0.239706	0.264494	0.264133	0.238034	0.237960	0.235509	0.264602	0.255339	0.259243	0.261839	0.261036	0.233198	0.261620	0.263111	0.259676	0.261728	0.256804	0.265171	0.265941	0.259452	0.257311	0.255856	0.234031	0.262487	0.261979	0.261632	0.256601	0.236652	0.265038	0.236578	0.258992	0.259624	0.265535	0.261612	0.264190	0.234997	0.232827	0.252527	0.264786	0.262179	0.258184	0.263044	0.260449	0.259083	0.259297	0.259369	0.235537	0.238152	0.262851	0.234548	0.238391	0.263353	0.268204	0.260242	0.259401	0.262632	0.259121	0.255957	0.262025	0.265131	0.261612	0.263786	0.257205	0.258470	0.258339	0.262049	0.260909	0.257050	0.258194	0.256596	0.261262	0.261281	0.261085	0.260339	0.260749	0.260791	0.259872	0.260230	0.259765	0.259232	0.263853	0.261583	0.250212	0.239230	0.238659	0.261937	0.262783	0.240169	0.261212	0.258260	0.235358	0.257991	0.260077	0.260719	0.259014	0.264134	0.258335	0.261255	0.259482	0.236571	0.257679	0.263062	0.264740	0.263618	0.266852	0.257025	0.262508	0.256265	0.259993	0.235459	0.265677	0.233578	0.261303	0.232367	0.256311	0.260938	0.256229	0.259671	0.263505	0.235417	0.267760	0.261169	0.261094	0.258078	0.262634	0.260796	0.261833	0.257180	0.259301	0.233725	0.268317	0.262933	0.260855	0.265578	0.262870	0.260328	0.264541	0.258133	0.259874	0.233156	0.233195	0.261230	0.261717	0.263360	0.263143	0.256195	0.238674	0.254866	0.256642	0.252670	0.262456	0.264461	0.260025	0.270161	0.261020	0.260856	0.235610	0.255511	0.259507	0.257067	0.257126	0.259498	0.256390	0.254562	0.257527	0.263859	0.233793	0.257731	0.264391	0.260365	0.232342	0.258383	0.255939	0.245388	0.254159	0.266499	0.263508	0.261432	
0.258014	0.227983	0.227253	0.256039	0.255047	0.260051	0.233727	0.000000	0.254697	0.232763	0.255418	0.256521	0.257486	0.255866	0.254480	0.253417	0.257108	0.255278	0.257018	0.253136	0.251869	0.232516	0.252684	0.258150	0.246819	0.251321	0.258556	0.259559	0.260191	0.254004	0.254828	0.230296	0.254237	0.256643	0.256744	0.255431	0.256555	0.258010	0.257913	0.255643	0.233332	0.264011	0.256625	0.231699	0.256791	0.252770	0.255595	0.235910	0.234033	0.256309	0.260180	0.231928	0.232603	0.232121	0.256914	0.250179	0.257398	0.251390	0.260950	0.232312	0.253580	0.257636	0.255121	0.258882	0.251343	0.259602	0.260075	0.254923	0.255077	0.249084	0.226122	0.256008	0.258553	0.261004	0.252387	0.234275	0.259401	0.228395	0.257634	0.258030	0.262417	0.256391	0.255622	0.231938	0.230647	0.249463	0.276275	0.253759	0.250095	0.258218	0.253286	0.256085	0.249287	0.250062	0.230205	0.232012	0.255057	0.235243	0.231165	0.254584	0.258783	0.257442	0.256260	0.255518	0.258605	0.251522	0.259988	0.260255	0.255519	0.257970	0.253505	0.253927	0.252594	0.256288	0.255279	0.251832	0.253095	0.249975	0.253298	0.257060	0.254106	0.257387	0.254896	0.254884	0.252077	0.254376	0.252493	0.252815	0.256075	0.256012	0.252775	0.227355	0.235249	0.258077	0.259586	0.245293	0.256554	0.253599	0.236303	0.254086	0.257083	0.253091	0.252979	0.257154	0.256167	0.261104	0.252851	0.234504	0.254340	0.255856	0.257731	0.259964	0.260623	0.255889	0.258665	0.250408	0.256570	0.230325	0.260598	0.228874	0.254644	0.228284	0.257051	0.254798	0.254613	0.257636	0.258836	0.226998	0.260635	0.257805	0.255540	0.251254	0.256728	0.253605	0.256409	0.252388	0.257330	0.236113	0.256941	0.258422	0.258874	0.255959	0.258201	0.258358	0.259125	0.252450	0.258817	0.235809	0.234850	0.256583	0.256923	0.256580	0.257073	0.249630	0.230871	0.255018	0.249849	0.251552	0.257773	0.255804	0.256016	0.265915	0.252730	0.254512	0.233461	0.252025	0.256797	0.251582	0.253118	0.252307	0.252918	0.254826	0.252435	0.259556	0.229797	0.255223	0.256697	0.255059	0.237762	0.257705	0.253821	0.241986	0.251729	0.258860	0.256277	0.253174	
0.241664	0.247590	0.250966	0.244684	0.247633	0.244677	0.259601	0.254697	0.000000	0.254752	0.243970	0.246055	0.249232	0.246143	0.245520	0.245290	0.244947	0.242652	0.241928	0.244318	0.245627	0.249799	0.243276	0.247504	0.245440	0.243788	0.254765	0.253431	0.244503	0.240043	0.248491	0.249988	0.253630	0.244134	0.249701	0.252916	0.251949	0.253967	0.255552	0.244769	0.254818	0.254726	0.243024	0.252678	0.254200	0.242469	0.253319	0.256211	0.254802	0.253569	0.255589	0.252162	0.257774	0.255041	0.254545	0.242091	0.243788	0.246388	0.244816	0.255759	0.243853	0.251792	0.241581	0.254792	0.239024	0.252796	0.253057	0.249310	0.243614	0.244243	0.250501	0.243300	0.248788	0.251142	0.243601	0.252603	0.254490	0.254274	0.244674	0.250048	0.259049	0.249435	0.243984	0.254560	0.251827	0.246677	0.249352	0.247114	0.240860	0.248128	0.239412	0.243743	0.243914	0.244427	0.250613	0.249857	0.249618	0.253960	0.256291	0.243672	0.250863	0.243232	0.242386	0.246904	0.245196	0.245507	0.244504	0.247392	0.242716	0.242621	0.243390	0.243693	0.244974	0.243445	0.249008	0.243657	0.240112	0.244717	0.246712	0.243254	0.242895	0.249182	0.242165	0.244969	0.241754	0.244824	0.248076	0.248311	0.255729	0.242700	0.237462	0.253781	0.254568	0.251838	0.255216	0.271418	0.243674	0.243735	0.253066	0.241340	0.246499	0.242330	0.249557	0.254143	0.252137	0.253228	0.250554	0.249446	0.241060	0.251791	0.253369	0.257705	0.255119	0.243176	0.254126	0.242631	0.244813	0.254445	0.249277	0.252094	0.246286	0.256374	0.243468	0.244477	0.244818	0.243519	0.251478	0.253509	0.252351	0.253281	0.246415	0.244630	0.242972	0.241689	0.245101	0.239209	0.244627	0.254345	0.247531	0.250276	0.248801	0.255817	0.252629	0.245656	0.246661	0.240218	0.250579	0.258514	0.251558	0.251826	0.244464	0.248928	0.252723	0.244551	0.254776	0.250496	0.240349	0.245293	0.241167	0.244483	0.241469	0.259505	0.242033	0.245199	0.256718	0.243849	0.247112	0.243068	0.242386	0.243765	0.240406	0.245458	0.241507	0.246489	0.250012	0.244483	0.246238	0.243116	0.258075	0.247298	0.242508	0.246623	0.244465	0.254523	0.249506	0.243812	
0.258729	0.231861	0.233188	0.256459	0.262922	0.261652	0.235640	0.232763	0.254752	0.000000	0.255997	0.257047	0.261000	0.256920	0.258261	0.262770	0.258947	0.262752	0.260240	0.257117	0.255061	0.235132	0.260087	0.260966	0.252496	0.255668	0.263161	0.266586	0.262620	0.254808	0.261748	0.230244	0.257764	0.256944	0.257787	0.261774	0.259891	0.262453	0.265007	0.260262	0.239568	0.263789	0.258238	0.237648	0.264151	0.262399	0.261168	0.235582	0.237895	0.259458	0.260643	0.236674	0.242368	0.236685	0.259804	0.252854	0.256597	0.256397	0.252480	0.233937	0.255358	0.257183	0.260142	0.261776	0.253932	0.262623	0.262001	0.257978	0.255016	0.258835	0.233847	0.262732	0.256583	0.257853	0.255801	0.236815	0.260593	0.234548	0.255437	0.256630	0.264294	0.257487	0.259310	0.234227	0.233542	0.252040	0.275196	0.257506	0.257124	0.262470	0.257400	0.260202	0.254944	0.259535	0.235484	0.233101	0.261500	0.238252	0.237191	0.257740	0.261077	0.260172	0.262219	0.255965	0.260854	0.254265	0.256115	0.265610	0.258051	0.260445	0.255553	0.257532	0.256936	0.262760	0.260594	0.260286	0.251726	0.255725	0.255163	0.258390	0.259528	0.262014	0.257441	0.260482	0.251836	0.259545	0.254392	0.258734	0.267222	0.254980	0.251170	0.233242	0.235063	0.259831	0.262832	0.247655	0.257881	0.258507	0.241130	0.252528	0.258114	0.254968	0.257224	0.259472	0.257900	0.261885	0.255188	0.233340	0.257856	0.258231	0.259795	0.265903	0.262559	0.258496	0.258248	0.255371	0.256392	0.235530	0.259782	0.230719	0.256440	0.234315	0.258219	0.259049	0.257718	0.257449	0.258431	0.232040	0.258290	0.260623	0.255653	0.255505	0.259258	0.259763	0.257608	0.253590	0.252612	0.234353	0.262251	0.258993	0.257927	0.263699	0.259259	0.255991	0.261848	0.253658	0.259999	0.241248	0.232549	0.259127	0.266362	0.264689	0.259500	0.258120	0.233004	0.256957	0.258271	0.251394	0.259320	0.255780	0.261215	0.265959	0.262561	0.252682	0.232329	0.253977	0.258996	0.254896	0.257763	0.255638	0.256590	0.253179	0.253829	0.259399	0.233812	0.259919	0.259781	0.259733	0.241228	0.258300	0.254793	0.241991	0.252621	0.264722	0.258090	0.260466	
0.247287	0.247345	0.253163	0.239772	0.244341	0.248509	0.258503	0.255418	0.243970	0.255997	0.000000	0.246394	0.243211	0.243212	0.240890	0.246585	0.244952	0.246969	0.244851	0.243034	0.244423	0.255698	0.244907	0.248778	0.237921	0.243453	0.255355	0.256072	0.243561	0.243027	0.247421	0.248918	0.252018	0.244237	0.252507	0.254141	0.247841	0.254161	0.254872	0.243832	0.254648	0.259519	0.242214	0.250975	0.259015	0.241535	0.253321	0.252922	0.252797	0.254027	0.257065	0.250330	0.255733	0.254706	0.255877	0.243825	0.248033	0.243300	0.246407	0.251725	0.242150	0.247981	0.242259	0.255882	0.241682	0.254039	0.252853	0.247933	0.241729	0.245114	0.251252	0.245228	0.252183	0.252133	0.242479	0.253747	0.255065	0.258478	0.249198	0.251895	0.256184	0.250434	0.246029	0.257246	0.252038	0.248732	0.251317	0.245758	0.241400	0.243075	0.239742	0.243144	0.242595	0.242962	0.253114	0.252460	0.253776	0.253121	0.253175	0.242721	0.249174	0.245662	0.240927	0.247605	0.243196	0.242244	0.242748	0.252960	0.246314	0.243877	0.238028	0.243416	0.243956	0.245719	0.245395	0.241915	0.244565	0.245165	0.247800	0.248432	0.244220	0.251832	0.243880	0.246565	0.240397	0.241530	0.246393	0.243782	0.249043	0.246233	0.238402	0.256141	0.257492	0.253763	0.255771	0.273548	0.244195	0.243482	0.256953	0.245487	0.249024	0.243195	0.248763	0.249875	0.251994	0.254071	0.248192	0.249054	0.239135	0.251312	0.249685	0.258941	0.255460	0.242552	0.255667	0.244018	0.245052	0.256393	0.248676	0.253496	0.248693	0.254522	0.242449	0.250605	0.245780	0.249866	0.252286	0.251628	0.250541	0.250461	0.240969	0.241324	0.243120	0.246728	0.243898	0.244701	0.243854	0.254347	0.245104	0.251988	0.242537	0.256473	0.250817	0.243239	0.243492	0.244359	0.249369	0.260994	0.254977	0.250751	0.243351	0.242917	0.253117	0.242608	0.255254	0.249264	0.243467	0.242455	0.239690	0.249419	0.242120	0.256332	0.246740	0.238691	0.257320	0.241182	0.243179	0.241927	0.243223	0.243574	0.245851	0.244629	0.241627	0.241739	0.252087	0.246894	0.247198	0.242366	0.251043	0.245100	0.242822	0.246235	0.244022	0.252977	0.245155	0.244371	
0.248357	0.258053	0.254485	0.245438	0.247450	0.246607	0.260262	0.256521	0.246055	0.257047	0.246394	0.000000	0.246865	0.243718	0.247678	0.246061	0.247756	0.248273	0.245242	0.242779	0.247260	0.256537	0.248045	0.245156	0.241843	0.241376	0.257890	0.259015	0.244796	0.245079	0.250952	0.255506	0.254304	0.246378	0.256049	0.255878	0.251547	0.257296	0.259164	0.243804	0.258208	0.258068	0.245591	0.254447	0.259474	0.243923	0.255552	0.253382	0.258620	0.256928	0.255836	0.256980	0.253762	0.254169	0.258492	0.243645	0.248255	0.243491	0.243963	0.259542	0.245628	0.257659	0.243650	0.258586	0.242357	0.257286	0.258735	0.252297	0.243839	0.242511	0.257296	0.245347	0.258007	0.254887	0.242001	0.255668	0.258016	0.256650	0.247240	0.255234	0.259778	0.258243	0.248898	0.258055	0.254075	0.248302	0.261803	0.244085	0.242734	0.246318	0.245395	0.243728	0.242457	0.248240	0.253079	0.255427	0.257821	0.254714	0.257594	0.244176	0.256003	0.249287	0.246192	0.244850	0.248923	0.244902	0.244833	0.240339	0.246419	0.245703	0.241597	0.243145	0.246473	0.246084	0.247815	0.244193	0.246473	0.246766	0.246236	0.245017	0.242006	0.261249	0.245186	0.244496	0.241647	0.246225	0.246419	0.246861	0.249324	0.245464	0.244460	0.253927	0.259121	0.253571	0.255330	0.261120	0.247115	0.244436	0.261721	0.241153	0.249439	0.244195	0.251020	0.255500	0.255614	0.256209	0.253463	0.253757	0.243970	0.254365	0.254889	0.259337	0.255665	0.243013	0.252830	0.243434	0.246799	0.256581	0.248232	0.258907	0.243871	0.253071	0.245527	0.245859	0.242926	0.245012	0.253874	0.252323	0.254034	0.254956	0.243068	0.245416	0.245164	0.248417	0.244271	0.245791	0.242333	0.255692	0.246717	0.258063	0.245200	0.257728	0.255973	0.244952	0.246353	0.241272	0.257392	0.255085	0.253658	0.258016	0.248981	0.253313	0.256047	0.243521	0.261046	0.251560	0.245242	0.243186	0.246463	0.249650	0.243018	0.258922	0.252999	0.235724	0.257869	0.244720	0.243703	0.246671	0.245346	0.244378	0.243037	0.241626	0.244002	0.254402	0.253607	0.246337	0.249869	0.246745	0.263110	0.246373	0.242901	0.247454	0.245200	0.258543	0.247030	0.246277	
0.246215	0.253115	0.260898	0.246557	0.249520	0.251112	0.264663	0.257486	0.249232	0.261000	0.243211	0.246865	0.000000	0.252137	0.247594	0.245888	0.251969	0.253876	0.252111	0.248329	0.241535	0.258023	0.247107	0.250598	0.244527	0.248446	0.259251	0.265543	0.246795	0.241685	0.250948	0.258045	0.261004	0.248191	0.254999	0.260673	0.254792	0.262808	0.263392	0.248420	0.256409	0.269577	0.251781	0.260237	0.262949	0.246493	0.259386	0.261246	0.258165	0.261651	0.263408	0.257562	0.258896	0.256652	0.261686	0.243376	0.248598	0.247494	0.244029	0.260565	0.246053	0.255730	0.247046	0.258140	0.245466	0.256725	0.255822	0.250611	0.244324	0.245289	0.258153	0.250673	0.250928	0.253777	0.247229	0.261042	0.262523	0.256642	0.251769	0.252094	0.263798	0.258690	0.249947	0.259183	0.258247	0.251683	0.264627	0.250237	0.247314	0.250563	0.243986	0.248817	0.246603	0.246527	0.259196	0.258272	0.254110	0.257235	0.258553	0.249829	0.257384	0.252598	0.246005	0.252229	0.253194	0.248040	0.249919	0.249578	0.251384	0.251321	0.246791	0.246075	0.247318	0.248122	0.251735	0.247742	0.247833	0.251816	0.247048	0.251656	0.249721	0.256428	0.252682	0.250793	0.247505	0.250484	0.245760	0.250342	0.259240	0.248050	0.248194	0.258016	0.259373	0.257314	0.262702	0.265999	0.250304	0.245394	0.260526	0.245612	0.247872	0.248519	0.254019	0.254193	0.255406	0.257730	0.252830	0.258847	0.238838	0.253855	0.257681	0.264744	0.264322	0.247195	0.257708	0.245580	0.250421	0.259621	0.247314	0.258077	0.250250	0.259084	0.247863	0.253578	0.251304	0.252281	0.254351	0.258419	0.255419	0.253082	0.245357	0.242634	0.248482	0.248473	0.249126	0.246630	0.250066	0.256882	0.249763	0.254673	0.245287	0.251582	0.255291	0.251667	0.250079	0.246820	0.252636	0.262962	0.259669	0.254399	0.253057	0.251057	0.259360	0.247945	0.263233	0.255783	0.238141	0.245261	0.242076	0.252488	0.246037	0.248118	0.249378	0.244601	0.260520	0.245134	0.249802	0.244774	0.249894	0.249501	0.248080	0.243419	0.243924	0.255581	0.255109	0.251918	0.251773	0.246647	0.257443	0.245895	0.250185	0.249023	0.248087	0.255417	0.254786	0.246806	
0.246287	0.255931	0.257171	0.244064	0.246038	0.242252	0.258456	0.255866	0.246143	0.256920	0.243212	0.243718	0.252137	0.000000	0.243044	0.245515	0.247381	0.246954	0.242735	0.244492	0.246896	0.257068	0.245355	0.249829	0.247624	0.245093	0.258159	0.258144	0.244509	0.240690	0.249218	0.254374	0.257546	0.243090	0.248479	0.248910	0.252140	0.256012	0.255516	0.241572	0.257415	0.256145	0.241987	0.254118	0.252513	0.243262	0.255715	0.256682	0.256317	0.257011	0.254968	0.253153	0.257920	0.256644	0.253149	0.245371	0.243484	0.244613	0.243868	0.256490	0.246586	0.253311	0.242538	0.254295	0.244852	0.253042	0.257140	0.252503	0.244307	0.241549	0.255088	0.247244	0.251703	0.250626	0.240869	0.255947	0.259231	0.253395	0.247631	0.251279	0.259966	0.254880	0.246978	0.255672	0.253063	0.245255	0.265633	0.246309	0.241215	0.247600	0.237495	0.249013	0.244746	0.245076	0.254140	0.252625	0.255590	0.256806	0.256117	0.244095	0.255359	0.242278	0.246068	0.244210	0.250794	0.240810	0.249000	0.241791	0.245025	0.244963	0.246917	0.240183	0.244659	0.245992	0.243183	0.243358	0.243805	0.241810	0.241881	0.245415	0.248241	0.243386	0.245918	0.243147	0.243111	0.240805	0.248467	0.243504	0.245062	0.243020	0.239666	0.257066	0.254928	0.254792	0.256536	0.264953	0.247080	0.243752	0.253145	0.239180	0.245700	0.243686	0.249528	0.249380	0.251009	0.249946	0.249364	0.250225	0.245664	0.250817	0.249498	0.255944	0.255118	0.245196	0.252147	0.239103	0.245773	0.254854	0.247564	0.259078	0.247335	0.255245	0.243998	0.243246	0.243490	0.243354	0.249510	0.257520	0.251711	0.254008	0.242221	0.242017	0.242678	0.244735	0.241327	0.243229	0.247461	0.253201	0.248552	0.249771	0.243977	0.259226	0.253140	0.240589	0.245960	0.244908	0.251431	0.257965	0.256181	0.250000	0.247292	0.246427	0.249641	0.241495	0.253885	0.248607	0.240729	0.245900	0.245969	0.245891	0.242680	0.246739	0.245973	0.242946	0.251088	0.245102	0.242861	0.242004	0.241385	0.242246	0.237741	0.242269	0.244942	0.244733	0.253366	0.241990	0.248365	0.239236	0.257131	0.244711	0.244830	0.246753	0.241700	0.251619	0.246130	0.244658	
0.244223	0.251187	0.251795	0.244295	0.246899	0.249147	0.258803	0.254480	0.245520	0.258261	0.240890	0.247678	0.247594	0.243044	0.000000	0.246277	0.244807	0.249708	0.246813	0.240326	0.243393	0.255666	0.240739	0.244185	0.245219	0.243515	0.257648	0.254520	0.248322	0.241428	0.247557	0.256207	0.253277	0.246457	0.253000	0.251765	0.251826	0.257208	0.258822	0.242648	0.256138	0.258773	0.246764	0.259231	0.260876	0.243043	0.253019	0.257082	0.256895	0.252745	0.253820	0.256168	0.257871	0.255578	0.256803	0.247521	0.245164	0.239401	0.248910	0.253639	0.248460	0.253699	0.242571	0.255781	0.244124	0.254586	0.255686	0.251546	0.247266	0.241812	0.256744	0.243639	0.254919	0.250573	0.245903	0.256119	0.253495	0.254188	0.247799	0.253999	0.257341	0.253141	0.249498	0.259291	0.250503	0.242940	0.260260	0.248462	0.242345	0.251580	0.240166	0.248887	0.249254	0.248593	0.252569	0.250937	0.255635	0.254996	0.256272	0.247679	0.255266	0.243952	0.249205	0.246073	0.249194	0.244861	0.249199	0.249102	0.245006	0.246928	0.243348	0.240721	0.247284	0.248208	0.245331	0.244260	0.246435	0.246491	0.243915	0.242721	0.247753	0.241946	0.242487	0.248339	0.243506	0.245206	0.247837	0.248931	0.251086	0.246643	0.242271	0.252790	0.258970	0.257057	0.251691	0.271665	0.246008	0.244457	0.255809	0.239698	0.246112	0.246356	0.250998	0.252803	0.255553	0.253532	0.252311	0.251731	0.241081	0.253295	0.252950	0.257187	0.255407	0.245246	0.252941	0.245131	0.243599	0.256216	0.247413	0.257708	0.245603	0.253887	0.245257	0.248133	0.248743	0.247498	0.252972	0.255744	0.253320	0.254293	0.240820	0.246695	0.246167	0.246716	0.240838	0.245383	0.243132	0.259827	0.245029	0.256610	0.244328	0.251072	0.252183	0.246076	0.249965	0.242819	0.251612	0.262372	0.256201	0.253326	0.245143	0.253186	0.253686	0.248051	0.256147	0.253692	0.248933	0.246332	0.247180	0.245870	0.242768	0.253346	0.249390	0.242346	0.256228	0.246255	0.243413	0.245171	0.245153	0.247444	0.247771	0.241988	0.242316	0.250678	0.252215	0.245998	0.247237	0.246810	0.260044	0.242876	0.244883	0.245892	0.245349	0.254945	0.244819	0.242185	
0.245273	0.252655	0.254383	0.244307	0.241974	0.250866	0.262532	0.253417	0.245290	0.262770	0.246585	0.246061	0.245888	0.245515	0.246277	0.000000	0.248270	0.245916	0.240079	0.242616	0.245639	0.256517	0.243947	0.246200	0.246339	0.247440	0.258641	0.259034	0.250258	0.246315	0.249474	0.252347	0.253206	0.249296	0.255206	0.255174	0.255144	0.258293	0.261018	0.249617	0.252346	0.261682	0.248560	0.255319	0.258345	0.246292	0.254762	0.254903	0.256299	0.257592	0.256577	0.255403	0.259821	0.255894	0.258251	0.244074	0.246918	0.243824	0.244323	0.259037	0.246764	0.257690	0.242045	0.257559	0.246094	0.258639	0.258834	0.254915	0.247348	0.246189	0.252193	0.248308	0.253799	0.258179	0.245936	0.253689	0.255903	0.258100	0.248514	0.254381	0.260973	0.253538	0.248306	0.258078	0.254311	0.246009	0.257965	0.249357	0.243170	0.251408	0.240240	0.249079	0.244063	0.248334	0.252533	0.253701	0.257105	0.256950	0.256129	0.247305	0.256794	0.247344	0.247247	0.250282	0.246572	0.245873	0.246375	0.253425	0.247355	0.248625	0.243116	0.244607	0.245277	0.242810	0.245948	0.244370	0.242577	0.244931	0.247351	0.246764	0.246021	0.242997	0.246860	0.246502	0.244628	0.249254	0.247312	0.243973	0.247810	0.246433	0.243309	0.256242	0.261028	0.253814	0.259381	0.258413	0.248245	0.247411	0.257991	0.241961	0.246367	0.243298	0.252669	0.255600	0.253100	0.257183	0.253221	0.254198	0.244117	0.252328	0.255363	0.263115	0.262035	0.244346	0.256394	0.244797	0.243609	0.261524	0.247899	0.254462	0.245480	0.257642	0.246820	0.246171	0.247381	0.249838	0.255910	0.258438	0.256145	0.253347	0.244128	0.244380	0.241893	0.248404	0.249295	0.246785	0.246383	0.254696	0.247749	0.257231	0.246109	0.245173	0.255359	0.243788	0.248426	0.243808	0.252119	0.261763	0.256686	0.253782	0.246986	0.249214	0.256252	0.243622	0.254858	0.252042	0.243238	0.240200	0.245621	0.247307	0.247294	0.251265	0.248982	0.246060	0.256484	0.245148	0.245527	0.249428	0.241860	0.243917	0.246076	0.248805	0.247058	0.249474	0.256681	0.247391	0.251939	0.251418	0.259101	0.251686	0.246508	0.245096	0.240927	0.256884	0.251206	0.245419	
0.249125	0.252425	0.258848	0.249305	0.248551	0.246804	0.263653	0.257108	0.244947	0.258947	0.244952	0.247756	0.251969	0.247381	0.244807	0.248270	0.000000	0.251983	0.242615	0.247236	0.248475	0.259383	0.246639	0.250958	0.245237	0.245269	0.258419	0.261943	0.247758	0.245286	0.250776	0.257005	0.257666	0.246742	0.255875	0.259155	0.252920	0.260118	0.260836	0.247796	0.260619	0.262024	0.246298	0.260321	0.260380	0.247677	0.258519	0.260371	0.259219	0.259730	0.262072	0.254600	0.259113	0.258579	0.257988	0.248981	0.245633	0.243458	0.249095	0.259601	0.247014	0.258449	0.245055	0.261246	0.244989	0.257843	0.258433	0.256195	0.240367	0.246134	0.259602	0.246263	0.256303	0.254009	0.250023	0.256174	0.258809	0.258690	0.249605	0.256438	0.260787	0.256896	0.248321	0.258875	0.256442	0.246102	0.257143	0.247898	0.246386	0.247868	0.246056	0.247921	0.246674	0.251971	0.257286	0.254973	0.256697	0.258446	0.260108	0.250871	0.258222	0.248157	0.248976	0.247150	0.251259	0.247531	0.251056	0.248154	0.249578	0.248458	0.245181	0.247615	0.244764	0.245387	0.244201	0.245535	0.243751	0.244307	0.247199	0.243516	0.246442	0.260328	0.248955	0.246473	0.245902	0.243650	0.249095	0.246046	0.253595	0.244093	0.245197	0.256594	0.262113	0.257648	0.257844	0.266347	0.247538	0.242851	0.258870	0.245286	0.248901	0.245286	0.253352	0.257903	0.252913	0.257766	0.255939	0.253903	0.246437	0.255293	0.256572	0.262111	0.256936	0.247976	0.258282	0.248825	0.247630	0.258771	0.252659	0.259568	0.245038	0.257168	0.247870	0.248417	0.246812	0.246758	0.256625	0.256033	0.257919	0.258290	0.246716	0.246584	0.250634	0.248922	0.247209	0.244994	0.244622	0.261809	0.247438	0.257912	0.247835	0.265016	0.257816	0.246037	0.251582	0.246814	0.253837	0.257956	0.257576	0.257283	0.246562	0.261429	0.259612	0.248899	0.260551	0.255095	0.246617	0.243390	0.249849	0.247559	0.250247	0.256432	0.246499	0.244047	0.259144	0.247237	0.247193	0.248513	0.242025	0.245979	0.243063	0.245804	0.245991	0.246738	0.256639	0.249629	0.249878	0.251682	0.259487	0.250367	0.245099	0.248306	0.246859	0.260543	0.250757	0.248413	
0.248770	0.257091	0.259422	0.243426	0.250092	0.250866	0.262961	0.255278	0.242652	0.262752	0.246969	0.248273	0.253876	0.246954	0.249708	0.245916	0.251983	0.000000	0.242295	0.245850	0.248443	0.258627	0.249915	0.249805	0.246227	0.246646	0.258247	0.266397	0.247031	0.243919	0.253318	0.258576	0.260187	0.246387	0.254779	0.256319	0.252625	0.258043	0.260390	0.246126	0.264081	0.261889	0.244968	0.260821	0.260191	0.245726	0.258737	0.258704	0.258833	0.258018	0.258178	0.257780	0.259495	0.255528	0.258560	0.241513	0.245606	0.246092	0.247031	0.262381	0.246624	0.256147	0.243479	0.257424	0.242735	0.253001	0.256431	0.251161	0.244840	0.246527	0.257442	0.250771	0.252980	0.258347	0.245319	0.258913	0.260168	0.257363	0.248925	0.254882	0.262533	0.258117	0.247973	0.262475	0.254494	0.253597	0.259651	0.245101	0.241569	0.247520	0.241058	0.249186	0.246354	0.251461	0.254670	0.258686	0.255162	0.260561	0.259184	0.244005	0.253925	0.249484	0.245012	0.248561	0.248855	0.241098	0.247596	0.246734	0.248915	0.246256	0.243825	0.245446	0.247955	0.246307	0.248294	0.246383	0.243999	0.248431	0.249093	0.246005	0.249258	0.252681	0.245501	0.247679	0.244332	0.246063	0.248725	0.250765	0.253421	0.244151	0.247477	0.258725	0.262596	0.253231	0.259152	0.265645	0.245623	0.247200	0.261795	0.242438	0.248523	0.249697	0.251344	0.255625	0.255473	0.255762	0.253985	0.258409	0.245922	0.253528	0.254532	0.261768	0.257208	0.245580	0.254411	0.247779	0.250169	0.259948	0.248040	0.259245	0.252652	0.256187	0.244782	0.248795	0.244773	0.246236	0.257265	0.255261	0.257783	0.255344	0.249420	0.244191	0.244818	0.248074	0.249976	0.246289	0.248163	0.262452	0.245827	0.256316	0.243637	0.251132	0.252232	0.249219	0.254084	0.245865	0.252426	0.266547	0.255902	0.253256	0.249277	0.262210	0.254373	0.245336	0.262406	0.252782	0.243512	0.243848	0.242554	0.245127	0.245563	0.251245	0.245396	0.246137	0.257365	0.247094	0.247927	0.246788	0.249634	0.249303	0.251212	0.251165	0.245495	0.247774	0.257929	0.246059	0.246333	0.249048	0.257106	0.251648	0.246911	0.248730	0.245348	0.253106	0.251061	0.247280	
0.243035	0.252360	0.256310	0.243250	0.245923	0.242980	0.261616	0.257018	0.241928	0.260240	0.244851	0.245242	0.252111	0.242735	0.246813	0.240079	0.242615	0.242295	0.000000	0.243844	0.241266	0.256232	0.242786	0.248101	0.238252	0.240075	0.256079	0.258105	0.247546	0.243438	0.247197	0.257656	0.255525	0.245339	0.257612	0.252529	0.254918	0.255942	0.256822	0.244150	0.257921	0.260021	0.244101	0.256803	0.256500	0.243588	0.253620	0.257493	0.255711	0.257222	0.258299	0.257129	0.259349	0.254019	0.258314	0.241813	0.244562	0.240807	0.245255	0.255191	0.244258	0.255264	0.241977	0.256794	0.242034	0.253427	0.253306	0.249355	0.236175	0.246822	0.254511	0.240493	0.249726	0.254810	0.243565	0.257061	0.253861	0.255972	0.246577	0.255096	0.262262	0.252946	0.244706	0.260318	0.253503	0.246887	0.269399	0.247107	0.244041	0.247938	0.242748	0.243342	0.244857	0.242416	0.256043	0.257624	0.256817	0.259540	0.256499	0.240044	0.256660	0.244766	0.245855	0.248956	0.246649	0.241755	0.240289	0.247539	0.243869	0.244606	0.240271	0.241363	0.243061	0.243224	0.246530	0.244924	0.245106	0.246055	0.244899	0.242861	0.246037	0.260388	0.247002	0.242476	0.243878	0.243206	0.246662	0.243421	0.250282	0.242704	0.239361	0.254012	0.260139	0.254938	0.259251	0.263804	0.245010	0.244911	0.258371	0.237746	0.245283	0.243002	0.249692	0.256149	0.253425	0.253939	0.254275	0.257495	0.238881	0.253029	0.255095	0.260909	0.259509	0.241291	0.254633	0.244610	0.245028	0.258104	0.248214	0.256658	0.246996	0.255206	0.240175	0.246273	0.245666	0.244342	0.252114	0.256829	0.254268	0.253772	0.244297	0.240031	0.243943	0.247235	0.243521	0.249142	0.245637	0.257255	0.245063	0.255840	0.247535	0.253269	0.251489	0.244147	0.247075	0.242041	0.255228	0.261636	0.258813	0.256827	0.240940	0.252286	0.254345	0.245856	0.258192	0.253540	0.244662	0.242068	0.243584	0.243531	0.248629	0.256171	0.246871	0.240019	0.257984	0.244376	0.240027	0.242841	0.243099	0.244669	0.239891	0.243132	0.240879	0.247035	0.252812	0.249766	0.246569	0.240101	0.252293	0.243146	0.239359	0.246993	0.244177	0.255419	0.249451	0.246000	
