0.938936	-0.014148	-0.013530	0.027453	0.033326	0.037441	-0.039707	-0.006922	0.015495	-0.008673	0.023108	0.033106	0.015732	0.010959	0.015138	0.013917	-0.001977	-0.008489	0.026366	0.010685	-0.012007	-0.031359	0.035903	-0.011505	0.016830	0.030822	-0.032086	-0.044708	0.057983	0.022519	0.009313	-0.034531	-0.016383	-0.002736	-0.059057	-0.052287	-0.050323	-0.064580	-0.033720	0.003241	-0.019449	-0.052089	0.018714	-0.023734	-0.038385	0.001227	-0.028956	-0.014958	-0.023831	-0.041314	-0.020770	-0.021744	-0.021229	-0.006678	-0.040491	-0.003259	0.020195	0.030352	0.029380	-0.020263	0.033880	-0.036388	0.025003	-0.077011	0.006884	-0.052670	0.005906	0.016843	-0.024731	0.011433	-0.051766	-0.057395	0.007637	0.009236	-0.031003	-0.022627	0.033166	-0.038445	-0.029368	-0.032378	0.021428	-0.031711	-0.021048	0.003796	0.050455	0.003601	0.022783	0.008699	0.008328	-0.013666	0.020944	-0.030316	-0.013189	0.016871	-0.042085	-0.017604	-0.008560	0.024798	-0.038000	0.049881	0.027985	0.026857	0.023600	0.004610	0.010854	0.019397	0.024383	0.002037	0.027460	0.039491	0.015210	0.018226	0.005817	0.031413	0.029892	0.010964	0.008692	0.040754	-0.005643	0.023142	0.007220	0.010643	0.029455	0.021880	-0.000562	-0.005563	0.019599	0.005023	0.002343	0.005804	-0.024504	-0.074980	-0.071641	-0.001476	0.001943	0.014983	-0.008877	0.047707	0.025366	0.006364	-0.044811	-0.080097	-0.036153	-0.040028	-0.070190	-0.039875	0.029205	-0.053951	-0.046231	-0.041014	-0.051856	0.015243	-0.083845	0.006954	0.026586	-0.008660	0.000594	-0.003618	0.023093	-0.044327	0.032418	0.022997	-0.038831	-0.020799	-0.047087	-0.053434	0.024616	0.011690	0.037162	0.006330	-0.001374	0.006389	0.001600	-0.003379	0.016441	-0.070664	0.027595	-0.062184	-0.032846	0.011780	-0.000861	0.035976	-0.060185	-0.019735	-0.019701	-0.078177	0.003901	-0.006951	-0.037365	0.003554	-0.017778	-0.020535	0.012868	0.016569	0.032107	0.011363	0.023348	0.002647	-0.002954	-0.009700	-0.017252	0.025060	-0.012389	0.003479	0.019691	0.004942	0.021420	-0.003609	-0.014665	0.020656	0.019611	0.050007	-0.024157	0.026425	0.014108	0.026129	0.027748	-0.059228	-0.022474	0.013503	
-0.014148	0.958993	0.038871	0.014806	-0.009939	-0.008666	0.052745	0.053485	-0.000469	0.060564	0.018952	-0.014699	0.019636	-0.021710	0.014274	0.023749	-0.010010	-0.003864	-0.012404	0.007231	-0.039793	0.055078	-0.040571	0.007214	-0.024963	-0.008210	-0.024574	-0.018364	-0.021617	-0.008480	-0.022780	0.033925	-0.019537	-0.033962	-0.018579	-0.046897	-0.046941	-0.018212	-0.064772	0.024811	0.048845	-0.018626	-0.023896	0.070241	-0.033152	0.001959	-0.019850	0.048498	0.051270	-0.026852	-0.014907	0.053167	0.029304	0.036145	-0.025496	0.007456	-0.021438	-0.013356	0.003009	0.058953	-0.021573	-0.055913	0.015595	-0.064153	-0.022232	-0.057255	-0.013855	-0.016089	0.074674	-0.018775	-0.025654	-0.037147	-0.017419	0.054216	-0.034008	0.048183	0.014908	-0.068126	-0.001160	-0.050738	-0.026158	0.050345	0.069288	0.045851	-0.007731	-0.016157	-0.025721	-0.028414	-0.039076	-0.015887	-0.013413	0.006513	0.042269	0.057941	-0.069565	0.027329	0.056907	-0.001298	-0.037907	-0.021769	0.017672	-0.026264	-0.013859	-0.029398	-0.004910	0.003734	-0.008298	-0.041242	-0.009794	-0.027990	-0.006427	-0.037330	-0.011745	-0.005986	-0.002175	-0.022372	-0.004100	-0.007799	0.007503	-0.026858	-0.022852	-0.049470	-0.006590	-0.005424	0.010072	-0.032310	-0.024806	-0.027824	0.011805	0.050827	0.057448	-0.049778	-0.034582	0.074535	-0.005294	-0.030858	0.036085	-0.018112	-0.014492	-0.038568	-0.038031	-0.031155	-0.052442	-0.032146	-0.030034	0.054222	0.008489	-0.073153	-0.031594	-0.001535	-0.013714	-0.028603	-0.027133	-0.014000	-0.002687	0.061275	-0.001653	0.048790	-0.017557	0.046292	-0.005677	-0.016812	-0.040170	0.060141	-0.048047	-0.011494	-0.003671	0.014510	-0.003894	-0.003628	-0.000795	-0.047588	-0.002731	0.044567	-0.005058	-0.037506	-0.006021	-0.049719	-0.050901	0.008573	-0.014917	-0.001215	-0.043730	0.049542	0.065785	-0.059394	-0.024914	0.013492	-0.029083	-0.019987	0.063003	0.006641	-0.046782	-0.005649	-0.024356	0.017369	-0.020567	-0.004904	-0.032117	0.017091	0.051248	-0.008232	-0.001948	-0.001445	0.005891	0.008345	-0.014555	0.008028	0.067030	-0.032610	-0.017737	-0.001233	0.052819	-0.010408	0.007163	0.030010	-0.034448	-0.051553	-0.010650	-0.024743	
-0.013530	0.038871	0.951937	0.005405	0.003287	0.001475	0.049536	0.066621	-0.018019	0.028270	-0.008591	-0.028189	-0.008120	0.005856	0.014161	-0.004923	-0.003574	-0.019752	0.002416	-0.003137	-0.025425	0.065887	-0.026460	-0.022651	-0.020350	-0.027783	-0.028126	-0.016845	-0.005854	-0.031646	-0.020714	0.051724	-0.012152	-0.007047	-0.038630	-0.051775	-0.025956	-0.030454	0.008505	-0.009615	0.034518	-0.044737	-0.018092	0.023046	-0.047522	-0.032317	-0.024972	0.079067	0.061944	-0.020000	-0.020040	0.015017	0.053128	0.023240	-0.026955	-0.017816	-0.032519	-0.019755	-0.004548	0.067886	-0.012096	-0.029100	-0.006281	-0.059606	-0.007836	-0.029647	0.004231	-0.008484	0.081831	-0.021021	-0.023966	-0.052036	-0.010016	0.024729	-0.042164	0.035719	0.022452	-0.039182	-0.025343	-0.007667	-0.013598	0.040889	0.038959	0.042936	0.006383	-0.011049	-0.021448	0.012650	-0.011677	0.019820	-0.022187	-0.026155	0.063218	0.053584	-0.056577	0.044926	0.032301	0.014677	-0.031497	-0.026337	-0.026034	-0.006279	-0.011976	-0.020939	-0.031281	-0.012351	0.002292	0.015834	-0.006055	-0.043244	-0.000758	-0.012494	-0.014504	-0.032637	0.014969	-0.008200	-0.023601	-0.005792	-0.021178	-0.019246	-0.016133	-0.029702	-0.011352	-0.044266	-0.020253	-0.027806	-0.007810	-0.028123	-0.006810	0.048455	0.036743	-0.057279	-0.017474	0.050328	-0.003140	0.001553	0.038727	-0.033574	-0.003392	0.004023	-0.049596	-0.027639	-0.017968	-0.046445	-0.064993	0.082262	0.007228	-0.034849	-0.054236	-0.025601	-0.015821	-0.008861	-0.038725	0.000936	0.009496	0.050325	0.007647	0.058684	-0.016702	0.040467	0.015100	0.003145	-0.020752	0.061346	-0.037091	-0.037488	-0.007335	-0.019037	-0.021281	-0.003947	-0.018939	-0.007031	-0.006104	0.041354	-0.023219	-0.010650	-0.001821	0.000051	-0.036432	-0.008498	0.005163	-0.031297	-0.055346	0.038982	0.023752	-0.062131	-0.012410	-0.019744	-0.023786	0.012369	0.059065	-0.004689	-0.042823	-0.001724	-0.008843	0.002073	-0.041288	0.000115	0.024425	-0.006862	0.043869	-0.007398	-0.014999	0.003115	-0.011885	0.004708	0.004320	0.012788	0.041268	-0.009570	0.008082	0.005297	0.044857	-0.010534	-0.020324	-0.002092	-0.024799	-0.047949	-0.008644	-0.000172	
0.027453	0.014806	0.005405	0.946073	0.001887	0.003515	0.015578	-0.018091	-0.019792	-0.030028	0.026786	0.017028	0.017630	-0.015523	-0.024306	0.028172	0.014701	0.006899	0.029712	0.028570	0.006679	-0.021440	0.002294	-0.013537	0.026293	-0.006158	-0.045699	-0.025143	0.007970	-0.004154	0.016838	-0.046012	-0.003717	0.009793	-0.027245	-0.054331	-0.032574	-0.034948	-0.052428	0.002496	-0.031545	-0.041678	-0.001320	-0.030692	-0.059534	0.006863	-0.043744	-0.000711	-0.017745	-0.048216	-0.015584	-0.016341	-0.018806	-0.016115	-0.074194	0.019647	0.010473	0.036690	0.010509	-0.041580	0.011863	-0.074140	0.013870	-0.036942	0.039150	-0.046659	-0.012736	0.021306	-0.002414	0.011987	-0.030382	-0.053580	0.025161	0.002691	-0.050315	0.009298	-0.002748	-0.074503	-0.040205	-0.040263	0.008984	0.005100	-0.008890	-0.031699	0.021387	-0.009569	0.004883	0.000008	0.029021	0.002581	0.004049	-0.015013	-0.028702	-0.000915	-0.027894	-0.012891	-0.031849	-0.005214	-0.038571	0.012607	0.021201	0.010875	0.009705	0.023985	0.026572	0.020708	0.008421	0.022018	0.011589	0.021531	0.010255	0.032277	0.018497	-0.002366	0.001574	0.007957	0.020635	0.007212	-0.013974	0.005086	-0.005849	0.037233	0.008230	0.008438	0.020433	0.008302	0.021066	0.014900	0.004211	-0.002281	-0.017943	-0.007986	-0.016569	0.000968	0.015238	0.016778	-0.032543	0.026361	0.019775	0.037369	-0.046763	-0.036710	-0.038597	-0.052553	-0.062770	-0.008490	0.036615	-0.046128	-0.046264	-0.083553	-0.049334	0.017828	-0.031166	0.024916	-0.000827	-0.002822	0.015712	-0.026883	-0.000500	-0.000798	0.004653	0.022166	-0.022580	-0.019352	-0.038963	-0.050123	0.005899	0.032680	0.061102	0.028309	0.012542	0.023178	0.014461	-0.016664	-0.004982	-0.049268	0.017493	-0.028990	-0.042962	0.021867	0.008722	-0.012744	-0.052351	-0.039562	-0.026344	-0.042733	-0.007927	0.041500	-0.042257	0.009364	-0.010881	-0.022966	0.022525	0.024375	0.007920	0.020071	0.023113	0.013776	0.008730	0.014213	-0.009224	0.019579	0.026791	0.012132	0.019802	0.013239	0.003732	-0.040969	-0.001744	0.012675	-0.000283	0.016816	0.009599	-0.007510	0.027504	0.031450	0.008202	-0.041437	0.015800	0.027428	
0.033326	-0.009939	0.003287	0.001887	0.947423	0.032708	-0.025535	-0.012350	-0.000118	-0.005616	0.013965	-0.010303	0.011533	-0.009499	0.020484	0.033025	0.021720	0.020554	0.021747	0.020036	0.003286	-0.029332	-0.008118	0.011098	0.037270	0.032408	-0.021021	-0.032050	0.012458	0.014566	0.027793	-0.001144	0.001792	0.017793	-0.023972	-0.062226	-0.032927	-0.071265	-0.060732	-0.011131	-0.031987	-0.056985	-0.016805	-0.016708	-0.041276	0.002866	-0.079524	-0.015537	-0.023703	-0.046800	-0.030610	-0.000595	-0.034115	0.001553	-0.049531	-0.005241	0.027717	0.001540	0.011803	-0.018045	0.032083	-0.048844	0.010961	-0.049417	0.004964	-0.040290	0.008654	0.027484	-0.011229	0.021709	-0.062641	-0.024769	0.000305	-0.005281	0.007886	-0.004551	0.019581	-0.022845	-0.045371	-0.037448	0.035831	-0.027082	-0.020627	0.005382	0.038168	0.000924	-0.010244	0.014316	0.014557	0.014163	0.005717	0.018996	-0.002034	-0.035197	-0.041364	-0.023108	-0.013615	-0.000268	-0.040159	0.020528	0.008627	0.023990	0.000430	0.018748	0.012020	0.012653	0.024159	0.022127	-0.001753	0.005952	-0.006265	0.024190	0.004367	-0.003666	0.024095	-0.001133	-0.006648	0.007630	0.020776	0.020199	0.036981	0.021417	0.002786	0.031720	0.016400	0.029085	0.003998	0.000768	0.006049	-0.038065	-0.056318	-0.035271	-0.062435	-0.013105	0.005056	0.014289	-0.039344	0.011010	0.017076	0.009935	-0.064959	-0.041835	-0.050831	-0.042120	-0.045549	-0.034523	0.027888	-0.045383	-0.044454	-0.059871	-0.045362	-0.000401	-0.033189	0.035088	0.024306	-0.025631	0.006979	-0.006936	0.018842	-0.013676	0.005239	0.022870	-0.029363	-0.003742	-0.074888	-0.025043	0.037216	0.019262	0.019125	0.016032	0.005294	0.024060	0.023293	0.001626	0.015856	-0.041062	0.013141	-0.021240	-0.037084	0.038978	0.017143	0.012548	-0.059881	-0.025665	-0.020685	-0.049915	0.002127	0.008519	-0.052697	0.016533	-0.015579	-0.011859	0.014778	-0.000387	0.031175	0.013502	0.018729	0.039074	0.021645	-0.018497	0.010827	0.004084	0.000227	0.013129	0.007629	-0.018918	0.022486	0.014654	-0.002444	0.006248	0.017985	-0.001498	-0.004950	-0.001726	0.017221	0.025704	0.009390	-0.043227	0.011504	0.005367	
0.037441	-0.008666	0.001475	0.003515	0.032708	0.916764	-0.013920	-0.002079	0.020600	-0.021515	0.004115	0.024493	0.031849	0.015456	-0.017205	-0.021058	-0.004455	0.002020	0.006627	0.013264	0.008090	-0.026156	0.003373	0.032713	0.014637	0.026054	-0.030351	-0.022075	0.006524	-0.002479	0.007089	-0.006011	0.011090	0.022945	-0.069936	-0.041557	-0.060854	-0.007673	-0.034476	0.014054	-0.023394	-0.008298	0.007813	0.012048	-0.032661	0.011944	-0.055517	-0.016950	-0.019224	-0.046781	-0.024196	-0.000968	0.003956	-0.008291	-0.045301	0.005294	0.020001	-0.006858	0.018130	-0.010273	0.002673	-0.049935	0.030236	-0.047072	0.016251	-0.072569	0.022374	0.006607	0.004628	-0.005783	-0.082624	-0.059507	0.030875	0.004308	-0.003054	-0.010081	0.013016	-0.076561	-0.011898	-0.092864	0.023540	-0.018639	-0.009231	-0.005534	0.039277	0.003269	0.024671	0.026617	0.016164	0.023555	0.007733	0.008381	0.002888	0.009504	-0.061313	-0.013705	-0.005490	0.030097	-0.062690	0.030068	0.002658	0.024700	0.030317	0.024261	0.006186	0.029037	0.025882	0.016547	0.000804	0.009941	0.021919	0.019036	0.002689	0.029035	-0.001174	0.022013	0.020970	0.023141	0.022818	0.016076	0.010327	0.003514	0.008189	0.010106	0.020210	0.021229	0.014541	0.008495	-0.005204	0.004697	-0.005259	-0.040896	-0.012138	-0.033170	0.016211	0.014812	-0.026580	0.007988	0.028487	0.030124	-0.046057	-0.093193	-0.050790	-0.041262	-0.043593	0.004864	-0.009853	-0.042600	-0.070476	-0.061994	-0.048436	0.033939	-0.056288	0.008222	0.027672	-0.020691	0.016425	-0.010534	0.022618	-0.009654	-0.028550	0.034657	-0.081245	-0.038047	-0.061650	-0.060275	0.040103	0.032029	0.031741	0.010091	-0.000249	0.019132	-0.004913	-0.009547	0.010584	-0.066085	-0.004797	-0.061045	-0.090587	0.014950	0.025231	0.019675	-0.079513	-0.002713	-0.014990	-0.065425	0.011749	-0.009425	-0.067902	-0.027426	-0.025682	0.001889	-0.007824	0.024062	0.005905	0.013157	-0.008492	0.037567	0.006439	-0.010459	0.010092	0.003324	-0.007236	0.008692	0.016624	0.019021	-0.004728	0.046565	0.006224	0.043496	0.030177	0.012230	-0.009943	0.046039	0.028757	-0.013531	0.036915	-0.057781	-0.036049	0.030266	
-0.039707	0.052745	0.049536	0.015578	-0.025535	-0.013920	1.009486	0.053306	-0.019187	0.071532	0.002896	-0.004793	-0.009804	-0.001034	-0.030396	-0.014386	-0.025071	-0.010580	0.000530	-0.006615	-0.028751	0.040108	-0.047192	0.008137	-0.010961	0.000373	-0.047616	-0.026016	-0.011878	-0.017440	0.023788	0.082021	0.000045	-0.003913	-0.034303	-0.028007	-0.018741	-0.032148	-0.039105	-0.000865	0.048130	-0.034510	-0.018896	0.074798	-0.046612	-0.027865	-0.038905	0.054891	0.064126	-0.007554	-0.041042	0.040391	0.075157	0.075234	-0.052084	-0.024095	-0.045157	-0.017158	0.002937	0.022087	-0.036413	-0.027866	-0.021434	-0.034560	-0.023802	-0.032391	-0.002426	-0.007111	0.033608	-0.012374	-0.002265	-0.057897	0.000271	0.069284	-0.052050	0.079063	-0.000932	-0.034269	-0.011553	-0.031695	-0.019130	0.087606	0.041189	-0.015328	-0.016751	-0.004702	-0.012255	-0.014947	-0.010622	-0.006106	-0.022481	0.005690	0.061070	0.045055	-0.052642	0.087599	0.076251	-0.001756	-0.034909	-0.004311	-0.024056	-0.038142	-0.010362	-0.022907	-0.025536	-0.040001	-0.021051	-0.040586	-0.022149	-0.017948	-0.009761	-0.011010	-0.030692	-0.011336	-0.023313	-0.002457	0.013462	-0.019509	-0.024588	-0.021131	-0.043598	-0.012869	-0.027967	-0.023611	-0.014290	-0.035360	-0.021630	0.009992	-0.011027	0.050969	0.074598	-0.032317	-0.020703	0.029168	-0.022403	-0.024105	0.042341	0.014401	-0.025777	-0.006514	-0.046352	-0.036234	-0.020175	-0.037236	-0.042618	0.063542	-0.009155	-0.073386	-0.043178	-0.033180	-0.070093	-0.005680	-0.041150	-0.014498	-0.001181	0.066699	0.008920	0.059639	-0.028983	0.098566	0.012141	0.012807	-0.049459	0.049508	-0.033458	-0.013827	0.000349	-0.001190	0.001477	-0.022249	-0.002660	0.007863	-0.021003	0.057950	-0.032264	-0.057283	-0.028260	0.002602	-0.039725	-0.003676	-0.039050	-0.031382	-0.026984	0.045500	0.047405	-0.015430	-0.002078	0.009480	-0.044781	0.000843	0.055694	0.016537	-0.014200	-0.013608	-0.005465	-0.009758	-0.036406	-0.011316	-0.017805	-0.035176	0.068656	-0.010088	-0.007687	0.001905	0.000618	-0.009587	0.000235	0.027146	0.064714	-0.051390	-0.020229	-0.009267	0.095256	-0.018219	-0.018413	0.010673	-0.019933	-0.056816	-0.038890	0.006339	
-0.006922	0.053485	0.066621	-0.018091	-0.012350	-0.002079	0.053306	1.022933	-0.026760	0.046057	-0.028559	-0.013133	-0.019153	-0.021547	-0.027130	-0.010633	-0.030361	-0.004943	-0.008887	0.000851	-0.021410	0.085199	-0.001310	-0.028574	-0.009619	-0.029960	-0.013799	-0.023849	-0.021073	-0.035966	-0.000439	0.049735	-0.015276	-0.017983	-0.055267	-0.059949	-0.062564	-0.025773	-0.021573	-0.015028	0.055624	0.006666	-0.011446	0.045394	0.019716	0.006127	-0.038473	0.070362	0.094845	-0.000629	-0.029715	0.051474	0.054103	0.066089	-0.009432	-0.008637	-0.025799	-0.044377	-0.026235	0.048011	-0.017351	-0.074813	-0.014153	-0.040655	-0.023162	-0.046622	-0.007295	0.004378	0.060680	0.010450	-0.038483	-0.066492	0.006300	0.046822	-0.000505	0.066851	0.014840	-0.064121	0.019802	-0.063019	-0.006420	0.067437	0.064590	0.000706	0.023838	-0.014339	-0.008563	-0.014598	-0.015553	0.013307	0.000538	-0.006007	0.029857	0.046303	-0.053870	0.052449	0.050616	-0.006434	-0.048688	-0.001691	-0.002506	-0.026425	-0.022101	0.019812	-0.042052	-0.016636	0.004791	-0.022019	0.009664	-0.006733	0.005651	0.000804	-0.036152	0.007444	-0.030580	0.003078	-0.029651	-0.011165	0.002158	-0.013654	-0.014094	-0.018728	-0.006871	-0.032370	0.008572	-0.008599	-0.014097	0.000905	-0.030705	0.042901	0.069237	-0.085807	-0.016162	0.058413	-0.010635	-0.014730	0.051358	-0.020885	0.016188	-0.038437	-0.031265	-0.072025	-0.042181	-0.068125	-0.049671	0.055600	-0.017032	-0.066094	-0.045256	-0.014864	-0.035356	-0.017200	-0.052141	-0.001777	0.010191	0.083657	0.004285	0.057220	-0.011287	0.054235	-0.038585	0.005305	-0.045482	0.040494	-0.066590	-0.025071	-0.016475	-0.020738	0.005357	-0.023198	-0.006941	-0.008890	-0.023596	0.053308	-0.030866	-0.048245	-0.010330	-0.053024	-0.069307	-0.009351	0.013267	-0.020001	-0.063094	0.062980	0.063993	-0.052931	-0.013344	-0.003579	-0.058516	0.014442	0.044185	0.003130	-0.009497	-0.011325	-0.012786	-0.031878	-0.008702	-0.011856	0.021207	-0.022126	0.061047	-0.001493	-0.012184	-0.015608	-0.006059	-0.012093	-0.022410	-0.008245	0.058795	-0.010929	-0.020150	-0.007839	0.080020	-0.032216	0.000834	0.018929	0.006021	-0.041095	-0.024368	0.013887	
0.015495	-0.000469	-0.018019	-0.019792	-0.000118	0.020600	-0.019187	-0.026760	0.969078	-0.013028	0.002738	0.033552	0.006807	-0.002976	0.003461	0.035751	0.010283	0.012566	0.022782	0.009274	-0.010762	-0.019766	0.030953	0.044028	0.023782	0.028074	-0.010849	-0.027897	0.013807	0.018888	0.018774	-0.024614	-0.022231	0.012732	-0.069032	-0.040304	-0.065328	-0.002406	-0.008428	0.026642	-0.023629	-0.017687	-0.000121	-0.007410	-0.044207	0.012821	-0.055001	-0.001009	-0.009572	-0.032542	-0.008811	-0.016090	-0.015584	-0.030515	-0.019527	0.019239	0.007826	-0.016298	0.019345	-0.036756	-0.008678	-0.035426	0.013784	-0.066341	0.005561	-0.058668	0.025149	0.028756	-0.001834	0.012710	-0.057842	-0.066606	-0.006424	-0.005059	-0.036458	-0.008249	0.035953	-0.054849	-0.026960	-0.034829	0.006532	-0.011551	-0.023620	0.025447	0.039791	0.000849	-0.002671	-0.006861	0.034085	-0.005587	-0.005474	0.026373	-0.037038	-0.005985	-0.067651	-0.024087	-0.007599	0.012643	-0.052702	0.017489	0.033306	0.004508	0.012376	0.006518	0.038799	-0.019037	0.005887	-0.001773	0.014560	-0.000964	0.012141	0.024229	0.025190	0.014301	-0.011975	0.006288	0.032715	0.020466	-0.003011	0.002495	0.026210	0.026813	0.027006	-0.014796	0.002933	0.027424	0.009372	0.001365	0.022816	-0.020052	-0.013384	-0.049508	-0.041864	0.004591	0.020094	0.012120	0.013328	0.013050	0.023535	0.023667	-0.055562	-0.062438	-0.058386	-0.065796	-0.065468	-0.019301	0.016888	-0.053674	-0.067459	-0.026687	0.002403	0.025690	-0.057491	0.010954	0.017467	0.008707	0.022486	0.000674	0.024043	-0.042742	0.027677	0.008604	-0.052889	-0.025810	-0.080690	-0.070621	0.018915	0.019132	-0.005562	0.007678	0.015299	0.024930	0.013758	0.022245	0.009470	-0.051877	-0.002230	-0.053473	-0.079933	0.022049	0.004525	0.027135	-0.051248	-0.028714	-0.040891	-0.054321	0.009654	0.002102	-0.054586	0.011814	-0.002447	-0.004656	0.024306	-0.024443	0.012961	0.007648	0.017593	0.004699	0.012229	0.034665	-0.022526	0.013624	0.020100	0.027622	0.006372	0.005426	0.025516	0.017667	-0.000983	0.008887	-0.000068	0.003911	0.004349	0.028490	0.020446	0.021625	0.017050	-0.055948	0.007860	0.019636	
-0.008673	0.060564	0.028270	-0.030028	-0.005616	-0.021515	0.071532	0.046057	-0.013028	0.988503	-0.018349	-0.006141	-0.020961	0.007982	0.003904	0.016591	-0.021617	-0.024589	-0.011209	-0.013394	-0.014342	0.052716	-0.016836	-0.003528	-0.015961	0.001502	-0.039918	-0.037740	0.018889	-0.010911	-0.009216	0.080838	-0.021711	-0.037737	-0.063321	-0.041478	-0.034865	-0.047066	-0.020558	-0.014801	0.060970	-0.017083	-0.029181	0.049476	-0.019517	-0.023907	-0.032405	0.054788	0.078294	-0.049719	-0.020185	0.072542	0.045282	0.057568	-0.008608	0.002062	-0.021659	-0.006271	0.019676	0.030198	-0.015769	-0.032588	-0.015189	-0.070426	0.002861	-0.058248	0.004214	0.018825	0.069088	-0.013794	-0.039592	-0.045602	-0.011236	0.077155	-0.061645	0.071253	-0.018849	-0.054300	-0.006921	-0.019164	-0.023076	0.040655	0.060065	-0.010528	0.013432	-0.017617	-0.022578	-0.039421	-0.013559	-0.018056	0.010398	-0.013485	0.061199	0.062490	-0.070837	0.039778	0.049237	-0.007753	-0.046904	-0.015754	-0.014763	-0.005270	-0.013631	-0.003354	-0.016994	0.001992	0.006524	-0.028962	-0.061497	-0.027748	-0.002263	0.006675	-0.007629	-0.039514	-0.023219	-0.026642	0.001828	-0.006622	0.002564	0.002524	-0.001837	-0.015050	-0.012085	-0.008530	0.021017	-0.054410	0.014536	-0.009946	-0.002248	0.052123	0.044250	-0.071585	-0.057512	0.020671	-0.038933	-0.006583	0.048466	-0.002847	-0.021808	-0.026452	-0.041030	-0.066067	-0.067769	-0.032195	-0.065730	0.057161	-0.000670	-0.036336	-0.055195	-0.021485	-0.035175	0.017807	-0.036672	-0.000120	-0.032546	0.076299	-0.003469	0.056534	0.005436	0.043352	-0.023627	-0.017311	-0.029732	0.074583	-0.036699	-0.015509	0.009243	0.008317	-0.018775	-0.010831	-0.030932	0.016295	0.002729	0.070752	-0.015986	-0.016752	-0.001359	-0.062652	-0.030615	-0.029001	0.001358	-0.004572	-0.040277	0.064855	0.059421	-0.037895	-0.032030	0.009180	-0.062722	-0.018504	0.066055	-0.009281	-0.019796	0.014692	-0.027786	0.023803	-0.022328	-0.002593	-0.003540	-0.015577	0.100565	-0.016088	-0.017094	-0.012790	-0.018969	-0.020740	-0.026183	0.003235	0.049065	-0.029832	-0.016063	0.004409	0.070624	-0.014825	-0.009798	0.028117	0.000527	-0.061459	-0.001936	-0.015063	
0.023108	0.018952	-0.008591	0.026786	0.013965	0.004115	0.002896	-0.028559	0.002738	-0.018349	0.954643	0.015098	0.000993	0.007152	0.028980	0.021951	0.032488	0.018483	0.002261	0.005401	0.010445	-0.034308	0.001497	0.008198	-0.004221	0.036346	-0.016658	-0.020692	0.010800	-0.000684	0.017904	-0.009663	-0.010559	-0.002862	-0.045442	-0.062075	-0.062016	-0.037585	-0.002023	0.016983	-0.030789	-0.046643	0.010850	-0.011142	-0.025096	0.011625	-0.033219	-0.019442	0.003342	-0.036682	-0.035527	-0.018686	-0.008251	-0.015876	-0.030857	-0.016038	0.039044	-0.014078	0.000070	-0.004218	-0.012234	-0.049067	0.003703	-0.087372	0.007014	-0.066509	0.026924	-0.001804	0.010187	0.013742	-0.039768	-0.046022	-0.015341	-0.023701	-0.015925	-0.008188	-0.019126	-0.026273	-0.008991	-0.043760	0.000674	-0.016761	-0.015569	0.007549	-0.023832	0.016703	0.000338	0.027205	-0.003517	0.012521	-0.002605	0.003616	-0.005921	-0.018266	-0.068272	-0.004559	0.002357	0.010322	-0.070197	0.001315	0.018434	0.030453	0.001846	0.014343	0.027662	-0.002820	-0.029184	0.021937	0.013960	0.013172	0.010084	-0.004021	0.036960	0.010179	0.010744	0.026472	-0.008484	-0.018565	0.016388	0.018907	0.014315	-0.006118	0.022955	0.020490	0.003975	0.009946	0.021497	-0.009082	0.022892	-0.008308	-0.028008	-0.046071	-0.032722	-0.019760	0.003370	0.013786	-0.015021	-0.007549	0.022468	-0.001187	-0.040129	-0.038007	-0.031610	-0.029489	-0.038728	-0.023785	0.021279	-0.045272	-0.048209	-0.018648	-0.033560	0.010655	-0.070665	0.004391	0.002569	0.001712	0.022218	-0.015794	0.005431	-0.016173	0.013266	0.018085	-0.047229	-0.029262	-0.053051	-0.065105	0.001847	0.008021	0.007411	-0.008996	0.004767	0.023644	0.049753	-0.003070	0.016112	-0.050245	0.022962	-0.028341	-0.060074	0.014469	0.033121	-0.005249	-0.054145	-0.012432	0.002795	-0.068054	0.066746	0.023415	-0.056662	0.015564	0.009378	-0.020254	0.015449	0.008051	0.029597	-0.013112	0.041197	0.021552	0.020607	0.005771	-0.004801	0.006954	0.016839	0.033081	0.007002	0.023702	0.015462	-0.000951	0.012053	0.006039	0.003600	0.031772	0.029838	0.005172	0.013230	0.008115	0.011551	-0.083916	0.028926	0.015983	
0.033106	-0.014699	-0.028189	0.017028	-0.010303	0.024493	-0.004793	-0.013133	0.033552	-0.006141	0.015098	0.929348	0.033601	0.025893	-0.009448	0.010986	0.048191	-0.001603	0.022045	0.031125	0.026753	-0.034871	-0.014831	0.023341	0.007566	0.020036	-0.055373	-0.040728	0.013578	0.025146	0.008163	-0.012419	-0.009481	-0.001996	-0.041780	-0.047084	-0.020130	-0.079360	-0.028439	0.011634	-0.026754	-0.066449	0.027971	-0.016058	-0.056947	0.018485	-0.034082	-0.023222	-0.024942	-0.038008	-0.038239	-0.012466	-0.004855	0.033500	-0.033439	0.037646	0.017127	0.029979	0.002522	-0.036643	0.025340	-0.066607	-0.019766	-0.062405	0.027849	-0.047586	0.002330	-0.005617	-0.003991	0.014957	-0.072243	-0.039901	0.031207	-0.021433	-0.025178	-0.012638	-0.011283	-0.052647	-0.060966	-0.062854	0.011360	-0.019770	-0.018447	-0.021084	0.019140	0.014969	0.014428	0.014929	0.010696	0.032747	-0.009005	0.027129	-0.006348	0.008821	-0.054661	-0.010499	0.007797	0.027086	-0.045458	0.020959	0.023017	-0.025869	0.012736	0.000742	0.006780	0.021098	0.012366	0.007810	-0.014512	-0.000609	0.015209	-0.013151	0.016054	0.008703	0.025482	0.000307	0.012711	0.014332	0.030196	0.013972	0.023269	0.014229	0.022891	-0.006687	0.018027	0.000848	0.017303	0.026258	-0.011449	-0.020079	-0.003168	-0.041191	-0.008027	-0.023612	0.020937	0.036299	-0.023201	0.055549	0.005203	0.014895	-0.026180	-0.067773	-0.044965	-0.059295	-0.058840	-0.000269	0.043062	-0.050336	-0.044670	-0.068191	-0.021863	0.028804	-0.044132	-0.009679	0.019153	-0.016803	0.010877	-0.056237	0.013229	-0.029321	0.005241	0.012183	-0.061160	0.005370	-0.056846	-0.063597	-0.000792	0.005956	0.027845	0.002331	0.003357	-0.014297	0.020051	-0.000887	0.026324	-0.039522	-0.006074	-0.036711	-0.043066	0.018489	0.019420	0.041078	-0.040938	-0.016365	0.001252	-0.034880	0.024120	0.039762	-0.048554	-0.000361	-0.006176	-0.031222	-0.008316	0.021952	0.017444	0.012632	-0.014804	0.017275	0.009874	0.014639	-0.032083	0.016837	0.037313	0.010500	0.005801	0.002034	0.017490	-0.004555	-0.028341	0.004802	0.020294	0.023614	-0.011785	0.035735	0.019266	0.018074	0.017933	-0.026116	0.027343	0.022682	
0.015732	0.019636	-0.008120	0.017630	0.011533	0.031849	-0.009804	-0.019153	0.006807	-0.020961	0.000993	0.033601	0.949371	-0.015274	-0.005711	0.010660	0.000850	0.023853	0.027320	0.009493	0.012010	-0.008380	0.021829	0.036960	0.028546	0.017613	-0.047022	-0.034120	0.011804	0.037269	0.012018	0.015793	-0.035223	-0.010831	-0.071690	-0.066959	-0.048226	-0.044240	-0.054455	0.011938	0.002707	-0.030969	0.046846	-0.017474	-0.033592	0.021663	-0.047240	0.015499	-0.007107	-0.045938	-0.043315	-0.026566	0.008487	0.002587	-0.035347	0.018131	0.009075	0.023918	0.013131	0.002236	0.023381	-0.072025	0.040518	-0.052026	-0.001435	-0.066447	-0.008741	-0.030422	0.015912	0.019446	-0.032247	-0.040235	-0.002474	-0.021209	-0.062682	-0.012843	0.003290	-0.028099	-0.038313	-0.072704	-0.000881	-0.008140	-0.009415	-0.011799	0.009439	-0.006948	0.006078	0.025086	0.020735	0.021375	0.009141	0.014113	0.017436	0.014460	-0.049918	-0.027713	-0.000578	0.020850	-0.051630	0.012243	0.033190	0.014964	-0.003783	0.021893	0.023608	0.039899	-0.012546	0.005309	0.004005	0.005159	0.017265	-0.002031	0.004326	0.009620	0.014332	-0.015728	-0.001312	0.030895	-0.015258	0.012253	-0.020750	0.017801	0.023257	0.013745	0.011138	0.014439	0.014565	-0.004256	0.000384	0.005654	-0.015791	-0.059634	-0.003899	0.026055	0.011478	0.004687	-0.017264	-0.012095	0.033853	0.020486	-0.040080	-0.057251	-0.016352	-0.044071	-0.084470	-0.015744	0.030854	-0.053174	-0.089678	-0.039319	-0.031900	-0.007169	-0.042978	-0.011242	-0.005142	0.000495	0.008732	0.021949	0.005274	-0.023300	0.046187	0.016969	-0.049853	-0.031719	-0.070383	-0.042951	0.021824	0.007963	-0.004698	0.002664	0.025276	0.008998	0.019906	-0.016403	0.027150	-0.071725	0.021058	-0.024680	-0.042607	0.007950	0.001017	0.016000	-0.052568	-0.013770	-0.010073	-0.053126	0.007854	0.018536	-0.060347	0.015237	-0.022234	-0.028025	0.020461	-0.031338	0.019466	0.003477	0.003094	0.006000	0.019318	0.017155	-0.021821	0.005039	0.020848	0.039141	0.010025	0.007362	0.037053	-0.012183	0.039931	0.024242	0.003135	-0.007697	-0.010657	0.018762	0.004618	0.013301	0.019943	-0.026781	0.024745	0.022066	
0.010959	-0.021710	0.005856	-0.015523	-0.009499	0.015456	-0.001034	-0.021547	-0.002976	0.007982	0.007152	0.025893	-0.015274	0.946804	0.019469	0.011965	0.000083	0.037317	0.029308	0.010607	0.000916	-0.023941	0.003511	0.009385	0.001099	0.003494	-0.056099	-0.062915	0.022274	0.009510	0.027899	-0.001422	-0.014519	0.019300	-0.032133	-0.040008	-0.058843	-0.049660	-0.045508	0.006248	-0.006777	-0.030405	0.008844	-0.019987	-0.058532	0.037368	-0.068021	-0.004958	-0.020659	-0.049616	-0.042850	0.008316	0.001912	0.008379	-0.040297	-0.042264	0.024448	0.010675	0.016463	0.002936	0.029235	-0.063127	0.011843	-0.056286	0.012426	-0.056636	0.013852	0.014096	-0.009300	0.031691	-0.067710	-0.068097	0.002306	-0.020451	-0.043029	0.002522	0.019554	-0.054549	-0.036272	-0.096324	0.038902	-0.028383	-0.002880	0.011405	-0.007406	0.006630	0.022219	0.018788	0.027472	0.026793	0.005697	-0.003265	-0.007597	-0.015849	-0.097789	-0.012498	-0.019202	0.011477	-0.032669	0.017566	-0.008094	0.003328	0.009763	-0.000035	-0.006721	0.024613	0.039085	0.007069	0.008172	0.029913	0.025988	-0.001877	0.020337	-0.004517	0.019834	0.016520	0.035802	0.003995	-0.007953	-0.007941	0.025188	0.023581	-0.009702	0.020334	0.022649	0.023576	-0.010239	-0.002452	0.008779	-0.014665	0.005271	-0.056178	-0.041908	-0.010069	0.021669	0.000831	0.002050	0.003569	-0.007574	0.012945	-0.047701	-0.056836	-0.038696	-0.034585	-0.048494	-0.009603	0.025225	-0.067677	-0.054584	-0.020415	-0.039268	0.045584	-0.064478	0.010343	0.000436	0.013777	0.024204	-0.014781	0.013868	0.001812	0.022937	0.011831	-0.056189	-0.011396	-0.024532	-0.070471	0.026979	0.009015	0.016281	0.026715	-0.002680	0.034902	0.005334	-0.017018	0.023999	-0.037185	0.009133	-0.040503	-0.053286	0.034708	0.045101	0.005202	-0.072078	-0.008407	0.001699	-0.062027	0.014630	0.049704	-0.040583	0.037442	-0.015292	-0.022303	0.020458	0.021897	0.013532	0.022228	0.011893	0.018692	-0.014547	0.001084	0.003775	0.017745	0.019289	0.017895	0.005600	0.022582	0.005669	-0.010811	-0.004978	0.014261	0.016274	0.026598	-0.006892	-0.008018	0.019922	-0.007128	0.032051	-0.055953	0.025126	0.008223	
0.015138	0.014274	0.014161	-0.024306	0.020484	-0.017205	-0.030396	-0.027130	0.003461	0.003904	0.028980	-0.009448	-0.005711	0.019469	0.922965	0.004910	0.000486	-0.012576	0.021752	0.028766	0.015676	-0.018327	0.004154	0.010718	-0.003630	0.004079	-0.029950	-0.064193	-0.013053	0.011055	0.022319	0.012440	-0.008615	0.008759	-0.053261	-0.025539	-0.032103	-0.028128	-0.001753	0.032246	-0.002592	-0.036005	0.009487	-0.013618	-0.038432	0.008488	-0.013560	-0.021161	-0.025731	-0.022812	-0.038803	0.008126	-0.005098	-0.005692	-0.038180	0.004536	0.007967	0.022472	0.009089	-0.002580	-0.016053	-0.027417	-0.001148	-0.014095	-0.007209	-0.031341	-0.003819	0.010607	-0.008675	-0.000155	-0.046773	-0.035419	0.005098	0.002439	-0.033623	0.008713	0.009285	-0.043021	-0.051890	-0.034164	-0.013174	-0.023213	-0.038909	-0.013987	0.019284	-0.003614	0.039843	0.011089	0.009210	0.001490	0.003676	0.012456	0.006173	0.010938	-0.054918	-0.020201	-0.021338	-0.002159	-0.020299	0.026310	0.008994	0.003258	0.014642	0.005133	-0.006697	0.018576	0.001641	0.009302	0.005750	0.029310	0.014588	0.026800	0.012580	0.005862	0.027039	-0.001818	0.015703	0.020381	0.006175	-0.002033	0.027061	0.004933	0.016781	0.010625	0.017487	0.002780	0.020642	0.004175	0.018162	0.011304	-0.034788	-0.035993	-0.044214	-0.005765	0.022936	0.019237	0.002635	0.015158	-0.003733	0.014871	-0.030206	-0.037485	-0.050322	-0.033311	-0.045156	0.013857	0.010445	-0.038330	-0.020650	-0.042539	-0.041197	0.014520	-0.001345	0.007231	0.034355	-0.001093	-0.014301	-0.002105	-0.010020	-0.016785	0.027003	0.045261	-0.049929	-0.009134	-0.031238	-0.044450	0.004887	0.014195	0.016648	-0.005786	-0.003810	0.013615	0.014165	-0.019779	-0.001539	-0.034202	0.034135	-0.047275	-0.059453	0.022109	-0.014827	0.002546	-0.042557	0.000602	-0.026571	-0.038345	0.015610	-0.008104	-0.045216	0.005504	-0.013926	-0.019065	-0.022215	-0.010964	0.006312	-0.019560	0.022725	0.011819	-0.004640	0.013938	-0.000157	0.004682	-0.003837	0.004825	0.023425	0.000580	0.021368	-0.009735	-0.015159	0.020487	0.007707	0.007247	-0.028405	0.024056	-0.022004	-0.008287	0.001265	-0.038823	0.044769	-0.000131	
0.013917	0.023749	-0.004923	0.028172	0.033025	-0.021058	-0.014386	-0.010633	0.035751	0.016591	0.021951	0.010986	0.010660	0.011965	0.004910	0.951400	-0.004708	0.010949	0.047136	0.024248	0.017888	-0.016913	0.016389	0.020129	0.011437	-0.004039	-0.055185	-0.028958	-0.001518	0.001911	0.019249	-0.036459	-0.015388	0.004519	-0.073479	-0.016128	-0.063146	-0.045319	-0.041435	-0.001211	-0.025646	-0.044707	0.033965	-0.010268	-0.036822	-0.005951	-0.009067	-0.004408	-0.020387	-0.044793	-0.033716	0.000630	-0.008296	-0.010362	-0.032252	0.018756	0.019090	0.022144	0.044565	-0.003799	0.001435	-0.040955	0.014238	-0.055182	0.009256	-0.054282	-0.020191	0.005837	0.000693	0.002245	-0.059852	-0.072353	0.012750	-0.034367	-0.021820	-0.044567	0.013910	-0.029485	-0.027673	-0.035586	0.007361	0.005273	-0.008043	0.025130	-0.007203	0.009082	-0.004499	0.024178	0.020812	0.005462	0.018932	0.004442	-0.013483	-0.019655	-0.060362	0.001802	-0.027954	0.015183	-0.046588	0.005891	0.012545	0.021733	0.001376	0.000954	0.025992	-0.011647	0.011956	-0.004562	0.024754	0.033678	0.012096	0.059940	0.005615	0.020893	0.011349	0.039783	0.026027	0.005598	0.024107	-0.004661	0.001166	0.023199	-0.003020	0.011621	-0.004293	0.010583	-0.006632	0.012628	0.011467	-0.018737	-0.021481	-0.050755	-0.049191	-0.001645	0.004350	0.016671	-0.007154	0.001971	0.019269	-0.008184	-0.072669	-0.058924	-0.054012	-0.053694	-0.047625	-0.017599	0.013876	-0.068319	-0.053548	-0.036501	-0.060178	0.016303	-0.055684	0.026922	0.036930	-0.026055	0.025797	-0.015138	0.001357	-0.045219	-0.000715	0.004423	-0.047414	0.024614	-0.076148	-0.050619	0.012467	0.006136	0.046741	-0.014565	-0.000567	0.029243	0.013098	-0.018024	0.006754	-0.068287	0.005125	-0.070376	-0.056729	0.023853	0.026480	0.017427	-0.043452	0.006549	-0.003342	-0.055059	-0.004947	0.011804	-0.055884	0.034630	0.001120	0.029556	0.027800	0.019384	0.018412	0.016417	0.034703	-0.005342	0.020135	0.005276	-0.010873	-0.008595	0.003589	0.005332	0.000763	0.026890	0.033580	0.032510	-0.010572	-0.000062	0.004273	0.000482	-0.037349	0.036061	0.000887	0.006299	0.017358	-0.035247	0.015281	0.031478	
-0.001977	-0.010010	-0.003574	0.014701	0.021720	-0.004455	-0.025071	-0.030361	0.010283	-0.021617	0.032488	0.048191	0.000850	0.000083	0.000486	-0.004708	0.922472	0.013290	0.012573	0.029488	0.002532	-0.019574	-0.001864	0.014805	0.016208	0.005024	-0.042386	-0.083535	0.009884	-0.016035	-0.015382	-0.002537	-0.026078	0.033017	-0.026415	-0.051197	-0.016272	-0.032833	-0.044191	0.014640	-0.011339	-0.043661	0.013948	-0.027095	-0.009763	0.016436	-0.036511	-0.030428	-0.015623	-0.047740	-0.057980	0.006586	-0.021182	-0.023343	-0.064342	0.036290	0.029836	0.015431	0.034857	-0.049134	0.032501	-0.038381	0.028512	-0.063533	0.021643	-0.049353	-0.001745	0.039973	-0.020077	0.010766	-0.051460	-0.017050	-0.019416	-0.027732	-0.039619	-0.022617	0.030499	-0.044924	-0.031609	-0.020505	0.019851	-0.013276	-0.008642	-0.008029	-0.008902	0.010591	0.002558	0.029915	0.012194	-0.007154	0.000559	0.024622	-0.003023	-0.043731	-0.015657	-0.033439	-0.028145	0.005440	-0.042580	0.007831	0.028557	0.018579	0.036288	-0.002413	0.034760	0.017196	0.040985	0.017715	-0.015268	-0.003510	0.023082	0.017615	0.023843	0.035395	0.002570	0.013341	0.024338	0.035125	0.008458	0.028341	0.021040	0.017470	-0.003833	0.044796	0.012099	0.015721	-0.001416	0.022696	0.064107	-0.012038	-0.027691	-0.030375	-0.040261	0.013128	0.001457	0.018707	-0.022896	0.004664	0.012935	-0.013188	-0.036785	-0.021089	-0.022070	-0.069126	-0.028372	0.000376	0.015984	-0.039451	-0.020973	-0.015106	-0.025435	0.022720	-0.063782	0.015182	0.001648	-0.032675	0.028658	-0.014522	0.003971	-0.009127	0.006265	0.031063	-0.035873	-0.010102	-0.031033	-0.051272	0.038078	-0.017721	0.008513	-0.019470	0.017432	0.015965	-0.005500	-0.035044	0.014372	-0.058054	0.038365	-0.072277	-0.037058	0.035890	0.021059	0.022580	-0.067782	-0.027875	-0.030167	-0.047555	0.004558	0.014082	-0.052044	0.001204	0.009440	-0.014611	-0.000642	0.029627	0.003260	0.007955	0.019304	0.017675	-0.003369	0.003713	-0.040068	0.011788	0.039608	0.007759	-0.003684	-0.008217	-0.000650	0.015325	-0.028109	0.026141	0.000111	-0.012642	-0.036715	-0.001571	0.010860	0.019462	-0.012236	-0.032202	0.014554	0.031032	
-0.008489	-0.003864	-0.019752	0.006899	0.020554	0.002020	-0.010580	-0.004943	0.012566	-0.024589	0.018483	-0.001603	0.023853	0.037317	-0.012576	0.010949	0.013290	0.957221	0.002794	0.020536	-0.019308	-0.017199	0.022360	0.034577	-0.002215	-0.013865	-0.038808	-0.082415	-0.018015	0.022965	-0.009516	-0.006884	0.002141	0.018461	-0.042738	-0.046567	-0.019569	-0.021787	-0.034827	-0.010079	-0.019394	-0.033179	0.017965	-0.010796	-0.018897	0.012717	-0.023898	-0.021650	-0.029606	-0.055674	-0.031857	-0.033562	-0.000043	-0.010449	-0.023848	-0.015847	0.032623	0.008098	-0.009873	-0.018647	0.046615	-0.060343	-0.000911	-0.014943	0.016356	-0.012874	-0.017291	0.025573	0.016835	0.036340	-0.036181	-0.046053	0.002442	0.004368	-0.041849	-0.003724	0.031860	-0.043212	-0.057183	-0.047911	-0.000731	-0.013418	-0.007259	-0.018636	-0.007934	0.003426	0.012799	0.026678	0.011025	0.006916	-0.002213	-0.022068	0.001848	-0.017377	-0.038090	-0.007544	-0.006214	-0.009598	-0.051219	0.012075	-0.007405	0.010447	0.013694	0.001615	0.000844	0.027681	0.011615	-0.004452	0.019499	0.011627	0.011888	-0.011213	0.004645	0.028799	0.018679	0.026505	0.030724	0.014641	0.015184	0.002058	0.010334	0.018001	0.001401	0.031005	0.014984	0.030900	-0.009399	0.025487	-0.016123	-0.010116	-0.054740	-0.024304	-0.025532	-0.000624	0.000004	-0.000995	-0.026361	0.023441	0.031154	-0.009245	-0.012271	-0.047071	-0.046898	-0.044523	-0.014323	-0.035748	0.001931	-0.006068	-0.026485	-0.041640	-0.035313	0.016904	-0.040988	0.010653	0.000782	-0.005856	0.012227	-0.006857	-0.004072	-0.019024	-0.003108	0.004557	-0.055548	-0.018953	-0.037853	-0.036665	0.007516	0.019881	0.011329	0.023125	0.006657	0.017159	-0.003847	-0.002532	0.014043	-0.006703	0.018849	-0.030495	-0.023460	0.010338	0.002097	-0.008525	-0.053094	-0.002583	-0.004670	-0.012515	0.007678	0.020423	-0.011309	0.007331	-0.012319	-0.006832	0.033706	0.042446	-0.000755	0.009486	0.026091	0.029589	0.000334	0.027460	-0.000230	0.011774	-0.005727	0.010101	-0.008121	-0.013547	0.014063	0.014986	-0.008738	-0.012247	0.003993	-0.004113	-0.032070	-0.001636	-0.006644	0.002456	0.001144	-0.028295	0.001469	-0.000576	
0.026366	-0.012404	0.002416	0.029712	0.021747	0.006627	0.000530	-0.008887	0.022782	-0.011209	0.002261	0.022045	0.027320	0.029308	0.021752	0.047136	0.012573	0.002794	0.945196	0.036958	0.026555	-0.011471	0.027439	0.001561	0.015528	0.015374	-0.055682	-0.053308	0.012806	0.032947	0.008048	-0.042162	-0.031362	0.009121	-0.041345	-0.055953	-0.059887	-0.032577	-0.000591	0.006001	0.000176	-0.062618	0.021435	-0.015706	-0.022583	0.009982	-0.020771	-0.045558	-0.011054	-0.032021	-0.068079	-0.046637	-0.016586	-0.003910	-0.021052	0.009763	0.044472	0.027426	0.007916	-0.019299	0.018718	-0.072577	0.014615	-0.033601	0.017919	-0.057490	0.047283	-0.002278	-0.047235	0.027117	-0.042671	-0.048280	0.007386	-0.044165	-0.026454	0.001741	-0.027374	-0.017940	-0.051968	-0.058243	0.032430	-0.007637	-0.009212	0.017415	0.007977	-0.022086	-0.001749	0.015068	0.028484	0.008404	-0.013327	0.015865	-0.010212	-0.039128	-0.042890	-0.034117	0.010027	0.017492	-0.058201	0.044891	0.018638	0.005729	0.038176	0.016695	0.001189	0.002044	0.023652	0.012234	0.033710	-0.015536	-0.004751	0.020916	0.025277	0.036242	-0.009406	0.018986	0.018998	0.020941	-0.000343	0.036104	0.025079	0.007522	-0.019164	0.006086	0.005941	0.047378	-0.011498	0.001614	0.000073	-0.001887	-0.022098	-0.043248	-0.019589	-0.000651	0.018760	0.017143	-0.023910	0.029905	0.025189	0.027649	-0.053607	-0.057488	-0.037644	-0.060818	-0.040157	-0.036192	0.033652	-0.044860	-0.047557	-0.033967	-0.038801	0.027909	-0.026940	0.021753	0.007241	-0.019721	0.017987	-0.005345	0.001974	-0.024559	0.013002	0.002135	-0.028555	-0.021844	-0.051029	-0.085692	-0.000912	0.031193	0.034735	0.023431	0.023781	0.013126	-0.000223	-0.002256	-0.003766	-0.057098	0.016878	-0.042467	-0.059037	0.008350	0.007101	-0.011329	-0.043317	-0.029837	-0.028508	-0.048860	0.019382	0.008734	-0.008981	0.022172	-0.010435	-0.000195	-0.010534	0.010133	0.015102	-0.000409	0.008593	0.011334	0.001706	-0.007192	-0.014927	-0.009051	0.015055	-0.006940	0.016212	-0.016456	0.018131	0.029202	-0.010548	0.011810	0.015896	-0.002636	0.009789	-0.013085	0.019236	-0.010120	0.010971	-0.058208	0.020668	-0.002104	
