0.000000	0.252474	0.253223	0.240467	0.245982	0.246679	0.260718	0.254663	0.241414	0.256242	0.242940	0.244400	0.248846	0.243587	0.244473	0.242349	0.242716	0.247577	0.245348	0.244546	0.243605	0.254097	0.243029	0.245440	0.244009	0.241783	0.258126	0.258680	0.247756	0.242526	0.241988	0.252848	0.255879	0.244383	0.250609	0.252656	0.251047	0.258168	0.260375	0.244318	0.257183	0.261082	0.244410	0.256481	0.254539	0.245412	0.256200	0.253372	0.257689	0.257592	0.258899	0.256227	0.254650	0.259296	0.257604	0.244057	0.241604	0.239879	0.240837	0.253426	0.243101	0.252270	0.241618	0.256442	0.243608	0.251990	0.240595	0.239460	0.260296	0.239916	0.253985	0.250722	0.242723	0.253194	0.258808	0.258992	0.249038	0.252319	0.259798	0.254574	0.245334	0.255937	0.255200	0.247372	0.243201	0.242249	0.242130	0.246258	0.243299	0.246933	0.244935	0.244594	0.256094	0.251177	0.251653	0.256978	0.258380	0.243505	0.252952	0.249103	0.241760	0.241894	0.239727	0.244312	0.244192	0.244499	0.245922	0.242647	0.246506	0.239099	0.247153	0.245430	0.243915	0.242254	0.245871	0.240519	0.244240	0.242241	0.244387	0.245616	0.245080	0.241882	0.242378	0.242473	0.242026	0.244214	0.248837	0.243638	0.245185	0.255071	0.256703	0.251561	0.258865	0.256569	0.243844	0.244173	0.258503	0.244159	0.242533	0.246533	0.249305	0.250899	0.250535	0.253201	0.255257	0.259186	0.243622	0.248005	0.252340	0.259490	0.260129	0.240740	0.251308	0.243352	0.244291	0.254450	0.243342	0.252387	0.244800	0.258073	0.242273	0.240879	0.251061	0.258991	0.251982	0.251837	0.241639	0.244649	0.241233	0.244374	0.244010	0.246446	0.246167	0.258290	0.245705	0.255896	0.246472	0.249614	0.250425	0.244467	0.245069	0.239783	0.248472	0.259005	0.251533	0.251364	0.241088	0.247112	0.252731	0.248776	0.254624	0.249072	0.242553	0.242706	0.244145	0.247537	0.242736	0.244712	0.241885	0.243998	0.256203	0.242467	0.241617	0.245148	0.242424	0.243267	0.240941	0.246326	0.254653	0.240900	0.243838	0.244379	0.253496	0.246301	0.246576	0.243827	0.240816	0.251711	0.247954	0.243542	
0.252474	0.000000	0.230042	0.250000	0.251528	0.255593	0.233303	0.229182	0.249979	0.229394	0.246494	0.253303	0.256349	0.249913	0.254567	0.256059	0.253686	0.256176	0.255108	0.251536	0.255660	0.230047	0.251922	0.255076	0.252847	0.257274	0.265709	0.265532	0.254256	0.252546	0.255635	0.234174	0.256867	0.250788	0.256532	0.257371	0.256232	0.262675	0.263063	0.254010	0.235736	0.263803	0.255358	0.229146	0.261406	0.250388	0.260517	0.234400	0.232503	0.259385	0.262435	0.231843	0.234142	0.236056	0.264377	0.250893	0.254719	0.249243	0.254497	0.230763	0.255495	0.257648	0.252663	0.261018	0.252167	0.253470	0.252468	0.250210	0.227364	0.258987	0.257207	0.256377	0.251278	0.231883	0.261934	0.228581	0.253657	0.256930	0.263732	0.256641	0.255489	0.230808	0.227939	0.245748	0.257264	0.252880	0.250000	0.255157	0.257357	0.255030	0.254022	0.250450	0.229984	0.230359	0.255307	0.233250	0.233172	0.253483	0.256418	0.256489	0.250631	0.255620	0.246470	0.255088	0.258198	0.249987	0.254772	0.256442	0.251584	0.257868	0.254499	0.254559	0.252431	0.252956	0.251747	0.251515	0.249500	0.255789	0.251419	0.260889	0.256766	0.256577	0.253468	0.256694	0.251377	0.254371	0.257967	0.257610	0.250713	0.232775	0.236506	0.256030	0.265798	0.235031	0.250914	0.252399	0.236282	0.251397	0.254352	0.255916	0.254192	0.256838	0.257293	0.254690	0.256010	0.232263	0.250210	0.255014	0.255903	0.262349	0.265203	0.253709	0.253697	0.252302	0.261014	0.230532	0.255477	0.229292	0.258125	0.232866	0.251434	0.252962	0.254138	0.232432	0.254019	0.258372	0.253191	0.249056	0.253933	0.250814	0.251060	0.258353	0.256320	0.231680	0.257307	0.256699	0.251765	0.256630	0.258126	0.253329	0.258705	0.252015	0.252615	0.238530	0.229532	0.255837	0.249640	0.257290	0.252656	0.253906	0.226437	0.249428	0.252894	0.252547	0.254552	0.259894	0.253562	0.258483	0.256151	0.254345	0.233255	0.253281	0.254051	0.253761	0.254444	0.250084	0.252370	0.257416	0.225764	0.254296	0.254818	0.253416	0.232620	0.257203	0.254580	0.243093	0.253086	0.255424	0.257040	0.256783	
0.253223	0.230042	0.000000	0.249945	0.253280	0.251399	0.230610	0.226807	0.250213	0.232371	0.250891	0.252565	0.259243	0.251996	0.254642	0.251895	0.255036	0.255295	0.255714	0.251753	0.250199	0.227903	0.252566	0.249925	0.250011	0.252181	0.257235	0.260582	0.253576	0.253592	0.250363	0.225791	0.255443	0.249351	0.256894	0.258818	0.255688	0.259374	0.256832	0.249499	0.231128	0.261037	0.252999	0.227958	0.255815	0.250234	0.254184	0.227610	0.229196	0.258336	0.257476	0.233718	0.230961	0.234025	0.257747	0.254394	0.255283	0.250639	0.252070	0.230134	0.251590	0.255070	0.251053	0.259362	0.248412	0.252278	0.252928	0.254377	0.226218	0.252075	0.256930	0.255918	0.251933	0.230383	0.257603	0.231613	0.251685	0.257061	0.260735	0.253017	0.254869	0.229352	0.229240	0.244181	0.258435	0.250000	0.250757	0.251722	0.250836	0.253356	0.251559	0.253780	0.228060	0.229636	0.256121	0.230634	0.235884	0.254293	0.256373	0.256843	0.250736	0.249594	0.252076	0.249604	0.253367	0.252374	0.250298	0.252007	0.255544	0.252293	0.252845	0.250788	0.252089	0.250053	0.248251	0.249968	0.254853	0.253281	0.249146	0.256209	0.252500	0.252695	0.253332	0.250998	0.251900	0.253347	0.254642	0.250642	0.249649	0.229324	0.231292	0.256515	0.259923	0.234286	0.251193	0.251920	0.231683	0.248080	0.249132	0.253463	0.254179	0.254947	0.255100	0.257201	0.259233	0.228357	0.247957	0.252187	0.256623	0.259225	0.260698	0.249071	0.256619	0.248494	0.253701	0.234632	0.254733	0.228400	0.255274	0.229024	0.251211	0.248864	0.255552	0.231100	0.257271	0.258263	0.250724	0.252169	0.254861	0.254998	0.252981	0.254125	0.250597	0.232239	0.255295	0.256407	0.252563	0.255726	0.258070	0.249263	0.253016	0.250238	0.252277	0.232601	0.226019	0.255720	0.248622	0.255063	0.254170	0.253653	0.229230	0.244190	0.254788	0.246472	0.248454	0.254859	0.255705	0.252256	0.256683	0.249478	0.231674	0.250861	0.249735	0.247798	0.249333	0.258200	0.251686	0.252733	0.224625	0.253654	0.249742	0.252471	0.232355	0.248991	0.250969	0.241168	0.247065	0.254841	0.254084	0.251289	
0.240467	0.250000	0.249945	0.000000	0.245004	0.243676	0.254471	0.253030	0.244489	0.252640	0.240341	0.243317	0.243573	0.241774	0.245532	0.244116	0.245279	0.242134	0.244299	0.241618	0.237857	0.251455	0.238807	0.242524	0.239327	0.239970	0.260615	0.260129	0.241613	0.238167	0.243124	0.252595	0.251506	0.239270	0.250420	0.253554	0.252144	0.258080	0.261098	0.243449	0.254267	0.260262	0.241532	0.251275	0.257119	0.241049	0.254158	0.253311	0.252481	0.252930	0.255982	0.251669	0.255064	0.253286	0.257812	0.240567	0.241886	0.237822	0.236377	0.251605	0.241727	0.252590	0.241672	0.254009	0.243719	0.251331	0.241197	0.236109	0.252804	0.240906	0.253251	0.252772	0.244388	0.252541	0.256235	0.250380	0.241283	0.252278	0.257920	0.250921	0.242871	0.255062	0.251357	0.247412	0.247194	0.245192	0.241023	0.242817	0.240007	0.246012	0.242808	0.243196	0.251964	0.254206	0.249965	0.250757	0.256898	0.243682	0.251599	0.244553	0.239374	0.244095	0.239050	0.238214	0.243535	0.240468	0.245548	0.247174	0.239547	0.241681	0.244549	0.238525	0.242062	0.239665	0.242982	0.241210	0.240750	0.241198	0.240550	0.249321	0.241137	0.239496	0.244819	0.243641	0.241209	0.240884	0.242698	0.237559	0.240047	0.249257	0.254101	0.250812	0.261741	0.256208	0.242341	0.239904	0.256223	0.240093	0.243711	0.243194	0.248849	0.250089	0.249768	0.254914	0.255062	0.248878	0.238988	0.245344	0.250833	0.260792	0.257438	0.237403	0.252029	0.242049	0.243817	0.252055	0.244912	0.252240	0.247004	0.250359	0.241959	0.237389	0.251275	0.255388	0.250122	0.250199	0.240288	0.242060	0.242367	0.242330	0.246810	0.240155	0.239435	0.253946	0.242024	0.254070	0.242424	0.249355	0.253211	0.243618	0.239765	0.239087	0.248663	0.258074	0.254576	0.251522	0.236114	0.243408	0.248773	0.247003	0.252266	0.249131	0.242731	0.238283	0.243096	0.246336	0.244829	0.244552	0.242604	0.241068	0.250272	0.238698	0.239396	0.241741	0.242330	0.240707	0.239559	0.248299	0.246492	0.241465	0.239860	0.242734	0.251289	0.248476	0.241478	0.240179	0.240689	0.252562	0.243646	0.242074	
0.245982	0.251528	0.253280	0.245004	0.000000	0.242296	0.259500	0.252622	0.245320	0.256767	0.246458	0.249308	0.250923	0.244810	0.245883	0.246703	0.246657	0.246101	0.250534	0.241463	0.240717	0.250781	0.246868	0.243240	0.243934	0.243240	0.260073	0.265694	0.246751	0.241737	0.245146	0.254538	0.253251	0.243738	0.252561	0.255806	0.254927	0.263151	0.261678	0.241636	0.260301	0.263631	0.242872	0.256638	0.257385	0.243758	0.259205	0.259155	0.254833	0.261126	0.261796	0.255206	0.260933	0.255248	0.262328	0.247242	0.245910	0.241596	0.245786	0.254978	0.244725	0.252764	0.243085	0.258969	0.242795	0.253454	0.246274	0.243715	0.258128	0.247625	0.257328	0.253790	0.243020	0.253111	0.260223	0.255978	0.246886	0.253869	0.264453	0.255622	0.245943	0.252842	0.256226	0.246929	0.248300	0.243224	0.243823	0.244272	0.239930	0.247528	0.241937	0.247648	0.257598	0.252583	0.253995	0.256126	0.255909	0.247459	0.254820	0.249339	0.242944	0.244063	0.244262	0.242140	0.247189	0.244764	0.247036	0.245978	0.242812	0.246278	0.247312	0.243839	0.246934	0.241716	0.244433	0.240709	0.243721	0.244825	0.247183	0.250579	0.243382	0.245506	0.244811	0.246859	0.243047	0.243770	0.247466	0.249403	0.245758	0.256137	0.259058	0.253844	0.261043	0.261621	0.248481	0.245544	0.260486	0.245435	0.245932	0.243445	0.251407	0.255303	0.256089	0.255404	0.256742	0.253454	0.241205	0.252169	0.252777	0.264471	0.262053	0.247169	0.254040	0.242211	0.245163	0.256924	0.244634	0.253209	0.248265	0.254705	0.244642	0.243937	0.252178	0.257854	0.251462	0.256921	0.243631	0.244897	0.244089	0.244294	0.243518	0.246303	0.246700	0.252589	0.243310	0.255797	0.246187	0.254142	0.253072	0.243854	0.244008	0.242935	0.251751	0.257513	0.256932	0.253736	0.242086	0.244689	0.251996	0.243365	0.257113	0.247962	0.245374	0.242150	0.245323	0.249226	0.246584	0.249741	0.246339	0.242411	0.256578	0.245338	0.245049	0.244114	0.244725	0.244743	0.242504	0.247677	0.251261	0.244393	0.245615	0.247004	0.254023	0.242296	0.244245	0.249193	0.242832	0.254044	0.247610	0.248906	
0.246679	0.255593	0.251399	0.243676	0.242296	0.000000	0.254725	0.254926	0.243201	0.259464	0.242372	0.243780	0.247410	0.243065	0.246997	0.245563	0.247213	0.247310	0.247470	0.242535	0.242095	0.252069	0.242978	0.246865	0.241578	0.237993	0.263233	0.262062	0.245155	0.241505	0.243439	0.250891	0.256842	0.243180	0.254682	0.256957	0.256421	0.259863	0.261821	0.248284	0.257380	0.260592	0.243547	0.255212	0.258456	0.246725	0.260890	0.256436	0.252484	0.256751	0.260695	0.254127	0.250549	0.255728	0.260503	0.244050	0.243889	0.244471	0.240364	0.253940	0.243606	0.252975	0.242889	0.259550	0.243015	0.253397	0.240797	0.243261	0.253578	0.244409	0.257185	0.255759	0.243008	0.256471	0.258569	0.255812	0.244674	0.256346	0.261217	0.256676	0.247600	0.254265	0.247030	0.246976	0.249469	0.246617	0.239765	0.245537	0.240106	0.244362	0.244073	0.244248	0.255197	0.252720	0.252280	0.251883	0.253449	0.244867	0.258052	0.243938	0.239730	0.244511	0.247622	0.245839	0.245233	0.243726	0.244401	0.246495	0.241815	0.244745	0.246689	0.244476	0.246114	0.237625	0.244928	0.241123	0.244567	0.243851	0.242104	0.250600	0.244877	0.243648	0.244586	0.244244	0.241259	0.246356	0.244043	0.240378	0.246089	0.255063	0.255233	0.251004	0.261255	0.260841	0.246753	0.246229	0.257937	0.242800	0.244119	0.245339	0.251800	0.255380	0.253264	0.256967	0.254526	0.252972	0.244004	0.250437	0.253603	0.262431	0.263897	0.240222	0.256211	0.242954	0.244717	0.252817	0.245334	0.250703	0.244847	0.251075	0.241084	0.241972	0.255301	0.250864	0.255245	0.255086	0.243373	0.243254	0.242444	0.244471	0.241378	0.241219	0.244617	0.250123	0.239694	0.258255	0.245785	0.253620	0.253721	0.242123	0.243406	0.237806	0.252707	0.254601	0.257831	0.252010	0.240646	0.246867	0.252581	0.247909	0.256212	0.246276	0.246936	0.243141	0.246430	0.248789	0.246212	0.246884	0.241642	0.241683	0.252685	0.248503	0.242438	0.243231	0.238929	0.244240	0.243620	0.246996	0.251414	0.241793	0.243571	0.245902	0.254020	0.243649	0.246202	0.247798	0.241291	0.256741	0.247296	0.242926	
0.260718	0.233303	0.230610	0.254471	0.259500	0.254725	0.000000	0.234330	0.255589	0.232609	0.256685	0.257400	0.259990	0.253179	0.258481	0.257001	0.260521	0.262414	0.258990	0.254544	0.258699	0.232892	0.257395	0.256288	0.251018	0.258307	0.262235	0.266655	0.259137	0.255270	0.257150	0.238083	0.255437	0.254730	0.262073	0.261507	0.257965	0.263831	0.264321	0.254699	0.237502	0.261192	0.257713	0.234373	0.261450	0.256104	0.260349	0.232859	0.234855	0.260244	0.264214	0.236179	0.234988	0.236597	0.263503	0.257009	0.256236	0.254251	0.258301	0.232921	0.265025	0.260783	0.256657	0.260957	0.251734	0.256219	0.256751	0.255197	0.232430	0.260339	0.258931	0.258425	0.252138	0.235004	0.264698	0.232229	0.253010	0.257777	0.263649	0.257599	0.257411	0.232865	0.232263	0.250194	0.259290	0.257448	0.255259	0.259638	0.253622	0.256955	0.257496	0.254647	0.236268	0.234824	0.259493	0.234713	0.236167	0.259427	0.260300	0.258868	0.255641	0.257944	0.254860	0.255979	0.261669	0.261455	0.256616	0.261083	0.258685	0.258572	0.257138	0.255793	0.259554	0.254527	0.256322	0.255567	0.257016	0.257326	0.258657	0.258884	0.255904	0.253541	0.258223	0.254769	0.258436	0.254951	0.257760	0.256198	0.251762	0.235220	0.236495	0.257585	0.265972	0.242339	0.254354	0.256331	0.234100	0.253157	0.257594	0.259667	0.254037	0.258713	0.254788	0.259982	0.258022	0.231046	0.255100	0.256935	0.260833	0.264300	0.264095	0.256817	0.259299	0.254512	0.259605	0.234808	0.261616	0.231275	0.259746	0.232267	0.254544	0.254401	0.259888	0.234777	0.262953	0.261350	0.257598	0.254204	0.262337	0.257605	0.259206	0.255008	0.258753	0.232118	0.257538	0.263058	0.257227	0.261657	0.258497	0.256206	0.259508	0.256219	0.254864	0.231577	0.230577	0.258704	0.251908	0.257548	0.257167	0.257308	0.231871	0.247262	0.257246	0.251759	0.257339	0.264425	0.260024	0.258511	0.256915	0.255214	0.232404	0.256469	0.256686	0.252108	0.252570	0.256794	0.253612	0.253757	0.230414	0.258507	0.260497	0.259300	0.230836	0.254489	0.250390	0.242039	0.253891	0.262327	0.256903	0.257868	
0.254663	0.229182	0.226807	0.253030	0.252622	0.254926	0.234330	0.000000	0.250928	0.229888	0.255292	0.253673	0.255553	0.252657	0.255823	0.251141	0.253386	0.256981	0.258997	0.252151	0.250897	0.230988	0.252662	0.254549	0.251948	0.251699	0.257208	0.259884	0.253610	0.252919	0.250390	0.230851	0.252929	0.252619	0.255719	0.256965	0.253949	0.256580	0.260926	0.252509	0.232378	0.263520	0.255253	0.233650	0.254763	0.252524	0.258249	0.235321	0.228930	0.257686	0.259634	0.232738	0.232407	0.231970	0.255823	0.251600	0.252401	0.250432	0.254052	0.234528	0.255518	0.257185	0.253194	0.260275	0.250769	0.252963	0.252587	0.250495	0.229974	0.254512	0.259242	0.257474	0.250294	0.233154	0.258229	0.225707	0.252631	0.255320	0.261372	0.256780	0.253454	0.230649	0.230433	0.245490	0.256473	0.252580	0.250853	0.252262	0.255231	0.255050	0.248660	0.250757	0.232817	0.231964	0.256164	0.234268	0.230584	0.252660	0.256303	0.256404	0.253965	0.255800	0.254921	0.250931	0.258070	0.256477	0.252632	0.259185	0.249653	0.252128	0.255874	0.249474	0.252542	0.250592	0.251835	0.252536	0.254503	0.254735	0.253066	0.258168	0.254763	0.250642	0.252309	0.254631	0.251909	0.251764	0.253042	0.254578	0.254255	0.229286	0.235129	0.256602	0.260814	0.236915	0.251537	0.250179	0.236240	0.251071	0.255271	0.255064	0.252369	0.256443	0.257387	0.257121	0.256022	0.230506	0.251871	0.254222	0.256850	0.261538	0.262577	0.250042	0.257204	0.249129	0.254034	0.231518	0.255612	0.228519	0.253879	0.230025	0.253746	0.253323	0.255156	0.230698	0.255315	0.257744	0.250894	0.252312	0.256030	0.253953	0.253775	0.252462	0.254155	0.230472	0.252147	0.257229	0.255080	0.256036	0.254926	0.250844	0.254384	0.251944	0.256922	0.233549	0.232459	0.254977	0.249729	0.252394	0.256185	0.255372	0.228486	0.251059	0.251147	0.249064	0.256965	0.259073	0.254793	0.254299	0.253355	0.251756	0.232416	0.253737	0.252916	0.248922	0.251275	0.252464	0.252079	0.257425	0.230040	0.252473	0.252903	0.256259	0.235236	0.255662	0.252041	0.242144	0.246803	0.258026	0.254535	0.255262	
0.241414	0.249979	0.250213	0.244489	0.245320	0.243201	0.255589	0.250928	0.000000	0.248917	0.240756	0.243555	0.242109	0.245922	0.247636	0.245445	0.242045	0.239288	0.241536	0.238922	0.240795	0.250927	0.237518	0.242452	0.241444	0.243363	0.254615	0.257472	0.241693	0.238995	0.242351	0.250885	0.252475	0.244618	0.250936	0.253796	0.250947	0.254977	0.257208	0.243569	0.253600	0.255833	0.241063	0.253420	0.253436	0.243188	0.257123	0.255072	0.254505	0.254018	0.257759	0.251692	0.254033	0.255065	0.253246	0.241494	0.240223	0.241638	0.241762	0.251884	0.243694	0.251510	0.241107	0.257204	0.240698	0.249110	0.238587	0.240390	0.252426	0.241100	0.253935	0.253914	0.241878	0.252457	0.253565	0.252478	0.242823	0.254395	0.256973	0.251337	0.242740	0.251174	0.250073	0.243076	0.245915	0.244632	0.241749	0.244932	0.241500	0.244897	0.243167	0.241772	0.252795	0.248944	0.252503	0.253331	0.255682	0.242109	0.253780	0.242966	0.240768	0.244492	0.242912	0.242590	0.247832	0.249452	0.242990	0.243640	0.241162	0.243416	0.245008	0.242803	0.243542	0.238347	0.243025	0.239698	0.243606	0.242896	0.243122	0.249558	0.239716	0.242578	0.240552	0.245030	0.243465	0.245552	0.244953	0.240356	0.239435	0.255153	0.254976	0.251555	0.254558	0.256168	0.241765	0.244443	0.254352	0.241827	0.240738	0.242575	0.249031	0.252120	0.251917	0.255031	0.254136	0.250598	0.239547	0.248047	0.253708	0.258419	0.254472	0.240394	0.250864	0.240701	0.241853	0.249832	0.247463	0.251738	0.243678	0.252030	0.242870	0.238822	0.252049	0.255659	0.250384	0.251934	0.242945	0.241719	0.241799	0.241143	0.243920	0.240949	0.240259	0.247546	0.244043	0.251035	0.242891	0.248367	0.252214	0.239104	0.244895	0.241678	0.250541	0.254782	0.249788	0.252965	0.239421	0.244531	0.250204	0.245772	0.252310	0.249367	0.241455	0.238439	0.244442	0.245700	0.237263	0.245036	0.242248	0.242090	0.253767	0.244995	0.242751	0.239986	0.240042	0.244317	0.238563	0.244646	0.247232	0.240457	0.243201	0.242367	0.254316	0.240130	0.241332	0.246270	0.241855	0.250474	0.242720	0.239809	
0.256242	0.229394	0.232371	0.252640	0.256767	0.259464	0.232609	0.229888	0.248917	0.000000	0.254323	0.252744	0.258813	0.254117	0.256449	0.256417	0.256375	0.261532	0.258441	0.255202	0.253742	0.233757	0.257393	0.256712	0.253966	0.254733	0.261239	0.262972	0.260029	0.254844	0.254975	0.227757	0.257024	0.254969	0.255370	0.258890	0.255677	0.259769	0.263384	0.256377	0.238296	0.262398	0.255716	0.236274	0.256774	0.253071	0.259538	0.237320	0.233629	0.259054	0.258790	0.236074	0.233479	0.237891	0.262778	0.251260	0.254649	0.253086	0.252545	0.234614	0.257918	0.254812	0.256103	0.258084	0.251858	0.253985	0.254938	0.256072	0.230963	0.259397	0.257970	0.256462	0.252970	0.234619	0.259122	0.232194	0.255075	0.256798	0.261631	0.257338	0.257830	0.232562	0.230940	0.248160	0.259229	0.255459	0.252732	0.257983	0.254126	0.259351	0.255656	0.254943	0.233397	0.231554	0.255744	0.237736	0.235070	0.254869	0.252948	0.258426	0.256046	0.252738	0.257284	0.253817	0.258965	0.256025	0.253894	0.257634	0.253269	0.254475	0.256664	0.257446	0.256418	0.256315	0.254325	0.252803	0.253455	0.254464	0.255584	0.257156	0.254128	0.254793	0.250633	0.254457	0.254408	0.254017	0.255438	0.257102	0.255049	0.231917	0.233467	0.254526	0.263969	0.240297	0.253326	0.254464	0.236870	0.249937	0.255548	0.256221	0.253099	0.257407	0.255939	0.257944	0.257393	0.230928	0.252565	0.252122	0.254910	0.261824	0.260991	0.253724	0.257203	0.254437	0.260937	0.233962	0.262035	0.229898	0.259954	0.232347	0.252907	0.252560	0.255898	0.235571	0.256134	0.258807	0.253176	0.250974	0.256397	0.258680	0.257107	0.255319	0.253711	0.232330	0.254397	0.252440	0.256320	0.259247	0.256123	0.254092	0.257424	0.251246	0.254981	0.236384	0.235489	0.256081	0.254459	0.259078	0.252717	0.254008	0.232545	0.250215	0.256114	0.249841	0.254261	0.255967	0.256471	0.260172	0.259349	0.251541	0.233414	0.257295	0.254327	0.252162	0.253938	0.253509	0.255047	0.258309	0.231013	0.252821	0.253540	0.256561	0.234850	0.253987	0.252266	0.245229	0.249450	0.257187	0.256098	0.257142	
0.242940	0.246494	0.250891	0.240341	0.246458	0.242372	0.256685	0.255292	0.240756	0.254323	0.000000	0.244325	0.243681	0.241979	0.239907	0.246399	0.241440	0.244444	0.245791	0.241062	0.237906	0.255327	0.241234	0.245073	0.237706	0.242980	0.255309	0.259664	0.241615	0.240195	0.246782	0.251327	0.254442	0.238510	0.251532	0.253080	0.250707	0.255199	0.255616	0.239261	0.254385	0.259120	0.242204	0.251236	0.256311	0.241933	0.252290	0.255527	0.251629	0.255398	0.259799	0.250867	0.253240	0.253917	0.257090	0.244711	0.244632	0.238928	0.241733	0.248369	0.240422	0.250054	0.241571	0.256729	0.241001	0.248774	0.238049	0.237780	0.255202	0.240801	0.252421	0.249460	0.243891	0.254493	0.255076	0.249568	0.245312	0.252088	0.259899	0.247718	0.245046	0.256284	0.254209	0.245352	0.247066	0.241608	0.239980	0.245631	0.236605	0.244214	0.241038	0.242924	0.253522	0.253357	0.247978	0.253529	0.255411	0.242013	0.248021	0.241526	0.239230	0.247063	0.239928	0.239924	0.245212	0.242631	0.242175	0.242609	0.241298	0.242919	0.245579	0.241189	0.243880	0.243674	0.242543	0.239166	0.240497	0.242788	0.241089	0.244856	0.244417	0.243982	0.238694	0.240218	0.241420	0.239546	0.240186	0.245182	0.241085	0.251852	0.260108	0.251403	0.256216	0.258398	0.242441	0.242119	0.256047	0.240473	0.245123	0.241530	0.243628	0.251995	0.249196	0.251523	0.249258	0.250687	0.240795	0.244305	0.249548	0.257449	0.259130	0.238550	0.250966	0.239200	0.246837	0.252743	0.242338	0.250685	0.246289	0.254572	0.239674	0.242366	0.250387	0.255327	0.249377	0.250610	0.239495	0.239862	0.246240	0.242964	0.244974	0.241611	0.240032	0.255364	0.241214	0.249731	0.243616	0.246638	0.249432	0.245084	0.242109	0.244183	0.246512	0.256359	0.254671	0.251432	0.238854	0.240936	0.248940	0.243489	0.254781	0.248542	0.245050	0.237020	0.240625	0.249947	0.239710	0.241852	0.246058	0.239441	0.255053	0.245811	0.240594	0.239030	0.241733	0.242279	0.243166	0.247260	0.247023	0.242909	0.245929	0.240433	0.253252	0.238489	0.242508	0.246708	0.240185	0.248126	0.244575	0.242405	
0.244400	0.253303	0.252565	0.243317	0.249308	0.243780	0.257400	0.253673	0.243555	0.252744	0.244325	0.000000	0.246568	0.244492	0.248016	0.247379	0.246825	0.245843	0.246516	0.243477	0.242602	0.255663	0.245285	0.244622	0.243729	0.243590	0.260527	0.261738	0.246869	0.244362	0.242282	0.253158	0.255566	0.241927	0.256835	0.257152	0.254023	0.260845	0.260303	0.244593	0.260701	0.261276	0.244669	0.257093	0.259138	0.243653	0.258689	0.252661	0.255916	0.256126	0.258233	0.254781	0.256750	0.256381	0.259589	0.244537	0.244812	0.242217	0.243598	0.258411	0.246492	0.253002	0.247995	0.256542	0.239017	0.252799	0.242633	0.242426	0.256867	0.245468	0.257039	0.255653	0.244340	0.256161	0.258702	0.254620	0.249271	0.254350	0.261494	0.256924	0.242784	0.258273	0.253602	0.247807	0.246062	0.243284	0.245714	0.244884	0.243098	0.245521	0.241900	0.246076	0.253737	0.254964	0.255983	0.252254	0.254088	0.245870	0.255516	0.249605	0.244319	0.247433	0.243305	0.241460	0.246804	0.246159	0.246855	0.244514	0.241968	0.247425	0.243727	0.245455	0.244218	0.244704	0.247441	0.245450	0.244987	0.244246	0.245365	0.251759	0.242793	0.243985	0.241900	0.241298	0.244465	0.242513	0.246263	0.241622	0.246733	0.254851	0.257774	0.252592	0.259931	0.262387	0.244802	0.241573	0.263286	0.240836	0.243698	0.247523	0.251819	0.256692	0.255313	0.257539	0.256784	0.254298	0.239849	0.251680	0.253052	0.264178	0.259627	0.243323	0.257466	0.243721	0.248111	0.256273	0.245217	0.255116	0.246106	0.252786	0.244606	0.241935	0.254056	0.254756	0.253566	0.258165	0.245680	0.245044	0.245313	0.248910	0.242357	0.249733	0.246314	0.252388	0.244239	0.254445	0.245336	0.249903	0.252944	0.247573	0.242458	0.242070	0.252150	0.259596	0.256214	0.256022	0.240147	0.242322	0.251845	0.247237	0.254713	0.249597	0.249249	0.241717	0.244993	0.247020	0.242577	0.240769	0.248143	0.239881	0.257486	0.244670	0.247342	0.246489	0.246571	0.245423	0.242151	0.250632	0.250267	0.243081	0.245337	0.244258	0.257842	0.245341	0.244999	0.249076	0.243088	0.254322	0.245164	0.244660	
0.248846	0.256349	0.259243	0.243573	0.250923	0.247410	0.259990	0.255553	0.242109	0.258813	0.243681	0.246568	0.000000	0.249023	0.245709	0.249160	0.247880	0.251717	0.250044	0.247053	0.243718	0.258322	0.247208	0.248263	0.239151	0.246761	0.262401	0.266588	0.248037	0.244092	0.246681	0.258149	0.261959	0.246095	0.255231	0.257420	0.257558	0.263561	0.263597	0.240847	0.256240	0.265324	0.246682	0.256736	0.261325	0.244148	0.261248	0.259164	0.252822	0.262920	0.264117	0.257179	0.258176	0.256120	0.264784	0.244227	0.247651	0.245366	0.247171	0.257718	0.244459	0.254622	0.244801	0.256246	0.243822	0.253970	0.242275	0.244423	0.258067	0.248249	0.258379	0.254258	0.245154	0.259966	0.263209	0.254211	0.250370	0.256544	0.263037	0.257221	0.245744	0.259745	0.259519	0.248209	0.253105	0.245467	0.242915	0.246226	0.241728	0.245138	0.241210	0.247124	0.258014	0.253667	0.255424	0.256988	0.256483	0.250240	0.258437	0.250738	0.242574	0.247080	0.245201	0.244107	0.253452	0.248066	0.250801	0.247875	0.245760	0.247323	0.248171	0.241838	0.248564	0.243652	0.248278	0.243807	0.244042	0.246411	0.248581	0.250135	0.247631	0.247738	0.246031	0.246388	0.245250	0.247713	0.246071	0.247957	0.246757	0.255832	0.259085	0.256633	0.265615	0.257870	0.247564	0.246163	0.259262	0.245762	0.241927	0.246753	0.252957	0.258217	0.252812	0.254545	0.256361	0.256112	0.242237	0.250400	0.255243	0.265362	0.262621	0.246344	0.256868	0.243517	0.244414	0.252177	0.246270	0.255385	0.245438	0.256194	0.243310	0.248016	0.253756	0.262856	0.257068	0.255314	0.244468	0.242195	0.248134	0.247854	0.242353	0.244734	0.249318	0.256388	0.246249	0.255623	0.246341	0.252909	0.251638	0.250336	0.246598	0.246996	0.252464	0.263558	0.259339	0.254017	0.243763	0.245888	0.254459	0.248271	0.257859	0.252575	0.245553	0.244537	0.240345	0.251026	0.245356	0.247014	0.246777	0.242486	0.258404	0.247657	0.248296	0.242212	0.244171	0.246979	0.243784	0.253040	0.252057	0.245529	0.246580	0.249864	0.261556	0.247654	0.245595	0.246668	0.242582	0.259184	0.247316	0.247198	
0.243587	0.249913	0.251996	0.241774	0.244810	0.243065	0.253179	0.252657	0.245922	0.254117	0.241979	0.244492	0.249023	0.000000	0.246535	0.245243	0.243962	0.240513	0.248238	0.245791	0.241402	0.252266	0.244519	0.245041	0.244139	0.242967	0.260053	0.264613	0.244050	0.241464	0.243910	0.252428	0.254686	0.239708	0.252353	0.254495	0.252855	0.262038	0.261004	0.243354	0.256464	0.260340	0.240865	0.256571	0.256474	0.239876	0.259553	0.252766	0.256650	0.258436	0.260975	0.251005	0.257434	0.255823	0.256826	0.244562	0.241625	0.240155	0.243469	0.251634	0.244625	0.251167	0.243306	0.256640	0.243424	0.252724	0.242874	0.245643	0.253990	0.245295	0.256199	0.254122	0.242755	0.255053	0.257839	0.251688	0.245718	0.255504	0.262744	0.255071	0.243079	0.258579	0.251247	0.242947	0.247939	0.244543	0.241666	0.245144	0.238136	0.245718	0.243149	0.241942	0.253532	0.249371	0.255323	0.258154	0.257175	0.244835	0.256087	0.247213	0.246339	0.242254	0.242374	0.240867	0.244590	0.244697	0.242633	0.243682	0.245684	0.244048	0.242664	0.239947	0.244153	0.243401	0.245441	0.241820	0.244690	0.245773	0.245227	0.248302	0.239964	0.244215	0.243010	0.240090	0.244468	0.241967	0.243849	0.247916	0.239706	0.253591	0.256235	0.252600	0.259573	0.258232	0.245881	0.243747	0.257043	0.238831	0.242853	0.239418	0.250581	0.254187	0.253712	0.252675	0.254637	0.251187	0.239617	0.250728	0.253914	0.260480	0.260135	0.243094	0.256451	0.239236	0.247486	0.251764	0.245782	0.253993	0.243694	0.250280	0.242122	0.241320	0.251097	0.256930	0.252841	0.255751	0.242689	0.242095	0.243253	0.242786	0.244198	0.247562	0.245207	0.254321	0.244256	0.255807	0.243509	0.250388	0.253869	0.241895	0.241940	0.243352	0.252432	0.255156	0.251481	0.252274	0.241796	0.239623	0.251061	0.245005	0.251951	0.248378	0.241056	0.237642	0.244522	0.244594	0.239159	0.243337	0.245201	0.240995	0.252377	0.241879	0.245470	0.242259	0.241244	0.244111	0.242811	0.248882	0.250562	0.240942	0.245857	0.243834	0.257983	0.245997	0.242010	0.249195	0.245026	0.254710	0.245350	0.244190	
0.244473	0.254567	0.254642	0.245532	0.245883	0.246997	0.258481	0.255823	0.247636	0.256449	0.239907	0.248016	0.245709	0.246535	0.000000	0.248675	0.243735	0.250403	0.251183	0.240581	0.238656	0.256561	0.248899	0.247310	0.243970	0.242699	0.257852	0.261412	0.249474	0.245544	0.245953	0.256415	0.256056	0.240037	0.253733	0.252555	0.251237	0.259611	0.259514	0.243108	0.262274	0.262321	0.244264	0.258246	0.254446	0.247402	0.256179	0.258233	0.257792	0.254680	0.259783	0.258507	0.256744	0.257682	0.259442	0.247335	0.246130	0.236589	0.251040	0.254418	0.246792	0.250172	0.244684	0.254464	0.245814	0.254100	0.245179	0.242484	0.255988	0.247403	0.253955	0.252773	0.243779	0.253511	0.254585	0.255607	0.241935	0.252838	0.258395	0.252712	0.245826	0.257700	0.255776	0.243833	0.249267	0.241712	0.243899	0.248003	0.244811	0.246854	0.247910	0.243557	0.254129	0.251640	0.251330	0.254270	0.258411	0.246427	0.251318	0.244421	0.247984	0.245708	0.244946	0.248494	0.246262	0.247256	0.245091	0.247661	0.243874	0.244847	0.252296	0.244925	0.247912	0.244333	0.248943	0.243914	0.248129	0.241854	0.243536	0.251773	0.242198	0.247684	0.244091	0.243921	0.249387	0.246952	0.247195	0.248346	0.242126	0.253363	0.258293	0.254116	0.257287	0.263645	0.247504	0.245760	0.256941	0.245164	0.246302	0.246717	0.251121	0.254591	0.253895	0.253911	0.253204	0.253484	0.241802	0.250581	0.248757	0.260810	0.258295	0.243668	0.249519	0.246138	0.246901	0.254316	0.247027	0.257073	0.248006	0.255539	0.246551	0.244831	0.250695	0.260393	0.250524	0.253782	0.241965	0.247027	0.245193	0.251236	0.245527	0.246496	0.245663	0.255929	0.246786	0.254279	0.247444	0.247135	0.250903	0.245101	0.247817	0.242099	0.251500	0.256388	0.257014	0.254249	0.245904	0.248698	0.253414	0.250372	0.255730	0.253205	0.250937	0.242392	0.246463	0.248074	0.245983	0.247938	0.245810	0.244353	0.256284	0.249132	0.245560	0.245385	0.244055	0.244723	0.243400	0.248733	0.252828	0.245869	0.246992	0.246959	0.257077	0.247680	0.246218	0.247905	0.241629	0.251798	0.246478	0.247998	
0.242349	0.256059	0.251895	0.244116	0.246703	0.245563	0.257001	0.251141	0.245445	0.256417	0.246399	0.247379	0.249160	0.245243	0.248675	0.000000	0.244180	0.247090	0.244575	0.241728	0.244254	0.254960	0.246357	0.245180	0.243156	0.245579	0.259862	0.258701	0.248282	0.243651	0.244650	0.254334	0.256333	0.246638	0.254297	0.255324	0.253770	0.260661	0.260579	0.249012	0.257260	0.261947	0.244382	0.255939	0.260188	0.248413	0.258086	0.254638	0.255399	0.259325	0.260270	0.254737	0.255249	0.256125	0.257262	0.245320	0.244382	0.243940	0.240703	0.256488	0.249255	0.255315	0.241204	0.257751	0.244191	0.253292	0.246119	0.245370	0.252970	0.248009	0.257166	0.253407	0.246947	0.253156	0.257488	0.255233	0.247835	0.253750	0.263149	0.253589	0.246851	0.253204	0.250903	0.246460	0.250686	0.249948	0.244032	0.246298	0.245957	0.250427	0.245578	0.247538	0.256647	0.251373	0.258275	0.258477	0.257139	0.247816	0.256682	0.244037	0.248023	0.247593	0.241670	0.243344	0.250073	0.249696	0.246073	0.246420	0.246972	0.245883	0.246012	0.244539	0.245832	0.245742	0.248451	0.243341	0.246632	0.247246	0.244690	0.249758	0.246951	0.246440	0.243868	0.248119	0.248462	0.246701	0.249537	0.248696	0.243417	0.254677	0.258779	0.254195	0.262355	0.260745	0.245586	0.247214	0.256229	0.242491	0.248664	0.246449	0.252294	0.256217	0.256204	0.255238	0.253575	0.255025	0.244590	0.252505	0.253003	0.262854	0.261063	0.243835	0.255009	0.242582	0.246444	0.254859	0.250207	0.252026	0.249938	0.255203	0.244482	0.244849	0.253200	0.256648	0.252108	0.256912	0.242082	0.246320	0.247074	0.246381	0.247843	0.250531	0.248589	0.254754	0.249557	0.255202	0.245777	0.252674	0.252823	0.243556	0.247484	0.244762	0.251189	0.255287	0.254179	0.257373	0.241051	0.252895	0.253061	0.245749	0.255833	0.250064	0.247095	0.241343	0.242517	0.249410	0.247251	0.247138	0.243362	0.248268	0.256814	0.245569	0.243710	0.244713	0.243907	0.249061	0.245702	0.249063	0.254473	0.246865	0.246403	0.247592	0.254962	0.245417	0.244239	0.249263	0.243191	0.251187	0.249948	0.248993	
0.242716	0.253686	0.255036	0.245279	0.246657	0.247213	0.260521	0.253386	0.242045	0.256375	0.241440	0.246825	0.247880	0.243962	0.243735	0.244180	0.000000	0.246192	0.248245	0.245905	0.245877	0.253007	0.243504	0.249028	0.242447	0.242165	0.258931	0.264364	0.250324	0.241810	0.245191	0.252923	0.257211	0.241974	0.251921	0.256135	0.253110	0.260935	0.265038	0.244011	0.258196	0.262023	0.240788	0.255809	0.257346	0.241348	0.260862	0.256086	0.255983	0.260286	0.260031	0.253290	0.258381	0.257470	0.257932	0.244764	0.242037	0.240478	0.247615	0.255259	0.245351	0.253055	0.243359	0.257370	0.245187	0.250708	0.242180	0.244752	0.255080	0.245229	0.257413	0.253027	0.242854	0.251774	0.257421	0.251283	0.249500	0.254680	0.261757	0.253701	0.246296	0.254745	0.252618	0.245259	0.251016	0.242475	0.243170	0.244974	0.240030	0.246314	0.242148	0.244781	0.253103	0.253929	0.251266	0.253796	0.257337	0.248183	0.252878	0.247309	0.245434	0.244598	0.243577	0.243775	0.248215	0.245422	0.246702	0.245400	0.240800	0.244997	0.249061	0.243816	0.243504	0.242019	0.243367	0.237755	0.247673	0.240650	0.242618	0.248144	0.240553	0.246088	0.242895	0.242315	0.242989	0.244324	0.244910	0.243168	0.243868	0.255780	0.257257	0.252322	0.260514	0.257807	0.244197	0.245374	0.257066	0.242234	0.242797	0.248759	0.250818	0.254826	0.254311	0.254476	0.253560	0.251896	0.242104	0.249732	0.251845	0.264676	0.261956	0.243377	0.255502	0.245639	0.249052	0.254723	0.248396	0.250115	0.246417	0.258024	0.246122	0.241687	0.250745	0.254254	0.254905	0.251993	0.240407	0.245449	0.246222	0.244621	0.242986	0.244387	0.243108	0.254094	0.246006	0.255919	0.244860	0.255809	0.252665	0.241906	0.246847	0.243382	0.254816	0.259122	0.256049	0.255776	0.241396	0.249840	0.255618	0.247569	0.256486	0.249154	0.243769	0.237734	0.245823	0.247585	0.243130	0.245355	0.243287	0.245894	0.257620	0.243718	0.244057	0.242224	0.241694	0.245095	0.243863	0.246428	0.256888	0.245755	0.245943	0.248426	0.258713	0.246166	0.242731	0.245842	0.243970	0.254151	0.243788	0.244724	
0.247577	0.256176	0.255295	0.242134	0.246101	0.247310	0.262414	0.256981	0.239288	0.261532	0.244444	0.245843	0.251717	0.240513	0.250403	0.247090	0.246192	0.000000	0.246741	0.245460	0.245314	0.256453	0.244649	0.247142	0.242965	0.245214	0.256317	0.264840	0.243916	0.243733	0.247830	0.256848	0.257458	0.243753	0.252686	0.256718	0.249968	0.257032	0.258931	0.248065	0.258989	0.261147	0.244171	0.259005	0.257624	0.245969	0.257037	0.257046	0.259588	0.259245	0.258708	0.257614	0.258450	0.257424	0.259493	0.242111	0.242757	0.245573	0.243481	0.257661	0.244956	0.255201	0.243452	0.254889	0.242727	0.247701	0.245461	0.245810	0.255607	0.245137	0.252559	0.256386	0.244273	0.258774	0.257218	0.253315	0.245781	0.254266	0.261603	0.256510	0.250948	0.260338	0.255715	0.248536	0.252356	0.244180	0.241375	0.248915	0.238140	0.247140	0.245365	0.251982	0.254775	0.256264	0.254157	0.257254	0.260611	0.246254	0.253410	0.248039	0.243783	0.247002	0.243449	0.241990	0.248237	0.245041	0.245046	0.244877	0.241006	0.246562	0.247328	0.248881	0.249639	0.244185	0.247937	0.243731	0.247625	0.245038	0.243476	0.248976	0.248945	0.245904	0.244084	0.246057	0.247936	0.243558	0.251800	0.245634	0.246215	0.256657	0.266246	0.249047	0.261694	0.259731	0.244338	0.245136	0.263807	0.246874	0.246931	0.248595	0.250161	0.253904	0.252786	0.253745	0.252968	0.254909	0.243449	0.250477	0.252397	0.261715	0.262591	0.246548	0.253588	0.244181	0.247079	0.258636	0.245445	0.257146	0.247078	0.256507	0.244619	0.241656	0.253018	0.256918	0.253059	0.253478	0.243161	0.242175	0.244203	0.250106	0.245117	0.243524	0.245303	0.259897	0.246101	0.253556	0.241670	0.251083	0.252028	0.246094	0.247348	0.242555	0.253060	0.264025	0.254924	0.251854	0.243148	0.250020	0.250792	0.246385	0.260369	0.249794	0.240975	0.239522	0.247803	0.248999	0.242641	0.244478	0.246762	0.244522	0.254828	0.246018	0.243678	0.246296	0.245699	0.248907	0.241643	0.246766	0.256498	0.245165	0.245042	0.246048	0.259282	0.249756	0.243381	0.248713	0.243716	0.250933	0.244909	0.248934	
0.245348	0.255108	0.255714	0.244299	0.250534	0.247470	0.258990	0.258997	0.241536	0.258441	0.245791	0.246516	0.250044	0.248238	0.251183	0.244575	0.248245	0.246741	0.000000	0.245709	0.240883	0.258639	0.245481	0.249249	0.244022	0.243383	0.262823	0.263902	0.246381	0.245895	0.250107	0.257214	0.259740	0.248308	0.258673	0.259829	0.258618	0.262348	0.261609	0.245845	0.257349	0.261562	0.245738	0.259997	0.263399	0.244498	0.258754	0.261895	0.257777	0.262017	0.264261	0.258030	0.260802	0.256763	0.262435	0.246014	0.246002	0.240797	0.243879	0.259689	0.247284	0.259639	0.245262	0.259321	0.246548	0.254775	0.242644	0.246464	0.258627	0.247560	0.255643	0.258478	0.246144	0.255602	0.258933	0.256717	0.248340	0.257167	0.263554	0.256302	0.249402	0.260737	0.257292	0.251410	0.249422	0.246251	0.244318	0.248268	0.243300	0.247635	0.247704	0.248065	0.256563	0.260941	0.257343	0.261489	0.263792	0.245495	0.260049	0.248548	0.247138	0.247561	0.241397	0.248235	0.247336	0.245432	0.248403	0.245932	0.247013	0.245933	0.249861	0.244678	0.246091	0.242865	0.248845	0.247831	0.250651	0.251125	0.246793	0.256052	0.247420	0.245237	0.247932	0.244850	0.248651	0.247344	0.248599	0.247999	0.247507	0.255936	0.261276	0.255435	0.263542	0.257609	0.247375	0.246762	0.260622	0.241924	0.245715	0.248458	0.253199	0.258971	0.255675	0.257406	0.260283	0.258520	0.243506	0.252605	0.255025	0.266442	0.262891	0.246961	0.258362	0.245548	0.252256	0.257375	0.247775	0.257332	0.249317	0.257854	0.242779	0.241538	0.255936	0.260776	0.254689	0.257448	0.247955	0.243837	0.245372	0.249321	0.246639	0.246979	0.244016	0.261265	0.250934	0.258052	0.244479	0.258302	0.256087	0.244471	0.249528	0.245475	0.254721	0.262316	0.254538	0.257798	0.241390	0.250202	0.251695	0.251150	0.257876	0.249703	0.246500	0.245607	0.246634	0.247637	0.249195	0.249539	0.251284	0.245613	0.260814	0.245780	0.243884	0.247034	0.243265	0.246655	0.239292	0.251190	0.257324	0.248157	0.245870	0.248997	0.261734	0.249284	0.243359	0.250032	0.245030	0.257794	0.247429	0.248437	
0.244546	0.251536	0.251753	0.241618	0.241463	0.242535	0.254544	0.252151	0.238922	0.255202	0.241062	0.243477	0.247053	0.245791	0.240581	0.241728	0.245905	0.245460	0.245709	0.000000	0.239538	0.254208	0.240738	0.244256	0.238909	0.239179	0.257287	0.259776	0.240956	0.240682	0.244394	0.252098	0.253267	0.237569	0.254128	0.254136	0.253704	0.257704	0.257476	0.241105	0.254683	0.261398	0.240459	0.252571	0.259123	0.245861	0.257581	0.254959	0.258358	0.255768	0.256491	0.253226	0.253934	0.256630	0.258792	0.240415	0.242164	0.238423	0.246727	0.252802	0.244684	0.253431	0.238148	0.255154	0.238529	0.251329	0.243516	0.237929	0.255724	0.243969	0.253449	0.250350	0.238632	0.250683	0.256527	0.252371	0.246379	0.253771	0.259498	0.251342	0.244654	0.251551	0.249530	0.243933	0.243580	0.244020	0.239653	0.242057	0.239887	0.241987	0.238902	0.247066	0.251406	0.251626	0.253447	0.254607	0.259318	0.243030	0.253645	0.245510	0.243990	0.246207	0.243574	0.238530	0.244596	0.238960	0.243228	0.245137	0.239988	0.241204	0.244414	0.241203	0.243829	0.238622	0.245150	0.244641	0.240837	0.242607	0.238809	0.242294	0.242472	0.243905	0.240695	0.245277	0.243379	0.241118	0.242417	0.243087	0.240912	0.253508	0.256905	0.254472	0.260160	0.259208	0.241447	0.241861	0.256000	0.239765	0.241613	0.243052	0.250098	0.252805	0.254544	0.256714	0.255563	0.252047	0.239565	0.252387	0.251451	0.261735	0.259617	0.244317	0.254062	0.239702	0.243399	0.253952	0.244329	0.255121	0.242526	0.251719	0.240838	0.242004	0.251928	0.255551	0.252189	0.253299	0.244122	0.244095	0.242202	0.245867	0.241843	0.239981	0.242338	0.252373	0.243282	0.252604	0.242427	0.246242	0.252092	0.241334	0.242584	0.240911	0.249076	0.255816	0.252217	0.254361	0.239351	0.238844	0.253521	0.247190	0.255218	0.247109	0.246931	0.243682	0.240561	0.244593	0.242288	0.243793	0.245359	0.241875	0.253076	0.241758	0.244192	0.240391	0.241359	0.241339	0.241763	0.247745	0.248819	0.243734	0.244095	0.245530	0.253300	0.242057	0.241551	0.245849	0.240646	0.250298	0.242853	0.244398	
