0.000000	0.371731	0.366743	0.348152	0.345679	0.342772	0.387097	0.373212	0.358384	0.370596	0.357468	0.348433	0.357409	0.356977	0.352049	0.356629	0.358078	0.367245	0.350255	0.352846	0.363319	0.378342	0.345807	0.360326	0.355400	0.348647	0.406243	0.419068	0.340329	0.356451	0.357578	0.384807	0.385459	0.363246	0.421327	0.412655	0.413660	0.428083	0.421484	0.360748	0.383440	0.433151	0.355174	0.375310	0.424194	0.359361	0.411458	0.374376	0.380985	0.409844	0.408977	0.371583	0.379649	0.373486	0.419724	0.366731	0.356239	0.347012	0.348120	0.369708	0.346364	0.409359	0.343217	0.425469	0.360307	0.416291	0.363595	0.356032	0.376968	0.357062	0.421352	0.416495	0.359856	0.367512	0.405387	0.372417	0.345838	0.411831	0.415423	0.407078	0.351351	0.384650	0.381402	0.364210	0.340025	0.359586	0.348669	0.354950	0.355551	0.372969	0.351260	0.371223	0.373931	0.360734	0.412190	0.377656	0.369070	0.350881	0.410193	0.341336	0.347160	0.352342	0.346198	0.359120	0.354758	0.357201	0.349504	0.358629	0.350181	0.349468	0.352915	0.355130	0.357094	0.351052	0.348419	0.356445	0.360436	0.348639	0.363944	0.351989	0.358222	0.362038	0.349581	0.352489	0.357859	0.366667	0.351556	0.359502	0.357736	0.366780	0.378526	0.423586	0.435187	0.363349	0.362260	0.360641	0.375255	0.341574	0.352767	0.360785	0.410950	0.428280	0.411618	0.409347	0.423460	0.380974	0.347816	0.419384	0.411805	0.426148	0.425051	0.350420	0.428895	0.357940	0.351944	0.371319	0.360674	0.369048	0.349978	0.389537	0.349753	0.343511	0.414215	0.375169	0.420036	0.422981	0.347669	0.354933	0.340276	0.356834	0.363103	0.359003	0.355311	0.372474	0.355986	0.422006	0.349170	0.417374	0.410286	0.356965	0.359530	0.342111	0.415275	0.372359	0.375399	0.426984	0.358782	0.370855	0.410397	0.364279	0.372061	0.379469	0.356566	0.360036	0.351877	0.358911	0.357370	0.356009	0.361894	0.367770	0.374887	0.348900	0.368031	0.359841	0.351636	0.362194	0.353661	0.365412	0.370043	0.347689	0.349250	0.343230	0.380142	0.348693	0.356837	0.355071	0.342772	0.415081	0.369679	0.351059	
0.371731	0.000000	0.348869	0.357824	0.366871	0.364668	0.351638	0.349685	0.368728	0.344016	0.358158	0.370286	0.359870	0.372585	0.355925	0.354213	0.366443	0.369339	0.370166	0.355866	0.376936	0.348550	0.380036	0.355426	0.374048	0.368207	0.412592	0.415603	0.376763	0.372878	0.373991	0.353812	0.389973	0.376737	0.406468	0.414388	0.414601	0.413840	0.437359	0.359571	0.357983	0.419937	0.371467	0.340107	0.425417	0.360572	0.412887	0.350180	0.350349	0.406608	0.408546	0.342217	0.358307	0.356664	0.420481	0.366786	0.376711	0.366159	0.361645	0.338572	0.369844	0.416310	0.352351	0.420241	0.374411	0.419016	0.372567	0.372540	0.336086	0.371703	0.412429	0.414966	0.368785	0.349867	0.412649	0.346042	0.355960	0.425905	0.407125	0.414418	0.370759	0.349955	0.343799	0.349274	0.369237	0.371543	0.374244	0.375256	0.379707	0.381016	0.366518	0.356768	0.346875	0.345324	0.427133	0.359647	0.349553	0.363981	0.411910	0.371827	0.361117	0.377049	0.363532	0.372381	0.365458	0.363019	0.365406	0.382346	0.364572	0.378166	0.365389	0.377068	0.367816	0.369106	0.366283	0.372098	0.368457	0.368794	0.362355	0.379630	0.373405	0.386765	0.363841	0.369355	0.356013	0.379310	0.372749	0.376402	0.355392	0.349150	0.347247	0.416610	0.426643	0.334962	0.366346	0.382050	0.357062	0.372072	0.370429	0.382998	0.408702	0.417474	0.421088	0.412819	0.410614	0.345105	0.358419	0.429315	0.410176	0.406593	0.416106	0.371648	0.408846	0.372797	0.367608	0.343210	0.364793	0.346771	0.369677	0.352404	0.368280	0.362704	0.416086	0.343939	0.419500	0.405787	0.362804	0.359462	0.360656	0.362139	0.366099	0.379272	0.361000	0.354892	0.364954	0.411051	0.365239	0.414281	0.418594	0.359452	0.365286	0.362151	0.412996	0.345227	0.341844	0.421258	0.368774	0.369084	0.407006	0.377290	0.340652	0.376573	0.381761	0.371920	0.378172	0.361545	0.376949	0.360476	0.376565	0.359106	0.348360	0.366392	0.364448	0.363615	0.361981	0.364883	0.371345	0.365011	0.336251	0.373658	0.369718	0.365027	0.353223	0.365854	0.361869	0.354752	0.370328	0.410851	0.364334	0.370776	
0.366743	0.348869	0.000000	0.360825	0.362511	0.358011	0.352776	0.341441	0.374067	0.357062	0.372003	0.374914	0.367571	0.359022	0.354223	0.363759	0.359520	0.373486	0.361331	0.360584	0.371855	0.343013	0.373728	0.368839	0.371319	0.374174	0.413246	0.416256	0.368433	0.380059	0.375198	0.350034	0.389363	0.366773	0.414302	0.415270	0.406926	0.416057	0.409941	0.366124	0.360311	0.428050	0.367550	0.356610	0.433091	0.372801	0.413715	0.338416	0.346985	0.405959	0.412383	0.359619	0.348273	0.362617	0.412691	0.371276	0.380985	0.368409	0.360741	0.339237	0.367305	0.408573	0.361568	0.418925	0.369555	0.408597	0.366455	0.371358	0.332731	0.372288	0.412437	0.419495	0.370178	0.358155	0.412392	0.347150	0.353647	0.415567	0.412886	0.399450	0.368421	0.353766	0.354505	0.350226	0.365514	0.366697	0.370220	0.358161	0.366043	0.364522	0.369668	0.373195	0.341612	0.345918	0.418195	0.348145	0.353528	0.358631	0.408874	0.372839	0.372283	0.370379	0.363173	0.367175	0.373491	0.371711	0.357709	0.355835	0.363060	0.382366	0.363307	0.368730	0.366226	0.376729	0.357827	0.365170	0.377225	0.363952	0.372056	0.362285	0.367134	0.378250	0.365992	0.380195	0.365464	0.377107	0.364597	0.376390	0.363985	0.347609	0.350388	0.420101	0.417673	0.343640	0.364255	0.366025	0.354361	0.377843	0.362431	0.367384	0.414595	0.415756	0.409018	0.419728	0.424118	0.335671	0.359241	0.415047	0.417768	0.416969	0.417839	0.365976	0.413542	0.362431	0.361206	0.348083	0.359287	0.342271	0.367660	0.352835	0.358546	0.357256	0.409721	0.343297	0.418356	0.416742	0.363677	0.371092	0.367453	0.366644	0.375000	0.361427	0.362692	0.355023	0.371795	0.402320	0.360120	0.399864	0.411152	0.366629	0.360941	0.373508	0.418839	0.350536	0.356033	0.422310	0.365440	0.367705	0.406722	0.362637	0.339437	0.377110	0.380240	0.368000	0.371591	0.363965	0.383878	0.359583	0.355963	0.365198	0.349221	0.368694	0.370513	0.364231	0.367274	0.363367	0.361364	0.361647	0.345298	0.364171	0.361289	0.365714	0.352567	0.365753	0.371409	0.366937	0.364843	0.409542	0.364633	0.357402	
0.348152	0.357824	0.360825	0.000000	0.359595	0.355529	0.364397	0.377715	0.373460	0.378523	0.350668	0.349483	0.356220	0.365068	0.368175	0.347464	0.350743	0.361757	0.351480	0.346793	0.354092	0.375233	0.361079	0.361558	0.347765	0.360533	0.418660	0.416204	0.359368	0.366868	0.355897	0.386427	0.383479	0.357509	0.408125	0.412587	0.407728	0.417038	0.426864	0.358837	0.384760	0.426260	0.357343	0.374913	0.432319	0.354771	0.417328	0.369357	0.378618	0.414309	0.404230	0.368213	0.374559	0.376558	0.430912	0.356382	0.359561	0.346530	0.350441	0.382030	0.355936	0.419612	0.351414	0.404959	0.350873	0.410000	0.365581	0.354786	0.366845	0.353160	0.412027	0.418413	0.353896	0.368141	0.417075	0.359889	0.359345	0.427436	0.421040	0.408835	0.354592	0.367404	0.372195	0.376047	0.356381	0.361697	0.356228	0.360934	0.348478	0.366155	0.356927	0.365247	0.378134	0.367929	0.409034	0.375736	0.379873	0.363391	0.409261	0.353764	0.351533	0.358909	0.350523	0.348690	0.347664	0.349260	0.355550	0.352291	0.354404	0.351925	0.353900	0.348826	0.351332	0.361811	0.362635	0.357863	0.354899	0.356584	0.365223	0.359943	0.357359	0.349070	0.355789	0.356876	0.347653	0.358051	0.351037	0.352543	0.357887	0.368274	0.372126	0.396098	0.415946	0.373027	0.353764	0.360186	0.378883	0.347521	0.351574	0.349605	0.409432	0.416296	0.411751	0.418084	0.418458	0.369803	0.343003	0.417097	0.414851	0.436639	0.422906	0.347592	0.408592	0.352872	0.362133	0.365313	0.352191	0.373899	0.359991	0.371931	0.360009	0.347554	0.406017	0.371216	0.414286	0.418377	0.358802	0.347471	0.330615	0.346055	0.357043	0.352063	0.349896	0.379713	0.358890	0.411545	0.352354	0.411806	0.414942	0.354356	0.353871	0.361582	0.412550	0.383085	0.376468	0.411653	0.361180	0.345575	0.410148	0.361013	0.367730	0.382786	0.353325	0.353756	0.361195	0.356314	0.357981	0.352048	0.359284	0.358718	0.371170	0.350625	0.353664	0.355587	0.350277	0.356526	0.360430	0.381246	0.362681	0.352640	0.359155	0.354705	0.364727	0.360539	0.351289	0.351715	0.348000	0.408178	0.350141	0.344571	
0.345679	0.366871	0.362511	0.359595	0.000000	0.343356	0.384364	0.374801	0.367967	0.368899	0.360502	0.366084	0.356709	0.368703	0.351843	0.351028	0.350782	0.356570	0.350198	0.350544	0.357826	0.379695	0.364749	0.352968	0.348141	0.351234	0.409303	0.418233	0.357823	0.359502	0.354157	0.375711	0.385480	0.356964	0.407509	0.419846	0.405800	0.431745	0.430495	0.368170	0.390328	0.431901	0.365123	0.373161	0.426289	0.356756	0.431007	0.373148	0.382232	0.414923	0.413880	0.366689	0.384404	0.370266	0.422069	0.366030	0.355601	0.358957	0.355138	0.372384	0.347051	0.412195	0.352822	0.414847	0.360581	0.411058	0.361224	0.355832	0.369826	0.353634	0.426447	0.403630	0.364746	0.372858	0.395042	0.367043	0.355477	0.407871	0.421818	0.411022	0.346389	0.379537	0.377738	0.366025	0.352249	0.361048	0.362214	0.353970	0.354124	0.365964	0.358516	0.351767	0.368183	0.385649	0.416062	0.382657	0.371612	0.358766	0.411483	0.354105	0.359538	0.354707	0.357741	0.352995	0.356899	0.354326	0.347471	0.354128	0.360381	0.359446	0.362171	0.354086	0.358331	0.363305	0.353089	0.363014	0.368373	0.356234	0.355571	0.359535	0.345953	0.356658	0.360301	0.350933	0.353022	0.352034	0.361292	0.360164	0.356820	0.385714	0.390550	0.408903	0.432482	0.369993	0.361407	0.359637	0.387736	0.358933	0.353547	0.361306	0.419429	0.416381	0.416097	0.415664	0.414406	0.381341	0.344210	0.413864	0.415964	0.433636	0.424477	0.362061	0.410962	0.351246	0.353836	0.377444	0.358435	0.366734	0.352170	0.382984	0.362876	0.342605	0.415322	0.367657	0.430365	0.412099	0.343969	0.355424	0.346985	0.350537	0.363636	0.354655	0.350056	0.373870	0.354181	0.416173	0.354413	0.402985	0.411982	0.346451	0.356025	0.352388	0.418982	0.377009	0.376059	0.416067	0.358856	0.362766	0.419244	0.363449	0.369291	0.377634	0.357003	0.367482	0.356249	0.357692	0.360870	0.344917	0.355636	0.368040	0.367301	0.359079	0.363328	0.352831	0.356451	0.369644	0.355030	0.361366	0.361174	0.356285	0.352806	0.363204	0.371814	0.359160	0.358016	0.354882	0.349977	0.407936	0.351246	0.354034	
0.342772	0.364668	0.358011	0.355529	0.343356	0.000000	0.373315	0.371865	0.356332	0.374659	0.360018	0.347986	0.345352	0.352627	0.362002	0.367554	0.358812	0.359862	0.356078	0.350463	0.351282	0.376878	0.357353	0.342961	0.351272	0.346953	0.406432	0.405431	0.355636	0.361639	0.355682	0.367918	0.374916	0.351069	0.422561	0.406449	0.414556	0.403802	0.419451	0.354846	0.381040	0.413376	0.354758	0.359375	0.420187	0.355495	0.416553	0.368936	0.377899	0.409836	0.406186	0.360909	0.362408	0.372082	0.415835	0.356300	0.351671	0.358812	0.348279	0.364754	0.357796	0.409963	0.342515	0.410439	0.354252	0.418083	0.351621	0.357644	0.363348	0.358986	0.432624	0.416380	0.345319	0.366832	0.394270	0.367186	0.350460	0.425154	0.403046	0.427521	0.347068	0.374177	0.369919	0.364234	0.352325	0.357902	0.344218	0.345835	0.349829	0.355994	0.354737	0.353976	0.363204	0.361605	0.414403	0.369146	0.367644	0.343330	0.419818	0.344270	0.355848	0.350080	0.341384	0.342916	0.352794	0.348774	0.344585	0.352698	0.359882	0.354465	0.349296	0.350929	0.355971	0.346837	0.358875	0.348540	0.352566	0.348934	0.350125	0.349745	0.352541	0.358858	0.351843	0.352727	0.346612	0.352376	0.351220	0.354964	0.355530	0.362625	0.368781	0.405554	0.405609	0.377233	0.351806	0.359038	0.378760	0.355955	0.347737	0.347383	0.404795	0.436131	0.413321	0.410990	0.408884	0.360916	0.358324	0.411859	0.418854	0.428571	0.419186	0.339945	0.419377	0.353358	0.349228	0.372754	0.351864	0.367269	0.346223	0.371022	0.369826	0.338082	0.426524	0.377753	0.420812	0.420095	0.341403	0.345727	0.341674	0.352093	0.361823	0.348805	0.354299	0.375119	0.355734	0.414940	0.361008	0.415822	0.431118	0.351738	0.348684	0.351512	0.422418	0.366748	0.370650	0.419991	0.352501	0.365210	0.418631	0.373596	0.372136	0.367130	0.362592	0.355998	0.358362	0.354072	0.365174	0.340000	0.357451	0.364706	0.363678	0.357272	0.361972	0.355155	0.348277	0.351936	0.362187	0.342963	0.357224	0.340276	0.343951	0.357957	0.371486	0.339871	0.348890	0.367886	0.338367	0.412190	0.370692	0.341264	
0.387097	0.351638	0.352776	0.364397	0.384364	0.373315	0.000000	0.356564	0.383195	0.345719	0.370964	0.373040	0.375624	0.370274	0.382727	0.377982	0.379525	0.380219	0.373520	0.369458	0.380772	0.358530	0.386814	0.367361	0.372549	0.375116	0.428098	0.422391	0.379788	0.381215	0.365358	0.347222	0.394785	0.377916	0.419981	0.412853	0.409006	0.424715	0.434186	0.371745	0.362326	0.435671	0.378609	0.346526	0.435600	0.379287	0.424572	0.352846	0.354712	0.410346	0.424087	0.355412	0.345912	0.348876	0.435811	0.383863	0.391536	0.379064	0.371231	0.364015	0.385116	0.413585	0.375431	0.417426	0.384740	0.419414	0.376785	0.375806	0.359540	0.374568	0.413544	0.428105	0.372072	0.352497	0.427845	0.340064	0.372165	0.420760	0.420420	0.416997	0.378969	0.342324	0.357880	0.380152	0.379602	0.373649	0.372721	0.375497	0.373782	0.384048	0.379572	0.367600	0.350506	0.359147	0.428817	0.343364	0.343584	0.370280	0.416956	0.374711	0.380041	0.390278	0.370484	0.375868	0.379582	0.392038	0.375720	0.388060	0.376384	0.379127	0.374451	0.376641	0.383102	0.377315	0.377995	0.372677	0.371488	0.379416	0.381117	0.385875	0.387595	0.379263	0.382585	0.378441	0.374215	0.388163	0.379490	0.365362	0.371612	0.358033	0.344011	0.418550	0.427214	0.359801	0.381205	0.389068	0.360610	0.368579	0.382914	0.380184	0.417557	0.425354	0.413553	0.421211	0.421394	0.349862	0.372671	0.435198	0.422140	0.428208	0.443442	0.368336	0.421857	0.376539	0.375231	0.350601	0.367126	0.350849	0.382211	0.342353	0.367380	0.361066	0.427976	0.354474	0.423729	0.412893	0.366690	0.373730	0.367885	0.377964	0.375087	0.370113	0.375029	0.360636	0.382785	0.428241	0.383623	0.407281	0.424008	0.371964	0.384864	0.383629	0.416252	0.354213	0.353037	0.412429	0.372161	0.379896	0.422341	0.379800	0.347684	0.381703	0.380421	0.379238	0.376302	0.379199	0.391537	0.377670	0.380766	0.387609	0.350046	0.376435	0.375805	0.369096	0.369615	0.376969	0.373349	0.365889	0.344444	0.387379	0.372933	0.378274	0.342571	0.377408	0.379294	0.366812	0.371887	0.422233	0.382490	0.363364	
0.373212	0.349685	0.341441	0.377715	0.374801	0.371865	0.356564	0.000000	0.387199	0.359540	0.388788	0.375200	0.381662	0.378935	0.380393	0.377464	0.382730	0.376166	0.375753	0.364097	0.380311	0.343263	0.371146	0.379154	0.374127	0.383307	0.416106	0.423697	0.380491	0.387865	0.370830	0.358384	0.398974	0.377678	0.431249	0.427283	0.426337	0.423156	0.428118	0.377473	0.357208	0.421925	0.376439	0.354288	0.419596	0.364901	0.425378	0.347207	0.340426	0.406872	0.425193	0.349617	0.353745	0.356960	0.419791	0.378762	0.383834	0.385135	0.379861	0.354439	0.375624	0.431324	0.372088	0.424954	0.380361	0.427093	0.379023	0.374044	0.347699	0.365475	0.426364	0.431632	0.371044	0.359588	0.408804	0.345887	0.367743	0.432738	0.408209	0.430296	0.376571	0.351181	0.351466	0.374017	0.367115	0.376457	0.371679	0.375942	0.378121	0.377138	0.371127	0.370628	0.360126	0.358128	0.429259	0.354399	0.358732	0.371225	0.423790	0.372061	0.373228	0.387031	0.376530	0.359955	0.386703	0.379612	0.368232	0.381690	0.363248	0.377171	0.369536	0.373567	0.385643	0.371667	0.382012	0.370522	0.387565	0.377155	0.372832	0.379729	0.376153	0.383318	0.371577	0.390106	0.365022	0.376251	0.375879	0.372376	0.381529	0.356966	0.346180	0.439964	0.426178	0.348330	0.377256	0.382035	0.358452	0.382300	0.365704	0.393107	0.418631	0.442229	0.426954	0.434753	0.427053	0.349742	0.374523	0.435612	0.425628	0.426766	0.432341	0.374067	0.432927	0.371623	0.369477	0.341007	0.366674	0.351412	0.376318	0.355352	0.387553	0.365268	0.427991	0.355986	0.438378	0.424639	0.374831	0.380716	0.365667	0.378943	0.375759	0.373785	0.374186	0.357768	0.381136	0.425503	0.371889	0.424407	0.434913	0.376553	0.371113	0.379082	0.425985	0.343849	0.354641	0.431373	0.374669	0.374401	0.431462	0.370623	0.352058	0.383571	0.378200	0.380996	0.379855	0.389400	0.378747	0.373584	0.364168	0.382749	0.350818	0.374048	0.374579	0.374506	0.370950	0.375226	0.383868	0.375000	0.346058	0.373060	0.377727	0.380378	0.351481	0.383166	0.375000	0.364574	0.362685	0.417788	0.378237	0.358397	
0.358384	0.368728	0.374067	0.373460	0.367967	0.356332	0.383195	0.387199	0.000000	0.377748	0.367398	0.352861	0.363026	0.366000	0.363820	0.354083	0.361130	0.365716	0.356929	0.358141	0.365420	0.376968	0.351914	0.347035	0.356662	0.355631	0.409511	0.420014	0.361354	0.361055	0.357704	0.384183	0.398313	0.363167	0.431333	0.414311	0.422904	0.409009	0.415367	0.356887	0.387104	0.418379	0.363330	0.371984	0.432310	0.358132	0.426837	0.371679	0.380405	0.413910	0.410807	0.376626	0.380326	0.387104	0.417946	0.359933	0.367228	0.371723	0.354558	0.380760	0.370203	0.414431	0.357270	0.427045	0.366944	0.422844	0.357975	0.361074	0.373435	0.361055	0.427182	0.428053	0.371792	0.378980	0.415132	0.373048	0.350513	0.423683	0.418610	0.414739	0.364164	0.375000	0.380103	0.359078	0.350899	0.367069	0.361764	0.370025	0.351174	0.376877	0.369080	0.354162	0.384306	0.374550	0.426037	0.381406	0.376443	0.358732	0.421112	0.360243	0.353336	0.369438	0.357290	0.362325	0.347983	0.375578	0.359543	0.367370	0.356615	0.369390	0.359291	0.359508	0.355115	0.362390	0.370873	0.363042	0.358337	0.356979	0.366286	0.361702	0.357734	0.361074	0.351473	0.374831	0.364336	0.359462	0.360043	0.366007	0.352889	0.380888	0.376749	0.419538	0.428893	0.369672	0.358554	0.369093	0.371338	0.362162	0.357919	0.360152	0.420542	0.432049	0.426543	0.428091	0.426835	0.379449	0.358774	0.424469	0.426156	0.419529	0.407682	0.351735	0.421443	0.359919	0.360009	0.368823	0.359392	0.371237	0.353808	0.388505	0.358579	0.357446	0.423915	0.381582	0.435018	0.431681	0.357318	0.360358	0.361635	0.363821	0.361702	0.356355	0.357733	0.366118	0.360217	0.422437	0.364760	0.423529	0.437142	0.358427	0.361969	0.355813	0.419912	0.383724	0.384650	0.422891	0.363048	0.373868	0.423242	0.365594	0.366893	0.380865	0.358825	0.378757	0.366435	0.364388	0.364129	0.359807	0.363250	0.355322	0.382879	0.359929	0.361384	0.353377	0.363273	0.366502	0.357802	0.364773	0.367026	0.359651	0.362732	0.364429	0.376008	0.354226	0.360098	0.360776	0.350091	0.417603	0.357433	0.352968	
0.370596	0.344016	0.357062	0.378523	0.368899	0.374659	0.345719	0.359540	0.377748	0.000000	0.380565	0.366325	0.374306	0.366820	0.363186	0.364144	0.375364	0.379506	0.372780	0.368011	0.371798	0.352531	0.376792	0.366172	0.372897	0.366960	0.419921	0.426713	0.362719	0.371895	0.374607	0.342543	0.398179	0.383614	0.429535	0.414946	0.412534	0.426860	0.423859	0.373629	0.353261	0.424797	0.374523	0.349519	0.420221	0.373158	0.419065	0.351272	0.343391	0.420081	0.416422	0.342678	0.351780	0.353050	0.414029	0.366579	0.379582	0.367406	0.360161	0.358508	0.370847	0.412004	0.370957	0.426982	0.369331	0.422715	0.372312	0.367762	0.342570	0.372707	0.423207	0.419048	0.373855	0.343347	0.427383	0.340544	0.373775	0.424297	0.412887	0.408854	0.376510	0.357511	0.351538	0.374832	0.367826	0.372961	0.374888	0.383109	0.370513	0.382116	0.363413	0.371626	0.347048	0.348863	0.428435	0.358195	0.352996	0.370178	0.418955	0.373537	0.372228	0.373285	0.366667	0.366975	0.373336	0.372554	0.357878	0.380109	0.388391	0.379829	0.369531	0.367301	0.371390	0.382955	0.375367	0.378781	0.370822	0.372365	0.365635	0.362750	0.369682	0.375728	0.370670	0.371345	0.356691	0.389571	0.360700	0.374298	0.367365	0.349249	0.351083	0.427697	0.435880	0.364969	0.383476	0.374692	0.354082	0.368492	0.376612	0.382960	0.414128	0.434881	0.431885	0.418610	0.427447	0.346911	0.367680	0.420231	0.424611	0.424658	0.428122	0.361506	0.418876	0.371725	0.383718	0.342921	0.368386	0.346488	0.365058	0.354738	0.376760	0.366399	0.421952	0.344170	0.419580	0.412663	0.364490	0.365613	0.369912	0.370655	0.383789	0.361180	0.360447	0.350919	0.373131	0.407157	0.366262	0.428090	0.416457	0.377978	0.367713	0.366818	0.415044	0.346850	0.347207	0.417681	0.380484	0.364187	0.427569	0.378256	0.342159	0.384192	0.380583	0.367670	0.380256	0.360304	0.381609	0.365862	0.372619	0.377097	0.334451	0.373577	0.374749	0.369857	0.374944	0.376913	0.379838	0.372252	0.345635	0.375140	0.370161	0.368966	0.351058	0.370856	0.374384	0.359026	0.361823	0.419880	0.365198	0.365897	
0.357468	0.358158	0.372003	0.350668	0.360502	0.360018	0.370964	0.388788	0.367398	0.380565	0.000000	0.356946	0.366030	0.361337	0.351541	0.356709	0.350023	0.357974	0.362834	0.358164	0.361182	0.385837	0.363452	0.355007	0.365876	0.348954	0.407821	0.416764	0.363082	0.365688	0.363904	0.378085	0.390058	0.369029	0.420444	0.422886	0.420442	0.419745	0.411283	0.359125	0.391513	0.426554	0.357531	0.373508	0.419245	0.356146	0.413871	0.380985	0.377157	0.411298	0.417199	0.376667	0.375713	0.380863	0.419125	0.374849	0.350714	0.367352	0.360090	0.369053	0.368733	0.415528	0.358605	0.433547	0.363616	0.423251	0.358014	0.368825	0.363616	0.357771	0.421305	0.417467	0.373453	0.382406	0.407609	0.371512	0.373005	0.412979	0.412044	0.415142	0.365398	0.378952	0.380396	0.366712	0.379773	0.360936	0.361419	0.354839	0.364092	0.367697	0.366584	0.361671	0.372690	0.381666	0.427986	0.374743	0.369931	0.361363	0.426951	0.365903	0.358014	0.355087	0.359028	0.357240	0.353476	0.368966	0.371673	0.359314	0.355225	0.359375	0.359601	0.369585	0.350522	0.360916	0.362104	0.353437	0.373321	0.375576	0.358418	0.357176	0.354402	0.371673	0.353235	0.359637	0.361003	0.361202	0.355795	0.366372	0.354635	0.372119	0.385001	0.417105	0.422928	0.376137	0.362443	0.361972	0.378464	0.366341	0.358478	0.368112	0.413707	0.419281	0.416383	0.413161	0.413660	0.378921	0.355144	0.420032	0.420191	0.419932	0.419421	0.359545	0.427794	0.361572	0.366554	0.374264	0.357127	0.378008	0.362387	0.379241	0.360911	0.352477	0.427178	0.382599	0.424187	0.430059	0.360829	0.363800	0.356689	0.365126	0.366531	0.352701	0.344595	0.376247	0.358447	0.417196	0.356945	0.412441	0.422304	0.357854	0.353752	0.365591	0.418280	0.373938	0.370007	0.427910	0.335179	0.364624	0.422050	0.364051	0.365921	0.383994	0.360195	0.363263	0.358957	0.371448	0.354295	0.352199	0.358789	0.363185	0.373451	0.361448	0.362081	0.350873	0.360090	0.358910	0.362233	0.369659	0.362174	0.359414	0.361377	0.355382	0.365458	0.357530	0.363123	0.365909	0.351129	0.428847	0.350034	0.351614	
0.348433	0.370286	0.374914	0.349483	0.366084	0.347986	0.373040	0.375200	0.352861	0.366325	0.356946	0.000000	0.350351	0.350828	0.360319	0.356350	0.340455	0.366016	0.351692	0.344940	0.349065	0.380105	0.366136	0.347925	0.355455	0.354086	0.418088	0.418998	0.358701	0.355263	0.356980	0.374658	0.383784	0.363243	0.413266	0.408015	0.402059	0.432600	0.414835	0.360109	0.385127	0.434653	0.349340	0.370345	0.432037	0.351155	0.416363	0.375828	0.381246	0.412289	0.413951	0.368026	0.370464	0.363104	0.418961	0.352058	0.356948	0.343864	0.356705	0.378274	0.350801	0.418764	0.365324	0.419162	0.357029	0.413676	0.361572	0.368672	0.367430	0.352020	0.426966	0.410369	0.348663	0.378360	0.405011	0.367647	0.367689	0.416077	0.424601	0.417797	0.355087	0.374716	0.377376	0.372188	0.347808	0.356593	0.353249	0.356748	0.354248	0.356364	0.361620	0.348434	0.366357	0.366149	0.414563	0.374053	0.364546	0.353252	0.410959	0.351333	0.350602	0.374972	0.352955	0.357779	0.354514	0.356438	0.352167	0.356108	0.365227	0.361794	0.352981	0.366462	0.353049	0.357991	0.348832	0.362077	0.359432	0.355422	0.347194	0.364739	0.351124	0.357629	0.351074	0.363616	0.353994	0.360460	0.351484	0.350729	0.361293	0.376337	0.369794	0.410628	0.409548	0.375088	0.354281	0.350375	0.377199	0.339812	0.360092	0.358589	0.400549	0.428866	0.416000	0.419759	0.418950	0.366341	0.342559	0.417030	0.412477	0.430979	0.414978	0.347260	0.415395	0.363304	0.353878	0.374089	0.354473	0.386374	0.354101	0.383085	0.360172	0.348958	0.422288	0.361900	0.418706	0.426065	0.360073	0.358799	0.345103	0.358335	0.361673	0.365998	0.350102	0.372381	0.351983	0.410959	0.360557	0.410708	0.415370	0.356573	0.350534	0.341626	0.409998	0.375673	0.366139	0.411258	0.352399	0.349957	0.415614	0.365407	0.365473	0.387546	0.364417	0.354831	0.358542	0.360154	0.372684	0.352369	0.357711	0.354597	0.380186	0.355963	0.347600	0.355171	0.354016	0.362266	0.357012	0.370190	0.373917	0.354465	0.352013	0.352408	0.374714	0.347172	0.356009	0.355978	0.347347	0.402324	0.346789	0.346276	
0.357409	0.359870	0.367571	0.356220	0.356709	0.345352	0.375624	0.381662	0.363026	0.374306	0.366030	0.350351	0.000000	0.369967	0.361588	0.359742	0.361195	0.357310	0.352006	0.357075	0.354241	0.371953	0.355077	0.347564	0.353622	0.358736	0.416271	0.417163	0.362396	0.352506	0.360492	0.369838	0.398807	0.369117	0.427047	0.421016	0.412547	0.421470	0.428105	0.359371	0.372751	0.422035	0.343764	0.373700	0.425641	0.350877	0.419123	0.365094	0.376798	0.416783	0.420205	0.378040	0.367843	0.373841	0.420938	0.360226	0.362097	0.350613	0.355427	0.368067	0.351597	0.423113	0.342699	0.417018	0.368104	0.422854	0.369128	0.376617	0.360277	0.355114	0.420401	0.412357	0.364999	0.381128	0.423336	0.368869	0.360573	0.411532	0.419893	0.424590	0.364035	0.371296	0.375633	0.371792	0.362054	0.367559	0.358945	0.350375	0.354050	0.361137	0.360009	0.356705	0.364475	0.365179	0.419823	0.384507	0.370469	0.353959	0.418718	0.359295	0.350670	0.356663	0.359915	0.351792	0.349919	0.344981	0.364709	0.362573	0.358185	0.363215	0.353255	0.363447	0.356960	0.357956	0.357743	0.369956	0.367466	0.352872	0.370053	0.362305	0.370662	0.359935	0.350649	0.357077	0.354545	0.360009	0.355051	0.362984	0.359843	0.367909	0.374796	0.417876	0.412230	0.360894	0.359759	0.368348	0.375145	0.365519	0.347715	0.359111	0.413343	0.428007	0.404003	0.420005	0.430265	0.372458	0.347495	0.420266	0.433047	0.426317	0.418772	0.361292	0.416647	0.369844	0.365972	0.368653	0.359022	0.360221	0.361790	0.381588	0.344017	0.350485	0.421810	0.381107	0.428239	0.415295	0.353416	0.362121	0.359183	0.361435	0.357077	0.359147	0.349228	0.381528	0.353641	0.425052	0.353135	0.409680	0.418456	0.357904	0.359935	0.353368	0.415090	0.372835	0.374825	0.418143	0.357213	0.358300	0.423867	0.362809	0.376429	0.387211	0.357730	0.376254	0.362097	0.366867	0.369550	0.357050	0.355622	0.359649	0.379271	0.363260	0.355397	0.349644	0.358668	0.363109	0.350139	0.373191	0.345539	0.347826	0.361046	0.367391	0.374486	0.351103	0.363468	0.360323	0.348669	0.406235	0.351912	0.350127	
0.356977	0.372585	0.359022	0.365068	0.368703	0.352627	0.370274	0.378935	0.366000	0.366820	0.361337	0.350828	0.369967	0.000000	0.350958	0.357634	0.357849	0.351069	0.350450	0.353135	0.360284	0.377803	0.358013	0.353974	0.359512	0.363678	0.423877	0.431116	0.354186	0.359853	0.352792	0.370994	0.386810	0.358708	0.412566	0.410191	0.418114	0.425482	0.425883	0.359917	0.376916	0.424524	0.355515	0.374253	0.431254	0.343578	0.426627	0.371072	0.379852	0.412445	0.417266	0.359069	0.366698	0.370914	0.419643	0.383846	0.353240	0.354794	0.350034	0.362439	0.349317	0.418232	0.353170	0.417385	0.362713	0.418969	0.358326	0.360983	0.368518	0.349494	0.426317	0.424419	0.361449	0.381323	0.414493	0.359679	0.353335	0.418594	0.421889	0.432199	0.349494	0.379691	0.369759	0.363532	0.368952	0.357438	0.349988	0.356225	0.348703	0.359080	0.359257	0.362659	0.368288	0.371759	0.434013	0.371741	0.377263	0.358564	0.408460	0.358382	0.364911	0.360849	0.354648	0.359954	0.363131	0.353982	0.338539	0.362727	0.353577	0.353999	0.351164	0.365243	0.355658	0.364958	0.352178	0.355602	0.350950	0.361697	0.364682	0.369767	0.349115	0.356782	0.365189	0.354013	0.350592	0.352467	0.363835	0.362818	0.355112	0.376238	0.367300	0.416007	0.419579	0.369863	0.353931	0.364744	0.370062	0.362503	0.363320	0.357488	0.410114	0.424137	0.414352	0.413309	0.414431	0.370140	0.349644	0.425319	0.419601	0.414668	0.420531	0.339972	0.424977	0.356713	0.365876	0.363343	0.350447	0.376031	0.353617	0.372024	0.352685	0.350011	0.425277	0.371718	0.409133	0.426627	0.349552	0.362299	0.351420	0.350649	0.365287	0.349009	0.354291	0.380872	0.349291	0.413490	0.356858	0.416158	0.421238	0.345178	0.342311	0.357841	0.424827	0.371744	0.366403	0.421820	0.354223	0.348016	0.412927	0.354854	0.364375	0.383784	0.357090	0.357790	0.362292	0.357192	0.362393	0.355519	0.369570	0.364598	0.369376	0.354639	0.355046	0.353609	0.357094	0.355047	0.359454	0.373560	0.366174	0.352792	0.351207	0.354452	0.375000	0.364921	0.358473	0.368698	0.342923	0.414164	0.351552	0.353698	
0.352049	0.355925	0.354223	0.368175	0.351843	0.362002	0.382727	0.380393	0.363820	0.363186	0.351541	0.360319	0.361588	0.350958	0.000000	0.358774	0.356614	0.368098	0.352968	0.346260	0.351633	0.372041	0.356709	0.349955	0.359182	0.359973	0.407691	0.423176	0.365985	0.358618	0.348570	0.364189	0.382766	0.357786	0.414563	0.399865	0.402442	0.409710	0.403894	0.348978	0.372928	0.420159	0.352928	0.371076	0.419173	0.349103	0.397881	0.372266	0.377427	0.400226	0.410965	0.359217	0.367463	0.370508	0.416410	0.360971	0.357658	0.346352	0.352558	0.362325	0.364954	0.398733	0.354572	0.401641	0.363350	0.406194	0.365454	0.359417	0.363962	0.357928	0.417196	0.408739	0.357751	0.364895	0.403647	0.357718	0.353519	0.413676	0.419536	0.405233	0.363738	0.372501	0.381847	0.367736	0.355556	0.360457	0.342253	0.354176	0.354766	0.365333	0.353639	0.351364	0.360762	0.361212	0.416587	0.374318	0.370161	0.361177	0.401578	0.349357	0.359003	0.360829	0.350715	0.355385	0.359421	0.351212	0.355476	0.354589	0.353694	0.347953	0.352610	0.349955	0.353446	0.362081	0.348663	0.359729	0.356059	0.351091	0.358300	0.360390	0.346595	0.361473	0.349447	0.354388	0.348310	0.359916	0.347826	0.357288	0.348624	0.359775	0.379841	0.407231	0.419377	0.363573	0.349449	0.353549	0.364459	0.352755	0.363389	0.357239	0.401539	0.413427	0.415763	0.405533	0.410117	0.358635	0.353429	0.409401	0.401673	0.416029	0.415859	0.349389	0.393147	0.353515	0.348022	0.364067	0.364166	0.362192	0.361298	0.371729	0.349462	0.337363	0.416723	0.366539	0.408505	0.410891	0.353377	0.353192	0.348974	0.359683	0.362472	0.351150	0.349014	0.380727	0.359283	0.404241	0.345049	0.410412	0.418621	0.346778	0.362348	0.354655	0.408547	0.363262	0.374631	0.409541	0.348714	0.366768	0.411391	0.361736	0.367333	0.380253	0.370073	0.364276	0.361462	0.370968	0.357596	0.351456	0.362084	0.355989	0.365165	0.356535	0.363657	0.357325	0.347535	0.359611	0.354256	0.372964	0.364908	0.345238	0.352247	0.354511	0.378289	0.349317	0.368327	0.360725	0.351683	0.404179	0.338768	0.354976	
0.356629	0.354213	0.363759	0.347464	0.351028	0.367554	0.377982	0.377464	0.354083	0.364144	0.356709	0.356350	0.359742	0.357634	0.358774	0.000000	0.363798	0.361669	0.344345	0.348678	0.353631	0.378330	0.355902	0.349810	0.357956	0.366779	0.424340	0.416013	0.364021	0.363515	0.359536	0.386440	0.390987	0.360286	0.428923	0.402099	0.420332	0.419144	0.425393	0.361185	0.385672	0.426613	0.349040	0.369909	0.423284	0.360605	0.406439	0.370437	0.379789	0.414241	0.412241	0.368386	0.372292	0.380612	0.419544	0.359133	0.356584	0.349164	0.343347	0.365161	0.360917	0.411633	0.352641	0.418437	0.361341	0.417595	0.375223	0.363818	0.366607	0.363454	0.426772	0.425926	0.360302	0.383031	0.406166	0.383933	0.357093	0.410882	0.417727	0.410106	0.358541	0.368257	0.373475	0.356793	0.370262	0.358080	0.361427	0.353154	0.352280	0.368679	0.357190	0.360636	0.373582	0.376877	0.420639	0.370295	0.378809	0.357952	0.414241	0.360340	0.355536	0.355084	0.356735	0.357031	0.348733	0.365478	0.353898	0.365094	0.349376	0.350458	0.357143	0.340980	0.358681	0.356088	0.359326	0.346206	0.356758	0.360839	0.355055	0.365606	0.361915	0.356332	0.361702	0.356872	0.363493	0.360618	0.364561	0.358676	0.354495	0.377009	0.376040	0.415971	0.426490	0.369958	0.357382	0.361712	0.375701	0.362699	0.354410	0.368093	0.421643	0.424378	0.423163	0.419772	0.415137	0.373886	0.354903	0.425034	0.417619	0.421934	0.430518	0.353218	0.421135	0.352875	0.349097	0.379079	0.351255	0.372088	0.356444	0.390244	0.363414	0.354222	0.423172	0.358831	0.425976	0.420500	0.354236	0.359420	0.337581	0.365475	0.364467	0.350414	0.353634	0.378106	0.363452	0.426270	0.357175	0.427230	0.416363	0.351273	0.352508	0.350441	0.413359	0.366603	0.369203	0.418398	0.360582	0.366494	0.419892	0.352344	0.365337	0.367259	0.355470	0.357641	0.361217	0.362241	0.353642	0.360729	0.356268	0.364486	0.374778	0.364967	0.364020	0.357817	0.362248	0.352296	0.351097	0.354775	0.365526	0.361451	0.358542	0.362509	0.386967	0.345189	0.365235	0.362647	0.348140	0.405187	0.352531	0.345373	
0.358078	0.366443	0.359520	0.350743	0.350782	0.358812	0.379525	0.382730	0.361130	0.375364	0.350023	0.340455	0.361195	0.357849	0.356614	0.363798	0.000000	0.360344	0.355218	0.343936	0.358412	0.371518	0.359204	0.351370	0.354839	0.358367	0.412552	0.431987	0.359078	0.369303	0.368586	0.369414	0.390417	0.349406	0.401571	0.412595	0.399414	0.416177	0.422643	0.354651	0.377602	0.425897	0.353495	0.371958	0.411858	0.351773	0.412214	0.378512	0.373030	0.415188	0.417476	0.362069	0.374632	0.382074	0.422705	0.348492	0.351424	0.352586	0.344727	0.381732	0.346953	0.408384	0.347293	0.416421	0.354499	0.412961	0.363311	0.346059	0.372098	0.356330	0.416798	0.400227	0.370651	0.379395	0.412609	0.371798	0.346772	0.414157	0.412819	0.403763	0.352744	0.375391	0.372134	0.364693	0.359028	0.355486	0.355352	0.346573	0.354468	0.372343	0.357637	0.346447	0.366235	0.386640	0.400815	0.381653	0.376203	0.358138	0.412056	0.354976	0.346670	0.355700	0.340220	0.357561	0.344727	0.356465	0.341976	0.354247	0.365264	0.362699	0.351030	0.356122	0.349460	0.347621	0.356563	0.354999	0.354308	0.343614	0.355272	0.348956	0.351285	0.357159	0.359280	0.341414	0.350068	0.353690	0.359505	0.353825	0.332665	0.370553	0.375789	0.403851	0.421502	0.360404	0.359273	0.360260	0.377392	0.359217	0.354933	0.366585	0.406990	0.407516	0.405716	0.422362	0.404270	0.364246	0.351140	0.408639	0.404505	0.410538	0.412517	0.346682	0.422093	0.355370	0.358791	0.377917	0.348049	0.368737	0.357191	0.373915	0.356537	0.344489	0.416217	0.366443	0.411579	0.417844	0.342187	0.369128	0.350022	0.363267	0.355625	0.352505	0.359009	0.385829	0.354006	0.417397	0.342942	0.423672	0.407280	0.344998	0.352217	0.349275	0.419018	0.374789	0.377853	0.413935	0.356151	0.363479	0.415555	0.362732	0.359294	0.381170	0.360107	0.352078	0.365393	0.360938	0.357707	0.350482	0.363819	0.355004	0.383705	0.351448	0.346343	0.352139	0.356952	0.363166	0.359982	0.358222	0.370171	0.346884	0.357757	0.363380	0.384383	0.359692	0.360447	0.358162	0.358516	0.401338	0.352968	0.342211	
0.367245	0.369339	0.373486	0.361757	0.356570	0.359862	0.380219	0.376166	0.365716	0.379506	0.357974	0.366016	0.357310	0.351069	0.368098	0.361669	0.360344	0.000000	0.361098	0.352480	0.368151	0.376278	0.355269	0.345070	0.364048	0.373175	0.417172	0.438424	0.373559	0.357676	0.366810	0.375653	0.383977	0.359347	0.417670	0.412738	0.404149	0.414801	0.425348	0.368921	0.382064	0.427333	0.357143	0.369860	0.418435	0.356127	0.414396	0.378495	0.383951	0.419700	0.414723	0.380974	0.369615	0.377658	0.414558	0.372521	0.356705	0.358435	0.365054	0.373012	0.343508	0.419215	0.361362	0.405002	0.362069	0.404433	0.374745	0.357659	0.364129	0.349898	0.418913	0.417373	0.364005	0.369937	0.418141	0.366667	0.351599	0.416818	0.430741	0.416361	0.365936	0.373161	0.375930	0.377431	0.367270	0.362221	0.355364	0.351928	0.359617	0.370781	0.363287	0.369701	0.367637	0.380487	0.412319	0.375487	0.374287	0.367040	0.418695	0.352727	0.365385	0.360436	0.352955	0.363512	0.363243	0.353022	0.358047	0.365094	0.353474	0.360172	0.361697	0.371500	0.361320	0.353996	0.356052	0.353773	0.355368	0.358264	0.359085	0.366138	0.357014	0.360552	0.362602	0.353302	0.358611	0.353285	0.364890	0.355263	0.365788	0.377038	0.390411	0.406993	0.421185	0.369695	0.365284	0.371293	0.384213	0.355616	0.352766	0.370555	0.401824	0.423235	0.420574	0.420122	0.402503	0.382180	0.361293	0.403789	0.410478	0.426691	0.425426	0.352138	0.417405	0.360794	0.367407	0.371681	0.357336	0.370237	0.363206	0.377703	0.365380	0.353353	0.422020	0.375935	0.417009	0.416610	0.358563	0.358324	0.356607	0.354942	0.364623	0.355081	0.362918	0.378565	0.358335	0.402137	0.354913	0.414436	0.406438	0.360953	0.364522	0.362615	0.416114	0.368755	0.370828	0.407382	0.359594	0.361656	0.397989	0.364281	0.370599	0.378353	0.352956	0.347429	0.368553	0.363287	0.358383	0.352254	0.366825	0.354445	0.369810	0.359928	0.369276	0.361176	0.366314	0.369308	0.361446	0.365545	0.366508	0.365341	0.358447	0.365476	0.385065	0.361089	0.369634	0.364968	0.357731	0.402324	0.360064	0.358887	
0.350255	0.370166	0.361331	0.351480	0.350198	0.356078	0.373520	0.375753	0.356929	0.372780	0.362834	0.351692	0.352006	0.350450	0.352968	0.344345	0.355218	0.361098	0.000000	0.343140	0.347847	0.372486	0.356205	0.360046	0.354176	0.357705	0.420853	0.421782	0.360958	0.354349	0.363720	0.388298	0.395752	0.361810	0.416050	0.418916	0.418232	0.416705	0.408457	0.361086	0.375784	0.433248	0.353715	0.371580	0.417189	0.353252	0.408923	0.384776	0.376966	0.411247	0.425749	0.384598	0.373601	0.375059	0.409796	0.360108	0.348488	0.351886	0.357028	0.372603	0.354225	0.420552	0.352158	0.408921	0.357985	0.419065	0.348537	0.363929	0.383766	0.349425	0.418469	0.416084	0.362362	0.386764	0.409563	0.365535	0.375956	0.405931	0.426033	0.419897	0.350748	0.374165	0.375459	0.360516	0.363250	0.372157	0.359677	0.355441	0.352122	0.366674	0.366644	0.353271	0.369740	0.386095	0.413861	0.384436	0.365477	0.357143	0.419310	0.345585	0.353428	0.360554	0.345592	0.353718	0.362688	0.363888	0.350542	0.356378	0.343786	0.372635	0.360444	0.355729	0.351552	0.350370	0.366341	0.357970	0.355736	0.355195	0.364559	0.356607	0.352616	0.364765	0.368458	0.360701	0.357907	0.346318	0.366492	0.362188	0.362029	0.367935	0.373869	0.416783	0.418847	0.364316	0.355576	0.360369	0.380412	0.349386	0.353639	0.355366	0.414057	0.425394	0.412706	0.425439	0.416261	0.382400	0.346826	0.416783	0.416107	0.424942	0.421503	0.348875	0.409343	0.353296	0.362359	0.375867	0.355617	0.371127	0.362299	0.380505	0.357849	0.353927	0.411751	0.373991	0.422408	0.434049	0.361316	0.351476	0.342719	0.351985	0.356978	0.355936	0.362445	0.371773	0.363319	0.417033	0.354573	0.411846	0.420917	0.355443	0.359199	0.363319	0.412381	0.377531	0.377617	0.414013	0.354008	0.359560	0.405248	0.359237	0.370233	0.376907	0.366899	0.365581	0.359963	0.363908	0.366318	0.356439	0.363867	0.368046	0.374483	0.364992	0.359605	0.362924	0.351945	0.370430	0.356729	0.352907	0.366350	0.354579	0.354569	0.366755	0.365157	0.363493	0.359494	0.371468	0.353133	0.417383	0.353214	0.358968	
0.352846	0.355866	0.360584	0.346793	0.350544	0.350463	0.369458	0.364097	0.358141	0.368011	0.358164	0.344940	0.357075	0.353135	0.346260	0.348678	0.343936	0.352480	0.343140	0.000000	0.349094	0.369340	0.342021	0.356438	0.355016	0.358047	0.401788	0.419286	0.366407	0.363865	0.355719	0.383502	0.397096	0.340596	0.411711	0.410497	0.411575	0.406517	0.428209	0.348789	0.373988	0.423201	0.350515	0.382225	0.426105	0.351678	0.415423	0.363887	0.369050	0.399219	0.396858	0.364053	0.361278	0.369078	0.412317	0.358743	0.356635	0.339282	0.353639	0.368083	0.342172	0.419050	0.350785	0.414073	0.349301	0.413446	0.360146	0.349634	0.371689	0.348174	0.419034	0.419101	0.353934	0.370733	0.406787	0.373634	0.347433	0.418717	0.415003	0.407699	0.358008	0.373629	0.361649	0.349554	0.344449	0.354095	0.343321	0.356778	0.355002	0.362763	0.347925	0.346874	0.355251	0.370115	0.414527	0.367006	0.367357	0.350097	0.419043	0.353698	0.362597	0.356815	0.353644	0.338699	0.357505	0.340396	0.353358	0.352096	0.347975	0.351686	0.361137	0.349931	0.346516	0.357733	0.352399	0.356319	0.346402	0.352392	0.349668	0.357845	0.345538	0.357567	0.348955	0.360404	0.353878	0.363443	0.355507	0.355438	0.355971	0.366613	0.371113	0.418400	0.416341	0.374207	0.347518	0.354005	0.377354	0.358456	0.351096	0.358124	0.421368	0.418182	0.422457	0.429553	0.414539	0.365134	0.346119	0.418476	0.405014	0.420087	0.423227	0.341144	0.406659	0.354296	0.355505	0.355290	0.357583	0.364030	0.354214	0.362725	0.344757	0.344199	0.423943	0.371252	0.422386	0.418311	0.336758	0.356848	0.347267	0.351856	0.365737	0.348933	0.357159	0.366515	0.351826	0.418947	0.345085	0.409091	0.411435	0.347098	0.350974	0.343822	0.407169	0.365554	0.370841	0.413624	0.349878	0.340998	0.415491	0.356465	0.345370	0.361662	0.362205	0.353253	0.347806	0.352135	0.352399	0.360661	0.352793	0.348858	0.368661	0.347539	0.349840	0.342837	0.354545	0.345915	0.348655	0.363165	0.364033	0.351852	0.350902	0.346283	0.375288	0.339235	0.353210	0.357712	0.348107	0.409301	0.346863	0.346496	
