0.930695	-0.000256	0.002031	0.023163	0.020972	0.043203	-0.052740	-0.023053	0.034004	-0.011391	0.028144	0.024850	0.017276	0.032194	0.016086	0.048207	0.031340	0.020087	0.016696	0.009935	0.001482	-0.028442	0.013502	0.021462	-0.001057	0.015574	-0.024752	-0.018879	0.045693	0.013967	0.022395	0.008923	-0.011509	0.011334	-0.066715	-0.071250	-0.063316	-0.061029	-0.053815	0.026148	-0.001571	-0.077534	-0.015880	-0.022541	-0.053517	-0.002804	-0.050070	-0.000407	-0.020980	-0.048667	-0.057961	-0.024421	-0.012859	-0.023459	-0.052385	-0.023795	0.011968	0.053219	0.035963	-0.004418	0.005938	-0.080889	0.035623	-0.090566	-0.003868	-0.053721	0.008264	0.009578	-0.001789	0.018435	-0.084409	-0.050082	0.017458	-0.010687	-0.042455	0.005777	0.015520	-0.094033	-0.049332	-0.065224	0.040678	-0.008715	-0.003546	0.019158	-0.029773	-0.010392	0.019736	-0.018858	-0.000449	-0.004524	-0.005395	-0.020097	-0.039697	0.022041	-0.057385	-0.022036	-0.039280	0.008629	-0.078774	0.024563	0.026034	0.057469	0.004300	0.037706	0.020350	0.007863	0.010254	0.006044	0.006229	0.038076	0.027247	0.000503	-0.008689	0.012831	0.031515	0.024078	0.030017	0.011658	0.008740	-0.024500	0.021511	0.020334	0.014635	0.010347	0.022247	0.012456	0.053203	0.009848	0.036654	-0.019717	-0.005415	-0.070992	-0.044938	-0.036838	0.008915	0.025215	-0.014914	0.027259	0.024299	0.020436	-0.081429	-0.060763	-0.029917	-0.051793	-0.061376	-0.015917	0.036722	-0.070471	-0.078852	-0.068295	-0.036634	-0.008634	-0.078234	0.026248	0.028632	-0.003530	0.023627	-0.013077	0.034210	-0.025940	0.045995	0.046490	-0.060255	-0.022427	-0.068268	-0.063800	0.022925	0.015674	0.030769	0.013728	-0.003506	0.004604	0.022994	-0.008499	0.030212	-0.054994	0.045136	-0.066827	-0.063827	0.009670	0.015347	0.033552	-0.076409	-0.012293	-0.006133	-0.047023	0.036637	0.051261	-0.062372	0.048150	-0.017257	-0.033990	-0.005374	0.020427	0.012450	0.024074	0.050136	0.018240	0.005426	0.018069	0.003289	0.008997	0.045572	0.016736	0.048668	0.009880	0.042710	0.005242	-0.032917	0.024987	0.015993	0.050758	-0.018779	0.019477	-0.006058	0.026905	-0.010725	-0.106583	-0.005897	0.017666	
-0.000256	0.993107	0.058032	0.008602	-0.042840	-0.018734	0.073345	0.061352	-0.031718	0.044944	-0.012556	0.013592	-0.007357	-0.025924	0.005213	0.020471	-0.002377	-0.026674	-0.012269	-0.019255	-0.033852	0.074886	-0.028177	-0.016743	-0.021049	-0.031158	-0.044929	-0.039030	0.018214	0.003517	-0.029538	0.052490	0.002505	-0.025086	-0.029431	-0.035823	-0.035081	-0.019501	-0.046577	-0.000295	0.037796	-0.009479	-0.019449	0.083667	-0.018980	-0.041314	-0.019392	0.023437	0.062924	-0.044234	-0.020517	0.044684	0.047669	0.050151	-0.056040	0.029903	-0.026685	-0.024852	-0.008703	0.045561	-0.021441	-0.054498	0.020784	-0.067080	-0.027635	-0.052514	-0.010090	-0.000184	0.084012	-0.015556	-0.029630	-0.055203	0.009096	0.045352	-0.026226	0.039370	-0.011089	-0.062595	-0.016120	-0.023868	0.001773	0.043288	0.040787	0.030103	0.108938	0.010338	-0.011136	-0.016223	-0.019585	0.003945	-0.003120	-0.004321	0.025875	0.062242	-0.068303	0.046101	0.043927	-0.001045	-0.039311	-0.029175	0.021593	-0.008871	-0.000973	-0.015273	-0.017135	-0.007054	-0.016157	-0.006775	-0.026449	-0.017704	-0.035314	-0.014740	-0.037364	-0.019630	0.000779	0.004845	-0.000822	-0.017169	-0.023330	0.028968	-0.025368	-0.022353	0.004534	-0.031269	0.028865	-0.008084	0.014465	-0.010556	0.016519	0.051926	0.058808	-0.050258	-0.038233	0.137354	0.018067	0.005430	0.061707	-0.046376	-0.040790	-0.041415	-0.048503	-0.040812	-0.041140	-0.063111	-0.047435	0.046772	-0.003570	-0.042634	-0.009729	0.006260	-0.035211	-0.012793	-0.031033	-0.006327	-0.026517	0.043749	0.018357	0.034679	-0.004862	0.051356	-0.026458	-0.020095	-0.035505	0.057437	-0.069944	-0.027297	-0.043915	0.005885	-0.024048	0.000244	-0.023471	-0.015782	-0.038881	0.057562	-0.002481	-0.017697	-0.015530	-0.028975	-0.044627	0.007152	-0.033668	-0.032129	-0.049119	0.071914	0.056498	-0.057044	-0.003658	-0.024949	-0.016165	-0.016200	0.070807	0.003641	-0.003769	-0.012074	-0.022309	-0.006227	-0.044354	-0.032529	-0.003027	-0.014086	0.046288	-0.023252	0.009219	0.030931	-0.017859	-0.014823	-0.026795	0.026700	0.080541	0.012112	-0.005466	0.003155	0.041946	-0.039641	-0.009192	0.038248	0.007743	-0.065268	-0.002212	-0.011953	
0.002031	0.058032	0.960795	-0.007181	-0.002407	-0.005345	0.053845	0.076592	-0.000910	0.010686	0.016417	0.001240	-0.008648	0.008389	0.006384	-0.007347	0.000693	-0.017191	0.024024	-0.011232	-0.004248	0.046576	-0.021340	-0.031446	-0.027811	-0.019512	-0.035919	-0.069677	0.003668	-0.021635	-0.008721	0.062305	-0.009854	0.006660	-0.041741	-0.046755	-0.038720	-0.031356	-0.006091	0.014788	0.026256	-0.042824	-0.003528	0.053038	-0.036747	-0.023473	-0.048493	0.094757	0.043519	-0.010584	-0.028826	0.033912	0.051106	0.042728	-0.034488	0.003756	-0.013943	-0.003876	-0.009356	0.065202	-0.004005	-0.046725	0.026230	-0.050030	-0.013832	-0.048863	-0.005312	-0.011077	0.056005	-0.010041	-0.029769	-0.061460	-0.015721	0.038707	-0.019493	0.047770	-0.040937	-0.057869	-0.038181	-0.026096	-0.006088	0.054977	0.034052	0.044526	-0.034145	0.015226	-0.026658	0.007458	-0.023099	-0.029518	0.001029	0.016351	0.069255	0.044204	-0.042955	0.035110	0.045392	0.016761	-0.058505	-0.028298	-0.007734	-0.030610	-0.000448	-0.010758	-0.018217	-0.003407	-0.000288	-0.000603	0.006291	-0.025448	-0.040159	0.002312	-0.019073	-0.017726	0.005761	-0.002833	-0.000614	-0.022863	-0.025103	-0.053276	-0.032881	-0.025840	-0.031089	0.008181	-0.001713	-0.009156	0.021857	-0.002063	-0.021178	0.033033	0.027743	-0.044380	-0.025408	0.029434	0.032108	0.011855	0.006912	0.002060	-0.013343	-0.005267	-0.078032	-0.046540	-0.031029	-0.053814	-0.056495	0.072255	-0.033115	-0.042809	-0.036443	-0.026767	-0.060495	-0.001370	-0.039483	0.014097	-0.019870	0.057268	0.006452	0.037088	-0.009383	0.048713	-0.010078	-0.000860	-0.022252	0.063421	-0.058712	-0.050149	-0.004898	-0.017562	-0.019918	-0.028610	0.016081	-0.004551	0.001586	0.064914	-0.028429	-0.039659	-0.019437	-0.038404	-0.053715	-0.001753	0.022991	-0.015020	-0.036844	0.035524	0.054818	-0.065084	-0.006798	-0.064823	-0.054294	-0.008131	0.080055	-0.020212	-0.039912	-0.013507	-0.015857	-0.014540	-0.029703	0.045059	0.016293	-0.003766	0.069050	-0.007153	-0.015348	0.010650	-0.010368	-0.039108	-0.011207	-0.050355	0.079667	-0.010261	0.007679	0.011465	0.046653	0.004478	-0.046525	0.017572	-0.010473	-0.053953	-0.004270	-0.001308	
0.023163	0.008602	-0.007181	0.969395	-0.000671	-0.016719	-0.022416	-0.052612	-0.003839	-0.022058	0.046854	0.031121	0.012589	0.004233	0.006672	0.042345	0.002176	0.005603	0.004500	-0.019552	0.012965	0.003255	0.026665	0.003212	0.024796	0.012254	-0.042253	-0.057881	-0.014628	0.013864	0.000187	-0.027472	0.009220	0.011408	-0.047522	-0.054290	-0.031026	-0.034829	-0.028862	0.019884	-0.032043	-0.054501	0.024371	-0.026433	-0.041854	0.037005	-0.035153	-0.024134	-0.050695	-0.027713	-0.036315	-0.015076	-0.017088	-0.010303	-0.032403	0.025024	0.042252	0.049944	0.007025	-0.013187	0.060547	-0.071445	0.012859	-0.036969	0.005978	-0.039979	0.016681	0.046791	-0.025932	0.012992	-0.062847	-0.052717	0.011475	-0.014950	-0.029451	-0.024840	-0.012213	-0.038702	-0.021954	-0.057547	0.013470	-0.003122	-0.005243	0.006294	0.043274	-0.015598	0.020891	0.017189	-0.007860	-0.032205	0.015066	-0.011751	-0.039504	-0.026042	-0.078545	-0.003061	-0.013169	0.006819	-0.097151	0.002206	0.018126	0.000845	0.042803	0.042621	0.039647	0.014242	0.004280	0.038771	0.017155	0.021577	0.009185	0.023680	0.009615	0.018189	0.008164	0.033525	0.020593	0.010022	-0.012843	0.001664	0.006905	0.008631	0.012737	0.005574	0.016016	-0.000636	0.037985	0.023905	0.024366	0.041435	-0.025702	-0.040647	-0.029334	-0.015126	0.020721	0.011059	-0.008406	0.031978	-0.001470	0.028697	-0.060515	-0.073133	-0.065710	-0.032292	-0.061921	-0.018748	0.052144	-0.050971	-0.032447	-0.069821	-0.002458	-0.008032	-0.058813	0.026088	0.002892	-0.008782	0.030270	-0.024097	-0.008948	0.020467	0.008681	0.013422	-0.045538	-0.003152	-0.052713	-0.034440	0.031848	0.015070	-0.003560	0.035182	0.026315	0.012668	0.037993	-0.003410	-0.015767	-0.072020	0.038148	-0.051000	-0.022718	0.028060	-0.000692	0.024263	-0.077584	0.014809	-0.034265	-0.039155	0.001866	0.013166	-0.046841	0.003538	-0.019089	-0.015322	-0.000144	0.014603	-0.005354	0.007096	-0.002644	0.034517	0.012139	0.016419	-0.013701	0.012091	0.013234	-0.015281	-0.002337	0.016545	0.025089	-0.012061	0.007965	0.015661	0.027562	0.028635	-0.003137	-0.012547	-0.002039	0.003899	-0.008360	-0.058033	-0.005808	0.003494	
0.020972	-0.042840	-0.002407	-0.000671	0.932815	0.011804	-0.019591	-0.014282	0.022484	-0.026485	-0.000868	-0.009319	0.011083	-0.002595	0.005600	0.027755	0.018842	-0.006566	0.034173	0.025104	0.048450	-0.032246	0.023160	0.017438	0.019312	0.025478	-0.046760	-0.010641	0.027168	0.012041	0.031994	0.012630	0.002315	0.026494	-0.012103	-0.056633	-0.043430	-0.060255	-0.037345	0.000428	-0.071590	-0.038086	-0.018143	-0.016838	-0.045058	-0.001219	-0.061032	-0.022492	-0.005384	-0.001828	-0.040063	-0.015068	-0.026617	0.009874	-0.026018	-0.005788	0.026318	0.012405	0.017095	-0.014625	0.001184	-0.042969	0.027022	-0.055837	0.008097	-0.065628	0.023082	0.013196	-0.014481	0.010895	-0.047817	-0.047079	0.020595	-0.013932	0.002129	-0.028199	0.002507	-0.010923	-0.007470	-0.030658	-0.001586	-0.008311	-0.021218	-0.020156	-0.026457	0.017434	-0.002103	0.032097	0.008514	0.013504	0.015989	-0.003734	-0.024557	-0.018756	-0.043979	-0.005780	0.016694	0.030803	-0.039130	0.033565	0.007062	0.023066	-0.000359	0.041404	-0.014268	0.006158	0.025054	-0.020513	0.013331	-0.009053	0.026016	-0.009678	0.041218	-0.010436	0.035567	0.008930	-0.009042	0.008818	0.010119	-0.035648	0.025229	0.000372	-0.000759	0.017110	0.004853	0.040323	-0.018687	0.003339	0.004250	-0.017884	-0.059271	-0.032060	-0.020752	0.001054	0.004181	0.022794	-0.052175	0.008254	0.010571	0.015490	-0.041829	-0.055658	-0.048788	-0.058110	-0.041339	-0.018877	0.013717	-0.030016	-0.037842	-0.038108	-0.027401	0.018076	-0.032578	0.034232	0.022176	-0.033241	0.003233	-0.013912	0.012994	-0.024157	-0.005069	0.005541	-0.051473	-0.020310	-0.041972	-0.027616	0.020924	0.018106	0.010317	0.020050	-0.002424	0.043757	0.027662	-0.012134	0.006970	-0.057387	0.015086	-0.057691	-0.074011	0.011141	0.026691	0.016695	-0.019209	-0.003060	-0.006063	-0.056162	0.033975	0.017083	-0.047375	-0.009200	-0.035225	0.003665	0.001612	0.008710	-0.008201	-0.006886	-0.018061	-0.006337	0.026782	-0.002372	0.002932	0.003277	0.003589	0.026999	-0.013278	-0.003854	0.022982	0.030771	-0.035149	0.009403	0.017002	0.047894	0.002234	0.016256	0.011875	0.007905	0.023780	-0.030487	0.001333	0.034669	
0.043203	-0.018734	-0.005345	-0.016719	0.011804	0.934058	-0.044053	-0.030195	0.021818	-0.026719	-0.003185	0.025656	0.016394	0.023879	-0.003948	-0.014949	0.038231	0.012675	0.002421	-0.022414	-0.033750	-0.011893	0.007815	-0.021736	0.037214	0.072140	-0.010427	-0.005603	-0.005391	-0.017075	0.039696	-0.002122	0.001121	0.017993	-0.082565	-0.047691	-0.040517	0.004713	-0.033849	0.016175	-0.010366	-0.045269	0.022646	-0.016207	-0.024334	0.016031	-0.075335	-0.010400	-0.017738	-0.026873	-0.030574	0.001775	-0.013290	-0.027137	-0.030123	0.001224	-0.007704	-0.001528	0.026220	0.005609	0.018678	-0.049663	0.000251	-0.052739	0.009977	-0.082706	0.026558	0.002536	-0.012497	0.000318	-0.066033	-0.093164	0.014588	-0.006151	-0.017455	-0.000317	0.022850	-0.063607	-0.015975	-0.099659	0.021764	-0.024367	-0.013253	0.015924	0.007847	-0.011018	0.027813	0.004131	0.031341	0.029330	0.008948	0.019798	-0.001102	-0.000281	-0.070218	0.015989	0.007013	0.023430	-0.071503	0.019589	-0.013741	0.028488	-0.012422	0.008682	0.014490	0.041409	0.029305	0.017981	0.010289	0.026233	0.006654	0.013760	0.013027	0.014447	0.028823	0.014762	0.000704	0.034053	0.036484	0.025787	0.034469	0.011037	0.003419	0.011166	0.042852	0.019703	-0.016471	0.038310	0.016550	0.005742	-0.001676	-0.036526	-0.051476	-0.027739	0.008695	0.008933	-0.005097	0.011559	0.034242	0.007649	-0.079574	-0.060805	-0.055306	-0.041722	-0.065419	-0.020514	0.038431	-0.041499	-0.064386	-0.056290	-0.049548	0.045409	-0.033362	-0.014422	0.027526	-0.011091	-0.003275	0.001528	-0.018756	-0.009652	0.016100	0.025839	-0.070934	0.007889	-0.070110	-0.077910	0.030434	0.033295	-0.003592	-0.000716	0.046191	0.021522	-0.006010	0.005540	0.035238	-0.054257	0.019701	-0.094040	-0.066717	0.009562	0.002855	0.013249	-0.054656	0.018597	-0.031894	-0.040123	0.034978	0.013573	-0.064771	-0.029253	-0.017724	-0.000733	0.006704	0.039735	-0.029873	0.033089	0.016013	0.052992	0.021101	-0.024454	0.004950	0.018349	0.001365	0.003722	0.003926	0.027604	-0.016251	0.051695	0.023370	0.030305	0.040974	0.002210	-0.021189	0.001429	0.017495	-0.028215	0.025899	-0.041171	-0.008699	-0.004579	
-0.052740	0.073345	0.053845	-0.022416	-0.019591	-0.044053	1.042548	0.069790	-0.020722	0.044048	-0.039160	-0.042510	-0.013483	-0.017213	-0.010479	-0.007818	-0.050485	-0.018886	-0.014216	0.021376	-0.017893	0.067915	-0.025243	0.019706	-0.021069	-0.043502	-0.037396	-0.026751	-0.051198	-0.019976	0.000783	0.088957	0.001240	-0.003422	-0.048375	-0.024099	-0.042842	-0.032085	-0.011489	0.009695	0.064092	-0.047261	0.001078	0.075236	-0.021619	-0.018393	-0.036357	0.057065	0.079027	-0.013083	-0.049229	0.065830	0.070162	0.051229	-0.013898	-0.020957	-0.013060	-0.035621	0.023938	0.062713	-0.049543	-0.047381	-0.031342	-0.016776	-0.041645	-0.017992	-0.000413	-0.004735	0.055387	-0.064432	-0.038937	-0.057258	-0.029259	0.075666	-0.044242	0.084496	0.000401	-0.025019	-0.006467	-0.017735	-0.019788	0.076653	0.055599	-0.003743	0.020047	0.006925	-0.006187	-0.003840	-0.003945	-0.003945	-0.008606	0.008935	0.063259	0.022901	-0.036924	0.082639	0.055380	-0.025908	-0.049139	0.010323	-0.009246	-0.038421	0.005684	-0.006852	-0.011966	-0.034157	-0.023925	-0.035163	-0.022599	-0.033698	0.016490	-0.043022	-0.028992	-0.034298	-0.023286	-0.008280	-0.001118	-0.030830	-0.029340	-0.009778	-0.036523	-0.008405	-0.005834	-0.010187	0.003095	-0.017470	-0.053415	-0.007505	0.004671	0.037488	0.059789	-0.032875	-0.018936	0.090197	0.000438	-0.033736	0.075078	0.000072	-0.017760	-0.000355	-0.048822	-0.020509	-0.014894	-0.060704	-0.063961	0.078113	-0.012935	-0.052139	-0.024062	-0.021480	-0.044000	-0.026538	-0.026930	0.007372	-0.021593	0.085476	0.005190	0.046945	-0.022107	0.085473	0.008141	-0.017492	-0.011098	0.094065	-0.075284	-0.034371	-0.017653	-0.007873	-0.012731	-0.022276	-0.025862	0.015999	-0.056857	0.087291	-0.048994	-0.052049	-0.001243	-0.045844	-0.017811	-0.004712	-0.050446	-0.041721	-0.027104	0.048430	0.067729	-0.035511	-0.040926	0.047762	-0.032364	0.004288	0.055428	0.010214	0.015796	-0.015095	-0.005495	-0.036548	-0.003821	-0.044872	-0.026141	-0.011508	0.086789	-0.007057	-0.018157	0.022632	-0.026557	-0.015657	0.010185	0.018637	0.052129	-0.033746	-0.022434	-0.037938	0.075678	-0.001161	-0.029493	-0.004942	-0.017630	-0.061256	-0.049467	-0.004836	
-0.023053	0.061352	0.076592	-0.052612	-0.014282	-0.030195	0.069790	0.995179	-0.018497	0.073747	0.001052	-0.016607	-0.001660	-0.020402	-0.008039	0.002067	0.000826	0.010771	-0.018502	-0.012129	-0.028047	0.072979	0.016428	-0.045272	0.018171	-0.013625	-0.020019	-0.018987	-0.017255	-0.017523	-0.024872	0.045473	0.009614	-0.002210	-0.012746	-0.021242	-0.037345	0.005627	-0.014656	-0.029958	0.052864	0.010673	-0.030693	0.079624	0.023683	-0.009413	-0.009307	0.051713	0.072089	-0.040604	-0.043798	0.072757	0.045249	0.059113	-0.017167	-0.010608	0.003616	-0.040484	-0.012141	0.022339	-0.035153	-0.052193	-0.008247	-0.012686	0.000513	-0.058861	-0.020525	-0.010844	0.091745	-0.021337	-0.018580	-0.047610	0.003584	0.022578	-0.020841	0.059768	-0.010934	-0.054921	0.010087	-0.044215	-0.003100	0.049686	0.067095	-0.014372	0.069319	0.007674	-0.010911	-0.032305	-0.030566	-0.020359	-0.006548	-0.004427	0.060315	0.088757	-0.020057	0.038517	0.040379	0.019390	-0.044110	-0.022634	-0.014320	-0.046003	-0.044630	-0.021872	-0.028068	-0.020055	-0.025545	-0.049917	0.007433	-0.036200	-0.033817	-0.000161	-0.012014	-0.001465	-0.030531	-0.018249	-0.001353	-0.016894	0.005349	-0.072138	-0.036025	-0.044445	0.004750	-0.006890	0.011673	0.011965	-0.005794	0.000003	-0.018682	0.041174	0.065598	-0.041727	-0.041530	0.061159	-0.011486	-0.014459	0.047710	-0.022588	-0.045417	0.002909	-0.005503	-0.049093	-0.036672	-0.079953	-0.036617	0.043727	-0.038179	-0.029012	-0.055698	-0.031936	-0.035798	-0.018755	-0.064480	-0.017697	-0.007747	0.074303	-0.007745	0.047650	0.017301	0.066573	-0.019164	-0.056440	-0.023419	0.044110	-0.066036	-0.033718	0.000783	0.002742	-0.015559	0.008793	-0.002025	0.000311	-0.007534	0.054547	-0.012943	-0.041711	-0.054575	-0.044770	-0.044881	-0.019113	-0.033514	-0.024490	-0.038609	0.047880	0.059363	-0.052094	-0.006951	0.051128	-0.043627	-0.022765	0.083739	-0.015647	-0.018770	-0.020478	-0.010494	-0.027498	-0.006336	-0.024504	-0.037362	-0.010710	0.068895	0.000121	-0.021402	0.004047	-0.011793	-0.016513	-0.000525	-0.003163	0.051426	-0.020672	-0.023332	0.006598	0.053652	-0.012538	-0.007263	0.009014	0.020473	-0.054641	-0.000081	-0.030932	
0.034004	-0.031718	-0.000910	-0.003839	0.022484	0.021818	-0.020722	-0.018497	0.927888	-0.015944	0.014199	0.000760	0.041621	-0.028942	0.006206	0.019226	0.015312	0.020767	0.036342	0.010851	-0.011072	-0.019783	0.027648	0.033175	-0.000605	0.010139	-0.043954	-0.002810	0.000477	0.024248	0.031015	0.013426	-0.001294	0.002777	-0.074434	-0.052272	-0.062547	-0.011810	-0.030536	0.020334	-0.036031	-0.023418	0.015300	-0.001823	-0.055864	0.003373	-0.056885	-0.007061	-0.031830	-0.026733	-0.027706	-0.030694	-0.018179	0.001180	-0.035042	0.000553	-0.007817	-0.011420	0.002239	-0.040025	0.001537	-0.076468	0.023489	-0.077600	0.000799	-0.056806	0.035422	0.013900	-0.008504	0.023656	-0.068328	-0.065328	0.021974	-0.015645	-0.037517	-0.024546	0.015195	-0.074294	-0.055277	-0.042390	0.033647	0.009571	-0.009889	0.016210	0.011237	0.029897	0.018024	-0.006835	0.031563	0.001685	0.009900	0.014672	-0.028164	-0.032368	-0.061835	-0.006323	-0.025269	0.007666	-0.054718	0.033449	-0.011826	0.004671	0.012394	0.035587	0.044131	0.009026	-0.001100	-0.006385	0.011269	0.008208	0.015664	0.042165	0.016851	0.033030	0.030483	0.003419	0.016555	0.069876	0.004038	0.053458	0.016931	0.024693	-0.005053	0.008882	0.011884	0.012994	0.032908	0.013019	0.006426	-0.039429	-0.015163	-0.059431	-0.039859	-0.024640	0.018466	0.014877	0.010212	0.012998	0.023228	0.014393	-0.039835	-0.062279	-0.075561	-0.051385	-0.091285	-0.027549	-0.009795	-0.043093	-0.068354	-0.024206	-0.025781	0.009833	-0.052527	0.015975	0.012780	0.011799	0.030050	-0.006949	0.026816	-0.027361	0.022450	-0.003724	-0.069411	0.002161	-0.058138	-0.089498	0.009479	-0.013552	-0.002319	0.005469	0.004802	0.034991	0.035154	0.036285	0.000464	-0.048971	0.019743	-0.066876	-0.065577	0.004304	0.020928	0.023071	-0.037455	0.007945	-0.042403	-0.074005	-0.007270	0.035100	-0.060418	0.042085	0.040475	-0.022328	0.009036	-0.003473	0.036795	0.042110	0.033121	0.004892	0.020611	0.022954	-0.013587	-0.003336	0.029287	0.030509	0.018246	0.013903	0.010107	0.033710	0.005272	0.021614	0.002313	0.033703	-0.006139	-0.019693	0.008008	0.022016	0.027871	-0.063407	0.021939	0.025244	
-0.011391	0.044944	0.010686	-0.022058	-0.026485	-0.026719	0.044048	0.073747	-0.015944	0.987714	-0.001398	-0.000886	-0.024975	-0.006849	-0.010146	-0.002566	-0.032088	-0.028478	-0.054538	-0.011094	0.001374	0.056027	-0.021817	-0.010639	0.007982	-0.018237	-0.018645	-0.030096	0.004011	-0.011803	0.000869	0.041152	-0.002647	-0.017459	-0.039698	-0.055328	-0.045179	-0.021903	0.002160	-0.022950	0.081794	-0.035959	-0.010590	0.034875	-0.042105	-0.034543	-0.038747	0.042734	0.069441	0.003563	-0.015697	0.032210	0.033576	0.058964	-0.035115	0.008832	-0.040312	-0.005090	0.026777	0.052856	-0.017356	-0.043773	0.002654	-0.046808	-0.003708	-0.034978	-0.024183	-0.000287	0.047301	0.003495	-0.034124	-0.048807	0.004549	0.070235	-0.045265	0.066322	-0.015373	-0.034027	-0.032992	-0.035427	-0.058465	0.076856	0.056236	-0.007043	0.014664	0.001972	-0.008611	-0.017473	-0.008947	-0.012324	-0.017135	-0.024296	0.043022	0.052474	-0.060377	0.061294	0.038335	0.045724	-0.027744	-0.006852	-0.004112	-0.007851	-0.033341	0.005658	-0.008236	-0.056737	0.001668	-0.052062	-0.028654	-0.015213	0.025364	-0.005286	-0.014058	-0.020133	-0.036366	0.004880	-0.005410	0.007068	0.014837	-0.091097	-0.005455	-0.049084	0.013029	-0.044605	0.018408	-0.036240	-0.023422	-0.029323	-0.005616	0.099517	0.050474	-0.048284	-0.054874	-0.011314	-0.012164	-0.006685	0.027426	-0.015241	-0.043834	-0.009409	-0.039411	-0.033367	-0.057573	-0.032850	-0.055701	0.027389	-0.019255	-0.027245	-0.023582	-0.018589	-0.005690	0.017477	-0.033339	-0.008141	-0.001533	0.073074	-0.015147	0.067752	-0.035524	0.043361	-0.023526	-0.012405	-0.037869	0.045408	-0.081745	-0.006210	0.016232	-0.004352	-0.017058	-0.014879	-0.022164	0.018146	-0.044670	0.083302	-0.003660	-0.006816	-0.010508	-0.032561	-0.028650	-0.024124	-0.027803	0.010568	-0.039479	0.084381	0.058214	-0.057268	-0.015675	0.016550	-0.035787	-0.023569	0.057465	0.026578	0.005687	0.024927	0.008218	-0.015278	-0.023499	0.024435	0.002426	0.002219	0.070648	-0.015307	-0.048428	-0.019645	-0.014545	-0.022338	-0.039310	-0.029026	0.035205	-0.029504	-0.020895	-0.020580	0.037295	-0.003457	-0.005559	0.042356	-0.000724	-0.042157	-0.000529	-0.015641	
0.028144	-0.012556	0.016417	0.046854	-0.000868	-0.003185	-0.039160	0.001052	0.014199	-0.001398	0.938862	-0.016274	0.016010	-0.007114	0.032358	-0.027273	0.021748	0.026047	0.010234	-0.007034	0.028251	-0.026977	0.034321	0.006612	0.018510	-0.005359	-0.024237	-0.039628	0.025642	-0.019300	-0.000822	-0.016802	-0.000979	-0.010087	-0.038304	-0.059575	-0.050725	-0.029501	-0.001934	0.019062	-0.060551	-0.043895	-0.006545	-0.005040	-0.040407	0.006128	-0.024491	0.005861	-0.015137	-0.016869	-0.045051	-0.013525	0.000558	-0.024091	-0.034152	-0.026204	0.004305	0.017753	0.015385	-0.008859	0.001834	-0.025403	0.027442	-0.070977	0.014634	-0.059546	-0.003263	0.006054	0.006122	0.044458	-0.034134	-0.034490	-0.025074	-0.028009	-0.044156	-0.018731	-0.003713	-0.039781	-0.024834	-0.043468	0.000896	-0.025298	-0.006320	0.009116	-0.026667	0.016959	0.022766	0.023260	0.004775	0.023732	-0.010696	0.001346	-0.009441	0.001395	-0.071832	-0.008341	-0.022108	0.008309	-0.043332	0.002792	0.028070	0.007534	0.005254	0.012492	0.032800	0.016462	0.003331	0.061676	0.012996	0.039177	-0.012562	-0.007463	0.009800	0.002198	0.034440	0.009819	0.002945	0.000996	0.038310	-0.025695	0.008045	-0.004845	0.043904	0.024554	0.028439	0.004792	-0.003513	0.008188	0.016291	-0.027738	-0.033863	-0.049774	-0.039591	-0.013546	0.005874	0.011881	-0.004761	-0.013671	-0.003005	-0.000939	-0.050384	-0.048475	-0.058036	-0.043803	-0.030989	-0.028811	0.015815	-0.052731	-0.035674	-0.039674	-0.005444	0.018308	-0.058038	0.017414	0.013597	-0.028596	-0.001651	-0.012168	-0.002805	-0.000851	0.025037	-0.003841	-0.038516	-0.037014	-0.052665	-0.049609	0.015406	0.022725	-0.001484	0.008648	-0.001039	0.034391	0.023018	-0.009867	0.022756	-0.051907	0.033925	-0.032138	-0.042896	0.003439	0.022298	-0.018512	-0.030137	-0.020264	0.002558	-0.013117	0.031808	0.013854	-0.059882	0.029439	-0.021957	-0.015877	-0.004003	0.008731	0.002147	-0.012735	0.020014	0.029758	-0.006364	0.011484	-0.034005	-0.009087	0.037069	0.023277	0.003265	-0.003038	0.010124	0.041830	-0.016955	0.024375	0.004013	0.053491	-0.009156	0.020825	0.014571	0.004387	0.038122	-0.031986	0.043115	0.018665	
0.024850	0.013592	0.001240	0.031121	-0.009319	0.025656	-0.042510	-0.016607	0.000760	-0.000886	-0.016274	0.925844	0.033923	0.045773	0.002230	0.006550	0.036360	0.005196	0.014664	0.015739	0.039155	-0.022824	-0.000977	0.024826	-0.007408	0.018589	-0.007755	-0.041758	0.002190	-0.000046	0.025905	-0.019826	-0.008586	0.025625	-0.053585	-0.041760	-0.042944	-0.072796	-0.037707	-0.000467	-0.014532	-0.034817	0.022304	-0.009967	-0.060345	0.014047	-0.036619	-0.000864	-0.007526	-0.025632	-0.048454	0.000944	0.029438	-0.014035	-0.061071	0.002581	0.004271	-0.006471	0.006040	-0.017027	0.006982	-0.055450	-0.036456	-0.066080	0.025290	-0.041925	0.037770	0.018203	-0.017678	0.016479	-0.069963	-0.077285	0.006606	0.003163	-0.071018	0.019612	0.051458	-0.061786	-0.042628	-0.078056	0.011141	0.016045	-0.007358	-0.010364	0.078532	0.015765	0.026248	0.006866	0.007812	0.039616	0.002285	0.018196	-0.026609	-0.004052	-0.062077	0.002488	0.006201	0.042138	-0.036268	0.003234	0.008203	0.008736	0.009068	0.025182	-0.005540	-0.026005	0.026837	0.008109	0.015678	-0.001770	0.010279	-0.002531	-0.004647	-0.001811	0.007105	-0.009024	-0.017228	-0.015087	0.026857	-0.000513	0.021791	0.010294	0.011405	0.013968	-0.002861	0.008550	0.038763	0.028701	0.021036	0.013175	0.008500	-0.042870	-0.020499	-0.019980	0.039022	0.007801	-0.008927	0.018391	-0.013409	0.001873	-0.062373	-0.077158	-0.054278	-0.024221	-0.050295	0.006495	0.036971	-0.061126	-0.030313	-0.054406	-0.017728	0.010385	-0.053376	-0.008444	0.020448	-0.005931	-0.001475	-0.001648	0.000451	-0.010015	0.026989	0.041793	-0.079320	0.002701	-0.061039	-0.069945	0.024629	-0.001818	0.011733	0.020769	0.015678	-0.023686	0.042732	-0.034400	0.024731	-0.066881	-0.003245	-0.057384	-0.054634	0.007359	0.049792	0.018961	-0.050518	0.009352	0.022958	-0.044892	0.011736	0.039695	-0.024791	0.005708	-0.011626	-0.032967	0.014242	0.015786	0.001058	-0.014222	0.028413	0.027864	0.004648	0.023443	-0.022311	0.014806	-0.017118	-0.006049	0.037259	0.022685	0.025696	-0.003260	-0.011351	0.007754	0.014229	0.025135	-0.014071	0.017725	0.018304	-0.010493	0.022763	-0.077651	0.050570	0.006638	
0.017276	-0.007357	-0.008648	0.012589	0.011083	0.016394	-0.013483	-0.001660	0.041621	-0.024975	0.016010	0.033923	0.935347	-0.013290	0.009984	0.018228	0.008608	0.041860	0.034471	-0.006249	0.032390	-0.006904	0.016529	0.035961	0.000309	0.013433	-0.050306	-0.042478	0.020260	0.036535	0.030860	0.002843	-0.021108	0.023002	-0.043070	-0.091192	-0.053660	-0.033489	-0.042185	0.009758	-0.009161	-0.067633	0.028250	-0.018282	-0.027511	0.021329	-0.021351	-0.012966	0.019679	-0.074454	-0.023440	-0.017469	0.006277	0.016487	-0.054000	0.028954	0.020341	-0.010192	0.025039	-0.000951	0.027726	-0.063144	0.003497	-0.054563	-0.010817	-0.055551	0.008177	-0.000606	-0.034378	0.003314	-0.022590	-0.041794	0.048980	-0.017806	-0.051906	0.015912	0.004719	-0.034098	-0.033644	-0.051701	0.005928	-0.005709	-0.002410	0.007947	-0.081703	-0.017924	0.041580	-0.016660	0.014159	0.055425	0.012540	0.026947	-0.012308	0.008661	-0.054331	-0.001743	-0.024751	-0.015147	-0.053260	0.029691	0.007781	-0.006085	0.024565	0.002480	0.002645	0.054988	-0.024565	-0.009096	-0.012764	-0.003245	0.030659	-0.004736	0.003169	0.005646	0.015039	-0.021118	0.004980	0.030730	-0.001301	-0.048361	0.012503	0.004646	0.014401	0.043128	0.029077	-0.006781	0.037441	-0.007504	-0.018322	-0.021058	-0.009635	-0.055694	-0.053627	0.010760	-0.005441	0.003534	-0.007089	0.049702	0.046902	0.009402	-0.053013	-0.058983	-0.011184	-0.066015	-0.094510	0.004156	0.025083	-0.030871	-0.051915	-0.067142	-0.037073	0.009592	-0.082772	0.004067	-0.003720	-0.005010	0.016059	-0.001783	0.033116	-0.010444	0.023448	0.006334	-0.046575	-0.011586	-0.069154	-0.039922	0.017718	0.009218	-0.001278	-0.007175	0.009085	0.014148	0.030542	-0.013411	0.006978	-0.057562	0.015061	-0.037293	-0.059149	-0.009216	0.014047	0.020628	-0.043338	0.000550	-0.034111	-0.042957	0.024508	0.011640	-0.044456	0.002367	-0.014810	-0.015286	0.004512	-0.040534	0.008006	0.022607	0.023349	0.012085	-0.020615	0.042931	-0.042331	0.018436	0.025550	0.038797	0.012096	0.014192	0.039843	-0.004061	0.002603	0.021475	0.026474	-0.006169	0.007857	0.015782	0.012785	0.008112	0.026848	-0.063253	0.026653	0.010670	
0.032194	-0.025924	0.008389	0.004233	-0.002595	0.023879	-0.017213	-0.020402	-0.028942	-0.006849	-0.007114	0.045773	-0.013290	0.941754	0.023512	0.028847	-0.004516	0.023248	0.013315	0.007925	0.003198	-0.008525	0.022154	0.009813	-0.007539	0.002229	-0.022276	-0.046340	0.024398	0.002514	0.008652	-0.020767	0.000485	0.018738	-0.050393	-0.036128	-0.030056	-0.035869	-0.005875	-0.001855	-0.007710	-0.005829	0.004466	-0.040241	-0.041246	0.009912	-0.069993	-0.016981	-0.026410	-0.057832	-0.027931	-0.001861	-0.016045	-0.011385	-0.036173	0.004562	0.013113	0.030071	0.019079	-0.013358	0.034595	-0.035796	0.021905	-0.069442	0.022021	-0.057359	0.008501	0.030696	-0.001610	0.039919	-0.060653	-0.059054	0.030737	-0.025572	-0.041824	-0.001340	-0.015360	-0.064430	-0.051725	-0.074791	0.045316	-0.030792	-0.008691	0.006473	0.047002	0.012574	0.042826	-0.006412	0.027964	0.007978	-0.002353	-0.009753	-0.027326	-0.037499	-0.086012	-0.004939	-0.030036	0.015525	-0.028452	0.002383	-0.002251	0.008210	0.026525	0.022863	0.018479	0.050584	0.023126	0.001538	-0.030925	0.012310	0.033926	-0.002321	-0.001240	0.025928	0.026188	-0.007838	0.034276	-0.002019	-0.005361	-0.035583	-0.012177	0.030410	0.001795	0.022000	0.014036	0.026103	0.045475	-0.005318	0.012601	-0.042955	-0.007713	-0.056649	-0.025589	-0.062951	0.006289	0.007290	0.014364	0.013379	0.020122	0.020376	-0.085110	-0.045859	-0.014533	-0.065885	-0.039537	0.001186	0.020694	-0.047120	-0.062763	0.001112	-0.051944	0.038638	-0.044172	0.016151	-0.010922	-0.011101	0.008848	-0.012997	-0.001521	0.016247	0.018559	0.001297	-0.072708	-0.019667	-0.046429	-0.049055	0.013044	0.037430	0.023710	0.008763	0.005979	0.016038	0.007057	0.022204	0.027875	-0.033587	0.029536	-0.070247	-0.028091	0.037280	0.014891	0.014958	-0.061569	0.011394	-0.007621	-0.074418	0.025004	0.031721	-0.010212	0.016130	-0.004291	-0.002072	0.034976	-0.009501	-0.004588	-0.000324	0.027842	0.025616	0.000612	-0.001777	0.014571	0.033909	0.033809	0.008596	-0.000270	-0.020753	-0.014188	-0.021208	-0.018300	0.010028	0.018317	-0.006969	-0.015501	0.030713	0.035921	-0.007633	0.004538	-0.046091	0.011657	-0.006608	
0.016086	0.005213	0.006384	0.006672	0.005600	-0.003948	-0.010479	-0.008039	0.006206	-0.010146	0.032358	0.002230	0.009984	0.023512	0.937932	0.001959	0.000237	-0.014998	0.014535	0.021163	-0.000934	-0.010011	-0.000429	0.028420	0.019236	0.015346	-0.016986	-0.008525	-0.022709	0.015245	0.013082	0.020254	-0.018709	0.024766	-0.005991	-0.040662	-0.018264	-0.033284	-0.007731	0.029657	0.007166	-0.034198	0.013648	-0.014879	-0.040912	0.015970	-0.022998	-0.011077	-0.022200	-0.019041	-0.035041	-0.007353	-0.012068	0.015768	-0.032618	0.016611	0.043196	0.031654	-0.008073	0.007087	-0.008582	-0.035550	0.004802	-0.015750	0.007335	-0.032111	-0.017369	0.022496	-0.007944	0.004266	-0.034294	-0.022867	0.030042	0.008446	-0.009236	0.013281	-0.007700	-0.017807	-0.018274	-0.041463	-0.022938	0.009128	-0.019319	0.013563	-0.115789	-0.005377	-0.005405	-0.010517	-0.003022	-0.013334	-0.014062	0.011740	-0.032782	0.013455	-0.054280	0.007626	-0.010622	-0.016241	-0.039582	0.023326	-0.000647	0.026931	0.003347	-0.008276	0.014281	0.004229	0.003875	-0.012956	-0.013058	0.024205	0.008846	0.024472	0.032408	-0.007567	0.049530	-0.015100	-0.010570	0.027606	-0.006696	-0.018586	-0.006633	-0.008257	0.016065	-0.012713	0.022605	0.004040	0.006786	-0.007618	0.045444	-0.027648	-0.024529	-0.052106	0.008867	-0.066141	-0.021532	0.018512	-0.001997	0.021551	-0.022862	0.007459	-0.047132	-0.047447	-0.095694	-0.042976	-0.016385	0.028924	-0.002773	-0.033451	-0.034376	-0.009282	-0.029381	0.012502	-0.040919	-0.005764	0.019770	-0.005928	0.012006	0.007358	0.011241	-0.006754	-0.012670	0.013261	-0.021549	-0.014905	-0.035769	-0.012085	-0.010568	-0.002366	0.019451	-0.002295	-0.002047	0.021246	0.022873	-0.021704	-0.007461	-0.053360	0.000533	0.014755	-0.036242	0.015386	0.019123	0.016948	-0.033689	-0.019086	-0.020207	-0.047316	0.015892	-0.007223	-0.031416	0.018879	-0.027032	-0.026832	-0.008686	-0.024530	-0.004292	-0.002022	0.010269	0.052108	0.009160	0.003105	-0.008753	0.001549	-0.010269	0.003088	-0.027349	-0.021499	0.005957	-0.029484	0.007709	0.026290	0.010012	-0.004314	-0.015843	0.003571	-0.005438	-0.014262	0.013188	-0.046075	0.008610	-0.022804	
0.048207	0.020471	-0.007347	0.042345	0.027755	-0.014949	-0.007818	0.002067	0.019226	-0.002566	-0.027273	0.006550	0.018228	0.028847	0.001959	0.958148	0.002985	0.013836	0.028022	0.033325	0.022464	-0.009738	0.032784	0.003573	-0.017001	-0.026330	-0.042002	-0.021311	0.005286	-0.006318	0.010427	-0.018764	-0.019263	-0.017294	-0.034511	-0.014776	-0.052315	-0.041530	-0.023554	-0.014600	-0.024215	-0.020536	0.023243	-0.017069	-0.066886	-0.001359	-0.028828	-0.044611	-0.026412	-0.066463	-0.018828	0.023088	-0.025865	-0.038424	0.003128	0.018201	0.022398	0.022096	0.047675	-0.016337	0.032924	-0.053351	0.008892	-0.053142	-0.002355	-0.059903	-0.014266	0.008334	-0.016559	0.016386	-0.049629	-0.069922	-0.018383	-0.045725	-0.016816	-0.023224	0.006406	-0.055480	-0.027830	-0.054694	0.037250	-0.034198	-0.006474	0.015002	-0.012176	0.027282	0.003395	0.008742	0.027576	0.003460	0.004915	-0.004133	-0.034853	-0.015906	-0.077148	0.007668	0.005036	-0.018187	-0.056592	0.021968	0.009192	0.003721	0.015189	0.023623	0.005922	0.048340	0.027886	0.013575	-0.012423	0.033578	0.004563	0.012079	-0.011313	0.023076	0.011875	0.028126	-0.011714	-0.008067	0.022085	0.009155	-0.001083	0.028709	0.016134	-0.009348	0.016473	0.011911	0.051291	0.005269	0.037116	-0.010889	-0.018831	-0.003108	-0.064549	-0.022788	0.045058	0.018238	0.026280	0.013729	0.012056	0.004597	-0.062910	-0.033021	-0.064643	-0.042003	-0.051589	-0.003386	-0.007598	-0.047810	-0.034366	-0.030231	-0.034229	0.015190	-0.051192	0.020572	0.008459	-0.008936	0.033376	-0.002521	-0.010343	-0.015749	0.018082	-0.006257	-0.077957	-0.025925	-0.038873	-0.049143	0.013729	0.004973	0.038464	0.004394	0.014469	0.006594	0.022628	-0.027055	0.001517	-0.059238	0.028408	-0.058711	-0.056858	0.035094	0.031230	0.013769	-0.077352	-0.010393	-0.016447	-0.045309	-0.000064	0.075176	-0.040994	0.017480	-0.001666	0.012938	0.015839	0.011650	0.029881	0.010141	0.032019	0.007567	-0.006864	0.019918	-0.011913	0.024207	-0.006672	0.018649	0.021446	-0.003043	0.014101	-0.012932	-0.015165	-0.017753	-0.003624	-0.003478	0.004555	0.021984	0.008855	0.027379	0.041938	-0.057292	0.021890	-0.000511	
0.031340	-0.002377	0.000693	0.002176	0.018842	0.038231	-0.050485	0.000826	0.015312	-0.032088	0.021748	0.036360	0.008608	-0.004516	0.000237	0.002985	0.945438	0.011702	0.000327	-0.003428	-0.007682	-0.020179	0.021353	-0.000133	0.009426	0.018336	-0.048280	-0.075414	0.018426	0.002886	0.007797	-0.024262	-0.018409	0.054320	-0.020350	-0.052700	-0.039253	-0.042750	-0.040621	0.000102	0.006608	-0.070795	-0.000401	-0.026693	-0.060996	0.012146	-0.057601	-0.025926	-0.009989	-0.055946	-0.052309	-0.011688	-0.020914	-0.026536	-0.043583	0.048057	0.022727	0.016446	0.022105	-0.043030	0.011757	-0.071974	0.035120	-0.058175	-0.001701	-0.064271	0.003856	-0.013930	0.005907	0.019661	-0.061981	-0.038821	0.031146	-0.025371	-0.009810	-0.012684	0.041716	-0.062594	-0.032174	-0.026857	0.022929	-0.015769	-0.016479	-0.009193	0.062618	0.008300	-0.003430	0.024118	0.032103	0.018270	0.023356	0.010657	0.009628	0.012340	-0.055622	-0.027133	0.004283	0.031473	-0.069511	0.032794	0.017341	0.016420	0.020428	0.001235	0.021844	0.030221	0.030794	0.027111	0.007066	0.018223	0.028674	0.019352	0.021552	0.008378	0.024718	0.004391	0.020073	0.028510	-0.005450	-0.041563	0.037710	-0.005449	-0.011097	0.018380	0.006800	0.023801	0.011669	0.032570	0.039736	-0.012145	-0.029155	-0.045855	-0.050021	0.016243	0.010335	0.040961	-0.000640	-0.007666	0.010268	-0.014152	-0.049322	-0.059918	-0.032368	-0.040785	-0.059980	-0.010726	-0.010529	-0.040719	-0.048786	-0.043042	-0.057410	0.019602	-0.050765	0.015588	-0.003521	-0.033128	0.013069	-0.008469	0.021462	-0.017431	0.005316	0.024024	-0.019093	0.004968	-0.056673	-0.076424	0.023072	0.025040	0.009753	-0.010978	0.019668	0.033058	0.025500	-0.011780	0.025023	-0.057219	0.013558	-0.071671	-0.060202	0.031620	0.026549	0.018243	-0.048479	-0.010839	-0.007982	-0.055620	0.015585	0.023701	-0.047484	0.001534	0.010989	-0.000082	-0.029169	0.041519	0.010994	0.038101	0.008586	0.012704	0.046801	-0.015621	-0.018569	0.010764	0.018381	0.010036	0.008476	0.009897	0.002025	0.022717	-0.016710	0.027805	-0.011796	-0.003068	-0.013663	-0.014162	0.023104	0.006184	0.003948	-0.068507	0.013174	0.011791	
0.020087	-0.026674	-0.017191	0.005603	-0.006566	0.012675	-0.018886	0.010771	0.020767	-0.028478	0.026047	0.005196	0.041860	0.023248	-0.014998	0.013836	0.011702	0.916058	0.005280	0.026400	-0.007930	-0.031709	0.016122	0.014474	0.003179	-0.000278	-0.022957	-0.010207	-0.018608	-0.006162	0.018965	-0.020433	0.002470	0.001705	-0.002688	-0.026411	-0.029441	-0.016899	-0.016808	-0.005906	-0.015184	-0.022909	0.034718	-0.041955	-0.009625	-0.001560	-0.025839	-0.017402	-0.012784	-0.007503	-0.024437	-0.012068	-0.001344	0.012746	-0.037727	0.000340	0.011919	-0.004731	0.002082	-0.022829	0.033239	-0.021288	-0.011973	-0.006740	0.029447	-0.024064	0.012301	0.012912	-0.005426	0.019436	-0.017717	-0.051366	-0.021356	-0.020743	-0.022619	-0.003578	-0.009163	-0.041365	-0.020869	-0.040471	-0.008062	-0.012465	-0.000512	0.007680	0.027084	0.025493	-0.003930	0.000206	0.054117	0.010993	-0.014283	-0.044052	-0.021816	0.001592	-0.037690	-0.004123	-0.025469	-0.001522	-0.028906	0.024058	0.020707	0.052692	0.009605	0.005148	0.019615	0.010060	0.009427	0.006528	0.005852	0.006917	0.017842	-0.021672	-0.015546	-0.004959	0.013673	0.005347	0.002069	0.004393	0.009176	0.028242	0.008443	-0.004778	0.002643	0.059153	0.020596	0.023957	-0.005541	0.021797	-0.005727	-0.006215	-0.017560	-0.051441	-0.018278	0.016704	0.005669	0.019155	0.007240	0.003537	-0.010290	-0.007478	-0.056203	-0.072778	-0.039664	-0.046592	-0.036842	-0.013828	0.023312	-0.045741	-0.044756	-0.013022	-0.004789	0.001706	-0.030634	-0.008188	-0.018217	-0.029853	0.014887	0.006396	-0.004444	-0.018996	0.015397	0.024616	-0.060669	-0.023673	-0.052369	-0.038901	0.037146	0.025020	-0.003591	0.036543	0.008855	0.033037	-0.011921	0.002615	-0.015318	-0.019855	0.049768	-0.033220	-0.052933	-0.009004	-0.017573	-0.011498	-0.074280	-0.011385	-0.019112	-0.015721	0.011713	-0.010016	-0.047335	0.014229	-0.028764	0.007958	0.030286	0.012382	-0.000419	-0.003371	0.014696	-0.003161	-0.001702	0.027264	-0.002937	0.012994	0.015665	0.014133	-0.005714	-0.005626	0.026955	0.004854	-0.017266	-0.025056	0.015591	0.009120	-0.030358	-0.033450	-0.008275	-0.014563	0.013904	-0.029035	0.001492	0.026674	
0.016696	-0.012269	0.024024	0.004500	0.034173	0.002421	-0.014216	-0.018502	0.036342	-0.054538	0.010234	0.014664	0.034471	0.013315	0.014535	0.028022	0.000327	0.005280	0.944081	0.016245	0.011734	-0.011471	0.013500	0.018770	0.017460	0.023024	-0.038113	-0.050928	-0.032947	0.027954	-0.016288	-0.031398	-0.023989	-0.001839	-0.072864	-0.031401	-0.062651	-0.044885	-0.019595	0.025319	-0.008706	-0.066922	-0.017038	-0.024042	-0.016251	0.028474	-0.042609	-0.038933	-0.002936	0.000532	-0.068902	-0.030034	-0.027477	0.015887	-0.032828	0.028761	0.015241	0.024315	0.002603	-0.035865	-0.028673	-0.057599	0.017506	-0.034203	0.005909	-0.059313	0.032139	0.008660	-0.011903	0.008374	-0.030336	-0.065229	-0.013026	-0.032459	-0.049054	0.006562	0.012735	-0.045501	-0.054603	-0.054778	0.022260	-0.008582	-0.000724	0.031877	-0.022467	0.007671	0.001954	-0.016485	0.028116	0.013681	0.026718	0.025855	-0.019831	-0.032430	-0.042841	-0.029105	0.007098	0.026680	-0.055793	0.029678	0.019166	-0.006512	-0.001815	0.004541	-0.000692	0.020434	0.001345	-0.000925	0.017674	0.010280	0.013360	0.014672	0.025271	0.019186	0.010376	-0.002077	0.012206	-0.005208	-0.008546	0.023381	0.005300	0.027023	0.010899	0.021781	0.017308	0.028766	-0.012364	0.010533	0.021408	-0.022133	-0.020215	-0.038383	-0.005370	0.016390	0.018306	0.017489	-0.011817	0.021194	0.012507	-0.021149	-0.036921	-0.036558	-0.044806	-0.051331	-0.051168	-0.021128	0.020648	-0.051726	-0.041524	-0.050639	-0.013494	-0.002547	-0.021865	0.014638	0.006673	0.007266	0.011809	0.016909	0.023770	-0.033253	0.006865	0.019464	-0.064855	0.010324	-0.013210	-0.034519	-0.017334	0.014300	0.013251	0.001608	0.021755	0.015171	0.013219	-0.030530	0.022509	-0.047304	0.017364	-0.067369	-0.029169	0.019048	0.035389	-0.013553	-0.061576	0.014472	-0.019248	-0.071616	-0.002874	-0.032316	-0.013364	0.012218	-0.009243	0.010364	0.032516	0.020507	0.000983	-0.012312	0.013012	0.018570	0.008086	0.013475	-0.036515	0.022947	0.028417	0.034076	0.023490	-0.021237	0.045407	-0.047969	-0.028093	0.018885	0.034896	0.012376	0.005001	-0.012463	0.031560	0.015713	0.024565	-0.047655	0.018094	0.023176	
