0.000000	0.366901	0.363325	0.351067	0.349391	0.340890	0.394760	0.377848	0.346483	0.373895	0.349381	0.351918	0.348703	0.349156	0.356658	0.347635	0.348988	0.348291	0.353276	0.355684	0.359088	0.378626	0.356865	0.348928	0.361791	0.355703	0.411649	0.416362	0.343914	0.357884	0.352386	0.364233	0.381481	0.354897	0.420765	0.419187	0.417778	0.427473	0.420416	0.351886	0.371298	0.435056	0.366667	0.375971	0.422539	0.357832	0.417343	0.369525	0.372694	0.413305	0.423480	0.377019	0.379733	0.378272	0.427003	0.374322	0.356865	0.334980	0.346869	0.368727	0.357951	0.423956	0.345746	0.431076	0.362118	0.418423	0.359241	0.363471	0.365986	0.352972	0.430193	0.417494	0.352073	0.374515	0.417081	0.366226	0.357404	0.427417	0.421505	0.420421	0.343709	0.368899	0.369778	0.357013	0.379603	0.366106	0.348923	0.367688	0.359138	0.367895	0.364325	0.373630	0.379391	0.358008	0.425042	0.374040	0.380687	0.358739	0.431183	0.352461	0.348100	0.338663	0.364296	0.347222	0.352972	0.364449	0.355950	0.362572	0.361912	0.345402	0.349714	0.358628	0.362516	0.354167	0.351227	0.347967	0.348997	0.355674	0.353493	0.390977	0.351274	0.348029	0.360053	0.361955	0.347884	0.359031	0.344987	0.355387	0.342377	0.376535	0.367105	0.423087	0.423582	0.385621	0.358628	0.354302	0.372503	0.351187	0.352072	0.352636	0.420487	0.421025	0.410752	0.412041	0.423560	0.376341	0.349248	0.420708	0.426363	0.439394	0.417712	0.360188	0.425443	0.348917	0.351703	0.368006	0.348187	0.367273	0.343345	0.377951	0.340685	0.336441	0.423996	0.377905	0.424862	0.425143	0.344720	0.356680	0.344386	0.358621	0.362481	0.364684	0.345954	0.375152	0.347862	0.416036	0.346792	0.428852	0.427446	0.356529	0.356976	0.344526	0.419021	0.372952	0.368000	0.418561	0.351417	0.355511	0.417930	0.345820	0.372249	0.388920	0.367695	0.357029	0.364250	0.349108	0.339989	0.363464	0.356343	0.353778	0.370495	0.359710	0.346912	0.354839	0.342975	0.359695	0.343416	0.370736	0.374804	0.344407	0.348248	0.340105	0.381884	0.354260	0.365974	0.349120	0.357693	0.434922	0.361999	0.354368	
0.366901	0.000000	0.346496	0.367871	0.380011	0.375881	0.353579	0.346791	0.380010	0.355229	0.375399	0.364854	0.368932	0.379603	0.366856	0.366028	0.370190	0.375661	0.375000	0.372335	0.384052	0.344267	0.377926	0.373351	0.378030	0.381665	0.425230	0.430838	0.360571	0.369828	0.378049	0.350873	0.384792	0.375193	0.410296	0.409185	0.412283	0.419203	0.422425	0.368435	0.357962	0.418508	0.373419	0.335553	0.419776	0.382254	0.415241	0.368448	0.345673	0.416688	0.413185	0.351728	0.354447	0.350682	0.437115	0.361474	0.382421	0.373714	0.375292	0.353464	0.372737	0.423147	0.358312	0.426916	0.381161	0.422720	0.372942	0.371914	0.332651	0.378358	0.409424	0.428382	0.360236	0.354459	0.419346	0.356722	0.375341	0.422234	0.412674	0.406614	0.368623	0.354284	0.354246	0.358408	0.334270	0.364172	0.368722	0.377452	0.376781	0.372329	0.370313	0.376192	0.358374	0.349869	0.431931	0.352416	0.356484	0.365128	0.419188	0.381325	0.360197	0.370842	0.372985	0.377079	0.373764	0.382483	0.374225	0.378910	0.380144	0.372453	0.383685	0.373104	0.383459	0.378103	0.370886	0.365600	0.367603	0.374409	0.374548	0.391791	0.378733	0.375161	0.368654	0.389049	0.355794	0.372099	0.364428	0.374644	0.358167	0.349108	0.345232	0.418349	0.430801	0.316819	0.363847	0.371134	0.353890	0.390052	0.383712	0.383428	0.412192	0.420290	0.421093	0.420835	0.422868	0.355941	0.370285	0.414286	0.409798	0.411643	0.424438	0.369948	0.411143	0.373037	0.380010	0.355417	0.360976	0.358243	0.363194	0.351372	0.380842	0.372469	0.419137	0.350723	0.427794	0.413829	0.376633	0.367137	0.372478	0.369182	0.374389	0.381101	0.379585	0.353828	0.366277	0.409103	0.374451	0.418407	0.426688	0.366005	0.379630	0.381828	0.414543	0.343222	0.348770	0.423438	0.369598	0.383710	0.407378	0.376913	0.342440	0.383644	0.376055	0.376086	0.386082	0.371509	0.383394	0.389905	0.365841	0.375321	0.358389	0.378102	0.366624	0.357801	0.375959	0.376721	0.378901	0.371340	0.336700	0.361511	0.368238	0.366768	0.365985	0.384117	0.376800	0.354327	0.360600	0.422042	0.369640	0.374774	
0.363325	0.346496	0.000000	0.369119	0.364872	0.365459	0.357205	0.340320	0.367352	0.368490	0.363833	0.367138	0.370744	0.365959	0.362994	0.372859	0.367257	0.373494	0.357347	0.367460	0.365419	0.352065	0.372196	0.379989	0.378435	0.375800	0.423413	0.437923	0.365288	0.381648	0.372503	0.346896	0.392025	0.362451	0.413009	0.414813	0.417192	0.427584	0.408093	0.361358	0.356428	0.426688	0.364398	0.347724	0.424980	0.375720	0.427294	0.336055	0.349669	0.406316	0.418727	0.357853	0.354295	0.352792	0.421209	0.369598	0.375195	0.363114	0.368712	0.343924	0.366045	0.416930	0.361890	0.420856	0.372544	0.417364	0.368957	0.376240	0.343377	0.374545	0.412264	0.429728	0.372626	0.356698	0.415680	0.349194	0.386148	0.419963	0.421397	0.409871	0.369628	0.349049	0.354221	0.349388	0.388732	0.359542	0.376353	0.369523	0.376970	0.386765	0.363875	0.366899	0.340559	0.353019	0.419852	0.354504	0.353161	0.357869	0.424076	0.380725	0.368837	0.378756	0.370183	0.374177	0.375264	0.372352	0.367882	0.374863	0.365676	0.374738	0.386002	0.367240	0.373193	0.375661	0.370571	0.364989	0.369192	0.378211	0.375197	0.400000	0.380654	0.375881	0.383355	0.373075	0.364725	0.374474	0.360082	0.368670	0.371169	0.355625	0.356143	0.417442	0.426800	0.360208	0.357273	0.367155	0.365050	0.366844	0.371058	0.369645	0.425711	0.420541	0.415881	0.421425	0.427443	0.339895	0.383412	0.413158	0.414256	0.423400	0.436025	0.364329	0.415510	0.359321	0.378491	0.347654	0.365390	0.351083	0.366901	0.351471	0.373761	0.366927	0.412757	0.346628	0.427179	0.422170	0.359387	0.375456	0.370993	0.377997	0.360292	0.372962	0.360698	0.349376	0.374312	0.416601	0.376009	0.412657	0.426587	0.364731	0.361524	0.375171	0.410467	0.357372	0.347185	0.426899	0.368986	0.394892	0.422038	0.371701	0.334409	0.386414	0.387022	0.372999	0.382584	0.373732	0.376156	0.351111	0.359780	0.372559	0.344442	0.373929	0.377053	0.364165	0.372666	0.383052	0.369275	0.393162	0.333948	0.369945	0.362727	0.366019	0.350998	0.360522	0.387728	0.356474	0.362690	0.422693	0.366532	0.369673	
0.351067	0.367871	0.369119	0.000000	0.359385	0.370520	0.384515	0.391174	0.365992	0.379671	0.343279	0.350284	0.358958	0.362872	0.357936	0.351528	0.363365	0.359609	0.363607	0.368023	0.355206	0.370027	0.352239	0.362657	0.359174	0.357923	0.428480	0.426015	0.365795	0.360896	0.362845	0.380809	0.377890	0.353731	0.417066	0.415569	0.404025	0.425713	0.416264	0.355416	0.381114	0.427064	0.350673	0.379566	0.422403	0.346823	0.419549	0.385633	0.386151	0.408366	0.413233	0.369695	0.383562	0.371885	0.419150	0.360014	0.346957	0.338705	0.358366	0.375340	0.337442	0.420465	0.359180	0.414835	0.362713	0.413525	0.356033	0.354925	0.373773	0.358670	0.421932	0.425624	0.358890	0.378338	0.417596	0.376527	0.366313	0.414041	0.413876	0.417202	0.360929	0.367511	0.369514	0.360084	0.354430	0.367043	0.354110	0.352922	0.364134	0.378085	0.356587	0.371809	0.386595	0.379123	0.437074	0.373216	0.376401	0.360193	0.440072	0.357552	0.353453	0.364922	0.350822	0.353666	0.348416	0.363858	0.365649	0.355108	0.353538	0.353381	0.360036	0.352818	0.360661	0.353725	0.363943	0.347559	0.354434	0.358238	0.364861	0.380392	0.362033	0.353943	0.363280	0.362674	0.352763	0.366032	0.359179	0.353523	0.348498	0.356522	0.373152	0.411067	0.424471	0.371994	0.354627	0.363038	0.369291	0.352800	0.363142	0.351359	0.415436	0.427756	0.429043	0.410955	0.424789	0.377738	0.341485	0.414810	0.416441	0.435890	0.406241	0.362271	0.415643	0.351942	0.362605	0.372360	0.350328	0.375485	0.361715	0.365453	0.360406	0.350820	0.417645	0.370992	0.421433	0.411094	0.344633	0.363229	0.355861	0.348103	0.351537	0.364731	0.339791	0.376672	0.365968	0.425098	0.346482	0.421618	0.414679	0.350105	0.362064	0.353050	0.431560	0.368345	0.379005	0.411783	0.367860	0.358811	0.420347	0.367328	0.371936	0.385538	0.368402	0.355407	0.370337	0.360475	0.365883	0.365955	0.358039	0.361310	0.375186	0.356612	0.363366	0.372330	0.364905	0.362380	0.349701	0.384805	0.361370	0.356397	0.349167	0.348829	0.377832	0.371761	0.366915	0.363555	0.358818	0.420386	0.365201	0.361734	
0.349391	0.380011	0.364872	0.359385	0.000000	0.354304	0.385423	0.371586	0.351847	0.379424	0.362458	0.364818	0.358491	0.364341	0.358636	0.352477	0.355015	0.362384	0.346188	0.350563	0.341426	0.380115	0.353488	0.354316	0.353796	0.354236	0.422118	0.411868	0.348702	0.358743	0.347886	0.364899	0.379385	0.352619	0.401043	0.415520	0.408614	0.430207	0.413965	0.362442	0.398643	0.421344	0.367930	0.370259	0.419883	0.360219	0.424359	0.383596	0.367590	0.398565	0.415266	0.366877	0.385239	0.358463	0.415408	0.364772	0.355659	0.352538	0.355764	0.374410	0.357284	0.406813	0.350748	0.418976	0.360561	0.421789	0.353538	0.363138	0.367058	0.354865	0.412420	0.416407	0.352363	0.376701	0.400885	0.377832	0.362686	0.396538	0.407072	0.408810	0.362343	0.366721	0.373029	0.370005	0.377522	0.354468	0.361902	0.346188	0.360101	0.364390	0.354172	0.368149	0.374383	0.374339	0.424800	0.369492	0.361613	0.345576	0.415198	0.350970	0.358840	0.355310	0.366247	0.348042	0.369252	0.363636	0.351500	0.377924	0.358238	0.362315	0.351411	0.367224	0.347838	0.365508	0.354646	0.355707	0.366388	0.356827	0.357064	0.388679	0.351411	0.359080	0.365725	0.361791	0.358196	0.349081	0.367562	0.358184	0.355525	0.374449	0.391136	0.409585	0.416782	0.367021	0.361248	0.353006	0.387417	0.359978	0.357500	0.357338	0.407735	0.420138	0.418707	0.413916	0.415584	0.372830	0.355130	0.402816	0.411424	0.424284	0.411684	0.352000	0.406319	0.351898	0.353167	0.378490	0.358785	0.369012	0.350916	0.380197	0.362965	0.355853	0.420747	0.375998	0.414222	0.411829	0.345053	0.357514	0.351225	0.352646	0.362716	0.348677	0.347173	0.374644	0.356487	0.420386	0.354624	0.425603	0.427839	0.355317	0.354326	0.352588	0.398504	0.369174	0.367050	0.418769	0.350905	0.354709	0.415828	0.368511	0.375597	0.373732	0.363081	0.361119	0.372979	0.366466	0.368042	0.369101	0.354493	0.362817	0.372946	0.362445	0.362045	0.357554	0.367575	0.363762	0.352295	0.365429	0.375691	0.356457	0.356961	0.345860	0.371365	0.358215	0.362168	0.359989	0.344413	0.406145	0.361072	0.347957	
0.340890	0.375881	0.365459	0.370520	0.354304	0.000000	0.393743	0.386271	0.352227	0.378956	0.366406	0.356246	0.355556	0.353616	0.364229	0.369933	0.350243	0.355216	0.361421	0.369170	0.377595	0.374220	0.363195	0.371537	0.349336	0.334248	0.406609	0.408973	0.364182	0.371660	0.345504	0.370866	0.379828	0.354307	0.428533	0.412531	0.411765	0.406775	0.413925	0.358068	0.374406	0.428143	0.350868	0.371059	0.417444	0.358266	0.431565	0.372794	0.373737	0.406913	0.412469	0.365609	0.379206	0.376728	0.416063	0.363275	0.368790	0.357781	0.353373	0.365105	0.353648	0.412360	0.363710	0.422044	0.360260	0.427411	0.351622	0.366829	0.369624	0.363050	0.420923	0.438738	0.352116	0.370639	0.413032	0.367358	0.355114	0.420125	0.408512	0.433167	0.354465	0.377598	0.374732	0.357664	0.379213	0.366353	0.347814	0.363846	0.351284	0.354883	0.360998	0.359646	0.364521	0.375413	0.428621	0.361035	0.367072	0.355626	0.431713	0.357123	0.366439	0.350136	0.373004	0.362520	0.355173	0.345082	0.353245	0.360563	0.361967	0.347143	0.363169	0.354290	0.359609	0.357006	0.357945	0.351599	0.364103	0.353418	0.345351	0.375940	0.349932	0.353751	0.364256	0.367252	0.341390	0.354978	0.369497	0.347483	0.349300	0.364032	0.370310	0.410052	0.427635	0.383202	0.360173	0.364547	0.371662	0.359738	0.352347	0.360744	0.421296	0.426511	0.422524	0.410458	0.427444	0.377651	0.349339	0.408447	0.421497	0.429503	0.423839	0.339597	0.410792	0.366776	0.355153	0.373293	0.361748	0.364938	0.365400	0.375573	0.357432	0.345729	0.428649	0.368993	0.424168	0.428533	0.345152	0.354987	0.362280	0.365036	0.343505	0.359142	0.362311	0.373283	0.350912	0.415761	0.356266	0.439105	0.429899	0.355345	0.362655	0.354766	0.416054	0.369387	0.379090	0.412276	0.350140	0.361933	0.421707	0.376481	0.374269	0.375683	0.366399	0.350950	0.378788	0.348037	0.357961	0.345663	0.357472	0.375674	0.370111	0.357719	0.362409	0.364776	0.362977	0.355761	0.370100	0.351510	0.355610	0.348718	0.343505	0.362036	0.379121	0.363860	0.362186	0.374832	0.346535	0.413876	0.365582	0.366441	
0.394760	0.353579	0.357205	0.384515	0.385423	0.393743	0.000000	0.355976	0.385402	0.359806	0.389835	0.392269	0.375694	0.383650	0.382286	0.383461	0.397669	0.381648	0.381335	0.364422	0.385006	0.346560	0.387685	0.371494	0.382244	0.397583	0.430033	0.426205	0.396720	0.387831	0.374030	0.347438	0.394402	0.376564	0.424294	0.418977	0.422834	0.436284	0.422100	0.370908	0.354215	0.440264	0.371110	0.349418	0.427083	0.387364	0.429966	0.362804	0.351305	0.419059	0.434060	0.349016	0.354203	0.355662	0.425967	0.382837	0.383718	0.384659	0.368754	0.358028	0.389855	0.426230	0.390368	0.416497	0.394519	0.420137	0.374216	0.383519	0.349490	0.400170	0.424891	0.439367	0.385840	0.351627	0.437320	0.349617	0.380481	0.412757	0.419189	0.411593	0.387023	0.348295	0.353107	0.382186	0.366569	0.372337	0.373923	0.377307	0.379959	0.387292	0.383252	0.376280	0.350897	0.368497	0.436377	0.349593	0.356522	0.388079	0.434783	0.374856	0.375323	0.390831	0.375759	0.380338	0.380104	0.398708	0.387621	0.399645	0.383761	0.382160	0.372292	0.394026	0.386487	0.390209	0.387972	0.375330	0.375560	0.384896	0.381538	0.388679	0.393499	0.376960	0.380338	0.388697	0.374530	0.387165	0.394427	0.378688	0.370538	0.365638	0.351344	0.423645	0.431864	0.336474	0.377455	0.392704	0.350545	0.375503	0.381363	0.379379	0.421053	0.424016	0.420103	0.434534	0.437141	0.353732	0.383239	0.427137	0.419318	0.434346	0.432138	0.381130	0.420195	0.371000	0.385206	0.348837	0.373223	0.357102	0.379937	0.351420	0.371046	0.376634	0.420265	0.345252	0.445721	0.420676	0.376701	0.380654	0.379281	0.382985	0.381942	0.378045	0.392157	0.352295	0.389105	0.429513	0.377633	0.423616	0.424153	0.378463	0.395620	0.388201	0.417633	0.359905	0.354839	0.424465	0.395356	0.354331	0.423837	0.380065	0.348118	0.385310	0.373535	0.377675	0.387051	0.390479	0.379271	0.396927	0.384857	0.385183	0.354398	0.383589	0.385337	0.364428	0.389912	0.381239	0.374072	0.377109	0.352604	0.384856	0.378211	0.388763	0.357918	0.376799	0.390091	0.377091	0.376229	0.434056	0.394568	0.378494	
0.377848	0.346791	0.340320	0.391174	0.371586	0.386271	0.355976	0.000000	0.374483	0.345586	0.372360	0.376581	0.367288	0.380302	0.373863	0.374358	0.372093	0.363757	0.379369	0.372667	0.380672	0.343013	0.360889	0.388976	0.364367	0.376486	0.417622	0.420420	0.373204	0.380129	0.377511	0.357255	0.385839	0.369318	0.406525	0.407417	0.414018	0.416228	0.414001	0.383182	0.350590	0.413163	0.381384	0.340201	0.407767	0.373866	0.413649	0.358687	0.341368	0.419531	0.425926	0.341634	0.359131	0.348154	0.417871	0.375299	0.369902	0.381150	0.374414	0.362232	0.380455	0.418106	0.375932	0.409536	0.368353	0.426573	0.376489	0.376684	0.331705	0.376640	0.413049	0.426660	0.365558	0.362818	0.424400	0.348196	0.381343	0.420493	0.407100	0.415847	0.372195	0.351728	0.344191	0.373935	0.359551	0.367216	0.371929	0.381889	0.386617	0.385259	0.370216	0.374174	0.343677	0.340068	0.413862	0.356182	0.359963	0.362553	0.424376	0.380315	0.376728	0.388773	0.392588	0.380965	0.383648	0.381351	0.383636	0.397071	0.368475	0.383238	0.383919	0.369279	0.375293	0.371256	0.385235	0.374899	0.373322	0.379272	0.366589	0.421642	0.386028	0.383243	0.370681	0.382067	0.364427	0.369064	0.371134	0.368435	0.374099	0.354713	0.346869	0.419721	0.431408	0.348564	0.376358	0.379016	0.355835	0.379138	0.387198	0.371473	0.400834	0.424329	0.422338	0.429461	0.420449	0.355602	0.384298	0.409601	0.426003	0.430245	0.428423	0.371287	0.426051	0.376282	0.375388	0.343096	0.366753	0.349780	0.360144	0.349137	0.379007	0.386997	0.417341	0.357328	0.430585	0.420042	0.361554	0.370418	0.373049	0.367309	0.371126	0.372846	0.364830	0.354829	0.370744	0.416385	0.391616	0.416776	0.424013	0.374546	0.386446	0.381808	0.411212	0.351775	0.348670	0.425027	0.376631	0.352652	0.417064	0.381466	0.337147	0.387248	0.384842	0.379201	0.382422	0.383883	0.370419	0.384908	0.381162	0.378351	0.351121	0.372812	0.377617	0.366079	0.376029	0.379770	0.368284	0.380143	0.346886	0.376033	0.377885	0.371175	0.355700	0.378554	0.376617	0.366727	0.352008	0.424366	0.365873	0.380187	
0.346483	0.380010	0.367352	0.365992	0.351847	0.352227	0.385402	0.374483	0.000000	0.373748	0.355626	0.362398	0.346416	0.378455	0.360896	0.356342	0.356284	0.354354	0.348083	0.356209	0.365576	0.375129	0.347169	0.350361	0.361883	0.356975	0.420499	0.408197	0.360010	0.354385	0.347276	0.363117	0.381740	0.359283	0.422889	0.409149	0.415591	0.407950	0.409422	0.354797	0.381813	0.416257	0.355013	0.367373	0.426379	0.360504	0.422262	0.372153	0.377732	0.407905	0.410747	0.377188	0.378848	0.366565	0.423437	0.364741	0.369365	0.362843	0.360134	0.382253	0.359138	0.424611	0.355011	0.428309	0.363309	0.418443	0.349679	0.361211	0.365399	0.352791	0.422095	0.425357	0.353693	0.375414	0.418713	0.378033	0.360265	0.419347	0.420796	0.409642	0.349527	0.360635	0.368702	0.355351	0.386111	0.347126	0.347837	0.365237	0.349369	0.368612	0.359979	0.356043	0.377630	0.380865	0.425834	0.367347	0.379289	0.358936	0.422463	0.353706	0.366693	0.360859	0.361272	0.349288	0.344854	0.356709	0.361412	0.371605	0.359579	0.356372	0.353953	0.346568	0.352531	0.348165	0.354289	0.356934	0.355707	0.333241	0.354349	0.350554	0.357949	0.350167	0.367315	0.368092	0.354510	0.361685	0.354113	0.354456	0.354337	0.381284	0.369639	0.416623	0.425350	0.374838	0.355310	0.359363	0.366658	0.360698	0.352941	0.355111	0.404035	0.421012	0.432064	0.411568	0.433557	0.375548	0.365429	0.407446	0.423514	0.418707	0.411795	0.354822	0.416152	0.352113	0.357674	0.364249	0.349028	0.365966	0.347471	0.379663	0.355806	0.357873	0.429645	0.367499	0.421366	0.431766	0.351200	0.367289	0.358267	0.361920	0.358810	0.353078	0.342112	0.351935	0.357124	0.417118	0.353198	0.424968	0.425167	0.360010	0.353137	0.352101	0.409415	0.368655	0.382911	0.425521	0.367439	0.362052	0.419075	0.346092	0.349748	0.385457	0.365490	0.363589	0.357400	0.346439	0.346584	0.375235	0.354648	0.353618	0.379063	0.364448	0.352791	0.353396	0.355250	0.358143	0.358209	0.366887	0.358988	0.351358	0.356666	0.350973	0.372857	0.373941	0.365035	0.354608	0.343553	0.420507	0.348609	0.352609	
0.373895	0.355229	0.368490	0.379671	0.379424	0.378956	0.359806	0.345586	0.373748	0.000000	0.370775	0.366667	0.379320	0.377369	0.376002	0.372955	0.385938	0.378543	0.391120	0.371686	0.367526	0.352196	0.378566	0.377036	0.366521	0.375887	0.415624	0.429922	0.367230	0.378434	0.370197	0.359021	0.390916	0.377087	0.415916	0.418323	0.420249	0.424187	0.406103	0.382595	0.341529	0.432503	0.370456	0.359047	0.427863	0.380547	0.424352	0.362056	0.343946	0.402591	0.417856	0.357309	0.364308	0.348915	0.430539	0.368296	0.388474	0.366727	0.361752	0.354063	0.372701	0.416862	0.370143	0.421801	0.369263	0.417311	0.378378	0.378858	0.351075	0.367076	0.410887	0.426404	0.366897	0.349182	0.431907	0.347949	0.380448	0.411598	0.421392	0.413584	0.392499	0.340174	0.347693	0.371693	0.367688	0.367598	0.371778	0.375621	0.373252	0.380568	0.379105	0.381782	0.353486	0.355108	0.430182	0.351323	0.359116	0.355103	0.415440	0.375261	0.369323	0.371948	0.388735	0.371851	0.375879	0.401330	0.371193	0.394872	0.382815	0.371937	0.358981	0.370304	0.377789	0.375425	0.387968	0.366960	0.371631	0.368011	0.360939	0.429630	0.375644	0.384793	0.369802	0.391885	0.360398	0.382069	0.374034	0.380792	0.365916	0.334541	0.353554	0.417758	0.435404	0.384115	0.375514	0.377543	0.363424	0.379608	0.386322	0.376286	0.411154	0.417249	0.430968	0.412326	0.426276	0.358789	0.380072	0.409339	0.410409	0.426577	0.419080	0.358642	0.414647	0.378202	0.371208	0.345724	0.371568	0.343268	0.378205	0.355145	0.378115	0.371282	0.423857	0.358544	0.431612	0.406145	0.358587	0.375000	0.371798	0.375328	0.379115	0.368189	0.382051	0.349412	0.366450	0.401862	0.372565	0.414491	0.420075	0.379284	0.382103	0.366658	0.412259	0.340786	0.350594	0.421645	0.377455	0.359452	0.416183	0.380837	0.349854	0.372463	0.374633	0.361652	0.370685	0.377368	0.376627	0.360656	0.369806	0.374487	0.347368	0.377880	0.393325	0.378844	0.376982	0.381374	0.383604	0.387973	0.353583	0.378691	0.375334	0.373362	0.364158	0.375505	0.374550	0.353062	0.362346	0.415750	0.366755	0.377193	
0.349381	0.375399	0.363833	0.343279	0.362458	0.366406	0.389835	0.372360	0.355626	0.370775	0.000000	0.371372	0.354535	0.363955	0.351200	0.377737	0.358886	0.352428	0.358304	0.364147	0.352906	0.385047	0.347757	0.359722	0.357923	0.365437	0.409404	0.420614	0.349049	0.373408	0.365612	0.375303	0.382951	0.366773	0.413142	0.419621	0.414745	0.418133	0.405762	0.359043	0.393330	0.422479	0.361725	0.367293	0.419364	0.358947	0.410442	0.376373	0.375707	0.405890	0.417471	0.373369	0.375817	0.376292	0.417423	0.377376	0.362985	0.348312	0.356417	0.373448	0.358127	0.404198	0.355990	0.424687	0.358742	0.419243	0.363152	0.361532	0.364021	0.343205	0.409730	0.413897	0.372980	0.384900	0.419727	0.378443	0.366636	0.409394	0.412407	0.408135	0.364335	0.376758	0.370810	0.360403	0.373563	0.354404	0.348538	0.354108	0.363661	0.360612	0.369054	0.363636	0.370843	0.374494	0.434193	0.373243	0.377918	0.357254	0.414576	0.363587	0.352815	0.356359	0.369472	0.361029	0.354240	0.356056	0.363224	0.346859	0.356270	0.345672	0.367792	0.365666	0.359989	0.363563	0.353994	0.358537	0.363177	0.365847	0.344524	0.406844	0.358797	0.365134	0.344271	0.359493	0.348698	0.364103	0.360792	0.358077	0.351945	0.377202	0.380760	0.415043	0.422509	0.375989	0.364290	0.360808	0.372849	0.367953	0.365906	0.363443	0.414412	0.418138	0.425600	0.411467	0.413830	0.379716	0.361443	0.412490	0.413987	0.425287	0.404590	0.351229	0.417067	0.357393	0.362550	0.381438	0.363636	0.372778	0.360795	0.370724	0.350956	0.362096	0.419640	0.388741	0.421829	0.417178	0.347182	0.355326	0.361423	0.358148	0.364240	0.353162	0.349152	0.373250	0.349260	0.415084	0.351894	0.410547	0.419811	0.362207	0.353613	0.367131	0.405293	0.380968	0.369310	0.401547	0.351771	0.355446	0.421267	0.355008	0.373701	0.380079	0.366966	0.360152	0.367945	0.368616	0.352609	0.353509	0.363103	0.356821	0.386249	0.368059	0.352879	0.353081	0.361478	0.367615	0.360704	0.353048	0.370985	0.351567	0.355979	0.340881	0.379705	0.350456	0.360447	0.361325	0.340755	0.410448	0.344960	0.360053	
0.351918	0.364854	0.367138	0.350284	0.364818	0.356246	0.392269	0.376581	0.362398	0.366667	0.371372	0.000000	0.348900	0.347090	0.362343	0.364549	0.350327	0.358946	0.355509	0.355913	0.348522	0.379556	0.362149	0.352522	0.365127	0.357441	0.408319	0.421975	0.363012	0.365668	0.355043	0.379558	0.386739	0.350777	0.416644	0.407722	0.413964	0.435097	0.414136	0.368220	0.374647	0.421256	0.353522	0.373333	0.429006	0.356869	0.416163	0.374174	0.369192	0.410341	0.420286	0.364757	0.363104	0.376395	0.429757	0.367195	0.365647	0.360929	0.358558	0.371713	0.358272	0.414897	0.380901	0.430726	0.357026	0.416963	0.347779	0.359268	0.370481	0.353324	0.425798	0.435738	0.357104	0.368478	0.430892	0.358542	0.346535	0.417489	0.419470	0.423520	0.361013	0.358856	0.370461	0.367058	0.350877	0.357726	0.347862	0.362605	0.362117	0.353574	0.360624	0.365451	0.376772	0.371880	0.430261	0.369505	0.365049	0.347785	0.419319	0.362680	0.358516	0.359427	0.364944	0.356338	0.365517	0.378007	0.352360	0.363688	0.358645	0.362842	0.360557	0.366412	0.369303	0.362174	0.363225	0.369148	0.371149	0.371185	0.348016	0.388679	0.352524	0.358702	0.359978	0.364820	0.360833	0.359756	0.353004	0.350714	0.351616	0.363038	0.366657	0.412584	0.417195	0.380449	0.350738	0.362842	0.374448	0.355125	0.370575	0.362667	0.411603	0.430380	0.424384	0.404651	0.420661	0.367353	0.347779	0.413271	0.411425	0.432136	0.414105	0.356281	0.416621	0.365752	0.354531	0.372106	0.362200	0.364157	0.357823	0.372036	0.352074	0.341596	0.432700	0.369750	0.420661	0.424500	0.346478	0.365023	0.357652	0.352712	0.354997	0.379150	0.344227	0.388346	0.353561	0.422411	0.367660	0.428954	0.423274	0.362144	0.344065	0.354488	0.413536	0.366033	0.357442	0.415393	0.360516	0.358491	0.407480	0.362553	0.371140	0.391241	0.368030	0.358896	0.367241	0.369837	0.350481	0.361578	0.361498	0.355840	0.383651	0.360326	0.375239	0.368914	0.347637	0.356867	0.355148	0.380624	0.368956	0.356519	0.356052	0.352323	0.385188	0.357533	0.358429	0.368550	0.344626	0.425571	0.341402	0.359563	
0.348703	0.368932	0.370744	0.358958	0.358491	0.355556	0.375694	0.367288	0.346416	0.379320	0.354535	0.348900	0.000000	0.366840	0.358431	0.355543	0.356391	0.341635	0.345629	0.360763	0.349000	0.370995	0.351228	0.349570	0.362546	0.356585	0.417856	0.418915	0.353483	0.351820	0.348101	0.368178	0.388465	0.350627	0.414167	0.424112	0.412137	0.420197	0.412836	0.357835	0.370621	0.432028	0.348498	0.373189	0.413992	0.349043	0.407812	0.379656	0.357511	0.423729	0.409911	0.375824	0.370392	0.355152	0.431193	0.352189	0.356980	0.360548	0.351878	0.368543	0.349926	0.413952	0.359251	0.420884	0.367714	0.420526	0.356735	0.367370	0.372621	0.358683	0.406593	0.416569	0.338930	0.375709	0.422778	0.361932	0.363306	0.410484	0.411613	0.412865	0.356145	0.362703	0.367751	0.360740	0.412607	0.369318	0.344768	0.373410	0.356997	0.350776	0.356959	0.350106	0.370085	0.363610	0.428776	0.367258	0.376710	0.367530	0.423341	0.351468	0.359092	0.363167	0.356035	0.362435	0.361199	0.347263	0.372745	0.371802	0.367819	0.360445	0.349202	0.363533	0.361897	0.359746	0.357585	0.366148	0.362013	0.352387	0.361867	0.417323	0.356919	0.357489	0.358702	0.350968	0.349942	0.363499	0.350868	0.363402	0.365057	0.372886	0.369728	0.415023	0.428859	0.365753	0.362030	0.362364	0.368829	0.339677	0.343516	0.358652	0.408751	0.419392	0.401604	0.417834	0.435345	0.364966	0.354618	0.404707	0.415782	0.434260	0.418077	0.354358	0.425751	0.360428	0.364622	0.371396	0.353627	0.362496	0.345170	0.372477	0.352473	0.354664	0.415513	0.371887	0.424382	0.412185	0.347629	0.359339	0.359048	0.364399	0.357571	0.357204	0.341956	0.377389	0.359366	0.417885	0.358151	0.409122	0.426210	0.365352	0.355188	0.349263	0.405342	0.368852	0.382078	0.412801	0.350649	0.359077	0.415089	0.364201	0.369312	0.380422	0.359294	0.376921	0.362389	0.354592	0.353634	0.365647	0.368541	0.348606	0.386435	0.357285	0.352422	0.348584	0.357528	0.359357	0.346165	0.372613	0.361549	0.352807	0.345643	0.357867	0.367324	0.351986	0.361380	0.357853	0.343188	0.416511	0.348334	0.358447	
0.349156	0.379603	0.365959	0.362872	0.364341	0.353616	0.383650	0.380302	0.378455	0.377369	0.363955	0.347090	0.366840	0.000000	0.356981	0.353717	0.366817	0.355072	0.358063	0.358306	0.368058	0.377128	0.356114	0.360749	0.368034	0.364888	0.416716	0.426869	0.351815	0.367664	0.361127	0.382042	0.385306	0.356052	0.420963	0.409026	0.410424	0.427955	0.403962	0.364021	0.371329	0.411815	0.361756	0.385308	0.421234	0.359875	0.431010	0.383106	0.375321	0.421248	0.415481	0.366827	0.383218	0.374402	0.420593	0.368471	0.360790	0.349561	0.357874	0.374714	0.350073	0.410535	0.358448	0.429931	0.358234	0.424079	0.361166	0.357487	0.364736	0.352726	0.422503	0.427199	0.350423	0.382278	0.421172	0.370986	0.376482	0.422683	0.423349	0.428199	0.346795	0.381315	0.371357	0.362020	0.365994	0.361127	0.346362	0.376050	0.351382	0.371502	0.363018	0.369258	0.376447	0.386579	0.441061	0.371158	0.385486	0.355899	0.419694	0.367938	0.365138	0.358952	0.356753	0.358120	0.357265	0.344787	0.353607	0.369181	0.373837	0.356153	0.353790	0.366921	0.365368	0.351390	0.356517	0.368590	0.350178	0.365891	0.365025	0.412879	0.370945	0.354055	0.368196	0.362779	0.357409	0.353240	0.349973	0.363998	0.354430	0.391156	0.373497	0.421143	0.422451	0.396000	0.361810	0.364842	0.362703	0.357673	0.355758	0.358432	0.423767	0.420080	0.405168	0.423916	0.418611	0.370739	0.357485	0.414176	0.425363	0.411364	0.425689	0.342792	0.418177	0.356121	0.374188	0.376746	0.357384	0.376554	0.360101	0.368406	0.353008	0.360586	0.432640	0.380318	0.420331	0.419410	0.352743	0.350803	0.354326	0.362119	0.362867	0.368182	0.355248	0.370679	0.349057	0.414724	0.351303	0.435388	0.412489	0.347678	0.359401	0.358696	0.418033	0.371207	0.371122	0.425000	0.354308	0.365782	0.405296	0.362489	0.365329	0.378403	0.357387	0.374856	0.376061	0.364914	0.355391	0.354113	0.366648	0.369994	0.368302	0.353967	0.354966	0.362712	0.367948	0.379094	0.368005	0.383806	0.372093	0.359503	0.353286	0.365751	0.383178	0.353788	0.352758	0.372786	0.353564	0.416436	0.357370	0.368242	
0.356658	0.366856	0.362994	0.357936	0.358636	0.364229	0.382286	0.373863	0.360896	0.376002	0.351200	0.362343	0.358431	0.356981	0.000000	0.363590	0.364830	0.370292	0.358945	0.352490	0.361119	0.371244	0.361362	0.353491	0.355222	0.359346	0.408089	0.410006	0.371094	0.360072	0.357273	0.362686	0.391861	0.350335	0.397883	0.410349	0.398598	0.416842	0.404494	0.352364	0.367588	0.419901	0.357291	0.373779	0.419676	0.354113	0.410190	0.375748	0.377358	0.405616	0.413157	0.370696	0.375298	0.363915	0.416985	0.363067	0.351456	0.345975	0.367942	0.366020	0.363782	0.408083	0.363916	0.407495	0.361284	0.408469	0.370543	0.358988	0.367137	0.361140	0.408292	0.412736	0.348083	0.366949	0.407340	0.366161	0.368741	0.402587	0.406977	0.410284	0.370723	0.364994	0.375320	0.359443	0.430595	0.363940	0.359937	0.371057	0.365725	0.376240	0.368066	0.359050	0.379551	0.364663	0.423870	0.365886	0.372991	0.375190	0.415393	0.353496	0.364868	0.353585	0.367001	0.370284	0.358076	0.364290	0.366296	0.372124	0.369032	0.350814	0.360000	0.355705	0.349805	0.365279	0.347360	0.370083	0.366721	0.353434	0.363071	0.390335	0.367183	0.363730	0.357683	0.375754	0.353328	0.364115	0.356740	0.366157	0.339928	0.380545	0.376766	0.413530	0.401723	0.391361	0.370934	0.357677	0.371638	0.357199	0.373298	0.362487	0.410356	0.418550	0.436561	0.412616	0.405933	0.357421	0.366890	0.407706	0.411749	0.411520	0.417078	0.353155	0.412160	0.361680	0.357401	0.374935	0.357786	0.360402	0.354333	0.373261	0.366426	0.353395	0.409695	0.375616	0.412285	0.401398	0.357400	0.365439	0.353766	0.360928	0.363097	0.362975	0.346807	0.383918	0.362622	0.417272	0.363036	0.397403	0.416285	0.353687	0.358895	0.357104	0.404050	0.379233	0.376623	0.414851	0.356688	0.373777	0.411002	0.358608	0.376399	0.383131	0.372025	0.374406	0.370801	0.362936	0.357012	0.351420	0.361851	0.364712	0.375998	0.364920	0.371907	0.361543	0.374808	0.373010	0.360176	0.385370	0.360562	0.350103	0.355878	0.364497	0.378018	0.364777	0.366005	0.370342	0.348721	0.410859	0.356267	0.372706	
0.347635	0.366028	0.372859	0.351528	0.352477	0.369933	0.383461	0.374358	0.356342	0.372955	0.377737	0.364549	0.355543	0.353717	0.363590	0.000000	0.364631	0.358981	0.353881	0.349662	0.353283	0.374423	0.353301	0.363333	0.371772	0.377668	0.425503	0.415978	0.364760	0.373153	0.360833	0.379524	0.391700	0.372069	0.411780	0.403016	0.417673	0.427010	0.414186	0.369549	0.382517	0.421947	0.355772	0.373730	0.436773	0.368031	0.414741	0.392949	0.381174	0.424904	0.409920	0.358587	0.388583	0.382832	0.410859	0.363315	0.359562	0.350013	0.348831	0.379275	0.348517	0.419804	0.361217	0.418471	0.369916	0.422262	0.370020	0.366930	0.373891	0.360710	0.418653	0.429061	0.370615	0.390875	0.415317	0.382114	0.367726	0.419033	0.416603	0.417234	0.351145	0.382031	0.371457	0.361832	0.392758	0.352134	0.361806	0.364728	0.355590	0.371805	0.364289	0.370757	0.383771	0.379149	0.435240	0.369215	0.373285	0.376847	0.424367	0.357993	0.359258	0.365835	0.362311	0.358393	0.362626	0.349670	0.356631	0.365436	0.372034	0.348671	0.366582	0.359949	0.368286	0.357532	0.365951	0.352131	0.370440	0.371452	0.355459	0.385768	0.365237	0.351427	0.362487	0.376458	0.359407	0.364084	0.346389	0.363683	0.347374	0.375545	0.374709	0.397506	0.434682	0.390968	0.348903	0.363358	0.360537	0.363330	0.356699	0.367737	0.419686	0.411644	0.427366	0.416006	0.422434	0.371179	0.372010	0.413837	0.409453	0.424359	0.419123	0.353894	0.420138	0.360197	0.364448	0.376998	0.351145	0.367872	0.363059	0.378275	0.356524	0.360793	0.433943	0.387922	0.411568	0.417796	0.354315	0.365394	0.348127	0.364632	0.357981	0.368150	0.353944	0.383398	0.361925	0.421430	0.350258	0.420476	0.424767	0.352354	0.355176	0.357411	0.423337	0.377848	0.375230	0.413857	0.367096	0.340712	0.412703	0.362450	0.371248	0.375374	0.364486	0.364681	0.361196	0.364906	0.352196	0.361940	0.367775	0.363244	0.381679	0.359351	0.370418	0.357265	0.357505	0.371811	0.361218	0.380554	0.370313	0.372294	0.363685	0.367372	0.373177	0.359984	0.365655	0.355674	0.341934	0.418791	0.354354	0.368636	
0.348988	0.370190	0.367257	0.363365	0.355015	0.350243	0.397669	0.372093	0.356284	0.385938	0.358886	0.350327	0.356391	0.366817	0.364830	0.364631	0.000000	0.357162	0.364149	0.363092	0.366959	0.379408	0.353724	0.365722	0.361161	0.357049	0.423109	0.437760	0.353276	0.362497	0.360960	0.380779	0.393438	0.342031	0.404921	0.413518	0.410475	0.424987	0.420847	0.364172	0.368281	0.436401	0.363473	0.375957	0.430429	0.357400	0.422044	0.384178	0.368216	0.421935	0.420537	0.373652	0.383745	0.380649	0.421483	0.348251	0.357234	0.350269	0.356239	0.385096	0.357238	0.420575	0.353016	0.419990	0.365063	0.419338	0.360441	0.373272	0.362825	0.355652	0.419229	0.417417	0.349081	0.381814	0.410078	0.375543	0.353048	0.419106	0.414421	0.405954	0.353693	0.373562	0.374492	0.366752	0.353933	0.359530	0.362788	0.357418	0.353142	0.367056	0.354199	0.364829	0.363753	0.366076	0.428052	0.380392	0.371446	0.354079	0.425630	0.351688	0.355998	0.358325	0.362355	0.362555	0.354788	0.352518	0.357400	0.357968	0.359887	0.353696	0.355294	0.358843	0.355205	0.361342	0.355946	0.359425	0.357220	0.353463	0.361954	0.398524	0.348283	0.363357	0.371081	0.362594	0.360617	0.358615	0.360941	0.353699	0.344634	0.375386	0.379409	0.412056	0.431200	0.353627	0.361118	0.351462	0.370428	0.366337	0.358628	0.367572	0.409044	0.424336	0.414546	0.410072	0.420821	0.370552	0.365685	0.407082	0.418581	0.429822	0.429050	0.354156	0.419214	0.357793	0.367478	0.383260	0.355993	0.369148	0.350013	0.377045	0.361125	0.352821	0.410562	0.366607	0.420413	0.430370	0.349477	0.359040	0.355687	0.364469	0.353921	0.355389	0.350550	0.382326	0.351687	0.420876	0.359661	0.435881	0.421335	0.351400	0.353980	0.357181	0.410781	0.377382	0.372761	0.418493	0.358990	0.377432	0.417017	0.366141	0.362457	0.379989	0.383943	0.349856	0.366786	0.351083	0.360498	0.369347	0.345749	0.372158	0.378005	0.358818	0.359223	0.358945	0.361437	0.364484	0.363146	0.369517	0.372772	0.353122	0.364775	0.364216	0.379606	0.375252	0.360656	0.364565	0.355050	0.421992	0.356008	0.356555	
0.348291	0.375661	0.373494	0.359609	0.362384	0.355216	0.381648	0.363757	0.354354	0.378543	0.352428	0.358946	0.341635	0.355072	0.370292	0.358981	0.357162	0.000000	0.357060	0.348506	0.362084	0.378049	0.355145	0.354239	0.361663	0.362385	0.411597	0.407936	0.369739	0.369004	0.352221	0.376206	0.376017	0.359651	0.394076	0.400106	0.400958	0.412651	0.404443	0.363660	0.372533	0.417312	0.347815	0.381090	0.403862	0.360286	0.410372	0.380902	0.369606	0.398030	0.408946	0.368839	0.370089	0.361641	0.419025	0.364164	0.361741	0.357728	0.358817	0.374665	0.347755	0.397059	0.368919	0.400487	0.353300	0.403332	0.357653	0.362748	0.363230	0.354779	0.402636	0.420033	0.365911	0.374770	0.412453	0.365167	0.369545	0.405355	0.407143	0.406504	0.362246	0.368241	0.364734	0.359272	0.358166	0.348672	0.357639	0.364483	0.342105	0.361935	0.363902	0.379403	0.372984	0.367221	0.418329	0.366622	0.377513	0.360310	0.409019	0.348956	0.350625	0.340170	0.360804	0.363539	0.357945	0.357948	0.359565	0.364393	0.356595	0.356727	0.355896	0.371632	0.366321	0.361588	0.361370	0.355404	0.359497	0.361897	0.353565	0.374046	0.357917	0.359482	0.363054	0.342642	0.352973	0.354237	0.363161	0.350798	0.354304	0.368002	0.371888	0.413978	0.408387	0.351852	0.361236	0.355385	0.367620	0.359668	0.363441	0.365486	0.409273	0.424654	0.416799	0.407623	0.411514	0.371375	0.352165	0.407555	0.414426	0.413986	0.407653	0.355096	0.405298	0.363124	0.372886	0.380075	0.352848	0.358331	0.358570	0.375825	0.355468	0.347734	0.422810	0.375332	0.417843	0.406946	0.337102	0.353485	0.357523	0.343750	0.355861	0.350999	0.361573	0.366924	0.363056	0.400903	0.340533	0.412351	0.418117	0.367055	0.367934	0.363033	0.417887	0.371578	0.370481	0.398128	0.359220	0.373518	0.409152	0.359362	0.375375	0.368820	0.352292	0.358628	0.367795	0.364211	0.354434	0.373885	0.363444	0.351964	0.372430	0.357180	0.358555	0.355902	0.364783	0.365893	0.350013	0.369664	0.368575	0.367212	0.348435	0.355382	0.383798	0.377273	0.369284	0.369445	0.347650	0.404217	0.356987	0.350728	
0.353276	0.375000	0.357347	0.363607	0.346188	0.361421	0.381335	0.379369	0.348083	0.391120	0.358304	0.355509	0.345629	0.358063	0.358945	0.353881	0.364149	0.357060	0.000000	0.352263	0.354869	0.373194	0.357948	0.358496	0.355423	0.353515	0.422603	0.424525	0.374039	0.356821	0.371477	0.383210	0.390866	0.359842	0.425544	0.407082	0.421786	0.426437	0.407672	0.355130	0.370273	0.432394	0.368317	0.377003	0.413379	0.346056	0.419557	0.384812	0.365812	0.401702	0.424389	0.377476	0.384527	0.363555	0.422931	0.355840	0.359155	0.350902	0.358421	0.384769	0.373582	0.416881	0.356902	0.414648	0.362142	0.420085	0.348219	0.364483	0.370995	0.358565	0.405405	0.422125	0.371622	0.385542	0.423164	0.366142	0.360591	0.409683	0.425219	0.416667	0.354848	0.371412	0.368554	0.351298	0.380531	0.358188	0.358829	0.373646	0.354718	0.364489	0.346470	0.349964	0.373657	0.383691	0.424037	0.382032	0.364179	0.355220	0.421964	0.352286	0.357305	0.365909	0.372845	0.366818	0.364780	0.357477	0.361913	0.365075	0.355832	0.353307	0.358352	0.358150	0.355196	0.355467	0.363530	0.361789	0.355232	0.364763	0.362631	0.388889	0.363945	0.349479	0.363197	0.360458	0.353634	0.350793	0.367082	0.357285	0.349550	0.374929	0.374893	0.414110	0.415315	0.369357	0.352925	0.358011	0.370949	0.352471	0.355308	0.373029	0.404213	0.414274	0.418769	0.410916	0.421172	0.378232	0.357586	0.410592	0.411297	0.433069	0.409943	0.360851	0.403563	0.354986	0.359097	0.367941	0.359775	0.359177	0.348818	0.380349	0.356438	0.350127	0.426047	0.369122	0.406375	0.409813	0.361875	0.358996	0.354692	0.365307	0.355430	0.362191	0.356720	0.385589	0.349037	0.415932	0.357143	0.429843	0.411144	0.353058	0.351648	0.368282	0.413609	0.366803	0.373121	0.422987	0.368336	0.382915	0.405647	0.357855	0.369534	0.373325	0.350505	0.359954	0.368466	0.366142	0.358162	0.366534	0.358373	0.359876	0.389171	0.356922	0.355311	0.351385	0.353436	0.374715	0.346633	0.398230	0.374291	0.351930	0.342849	0.358101	0.372490	0.368307	0.357042	0.359450	0.344986	0.416380	0.353129	0.354337	
0.355684	0.372335	0.367460	0.368023	0.350563	0.369170	0.364422	0.372667	0.356209	0.371686	0.364147	0.355913	0.360763	0.358306	0.352490	0.349662	0.363092	0.348506	0.352263	0.000000	0.352762	0.373530	0.356735	0.357319	0.363761	0.354651	0.417295	0.422093	0.345445	0.355392	0.359692	0.386057	0.395890	0.357221	0.408024	0.404267	0.407945	0.422118	0.429400	0.347377	0.376477	0.418177	0.346721	0.364648	0.420077	0.358197	0.418904	0.378705	0.366162	0.409877	0.417444	0.376812	0.376912	0.359733	0.430310	0.360949	0.347211	0.345241	0.355653	0.383615	0.353239	0.401877	0.363045	0.422680	0.354337	0.406710	0.360611	0.352251	0.371645	0.349120	0.401438	0.420135	0.354812	0.376898	0.424409	0.362822	0.357664	0.407448	0.404918	0.396147	0.358367	0.369595	0.366982	0.362993	0.310345	0.362995	0.338927	0.360708	0.368509	0.365565	0.347743	0.351370	0.365296	0.373514	0.408270	0.373578	0.377468	0.358485	0.411620	0.351545	0.357398	0.365733	0.360900	0.349533	0.355942	0.343199	0.349822	0.356717	0.354241	0.354900	0.363488	0.359260	0.353876	0.354553	0.348476	0.358469	0.348138	0.349007	0.348634	0.339623	0.349427	0.353599	0.362411	0.378558	0.348947	0.371910	0.353652	0.353231	0.351571	0.369256	0.376415	0.412892	0.406714	0.375000	0.348666	0.358562	0.377166	0.348234	0.352828	0.339052	0.414835	0.405376	0.421499	0.416598	0.423976	0.370950	0.359566	0.408068	0.408130	0.433725	0.417579	0.335436	0.418217	0.345304	0.343060	0.371523	0.355435	0.366040	0.339664	0.374116	0.342041	0.346185	0.416506	0.382514	0.415613	0.417968	0.338211	0.367247	0.343373	0.353415	0.357473	0.363512	0.348382	0.365234	0.345074	0.402793	0.354005	0.406025	0.419282	0.348456	0.355199	0.351520	0.401603	0.375616	0.376326	0.409360	0.363009	0.353171	0.419894	0.355323	0.359226	0.376883	0.365269	0.362576	0.355191	0.344725	0.351500	0.377933	0.353762	0.358055	0.379217	0.358112	0.368435	0.356156	0.356911	0.359319	0.348990	0.378876	0.369488	0.351403	0.340305	0.355359	0.371145	0.343556	0.359673	0.358981	0.349364	0.414166	0.352282	0.361528	
